GOMECC/GOMECC-4/1db/rb2103_1281.cnv
* Sea-Bird SBE 9 Data File:
* FileName = C:\Users\scs.user.rb\CTD\GOMECC4\data\rb2103_1281.hex
* Software Version Seasave V 7.26.7.107
* Temperature SN = 4799
* Conductivity SN = 3860
* Number of Bytes Per Scan = 41
* Number of Voltage Words = 4
* Number of Scans Averaged by the Deck Unit = 1
* NMEA Latitude = 27 02.03 N
* NMEA Longitude = 082 36.87 W
* NMEA UTC (Time) = Oct 19 2021  10:31:33
* NMEA baud rate = 4800
# nquan = 28
# nvalues = 10                          
# units = specified
# name 0 = scan: Scan Count
# name 1 = timeS: Time, Elapsed [seconds]
# name 2 = depSM: Depth [salt water, m]
# name 3 = prDM: Pressure, Digiquartz [db]
# name 4 = t090C: Temperature [ITS-90, deg C]
# name 5 = t190C: Temperature, 2 [ITS-90, deg C]
# name 6 = c0S/m: Conductivity [S/m]
# name 7 = c1S/m: Conductivity, 2 [S/m]
# name 8 = sbeox0V: Oxygen raw, SBE 43 [V]
# name 9 = sbeox1V: Oxygen raw, SBE 43, 2 [V]
# name 10 = altM: Altimeter [m]
# name 11 = latitude: Latitude [deg]
# name 12 = longitude: Longitude [deg]
# name 13 = sbox0dV/dT: Oxygen, SBE 43 [dov/dt]
# name 14 = sbox1dV/dT: Oxygen, SBE 43, 2 [dov/dt]
# name 15 = sbeox0ML/L: Oxygen, SBE 43 [ml/l], WS = 5
# name 16 = sbeox1ML/L: Oxygen, SBE 43, 2 [ml/l], WS = 5
# name 17 = potemp090C: Potential Temperature [ITS-90, deg C]
# name 18 = potemp190C: Potential Temperature, 2 [ITS-90, deg C]
# name 19 = sal00: Salinity, Practical [PSU]
# name 20 = sal11: Salinity, Practical, 2 [PSU]
# name 21 = sigma-é00: Density [sigma-theta, kg/m^3]
# name 22 = sigma-é11: Density, 2 [sigma-theta, kg/m^3]
# name 23 = avgsvCM: Average Sound Velocity [Chen-Millero, m/s], minP = 20, minS = 20
# name 24 = sbox0Mm/Kg: Oxygen, SBE 43 [umol/kg], WS = 5
# name 25 = sbox1Mm/Kg: Oxygen, SBE 43, 2 [umol/kg], WS = 5
# name 26 = nbin: number of scans per bin
# name 27 = flag: flag
# span 0 =      13384,   24802944       
# span 1 =    557.613, 1033358.22       
# span 2 =      0.993,  28098.072       
# span 3 =      1.000,  28284.453       
# span 4 =    28.1587, 64605.2640       
# span 5 =    28.1595, 66110.2168       
# span 6 =   5.735301, 1.3470e+04       
# span 7 =   5.735579, 1.3471e+04       
# span 8 =     2.9933,  7012.1778       
# span 9 =     2.5229,  5893.5895       
# span 10 =       4.92,    9110.00      
# span 11 =   27.01144, 6.3436e+04      
# span 12 = -1.939e+05,  -82.54664      
# span 13 =   -0.06201,    0.00044      
# span 14 =   -0.00161,    0.01646      
# span 15 =     4.1603,  9532.9714      
# span 16 =     4.1338,  9671.4871      
# span 17 =    28.1561, 64598.7089      
# span 18 =    28.1569, 66103.5101      
# span 19 =    35.6542, 81797.9207      
# span 20 =    35.6545, 83698.2855      
# span 21 =    22.8313, 52378.4383      
# span 22 =    22.8311, 53593.7865      
# span 23 =       0.00,       0.00      
# span 24 =    181.650, 416232.050      
# span 25 =    180.493, 422280.024      
# span 26 =         46,         77      
# span 27 = 0.0000e+00, 0.0000e+00      
# interval = decibars: 1                
# start_time = Oct 19 2021 10:31:33 [NMEA time, header]
# bad_flag = -9.990e-29
*END*
   24802944 1033358.22  28098.072      1.000 64605.2640 66110.2168 1.3470e+04 1.3471e+04  7012.1778  5893.5895    9110.00 6.3436e+04 -1.939e+05   -0.06201    0.01646  9532.9714  9671.4871 64598.7089 66103.5101 81797.9207 83698.2855 52378.4383 53593.7865       0.00 416232.050 422280.024         46 0.0000e+00
      13384    557.613     10.927     11.000    28.1587    28.1595   5.735301   5.735579     2.9933     2.5275       4.92   27.01144  -82.54664   -0.00026    0.00166     4.1654     4.1485    28.1561    28.1569    35.6542    35.6545    22.8313    22.8311       0.00    181.871    181.133         59 0.0000e+00
      13451    560.434      9.934     10.000    28.1801    28.1819   5.739880   5.740171     2.9970     2.5285       5.82   27.03364  -82.61448    0.00023    0.00070     4.1705     4.1492    28.1777    28.1795    35.6831    35.6838    22.8501    22.8500       0.00    182.095    181.165         55 0.0000e+00
      13502    562.548      8.941      9.000    28.1784    28.1807   5.739663   5.739997     2.9966     2.5270       6.80   27.03364  -82.61448    0.00019   -0.00161     4.1694     4.1458    28.1762    28.1785    35.6832    35.6838    22.8507    22.8504       0.00    182.047    181.013         51 0.0000e+00
      13556    564.793      7.947      8.000    28.1793    28.1806   5.739717   5.739957     2.9981     2.5285       7.78   27.03364  -82.61448    0.00025    0.00067     4.1717     4.1484    28.1774    28.1787    35.6831    35.6838    22.8502    22.8503       0.00    182.148    181.129         53 0.0000e+00
      13607    566.911      6.954      7.000    28.1796    28.1807   5.739706   5.739921     2.9986     2.5271       8.68   27.03364  -82.61448    0.00040   -0.00018     4.1721     4.1450    28.1779    28.1791    35.6832    35.6838    22.8501    22.8502       0.00    182.162    180.981         53 0.0000e+00
      13660    569.140      5.960      6.000    28.1799    28.1816   5.739705   5.739961     2.9997     2.5294       9.60   27.03364  -82.61448    0.00044    0.00040     4.1737     4.1491    28.1784    28.1802    35.6833    35.6838    22.8500    22.8498       0.00    182.232    181.160         52 0.0000e+00
      13723    571.770      4.967      5.000    28.1801    28.1819   5.739693   5.739964     2.9981     2.5287      10.58   27.03364  -82.61448   -0.00017   -0.00004     4.1701     4.1471    28.1790    28.1808    35.6833    35.6838    22.8498    22.8496       0.00    182.078    181.074         77 0.0000e+00
      16742    697.537      1.987      2.000    29.3179    29.3207   5.971821   5.972187     3.1163     2.6275      14.13   28.13009  -85.96532   -0.00025    0.00083     4.3324     4.3071    29.3174    29.3202    37.1308    37.1313    23.7782    23.7777       0.00    189.163    188.057         66 0.0000e+00
      16195    674.736      0.993      1.000    28.1743    28.1765   5.738891   5.739219     2.9936     2.5229      14.47   27.03360  -82.61444   -0.00123   -0.00137     4.1603     4.1338    28.1741    28.1762    35.6833    35.6839    22.8514    22.8512       0.00    181.650    180.493         77 0.0000e+00
