GOMECC/GOMECC-4/1db/rb2103_1051.cnv
* Sea-Bird SBE 9 Data File:
* FileName = C:\Users\scs.user.rb\CTD\GOMECC4\data\rb2103_1051.hex
* Software Version Seasave V 7.26.7.107
* Temperature SN = 4799
* Conductivity SN = 3860
* Number of Bytes Per Scan = 41
* Number of Voltage Words = 4
* Number of Scans Averaged by the Deck Unit = 1
* NMEA Latitude = 25 29.58 N
* NMEA Longitude = 087 59.90 W
* NMEA UTC (Time) = Oct 13 2021  14:16:10
* NMEA baud rate = 4800
# nquan = 28
# nvalues = 759                         
# units = specified
# name 0 = scan: Scan Count
# name 1 = timeS: Time, Elapsed [seconds]
# name 2 = depSM: Depth [salt water, m]
# name 3 = prDM: Pressure, Digiquartz [db]
# name 4 = t090C: Temperature [ITS-90, deg C]
# name 5 = t190C: Temperature, 2 [ITS-90, deg C]
# name 6 = c0S/m: Conductivity [S/m]
# name 7 = c1S/m: Conductivity, 2 [S/m]
# name 8 = sbeox0V: Oxygen raw, SBE 43 [V]
# name 9 = sbeox1V: Oxygen raw, SBE 43, 2 [V]
# name 10 = altM: Altimeter [m]
# name 11 = latitude: Latitude [deg]
# name 12 = longitude: Longitude [deg]
# name 13 = sbox0dV/dT: Oxygen, SBE 43 [dov/dt]
# name 14 = sbox1dV/dT: Oxygen, SBE 43, 2 [dov/dt]
# name 15 = sbeox0ML/L: Oxygen, SBE 43 [ml/l], WS = 5
# name 16 = sbeox1ML/L: Oxygen, SBE 43, 2 [ml/l], WS = 5
# name 17 = potemp090C: Potential Temperature [ITS-90, deg C]
# name 18 = potemp190C: Potential Temperature, 2 [ITS-90, deg C]
# name 19 = sal00: Salinity, Practical [PSU]
# name 20 = sal11: Salinity, Practical, 2 [PSU]
# name 21 = sigma-é00: Density [sigma-theta, kg/m^3]
# name 22 = sigma-é11: Density, 2 [sigma-theta, kg/m^3]
# name 23 = avgsvCM: Average Sound Velocity [Chen-Millero, m/s], minP = 20, minS = 20
# name 24 = sbox0Mm/Kg: Oxygen, SBE 43 [umol/kg], WS = 5
# name 25 = sbox1Mm/Kg: Oxygen, SBE 43, 2 [umol/kg], WS = 5
# name 26 = nbin: number of scans per bin
# name 27 = flag: flag
# span 0 =       4404,     243664       
# span 1 =    183.454,  10152.610       
# span 2 =      0.994,   3274.761       
# span 3 =      1.000,   3322.000       
# span 4 =     4.2992,    29.7572       
# span 5 =     4.3002,    29.7496       
# span 6 =   3.351074,   6.021907       
# span 7 =   3.351050,   6.021133       
# span 8 =     1.6014,     3.1861       
# span 9 =     1.3005,     2.6973       
# span 10 =       9.74,     102.54      
# span 11 =   25.36716,   25.74571      
# span 12 =  -88.80901,  -87.50483      
# span 13 =   -0.00773,    0.01208      
# span 14 =   -0.00704,    0.01118      
# span 15 =     2.6074,     4.7310      
# span 16 =     2.6161,     4.7274      
# span 17 =     4.0790,    29.7560      
# span 18 =     4.0800,    29.7484      
# span 19 =    34.8923,    37.0093      
# span 20 =    34.8919,    37.0088      
# span 21 =    22.7485,    27.7616      
# span 22 =    22.7485,    27.7605      
# span 23 =       0.00,    1555.11      
# span 24 =    113.372,    205.578      
# span 25 =    113.751,    205.425      
# span 26 =         30,         71      
# span 27 = 0.0000e+00, 0.0000e+00      
# interval = decibars: 1                
# start_time = Oct 13 2021 14:16:10 [NMEA time, header]
# bad_flag = -9.990e-29
*END*
[from data line 415]
     152036   6334.807   1524.410   1540.000     4.3517     4.3524   3.351773   3.351719     1.9289     1.6032     100.00   25.50260  -87.99546   -0.00011   -0.00002     4.5584     4.5661     4.2238     4.2245    34.9670    34.9656    27.7362    27.7350    1506.97    198.083    198.417         48 0.0000e+00
     152084   6336.772   1523.424   1539.000     4.3522     4.3532   3.351770   3.351736     1.9291     1.6032     100.00   25.50260  -87.99546    0.00001   -0.00000     4.5586     4.5653     4.2244     4.2253    34.9669    34.9655    27.7361    27.7348    1506.97    198.091    198.386         39 0.0000e+00
     152116   6338.128   1522.438   1538.000     4.3523     4.3534   3.351731   3.351716     1.9293     1.6032     100.00   25.50260  -87.99546    0.00014    0.00000     4.5587     4.5648     4.2246     4.2257    34.9668    34.9655    27.7360    27.7348    1506.97    198.098    198.365         30 0.0000e+00
     152147   6339.397   1521.451   1537.000     4.3526     4.3536   3.351719   3.351687     1.9292     1.6032     100.00   25.50260  -87.99546    0.00010    0.00000     4.5576     4.5642     4.2249     4.2259    34.9669    34.9655    27.7360    27.7348    1506.97    198.051    198.338         33 0.0000e+00
     152183   6340.910   1520.465   1536.000     4.3528     4.3536   3.351697   3.351650     1.9292     1.6033     100.00   25.50260  -87.99546 -5.925e-08    0.00003     4.5572     4.5640     4.2252     4.2261    34.9669    34.9655    27.7360    27.7348    1506.97    198.030    198.328         39 0.0000e+00
     152220   6342.467   1519.479   1535.000     4.3533     4.3544   3.351689   3.351666     1.9292     1.6034      99.95   25.50260  -87.99546   -0.00002    0.00005     4.5566     4.5638     4.2258     4.2270    34.9668    34.9653    27.7358    27.7345    1506.97    198.008    198.318         35 0.0000e+00
     152254   6343.880   1518.492   1534.000     4.3542     4.3556   3.351724   3.351726     1.9294     1.6032     100.00   25.50260  -87.99546    0.00006    0.00001     4.5565     4.5622     4.2268     4.2282    34.9667    34.9653    27.7356    27.7344    1506.97    198.001    198.250         33 0.0000e+00
     152286   6345.225   1517.506   1533.000     4.3551     4.3566   3.351766   3.351765     1.9294     1.6032     100.00   25.50260  -87.99546    0.00008   -0.00005     4.5557     4.5613     4.2278     4.2293    34.9667    34.9652    27.7355    27.7342    1506.97    197.965    198.212         31 0.0000e+00
     152318   6346.536   1516.520   1532.000     4.3565     4.3575   3.351840   3.351804     1.9296     1.6031     100.00   25.50260  -87.99546    0.00006   -0.00008     4.5558     4.5602     4.2293     4.2303    34.9666    34.9651    27.7353    27.7340    1506.97    197.971    198.162         33 0.0000e+00
     152351   6347.935   1515.533   1531.000     4.3572     4.3586   3.351869   3.351855     1.9294     1.6026     100.00   25.50260  -87.99546    0.00004   -0.00011     4.5545     4.5578     4.2301     4.2315    34.9667    34.9651    27.7353    27.7339    1506.97    197.914    198.058         33 0.0000e+00
     152441   6351.675   1512.575   1528.000     4.3591     4.3603   3.351934   3.351922     1.9293     1.6023     100.00   25.50299  -87.99673   -0.00007   -0.00011     4.5518     4.5545     4.2322     4.2334    34.9670    34.9656    27.7353    27.7341    1506.99    197.798    197.916         33 0.0000e+00
     152474   6353.041   1511.588   1527.000     4.3591     4.3604   3.351852   3.351844     1.9289     1.6020     100.00   25.50262  -87.99546   -0.00007   -0.00006     4.5499     4.5526     4.2323     4.2336    34.9664    34.9650    27.7348    27.7335    1506.97    197.714    197.831         36 0.0000e+00
     152585   6357.670   1507.643   1523.000     4.3603     4.3614   3.351797   3.351772     1.9289     1.6020     100.00   25.50272  -87.99579    0.00002    0.00002     4.5473     4.5501     4.2339     4.2349    34.9665    34.9651    27.7347    27.7335    1506.98    197.603    197.723         34 0.0000e+00
     152693   6362.162   1503.698   1519.000     4.3613     4.3624   3.351767   3.351751     1.9289     1.6019     100.00   25.50318  -87.99741   -0.00005   -0.00002     4.5448     4.5473     4.2353     4.2364    34.9670    34.9657    27.7350    27.7338    1507.00    197.492    197.603         30 0.0000e+00
     152721   6363.341   1502.711   1518.000     4.3614     4.3628   3.351662   3.351662     1.9289     1.6020     100.00   25.50262  -87.99546    0.00003    0.00001     4.5444     4.5468     4.2354     4.2368    34.9663    34.9648    27.7344    27.7330    1506.97    197.477    197.580         32 0.0000e+00
     152823   6367.567   1498.766   1514.000     4.3662     4.3670   3.351865   3.351815     1.9294     1.6023     100.00   25.50214  -87.99380    0.00011    0.00005     4.5433     4.5451     4.2405     4.2414    34.9655    34.9640    27.7332    27.7319    1506.94    197.428    197.507         34 0.0000e+00
     152931   6372.083   1494.820   1510.000     4.3667     4.3679   3.351803   3.351789     1.9297     1.6030     100.00   25.50272  -87.99573    0.00004    0.00028     4.5419     4.5457     4.2414     4.2426    34.9662    34.9648    27.7337    27.7324    1506.97    197.366    197.533         32 0.0000e+00
     153062   6377.551   1489.888   1505.000     4.3677     4.3688   3.351664   3.351638     1.9296     1.6031     100.00   25.50259  -87.99528   -0.00002    0.00004     4.5386     4.5431     4.2429     4.2440    34.9659    34.9645    27.7333    27.7321    1506.97    197.224    197.418         30 0.0000e+00
     153571   6398.744   1471.144   1486.000     4.3729     4.3740   3.351316   3.351291     1.9310     1.6041     100.00   25.50272  -87.99565    0.00003   -0.00001     4.5317     4.5350     4.2498     4.2509    34.9657    34.9642    27.7324    27.7311    1506.97    196.925    197.068         30 0.0000e+00
     153703   6404.261   1466.212   1481.000     4.3759     4.3766   3.351365   3.351319     1.9314     1.6044     100.00   25.50279  -87.99588    0.00008    0.00001     4.5300     4.5332     4.2532     4.2540    34.9656    34.9643    27.7319    27.7308    1506.98    196.853    196.988         30 0.0000e+00
     153971   6415.430   1456.346   1471.000     4.3783     4.3793   3.351167   3.351133     1.9315     1.6045      88.40   25.50288  -87.99618    0.00002    0.00002     4.5240     4.5273     4.2566     4.2576    34.9656    34.9641    27.7315    27.7303    1506.98    196.592    196.732         31 0.0000e+00
     154211   6425.399   1447.467   1462.000     4.3820     4.3830   3.351074   3.351050     1.9317     1.6047     100.00   25.50278  -87.99575    0.00001   -0.00012     4.5191     4.5226     4.2611     4.2621    34.9650    34.9637    27.7306    27.7294    1506.98    196.379    196.528         31 0.0000e+00
     154850   6452.023   1423.786   1438.000     4.3996     4.4003   3.351521   3.351471     1.9304     1.6033     100.00   25.50254  -87.99487   -0.00004   -0.00005     4.4982     4.5004     4.2807     4.2814    34.9635    34.9621    27.7273    27.7261    1506.96    195.469    195.566         30 0.0000e+00
     155539   6480.754   1398.129   1412.000     4.4144     4.4158   3.351651   3.351657     1.9268     1.6007      96.59   25.50224  -87.99375    0.00002    0.00003     4.4680     4.4729     4.2977     4.2992    34.9622    34.9608    27.7244    27.7231    1506.94    194.156    194.371         31 0.0000e+00
     156126   6505.207   1376.417   1390.000     4.4297     4.4304   3.352064   3.352015     1.9273     1.6019      99.46   25.50249  -87.99453    0.00008    0.00017     4.4549     4.4632     4.3150     4.3156    34.9617    34.9605    27.7222    27.7211    1506.96    193.589    193.950         30 0.0000e+00
     156259   6510.747   1371.482   1385.000     4.4315     4.4327   3.352046   3.352021     1.9277     1.6017      99.26   25.50267  -87.99507    0.00010   -0.00002     4.4534     4.4594     4.3172     4.3184    34.9621    34.9606    27.7222    27.7209    1506.96    193.524    193.784         30 0.0000e+00
     156582   6524.192   1359.638   1373.000     4.4353     4.4365   3.351866   3.351864     1.9291     1.6021      61.06   25.50288  -87.99574    0.00018    0.00002     4.4510     4.4533     4.3220     4.3232    34.9620    34.9607    27.7216    27.7204    1506.98    193.421    193.522         33 0.0000e+00
     156823   6534.242   1350.754   1364.000     4.4412     4.4425   3.352041   3.352031     1.9295     1.6032     100.00   25.50316  -87.99668    0.00009    0.00002     4.4464     4.4519     4.3288     4.3300    34.9622    34.9608    27.7210    27.7198    1506.99    193.220    193.461         30 0.0000e+00
     156954   6539.700   1345.819   1359.000     4.4480     4.4491   3.352368   3.352354     1.9298     1.6032     100.00   25.50285  -87.99556    0.00001    0.00004     4.4438     4.4482     4.3359     4.3370    34.9614    34.9601    27.7196    27.7184    1506.97    193.107    193.297         30 0.0000e+00
     157223   6550.899   1335.948   1349.000     4.4615     4.4628   3.353112   3.353116     1.9278     1.6018     100.00   25.50297  -87.99598   -0.00016   -0.00014     4.4293     4.4351     4.3502     4.3515    34.9607    34.9595    27.7175    27.7164    1506.98    192.477    192.730         30 0.0000e+00
     157728   6571.947   1317.191   1330.000     4.4934     4.4946   3.355017   3.355002     1.9219     1.5956      91.87   25.50270  -87.99495   -0.00031   -0.00041     4.3928     4.3958     4.3835     4.3847    34.9589    34.9575    27.7124    27.7112    1506.96    190.893    191.021         30 0.0000e+00
     157944   6580.956   1309.292   1322.000     4.5122     4.5132   3.356385   3.356332     1.9206     1.5944     100.00   25.50331  -87.99701   -0.00019   -0.00007     4.3808     4.3842     4.4029     4.4039    34.9590    34.9575    27.7104    27.7091    1507.00    190.373    190.520         31 0.0000e+00
     158074   6586.355   1304.356   1317.000     4.5161     4.5175   3.356383   3.356391     1.9180     1.5922     100.00   25.50244  -87.99400   -0.00046   -0.00037     4.3684     4.3720     4.4072     4.4086    34.9574    34.9561    27.7087    27.7074    1506.95    189.830    189.991         31 0.0000e+00
     158183   6590.920   1300.407   1313.000     4.5204     4.5217   3.356639   3.356635     1.9173     1.5915     100.00   25.50293  -87.99570   -0.00013   -0.00017     4.3630     4.3664     4.4119     4.4131    34.9578    34.9565    27.7085    27.7073    1506.98    189.600    189.745         32 0.0000e+00
     158312   6596.312   1295.470   1308.000     4.5265     4.5276   3.356908   3.356889     1.9162     1.5902      78.16   25.50261  -87.99453   -0.00021   -0.00028     4.3555     4.3578     4.4184     4.4195    34.9570    34.9557    27.7071    27.7059    1506.96    189.273    189.375         31 0.0000e+00
     158420   6600.776   1291.521   1304.000     4.5274     4.5285   3.356881   3.356856     1.9154     1.5901     100.00   25.50312  -87.99627   -0.00022   -0.00009     4.3500     4.3550     4.4196     4.4207    34.9578    34.9563    27.7076    27.7063    1506.99    189.034    189.252         31 0.0000e+00
     159289   6637.002   1258.935   1271.000     4.5863     4.5872   3.360554   3.360517     1.9073     1.5825     100.00   25.50315  -87.99620   -0.00038   -0.00038     4.2951     4.2998     4.4810     4.4819    34.9551    34.9537    27.6987    27.6975    1506.98    186.648    186.852         30 0.0000e+00
     159501   6645.813   1251.035   1263.000     4.5896     4.5921   3.360491   3.360572     1.9065     1.5824      99.89   25.50308  -87.99590   -0.00013 -4.212e-12     4.2873     4.2942     4.4850     4.4875    34.9549    34.9532    27.6981    27.6965    1506.98    186.309    186.612         30 0.0000e+00
     159637   6651.488   1246.097   1258.000     4.5994     4.6005   3.361129   3.361122     1.9066     1.5824      68.20   25.50319  -87.99628   -0.00007   -0.00004     4.2834     4.2903     4.4952     4.4963    34.9545    34.9532    27.6966    27.6955    1506.99    186.143    186.442         31 0.0000e+00
     159727   6655.255   1245.109   1257.000     4.6016     4.6009   3.361252   3.361069     1.9059     1.5820      88.58   25.50293  -87.99534   -0.00010   -0.00005     4.2804     4.2883     4.4974     4.4967    34.9541    34.9527    27.6961    27.6951    1506.97    186.012    186.355         46 0.0000e+00
     159864   6660.951   1244.122   1256.000     4.6018     4.6033   3.361269   3.361251     1.9056     1.5820      99.52   25.50294  -87.99534   -0.00005    0.00016     4.2787     4.2873     4.4977     4.4992    34.9540    34.9528    27.6960    27.6949    1506.97    185.938    186.310         34 0.0000e+00
     159977   6665.684   1243.134   1255.000     4.6043     4.6063   3.361431   3.361460     1.9055     1.5818     100.00   25.50294  -87.99532   -0.00006    0.00003     4.2774     4.2858     4.5003     4.5023    34.9540    34.9525    27.6957    27.6943    1506.97    185.882    186.245         33 0.0000e+00
     160232   6676.286   1241.159   1253.000     4.6069     4.6092   3.361688   3.361788     1.9053     1.5808      73.43   25.50430  -87.99995   -0.00001   -0.00011     4.2751     4.2803     4.5030     4.5053    34.9557    34.9543    27.6967    27.6954    1507.05    185.781    186.005         42 0.0000e+00
     160341   6680.830   1240.171   1252.000     4.6069     4.6094   3.361500   3.361608     1.9051     1.5810      99.23   25.50296  -87.99532   -0.00005    0.00013     4.2741     4.2804     4.5031     4.5056    34.9539    34.9525    27.6953    27.6939    1506.97    185.737    186.010         46 0.0000e+00
     160462   6685.881   1239.184   1251.000     4.6076     4.6097   3.361508   3.361579     1.9053     1.5813     100.00   25.50296  -87.99532    0.00005    0.00002     4.2741     4.2809     4.5039     4.5060    34.9538    34.9524    27.6951    27.6938    1506.97    185.739    186.035         45 0.0000e+00
     161724   6738.470   1238.196   1250.000     4.6096     4.6107   3.361651   3.361630     1.9054     1.5814      74.96   25.50303  -87.99530    0.00007    0.00004     4.2737     4.2808     4.5060     4.5070    34.9538    34.9525    27.6949    27.6937    1506.97    185.722    186.030         65 0.0000e+00
     162289   6762.017   1237.209   1249.000     4.6107     4.6114   3.361700   3.361646     1.9056     1.5819      97.24   25.50306  -87.99528   -0.00001    0.00009     4.2736     4.2822     4.5072     4.5078    34.9537    34.9524    27.6947    27.6936    1506.97    185.715    186.089         39 0.0000e+00
     162420   6767.478   1236.221   1248.000     4.6106     4.6114   3.361657   3.361613     1.9056     1.5819     100.00   25.50307  -87.99528    0.00006    0.00006     4.2732     4.2817     4.5072     4.5080    34.9538    34.9525    27.6947    27.6936    1506.97    185.699    186.069         46 0.0000e+00
     162489   6770.338   1235.234   1247.000     4.6109     4.6115   3.361633   3.361584     1.9059     1.5823     100.00   25.50308  -87.99528    0.00006    0.00013     4.2735     4.2827     4.5076     4.5082    34.9537    34.9525    27.6947    27.6936    1506.97    185.712    186.113         50 0.0000e+00
     162547   6772.751   1234.246   1246.000     4.6124     4.6123   3.361708   3.361591     1.9060     1.5824      66.20   25.50308  -87.99528    0.00009    0.00014     4.2732     4.2824     4.5091     4.5090    34.9535    34.9523    27.6943    27.6934    1506.97    185.700    186.097         51 0.0000e+00
     162590   6774.531   1233.258   1245.000     4.6137     4.6137   3.361781   3.361678     1.9059     1.5824      99.82   25.50308  -87.99528 7.4324e-07    0.00000     4.2722     4.2816     4.5105     4.5105    34.9535    34.9523    27.6942    27.6932    1506.97    185.655    186.064         41 0.0000e+00
