GOMECC/GOMECC-4/1db/rb2103_0871.ros
* Sea-Bird SBE 9 Data File:
* FileName = C:\Users\scs.user.rb\CTD\GOMECC4\data\rb2103_0871.hex
* Software Version Seasave V 7.26.7.107
* Temperature SN = 4799
* Conductivity SN = 3860
* Number of Bytes Per Scan = 41
* Number of Voltage Words = 4
* Number of Scans Averaged by the Deck Unit = 1
* NMEA Latitude = 19 36.52 N
* NMEA Longitude = 093 30.02 W
* NMEA UTC (Time) = Oct 08 2021  13:21:27
* NMEA baud rate = 4800
# nquan = 17
# nvalues = 2527                                  
# units = specified
# name 0 = scan: Scan Count
# name 1 = timeS: Time, Elapsed [seconds]
# name 2 = depSM: Depth [salt water, m]
# name 3 = prDM: Pressure, Digiquartz [db]
# name 4 = t090C: Temperature [ITS-90, deg C]
# name 5 = t190C: Temperature, 2 [ITS-90, deg C]
# name 6 = c0S/m: Conductivity [S/m]
# name 7 = c1S/m: Conductivity, 2 [S/m]
# name 8 = sbeox0V: Oxygen raw, SBE 43 [V]
# name 9 = sbeox1V: Oxygen raw, SBE 43, 2 [V]
# name 10 = altM: Altimeter [m]
# name 11 = latitude: Latitude [deg]
# name 12 = longitude: Longitude [deg]
# name 13 = sbox0dV/dT: Oxygen, SBE 43 [dov/dt]
# name 14 = sbox1dV/dT: Oxygen, SBE 43, 2 [dov/dt]
# name 15 = nbf: Bottles Fired
# name 16 = flag:  0.000e+00
# interval = seconds: 0.0416667
# start_time = Oct 08 2021 13:21:27 [NMEA time, header]
# bad_flag = -9.990e-29
*END*
[from data line 1107]
      81329   3388.667     99.377    100.009    18.6531    18.6538   4.831243   4.831299     1.8266     1.4994     100.00   19.60880  -93.50052   -0.00024   -0.00000          9  0.000e+00
      81330   3388.708     99.390    100.023    18.6533    18.6535   4.831214   4.831373     1.8266     1.4994     100.00   19.60880  -93.50052   -0.00025   -0.00001          9  0.000e+00
      81331   3388.750     99.391    100.023    18.6531    18.6538   4.831236   4.831403     1.8266     1.5006     100.00   19.60880  -93.50052   -0.00026    0.00001          9  0.000e+00
      81332   3388.792     99.343     99.976    18.6531    18.6538   4.831214   4.831373     1.8266     1.4994     100.00   19.60880  -93.50054   -0.00026    0.00000          9  0.000e+00
      81333   3388.833     99.343     99.976    18.6531    18.6538   4.831207   4.831388     1.8266     1.4994     100.00   19.60880  -93.50054   -0.00027 -3.517e-07          9  0.000e+00
      81334   3388.875     99.343     99.976    18.6533    18.6537   4.831236   4.831373     1.8266     1.5006     100.00   19.60880  -93.50054   -0.00027    0.00001          9  0.000e+00
      81335   3388.917     99.343     99.976    18.6535    18.6538   4.831214   4.831388     1.8266     1.5006     100.00   19.60880  -93.50054   -0.00028    0.00003          9  0.000e+00
      81336   3388.958     99.296     99.928    18.6535    18.6540   4.831214   4.831432     1.8266     1.4994     100.00   19.60880  -93.50054   -0.00028    0.00002          9  0.000e+00
      81337   3389.000     99.330     99.962    18.6533    18.6540   4.831243   4.831469     1.8266     1.4994     100.00   19.60880  -93.50054   -0.00029    0.00004          9  0.000e+00
      81338   3389.042     99.296     99.928    18.6535    18.6545   4.831250   4.831454     1.8266     1.4994     100.00   19.60880  -93.50054   -0.00029    0.00003          9  0.000e+00
      81339   3389.083     99.296     99.928    18.6535    18.6545   4.831280   4.831447     1.8266     1.5006     100.00   19.60880  -93.50054   -0.00028    0.00005          9  0.000e+00
      81340   3389.125     99.296     99.928    18.6535    18.6547   4.831228   4.831506     1.8266     1.4994     100.00   19.60880  -93.50054   -0.00028    0.00004          9  0.000e+00
      81341   3389.167     99.242     99.874    18.6535    18.6547   4.831236   4.831491     1.8266     1.4994     100.00   19.60880  -93.50054   -0.00028    0.00004          9  0.000e+00
      81342   3389.208     99.242     99.874    18.6535    18.6551   4.831250   4.831484     1.8278     1.4994     100.00   19.60880  -93.50054   -0.00027    0.00003          9  0.000e+00
      81343   3389.250     99.242     99.874    18.6535    18.6551   4.831250   4.831514     1.8266     1.4994     100.00   19.60880  -93.50054   -0.00027    0.00003          9  0.000e+00
      81344   3389.292     99.242     99.874    18.6535    18.6552   4.831250   4.831491     1.8266     1.4994     100.00   19.60880  -93.50054   -0.00027    0.00002          9  0.000e+00
      81345   3389.333     99.236     99.867    18.6537    18.6552   4.831250   4.831484     1.8266     1.4994     100.00   19.60880  -93.50054   -0.00027    0.00002          9  0.000e+00
      81346   3389.375     99.242     99.874    18.6535    18.6552   4.831250   4.831543     1.8266     1.4994     100.00   19.60880  -93.50054   -0.00027    0.00002          9  0.000e+00
      81347   3389.417     99.195     99.826    18.6537    18.6554   4.831280   4.831595     1.8266     1.4994     100.00   19.60880  -93.50054   -0.00028    0.00001          9  0.000e+00
      81348   3389.458     99.195     99.827    18.6540    18.6554   4.831316   4.831543     1.8266     1.4994     100.00   19.60880  -93.50054   -0.00029    0.00001          9  0.000e+00
      81349   3389.500     99.195     99.827    18.6540    18.6554   4.831331   4.831551     1.8278     1.4994     100.00   19.60880  -93.50054   -0.00028    0.00000          9  0.000e+00
      81350   3389.542     99.195     99.827    18.6543    18.6552   4.831360   4.831536     1.8266     1.4994     100.00   19.60880  -93.50054   -0.00028 -3.517e-07          9  0.000e+00
      81351   3389.583     99.148     99.779    18.6545    18.6554   4.831338   4.831543     1.8278     1.4994     100.00   19.60880  -93.50054   -0.00026   -0.00000          9  0.000e+00
      81352   3389.625     99.148     99.779    18.6545    18.6552   4.831367   4.831595     1.8266     1.4994     100.00   19.60880  -93.50054   -0.00028   -0.00001          9  0.000e+00
      81353   3389.667     99.182     99.813    18.6545    18.6554   4.831374   4.831543     1.8278     1.4994     100.00   19.60880  -93.50054   -0.00026   -0.00001          9  0.000e+00
      81354   3389.708     99.094     99.725    18.6545    18.6557   4.831338   4.831551     1.8266     1.4994     100.00   19.60880  -93.50054   -0.00028   -0.00002          9  0.000e+00
      81355   3389.750     99.196     99.827    18.6543    18.6559   4.831360   4.831565     1.8266     1.4994     100.00   19.60880  -93.50054   -0.00028   -0.00002          9  0.000e+00
      81356   3389.792     99.094     99.725    18.6545    18.6557   4.831374   4.831595     1.8266     1.4994     100.00   19.60880  -93.50054   -0.00028   -0.00003          9  0.000e+00
      81357   3389.833     99.094     99.725    18.6543    18.6559   4.831374   4.831632     1.8266     1.4994     100.00   19.60880  -93.50054   -0.00030   -0.00001          9  0.000e+00
      81358   3389.875     99.094     99.725    18.6543    18.6559   4.831396   4.831580     1.8278     1.4994     100.00   19.60880  -93.50054   -0.00030   -0.00002          9  0.000e+00
      81359   3389.917     99.094     99.725    18.6543    18.6561   4.831345   4.831595     1.8278     1.4982     100.00   19.60880  -93.50054   -0.00030   -0.00004          9  0.000e+00
      81360   3389.958     99.094     99.725    18.6545    18.6559   4.831367   4.831610     1.8266     1.4994     100.00   19.60880  -93.50054   -0.00030   -0.00004          9  0.000e+00
      81361   3390.000     99.088     99.718    18.6543    18.6561   4.831374   4.831573     1.8278     1.4994     100.00   19.60880  -93.50054   -0.00028   -0.00004          9  0.000e+00
      81362   3390.042     99.094     99.725    18.6545    18.6559   4.831396   4.831565     1.8278     1.4994     100.00   19.60880  -93.50054   -0.00026   -0.00005          9  0.000e+00
      81363   3390.083     99.047     99.678    18.6547    18.6559   4.831411   4.831595     1.8278     1.4982     100.00   19.60880  -93.50054   -0.00024   -0.00005          9  0.000e+00
      81364   3390.125     99.095     99.725    18.6547    18.6561   4.831382   4.831610     1.8278     1.4982     100.00   19.60880  -93.50054   -0.00023   -0.00007          9  0.000e+00
      81365   3390.167     99.047     99.678    18.6549    18.6557   4.831396   4.831632     1.8278     1.4994     100.00   19.60880  -93.50054   -0.00021   -0.00007          9  0.000e+00
      81366   3390.208     99.047     99.678    18.6548    18.6559   4.831382   4.831647     1.8278     1.4994     100.00   19.60880  -93.50054   -0.00021   -0.00008          9  0.000e+00
      81367   3390.250     99.095     99.726    18.6545    18.6559   4.831396   4.831617     1.8278     1.4982     100.00   19.60880  -93.50054   -0.00019   -0.00010          9  0.000e+00
      81368   3390.292     99.000     99.630    18.6547    18.6559   4.831389   4.831610     1.8278     1.4982     100.00   19.60880  -93.50054   -0.00017   -0.00010          9  0.000e+00
      81369   3390.333     99.088     99.719    18.6545    18.6559   4.831374   4.831610     1.8278     1.4994     100.00   19.60880  -93.50054   -0.00016   -0.00010          9  0.000e+00
      81370   3390.375     99.048     99.678    18.6542    18.6557   4.831374   4.831632     1.8278     1.4994     100.00   19.60880  -93.50054   -0.00014   -0.00010          9  0.000e+00
      81371   3390.417     99.048     99.678    18.6542    18.6559   4.831374   4.831617     1.8278     1.4982     100.00   19.60880  -93.50054   -0.00012   -0.00012          9  0.000e+00
      81372   3390.458     99.048     99.678    18.6538    18.6557   4.831338   4.831610     1.8278     1.4994     100.00   19.60880  -93.50054   -0.00010   -0.00012          9  0.000e+00
      81373   3390.500     99.048     99.678    18.6538    18.6561   4.831331   4.831632     1.8278     1.4994     100.00   19.60880  -93.50054   -0.00011   -0.00012          9  0.000e+00
      81374   3390.542     99.048     99.678    18.6538    18.6561   4.831301   4.831676     1.8278     1.4994     100.00   19.60880  -93.50054   -0.00009   -0.00012          9  0.000e+00
      81375   3390.583     99.048     99.678    18.6540    18.6559   4.831353   4.831691     1.8278     1.4994     100.00   19.60880  -93.50054   -0.00007   -0.00012          9  0.000e+00
      81376   3390.625     99.095     99.726    18.6540    18.6559   4.831316   4.831595     1.8278     1.4994     100.00   19.60880  -93.50054   -0.00005   -0.00012          9  0.000e+00
      81377   3390.667     99.035     99.665    18.6543    18.6549   4.831352   4.831476     1.8278     1.4994     100.00   19.60880  -93.50054   -0.00004   -0.00013          9  0.000e+00
      81378   3390.708     99.048     99.679    18.6543    18.6545   4.831374   4.831380     1.8291     1.4994     100.00   19.60880  -93.50054   -0.00000   -0.00013          9  0.000e+00
      81379   3390.750     99.096     99.726    18.6543    18.6542   4.831396   4.831328     1.8278     1.4994     100.00   19.60880  -93.50054    0.00001   -0.00013          9  0.000e+00
      81380   3390.792     99.048     99.679    18.6545    18.6542   4.831411   4.831380     1.8278     1.4994     100.00   19.60880  -93.50054    0.00003   -0.00013          9  0.000e+00
      81381   3390.833     99.096     99.727    18.6545    18.6551   4.831440   4.831402     1.8291     1.4994     100.00   19.60880  -93.50054    0.00006   -0.00013          9  0.000e+00
      81382   3390.875     99.048     99.679    18.6547    18.6551   4.831418   4.831462     1.8291     1.4994     100.00   19.60880  -93.50054    0.00010   -0.00013          9  0.000e+00
      81383   3390.917     99.096     99.727    18.6551    18.6549   4.831411   4.831484     1.8278     1.4982     100.00   19.60880  -93.50054    0.00011   -0.00015          9  0.000e+00
      81384   3390.958     99.049     99.679    18.6547    18.6551   4.831418   4.831454     1.8291     1.4994     100.00   19.60880  -93.50054    0.00015   -0.00015          9  0.000e+00
      81385   3391.000     99.089     99.720    18.6545    18.6533   4.831447   4.831262     1.8291     1.4994     100.00   19.60880  -93.50054    0.00018   -0.00015          9  0.000e+00
      81386   3391.042     99.096     99.727    18.6549    18.6509   4.831418   4.831077     1.8278     1.4994     100.00   19.60880  -93.50054    0.00019   -0.00013          9  0.000e+00
      81387   3391.083     99.096     99.727    18.6545    18.6500   4.831411   4.831062     1.8278     1.4994     100.00   19.60880  -93.50054    0.00021   -0.00013          9  0.000e+00
      81388   3391.125     99.096     99.727    18.6547    18.6509   4.831411   4.831106     1.8291     1.4994     100.00   19.60880  -93.50054    0.00024   -0.00013          9  0.000e+00
      81389   3391.167     99.151     99.782    18.6547    18.6509   4.831411   4.831180     1.8291     1.4994     100.00   19.60880  -93.50054    0.00027   -0.00013          9  0.000e+00
      81390   3391.208     99.096     99.727    18.6545    18.6515   4.831382   4.831225     1.8278     1.4994     100.00   19.60880  -93.50054    0.00029   -0.00014          9  0.000e+00
      81391   3391.250     99.151     99.782    18.6543    18.6531   4.831396   4.831380     1.8278     1.4994     100.00   19.60880  -93.50054    0.00030   -0.00014          9  0.000e+00
      81392   3391.292     99.151     99.782    18.6545    18.6544   4.831389   4.831410     1.8291     1.4994     100.00   19.60880  -93.50054    0.00033   -0.00014          9  0.000e+00
      81393   3391.333     99.151     99.782    18.6543    18.6551   4.831374   4.831491     1.8278     1.4994     100.00   19.60880  -93.50054    0.00035   -0.00014          9  0.000e+00
      81394   3391.375     99.137     99.768    18.6545    18.6554   4.831396   4.831551     1.8278     1.4994     100.00   19.60880  -93.50054    0.00036   -0.00014          9  0.000e+00
      81395   3391.417     99.199     99.830    18.6545    18.6557   4.831411   4.831565     1.8291     1.4994     100.00   19.60880  -93.50054    0.00039   -0.00012          9  0.000e+00
      81396   3391.458     99.151     99.782    18.6543    18.6554   4.831411   4.831565     1.8278     1.4994     100.00   19.60880  -93.50054    0.00041   -0.00010          9  0.000e+00
      81397   3391.500     99.199     99.830    18.6543    18.6552   4.831382   4.831565     1.8278     1.4994     100.00   19.60880  -93.50054    0.00040   -0.00010          9  0.000e+00
      81398   3391.542     99.199     99.830    18.6543    18.6551   4.831396   4.831565     1.8278     1.4994     100.00   19.60880  -93.50054    0.00042   -0.00008          9  0.000e+00
      81399   3391.583     99.199     99.830    18.6543    18.6551   4.831382   4.831499     1.8278     1.4994     100.00   19.60880  -93.50054    0.00043   -0.00008          9  0.000e+00
      81400   3391.625     99.199     99.830    18.6542    18.6551   4.831353   4.831514     1.8291     1.4994     100.00   19.60880  -93.50054    0.00044   -0.00008          9  0.000e+00
      81401   3391.667     99.199     99.830    18.6542    18.6549   4.831389   4.831491     1.8278     1.4994     100.00   19.60880  -93.50054    0.00044   -0.00008          9  0.000e+00
      81402   3391.708     99.240     99.871    18.6543    18.6547   4.831345   4.831454     1.8278     1.4994     100.00   19.60880  -93.50054    0.00045   -0.00008          9  0.000e+00
      81403   3391.750     99.247     99.878    18.6538    18.6544   4.831301   4.831410     1.8278     1.4994     100.00   19.60880  -93.50054    0.00046   -0.00006          9  0.000e+00
      81404   3391.792     99.247     99.878    18.6531    18.6542   4.831294   4.831432     1.8278     1.4994     100.00   19.60880  -93.50054    0.00046   -0.00006          9  0.000e+00
      81405   3391.833     99.247     99.878    18.6530    18.6542   4.831228   4.831410     1.8278     1.4994     100.00   19.60880  -93.50054    0.00045   -0.00006          9  0.000e+00
      81406   3391.875     99.301     99.933    18.6530    18.6540   4.831207   4.831373     1.8278     1.4994     100.00   19.60880  -93.50054    0.00046   -0.00006          9  0.000e+00
      81407   3391.917     99.247     99.879    18.6526    18.6537   4.831272   4.831388     1.8278     1.4994     100.00   19.60880  -93.50054    0.00047   -0.00006          9  0.000e+00
      81408   3391.958     99.301     99.933    18.6528    18.6535   4.831265   4.831373     1.8291     1.4994     100.00   19.60880  -93.50054    0.00049   -0.00006          9  0.000e+00
      81409   3392.000     99.288     99.920    18.6525    18.6533   4.831250   4.831329     1.8278     1.4994     100.00   19.60880  -93.50054    0.00048   -0.00006          9  0.000e+00
      81410   3392.042     99.301     99.933    18.6525    18.6533   4.831250   4.831321     1.8278     1.4994     100.00   19.60880  -93.50054    0.00047   -0.00005          9  0.000e+00
      81411   3392.083     99.301     99.933    18.6526    18.6531   4.831214   4.831321     1.8278     1.4994     100.00   19.60880  -93.50054    0.00048   -0.00005          9  0.000e+00
      81412   3392.125     99.349     99.981    18.6526    18.6533   4.831207   4.831292     1.8278     1.4994     100.00   19.60880  -93.50054    0.00047   -0.00005          9  0.000e+00
