GOMECC/GOMECC-4/1db/rb2103_0741.ros
* Sea-Bird SBE 9 Data File:
* FileName = C:\Users\scs.user.rb\CTD\GOMECC4\data\rb2103_0741.hex
* Software Version Seasave V 7.26.7.107
* Temperature SN = 4799
* Conductivity SN = 3860
* Number of Bytes Per Scan = 41
* Number of Voltage Words = 4
* Number of Scans Averaged by the Deck Unit = 1
* NMEA Latitude = 24 59.96 N
* NMEA Longitude = 093 24.95 W
* NMEA UTC (Time) = Oct 04 2021  19:58:51
* NMEA baud rate = 4800
# nquan = 17
# nvalues = 3192                                  
# units = specified
# name 0 = scan: Scan Count
# name 1 = timeS: Time, Elapsed [seconds]
# name 2 = depSM: Depth [salt water, m]
# name 3 = prDM: Pressure, Digiquartz [db]
# name 4 = t090C: Temperature [ITS-90, deg C]
# name 5 = t190C: Temperature, 2 [ITS-90, deg C]
# name 6 = c0S/m: Conductivity [S/m]
# name 7 = c1S/m: Conductivity, 2 [S/m]
# name 8 = sbeox0V: Oxygen raw, SBE 43 [V]
# name 9 = sbeox1V: Oxygen raw, SBE 43, 2 [V]
# name 10 = altM: Altimeter [m]
# name 11 = latitude: Latitude [deg]
# name 12 = longitude: Longitude [deg]
# name 13 = sbox0dV/dT: Oxygen, SBE 43 [dov/dt]
# name 14 = sbox1dV/dT: Oxygen, SBE 43, 2 [dov/dt]
# name 15 = nbf: Bottles Fired
# name 16 = flag:  0.000e+00
# interval = seconds: 0.0416667
# start_time = Oct 04 2021 19:58:51 [NMEA time, header]
# bad_flag = -9.990e-29
*END*
[from data line 1788]
     233861   9744.167    347.614    350.160    12.9230    12.9220   4.171685   4.171552     1.6813     1.3736     100.00   24.99934  -93.41626   -0.00014 -1.236e-11         14  0.000e+00
     233862   9744.208    347.600    350.147    12.9232    12.9223   4.171705   4.171573     1.6813     1.3736     100.00   24.99934  -93.41626   -0.00014 -1.236e-11         14  0.000e+00
     233863   9744.250    347.614    350.160    12.9232    12.9225   4.171712   4.171559     1.6813     1.3736     100.00   24.99934  -93.41626   -0.00014 -1.133e-11         14  0.000e+00
     233864   9744.292    347.614    350.160    12.9232    12.9225   4.171712   4.171608     1.6813     1.3736     100.00   24.99934  -93.41626   -0.00013 -1.133e-11         14  0.000e+00
     233865   9744.333    347.560    350.106    12.9232    12.9225   4.171657   4.171594     1.6813     1.3736     100.00   24.99934  -93.41626   -0.00013 -1.236e-11         14  0.000e+00
     233866   9744.375    347.560    350.106    12.9222    12.9230   4.171616   4.171643     1.6813     1.3736     100.00   24.99934  -93.41626   -0.00013 -1.030e-11         14  0.000e+00
     233867   9744.417    347.560    350.106    12.9219    12.9231   4.171602   4.171636     1.6813     1.3736     100.00   24.99934  -93.41626   -0.00013 -1.030e-11         14  0.000e+00
     233868   9744.458    347.560    350.106    12.9217    12.9231   4.171602   4.171678     1.6813     1.3736     100.00   24.99934  -93.41626   -0.00013 -1.133e-11         14  0.000e+00
     233869   9744.500    347.512    350.058    12.9215    12.9231   4.171609   4.171671     1.6813     1.3736     100.00   24.99934  -93.41626   -0.00011 -1.133e-11         14  0.000e+00
     233870   9744.542    347.560    350.106    12.9214    12.9233   4.171554   4.171664     1.6813     1.3736     100.00   24.99934  -93.41626   -0.00009 -1.236e-11         14  0.000e+00
     233871   9744.583    347.546    350.092    12.9212    12.9231   4.171609   4.171664     1.6813     1.3736     100.00   24.99934  -93.41626   -0.00008 -1.339e-11         14  0.000e+00
     233872   9744.625    347.512    350.058    12.9214    12.9235   4.171588   4.171664     1.6801     1.3736     100.00   24.99934  -93.41626   -0.00008 -1.133e-11         14  0.000e+00
     233873   9744.667    347.458    350.003    12.9219    12.9235   4.171595   4.171684     1.6801     1.3736     100.00   24.99934  -93.41626   -0.00009 -1.133e-11         14  0.000e+00
     233874   9744.708    347.512    350.058    12.9224    12.9238   4.171602   4.171698     1.6801     1.3736     100.00   24.99934  -93.41626   -0.00009 -1.236e-11         14  0.000e+00
     233875   9744.750    347.512    350.058    12.9224    12.9242   4.171602   4.171747     1.6801     1.3736     100.00   24.99934  -93.41626   -0.00010 -1.236e-11         14  0.000e+00
     233876   9744.792    347.458    350.003    12.9219    12.9238   4.171581   4.171740     1.6801     1.3736     100.00   24.99934  -93.41626   -0.00011 -1.030e-11         14  0.000e+00
     233877   9744.833    347.512    350.058    12.9215    12.9240   4.171574   4.171789     1.6813     1.3736     100.00   24.99934  -93.41626   -0.00009 -1.133e-11         14  0.000e+00
     233878   9744.875    347.458    350.003    12.9215    12.9243   4.171595   4.171775     1.6813     1.3724     100.00   24.99934  -93.41626   -0.00009   -0.00002         14  0.000e+00
     233879   9744.917    347.498    350.044    12.9220    12.9245   4.171602   4.171824     1.6813     1.3736     100.00   24.99934  -93.41626   -0.00008   -0.00002         14  0.000e+00
     233880   9744.958    347.410    349.955    12.9224    12.9245   4.171629   4.171866     1.6813     1.3736     100.00   24.99934  -93.41626   -0.00007   -0.00002         14  0.000e+00
     233881   9745.000    347.458    350.003    12.9225    12.9248   4.171643   4.171852     1.6813     1.3736     100.00   24.99934  -93.41626   -0.00007   -0.00002         14  0.000e+00
     233882   9745.042    347.512    350.058    12.9224    12.9247   4.171664   4.171845     1.6801     1.3736     100.00   24.99934  -93.41626   -0.00008   -0.00002         14  0.000e+00
     233883   9745.083    347.410    349.955    12.9224    12.9248   4.171705   4.171845     1.6813     1.3736     100.00   24.99934  -93.41626   -0.00007   -0.00002         14  0.000e+00
     233884   9745.125    347.458    350.003    12.9220    12.9248   4.171657   4.171866     1.6813     1.3736     100.00   24.99934  -93.41626   -0.00007   -0.00002         14  0.000e+00
     233885   9745.167    347.458    350.003    12.9222    12.9248   4.171691   4.171880     1.6825     1.3736     100.00   24.99934  -93.41626   -0.00005   -0.00001         14  0.000e+00
     233886   9745.208    347.458    350.003    12.9224    12.9248   4.171712   4.171852     1.6813     1.3736     100.00   24.99934  -93.41626   -0.00004   -0.00001         14  0.000e+00
     233887   9745.250    347.396    349.941    12.9225    12.9248   4.171636   4.171845     1.6813     1.3736     100.00   24.99934  -93.41626   -0.00003   -0.00001         14  0.000e+00
     233888   9745.292    347.458    350.003    12.9224    12.9250   4.171691   4.171866     1.6813     1.3736     100.00   24.99934  -93.41626   -0.00003   -0.00001         14  0.000e+00
     233889   9745.333    347.458    350.003    12.9222    12.9252   4.171712   4.171880     1.6813     1.3736     100.00   24.99934  -93.41626   -0.00002   -0.00001         14  0.000e+00
     233890   9745.375    347.410    349.955    12.9224    12.9248   4.171712   4.171824     1.6813     1.3736     100.00   24.99934  -93.41626   -0.00002   -0.00001         14  0.000e+00
     233891   9745.417    347.458    350.003    12.9224    12.9248   4.171691   4.171859     1.6813     1.3736     100.00   24.99934  -93.41626   -0.00001   -0.00001         14  0.000e+00
     233892   9745.458    347.458    350.003    12.9220    12.9247   4.171685   4.171852     1.6813     1.3736     100.00   24.99934  -93.41626   -0.00001   -0.00001         14  0.000e+00
     233893   9745.500    347.410    349.955    12.9219    12.9248   4.171671   4.171866     1.6813     1.3736     100.00   24.99934  -93.41626 -6.180e-12   -0.00001         14  0.000e+00
     233894   9745.542    347.458    350.003    12.9222    12.9248   4.171705   4.171880     1.6813     1.3736     100.00   24.99934  -93.41626    0.00001   -0.00001         14  0.000e+00
     233895   9745.583    347.498    350.044    12.9224    12.9248   4.171657   4.171901     1.6813     1.3736     100.00   24.99934  -93.41626    0.00001   -0.00001         14  0.000e+00
     233896   9745.625    347.410    349.955    12.9232    12.9250   4.171671   4.171859     1.6813     1.3736     100.00   24.99934  -93.41626    0.00002   -0.00001         14  0.000e+00
     233897   9745.667    347.458    350.003    12.9239    12.9254   4.171753   4.171894     1.6813     1.3736     100.00   24.99934  -93.41626    0.00002   -0.00001         14  0.000e+00
     233898   9745.708    347.458    350.003    12.9244    12.9253   4.171815   4.171914     1.6813     1.3736     100.00   24.99934  -93.41626    0.00001   -0.00001         14  0.000e+00
     233899   9745.750    347.458    350.003    12.9250    12.9255   4.171850   4.171914     1.6801     1.3736     100.00   24.99934  -93.41626   -0.00000   -0.00001         14  0.000e+00
     233900   9745.792    347.458    350.003    12.9255    12.9255   4.171912   4.171914     1.6813     1.3736     100.00   24.99934  -93.41626    0.00000   -0.00001         14  0.000e+00
     233901   9745.833    347.458    350.003    12.9245    12.9253   4.171953   4.171914     1.6813     1.3736     100.00   24.99934  -93.41626    0.00001   -0.00001         14  0.000e+00
     233902   9745.875    347.458    350.003    12.9242    12.9254   4.171939   4.171914     1.6813     1.3736     100.00   24.99934  -93.41626   -0.00000   -0.00001         14  0.000e+00
     233903   9745.917    347.498    350.044    12.9240    12.9253   4.171905   4.171935     1.6801     1.3736     100.00   24.99934  -93.41626   -0.00003   -0.00001         14  0.000e+00
     233904   9745.958    347.458    350.003    12.9242    12.9257   4.171891   4.171949     1.6801     1.3736     100.00   24.99934  -93.41626   -0.00004   -0.00001         14  0.000e+00
     233905   9746.000    347.512    350.058    12.9242    12.9257   4.171870   4.171949     1.6813     1.3736     100.00   24.99934  -93.41626   -0.00004   -0.00001         14  0.000e+00
     233906   9746.042    347.458    350.003    12.9240    12.9258   4.171863   4.171977     1.6813     1.3736     100.00   24.99934  -93.41626   -0.00003   -0.00001         14  0.000e+00
     233907   9746.083    347.512    350.058    12.9237    12.9258   4.171801   4.171991     1.6801     1.3736     100.00   24.99934  -93.41626   -0.00005   -0.00001         14  0.000e+00
     233908   9746.125    347.512    350.058    12.9232    12.9257   4.171808   4.171956     1.6813     1.3736     100.00   24.99934  -93.41626   -0.00004   -0.00001         14  0.000e+00
     233909   9746.167    347.512    350.058    12.9234    12.9258   4.171795   4.171949     1.6813     1.3736     100.00   24.99934  -93.41626   -0.00002   -0.00001         14  0.000e+00
     233910   9746.208    347.512    350.058    12.9234    12.9258   4.171788   4.171949     1.6801     1.3736     100.00   24.99934  -93.41626   -0.00003   -0.00001         14  0.000e+00
     233911   9746.250    347.546    350.092    12.9234    12.9255   4.171760   4.171949     1.6813     1.3736     100.00   24.99934  -93.41626   -0.00002   -0.00001         14  0.000e+00
     233912   9746.292    347.512    350.058    12.9232    12.9252   4.171746   4.171921     1.6813     1.3736     100.00   24.99934  -93.41626   -0.00001   -0.00001         14  0.000e+00
     233913   9746.333    347.560    350.106    12.9230    12.9243   4.171726   4.171803     1.6801     1.3736     100.00   24.99934  -93.41626   -0.00002   -0.00001         14  0.000e+00
     233914   9746.375    347.512    350.058    12.9229    12.9236   4.171740   4.171740     1.6801     1.3736     100.00   24.99934  -93.41626   -0.00003   -0.00000         14  0.000e+00
     233915   9746.417    347.560    350.106    12.9225    12.9225   4.171753   4.171566     1.6813     1.3736     100.00   24.99934  -93.41626   -0.00003   -0.00000         14  0.000e+00
     233916   9746.458    347.560    350.106    12.9222    12.9223   4.171719   4.171517     1.6813     1.3736     100.00   24.99934  -93.41626   -0.00002   -0.00000         14  0.000e+00
     233917   9746.500    347.560    350.106    12.9224    12.9225   4.171691   4.171538     1.6801     1.3736     100.00   24.99934  -93.41626   -0.00003   -0.00000         14  0.000e+00
     233918   9746.542    347.560    350.106    12.9219    12.9221   4.171650   4.171552     1.6801     1.3736     100.00   24.99934  -93.41626   -0.00004   -0.00000         14  0.000e+00
     233919   9746.583    347.600    350.147    12.9220    12.9223   4.171698   4.171573     1.6813     1.3736     100.00   24.99934  -93.41626   -0.00003   -0.00000         14  0.000e+00
     233920   9746.625    347.560    350.106    12.9227    12.9227   4.171712   4.171643     1.6813     1.3736     100.00   24.99934  -93.41626   -0.00002   -0.00000         14  0.000e+00
     233921   9746.667    347.614    350.160    12.9225    12.9228   4.171740   4.171685     1.6813     1.3736     100.00   24.99934  -93.41626   -0.00001   -0.00000         14  0.000e+00
     233922   9746.708    347.614    350.160    12.9229    12.9230   4.171774   4.171643     1.6813     1.3736     100.00   24.99934  -93.41626   -0.00001   -0.00000         14  0.000e+00
     233923   9746.750    347.560    350.106    12.9224    12.9230   4.171698   4.171629     1.6813     1.3724     100.00   24.99934  -93.41626    0.00000   -0.00002         14  0.000e+00
     233924   9746.792    347.614    350.160    12.9210    12.9233   4.171623   4.171650     1.6801     1.3724     100.00   24.99934  -93.41626   -0.00001   -0.00004         14  0.000e+00
     233925   9746.833    347.614    350.160    12.9212    12.9230   4.171609   4.171601     1.6801     1.3736     100.00   24.99934  -93.41626   -0.00002   -0.00003         14  0.000e+00
     233926   9746.875    347.662    350.208    12.9217    12.9231   4.171630   4.171615     1.6813     1.3736     100.00   24.99934  -93.41626   -0.00001   -0.00003         14  0.000e+00
     233927   9746.917    347.614    350.160    12.9220    12.9230   4.171691   4.171594     1.6813     1.3736     100.00   24.99934  -93.41626 5.2752e-07   -0.00003         14  0.000e+00
     233928   9746.958    347.648    350.195    12.9224    12.9225   4.171657   4.171587     1.6801     1.3736     100.00   24.99934  -93.41626   -0.00003   -0.00003         14  0.000e+00
     233929   9747.000    347.662    350.208    12.9222    12.9220   4.171616   4.171587     1.6813     1.3736     100.00   24.99934  -93.41626   -0.00002   -0.00003         14  0.000e+00
     233930   9747.042    347.614    350.160    12.9220    12.9223   4.171664   4.171587     1.6801     1.3724     100.00   24.99934  -93.41626   -0.00003   -0.00005         14  0.000e+00
     233931   9747.083    347.662    350.208    12.9219    12.9221   4.171623   4.171587     1.6813     1.3736     100.00   24.99934  -93.41626   -0.00003   -0.00005         14  0.000e+00
     233932   9747.125    347.662    350.208    12.9219    12.9215   4.171630   4.171615     1.6813     1.3736     100.00   24.99934  -93.41626   -0.00004   -0.00004         14  0.000e+00
     233933   9747.167    347.709    350.256    12.9212    12.9221   4.171561   4.171545     1.6813     1.3736     100.00   24.99934  -93.41626   -0.00003   -0.00004         14  0.000e+00
     233934   9747.208    347.709    350.256    12.9201    12.9220   4.171526   4.171601     1.6813     1.3736     100.00   24.99934  -93.41626   -0.00003   -0.00004         14  0.000e+00
     239422   9975.875    248.744    250.505    15.8505    15.8514   4.509194   4.509249     1.8083     1.4872     100.00   24.99932  -93.41628   -0.00010   -0.00046         15  0.000e+00
     239423   9975.917    248.628    250.389    15.8503    15.8515   4.509194   4.509256     1.8083     1.4860     100.00   24.99932  -93.41628   -0.00009   -0.00046         15  0.000e+00
     239424   9975.958    248.696    250.458    15.8501    15.8514   4.509201   4.509271     1.8071     1.4860     100.00   24.99932  -93.41628   -0.00009   -0.00045         15  0.000e+00
     239425   9976.000    248.676    250.437    15.8502    15.8513   4.509187   4.509278     1.8083     1.4860     100.00   24.99932  -93.41628   -0.00010   -0.00044         15  0.000e+00
     239426   9976.042    248.696    250.458    15.8504    15.8515   4.509194   4.509278     1.8071     1.4872     100.00   24.99932  -93.41628   -0.00012   -0.00042         15  0.000e+00
     239427   9976.083    248.676    250.437    15.8505    15.8517   4.509187   4.509307     1.8071     1.4872     100.00   24.99932  -93.41628   -0.00015   -0.00039         15  0.000e+00
     239428   9976.125    248.696    250.458    15.8503    15.8517   4.509223   4.509307     1.8071     1.4872     100.00   24.99932  -93.41628   -0.00015   -0.00036         15  0.000e+00
     239429   9976.167    248.730    250.492    15.8504    15.8517   4.509209   4.509256     1.8083     1.4872     100.00   24.99932  -93.41628   -0.00016   -0.00033         15  0.000e+00
     239430   9976.208    248.676    250.437    15.8503    15.8518   4.509223   4.509299     1.8083     1.4872     100.00   24.99932  -93.41628   -0.00015   -0.00031         15  0.000e+00
     239431   9976.250    248.744    250.505    15.8506    15.8517   4.509209   4.509321     1.8083     1.4872     100.00   24.99932  -93.41628   -0.00014   -0.00028         15  0.000e+00
