GOMECC/GOMECC-4/1db/rb2103_1051.cnv
* Sea-Bird SBE 9 Data File:
* FileName = C:\Users\scs.user.rb\CTD\GOMECC4\data\rb2103_1051.hex
* Software Version Seasave V 7.26.7.107
* Temperature SN = 4799
* Conductivity SN = 3860
* Number of Bytes Per Scan = 41
* Number of Voltage Words = 4
* Number of Scans Averaged by the Deck Unit = 1
* NMEA Latitude = 25 29.58 N
* NMEA Longitude = 087 59.90 W
* NMEA UTC (Time) = Oct 13 2021  14:16:10
* NMEA baud rate = 4800
# nquan = 28
# nvalues = 759                         
# units = specified
# name 0 = scan: Scan Count
# name 1 = timeS: Time, Elapsed [seconds]
# name 2 = depSM: Depth [salt water, m]
# name 3 = prDM: Pressure, Digiquartz [db]
# name 4 = t090C: Temperature [ITS-90, deg C]
# name 5 = t190C: Temperature, 2 [ITS-90, deg C]
# name 6 = c0S/m: Conductivity [S/m]
# name 7 = c1S/m: Conductivity, 2 [S/m]
# name 8 = sbeox0V: Oxygen raw, SBE 43 [V]
# name 9 = sbeox1V: Oxygen raw, SBE 43, 2 [V]
# name 10 = altM: Altimeter [m]
# name 11 = latitude: Latitude [deg]
# name 12 = longitude: Longitude [deg]
# name 13 = sbox0dV/dT: Oxygen, SBE 43 [dov/dt]
# name 14 = sbox1dV/dT: Oxygen, SBE 43, 2 [dov/dt]
# name 15 = sbeox0ML/L: Oxygen, SBE 43 [ml/l], WS = 5
# name 16 = sbeox1ML/L: Oxygen, SBE 43, 2 [ml/l], WS = 5
# name 17 = potemp090C: Potential Temperature [ITS-90, deg C]
# name 18 = potemp190C: Potential Temperature, 2 [ITS-90, deg C]
# name 19 = sal00: Salinity, Practical [PSU]
# name 20 = sal11: Salinity, Practical, 2 [PSU]
# name 21 = sigma-é00: Density [sigma-theta, kg/m^3]
# name 22 = sigma-é11: Density, 2 [sigma-theta, kg/m^3]
# name 23 = avgsvCM: Average Sound Velocity [Chen-Millero, m/s], minP = 20, minS = 20
# name 24 = sbox0Mm/Kg: Oxygen, SBE 43 [umol/kg], WS = 5
# name 25 = sbox1Mm/Kg: Oxygen, SBE 43, 2 [umol/kg], WS = 5
# name 26 = nbin: number of scans per bin
# name 27 = flag: flag
# span 0 =       4404,     243664       
# span 1 =    183.454,  10152.610       
# span 2 =      0.994,   3274.761       
# span 3 =      1.000,   3322.000       
# span 4 =     4.2992,    29.7572       
# span 5 =     4.3002,    29.7496       
# span 6 =   3.351074,   6.021907       
# span 7 =   3.351050,   6.021133       
# span 8 =     1.6014,     3.1861       
# span 9 =     1.3005,     2.6973       
# span 10 =       9.74,     102.54      
# span 11 =   25.36716,   25.74571      
# span 12 =  -88.80901,  -87.50483      
# span 13 =   -0.00773,    0.01208      
# span 14 =   -0.00704,    0.01118      
# span 15 =     2.6074,     4.7310      
# span 16 =     2.6161,     4.7274      
# span 17 =     4.0790,    29.7560      
# span 18 =     4.0800,    29.7484      
# span 19 =    34.8923,    37.0093      
# span 20 =    34.8919,    37.0088      
# span 21 =    22.7485,    27.7616      
# span 22 =    22.7485,    27.7605      
# span 23 =       0.00,    1555.11      
# span 24 =    113.372,    205.578      
# span 25 =    113.751,    205.425      
# span 26 =         30,         71      
# span 27 = 0.0000e+00, 0.0000e+00      
# interval = decibars: 1                
# start_time = Oct 13 2021 14:16:10 [NMEA time, header]
# bad_flag = -9.990e-29
*END*
[from data line 156]
      11160    464.950    158.904    160.000    25.9180    25.9176   5.645093   5.645361     2.7039     2.2793     100.00   25.49382  -87.99818   -0.00317   -0.00269     3.8301     3.8302    25.8822    25.8817    36.7190    36.7213    24.3678    24.3697    1545.03    166.983    166.988         34 0.0000e+00
      11192    466.303    159.897    161.000    25.8648    25.8641   5.641499   5.641709     2.6946     2.2713     100.00   25.49382  -87.99818   -0.00560   -0.00384     3.8172     3.8174    25.8288    25.8281    36.7350    36.7372    24.3966    24.3985    1545.01    166.414    166.423         32 0.0000e+00
      11225    467.686    160.889    162.000    25.7879    25.7884   5.634821   5.635088     2.6897     2.2628     100.00   25.49382  -87.99818   -0.00578   -0.00555     3.8119     3.8034    25.7517    25.7523    36.7474    36.7497    24.4301    24.4319    1544.98    166.179    165.808         35 0.0000e+00
      11262    469.195    161.882    163.000    25.7539    25.7539   5.632067   5.632372     2.6818     2.2559     100.00   25.49382  -87.99818   -0.00461   -0.00554     3.7994     3.7914    25.7175    25.7176    36.7542    36.7564    24.4459    24.4475    1544.96    165.632    165.283         35 0.0000e+00
      11295    470.577    162.875    164.000    25.7246    25.7248   5.629816   5.630122     2.6775     2.2550     100.00   25.49384  -87.99818   -0.00437   -0.00376     3.7934     3.7916    25.6880    25.6882    36.7609    36.7630    24.4602    24.4617    1544.93    165.370    165.288         32 0.0000e+00
      11326    471.890    163.868    165.000    25.6704    25.6700   5.625211   5.625457     2.6729     2.2532      70.74   25.49384  -87.99818   -0.00380   -0.00182     3.7884     3.7915    25.6337    25.6333    36.7703    36.7724    24.4842    24.4859    1544.90    165.146    165.281         32 0.0000e+00
      11360    473.275    164.860    166.000    25.6356    25.6358   5.621432   5.621725     2.6664     2.2470     100.08   25.49384  -87.99818   -0.00366   -0.00178     3.7786     3.7808    25.5987    25.5989    36.7702    36.7722    24.4950    24.4964    1544.88    164.717    164.814         34 0.0000e+00
      11393    474.684    165.853    167.000    25.5858    25.5838   5.615499   5.615299     2.6581     2.2378     100.00   25.49384  -87.99817   -0.00462   -0.00433     3.7730     3.7698    25.5488    25.5468    36.7725    36.7750    24.5122    24.5148    1544.85    164.472    164.331         34 0.0000e+00
      11426    476.059    166.846    168.000    25.4615    25.4621   5.605823   5.606037     2.6473     2.2285     100.00   25.49384  -87.99817   -0.00621   -0.00616     3.7536     3.7527    25.4243    25.4249    36.7940    36.7960    24.5671    24.5684    1544.83    163.616    163.578         32 0.0000e+00
      11459    477.421    167.839    169.000    25.4174    25.4177   5.601165   5.601484     2.6370     2.2177     100.00   25.49384  -87.99817   -0.00734   -0.00704     3.7371     3.7325    25.3801    25.3803    36.7957    36.7979    24.5821    24.5836    1544.80    162.896    162.696         34 0.0000e+00
      11495    478.912    168.831    170.000    25.4045    25.4051   5.600072   5.600426     2.6292     2.2119     100.00   25.49384  -87.99817   -0.00711   -0.00670     3.7232     3.7214    25.3669    25.3675    36.7978    36.7999    24.5877    24.5891    1544.77    162.287    162.208         36 0.0000e+00
      11529    480.333    169.824    171.000    25.3859    25.3855   5.598417   5.598658     2.6263     2.2118     100.00   25.49386  -87.99818   -0.00487   -0.00369     3.7192     3.7226    25.3481    25.3477    36.8003    36.8024    24.5954    24.5971    1544.74    162.112    162.261         32 0.0000e+00
      11560    481.614    170.817    172.000    25.3182    25.3178   5.592649   5.592903     2.6201     2.2043     100.00   25.49386  -87.99816   -0.00323   -0.00213     3.7120     3.7110    25.2802    25.2799    36.8120    36.8142    24.6252    24.6270    1544.72    161.794    161.751         32 0.0000e+00
      11594    483.048    171.809    173.000    25.2469    25.2471   5.586026   5.586327     2.6114     2.1965      90.91   25.49386  -87.99816   -0.00444   -0.00412     3.7001     3.6990    25.2088    25.2091    36.8203    36.8224    24.6535    24.6550    1544.69    161.270    161.224         35 0.0000e+00
      11627    484.427    172.802    174.000    25.1858    25.1855   5.580381   5.580630     2.6044     2.1899      90.54   25.49386  -87.99816   -0.00563   -0.00559     3.6908     3.6888    25.1476    25.1472    36.8276    36.8298    24.6779    24.6797    1544.66    160.860    160.774         31 0.0000e+00
      11657    485.684    173.795    175.000    25.1354    25.1350   5.575788   5.576031     2.5975     2.1834      99.82   25.49387  -87.99816   -0.00542   -0.00502     3.6809     3.6783    25.0970    25.0966    36.8342    36.8363    24.6984    24.7002    1544.63    160.427    160.311         31 0.0000e+00
      11692    487.117    174.787    176.000    25.0780    25.0773   5.570733   5.570954     2.5892     2.1784     100.00   25.49388  -87.99816   -0.00548   -0.00468     3.6687     3.6713    25.0395    25.0387    36.8428    36.8451    24.7226    24.7245    1544.60    159.893    160.003         37 0.0000e+00
      11729    488.657    175.780    177.000    25.0146    25.0139   5.564823   5.565050     2.5812     2.1702     100.00   25.49388  -87.99816   -0.00560   -0.00432     3.6577     3.6577    24.9759    24.9752    36.8501    36.8524    24.7476    24.7496    1544.57    159.406    159.407         36 0.0000e+00
      11763    490.072    176.773    178.000    24.9627    24.9622   5.559981   5.560207     2.5740     2.1638     100.00   25.49388  -87.99816   -0.00519   -0.00468     3.6473     3.6475    24.9238    24.9234    36.8559    36.8580    24.7679    24.7697    1544.55    158.950    158.961         32 0.0000e+00
      11793    491.352    177.765    179.000    24.9067    24.9065   5.554938   5.555218     2.5672     2.1575     100.00   25.49388  -87.99816   -0.00519   -0.00491     3.6378     3.6375    24.8677    24.8675    36.8636    36.8658    24.7909    24.7927    1544.52    158.534    158.519         30 0.0000e+00
      11825    492.673    178.758    180.000    24.8468    24.8460   5.549429   5.549629     2.5600     2.1507     100.00   25.49390  -87.99816   -0.00527   -0.00485     3.6279     3.6267    24.8077    24.8068    36.8710    36.8731    24.8148    24.8167    1544.49    158.099    158.044         34 0.0000e+00
      11860    494.119    179.751    181.000    24.7803    24.7791   5.543163   5.543306     2.5522     2.1427     100.00   25.49390  -87.99816   -0.00544   -0.00529     3.6172     3.6137    24.7410    24.7398    36.8781    36.8801    24.8405    24.8424    1544.45    157.628    157.475         35 0.0000e+00
      11894    495.540    180.743    182.000    24.7032    24.6994   5.535880   5.536059     2.5442     2.1368     100.00   25.49390  -87.99816   -0.00550   -0.00505     3.6088     3.6070    24.6638    24.6600    36.8880    36.8908    24.8715    24.8748    1544.42    157.257    157.177         32 0.0000e+00
      11925    496.846    181.736    183.000    24.5835    24.5832   5.525247   5.525498     2.5427     2.1354     100.00   25.49390  -87.99816   -0.00463   -0.00379     3.6120     3.6104    24.5439    24.5437    36.9042    36.9063    24.9201    24.9218    1544.39    157.390    157.321         32 0.0000e+00
      11959    498.241    182.729    184.000    24.5410    24.5407   5.521174   5.521449     2.5429     2.1351     100.00   25.49392  -87.99816   -0.00195   -0.00172     3.6156     3.6126    24.5014    24.5010    36.9081    36.9105    24.9360    24.9379    1544.36    157.542    157.412         35 0.0000e+00
      11993    499.678    183.721    185.000    24.4913    24.4914   5.516278   5.516570     2.5382     2.1344     100.00   25.49392  -87.99816   -0.00076   -0.00027     3.6097     3.6146    24.4514    24.4515    36.9118    36.9139    24.9539    24.9554    1544.33    157.285    157.498         33 0.0000e+00
      12026    501.030    184.714    186.000    24.4273    24.4254   5.509679   5.509724     2.5321     2.1290      82.14   25.49392  -87.99816   -0.00294   -0.00114     3.6023     3.6072    24.3873    24.3854    36.9142    36.9162    24.9751    24.9771    1544.30    156.961    157.172         32 0.0000e+00
      12058    502.379    185.707    187.000    24.3290    24.3287   5.499662   5.499906     2.5261     2.1199      78.31   25.49392  -87.99817   -0.00419   -0.00391     3.5972     3.5936    24.2889    24.2886    36.9192    36.9213    25.0086    25.0102    1544.26    156.733    156.575         33 0.0000e+00
      12092    503.781    186.699    188.000    24.2973    24.2968   5.496526   5.496755     2.5197     2.1141     100.15   25.49394  -87.99817   -0.00464   -0.00551     3.5870     3.5843    24.2571    24.2566    36.9213    36.9235    25.0197    25.0215    1544.24    156.284    156.167         34 0.0000e+00
      12124    505.125    187.692    189.000    24.1951    24.1943   5.486783   5.487028     2.5130     2.1111     100.00   25.49394  -87.99818   -0.00469   -0.00431     3.5810     3.5832    24.1531    24.1541    36.9329    36.9354    25.0597    25.0619    1544.19    156.019    156.115         32 0.0000e+00
      12157    506.487    188.685    190.000    24.1428    24.1424   5.483773   5.484025     2.5091     2.1085     100.00   25.49394  -87.99818   -0.00426   -0.00260     3.5764     3.5806    24.1023    24.1019    36.9516    36.9538    25.0891    25.0909    1544.16    155.812    155.995         33 0.0000e+00
      12191    507.909    189.677    191.000    24.0859    24.0855   5.478730   5.478969     2.5081     2.1062     100.00   25.49394  -87.99818   -0.00275   -0.00189     3.5783     3.5793    24.0452    24.0449    36.9600    36.9622    25.1126    25.1143    1544.13    155.892    155.933         34 0.0000e+00
      12224    509.295    190.670    192.000    24.0603    24.0606   5.476593   5.476922     2.5050     2.1048     100.00   25.49394  -87.99818   -0.00155   -0.00168     3.5743     3.5783    24.0195    24.0198    36.9647    36.9669    25.1238    25.1254    1544.09    155.715    155.889         33 0.0000e+00
      12256    510.621    191.662    193.000    24.0164    24.0144   5.472234   5.472234     2.5040     2.1032     100.00   25.49394  -87.99818   -0.00153   -0.00105     3.5755     3.5780    23.9754    23.9734    36.9676    36.9692    25.1392    25.1410    1544.06    155.766    155.873         31 0.0000e+00
      12288    511.979    192.655    194.000    23.9263    23.9288   5.461528   5.462083     2.4997     2.0994     100.00   25.49395  -87.99818   -0.00181   -0.00143     3.5767     3.5765    23.8852    23.8877    36.9610    36.9636    25.1611    25.1624    1544.02    155.816    155.806         34 0.0000e+00
      12323    513.418    193.648    195.000    23.8895    23.8896   5.459192   5.459552     2.4910     2.0928      78.11   25.49396  -87.99818   -0.00370   -0.00306     3.5586     3.5634    23.8482    23.8483    36.9728    36.9755    25.1811    25.1831    1543.98    155.022    155.234         34 0.0000e+00
      12355    514.760    194.640    196.000    23.8720    23.8722   5.460041   5.460393     2.4896     2.0922      96.57   25.49396  -87.99818   -0.00419   -0.00345     3.5569     3.5630    23.8305    23.8307    36.9935    36.9961    25.2020    25.2039    1543.95    154.944    155.213         32 0.0000e+00
      12388    516.135    195.633    197.000    23.8575    23.8583   5.459818   5.460200     2.4925     2.0980      99.97   25.49396  -87.99818   -0.00145   -0.00060     3.5640     3.5770    23.8158    23.8166    37.0035    37.0058    25.2140    25.2155    1543.91    155.254    155.820         34 0.0000e+00
      12423    517.567    196.626    198.000    23.8372    23.8366   5.457670   5.457845     2.4962     2.1013     100.00   25.49396  -87.99818    0.00171    0.00304     3.5732     3.5863    23.7953    23.7947    37.0037    37.0056    25.2202    25.2218    1543.88    155.652    156.224         34 0.0000e+00
      12456    518.960    197.618    199.000    23.8173    23.8179   5.455377   5.455693     2.4960     2.1019     100.00   25.49397  -87.99818    0.00197    0.00227     3.5745     3.5891    23.7752    23.7759    37.0024    37.0043    25.2252    25.2265    1543.85    155.709    156.345         32 0.0000e+00
      12488    520.310    198.610    200.000    23.8025    23.8048   5.453565   5.454110     2.4944     2.1002     100.00   25.49398  -87.99818    0.00018    0.00043     3.5727     3.5875    23.7613    23.7630    36.9997    37.0019    25.2273    25.2283    1543.81    155.631    156.275         34 0.0000e+00
      12522    521.696    199.603    201.000    23.6803    23.6773   5.437399   5.437196     2.4915     2.0948     100.00   25.49398  -87.99816   -0.00107   -0.00141     3.5733     3.5804    23.6354    23.6354    36.9803    36.9812    25.2499    25.2514    1543.78    155.653    155.961         32 0.0000e+00
      12554    523.022    200.596    202.000    23.6372    23.6378   5.433256   5.433585     2.4841     2.0886     100.00   25.49398  -87.99816   -0.00272   -0.00351     3.5642     3.5725    23.5948    23.5953    36.9820    36.9841    25.2632    25.2646    1543.74    155.255    155.617         31 0.0000e+00
      12585    524.340    201.589    203.000    23.6339    23.6345   5.434064   5.434411     2.4815     2.0858     100.00   25.49398  -87.99816   -0.00393   -0.00404     3.5595     3.5667    23.5913    23.5918    36.9907    36.9928    25.2708    25.2723    1543.71    155.048    155.364         34 0.0000e+00
      12622    525.854    202.581    204.000    23.5798    23.5785   5.429727   5.429821     2.4824     2.0868      97.59   25.49400  -87.99816   -0.00201   -0.00191     3.5651     3.5727    23.5370    23.5356    37.0022    37.0041    25.2956    25.2974    1543.67    155.289    155.619         38 0.0000e+00
      12657    527.323    203.573    205.000    23.5082    23.5079   5.422255   5.422473     2.4832     2.0865      95.48   25.49400  -87.99818    0.00034    0.00014     3.5718     3.5768    23.4653    23.4649    37.0043    37.0063    25.3183    25.3200    1543.63    155.578    155.796         31 0.0000e+00
      12686    528.561    204.566    206.000    23.4635    23.4637   5.417502   5.417756     2.4804     2.0847      99.99   25.49400  -87.99816   -0.00003   -0.00010     3.5689     3.5756    23.4204    23.4207    37.0048    37.0065    25.3320    25.3332    1543.60    155.451    155.742         30 0.0000e+00
      12717    529.853    205.559    207.000    23.4052    23.4025   5.411090   5.411032     2.4771     2.0822     100.00   25.49401  -87.99816   -0.00152   -0.00129     3.5671     3.5746    23.3620    23.3593    37.0038    37.0056    25.3484    25.3506    1543.56    155.371    155.694         33 0.0000e+00
      12753    531.346    206.551    208.000    23.3593    23.3593   5.406516   5.406772     2.4725     2.0779      58.99   25.49402  -87.99816   -0.00256   -0.00202     3.5613     3.5682    23.3159    23.3160    37.0067    37.0087    25.3641    25.3656    1543.52    155.115    155.415         37 0.0000e+00
      12788    532.777    207.544    209.000    23.3338    23.3341   5.403844   5.404092     2.4696     2.0751      93.53   25.49402  -87.99816   -0.00266   -0.00245     3.5575     3.5638    23.2903    23.2905    37.0071    37.0088    25.3719    25.3731    1543.49    154.947    155.220         32 0.0000e+00
      12819    534.088    208.536    210.000    23.2900    23.2898   5.398895   5.399074     2.4661     2.0734     100.02   25.49402  -87.99816   -0.00242   -0.00213     3.5538     3.5632    23.2464    23.2461    37.0053    37.0068    25.3834    25.3847    1543.46    154.782    155.193         31 0.0000e+00
