GOMECC/GOMECC-4/1db/rb2103_1351.ros
* Sea-Bird SBE 9 Data File:
* FileName = C:\Users\scs.user.rb\CTD\GOMECC4\data\rb2103_1351.hex
* Software Version Seasave V 7.26.7.107
* Temperature SN = 4799
* Conductivity SN = 3860
* Number of Bytes Per Scan = 41
* Number of Voltage Words = 4
* Number of Scans Averaged by the Deck Unit = 1
* NMEA Latitude = 26 15.54 N
* NMEA Longitude = 083 48.34 W
* NMEA UTC (Time) = Oct 20 2021  01:30:15
* NMEA baud rate = 4800
# nquan = 17
# nvalues = 1463                                  
# units = specified
# name 0 = scan: Scan Count
# name 1 = timeS: Time, Elapsed [seconds]
# name 2 = depSM: Depth [salt water, m]
# name 3 = prDM: Pressure, Digiquartz [db]
# name 4 = t090C: Temperature [ITS-90, deg C]
# name 5 = t190C: Temperature, 2 [ITS-90, deg C]
# name 6 = c0S/m: Conductivity [S/m]
# name 7 = c1S/m: Conductivity, 2 [S/m]
# name 8 = sbeox0V: Oxygen raw, SBE 43 [V]
# name 9 = sbeox1V: Oxygen raw, SBE 43, 2 [V]
# name 10 = altM: Altimeter [m]
# name 11 = latitude: Latitude [deg]
# name 12 = longitude: Longitude [deg]
# name 13 = sbox0dV/dT: Oxygen, SBE 43 [dov/dt]
# name 14 = sbox1dV/dT: Oxygen, SBE 43, 2 [dov/dt]
# name 15 = nbf: Bottles Fired
# name 16 = flag:  0.000e+00
# interval = seconds: 0.0416667
# start_time = Oct 20 2021 01:30:15 [NMEA time, header]
# bad_flag = -9.990e-29
*END*
[from data line 766]
      30956   1289.792     44.902     45.201    25.1495    25.1001   5.510349   5.503675     3.0757     2.6032      51.97   26.25884  -83.80516    0.00179   -0.00021          6  0.000e+00
      30957   1289.833     44.996     45.297    25.1500    25.0969   5.510380   5.503339     3.0757     2.6032      51.97   26.25884  -83.80516    0.00180   -0.00019          6  0.000e+00
      30958   1289.875     44.949     45.249    25.1484    25.0882   5.510488   5.502862     3.0733     2.6032      51.97   26.25884  -83.80516    0.00176   -0.00016          6  0.000e+00
      30959   1289.917     44.949     45.249    25.1486    25.0797   5.510550   5.502464     3.0745     2.6032      51.97   26.25884  -83.80516    0.00174   -0.00013          6  0.000e+00
      30960   1289.958     44.949     45.249    25.1514    25.0732   5.510735   5.502190     3.0745     2.6032      51.97   26.25884  -83.80516    0.00172   -0.00010          6  0.000e+00
      30961   1290.000     44.949     45.249    25.1500    25.0721   5.510867   5.502002     3.0745     2.6032      51.97   26.25884  -83.80516    0.00170   -0.00007          6  0.000e+00
      30962   1290.042     44.949     45.249    25.1511    25.0706   5.510882   5.501862     3.0745     2.6032      51.97   26.25884  -83.80516    0.00167   -0.00004          6  0.000e+00
      30963   1290.083     44.922     45.222    25.1515    25.0692   5.511052   5.501846     3.0745     2.6032      52.06   26.25884  -83.80516    0.00165   -0.00003          6  0.000e+00
      30964   1290.125     44.949     45.249    25.1516    25.0689   5.511345   5.501901     3.0745     2.6032      52.14   26.25884  -83.80516    0.00163   -0.00001          6  0.000e+00
      30965   1290.167     44.949     45.249    25.1531    25.0704   5.511639   5.502088     3.0745     2.6032      52.14   26.25884  -83.80516    0.00158 -7.034e-07          6  0.000e+00
      30966   1290.208     44.949     45.249    25.1549    25.0688   5.511739   5.502096     3.0745     2.6032      52.14   26.25884  -83.80516    0.00155    0.00001          6  0.000e+00
      30967   1290.250     44.949     45.249    25.1572    25.0659   5.511747   5.501956     3.0745     2.6032      52.14   26.25884  -83.80516    0.00153    0.00003          6  0.000e+00
      30968   1290.292     44.949     45.249    25.1583    25.0643   5.511747   5.501846     3.0745     2.6032      52.14   26.25884  -83.80516    0.00148    0.00004          6  0.000e+00
      30969   1290.333     44.949     45.249    25.1611    25.0651   5.511916   5.501877     3.0745     2.6032      52.14   26.25884  -83.80516    0.00143    0.00006          6  0.000e+00
      30970   1290.375     44.949     45.249    25.1661    25.0655   5.511939   5.501979     3.0745     2.6032      52.14   26.25884  -83.80516    0.00139    0.00006          6  0.000e+00
      30971   1290.417     44.902     45.201    25.1665    25.0662   5.512001   5.502041     3.0745     2.6032      52.14   26.25884  -83.80516    0.00134    0.00005          6  0.000e+00
      30972   1290.458     44.949     45.249    25.1662    25.0668   5.512048   5.502128     3.0745     2.6032      52.14   26.25884  -83.80516    0.00129    0.00005          6  0.000e+00
      30973   1290.500     44.976     45.276    25.1661    25.0672   5.512032   5.502300     3.0745     2.6032      52.14   26.25884  -83.80516    0.00124    0.00005          6  0.000e+00
      30974   1290.542     44.949     45.249    25.1663    25.0682   5.511986   5.502542     3.0745     2.6032      52.14   26.25884  -83.80516    0.00118    0.00005          6  0.000e+00
      30975   1290.583     44.949     45.249    25.1658    25.0710   5.511939   5.502698     3.0745     2.6032      52.14   26.25884  -83.80516    0.00111    0.00005          6  0.000e+00
      30976   1290.625     44.902     45.201    25.1672    25.0735   5.511901   5.502784     3.0745     2.6032      52.14   26.25884  -83.80516    0.00104    0.00004          6  0.000e+00
      30977   1290.667     44.949     45.249    25.1683    25.0749   5.511716   5.502753     3.0745     2.6032      52.14   26.25884  -83.80516    0.00098    0.00004          6  0.000e+00
      30978   1290.708     44.949     45.249    25.1666    25.0770   5.511445   5.502636     3.0745     2.6044      52.14   26.25884  -83.80516    0.00091    0.00006          6  0.000e+00
      30979   1290.750     44.949     45.249    25.1662    25.0766   5.511314   5.502683     3.0745     2.6044      52.14   26.25884  -83.80516    0.00083    0.00007          6  0.000e+00
      30980   1290.792     44.949     45.249    25.1633    25.0751   5.511221   5.502863     3.0757     2.6032      52.14   26.25884  -83.80516    0.00079    0.00007          6  0.000e+00
      30981   1290.833     44.949     45.249    25.1618    25.0795   5.511237   5.503152     3.0745     2.6032      52.14   26.25884  -83.80516    0.00073    0.00007          6  0.000e+00
      30982   1290.875     44.922     45.222    25.1615    25.0876   5.511283   5.503762     3.0745     2.6032      52.14   26.25884  -83.80516    0.00067    0.00008          6  0.000e+00
      30983   1290.917     44.949     45.249    25.1623    25.0987   5.511291   5.504403     3.0745     2.6032      52.14   26.25884  -83.80516    0.00059    0.00010          6  0.000e+00
      30984   1290.958     44.996     45.297    25.1622    25.1036   5.511260   5.505044     3.0745     2.6032      52.14   26.25884  -83.80516    0.00052    0.00011          6  0.000e+00
      30985   1291.000     44.902     45.201    25.1586    25.1189   5.511206   5.506014     3.0745     2.6044      52.14   26.25884  -83.80516    0.00045    0.00013          6  0.000e+00
      30986   1291.042     44.997     45.297    25.1571    25.1248   5.511268   5.506937     3.0745     2.6044      52.14   26.25884  -83.80516    0.00041    0.00014          6  0.000e+00
      30987   1291.083     44.949     45.249    25.1581    25.1288   5.511399   5.507633     3.0745     2.6032      52.09   26.25884  -83.80516    0.00034    0.00016          6  0.000e+00
      33293   1387.167     35.054     35.287    28.2392    28.2407   5.801080   5.800846     3.2137     2.7179      61.98   26.25886  -83.80514   -0.00070   -0.00083          7  0.000e+00
      33294   1387.208     34.986     35.219    28.2377    28.2433   5.800946   5.801030     3.2137     2.7179      61.98   26.25886  -83.80514   -0.00073   -0.00092          7  0.000e+00
      33295   1387.250     34.756     34.987    28.2370    28.2442   5.800914   5.801358     3.2149     2.7167      61.98   26.25886  -83.80514   -0.00073   -0.00103          7  0.000e+00
      33296   1387.292     34.837     35.069    28.2357    28.2460   5.800946   5.801766     3.2137     2.7167      61.98   26.25886  -83.80514   -0.00076   -0.00113          7  0.000e+00
      33297   1387.333     34.891     35.123    28.2368    28.2485   5.801032   5.802126     3.2137     2.7167      61.98   26.25886  -83.80514   -0.00076   -0.00125          7  0.000e+00
      33298   1387.375     34.905     35.137    28.2373    28.2509   5.801088   5.802350     3.2149     2.7155      61.98   26.25886  -83.80514   -0.00076   -0.00138          7  0.000e+00
      33299   1387.417     34.837     35.069    28.2357    28.2521   5.801135   5.802326     3.2149     2.7155      61.98   26.25886  -83.80514   -0.00076   -0.00150          7  0.000e+00
      33300   1387.458     34.891     35.123    28.2355    28.2479   5.801151   5.801950     3.2149     2.7155      61.98   26.25886  -83.80514   -0.00076   -0.00161          7  0.000e+00
      33301   1387.500     34.905     35.137    28.2370    28.2398   5.801111   5.801182     3.2161     2.7155      61.98   26.25886  -83.80514   -0.00075   -0.00171          7  0.000e+00
      33302   1387.542     34.891     35.123    28.2361    28.2351   5.800993   5.800726     3.2149     2.7155      61.98   26.25886  -83.80514   -0.00075   -0.00182          7  0.000e+00
      33303   1387.583     34.891     35.123    28.2331    28.2358   5.800669   5.801110     3.2149     2.7167      61.98   26.25886  -83.80514   -0.00074   -0.00190          7  0.000e+00
      33304   1387.625     34.905     35.137    28.2309    28.2436   5.800401   5.801974     3.2161     2.7167      61.98   26.25886  -83.80514   -0.00074   -0.00198          7  0.000e+00
      33305   1387.667     34.939     35.171    28.2304    28.2514   5.800204   5.802670     3.2161     2.7179      61.98   26.25886  -83.80514   -0.00072   -0.00204          7  0.000e+00
      33306   1387.708     34.891     35.123    28.2307    28.2538   5.800078   5.802758     3.2161     2.7179      61.98   26.25886  -83.80514   -0.00072   -0.00211          7  0.000e+00
      33307   1387.750     34.905     35.137    28.2291    28.2529   5.800054   5.802550     3.2161     2.7179      61.98   26.25886  -83.80514   -0.00070   -0.00219          7  0.000e+00
      33308   1387.792     34.939     35.171    28.2282    28.2471   5.800054   5.802142     3.2161     2.7179      61.98   26.25886  -83.80514   -0.00070   -0.00226          7  0.000e+00
      33309   1387.833     34.939     35.171    28.2289    28.2448   5.800125   5.801878     3.2161     2.7192      61.98   26.25886  -83.80514   -0.00070   -0.00231          7  0.000e+00
      33310   1387.875     34.905     35.137    28.2289    28.2464   5.800188   5.802014     3.2161     2.7192      61.98   26.25886  -83.80514   -0.00070   -0.00236          7  0.000e+00
      33311   1387.917     34.939     35.171    28.2287    28.2468   5.800275   5.802102     3.2173     2.7204      61.98   26.25886  -83.80514   -0.00068   -0.00239          7  0.000e+00
      33312   1387.958     34.959     35.191    28.2304    28.2468   5.800472   5.802150     3.2161     2.7204      61.98   26.25886  -83.80514   -0.00068   -0.00242          7  0.000e+00
      33313   1388.000     34.939     35.171    28.2331    28.2471   5.800606   5.802238     3.2161     2.7204      61.98   26.25886  -83.80514   -0.00067   -0.00245          7  0.000e+00
      33314   1388.042     34.939     35.171    28.2337    28.2468   5.800590   5.802366     3.2161     2.7204      61.98   26.25886  -83.80514   -0.00067   -0.00249          7  0.000e+00
      33315   1388.083     34.959     35.191    28.2335    28.2468   5.800543   5.802430     3.2161     2.7204      61.93   26.25886  -83.80514   -0.00067   -0.00252          7  0.000e+00
      33316   1388.125     34.986     35.219    28.2344    28.2481   5.800606   5.802518     3.2161     2.7204      61.86   26.25886  -83.80514   -0.00065   -0.00256          7  0.000e+00
      33317   1388.167     34.939     35.171    28.2359    28.2500   5.800843   5.802502     3.2173     2.7204      61.86   26.25886  -83.80514   -0.00063   -0.00258          7  0.000e+00
      33318   1388.208     35.006     35.239    28.2381    28.2510   5.801056   5.802494     3.2161     2.7204      61.86   26.25886  -83.80514   -0.00063   -0.00262          7  0.000e+00
      33319   1388.250     34.986     35.219    28.2392    28.2516   5.801103   5.802742     3.2161     2.7216      61.86   26.25886  -83.80514   -0.00063   -0.00264          7  0.000e+00
      33320   1388.292     34.986     35.219    28.2403    28.2547   5.801245   5.803150     3.2161     2.7216      61.86   26.25886  -83.80514   -0.00063   -0.00264          7  0.000e+00
      33321   1388.333     35.006     35.239    28.2410    28.2590   5.801293   5.803502     3.2161     2.7216      61.86   26.25886  -83.80514   -0.00062   -0.00265          7  0.000e+00
      33322   1388.375     34.986     35.219    28.2414    28.2610   5.801332   5.803662     3.2161     2.7216      61.86   26.25886  -83.80514   -0.00062   -0.00265          7  0.000e+00
      33323   1388.417     34.986     35.219    28.2419    28.2616   5.801372   5.803686     3.2161     2.7216      61.86   26.25886  -83.80514   -0.00062   -0.00264          7  0.000e+00
      33324   1388.458     35.006     35.239    28.2419    28.2613   5.801348   5.803646     3.2161     2.7228      61.86   26.25886  -83.80514   -0.00060   -0.00262          7  0.000e+00
      33325   1388.500     35.040     35.273    28.2423    28.2612   5.801380   5.803638     3.2161     2.7228      61.88   26.25886  -83.80514   -0.00060   -0.00260          7  0.000e+00
      33326   1388.542     34.986     35.219    28.2423    28.2619   5.801387   5.803637     3.2161     2.7216      61.86   26.25886  -83.80514   -0.00058   -0.00260          7  0.000e+00
      33327   1388.583     35.054     35.287    28.2423    28.2623   5.801458   5.803638     3.2161     2.7228      61.86   26.25886  -83.80514   -0.00056   -0.00258          7  0.000e+00
      33328   1388.625     35.040     35.273    28.2423    28.2616   5.801482   5.803670     3.2161     2.7228      61.86   26.25886  -83.80514   -0.00054   -0.00256          7  0.000e+00
      33329   1388.667     35.040     35.273    28.2425    28.2610   5.801443   5.803646     3.2161     2.7216      61.86   26.25886  -83.80514   -0.00053   -0.00253          7  0.000e+00
      33330   1388.708     35.006     35.239    28.2428    28.2616   5.801403   5.803710     3.2161     2.7228      61.86   26.25886  -83.80514   -0.00051   -0.00249          7  0.000e+00
      33331   1388.750     35.040     35.273    28.2414    28.2615   5.801316   5.803622     3.2173     2.7228      61.86   26.25886  -83.80514   -0.00048   -0.00247          7  0.000e+00
      33332   1388.792     34.959     35.192    28.2397    28.2608   5.801222   5.803549     3.2161     2.7228      61.86   26.25886  -83.80514   -0.00045   -0.00242          7  0.000e+00
      33333   1388.833     35.135     35.369    28.2390    28.2584   5.801127   5.803326     3.2173     2.7228      61.86   26.25886  -83.80514   -0.00041   -0.00238          7  0.000e+00
      33334   1388.875     35.088     35.321    28.2392    28.2566   5.801103   5.803150     3.2161     2.7228      61.86   26.25886  -83.80514   -0.00039   -0.00233          7  0.000e+00
      33335   1388.917     35.054     35.287    28.2394    28.2558   5.801103   5.803078     3.2161     2.7228      61.86   26.25886  -83.80514   -0.00037   -0.00227          7  0.000e+00
      33336   1388.958     35.040     35.273    28.2384    28.2551   5.801064   5.803070     3.2173     2.7228      61.86   26.25886  -83.80514   -0.00033   -0.00222          7  0.000e+00
      33337   1389.000     35.088     35.321    28.2361    28.2557   5.800985   5.803102     3.2173     2.7228      61.86   26.25886  -83.80514   -0.00029   -0.00215          7  0.000e+00
      33338   1389.042     35.108     35.341    28.2355    28.2555   5.800961   5.803046     3.2173     2.7228      61.86   26.25886  -83.80514   -0.00025   -0.00208          7  0.000e+00
      33339   1389.083     35.088     35.321    28.2361    28.2555   5.800993   5.803054     3.2173     2.7228      61.86   26.25886  -83.80514   -0.00019   -0.00201          7  0.000e+00
      33340   1389.125     35.040     35.273    28.2372    28.2549   5.801040   5.802998     3.2173     2.7228      61.83   26.25886  -83.80514   -0.00015   -0.00194          7  0.000e+00
      33341   1389.167     35.108     35.341    28.2377    28.2551   5.801088   5.803006     3.2173     2.7241      61.83   26.25886  -83.80514   -0.00011   -0.00185          7  0.000e+00
      33342   1389.208     35.088     35.321    28.2381    28.2547   5.801064   5.803022     3.2173     2.7241      61.83   26.25886  -83.80514   -0.00007   -0.00176          7  0.000e+00
      33343   1389.250     35.088     35.321    28.2381    28.2540   5.801127   5.802910     3.2186     2.7241      61.83   26.25886  -83.80514   -0.00002   -0.00166          7  0.000e+00
      33344   1389.292     35.108     35.342    28.2388    28.2538   5.801182   5.802878     3.2186     2.7241      61.83   26.25886  -83.80514    0.00004   -0.00157          7  0.000e+00
      33345   1389.333     35.088     35.321    28.2383    28.2534   5.801198   5.802838     3.2186     2.7241      61.83   26.25886  -83.80514    0.00010   -0.00147          7  0.000e+00
