GOMECC/GOMECC-4/1db/rb2103_1121.cnv
* Sea-Bird SBE 9 Data File:
* FileName = C:\Users\scs.user.rb\CTD\GOMECC4\data\rb2103_1121.hex
* Software Version Seasave V 7.26.7.107
* Temperature SN = 4799
* Conductivity SN = 3860
* Number of Bytes Per Scan = 41
* Number of Voltage Words = 4
* Number of Scans Averaged by the Deck Unit = 1
* NMEA Latitude = 22 15.23 N
* NMEA Longitude = 086 48.60 W
* NMEA UTC (Time) = Oct 15 2021  11:26:45
* NMEA baud rate = 4800
# nquan = 28
# nvalues = 197                         
# units = specified
# name 0 = scan: Scan Count
# name 1 = timeS: Time, Elapsed [seconds]
# name 2 = depSM: Depth [salt water, m]
# name 3 = prDM: Pressure, Digiquartz [db]
# name 4 = t090C: Temperature [ITS-90, deg C]
# name 5 = t190C: Temperature, 2 [ITS-90, deg C]
# name 6 = c0S/m: Conductivity [S/m]
# name 7 = c1S/m: Conductivity, 2 [S/m]
# name 8 = sbeox0V: Oxygen raw, SBE 43 [V]
# name 9 = sbeox1V: Oxygen raw, SBE 43, 2 [V]
# name 10 = altM: Altimeter [m]
# name 11 = latitude: Latitude [deg]
# name 12 = longitude: Longitude [deg]
# name 13 = sbox0dV/dT: Oxygen, SBE 43 [dov/dt]
# name 14 = sbox1dV/dT: Oxygen, SBE 43, 2 [dov/dt]
# name 15 = sbeox0ML/L: Oxygen, SBE 43 [ml/l], WS = 5
# name 16 = sbeox1ML/L: Oxygen, SBE 43, 2 [ml/l], WS = 5
# name 17 = potemp090C: Potential Temperature [ITS-90, deg C]
# name 18 = potemp190C: Potential Temperature, 2 [ITS-90, deg C]
# name 19 = sal00: Salinity, Practical [PSU]
# name 20 = sal11: Salinity, Practical, 2 [PSU]
# name 21 = sigma-é00: Density [sigma-theta, kg/m^3]
# name 22 = sigma-é11: Density, 2 [sigma-theta, kg/m^3]
# name 23 = avgsvCM: Average Sound Velocity [Chen-Millero, m/s], minP = 20, minS = 20
# name 24 = sbox0Mm/Kg: Oxygen, SBE 43 [umol/kg], WS = 5
# name 25 = sbox1Mm/Kg: Oxygen, SBE 43, 2 [umol/kg], WS = 5
# name 26 = nbin: number of scans per bin
# name 27 = flag: flag
# span 0 =       9997,      42279       
# span 1 =    416.480,   1761.587       
# span 2 =      1.987,    126.168       
# span 3 =      2.000,    127.000       
# span 4 =    17.0635,    30.0611       
# span 5 =    17.0640,    30.0663       
# span 6 =   4.647993,   6.131801       
# span 7 =   4.648155,   6.132508       
# span 8 =     2.0972,     3.2422       
# span 9 =     1.7491,     2.7444       
# span 10 =       6.43,     102.81      
# span 11 =   22.23461,   23.15023      
# span 12 =  -90.30618,  -86.73475      
# span 13 =   -0.04969,    0.01717      
# span 14 =   -0.04334,    0.01625      
# span 15 =     3.0187,     4.4920      
# span 16 =     3.0278,     4.4770      
# span 17 =    17.0433,    30.0604      
# span 18 =    17.0438,    30.0656      
# span 19 =    36.2152,    37.6778      
# span 20 =    36.2163,    37.6788      
# span 21 =    23.0110,    26.4968      
# span 22 =    23.0118,    26.4971      
# span 23 =       0.00,    1587.80      
# span 24 =    131.404,    196.101      
# span 25 =    131.802,    195.445      
# span 26 =         30,         75      
# span 27 = 0.0000e+00, 0.0000e+00      
# interval = decibars: 1                
# start_time = Oct 15 2021 11:26:45 [NMEA time, header]
# bad_flag = -9.990e-29
*END*
[from data line 104]
      14445    601.815    114.250    115.000    17.0729    17.0739   4.650137   4.650338     2.1117     1.7649      19.07   22.25398  -86.81030   -0.00031   -0.00042     3.1787     3.1986    17.0537    17.0547    36.2926    36.2935    26.4939    26.4944    1527.52    138.297    139.161         35 0.0000e+00
      14482    603.356    115.243    116.000    17.0758    17.0763   4.650554   4.650696     2.1083     1.7632      17.97   22.25398  -86.81030   -0.00124   -0.00116     3.1711     3.1946    17.0565    17.0570    36.2933    36.2941    26.4939    26.4944    1527.42    137.965    138.987         36 0.0000e+00
      14514    604.709    116.236    117.000    17.0751    17.0765   4.650575   4.650814     2.1066     1.7613      17.10   22.25398  -86.81030   -0.00197   -0.00129     3.1676     3.1902    17.0556    17.0570    36.2938    36.2946    26.4944    26.4947    1527.33    137.815    138.798         30 0.0000e+00
      14573    607.178    118.223    119.000    17.0741    17.0752   4.650373   4.650589     2.1049     1.7584      15.12   22.25211  -86.80301   -0.00068   -0.00133     3.1647     3.1836    17.0543    17.0554    36.2913    36.2921    26.4926    26.4929    1527.01    137.687    138.512         34 0.0000e+00
      14610    608.697    119.216    120.000    17.0760    17.0770   4.650903   4.651079     2.1045     1.7582      14.11   22.25398  -86.81030   -0.00070   -0.00078     3.1639     3.1835    17.0560    17.0570    36.2946    36.2953    26.4949    26.4953    1527.05    137.652    138.505         36 0.0000e+00
      14645    610.152    120.209    121.000    17.0766    17.0784   4.651029   4.651319     2.1048     1.7583      13.16   22.25398  -86.81030   -0.00037   -0.00026     3.1649     3.1840    17.0564    17.0582    36.2948    36.2958    26.4950    26.4953    1526.96    137.696    138.527         34 0.0000e+00
      14677    611.482    121.202    122.000    17.0773    17.0775   4.650976   4.651043     2.1046     1.7580      12.19   22.25398  -86.81030    0.00007    0.00000     3.1650     3.1840    17.0569    17.0572    36.2949    36.2955    26.4950    26.4953    1526.87    137.699    138.528         30 0.0000e+00
      14736    613.941    123.188    124.000    17.0674    17.0692   4.649900   4.650147     2.1034     1.7555      10.33   22.25258  -86.80485   -0.00031   -0.00073     3.1637     3.1789    17.0468    17.0485    36.2926    36.2926    26.4955    26.4951    1526.61    137.645    138.305         32 0.0000e+00
      14771    615.409    124.182    125.000    17.0653    17.0667   4.649878   4.650113     2.1027     1.7556       9.15   22.25398  -86.81030   -0.00056   -0.00071     3.1625     3.1796    17.0445    17.0459    36.2933    36.2941    26.4968    26.4970    1526.63    137.591    138.335         38 0.0000e+00
      14866    619.374    125.175    126.000    17.0722    17.0784   4.650762   4.651507     2.1024     1.7552       7.93   22.25398  -86.81030   -0.00018    0.00005     3.1618     3.1783    17.0512    17.0574    36.2940    36.2949    26.4956    26.4949    1526.54    137.561    138.278         51 0.0000e+00
      17362    723.359    126.168    127.000    17.0688    17.0681   4.650293   4.650282     2.1011     1.7528       6.43   22.25540  -86.81584    0.00000   -0.00025     3.1594     3.1732    17.0477    17.0469    36.2937    36.2943    26.4964    26.4971    1526.43    137.456    138.059         62 0.0000e+00
      17451    727.072    125.175    126.000    17.0697    17.0691   4.650173   4.650101     2.1016     1.7542       7.53   22.25398  -86.81026    0.00020    0.00014     3.1601     3.1763    17.0487    17.0481    36.2916    36.2922    26.4944    26.4950    1526.33    137.488    138.193         37 0.0000e+00
      17529    730.341    124.182    125.000    17.0772    17.0737   4.651294   4.650605     2.1020     1.7546       8.43   22.25398  -86.81026   -0.00004    0.00005     3.1600     3.1768    17.0563    17.0528    36.2919    36.2922    26.4928    26.4939    1526.33    137.482    138.213         55 0.0000e+00
      17619    734.063    123.189    124.000    17.0735    17.0736   4.650543   4.650615     2.1021     1.7546       9.47   22.25398  -86.81026    0.00012    0.00001     3.1602     3.1764    17.0528    17.0529    36.2920    36.2927    26.4937    26.4942    1526.33    137.494    138.195         44 0.0000e+00
      17701    737.503    122.195    123.000    17.0804    17.0738   4.651213   4.650837     2.1028     1.7538      10.41   22.25398  -86.81026    0.00023   -0.00025     3.1608     3.1737    17.0599    17.0532    36.2920    36.2934    26.4920    26.4947    1526.33    137.517    138.079         75 0.0000e+00
      17854    743.865    120.209    121.000    17.0635    17.0640   4.647993   4.648155     2.1023     1.7542      12.22   22.24307  -86.76769    0.00027    0.00056     3.1604     3.1747    17.0433    17.0438    36.2744    36.2752    26.4812    26.4816    1525.58    137.501    138.123         48 0.0000e+00
      17970    748.721    119.216    120.000    17.0671    17.0694   4.649726   4.650012     2.1036     1.7545      13.32   22.25398  -86.81026    0.00035   -0.00002     3.1625     3.1748    17.0471    17.0494    36.2924    36.2927    26.4954    26.4951    1526.33    137.592    138.126         38 0.0000e+00
      18037    751.513    118.223    119.000    17.0687    17.0681   4.649798   4.649801     2.1033     1.7549      14.27   22.25397  -86.81026    0.00030    0.00036     3.1612     3.1755    17.0488    17.0483    36.2920    36.2924    26.4947    26.4951    1526.33    137.537    138.158         51 0.0000e+00
      18138    755.712    117.230    118.000    17.0677    17.0684   4.649643   4.649770     2.1028     1.7544      15.29   22.25397  -86.81026   -0.00006   -0.00018     3.1598     3.1739    17.0480    17.0487    36.2919    36.2924    26.4948    26.4950    1526.33    137.476    138.088         48 0.0000e+00
      18212    758.779    116.236    117.000    17.0685    17.0679   4.649688   4.649688     2.1027     1.7547      16.25   22.25396  -86.81026    0.00005    0.00059     3.1591     3.1741    17.0490    17.0484    36.2920    36.2925    26.4946    26.4952    1526.33    137.442    138.095         33 0.0000e+00
      18309    762.824    115.243    116.000    17.0679    17.0691   4.649586   4.649787     2.1028     1.7566      17.26   22.25396  -86.81026   -0.00022    0.00043     3.1591     3.1785    17.0486    17.0498    36.2920    36.2927    26.4947    26.4949    1526.33    137.443    138.289         70 0.0000e+00
      18384    765.971    114.250    115.000    17.0738    17.0786   4.650153   4.650830     2.1030     1.7553      18.23   22.25396  -86.81026   -0.00001   -0.00036     3.1588     3.1743    17.0546    17.0594    36.2921    36.2937    26.4933    26.4934    1526.33    137.429    138.106         31 0.0000e+00
      18478    769.888    113.257    114.000    17.0948    17.0907   4.652611   4.652270     2.1043     1.7573      19.21   22.25398  -86.81026    0.00029    0.00056     3.1598     3.1779    17.0758    17.0717    36.2943    36.2952    26.4899    26.4916    1526.33    137.474    138.262         71 0.0000e+00
      18531    772.068    112.263    113.000    17.1128    17.1126   4.654675   4.654818     2.1059     1.7582      20.01   22.25397  -86.81026    0.00048   -0.00010     3.1619     3.1783    17.0939    17.0938    36.2973    36.2987    26.4879    26.4890    1526.33    137.566    138.282         38 0.0000e+00
      18572    773.794    111.270    112.000    17.1237    17.1356   4.656051   4.657523     2.1091     1.7615      21.00   22.25396  -86.81026    0.00127    0.00109     3.1681     3.1847    17.1050    17.1169    36.2999    36.3021    26.4872    26.4860    1526.33    137.837    138.561         43 0.0000e+00
      18614    775.560    110.277    111.000    17.1621    17.1669   4.659849   4.661282     2.1119     1.7637      22.00   22.25396  -86.81026    0.00174    0.00175     3.1718     3.1879    17.1436    17.1484    36.3030    36.3066    26.4803    26.4818    1526.33    138.000    138.698         41 0.0000e+00
      18656    777.310    109.284    110.000    17.1942    17.2106   4.664327   4.666292     2.1124     1.7632      22.97   22.25396  -86.81026    0.00119    0.00073     3.1700     3.1834    17.1757    17.1922    36.3097    36.3120    26.4777    26.4754    1526.33    137.921    138.505         46 0.0000e+00
      20107    837.755    106.304    107.000    17.3976    17.3972   4.686042   4.686152     2.1130     1.7639      25.96   22.23461  -86.73475   -0.00016   -0.00006     3.1566     3.1718    17.3795    17.3791    36.3075    36.3088    26.4241    26.4252    1525.00    137.341    138.005         33 0.0000e+00
      20252    843.804    105.311    106.000    17.4153    17.4157   4.690415   4.690709     2.1146     1.7662      27.06   22.25396  -86.81022   -0.00006    0.00026     3.1581     3.1757    17.3974    17.3978    36.3397    36.3407    26.4470    26.4476    1526.33    137.407    138.174         40 0.0000e+00
      20441    851.680    103.324    104.000    17.5062    17.5195   4.700993   4.703041     2.1170     1.7666      28.89   22.25650  -86.82012    0.00057   -0.00009     3.1567     3.1693    17.4886    17.5019    36.3521    36.3579    26.4345    26.4358    1526.50    137.350    137.897         47 0.0000e+00
      20493    853.853    102.331    103.000    17.5728    17.5913   4.708498   4.711090     2.1178     1.7673      29.92   22.25396  -86.81022    0.00050    0.00089     3.1537     3.1662    17.5553    17.5738    36.3566    36.3625    26.4214    26.4213    1526.33    137.219    137.761         64 0.0000e+00
      20554    856.354    101.338    102.000    17.6147    17.6409   4.713856   4.716841     2.1172     1.7662      30.86   22.25396  -86.81022   -0.00024   -0.00047     3.1490     3.1597    17.5973    17.6235    36.3659    36.3683    26.4182    26.4136    1526.33    137.013    137.481         54 0.0000e+00
      20610    858.695    100.345    101.000    17.6871    17.7210   4.722211   4.726195     2.1169     1.7655      31.84   22.25396  -86.81022   -0.00005   -0.00018     3.1432     3.1524    17.6699    17.7037    36.3737    36.3779    26.4063    26.4012    1526.33    136.766    137.165         57 0.0000e+00
      20667    861.090     99.351    100.000    17.7448    17.7543   4.729226   4.730158     2.1132     1.7602      32.86   22.25396  -86.81022   -0.00091   -0.00162     3.1305     3.1369    17.7277    17.7371    36.3831    36.3822    26.3993    26.3963    1526.33    136.210    136.493         58 0.0000e+00
      20721    863.348     98.358     99.000    17.7682    17.7948   4.731692   4.734771     2.1103     1.7582      33.77   22.25396  -86.81021   -0.00174   -0.00147     3.1219     3.1292    17.7513    17.7779    36.3839    36.3863    26.3941    26.3893    1526.33    135.840    136.157         54 0.0000e+00
      20781    865.842     97.365     98.000    17.8232    17.8493   4.737614   4.740769     2.1085     1.7555      34.81   22.25396  -86.81020   -0.00069   -0.00097     3.1141     3.1186    17.8063    17.8324    36.3862    36.3901    26.3823    26.3788    1526.33    135.499    135.698         62 0.0000e+00
      20839    868.231     96.371     97.000    17.8966    17.8962   4.745919   4.746463     2.1064     1.7559      35.75   22.25396  -86.81020   -0.00103   -0.00051     3.1040     3.1162    17.8799    17.8794    36.3926    36.3976    26.3690    26.3730    1526.33    135.064    135.595         54 0.0000e+00
      20891    870.427     95.378     96.000    17.9972    18.0233   4.758009   4.761442     2.1106     1.7619      36.70   22.25396  -86.81020    0.00075    0.00187     3.1065     3.1225    17.9801    18.0067    36.4076    36.4137    26.3556    26.3538    1526.33    135.174    135.872         54 0.0000e+00
      20952    872.968     94.385     95.000    18.0486    18.0847   4.764169   4.768373     2.1138     1.7628      37.76   22.25396  -86.81020    0.00166    0.00128     3.1097     3.1207    18.0321    18.0682    36.4149    36.4185    26.3483    26.3420    1526.33    135.314    135.793         64 0.0000e+00
      21010    875.362     93.392     94.000    18.0960    18.1100   4.769603   4.771340     2.1138     1.7599      38.67   22.25396  -86.81020    0.00045   -0.00069     3.1058     3.1115    18.0808    18.0937    36.4199    36.4218    26.3399    26.3382    1526.33    135.146    135.393         49 0.0000e+00
      22451    935.416     88.425     89.000    18.3336    18.3271   4.800173   4.799035     2.1137     1.7614      43.85   22.27545  -86.89396    0.00003    0.00066     3.0872     3.0999    18.3180    18.3116    36.4713    36.4788    26.3220    26.3301    1527.80    134.340    134.892         41 0.0000e+00
      22615    942.236     86.438     87.000    18.4753    18.4684   4.814810   4.813755     2.1211     1.7690      45.64   22.25856  -86.82806    0.00183    0.00167     3.0962     3.1081    18.4646    18.4531    36.4693    36.4679    26.2820    26.2836    1526.64    134.738    135.254         59 0.0000e+00
      22666    944.359     85.445     86.000    18.5169    18.5328   4.818906   4.821272     2.1281     1.7745      46.54   22.25398  -86.81020    0.00307    0.00275     3.1073     3.1177    18.5016    18.5177    36.4694    36.4752    26.2720    26.2725    1526.33    135.219    135.671         47 0.0000e+00
      22712    946.300     84.452     85.000    18.5522    18.5643   4.822964   4.825506     2.1319     1.7793      47.49   22.25398  -86.81020    0.00256    0.00258     3.1131     3.1268    18.5373    18.5492    36.4729    36.4837    26.2657    26.2710    1526.33    135.474    136.067         54 0.0000e+00
      22774    948.895     83.459     84.000    18.6226    18.6258   4.831088   4.832312     2.1405     1.7906      48.56   22.25398  -86.81020    0.00285    0.00380     3.1258     3.1500    18.6058    18.6109    36.4815    36.4874    26.2549    26.2581    1526.33    136.029    137.079         60 0.0000e+00
      22826    951.021     82.465     83.000    18.8114    18.8538   4.854146   4.859492     2.1540     1.7987      49.42   22.25398  -86.81020    0.00454    0.00389     3.1434     3.1563    18.7966    18.8390    36.5084    36.5218    26.2268    26.2262    1526.33    136.796    137.356         47 0.0000e+00
      22877    953.152     81.471     82.000    18.9682    18.9803   4.872546   4.873502     2.1647     1.8095      50.47   22.25398  -86.81020    0.00629    0.00514     3.1567     3.1727    18.9535    18.9656    36.5255    36.5231    26.1996    26.1948    1526.33    137.378    138.075         62 0.0000e+00
      22943    955.922     80.478     81.000    18.9660    18.9818   4.872852   4.874246     2.1682     1.8094      51.50   22.25398  -86.81020    0.00193    0.00063     3.1640     3.1719    18.9515    18.9672    36.5304    36.5282    26.2040    26.1982    1526.33    137.698    138.043         55 0.0000e+00
      22986    957.699     79.485     80.000    19.1147    19.1312   4.888522   4.887215     2.1696     1.8096      52.39   22.25398  -86.81020    0.00064   -0.00020     3.1570     3.1632    19.0991    19.1179    36.5318    36.5308    26.1669    26.1690    1526.33    137.398    137.666         42 0.0000e+00
      23041    960.007     78.492     79.000    19.2355    19.2307   4.902491   4.901996     2.1699     1.8089      53.46   22.25398  -86.81020    0.00063   -0.00014     3.1496     3.1547    19.2212    19.2164    36.5427    36.5419    26.1437    26.1444    1526.33    137.076    137.301         69 0.0000e+00
      23103    962.601     77.498     78.000    19.1827    19.2003   4.896665   4.898611     2.1672     1.8099      54.39   22.25398  -86.81020   -0.00124    0.00024     3.1466     3.1586    19.1686    19.1863    36.5407    36.5414    26.1558    26.1517    1526.33    136.944    137.470         50 0.0000e+00
