GOMECC/GOMECC-4/1db/rb2103_0861.ros
* Sea-Bird SBE 9 Data File:
* FileName = C:\Users\scs.user.rb\CTD\GOMECC4\data\rb2103_0861.hex
* Software Version Seasave V 7.26.7.107
* Temperature SN = 4799
* Conductivity SN = 3860
* Number of Bytes Per Scan = 41
* Number of Voltage Words = 4
* Number of Scans Averaged by the Deck Unit = 1
* NMEA Latitude = 20 01.19 N
* NMEA Longitude = 093 46.26 W
* NMEA UTC (Time) = Oct 08 2021  06:53:11
* NMEA baud rate = 4800
# nquan = 17
# nvalues = 2128                                  
# units = specified
# name 0 = scan: Scan Count
# name 1 = timeS: Time, Elapsed [seconds]
# name 2 = depSM: Depth [salt water, m]
# name 3 = prDM: Pressure, Digiquartz [db]
# name 4 = t090C: Temperature [ITS-90, deg C]
# name 5 = t190C: Temperature, 2 [ITS-90, deg C]
# name 6 = c0S/m: Conductivity [S/m]
# name 7 = c1S/m: Conductivity, 2 [S/m]
# name 8 = sbeox0V: Oxygen raw, SBE 43 [V]
# name 9 = sbeox1V: Oxygen raw, SBE 43, 2 [V]
# name 10 = altM: Altimeter [m]
# name 11 = latitude: Latitude [deg]
# name 12 = longitude: Longitude [deg]
# name 13 = sbox0dV/dT: Oxygen, SBE 43 [dov/dt]
# name 14 = sbox1dV/dT: Oxygen, SBE 43, 2 [dov/dt]
# name 15 = nbf: Bottles Fired
# name 16 = flag:  0.000e+00
# interval = seconds: 0.0416667
# start_time = Oct 08 2021 06:53:11 [NMEA time, header]
# bad_flag = -9.990e-29
*END*
[from data line 171]
      64336   2680.625   1288.021   1299.986     4.4626     4.4665   3.351074   3.351392     1.9402     1.6166     100.00   20.02020  -93.77154   -0.00017    0.00002          2  0.000e+00
      64337   2680.667   1288.076   1300.042     4.4625     4.4667   3.351093   3.351411     1.9402     1.6166     100.00   20.02020  -93.77154   -0.00015    0.00002          2  0.000e+00
      64338   2680.708   1288.021   1299.986     4.4626     4.4666   3.351118   3.351399     1.9402     1.6166     100.00   20.02020  -93.77154   -0.00013    0.00002          2  0.000e+00
      64339   2680.750   1287.973   1299.937     4.4631     4.4665   3.351175   3.351392     1.9402     1.6166     100.00   20.02020  -93.77154   -0.00012    0.00002          2  0.000e+00
      64340   2680.792   1288.028   1299.993     4.4631     4.4668   3.351162   3.351411     1.9402     1.6166     100.00   20.02020  -93.77154   -0.00010    0.00002          2  0.000e+00
      64341   2680.833   1288.021   1299.986     4.4631     4.4668   3.351137   3.351399     1.9402     1.6166     100.00   20.02020  -93.77154   -0.00008    0.00002          2  0.000e+00
      64342   2680.875   1288.028   1299.993     4.4632     4.4671   3.351124   3.351411     1.9402     1.6166     100.00   20.02020  -93.77154   -0.00006    0.00001          2  0.000e+00
      64343   2680.917   1288.022   1299.986     4.4629     4.4670   3.351124   3.351418     1.9402     1.6166     100.00   20.02020  -93.77154   -0.00004    0.00001          2  0.000e+00
      64344   2680.958   1287.973   1299.938     4.4626     4.4673   3.351124   3.351418     1.9402     1.6166     100.00   20.02020  -93.77154   -0.00002    0.00001          2  0.000e+00
      64345   2681.000   1287.966   1299.931     4.4628     4.4673   3.351105   3.351437     1.9389     1.6166     100.00   20.02020  -93.77154   -0.00002    0.00001          2  0.000e+00
      64346   2681.042   1288.029   1299.994     4.4626     4.4669   3.351137   3.351405     1.9402     1.6166     100.00   20.02020  -93.77154   -0.00001    0.00001          2  0.000e+00
      64347   2681.083   1288.022   1299.987     4.4628     4.4669   3.351093   3.351392     1.9402     1.6178     100.00   20.02020  -93.77154    0.00001    0.00003          2  0.000e+00
      64348   2681.125   1287.973   1299.938     4.4626     4.4668   3.351130   3.351392     1.9402     1.6166     100.00   20.02020  -93.77154    0.00003    0.00003          2  0.000e+00
      64349   2681.167   1287.967   1299.931     4.4625     4.4669   3.351137   3.351411     1.9402     1.6166     100.00   20.02020  -93.77154    0.00003    0.00003          2  0.000e+00
      64350   2681.208   1288.029   1299.994     4.4626     4.4666   3.351124   3.351373     1.9389     1.6166     100.00   20.02020  -93.77154    0.00002    0.00003          2  0.000e+00
      64351   2681.250   1287.967   1299.931     4.4628     4.4666   3.351105   3.351379     1.9389     1.6178     100.00   20.02020  -93.77154 -7.034e-07    0.00005          2  0.000e+00
      64352   2681.292   1288.029   1299.994     4.4625     4.4663   3.351093   3.351392     1.9402     1.6166     100.00   20.02020  -93.77154    0.00002    0.00004          2  0.000e+00
      64353   2681.333   1288.029   1299.994     4.4629     4.4663   3.351118   3.351341     1.9389     1.6166     100.00   20.02020  -93.77154    0.00002    0.00004          2  0.000e+00
      64354   2681.375   1288.022   1299.987     4.4628     4.4662   3.351124   3.351328     1.9389     1.6166     100.00   20.02020  -93.77154    0.00002    0.00004          2  0.000e+00
      64355   2681.417   1287.974   1299.938     4.4628     4.4660   3.351086   3.351328     1.9402     1.6166     100.00   20.02020  -93.77154    0.00004    0.00004          2  0.000e+00
      64356   2681.458   1288.022   1299.987     4.4626     4.4662   3.351093   3.351328     1.9402     1.6166     100.00   20.02020  -93.77154    0.00006    0.00004          2  0.000e+00
      64357   2681.500   1288.029   1299.994     4.4628     4.4660   3.351118   3.351328     1.9402     1.6166     100.00   20.02020  -93.77154    0.00008    0.00004          2  0.000e+00
      64358   2681.542   1288.022   1299.987     4.4629     4.4660   3.351149   3.351328     1.9402     1.6166     100.00   20.02020  -93.77154    0.00008    0.00004          2  0.000e+00
      64359   2681.583   1288.029   1299.994     4.4628     4.4662   3.351131   3.351373     1.9402     1.6166     100.00   20.02020  -93.77154    0.00010    0.00004          2  0.000e+00
      64360   2681.625   1288.022   1299.987     4.4626     4.4667   3.351124   3.351392     1.9402     1.6166     100.00   20.02020  -93.77154    0.00012    0.00004          2  0.000e+00
      64361   2681.667   1288.078   1300.043     4.4626     4.4666   3.351099   3.351418     1.9402     1.6166     100.00   20.02020  -93.77154    0.00013    0.00003          2  0.000e+00
      64362   2681.708   1288.022   1299.987     4.4618     4.4674   3.351074   3.351469     1.9389     1.6166     100.00   20.02020  -93.77154    0.00012    0.00003          2  0.000e+00
      64363   2681.750   1288.029   1299.994     4.4623     4.4681   3.351086   3.351482     1.9389     1.6178     100.00   20.02020  -93.77154    0.00010    0.00005          2  0.000e+00
      64364   2681.792   1288.071   1300.036     4.4625     4.4679   3.351055   3.351501     1.9402     1.6178     100.00   20.02020  -93.77154    0.00012    0.00007          2  0.000e+00
      64365   2681.833   1288.078   1300.043     4.4622     4.4678   3.351099   3.351462     1.9402     1.6166     100.00   20.02020  -93.77154    0.00014    0.00006          2  0.000e+00
      64366   2681.875   1288.078   1300.044     4.4625     4.4674   3.351105   3.351450     1.9402     1.6166     100.00   20.02020  -93.77154    0.00016    0.00006          2  0.000e+00
      64367   2681.917   1288.071   1300.037     4.4631     4.4671   3.351156   3.351405     1.9389     1.6166     100.00   20.02020  -93.77154    0.00016    0.00006          2  0.000e+00
      64368   2681.958   1288.133   1300.099     4.4626     4.4666   3.351118   3.351367     1.9389     1.6166     100.00   20.02020  -93.77154    0.00014    0.00006          2  0.000e+00
      64369   2682.000   1288.071   1300.037     4.4623     4.4673   3.351118   3.351424     1.9389     1.6166     100.00   20.02020  -93.77154    0.00014    0.00006          2  0.000e+00
      64370   2682.042   1288.133   1300.100     4.4629     4.4677   3.351149   3.351494     1.9389     1.6166     100.00   20.02020  -93.77154    0.00013    0.00006          2  0.000e+00
      64371   2682.083   1288.126   1300.093     4.4636     4.4678   3.351219   3.351514     1.9389     1.6166     100.00   20.02020  -93.77154    0.00011    0.00005          2  0.000e+00
      64372   2682.125   1288.133   1300.100     4.4641     4.4681   3.351250   3.351514     1.9402     1.6166     100.00   20.02020  -93.77154    0.00011    0.00005          2  0.000e+00
      64373   2682.167   1288.127   1300.093     4.4645     4.4677   3.351244   3.351488     1.9402     1.6166     100.00   20.02020  -93.77154    0.00013    0.00005          2  0.000e+00
      64374   2682.208   1288.182   1300.149     4.4643     4.4677   3.351269   3.351501     1.9402     1.6166     100.00   20.02020  -93.77154    0.00013    0.00005          2  0.000e+00
      64375   2682.250   1288.175   1300.142     4.4648     4.4681   3.351326   3.351514     1.9402     1.6166     100.00   20.02020  -93.77154    0.00013    0.00005          2  0.000e+00
      64376   2682.292   1288.134   1300.100     4.4655     4.4682   3.351332   3.351514     1.9389     1.6166     100.00   20.02020  -93.77154    0.00012    0.00004          2  0.000e+00
      64377   2682.333   1288.175   1300.142     4.4655     4.4683   3.351339   3.351533     1.9389     1.6166     100.00   20.02020  -93.77154    0.00012    0.00004          2  0.000e+00
      64378   2682.375   1288.182   1300.149     4.4656     4.4682   3.351288   3.351520     1.9389     1.6166     100.00   20.02020  -93.77154    0.00012    0.00004          2  0.000e+00
      64379   2682.417   1288.134   1300.100     4.4656     4.4679   3.351326   3.351488     1.9389     1.6166     100.00   20.02020  -93.77154    0.00010    0.00004          2  0.000e+00
      64380   2682.458   1288.327   1300.296     4.4649     4.4677   3.351314   3.351501     1.9389     1.6166     100.00   20.02020  -93.77154    0.00009    0.00004          2  0.000e+00
      64381   2682.500   1288.237   1300.205     4.4645     4.4677   3.351307   3.351514     1.9402     1.6166     100.00   20.02020  -93.77154    0.00009    0.00004          2  0.000e+00
      64382   2682.542   1288.230   1300.198     4.4636     4.4678   3.351257   3.351488     1.9402     1.6166     100.00   20.02020  -93.77154    0.00009    0.00003          2  0.000e+00
      64383   2682.583   1288.237   1300.205     4.4641     4.4677   3.351295   3.351526     1.9402     1.6166     100.00   20.02020  -93.77154    0.00009    0.00003          2  0.000e+00
      64384   2682.625   1288.279   1300.247     4.4641     4.4677   3.351307   3.351469     1.9389     1.6166     100.00   20.02020  -93.77154    0.00007    0.00003          2  0.000e+00
      64385   2682.667   1288.237   1300.205     4.4644     4.4676   3.351333   3.351469     1.9389     1.6166     100.00   20.02020  -93.77154    0.00006    0.00003          2  0.000e+00
      64386   2682.708   1288.327   1300.296     4.4646     4.4674   3.351383   3.351463     1.9402     1.6178     100.00   20.02020  -93.77154    0.00007    0.00004          2  0.000e+00
      64387   2682.750   1288.286   1300.254     4.4658     4.4674   3.351402   3.351424     1.9389     1.6166     100.00   20.02020  -93.77154    0.00007    0.00004          2  0.000e+00
      64388   2682.792   1288.279   1300.247     4.4664     4.4674   3.351421   3.351437     1.9389     1.6166     100.00   20.02020  -93.77154    0.00007    0.00004          2  0.000e+00
      64389   2682.833   1288.286   1300.254     4.4669     4.4673   3.351459   3.351450     1.9389     1.6166     100.00   20.02020  -93.77154    0.00008    0.00004          2  0.000e+00
      64390   2682.875   1288.327   1300.296     4.4669     4.4671   3.351484   3.351424     1.9402     1.6166     100.00   20.02020  -93.77154    0.00008    0.00004          2  0.000e+00
      64391   2682.917   1288.341   1300.310     4.4674     4.4669   3.351471   3.351399     1.9389     1.6166     100.00   20.02020  -93.77154    0.00006    0.00003          2  0.000e+00
      64392   2682.958   1288.327   1300.296     4.4673     4.4671   3.351484   3.351431     1.9402     1.6166     100.00   20.02020  -93.77154    0.00006    0.00003          2  0.000e+00
      64393   2683.000   1288.341   1300.310     4.4671     4.4667   3.351516   3.351405     1.9402     1.6166     100.00   20.02020  -93.77154    0.00006    0.00003          2  0.000e+00
      64394   2683.042   1288.383   1300.352     4.4674     4.4668   3.351497   3.351392     1.9389     1.6166     100.00   20.02020  -93.77154    0.00006    0.00003          2  0.000e+00
      64395   2683.083   1288.342   1300.310     4.4672     4.4663   3.351516   3.351316     1.9389     1.6166     100.00   20.02020  -93.77154    0.00006    0.00003          2  0.000e+00
      64396   2683.125   1288.390   1300.359     4.4671     4.4660   3.351516   3.351341     1.9389     1.6166     100.00   20.02020  -93.77154    0.00006    0.00002          2  0.000e+00
      64397   2683.167   1288.383   1300.352     4.4668     4.4657   3.351522   3.351309     1.9389     1.6166     100.00   20.02020  -93.77154    0.00005    0.00002          2  0.000e+00
      64398   2683.208   1288.342   1300.311     4.4667     4.4655   3.351528   3.351316     1.9389     1.6166     100.00   20.02020  -93.77154    0.00003    0.00002          2  0.000e+00
      64399   2683.250   1288.431   1300.401     4.4668     4.4655   3.351497   3.351303     1.9402     1.6166     100.00   20.02020  -93.77154    0.00003    0.00002          2  0.000e+00
      64400   2683.292   1288.390   1300.360     4.4671     4.4654   3.351471   3.351316     1.9389     1.6166     100.00   20.02020  -93.77154    0.00002    0.00002          2  0.000e+00
      64401   2683.333   1288.383   1300.353     4.4664     4.4655   3.351459   3.351328     1.9389     1.6166      90.87   20.02020  -93.77154 5.2752e-07    0.00001          2  0.000e+00
      64402   2683.375   1288.390   1300.360     4.4663     4.4654   3.351465   3.351303     1.9402     1.6166      69.74   20.02020  -93.77154    0.00000    0.00001          2  0.000e+00
      64403   2683.417   1288.432   1300.402     4.4668     4.4657   3.351415   3.351296     1.9389     1.6154      62.98   20.02020  -93.77154   -0.00002   -0.00001          2  0.000e+00
      64404   2683.458   1288.390   1300.360     4.4667     4.4658   3.351402   3.351296     1.9389     1.6166      63.32   20.02020  -93.77154   -0.00001   -0.00001          2  0.000e+00
      64405   2683.500   1288.384   1300.353     4.4666     4.4655   3.351421   3.351296     1.9389     1.6166      64.22   20.02020  -93.77154   -0.00003   -0.00001          2  0.000e+00
      64406   2683.542   1288.446   1300.416     4.4666     4.4657   3.351408   3.351316     1.9389     1.6166      64.49   20.02020  -93.77154   -0.00003   -0.00001          2  0.000e+00
      64407   2683.583   1288.384   1300.353     4.4663     4.4658   3.351446   3.351328     1.9402     1.6166      64.44   20.02020  -93.77154   -0.00003   -0.00002          2  0.000e+00
      64408   2683.625   1288.391   1300.360     4.4658     4.4660   3.351421   3.351328     1.9389     1.6166      64.42   20.02020  -93.77154   -0.00005   -0.00002          2  0.000e+00
      64409   2683.667   1288.432   1300.402     4.4660     4.4662   3.351421   3.351348     1.9402     1.6166      64.40   20.02020  -93.77154   -0.00004   -0.00002          2  0.000e+00
      64410   2683.708   1288.391   1300.360     4.4658     4.4662   3.351408   3.351335     1.9389     1.6166      64.40   20.02020  -93.77154   -0.00006   -0.00002          2  0.000e+00
      64411   2683.750   1288.384   1300.353     4.4658     4.4665   3.351396   3.351373     1.9389     1.6166      64.40   20.02020  -93.77154   -0.00008   -0.00002          2  0.000e+00
      64412   2683.792   1288.391   1300.360     4.4661     4.4665   3.351402   3.351392     1.9389     1.6166      64.42   20.02020  -93.77154   -0.00009   -0.00002          2  0.000e+00
      64413   2683.833   1288.391   1300.360     4.4660     4.4665   3.351396   3.351373     1.9402     1.6166      64.42   20.02020  -93.77154   -0.00008   -0.00003          2  0.000e+00
      64414   2683.875   1288.384   1300.354     4.4661     4.4668   3.351402   3.351386     1.9402     1.6166      64.40   20.02020  -93.77154   -0.00006   -0.00003          2  0.000e+00
      64415   2683.917   1288.391   1300.361     4.4660     4.4669   3.351396   3.351411     1.9389     1.6166      64.42   20.02020  -93.77154   -0.00008   -0.00003          2  0.000e+00
      64416   2683.958   1288.329   1300.298     4.4662     4.4675   3.351427   3.351418     1.9402     1.6166      64.40   20.02020  -93.77154   -0.00006   -0.00003          2  0.000e+00
      64417   2684.000   1288.391   1300.361     4.4660     4.4679   3.351402   3.351418     1.9402     1.6166      64.40   20.02020  -93.77154   -0.00006   -0.00003          2  0.000e+00
      64418   2684.042   1288.329   1300.298     4.4658     4.4679   3.351402   3.351437     1.9389     1.6166      64.42   20.02020  -93.77154   -0.00007   -0.00003          2  0.000e+00
      64419   2684.083   1288.391   1300.361     4.4660     4.4677   3.351396   3.351469     1.9389     1.6166      64.40   20.02020  -93.77154   -0.00009   -0.00004          2  0.000e+00
