GOMECC/GOMECC-4/1db/rb2103_0431.cnv
* Sea-Bird SBE 9 Data File:
* FileName = C:\Users\scs.user.rb\CTD\GOMECC4\data\rb2103_0431.hex
* Software Version Seasave V 7.26.7.107
* Temperature SN = 4799
* Conductivity SN = 3860
* Number of Bytes Per Scan = 41
* Number of Voltage Words = 4
* Number of Scans Averaged by the Deck Unit = 1
* NMEA Latitude = 28 29.94 N
* NMEA Longitude = 090 00.00 W
* NMEA UTC (Time) = Sep 26 2021  07:09:27
* NMEA baud rate = 4800
# nquan = 28
# nvalues = 128                         
# units = specified
# name 0 = scan: Scan Count
# name 1 = timeS: Time, Elapsed [seconds]
# name 2 = depSM: Depth [salt water, m]
# name 3 = prDM: Pressure, Digiquartz [db]
# name 4 = t090C: Temperature [ITS-90, deg C]
# name 5 = t190C: Temperature, 2 [ITS-90, deg C]
# name 6 = c0S/m: Conductivity [S/m]
# name 7 = c1S/m: Conductivity, 2 [S/m]
# name 8 = sbeox0V: Oxygen raw, SBE 43 [V]
# name 9 = sbeox1V: Oxygen raw, SBE 43, 2 [V]
# name 10 = altM: Altimeter [m]
# name 11 = latitude: Latitude [deg]
# name 12 = longitude: Longitude [deg]
# name 13 = sbox0dV/dT: Oxygen, SBE 43 [dov/dt]
# name 14 = sbox1dV/dT: Oxygen, SBE 43, 2 [dov/dt]
# name 15 = sbeox0ML/L: Oxygen, SBE 43 [ml/l], WS = 5
# name 16 = sbeox1ML/L: Oxygen, SBE 43, 2 [ml/l], WS = 5
# name 17 = potemp090C: Potential Temperature [ITS-90, deg C]
# name 18 = potemp190C: Potential Temperature, 2 [ITS-90, deg C]
# name 19 = sal00: Salinity, Practical [PSU]
# name 20 = sal11: Salinity, Practical, 2 [PSU]
# name 21 = sigma-é00: Density [sigma-theta, kg/m^3]
# name 22 = sigma-é11: Density, 2 [sigma-theta, kg/m^3]
# name 23 = avgsvCM: Average Sound Velocity [Chen-Millero, m/s], minP = 20, minS = 20
# name 24 = sbox0Mm/Kg: Oxygen, SBE 43 [umol/kg], WS = 5
# name 25 = sbox1Mm/Kg: Oxygen, SBE 43, 2 [umol/kg], WS = 5
# name 26 = nbin: number of scans per bin
# name 27 = flag: flag
# span 0 =      18592,      42128       
# span 1 =    774.615,   1755.273       
# span 2 =      1.986,     89.379       
# span 3 =      2.000,     90.000       
# span 4 =    17.6913,    29.4965       
# span 5 =    17.6810,    29.4651       
# span 6 =   4.711784,   5.821672       
# span 7 =   4.710588,   5.821897       
# span 8 =     1.9239,     3.1499       
# span 9 =     1.5936,     2.6745       
# span 10 =       5.82,      89.95      
# span 11 =   28.11958,   28.67169      
# span 12 =  -90.54425,  -88.80079      
# span 13 =   -0.05446,    0.03337      
# span 14 =   -0.04966,    0.03345      
# span 15 =     2.6938,     4.4023      
# span 16 =     2.7163,     4.4108      
# span 17 =    17.6759,    29.4939      
# span 18 =    17.6657,    29.4629      
# span 19 =    33.2273,    36.3798      
# span 20 =    33.1873,    36.3718      
# span 21 =    21.1244,    26.3517      
# span 22 =    21.0693,    26.3514      
# span 23 =       0.00,    1548.54      
# span 24 =    117.219,    192.248      
# span 25 =    118.199,    192.618      
# span 26 =         30,         73      
# span 27 = 0.0000e+00, 0.0000e+00      
# interval = decibars: 1                
# start_time = Sep 26 2021 07:09:27 [NMEA time, header]
# bad_flag = -9.990e-29
*END*
[from data line 104]
      31993   1333.010     53.632     54.000    23.6296    23.7074   5.336111   5.343289     2.4930     2.1092      41.08   28.49934  -90.00022    0.01142    0.00510     3.5330     3.5640    23.6184    23.6961    36.2935    36.2847    24.7341    24.7046    1534.32    153.976    155.332         64 0.0000e+00
      32051   1335.431     52.639     53.000    23.7321    23.7674   5.346733   5.350007     2.4987     2.0993      42.01   28.49934  -90.00022    0.00574   -0.00226     3.5373     3.5382    23.7210    23.7563    36.2912    36.2873    24.7021    24.6887    1534.32    154.167    154.208         56 0.0000e+00
      32107   1337.754     51.646     52.000    23.8108    23.8479   5.354601   5.358019     2.4943     2.1018      42.99   28.49934  -90.00022   -0.00153   -0.00181     3.5230     3.5385    23.7998    23.8370    36.2873    36.2830    24.6758    24.6615    1534.32    153.550    154.225         57 0.0000e+00
      32171   1340.413     50.652     51.000    23.8451    23.9287   5.358366   5.366117     2.5019     2.1340      44.10   28.49934  -90.00022    0.00170    0.00882     3.5341     3.6034    23.8338    23.9179    36.2877    36.2791    24.6660    24.6346    1534.32    154.035    157.059         65 0.0000e+00
      32228   1342.791     49.660     50.000    24.0152    24.2599   5.375102   5.398100     2.5248     2.1535      44.91   28.49934  -90.00022    0.00707    0.01296     3.5692     3.6255    24.0046    24.2492    36.2773    36.2527    24.6073    24.5155    1534.32    155.573    158.040         57 0.0000e+00
      32291   1345.421     48.667     49.000    24.4830    24.6880   5.422478   5.442030     2.5185     2.0953      45.97   28.49934  -90.00022    0.00665   -0.01510     3.5263     3.4733    24.4724    24.6774    36.2563    36.2391    24.4512    24.3762    1534.32    153.723    151.427         61 0.0000e+00
      32345   1347.682     47.673     48.000    24.6732    24.7979   5.442888   5.455789     2.4832     2.0625      46.94   28.49934  -90.00022   -0.01392   -0.02011     3.4446     3.3954    24.6628    24.7875    36.2564    36.2553    24.3936    24.3551    1534.32    150.172    148.032         54 0.0000e+00
      32410   1350.366     46.680     47.000    24.8755    25.0156   5.464484   5.477561     2.4471     2.0401      47.95   28.49935  -90.00022   -0.01312   -0.00863     3.3610     3.3342    24.8653    25.0053    36.2555    36.2405    24.3316    24.2775    1534.32    146.538    145.377         69 0.0000e+00
      32468   1352.777     45.687     46.000    24.9708    25.1146   5.474465   5.488369     2.4312     2.0243      48.87   28.49936  -90.00022   -0.00992   -0.00741     3.3247     3.2959    24.9608    25.1045    36.2520    36.2378    24.2998    24.2451    1534.32    144.959    143.712         50 0.0000e+00
      32524   1355.145     44.694     45.000    25.2036    25.3647   5.497188   5.511981     2.4140     2.0056      49.87   28.49936  -90.00022   -0.00614   -0.00676     3.2728     3.2364    25.1937    25.3549    36.2366    36.2157    24.2168    24.1501    1534.32    142.706    141.128         67 0.0000e+00
      32592   1357.943     43.701     44.000    25.3733    25.3875   5.512992   5.514810     2.3943     1.9922      50.83   28.49936  -90.00022   -0.00765   -0.00684     3.2286     3.2107    25.3636    25.3779    36.2185    36.2204    24.1508    24.1475    1534.32    140.791    140.008         53 0.0000e+00
      32654   1360.552     42.708     43.000    25.6161    25.7491   5.537704   5.550601     2.3826     1.9905      51.88   28.49936  -90.00022   -0.00547   -0.00131     3.1913     3.1869    25.6066    25.7395    36.2079    36.1973    24.0677    24.0183    1534.32    139.176    138.989         44 0.0000e+00
      32647   1360.256     40.722     41.000    25.7187    25.3865   5.534163   5.497083     2.3672     1.9953      53.32   28.33934  -89.49488   -0.00036    0.00632     3.1560     3.2139    25.7096    25.3774    36.0166    36.0032    23.8660    23.9578    1525.70    137.645    140.157         38 0.0000e+00
      32962   1373.376     39.729     40.000    26.5221    26.5713   5.623737   5.628787     2.4181     2.0569      54.78   28.49936  -90.00022    0.00468    0.00995     3.2070     3.2822    26.5130    26.5622    36.1224    36.1249    23.7187    23.7050    1534.32    139.906    143.190         53 0.0000e+00
      35007   1458.590     29.797     30.000    28.3665    28.3627   5.770589   5.768187     3.1117     2.6401      64.12   28.37414  -89.60473    0.00025   -0.00105     4.3694     4.3671    28.3593    28.3555    35.6753    35.7319    22.7609    22.8112    1527.58    190.777    190.670         44 0.0000e+00
      35286   1470.218     28.804     29.000    28.5163    28.5096   5.796106   5.796052     3.1252     2.6537      65.59   28.49938  -90.00022   -0.00142   -0.00275     4.3862     4.3862    28.5094    28.5026    35.8147    35.8210    22.8395    22.8465    1534.32    191.512    191.511         37 0.0000e+00
      35842   1493.359     23.838     24.000    28.6287    28.6104   5.773102   5.774438     3.1259     2.6537      70.52   28.50953  -90.03226   -0.00032   -0.00038     4.3825     4.3822    28.6229    28.6047    35.5792    35.5928    22.6268    22.6422    1534.87    191.392    191.378         32 0.0000e+00
      35940   1497.473     22.845     23.000    28.6899    28.6795   5.778871   5.777370     3.1284     2.6532      71.48   28.49938  -90.00022    0.00029   -0.00036     4.3813     4.3761    28.6844    28.6740    35.5677    35.5651    22.5958    22.5972    1534.32    191.345    191.117         30 0.0000e+00
      37474   1561.387     12.913     13.000    28.2938    28.3080   5.585583   5.585171     3.0744     2.6102      79.92   28.11958  -88.80079    0.00038   -0.00089     4.3160     4.3159    28.2907    28.3048    34.2989    34.2876    21.7013    21.6881    1513.87    188.603    188.603         36 0.0000e+00
      38576   1607.296      9.933     10.000    28.8628    28.9936   5.693268   5.710897     3.1372     2.6610      76.90   28.67169  -90.54425   -0.00061   -0.00046     4.3922     4.3900    28.8604    28.9912    34.9241    34.9780    22.0782    22.0834    1543.59    191.938    191.848         35 0.0000e+00
      40047   1668.603      4.966      5.000    28.6047    28.6849   5.553610   5.574279     3.0901     2.6325      82.74   28.29379  -89.35076   -0.00180    0.00271     4.3352     4.3474    28.6035    28.6837    33.9579    34.0425    21.3744    21.4113    1523.25    189.527    190.056         42 0.0000e+00
      41512   1729.635      3.973      4.000    28.0933    28.1025   5.418740   5.420789     3.0763     2.6183      89.95   28.49949  -90.00026   -0.00009    0.00153     4.3722     4.3871    28.0923    28.1015    33.5026    33.5103    21.2380    21.2408    1534.32    191.201    191.853         61 0.0000e+00
      42053   1752.173      2.980      3.000    27.8088    27.8254   5.349913   5.354189     3.0614     2.6032      84.58   28.49950  -90.00025    0.00002   -0.00009     4.3730     4.3824    27.8081    27.8247    33.2273    33.2467    21.1244    21.1336    1534.32    191.257    191.666         42 0.0000e+00
      42128   1755.273      1.986      2.000    27.8373    27.8858   5.357925   5.351756     3.0648     2.6077      88.16   28.49950  -90.00026    0.00089    0.00102     4.3757     4.3862    27.8368    27.8853    33.2646    33.1873    21.1431    21.0693    1534.32    191.372    191.840         39 0.0000e+00
