GOMECC/GOMECC-4/1db/rb2103_0611.ros
* Sea-Bird SBE 9 Data File:
* FileName = C:\Users\scs.user.rb\CTD\GOMECC4\data\rb2103_0611.hex
* Software Version Seasave V 7.26.7.107
* Temperature SN = 4799
* Conductivity SN = 3860
* Number of Bytes Per Scan = 41
* Number of Voltage Words = 4
* Number of Scans Averaged by the Deck Unit = 1
* NMEA Latitude = 27 20.09 N
* NMEA Longitude = 096 47.00 W
* NMEA UTC (Time) = Sep 29 2021  23:10:30
* NMEA baud rate = 4800
# nquan = 17
# nvalues = 1064                                  
# units = specified
# name 0 = scan: Scan Count
# name 1 = timeS: Time, Elapsed [seconds]
# name 2 = depSM: Depth [salt water, m]
# name 3 = prDM: Pressure, Digiquartz [db]
# name 4 = t090C: Temperature [ITS-90, deg C]
# name 5 = t190C: Temperature, 2 [ITS-90, deg C]
# name 6 = c0S/m: Conductivity [S/m]
# name 7 = c1S/m: Conductivity, 2 [S/m]
# name 8 = sbeox0V: Oxygen raw, SBE 43 [V]
# name 9 = sbeox1V: Oxygen raw, SBE 43, 2 [V]
# name 10 = altM: Altimeter [m]
# name 11 = latitude: Latitude [deg]
# name 12 = longitude: Longitude [deg]
# name 13 = sbox0dV/dT: Oxygen, SBE 43 [dov/dt]
# name 14 = sbox1dV/dT: Oxygen, SBE 43, 2 [dov/dt]
# name 15 = nbf: Bottles Fired
# name 16 = flag:  0.000e+00
# interval = seconds: 0.0416667
# start_time = Sep 29 2021 23:10:30 [NMEA time, header]
# bad_flag = -9.990e-29
*END*
[from data line 937]
      27740   1155.792      3.125      3.146    28.7266    28.7310   5.657089   5.657587     3.1148     2.6374      52.16   27.33500  -96.78326    0.00120   -0.00024          8  0.000e+00
      27741   1155.833      3.125      3.146    28.7266    28.7292   5.657120   5.657460     3.1136     2.6361      52.14   27.33500  -96.78326    0.00122   -0.00026          8  0.000e+00
      27742   1155.875      3.078      3.099    28.7266    28.7256   5.657128   5.657065     3.1136     2.6374      52.16   27.33500  -96.78326    0.00122   -0.00026          8  0.000e+00
      27743   1155.917      3.125      3.146    28.7270    28.7232   5.657089   5.656709     3.1136     2.6374      52.16   27.33500  -96.78326    0.00123   -0.00026          8  0.000e+00
      27744   1155.958      3.071      3.092    28.7270    28.7220   5.657152   5.656534     3.1136     2.6374      52.16   27.33500  -96.78326    0.00123   -0.00026          8  0.000e+00
      27745   1156.000      3.078      3.099    28.7267    28.7208   5.657066   5.656455     3.1136     2.6374      52.16   27.33500  -96.78326    0.00122   -0.00026          8  0.000e+00
      27746   1156.042      3.125      3.146    28.7268    28.7208   5.657105   5.656416     3.1136     2.6374      52.16   27.33500  -96.78326    0.00122   -0.00024          8  0.000e+00
      27747   1156.083      3.078      3.099    28.7268    28.7193   5.657097   5.656289     3.1136     2.6374      52.16   27.33500  -96.78326    0.00123   -0.00024          8  0.000e+00
      27748   1156.125      3.024      3.044    28.7262    28.7183   5.657081   5.656194     3.1136     2.6374      52.14   27.33500  -96.78326    0.00124   -0.00023          8  0.000e+00
      27749   1156.167      3.078      3.099    28.7259    28.7175   5.657011   5.656091     3.1123     2.6361      52.11   27.33500  -96.78326    0.00123   -0.00023          8  0.000e+00
      27750   1156.208      3.078      3.099    28.7251    28.7167   5.656956   5.655973     3.1123     2.6361      52.11   27.33500  -96.78326    0.00122   -0.00022          8  0.000e+00
      27751   1156.250      3.024      3.044    28.7250    28.7164   5.656902   5.655925     3.1123     2.6361      52.11   27.33500  -96.78326    0.00121   -0.00024          8  0.000e+00
      27752   1156.292      3.071      3.092    28.7251    28.7165   5.656925   5.655933     3.1123     2.6361      52.11   27.33500  -96.78326    0.00118   -0.00025          8  0.000e+00
      27753   1156.333      3.024      3.044    28.7253    28.7166   5.656941   5.655925     3.1123     2.6361      52.11   27.33500  -96.78326    0.00116   -0.00026          8  0.000e+00
      27754   1156.375      3.078      3.099    28.7253    28.7161   5.656941   5.655902     3.1123     2.6361      52.11   27.33500  -96.78326    0.00115   -0.00027          8  0.000e+00
      27755   1156.417      3.024      3.044    28.7253    28.7164   5.656941   5.655917     3.1123     2.6374      52.11   27.33500  -96.78326    0.00115   -0.00026          8  0.000e+00
      27756   1156.458      3.024      3.044    28.7253    28.7161   5.656941   5.655902     3.1111     2.6361      52.11   27.33500  -96.78326    0.00112   -0.00027          8  0.000e+00
      27757   1156.500      3.024      3.044    28.7255    28.7162   5.656972   5.655878     3.1111     2.6361      52.11   27.33500  -96.78326    0.00109   -0.00028          8  0.000e+00
      27758   1156.542      3.024      3.044    28.7257    28.7163   5.657019   5.655894     3.1123     2.6349      52.11   27.33500  -96.78326    0.00107   -0.00030          8  0.000e+00
      27759   1156.583      3.024      3.044    28.7260    28.7164   5.657003   5.655917     3.1111     2.6349      52.11   27.33500  -96.78326    0.00106   -0.00032          8  0.000e+00
      27760   1156.625      3.024      3.044    28.7260    28.7160   5.657058   5.655902     3.1111     2.6349      52.11   27.33500  -96.78326    0.00103   -0.00035          8  0.000e+00
      27761   1156.667      3.024      3.044    28.7266    28.7162   5.657112   5.655854     3.1111     2.6349      52.11   27.33500  -96.78326    0.00099   -0.00037          8  0.000e+00
      27762   1156.708      3.024      3.044    28.7264    28.7163   5.657058   5.655886     3.1111     2.6349      52.11   27.33500  -96.78326    0.00096   -0.00039          8  0.000e+00
      27763   1156.750      3.024      3.044    28.7262    28.7167   5.657066   5.655878     3.1111     2.6349      52.11   27.33500  -96.78326    0.00092   -0.00041          8  0.000e+00
      27764   1156.792      2.977      2.996    28.7251    28.7167   5.656972   5.655925     3.1111     2.6349      52.11   27.33500  -96.78326    0.00089   -0.00043          8  0.000e+00
      27765   1156.833      3.024      3.044    28.7250    28.7167   5.656941   5.655925     3.1111     2.6349      52.11   27.33500  -96.78326    0.00087   -0.00044          8  0.000e+00
      27766   1156.875      3.078      3.099    28.7247    28.7163   5.656870   5.655902     3.1111     2.6349      52.11   27.33500  -96.78326    0.00084   -0.00048          8  0.000e+00
      27767   1156.917      3.024      3.044    28.7244    28.7164   5.656847   5.655949     3.1111     2.6349      52.11   27.33500  -96.78326    0.00080   -0.00049          8  0.000e+00
      27768   1156.958      2.977      2.996    28.7235    28.7167   5.656785   5.655949     3.1099     2.6349      52.11   27.33500  -96.78326    0.00075   -0.00053          8  0.000e+00
      27769   1157.000      3.071      3.092    28.7224    28.7175   5.656691   5.656036     3.1111     2.6349      52.11   27.33500  -96.78326    0.00071   -0.00054          8  0.000e+00
      27770   1157.042      3.024      3.044    28.7228    28.7189   5.656667   5.656115     3.1111     2.6349      52.11   27.33500  -96.78326    0.00068   -0.00055          8  0.000e+00
      27771   1157.083      3.078      3.099    28.7239    28.7195   5.656668   5.656186     3.1111     2.6349      52.11   27.33500  -96.78326    0.00064   -0.00057          8  0.000e+00
      27772   1157.125      3.024      3.044    28.7233    28.7195   5.656597   5.656281     3.1111     2.6349      51.94   27.33500  -96.78326    0.00060   -0.00058          8  0.000e+00
      27773   1157.167      3.078      3.099    28.7225    28.7193   5.656535   5.656337     3.1111     2.6349      45.67   27.33500  -96.78326    0.00057   -0.00059          8  0.000e+00
      27774   1157.208      3.078      3.099    28.7215    28.7206   5.656457   5.656424     3.1111     2.6349      41.86   27.33500  -96.78326    0.00055   -0.00061          8  0.000e+00
      27775   1157.250      3.078      3.099    28.7204    28.7221   5.656394   5.656479     3.1111     2.6349      41.39   27.33500  -96.78326    0.00051   -0.00064          8  0.000e+00
      27776   1157.292      3.125      3.146    28.7211    28.7220   5.656418   5.656352     3.1123     2.6349      41.68   27.33500  -96.78326    0.00049   -0.00066          8  0.000e+00
      27777   1157.333      3.078      3.099    28.7200    28.7202   5.656402   5.656265     3.1111     2.6349      41.83   27.33500  -96.78326    0.00045   -0.00069          8  0.000e+00
      27778   1157.375      3.173      3.194    28.7195    28.7210   5.656316   5.656368     3.1123     2.6361      41.86   27.33500  -96.78326    0.00043   -0.00069          8  0.000e+00
      27779   1157.417      3.125      3.146    28.7187    28.7220   5.656223   5.656606     3.1123     2.6361      41.83   27.33500  -96.78326    0.00041   -0.00070          8  0.000e+00
      27780   1157.458      3.173      3.194    28.7191    28.7234   5.656168   5.656819     3.1123     2.6361      41.83   27.33500  -96.78326    0.00038   -0.00070          8  0.000e+00
      27781   1157.500      3.227      3.248    28.7195    28.7246   5.656152   5.656930     3.1111     2.6361      41.83   27.33500  -96.78326    0.00034   -0.00071          8  0.000e+00
      27782   1157.542      3.173      3.194    28.7192    28.7258   5.656184   5.657136     3.1111     2.6361      41.81   27.33500  -96.78326    0.00030   -0.00071          8  0.000e+00
      27783   1157.583      3.227      3.248    28.7196    28.7274   5.656270   5.657326     3.1111     2.6361      41.83   27.33500  -96.78326    0.00026   -0.00072          8  0.000e+00
      27784   1157.625      3.274      3.296    28.7196    28.7281   5.656223   5.657413     3.1111     2.6361      41.81   27.33500  -96.78326    0.00022   -0.00072          8  0.000e+00
      27785   1157.667      3.274      3.296    28.7198    28.7285   5.656270   5.657492     3.1111     2.6374      41.83   27.33500  -96.78326    0.00018   -0.00071          8  0.000e+00
      27786   1157.708      3.274      3.296    28.7198    28.7282   5.656184   5.657413     3.1111     2.6374      41.83   27.33500  -96.78326    0.00013   -0.00070          8  0.000e+00
      27787   1157.750      3.322      3.344    28.7202    28.7263   5.656223   5.657191     3.1111     2.6374      41.81   27.33500  -96.78326    0.00009   -0.00068          8  0.000e+00
      27788   1157.792      3.322      3.344    28.7204    28.7248   5.656246   5.656970     3.1111     2.6374      41.81   27.33500  -96.78326    0.00005   -0.00067          8  0.000e+00
      27789   1157.833      3.376      3.398    28.7200    28.7232   5.656277   5.656804     3.1111     2.6374      41.83   27.33500  -96.78326    0.00000   -0.00065          8  0.000e+00
      27790   1157.875      3.322      3.344    28.7200    28.7226   5.656254   5.656701     3.1111     2.6374      41.83   27.33500  -96.78326   -0.00004   -0.00064          8  0.000e+00
      27791   1157.917      3.423      3.446    28.7196    28.7221   5.656246   5.656677     3.1111     2.6374      41.81   27.33500  -96.78326   -0.00009   -0.00063          8  0.000e+00
      27792   1157.958      3.376      3.398    28.7198    28.7217   5.656207   5.656645     3.1099     2.6374      41.83   27.33500  -96.78326   -0.00015   -0.00063          8  0.000e+00
      27793   1158.000      3.423      3.446    28.7196    28.7214   5.656231   5.656606     3.1111     2.6374      41.83   27.33500  -96.78326   -0.00021   -0.00064          8  0.000e+00
      27794   1158.042      3.423      3.446    28.7198    28.7215   5.656215   5.656622     3.1099     2.6386      41.81   27.33500  -96.78326   -0.00026   -0.00062          8  0.000e+00
      27795   1158.083      3.470      3.494    28.7198    28.7216   5.656231   5.656630     3.1111     2.6386      41.93   27.33500  -96.78326   -0.00030   -0.00061          8  0.000e+00
      27796   1158.125      3.470      3.494    28.7198    28.7213   5.656277   5.656630     3.1099     2.6386      48.13   27.33500  -96.78326   -0.00035   -0.00060          8  0.000e+00
      27797   1158.167      3.470      3.494    28.7200    28.7212   5.656293   5.656606     3.1111     2.6386      52.23   27.33500  -96.78326   -0.00039   -0.00059          8  0.000e+00
      27798   1158.208      3.470      3.494    28.7200    28.7213   5.656254   5.656582     3.1111     2.6386      52.82   27.33500  -96.78326   -0.00044   -0.00056          8  0.000e+00
      27799   1158.250      3.470      3.494    28.7203    28.7214   5.656246   5.656590     3.1111     2.6386      52.50   27.33500  -96.78326   -0.00046   -0.00053          8  0.000e+00
      27800   1158.292      3.525      3.548    28.7200    28.7213   5.656215   5.656582     3.1111     2.6398      52.36   27.33500  -96.78326   -0.00049   -0.00049          8  0.000e+00
      27801   1158.333      3.525      3.548    28.7200    28.7216   5.656199   5.656590     3.1111     2.6398      52.33   27.33500  -96.78326   -0.00052   -0.00045          8  0.000e+00
      27802   1158.375      3.470      3.494    28.7200    28.7215   5.656270   5.656582     3.1111     2.6398      52.36   27.33500  -96.78326   -0.00055   -0.00040          8  0.000e+00
      27803   1158.417      3.572      3.596    28.7198    28.7216   5.656262   5.656590     3.1111     2.6398      52.36   27.33500  -96.78326   -0.00058   -0.00034          8  0.000e+00
      27804   1158.458      3.525      3.548    28.7198    28.7215   5.656207   5.656622     3.1111     2.6398      52.36   27.33500  -96.78326   -0.00061   -0.00028          8  0.000e+00
      27805   1158.500      3.525      3.548    28.7198    28.7212   5.656199   5.656566     3.1111     2.6398      52.36   27.33500  -96.78326   -0.00063   -0.00022          8  0.000e+00
      27806   1158.542      3.518      3.541    28.7198    28.7217   5.656231   5.656574     3.1111     2.6398      52.36   27.33500  -96.78326   -0.00066   -0.00017          8  0.000e+00
      27807   1158.583      3.525      3.548    28.7198    28.7213   5.656246   5.656558     3.1099     2.6398      52.36   27.33500  -96.78326   -0.00071   -0.00011          8  0.000e+00
      27808   1158.625      3.572      3.596    28.7196    28.7214   5.656246   5.656535     3.1111     2.6398      52.36   27.33500  -96.78326   -0.00072   -0.00005          8  0.000e+00
      27809   1158.667      3.525      3.548    28.7193    28.7213   5.656207   5.656543     3.1111     2.6398      52.36   27.33500  -96.78326   -0.00073    0.00001          8  0.000e+00
      27810   1158.708      3.525      3.548    28.7191    28.7212   5.656160   5.656606     3.1111     2.6398      52.36   27.33500  -96.78326   -0.00075    0.00008          8  0.000e+00
      27811   1158.750      3.572      3.596    28.7187    28.7215   5.656121   5.656566     3.1099     2.6398      52.36   27.33500  -96.78326   -0.00078    0.00014          8  0.000e+00
      27812   1158.792      3.525      3.548    28.7182    28.7216   5.656067   5.656574     3.1111     2.6410      52.36   27.33500  -96.78326   -0.00079    0.00022          8  0.000e+00
      27813   1158.833      3.525      3.548    28.7180    28.7215   5.656059   5.656622     3.1099     2.6398      52.36   27.33500  -96.78326   -0.00082    0.00029          8  0.000e+00
      27814   1158.875      3.525      3.548    28.7180    28.7214   5.656028   5.656519     3.1111     2.6410      52.36   27.33500  -96.78326   -0.00082    0.00036          8  0.000e+00
      27815   1158.917      3.518      3.541    28.7176    28.7215   5.656012   5.656566     3.1099     2.6398      52.36   27.33500  -96.78326   -0.00085    0.00042          8  0.000e+00
      27816   1158.958      3.525      3.548    28.7181    28.7214   5.656012   5.656582     3.1099     2.6398      52.36   27.33500  -96.78326   -0.00087    0.00048          8  0.000e+00
      27817   1159.000      3.470      3.494    28.7184    28.7211   5.656051   5.656558     3.1099     2.6398      52.36   27.33500  -96.78326   -0.00089    0.00053          8  0.000e+00
      27818   1159.042      3.525      3.548    28.7185    28.7208   5.656090   5.656535     3.1099     2.6398      52.36   27.33500  -96.78326   -0.00092    0.00059          8  0.000e+00
      27819   1159.083      3.470      3.494    28.7182    28.7206   5.656074   5.656511     3.1099     2.6398      52.36   27.33500  -96.78326   -0.00094    0.00064          8  0.000e+00
      27820   1159.125      3.470      3.494    28.7185    28.7206   5.656059   5.656487     3.1099     2.6398      52.41   27.33500  -96.78326   -0.00096    0.00069          8  0.000e+00
      27821   1159.167      3.470      3.494    28.7189    28.7206   5.656090   5.656463     3.1099     2.6398      52.43   27.33500  -96.78326   -0.00098    0.00075          8  0.000e+00
      27822   1159.208      3.423      3.446    28.7193    28.7206   5.656145   5.656440     3.1099     2.6398      52.43   27.33500  -96.78326   -0.00098    0.00080          8  0.000e+00
      27823   1159.250      3.470      3.494    28.7191    28.7208   5.656114   5.656448     3.1099     2.6398      52.43   27.33500  -96.78326   -0.00098    0.00085          8  0.000e+00
