GOMECC/GOMECC-4/1db/rb2103_1131.ros
* Sea-Bird SBE 9 Data File:
* FileName = C:\Users\scs.user.rb\CTD\GOMECC4\data\rb2103_1131.hex
* Software Version Seasave V 7.26.7.107
* Temperature SN = 4799
* Conductivity SN = 3860
* Number of Bytes Per Scan = 41
* Number of Voltage Words = 4
* Number of Scans Averaged by the Deck Unit = 1
* NMEA Latitude = 22 12.33 N
* NMEA Longitude = 086 49.99 W
* NMEA UTC (Time) = Oct 15 2021  12:44:10
* NMEA baud rate = 4800
# nquan = 17
# nvalues = 1064                                  
# units = specified
# name 0 = scan: Scan Count
# name 1 = timeS: Time, Elapsed [seconds]
# name 2 = depSM: Depth [salt water, m]
# name 3 = prDM: Pressure, Digiquartz [db]
# name 4 = t090C: Temperature [ITS-90, deg C]
# name 5 = t190C: Temperature, 2 [ITS-90, deg C]
# name 6 = c0S/m: Conductivity [S/m]
# name 7 = c1S/m: Conductivity, 2 [S/m]
# name 8 = sbeox0V: Oxygen raw, SBE 43 [V]
# name 9 = sbeox1V: Oxygen raw, SBE 43, 2 [V]
# name 10 = altM: Altimeter [m]
# name 11 = latitude: Latitude [deg]
# name 12 = longitude: Longitude [deg]
# name 13 = sbox0dV/dT: Oxygen, SBE 43 [dov/dt]
# name 14 = sbox1dV/dT: Oxygen, SBE 43, 2 [dov/dt]
# name 15 = nbf: Bottles Fired
# name 16 = flag:  0.000e+00
# interval = seconds: 0.0416667
# start_time = Oct 15 2021 12:44:10 [NMEA time, header]
# bad_flag = -9.990e-29
*END*
[from data line 1022]
      28667   1194.417      2.867      2.885    28.6759    28.6761   5.871696   5.871797     3.1148     2.6313      93.26   22.20542  -86.83240    0.00039    0.00022          8  0.000e+00
      28668   1194.458      2.867      2.885    28.6759    28.6766   5.871711   5.871789     3.1148     2.6325      93.26   22.20542  -86.83240    0.00040    0.00026          8  0.000e+00
      28669   1194.500      2.867      2.885    28.6759    28.6767   5.871672   5.871821     3.1136     2.6325      93.26   22.20542  -86.83240    0.00038    0.00028          8  0.000e+00
      28670   1194.542      2.867      2.885    28.6759    28.6763   5.871624   5.871837     3.1148     2.6325      93.26   22.20542  -86.83240    0.00039    0.00030          8  0.000e+00
      28671   1194.583      2.867      2.885    28.6759    28.6766   5.871616   5.871837     3.1148     2.6325      93.26   22.20542  -86.83240    0.00039    0.00032          8  0.000e+00
      28672   1194.625      2.867      2.885    28.6757    28.6762   5.871648   5.871869     3.1148     2.6337      93.26   22.20542  -86.83240    0.00039    0.00036          8  0.000e+00
      28673   1194.667      2.867      2.885    28.6761    28.6760   5.871648   5.871813     3.1148     2.6337      93.24   22.20542  -86.83240    0.00037    0.00041          8  0.000e+00
      28674   1194.708      2.860      2.878    28.6757    28.6758   5.871656   5.871821     3.1136     2.6349      93.26   22.20542  -86.83240    0.00036    0.00048          8  0.000e+00
      28675   1194.750      2.867      2.885    28.6755    28.6760   5.871624   5.871765     3.1148     2.6349      93.24   22.20542  -86.83240    0.00035    0.00055          8  0.000e+00
      28676   1194.792      2.867      2.885    28.6760    28.6760   5.871616   5.871741     3.1148     2.6361      93.26   22.20542  -86.83240    0.00035    0.00064          8  0.000e+00
      28677   1194.833      2.813      2.830    28.6757    28.6759   5.871648   5.871773     3.1148     2.6361      93.26   22.20542  -86.83240    0.00035    0.00072          8  0.000e+00
      28678   1194.875      2.867      2.885    28.6755    28.6760   5.871624   5.871717     3.1136     2.6361      93.26   22.20542  -86.83240    0.00033    0.00081          8  0.000e+00
      28679   1194.917      2.867      2.885    28.6757    28.6758   5.871616   5.871652     3.1136     2.6374      93.26   22.20542  -86.83240    0.00030    0.00091          8  0.000e+00
      28680   1194.958      2.813      2.830    28.6757    28.6748   5.871648   5.871676     3.1136     2.6374      93.26   22.20542  -86.83240    0.00030    0.00101          8  0.000e+00
      28681   1195.000      2.867      2.885    28.6757    28.6747   5.871624   5.871620     3.1136     2.6374      93.26   22.20542  -86.83240    0.00029    0.00111          8  0.000e+00
      28682   1195.042      2.813      2.830    28.6759    28.6749   5.871648   5.871596     3.1136     2.6386      93.26   22.20542  -86.83240    0.00027    0.00122          8  0.000e+00
      28683   1195.083      2.860      2.878    28.6759    28.6743   5.871648   5.871556     3.1136     2.6374      93.26   22.20542  -86.83240    0.00024    0.00132          8  0.000e+00
      28684   1195.125      2.867      2.885    28.6761    28.6743   5.871656   5.871580     3.1136     2.6386      93.26   22.20542  -86.83240    0.00023    0.00143          8  0.000e+00
      28685   1195.167      2.813      2.830    28.6757    28.6742   5.871664   5.871596     3.1136     2.6386      93.26   22.20542  -86.83240    0.00023    0.00154          8  0.000e+00
      28686   1195.208      2.813      2.830    28.6761    28.6741   5.871664   5.871556     3.1136     2.6386      93.19   22.20542  -86.83240    0.00022    0.00164          8  0.000e+00
      28687   1195.250      2.813      2.830    28.6759    28.6738   5.871624   5.871548     3.1123     2.6386      93.14   22.20542  -86.83240    0.00019    0.00173          8  0.000e+00
      28688   1195.292      2.813      2.830    28.6755    28.6736   5.871616   5.871443     3.1136     2.6374      93.11   22.20542  -86.83240    0.00018    0.00180          8  0.000e+00
      28689   1195.333      2.813      2.830    28.6758    28.6725   5.871616   5.871339     3.1123     2.6374      93.11   22.20542  -86.83240    0.00015    0.00185          8  0.000e+00
      28690   1195.375      2.813      2.830    28.6754    28.6710   5.871577   5.871202     3.1123     2.6374      93.11   22.20542  -86.83240    0.00013    0.00190          8  0.000e+00
      28691   1195.417      2.813      2.830    28.6750    28.6691   5.871569   5.871057     3.1123     2.6374      93.11   22.20542  -86.83240    0.00010    0.00194          8  0.000e+00
      28692   1195.458      2.813      2.830    28.6748    28.6680   5.871569   5.871025     3.1123     2.6374      93.11   22.20542  -86.83240    0.00007    0.00197          8  0.000e+00
      28693   1195.500      2.765      2.783    28.6743    28.6680   5.871481   5.871025     3.1111     2.6374      93.11   22.20542  -86.83240    0.00003    0.00199          8  0.000e+00
      28694   1195.542      2.813      2.830    28.6741    28.6690   5.871466   5.870953     3.1111     2.6374      93.11   22.20542  -86.83240   -0.00001    0.00201          8  0.000e+00
      28695   1195.583      2.765      2.783    28.6737    28.6694   5.871434   5.870961     3.1111     2.6361      93.11   22.20542  -86.83240   -0.00006    0.00201          8  0.000e+00
      28696   1195.625      2.765      2.783    28.6734    28.6691   5.871426   5.871009     3.1111     2.6361      93.11   22.20542  -86.83240   -0.00008    0.00201          8  0.000e+00
      28697   1195.667      2.765      2.783    28.6726    28.6688   5.871426   5.871057     3.1111     2.6361      93.11   22.20542  -86.83240   -0.00012    0.00200          8  0.000e+00
      28698   1195.708      2.765      2.783    28.6730    28.6686   5.871426   5.871033     3.1111     2.6349      93.14   22.20542  -86.83240   -0.00015    0.00198          8  0.000e+00
      28699   1195.750      2.765      2.783    28.6726    28.6686   5.871355   5.871025     3.1111     2.6361      93.14   22.20542  -86.83240   -0.00017    0.00197          8  0.000e+00
      28700   1195.792      2.759      2.776    28.6725    28.6688   5.871362   5.871025     3.1111     2.6349      93.11   22.20542  -86.83240   -0.00020    0.00194          8  0.000e+00
      28701   1195.833      2.718      2.735    28.6728    28.6684   5.871378   5.870985     3.1111     2.6349      93.11   22.20542  -86.83240   -0.00022    0.00191          8  0.000e+00
      28702   1195.875      2.765      2.783    28.6728    28.6680   5.871410   5.870977     3.1099     2.6337      93.11   22.20542  -86.83240   -0.00026    0.00186          8  0.000e+00
      28703   1195.917      2.718      2.735    28.6730    28.6680   5.871410   5.870937     3.1111     2.6337      93.11   22.20542  -86.83240   -0.00028    0.00181          8  0.000e+00
      28704   1195.958      2.765      2.783    28.6724    28.6677   5.871386   5.871001     3.1111     2.6337      93.11   22.20542  -86.83240   -0.00030    0.00176          8  0.000e+00
      28705   1196.000      2.664      2.681    28.6724    28.6682   5.871378   5.870953     3.1111     2.6337      93.11   22.20542  -86.83240   -0.00032    0.00171          8  0.000e+00
      28706   1196.042      2.718      2.735    28.6723    28.6684   5.871339   5.870961     3.1099     2.6337      93.14   22.20542  -86.83240   -0.00035    0.00166          8  0.000e+00
      28707   1196.083      2.718      2.735    28.6724    28.6680   5.871331   5.870905     3.1099     2.6337      93.11   22.20542  -86.83240   -0.00037    0.00160          8  0.000e+00
      28708   1196.125      2.664      2.681    28.6719    28.6673   5.871283   5.870913     3.1111     2.6337      93.11   22.20542  -86.83240   -0.00037    0.00154          8  0.000e+00
