GOMECC/GOMECC-4/1db/rb2103_1321.ros
* Sea-Bird SBE 9 Data File:
* FileName = C:\Users\scs.user.rb\CTD\GOMECC4\data\rb2103_1321.hex
* Software Version Seasave V 7.26.7.107
* Temperature SN = 4799
* Conductivity SN = 3860
* Number of Bytes Per Scan = 41
* Number of Voltage Words = 4
* Number of Scans Averaged by the Deck Unit = 1
* NMEA Latitude = 26 37.21 N
* NMEA Longitude = 083 14.37 W
* NMEA UTC (Time) = Oct 19 2021  18:16:13
* NMEA baud rate = 4800
# nquan = 17
# nvalues = 1463                                  
# units = specified
# name 0 = scan: Scan Count
# name 1 = timeS: Time, Elapsed [seconds]
# name 2 = depSM: Depth [salt water, m]
# name 3 = prDM: Pressure, Digiquartz [db]
# name 4 = t090C: Temperature [ITS-90, deg C]
# name 5 = t190C: Temperature, 2 [ITS-90, deg C]
# name 6 = c0S/m: Conductivity [S/m]
# name 7 = c1S/m: Conductivity, 2 [S/m]
# name 8 = sbeox0V: Oxygen raw, SBE 43 [V]
# name 9 = sbeox1V: Oxygen raw, SBE 43, 2 [V]
# name 10 = altM: Altimeter [m]
# name 11 = latitude: Latitude [deg]
# name 12 = longitude: Longitude [deg]
# name 13 = sbox0dV/dT: Oxygen, SBE 43 [dov/dt]
# name 14 = sbox1dV/dT: Oxygen, SBE 43, 2 [dov/dt]
# name 15 = nbf: Bottles Fired
# name 16 = flag:  0.000e+00
# interval = seconds: 0.0416667
# start_time = Oct 19 2021 18:16:13 [NMEA time, header]
# bad_flag = -9.990e-29
*END*
[from data line 511]
      21623    900.917     30.107     30.308    28.5868    28.5891   5.817282   5.817485     3.0916     2.6068      17.17   26.62012  -83.23956    0.00082   -0.00006          4  0.000e+00
      21624    900.958     30.073     30.274    28.5870    28.5889   5.817314   5.817493     3.0904     2.6068      17.17   26.62012  -83.23956    0.00081   -0.00014          4  0.000e+00
      21625    901.000     30.060     30.260    28.5870    28.5891   5.817290   5.817509     3.0916     2.6068      17.17   26.62012  -83.23956    0.00082   -0.00021          4  0.000e+00
      21626    901.042     30.107     30.308    28.5870    28.5891   5.817282   5.817509     3.0916     2.6068      17.17   26.62012  -83.23956    0.00081   -0.00028          4  0.000e+00
      21627    901.083     30.073     30.274    28.5870    28.5893   5.817314   5.817509     3.0904     2.6068      17.17   26.62012  -83.23956    0.00078   -0.00035          4  0.000e+00
      21628    901.125     30.060     30.260    28.5867    28.5895   5.817258   5.817509     3.0904     2.6068      17.17   26.62012  -83.23956    0.00075   -0.00042          4  0.000e+00
      21629    901.167     30.121     30.321    28.5868    28.5895   5.817306   5.817541     3.0904     2.6068      17.19   26.62012  -83.23956    0.00072   -0.00048          4  0.000e+00
      21630    901.208     30.060     30.260    28.5869    28.5900   5.817290   5.817517     3.0904     2.6068      17.17   26.62012  -83.23956    0.00069   -0.00055          4  0.000e+00
      21631    901.250     30.073     30.274    28.5868    28.5899   5.817243   5.817509     3.0904     2.6081      17.17   26.62012  -83.23956    0.00066   -0.00058          4  0.000e+00
      21632    901.292     30.060     30.260    28.5870    28.5904   5.817306   5.817581     3.0904     2.6068      17.17   26.62012  -83.23956    0.00063   -0.00065          4  0.000e+00
      21633    901.333     30.026     30.226    28.5870    28.5902   5.817290   5.817533     3.0904     2.6081      17.17   26.62012  -83.23956    0.00059   -0.00070          4  0.000e+00
      21634    901.375     30.060     30.260    28.5867    28.5902   5.817282   5.817509     3.0904     2.6068      17.17   26.62012  -83.23956    0.00054   -0.00076          4  0.000e+00
      21635    901.417     30.026     30.226    28.5872    28.5902   5.817243   5.817509     3.0904     2.6081      17.17   26.62012  -83.23956    0.00049   -0.00081          4  0.000e+00
      21636    901.458     30.060     30.260    28.5880    28.5902   5.817266   5.817509     3.0904     2.6081      17.17   26.62012  -83.23956    0.00044   -0.00086          4  0.000e+00
      21637    901.500     30.026     30.226    28.5881    28.5902   5.817211   5.817541     3.0904     2.6081      17.17   26.62012  -83.23956    0.00039   -0.00090          4  0.000e+00
      21638    901.542     30.005     30.205    28.5884    28.5904   5.817258   5.817557     3.0904     2.6081      17.17   26.62012  -83.23956    0.00035   -0.00095          4  0.000e+00
      21639    901.583     30.026     30.226    28.5881    28.5906   5.817282   5.817589     3.0904     2.6093      17.17   26.62012  -83.23956    0.00030   -0.00098          4  0.000e+00
      21640    901.625     30.005     30.205    28.5883    28.5902   5.817282   5.817605     3.0904     2.6081      17.17   26.62012  -83.23956    0.00025   -0.00100          4  0.000e+00
      21641    901.667     30.026     30.226    28.5884    28.5904   5.817282   5.817565     3.0891     2.6081      17.17   26.62012  -83.23956    0.00018   -0.00105          4  0.000e+00
      21642    901.708     29.958     30.158    28.5885    28.5904   5.817282   5.817557     3.0904     2.6081      17.17   26.62012  -83.23956    0.00013   -0.00109          4  0.000e+00
      21643    901.750     29.972     30.171    28.5884    28.5902   5.817282   5.817517     3.0904     2.6081      17.17   26.62012  -83.23956    0.00008   -0.00114          4  0.000e+00
      24071   1002.917     19.987     20.120    28.5984    28.5991   5.817632   5.817888     3.1038     2.6239      26.69   26.62008  -83.23962   -0.00026   -0.00055          5  0.000e+00
      24072   1002.958     20.346     20.481    28.5982    28.5991   5.817656   5.817888     3.1026     2.6239      26.69   26.62008  -83.23962   -0.00035   -0.00057          5  0.000e+00
      24073   1003.000     20.244     20.379    28.5981    28.5991   5.817616   5.817848     3.1038     2.6239      26.69   26.62008  -83.23962   -0.00042   -0.00060          5  0.000e+00
      24074   1003.042     20.197     20.331    28.5980    28.5991   5.817640   5.817912     3.1038     2.6239      26.69   26.62008  -83.23962   -0.00048   -0.00062          5  0.000e+00
      24075   1003.083     20.238     20.372    28.5983    28.5995   5.817656   5.817896     3.1026     2.6239      26.69   26.62008  -83.23962   -0.00057   -0.00063          5  0.000e+00
      24076   1003.125     20.197     20.331    28.5982    28.5993   5.817616   5.817920     3.1026     2.6239      26.69   26.62008  -83.23962   -0.00065   -0.00063          5  0.000e+00
      24077   1003.167     20.292     20.427    28.5983    28.5993   5.817608   5.817864     3.1026     2.6239      26.69   26.62008  -83.23962   -0.00072   -0.00066          5  0.000e+00
      24078   1003.208     20.238     20.372    28.5982    28.5993   5.817608   5.817912     3.1026     2.6239      26.69   26.62008  -83.23962   -0.00078   -0.00068          5  0.000e+00
      24079   1003.250     20.244     20.379    28.5987    28.5993   5.817640   5.817864     3.1026     2.6252      26.69   26.62008  -83.23962   -0.00084   -0.00067          5  0.000e+00
      24080   1003.292     20.197     20.331    28.5987    28.5993   5.817656   5.817840     3.1026     2.6239      26.69   26.62008  -83.23962   -0.00090   -0.00067          5  0.000e+00
      24081   1003.333     20.238     20.372    28.5985    28.5993   5.817656   5.817912     3.1038     2.6239      26.69   26.62008  -83.23962   -0.00094   -0.00068          5  0.000e+00
      24082   1003.375     20.244     20.379    28.5983    28.5993   5.817585   5.817864     3.1038     2.6239      26.69   26.62008  -83.23962   -0.00098   -0.00070          5  0.000e+00
      24083   1003.417     20.244     20.379    28.5984    28.5995   5.817632   5.817872     3.1026     2.6239      26.69   26.62008  -83.23962   -0.00104   -0.00072          5  0.000e+00
      24084   1003.458     20.244     20.379    28.5984    28.5993   5.817687   5.817888     3.1026     2.6239      26.69   26.62008  -83.23962   -0.00109   -0.00075          5  0.000e+00
      24085   1003.500     20.285     20.420    28.5983    28.5995   5.817632   5.817888     3.1038     2.6239      26.69   26.62008  -83.23962   -0.00115   -0.00077          5  0.000e+00
      24086   1003.542     20.244     20.379    28.5984    28.5995   5.817640   5.817920     3.1038     2.6252      26.69   26.62008  -83.23962   -0.00120   -0.00077          5  0.000e+00
      24087   1003.583     20.244     20.379    28.5983    28.5993   5.817616   5.817896     3.1038     2.6252      26.69   26.62008  -83.23962   -0.00125   -0.00076          5  0.000e+00
      24088   1003.625     20.238     20.372    28.5982    28.5996   5.817640   5.817920     3.1038     2.6239      26.69   26.62008  -83.23962   -0.00129   -0.00077          5  0.000e+00
      24089   1003.667     20.244     20.379    28.5985    28.5995   5.817656   5.817864     3.1038     2.6239      26.69   26.62008  -83.23962   -0.00134   -0.00079          5  0.000e+00
      24090   1003.708     20.292     20.426    28.5984    28.5995   5.817616   5.817944     3.1038     2.6239      26.69   26.62008  -83.23962   -0.00139   -0.00079          5  0.000e+00
      24091   1003.750     20.244     20.379    28.5984    28.5995   5.817679   5.817984     3.1038     2.6239      26.69   26.62008  -83.23962   -0.00142   -0.00080          5  0.000e+00
      24092   1003.792     20.238     20.372    28.5985    28.5996   5.817664   5.817872     3.1038     2.6239      26.69   26.62008  -83.23962   -0.00147   -0.00080          5  0.000e+00
      24093   1003.833     20.292     20.426    28.5984    28.5995   5.817656   5.817944     3.1038     2.6252      26.67   26.62008  -83.23962   -0.00152   -0.00079          5  0.000e+00
      24094   1003.875     20.197     20.331    28.5985    28.5995   5.817656   5.817912     3.1038     2.6252      26.67   26.62008  -83.23962   -0.00157   -0.00077          5  0.000e+00
      24095   1003.917     20.285     20.420    28.5985    28.5996   5.817656   5.817888     3.1038     2.6252      26.67   26.62008  -83.23962   -0.00161   -0.00076          5  0.000e+00
      24096   1003.958     20.244     20.379    28.5983    28.5995   5.817656   5.817888     3.1038     2.6252      26.64   26.62008  -83.23962   -0.00166   -0.00075          5  0.000e+00
      24097   1004.000     20.244     20.379    28.5985    28.5995   5.817656   5.817960     3.1038     2.6252      26.67   26.62008  -83.23962   -0.00169   -0.00073          5  0.000e+00
      24098   1004.042     20.292     20.426    28.5985    28.5995   5.817616   5.817944     3.1026     2.6239      26.67   26.62008  -83.23962   -0.00173   -0.00074          5  0.000e+00
      24099   1004.083     20.238     20.372    28.5985    28.5996   5.817608   5.817936     3.1026     2.6239      26.67   26.62008  -83.23962   -0.00177   -0.00076          5  0.000e+00
      24100   1004.125     20.244     20.379    28.5984    28.5995   5.817679   5.817896     3.1026     2.6239      26.64   26.62008  -83.23962   -0.00181   -0.00076          5  0.000e+00
      24101   1004.167     20.244     20.379    28.5983    28.5996   5.817632   5.817920     3.1026     2.6239      26.64   26.62008  -83.23962   -0.00185   -0.00076          5  0.000e+00
      24102   1004.208     20.238     20.372    28.5982    28.5995   5.817608   5.817936     3.1026     2.6239      26.67   26.62008  -83.23962   -0.00189   -0.00077          5  0.000e+00
      24103   1004.250     20.292     20.426    28.5983    28.5995   5.817640   5.817936     3.1026     2.6239      26.67   26.62008  -83.23962   -0.00193   -0.00077          5  0.000e+00
      24104   1004.292     20.244     20.379    28.5982    28.5995   5.817616   5.817936     3.1026     2.6239      26.64   26.62008  -83.23962   -0.00196   -0.00077          5  0.000e+00
      24105   1004.333     20.244     20.379    28.5982    28.5996   5.817608   5.817936     3.1026     2.6239      26.64   26.62008  -83.23962   -0.00198   -0.00077          5  0.000e+00
      24106   1004.375     20.238     20.372    28.5985    28.5995   5.817640   5.817936     3.1026     2.6227      26.67   26.62008  -83.23962   -0.00201   -0.00079          5  0.000e+00
      24107   1004.417     20.244     20.379    28.5985    28.5995   5.817656   5.817936     3.1026     2.6227      26.67   26.62008  -83.23962   -0.00202   -0.00081          5  0.000e+00
      24108   1004.458     20.197     20.331    28.5985    28.5996   5.817656   5.817936     3.1026     2.6227      26.64   26.62008  -83.23962   -0.00205   -0.00083          5  0.000e+00
      24109   1004.500     20.285     20.420    28.5984    28.5995   5.817656   5.817936     3.1026     2.6215      26.67   26.62008  -83.23962   -0.00208   -0.00086          5  0.000e+00
      24110   1004.542     20.197     20.331    28.5985    28.5996   5.817616   5.817896     3.1038     2.6215      26.67   26.62008  -83.23962   -0.00209   -0.00089          5  0.000e+00
      24111   1004.583     20.244     20.379    28.5984    28.5995   5.817608   5.817888     3.1026     2.6227      26.64   26.62008  -83.23962   -0.00211   -0.00091          5  0.000e+00
      24112   1004.625     20.238     20.372    28.5985    28.5995   5.817640   5.817960     3.1038     2.6215      26.67   26.62008  -83.23962   -0.00212   -0.00094          5  0.000e+00
      24113   1004.667     20.244     20.379    28.5983    28.5995   5.817656   5.817944     3.1038     2.6215      26.64   26.62008  -83.23962   -0.00211   -0.00095          5  0.000e+00
      24114   1004.708     20.197     20.331    28.5985    28.5995   5.817687   5.817936     3.1038     2.6215      26.64   26.62008  -83.23962   -0.00209   -0.00096          5  0.000e+00
      24115   1004.750     20.244     20.379    28.5983    28.5996   5.817632   5.817896     3.1038     2.6215      26.67   26.62008  -83.23962   -0.00208   -0.00097          5  0.000e+00
      24116   1004.792     20.238     20.372    28.5982    28.5995   5.817640   5.817888     3.1038     2.6215      26.64   26.62008  -83.23962   -0.00206   -0.00098          5  0.000e+00
      24117   1004.833     20.197     20.331    28.5984    28.5996   5.817656   5.817888     3.1038     2.6215      26.67   26.62008  -83.23962   -0.00204   -0.00097          5  0.000e+00
      24118   1004.875     20.197     20.331    28.5979    28.5996   5.817616   5.817888     3.1050     2.6215      26.69   26.62008  -83.23962   -0.00200   -0.00097          5  0.000e+00
      24119   1004.917     20.238     20.372    28.5982    28.5995   5.817608   5.817920     3.1050     2.6215      26.69   26.62008  -83.23962   -0.00197   -0.00096          5  0.000e+00
      24120   1004.958     20.197     20.331    28.5981    28.5996   5.817640   5.817936     3.1038     2.6227      26.69   26.62008  -83.23962   -0.00194   -0.00093          5  0.000e+00
      24121   1005.000     20.197     20.331    28.5984    28.5995   5.817656   5.817896     3.1038     2.6227      26.69   26.62008  -83.23962   -0.00192   -0.00089          5  0.000e+00
      24122   1005.042     20.197     20.331    28.5983    28.5996   5.817616   5.817984     3.1038     2.6227      26.69   26.62008  -83.23962   -0.00190   -0.00086          5  0.000e+00
      24123   1005.083     20.190     20.324    28.5984    28.5995   5.817640   5.817920     3.1038     2.6227      26.69   26.62008  -83.23962   -0.00187   -0.00082          5  0.000e+00
      24124   1005.125     20.197     20.331    28.5984    28.5995   5.817616   5.817920     3.1038     2.6227      26.69   26.62008  -83.23962   -0.00184   -0.00078          5  0.000e+00
      24125   1005.167     20.143     20.277    28.5983    28.5996   5.817640   5.817968     3.1038     2.6227      26.69   26.62008  -83.23962   -0.00180   -0.00074          5  0.000e+00
      24126   1005.208     20.190     20.324    28.5984    28.5996   5.817656   5.817912     3.1038     2.6239      26.72   26.62008  -83.23962   -0.00175   -0.00068          5  0.000e+00
      24127   1005.250     20.197     20.331    28.5981    28.5995   5.817616   5.817920     3.1038     2.6239      26.69   26.62008  -83.23962   -0.00170   -0.00062          5  0.000e+00
      24128   1005.292     20.143     20.277    28.5982    28.5994   5.817640   5.817936     3.1038     2.6239      26.69   26.62008  -83.23962   -0.00166   -0.00056          5  0.000e+00
      24129   1005.333     20.197     20.331    28.5981    28.5995   5.817656   5.817864     3.1038     2.6239      26.69   26.62008  -83.23962   -0.00161   -0.00049          5  0.000e+00
      24130   1005.375     20.136     20.270    28.5982    28.5995   5.817687   5.817912     3.1038     2.6239      26.69   26.62008  -83.23962   -0.00157   -0.00043          5  0.000e+00
      24131   1005.417     20.143     20.277    28.5982    28.5995   5.817592   5.817968     3.1038     2.6252      26.69   26.62008  -83.23962   -0.00153   -0.00035          5  0.000e+00
      24132   1005.458     20.197     20.331    28.5979    28.5995   5.817592   5.817944     3.1050     2.6252      26.69   26.62008  -83.23962   -0.00146   -0.00027          5  0.000e+00
      24133   1005.500     20.136     20.270    28.5982    28.5995   5.817679   5.817936     3.1050     2.6252      26.69   26.62008  -83.23962   -0.00140   -0.00020          5  0.000e+00
