GOMECC/GOMECC-4/1db/rb2103_1221.ros
* Sea-Bird SBE 9 Data File:
* FileName = C:\Users\scs.user.rb\CTD\GOMECC4\data\rb2103_1221.hex
* Software Version Seasave V 7.26.7.107
* Temperature SN = 4799
* Conductivity SN = 3860
* Number of Bytes Per Scan = 41
* Number of Voltage Words = 4
* Number of Scans Averaged by the Deck Unit = 1
* NMEA Latitude = 24 31.02 N
* NMEA Longitude = 080 37.81 W
* NMEA UTC (Time) = Oct 17 2021  20:29:11
* NMEA baud rate = 4800
# nquan = 17
# nvalues = 1995                                  
# units = specified
# name 0 = scan: Scan Count
# name 1 = timeS: Time, Elapsed [seconds]
# name 2 = depSM: Depth [salt water, m]
# name 3 = prDM: Pressure, Digiquartz [db]
# name 4 = t090C: Temperature [ITS-90, deg C]
# name 5 = t190C: Temperature, 2 [ITS-90, deg C]
# name 6 = c0S/m: Conductivity [S/m]
# name 7 = c1S/m: Conductivity, 2 [S/m]
# name 8 = sbeox0V: Oxygen raw, SBE 43 [V]
# name 9 = sbeox1V: Oxygen raw, SBE 43, 2 [V]
# name 10 = altM: Altimeter [m]
# name 11 = latitude: Latitude [deg]
# name 12 = longitude: Longitude [deg]
# name 13 = sbox0dV/dT: Oxygen, SBE 43 [dov/dt]
# name 14 = sbox1dV/dT: Oxygen, SBE 43, 2 [dov/dt]
# name 15 = nbf: Bottles Fired
# name 16 = flag:  0.000e+00
# interval = seconds: 0.0416667
# start_time = Oct 17 2021 20:29:11 [NMEA time, header]
# bad_flag = -9.990e-29
*END*
[from data line 1958]
      60529   2522.000      2.978      2.997    28.7450    28.7488   5.809531   5.809884     3.1538     2.6691     100.00   24.52970  -80.60918    0.00008    0.00045         15  0.000e+00
      60530   2522.042      2.978      2.997    28.7455    28.7488   5.809531   5.809916     3.1538     2.6691     100.00   24.52970  -80.60918    0.00007    0.00042         15  0.000e+00
      60531   2522.083      2.931      2.949    28.7455    28.7496   5.809539   5.810052     3.1526     2.6691     100.00   24.52970  -80.60918    0.00003    0.00039         15  0.000e+00
      60532   2522.125      2.978      2.997    28.7459    28.7492   5.809436   5.810037     3.1538     2.6691     100.00   24.52970  -80.60918    0.00000    0.00039         15  0.000e+00
      60533   2522.167      2.931      2.950    28.7437    28.7479   5.809183   5.809916     3.1538     2.6691     100.00   24.52970  -80.60918   -0.00002    0.00036         15  0.000e+00
      60534   2522.208      2.978      2.997    28.7412    28.7477   5.809041   5.809932     3.1538     2.6691     100.00   24.52970  -80.60918   -0.00003    0.00032         15  0.000e+00
      60535   2522.250      2.931      2.950    28.7391    28.7481   5.808947   5.809996     3.1538     2.6691     100.00   24.52970  -80.60918   -0.00006    0.00032         15  0.000e+00
      60536   2522.292      2.971      2.990    28.7384    28.7486   5.808836   5.810037     3.1538     2.6679     100.00   24.52970  -80.60918   -0.00007    0.00029         15  0.000e+00
      60537   2522.333      2.978      2.997    28.7382    28.7490   5.808820   5.810061     3.1538     2.6679     100.00   24.52970  -80.60918   -0.00009    0.00027         15  0.000e+00
      60538   2522.375      2.978      2.997    28.7384    28.7499   5.808860   5.810141     3.1538     2.6679     100.00   24.52970  -80.60918   -0.00010    0.00025         15  0.000e+00
      60539   2522.417      2.978      2.997    28.7386    28.7508   5.808947   5.810253     3.1538     2.6679     100.00   24.52970  -80.60918   -0.00011    0.00023         15  0.000e+00
      60540   2522.458      2.931      2.950    28.7396    28.7521   5.809041   5.810333     3.1538     2.6679     100.00   24.52970  -80.60918   -0.00012    0.00023         15  0.000e+00
      60541   2522.500      2.978      2.997    28.7406    28.7519   5.809018   5.810389     3.1538     2.6679     100.00   24.52970  -80.60918   -0.00015    0.00023         15  0.000e+00
      60542   2522.542      2.931      2.950    28.7404    28.7508   5.809081   5.810277     3.1538     2.6679     100.00   24.52970  -80.60918   -0.00019    0.00023         15  0.000e+00
      60543   2522.583      2.978      2.997    28.7404    28.7484   5.809073   5.810005     3.1538     2.6679     100.00   24.52970  -80.60918   -0.00022    0.00023         15  0.000e+00
      60544   2522.625      2.978      2.997    28.7396    28.7455   5.809065   5.809708     3.1538     2.6679     100.00   24.52970  -80.60918   -0.00023    0.00023         15  0.000e+00
      60545   2522.667      2.931      2.950    28.7395    28.7446   5.809097   5.809620     3.1538     2.6679     100.00   24.52970  -80.60918   -0.00025    0.00023         15  0.000e+00
      60546   2522.708      2.924      2.943    28.7391    28.7434   5.809073   5.809596     3.1538     2.6679     100.00   24.52970  -80.60918   -0.00026    0.00024         15  0.000e+00
      60547   2522.750      2.978      2.997    28.7389    28.7436   5.809089   5.809700     3.1538     2.6679     100.00   24.52970  -80.60918   -0.00030    0.00024         15  0.000e+00
      60548   2522.792      2.978      2.997    28.7390    28.7455   5.809105   5.809788     3.1538     2.6691     100.00   24.52970  -80.60918   -0.00033    0.00024         15  0.000e+00
      60549   2522.833      2.931      2.950    28.7395    28.7468   5.809183   5.809828     3.1538     2.6679     100.00   24.52970  -80.60918   -0.00035    0.00022         15  0.000e+00
      60550   2522.875      2.978      2.997    28.7406    28.7472   5.809349   5.809908     3.1538     2.6679     100.00   24.52970  -80.60918   -0.00037    0.00021         15  0.000e+00
      60551   2522.917      2.931      2.950    28.7417    28.7472   5.809476   5.809940     3.1538     2.6679     100.00   24.52970  -80.60918   -0.00039    0.00019         15  0.000e+00
      60552   2522.958      2.978      2.997    28.7426    28.7473   5.809483   5.809932     3.1538     2.6679     100.00   24.52970  -80.60918   -0.00041    0.00018         15  0.000e+00
      60553   2523.000      2.877      2.895    28.7443    28.7477   5.809531   5.809932     3.1538     2.6679     100.00   24.52970  -80.60918   -0.00043    0.00016         15  0.000e+00
      60554   2523.042      2.978      2.997    28.7450    28.7479   5.809547   5.810013     3.1538     2.6679     100.00   24.52970  -80.60918   -0.00045    0.00014         15  0.000e+00
      60555   2523.083      2.931      2.950    28.7448    28.7488   5.809476   5.810093     3.1538     2.6667     100.00   24.52970  -80.60918   -0.00047    0.00011         15  0.000e+00
      60556   2523.125      2.924      2.943    28.7446    28.7496   5.809483   5.810149     3.1538     2.6667     100.00   24.52970  -80.60918   -0.00049    0.00008         15  0.000e+00
      60557   2523.167      2.931      2.950    28.7448    28.7507   5.809499   5.810141     3.1538     2.6654     100.00   24.52970  -80.60918   -0.00049    0.00003         15  0.000e+00
      60558   2523.208      2.931      2.950    28.7448    28.7508   5.809483   5.810189     3.1538     2.6654     100.00   24.52970  -80.60918   -0.00049   -0.00002         15  0.000e+00
      60559   2523.250      2.931      2.950    28.7446    28.7501   5.809420   5.810189     3.1538     2.6654     100.00   24.52970  -80.60918   -0.00049   -0.00007         15  0.000e+00
      60560   2523.292      2.931      2.950    28.7443    28.7496   5.809436   5.810093     3.1538     2.6654     100.00   24.52970  -80.60918   -0.00050   -0.00012         15  0.000e+00
      60561   2523.333      2.877      2.895    28.7439    28.7497   5.809412   5.810068     3.1538     2.6654     100.00   24.52970  -80.60918   -0.00048   -0.00016         15  0.000e+00
      60562   2523.375      2.931      2.950    28.7439    28.7494   5.809436   5.810085     3.1538     2.6654     100.00   24.52970  -80.60918   -0.00048   -0.00021         15  0.000e+00
      60563   2523.417      2.877      2.895    28.7445    28.7492   5.809523   5.810141     3.1526     2.6654     100.00   24.52970  -80.60918   -0.00050   -0.00026         15  0.000e+00
      60564   2523.458      2.931      2.950    28.7448    28.7496   5.809531   5.810237     3.1538     2.6654     100.00   24.52970  -80.60918   -0.00049   -0.00030         15  0.000e+00
      60565   2523.500      2.877      2.895    28.7448    28.7507   5.809578   5.810349     3.1538     2.6654     100.00   24.52970  -80.60918   -0.00047   -0.00035         15  0.000e+00
