GOMECC/GOMECC-4/1db/rb2103_0501.cnv
* Sea-Bird SBE 9 Data File:
* FileName = C:\Users\scs.user.rb\CTD\GOMECC4\data\rb2103_0501.hex
* Software Version Seasave V 7.26.7.107
* Temperature SN = 4799
* Conductivity SN = 3860
* Number of Bytes Per Scan = 41
* Number of Voltage Words = 4
* Number of Scans Averaged by the Deck Unit = 1
* NMEA Latitude = 27 52.19 N
* NMEA Longitude = 093 49.83 W
* NMEA UTC (Time) = Sep 27 2021  14:48:27
* NMEA baud rate = 4800
# nquan = 28
# nvalues = 140                         
# units = specified
# name 0 = scan: Scan Count
# name 1 = timeS: Time, Elapsed [seconds]
# name 2 = depSM: Depth [salt water, m]
# name 3 = prDM: Pressure, Digiquartz [db]
# name 4 = t090C: Temperature [ITS-90, deg C]
# name 5 = t190C: Temperature, 2 [ITS-90, deg C]
# name 6 = c0S/m: Conductivity [S/m]
# name 7 = c1S/m: Conductivity, 2 [S/m]
# name 8 = sbeox0V: Oxygen raw, SBE 43 [V]
# name 9 = sbeox1V: Oxygen raw, SBE 43, 2 [V]
# name 10 = altM: Altimeter [m]
# name 11 = latitude: Latitude [deg]
# name 12 = longitude: Longitude [deg]
# name 13 = sbox0dV/dT: Oxygen, SBE 43 [dov/dt]
# name 14 = sbox1dV/dT: Oxygen, SBE 43, 2 [dov/dt]
# name 15 = sbeox0ML/L: Oxygen, SBE 43 [ml/l], WS = 5
# name 16 = sbeox1ML/L: Oxygen, SBE 43, 2 [ml/l], WS = 5
# name 17 = potemp090C: Potential Temperature [ITS-90, deg C]
# name 18 = potemp190C: Potential Temperature, 2 [ITS-90, deg C]
# name 19 = sal00: Salinity, Practical [PSU]
# name 20 = sal11: Salinity, Practical, 2 [PSU]
# name 21 = sigma-é00: Density [sigma-theta, kg/m^3]
# name 22 = sigma-é11: Density, 2 [sigma-theta, kg/m^3]
# name 23 = avgsvCM: Average Sound Velocity [Chen-Millero, m/s], minP = 20, minS = 20
# name 24 = sbox0Mm/Kg: Oxygen, SBE 43 [umol/kg], WS = 5
# name 25 = sbox1Mm/Kg: Oxygen, SBE 43, 2 [umol/kg], WS = 5
# name 26 = nbin: number of scans per bin
# name 27 = flag: flag
# span 0 =       5844,      30002       
# span 1 =    243.464,   1250.047       
# span 2 =      1.986,     89.383       
# span 3 =      2.000,     90.000       
# span 4 =    20.6902,    28.9328       
# span 5 =    20.6958,    28.9338       
# span 6 =   5.025357,   5.829721       
# span 7 =   5.026050,   5.829839       
# span 8 =     2.3884,     3.2543       
# span 9 =     2.0193,     2.7960       
# span 10 =       4.35,      89.26      
# span 11 =   27.52287,   28.32627      
# span 12 =  -95.36693,  -92.66212      
# span 13 =   -0.03174,    0.02699      
# span 14 =   -0.03147,    0.02541      
# span 15 =     3.5311,     4.8697      
# span 16 =     3.5674,     4.9220      
# span 17 =    20.6730,    28.9294      
# span 18 =    20.6786,    28.9304      
# span 19 =    34.9864,    36.4313      
# span 20 =    35.0405,    36.4320      
# span 21 =    22.2714,    25.5750      
# span 22 =    22.3038,    25.5749      
# span 23 =       0.00,    1561.78      
# span 24 =    153.767,    212.264      
# span 25 =    155.347,    214.538      
# span 26 =         30,         69      
# span 27 = 0.0000e+00, 0.0000e+00      
# interval = decibars: 1                
# start_time = Sep 27 2021 14:48:27 [NMEA time, header]
# bad_flag = -9.990e-29
*END*
[from data line 52]
       8454    352.220     56.614     57.000    23.9151    23.9146   5.362226   5.362367     3.1592     2.7198      38.32   27.86974  -93.82994   -0.00277   -0.00157     4.8378     4.8895    23.9031    23.9026    36.2585    36.2600    24.6234    24.6246    1540.97    210.864    213.117         37 0.0000e+00
       8493    353.828     57.607     58.000    23.8886    23.8910   5.359503   5.359936     3.1577     2.7137      37.34   27.86974  -93.82993   -0.00096   -0.00199     4.8378     4.8788    23.8764    23.8787    36.2581    36.2599    24.6310    24.6316    1540.84    210.863    212.650         40 0.0000e+00
       8533    355.505     58.600     59.000    23.8196    23.8220   5.351865   5.352343     3.1501     2.7055      36.43   27.86974  -93.82992   -0.00197   -0.00413     4.8295     4.8672    23.8072    23.8096    36.2568    36.2585    24.6505    24.6511    1540.73    210.498    212.142         39 0.0000e+00
       8570    357.054     59.593     60.000    23.4715    23.4511   5.313459   5.311921     3.1309     2.6884      35.40   27.86974  -93.82992   -0.00616   -0.00614     4.8223     4.8602    23.4590    23.4386    36.2473    36.2522    24.7458    24.7555    1540.61    210.163    211.815         36 0.0000e+00
       8605    358.482     60.586     61.000    22.9775    22.9794   5.260637   5.261141     3.0822     2.6443      34.47   27.86974  -93.82992   -0.01856   -0.01707     4.7687     4.8044    22.9650    22.9668    36.2454    36.2484    24.8887    24.8904    1540.47    207.795    209.350         32 0.0000e+00
       8636    359.811     61.579     62.000    22.8534    22.8577   5.247775   5.248461     3.0655     2.6285      33.54   27.86974  -93.82992   -0.02329   -0.02122     4.7484     4.7804    22.8408    22.8451    36.2484    36.2502    24.9269    24.9269    1540.33    206.907    208.302         32 0.0000e+00
       8670    361.192     62.572     63.000    22.7918    22.7999   5.241272   5.242440     3.0411     2.6048      32.50   27.86974  -93.82992   -0.02052   -0.01894     4.7049     4.7331    22.7790    22.7870    36.2485    36.2509    24.9447    24.9443    1540.18    205.007    206.235         35 0.0000e+00
       8706    362.693     63.565     64.000    22.7233    22.7236   5.234400   5.234691     3.0074     2.5754      31.54   27.86974  -93.82992   -0.01842   -0.01732     4.6432     4.6742    22.7102    22.7106    36.2514    36.2534    24.9668    24.9682    1540.04    202.313    203.665         36 0.0000e+00
       8741    364.176     64.558     65.000    22.7182    22.7195   5.234655   5.234970     2.9774     2.5487      30.51   27.86974  -93.82992   -0.02142   -0.01901     4.5831     4.6152    22.7050    22.7063    36.2572    36.2586    24.9727    24.9734    1539.91    199.695    201.094         34 0.0000e+00
       8773    365.498     65.551     66.000    22.7102    22.7134   5.234084   5.234787     2.9615     2.5370      29.67   27.86974  -93.82992   -0.01924   -0.01647     4.5536     4.5923    22.6968    22.7001    36.2591    36.2610    24.9765    24.9766    1539.77    198.410    200.093         31 0.0000e+00
       8804    366.801     66.544     67.000    22.3776    22.3801   5.199279   5.199934     2.9465     2.5203      28.69   27.86974  -93.82992   -0.01333   -0.01157     4.5381     4.5670    22.3641    22.3666    36.2560    36.2595    25.0694    25.0713    1539.67    197.714    198.972         33 0.0000e+00
       8840    368.296     67.537     68.000    22.3268    22.3281   5.193389   5.193775     2.9093     2.4833      27.61   27.86972  -93.82990   -0.01533   -0.01520     4.4793     4.5016    22.3131    22.3145    36.2588    36.2607    25.0860    25.0870    1539.50    195.151    196.119         38 0.0000e+00
       8877    369.826     68.530     69.000    22.1280    22.1319   5.172542   5.173293     2.8758     2.4551      26.67   27.86972  -93.82990   -0.02219   -0.02136     4.4280     4.4541    22.1142    22.1182    36.2604    36.2630    25.1436    25.1445    1539.36    192.906    194.039         33 0.0000e+00
       8908    371.105     69.524     70.000    22.0355    22.0360   5.164133   5.164398     2.8421     2.4244      25.67   27.86972  -93.82990   -0.02393   -0.02151     4.3669     4.3924    22.0215    22.0220    36.2711    36.2728    25.1780    25.1791    1539.22    190.237    191.347         30 0.0000e+00
       8938    372.384     70.516     71.000    22.0059    22.0069   5.161148   5.161508     2.8153     2.4014      24.71   27.86972  -93.82990   -0.02368   -0.02086     4.3147     4.3430    21.9918    21.9928    36.2720    36.2740    25.1870    25.1882    1539.08    187.958    189.195         33 0.0000e+00
       8975    373.896     71.509     72.000    21.8440    21.8465   5.145001   5.145557     2.7874     2.3774      23.66   27.86972  -93.82990   -0.02162   -0.01850     4.2708     4.3015    21.8298    21.8323    36.2796    36.2819    25.2384    25.2394    1538.94    186.036    187.376         38 0.0000e+00
       9010    375.375     72.503     73.000    21.7509    21.7525   5.135442   5.135822     2.7568     2.3508      22.69   27.86972  -93.82990   -0.01916   -0.01674     4.2155     4.2486    21.7365    21.7381    36.2816    36.2833    25.2661    25.2669    1538.80    183.626    185.067         33 0.0000e+00
       9042    376.696     73.496     74.000    21.7329    21.7329   5.133644   5.133809     2.7357     2.3333      21.82   27.86972  -93.82990   -0.01936   -0.01695     4.1738     4.2106    21.7184    21.7183    36.2821    36.2835    25.2715    25.2726    1538.67    181.806    183.410         31 0.0000e+00
       9074    378.062     74.488     75.000    21.6845    21.6871   5.128230   5.128755     2.7202     2.3194      20.70   27.86972  -93.82990   -0.01620   -0.01353     4.1486     4.1861    21.6697    21.6724    36.2795    36.2815    25.2831    25.2839    1538.54    180.707    182.342         34 0.0000e+00
       9565    398.489     79.453     80.000    21.2438    21.2441   5.094841   5.094860     2.5631     2.1795      15.72   27.96976  -94.16668   -0.00049   -0.00056     3.8555     3.8980    21.2283    21.2287    36.4313    36.4320    25.5343    25.5347    1543.39    167.916    169.767         30 0.0000e+00
       9692    403.794     80.446     81.000    21.1688    21.1689   5.076724   5.076861     2.5474     2.1667      14.41   27.86972  -93.82986   -0.00144   -0.00004     3.8280     3.8732    21.1531    21.1533    36.3016    36.3024    25.4431    25.4437    1537.72    166.716    168.686         46 0.0000e+00
      10461    435.827     86.404     87.000    20.9742    20.9690   5.058107   5.057654     2.4879     2.1109       8.36   27.87390  -93.84395   -0.00244   -0.00212     3.7193     3.7603    20.9575    20.9523    36.3099    36.3121    25.5033    25.5064    1537.22    161.972    163.760         41 0.0000e+00
      10588    441.144     87.397     88.000    20.9058    20.9102   5.050635   5.051250     2.4725     2.0919       7.37   27.86970  -93.82980   -0.00276   -0.00253     3.6928     3.7213    20.8889    20.8933    36.3123    36.3135    25.5238    25.5235    1536.88    160.814    162.056         33 0.0000e+00
      13149    547.823     89.383     90.000    20.6902    20.6958   5.025357   5.026050     2.3884     2.0193       4.35   27.83153  -93.70123   -0.00065   -0.00166     3.5311     3.5674    20.6730    20.6786    36.2727    36.2736    25.5475    25.5466    1534.50    153.767    155.347         50 0.0000e+00
      13799    574.926     88.390     89.000    20.7429    20.7454   5.034631   5.034979     2.3940     2.0261       5.22   27.86966  -93.82959    0.00088    0.00112     3.5387     3.5798    20.7260    20.7284    36.3213    36.3221    25.5750    25.5749    1536.59    154.097    155.889         50 0.0000e+00
      13954    581.360     87.397     88.000    20.7742    20.7880   5.037539   5.038953     2.3979     2.0317       6.13   27.86966  -93.82958    0.00082    0.00159     3.5444     3.5897    20.7574    20.7712    36.3186    36.3183    25.5644    25.5604    1536.59    154.346    156.321         69 0.0000e+00
      14004    583.464     86.404     87.000    20.8899    20.9011   5.049716   5.051387     2.4075     2.0446       6.90   27.86966  -93.82957    0.00305    0.00365     3.5593     3.6133    20.8822    20.8846    36.3112    36.3128    25.5247    25.5244    1536.59    155.004    157.354         33 0.0000e+00
      14047    585.245     85.411     86.000    20.9483    20.9711   5.054744   5.057218     2.4336     2.0746       7.91   27.86966  -93.82956    0.00827    0.01051     3.6069     3.6762    20.9318    20.9545    36.3100    36.3106    25.5103    25.5045    1536.59    157.079    160.098         47 0.0000e+00
      14090    587.023     84.418     85.000    20.9582    20.9685   5.055788   5.056874     2.4557     2.0927       8.82   27.86966  -93.82956    0.01443    0.01538     3.6523     3.7178    20.9419    20.9522    36.3104    36.3103    25.5078    25.5049    1536.59    159.055    161.907         37 0.0000e+00
      14124    588.445     83.425     84.000    21.0133    21.0073   5.060945   5.060817     2.4652     2.0951       9.72   27.86966  -93.82956    0.01136    0.00808     3.6679     3.7203    20.9972    20.9912    36.3054    36.3095    25.4889    25.4936    1536.59    159.739    162.020         33 0.0000e+00
      14158    589.880     82.432     83.000    21.1009    21.0902   5.069934   5.069086     2.4818     2.1097      10.74   27.86966  -93.82956    0.00843    0.00498     3.6962     3.7479    21.0848    21.0741    36.3038    36.3061    25.4636    25.4683    1536.59    160.973    163.225         36 0.0000e+00
      14197    591.492     81.439     82.000    21.1240    21.1180   5.072223   5.071668     2.5027     2.1268      11.74   27.86966  -93.82956    0.01165    0.00906     3.7382     3.7850    21.1081    21.1021    36.3029    36.3035    25.4566    25.4587    1536.59    162.802    164.842         40 0.0000e+00
      14234    593.054     80.446     81.000    21.1415    21.1342   5.073832   5.073188     2.5199     2.1384      12.75   27.86966  -93.82956    0.01271    0.00984     3.7723     3.8104    21.1258    21.1186    36.3014    36.3023    25.4505    25.4532    1536.59    164.288    165.948         36 0.0000e+00
      14269    594.505     79.453     80.000    21.1514    21.1451   5.074731   5.074226     2.5272     2.1461      13.62   27.86964  -93.82956    0.00942    0.00728     3.7865     3.8268    21.1360    21.1296    36.3005    36.3018    25.4471    25.4498    1536.59    164.910    166.663         33 0.0000e+00
      14303    595.915     78.460     79.000    21.1585    21.1585   5.075466   5.075464     2.5319     2.1519      14.60   27.86964  -93.82956    0.00552    0.00542     3.7954     3.8390    21.1432    21.1432    36.3008    36.3008    25.4452    25.4453    1536.59    165.297    167.194         35 0.0000e+00
      14340    597.475     77.467     78.000    21.1673    21.1737   5.076189   5.076854     2.5369     2.1562      15.61   27.86964  -93.82956    0.00342    0.00383     3.8048     3.8472    21.1522    21.1586    36.2994    36.2994    25.4418    25.4400    1536.59    165.704    167.552         40 0.0000e+00
      14379    599.103     76.475     77.000    21.1803    21.1923   5.077575   5.078566     2.5418     2.1623      16.57   27.86964  -93.82955    0.00314    0.00315     3.8120     3.8591    21.1654    21.1774    36.2992    36.2980    25.4379    25.4339    1536.59    166.023    168.071         36 0.0000e+00
      14412    600.451     75.481     76.000    21.2488    21.2578   5.083649   5.084684     2.5489     2.1673      17.45   27.86964  -93.82954    0.00353    0.00360     3.8276     3.8679    21.2341    21.2431    36.2962    36.2964    25.4167    25.4144    1536.59    166.702    168.457         31 0.0000e+00
      14444    601.811     74.488     75.000    21.2686    21.2774   5.086256   5.087196     2.5580     2.1749      18.45   27.86964  -93.82954    0.00505    0.00410     3.8401     3.8817    21.2541    21.2628    36.2956    36.2957    25.4108    25.4085    1536.59    167.249    169.062         36 0.0000e+00
      14486    603.540     73.495     74.000    21.2653    21.2833   5.085846   5.087811     2.5639     2.1834      19.54   27.86964  -93.82954    0.00540    0.00536     3.8521     3.9003    21.2509    21.2689    36.2954    36.2959    25.4115    25.4069    1536.59    167.772    169.872         44 0.0000e+00
      14525    605.156     72.502     73.000    21.3328    21.3889   5.092782   5.098212     2.5677     2.1883      20.46   27.86964  -93.82954    0.00313    0.00403     3.8546     3.9039    21.3186    21.3747    36.2941    36.2902    25.3918    25.3733    1536.59    167.886    170.032         32 0.0000e+00
      14555    606.406     71.509     72.000    21.5853    21.5710   5.118020   5.117332     2.5878     2.2116      21.32   27.86964  -93.82954    0.00488    0.00603     3.8775     3.9438    21.5712    21.5569    36.2828    36.2894    25.3131    25.3221    1536.59    168.892    171.780         31 0.0000e+00
      14589    607.843     70.516     71.000    21.6982    21.7146   5.130391   5.132136     2.6284     2.2501      22.35   27.86964  -93.82954    0.01370    0.01488     3.9529     4.0210    21.6843    21.7006    36.2865    36.2867    25.2844    25.2800    1536.59    172.181    175.151         32 0.0000e+00
      16198    674.883     68.530     69.000    22.1171    22.1192   5.174755   5.174650     2.8030     2.3980      24.21   27.89102  -93.90146    0.00163    0.00267     4.2789     4.3263    22.1034    22.1054    36.2915    36.2952    25.1728    25.1755    1537.77    186.406    188.474         35 0.0000e+00
      16250    677.030     67.537     68.000    22.1520    22.1479   5.175428   5.175096     2.8091     2.4003      25.03   27.86961  -93.82942    0.00243    0.00182     4.2886     4.3283    22.1384    22.1343    36.2634    36.2643    25.1391    25.1409    1536.59    186.831    188.561         47 0.0000e+00
      16306    679.359     66.544     67.000    22.2173    22.2529   5.182060   5.186139     2.8243     2.4199      26.05   27.86961  -93.82942    0.00499    0.00464     4.3134     4.3641    22.2039    22.2395    36.2617    36.2638    25.1192    25.1107    1536.59    187.916    190.124         52 0.0000e+00
      16372    682.122     65.551     66.000    22.2366    22.2631   5.184548   5.187456     2.8362     2.4296      26.95   27.86961  -93.82942    0.00540    0.00622     4.3357     4.3845    22.2234    22.2498    36.2636    36.2661    25.1151    25.1095    1536.59    188.889    191.014         40 0.0000e+00
      16410    683.695     64.558     65.000    22.3795    22.4474   5.199688   5.207281     2.8430     2.4370      27.92   27.86961  -93.82941    0.00359    0.00221     4.3390     4.3893    22.3665    22.4343    36.2651    36.2684    25.0756    25.0587    1536.59    189.041    191.232         36 0.0000e+00
      16468    686.141     63.565     64.000    22.4451    22.4943   5.206598   5.211814     2.8665     2.4658      29.00   27.86961  -93.82940    0.00800    0.01007     4.3794     4.4465    22.4322    22.4813    36.2649    36.2652    25.0567    25.0429    1536.59    190.802    193.730         63 0.0000e+00
      16518    688.193     62.572     63.000    22.5332    22.5890   5.215518   5.221219     2.8810     2.4740      29.85   27.86961  -93.82940    0.00826    0.00720     4.4019     4.4575    22.5204    22.5763    36.2622    36.2603    25.0294    25.0120    1536.59    191.787    194.216         39 0.0000e+00
      16561    689.991     61.579     62.000    22.6372    22.6997   5.226186   5.232376     2.9017     2.4998      30.81   27.86961  -93.82940    0.00871    0.00793     4.4344     4.5057    22.6246    22.6871    36.2595    36.2558    24.9975    24.9767    1536.59    193.212    196.321         52 0.0000e+00
