GOMECC/GOMECC-4/1db/rb2103_0991.ros
* Sea-Bird SBE 9 Data File:
* FileName = C:\Users\scs.user.rb\CTD\GOMECC4\data\rb2103_0991.hex
* Software Version Seasave V 7.26.7.107
* Temperature SN = 4799
* Conductivity SN = 3860
* Number of Bytes Per Scan = 41
* Number of Voltage Words = 4
* Number of Scans Averaged by the Deck Unit = 1
* NMEA Latitude = 21 55.59 N
* NMEA Longitude = 088 00.01 W
* NMEA UTC (Time) = Oct 12 2021  09:32:54
* NMEA baud rate = 4800
# nquan = 17
# nvalues = 399                                   
# units = specified
# name 0 = scan: Scan Count
# name 1 = timeS: Time, Elapsed [seconds]
# name 2 = depSM: Depth [salt water, m]
# name 3 = prDM: Pressure, Digiquartz [db]
# name 4 = t090C: Temperature [ITS-90, deg C]
# name 5 = t190C: Temperature, 2 [ITS-90, deg C]
# name 6 = c0S/m: Conductivity [S/m]
# name 7 = c1S/m: Conductivity, 2 [S/m]
# name 8 = sbeox0V: Oxygen raw, SBE 43 [V]
# name 9 = sbeox1V: Oxygen raw, SBE 43, 2 [V]
# name 10 = altM: Altimeter [m]
# name 11 = latitude: Latitude [deg]
# name 12 = longitude: Longitude [deg]
# name 13 = sbox0dV/dT: Oxygen, SBE 43 [dov/dt]
# name 14 = sbox1dV/dT: Oxygen, SBE 43, 2 [dov/dt]
# name 15 = nbf: Bottles Fired
# name 16 = flag:  0.000e+00
# interval = seconds: 0.0416667
# start_time = Oct 12 2021 09:32:54 [NMEA time, header]
# bad_flag = -9.990e-29
*END*
[from data line 256]
      16776    698.958      9.809      9.871    29.2235    29.2276   5.956013   5.956644     3.1563     2.6679      13.72   21.92664  -88.00018   -0.00033   -0.00122          2  0.000e+00
      16777    699.000      9.762      9.823    29.2235    29.2272   5.956029   5.956660     3.1551     2.6691      13.75   21.92664  -88.00018   -0.00033   -0.00119          2  0.000e+00
      16778    699.042      9.809      9.871    29.2237    29.2275   5.956005   5.956628     3.1563     2.6691      13.72   21.92664  -88.00018   -0.00032   -0.00117          2  0.000e+00
      16779    699.083      9.809      9.871    29.2236    29.2276   5.955981   5.956636     3.1551     2.6703      13.75   21.92664  -88.00018   -0.00034   -0.00112          2  0.000e+00
      16780    699.125      9.809      9.871    29.2236    29.2286   5.956013   5.956660     3.1551     2.6703      13.72   21.92664  -88.00018   -0.00036   -0.00107          2  0.000e+00
      16781    699.167      9.809      9.871    29.2233    29.2286   5.955957   5.956684     3.1551     2.6703      13.75   21.92664  -88.00018   -0.00038   -0.00103          2  0.000e+00
      16782    699.208      9.809      9.871    29.2233    29.2288   5.955965   5.956709     3.1563     2.6703      13.72   21.92664  -88.00018   -0.00038   -0.00098          2  0.000e+00
      16783    699.250      9.809      9.871    29.2226    29.2291   5.955901   5.956749     3.1563     2.6703      13.72   21.92664  -88.00018   -0.00036   -0.00093          2  0.000e+00
      16784    699.292      9.762      9.823    29.2224    29.2289   5.955893   5.956781     3.1563     2.6703      13.72   21.92664  -88.00018   -0.00034   -0.00089          2  0.000e+00
      16785    699.333      9.809      9.871    29.2222    29.2289   5.955925   5.956806     3.1563     2.6703      13.75   21.92664  -88.00018   -0.00033   -0.00084          2  0.000e+00
      18989    791.167      3.515      3.537    29.2185    29.2199   5.955243   5.955508     3.1575     2.6679      19.80   21.92668  -88.00020   -0.00065    0.00258          3  0.000e+00
      18990    791.208      3.562      3.584    29.2185    29.2199   5.955243   5.955581     3.1575     2.6679      19.78   21.92668  -88.00020   -0.00065    0.00251          3  0.000e+00
      18991    791.250      3.515      3.537    29.2183    29.2197   5.955179   5.955605     3.1587     2.6667      19.78   21.92668  -88.00020   -0.00064    0.00242          3  0.000e+00
      18992    791.292      3.616      3.639    29.2183    29.2199   5.955187   5.955564     3.1587     2.6654      19.78   21.92668  -88.00020   -0.00063    0.00230          3  0.000e+00
      18993    791.333      3.508      3.530    29.2184    29.2197   5.955195   5.955524     3.1587     2.6667      19.78   21.92668  -88.00020   -0.00060    0.00220          3  0.000e+00
      18994    791.375      3.616      3.639    29.2181    29.2199   5.955156   5.955540     3.1587     2.6667      19.78   21.92668  -88.00020   -0.00057    0.00210          3  0.000e+00
      18995    791.417      3.515      3.537    29.2179    29.2199   5.955219   5.955556     3.1587     2.6654      19.76   21.92668  -88.00020   -0.00054    0.00197          3  0.000e+00
      18996    791.458      3.515      3.537    29.2182    29.2199   5.955179   5.955556     3.1587     2.6654      19.73   21.92668  -88.00020   -0.00051    0.00185          3  0.000e+00
      18997    791.500      3.616      3.639    29.2179    29.2199   5.955148   5.955589     3.1587     2.6654      19.73   21.92668  -88.00020   -0.00050    0.00172          3  0.000e+00
      18998    791.542      3.515      3.537    29.2177    29.2197   5.955147   5.955532     3.1587     2.6667      19.73   21.92668  -88.00020   -0.00047    0.00161          3  0.000e+00
      18999    791.583      3.515      3.537    29.2176    29.2201   5.955108   5.955540     3.1600     2.6667      19.73   21.92668  -88.00020   -0.00043    0.00150          3  0.000e+00
      19000    791.625      3.562      3.584    29.2176    29.2199   5.955132   5.955484     3.1600     2.6654      19.73   21.92668  -88.00020   -0.00038    0.00138          3  0.000e+00
      19001    791.667      3.515      3.537    29.2176    29.2199   5.955155   5.955564     3.1600     2.6667      19.73   21.92668  -88.00020   -0.00033    0.00128          3  0.000e+00
      19002    791.708      3.562      3.584    29.2175    29.2199   5.955187   5.955564     3.1600     2.6667      19.73   21.92668  -88.00020   -0.00029    0.00118          3  0.000e+00
      19003    791.750      3.515      3.537    29.2176    29.2197   5.955084   5.955524     3.1600     2.6667      19.73   21.92668  -88.00020   -0.00024    0.00108          3  0.000e+00
      19004    791.792      3.515      3.537    29.2176    29.2196   5.955124   5.955540     3.1600     2.6679      19.73   21.92668  -88.00020   -0.00018    0.00100          3  0.000e+00
      19005    791.833      3.515      3.537    29.2180    29.2197   5.955108   5.955556     3.1600     2.6667      19.73   21.92668  -88.00020   -0.00012    0.00091          3  0.000e+00
      19006    791.875      3.508      3.530    29.2177    29.2195   5.955171   5.955516     3.1600     2.6679      19.73   21.92668  -88.00020   -0.00006    0.00084          3  0.000e+00
      19007    791.917      3.515      3.537    29.2178    29.2197   5.955132   5.955540     3.1600     2.6679      19.73   21.92668  -88.00020    0.00000    0.00078          3  0.000e+00
      19008    791.958      3.515      3.537    29.2179    29.2197   5.955140   5.955597     3.1587     2.6679      19.76   21.92668  -88.00020    0.00005    0.00072          3  0.000e+00
      19009    792.000      3.515      3.537    29.2177    29.2197   5.955179   5.955564     3.1600     2.6679      19.73   21.92668  -88.00020    0.00011    0.00066          3  0.000e+00
      19010    792.042      3.467      3.489    29.2178    29.2197   5.955195   5.955524     3.1600     2.6691      19.73   21.92668  -88.00020    0.00017    0.00062          3  0.000e+00
      19011    792.083      3.515      3.537    29.2174    29.2195   5.955155   5.955540     3.1600     2.6691      19.73   21.92668  -88.00020    0.00024    0.00061          3  0.000e+00
      19012    792.125      3.467      3.489    29.2176    29.2195   5.955124   5.955556     3.1600     2.6679      19.73   21.92668  -88.00020    0.00030    0.00056          3  0.000e+00
      19013    792.167      3.515      3.537    29.2176    29.2193   5.955140   5.955524     3.1600     2.6691      19.73   21.92668  -88.00020    0.00036    0.00052          3  0.000e+00
      19014    792.208      3.467      3.489    29.2174    29.2196   5.955108   5.955540     3.1600     2.6691      19.73   21.92668  -88.00020    0.00042    0.00049          3  0.000e+00
      19015    792.250      3.515      3.537    29.2174    29.2195   5.955100   5.955556     3.1600     2.6691      19.73   21.92668  -88.00020    0.00047    0.00047          3  0.000e+00
      19016    792.292      3.467      3.489    29.2175    29.2193   5.955132   5.955556     3.1600     2.6691      19.73   21.92668  -88.00020    0.00053    0.00046          3  0.000e+00
      19017    792.333      3.467      3.489    29.2176    29.2195   5.955084   5.955524     3.1600     2.6691      19.73   21.92668  -88.00020    0.00058    0.00042          3  0.000e+00
      19018    792.375      3.515      3.537    29.2176    29.2197   5.955163   5.955581     3.1600     2.6691      19.73   21.92668  -88.00020    0.00062    0.00035          3  0.000e+00
      19019    792.417      3.515      3.537    29.2176    29.2195   5.955124   5.955564     3.1600     2.6691      19.76   21.92668  -88.00020    0.00066    0.00031          3  0.000e+00
      19020    792.458      3.460      3.482    29.2176    29.2194   5.955131   5.955556     3.1600     2.6691      19.78   21.92668  -88.00020    0.00071    0.00029          3  0.000e+00
      19021    792.500      3.515      3.537    29.2174    29.2195   5.955147   5.955556     3.1587     2.6691      19.76   21.92668  -88.00020    0.00072    0.00027          3  0.000e+00
      19022    792.542      3.467      3.489    29.2175    29.2197   5.955124   5.955524     3.1587     2.6691      19.78   21.92668  -88.00020    0.00072    0.00026          3  0.000e+00
      19023    792.583      3.467      3.489    29.2176    29.2197   5.955068   5.955508     3.1587     2.6691      19.76   21.92668  -88.00020    0.00073    0.00027          3  0.000e+00
      19024    792.625      3.515      3.537    29.2177    29.2193   5.955084   5.955508     3.1587     2.6691      19.76   21.92668  -88.00020    0.00074    0.00025          3  0.000e+00
      19025    792.667      3.467      3.489    29.2175    29.2194   5.955100   5.955548     3.1587     2.6691      19.76   21.92668  -88.00020    0.00074    0.00022          3  0.000e+00
      19026    792.708      3.515      3.537    29.2176    29.2191   5.955100   5.955589     3.1587     2.6691      19.76   21.92668  -88.00020    0.00075    0.00020          3  0.000e+00
      19027    792.750      3.467      3.489    29.2172    29.2193   5.955100   5.955532     3.1575     2.6691      19.76   21.92668  -88.00020    0.00074    0.00020          3  0.000e+00
      19028    792.792      3.467      3.489    29.2173    29.2191   5.955076   5.955540     3.1587     2.6691      19.78   21.92668  -88.00020    0.00074    0.00019          3  0.000e+00
      19029    792.833      3.515      3.537    29.2172    29.2193   5.955020   5.955589     3.1575     2.6691      19.76   21.92668  -88.00020    0.00073    0.00020          3  0.000e+00
      19030    792.875      3.467      3.489    29.2173    29.2190   5.955076   5.955532     3.1575     2.6691      19.76   21.92668  -88.00020    0.00072    0.00021          3  0.000e+00
      19031    792.917      3.515      3.537    29.2170    29.2189   5.955100   5.955467     3.1563     2.6691      19.76   21.92668  -88.00020    0.00067    0.00021          3  0.000e+00
      19032    792.958      3.515      3.537    29.2172    29.2191   5.955132   5.955532     3.1575     2.6691      19.76   21.92668  -88.00020    0.00066    0.00020          3  0.000e+00
      19033    793.000      3.508      3.530    29.2171    29.2191   5.955084   5.955484     3.1563     2.6691      19.76   21.92668  -88.00020    0.00061    0.00020          3  0.000e+00
      19034    793.042      3.467      3.489    29.2172    29.2189   5.955092   5.955532     3.1563     2.6691      19.76   21.92668  -88.00020    0.00057    0.00021          3  0.000e+00
      19035    793.083      3.515      3.537    29.2174    29.2189   5.955132   5.955556     3.1551     2.6691      19.76   21.92668  -88.00020    0.00052    0.00019          3  0.000e+00
      19036    793.125      3.515      3.537    29.2173    29.2188   5.955108   5.955516     3.1563     2.6691      19.76   21.92668  -88.00020    0.00047    0.00020          3  0.000e+00
      19037    793.167      3.515      3.537    29.2174    29.2188   5.955100   5.955508     3.1551     2.6691      19.76   21.92668  -88.00020    0.00043    0.00020          3  0.000e+00
      19038    793.208      3.467      3.489    29.2170    29.2189   5.955076   5.955508     3.1551     2.6679      19.76   21.92668  -88.00020    0.00038    0.00017          3  0.000e+00
      19039    793.250      3.515      3.537    29.2173    29.2188   5.955092   5.955540     3.1563     2.6679      19.76   21.92668  -88.00020    0.00036    0.00015          3  0.000e+00
      19040    793.292      3.515      3.537    29.2172    29.2189   5.955100   5.955524     3.1563     2.6679      19.76   21.92668  -88.00020    0.00033    0.00014          3  0.000e+00
      19041    793.333      3.515      3.537    29.2172    29.2188   5.955100   5.955508     3.1551     2.6667      19.76   21.92668  -88.00020    0.00028    0.00011          3  0.000e+00
      19042    793.375      3.515      3.537    29.2175    29.2191   5.955132   5.955508     3.1551     2.6679      19.78   21.92668  -88.00020    0.00024    0.00009          3  0.000e+00
      19043    793.417      3.515      3.537    29.2174    29.2191   5.955147   5.955508     3.1563     2.6679      19.76   21.92668  -88.00020    0.00022    0.00008          3  0.000e+00
      19044    793.458      3.515      3.537    29.2176    29.2191   5.955155   5.955508     3.1563     2.6679      19.78   21.92668  -88.00020    0.00019    0.00006          3  0.000e+00
      19045    793.500      3.515      3.537    29.2175    29.2195   5.955147   5.955548     3.1563     2.6679      19.80   21.92668  -88.00020    0.00018    0.00005          3  0.000e+00
      19046    793.542      3.515      3.537    29.2174    29.2190   5.955108   5.955556     3.1563     2.6679      19.80   21.92668  -88.00020    0.00016    0.00003          3  0.000e+00
      19047    793.583      3.508      3.530    29.2176    29.2193   5.955132   5.955484     3.1563     2.6691      19.80   21.92668  -88.00020    0.00015    0.00003          3  0.000e+00
      19048    793.625      3.515      3.537    29.2175    29.2193   5.955108   5.955492     3.1563     2.6691      19.78   21.92668  -88.00020    0.00013    0.00004          3  0.000e+00
      19049    793.667      3.562      3.584    29.2176    29.2193   5.955148   5.955540     3.1563     2.6691      19.78   21.92668  -88.00020    0.00011    0.00004          3  0.000e+00
      19050    793.708      3.515      3.537    29.2174    29.2193   5.955187   5.955556     3.1563     2.6703      19.78   21.92668  -88.00020    0.00009    0.00006          3  0.000e+00
      19051    793.750      3.515      3.537    29.2175    29.2194   5.955155   5.955556     3.1563     2.6703      19.78   21.92668  -88.00020    0.00007    0.00008          3  0.000e+00
      19052    793.792      3.515      3.537    29.2176    29.2195   5.955108   5.955556     3.1563     2.6703      19.80   21.92668  -88.00020    0.00005    0.00009          3  0.000e+00
      19053    793.833      3.515      3.537    29.2176    29.2195   5.955132   5.955556     3.1563     2.6703      19.80   21.92668  -88.00020    0.00004    0.00009          3  0.000e+00
      19054    793.875      3.562      3.584    29.2175    29.2195   5.955156   5.955556     3.1563     2.6703      19.80   21.92668  -88.00020    0.00002    0.00011          3  0.000e+00
      19055    793.917      3.515      3.537    29.2174    29.2197   5.955116   5.955556     3.1563     2.6703      19.80   21.92668  -88.00020    0.00000    0.00011          3  0.000e+00
      19056    793.958      3.562      3.584    29.2175    29.2195   5.955132   5.955556     3.1563     2.6703      19.78   21.92668  -88.00020   -0.00004    0.00010          3  0.000e+00
      19057    794.000      3.515      3.537    29.2176    29.2194   5.955108   5.955524     3.1563     2.6703      19.80   21.92668  -88.00020   -0.00007    0.00011          3  0.000e+00
      19058    794.042      3.515      3.537    29.2176    29.2195   5.955132   5.955540     3.1563     2.6703      19.78   21.92668  -88.00020   -0.00011    0.00013          3  0.000e+00
      19059    794.083      3.515      3.537    29.2175    29.2195   5.955124   5.955556     3.1563     2.6703      19.78   21.92668  -88.00020   -0.00015    0.00014          3  0.000e+00
      19060    794.125      3.562      3.584    29.2174    29.2197   5.955171   5.955556     3.1563     2.6703      19.80   21.92668  -88.00020   -0.00018    0.00015          3  0.000e+00
      19061    794.167      3.515      3.537    29.2174    29.2195   5.955124   5.955589     3.1563     2.6703      19.80   21.92668  -88.00020   -0.00022    0.00016          3  0.000e+00
      19062    794.208      3.562      3.584    29.2175    29.2196   5.955100   5.955532     3.1563     2.6703      19.78   21.92668  -88.00020   -0.00026    0.00017          3  0.000e+00
