GOMECC/GOMECC-4/1db/rb2103_1071.cnv
* Sea-Bird SBE 9 Data File:
* FileName = C:\Users\scs.user.rb\CTD\GOMECC4\data\rb2103_1071.hex
* Software Version Seasave V 7.26.7.107
* Temperature SN = 4799
* Conductivity SN = 3860
* Number of Bytes Per Scan = 41
* Number of Voltage Words = 4
* Number of Scans Averaged by the Deck Unit = 1
* NMEA Latitude = 23 05.26 N
* NMEA Longitude = 086 16.38 W
* NMEA UTC (Time) = Oct 14 2021  17:43:34
* NMEA baud rate = 4800
# nquan = 28
# nvalues = 867                         
# units = specified
# name 0 = scan: Scan Count
# name 1 = timeS: Time, Elapsed [seconds]
# name 2 = depSM: Depth [salt water, m]
# name 3 = prDM: Pressure, Digiquartz [db]
# name 4 = t090C: Temperature [ITS-90, deg C]
# name 5 = t190C: Temperature, 2 [ITS-90, deg C]
# name 6 = c0S/m: Conductivity [S/m]
# name 7 = c1S/m: Conductivity, 2 [S/m]
# name 8 = sbeox0V: Oxygen raw, SBE 43 [V]
# name 9 = sbeox1V: Oxygen raw, SBE 43, 2 [V]
# name 10 = altM: Altimeter [m]
# name 11 = latitude: Latitude [deg]
# name 12 = longitude: Longitude [deg]
# name 13 = sbox0dV/dT: Oxygen, SBE 43 [dov/dt]
# name 14 = sbox1dV/dT: Oxygen, SBE 43, 2 [dov/dt]
# name 15 = sbeox0ML/L: Oxygen, SBE 43 [ml/l], WS = 5
# name 16 = sbeox1ML/L: Oxygen, SBE 43, 2 [ml/l], WS = 5
# name 17 = potemp090C: Potential Temperature [ITS-90, deg C]
# name 18 = potemp190C: Potential Temperature, 2 [ITS-90, deg C]
# name 19 = sal00: Salinity, Practical [PSU]
# name 20 = sal11: Salinity, Practical, 2 [PSU]
# name 21 = sigma-é00: Density [sigma-theta, kg/m^3]
# name 22 = sigma-é11: Density, 2 [sigma-theta, kg/m^3]
# name 23 = avgsvCM: Average Sound Velocity [Chen-Millero, m/s], minP = 20, minS = 20
# name 24 = sbox0Mm/Kg: Oxygen, SBE 43 [umol/kg], WS = 5
# name 25 = sbox1Mm/Kg: Oxygen, SBE 43, 2 [umol/kg], WS = 5
# name 26 = nbin: number of scans per bin
# name 27 = flag: flag
# span 0 =      10122,     138408       
# span 1 =    421.692,   5766.937       
# span 2 =      0.994,   1219.634       
# span 3 =      1.000,   1231.000       
# span 4 =     4.3653,    31.4619       
# span 5 =     4.3661,    30.8405       
# span 6 =   3.339715,   6.270927       
# span 7 =   3.339780,   6.239101       
# span 8 =     1.6128,     3.2695       
# span 9 =     1.3114,     2.7759       
# span 10 =      10.58,     105.59      
# span 11 =   22.71926,   23.80460      
# span 12 =  -88.94793,  -84.89302      
# span 13 =   -0.01238,    0.01099      
# span 14 =   -0.01137,    0.00975      
# span 15 =     2.6612,     4.5613      
# span 16 =     2.6718,     4.5826      
# span 17 =     4.2660,    31.4617      
# span 18 =     4.2665,    30.8403      
# span 19 =    34.8977,    37.4115      
# span 20 =    34.8972,    37.0147      
# span 21 =    22.3753,    27.7317      
# span 22 =    22.3799,    27.7309      
# span 23 =       0.00,    1554.42      
# span 24 =    115.708,    198.212      
# span 25 =    116.169,    199.136      
# span 26 =         30,         71      
# span 27 = 0.0000e+00, 0.0000e+00      
# interval = decibars: 1                
# start_time = Oct 14 2021 17:43:34 [NMEA time, header]
# bad_flag = -9.990e-29
*END*
      10122    421.692      3.975      4.000    29.8738    29.8739   6.010050   6.010264     3.1660     2.6803      81.33   23.08758  -86.27316   -0.00020   -0.00139     4.3315     4.3177    29.8728    29.8730    36.2759    36.2773    22.7267    22.7276       0.00    189.144    188.545         53 0.0000e+00
      10182    424.200      4.969      5.000    29.8466    29.8472   6.006914   6.007177     3.1652     2.6784      91.98   23.08758  -86.27316   -0.00034   -0.00146     4.3326     4.3162    29.8454    29.8459    36.2747    36.2761    22.7351    22.7360       0.00    189.193    188.478         59 0.0000e+00
      10244    426.792      5.962      6.000    29.8755    29.8439   6.010365   6.007051     3.1678     2.6762     100.33   23.08758  -86.27316    0.00059   -0.00157     4.3354     4.3127    29.8741    29.8424    36.2762    36.2773    22.7264    22.7381       0.00    189.317    188.324         58 0.0000e+00
      10292    428.812      6.956      7.000    29.9219    29.9829   6.015194   6.022853     3.1670     2.6830     100.00   23.08757  -86.27316    0.00092    0.00273     4.3314     4.3187    29.9202    29.9812    36.2795    36.2803    22.7131    22.6929       0.00    189.144    188.591         42 0.0000e+00
      10334    430.540      7.949      8.000    29.8203    29.8241   6.004025   6.004690     3.1626     2.6803      98.30   23.08756  -86.27316   -0.00156    0.00154     4.3315     4.3233    29.8183    29.8221    36.2740    36.2756    22.7438    22.7438       0.00    189.144    188.784         45 0.0000e+00
      10387    432.746      8.943      9.000    29.8101    29.8114   6.002832   6.003203     3.1642     2.6767      91.55   23.08756  -86.27316   -0.00068   -0.00201     4.3354     4.3177    29.8079    29.8092    36.2734    36.2750    22.7469    22.7478       0.00    189.312    188.541         57 0.0000e+00
      10436    434.776      9.937     10.000    29.7988    29.8000   6.001599   6.001958     3.1644     2.6745      94.96   23.08756  -86.27316    0.00062   -0.00098     4.3375     4.3146    29.7963    29.7975    36.2729    36.2744    22.7505    22.7513       0.00    189.403    188.402         42 0.0000e+00
      10481    436.648     10.930     11.000    29.7938    29.7950   6.001138   6.001491     3.1644     2.6808      99.79   23.08756  -86.27316    0.00002    0.00080     4.3381     4.3275    29.7911    29.7923    36.2730    36.2746    22.7524    22.7532       0.00    189.431    188.967         52 0.0000e+00
      10534    438.859     11.924     12.000    29.7906    29.7916   6.000848   6.001192     3.1643     2.6807      98.72   23.08756  -86.27316    0.00013    0.00177     4.3389     4.3286    29.7876    29.7886    36.2733    36.2749    22.7538    22.7547       0.00    189.463    189.012         47 0.0000e+00
      10578    440.708     12.918     13.000    29.7885    29.7896   6.000680   6.001028     3.1627     2.6781      99.97   23.08756  -86.27316   -0.00070   -0.00083     4.3368     4.3239    29.7853    29.7864    36.2734    36.2750    22.7547    22.7555       0.00    189.372    188.810         47 0.0000e+00
      10629    442.845     13.911     14.000    29.7873    29.7884   6.000610   6.000961     3.1650     2.6764     100.00   23.08756  -86.27316    0.00038   -0.00099     4.3414     4.3212    29.7838    29.7850    36.2736    36.2751    22.7553    22.7561       0.00    189.572    188.689         51 0.0000e+00
      10675    444.764     14.905     15.000    29.7867    29.7879   6.000614   6.000970     3.1633     2.6814     100.00   23.08756  -86.27316    0.00008    0.00039     4.3389     4.3317    29.7830    29.7842    36.2738    36.2753    22.7558    22.7565       0.00    189.464    189.148         43 0.0000e+00
      10723    446.739     15.899     16.000    29.7851    29.7861   6.000502   6.000847     3.1628     2.6794     100.00   23.08757  -86.27316   -0.00051    0.00114     4.3388     4.3283    29.7812    29.7822    36.2739    36.2755    22.7565    22.7573       0.00    189.458    189.002         54 0.0000e+00
      10776    448.974     16.892     17.000    29.7841    29.7851   6.000458   6.000797     3.1645     2.6781     100.00   23.08758  -86.27316    0.00039   -0.00101     4.3424     4.3264    29.7798    29.7808    36.2741    36.2757    22.7571    22.7579       0.00    189.615    188.916         49 0.0000e+00
      10822    450.880     17.886     18.000    29.7831    29.7843   6.000388   6.000742     3.1591     2.6767     100.00   23.08758  -86.27316   -0.00095   -0.00085     4.3333     4.3242    29.7787    29.7798    36.2741    36.2756    22.7574    22.7582       0.00    189.217    188.822         44 0.0000e+00
      10866    452.708     18.880     19.000    29.7824    29.7832   6.000321   6.000648     3.1617     2.6747     100.00   23.08758  -86.27316   -0.00091   -0.00050     4.3385     4.3207    29.7777    29.7785    36.2738    36.2755    22.7576    22.7586       0.00    189.447    188.669         47 0.0000e+00
      10922    455.034     19.873     20.000    29.7805    29.7811   6.000148   6.000456     3.1614     2.6718     100.00   23.08758  -86.27316    0.00073   -0.00155     4.3386     4.3158    29.7755    29.7761    36.2738    36.2755    22.7583    22.7594     705.10    189.451    188.453         59 0.0000e+00
      10969    457.010     20.867     21.000    29.7800    29.7811   6.000164   6.000513     3.1598     2.6773     100.00   23.08758  -86.27316   -0.00078    0.00079     4.3364     4.3271    29.7748    29.7759    36.2740    36.2755    22.7587    22.7595    1551.03    189.353    188.950         39 0.0000e+00
      11013    458.826     21.860     22.000    29.7800    29.7811   6.000207   6.000555     3.1591     2.6744     100.00   23.08758  -86.27316   -0.00057    0.00118     4.3357     4.3218    29.7745    29.7756    36.2740    36.2756    22.7588    22.7596    1546.82    189.322    188.718         52 0.0000e+00
      11065    461.016     22.854     23.000    29.7794    29.7805   6.000195   6.000548     3.1611     2.6691     100.00   23.08758  -86.27316    0.00032   -0.00273     4.3397     4.3121    29.7737    29.7748    36.2741    36.2756    22.7591    22.7600    1546.82    189.500    188.291         48 0.0000e+00
      11112    462.965     23.848     24.000    29.7789    29.7799   6.000183   6.000532     3.1586     2.6726     100.00   23.08758  -86.27316   -0.00031    0.00014     4.3359     4.3194    29.7730    29.7740    36.2740    36.2757    22.7594    22.7602    1546.82    189.330    188.612         49 0.0000e+00
      11163    465.072     24.841     25.000    29.7790    29.7800   6.000241   6.000588     3.1572     2.6732     100.00   23.08758  -86.27316   -0.00057    0.00065     4.3339     4.3211    29.7728    29.7738    36.2741    36.2757    22.7595    22.7604    1546.83    189.245    188.685         50 0.0000e+00
      11209    466.993     25.835     26.000    29.7791    29.7801   6.000310   6.000655     3.1572     2.6748      96.27   23.08759  -86.27316   -0.00076    0.00059     4.3344     4.3247    29.7727    29.7737    36.2742    36.2758    22.7596    22.7604    1546.83    189.266    188.844         43 0.0000e+00
      11255    468.901     26.828     27.000    29.7791    29.7800   6.000337   6.000687     3.1591     2.6752      97.17   23.08759  -86.27316    0.00053    0.00068     4.3382     4.3261    29.7724    29.7733    36.2741    36.2758    22.7596    22.7606    1546.83    189.431    188.902         51 0.0000e+00
      11308    471.137     27.822     28.000    29.7789    29.7799   6.000376   6.000733     3.1601     2.6731     100.07   23.08760  -86.27316    0.00081   -0.00058     4.3406     4.3224    29.7720    29.7730    36.2742    36.2759    22.7599    22.7608    1546.84    189.537    188.744         51 0.0000e+00
      11355    473.073     28.815     29.000    29.7783    29.7795   6.000377   6.000733     3.1589     2.6705      65.26   23.08760  -86.27316   -0.00001   -0.00095     4.3390     4.3179    29.7711    29.7723    36.2744    36.2759    22.7603    22.7610    1546.84    189.469    188.546         45 0.0000e+00
      11402    475.056     29.809     30.000    29.7781    29.7792   6.000406   6.000743     3.1566     2.6691      99.88   23.08760  -86.27316   -0.00111   -0.00143     4.3354     4.3156    29.7707    29.7718    36.2744    36.2759    22.7604    22.7612    1546.85    189.311    188.445         50 0.0000e+00
      11453    477.149     30.802     31.000    29.7776    29.7788   6.000387   6.000739     3.1592     2.6697     100.00   23.08760  -86.27316    0.00020    0.00020     4.3405     4.3173    29.7699    29.7711    36.2744    36.2759    22.7606    22.7614    1546.85    189.533    188.519         51 0.0000e+00
      11503    479.268     31.796     32.000    29.7773    29.7782   6.000389   6.000723     3.1598     2.6683     100.00   23.08760  -86.27316    0.00087   -0.00038     4.3422     4.3152    29.7694    29.7703    36.2743    36.2759    22.7608    22.7617    1546.86    189.609    188.426         48 0.0000e+00
      11548    481.111     32.790     33.000    29.7772    29.7783   6.000430   6.000766     3.1591     2.6682     100.00   23.08760  -86.27316   -0.00006   -0.00079     4.3414     4.3154    29.7691    29.7701    36.2743    36.2759    22.7609    22.7617    1546.86    189.573    188.437         44 0.0000e+00
      11599    483.254     33.783     34.000    29.7772    29.7782   6.000472   6.000805     3.1543     2.6698     100.00   23.08759  -86.27316   -0.00154    0.00100     4.3335     4.3192    29.7688    29.7698    36.2744    36.2759    22.7611    22.7618    1546.87    189.227    188.602         59 0.0000e+00
      11654    485.534     34.777     35.000    29.7771    29.7781   6.000488   6.000838     3.1552     2.6685     100.00   23.08760  -86.27316   -0.00040   -0.00083     4.3355     4.3170    29.7684    29.7695    36.2743    36.2759    22.7611    22.7619    1546.87    189.315    188.508         45 0.0000e+00
      11695    487.255     35.770     36.000    29.7768    29.7779   6.000502   6.000841     3.1556     2.6667     100.00   23.08760  -86.27316    0.00023   -0.00032     4.3368     4.3141    29.7679    29.7690    36.2743    36.2758    22.7613    22.7621    1546.88    189.372    188.378         44 0.0000e+00
      11748    489.479     36.764     37.000    29.7762    29.7772   6.000467   6.000799     3.1565     2.6668      90.81   23.08760  -86.27316    0.00034   -0.00117     4.3389     4.3149    29.7670    29.7680    36.2742    36.2757    22.7616    22.7623    1546.89    189.462    188.413         58 0.0000e+00
      11798    491.560     37.757     38.000    29.7762    29.7773   6.000530   6.000867     3.1547     2.6684      69.78   23.08760  -86.27316    0.00009    0.00191     4.3363     4.3185    29.7668    29.7679    36.2743    36.2758    22.7617    22.7624    1546.89    189.347    188.572         42 0.0000e+00
      11843    493.433     38.750     39.000    29.7762    29.7775   6.000554   6.000938     3.1522     2.6706      98.99   23.08760  -86.27316   -0.00150    0.00044     4.3323     4.3234    29.7665    29.7678    36.2742    36.2759    22.7617    22.7625    1546.90    189.175    188.787         53 0.0000e+00
      11898    495.703     39.744     40.000    29.7755    29.7765   6.000528   6.000858     3.1536     2.6709     100.00   23.08759  -86.27316    0.00003    0.00072     4.3355     4.3245    29.7656    29.7666    36.2742    36.2757    22.7620    22.7628    1546.90    189.312    188.835         50 0.0000e+00
      11945    497.662     40.738     41.000    29.7750    29.7759   6.000506   6.000806     3.1550     2.6727     100.00   23.08758  -86.27316    0.00110    0.00048     4.3385     4.3286    29.7649    29.7657    36.2742    36.2756    22.7622    22.7630    1546.91    189.445    189.013         47 0.0000e+00
      11992    499.621     41.731     42.000    29.7746    29.7754   6.000461   6.000779     3.1536     2.6678     100.00   23.08758  -86.27316   -0.00041   -0.00085     4.3366     4.3195    29.7642    29.7651    36.2739    36.2754    22.7623    22.7631    1546.91    189.361    188.614         48 0.0000e+00
      12044    501.785     42.725     43.000    29.7737    29.7748   6.000379   6.000718     3.1536     2.6699      91.76   23.08760  -86.27316   -0.00013   -0.00025     4.3370     4.3243    29.7631    29.7642    36.2737    36.2752    22.7625    22.7633    1546.92    189.380    188.824         54 0.0000e+00
      12096    503.947     43.718     44.000    29.7731    29.7742   6.000326   6.000657     3.1536     2.6650      92.25   23.08760  -86.27316   -0.00002   -0.00126     4.3376     4.3150    29.7622    29.7633    36.2735    36.2750    22.7627    22.7634    1546.93    189.407    188.419         51 0.0000e+00
      12145    506.010     44.712     45.000    29.7724    29.7740   6.000239   6.000659     3.1504     2.6675     100.12   23.08760  -86.27316   -0.00074   -0.00062     4.3325     4.3206    29.7613    29.7629    36.2732    36.2748    22.7627    22.7634    1546.93    189.182    188.664         46 0.0000e+00
      12187    507.771     45.705     46.000    29.7712    29.7724   6.000068   6.000435     3.1505     2.6685     100.00   23.08760  -86.27316   -0.00113    0.00144     4.3334     4.3232    29.7598    29.7610    36.2726    36.2742    22.7628    22.7636    1546.94    189.220    188.776         42 0.0000e+00
      12240    509.979     46.698     47.000    29.7697    29.7704   5.999876   6.000178     3.1517     2.6683     100.00   23.08758  -86.27316    0.00037   -0.00016     4.3362     4.3234    29.7581    29.7588    36.2721    36.2736    22.7630    22.7639    1546.95    189.344    188.788         65 0.0000e+00
      12298    512.363     47.692     48.000    29.7660    29.7673   5.999340   5.999727     3.1524     2.6699     100.00   23.08758  -86.27316    0.00029    0.00084     4.3385     4.3273    29.7541    29.7554    36.2710    36.2726    22.7635    22.7643    1546.95    189.447    188.956         43 0.0000e+00
      12338    514.030     48.686     49.000    29.7634    29.7647   5.999022   5.999392     3.1530     2.6679     100.00   23.08759  -86.27316    0.00049    0.00010     4.3401     4.3241    29.7513    29.7526    36.2704    36.2720    22.7641    22.7648    1546.96    189.513    188.816         42 0.0000e+00
      12387    516.089     49.679     50.000    29.7543    29.7584   5.997757   5.998337     3.1545     2.6660     100.00   23.08760  -86.27316    0.00039   -0.00106     4.3437     4.3218    29.7419    29.7460    36.2686    36.2708    22.7659    22.7661    1546.97    189.670    188.714         56 0.0000e+00
      12441    518.341     50.672     51.000    29.7402    29.7397   5.995793   5.995911     3.1537     2.6700     100.00   23.08760  -86.27316    0.00027    0.00005     4.3441     4.3312    29.7276    29.7270    36.2652    36.2665    22.7682    22.7694    1546.97    189.687    189.126         52 0.0000e+00
      12493    520.520     51.666     52.000    29.7352    29.7381   5.995111   5.995712     3.1556     2.6716      99.68   23.08760  -86.27316   -0.00016    0.00225     4.3484     4.3350    29.7224    29.7253    36.2640    36.2660    22.7691    22.7696    1546.98    189.878    189.291         49 0.0000e+00
      12536    522.291     52.659     53.000    29.7208    29.7239   5.993269   5.993852     3.1594     2.6722     100.00   23.08760  -86.27316    0.00185    0.00038     4.3570     4.3378    29.7077    29.7108    36.2620    36.2636    22.7726    22.7728    1546.98    190.251    189.414         40 0.0000e+00
      12584    524.304     53.653     54.000    29.6227    29.6364   5.981764   5.982745     3.1602     2.6736     100.00   23.08758  -86.27316    0.00180    0.00063     4.3648     4.3464    29.6107    29.6231    36.2559    36.2573    22.8011    22.7978    1546.99    190.588    189.786         56 0.0000e+00
