GOMECC/GOMECC-4/1db/rb2103_0391.ros
* Sea-Bird SBE 9 Data File:
* FileName = C:\Users\scs.user.rb\CTD\GOMECC4\data\rb2103_0391.hex
* Software Version Seasave V 7.26.7.107
* Temperature SN = 4799
* Conductivity SN = 3860
* Number of Bytes Per Scan = 41
* Number of Voltage Words = 4
* Number of Scans Averaged by the Deck Unit = 1
* NMEA Latitude = 27 44.23 N
* NMEA Longitude = 089 59.91 W
* NMEA UTC (Time) = Sep 25 2021  20:49:51
* NMEA baud rate = 4800
# nquan = 17
# nvalues = 2527                                  
# units = specified
# name 0 = scan: Scan Count
# name 1 = timeS: Time, Elapsed [seconds]
# name 2 = depSM: Depth [salt water, m]
# name 3 = prDM: Pressure, Digiquartz [db]
# name 4 = t090C: Temperature [ITS-90, deg C]
# name 5 = t190C: Temperature, 2 [ITS-90, deg C]
# name 6 = c0S/m: Conductivity [S/m]
# name 7 = c1S/m: Conductivity, 2 [S/m]
# name 8 = sbeox0V: Oxygen raw, SBE 43 [V]
# name 9 = sbeox1V: Oxygen raw, SBE 43, 2 [V]
# name 10 = altM: Altimeter [m]
# name 11 = latitude: Latitude [deg]
# name 12 = longitude: Longitude [deg]
# name 13 = sbox0dV/dT: Oxygen, SBE 43 [dov/dt]
# name 14 = sbox1dV/dT: Oxygen, SBE 43, 2 [dov/dt]
# name 15 = nbf: Bottles Fired
# name 16 = flag:  0.000e+00
# interval = seconds: 0.0416667
# start_time = Sep 25 2021 20:49:51 [NMEA time, header]
# bad_flag = -9.990e-29
*END*
[from data line 937]
      67288   2803.625    273.014    275.019    13.7713    13.8049   4.265782   4.269592     1.8596     1.5397     100.00   27.74512  -90.00144    0.00031    0.00007          8  0.000e+00
      67289   2803.667    272.953    274.958    13.7707    13.8064   4.265782   4.269606     1.8596     1.5397     100.00   27.74512  -90.00144    0.00034    0.00004          8  0.000e+00
      67290   2803.708    273.067    275.073    13.7707    13.8079   4.265782   4.269662     1.8584     1.5409     100.00   27.74512  -90.00144    0.00035    0.00004          8  0.000e+00
      67291   2803.750    272.953    274.958    13.7713    13.8093   4.265782   4.269655     1.8571     1.5409     100.00   27.74512  -90.00144    0.00032    0.00003          8  0.000e+00
      67292   2803.792    273.014    275.019    13.7714    13.8096   4.265782   4.269726     1.8571     1.5397     100.00   27.74512  -90.00144    0.00030    0.00000          8  0.000e+00
      67293   2803.833    272.976    274.981    13.7699    13.8104   4.265803   4.269810     1.8584     1.5397     100.00   27.74512  -90.00144    0.00030   -0.00002          8  0.000e+00
      67294   2803.875    273.014    275.019    13.7701    13.8076   4.265817   4.269965     1.8584     1.5397     100.00   27.74512  -90.00144    0.00029   -0.00004          8  0.000e+00
      67295   2803.917    273.014    275.019    13.7706    13.8059   4.265837   4.270014     1.8584     1.5397     100.00   27.74512  -90.00144    0.00028   -0.00007          8  0.000e+00
      67296   2803.958    273.014    275.019    13.7704    13.8087   4.265907   4.270063     1.8584     1.5397     100.00   27.74512  -90.00144    0.00027   -0.00009          8  0.000e+00
      67297   2804.000    273.014    275.019    13.7707    13.8084   4.265865   4.270084     1.8584     1.5397     100.00   27.74512  -90.00144    0.00027   -0.00012          8  0.000e+00
      67298   2804.042    273.014    275.019    13.7716    13.8071   4.265935   4.270190     1.8584     1.5397     100.00   27.74512  -90.00144    0.00026   -0.00014          8  0.000e+00
      67299   2804.083    273.029    275.035    13.7721    13.8084   4.265990   4.270366     1.8584     1.5397     100.00   27.74512  -90.00144    0.00025   -0.00017          8  0.000e+00
      67300   2804.125    273.014    275.019    13.7719    13.8118   4.266025   4.270471     1.8584     1.5397     100.00   27.74512  -90.00144    0.00024   -0.00019          8  0.000e+00
      67301   2804.167    273.014    275.019    13.7719    13.8175   4.266059   4.270598     1.8584     1.5397     100.00   27.74512  -90.00144    0.00025   -0.00022          8  0.000e+00
      67302   2804.208    273.014    275.019    13.7724    13.8208   4.266018   4.270605     1.8571     1.5409     100.00   27.74512  -90.00144    0.00022   -0.00022          8  0.000e+00
      67303   2804.250    273.067    275.073    13.7733    13.8179   4.266053   4.270598     1.8584     1.5409     100.00   27.74512  -90.00144    0.00023   -0.00023          8  0.000e+00
      67304   2804.292    273.014    275.020    13.7751    13.8150   4.266129   4.270605     1.8584     1.5397     100.00   27.74512  -90.00144    0.00022   -0.00026          8  0.000e+00
      67305   2804.333    273.029    275.035    13.7745    13.8134   4.266205   4.270570     1.8584     1.5397     100.00   27.74512  -90.00144    0.00020   -0.00028          8  0.000e+00
      67306   2804.375    273.014    275.020    13.7745    13.8126   4.266275   4.270507     1.8584     1.5397     100.00   27.74512  -90.00144    0.00017   -0.00031          8  0.000e+00
      67307   2804.417    273.067    275.073    13.7753    13.8135   4.266434   4.270549     1.8584     1.5397     100.00   27.74512  -90.00144    0.00016   -0.00033          8  0.000e+00
      67308   2804.458    273.067    275.073    13.7754    13.8145   4.266504   4.270535     1.8584     1.5409     100.00   27.74512  -90.00144    0.00015   -0.00032          8  0.000e+00
      67309   2804.500    273.014    275.020    13.7748    13.8142   4.266622   4.270528     1.8596     1.5397     100.00   27.74512  -90.00144    0.00015   -0.00035          8  0.000e+00
      67310   2804.542    273.067    275.073    13.7751    13.8130   4.266719   4.270528     1.8596     1.5397     100.00   27.74512  -90.00144    0.00016   -0.00036          8  0.000e+00
      67311   2804.583    273.067    275.073    13.7765    13.8123   4.266740   4.270528     1.8584     1.5397     100.00   27.74512  -90.00144    0.00015   -0.00036          8  0.000e+00
      67312   2804.625    273.029    275.035    13.7773    13.8125   4.266712   4.270584     1.8596     1.5409     100.00   27.74512  -90.00144    0.00015   -0.00035          8  0.000e+00
      67313   2804.667    273.067    275.073    13.7800    13.8128   4.266754   4.270542     1.8596     1.5409     100.00   27.74512  -90.00144    0.00017   -0.00034          8  0.000e+00
      67314   2804.708    273.128    275.134    13.7813    13.8126   4.266879   4.270500     1.8584     1.5397     100.00   27.74512  -90.00144    0.00018   -0.00035          8  0.000e+00
      67315   2804.750    273.014    275.020    13.7809    13.8121   4.266920   4.270464     1.8584     1.5397     100.00   27.74512  -90.00144    0.00018   -0.00036          8  0.000e+00
      67316   2804.792    273.128    275.135    13.7818    13.8117   4.266865   4.270394     1.8584     1.5409     100.00   27.74512  -90.00146    0.00018   -0.00034          8  0.000e+00
      67317   2804.833    273.068    275.073    13.7817    13.8108   4.266851   4.270401     1.8584     1.5397     100.00   27.74512  -90.00146    0.00017   -0.00035          8  0.000e+00
      67318   2804.875    273.090    275.096    13.7808    13.8113   4.266823   4.270471     1.8584     1.5409     100.00   27.74512  -90.00146    0.00017   -0.00034          8  0.000e+00
      67319   2804.917    273.128    275.135    13.7814    13.8135   4.266899   4.270549     1.8584     1.5409     100.00   27.74512  -90.00146    0.00016   -0.00033          8  0.000e+00
      67320   2804.958    273.068    275.074    13.7806    13.8151   4.267004   4.270563     1.8584     1.5397     100.00   27.74512  -90.00146    0.00016   -0.00033          8  0.000e+00
      67321   2805.000    273.128    275.135    13.7815    13.8138   4.267170   4.270619     1.8584     1.5409     100.00   27.74512  -90.00146    0.00014   -0.00030          8  0.000e+00
      67322   2805.042    273.128    275.135    13.7815    13.8125   4.267274   4.270612     1.8584     1.5409     100.00   27.74512  -90.00146    0.00013   -0.00029          8  0.000e+00
      67323   2805.083    273.128    275.135    13.7806    13.8121   4.267260   4.270598     1.8584     1.5397     100.00   27.74512  -90.00146    0.00013   -0.00030          8  0.000e+00
      67324   2805.125    273.090    275.097    13.7800    13.8125   4.267254   4.270598     1.8584     1.5409     100.00   27.74512  -90.00146    0.00013   -0.00028          8  0.000e+00
      67325   2805.167    273.128    275.135    13.7815    13.8123   4.267254   4.270654     1.8596     1.5409     100.00   27.74512  -90.00146    0.00015   -0.00025          8  0.000e+00
      67326   2805.208    273.128    275.135    13.7829    13.8120   4.267281   4.270647     1.8584     1.5409     100.00   27.74512  -90.00146    0.00015   -0.00024          8  0.000e+00
      67327   2805.250    273.128    275.135    13.7827    13.8094   4.267316   4.270640     1.8584     1.5409     100.00   27.74512  -90.00146    0.00016   -0.00023          8  0.000e+00
      67328   2805.292    273.182    275.188    13.7805    13.8077   4.267351   4.270612     1.8584     1.5409     100.00   27.74512  -90.00146    0.00016   -0.00021          8  0.000e+00
      67329   2805.333    273.129    275.135    13.7810    13.8084   4.267469   4.270683     1.8584     1.5409     100.00   27.74512  -90.00146    0.00014   -0.00020          8  0.000e+00
      67330   2805.375    273.144    275.150    13.7831    13.8121   4.267538   4.270767     1.8584     1.5409     100.00   27.74512  -90.00146    0.00013   -0.00019          8  0.000e+00
      67331   2805.417    273.182    275.188    13.7844    13.8157   4.267552   4.270788     1.8584     1.5409     100.00   27.74512  -90.00146    0.00011   -0.00017          8  0.000e+00
      67332   2805.458    273.129    275.135    13.7847    13.8180   4.267552   4.270865     1.8584     1.5409     100.00   27.74512  -90.00146    0.00009   -0.00014          8  0.000e+00
      67333   2805.500    273.129    275.135    13.7840    13.8179   4.267490   4.271006     1.8584     1.5409     100.00   27.74512  -90.00146    0.00009   -0.00013          8  0.000e+00
      67334   2805.542    273.182    275.189    13.7839    13.8167   4.267392   4.271098     1.8596     1.5409     100.00   27.74512  -90.00146    0.00011   -0.00012          8  0.000e+00
      67335   2805.583    273.182    275.189    13.7831    13.8183   4.267365   4.271168     1.8584     1.5409     100.00   27.74512  -90.00146    0.00011   -0.00010          8  0.000e+00
      67336   2805.625    273.144    275.150    13.7827    13.8204   4.267281   4.271246     1.8584     1.5409     100.00   27.74512  -90.00146    0.00011   -0.00009          8  0.000e+00
      67337   2805.667    273.182    275.189    13.7813    13.8214   4.267254   4.271238     1.8584     1.5409     100.00   27.74512  -90.00146    0.00011   -0.00008          8  0.000e+00
      67338   2805.708    273.182    275.189    13.7800    13.8197   4.267281   4.271224     1.8584     1.5397     100.00   27.74512  -90.00146    0.00011   -0.00008          8  0.000e+00
      67339   2805.750    273.182    275.189    13.7797    13.8183   4.267295   4.271203     1.8584     1.5397     100.00   27.74512  -90.00146    0.00011   -0.00008          8  0.000e+00
      67340   2805.792    273.182    275.189    13.7806    13.8192   4.267316   4.271196     1.8584     1.5397     100.00   27.74512  -90.00146    0.00011   -0.00009          8  0.000e+00
      67341   2805.833    273.129    275.135    13.7818    13.8214   4.267413   4.271133     1.8584     1.5409     100.00   27.74512  -90.00146    0.00011   -0.00007          8  0.000e+00
      67342   2805.875    273.144    275.151    13.7832    13.8233   4.267413   4.271140     1.8584     1.5409     100.00   27.74512  -90.00146    0.00011   -0.00006          8  0.000e+00
      67343   2805.917    273.243    275.250    13.7842    13.8229   4.267427   4.271154     1.8584     1.5409     100.00   27.74512  -90.00146    0.00011   -0.00004          8  0.000e+00
      67344   2805.958    273.182    275.189    13.7845    13.8213   4.267441   4.271154     1.8584     1.5409     100.00   27.74512  -90.00146    0.00009   -0.00003          8  0.000e+00
      67345   2806.000    273.129    275.135    13.7847    13.8186   4.267413   4.271154     1.8584     1.5409     100.00   27.74512  -90.00146    0.00009   -0.00002          8  0.000e+00
      67346   2806.042    273.182    275.189    13.7849    13.8170   4.267406   4.271154     1.8584     1.5409     100.00   27.74512  -90.00146    0.00009   -0.00000          8  0.000e+00
      67347   2806.083    273.182    275.189    13.7870    13.8162   4.267344   4.271119     1.8584     1.5397     100.00   27.74512  -90.00146    0.00009   -0.00000          8  0.000e+00
      67348   2806.125    273.197    275.204    13.7867    13.8158   4.267302   4.271175     1.8584     1.5409     100.00   27.74512  -90.00146    0.00009    0.00001          8  0.000e+00
      67349   2806.167    273.182    275.189    13.7847    13.8164   4.267260   4.271196     1.8584     1.5409     100.00   27.74512  -90.00146    0.00009    0.00002          8  0.000e+00
      67350   2806.208    273.182    275.189    13.7842    13.8166   4.267226   4.271189     1.8571     1.5409     100.00   27.74512  -90.00146    0.00007    0.00004          8  0.000e+00
      67351   2806.250    273.182    275.189    13.7840    13.8170   4.267240   4.271246     1.8584     1.5409     100.00   27.74512  -90.00146    0.00007    0.00005          8  0.000e+00
      67352   2806.292    273.129    275.136    13.7844    13.8189   4.267198   4.271372     1.8584     1.5409     100.00   27.74512  -90.00146    0.00009    0.00007          8  0.000e+00
      67353   2806.333    273.182    275.189    13.7842    13.8194   4.267184   4.271379     1.8584     1.5409     100.00   27.74512  -90.00146    0.00009    0.00008          8  0.000e+00
      67354   2806.375    273.198    275.205    13.7832    13.8196   4.267149   4.271316     1.8584     1.5409     100.00   27.74512  -90.00146    0.00009    0.00010          8  0.000e+00
      67355   2806.417    273.129    275.136    13.7822    13.8197   4.267142   4.271189     1.8584     1.5397     100.00   27.74512  -90.00146    0.00009    0.00010          8  0.000e+00
      67356   2806.458    273.182    275.189    13.7818    13.8199   4.267142   4.271119     1.8584     1.5409     100.00   27.74512  -90.00146    0.00009    0.00011          8  0.000e+00
      67357   2806.500    273.183    275.189    13.7820    13.8197   4.267198   4.271027     1.8584     1.5409     100.00   27.74512  -90.00146    0.00007    0.00013          8  0.000e+00
      67358   2806.542    273.129    275.136    13.7818    13.8193   4.267219   4.270950     1.8584     1.5409     100.00   27.74512  -90.00146    0.00006    0.00014          8  0.000e+00
      67359   2806.583    273.183    275.189    13.7815    13.8184   4.267302   4.270929     1.8584     1.5409     100.00   27.74512  -90.00146    0.00004    0.00016          8  0.000e+00
      67360   2806.625    273.198    275.205    13.7820    13.8172   4.267351   4.270795     1.8584     1.5409     100.00   27.74512  -90.00146    0.00004    0.00017          8  0.000e+00
      67361   2806.667    273.130    275.136    13.7818    13.8155   4.267337   4.270690     1.8596     1.5409     100.00   27.74512  -90.00146    0.00005    0.00019          8  0.000e+00
      67362   2806.708    273.183    275.189    13.7820    13.8142   4.267302   4.270612     1.8584     1.5409     100.00   27.74512  -90.00146    0.00005    0.00020          8  0.000e+00
      67363   2806.750    273.130    275.136    13.7823    13.8140   4.267316   4.270577     1.8584     1.5409     100.00   27.74512  -90.00146    0.00005    0.00022          8  0.000e+00
      67364   2806.792    273.183    275.190    13.7825    13.8150   4.267302   4.270535     1.8584     1.5409     100.00   27.74514  -90.00146    0.00005    0.00023          8  0.000e+00
      67365   2806.833    273.130    275.136    13.7822    13.8157   4.267316   4.270549     1.8584     1.5409     100.00   27.74514  -90.00146    0.00003    0.00023          8  0.000e+00
      67366   2806.875    273.183    275.190    13.7818    13.8157   4.267351   4.270563     1.8584     1.5409     100.00   27.74514  -90.00146    0.00003    0.00023          8  0.000e+00
      67367   2806.917    273.145    275.151    13.7840    13.8160   4.267448   4.270591     1.8584     1.5409     100.00   27.74514  -90.00146    0.00001    0.00024          8  0.000e+00
      67368   2806.958    273.183    275.190    13.7858    13.8153   4.267698   4.270570     1.8584     1.5409     100.00   27.74514  -90.00146    0.00001    0.00024          8  0.000e+00
      67369   2807.000    273.183    275.190    13.7865    13.8150   4.267823   4.270535     1.8584     1.5409     100.00   27.74514  -90.00146    0.00001    0.00023          8  0.000e+00
      67370   2807.042    273.130    275.136    13.7881    13.8151   4.267816   4.270528     1.8584     1.5409     100.00   27.74514  -90.00146    0.00001    0.00025          8  0.000e+00
      67371   2807.083    273.183    275.190    13.7889    13.8147   4.267892   4.270500     1.8584     1.5409     100.00   27.74514  -90.00146   -0.00001    0.00026          8  0.000e+00
