GOMECC/GOMECC-4/1db/rb2103_1321.ros
* Sea-Bird SBE 9 Data File:
* FileName = C:\Users\scs.user.rb\CTD\GOMECC4\data\rb2103_1321.hex
* Software Version Seasave V 7.26.7.107
* Temperature SN = 4799
* Conductivity SN = 3860
* Number of Bytes Per Scan = 41
* Number of Voltage Words = 4
* Number of Scans Averaged by the Deck Unit = 1
* NMEA Latitude = 26 37.21 N
* NMEA Longitude = 083 14.37 W
* NMEA UTC (Time) = Oct 19 2021  18:16:13
* NMEA baud rate = 4800
# nquan = 17
# nvalues = 1463                                  
# units = specified
# name 0 = scan: Scan Count
# name 1 = timeS: Time, Elapsed [seconds]
# name 2 = depSM: Depth [salt water, m]
# name 3 = prDM: Pressure, Digiquartz [db]
# name 4 = t090C: Temperature [ITS-90, deg C]
# name 5 = t190C: Temperature, 2 [ITS-90, deg C]
# name 6 = c0S/m: Conductivity [S/m]
# name 7 = c1S/m: Conductivity, 2 [S/m]
# name 8 = sbeox0V: Oxygen raw, SBE 43 [V]
# name 9 = sbeox1V: Oxygen raw, SBE 43, 2 [V]
# name 10 = altM: Altimeter [m]
# name 11 = latitude: Latitude [deg]
# name 12 = longitude: Longitude [deg]
# name 13 = sbox0dV/dT: Oxygen, SBE 43 [dov/dt]
# name 14 = sbox1dV/dT: Oxygen, SBE 43, 2 [dov/dt]
# name 15 = nbf: Bottles Fired
# name 16 = flag:  0.000e+00
# interval = seconds: 0.0416667
# start_time = Oct 19 2021 18:16:13 [NMEA time, header]
# bad_flag = -9.990e-29
*END*
[from data line 86]
      17994    749.708     40.495     40.765    26.6201    26.5666   5.644568   5.638454     2.7680     2.3321       7.16   26.62012  -83.23958    0.00055    0.00125          1  0.000e+00
      17995    749.750     40.542     40.813    26.6261    26.5642   5.644779   5.638185     2.7692     2.3309       7.16   26.62012  -83.23958    0.00054    0.00118          1  0.000e+00
      17996    749.792     40.467     40.738    26.6275    26.5629   5.644872   5.638090     2.7692     2.3309       7.13   26.62014  -83.23958    0.00054    0.00110          1  0.000e+00
      17997    749.833     40.542     40.813    26.6288    26.5615   5.644872   5.638051     2.7692     2.3309       7.11   26.62014  -83.23958    0.00055    0.00103          1  0.000e+00
      17998    749.875     40.495     40.765    26.6310    26.5606   5.644849   5.638004     2.7692     2.3309       7.11   26.62014  -83.23958    0.00053    0.00095          1  0.000e+00
      17999    749.917     40.495     40.765    26.6325    26.5602   5.644841   5.637996     2.7680     2.3309       7.11   26.62014  -83.23958    0.00052    0.00089          1  0.000e+00
      18000    749.958     40.495     40.765    26.6337    26.5631   5.644896   5.638304     2.7680     2.3309       7.11   26.62014  -83.23958    0.00049    0.00081          1  0.000e+00
      18001    750.000     40.515     40.786    26.6330    26.5699   5.644966   5.639039     2.7692     2.3297       7.08   26.62014  -83.23958    0.00049    0.00073          1  0.000e+00
      18002    750.042     40.542     40.813    26.6337    26.5775   5.644935   5.639892     2.7680     2.3297       7.11   26.62014  -83.23958    0.00048    0.00065          1  0.000e+00
      18003    750.083     40.495     40.765    26.6344    26.5829   5.644966   5.640682     2.7692     2.3297       7.11   26.62014  -83.23958    0.00048    0.00057          1  0.000e+00
      18004    750.125     40.494     40.765    26.6343    26.5881   5.644981   5.641038     2.7680     2.3297       7.11   26.62014  -83.23958    0.00047    0.00049          1  0.000e+00
      18005    750.167     40.515     40.786    26.6310    26.5938   5.644935   5.641338     2.7680     2.3297       7.11   26.62014  -83.23958    0.00044    0.00040          1  0.000e+00
      18006    750.208     40.542     40.813    26.6297    26.5945   5.644927   5.640935     2.7680     2.3297       7.11   26.62014  -83.23958    0.00041    0.00032          1  0.000e+00
      18007    750.250     40.494     40.765    26.6293    26.5872   5.644716   5.640271     2.7668     2.3297       7.11   26.62014  -83.23958    0.00036    0.00024          1  0.000e+00
      18008    750.292     40.494     40.765    26.6274    26.5817   5.644404   5.639805     2.7680     2.3297       7.11   26.62014  -83.23958    0.00033    0.00015          1  0.000e+00
      18009    750.333     40.494     40.765    26.6205    26.5782   5.644217   5.639568     2.7680     2.3297       7.11   26.62014  -83.23958    0.00030    0.00008          1  0.000e+00
      18010    750.375     40.515     40.786    26.6181    26.5761   5.643999   5.639418     2.7680     2.3297       7.11   26.62014  -83.23958    0.00027    0.00001          1  0.000e+00
      18011    750.417     40.494     40.765    26.6170    26.5761   5.643812   5.639663     2.7680     2.3297       7.11   26.62014  -83.23958    0.00022   -0.00005          1  0.000e+00
      18012    750.458     40.542     40.813    26.6146    26.5811   5.643656   5.640311     2.7680     2.3297       7.11   26.62014  -83.23958    0.00017   -0.00012          1  0.000e+00
      18013    750.500     40.494     40.765    26.6145    26.5878   5.643484   5.640967     2.7680     2.3309       7.11   26.62014  -83.23958    0.00013   -0.00018          1  0.000e+00
      18014    750.542     40.515     40.786    26.6159    26.5901   5.643406   5.641243     2.7668     2.3297       7.11   26.62014  -83.23958    0.00006   -0.00023          1  0.000e+00
      18015    750.583     40.494     40.765    26.6152    26.5932   5.643461   5.641457     2.7668     2.3297       7.11   26.62014  -83.23958   -0.00001   -0.00028          1  0.000e+00
      18016    750.625     40.542     40.813    26.6134    26.5976   5.643625   5.641757     2.7668     2.3297       7.11   26.62014  -83.23958   -0.00007   -0.00035          1  0.000e+00
      18017    750.667     40.447     40.718    26.6158    26.5956   5.643773   5.641457     2.7680     2.3297       7.11   26.62014  -83.23958   -0.00012   -0.00040          1  0.000e+00
      18018    750.708     40.494     40.765    26.6176    26.5912   5.643851   5.640864     2.7668     2.3297       7.11   26.62014  -83.23958   -0.00019   -0.00046          1  0.000e+00
      18019    750.750     40.515     40.786    26.6195    26.5856   5.643936   5.640445     2.7668     2.3297       7.11   26.62014  -83.23958   -0.00026   -0.00051          1  0.000e+00
      18020    750.792     40.447     40.718    26.6207    26.5830   5.644124   5.640429     2.7668     2.3297       7.11   26.62014  -83.23958   -0.00032   -0.00056          1  0.000e+00
      18021    750.833     40.542     40.813    26.6226    26.5879   5.644287   5.641077     2.7668     2.3297       7.11   26.62014  -83.23958   -0.00039   -0.00061          1  0.000e+00
      18022    750.875     40.447     40.718    26.6250    26.5959   5.644319   5.641496     2.7668     2.3297       7.11   26.62014  -83.23958   -0.00046   -0.00067          1  0.000e+00
      18023    750.917     40.515     40.786    26.6247    26.5954   5.644459   5.641378     2.7668     2.3297       7.11   26.62014  -83.23958   -0.00052   -0.00070          1  0.000e+00
      18024    750.958     40.447     40.718    26.6245    26.5928   5.644685   5.641259     2.7680     2.3297       7.11   26.62014  -83.23958   -0.00056   -0.00074          1  0.000e+00
      18025    751.000     40.494     40.765    26.6268    26.5941   5.644802   5.641591     2.7668     2.3297       7.11   26.62014  -83.23958   -0.00062   -0.00077          1  0.000e+00
      18026    751.042     40.494     40.765    26.6288    26.5992   5.644943   5.642049     2.7680     2.3297       7.11   26.62014  -83.23958   -0.00065   -0.00079          1  0.000e+00
      18027    751.083     40.494     40.765    26.6286    26.6045   5.644966   5.642516     2.7680     2.3297       7.11   26.62014  -83.23958   -0.00069   -0.00080          1  0.000e+00
      18028    751.125     40.413     40.684    26.6302    26.6082   5.644872   5.642855     2.7680     2.3309       7.11   26.62014  -83.23958   -0.00073   -0.00080          1  0.000e+00
      18029    751.167     40.494     40.765    26.6295    26.6115   5.644701   5.643093     2.7680     2.3309       7.11   26.62014  -83.23958   -0.00077   -0.00080          1  0.000e+00
      18030    751.208     40.494     40.765    26.6286    26.6133   5.644537   5.643180     2.7680     2.3309       7.11   26.62014  -83.23958   -0.00080   -0.00078          1  0.000e+00
      18031    751.250     40.393     40.663    26.6293    26.6135   5.644435   5.643227     2.7680     2.3309       7.11   26.62014  -83.23958   -0.00083   -0.00075          1  0.000e+00
      18032    751.292     40.467     40.738    26.6283    26.6133   5.644373   5.643282     2.7680     2.3309       7.11   26.62014  -83.23958   -0.00086   -0.00073          1  0.000e+00
      18033    751.333     40.494     40.765    26.6286    26.6140   5.644436   5.643393     2.7668     2.3309       7.11   26.62014  -83.23958   -0.00091   -0.00071          1  0.000e+00
      18034    751.375     40.447     40.718    26.6286    26.6147   5.644537   5.643456     2.7680     2.3297       7.11   26.62014  -83.23958   -0.00093   -0.00070          1  0.000e+00
      18035    751.417     40.494     40.765    26.6277    26.6158   5.644623   5.643575     2.7668     2.3309       7.11   26.62014  -83.23958   -0.00097   -0.00068          1  0.000e+00
      18036    751.458     40.393     40.663    26.6286    26.6162   5.644646   5.643551     2.7680     2.3309       7.11   26.62014  -83.23958   -0.00101   -0.00065          1  0.000e+00
      18037    751.500     40.467     40.738    26.6284    26.6140   5.644677   5.643314     2.7680     2.3309       7.11   26.62014  -83.23958   -0.00102   -0.00062          1  0.000e+00
      18038    751.542     40.447     40.718    26.6281    26.6108   5.644662   5.643172     2.7680     2.3309       7.11   26.62014  -83.23958   -0.00103   -0.00060          1  0.000e+00
      18039    751.583     40.447     40.718    26.6278    26.6091   5.644615   5.642966     2.7680     2.3309       7.11   26.62014  -83.23958   -0.00104   -0.00057          1  0.000e+00
      18040    751.625     40.393     40.663    26.6284    26.6080   5.644599   5.642855     2.7668     2.3309       7.11   26.62014  -83.23958   -0.00107   -0.00056          1  0.000e+00
      18266    761.042     40.345     40.615    26.6174    26.6025   5.643718   5.642025     2.7692     2.3309       7.18   26.62014  -83.23958   -0.00020    0.00020          2  0.000e+00
      18267    761.083     40.393     40.663    26.6204    26.6016   5.643843   5.641946     2.7680     2.3309       7.18   26.62014  -83.23958   -0.00023    0.00020          2  0.000e+00
      18268    761.125     40.541     40.813    26.6190    26.6005   5.643788   5.641899     2.7680     2.3321       7.18   26.62014  -83.23958   -0.00025    0.00023          2  0.000e+00
      18269    761.167     40.467     40.738    26.6150    26.6007   5.643554   5.641907     2.7692     2.3321       7.18   26.62014  -83.23958   -0.00026    0.00024          2  0.000e+00
      18270    761.208     40.393     40.663    26.6107    26.6009   5.643235   5.641860     2.7680     2.3321       7.18   26.62014  -83.23958   -0.00029    0.00025          2  0.000e+00
      18271    761.250     40.494     40.765    26.6080    26.5961   5.642876   5.641385     2.7680     2.3321       7.18   26.62014  -83.23958   -0.00032    0.00026          2  0.000e+00
      18272    761.292     40.494     40.765    26.6060    26.5868   5.642650   5.640572     2.7680     2.3309       7.18   26.62014  -83.23958   -0.00036    0.00025          2  0.000e+00
      18273    761.333     40.467     40.738    26.6067    26.5813   5.642564   5.640113     2.7680     2.3321       7.18   26.62014  -83.23958   -0.00039    0.00026          2  0.000e+00
      18274    761.375     40.447     40.717    26.6067    26.5801   5.642595   5.639995     2.7668     2.3321       7.16   26.62014  -83.23958   -0.00044    0.00028          2  0.000e+00
      18275    761.417     40.447     40.717    26.6058    26.5804   5.642541   5.640042     2.7668     2.3309       7.18   26.62014  -83.23958   -0.00047    0.00027          2  0.000e+00
      18276    761.458     40.494     40.765    26.6033    26.5802   5.642229   5.639971     2.7668     2.3309       7.18   26.62014  -83.23958   -0.00051    0.00028          2  0.000e+00
      18277    761.500     40.494     40.765    26.5996    26.5782   5.641823   5.639552     2.7668     2.3309       7.18   26.62014  -83.23958   -0.00054    0.00028          2  0.000e+00
      18278    761.542     40.467     40.738    26.5969    26.5746   5.641472   5.639189     2.7668     2.3309       7.18   26.62014  -83.23958   -0.00058    0.00029          2  0.000e+00
      18279    761.583     40.447     40.717    26.5962    26.5725   5.641355   5.639039     2.7668     2.3297       7.18   26.62014  -83.23958   -0.00061    0.00027          2  0.000e+00
      18280    761.625     40.494     40.765    26.5951    26.5733   5.641348   5.639220     2.7668     2.3297       7.18   26.62014  -83.23958   -0.00064    0.00026          2  0.000e+00
      18281    761.667     40.494     40.765    26.5980    26.5733   5.641589   5.639481     2.7656     2.3297       7.18   26.62014  -83.23958   -0.00068    0.00025          2  0.000e+00
      18282    761.708     40.514     40.785    26.5993    26.5730   5.641815   5.639529     2.7656     2.3297       7.18   26.62014  -83.23958   -0.00072    0.00023          2  0.000e+00
      18283    761.750     40.447     40.717    26.6005    26.5715   5.641932   5.639236     2.7656     2.3297       7.18   26.62014  -83.23958   -0.00076    0.00022          2  0.000e+00
      18284    761.792     40.541     40.813    26.6018    26.5684   5.641987   5.638802     2.7656     2.3297       7.18   26.62014  -83.23958   -0.00079    0.00023          2  0.000e+00
      18285    761.833     40.494     40.765    26.6027    26.5661   5.641932   5.638549     2.7656     2.3297       7.13   26.62014  -83.23958   -0.00083    0.00023          2  0.000e+00
      18286    761.875     40.494     40.765    26.6034    26.5650   5.641909   5.638327     2.7656     2.3297       7.11   26.62014  -83.23958   -0.00086    0.00022          2  0.000e+00
      18287    761.917     40.514     40.785    26.6031    26.5644   5.641979   5.638162     2.7668     2.3297       7.11   26.62014  -83.23958   -0.00088    0.00021          2  0.000e+00
      18288    761.958     40.494     40.765    26.6036    26.5637   5.642003   5.638122     2.7656     2.3297       7.11   26.62014  -83.23958   -0.00091    0.00019          2  0.000e+00
      18289    762.000     40.494     40.765    26.6029    26.5628   5.642003   5.638059     2.7668     2.3297       7.13   26.62014  -83.23958   -0.00092    0.00020          2  0.000e+00
      18290    762.042     40.494     40.765    26.6018    26.5618   5.641893   5.638004     2.7668     2.3297       7.11   26.62014  -83.23958   -0.00094    0.00020          2  0.000e+00
      18291    762.083     40.514     40.785    26.5994    26.5617   5.641644   5.637956     2.7668     2.3297       7.11   26.62014  -83.23958   -0.00095    0.00019          2  0.000e+00
      18292    762.125     40.494     40.765    26.5980    26.5615   5.641543   5.637948     2.7668     2.3297       7.11   26.62014  -83.23958   -0.00096    0.00018          2  0.000e+00
      18293    762.167     40.541     40.813    26.5982    26.5613   5.641566   5.637877     2.7668     2.3297       7.11   26.62014  -83.23958   -0.00097    0.00017          2  0.000e+00
      18294    762.208     40.541     40.813    26.5994    26.5611   5.641722   5.637853     2.7668     2.3297       7.11   26.62014  -83.23958   -0.00097    0.00016          2  0.000e+00
      18295    762.250     40.494     40.765    26.6007    26.5606   5.641839   5.637845     2.7668     2.3297       7.11   26.62014  -83.23958   -0.00098    0.00015          2  0.000e+00
      18296    762.292     40.514     40.785    26.6007    26.5602   5.641893   5.637774     2.7668     2.3297       7.11   26.62014  -83.23958   -0.00099    0.00014          2  0.000e+00
      18297    762.333     40.541     40.813    26.6018    26.5598   5.641979   5.637759     2.7668     2.3284       7.11   26.62014  -83.23958   -0.00099    0.00011          2  0.000e+00
      18298    762.375     40.494     40.765    26.6027    26.5587   5.642073   5.637719     2.7668     2.3297       7.13   26.62014  -83.23958   -0.00100    0.00009          2  0.000e+00
      18299    762.417     40.541     40.813    26.6027    26.5585   5.642166   5.637782     2.7668     2.3297       7.11   26.62014  -83.23958   -0.00102    0.00008          2  0.000e+00
      18300    762.458     40.562     40.833    26.6029    26.5589   5.642081   5.637806     2.7668     2.3297       7.11   26.62014  -83.23958   -0.00102    0.00007          2  0.000e+00
      18301    762.500     40.541     40.813    26.6020    26.5593   5.641979   5.637877     2.7668     2.3297       7.11   26.62014  -83.23958   -0.00104    0.00004          2  0.000e+00
      18302    762.542     40.494     40.765    26.6024    26.5593   5.642057   5.637861     2.7668     2.3297       7.11   26.62014  -83.23958   -0.00104    0.00003          2  0.000e+00
