GOMECC/GOMECC-4/1db/rb2103_0311.ros
* Sea-Bird SBE 9 Data File:
* FileName = C:\Users\scs.user.rb\CTD\GOMECC4\data\rb2103_0311.hex
* Software Version Seasave V 7.26.7.107
* Temperature SN = 4799
* Conductivity SN = 3860
* Number of Bytes Per Scan = 41
* Number of Voltage Words = 4
* Number of Scans Averaged by the Deck Unit = 1
* NMEA Latitude = 30 06.64 N
* NMEA Longitude = 086 47.99 W
* NMEA UTC (Time) = Sep 23 2021  16:01:34
* NMEA baud rate = 4800
# nquan = 17
# nvalues = 1463                                  
# units = specified
# name 0 = scan: Scan Count
# name 1 = timeS: Time, Elapsed [seconds]
# name 2 = depSM: Depth [salt water, m]
# name 3 = prDM: Pressure, Digiquartz [db]
# name 4 = t090C: Temperature [ITS-90, deg C]
# name 5 = t190C: Temperature, 2 [ITS-90, deg C]
# name 6 = c0S/m: Conductivity [S/m]
# name 7 = c1S/m: Conductivity, 2 [S/m]
# name 8 = sbeox0V: Oxygen raw, SBE 43 [V]
# name 9 = sbeox1V: Oxygen raw, SBE 43, 2 [V]
# name 10 = altM: Altimeter [m]
# name 11 = latitude: Latitude [deg]
# name 12 = longitude: Longitude [deg]
# name 13 = sbox0dV/dT: Oxygen, SBE 43 [dov/dt]
# name 14 = sbox1dV/dT: Oxygen, SBE 43, 2 [dov/dt]
# name 15 = nbf: Bottles Fired
# name 16 = flag:  0.000e+00
# interval = seconds: 0.0416667
# start_time = Sep 23 2021 16:01:34 [NMEA time, header]
# bad_flag = -9.990e-29
*END*
[from data line 426]
      26402   1100.042     50.030     50.380    23.3196    23.3223   5.330109   5.330463     2.7729     2.3578      28.40   30.11112  -86.80098   -0.00068    0.00043          4  0.000e+00
      26403   1100.083     49.977     50.326    23.3196    23.3223   5.330124   5.330501     2.7741     2.3578      28.40   30.11112  -86.80098   -0.00064    0.00033          4  0.000e+00
      26404   1100.125     49.985     50.334    23.3196    23.3224   5.330155   5.330493     2.7741     2.3578      28.40   30.11112  -86.80098   -0.00060    0.00024          4  0.000e+00
      26405   1100.167     49.977     50.326    23.3198    23.3223   5.330102   5.330478     2.7729     2.3578      28.40   30.11112  -86.80098   -0.00058    0.00014          4  0.000e+00
      26406   1100.208     50.030     50.380    23.3200    23.3222   5.330147   5.330478     2.7729     2.3578      28.40   30.11112  -86.80098   -0.00055    0.00005          4  0.000e+00
      26407   1100.250     49.985     50.334    23.3200    23.3224   5.330140   5.330478     2.7729     2.3565      28.40   30.11112  -86.80098   -0.00053   -0.00007          4  0.000e+00
      26408   1100.292     49.977     50.326    23.3202    23.3222   5.330155   5.330447     2.7729     2.3565      28.40   30.11112  -86.80098   -0.00050   -0.00018          4  0.000e+00
      26409   1100.333     49.985     50.334    23.3200    23.3223   5.330201   5.330463     2.7729     2.3578      28.40   30.11112  -86.80098   -0.00048   -0.00027          4  0.000e+00
      26410   1100.375     49.977     50.326    23.3202    23.3222   5.330147   5.330478     2.7729     2.3565      28.40   30.11112  -86.80098   -0.00045   -0.00038          4  0.000e+00
      26411   1100.417     49.977     50.326    23.3203    23.3222   5.330163   5.330478     2.7717     2.3565      28.40   30.11112  -86.80098   -0.00044   -0.00049          4  0.000e+00
      26412   1100.458     49.985     50.334    23.3205    23.3223   5.330201   5.330478     2.7717     2.3565      28.40   30.11112  -86.80098   -0.00043   -0.00059          4  0.000e+00
      26413   1100.500     49.977     50.326    23.3203    23.3222   5.330178   5.330478     2.7729     2.3565      28.40   30.11112  -86.80098   -0.00040   -0.00068          4  0.000e+00
      26414   1100.542     49.977     50.326    23.3205    23.3222   5.330201   5.330478     2.7729     2.3565      28.40   30.11112  -86.80098   -0.00037   -0.00077          4  0.000e+00
      26415   1100.583     49.985     50.334    23.3205    23.3220   5.330246   5.330478     2.7729     2.3565      28.40   30.11112  -86.80098   -0.00036   -0.00087          4  0.000e+00
      26416   1100.625     49.917     50.265    23.3205    23.3222   5.330193   5.330409     2.7717     2.3553      28.40   30.11112  -86.80098   -0.00034   -0.00098          4  0.000e+00
      26417   1100.667     49.917     50.265    23.3205    23.3222   5.330239   5.330455     2.7717     2.3553      28.40   30.11112  -86.80098   -0.00033   -0.00109          4  0.000e+00
      26418   1100.708     50.038     50.387    23.3205    23.3222   5.330155   5.330478     2.7717     2.3553      28.40   30.11112  -86.80098   -0.00031   -0.00121          4  0.000e+00
      26419   1100.750     49.917     50.265    23.3207    23.3223   5.330193   5.330478     2.7717     2.3553      28.40   30.11112  -86.80098   -0.00031   -0.00132          4  0.000e+00
      26420   1100.792     49.985     50.334    23.3207    23.3224   5.330185   5.330478     2.7729     2.3553      28.40   30.11112  -86.80098   -0.00029   -0.00142          4  0.000e+00
      26421   1100.833     49.917     50.265    23.3205    23.3223   5.330201   5.330478     2.7729     2.3553      28.40   30.11112  -86.80098   -0.00028   -0.00153          4  0.000e+00
      26422   1100.875     49.977     50.326    23.3207    23.3225   5.330216   5.330517     2.7717     2.3553      28.42   30.11112  -86.80098   -0.00028   -0.00164          4  0.000e+00
      26423   1100.917     49.924     50.273    23.3205    23.3225   5.330216   5.330455     2.7717     2.3553      28.45   30.11112  -86.80098   -0.00027   -0.00173          4  0.000e+00
      26424   1100.958     49.977     50.326    23.3207    23.3225   5.330185   5.330493     2.7729     2.3553      28.45   30.11112  -86.80098   -0.00025   -0.00182          4  0.000e+00
      26425   1101.000     49.917     50.265    23.3207    23.3225   5.330132   5.330447     2.7729     2.3553      28.45   30.11112  -86.80098   -0.00023   -0.00193          4  0.000e+00
      26426   1101.042     49.985     50.334    23.3209    23.3225   5.330223   5.330470     2.7729     2.3553      28.45   30.11112  -86.80098   -0.00021   -0.00203          4  0.000e+00
      26427   1101.083     49.917     50.265    23.3207    23.3225   5.330223   5.330478     2.7729     2.3553      28.45   30.11112  -86.80098   -0.00021   -0.00214          4  0.000e+00
      26428   1101.125     49.924     50.273    23.3212    23.3223   5.330246   5.330501     2.7729     2.3541      28.45   30.11112  -86.80098   -0.00021   -0.00225          4  0.000e+00
      26429   1101.167     49.917     50.265    23.3209    23.3225   5.330261   5.330493     2.7717     2.3553      28.45   30.11112  -86.80098   -0.00022   -0.00234          4  0.000e+00
      26430   1101.208     49.917     50.265    23.3211    23.3225   5.330223   5.330509     2.7729     2.3553      28.45   30.11112  -86.80098   -0.00020   -0.00242          4  0.000e+00
      26431   1101.250     49.924     50.273    23.3211    23.3225   5.330246   5.330517     2.7729     2.3553      28.45   30.11112  -86.80098   -0.00018   -0.00249          4  0.000e+00
      26432   1101.292     49.917     50.265    23.3211    23.3229   5.330231   5.330586     2.7741     2.3553      28.45   30.11112  -86.80098   -0.00014   -0.00257          4  0.000e+00
      26433   1101.333     49.917     50.265    23.3210    23.3229   5.330216   5.330648     2.7729     2.3553      28.45   30.11112  -86.80098   -0.00014   -0.00265          4  0.000e+00
      26434   1101.375     49.924     50.273    23.3211    23.3234   5.330216   5.330617     2.7729     2.3541      28.42   30.11112  -86.80098   -0.00012   -0.00274          4  0.000e+00
      26435   1101.417     49.917     50.265    23.3209    23.3236   5.330246   5.330702     2.7729     2.3553      28.42   30.11112  -86.80098   -0.00009   -0.00279          4  0.000e+00
      26436   1101.458     49.864     50.212    23.3209    23.3240   5.330231   5.330671     2.7729     2.3553      28.42   30.11112  -86.80098   -0.00007   -0.00284          4  0.000e+00
      26437   1101.500     49.924     50.273    23.3207    23.3241   5.330216   5.330725     2.7729     2.3553      28.45   30.11112  -86.80098   -0.00007   -0.00289          4  0.000e+00
      26438   1101.542     49.917     50.265    23.3207    23.3241   5.330246   5.330740     2.7729     2.3553      28.45   30.11112  -86.80098   -0.00006   -0.00294          4  0.000e+00
      26439   1101.583     49.871     50.220    23.3209    23.3245   5.330261   5.330740     2.7729     2.3553      28.45   30.11112  -86.80098   -0.00006   -0.00298          4  0.000e+00
      26440   1101.625     49.917     50.265    23.3207    23.3247   5.330261   5.330779     2.7729     2.3553      28.45   30.11112  -86.80098   -0.00003   -0.00302          4  0.000e+00
      26441   1101.667     49.917     50.265    23.3209    23.3250   5.330261   5.330787     2.7729     2.3553      28.45   30.11112  -86.80098   -0.00001   -0.00306          4  0.000e+00
      26442   1101.708     49.871     50.220    23.3212    23.3254   5.330284   5.330787     2.7729     2.3565      28.45   30.11112  -86.80098    0.00001   -0.00307          4  0.000e+00
      26443   1101.750     49.864     50.212    23.3214    23.3258   5.330269   5.330848     2.7729     2.3565      28.45   30.11112  -86.80098    0.00002   -0.00307          4  0.000e+00
      26444   1101.792     49.917     50.265    23.3218    23.3257   5.330322   5.330810     2.7729     2.3565      28.45   30.11112  -86.80100    0.00002   -0.00307          4  0.000e+00
      26445   1101.833     49.871     50.219    23.3223    23.3256   5.330345   5.330817     2.7717     2.3553      28.45   30.11112  -86.80100    0.00001   -0.00308          4  0.000e+00
      26446   1101.875     49.864     50.212    23.3223    23.3260   5.330345   5.330833     2.7729     2.3553      28.52   30.11112  -86.80100    0.00002   -0.00309          4  0.000e+00
      26447   1101.917     49.917     50.265    23.3225    23.3263   5.330376   5.330794     2.7729     2.3565      28.55   30.11112  -86.80100    0.00004   -0.00308          4  0.000e+00
      26448   1101.958     49.871     50.219    23.3225    23.3257   5.330421   5.330725     2.7741     2.3565      28.55   30.11112  -86.80100    0.00005   -0.00307          4  0.000e+00
      26449   1102.000     49.864     50.212    23.3230    23.3254   5.330475   5.330763     2.7729     2.3565      28.55   30.11112  -86.80100    0.00005   -0.00306          4  0.000e+00
      26450   1102.042     49.924     50.273    23.3234    23.3257   5.330482   5.330787     2.7717     2.3565      28.55   30.11112  -86.80100    0.00003   -0.00305          4  0.000e+00
      26451   1102.083     49.803     50.151    23.3235    23.3256   5.330444   5.330763     2.7729     2.3565      28.55   30.11112  -86.80100    0.00001   -0.00303          4  0.000e+00
      26452   1102.125     49.917     50.265    23.3235    23.3256   5.330505   5.330709     2.7729     2.3565      28.55   30.11112  -86.80100    0.00002   -0.00299          4  0.000e+00
      26453   1102.167     49.871     50.219    23.3235    23.3256   5.330528   5.330694     2.7729     2.3565      28.55   30.11112  -86.80100    0.00002   -0.00297          4  0.000e+00
      26454   1102.208     49.864     50.212    23.3237    23.3254   5.330497   5.330763     2.7717     2.3565      28.55   30.11112  -86.80100    0.00001   -0.00293          4  0.000e+00
      26455   1102.250     49.917     50.265    23.3237    23.3252   5.330513   5.330725     2.7729     2.3565      28.55   30.11112  -86.80100    0.00000   -0.00289          4  0.000e+00
      26456   1102.292     49.871     50.219    23.3237    23.3250   5.330490   5.330694     2.7717     2.3565      28.55   30.11112  -86.80100   -0.00001   -0.00286          4  0.000e+00
      26457   1102.333     49.864     50.212    23.3237    23.3250   5.330513   5.330725     2.7717     2.3553      28.55   30.11112  -86.80100   -0.00002   -0.00283          4  0.000e+00
      26458   1102.375     49.916     50.265    23.3237    23.3249   5.330558   5.330748     2.7717     2.3565      28.55   30.11112  -86.80100   -0.00003   -0.00278          4  0.000e+00
      26459   1102.417     49.871     50.219    23.3235    23.3247   5.330505   5.330678     2.7729     2.3565      28.55   30.11112  -86.80100   -0.00003   -0.00274          4  0.000e+00
      26460   1102.458     49.864     50.212    23.3237    23.3245   5.330513   5.330678     2.7729     2.3565      28.55   30.11112  -86.80100   -0.00002   -0.00271          4  0.000e+00
      26461   1102.500     49.871     50.219    23.3237    23.3243   5.330528   5.330663     2.7729     2.3553      28.55   30.11112  -86.80100   -0.00001   -0.00267          4  0.000e+00
      26462   1102.542     49.916     50.265    23.3239    23.3243   5.330497   5.330625     2.7717     2.3553      28.55   30.11112  -86.80100   -0.00002   -0.00262          4  0.000e+00
      26463   1102.583     49.864     50.212    23.3237    23.3243   5.330543   5.330640     2.7729     2.3553      28.55   30.11112  -86.80100   -0.00002   -0.00258          4  0.000e+00
      26464   1102.625     49.924     50.273    23.3239    23.3241   5.330535   5.330617     2.7729     2.3565      28.55   30.11112  -86.80100   -0.00001   -0.00253          4  0.000e+00
      26465   1102.667     49.864     50.212    23.3239    23.3238   5.330528   5.330609     2.7729     2.3553      28.55   30.11112  -86.80100   -0.00000   -0.00250          4  0.000e+00
      26466   1102.708     49.916     50.265    23.3235    23.3236   5.330459   5.330586     2.7741     2.3553      28.55   30.11112  -86.80100    0.00002   -0.00246          4  0.000e+00
      26467   1102.750     49.871     50.219    23.3230    23.3232   5.330406   5.330563     2.7729     2.3553      28.55   30.11112  -86.80100    0.00003   -0.00241          4  0.000e+00
      26468   1102.792     49.916     50.265    23.3223    23.3225   5.330322   5.330563     2.7729     2.3553      28.55   30.11112  -86.80100    0.00004   -0.00236          4  0.000e+00
      26469   1102.833     49.916     50.265    23.3214    23.3222   5.330330   5.330501     2.7741     2.3553      28.55   30.11112  -86.80100    0.00006   -0.00232          4  0.000e+00
      26470   1102.875     49.924     50.273    23.3211    23.3220   5.330246   5.330478     2.7741     2.3553      28.52   30.11112  -86.80100    0.00008   -0.00228          4  0.000e+00
      26471   1102.917     49.864     50.212    23.3207    23.3216   5.330246   5.330478     2.7741     2.3553      28.50   30.11112  -86.80100    0.00011   -0.00221          4  0.000e+00
      26472   1102.958     49.924     50.273    23.3202    23.3216   5.330223   5.330439     2.7741     2.3553      28.50   30.11112  -86.80100    0.00013   -0.00214          4  0.000e+00
      26473   1103.000     49.916     50.265    23.3200    23.3215   5.330178   5.330409     2.7729     2.3553      28.50   30.11112  -86.80100    0.00012   -0.00207          4  0.000e+00
      26474   1103.042     49.977     50.326    23.3195    23.3213   5.330170   5.330385     2.7741     2.3565      28.50   30.11112  -86.80100    0.00014   -0.00200          4  0.000e+00
      26475   1103.083     49.871     50.219    23.3191    23.3215   5.330208   5.330385     2.7741     2.3565      28.52   30.11112  -86.80100    0.00016   -0.00192          4  0.000e+00
      26476   1103.125     49.977     50.326    23.3189    23.3215   5.330147   5.330362     2.7741     2.3565      28.52   30.11112  -86.80100    0.00018   -0.00182          4  0.000e+00
      26477   1103.167     49.916     50.265    23.3184    23.3211   5.330056   5.330409     2.7741     2.3565      28.50   30.11112  -86.80100    0.00019   -0.00174          4  0.000e+00
      26478   1103.208     49.924     50.273    23.3180    23.3209   5.330003   5.330362     2.7741     2.3565      28.50   30.11112  -86.80100    0.00021   -0.00164          4  0.000e+00
      26479   1103.250     49.977     50.326    23.3178    23.3209   5.330064   5.330308     2.7741     2.3578      28.52   30.11112  -86.80100    0.00021   -0.00154          4  0.000e+00
      26480   1103.292     49.924     50.273    23.3178    23.3202   5.330048   5.330270     2.7741     2.3578      28.52   30.11112  -86.80100    0.00023   -0.00144          4  0.000e+00
      26481   1103.333     49.977     50.326    23.3175    23.3198   5.329934   5.330254     2.7741     2.3578      28.50   30.11112  -86.80100    0.00025   -0.00133          4  0.000e+00
      26482   1103.375     49.977     50.326    23.3169    23.3191   5.329934   5.330154     2.7741     2.3578      28.50   30.11112  -86.80100    0.00025   -0.00122          4  0.000e+00
      26483   1103.417     49.924     50.273    23.3160    23.3182   5.329850   5.330092     2.7741     2.3590      28.50   30.11112  -86.80100    0.00025   -0.00110          4  0.000e+00
      26484   1103.458     49.977     50.326    23.3155    23.3177   5.329782   5.330077     2.7741     2.3590      28.52   30.11112  -86.80100    0.00025   -0.00097          4  0.000e+00
      26485   1103.500     49.977     50.326    23.3150    23.3171   5.329706   5.330077     2.7741     2.3590      28.52   30.11112  -86.80100    0.00027   -0.00084          4  0.000e+00
