GOMECC/GOMECC-4/1db/rb2103_0971.ros
* Sea-Bird SBE 9 Data File:
* FileName = C:\Users\scs.user.rb\CTD\GOMECC4\data\rb2103_0971.hex
* Software Version Seasave V 7.26.7.107
* Temperature SN = 4799
* Conductivity SN = 3860
* Number of Bytes Per Scan = 41
* Number of Voltage Words = 4
* Number of Scans Averaged by the Deck Unit = 1
* NMEA Latitude = 22 58.24 N
* NMEA Longitude = 090 29.95 W
* NMEA UTC (Time) = Oct 11 2021  11:24:34
* NMEA baud rate = 4800
# nquan = 17
# nvalues = 3059                                  
# units = specified
# name 0 = scan: Scan Count
# name 1 = timeS: Time, Elapsed [seconds]
# name 2 = depSM: Depth [salt water, m]
# name 3 = prDM: Pressure, Digiquartz [db]
# name 4 = t090C: Temperature [ITS-90, deg C]
# name 5 = t190C: Temperature, 2 [ITS-90, deg C]
# name 6 = c0S/m: Conductivity [S/m]
# name 7 = c1S/m: Conductivity, 2 [S/m]
# name 8 = sbeox0V: Oxygen raw, SBE 43 [V]
# name 9 = sbeox1V: Oxygen raw, SBE 43, 2 [V]
# name 10 = altM: Altimeter [m]
# name 11 = latitude: Latitude [deg]
# name 12 = longitude: Longitude [deg]
# name 13 = sbox0dV/dT: Oxygen, SBE 43 [dov/dt]
# name 14 = sbox1dV/dT: Oxygen, SBE 43, 2 [dov/dt]
# name 15 = nbf: Bottles Fired
# name 16 = flag:  0.000e+00
# interval = seconds: 0.0416667
# start_time = Oct 11 2021 11:24:34 [NMEA time, header]
# bad_flag = -9.990e-29
*END*
      39158   1631.542    957.026    965.326     5.4029     5.4027   3.418698   3.418676     1.7973     1.4847      10.06   22.97182  -90.49882    0.00018    0.00002          1  0.000e+00
      39159   1631.583    956.923    965.222     5.4030     5.4028   3.418742   3.418682     1.7973     1.4847      10.06   22.97182  -90.49882    0.00018    0.00002          1  0.000e+00
      39160   1631.625    957.129    965.430     5.4027     5.4026   3.418736   3.418669     1.7973     1.4847      10.06   22.97182  -90.49882    0.00019    0.00002          1  0.000e+00
      39161   1631.667    957.259    965.562     5.4029     5.4028   3.418704   3.418689     1.7961     1.4847      10.06   22.97182  -90.49882    0.00018    0.00002          1  0.000e+00
      39162   1631.708    957.129    965.430     5.4030     5.4027   3.418742   3.418676     1.7961     1.4847      10.06   22.97182  -90.49882    0.00017    0.00002          1  0.000e+00
      39163   1631.750    957.177    965.479     5.4029     5.4028   3.418710   3.418656     1.7961     1.4847      10.06   22.97182  -90.49882    0.00015    0.00002          1  0.000e+00
      39164   1631.792    957.156    965.458     5.4031     5.4030   3.418717   3.418663     1.7973     1.4847      10.09   22.97182  -90.49882    0.00016    0.00002          1  0.000e+00
      39165   1631.833    957.129    965.430     5.4030     5.4025   3.418730   3.418688     1.7961     1.4847      10.06   22.97182  -90.49882    0.00017    0.00002          1  0.000e+00
      39166   1631.875    957.177    965.479     5.4034     5.4027   3.418730   3.418676     1.7973     1.4847      10.06   22.97182  -90.49882    0.00019    0.00003          1  0.000e+00
      39167   1631.917    957.156    965.458     5.4030     5.4028   3.418730   3.418682     1.7973     1.4847      10.06   22.97182  -90.49882    0.00020    0.00003          1  0.000e+00
      39168   1631.958    957.177    965.479     5.4029     5.4028   3.418730   3.418695     1.7973     1.4847      10.06   22.97182  -90.49882    0.00022    0.00003          1  0.000e+00
      39169   1632.000    957.177    965.479     5.4032     5.4030   3.418730   3.418701     1.7973     1.4847      10.09   22.97182  -90.49882    0.00023    0.00003          1  0.000e+00
      39170   1632.042    957.157    965.458     5.4026     5.4027   3.418730   3.418701     1.7973     1.4847      10.06   22.97182  -90.49882    0.00025    0.00003          1  0.000e+00
      39171   1632.083    957.177    965.479     5.4026     5.4028   3.418704   3.418663     1.7973     1.4847      10.06   22.97182  -90.49882    0.00026    0.00003          1  0.000e+00
      39172   1632.125    957.177    965.479     5.4024     5.4028   3.418679   3.418663     1.7973     1.4847      10.06   22.97182  -90.49882    0.00026    0.00003          1  0.000e+00
      39173   1632.167    957.109    965.410     5.4026     5.4030   3.418691   3.418714     1.7961     1.4847      10.06   22.97182  -90.49882    0.00027    0.00003          1  0.000e+00
      39174   1632.208    957.177    965.479     5.4027     5.4025   3.418679   3.418708     1.7973     1.4847      10.06   22.97182  -90.49882    0.00027    0.00003          1  0.000e+00
      39175   1632.250    957.177    965.479     5.4026     5.4030   3.418691   3.418714     1.7973     1.4847      10.06   22.97182  -90.49882    0.00028    0.00004          1  0.000e+00
      39176   1632.292    957.109    965.410     5.4024     5.4028   3.418679   3.418701     1.7961     1.4847      10.06   22.97182  -90.49882    0.00026    0.00004          1  0.000e+00
      39177   1632.333    957.232    965.535     5.4026     5.4031   3.418691   3.418676     1.7973     1.4847      10.09   22.97182  -90.49882    0.00025    0.00004          1  0.000e+00
      39178   1632.375    957.129    965.431     5.4028     5.4030   3.418679   3.418734     1.7973     1.4847      10.06   22.97182  -90.49882    0.00025    0.00004          1  0.000e+00
      39179   1632.417    957.177    965.479     5.4026     5.4030   3.418691   3.418727     1.7961     1.4847      10.06   22.97182  -90.49882    0.00024    0.00004          1  0.000e+00
      39180   1632.458    957.157    965.459     5.4027     5.4031   3.418698   3.418682     1.7961     1.4847      10.06   22.97182  -90.49882    0.00022    0.00002          1  0.000e+00
      39181   1632.500    957.129    965.431     5.4027     5.4030   3.418698   3.418688     1.7973     1.4847      10.04   22.97182  -90.49882    0.00023    0.00002          1  0.000e+00
      39182   1632.542    957.178    965.479     5.4026     5.4033   3.418698   3.418701     1.7973     1.4847      10.04   22.97182  -90.49882    0.00023    0.00002          1  0.000e+00
      39183   1632.583    957.157    965.459     5.4027     5.4033   3.418717   3.418688     1.7973     1.4847      10.04   22.97182  -90.49882    0.00025    0.00002          1  0.000e+00
      39184   1632.625    957.130    965.431     5.4024     5.4031   3.418704   3.418669     1.7973     1.4847      10.04   22.97182  -90.49882    0.00025    0.00003          1  0.000e+00
      39185   1632.667    957.130    965.431     5.4028     5.4028   3.418717   3.418714     1.7973     1.4847      10.04   22.97182  -90.49882    0.00026    0.00003          1  0.000e+00
      39186   1632.708    957.157    965.459     5.4027     5.4026   3.418685   3.418656     1.7973     1.4847      10.06   22.97182  -90.49882    0.00026    0.00003          1  0.000e+00
      39187   1632.750    957.130    965.431     5.4027     5.4030   3.418736   3.418650     1.7973     1.4847      10.04   22.97182  -90.49882    0.00026    0.00003          1  0.000e+00
      39188   1632.792    957.178    965.480     5.4027     5.4028   3.418736   3.418689     1.7973     1.4847      10.04   22.97182  -90.49882    0.00026    0.00003          1  0.000e+00
      39189   1632.833    957.109    965.410     5.4027     5.4028   3.418730   3.418701     1.7961     1.4847      10.04   22.97182  -90.49882    0.00024    0.00003          1  0.000e+00
      39190   1632.875    957.130    965.431     5.4026     5.4030   3.418730   3.418701     1.7973     1.4847      10.04   22.97182  -90.49882    0.00026    0.00003          1  0.000e+00
      39191   1632.917    957.130    965.431     5.4027     5.4030   3.418704   3.418663     1.7961     1.4847      10.06   22.97182  -90.49882    0.00025    0.00003          1  0.000e+00
      39192   1632.958    957.109    965.410     5.4028     5.4030   3.418679   3.418663     1.7973     1.4860      10.04   22.97182  -90.49882    0.00025    0.00005          1  0.000e+00
      39193   1633.000    957.130    965.431     5.4027     5.4030   3.418710   3.418669     1.7973     1.4847      10.04   22.97182  -90.49882    0.00025    0.00005          1  0.000e+00
      39194   1633.042    957.130    965.431     5.4026     5.4031   3.418704   3.418688     1.7961     1.4847      10.04   22.97182  -90.49882    0.00023    0.00005          1  0.000e+00
      39195   1633.083    957.006    965.306     5.4026     5.4031   3.418698   3.418663     1.7973     1.4847      10.04   22.97182  -90.49882    0.00023    0.00005          1  0.000e+00
      39196   1633.125    957.233    965.535     5.4027     5.4028   3.418698   3.418689     1.7973     1.4847      10.04   22.97182  -90.49882    0.00023    0.00003          1  0.000e+00
      39197   1633.167    957.075    965.376     5.4026     5.4030   3.418679   3.418701     1.7973     1.4847      10.04   22.97182  -90.49882    0.00023    0.00003          1  0.000e+00
      39198   1633.208    957.130    965.431     5.4026     5.4031   3.418691   3.418701     1.7961     1.4847      10.04   22.97182  -90.49882    0.00021    0.00003          1  0.000e+00
      39199   1633.250    957.109    965.411     5.4028     5.4030   3.418717   3.418663     1.7973     1.4860      10.04   22.97182  -90.49882    0.00023    0.00005          1  0.000e+00
      39200   1633.292    957.075    965.376     5.4026     5.4030   3.418704   3.418714     1.7973     1.4847      10.04   22.97182  -90.49882    0.00023    0.00003          1  0.000e+00
      39201   1633.333    957.130    965.431     5.4030     5.4031   3.418698   3.418734     1.7973     1.4847      10.04   22.97182  -90.49882    0.00023    0.00003          1  0.000e+00
      39202   1633.375    957.054    965.355     5.4032     5.4030   3.418742   3.418676     1.7973     1.4860      10.04   22.97182  -90.49882    0.00022    0.00005          1  0.000e+00
      39203   1633.417    957.130    965.431     5.4030     5.4030   3.418710   3.418714     1.7973     1.4860      10.04   22.97182  -90.49882    0.00022    0.00006          1  0.000e+00
      39204   1633.458    957.075    965.376     5.4027     5.4033   3.418717   3.418708     1.7973     1.4847      10.06   22.97182  -90.49882    0.00022    0.00006          1  0.000e+00
      39205   1633.500    957.055    965.355     5.4027     5.4031   3.418730   3.418721     1.7973     1.4847      10.09   22.97182  -90.49882    0.00022    0.00006          1  0.000e+00
      39206   1633.542    957.075    965.376     5.4029     5.4033   3.418730   3.418740     1.7973     1.4847      10.09   22.97182  -90.49882    0.00023    0.00006          1  0.000e+00
      39207   1633.583    957.075    965.376     5.4030     5.4033   3.418730   3.418708     1.7973     1.4847      10.09   22.97182  -90.49882    0.00023    0.00006          1  0.000e+00
      39208   1633.625    957.055    965.355     5.4030     5.4031   3.418730   3.418740     1.7973     1.4847      10.09   22.97182  -90.49882    0.00023    0.00006          1  0.000e+00
      39209   1633.667    957.075    965.376     5.4030     5.4030   3.418730   3.418759     1.7973     1.4847      10.09   22.97182  -90.49882    0.00022    0.00006          1  0.000e+00
      39210   1633.708    957.075    965.376     5.4030     5.4031   3.418704   3.418746     1.7973     1.4847      10.09   22.97182  -90.49882    0.00022    0.00005          1  0.000e+00
      39211   1633.750    957.055    965.355     5.4030     5.4033   3.418717   3.418753     1.7973     1.4847      10.09   22.97182  -90.49882    0.00023    0.00005          1  0.000e+00
      39212   1633.792    957.027    965.328     5.4032     5.4036   3.418730   3.418779     1.7973     1.4847      10.09   22.97182  -90.49882    0.00023    0.00005          1  0.000e+00
      39213   1633.833    957.075    965.376     5.4032     5.4036   3.418749   3.418792     1.7973     1.4847      10.11   22.97182  -90.49882    0.00024    0.00005          1  0.000e+00
      39214   1633.875    957.007    965.307     5.4030     5.4035   3.418761   3.418779     1.7973     1.4847      10.09   22.97182  -90.49882    0.00024    0.00005          1  0.000e+00
      39215   1633.917    957.075    965.376     5.4032     5.4039   3.418761   3.418811     1.7961     1.4847      10.09   22.97182  -90.49882    0.00021    0.00005          1  0.000e+00
      39216   1633.958    957.027    965.328     5.4032     5.4036   3.418806   3.418824     1.7973     1.4847      10.09   22.97182  -90.49882    0.00021    0.00005          1  0.000e+00
      39217   1634.000    957.027    965.328     5.4034     5.4035   3.418774   3.418824     1.7973     1.4847      10.09   22.97182  -90.49882    0.00020    0.00004          1  0.000e+00
      39218   1634.042    957.055    965.356     5.4034     5.4042   3.418780   3.418811     1.7973     1.4847      10.09   22.97182  -90.49882    0.00020    0.00004          1  0.000e+00
      39219   1634.083    957.028    965.328     5.4029     5.4049   3.418768   3.418817     1.7973     1.4847      10.09   22.97182  -90.49882    0.00019    0.00004          1  0.000e+00
      39220   1634.125    957.028    965.328     5.4028     5.4057   3.418761   3.418824     1.7973     1.4847      10.09   22.97182  -90.49882    0.00018    0.00004          1  0.000e+00
      39221   1634.167    957.007    965.307     5.4029     5.4054   3.418761   3.418869     1.7961     1.4860      10.09   22.97182  -90.49882    0.00016    0.00006          1  0.000e+00
      39222   1634.208    957.028    965.328     5.4030     5.4052   3.418761   3.418849     1.7973     1.4847      10.09   22.97182  -90.49882    0.00015    0.00005          1  0.000e+00
      39223   1634.250    957.028    965.328     5.4027     5.4049   3.418736   3.418895     1.7973     1.4847      10.09   22.97182  -90.49882    0.00016    0.00005          1  0.000e+00
      39224   1634.292    957.055    965.356     5.4030     5.4050   3.418749   3.418914     1.7973     1.4847      10.09   22.97182  -90.49882    0.00016    0.00005          1  0.000e+00
      39225   1634.333    956.973    965.272     5.4032     5.4051   3.418761   3.418914     1.7973     1.4847      10.09   22.97182  -90.49882    0.00015    0.00005          1  0.000e+00
      39226   1634.375    957.028    965.328     5.4032     5.4049   3.418780   3.418914     1.7961     1.4847      10.09   22.97182  -90.49882    0.00012    0.00005          1  0.000e+00
      39227   1634.417    957.007    965.307     5.4034     5.4049   3.418768   3.418927     1.7973     1.4860      10.13   22.97182  -90.49882    0.00012    0.00006          1  0.000e+00
      39228   1634.458    956.973    965.273     5.4034     5.4048   3.418806   3.418914     1.7961     1.4847      10.16   22.97182  -90.49882    0.00009    0.00006          1  0.000e+00
      39229   1634.500    957.028    965.328     5.4037     5.4054   3.418774   3.418895     1.7973     1.4847      10.18   22.97182  -90.49882    0.00008    0.00006          1  0.000e+00
      39230   1634.542    957.007    965.307     5.4038     5.4059   3.418761   3.418927     1.7973     1.4847      10.16   22.97182  -90.49882    0.00007    0.00006          1  0.000e+00
      39231   1634.583    957.028    965.328     5.4038     5.4060   3.418780   3.418888     1.7973     1.4847      10.16   22.97182  -90.49882    0.00008    0.00005          1  0.000e+00
      39232   1634.625    956.973    965.273     5.4034     5.4065   3.418838   3.418901     1.7961     1.4847      10.16   22.97182  -90.49882    0.00006    0.00005          1  0.000e+00
      39233   1634.667    957.007    965.307     5.4032     5.4072   3.418780   3.418933     1.7973     1.4847      10.16   22.97182  -90.49882    0.00005    0.00005          1  0.000e+00
      39234   1634.708    956.973    965.273     5.4034     5.4072   3.418806   3.418946     1.7973     1.4860      10.16   22.97182  -90.49882    0.00006    0.00007          1  0.000e+00
      39235   1634.750    957.028    965.328     5.4034     5.4067   3.418799   3.418907     1.7973     1.4847      10.16   22.97182  -90.49882    0.00005    0.00006          1  0.000e+00
      39236   1634.792    956.973    965.273     5.4030     5.4061   3.418793   3.418907     1.7961     1.4860      10.16   22.97182  -90.49882    0.00004    0.00008          1  0.000e+00
      39237   1634.833    957.007    965.307     5.4035     5.4057   3.418768   3.418895     1.7961     1.4847      10.16   22.97182  -90.49882    0.00001    0.00008          1  0.000e+00
      39238   1634.875    956.973    965.273     5.4035     5.4055   3.418761   3.418862     1.7961     1.4847      10.16   22.97182  -90.49882 8.7921e-07    0.00007          1  0.000e+00
      39239   1634.917    957.028    965.328     5.4040     5.4057   3.418806   3.418914     1.7973     1.4847      10.16   22.97182  -90.49882    0.00001    0.00007          1  0.000e+00
      39240   1634.958    956.953    965.252     5.4038     5.4060   3.418799   3.418914     1.7973     1.4847      10.16   22.97182  -90.49882 7.0337e-07    0.00007          1  0.000e+00
      39241   1635.000    957.028    965.328     5.4042     5.4059   3.418838   3.418933     1.7973     1.4860      10.16   22.97182  -90.49882    0.00001    0.00008          1  0.000e+00
      39242   1635.042    956.973    965.273     5.4038     5.4055   3.418806   3.418946     1.7961     1.4860      10.16   22.97182  -90.49882 1.7584e-07    0.00010          1  0.000e+00
