GOMECC/GOMECC-4/1db/rb2103_0271.ros
* Sea-Bird SBE 9 Data File:
* FileName = C:\Users\scs.user.rb\CTD\GOMECC4\data\rb2103_0271.hex
* Software Version Seasave V 7.26.7.107
* Temperature SN = 4799
* Conductivity SN = 3860
* Number of Bytes Per Scan = 41
* Number of Voltage Words = 4
* Number of Scans Averaged by the Deck Unit = 1
* NMEA Latitude = 28 10.29 N
* NMEA Longitude = 086 28.83 W
* NMEA UTC (Time) = Sep 21 2021  14:01:03
* NMEA baud rate = 4800
# nquan = 17
# nvalues = 2394                                  
# units = specified
# name 0 = scan: Scan Count
# name 1 = timeS: Time, Elapsed [seconds]
# name 2 = depSM: Depth [salt water, m]
# name 3 = prDM: Pressure, Digiquartz [db]
# name 4 = t090C: Temperature [ITS-90, deg C]
# name 5 = t190C: Temperature, 2 [ITS-90, deg C]
# name 6 = c0S/m: Conductivity [S/m]
# name 7 = c1S/m: Conductivity, 2 [S/m]
# name 8 = sbeox0V: Oxygen raw, SBE 43 [V]
# name 9 = sbeox1V: Oxygen raw, SBE 43, 2 [V]
# name 10 = altM: Altimeter [m]
# name 11 = latitude: Latitude [deg]
# name 12 = longitude: Longitude [deg]
# name 13 = sbox0dV/dT: Oxygen, SBE 43 [dov/dt]
# name 14 = sbox1dV/dT: Oxygen, SBE 43, 2 [dov/dt]
# name 15 = nbf: Bottles Fired
# name 16 = flag:  0.000e+00
# interval = seconds: 0.0416667
# start_time = Sep 21 2021 14:01:03 [NMEA time, header]
# bad_flag = -9.990e-29
*END*
[from data line 1703]
      77559   3231.583     64.324     64.766    24.2514    24.2600   5.405262   5.406257     2.9231     2.4921      70.33   28.16942  -86.47934    0.00027   -0.00139         13  0.000e+00
      77560   3231.625     64.324     64.766    24.2510    24.2599   5.405285   5.406187     2.9243     2.4921      70.33   28.16942  -86.47934    0.00019   -0.00140         13  0.000e+00
      77561   3231.667     64.377     64.819    24.2510    24.2595   5.405293   5.406242     2.9243     2.4933      70.33   28.16942  -86.47934    0.00011   -0.00138         13  0.000e+00
      77562   3231.708     64.324     64.766    24.2510    24.2596   5.405285   5.406273     2.9243     2.4933      76.21   28.16942  -86.47934    0.00003   -0.00137         13  0.000e+00
      77563   3231.750     64.324     64.766    24.2508    24.2603   5.405285   5.406319     2.9243     2.4933      94.21   28.16942  -86.47934   -0.00004   -0.00133         13  0.000e+00
      77564   3231.792     64.325     64.766    24.2512    24.2609   5.405293   5.406257     2.9243     2.4933     100.00   28.16942  -86.47934   -0.00012   -0.00129         13  0.000e+00
      77565   3231.833     64.325     64.766    24.2512    24.2604   5.405285   5.406257     2.9243     2.4933     100.00   28.16942  -86.47934   -0.00018   -0.00127         13  0.000e+00
      77566   3231.875     64.377     64.820    24.2510    24.2598   5.405285   5.406319     2.9243     2.4933     100.00   28.16942  -86.47934   -0.00024   -0.00123         13  0.000e+00
      77567   3231.917     64.325     64.766    24.2493    24.2601   5.405217   5.406319     2.9243     2.4933     100.00   28.16942  -86.47934   -0.00032   -0.00120         13  0.000e+00
      77568   3231.958     64.325     64.766    24.2488    24.2602   5.405239   5.406280     2.9243     2.4933     100.00   28.16942  -86.47934   -0.00038   -0.00116         13  0.000e+00
      77569   3232.000     64.378     64.820    24.2479    24.2607   5.405217   5.406319     2.9243     2.4933     100.00   28.16942  -86.47934   -0.00044   -0.00111         13  0.000e+00
      77570   3232.042     64.325     64.766    24.2478    24.2608   5.405163   5.406319     2.9243     2.4921     100.00   28.16942  -86.47934   -0.00051   -0.00109         13  0.000e+00
      77571   3232.083     64.325     64.766    24.2479    24.2607   5.405155   5.406280     2.9255     2.4921     100.00   28.16942  -86.47934   -0.00055   -0.00104         13  0.000e+00
      77572   3232.125     64.378     64.820    24.2481    24.2596   5.405094   5.406203     2.9243     2.4921     100.00   28.16942  -86.47934   -0.00059   -0.00102         13  0.000e+00
      77573   3232.167     64.264     64.706    24.2481    24.2591   5.405094   5.406234     2.9243     2.4921     100.00   28.16942  -86.47934   -0.00064   -0.00102         13  0.000e+00
      77574   3232.208     64.325     64.766    24.2485    24.2592   5.405079   5.406164     2.9243     2.4933     100.00   28.16942  -86.47934   -0.00070   -0.00098         13  0.000e+00
      77575   3232.250     64.325     64.766    24.2481    24.2593   5.405071   5.406211     2.9243     2.4933     100.00   28.16942  -86.47934   -0.00076   -0.00095         13  0.000e+00
      77576   3232.292     64.378     64.820    24.2479    24.2591   5.405025   5.406211     2.9255     2.4933     100.00   28.16942  -86.47934   -0.00078   -0.00091         13  0.000e+00
      77577   3232.333     64.325     64.767    24.2481    24.2587   5.404987   5.406226     2.9255     2.4933     100.00   28.16942  -86.47934   -0.00081   -0.00092         13  0.000e+00
      77578   3232.375     64.325     64.767    24.2489    24.2587   5.405048   5.406195     2.9255     2.4933     100.00   28.16942  -86.47934   -0.00082   -0.00091         13  0.000e+00
      77579   3232.417     64.264     64.706    24.2488    24.2586   5.405063   5.406195     2.9243     2.4933     100.00   28.16942  -86.47934   -0.00084   -0.00089         13  0.000e+00
      77580   3232.458     64.378     64.820    24.2481    24.2587   5.404994   5.406117     2.9243     2.4933     100.00   28.16942  -86.47934   -0.00088   -0.00088         13  0.000e+00
      77581   3232.500     64.264     64.706    24.2478    24.2584   5.404971   5.405954     2.9255     2.4933     100.00   28.16942  -86.47934   -0.00091   -0.00087         13  0.000e+00
      77582   3232.542     64.325     64.767    24.2476    24.2571   5.404971   5.405861     2.9255     2.4945     100.00   28.16942  -86.47934   -0.00093   -0.00083         13  0.000e+00
      77583   3232.583     64.325     64.767    24.2478    24.2557   5.404910   5.405760     2.9255     2.4945     100.00   28.16942  -86.47934   -0.00094   -0.00082         13  0.000e+00
      77584   3232.625     64.325     64.767    24.2474    24.2542   5.404880   5.405667     2.9255     2.4945     100.00   28.16942  -86.47934   -0.00095   -0.00078         13  0.000e+00
      79714   3321.375     49.412     49.749    26.0483    26.0928   5.593296   5.595966     2.9731     2.5299     100.00   28.16944  -86.47928    0.00294    0.00197         14  0.000e+00
      79715   3321.417     49.820     50.160    26.0635    26.0917   5.593148   5.596100     2.9719     2.5299     100.00   28.16944  -86.47928    0.00288    0.00202         14  0.000e+00
      79716   3321.458     49.585     49.924    26.0853    26.0908   5.593039   5.596226     2.9731     2.5299     100.00   28.16944  -86.47928    0.00283    0.00207         14  0.000e+00
      79717   3321.500     49.593     49.932    26.0917    26.0937   5.592805   5.596281     2.9731     2.5299     100.00   28.16944  -86.47928    0.00279    0.00212         14  0.000e+00
      79718   3321.542     49.585     49.924    26.0931    26.0968   5.592386   5.596328     2.9719     2.5299     100.00   28.16944  -86.47928    0.00272    0.00216         14  0.000e+00
      79719   3321.583     49.638     49.977    26.0863    26.0984   5.591889   5.596486     2.9731     2.5299     100.00   28.16944  -86.47928    0.00266    0.00221         14  0.000e+00
      79720   3321.625     49.593     49.932    26.0803    26.0984   5.591042   5.596627     2.9719     2.5299     100.00   28.16944  -86.47928    0.00259    0.00225         14  0.000e+00
      79721   3321.667     49.638     49.977    26.0712    26.0979   5.590351   5.596809     2.9719     2.5299     100.00   28.16944  -86.47928    0.00251    0.00231         14  0.000e+00
      79722   3321.708     49.586     49.924    26.0721    26.1001   5.589892   5.597124     2.9719     2.5299     100.00   28.16944  -86.47928    0.00243    0.00234         14  0.000e+00
      79723   3321.750     49.646     49.985    26.0743    26.1023   5.589753   5.597289     2.9719     2.5299     100.00   28.16944  -86.47928    0.00235    0.00238         14  0.000e+00
      79724   3321.792     49.586     49.924    26.0844    26.1026   5.590335   5.597273     2.9719     2.5299     100.00   28.16944  -86.47928    0.00228    0.00241         14  0.000e+00
      79725   3321.833     49.639     49.978    26.0872    26.1009   5.591073   5.597226     2.9719     2.5299     100.00   28.16944  -86.47928    0.00220    0.00244         14  0.000e+00
      79726   3321.875     49.593     49.932    26.0804    26.1030   5.591609   5.597289     2.9719     2.5299     100.00   28.16944  -86.47928    0.00211    0.00246         14  0.000e+00
      79727   3321.917     49.586     49.924    26.0731    26.1039   5.591897   5.597273     2.9719     2.5299     100.00   28.16944  -86.47928    0.00203    0.00249         14  0.000e+00
      79728   3321.958     49.639     49.978    26.0732    26.1039   5.592021   5.597368     2.9719     2.5299     100.00   28.16944  -86.47928    0.00195    0.00251         14  0.000e+00
      79729   3322.000     49.593     49.932    26.0741    26.1019   5.592083   5.597407     2.9719     2.5299     100.00   28.16944  -86.47928    0.00186    0.00253         14  0.000e+00
      79730   3322.042     49.586     49.924    26.0729    26.0986   5.592262   5.597368     2.9719     2.5299     100.00   28.16944  -86.47928    0.00179    0.00253         14  0.000e+00
      79731   3322.083     49.525     49.864    26.0743    26.1006   5.592534   5.597360     2.9719     2.5299     100.00   28.16944  -86.47928    0.00172    0.00252         14  0.000e+00
      79732   3322.125     49.646     49.985    26.0729    26.1032   5.592728   5.597431     2.9719     2.5311     100.00   28.16944  -86.47928    0.00165    0.00253         14  0.000e+00
      79733   3322.167     49.639     49.978    26.0669    26.1046   5.592751   5.597486     2.9719     2.5299     100.00   28.16944  -86.47928    0.00157    0.00252         14  0.000e+00
      79734   3322.208     49.593     49.932    26.0606    26.1048   5.592814   5.597431     2.9719     2.5311     100.00   28.16944  -86.47928    0.00149    0.00251         14  0.000e+00
      79735   3322.250     49.639     49.978    26.0620    26.1048   5.593140   5.597368     2.9719     2.5311     100.00   28.16944  -86.47928    0.00143    0.00249         14  0.000e+00
      79736   3322.292     49.586     49.925    26.0754    26.1042   5.593489   5.597360     2.9731     2.5311     100.00   28.16944  -86.47928    0.00138    0.00247         14  0.000e+00
      79737   3322.333     49.593     49.932    26.0861    26.1002   5.593746   5.597250     2.9731     2.5311     100.00   28.16944  -86.47928    0.00133    0.00245         14  0.000e+00
      79738   3322.375     49.586     49.925    26.0891    26.0993   5.594033   5.597076     2.9719     2.5311     100.00   28.16944  -86.47928    0.00126    0.00242         14  0.000e+00
      79739   3322.417     49.586     49.925    26.0929    26.0990   5.594297   5.597037     2.9731     2.5311     100.00   28.16944  -86.47928    0.00120    0.00239         14  0.000e+00
      79740   3322.458     49.646     49.986    26.0959    26.0990   5.594546   5.597068     2.9731     2.5311     100.00   28.16944  -86.47928    0.00116    0.00236         14  0.000e+00
      79741   3322.500     49.586     49.925    26.0983    26.0997   5.594802   5.596974     2.9731     2.5311     100.00   28.16944  -86.47928    0.00112    0.00234         14  0.000e+00
      79742   3322.542     49.586     49.925    26.1053    26.0975   5.594965   5.597013     2.9731     2.5311     100.00   28.16944  -86.47928    0.00107    0.00232         14  0.000e+00
      79743   3322.583     49.594     49.932    26.1075    26.0977   5.595058   5.596998     2.9731     2.5311     100.00   28.16944  -86.47928    0.00105    0.00229         14  0.000e+00
      79744   3322.625     49.586     49.925    26.1021    26.1024   5.595128   5.596919     2.9719     2.5311     100.00   28.16944  -86.47928    0.00098    0.00226         14  0.000e+00
      79745   3322.667     49.639     49.978    26.0946    26.1019   5.595035   5.596824     2.9731     2.5299     100.00   28.16944  -86.47928    0.00095    0.00221         14  0.000e+00
      79746   3322.708     49.594     49.932    26.0954    26.1004   5.595098   5.596698     2.9731     2.5299     100.00   28.16944  -86.47928    0.00093    0.00217         14  0.000e+00
      79747   3322.750     49.586     49.925    26.1032    26.0984   5.595245   5.596525     2.9731     2.5299     100.00   28.16944  -86.47928    0.00091    0.00214         14  0.000e+00
      79748   3322.792     49.586     49.925    26.1070    26.0935   5.595455   5.596344     2.9744     2.5299     100.00   28.16944  -86.47928    0.00091    0.00210         14  0.000e+00
      79749   3322.833     49.594     49.932    26.1030    26.0900   5.595634   5.596297     2.9731     2.5287     100.00   28.16944  -86.47928    0.00089    0.00204         14  0.000e+00
      79750   3322.875     49.639     49.978    26.1028    26.0924   5.595828   5.596328     2.9731     2.5287     100.00   28.16944  -86.47928    0.00087    0.00199         14  0.000e+00
      79751   3322.917     49.594     49.933    26.1068    26.1028   5.595999   5.596446     2.9731     2.5287     100.00   28.16944  -86.47928    0.00084    0.00195         14  0.000e+00
      79752   3322.958     49.586     49.925    26.1117    26.1075   5.596131   5.596548     2.9731     2.5287     100.00   28.16944  -86.47928    0.00084    0.00190         14  0.000e+00
      79753   3323.000     49.586     49.925    26.1167    26.1020   5.596232   5.596643     2.9731     2.5287     100.00   28.16944  -86.47928    0.00083    0.00187         14  0.000e+00
      79754   3323.042     49.594     49.933    26.1186    26.0981   5.596232   5.596627     2.9731     2.5287     100.00   28.16944  -86.47928    0.00082    0.00184         14  0.000e+00
      79755   3323.083     49.639     49.978    26.1113    26.0990   5.596278   5.596580     2.9731     2.5287     100.00   28.16944  -86.47928    0.00082    0.00180         14  0.000e+00
      79756   3323.125     49.586     49.925    26.0925    26.1017   5.596388   5.596501     2.9731     2.5287     100.00   28.16944  -86.47928    0.00081    0.00177         14  0.000e+00
      79757   3323.167     49.594     49.933    26.0966    26.1028   5.596465   5.596548     2.9731     2.5287     100.00   28.16944  -86.47928    0.00080    0.00173         14  0.000e+00
      79758   3323.208     49.586     49.925    26.1091    26.1098   5.596652   5.596643     2.9731     2.5287     100.00   28.16944  -86.47928    0.00079    0.00171         14  0.000e+00
      79759   3323.250     49.586     49.925    26.1155    26.1150   5.597040   5.596737     2.9744     2.5287     100.00   28.16944  -86.47928    0.00081    0.00168         14  0.000e+00
      79760   3323.292     49.647     49.986    26.1163    26.1144   5.597514   5.596722     2.9744     2.5287     100.00   28.16944  -86.47928    0.00083    0.00166         14  0.000e+00
      79761   3323.333     49.586     49.925    26.1176    26.1122   5.597926   5.596714     2.9744     2.5287     100.00   28.16944  -86.47928    0.00083    0.00166         14  0.000e+00
      79762   3323.375     49.639     49.978    26.1200    26.1081   5.598081   5.596604     2.9731     2.5287     100.00   28.16944  -86.47928    0.00081    0.00165         14  0.000e+00
      79763   3323.417     49.594     49.933    26.1222    26.1047   5.598182   5.596643     2.9731     2.5287     100.00   28.16944  -86.47928    0.00079    0.00164         14  0.000e+00
      79764   3323.458     49.587     49.925    26.1252    26.1020   5.598167   5.596667     2.9744     2.5287     100.00   28.16944  -86.47928    0.00080    0.00163         14  0.000e+00
      79765   3323.500     49.639     49.979    26.1259    26.1017   5.598151   5.596698     2.9744     2.5287     100.00   28.16944  -86.47928    0.00082    0.00162         14  0.000e+00
      79766   3323.542     49.594     49.933    26.1271    26.1028   5.598330   5.596816     2.9744     2.5299     100.00   28.16944  -86.47928    0.00083    0.00163         14  0.000e+00
      79767   3323.583     49.640     49.979    26.1288    26.1041   5.598587   5.596919     2.9731     2.5299     100.00   28.16944  -86.47928    0.00081    0.00166         14  0.000e+00
      79768   3323.625     49.594     49.933    26.1303    26.1061   5.598773   5.596903     2.9731     2.5299     100.00   28.16944  -86.47928    0.00080    0.00166         14  0.000e+00
      79769   3323.667     49.640     49.979    26.1306    26.1053   5.598975   5.596966     2.9744     2.5299     100.00   28.16944  -86.47928    0.00081    0.00167         14  0.000e+00
      79770   3323.708     49.587     49.925    26.1309    26.1033   5.599278   5.597155     2.9744     2.5311     100.00   28.16944  -86.47928    0.00082    0.00169         14  0.000e+00
      79771   3323.750     49.647     49.986    26.1314    26.1008   5.599488   5.597423     2.9744     2.5311     100.00   28.16944  -86.47928    0.00083    0.00169         14  0.000e+00
