GOMECC/GOMECC-4/1db/rb2103_1231.cnv
* Sea-Bird SBE 9 Data File:
* FileName = C:\Users\scs.user.rb\CTD\GOMECC4\data\rb2103_1231.hex
* Software Version Seasave V 7.26.7.107
* Temperature SN = 4799
* Conductivity SN = 3860
* Number of Bytes Per Scan = 41
* Number of Voltage Words = 4
* Number of Scans Averaged by the Deck Unit = 1
* NMEA Latitude = 24 44.12 N
* NMEA Longitude = 080 37.33 W
* NMEA UTC (Time) = Oct 17 2021  22:52:18
* NMEA baud rate = 4800
# nquan = 28
# nvalues = 193                         
# units = specified
# name 0 = scan: Scan Count
# name 1 = timeS: Time, Elapsed [seconds]
# name 2 = depSM: Depth [salt water, m]
# name 3 = prDM: Pressure, Digiquartz [db]
# name 4 = t090C: Temperature [ITS-90, deg C]
# name 5 = t190C: Temperature, 2 [ITS-90, deg C]
# name 6 = c0S/m: Conductivity [S/m]
# name 7 = c1S/m: Conductivity, 2 [S/m]
# name 8 = sbeox0V: Oxygen raw, SBE 43 [V]
# name 9 = sbeox1V: Oxygen raw, SBE 43, 2 [V]
# name 10 = altM: Altimeter [m]
# name 11 = latitude: Latitude [deg]
# name 12 = longitude: Longitude [deg]
# name 13 = sbox0dV/dT: Oxygen, SBE 43 [dov/dt]
# name 14 = sbox1dV/dT: Oxygen, SBE 43, 2 [dov/dt]
# name 15 = sbeox0ML/L: Oxygen, SBE 43 [ml/l], WS = 5
# name 16 = sbeox1ML/L: Oxygen, SBE 43, 2 [ml/l], WS = 5
# name 17 = potemp090C: Potential Temperature [ITS-90, deg C]
# name 18 = potemp190C: Potential Temperature, 2 [ITS-90, deg C]
# name 19 = sal00: Salinity, Practical [PSU]
# name 20 = sal11: Salinity, Practical, 2 [PSU]
# name 21 = sigma-é00: Density [sigma-theta, kg/m^3]
# name 22 = sigma-é11: Density, 2 [sigma-theta, kg/m^3]
# name 23 = avgsvCM: Average Sound Velocity [Chen-Millero, m/s], minP = 20, minS = 20
# name 24 = sbox0Mm/Kg: Oxygen, SBE 43 [umol/kg], WS = 5
# name 25 = sbox1Mm/Kg: Oxygen, SBE 43, 2 [umol/kg], WS = 5
# name 26 = nbin: number of scans per bin
# name 27 = flag: flag
# span 0 =      15623,      54854       
# span 1 =    650.910,   2285.539       
# span 2 =      0.994,    133.098       
# span 3 =      1.000,    134.000       
# span 4 =    10.4517,    29.7611       
# span 5 =    10.4514,    29.7639       
# span 6 =   3.884116,   5.899392       
# span 7 =   3.884454,   5.900019       
# span 8 =     1.7105,     3.1806       
# span 9 =     1.4016,     2.6877       
# span 10 =      12.33,     100.05      
# span 11 =   24.56959,   24.75510      
# span 12 =  -80.68707,  -80.08262      
# span 13 =   -0.05955,    0.02185      
# span 14 =   -0.05401,    0.02151      
# span 15 =     2.6331,     4.3953      
# span 16 =     2.6444,     4.3644      
# span 17 =    10.4360,    29.7606      
# span 18 =    10.4356,    29.7635      
# span 19 =    35.2601,    36.4176      
# span 20 =    35.2661,    36.4235      
# span 21 =    22.2609,    27.0935      
# span 22 =    22.2611,    27.0939      
# span 23 =       0.00,    1545.01      
# span 24 =    114.506,    191.961      
# span 25 =    114.996,    190.608      
# span 26 =         31,         82      
# span 27 = 0.0000e+00, 0.0000e+00      
# interval = decibars: 1                
# start_time = Oct 17 2021 22:52:18 [NMEA time, header]
# bad_flag = -9.990e-29
*END*
[from data line 104]
      20758    864.869    108.272    109.000    13.4284    13.4258   4.213257   4.213441     1.8973     1.5649      37.94   24.73560  -80.62334   -0.01619   -0.01579     2.9193     2.9188    13.4130    13.4104    35.6652    35.6694    26.8241    26.8279    1535.98    126.972    126.948         35 0.0000e+00
      20792    866.283    109.265    110.000    13.2753    13.2606   4.195753   4.195276     1.8762     1.5468      36.93   24.73560  -80.62334   -0.01588   -0.01475     2.8819     2.8838    13.2599    13.2452    35.6552    35.6583    26.8477    26.8531    1535.68    125.339    125.421         33 0.0000e+00
      20825    867.663    110.259    111.000    12.7766    12.7629   4.141912   4.141172     1.8528     1.5274      35.96   24.73560  -80.62334   -0.01566   -0.01351     2.8529     2.8602    12.7615    12.7478    35.5962    35.6020    26.9029    26.9101    1535.38    124.074    124.392         33 0.0000e+00
      20858    869.046    111.251    112.000    12.3372    12.3047   4.092720   4.089386     1.8317     1.5081      35.02   24.73560  -80.62334   -0.01615   -0.01377     2.8297     2.8374    12.3223    12.2898    35.5364    35.5348    26.9434    26.9485    1535.07    123.058    123.392         33 0.0000e+00
      20892    870.454    112.245    113.000    12.1741    12.1297   4.074294   4.069691     1.8156     1.4936      33.98   24.73560  -80.62334   -0.01475   -0.01320     2.8002     2.8088    12.1592    12.1148    35.5116    35.5089    26.9559    26.9624    1534.75    121.774    122.148         35 0.0000e+00
      20926    871.876    113.237    114.000    11.7567    11.7650   4.026035   4.028190     1.7999     1.4810      33.01   24.73560  -80.62334   -0.01196   -0.01067     2.7888     2.7981    11.7420    11.7503    35.4360    35.4494    26.9769    26.9859    1534.43    121.278    121.681         33 0.0000e+00
      20959    873.270    114.231    115.000    10.9249    10.9119   3.933172   3.932726     1.7788     1.4630      32.01   24.73560  -80.62334   -0.01210   -0.00999     2.7912     2.8042    10.9108    10.8978    35.3113    35.3194    27.0341    27.0428    1534.09    121.375    121.940         34 0.0000e+00
      20992    874.645    115.224    116.000    10.6287    10.6248   3.901928   3.901956     1.7634     1.4497      31.00   24.73560  -80.62334   -0.01341   -0.01124     2.7747     2.7890    10.6147    10.6108    35.2828    35.2868    27.0652    27.0691    1533.79    120.653    121.274         32 0.0000e+00
      21025    876.017    116.217    117.000    10.4656    10.4859   3.884116   3.887159     1.7537     1.4413      30.06   24.73560  -80.62334   -0.01131   -0.00984     2.7560     2.7708    10.4516    10.4723    35.2601    35.2672    27.0765    27.0786    1533.40    119.839    120.480         33 0.0000e+00
      21059    877.403    117.210    118.000    10.4664    10.4684   3.884659   3.885030     1.7461     1.4353      28.98   24.73560  -80.62334   -0.00751   -0.00638     2.7368     2.7548    10.4524    10.4543    35.2642    35.2661    27.0796    27.0807    1533.04    119.005    119.787         34 0.0000e+00
      21092    878.785    118.203    119.000    10.4676    10.4663   3.885920   3.885220     1.7393     1.4291      28.08   24.73560  -80.62334   -0.00571   -0.00478     2.7208     2.7373    10.4534    10.4521    35.2674    35.2696    27.0818    27.0838    1532.71    118.308    119.023         33 0.0000e+00
      21125    880.159    119.195    120.000    10.4597    10.4600   3.884816   3.884863     1.7334     1.4242      27.06   24.73560  -80.62334   -0.00490   -0.00428     2.7035     2.7237    10.4454    10.4457    35.2682    35.2716    27.0839    27.0865    1532.37    117.556    118.434         33 0.0000e+00
      21157    881.520    120.189    121.000    10.4576    10.4586   3.884594   3.884999     1.7280     1.4209      26.03   24.73560  -80.62334   -0.00436   -0.00349     2.6903     2.7148    10.4432    10.4442    35.2708    35.2739    27.0863    27.0886    1532.04    116.980    118.045         32 0.0000e+00
      21190    882.884    121.182    122.000    10.4563    10.4573   3.884720   3.885695     1.7245     1.4183      25.12   24.73560  -80.62334   -0.00371   -0.00256     2.6811     2.7075    10.4417    10.4428    35.2729    35.2750    27.0882    27.0897    1531.73    116.580    117.726         33 0.0000e+00
      21223    884.263    122.175    123.000    10.4555    10.4583   3.884888   3.885300     1.7221     1.4152      24.07   24.73560  -80.62334   -0.00274   -0.00212     2.6751     2.6989    10.4409    10.4436    35.2748    35.2763    27.0899    27.0905    1531.41    116.319    117.353         34 0.0000e+00
      21257    885.659    123.168    124.000    10.4550    10.4585   3.885116   3.885789     1.7205     1.4135      23.11   24.73560  -80.62334   -0.00176   -0.00189     2.6711     2.6941    10.4402    10.4437    35.2759    35.2773    27.0908    27.0913    1531.10    116.144    117.143         33 0.0000e+00
      21290    887.046    124.161    125.000    10.4558    10.4552   3.885264   3.885248     1.7191     1.4118      22.18   24.73560  -80.62334   -0.00125   -0.00148     2.6677     2.6898    10.4409    10.4403    35.2775    35.2779    27.0920    27.0924    1530.79    115.996    116.956         33 0.0000e+00
      21323    888.410    125.154    126.000    10.4571    10.4581   3.885595   3.885710     1.7182     1.4103      21.10   24.73560  -80.62334   -0.00094   -0.00117     2.6656     2.6856    10.4421    10.4430    35.2782    35.2793    27.0923    27.0930    1530.52    115.904    116.774         33 0.0000e+00
      21356    889.772    126.147    127.000    10.4606    10.4620   3.886004   3.886216     1.7176     1.4093      20.19   24.73560  -80.62334   -0.00066   -0.00105     2.6640     2.6827    10.4454    10.4468    35.2794    35.2802    27.0926    27.0930    1530.19    115.837    116.648         33 0.0000e+00
      21389    891.152    127.140    128.000    10.4587    10.4562   3.885867   3.885648     1.7171     1.4090      19.12   24.73560  -80.62334   -0.00046   -0.00070     2.6632     2.6826    10.4434    10.4409    35.2794    35.2796    27.0930    27.0936    1529.90    115.799    116.643         33 0.0000e+00
      21422    892.535    128.133    129.000    10.4568    10.4563   3.885729   3.885743     1.7167     1.4087      18.12   24.73560  -80.62334   -0.00036   -0.00030     2.6626     2.6820    10.4414    10.4409    35.2794    35.2800    27.0933    27.0939    1529.62    115.775    116.617         33 0.0000e+00
      21455    893.922    129.126    130.000    10.4561    10.4565   3.885701   3.885802     1.7163     1.4081      17.21   24.73560  -80.62334   -0.00029   -0.00025     2.6619     2.6807    10.4405    10.4410    35.2794    35.2799    27.0935    27.0938    1529.34    115.746    116.561         33 0.0000e+00
      21500    895.786    130.119    131.000    10.4595    10.4612   3.886186   3.886439     1.7160     1.4071      15.97   24.73558  -80.62334   -0.00024   -0.00049     2.6611     2.6776    10.4438    10.4455    35.2798    35.2803    27.0932    27.0934    1529.06    115.708    116.426         53 0.0000e+00
      25428   1059.447    133.098    134.000    10.4571    10.4549   3.885376   3.885129     1.7108     1.4016      12.33   24.73751  -80.62961    0.00014   -0.00003     2.6484     2.6633    10.4411    10.4389    35.2736    35.2731    27.0890    27.0890    1527.75    115.159    115.804         51 0.0000e+00
      25514   1063.062    132.105    133.000    10.4589    10.4517   3.885187   3.884478     1.7107     1.4019      13.30   24.73558  -80.62332    0.00002    0.00008     2.6478     2.6642    10.4431    10.4358    35.2700    35.2699    27.0857    27.0869    1527.63    115.134    115.846         70 0.0000e+00
      25603   1066.745    131.112    132.000    10.4517    10.4514   3.884512   3.884454     1.7105     1.4019      14.29   24.73558  -80.62332   -0.00003    0.00002     2.6476     2.6639    10.4360    10.4356    35.2706    35.2704    27.0874    27.0873    1527.63    115.125    115.831         69 0.0000e+00
      25664   1069.301    130.119    131.000    10.4534    10.4535   3.884991   3.885016     1.7108     1.4024      15.14   24.73558  -80.62332    0.00003    0.00002     2.6478     2.6646    10.4377    10.4378    35.2709    35.2709    27.0874    27.0874    1527.63    115.134    115.863         52 0.0000e+00
      25717   1071.515    129.126    130.000    10.4556    10.4589   3.884867   3.885110     1.7112     1.4028      16.13   24.73558  -80.62332    0.00020    0.00026     2.6484     2.6651    10.4400    10.4434    35.2714    35.2706    27.0874    27.0862    1527.63    115.160    115.884         51 0.0000e+00
      25763   1073.402    128.133    129.000    10.4624    10.4744   3.885467   3.886827     1.7110     1.4029      17.07   24.73556  -80.62332    0.00007    0.00012     2.6473     2.6643    10.4470    10.4590    35.2713    35.2720    27.0861    27.0845    1527.63    115.109    115.849         40 0.0000e+00
      25800   1074.945    127.140    128.000    10.4818    10.4856   3.887474   3.887785     1.7116     1.4029      17.88   24.73556  -80.62332    0.00004    0.00007     2.6472     2.6632    10.4665    10.4703    35.2728    35.2714    27.0838    27.0820    1527.63    115.106    115.801         34 0.0000e+00
      25834   1076.374    126.147    127.000    10.4823    10.4789   3.887988   3.887190     1.7119     1.4035      18.95   24.73556  -80.62332    0.00025    0.00011     2.6474     2.6649    10.4672    10.4637    35.2738    35.2726    27.0844    27.0841    1527.63    115.115    115.876         33 0.0000e+00
      25868   1077.800    125.154    126.000    10.4858    10.4806   3.887735   3.887278     1.7121     1.4040      19.86   24.73556  -80.62332    0.00021    0.00030     2.6475     2.6659    10.4707    10.4656    35.2730    35.2734    27.0832    27.0844    1527.63    115.118    115.921         34 0.0000e+00
      25904   1079.281    124.161    125.000    10.4813    10.4779   3.887212   3.886989     1.7125     1.4042      20.89   24.73556  -80.62332    0.00016    0.00028     2.6485     2.6663    10.4663    10.4629    35.2742    35.2736    27.0848    27.0850    1527.63    115.162    115.939         36 0.0000e+00
      25939   1080.759    123.168    124.000    10.4709    10.4741   3.886249   3.886617     1.7128     1.4040      21.86   24.73556  -80.62332    0.00023    0.00007     2.6496     2.6656    10.4560    10.4593    35.2733    35.2739    27.0860    27.0859    1527.63    115.210    115.906         35 0.0000e+00
      25974   1082.191    122.175    123.000    10.4709    10.4713   3.886204   3.886259     1.7127     1.4040      22.85   24.73556  -80.62332    0.00013   -0.00007     2.6492     2.6655    10.4563    10.4566    35.2733    35.2735    27.0859    27.0860    1527.63    115.191    115.903         34 0.0000e+00
      26008   1083.630    121.182    122.000    10.4700    10.4728   3.886139   3.886339     1.7126     1.4044      23.84   24.73556  -80.62332    0.00001    0.00006     2.6486     2.6663    10.4554    10.4582    35.2740    35.2736    27.0867    27.0859    1527.63    115.165    115.936         35 0.0000e+00
      26044   1085.120    120.189    121.000    10.4837    10.4860   3.887548   3.887694     1.7131     1.4049      24.82   24.73556  -80.62332    0.00003    0.00025     2.6486     2.6665    10.4692    10.4715    35.2754    35.2747    27.0853    27.0844    1527.63    115.167    115.945         36 0.0000e+00
      26080   1086.608    119.196    120.000    10.4916    10.4901   3.888455   3.888076     1.7134     1.4053      25.83   24.73556  -80.62332    0.00020    0.00031     2.6486     2.6670    10.4773    10.4757    35.2774    35.2750    27.0854    27.0839    1527.63    115.166    115.966         36 0.0000e+00
      26114   1088.041    118.203    119.000    10.4987    10.4984   3.889191   3.889011     1.7140     1.4053      26.75   24.73556  -80.62332    0.00029    0.00022     2.6492     2.6662    10.4845    10.4841    35.2784    35.2777    27.0850    27.0845    1527.63    115.195    115.935         33 0.0000e+00
      26148   1089.469    117.210    118.000    10.5063    10.5088   3.889985   3.890169     1.7143     1.4054      27.84   24.73556  -80.62332    0.00034    0.00007     2.6494     2.6654    10.4922    10.4947    35.2796    35.2790    27.0845    27.0836    1527.63    115.202    115.899         35 0.0000e+00
      26184   1090.956    116.217    117.000    10.5102    10.5126   3.890350   3.890532     1.7146     1.4057      28.75   24.73556  -80.62332    0.00028    0.00009     2.6495     2.6656    10.4962    10.4986    35.2800    35.2794    27.0841    27.0833    1527.63    115.208    115.907         37 0.0000e+00
      26220   1092.444    115.224    116.000    10.5162    10.5161   3.890960   3.890785     1.7150     1.4058      29.83   24.73556  -80.62332    0.00020    0.00016     2.6498     2.6656    10.5023    10.5022    35.2807    35.2791    27.0836    27.0824    1527.63    115.220    115.906         35 0.0000e+00
      26254   1093.895    114.231    115.000    10.5401    10.5382   3.893413   3.893242     1.7152     1.4060      30.71   24.73556  -80.62332    0.00019    0.00006     2.6486     2.6641    10.5263    10.5244    35.2829    35.2830    27.0810    27.0815    1527.63    115.167    115.843         34 0.0000e+00
      26289   1095.330    113.238    114.000    10.6361    10.6170   3.904453   3.901473     1.7173     1.4071      31.84   24.73556  -80.62332    0.00051    0.00026     2.6467     2.6617    10.6227    10.6034    35.3015    35.2902    27.0784    27.0732    1527.63    115.087    115.738         35 0.0000e+00
      26324   1096.795    112.245    113.000    10.8275    10.7033   3.925256   3.910971     1.7206     1.4087      32.70   24.73556  -80.62332    0.00143    0.00078     2.6431     2.6607    10.8137    10.6896    35.3269    35.3032    27.0640    27.0678    1527.63    114.932    115.697         36 0.0000e+00
      26360   1098.286    111.252    112.000    11.0072    10.7959   3.945237   3.919186     1.7250     1.4105      33.75   24.73556  -80.62332    0.00232    0.00112     2.6425     2.6600    10.9934    10.7822    35.3543    35.2969    27.0527    27.0462    1527.63    114.904    115.668         35 0.0000e+00
      26394   1099.727    110.259    111.000    11.2465    10.9821   3.971441   3.939873     1.7304     1.4137      34.69   24.73556  -80.62332    0.00304    0.00135     2.6407     2.6490    11.2326    10.9684    35.3861    35.3333    27.0337    27.0408    1527.63    114.830    115.191         34 0.0000e+00
      26428   1101.141    109.265    110.000    11.6898    11.5254   4.017697   4.000053     1.7385     1.4215      35.69   24.73556  -80.62332    0.00397    0.00280     2.6331     2.6444    11.6756    11.5115    35.4197    35.4028    26.9769    26.9948    1527.63    114.506    114.996         34 0.0000e+00
      26463   1102.601    108.272    109.000    11.9623    11.7084   4.054935   4.023464     1.7494     1.4291      36.72   24.73556  -80.62332    0.00581    0.00495     2.6424     2.6538    11.9481    11.6944    35.5258    35.4593    27.0076    27.0043    1527.63    114.906    115.401         36 0.0000e+00
      26498   1104.052    107.280    108.000    12.3881    12.1103   4.100670   4.065263     1.7624     1.4366      37.64   24.73556  -80.62332    0.00764    0.00521     2.6483     2.6511    12.3736    12.0961    35.5670    35.4861    26.9570    26.9482    1527.63    115.168    115.293         31 0.0000e+00
      26533   1105.500    106.286    107.000    12.6366    12.4975   4.128749   4.112150     1.7754     1.4489      38.72   24.73556  -80.62332    0.00869    0.00611     2.6649     2.6595    12.6221    12.4831    35.6035    35.5746    26.9363    26.9412    1527.63    115.895    115.657         39 0.0000e+00
