GOMECC/GOMECC-4/1db/rb2103_0131.cnv
* Sea-Bird SBE 9 Data File:
* FileName = C:\Users\scs.user.rb\CTD\GOMECC4\data\rb2103_0131.hex
* Software Version Seasave V 7.26.7.107
* Temperature SN = 4799
* Conductivity SN = 3860
* Number of Bytes Per Scan = 41
* Number of Voltage Words = 4
* Number of Scans Averaged by the Deck Unit = 1
* NMEA Latitude = 26 53.26 N
* NMEA Longitude = 084 39.99 W
* NMEA UTC (Time) = Sep 18 2021  19:15:07
* NMEA baud rate = 4800
# nquan = 28
# nvalues = 265                         
# units = specified
# name 0 = scan: Scan Count
# name 1 = timeS: Time, Elapsed [seconds]
# name 2 = depSM: Depth [salt water, m]
# name 3 = prDM: Pressure, Digiquartz [db]
# name 4 = t090C: Temperature [ITS-90, deg C]
# name 5 = t190C: Temperature, 2 [ITS-90, deg C]
# name 6 = c0S/m: Conductivity [S/m]
# name 7 = c1S/m: Conductivity, 2 [S/m]
# name 8 = sbeox0V: Oxygen raw, SBE 43 [V]
# name 9 = sbeox1V: Oxygen raw, SBE 43, 2 [V]
# name 10 = altM: Altimeter [m]
# name 11 = latitude: Latitude [deg]
# name 12 = longitude: Longitude [deg]
# name 13 = sbox0dV/dT: Oxygen, SBE 43 [dov/dt]
# name 14 = sbox1dV/dT: Oxygen, SBE 43, 2 [dov/dt]
# name 15 = sbeox0ML/L: Oxygen, SBE 43 [ml/l], WS = 5
# name 16 = sbeox1ML/L: Oxygen, SBE 43, 2 [ml/l], WS = 5
# name 17 = potemp090C: Potential Temperature [ITS-90, deg C]
# name 18 = potemp190C: Potential Temperature, 2 [ITS-90, deg C]
# name 19 = sal00: Salinity, Practical [PSU]
# name 20 = sal11: Salinity, Practical, 2 [PSU]
# name 21 = sigma-é00: Density [sigma-theta, kg/m^3]
# name 22 = sigma-é11: Density, 2 [sigma-theta, kg/m^3]
# name 23 = avgsvCM: Average Sound Velocity [Chen-Millero, m/s], minP = 20, minS = 20
# name 24 = sbox0Mm/Kg: Oxygen, SBE 43 [umol/kg], WS = 5
# name 25 = sbox1Mm/Kg: Oxygen, SBE 43, 2 [umol/kg], WS = 5
# name 26 = nbin: number of scans per bin
# name 27 = flag: flag
# span 0 =      15346,      68348       
# span 1 =    639.362,   2847.783       
# span 2 =      4.967,    222.408       
# span 3 =      5.000,    224.000       
# span 4 =    13.1689,    28.7740       
# span 5 =    13.1741,    28.7754       
# span 6 =   4.194406,   5.785827       
# span 7 =   4.195079,   5.786125       
# span 8 =     1.7462,     3.2162       
# span 9 =     1.4418,     2.7483       
# span 10 =       3.33,     105.71      
# span 11 =   26.68170,   27.03365      
# span 12 =  -85.12487,  -84.01650      
# span 13 =   -0.04139,    0.01366      
# span 14 =   -0.03857,    0.01037      
# span 15 =     2.5965,     4.7436      
# span 16 =     2.6373,     4.7749      
# span 17 =    13.1376,    28.7669      
# span 18 =    13.1427,    28.7683      
# span 19 =    34.8541,    36.6406      
# span 20 =    34.8523,    36.6388      
# span 21 =    22.0872,    26.8983      
# span 22 =    22.0861,    26.8995      
# span 23 =       0.00,    1543.45      
# span 24 =    112.922,    206.877      
# span 25 =    114.700,    208.254      
# span 26 =         30,         70      
# span 27 = 0.0000e+00, 0.0000e+00      
# interval = decibars: 1                
# start_time = Sep 18 2021 19:15:07 [NMEA time, header]
# bad_flag = -9.990e-29
*END*
[from data line 52]
      17951    747.912     56.618     57.000    23.3181    23.3257   5.306536   5.307358     3.0141     2.5743     100.00   26.88738  -84.66616   -0.01144   -0.01235     4.5992     4.6165    23.3062    23.3139    36.3212    36.3211    24.8468    24.8445    1541.47    200.422    201.176         41 0.0000e+00
      18001    750.020     57.611     58.000    23.0861    23.0946   5.280700   5.281437     2.9931     2.5588      87.59   26.88738  -84.66616   -0.01767   -0.01591     4.5760     4.6002    23.0759    23.0827    36.3114    36.3114    24.9065    24.9046    1541.32    199.399    200.453         58 0.0000e+00
      18055    752.231     58.604     59.000    22.8516    22.8539   5.257669   5.257956     2.9723     2.5441     100.01   26.88738  -84.66616   -0.00753   -0.00519     4.5561     4.5887    22.8396    22.8418    36.3279    36.3282    24.9876    24.9872    1541.14    198.514    199.937         48 0.0000e+00
      18103    754.259     59.597     60.000    22.8183    22.8198   5.256688   5.256909     2.9486     2.5247     100.00   26.88736  -84.66616   -0.01124   -0.00870     4.5110     4.5482    22.8060    22.8076    36.3476    36.3480    25.0122    25.0121    1540.98    196.545    198.168         48 0.0000e+00
      18150    756.192     60.591     61.000    22.8104    22.8103   5.258740   5.258837     2.9273     2.5055      81.78   26.88738  -84.66616   -0.01148   -0.00961     4.4686     4.5063    22.7979    22.7979    36.3698    36.3706    25.0314    25.0320    1540.82    194.692    196.335         49 0.0000e+00
      18204    758.440     61.584     62.000    22.8648    22.8620   5.272420   5.272138     2.8969     2.4717     100.96   26.88736  -84.66616   -0.01192   -0.01223     4.3972     4.4221    22.8521    22.8493    36.4317    36.4316    25.0627    25.0635    1540.68    191.575    192.662         51 0.0000e+00
      18244    760.143     62.577     63.000    22.9285    22.9296   5.287524   5.287892     2.8632     2.4388     100.00   26.88736  -84.66616   -0.01608   -0.01752     4.3270     4.3462    22.9156    22.9167    36.4948    36.4967    25.0923    25.0934    1540.53    188.513    189.350         33 0.0000e+00
      18275    761.434     63.570     64.000    22.8171    22.8242   5.273546   5.274066     2.8315     2.4103     100.00   26.88736  -84.66616   -0.02011   -0.01972     4.2768     4.2952    22.8041    22.8111    36.4883    36.4886    25.1196    25.1178    1540.39    186.320    187.124         33 0.0000e+00
      18314    763.039     64.563     65.000    22.6480    22.6535   5.256079   5.256664     2.7941     2.3786     100.00   26.88736  -84.66616   -0.02331   -0.02051     4.2037     4.2269    22.6348    22.6403    36.4793    36.4807    25.1615    25.1610    1540.26    183.128    184.138         44 0.0000e+00
      18354    764.715     65.556     66.000    22.5663    22.5684   5.249888   5.249945     2.7627     2.3486     100.00   26.88736  -84.66616   -0.02222   -0.01960     4.1538     4.1733    22.5530    22.5551    36.5026    36.5013    25.2027    25.2011    1540.11    180.948    181.800         34 0.0000e+00
      18385    766.016     66.549     67.000    22.5232    22.5296   5.250736   5.251377     2.7381     2.3223     100.00   26.88736  -84.66616   -0.01929   -0.01878     4.1175     4.1280    22.5097    22.5161    36.5549    36.5543    25.2549    25.2526    1539.99    179.358    179.816         30 0.0000e+00
      18417    767.343     67.542     68.000    21.9554    21.9574   5.188051   5.187696     2.6857     2.2715     100.00   26.88736  -84.66616   -0.02342   -0.02391     4.0121     4.0129    21.9418    21.9438    36.5218    36.5170    25.3911    25.3869    1539.88    174.743    174.780         33 0.0000e+00
      18451    768.737     68.536     69.000    21.9157    21.9166   5.188221   5.188414     2.6265     2.2158     100.00   26.88736  -84.66616   -0.03476   -0.03364     3.9251     3.9212    21.9020    21.9029    36.5632    36.5640    25.4338    25.4341    1539.68    170.948    170.779         34 0.0000e+00
      18482    770.059     69.528     70.000    21.8892    21.8911   5.186137   5.186453     2.5742     2.1700     100.00   26.88736  -84.66616   -0.04139   -0.03857     3.8196     3.8193    21.8753    21.8773    36.5688    36.5696    25.4456    25.4456    1539.53    166.350    166.337         30 0.0000e+00
      18513    771.338     70.522     71.000    21.7859    21.7902   5.175679   5.176177     2.5399     2.1439     100.00   26.88736  -84.66616   -0.03785   -0.03344     3.7566     3.7674    21.7719    21.7762    36.5728    36.5731    25.4777    25.4767    1539.38    163.601    164.070         31 0.0000e+00
      18545    772.669     71.515     72.000    21.7018    21.7048   5.166788   5.167185     2.5106     2.1214     100.00   26.88736  -84.66616   -0.02936   -0.02357     3.7025     3.7225    21.6876    21.6906    36.5730    36.5736    25.5015    25.5011    1539.24    161.241    162.111         33 0.0000e+00
      18579    774.082     72.508     73.000    21.6187    21.6218   5.158260   5.158655     2.4853     2.0991     100.00   26.88736  -84.66616   -0.02206   -0.01724     3.6565     3.6774    21.6044    21.6075    36.5753    36.5758    25.5265    25.5260    1539.10    159.233    160.145         34 0.0000e+00
      18611    775.432     73.501     74.000    21.5234    21.5272   5.148526   5.148948     2.4622     2.0783     100.00   26.88736  -84.66616   -0.01864   -0.01589     3.6147     3.6357    21.5089    21.5127    36.5783    36.5784    25.5554    25.5544    1538.95    157.409    158.326         32 0.0000e+00
      18644    776.777     74.494     75.000    21.4236    21.4264   5.138062   5.138418     2.4396     2.0555     100.00   26.88736  -84.66616   -0.01713   -0.01602     3.5760     3.5915    21.4090    21.4117    36.5792    36.5797    25.5838    25.5835    1538.82    155.719    156.395         33 0.0000e+00
      18677    778.155     75.487     76.000    21.3644    21.3666   5.132240   5.132522     2.4190     2.0407     100.00   26.88738  -84.66616   -0.01656   -0.01516     3.5376     3.5620    21.3496    21.3518    36.5827    36.5831    25.6030    25.6027    1538.68    154.044    155.106         32 0.0000e+00
      18708    779.445     76.480     77.000    21.2755    21.2804   5.123143   5.123676     2.4036     2.0295     100.00   26.88738  -84.66616   -0.01481   -0.01191     3.5119     3.5422    21.2606    21.2654    36.5852    36.5853    25.6295    25.6283    1538.54    152.920    154.243         30 0.0000e+00
      18740    780.774     77.473     78.000    21.2014    21.2042   5.115185   5.115582     2.3876     2.0140     100.00   26.88738  -84.66616   -0.01276   -0.00996     3.4840     3.5118    21.1863    21.1891    36.5842    36.5850    25.6493    25.6492    1538.40    151.702    152.916         35 0.0000e+00
      18775    782.269     78.466     79.000    21.0316    21.0422   5.096076   5.097175     2.3708     2.0004     100.00   26.88738  -84.66616   -0.01170   -0.01020     3.4606     3.4915    21.0164    21.0270    36.5752    36.5750    25.6892    25.6861    1538.26    150.681    152.027         36 0.0000e+00
      18809    783.654     79.459     80.000    20.8269    20.8351   5.073582   5.074302     2.3504     1.9817     100.00   26.88738  -84.66616   -0.01225   -0.01046     3.4299     3.4595    20.8116    20.8198    36.5670    36.5657    25.7389    25.7357    1538.12    149.335    150.624         30 0.0000e+00
      18865    785.988     81.445     82.000    20.5321    20.5357   5.040946   5.041358     2.2986     1.9299      99.97   26.88055  -84.64467   -0.01819   -0.01861     3.3432     3.3614    20.5166    20.5202    36.5531    36.5534    25.8076    25.8068    1537.44    145.552    146.343         34 0.0000e+00
      18906    787.702     82.438     83.000    20.4571    20.4723   5.033481   5.034366     2.2753     1.9118     100.00   26.88738  -84.66618   -0.01951   -0.01802     3.2995     3.3245    20.4413    20.4575    36.5600    36.5601    25.8341    25.8319    1537.68    143.643    144.734         38 0.0000e+00
      18996    791.478     85.418     86.000    20.1264    20.1290   4.997173   4.997585     2.2213     1.8645      99.98   26.88309  -84.65267   -0.01402   -0.01244     3.2067     3.2353    20.1103    20.1129    36.5456    36.5467    25.9113    25.9115    1537.00    139.595    140.836         34 0.0000e+00
      19035    793.083     86.410     87.000    20.0845    20.0848   4.992732   4.992860     2.2079     1.8536     100.00   26.88738  -84.66618   -0.01207   -0.01054     3.1812     3.2128    20.0682    20.0686    36.5471    36.5479    25.9243    25.9248    1537.11    138.482    139.857         36 0.0000e+00
      19068    794.456     87.403     88.000    20.0449    20.0509   4.988167   4.988957     2.1981     1.8460     100.00   26.88738  -84.66617   -0.00944   -0.00770     3.1631     3.1974    20.0285    20.0345    36.5435    36.5448    25.9321    25.9315    1536.97    137.694    139.186         31 0.0000e+00
      19100    795.779     88.396     89.000    20.0229    20.0254   4.985633   4.986019     2.1915     1.8405     100.00   26.88738  -84.66616   -0.00717   -0.00562     3.1513     3.1864    20.0064    20.0088    36.5414    36.5424    25.9363    25.9365    1536.83    137.178    138.705         32 0.0000e+00
      19132    797.129     89.390     90.000    19.9688    19.9719   4.979483   4.979898     2.1850     1.8355     100.00   26.88738  -84.66616   -0.00550   -0.00441     3.1405     3.1781    19.9521    19.9551    36.5374    36.5381    25.9477    25.9475    1536.69    136.710    138.344         33 0.0000e+00
      19164    798.438     90.382     91.000    19.9240    19.9253   4.974981   4.975231     2.1779     1.8281     100.00   26.88738  -84.66616   -0.00497   -0.00421     3.1284     3.1640    19.9071    19.9084    36.5388    36.5397    25.9608    25.9611    1536.55    136.181    137.727         31 0.0000e+00
      19195    799.752     91.375     92.000    19.9055    19.9067   4.973660   4.973896     2.1705     1.8214     100.00   26.88738  -84.66616   -0.00527   -0.00503     3.1173     3.1515    19.8884    19.8896    36.5437    36.5446    25.9695    25.9698    1536.43    135.693    137.182         32 0.0000e+00
      19229    801.169     92.368     93.000    19.8243    19.8266   4.965516   4.965731     2.1612     1.8138     100.00   26.88738  -84.66618   -0.00580   -0.00524     3.0992     3.1363    19.8071    19.8094    36.5467    36.5464    25.9932    25.9924    1536.29    134.902    136.521         35 0.0000e+00
      19263    802.589     93.361     94.000    19.7950    19.7978   4.965247   4.965579     2.1527     1.8046     100.00   26.88738  -84.66618   -0.00632   -0.00564     3.0828     3.1165    19.7777    19.7804    36.5696    36.5700    26.0185    26.0181    1536.16    134.188    135.654         32 0.0000e+00
      19294    803.861     94.354     95.000    19.7649    19.7657   4.962353   4.962512     2.1516     1.8034     100.00   26.88738  -84.66618   -0.00517   -0.00517     3.0822     3.1158    19.7474    19.7481    36.5716    36.5723    26.0281    26.0284    1536.03    134.158    135.621         30 0.0000e+00
      19324    805.136     95.347     96.000    19.6561    19.6639   4.949658   4.950537     2.1502     1.8035     100.00   26.88738  -84.66618   -0.00240   -0.00242     3.0868     3.1226    19.6384    19.6463    36.5610    36.5614    26.0487    26.0469    1535.91    134.358    135.917         32 0.0000e+00
      19359    806.575     96.340     97.000    19.5675    19.5696   4.939406   4.939744     2.1440     1.7979      96.04   26.88738  -84.66618   -0.00178   -0.00107     3.0794     3.1153    19.5497    19.5518    36.5529    36.5538    26.0658    26.0659    1535.78    134.033    135.594         36 0.0000e+00
      19392    807.959     97.333     98.000    19.5076    19.5139   4.932402   4.933089     2.1371     1.7917      84.72   26.88738  -84.66618   -0.00386   -0.00323     3.0687     3.1043    19.4896    19.4960    36.5467    36.5468    26.0767    26.0752    1535.66    133.564    135.114         31 0.0000e+00
      19422    809.217     98.326     99.000    19.4257    19.4277   4.923478   4.923758     2.1305     1.7860      99.61   26.88738  -84.66618   -0.00489   -0.00451     3.0599     3.0963    19.4076    19.4097    36.5437    36.5442    26.0959    26.0958    1535.53    133.178    134.766         31 0.0000e+00
      19456    810.629     99.319    100.000    19.3170    19.3255   4.910932   4.911839     2.1226     1.7781      94.35   26.88738  -84.66618   -0.00523   -0.00461     3.0499     3.0840    19.2988    19.3073    36.5339    36.5339    26.1167    26.1146    1535.41    132.741    134.228         36 0.0000e+00
      19491    812.080    100.312    101.000    19.1547    19.1629   4.892516   4.893388     2.1130     1.7678     100.07   26.88738  -84.66618   -0.00578   -0.00579     3.0412     3.0714    19.1365    19.1447    36.5219    36.5220    26.1497    26.1477    1535.29    132.361    133.674         32 0.0000e+00
      19547    814.431    102.298    103.000    18.8946    18.8957   4.860964   4.861157     2.0939     1.7496      96.06   26.88235  -84.65034   -0.00719   -0.00696     3.0152     3.0427    18.8762    18.8772    36.4833    36.4838    26.1868    26.1870    1534.73    131.220    132.419         33 0.0000e+00
      19586    816.056    103.291    104.000    18.8688    18.8719   4.858437   4.858846     2.0820     1.7383      99.98   26.88740  -84.66620   -0.00778   -0.00748     2.9907     3.0169    18.8502    18.8533    36.4859    36.4866    26.1959    26.1956    1534.89    130.155    131.297         38 0.0000e+00
      19622    817.539    104.284    105.000    18.8066    18.8096   4.851173   4.851569     2.0730     1.7304     100.00   26.88740  -84.66620   -0.00758   -0.00745     2.9750     3.0022    18.7878    18.7909    36.4791    36.4797    26.2067    26.2064    1534.76    129.472    130.654         32 0.0000e+00
      19682    820.030    106.270    107.000    18.7038    18.7063   4.839113   4.839418     2.0582     1.7199      77.74   26.88703  -84.66504   -0.00587   -0.00407     2.9495     2.9835    18.6848    18.6873    36.4670    36.4674    26.2236    26.2233    1534.48    128.360    129.840         31 0.0000e+00
      19715    821.422    107.263    108.000    18.6364    18.6408   4.831250   4.831748     2.0506     1.7121      99.75   26.88740  -84.66620   -0.00585   -0.00467     2.9370     2.9695    18.6152    18.6219    36.4616    36.4619    26.2373    26.2364    1534.38    127.812    129.227         36 0.0000e+00
      19751    822.908    108.256    109.000    18.5663    18.5693   4.823714   4.824048     2.0428     1.7071     100.00   26.88740  -84.66620   -0.00563   -0.00489     2.9246     2.9611    18.5471    18.5500    36.4575    36.4577    26.2514    26.2509    1534.26    127.270    128.862         34 0.0000e+00
      19784    824.275    109.249    110.000    18.5190    18.5215   4.818658   4.818946     2.0386     1.7045     100.00   26.88740  -84.66620   -0.00485   -0.00381     2.9186     2.9582    18.4996    18.5021    36.4560    36.4563    26.2624    26.2619    1534.14    127.009    128.730         31 0.0000e+00
      19814    825.534    110.241    111.000    18.4801    18.4824   4.814749   4.815033     2.0370     1.7042     100.00   26.88740  -84.66620   -0.00330   -0.00207     2.9176     2.9598    18.4605    18.4628    36.4570    36.4573    26.2730    26.2727    1534.02    126.966    128.800         31 0.0000e+00
      19845    826.852    111.234    112.000    18.4378    18.4414   4.810212   4.810623     2.0380     1.7063     100.00   26.88740  -84.66620   -0.00131   -0.00030     2.9228     2.9676    18.4181    18.4217    36.4554    36.4557    26.2825    26.2818    1533.89    127.190    129.139         33 0.0000e+00
