GOMECC/GOMECC-4/1db/rb2103_0471.ros
* Sea-Bird SBE 9 Data File:
* FileName = C:\Users\scs.user.rb\CTD\GOMECC4\data\rb2103_0471.hex
* Software Version Seasave V 7.26.7.107
* Temperature SN = 4799
* Conductivity SN = 3860
* Number of Bytes Per Scan = 41
* Number of Voltage Words = 4
* Number of Scans Averaged by the Deck Unit = 1
* NMEA Latitude = 28 52.63 N
* NMEA Longitude = 090 26.77 W
* NMEA UTC (Time) = Sep 26 2021  15:48:23
* NMEA baud rate = 4800
# nquan = 17
# nvalues = 931                                   
# units = specified
# name 0 = scan: Scan Count
# name 1 = timeS: Time, Elapsed [seconds]
# name 2 = depSM: Depth [salt water, m]
# name 3 = prDM: Pressure, Digiquartz [db]
# name 4 = t090C: Temperature [ITS-90, deg C]
# name 5 = t190C: Temperature, 2 [ITS-90, deg C]
# name 6 = c0S/m: Conductivity [S/m]
# name 7 = c1S/m: Conductivity, 2 [S/m]
# name 8 = sbeox0V: Oxygen raw, SBE 43 [V]
# name 9 = sbeox1V: Oxygen raw, SBE 43, 2 [V]
# name 10 = altM: Altimeter [m]
# name 11 = latitude: Latitude [deg]
# name 12 = longitude: Longitude [deg]
# name 13 = sbox0dV/dT: Oxygen, SBE 43 [dov/dt]
# name 14 = sbox1dV/dT: Oxygen, SBE 43, 2 [dov/dt]
# name 15 = nbf: Bottles Fired
# name 16 = flag:  0.000e+00
# interval = seconds: 0.0416667
# start_time = Sep 26 2021 15:48:23 [NMEA time, header]
# bad_flag = -9.990e-29
*END*
[from data line 256]
      11251    468.750     16.521     16.633    27.9488    28.0039   4.789135   4.826650     2.2906     1.8388       4.13   28.87742  -90.44648   -0.01901   -0.03990          2  0.000e+00
      11252    468.792     16.498     16.610    27.9488    28.0083   4.788713   4.827812     2.2906     1.8425       4.13   28.87742  -90.44648   -0.01968   -0.03946          2  0.000e+00
      11253    468.833     16.445     16.557    27.9488    28.0101   4.788167   4.828263     2.2918     1.8462       4.13   28.87742  -90.44648   -0.02030   -0.03893          2  0.000e+00
      11254    468.875     16.521     16.633    27.9488    28.0084   4.787963   4.828093     2.2930     1.8486       4.13   28.87742  -90.44648   -0.02086   -0.03832          2  0.000e+00
      11255    468.917     16.498     16.610    27.9487    28.0064   4.787978   4.827945     2.2955     1.8523       4.13   28.87742  -90.44648   -0.02136   -0.03764          2  0.000e+00
      11256    468.958     16.498     16.610    27.9486    28.0047   4.788109   4.827923     2.2967     1.8559       4.13   28.87742  -90.44648   -0.02182   -0.03688          2  0.000e+00
      11257    469.000     16.521     16.633    27.9484    28.0038   4.788422   4.828012     2.2979     1.8596       4.13   28.87742  -90.44648   -0.02221   -0.03603          2  0.000e+00
      11258    469.042     16.445     16.557    27.9490    28.0058   4.788669   4.828685     2.3004     1.8620       4.13   28.87742  -90.44648   -0.02252   -0.03511          2  0.000e+00
      11259    469.083     16.498     16.610    27.9486    28.0086   4.788626   4.829537     2.3016     1.8645       4.13   28.87742  -90.44648   -0.02280   -0.03414          2  0.000e+00
      11260    469.125     16.521     16.633    27.9491    28.0134   4.788597   4.830210     2.3028     1.8681       4.13   28.87742  -90.44648   -0.02302   -0.03308          2  0.000e+00
      13458    560.708      9.353      9.416    26.6103    26.6288   4.207051   4.212150     3.4078     2.9109      10.92   28.87746  -90.44652   -0.00146   -0.00800          3  0.000e+00
      13459    560.750      9.897      9.964    26.6111    26.6307   4.207307   4.212200     3.4078     2.9109      10.89   28.87746  -90.44652   -0.00142   -0.00794          3  0.000e+00
      13460    560.792      9.912      9.979    26.6130    26.6296   4.207749   4.212396     3.4078     2.9109      10.89   28.87746  -90.44652   -0.00138   -0.00786          3  0.000e+00
      13461    560.833      9.783      9.850    26.6134    26.6285   4.207977   4.212613     3.4078     2.9109      10.89   28.87746  -90.44652   -0.00135   -0.00778          3  0.000e+00
      13462    560.875      9.685      9.751    26.6135    26.6297   4.207901   4.212438     3.4078     2.9109      10.89   28.87746  -90.44652   -0.00133   -0.00769          3  0.000e+00
      13463    560.917      9.783      9.850    26.6125    26.6261   4.207542   4.211514     3.4066     2.9109      10.89   28.87746  -90.44652   -0.00133   -0.00759          3  0.000e+00
      13464    560.958      9.859      9.926    26.6092    26.6118   4.206990   4.209863     3.4078     2.9121      10.89   28.87746  -90.44652   -0.00132   -0.00748          3  0.000e+00
      13465    561.000      9.723      9.789    26.6067    26.6142   4.206796   4.209772     3.4078     2.9133      10.89   28.87746  -90.44652   -0.00131   -0.00734          3  0.000e+00
      13466    561.042      9.798      9.865    26.6067    26.6177   4.206769   4.209667     3.4066     2.9133      10.89   28.87746  -90.44652   -0.00132   -0.00719          3  0.000e+00
      13467    561.083      9.836      9.903    26.6080    26.6175   4.206803   4.209597     3.4078     2.9133      10.89   28.87746  -90.44652   -0.00132   -0.00703          3  0.000e+00
      13468    561.125      9.746      9.812    26.6084    26.6215   4.206596   4.210199     3.4066     2.9145      10.89   28.87746  -90.44652   -0.00133   -0.00686          3  0.000e+00
      13469    561.167      9.836      9.903    26.6056    26.6243   4.206237   4.210401     3.4066     2.9145      10.89   28.87746  -90.44652   -0.00137   -0.00668          3  0.000e+00
      13470    561.208      9.746      9.812    26.6042    26.6254   4.206023   4.210506     3.4066     2.9145      10.89   28.87746  -90.44652   -0.00141   -0.00651          3  0.000e+00
      13471    561.250      9.897      9.964    26.6034    26.6263   4.205885   4.211010     3.4078     2.9158      10.89   28.87746  -90.44652   -0.00143   -0.00632          3  0.000e+00
      13472    561.292      9.798      9.865    26.6026    26.6243   4.205644   4.211052     3.4066     2.9158      10.89   28.87746  -90.44652   -0.00147   -0.00613          3  0.000e+00
      13473    561.333      9.836      9.903    26.6009    26.6206   4.205368   4.210604     3.4066     2.9158      10.89   28.87746  -90.44652   -0.00150   -0.00594          3  0.000e+00
      13474    561.375      9.798      9.865    26.6000    26.6186   4.205209   4.210094     3.4066     2.9170      10.89   28.87746  -90.44652   -0.00156   -0.00574          3  0.000e+00
      13475    561.417      9.836      9.903    26.6004    26.6263   4.205112   4.210317     3.4066     2.9170      10.92   28.87746  -90.44652   -0.00160   -0.00555          3  0.000e+00
      13476    561.458      9.859      9.926    26.5998    26.6338   4.204878   4.210898     3.4066     2.9182      10.89   28.87746  -90.44652   -0.00166   -0.00533          3  0.000e+00
      13477    561.500      9.783      9.850    26.5987    26.6301   4.204581   4.210947     3.4066     2.9182      10.89   28.87746  -90.44652   -0.00171   -0.00513          3  0.000e+00
      13478    561.542      9.798      9.865    26.5976    26.6270   4.204464   4.210688     3.4066     2.9182      10.89   28.87746  -90.44652   -0.00177   -0.00494          3  0.000e+00
      13479    561.583      9.897      9.964    26.5980    26.6248   4.204629   4.210394     3.4066     2.9194      10.92   28.87746  -90.44652   -0.00184   -0.00474          3  0.000e+00
      13480    561.625      9.798      9.865    26.6007    26.6243   4.204974   4.210129     3.4066     2.9194      10.92   28.87746  -90.44652   -0.00190   -0.00455          3  0.000e+00
      13481    561.667      9.836      9.903    26.6016    26.6224   4.205278   4.209744     3.4066     2.9194      10.87   28.87746  -90.44652   -0.00196   -0.00436          3  0.000e+00
      13482    561.708      9.798      9.865    26.6020    26.6202   4.205409   4.209170     3.4078     2.9206      10.87   28.87746  -90.44652   -0.00201   -0.00416          3  0.000e+00
      13483    561.750      9.836      9.903    26.6016    26.6180   4.205485   4.208659     3.4066     2.9206      10.84   28.87746  -90.44652   -0.00207   -0.00398          3  0.000e+00
      13484    561.792      9.798      9.865    26.6011    26.6160   4.205630   4.208184     3.4066     2.9206      10.84   28.87746  -90.44652   -0.00214   -0.00381          3  0.000e+00
      13485    561.833      9.783      9.850    26.6013    26.6142   4.205651   4.207708     3.4078     2.9206      10.87   28.87746  -90.44652   -0.00220   -0.00366          3  0.000e+00
      13486    561.875      9.859      9.926    26.6004    26.6133   4.205278   4.207400     3.4078     2.9219      10.87   28.87746  -90.44652   -0.00226   -0.00350          3  0.000e+00
      13487    561.917      9.783      9.850    26.5985    26.6131   4.204788   4.207428     3.4078     2.9219      10.87   28.87746  -90.44652   -0.00231   -0.00335          3  0.000e+00
      13488    561.958      9.798      9.865    26.5975    26.6127   4.204353   4.207561     3.4078     2.9231      10.84   28.87746  -90.44652   -0.00234   -0.00318          3  0.000e+00
      13489    562.000      9.783      9.850    26.5966    26.6122   4.204208   4.207491     3.4078     2.9231      10.84   28.87746  -90.44652   -0.00239   -0.00304          3  0.000e+00
      13490    562.042      9.798      9.865    26.5969    26.6113   4.204263   4.207205     3.4078     2.9243      10.84   28.87746  -90.44652   -0.00244   -0.00287          3  0.000e+00
      13491    562.083      9.783      9.850    26.5967    26.6104   4.204353   4.206904     3.4078     2.9243      10.87   28.87746  -90.44652   -0.00249   -0.00273          3  0.000e+00
      13492    562.125      9.798      9.865    26.5967    26.6086   4.204443   4.206617     3.4090     2.9243      10.87   28.87746  -90.44652   -0.00250   -0.00258          3  0.000e+00
      13493    562.167      9.783      9.850    26.5964    26.6067   4.204401   4.206463     3.4090     2.9243      10.84   28.87746  -90.44652   -0.00251   -0.00243          3  0.000e+00
      13494    562.208      9.746      9.812    26.5960    26.6062   4.204388   4.206400     3.4090     2.9243      10.84   28.87746  -90.44652   -0.00252   -0.00230          3  0.000e+00
      13495    562.250      9.783      9.850    26.5966    26.6067   4.204298   4.206477     3.4090     2.9255      10.84   28.87746  -90.44652   -0.00252   -0.00215          3  0.000e+00
      13496    562.292      9.746      9.812    26.5944    26.6066   4.203760   4.206533     3.4090     2.9255      10.84   28.87746  -90.44652   -0.00253   -0.00200          3  0.000e+00
      13497    562.333      9.723      9.789    26.5904    26.6071   4.203090   4.206484     3.4103     2.9243      10.87   28.87746  -90.44652   -0.00252   -0.00187          3  0.000e+00
      13498    562.375      9.798      9.865    26.5866    26.6077   4.202628   4.206554     3.4090     2.9243      10.84   28.87746  -90.44652   -0.00252   -0.00174          3  0.000e+00
      13499    562.417      9.723      9.789    26.5867    26.6077   4.202663   4.206659     3.4103     2.9255      10.87   28.87746  -90.44652   -0.00252   -0.00159          3  0.000e+00
      13500    562.458      9.579      9.644    26.5841    26.6078   4.202545   4.206820     3.4103     2.9243      10.87   28.87746  -90.44652   -0.00252   -0.00145          3  0.000e+00
      13501    562.500      9.836      9.903    26.5811    26.6075   4.202159   4.206785     3.4115     2.9243      10.84   28.87746  -90.44652   -0.00249   -0.00132          3  0.000e+00
      13502    562.542      9.723      9.789    26.5804    26.6058   4.201835   4.206512     3.4115     2.9243      10.87   28.87746  -90.44652   -0.00247   -0.00120          3  0.000e+00
      13503    562.583      9.685      9.751    26.5795    26.6031   4.201704   4.206323     3.4103     2.9243      10.84   28.87746  -90.44652   -0.00245   -0.00109          3  0.000e+00
      13504    562.625      9.670      9.736    26.5802    26.6022   4.201828   4.206204     3.4115     2.9231      10.87   28.87746  -90.44652   -0.00243   -0.00099          3  0.000e+00
      13505    562.667      9.745      9.812    26.5826    26.6020   4.202173   4.206183     3.4115     2.9231      10.87   28.87746  -90.44652   -0.00239   -0.00089          3  0.000e+00
      13506    562.708      9.670      9.736    26.5862    26.6036   4.202649   4.206148     3.4115     2.9219      10.92   28.87746  -90.44652   -0.00236   -0.00081          3  0.000e+00
      13507    562.750      9.632      9.698    26.5877    26.6042   4.202973   4.206078     3.4115     2.9219      10.94   28.87746  -90.44652   -0.00232   -0.00073          3  0.000e+00
      13508    562.792      9.670      9.736    26.5888    26.6040   4.203166   4.206065     3.4115     2.9206      10.94   28.87746  -90.44652   -0.00228   -0.00066          3  0.000e+00
      13509    562.833      9.632      9.698    26.5906    26.6036   4.203332   4.206092     3.4103     2.9206      10.94   28.87746  -90.44652   -0.00226   -0.00059          3  0.000e+00
      13510    562.875      9.670      9.736    26.5911    26.6023   4.203470   4.206079     3.4115     2.9206      10.94   28.87746  -90.44652   -0.00221   -0.00053          3  0.000e+00
      13511    562.917      9.632      9.698    26.5915    26.6009   4.203484   4.206016     3.4115     2.9194      10.94   28.87746  -90.44652   -0.00217   -0.00046          3  0.000e+00
      13512    562.958      9.617      9.682    26.5911    26.6002   4.203470   4.206051     3.4115     2.9194      10.94   28.87746  -90.44652   -0.00213   -0.00040          3  0.000e+00
      13513    563.000      9.632      9.698    26.5913    26.5996   4.203394   4.206037     3.4115     2.9182      10.94   28.87746  -90.44652   -0.00209   -0.00037          3  0.000e+00
      13514    563.042      9.557      9.622    26.5909    26.5994   4.203332   4.206009     3.4115     2.9182      10.92   28.87746  -90.44652   -0.00204   -0.00031          3  0.000e+00
      13515    563.083      9.632      9.698    26.5906    26.5985   4.203304   4.205918     3.4115     2.9182      10.94   28.87746  -90.44652   -0.00198   -0.00025          3  0.000e+00
      13516    563.125      9.557      9.621    26.5902    26.5981   4.203208   4.205834     3.4115     2.9194      10.92   28.87746  -90.44652   -0.00194   -0.00017          3  0.000e+00
      13517    563.167      9.579      9.644    26.5902    26.5991   4.202828   4.205953     3.4127     2.9194      10.92   28.87746  -90.44652   -0.00185   -0.00009          3  0.000e+00
      13518    563.208      9.557      9.621    26.5904    26.6003   4.202869   4.206211     3.4115     2.9182      10.92   28.87746  -90.44652   -0.00179   -0.00003          3  0.000e+00
      13519    563.250      9.632      9.698    26.5907    26.6013   4.203152   4.206533     3.4115     2.9182      10.92   28.87746  -90.44652   -0.00172    0.00004          3  0.000e+00
      13520    563.292      9.504      9.568    26.5909    26.6016   4.202994   4.206834     3.4115     2.9182      10.94   28.87746  -90.44652   -0.00164    0.00011          3  0.000e+00
      13521    563.333      9.519      9.583    26.5917    26.6031   4.203070   4.207233     3.4115     2.9182      10.92   28.87746  -90.44652   -0.00155    0.00019          3  0.000e+00
      13522    563.375      9.504      9.568    26.5920    26.6027   4.203656   4.207778     3.4115     2.9182      10.92   28.87746  -90.44652   -0.00146    0.00028          3  0.000e+00
      13523    563.417      9.579      9.644    26.5935    26.6034   4.204229   4.208555     3.4115     2.9182      10.92   28.87746  -90.44652   -0.00136    0.00038          3  0.000e+00
      13524    563.458      9.504      9.568    26.5944    26.6056   4.204753   4.209555     3.4115     2.9194      10.92   28.87746  -90.44652   -0.00125    0.00049          3  0.000e+00
      13525    563.500      9.519      9.583    26.5951    26.6093   4.204933   4.210688     3.4115     2.9194      10.92   28.87746  -90.44652   -0.00114    0.00061          3  0.000e+00
      13526    563.542      9.504      9.568    26.5955    26.6190   4.204822   4.212382     3.4115     2.9194      10.94   28.87746  -90.44652   -0.00103    0.00072          3  0.000e+00
      13527    563.583      9.466      9.530    26.5960    26.6228   4.204905   4.214810     3.4115     2.9194      10.92   28.87746  -90.44652   -0.00091    0.00084          3  0.000e+00
      13528    563.625      9.504      9.568    26.5966    26.6305   4.205312   4.216721     3.4103     2.9194      10.94   28.87746  -90.44652   -0.00081    0.00095          3  0.000e+00
      13529    563.667      9.466      9.530    26.5980    26.6305   4.205858   4.216777     3.4115     2.9194      10.96   28.87746  -90.44652   -0.00070    0.00107          3  0.000e+00
      13530    563.708      9.443      9.507    26.5995    26.6266   4.206334   4.215839     3.4115     2.9194      11.04   28.87746  -90.44652   -0.00058    0.00118          3  0.000e+00
      13531    563.750      9.466      9.530    26.6002    26.6237   4.206672   4.214999     3.4115     2.9194      11.04   28.87746  -90.44652   -0.00046    0.00129          3  0.000e+00
