GOMECC/GOMECC-4/1db/rb2103_0171.ros
* Sea-Bird SBE 9 Data File:
* FileName = C:\Users\scs.user.rb\CTD\GOMECC4\data\rb2103_0171.hex
* Software Version Seasave V 7.26.7.107
* Temperature SN = 4799
* Conductivity SN = 3860
* Number of Bytes Per Scan = 41
* Number of Voltage Words = 4
* Number of Scans Averaged by the Deck Unit = 1
* NMEA Latitude = 27 46.70 N
* NMEA Longitude = 083 19.94 W
* NMEA UTC (Time) = Sep 19 2021  10:40:02
* NMEA baud rate = 4800
# nquan = 17
# nvalues = 532                                   
# units = specified
# name 0 = scan: Scan Count
# name 1 = timeS: Time, Elapsed [seconds]
# name 2 = depSM: Depth [salt water, m]
# name 3 = prDM: Pressure, Digiquartz [db]
# name 4 = t090C: Temperature [ITS-90, deg C]
# name 5 = t190C: Temperature, 2 [ITS-90, deg C]
# name 6 = c0S/m: Conductivity [S/m]
# name 7 = c1S/m: Conductivity, 2 [S/m]
# name 8 = sbeox0V: Oxygen raw, SBE 43 [V]
# name 9 = sbeox1V: Oxygen raw, SBE 43, 2 [V]
# name 10 = altM: Altimeter [m]
# name 11 = latitude: Latitude [deg]
# name 12 = longitude: Longitude [deg]
# name 13 = sbox0dV/dT: Oxygen, SBE 43 [dov/dt]
# name 14 = sbox1dV/dT: Oxygen, SBE 43, 2 [dov/dt]
# name 15 = nbf: Bottles Fired
# name 16 = flag:  0.000e+00
# interval = seconds: 0.0416667
# start_time = Sep 19 2021 10:40:02 [NMEA time, header]
# bad_flag = -9.990e-29
*END*
[from data line 426]
      18128    755.292      3.564      3.588    29.3523    29.3579   5.924674   5.925733     3.1233     2.6496      27.67   27.77824  -83.33234    0.00022    0.00088          4  0.000e+00
      18129    755.333      3.564      3.588    29.3523    29.3578   5.924627   5.925782     3.1233     2.6496      27.67   27.77824  -83.33234    0.00023    0.00083          4  0.000e+00
      18130    755.375      3.609      3.634    29.3523    29.3580   5.924571   5.925765     3.1233     2.6496      27.67   27.77824  -83.33234    0.00022    0.00078          4  0.000e+00
      18131    755.417      3.625      3.649    29.3523    29.3577   5.924635   5.925757     3.1233     2.6484      27.67   27.77824  -83.33234    0.00021    0.00071          4  0.000e+00
      18132    755.458      3.549      3.573    29.3521    29.3580   5.924619   5.925757     3.1245     2.6484      27.67   27.77824  -83.33234    0.00021    0.00064          4  0.000e+00
      18133    755.500      3.625      3.649    29.3523    29.3579   5.924611   5.925830     3.1233     2.6484      27.67   27.77824  -83.33234    0.00022    0.00057          4  0.000e+00
      18134    755.542      3.625      3.649    29.3521    29.3580   5.924571   5.925814     3.1233     2.6484      27.67   27.77824  -83.33234    0.00020    0.00050          4  0.000e+00
      18135    755.583      3.609      3.634    29.3523    29.3577   5.924563   5.925806     3.1233     2.6484      27.67   27.77824  -83.33234    0.00020    0.00043          4  0.000e+00
      18136    755.625      3.564      3.588    29.3521    29.3581   5.924603   5.925765     3.1233     2.6484      27.67   27.77824  -83.33234    0.00021    0.00035          4  0.000e+00
      18137    755.667      3.609      3.634    29.3521    29.3577   5.924571   5.925790     3.1233     2.6484      27.67   27.77824  -83.33234    0.00021    0.00028          4  0.000e+00
      18138    755.708      3.625      3.649    29.3521    29.3578   5.924595   5.925765     3.1233     2.6484      27.67   27.77824  -83.33234    0.00020    0.00023          4  0.000e+00
      18139    755.750      3.625      3.649    29.3523    29.3576   5.924571   5.925757     3.1233     2.6484      27.69   27.77824  -83.33234    0.00020    0.00017          4  0.000e+00
      18140    755.792      3.609      3.634    29.3523    29.3577   5.924603   5.925757     3.1233     2.6484      27.69   27.77824  -83.33234    0.00022    0.00012          4  0.000e+00
      18141    755.833      3.625      3.649    29.3523    29.3574   5.924571   5.925717     3.1221     2.6484      27.69   27.77824  -83.33234    0.00021    0.00008          4  0.000e+00
      18142    755.875      3.609      3.634    29.3525    29.3577   5.924603   5.925741     3.1221     2.6484      27.69   27.77824  -83.33234    0.00021    0.00004          4  0.000e+00
      18143    755.917      3.625      3.649    29.3521    29.3576   5.924611   5.925757     3.1221     2.6496      27.69   27.77824  -83.33234    0.00020    0.00002          4  0.000e+00
      18144    755.958      3.625      3.649    29.3523    29.3577   5.924650   5.925757     3.1221     2.6496      27.69   27.77824  -83.33234    0.00020    0.00000          4  0.000e+00
      18145    756.000      3.609      3.634    29.3523    29.3578   5.924627   5.925757     3.1209     2.6496      27.69   27.77824  -83.33234    0.00018   -0.00001          4  0.000e+00
      18146    756.042      3.625      3.649    29.3521    29.3579   5.924619   5.925717     3.1221     2.6496      27.69   27.77824  -83.33234    0.00019   -0.00003          4  0.000e+00
      18147    756.083      3.564      3.588    29.3523    29.3576   5.924619   5.925741     3.1209     2.6496      27.69   27.77824  -83.33234    0.00018   -0.00005          4  0.000e+00
      18148    756.125      3.609      3.634    29.3523    29.3577   5.924643   5.925757     3.1209     2.6496      27.69   27.77824  -83.33234    0.00018   -0.00007          4  0.000e+00
      18149    756.167      3.625      3.649    29.3523    29.3576   5.924698   5.925790     3.1209     2.6508      27.69   27.77824  -83.33234    0.00018   -0.00007          4  0.000e+00
      18150    756.208      3.662      3.687    29.3521    29.3578   5.924643   5.925806     3.1209     2.6496      27.69   27.77824  -83.33234    0.00017   -0.00009          4  0.000e+00
      18151    756.250      3.625      3.649    29.3525    29.3575   5.924619   5.925733     3.1209     2.6508      27.69   27.77824  -83.33234    0.00017   -0.00009          4  0.000e+00
      18152    756.292      3.564      3.588    29.3521    29.3576   5.924619   5.925741     3.1209     2.6520      27.69   27.77824  -83.33234    0.00017   -0.00010          4  0.000e+00
      18153    756.333      3.609      3.634    29.3523    29.3577   5.924643   5.925717     3.1197     2.6508      27.69   27.77824  -83.33234    0.00016   -0.00010          4  0.000e+00
      18154    756.375      3.677      3.702    29.3519    29.3576   5.924627   5.925741     3.1197     2.6508      27.72   27.77824  -83.33234    0.00015   -0.00010          4  0.000e+00
      18155    756.417      3.609      3.634    29.3521    29.3575   5.924571   5.925717     3.1197     2.6508      27.69   27.77824  -83.33234    0.00013   -0.00011          4  0.000e+00
      18156    756.458      3.624      3.649    29.3521    29.3576   5.924563   5.925741     3.1184     2.6508      27.72   27.77824  -83.33234    0.00009   -0.00011          4  0.000e+00
      18157    756.500      3.677      3.702    29.3523    29.3575   5.924563   5.925717     3.1184     2.6508      27.69   27.77824  -83.33234    0.00006   -0.00012          4  0.000e+00
      18158    756.542      3.609      3.634    29.3525    29.3574   5.924563   5.925741     3.1184     2.6508      27.69   27.77824  -83.33234    0.00002   -0.00010          4  0.000e+00
      18159    756.583      3.624      3.649    29.3521    29.3576   5.924635   5.925790     3.1184     2.6496      27.69   27.77824  -83.33234    0.00001   -0.00011          4  0.000e+00
      18160    756.625      3.662      3.687    29.3521    29.3577   5.924658   5.925765     3.1184     2.6508      27.69   27.77824  -83.33234   -0.00002   -0.00010          4  0.000e+00
      18161    756.667      3.677      3.702    29.3525    29.3574   5.924627   5.925685     3.1184     2.6496      27.69   27.77824  -83.33234   -0.00005   -0.00010          4  0.000e+00
      18162    756.708      3.677      3.702    29.3523    29.3575   5.924619   5.925733     3.1184     2.6496      27.69   27.77824  -83.33234   -0.00008   -0.00010          4  0.000e+00
      18163    756.750      3.662      3.687    29.3523    29.3576   5.924619   5.925717     3.1172     2.6484      27.69   27.77824  -83.33234   -0.00012   -0.00013          4  0.000e+00
      18164    756.792      3.677      3.702    29.3525    29.3573   5.924682   5.925709     3.1172     2.6496      27.67   27.77824  -83.33234   -0.00017   -0.00013          4  0.000e+00
      18165    756.833      3.723      3.748    29.3525    29.3574   5.924674   5.925709     3.1172     2.6484      27.67   27.77824  -83.33234   -0.00021   -0.00015          4  0.000e+00
      18166    756.875      3.738      3.763    29.3523    29.3575   5.924587   5.925741     3.1172     2.6496      27.67   27.77824  -83.33234   -0.00025   -0.00015          4  0.000e+00
      18167    756.917      3.677      3.702    29.3523    29.3576   5.924635   5.925717     3.1172     2.6496      27.67   27.77824  -83.33234   -0.00029   -0.00015          4  0.000e+00
      18168    756.958      3.723      3.748    29.3526    29.3576   5.924698   5.925741     3.1172     2.6496      27.69   27.77824  -83.33234   -0.00034   -0.00015          4  0.000e+00
      18169    757.000      3.738      3.763    29.3527    29.3573   5.924666   5.925717     3.1172     2.6496      27.67   27.77824  -83.33234   -0.00040   -0.00015          4  0.000e+00
      18170    757.042      3.791      3.816    29.3527    29.3574   5.924659   5.925782     3.1172     2.6496      27.69   27.77824  -83.33234   -0.00045   -0.00015          4  0.000e+00
      18171    757.083      3.776      3.801    29.3525    29.3573   5.924627   5.925733     3.1172     2.6496      27.69   27.77824  -83.33234   -0.00050   -0.00016          4  0.000e+00
      18172    757.125      3.738      3.763    29.3527    29.3572   5.924651   5.925709     3.1172     2.6496      27.67   27.77824  -83.33234   -0.00055   -0.00015          4  0.000e+00
      18173    757.167      3.776      3.801    29.3523    29.3571   5.924627   5.925596     3.1172     2.6496      27.67   27.77824  -83.33234   -0.00060   -0.00015          4  0.000e+00
      18174    757.208      3.791      3.816    29.3527    29.3566   5.924651   5.925523     3.1172     2.6508      27.69   27.77824  -83.33234   -0.00065   -0.00014          4  0.000e+00
      18175    757.250      3.844      3.869    29.3530    29.3555   5.924690   5.925289     3.1184     2.6508      27.67   27.77824  -83.33234   -0.00068   -0.00014          4  0.000e+00
      18176    757.292      3.776      3.801    29.3528    29.3546   5.924674   5.925079     3.1197     2.6508      27.67   27.77824  -83.33234   -0.00070   -0.00012          4  0.000e+00
      18177    757.333      3.844      3.869    29.3530    29.3537   5.924698   5.924958     3.1184     2.6508      27.69   27.77824  -83.33234   -0.00072   -0.00012          4  0.000e+00
      18178    757.375      3.828      3.854    29.3528    29.3533   5.924746   5.924821     3.1197     2.6508      27.67   27.77824  -83.33234   -0.00074   -0.00012          4  0.000e+00
      18179    757.417      3.844      3.869    29.3532    29.3529   5.924722   5.924862     3.1184     2.6508      27.67   27.77824  -83.33234   -0.00076   -0.00012          4  0.000e+00
      18180    757.458      3.791      3.816    29.3534    29.3533   5.924738   5.924918     3.1197     2.6508      27.67   27.77824  -83.33234   -0.00077   -0.00012          4  0.000e+00
      18181    757.500      3.889      3.915    29.3532    29.3539   5.924794   5.925039     3.1197     2.6508      27.67   27.77824  -83.33234   -0.00077   -0.00012          4  0.000e+00
      18182    757.542      3.844      3.869    29.3532    29.3540   5.924770   5.925039     3.1197     2.6508      27.67   27.77824  -83.33234   -0.00076   -0.00012          4  0.000e+00
      18183    757.583      3.828      3.854    29.3538    29.3542   5.924866   5.925031     3.1197     2.6496      27.69   27.77824  -83.33234   -0.00077   -0.00012          4  0.000e+00
      18184    757.625      3.904      3.930    29.3543    29.3539   5.924866   5.925063     3.1197     2.6496      27.67   27.77824  -83.33234   -0.00078   -0.00014          4  0.000e+00
      18185    757.667      3.844      3.869    29.3545    29.3540   5.924850   5.925039     3.1209     2.6484      27.67   27.77824  -83.33234   -0.00077   -0.00016          4  0.000e+00
      18186    757.708      3.889      3.915    29.3545    29.3537   5.924850   5.925031     3.1209     2.6484      27.69   27.77824  -83.33234   -0.00076   -0.00020          4  0.000e+00
      18187    757.750      3.844      3.869    29.3551    29.3534   5.924929   5.925063     3.1209     2.6484      27.74   27.77824  -83.33234   -0.00075   -0.00021          4  0.000e+00
      18188    757.792      3.889      3.915    29.3551    29.3535   5.924882   5.925007     3.1209     2.6484      27.77   27.77824  -83.33234   -0.00074   -0.00025          4  0.000e+00
      18189    757.833      3.904      3.930    29.3551    29.3534   5.924889   5.924797     3.1209     2.6471      27.79   27.77824  -83.33234   -0.00073   -0.00030          4  0.000e+00
      18190    757.875      3.844      3.869    29.3545    29.3535   5.924929   5.924845     3.1209     2.6471      27.77   27.77824  -83.33234   -0.00072   -0.00035          4  0.000e+00
      18191    757.917      3.828      3.854    29.3541    29.3537   5.924913   5.924958     3.1221     2.6484      27.77   27.77824  -83.33234   -0.00069   -0.00038          4  0.000e+00
      18192    757.958      3.904      3.930    29.3543    29.3544   5.924905   5.925015     3.1209     2.6471      27.77   27.77824  -83.33234   -0.00068   -0.00043          4  0.000e+00
      18193    758.000      3.889      3.915    29.3541    29.3544   5.924937   5.925031     3.1209     2.6484      27.77   27.77824  -83.33234   -0.00067   -0.00048          4  0.000e+00
      18194    758.042      3.844      3.869    29.3543    29.3546   5.924913   5.924991     3.1209     2.6484      27.77   27.77824  -83.33234   -0.00066   -0.00053          4  0.000e+00
      18195    758.083      3.844      3.869    29.3540    29.3542   5.924858   5.924942     3.1221     2.6484      27.77   27.77824  -83.33234   -0.00064   -0.00057          4  0.000e+00
      18196    758.125      3.889      3.915    29.3540    29.3540   5.924890   5.924967     3.1221     2.6496      27.77   27.77824  -83.33234   -0.00061   -0.00058          4  0.000e+00
      18197    758.167      3.843      3.869    29.3540    29.3539   5.924866   5.924942     3.1221     2.6496      27.77   27.77824  -83.33234   -0.00059   -0.00059          4  0.000e+00
      18198    758.208      3.791      3.816    29.3540    29.3538   5.924818   5.924862     3.1221     2.6496      27.77   27.77824  -83.33234   -0.00056   -0.00061          4  0.000e+00
      18199    758.250      3.889      3.915    29.3540    29.3537   5.924770   5.924837     3.1221     2.6496      27.77   27.77824  -83.33234   -0.00054   -0.00062          4  0.000e+00
      18200    758.292      3.843      3.869    29.3538    29.3533   5.924794   5.924870     3.1221     2.6496      27.77   27.77824  -83.33234   -0.00051   -0.00064          4  0.000e+00
      18201    758.333      3.828      3.854    29.3534    29.3531   5.924762   5.924918     3.1221     2.6496      27.77   27.77824  -83.33234   -0.00050   -0.00065          4  0.000e+00
      18202    758.375      3.843      3.869    29.3534    29.3533   5.924682   5.924966     3.1209     2.6496      27.77   27.77824  -83.33234   -0.00050   -0.00066          4  0.000e+00
      18203    758.417      3.843      3.869    29.3532    29.3536   5.924698   5.925015     3.1209     2.6508      27.77   27.77824  -83.33234   -0.00051   -0.00066          4  0.000e+00
      18204    758.458      3.828      3.854    29.3528    29.3537   5.924674   5.925063     3.1209     2.6496      27.77   27.77824  -83.33234   -0.00050   -0.00066          4  0.000e+00
      18205    758.500      3.791      3.816    29.3528    29.3542   5.924627   5.925184     3.1209     2.6508      27.77   27.77824  -83.33234   -0.00050   -0.00064          4  0.000e+00
      18206    758.542      3.828      3.854    29.3527    29.3546   5.924643   5.925297     3.1209     2.6508      27.77   27.77824  -83.33234   -0.00049   -0.00062          4  0.000e+00
      18207    758.583      3.843      3.869    29.3525    29.3553   5.924627   5.925354     3.1197     2.6496      27.77   27.77824  -83.33234   -0.00050   -0.00059          4  0.000e+00
      18208    758.625      3.791      3.816    29.3525    29.3560   5.924619   5.925475     3.1197     2.6496      27.77   27.77824  -83.33234   -0.00051   -0.00057          4  0.000e+00
      18209    758.667      3.776      3.801    29.3525    29.3565   5.924651   5.925475     3.1197     2.6496      27.77   27.77824  -83.33234   -0.00052   -0.00055          4  0.000e+00
      18210    758.708      3.791      3.816    29.3525    29.3568   5.924627   5.925540     3.1197     2.6496      27.74   27.77824  -83.33234   -0.00053   -0.00051          4  0.000e+00
      18211    758.750      3.828      3.854    29.3525    29.3566   5.924643   5.925564     3.1184     2.6496      27.69   27.77824  -83.33234   -0.00056   -0.00046          4  0.000e+00
