GOMECC/GOMECC-4/1db/rb2103_0191.ros
* Sea-Bird SBE 9 Data File:
* FileName = C:\Users\scs.user.rb\CTD\GOMECC4\data\rb2103_0191.hex
* Software Version Seasave V 7.26.7.107
* Temperature SN = 4799
* Conductivity SN = 3860
* Number of Bytes Per Scan = 41
* Number of Voltage Words = 4
* Number of Scans Averaged by the Deck Unit = 1
* NMEA Latitude = 29 29.99 N
* NMEA Longitude = 085 22.68 W
* NMEA UTC (Time) = Sep 20 2021  17:04:31
* NMEA baud rate = 4800
# nquan = 17
# nvalues = 1197                                  
# units = specified
# name 0 = scan: Scan Count
# name 1 = timeS: Time, Elapsed [seconds]
# name 2 = depSM: Depth [salt water, m]
# name 3 = prDM: Pressure, Digiquartz [db]
# name 4 = t090C: Temperature [ITS-90, deg C]
# name 5 = t190C: Temperature, 2 [ITS-90, deg C]
# name 6 = c0S/m: Conductivity [S/m]
# name 7 = c1S/m: Conductivity, 2 [S/m]
# name 8 = sbeox0V: Oxygen raw, SBE 43 [V]
# name 9 = sbeox1V: Oxygen raw, SBE 43, 2 [V]
# name 10 = altM: Altimeter [m]
# name 11 = latitude: Latitude [deg]
# name 12 = longitude: Longitude [deg]
# name 13 = sbox0dV/dT: Oxygen, SBE 43 [dov/dt]
# name 14 = sbox1dV/dT: Oxygen, SBE 43, 2 [dov/dt]
# name 15 = nbf: Bottles Fired
# name 16 = flag:  0.000e+00
# interval = seconds: 0.0416667
# start_time = Sep 20 2021 17:04:31 [NMEA time, header]
# bad_flag = -9.990e-29
*END*
[from data line 256]
      12339    514.083     18.263     18.388    28.7259    28.7300   5.611424   5.613344     2.5775     2.1648       5.47   29.50018  -85.37812   -0.00335   -0.00224          2  0.000e+00
      12340    514.125     18.232     18.357    28.7257    28.7300   5.611517   5.613391     2.5775     2.1648       5.47   29.50018  -85.37812   -0.00336   -0.00221          2  0.000e+00
      12341    514.167     18.263     18.388    28.7259    28.7304   5.611533   5.613415     2.5788     2.1648       5.47   29.50018  -85.37812   -0.00336   -0.00216          2  0.000e+00
      12342    514.208     18.263     18.388    28.7253    28.7303   5.611533   5.613423     2.5775     2.1648       5.47   29.50018  -85.37812   -0.00337   -0.00211          2  0.000e+00
      12343    514.250     18.232     18.357    28.7260    28.7303   5.611556   5.613486     2.5788     2.1648       5.47   29.50018  -85.37812   -0.00336   -0.00206          2  0.000e+00
      12344    514.292     18.263     18.388    28.7259    28.7303   5.611603   5.613415     2.5788     2.1648       5.47   29.50018  -85.37812   -0.00335   -0.00203          2  0.000e+00
      12345    514.333     18.315     18.441    28.7266    28.7303   5.611720   5.613439     2.5775     2.1661       5.47   29.50018  -85.37812   -0.00335   -0.00196          2  0.000e+00
      12346    514.375     18.263     18.388    28.7272    28.7303   5.611782   5.613423     2.5788     2.1648       5.47   29.50018  -85.37812   -0.00333   -0.00191          2  0.000e+00
      12347    514.417     18.232     18.357    28.7275    28.7303   5.611868   5.613391     2.5788     2.1661       5.47   29.50018  -85.37812   -0.00331   -0.00184          2  0.000e+00
      12348    514.458     18.315     18.441    28.7281    28.7303   5.611930   5.613407     2.5788     2.1673       5.47   29.50018  -85.37812   -0.00329   -0.00175          2  0.000e+00
      12632    526.292     18.262     18.387    28.7240    28.7307   5.610747   5.613612     2.5824     2.1685       5.47   29.50020  -85.37810   -0.00005    0.00023          3  0.000e+00
      12633    526.333     18.375     18.501    28.7244    28.7306   5.611074   5.613604     2.5824     2.1697       5.47   29.50020  -85.37810   -0.00001    0.00024          3  0.000e+00
      12634    526.375     18.285     18.410    28.7253    28.7304   5.611370   5.613604     2.5824     2.1697       5.47   29.50020  -85.37810    0.00002    0.00024          3  0.000e+00
      12635    526.417     18.262     18.387    28.7259    28.7307   5.611440   5.613573     2.5812     2.1697       5.45   29.50020  -85.37810    0.00003    0.00025          3  0.000e+00
      12636    526.458     18.315     18.441    28.7258    28.7304   5.611424   5.613517     2.5824     2.1697       5.47   29.50020  -85.37810    0.00008    0.00027          3  0.000e+00
      12637    526.500     18.262     18.387    28.7259    28.7307   5.611432   5.613541     2.5824     2.1697       5.47   29.50020  -85.37810    0.00012    0.00029          3  0.000e+00
      12638    526.542     18.285     18.410    28.7262    28.7304   5.611673   5.613557     2.5824     2.1697       5.45   29.50020  -85.37810    0.00017    0.00031          3  0.000e+00
      12639    526.583     18.315     18.441    28.7272    28.7309   5.612062   5.613557     2.5824     2.1697       5.45   29.50020  -85.37810    0.00020    0.00033          3  0.000e+00
      12640    526.625     18.262     18.387    28.7281    28.7306   5.612552   5.613588     2.5824     2.1697       5.37   29.50020  -85.37810    0.00023    0.00035          3  0.000e+00
      12641    526.667     18.285     18.410    28.7290    28.7307   5.612965   5.613604     2.5836     2.1697       5.35   29.50020  -85.37810    0.00028    0.00037          3  0.000e+00
      12642    526.708     18.315     18.441    28.7289    28.7306   5.613222   5.613636     2.5824     2.1697       5.35   29.50020  -85.37810    0.00032    0.00038          3  0.000e+00
      12643    526.750     18.315     18.441    28.7288    28.7303   5.613346   5.613644     2.5836     2.1697       5.35   29.50020  -85.37810    0.00035    0.00040          3  0.000e+00
      12644    526.792     18.315     18.441    28.7290    28.7296   5.613338   5.613620     2.5824     2.1697       5.35   29.50020  -85.37810    0.00036    0.00042          3  0.000e+00
      12645    526.833     18.345     18.471    28.7292    28.7295   5.613330   5.613604     2.5836     2.1685       5.37   29.50020  -85.37810    0.00039    0.00042          3  0.000e+00
      12646    526.875     18.262     18.387    28.7290    28.7294   5.613362   5.613644     2.5836     2.1697       5.37   29.50020  -85.37810    0.00042    0.00044          3  0.000e+00
      12647    526.917     18.375     18.501    28.7290    28.7302   5.613401   5.613581     2.5836     2.1697       5.35   29.50020  -85.37810    0.00045    0.00046          3  0.000e+00
      12648    526.958     18.285     18.410    28.7290    28.7303   5.613416   5.613517     2.5836     2.1685       5.37   29.50020  -85.37810    0.00048    0.00046          3  0.000e+00
      12649    527.000     18.315     18.441    28.7295    28.7303   5.613354   5.613549     2.5836     2.1685       5.35   29.50020  -85.37810    0.00049    0.00046          3  0.000e+00
      12650    527.042     18.375     18.501    28.7292    28.7303   5.613362   5.613557     2.5836     2.1685       5.35   29.50020  -85.37810    0.00050    0.00046          3  0.000e+00
      12651    527.083     18.315     18.441    28.7290    28.7303   5.613369   5.613620     2.5836     2.1685       5.35   29.50020  -85.37810    0.00051    0.00046          3  0.000e+00
      12652    527.125     18.398     18.524    28.7290    28.7303   5.613408   5.613620     2.5836     2.1685       5.37   29.50020  -85.37810    0.00052    0.00046          3  0.000e+00
      12653    527.167     18.315     18.441    28.7294    28.7302   5.613385   5.613565     2.5849     2.1685       5.35   29.50020  -85.37810    0.00054    0.00045          3  0.000e+00
      12654    527.208     18.315     18.441    28.7295    28.7300   5.613377   5.613628     2.5849     2.1685       5.37   29.50020  -85.37810    0.00057    0.00044          3  0.000e+00
      12655    527.250     18.398     18.524    28.7297    28.7293   5.613369   5.613683     2.5849     2.1685       5.37   29.50020  -85.37810    0.00060    0.00042          3  0.000e+00
      12656    527.292     18.315     18.441    28.7297    28.7294   5.613338   5.613691     2.5849     2.1685       5.35   29.50020  -85.37810    0.00064    0.00040          3  0.000e+00
      12657    527.333     18.375     18.501    28.7299    28.7293   5.613330   5.613699     2.5849     2.1673       5.37   29.50020  -85.37810    0.00066    0.00036          3  0.000e+00
      12658    527.375     18.315     18.441    28.7299    28.7294   5.613292   5.613659     2.5849     2.1673       5.35   29.50020  -85.37810    0.00070    0.00033          3  0.000e+00
      12659    527.417     18.398     18.524    28.7301    28.7297   5.613307   5.613715     2.5849     2.1685       5.37   29.50020  -85.37810    0.00073    0.00031          3  0.000e+00
      12660    527.458     18.375     18.501    28.7297    28.7294   5.613362   5.613675     2.5849     2.1673       5.37   29.50020  -85.37810    0.00076    0.00027          3  0.000e+00
      12661    527.500     18.315     18.441    28.7297    28.7295   5.613377   5.613683     2.5849     2.1673       5.35   29.50020  -85.37810    0.00081    0.00023          3  0.000e+00
      12662    527.542     18.375     18.501    28.7301    28.7296   5.613377   5.613699     2.5849     2.1673       5.37   29.50020  -85.37810    0.00085    0.00020          3  0.000e+00
      12663    527.583     18.345     18.471    28.7297    28.7294   5.613369   5.613659     2.5849     2.1673       5.32   29.50020  -85.37810    0.00088    0.00016          3  0.000e+00
      12664    527.625     18.375     18.501    28.7295    28.7295   5.613408   5.613715     2.5849     2.1673       5.30   29.50020  -85.37810    0.00092    0.00012          3  0.000e+00
      12665    527.667     18.375     18.501    28.7295    28.7296   5.613424   5.613746     2.5849     2.1673       5.27   29.50020  -85.37810    0.00095    0.00009          3  0.000e+00
      12666    527.708     18.345     18.471    28.7295    28.7297   5.613354   5.613707     2.5849     2.1673       5.27   29.50020  -85.37810    0.00098    0.00005          3  0.000e+00
      12667    527.750     18.375     18.501    28.7293    28.7298   5.613330   5.613652     2.5849     2.1673       5.27   29.50020  -85.37810    0.00101    0.00001          3  0.000e+00
      12668    527.792     18.375     18.501    28.7294    28.7299   5.613284   5.613723     2.5849     2.1673       5.27   29.50020  -85.37810    0.00103   -0.00001          3  0.000e+00
      12669    527.833     18.375     18.501    28.7294    28.7300   5.613245   5.613707     2.5849     2.1673       5.27   29.50020  -85.37810    0.00107   -0.00004          3  0.000e+00
      12670    527.875     18.345     18.471    28.7294    28.7300   5.613198   5.613723     2.5849     2.1673       5.27   29.50020  -85.37810    0.00110   -0.00008          3  0.000e+00
      12671    527.917     18.375     18.501    28.7294    28.7301   5.613190   5.613715     2.5849     2.1685       5.27   29.50020  -85.37810    0.00112   -0.00008          3  0.000e+00
      12672    527.958     18.375     18.501    28.7290    28.7300   5.613183   5.613691     2.5849     2.1685       5.27   29.50020  -85.37810    0.00114   -0.00010          3  0.000e+00
      12673    528.000     18.398     18.524    28.7295    28.7295   5.613152   5.613699     2.5849     2.1685       5.27   29.50020  -85.37810    0.00116   -0.00012          3  0.000e+00
      12674    528.042     18.375     18.501    28.7292    28.7296   5.613144   5.613691     2.5849     2.1685       5.27   29.50020  -85.37810    0.00118   -0.00014          3  0.000e+00
      12675    528.083     18.315     18.441    28.7292    28.7295   5.613167   5.613691     2.5849     2.1685       5.27   29.50020  -85.37810    0.00120   -0.00016          3  0.000e+00
      12676    528.125     18.375     18.501    28.7290    28.7298   5.613113   5.613667     2.5849     2.1685       5.27   29.50020  -85.37810    0.00122   -0.00018          3  0.000e+00
      12677    528.167     18.398     18.524    28.7294    28.7296   5.613128   5.613644     2.5861     2.1685       5.27   29.50020  -85.37810    0.00125   -0.00020          3  0.000e+00
      12678    528.208     18.375     18.501    28.7294    28.7295   5.613144   5.613715     2.5861     2.1697       5.27   29.50020  -85.37810    0.00128   -0.00021          3  0.000e+00
      12679    528.250     18.315     18.441    28.7292    28.7294   5.613167   5.613715     2.5861     2.1697       5.27   29.50020  -85.37810    0.00131   -0.00019          3  0.000e+00
      12680    528.292     18.345     18.471    28.7297    28.7292   5.613183   5.613691     2.5861     2.1697       5.27   29.50020  -85.37810    0.00134   -0.00018          3  0.000e+00
      12681    528.333     18.375     18.501    28.7295    28.7291   5.613151   5.613667     2.5861     2.1697       5.27   29.50020  -85.37810    0.00137   -0.00017          3  0.000e+00
      12682    528.375     18.375     18.501    28.7290    28.7292   5.613144   5.613715     2.5861     2.1697       5.27   29.50020  -85.37810    0.00140   -0.00016          3  0.000e+00
      12683    528.417     18.315     18.441    28.7290    28.7291   5.613066   5.613699     2.5861     2.1697       5.27   29.50020  -85.37810    0.00142   -0.00014          3  0.000e+00
      12684    528.458     18.345     18.471    28.7290    28.7292   5.613081   5.613667     2.5861     2.1697       5.27   29.50020  -85.37810    0.00143   -0.00013          3  0.000e+00
      12685    528.500     18.375     18.501    28.7288    28.7292   5.613097   5.613683     2.5861     2.1697       5.27   29.50020  -85.37810    0.00144   -0.00012          3  0.000e+00
      12686    528.542     18.375     18.501    28.7289    28.7291   5.613097   5.613723     2.5849     2.1697       5.27   29.50020  -85.37810    0.00144   -0.00011          3  0.000e+00
      12687    528.583     18.315     18.441    28.7288    28.7290   5.613120   5.613746     2.5861     2.1685       5.27   29.50020  -85.37810    0.00146   -0.00012          3  0.000e+00
      12688    528.625     18.345     18.471    28.7288    28.7291   5.613175   5.613707     2.5849     2.1685       5.27   29.50020  -85.37810    0.00144   -0.00012          3  0.000e+00
      12689    528.667     18.315     18.441    28.7290    28.7293   5.613190   5.613723     2.5849     2.1685       5.27   29.50020  -85.37810    0.00144   -0.00013          3  0.000e+00
      12690    528.708     18.315     18.441    28.7288    28.7292   5.613151   5.613715     2.5849     2.1685       5.27   29.50020  -85.37810    0.00142   -0.00014          3  0.000e+00
      12691    528.750     18.345     18.471    28.7288    28.7295   5.613136   5.613659     2.5861     2.1685       5.27   29.50020  -85.37810    0.00143   -0.00015          3  0.000e+00
      12692    528.792     18.315     18.441    28.7287    28.7296   5.613105   5.613691     2.5849     2.1673       5.27   29.50020  -85.37810    0.00143   -0.00017          3  0.000e+00
      12693    528.833     18.375     18.501    28.7286    28.7296   5.613066   5.613691     2.5849     2.1673       5.27   29.50020  -85.37810    0.00142   -0.00018          3  0.000e+00
      12694    528.875     18.315     18.441    28.7292    28.7301   5.612988   5.613691     2.5849     2.1673       5.27   29.50020  -85.37810    0.00142   -0.00018          3  0.000e+00
      12695    528.917     18.285     18.410    28.7288    28.7298   5.612988   5.613699     2.5849     2.1661       5.27   29.50020  -85.37810    0.00141   -0.00020          3  0.000e+00
      12696    528.958     18.315     18.441    28.7288    28.7299   5.612972   5.613659     2.5849     2.1661       5.27   29.50020  -85.37810    0.00140   -0.00023          3  0.000e+00
      12697    529.000     18.315     18.441    28.7288    28.7300   5.612895   5.613675     2.5849     2.1661       5.27   29.50020  -85.37810    0.00139   -0.00026          3  0.000e+00
      12698    529.042     18.285     18.410    28.7290    28.7299   5.612902   5.613628     2.5849     2.1648       5.27   29.50020  -85.37810    0.00138   -0.00030          3  0.000e+00
      12699    529.083     18.262     18.387    28.7287    28.7302   5.612801   5.613667     2.5849     2.1648       5.27   29.50020  -85.37810    0.00135   -0.00034          3  0.000e+00
      12700    529.125     18.315     18.441    28.7286    28.7301   5.612700   5.613667     2.5849     2.1648       5.27   29.50020  -85.37810    0.00133   -0.00039          3  0.000e+00
      12701    529.167     18.315     18.441    28.7285    28.7300   5.612646   5.613644     2.5836     2.1648       5.27   29.50020  -85.37810    0.00129   -0.00042          3  0.000e+00
      12702    529.208     18.232     18.357    28.7283    28.7302   5.612669   5.613644     2.5836     2.1636       5.27   29.50020  -85.37810    0.00125   -0.00047          3  0.000e+00
      12703    529.250     18.315     18.441    28.7281    28.7301   5.612607   5.613581     2.5836     2.1636       5.27   29.50020  -85.37810    0.00120   -0.00052          3  0.000e+00
      12704    529.292     18.262     18.387    28.7283    28.7300   5.612583   5.613588     2.5836     2.1636       5.27   29.50020  -85.37810    0.00117   -0.00056          3  0.000e+00
      12705    529.333     18.285     18.410    28.7282    28.7301   5.612552   5.613604     2.5836     2.1636       5.27   29.50020  -85.37810    0.00113   -0.00062          3  0.000e+00
