GOMECC/GOMECC-4/1db/rb2103_0491.ros
* Sea-Bird SBE 9 Data File:
* FileName = C:\Users\scs.user.rb\CTD\GOMECC4\data\rb2103_0491.hex
* Software Version Seasave V 7.26.7.107
* Temperature SN = 4799
* Conductivity SN = 3860
* Number of Bytes Per Scan = 41
* Number of Voltage Words = 4
* Number of Scans Averaged by the Deck Unit = 1
* NMEA Latitude = 27 55.20 N
* NMEA Longitude = 093 34.74 W
* NMEA UTC (Time) = Sep 27 2021  12:19:13
* NMEA baud rate = 4800
# nquan = 17
# nvalues = 1197                                  
# units = specified
# name 0 = scan: Scan Count
# name 1 = timeS: Time, Elapsed [seconds]
# name 2 = depSM: Depth [salt water, m]
# name 3 = prDM: Pressure, Digiquartz [db]
# name 4 = t090C: Temperature [ITS-90, deg C]
# name 5 = t190C: Temperature, 2 [ITS-90, deg C]
# name 6 = c0S/m: Conductivity [S/m]
# name 7 = c1S/m: Conductivity, 2 [S/m]
# name 8 = sbeox0V: Oxygen raw, SBE 43 [V]
# name 9 = sbeox1V: Oxygen raw, SBE 43, 2 [V]
# name 10 = altM: Altimeter [m]
# name 11 = latitude: Latitude [deg]
# name 12 = longitude: Longitude [deg]
# name 13 = sbox0dV/dT: Oxygen, SBE 43 [dov/dt]
# name 14 = sbox1dV/dT: Oxygen, SBE 43, 2 [dov/dt]
# name 15 = nbf: Bottles Fired
# name 16 = flag:  0.000e+00
# interval = seconds: 0.0416667
# start_time = Sep 27 2021 12:19:13 [NMEA time, header]
# bad_flag = -9.990e-29
*END*
[from data line 86]
      11840    493.292     67.875     68.340    22.9593    22.9364   5.260509   5.258864     2.9133     2.5018       4.13   27.92012  -93.57904    0.00081    0.00092          1  0.000e+00
      11841    493.333     67.882     68.348    22.9600    22.9323   5.260539   5.258565     2.9133     2.5031       4.13   27.92012  -93.57904    0.00071    0.00109          1  0.000e+00
      11842    493.375     67.822     68.287    22.9576    22.9318   5.260449   5.258519     2.9133     2.5018       4.13   27.92012  -93.57904    0.00061    0.00124          1  0.000e+00
      11843    493.417     67.875     68.340    22.9550    22.9325   5.260153   5.258450     2.9133     2.5031       4.13   27.92012  -93.57904    0.00051    0.00140          1  0.000e+00
      11844    493.458     67.875     68.340    22.9510    22.9318   5.260002   5.258273     2.9133     2.5031       4.13   27.92012  -93.57904    0.00043    0.00155          1  0.000e+00
      11845    493.500     67.822     68.287    22.9493    22.9289   5.259904   5.258082     2.9133     2.5031       4.10   27.92012  -93.57904    0.00034    0.00170          1  0.000e+00
      11846    493.542     67.829     68.294    22.9504    22.9275   5.259858   5.258005     2.9133     2.5031       4.13   27.92012  -93.57904    0.00026    0.00186          1  0.000e+00
      11847    493.583     67.769     68.233    22.9517    22.9228   5.259646   5.257698     2.9133     2.5031       4.13   27.92012  -93.57904    0.00017    0.00199          1  0.000e+00
      11848    493.625     67.822     68.287    22.9490    22.9188   5.259351   5.257077     2.9133     2.5031       4.10   27.92012  -93.57904    0.00010    0.00213          1  0.000e+00
      11849    493.667     67.822     68.287    22.9423    22.9086   5.258912   5.256049     2.9133     2.5031       4.13   27.92012  -93.57904    0.00002    0.00226          1  0.000e+00
      11850    493.708     67.769     68.233    22.9382    22.9014   5.258428   5.255275     2.9133     2.5031       4.13   27.92012  -93.57904   -0.00005    0.00239          1  0.000e+00
      11851    493.750     67.769     68.233    22.9353    22.8957   5.258178   5.254715     2.9121     2.5031       4.13   27.92012  -93.57904   -0.00014    0.00251          1  0.000e+00
      11852    493.792     67.769     68.233    22.9317    22.8952   5.257936   5.254423     2.9109     2.5031       4.13   27.92012  -93.57904   -0.00025    0.00260          1  0.000e+00
      11853    493.833     67.769     68.233    22.9275    22.8986   5.257376   5.254370     2.9121     2.5031       4.10   27.92012  -93.57904   -0.00035    0.00270          1  0.000e+00
      11854    493.875     67.769     68.233    22.9195    22.9051   5.257058   5.254561     2.9109     2.5031       4.13   27.92012  -93.57904   -0.00044    0.00279          1  0.000e+00
      11855    493.917     67.716     68.180    22.9126    22.9073   5.256967   5.254891     2.9109     2.5031       4.10   27.92012  -93.57904   -0.00053    0.00290          1  0.000e+00
      11856    493.958     67.769     68.233    22.9076    22.9130   5.256854   5.255182     2.9109     2.5031       4.13   27.92012  -93.57904   -0.00063    0.00297          1  0.000e+00
      11857    494.000     67.708     68.173    22.9110    22.9166   5.256627   5.255574     2.9121     2.5031       4.13   27.92012  -93.57904   -0.00068    0.00304          1  0.000e+00
      11858    494.042     67.708     68.173    22.9138    22.9207   5.256566   5.256103     2.9109     2.5018       4.13   27.92012  -93.57904   -0.00076    0.00309          1  0.000e+00
      11859    494.083     67.716     68.180    22.9156    22.9234   5.256627   5.256540     2.9109     2.5031       4.13   27.92012  -93.57904   -0.00084    0.00314          1  0.000e+00
      11860    494.125     67.769     68.233    22.9167    22.9243   5.256649   5.256409     2.9109     2.5031       4.13   27.92012  -93.57904   -0.00089    0.00321          1  0.000e+00
      11861    494.167     67.708     68.173    22.9174    22.9178   5.256612   5.255712     2.9109     2.5031       4.10   27.92012  -93.57904   -0.00095    0.00326          1  0.000e+00
      11862    494.208     67.708     68.173    22.9174    22.9171   5.256536   5.255014     2.9121     2.5031       4.15   27.92012  -93.57904   -0.00099    0.00330          1  0.000e+00
      11863    494.250     67.708     68.173    22.9165    22.9121   5.256316   5.254431     2.9109     2.5031       4.27   27.92012  -93.57904   -0.00104    0.00334          1  0.000e+00
      11864    494.292     67.716     68.180    22.9147    22.8964   5.256021   5.253496     2.9109     2.5031       4.32   27.92012  -93.57904   -0.00110    0.00338          1  0.000e+00
      11865    494.333     67.708     68.173    22.9112    22.8784   5.255915   5.252146     2.9109     2.5018       4.32   27.92012  -93.57904   -0.00115    0.00338          1  0.000e+00
      11866    494.375     67.655     68.119    22.9090    22.8746   5.255772   5.250835     2.9109     2.5018       4.32   27.92012  -93.57904   -0.00121    0.00338          1  0.000e+00
      11867    494.417     67.708     68.173    22.9060    22.8794   5.255794   5.249662     2.9109     2.5018       4.30   27.92012  -93.57904   -0.00124    0.00338          1  0.000e+00
      11868    494.458     67.716     68.180    22.9071    22.8755   5.255976   5.248566     2.9109     2.5006       4.30   27.92012  -93.57904   -0.00127    0.00336          1  0.000e+00
      11869    494.500     67.655     68.119    22.9096    22.8498   5.256195   5.247509     2.9109     2.5006       4.30   27.92012  -93.57904   -0.00131    0.00334          1  0.000e+00
      11870    494.542     67.708     68.173    22.9129    22.8201   5.256354   5.246559     2.9109     2.5006       4.30   27.92012  -93.57904   -0.00134    0.00330          1  0.000e+00
      11871    494.583     67.708     68.173    22.9156    22.8028   5.256415   5.245708     2.9109     2.5006       4.30   27.92012  -93.57904   -0.00135    0.00325          1  0.000e+00
      11872    494.625     67.708     68.173    22.9177    22.7931   5.256362   5.245141     2.9109     2.4982       4.32   27.92012  -93.57904   -0.00136    0.00317          1  0.000e+00
      11873    494.667     67.716     68.180    22.9181    22.7869   5.256044   5.244597     2.9109     2.4982       4.30   27.92012  -93.57904   -0.00137    0.00309          1  0.000e+00
      11874    494.708     67.708     68.173    22.9170    22.7822   5.255090   5.244291     2.9109     2.4982       4.30   27.92012  -93.57904   -0.00138    0.00298          1  0.000e+00
      11875    494.750     67.708     68.173    22.9113    22.7802   5.253683   5.244138     2.9109     2.4982       4.30   27.92012  -93.57904   -0.00139    0.00288          1  0.000e+00
      11876    494.792     67.708     68.173    22.8966    22.7798   5.252004   5.243908     2.9109     2.4982       4.30   27.92012  -93.57904   -0.00140    0.00279          1  0.000e+00
      11877    494.833     67.716     68.180    22.8719    22.7791   5.250423   5.243816     2.9109     2.4982       4.30   27.92012  -93.57904   -0.00140    0.00269          1  0.000e+00
      11878    494.875     67.708     68.173    22.8513    22.7788   5.249599   5.243931     2.9109     2.4982       4.30   27.92012  -93.57904   -0.00139    0.00258          1  0.000e+00
      11879    494.917     67.769     68.233    22.8459    22.7793   5.249894   5.244237     2.9109     2.4957       4.30   27.92012  -93.57904   -0.00139    0.00243          1  0.000e+00
      11880    494.958     67.708     68.173    22.8613    22.7800   5.251255   5.245011     2.9109     2.4969       4.32   27.92012  -93.57904   -0.00139    0.00230          1  0.000e+00
      11881    495.000     67.769     68.233    22.8794    22.7803   5.251959   5.246092     2.9109     2.4957       4.30   27.92012  -93.57904   -0.00139    0.00215          1  0.000e+00
      11882    495.042     67.716     68.180    22.8757    22.7954   5.251164   5.248115     2.9109     2.4957       4.30   27.92012  -93.57904   -0.00137    0.00201          1  0.000e+00
      11883    495.083     67.769     68.233    22.8652    22.8315   5.249682   5.250499     2.9109     2.4945       4.32   27.92012  -93.57904   -0.00134    0.00182          1  0.000e+00
      11884    495.125     67.769     68.233    22.8526    22.8559   5.247980   5.252009     2.9109     2.4945       4.30   27.92012  -93.57904   -0.00132    0.00165          1  0.000e+00
      11885    495.167     67.822     68.287    22.8269    22.8639   5.246234   5.252246     2.9096     2.4933       4.30   27.92012  -93.57904   -0.00133    0.00145          1  0.000e+00
      11886    495.208     67.769     68.233    22.8138    22.8679   5.245432   5.251502     2.9096     2.4933       4.32   27.92012  -93.57904   -0.00134    0.00126          1  0.000e+00
      11957    498.167     68.502     68.972    22.9224    22.9202   5.256877   5.256517     2.9011     2.4811       3.81   27.92012  -93.57904   -0.00408   -0.00814          2  0.000e+00
      11958    498.208     67.988     68.454    22.9183    22.9164   5.256559   5.256287     2.9023     2.4811       3.86   27.92012  -93.57904   -0.00402   -0.00791          2  0.000e+00
      11959    498.250     68.101     68.568    22.9191    22.9169   5.256718   5.256379     2.9011     2.4811       3.91   27.92012  -93.57904   -0.00398   -0.00765          2  0.000e+00
      11960    498.292     67.988     68.454    22.9213    22.9196   5.256945   5.256555     2.9023     2.4811       3.96   27.92012  -93.57904   -0.00392   -0.00739          2  0.000e+00
      11961    498.333     68.101     68.568    22.9207    22.9236   5.256937   5.256762     2.9023     2.4811       3.93   27.92012  -93.57904   -0.00386   -0.00712          2  0.000e+00
      11962    498.375     68.049     68.515    22.9198    22.9219   5.256816   5.256785     2.9023     2.4811       3.93   27.92012  -93.57904   -0.00377   -0.00684          2  0.000e+00
      11963    498.417     67.988     68.454    22.9172    22.9211   5.256650   5.256739     2.9023     2.4823       3.93   27.92012  -93.57904   -0.00370   -0.00654          2  0.000e+00
      11964    498.458     67.988     68.454    22.9151    22.9198   5.256475   5.256632     2.9023     2.4823       3.93   27.92012  -93.57904   -0.00363   -0.00623          2  0.000e+00
      11965    498.500     67.988     68.454    22.9126    22.9177   5.256264   5.256601     2.9023     2.4823       3.96   27.92012  -93.57904   -0.00356   -0.00594          2  0.000e+00
      11966    498.542     67.996     68.462    22.9096    22.9196   5.255976   5.256832     2.9035     2.4823       3.93   27.92012  -93.57904   -0.00346   -0.00564          2  0.000e+00
      11967    498.583     67.935     68.401    22.9064    22.9260   5.255575   5.257368     2.9035     2.4823       3.93   27.92012  -93.57904   -0.00337   -0.00533          2  0.000e+00
      11968    498.625     67.935     68.401    22.9023    22.9307   5.255303   5.257844     2.9035     2.4835       3.93   27.92012  -93.57904   -0.00327   -0.00502          2  0.000e+00
      11969    498.667     67.935     68.401    22.9069    22.9337   5.255514   5.258020     2.9035     2.4835       3.93   27.92012  -93.57904   -0.00317   -0.00470          2  0.000e+00
      11970    498.708     67.875     68.340    22.9103    22.9305   5.255696   5.257805     2.9035     2.4823       3.93   27.92012  -93.57904   -0.00307   -0.00440          2  0.000e+00
      11971    498.750     67.882     68.348    22.9106    22.9312   5.255696   5.257798     2.9035     2.4823       3.93   27.92012  -93.57904   -0.00296   -0.00409          2  0.000e+00
      11972    498.792     67.935     68.401    22.9120    22.9307   5.255817   5.257721     2.9035     2.4823       3.93   27.92012  -93.57902   -0.00286   -0.00381          2  0.000e+00
      11973    498.833     67.822     68.287    22.9135    22.9295   5.255931   5.257560     2.9048     2.4823       3.93   27.92012  -93.57902   -0.00273   -0.00353          2  0.000e+00
      11974    498.875     67.875     68.340    22.9124    22.9287   5.255719   5.257414     2.9048     2.4823       3.93   27.92012  -93.57902   -0.00260   -0.00324          2  0.000e+00
      11975    498.917     67.769     68.233    22.9030    22.9280   5.255023   5.257284     2.9048     2.4835       3.93   27.92012  -93.57902   -0.00247   -0.00293          2  0.000e+00
      11976    498.958     67.875     68.340    22.8970    22.9205   5.254546   5.256693     2.9048     2.4823       3.93   27.92012  -93.57902   -0.00234   -0.00263          2  0.000e+00
      11977    499.000     67.769     68.233    22.8994    22.9103   5.254622   5.255819     2.9048     2.4823       3.93   27.92012  -93.57902   -0.00221   -0.00233          2  0.000e+00
      11978    499.042     67.769     68.233    22.9011    22.8991   5.254841   5.254830     2.9048     2.4823       3.93   27.92012  -93.57902   -0.00207   -0.00202          2  0.000e+00
      11979    499.083     67.822     68.287    22.8955    22.8852   5.254569   5.253764     2.9048     2.4823       3.93   27.92012  -93.57902   -0.00194   -0.00175          2  0.000e+00
      11980    499.125     67.716     68.180    22.8948    22.8791   5.254463   5.253457     2.9048     2.4823       3.93   27.92012  -93.57902   -0.00180   -0.00145          2  0.000e+00
      11981    499.167     67.769     68.233    22.9023    22.8873   5.254788   5.253910     2.9048     2.4823       3.93   27.92012  -93.57902   -0.00166   -0.00117          2  0.000e+00
      11982    499.208     67.708     68.172    22.9076    22.8955   5.255098   5.254492     2.9048     2.4823       4.05   27.92012  -93.57902   -0.00152   -0.00088          2  0.000e+00
      11983    499.250     67.769     68.233    22.9101    22.9027   5.255325   5.255029     2.9048     2.4823       4.22   27.92012  -93.57902   -0.00137   -0.00061          2  0.000e+00
      11984    499.292     67.716     68.180    22.9117    22.9060   5.255575   5.255221     2.9048     2.4823       4.27   27.92012  -93.57902   -0.00123   -0.00033          2  0.000e+00
      11985    499.333     67.655     68.119    22.9089    22.8898   5.255310   5.254815     2.9048     2.4823       4.30   27.92012  -93.57902   -0.00110   -0.00007          2  0.000e+00
      11986    499.375     67.708     68.172    22.8916    22.8995   5.254183   5.255298     2.9048     2.4823       4.27   27.92012  -93.57902   -0.00097    0.00020          2  0.000e+00
      11987    499.417     67.655     68.119    22.8853    22.9194   5.253744   5.256455     2.9060     2.4823       4.27   27.92012  -93.57902   -0.00082    0.00045          2  0.000e+00
      11988    499.458     67.708     68.172    22.8892    22.9304   5.253615   5.257460     2.9060     2.4823       4.27   27.92012  -93.57902   -0.00067    0.00069          2  0.000e+00
      11989    499.500     67.655     68.119    22.8842    22.9372   5.253328   5.258173     2.9060     2.4823       4.27   27.92012  -93.57902   -0.00051    0.00092          2  0.000e+00
      11990    499.542     67.655     68.119    22.8842    22.9396   5.253335   5.258503     2.9060     2.4811       4.27   27.92012  -93.57902   -0.00036    0.00113          2  0.000e+00
      11991    499.583     67.655     68.119    22.8853    22.9393   5.253661   5.258534     2.9060     2.4811       4.27   27.92012  -93.57902   -0.00023    0.00132          2  0.000e+00
      11992    499.625     67.655     68.119    22.8921    22.9387   5.254183   5.258427     2.9060     2.4823       4.27   27.92012  -93.57902   -0.00009    0.00153          2  0.000e+00
      11993    499.667     67.655     68.119    22.8965    22.9359   5.254690   5.258089     2.9060     2.4811       4.27   27.92012  -93.57902    0.00005    0.00171          2  0.000e+00
