GOMECC/GOMECC-4/1db/rb2103_0151.ros
* Sea-Bird SBE 9 Data File:
* FileName = C:\Users\scs.user.rb\CTD\GOMECC4\data\rb2103_0151.hex
* Software Version Seasave V 7.26.7.107
* Temperature SN = 4799
* Conductivity SN = 3860
* Number of Bytes Per Scan = 41
* Number of Voltage Words = 4
* Number of Scans Averaged by the Deck Unit = 1
* NMEA Latitude = 27 19.93 N
* NMEA Longitude = 084 00.24 W
* NMEA UTC (Time) = Sep 19 2021  03:18:27
* NMEA baud rate = 4800
# nquan = 17
# nvalues = 1197                                  
# units = specified
# name 0 = scan: Scan Count
# name 1 = timeS: Time, Elapsed [seconds]
# name 2 = depSM: Depth [salt water, m]
# name 3 = prDM: Pressure, Digiquartz [db]
# name 4 = t090C: Temperature [ITS-90, deg C]
# name 5 = t190C: Temperature, 2 [ITS-90, deg C]
# name 6 = c0S/m: Conductivity [S/m]
# name 7 = c1S/m: Conductivity, 2 [S/m]
# name 8 = sbeox0V: Oxygen raw, SBE 43 [V]
# name 9 = sbeox1V: Oxygen raw, SBE 43, 2 [V]
# name 10 = altM: Altimeter [m]
# name 11 = latitude: Latitude [deg]
# name 12 = longitude: Longitude [deg]
# name 13 = sbox0dV/dT: Oxygen, SBE 43 [dov/dt]
# name 14 = sbox1dV/dT: Oxygen, SBE 43, 2 [dov/dt]
# name 15 = nbf: Bottles Fired
# name 16 = flag:  0.000e+00
# interval = seconds: 0.0416667
# start_time = Sep 19 2021 03:18:27 [NMEA time, header]
# bad_flag = -9.990e-29
*END*
[from data line 596]
      32776   1365.625     30.191     30.394    29.0102    29.0134   5.824506   5.824935     3.1306     2.6618      40.51   27.33384  -83.99964   -0.00020   -0.00003          5  0.000e+00
      32777   1365.667     30.244     30.447    29.0104    29.0136   5.824490   5.824935     3.1306     2.6618      40.51   27.33384  -83.99964   -0.00014   -0.00009          5  0.000e+00
      32778   1365.708     30.244     30.447    29.0104    29.0136   5.824482   5.824895     3.1306     2.6618      40.51   27.33384  -83.99964   -0.00009   -0.00014          5  0.000e+00
      32779   1365.750     30.191     30.394    29.0108    29.0136   5.824514   5.824847     3.1306     2.6618      40.49   27.33384  -83.99964   -0.00003   -0.00020          5  0.000e+00
      32780   1365.792     30.244     30.447    29.0104    29.0137   5.824530   5.824871     3.1306     2.6618      40.51   27.33384  -83.99964    0.00002   -0.00026          5  0.000e+00
      32781   1365.833     30.191     30.394    29.0108    29.0136   5.824458   5.824887     3.1306     2.6618      40.51   27.33384  -83.99964    0.00010   -0.00032          5  0.000e+00
      32782   1365.875     30.191     30.394    29.0104    29.0136   5.824466   5.824847     3.1306     2.6618      40.51   27.33384  -83.99964    0.00015   -0.00038          5  0.000e+00
      32783   1365.917     30.244     30.447    29.0102    29.0136   5.824514   5.824871     3.1294     2.6618      40.51   27.33384  -83.99964    0.00019   -0.00044          5  0.000e+00
      32784   1365.958     30.244     30.447    29.0104    29.0132   5.824490   5.824887     3.1294     2.6618      40.51   27.33384  -83.99964    0.00023   -0.00051          5  0.000e+00
      32785   1366.000     30.191     30.394    29.0104    29.0134   5.824514   5.824847     3.1294     2.6618      40.51   27.33384  -83.99964    0.00027   -0.00057          5  0.000e+00
      32786   1366.042     30.191     30.394    29.0102    29.0134   5.824490   5.824871     3.1294     2.6618      40.51   27.33384  -83.99964    0.00032   -0.00063          5  0.000e+00
      32787   1366.083     30.244     30.447    29.0103    29.0135   5.824482   5.824903     3.1294     2.6618      40.51   27.33384  -83.99964    0.00036   -0.00069          5  0.000e+00
      32788   1366.125     30.191     30.394    29.0100    29.0134   5.824553   5.824855     3.1294     2.6630      40.51   27.33384  -83.99964    0.00040   -0.00074          5  0.000e+00
      32789   1366.167     30.191     30.394    29.0101    29.0134   5.824474   5.824871     3.1294     2.6630      40.51   27.33384  -83.99964    0.00043   -0.00078          5  0.000e+00
      32790   1366.208     30.244     30.447    29.0099    29.0130   5.824506   5.824887     3.1294     2.6618      40.51   27.33384  -83.99964    0.00045   -0.00083          5  0.000e+00
      32791   1366.250     30.191     30.394    29.0097    29.0132   5.824490   5.824847     3.1294     2.6630      40.51   27.33384  -83.99964    0.00048   -0.00086          5  0.000e+00
      32792   1366.292     30.244     30.447    29.0097    29.0132   5.824514   5.824871     3.1294     2.6618      40.51   27.33384  -83.99964    0.00051   -0.00090          5  0.000e+00
      32793   1366.333     30.191     30.394    29.0099    29.0130   5.824490   5.824847     3.1294     2.6618      40.54   27.33384  -83.99964    0.00054   -0.00093          5  0.000e+00
      32794   1366.375     30.168     30.371    29.0099    29.0134   5.824482   5.824871     3.1294     2.6618      40.56   27.33384  -83.99964    0.00056   -0.00096          5  0.000e+00
      32795   1366.417     30.244     30.447    29.0100    29.0132   5.824514   5.824887     3.1294     2.6618      40.56   27.33384  -83.99964    0.00057   -0.00097          5  0.000e+00
      32796   1366.458     30.191     30.394    29.0099    29.0130   5.824498   5.824847     3.1282     2.6618      40.56   27.33384  -83.99964    0.00057   -0.00100          5  0.000e+00
      32797   1366.500     30.244     30.447    29.0102    29.0132   5.824482   5.824839     3.1282     2.6618      40.56   27.33384  -83.99964    0.00056   -0.00102          5  0.000e+00
      32798   1366.542     30.191     30.394    29.0100    29.0134   5.824514   5.824839     3.1282     2.6606      40.56   27.33384  -83.99964    0.00055   -0.00105          5  0.000e+00
      32799   1366.583     30.191     30.394    29.0101    29.0134   5.824458   5.824911     3.1294     2.6606      40.56   27.33384  -83.99964    0.00057   -0.00106          5  0.000e+00
      32800   1366.625     30.191     30.394    29.0099    29.0132   5.824466   5.824895     3.1294     2.6606      40.56   27.33384  -83.99964    0.00058   -0.00106          5  0.000e+00
      32801   1366.667     30.244     30.447    29.0099    29.0136   5.824482   5.824887     3.1294     2.6606      40.56   27.33384  -83.99964    0.00059   -0.00107          5  0.000e+00
      32802   1366.708     30.191     30.394    29.0099    29.0134   5.824482   5.824887     3.1294     2.6606      40.56   27.33384  -83.99964    0.00060   -0.00107          5  0.000e+00
      32803   1366.750     30.191     30.394    29.0099    29.0136   5.824522   5.824887     3.1294     2.6606      40.56   27.33384  -83.99964    0.00061   -0.00109          5  0.000e+00
      32804   1366.792     30.244     30.447    29.0103    29.0134   5.824490   5.824887     3.1294     2.6606      40.56   27.33384  -83.99964    0.00062   -0.00114          5  0.000e+00
      32805   1366.833     30.138     30.340    29.0100    29.0134   5.824514   5.824887     3.1294     2.6618      40.56   27.33384  -83.99964    0.00064   -0.00115          5  0.000e+00
      32806   1366.875     30.244     30.447    29.0101    29.0134   5.824490   5.824847     3.1294     2.6618      40.56   27.33384  -83.99964    0.00065   -0.00113          5  0.000e+00
      32807   1366.917     30.191     30.394    29.0100    29.0136   5.824443   5.824871     3.1294     2.6618      40.56   27.33384  -83.99964    0.00066   -0.00111          5  0.000e+00
      32808   1366.958     30.191     30.394    29.0106    29.0136   5.824364   5.824863     3.1294     2.6618      40.56   27.33384  -83.99964    0.00065   -0.00109          5  0.000e+00
      32809   1367.000     30.191     30.394    29.0102    29.0134   5.824443   5.824879     3.1282     2.6618      40.56   27.33384  -83.99964    0.00063   -0.00110          5  0.000e+00
      32810   1367.042     30.191     30.394    29.0100    29.0136   5.824482   5.824919     3.1282     2.6618      40.56   27.33384  -83.99964    0.00060   -0.00112          5  0.000e+00
      32811   1367.083     30.244     30.447    29.0103    29.0136   5.824522   5.824895     3.1282     2.6618      40.56   27.33384  -83.99964    0.00058   -0.00111          5  0.000e+00
      32812   1367.125     30.191     30.394    29.0106    29.0134   5.824490   5.824959     3.1282     2.6618      40.56   27.33384  -83.99964    0.00056   -0.00109          5  0.000e+00
      32813   1367.167     30.191     30.394    29.0106    29.0136   5.824482   5.824911     3.1282     2.6618      40.56   27.33384  -83.99964    0.00053   -0.00107          5  0.000e+00
      32814   1367.208     30.191     30.394    29.0108    29.0136   5.824482   5.824919     3.1282     2.6618      40.56   27.33384  -83.99964    0.00049   -0.00108          5  0.000e+00
      32815   1367.250     30.191     30.394    29.0104    29.0140   5.824482   5.824895     3.1282     2.6618      40.54   27.33384  -83.99964    0.00045   -0.00109          5  0.000e+00
      32816   1367.292     30.191     30.394    29.0104    29.0137   5.824482   5.824959     3.1282     2.6618      40.56   27.33384  -83.99964    0.00041   -0.00107          5  0.000e+00
      32817   1367.333     30.191     30.394    29.0102    29.0135   5.824443   5.824943     3.1294     2.6618      40.61   27.33384  -83.99964    0.00038   -0.00107          5  0.000e+00
      32818   1367.375     30.191     30.394    29.0103    29.0140   5.824506   5.824935     3.1282     2.6618      40.63   27.33384  -83.99964    0.00034   -0.00108          5  0.000e+00
      32819   1367.417     30.191     30.394    29.0100    29.0137   5.824490   5.824967     3.1294     2.6618      40.63   27.33384  -83.99964    0.00031   -0.00107          5  0.000e+00
      32820   1367.458     30.221     30.424    29.0099    29.0137   5.824482   5.824911     3.1294     2.6618      40.61   27.33384  -83.99964    0.00028   -0.00105          5  0.000e+00
      32821   1367.500     30.138     30.340    29.0099    29.0136   5.824482   5.824887     3.1294     2.6618      40.61   27.33384  -83.99964    0.00026   -0.00104          5  0.000e+00
      32822   1367.542     30.244     30.447    29.0100    29.0137   5.824514   5.824919     3.1282     2.6618      40.63   27.33384  -83.99964    0.00021   -0.00106          5  0.000e+00
      32823   1367.583     30.191     30.394    29.0099    29.0136   5.824458   5.824935     3.1294     2.6618      40.63   27.33384  -83.99964    0.00018   -0.00105          5  0.000e+00
      32824   1367.625     30.191     30.394    29.0100    29.0134   5.824435   5.824935     3.1294     2.6618      40.63   27.33384  -83.99964    0.00015   -0.00102          5  0.000e+00
      32825   1367.667     30.191     30.394    29.0103    29.0134   5.824435   5.824895     3.1294     2.6618      40.63   27.33384  -83.99964    0.00014   -0.00099          5  0.000e+00
      32826   1367.708     30.191     30.394    29.0104    29.0132   5.824474   5.824959     3.1282     2.6618      40.63   27.33384  -83.99964    0.00011   -0.00095          5  0.000e+00
      32827   1367.750     30.191     30.394    29.0106    29.0134   5.824443   5.824943     3.1282     2.6618      40.63   27.33384  -83.99964    0.00006   -0.00089          5  0.000e+00
      32828   1367.792     30.191     30.394    29.0110    29.0134   5.824466   5.824895     3.1282     2.6618      40.63   27.33384  -83.99964    0.00003   -0.00083          5  0.000e+00
      32829   1367.833     30.138     30.340    29.0112    29.0132   5.824514   5.824887     3.1282     2.6618      40.61   27.33384  -83.99964 8.7921e-07   -0.00080          5  0.000e+00
      32830   1367.875     30.244     30.447    29.0113    29.0132   5.824490   5.824887     3.1282     2.6618      40.61   27.33384  -83.99964   -0.00003   -0.00078          5  0.000e+00
      32831   1367.917     30.191     30.394    29.0119    29.0130   5.824514   5.824903     3.1282     2.6618      40.63   27.33384  -83.99964   -0.00006   -0.00076          5  0.000e+00
      32832   1367.958     30.138     30.340    29.0119    29.0132   5.824530   5.824887     3.1282     2.6618      40.61   27.33384  -83.99964   -0.00009   -0.00072          5  0.000e+00
      32833   1368.000     30.191     30.394    29.0117    29.0132   5.824498   5.824887     3.1282     2.6618      40.61   27.33384  -83.99964   -0.00012   -0.00066          5  0.000e+00
      32834   1368.042     30.244     30.447    29.0117    29.0132   5.824482   5.824887     3.1282     2.6618      40.61   27.33384  -83.99964   -0.00015   -0.00060          5  0.000e+00
      32835   1368.083     30.077     30.280    29.0115    29.0132   5.824514   5.824887     3.1282     2.6618      40.61   27.33384  -83.99964   -0.00018   -0.00056          5  0.000e+00
      32836   1368.125     30.304     30.508    29.0115    29.0130   5.824530   5.824887     3.1282     2.6618      40.61   27.33384  -83.99964   -0.00021   -0.00051          5  0.000e+00
      32837   1368.167     30.138     30.340    29.0117    29.0130   5.824490   5.824887     3.1282     2.6618      40.61   27.33384  -83.99964   -0.00024   -0.00047          5  0.000e+00
      32838   1368.208     30.191     30.394    29.0119    29.0128   5.824514   5.824887     3.1282     2.6618      40.61   27.33384  -83.99964   -0.00027   -0.00044          5  0.000e+00
      32839   1368.250     30.191     30.394    29.0119    29.0130   5.824530   5.824887     3.1282     2.6606      40.63   27.33384  -83.99964   -0.00031   -0.00041          5  0.000e+00
      32840   1368.292     30.191     30.394    29.0119    29.0132   5.824530   5.824847     3.1282     2.6606      40.61   27.33384  -83.99964   -0.00034   -0.00038          5  0.000e+00
      32841   1368.333     30.191     30.394    29.0119    29.0128   5.824569   5.824871     3.1282     2.6606      40.59   27.33384  -83.99964   -0.00037   -0.00035          5  0.000e+00
      32842   1368.375     30.191     30.394    29.0119    29.0130   5.824537   5.824815     3.1282     2.6606      40.59   27.33384  -83.99964   -0.00040   -0.00032          5  0.000e+00
      32843   1368.417     30.191     30.394    29.0119    29.0128   5.824458   5.824823     3.1282     2.6606      40.59   27.33384  -83.99964   -0.00043   -0.00028          5  0.000e+00
      32844   1368.458     30.191     30.394    29.0121    29.0128   5.824506   5.824839     3.1282     2.6606      40.59   27.33384  -83.99964   -0.00046   -0.00025          5  0.000e+00
      36181   1507.500     20.534     20.671    29.0453    29.0488   5.827631   5.828247     3.1331     2.6630      49.89   27.33384  -83.99962   -0.00042    0.00077          6  0.000e+00
      36182   1507.542     20.677     20.816    29.0453    29.0488   5.827631   5.828223     3.1331     2.6642      49.87   27.33384  -83.99962   -0.00039    0.00073          6  0.000e+00
      36183   1507.583     20.617     20.755    29.0451    29.0482   5.827591   5.828215     3.1331     2.6630      49.87   27.33384  -83.99962   -0.00036    0.00068          6  0.000e+00
      36184   1507.625     20.617     20.755    29.0451    29.0478   5.827615   5.828183     3.1331     2.6642      49.89   27.33384  -83.99962   -0.00033    0.00065          6  0.000e+00
      36185   1507.667     20.481     20.618    29.0449    29.0480   5.827560   5.828175     3.1331     2.6630      49.87   27.33384  -83.99962   -0.00030    0.00059          6  0.000e+00
      36186   1507.708     20.730     20.869    29.0449    29.0478   5.827607   5.828135     3.1331     2.6630      49.89   27.33384  -83.99962   -0.00026    0.00053          6  0.000e+00
      36187   1507.750     20.511     20.648    29.0446    29.0476   5.827591   5.828127     3.1331     2.6630      49.87   27.33384  -83.99962   -0.00023    0.00047          6  0.000e+00
      36188   1507.792     20.617     20.755    29.0443    29.0475   5.827583   5.828159     3.1343     2.6630      49.89   27.33384  -83.99962   -0.00018    0.00041          6  0.000e+00
      36189   1507.833     20.564     20.702    29.0442    29.0475   5.827583   5.828135     3.1331     2.6618      49.89   27.33384  -83.99962   -0.00014    0.00035          6  0.000e+00
      36190   1507.875     20.594     20.732    29.0444    29.0480   5.827583   5.828127     3.1331     2.6630      49.87   27.33384  -83.99962   -0.00011    0.00031          6  0.000e+00
      36191   1507.917     20.617     20.755    29.0442    29.0482   5.827544   5.828087     3.1331     2.6618      49.89   27.33384  -83.99962   -0.00007    0.00024          6  0.000e+00
      36192   1507.958     20.564     20.702    29.0442    29.0475   5.827568   5.828039     3.1331     2.6618      49.89   27.33384  -83.99962   -0.00005    0.00018          6  0.000e+00
      36193   1508.000     20.564     20.702    29.0442    29.0475   5.827583   5.828063     3.1343     2.6618      49.87   27.33384  -83.99962   -0.00002    0.00012          6  0.000e+00
      36194   1508.042     20.594     20.732    29.0442    29.0467   5.827615   5.828007     3.1331     2.6618      49.87   27.33384  -83.99962 8.7921e-07    0.00007          6  0.000e+00
      36195   1508.083     20.511     20.648    29.0440    29.0469   5.827591   5.828087     3.1331     2.6618      49.87   27.33384  -83.99962    0.00002    0.00002          6  0.000e+00
