GOMECC/GOMECC-4/1db/rb2103_1031.ros
* Sea-Bird SBE 9 Data File:
* FileName = C:\Users\scs.user.rb\CTD\GOMECC4\data\rb2103_1031.hex
* Software Version Seasave V 7.26.7.107
* Temperature SN = 4799
* Conductivity SN = 3860
* Number of Bytes Per Scan = 41
* Number of Voltage Words = 4
* Number of Scans Averaged by the Deck Unit = 1
* NMEA Latitude = 24 23.15 N
* NMEA Longitude = 088 00.13 W
* NMEA UTC (Time) = Oct 13 2021  03:19:12
* NMEA baud rate = 4800
# nquan = 17
# nvalues = 1862                                  
# units = specified
# name 0 = scan: Scan Count
# name 1 = timeS: Time, Elapsed [seconds]
# name 2 = depSM: Depth [salt water, m]
# name 3 = prDM: Pressure, Digiquartz [db]
# name 4 = t090C: Temperature [ITS-90, deg C]
# name 5 = t190C: Temperature, 2 [ITS-90, deg C]
# name 6 = c0S/m: Conductivity [S/m]
# name 7 = c1S/m: Conductivity, 2 [S/m]
# name 8 = sbeox0V: Oxygen raw, SBE 43 [V]
# name 9 = sbeox1V: Oxygen raw, SBE 43, 2 [V]
# name 10 = altM: Altimeter [m]
# name 11 = latitude: Latitude [deg]
# name 12 = longitude: Longitude [deg]
# name 13 = sbox0dV/dT: Oxygen, SBE 43 [dov/dt]
# name 14 = sbox1dV/dT: Oxygen, SBE 43, 2 [dov/dt]
# name 15 = nbf: Bottles Fired
# name 16 = flag:  0.000e+00
# interval = seconds: 0.0416667
# start_time = Oct 13 2021 03:19:12 [NMEA time, header]
# bad_flag = -9.990e-29
*END*
[from data line 596]
      62976   2623.958    149.597    150.614    17.2588    17.2614   4.676088   4.676480     2.1844     1.8303     100.00   24.39222  -88.01212   -0.00047    0.00004          5  0.000e+00
      62977   2624.000    149.645    150.662    17.2591    17.2612   4.676095   4.676443     2.1844     1.8291     100.00   24.39222  -88.01212   -0.00047    0.00005          5  0.000e+00
      62978   2624.042    149.597    150.614    17.2588    17.2611   4.676074   4.676443     2.1832     1.8291     100.00   24.39222  -88.01212   -0.00047    0.00006          5  0.000e+00
      62979   2624.083    149.645    150.662    17.2590    17.2612   4.676095   4.676458     2.1844     1.8291     100.00   24.39222  -88.01212   -0.00047    0.00008          5  0.000e+00
      62980   2624.125    149.645    150.662    17.2587    17.2612   4.676067   4.676450     2.1832     1.8291     100.00   24.39222  -88.01212   -0.00046    0.00009          5  0.000e+00
      62981   2624.167    149.598    150.614    17.2588    17.2614   4.676031   4.676494     2.1844     1.8291     100.00   24.39222  -88.01212   -0.00045    0.00010          5  0.000e+00
      62982   2624.208    149.598    150.614    17.2587    17.2617   4.676074   4.676523     2.1832     1.8291     100.00   24.39222  -88.01212   -0.00045    0.00011          5  0.000e+00
      62983   2624.250    149.598    150.615    17.2582    17.2619   4.676074   4.676567     2.1844     1.8291     100.00   24.39222  -88.01212   -0.00044    0.00012          5  0.000e+00
      62984   2624.292    149.598    150.615    17.2588    17.2620   4.676038   4.676553     2.1832     1.8291     100.00   24.39222  -88.01212   -0.00045    0.00013          5  0.000e+00
      62985   2624.333    149.598    150.615    17.2585    17.2619   4.676074   4.676531     2.1844     1.8291     100.00   24.39222  -88.01212   -0.00044    0.00014          5  0.000e+00
      62986   2624.375    149.645    150.662    17.2584    17.2619   4.676045   4.676538     2.1832     1.8291     100.00   24.39222  -88.01212   -0.00043    0.00015          5  0.000e+00
      62987   2624.417    149.544    150.560    17.2587    17.2615   4.676016   4.676531     2.1844     1.8291     100.00   24.39222  -88.01212   -0.00042    0.00017          5  0.000e+00
      62988   2624.458    149.645    150.663    17.2583    17.2614   4.676023   4.676480     2.1832     1.8291     100.00   24.39222  -88.01212   -0.00041    0.00018          5  0.000e+00
      62989   2624.500    149.598    150.615    17.2583    17.2613   4.675995   4.676450     2.1844     1.8291     100.00   24.39222  -88.01212   -0.00040    0.00019          5  0.000e+00
      62990   2624.542    149.598    150.615    17.2582    17.2614   4.676009   4.676494     2.1832     1.8291     100.00   24.39222  -88.01212   -0.00040    0.00020          5  0.000e+00
      62991   2624.583    149.551    150.567    17.2580    17.2617   4.676023   4.676523     2.1832     1.8291     100.00   24.39222  -88.01212   -0.00039    0.00021          5  0.000e+00
      62992   2624.625    149.598    150.615    17.2582    17.2619   4.675987   4.676509     2.1832     1.8291     100.00   24.39222  -88.01212   -0.00038    0.00022          5  0.000e+00
      62993   2624.667    149.598    150.615    17.2577    17.2619   4.675980   4.676487     2.1832     1.8291     100.00   24.39222  -88.01212   -0.00036    0.00023          5  0.000e+00
      62994   2624.708    149.598    150.615    17.2582    17.2617   4.675958   4.676502     2.1832     1.8291     100.00   24.39222  -88.01212   -0.00035    0.00024          5  0.000e+00
      62995   2624.750    149.551    150.567    17.2580    17.2614   4.675966   4.676472     2.1832     1.8291     100.00   24.39222  -88.01212   -0.00034    0.00026          5  0.000e+00
      62996   2624.792    149.598    150.615    17.2581    17.2615   4.676016   4.676480     2.1832     1.8291     100.00   24.39222  -88.01212   -0.00034    0.00027          5  0.000e+00
      62997   2624.833    149.598    150.615    17.2582    17.2617   4.676016   4.676465     2.1832     1.8291     100.00   24.39222  -88.01212   -0.00034    0.00026          5  0.000e+00
      62998   2624.875    149.598    150.615    17.2582    17.2617   4.676023   4.676480     2.1832     1.8291     100.00   24.39222  -88.01212   -0.00032    0.00027          5  0.000e+00
      62999   2624.917    149.544    150.561    17.2582    17.2622   4.675995   4.676502     2.1832     1.8291     100.00   24.39222  -88.01212   -0.00032    0.00028          5  0.000e+00
      63000   2624.958    149.598    150.615    17.2585    17.2620   4.676067   4.676523     2.1832     1.8291     100.00   24.39222  -88.01212   -0.00031    0.00029          5  0.000e+00
      63001   2625.000    149.551    150.568    17.2587    17.2618   4.676045   4.676509     2.1832     1.8291     100.00   24.39222  -88.01212   -0.00030    0.00030          5  0.000e+00
      63002   2625.042    149.599    150.615    17.2585    17.2619   4.676052   4.676487     2.1832     1.8291     100.00   24.39222  -88.01212   -0.00029    0.00031          5  0.000e+00
      63003   2625.083    149.599    150.615    17.2586    17.2619   4.676023   4.676502     2.1832     1.8291     100.00   24.39222  -88.01212   -0.00028    0.00033          5  0.000e+00
      63004   2625.125    149.544    150.561    17.2585    17.2620   4.676052   4.676487     2.1832     1.8291     100.00   24.39222  -88.01212   -0.00026    0.00034          5  0.000e+00
      63005   2625.167    149.599    150.616    17.2585    17.2620   4.676023   4.676531     2.1844     1.8291     100.00   24.39222  -88.01212   -0.00023    0.00035          5  0.000e+00
      63006   2625.208    149.551    150.568    17.2584    17.2620   4.676081   4.676531     2.1832     1.8291     100.00   24.39222  -88.01212   -0.00022    0.00034          5  0.000e+00
      63007   2625.250    149.545    150.561    17.2583    17.2620   4.676074   4.676509     2.1832     1.8291     100.00   24.39222  -88.01212   -0.00020    0.00033          5  0.000e+00
      63008   2625.292    149.599    150.616    17.2585    17.2620   4.676052   4.676531     2.1832     1.8291     100.00   24.39222  -88.01212   -0.00018    0.00034          5  0.000e+00
      63009   2625.333    149.545    150.561    17.2587    17.2617   4.676095   4.676502     2.1844     1.8291     100.00   24.39222  -88.01212   -0.00016    0.00034          5  0.000e+00
      63010   2625.375    149.599    150.616    17.2592    17.2612   4.676095   4.676443     2.1832     1.8291     100.00   24.39222  -88.01212   -0.00015    0.00035          5  0.000e+00
      63011   2625.417    149.545    150.561    17.2593    17.2612   4.676139   4.676443     2.1844     1.8291     100.00   24.39222  -88.01212   -0.00013    0.00036          5  0.000e+00
      63012   2625.458    149.599    150.616    17.2591    17.2616   4.676117   4.676494     2.1832     1.8291     100.00   24.39222  -88.01212   -0.00013    0.00037          5  0.000e+00
      63013   2625.500    149.552    150.568    17.2593    17.2620   4.676095   4.676523     2.1844     1.8291     100.00   24.39222  -88.01212   -0.00010    0.00038          5  0.000e+00
      63014   2625.542    149.599    150.616    17.2592    17.2620   4.676074   4.676567     2.1844     1.8291     100.00   24.39222  -88.01212   -0.00008    0.00037          5  0.000e+00
      63015   2625.583    149.599    150.616    17.2592    17.2622   4.676146   4.676567     2.1832     1.8291     100.00   24.39222  -88.01212   -0.00008    0.00036          5  0.000e+00
      63016   2625.625    149.599    150.616    17.2595    17.2620   4.676124   4.676523     2.1844     1.8278     100.00   24.39222  -88.01212   -0.00005    0.00033          5  0.000e+00
      63017   2625.667    149.552    150.568    17.2592    17.2612   4.676139   4.676428     2.1832     1.8278     100.00   24.39222  -88.01212   -0.00005    0.00031          5  0.000e+00
      63018   2625.708    149.599    150.616    17.2595    17.2608   4.676167   4.676363     2.1844     1.8278     100.00   24.39222  -88.01212   -0.00002    0.00028          5  0.000e+00
      63019   2625.750    149.599    150.616    17.2596    17.2605   4.676124   4.676348     2.1832     1.8278     100.00   24.39222  -88.01212   -0.00002    0.00025          5  0.000e+00
      63020   2625.792    149.600    150.616    17.2593    17.2603   4.676095   4.676326     2.1844     1.8278     100.00   24.39222  -88.01214    0.00001    0.00023          5  0.000e+00
      63021   2625.833    149.600    150.616    17.2593    17.2600   4.676139   4.676304     2.1832     1.8278     100.00   24.39222  -88.01214    0.00001    0.00020          5  0.000e+00
      63022   2625.875    149.600    150.616    17.2595    17.2598   4.676153   4.676290     2.1844     1.8278     100.00   24.39222  -88.01214    0.00004    0.00018          5  0.000e+00
      63023   2625.917    149.600    150.617    17.2597    17.2599   4.676196   4.676268     2.1844     1.8278     100.00   24.39222  -88.01214    0.00006    0.00015          5  0.000e+00
      63024   2625.958    149.600    150.617    17.2597    17.2593   4.676131   4.676253     2.1844     1.8278     100.00   24.39222  -88.01214    0.00009    0.00012          5  0.000e+00
      63025   2626.000    149.647    150.664    17.2596    17.2593   4.676182   4.676231     2.1844     1.8278     100.00   24.39222  -88.01214    0.00011    0.00010          5  0.000e+00
      63026   2626.042    149.600    150.617    17.2599    17.2598   4.676167   4.676297     2.1844     1.8278     100.00   24.39222  -88.01214    0.00014    0.00007          5  0.000e+00
      63027   2626.083    149.647    150.665    17.2599    17.2600   4.676175   4.676341     2.1844     1.8266     100.00   24.39222  -88.01214    0.00016    0.00003          5  0.000e+00
      63028   2626.125    149.600    150.617    17.2600    17.2607   4.676175   4.676363     2.1844     1.8266     100.00   24.39222  -88.01214    0.00017   -0.00001          5  0.000e+00
      63029   2626.167    149.647    150.665    17.2600    17.2607   4.676153   4.676348     2.1844     1.8266     100.00   24.39222  -88.01214    0.00019   -0.00006          5  0.000e+00
      63030   2626.208    149.600    150.617    17.2600    17.2605   4.676225   4.676326     2.1844     1.8266     100.00   24.39222  -88.01214    0.00020   -0.00010          5  0.000e+00
      63031   2626.250    149.648    150.665    17.2602    17.2605   4.676232   4.676370     2.1844     1.8266     100.00   24.39222  -88.01214    0.00020   -0.00014          5  0.000e+00
      63032   2626.292    149.648    150.665    17.2598    17.2603   4.676196   4.676319     2.1844     1.8266     100.00   24.39222  -88.01214    0.00021   -0.00018          5  0.000e+00
      63033   2626.333    149.600    150.617    17.2599    17.2600   4.676175   4.676290     2.1844     1.8266     100.00   24.39222  -88.01214    0.00021   -0.00022          5  0.000e+00
      63034   2626.375    149.702    150.720    17.2600    17.2600   4.676182   4.676297     2.1844     1.8266     100.00   24.39222  -88.01214    0.00022   -0.00026          5  0.000e+00
      63035   2626.417    149.648    150.665    17.2600    17.2596   4.676189   4.676290     2.1844     1.8266     100.00   24.39222  -88.01214    0.00022   -0.00031          5  0.000e+00
      63036   2626.458    149.648    150.665    17.2600    17.2598   4.676204   4.676297     2.1844     1.8266     100.00   24.39222  -88.01214    0.00023   -0.00033          5  0.000e+00
      63037   2626.500    149.648    150.665    17.2600    17.2600   4.676189   4.676290     2.1844     1.8266     100.00   24.39222  -88.01214    0.00023   -0.00037          5  0.000e+00
      63038   2626.542    149.648    150.665    17.2599    17.2605   4.676204   4.676355     2.1844     1.8266     100.00   24.39222  -88.01214    0.00023   -0.00041          5  0.000e+00
      63039   2626.583    149.702    150.720    17.2602    17.2603   4.676189   4.676341     2.1844     1.8266     100.00   24.39222  -88.01214    0.00024   -0.00045          5  0.000e+00
      63040   2626.625    149.648    150.665    17.2604    17.2598   4.676218   4.676304     2.1844     1.8266     100.00   24.39222  -88.01214    0.00024   -0.00048          5  0.000e+00
      63041   2626.667    149.696    150.713    17.2602    17.2595   4.676247   4.676290     2.1844     1.8266     100.00   24.39222  -88.01214    0.00024   -0.00050          5  0.000e+00
      63042   2626.708    149.648    150.665    17.2605    17.2590   4.676232   4.676180     2.1844     1.8266     100.00   24.39222  -88.01214    0.00024   -0.00054          5  0.000e+00
      63043   2626.750    149.696    150.713    17.2605    17.2590   4.676247   4.676166     2.1844     1.8266     100.00   24.39222  -88.01214    0.00024   -0.00058          5  0.000e+00
      63044   2626.792    149.703    150.720    17.2607    17.2593   4.676297   4.676180     2.1844     1.8266     100.00   24.39222  -88.01214    0.00026   -0.00062          5  0.000e+00
      67887   2828.583    120.471    121.282    20.7617    20.7607   5.065675   5.065865     2.2808     1.9096     100.00   24.39264  -88.01314    0.00037    0.00023          6  0.000e+00
      67888   2828.625    120.471    121.282    20.7594    20.7608   5.065511   5.065895     2.2808     1.9084     100.00   24.39264  -88.01314    0.00037    0.00023          6  0.000e+00
      67889   2828.667    120.451    121.261    20.7578    20.7610   5.065318   5.065911     2.2808     1.9084     100.00   24.39264  -88.01314    0.00035    0.00023          6  0.000e+00
      67890   2828.708    120.417    121.227    20.7559    20.7608   5.065169   5.065873     2.2808     1.9084     100.00   24.39264  -88.01314    0.00035    0.00022          6  0.000e+00
      67891   2828.750    120.417    121.227    20.7548    20.7607   5.065101   5.065828     2.2796     1.9084     100.00   24.39264  -88.01314    0.00032    0.00022          6  0.000e+00
      67892   2828.792    120.417    121.227    20.7552    20.7605   5.065183   5.065873     2.2808     1.9096     100.00   24.39264  -88.01314    0.00032    0.00024          6  0.000e+00
      67893   2828.833    120.451    121.261    20.7561    20.7603   5.065280   5.065933     2.2808     1.9084     100.00   24.39264  -88.01314    0.00031    0.00024          6  0.000e+00
      67894   2828.875    120.417    121.227    20.7561    20.7610   5.065400   5.066039     2.2796     1.9084     100.00   24.39264  -88.01314    0.00029    0.00024          6  0.000e+00
      67895   2828.917    120.472    121.282    20.7574    20.7631   5.065556   5.066107     2.2796     1.9084     100.00   24.39264  -88.01314    0.00027    0.00024          6  0.000e+00
      67896   2828.958    120.404    121.214    20.7590    20.7638   5.065824   5.066213     2.2808     1.9084     100.00   24.39264  -88.01314    0.00026    0.00023          6  0.000e+00
      67897   2829.000    120.417    121.227    20.7617    20.7665   5.065966   5.066409     2.2808     1.9096     100.00   24.39264  -88.01314    0.00026    0.00025          6  0.000e+00
      67898   2829.042    120.418    121.227    20.7634    20.7665   5.066048   5.066462     2.2808     1.9096     100.00   24.39264  -88.01314    0.00025    0.00025          6  0.000e+00
      67899   2829.083    120.370    121.180    20.7648    20.7643   5.066130   5.066364     2.2808     1.9084     100.00   24.39264  -88.01314    0.00025    0.00025          6  0.000e+00
      67900   2829.125    120.404    121.214    20.7657    20.7640   5.066219   5.066356     2.2808     1.9084     100.00   24.39264  -88.01314    0.00024    0.00023          6  0.000e+00
      67901   2829.167    120.418    121.228    20.7666    20.7633   5.066331   5.066243     2.2808     1.9084     100.00   24.39264  -88.01314    0.00025    0.00022          6  0.000e+00
