GOMECC/GOMECC-4/1db/rb2103_0951.ros
* Sea-Bird SBE 9 Data File:
* FileName = C:\Users\scs.user.rb\CTD\GOMECC4\data\rb2103_0951.hex
* Software Version Seasave V 7.26.7.107
* Temperature SN = 4799
* Conductivity SN = 3860
* Number of Bytes Per Scan = 41
* Number of Voltage Words = 4
* Number of Scans Averaged by the Deck Unit = 1
* NMEA Latitude = 22 16.31 N
* NMEA Longitude = 090 02.56 W
* NMEA UTC (Time) = Oct 11 2021  03:44:48
* NMEA baud rate = 4800
# nquan = 17
# nvalues = 798                                   
# units = specified
# name 0 = scan: Scan Count
# name 1 = timeS: Time, Elapsed [seconds]
# name 2 = depSM: Depth [salt water, m]
# name 3 = prDM: Pressure, Digiquartz [db]
# name 4 = t090C: Temperature [ITS-90, deg C]
# name 5 = t190C: Temperature, 2 [ITS-90, deg C]
# name 6 = c0S/m: Conductivity [S/m]
# name 7 = c1S/m: Conductivity, 2 [S/m]
# name 8 = sbeox0V: Oxygen raw, SBE 43 [V]
# name 9 = sbeox1V: Oxygen raw, SBE 43, 2 [V]
# name 10 = altM: Altimeter [m]
# name 11 = latitude: Latitude [deg]
# name 12 = longitude: Longitude [deg]
# name 13 = sbox0dV/dT: Oxygen, SBE 43 [dov/dt]
# name 14 = sbox1dV/dT: Oxygen, SBE 43, 2 [dov/dt]
# name 15 = nbf: Bottles Fired
# name 16 = flag:  0.000e+00
# interval = seconds: 0.0416667
# start_time = Oct 11 2021 03:44:48 [NMEA time, header]
# bad_flag = -9.990e-29
*END*
[from data line 766]
      27889   1162.000      2.693      2.710    29.7659    29.7654   6.004220   6.004342     3.1648     2.6813      50.79   22.27358  -90.04276    0.00029    0.00056          6  0.000e+00
      27890   1162.042      2.646      2.663    29.7660    29.7655   6.004188   6.004367     3.1636     2.6813      50.82   22.27358  -90.04276    0.00026    0.00060          6  0.000e+00
      27891   1162.083      2.693      2.710    29.7660    29.7660   6.004252   6.004375     3.1636     2.6813      50.79   22.27358  -90.04276    0.00023    0.00063          6  0.000e+00
      27892   1162.125      2.693      2.710    29.7664    29.7663   6.004308   6.004415     3.1648     2.6825      50.79   22.27358  -90.04276    0.00022    0.00068          6  0.000e+00
      27893   1162.167      2.693      2.710    29.7664    29.7659   6.004276   6.004423     3.1636     2.6813      50.79   22.27358  -90.04276    0.00019    0.00072          6  0.000e+00
      27894   1162.208      2.693      2.710    29.7662    29.7661   6.004236   6.004391     3.1648     2.6825      50.79   22.27358  -90.04276    0.00018    0.00077          6  0.000e+00
      27895   1162.250      2.646      2.663    29.7660    29.7660   6.004260   6.004480     3.1636     2.6825      50.79   22.27358  -90.04276    0.00015    0.00083          6  0.000e+00
      27896   1162.292      2.686      2.703    29.7660    29.7664   6.004276   6.004448     3.1648     2.6825      50.79   22.27358  -90.04276    0.00014    0.00088          6  0.000e+00
      27897   1162.333      2.646      2.663    29.7657    29.7654   6.004236   6.004391     3.1648     2.6813      50.79   22.27358  -90.04276    0.00013    0.00091          6  0.000e+00
      27898   1162.375      2.741      2.758    29.7659    29.7639   6.004260   6.004334     3.1648     2.6813      50.77   22.27358  -90.04276    0.00012    0.00096          6  0.000e+00
      27899   1162.417      2.741      2.758    29.7659    29.7625   6.004228   6.004326     3.1648     2.6813      50.74   22.27358  -90.04276    0.00011    0.00101          6  0.000e+00
      27900   1162.458      2.693      2.710    29.7660    29.7620   6.004260   6.004285     3.1648     2.6813      50.74   22.27358  -90.04276    0.00010    0.00106          6  0.000e+00
      27901   1162.500      2.693      2.710    29.7662    29.7624   6.004276   6.004204     3.1648     2.6813      50.74   22.27358  -90.04276    0.00008    0.00111          6  0.000e+00
      27902   1162.542      2.693      2.710    29.7664    29.7627   6.004308   6.004180     3.1661     2.6813      50.74   22.27358  -90.04276    0.00007    0.00115          6  0.000e+00
      27903   1162.583      2.741      2.758    29.7670    29.7631   6.004356   6.004220     3.1661     2.6813      50.74   22.27358  -90.04276    0.00006    0.00120          6  0.000e+00
      27904   1162.625      2.693      2.710    29.7675    29.7635   6.004404   6.004269     3.1661     2.6813      50.74   22.27358  -90.04276    0.00005    0.00125          6  0.000e+00
      27905   1162.667      2.741      2.758    29.7679    29.7638   6.004460   6.004237     3.1661     2.6813      50.74   22.27358  -90.04276    0.00004    0.00130          6  0.000e+00
      27906   1162.708      2.693      2.710    29.7679    29.7635   6.004476   6.004196     3.1661     2.6813      50.74   22.27358  -90.04276    0.00003    0.00133          6  0.000e+00
      27907   1162.750      2.734      2.751    29.7684    29.7631   6.004476   6.004180     3.1661     2.6813      50.74   22.27358  -90.04276    0.00002    0.00136          6  0.000e+00
      27908   1162.792      2.741      2.758    29.7684    29.7629   6.004428   6.004180     3.1673     2.6813      50.74   22.27358  -90.04276    0.00000    0.00139          6  0.000e+00
      27909   1162.833      2.741      2.758    29.7679    29.7626   6.004420   6.004188     3.1673     2.6813      50.74   22.27358  -90.04276    0.00001    0.00142          6  0.000e+00
      27910   1162.875      2.741      2.758    29.7675    29.7630   6.004460   6.004180     3.1673     2.6813      50.74   22.27358  -90.04276    0.00001    0.00145          6  0.000e+00
      27911   1162.917      2.693      2.710    29.7672    29.7641   6.004428   6.004220     3.1673     2.6825      50.74   22.27358  -90.04276    0.00002    0.00149          6  0.000e+00
      27912   1162.958      2.741      2.758    29.7673    29.7653   6.004460   6.004302     3.1673     2.6813      50.74   22.27358  -90.04276    0.00002    0.00150          6  0.000e+00
      27913   1163.000      2.741      2.758    29.7675    29.7660   6.004396   6.004326     3.1673     2.6825      50.74   22.27358  -90.04276    0.00002    0.00153          6  0.000e+00
      27914   1163.042      2.741      2.758    29.7677    29.7665   6.004372   6.004326     3.1685     2.6813      50.74   22.27358  -90.04276    0.00004    0.00154          6  0.000e+00
      27915   1163.083      2.741      2.758    29.7672    29.7664   6.004372   6.004367     3.1673     2.6813      50.74   22.27358  -90.04276    0.00004    0.00155          6  0.000e+00
      27916   1163.125      2.741      2.758    29.7673    29.7667   6.004332   6.004415     3.1685     2.6825      50.74   22.27358  -90.04276    0.00006    0.00155          6  0.000e+00
      27917   1163.167      2.741      2.758    29.7677    29.7666   6.004356   6.004423     3.1685     2.6825      50.74   22.27358  -90.04276    0.00008    0.00156          6  0.000e+00
      27918   1163.208      2.734      2.751    29.7675    29.7667   6.004372   6.004464     3.1685     2.6813      50.74   22.27358  -90.04276    0.00009    0.00153          6  0.000e+00
      27919   1163.250      2.788      2.805    29.7677    29.7669   6.004332   6.004432     3.1685     2.6813      50.74   22.27358  -90.04276    0.00013    0.00149          6  0.000e+00
      27920   1163.292      2.741      2.758    29.7675    29.7664   6.004316   6.004423     3.1697     2.6801      50.74   22.27358  -90.04276    0.00017    0.00142          6  0.000e+00
