GOMECC/GOMECC-4/1db/rb2103_1231.cnv
* Sea-Bird SBE 9 Data File:
* FileName = C:\Users\scs.user.rb\CTD\GOMECC4\data\rb2103_1231.hex
* Software Version Seasave V 7.26.7.107
* Temperature SN = 4799
* Conductivity SN = 3860
* Number of Bytes Per Scan = 41
* Number of Voltage Words = 4
* Number of Scans Averaged by the Deck Unit = 1
* NMEA Latitude = 24 44.12 N
* NMEA Longitude = 080 37.33 W
* NMEA UTC (Time) = Oct 17 2021  22:52:18
* NMEA baud rate = 4800
# nquan = 28
# nvalues = 193                         
# units = specified
# name 0 = scan: Scan Count
# name 1 = timeS: Time, Elapsed [seconds]
# name 2 = depSM: Depth [salt water, m]
# name 3 = prDM: Pressure, Digiquartz [db]
# name 4 = t090C: Temperature [ITS-90, deg C]
# name 5 = t190C: Temperature, 2 [ITS-90, deg C]
# name 6 = c0S/m: Conductivity [S/m]
# name 7 = c1S/m: Conductivity, 2 [S/m]
# name 8 = sbeox0V: Oxygen raw, SBE 43 [V]
# name 9 = sbeox1V: Oxygen raw, SBE 43, 2 [V]
# name 10 = altM: Altimeter [m]
# name 11 = latitude: Latitude [deg]
# name 12 = longitude: Longitude [deg]
# name 13 = sbox0dV/dT: Oxygen, SBE 43 [dov/dt]
# name 14 = sbox1dV/dT: Oxygen, SBE 43, 2 [dov/dt]
# name 15 = sbeox0ML/L: Oxygen, SBE 43 [ml/l], WS = 5
# name 16 = sbeox1ML/L: Oxygen, SBE 43, 2 [ml/l], WS = 5
# name 17 = potemp090C: Potential Temperature [ITS-90, deg C]
# name 18 = potemp190C: Potential Temperature, 2 [ITS-90, deg C]
# name 19 = sal00: Salinity, Practical [PSU]
# name 20 = sal11: Salinity, Practical, 2 [PSU]
# name 21 = sigma-é00: Density [sigma-theta, kg/m^3]
# name 22 = sigma-é11: Density, 2 [sigma-theta, kg/m^3]
# name 23 = avgsvCM: Average Sound Velocity [Chen-Millero, m/s], minP = 20, minS = 20
# name 24 = sbox0Mm/Kg: Oxygen, SBE 43 [umol/kg], WS = 5
# name 25 = sbox1Mm/Kg: Oxygen, SBE 43, 2 [umol/kg], WS = 5
# name 26 = nbin: number of scans per bin
# name 27 = flag: flag
# span 0 =      15623,      54854       
# span 1 =    650.910,   2285.539       
# span 2 =      0.994,    133.098       
# span 3 =      1.000,    134.000       
# span 4 =    10.4517,    29.7611       
# span 5 =    10.4514,    29.7639       
# span 6 =   3.884116,   5.899392       
# span 7 =   3.884454,   5.900019       
# span 8 =     1.7105,     3.1806       
# span 9 =     1.4016,     2.6877       
# span 10 =      12.33,     100.05      
# span 11 =   24.56959,   24.75510      
# span 12 =  -80.68707,  -80.08262      
# span 13 =   -0.05955,    0.02185      
# span 14 =   -0.05401,    0.02151      
# span 15 =     2.6331,     4.3953      
# span 16 =     2.6444,     4.3644      
# span 17 =    10.4360,    29.7606      
# span 18 =    10.4356,    29.7635      
# span 19 =    35.2601,    36.4176      
# span 20 =    35.2661,    36.4235      
# span 21 =    22.2609,    27.0935      
# span 22 =    22.2611,    27.0939      
# span 23 =       0.00,    1545.01      
# span 24 =    114.506,    191.961      
# span 25 =    114.996,    190.608      
# span 26 =         31,         82      
# span 27 = 0.0000e+00, 0.0000e+00      
# interval = decibars: 1                
# start_time = Oct 17 2021 22:52:18 [NMEA time, header]
# bad_flag = -9.990e-29
*END*
      15623    650.910      4.968      5.000    29.6537    29.6419   5.886825   5.885871     3.1741     2.6762      95.16   24.73562  -80.62334   -0.00053   -0.00158     4.3794     4.3431    29.6525    29.6407    35.5956    35.5978    22.2913    22.2969       0.00    191.318    189.732         58 0.0000e+00
      15706    654.392      5.962      6.000    29.5503    29.5496   5.875342   5.875515     3.1720     2.6792      98.41   24.73562  -80.62334   -0.00091    0.00096     4.3841     4.3560    29.5488    29.5481    35.5968    35.5985    22.3274    22.3289       0.00    191.516    190.288         66 0.0000e+00
      15789    657.821      6.955      7.000    29.5045    29.4914   5.870889   5.870114     3.1694     2.6762      99.85   24.73562  -80.62334   -0.00055   -0.00098     4.3834     4.3545    29.5027    29.4897    35.6006    35.6047    22.3458    22.3534       0.00    191.484    190.218         67 0.0000e+00
      15873    661.317      7.949      8.000    29.4704    29.4708   5.868303   5.868640     3.1660     2.6779     100.00   24.73562  -80.62334   -0.00091    0.00049     4.3803     4.3596    29.4685    29.4689    35.6073    35.6093    22.3625    22.3638       0.00    191.343    190.442         66 0.0000e+00
      15954    664.718      8.942      9.000    29.4029    29.4059   5.862499   5.863052     3.1632     2.6745      84.29   24.73562  -80.62334   -0.00069   -0.00094     4.3807     4.3579    29.4007    29.4037    35.6173    35.6189    22.3929    22.3931       0.00    191.359    190.359         76 0.0000e+00
      16037    668.179      9.935     10.000    29.3581    29.3593   5.858922   5.859366     3.1589     2.6699     100.02   24.73562  -80.62334   -0.00132   -0.00124     4.3768     4.3526    29.3557    29.3569    35.6258    35.6279    22.4145    22.4156       0.00    191.183    190.124         73 0.0000e+00
      16118    671.562     10.929     11.000    29.3181    29.3205   5.855898   5.856404     3.1550     2.6665     100.00   24.73562  -80.62334   -0.00114   -0.00118     4.3731     4.3487    29.3154    29.3178    35.6345    35.6362    22.4345    22.4350       0.00    191.018    189.953         77 0.0000e+00
      16200    674.975     11.923     12.000    29.3081    29.3089   5.856544   5.857175     3.1470     2.6607     100.00   24.73562  -80.62335   -0.00210   -0.00144     4.3606     4.3382    29.3051    29.3059    35.6464    35.6498    22.4470    22.4492       0.00    190.469    189.491         77 0.0000e+00
      16282    678.376     12.916     13.000    29.2941    29.2958   5.857922   5.858385     3.1364     2.6499     100.00   24.73562  -80.62336   -0.00318   -0.00314     4.3433     4.3186    29.2909    29.2926    35.6664    35.6678    22.4668    22.4672       0.00    189.711    188.628         82 0.0000e+00
      16362    681.689     13.910     14.000    29.2727    29.2743   5.855885   5.856338     3.1291     2.6466      90.69   24.73561  -80.62336   -0.00236   -0.00138     4.3309     4.3130    29.2693    29.2709    35.6677    35.6692    22.4751    22.4756       0.00    189.167    188.386         77 0.0000e+00
      16442    685.046     14.903     15.000    29.2471    29.2517   5.852199   5.852866     3.1332     2.6493     100.05   24.73560  -80.62336    0.00068    0.00066     4.3412     4.3208    29.2434    29.2481    35.6605    35.6627    22.4784    22.4788       0.00    189.616    188.726         77 0.0000e+00
      16513    687.987     15.897     16.000    29.2290    29.2290   5.849545   5.849723     3.1398     2.6556      99.80   24.73560  -80.62336    0.00240    0.00217     4.3547     4.3356    29.2251    29.2251    35.6557    35.6569    22.4809    22.4818       0.00    190.205    189.370         65 0.0000e+00
      16578    690.707     16.891     17.000    29.2258    29.2276   5.849538   5.850032     3.1413     2.6549     100.00   24.73560  -80.62336    0.00106    0.00017     4.3582     4.3346    29.2217    29.2235    35.6592    35.6608    22.4847    22.4853       0.00    190.356    189.326         65 0.0000e+00
      16642    693.388     17.884     18.000    29.2035    29.2068   5.847180   5.847733     3.1412     2.6554     100.00   24.73560  -80.62336    0.00016    0.00013     4.3603     4.3377    29.1991    29.2024    35.6578    35.6592    22.4913    22.4911       0.00    190.447    189.461         64 0.0000e+00
      16708    696.124     18.877     19.000    29.1774    29.1794   5.844712   5.845140     3.1408     2.6569     100.00   24.73560  -80.62336   -0.00030    0.00036     4.3619     4.3431    29.1728    29.1748    35.6600    35.6615    22.5017    22.5022       0.00    190.515    189.693         66 0.0000e+00
      16773    698.817     19.871     20.000    29.1602    29.1614   5.843025   5.843374     3.1408     2.6531     100.00   24.73560  -80.62336   -0.00001   -0.00057     4.3638     4.3372    29.1553    29.1565    35.6609    35.6624    22.5083    22.5090     773.82    190.599    189.436         64 0.0000e+00
      16837    701.497     20.864     21.000    29.1610    29.1624   5.843870   5.844281     3.1388     2.6516     100.00   24.73560  -80.62336   -0.00047   -0.00119     4.3606     4.3347    29.1559    29.1573    35.6658    35.6676    22.5118    22.5127    1544.14    190.456    189.324         65 0.0000e+00
      16903    704.269     21.858     22.000    29.1723    29.1755   5.846428   5.847184     3.1351     2.6492      98.48   24.73560  -80.62336   -0.00133   -0.00047     4.3532     4.3293    29.1669    29.1702    35.6747    35.6777    22.5148    22.5159    1544.88    190.134    189.087         67 0.0000e+00
      16969    706.980     22.851     23.000    29.1937    29.1952   5.851914   5.852417     3.1305     2.6426      99.99   24.73560  -80.62334   -0.00155   -0.00232     4.3434     4.3145    29.1881    29.1896    35.6963    35.6986    22.5238    22.5250    1544.88    189.705    188.440         64 0.0000e+00
      17033    709.653     23.845     24.000    29.1924    29.1941   5.852801   5.853156     3.1255     2.6440      95.92   24.73560  -80.62334   -0.00243   -0.00019     4.3348     4.3179    29.1866    29.1883    35.7030    35.7042    22.5294    22.5297    1544.89    189.326    188.587         65 0.0000e+00
      17099    712.427     24.838     25.000    29.1834    29.1844   5.852586   5.852860     3.1296     2.6444      92.48   24.73560  -80.62334    0.00150    0.00023     4.3433     4.3198    29.1774    29.1783    35.7081    35.7091    22.5363    22.5368    1544.89    189.695    188.669         66 0.0000e+00
      17164    715.107     25.832     26.000    29.1824    29.1837   5.853133   5.853494     3.1347     2.6483     100.01   24.73560  -80.62334    0.00150    0.00127     4.3531     4.3279    29.1761    29.1774    35.7122    35.7136    22.5398    22.5405    1544.90    190.122    189.024         64 0.0000e+00
      17229    717.823     26.825     27.000    29.1852    29.1865   5.854112   5.854369     3.1357     2.6480     100.00   24.73560  -80.62334    0.00095    0.00033     4.3549     4.3275    29.1786    29.1799    35.7165    35.7173    22.5422    22.5424    1544.91    190.204    189.006         67 0.0000e+00
      17296    720.618     27.819     28.000    29.1790    29.1797   5.853592   5.853896     3.1365     2.6528     100.00   24.73560  -80.62334    0.00016    0.00086     4.3582     4.3378    29.1722    29.1729    35.7176    35.7189    22.5452    22.5459    1544.92    190.344    189.455         65 0.0000e+00
      17360    723.287     28.812     29.000    29.1638    29.1662   5.851601   5.852096     3.1436     2.6610     100.00   24.73560  -80.62334    0.00180    0.00306     4.3720     4.3561    29.1567    29.1592    35.7147    35.7162    22.5482    22.5486    1544.92    190.946    190.253         66 0.0000e+00
      17427    726.065     29.805     30.000    29.1406    29.1434   5.849813   5.850251     3.1493     2.6623     100.00   24.73560  -80.62333    0.00261    0.00106     4.3845     4.3611    29.1333    29.1361    35.7187    35.7198    22.5591    22.5589    1544.93    191.494    190.471         66 0.0000e+00
      17492    728.783     30.799     31.000    29.0847    29.0855   5.843667   5.844125     3.1524     2.6619      96.45   24.73560  -80.62333    0.00152    0.00026     4.3953     4.3644    29.0772    29.0780    35.7194    35.7210    22.5785    22.5794    1544.93    191.961    190.608         66 0.0000e+00
      17559    731.581     31.792     32.000    29.0295    29.0310   5.838528   5.838895     3.1454     2.6552     100.00   24.73560  -80.62332   -0.00196   -0.00221     4.3869     4.3556    29.0217    29.0232    35.7240    35.7254    22.6005    22.6011    1544.93    191.588    190.223         67 0.0000e+00
      17625    734.313     32.786     33.000    29.0343    29.0358   5.841758   5.842019     3.1402     2.6528      88.87   24.73560  -80.62332   -0.00196   -0.00106     4.3767     4.3509    29.0263    29.0278    35.7443    35.7456    22.6143    22.6147    1544.93    191.139    190.013         65 0.0000e+00
      17691    737.101     33.779     34.000    29.0366    29.0381   5.845895   5.846218     3.1325     2.6480      99.99   24.73561  -80.62332   -0.00276   -0.00154     4.3630     4.3405    29.0284    29.0298    35.7689    35.7701    22.6320    22.6324    1544.93    190.540    189.557         68 0.0000e+00
      17759    739.901     34.773     35.000    29.0385    29.0401   5.848305   5.848708     3.1274     2.6397      80.77   24.73561  -80.62332   -0.00174   -0.00289     4.3538     4.3238    29.0300    29.0316    35.7838    35.7855    22.6427    22.6434    1544.93    190.135    188.826         67 0.0000e+00
      17825    742.659     35.766     36.000    29.0399    29.0414   5.849516   5.849870     3.1195     2.6383      99.95   24.73561  -80.62332   -0.00267   -0.00118     4.3396     4.3214    29.0312    29.0326    35.7908    35.7922    22.6476    22.6481    1544.93    189.516    188.720         65 0.0000e+00
      17891    745.430     36.759     37.000    29.0405    29.0420   5.849913   5.850304     3.1173     2.6379     100.00   24.73561  -80.62332   -0.00153   -0.00007     4.3361     4.3210    29.0315    29.0330    35.7929    35.7944    22.6490    22.6496    1544.94    189.360    188.701         68 0.0000e+00
      17959    748.238     37.753     38.000    29.0408    29.0423   5.850270   5.850660     3.1190     2.6355     100.00   24.73562  -80.62332    0.00026   -0.00039     4.3396     4.3165    29.0315    29.0331    35.7948    35.7964    22.6504    22.6511    1544.94    189.514    188.506         67 0.0000e+00
      18026    751.028     38.746     39.000    29.0410    29.0425   5.850572   5.850938     3.1170     2.6320     100.00   24.73562  -80.62332   -0.00008   -0.00175     4.3366     4.3100    29.0316    29.0330    35.7964    35.7979    22.6516    22.6522    1544.94    189.382    188.219         66 0.0000e+00
      18092    753.777     39.740     40.000    29.0413    29.0428   5.850903   5.851278     3.1176     2.6337     100.00   24.73562  -80.62332   -0.00034    0.00025     4.3380     4.3140    29.0316    29.0331    35.7982    35.7997    22.6529    22.6536    1544.94    189.443    188.395         67 0.0000e+00
      18160    756.628     40.733     41.000    29.0410    29.0425   5.851183   5.851534     3.1175     2.6363     100.00   24.73562  -80.62333    0.00021    0.00122     4.3383     4.3196    29.0310    29.0325    35.8001    35.8014    22.6546    22.6551    1544.95    189.458    188.639         68 0.0000e+00
      18226    759.358     41.727     42.000    29.0383    29.0396   5.851610   5.851966     3.1170     2.6337     100.00   24.73561  -80.62333 -7.014e-07   -0.00077     4.3380     4.3151    29.0281    29.0294    35.8048    35.8062    22.6591    22.6597    1544.95    189.442    188.440         66 0.0000e+00
      18294    762.188     42.720     43.000    29.0321    29.0334   5.852372   5.852743     3.1123     2.6319      79.74   24.73561  -80.62333   -0.00150   -0.00061     4.3311     4.3124    29.0217    29.0230    35.8139    35.8155    22.6680    22.6688    1544.96    189.138    188.321         68 0.0000e+00
      18360    764.951     43.713     44.000    29.0231    29.0246   5.854087   5.854405     3.1069     2.6263      98.88   24.73561  -80.62333   -0.00159   -0.00153     4.3213     4.3015    29.0124    29.0139    35.8327    35.8337    22.6853    22.6856    1544.96    188.708    187.843         65 0.0000e+00
      18424    767.637     44.707     45.000    29.0184    29.0199   5.855548   5.855893     3.0966     2.6107      60.40   24.73560  -80.62332   -0.00380   -0.00418     4.3032     4.2707    29.0075    29.0090    35.8460    35.8472    22.6969    22.6974    1544.97    187.915    186.497         61 0.0000e+00
      18482    770.036     45.700     46.000    29.0113    29.0127   5.856905   5.857268     3.0852     2.6029      99.50   24.73560  -80.62333   -0.00412   -0.00499     4.2833     4.2558    29.0001    29.0016    35.8604    35.8619    22.7103    22.7109    1544.97    187.044    185.842         56 0.0000e+00
      18537    772.334     46.693     47.000    29.0067    29.0082   5.858267   5.858635     3.0779     2.5975      98.25   24.73560  -80.62333   -0.00403   -0.00250     4.2706     4.2453    28.9954    28.9968    35.8730    35.8744    22.7213    22.7218    1544.98    186.486    185.385         56 0.0000e+00
      18592    774.639     47.687     48.000    29.0012    29.0026   5.859556   5.859916     3.0689     2.5896      97.29   24.73560  -80.62333   -0.00340   -0.00354     4.2552     4.2299    28.9896    28.9910    35.8855    35.8870    22.7326    22.7333    1544.98    185.814    184.710         53 0.0000e+00
      18645    776.829     48.680     49.000    28.9910    28.9925   5.860694   5.861043     3.0588     2.5767      96.27   24.73560  -80.62334   -0.00455   -0.00500     4.2375     4.2051    28.9791    28.9806    35.9010    35.9023    22.7478    22.7482    1544.99    185.039    183.622         53 0.0000e+00
      18701    779.149     49.673     50.000    28.9823    28.9837   5.861459   5.861819     3.0489     2.5703      95.30   24.73560  -80.62334   -0.00413   -0.00337     4.2205     4.1929    28.9702    28.9716    35.9125    35.9139    22.7594    22.7600    1544.99    184.292    183.089         58 0.0000e+00
      18757    781.490     50.667     51.000    28.9675    28.9688   5.862244   5.862603     3.0382     2.5611      94.40   24.73560  -80.62334   -0.00449   -0.00372     4.2023     4.1755    28.9552    28.9564    35.9288    35.9303    22.7767    22.7774    1545.00    183.494    182.326         54 0.0000e+00
      18811    783.730     51.660     52.000    28.9409    28.9416   5.861837   5.862215     3.0273     2.5551      93.36   24.73560  -80.62334   -0.00502   -0.00320     4.1847     4.1654    28.9283    28.9290    35.9457    35.9478    22.7984    22.7997    1545.00    182.723    181.880         55 0.0000e+00
      18863    785.908     52.653     53.000    28.8973    28.8983   5.859960   5.860331     3.0206     2.5477      92.45   24.73560  -80.62334   -0.00391   -0.00323     4.1756     4.1536    28.8845    28.8855    35.9653    35.9672    22.8277    22.8288    1545.01    182.321    181.358         45 0.0000e+00
      18904    787.634     53.647     54.000    28.8353    28.8358   5.858168   5.858512     3.0105     2.5323      91.53   24.73560  -80.62334   -0.00311   -0.00434     4.1624     4.1274    28.8223    28.8228    35.9996    36.0016    22.8743    22.8757    1545.01    181.737    180.206         40 0.0000e+00
      18943    789.250     54.640     55.000    28.7621    28.7638   5.854661   5.855067     2.9799     2.5068      90.59   24.73560  -80.62334   -0.01006   -0.01070     4.1110     4.0797    28.7489    28.7505    36.0302    36.0317    22.9218    22.9224    1545.01    179.482    178.116         39 0.0000e+00
