GOMECC/GOMECC-4/1db/rb2103_0281.cnv
* Sea-Bird SBE 9 Data File:
* FileName = C:\Users\scs.user.rb\CTD\GOMECC4\data\rb2103_0281.hex
* Software Version Seasave V 7.26.7.107
* Temperature SN = 4799
* Conductivity SN = 3860
* Number of Bytes Per Scan = 41
* Number of Voltage Words = 4
* Number of Scans Averaged by the Deck Unit = 1
* NMEA Latitude = 27 59.98 N
* NMEA Longitude = 086 37.19 W
* NMEA UTC (Time) = Sep 21 2021  18:09:14
* NMEA baud rate = 4800
# nquan = 28
# nvalues = 490                         
# units = specified
# name 0 = scan: Scan Count
# name 1 = timeS: Time, Elapsed [seconds]
# name 2 = depSM: Depth [salt water, m]
# name 3 = prDM: Pressure, Digiquartz [db]
# name 4 = t090C: Temperature [ITS-90, deg C]
# name 5 = t190C: Temperature, 2 [ITS-90, deg C]
# name 6 = c0S/m: Conductivity [S/m]
# name 7 = c1S/m: Conductivity, 2 [S/m]
# name 8 = sbeox0V: Oxygen raw, SBE 43 [V]
# name 9 = sbeox1V: Oxygen raw, SBE 43, 2 [V]
# name 10 = altM: Altimeter [m]
# name 11 = latitude: Latitude [deg]
# name 12 = longitude: Longitude [deg]
# name 13 = sbox0dV/dT: Oxygen, SBE 43 [dov/dt]
# name 14 = sbox1dV/dT: Oxygen, SBE 43, 2 [dov/dt]
# name 15 = sbeox0ML/L: Oxygen, SBE 43 [ml/l], WS = 5
# name 16 = sbeox1ML/L: Oxygen, SBE 43, 2 [ml/l], WS = 5
# name 17 = potemp090C: Potential Temperature [ITS-90, deg C]
# name 18 = potemp190C: Potential Temperature, 2 [ITS-90, deg C]
# name 19 = sal00: Salinity, Practical [PSU]
# name 20 = sal11: Salinity, Practical, 2 [PSU]
# name 21 = sigma-é00: Density [sigma-theta, kg/m^3]
# name 22 = sigma-é11: Density, 2 [sigma-theta, kg/m^3]
# name 23 = avgsvCM: Average Sound Velocity [Chen-Millero, m/s], minP = 20, minS = 20
# name 24 = sbox0Mm/Kg: Oxygen, SBE 43 [umol/kg], WS = 5
# name 25 = sbox1Mm/Kg: Oxygen, SBE 43, 2 [umol/kg], WS = 5
# name 26 = nbin: number of scans per bin
# name 27 = flag: flag
# span 0 =       8833,     244859       
# span 1 =    367.993,  10202.431       
# span 2 =      1.987,   2960.940       
# span 3 =      2.000,   3002.000       
# span 4 =     4.2925,    29.6213       
# span 5 =     4.2932,    29.6168       
# span 6 =   3.347456,   5.818821       
# span 7 =   3.347395,   5.819306       
# span 8 =     1.6217,     3.2462       
# span 9 =     1.3250,     2.7570       
# span 10 =       2.90,     104.05      
# span 11 =   27.99305,   28.89505      
# span 12 =  -89.39515,  -86.60354      
# span 13 =   -0.03904,    0.03345      
# span 14 =   -0.03639,    0.03871      
# span 15 =     2.5698,     4.6649      
# span 16 =     2.5950,     4.6974      
# span 17 =     4.0816,    29.6206      
# span 18 =     4.0826,    29.6160      
# span 19 =    33.1801,    36.4858      
# span 20 =    33.1971,    36.4847      
# span 21 =    20.8504,    27.7580      
# span 22 =    20.8641,    27.7564      
# span 23 =       0.00,    1548.99      
# span 24 =    111.735,    202.706      
# span 25 =    112.830,    204.121      
# span 26 =         30,         78      
# span 27 = 0.0000e+00, 0.0000e+00      
# interval = decibars: 1                
# start_time = Sep 21 2021 18:09:14 [NMEA time, header]
# bad_flag = -9.990e-29
*END*
[from data line 467]
     223254   9302.222     62.572     63.000    25.5625    25.3614   5.556872   5.532809     3.0251     2.5659     100.00   27.99859  -86.62072   -0.00072   -0.00195     4.4355     4.4413    25.5485    25.3476    36.3856    36.3686    24.2199    24.2692    1500.92    193.405    193.650         54 0.0000e+00
     223308   9304.443     61.578     62.000    25.8864    25.7340   5.592231   5.574089     3.0326     2.5720     100.00   27.99858  -86.62072    0.00370   -0.00019     4.4232     4.4260    25.8726    25.7202    36.3880    36.3759    24.1208    24.1591    1500.92    192.887    193.002         54 0.0000e+00
     223360   9306.632     60.585     61.000    25.9692    25.9059   5.601672   5.595073     3.0333     2.5780     100.00   27.99858  -86.62072    0.00129    0.00348     4.4175     4.4242    25.9556    25.8923    36.3914    36.3934    24.0975    24.1188    1500.92    192.642    192.933         49 0.0000e+00
     223407   9308.566     59.592     60.000    26.0111    25.9871   5.606724   5.604188     3.0347     2.5778     100.00   27.99858  -86.62072    0.00060    0.00125     4.4162     4.4171    25.9977    25.9736    36.3954    36.3960    24.0873    24.0953    1500.92    192.588    192.626         45 0.0000e+00
     223455   9310.594     58.599     59.000    26.1424    26.1218   5.623153   5.620025     3.0331     2.5748      89.70   27.99858  -86.62072    0.00008   -0.00028     4.4016     4.4001    26.1292    26.1085    36.4115    36.4051    24.0582    24.0598    1500.92    191.957    191.893         52 0.0000e+00
     223505   9312.677     57.606     58.000    26.2944    26.2698   5.642471   5.638833     3.0216     2.5671     100.05   27.99858  -86.62072   -0.00294   -0.00317     4.3659     4.3718    26.2898    26.2567    36.4255    36.4252    24.0181    24.0283    1500.92    190.408    190.664         47 0.0000e+00
     223551   9314.591     56.613     57.000    26.3865    26.3882   5.651886   5.651609     3.0175     2.5604     100.00   27.99858  -86.62074   -0.00424   -0.00361     4.3512     4.3486    26.3737    26.3753    36.4280    36.4247    23.9935    23.9905    1500.92    189.773    189.658         47 0.0000e+00
     223602   9316.696     55.620     56.000    26.5089    26.4579   5.662301   5.656767     3.0219     2.5678     100.00   27.99858  -86.62074   -0.00065   -0.00027     4.3508     4.3589    26.4962    26.4452    36.4083    36.4073    23.9397    23.9552    1500.92    189.764    190.113         51 0.0000e+00
     223649   9318.648     54.627     55.000    26.7129    26.6577   5.684769   5.678223     3.0357     2.5790     100.00   27.99858  -86.62074    0.00478    0.00477     4.3596     4.3671    26.7003    26.6452    36.4094    36.4055    23.8756    23.8903    1500.92    190.161    190.483         44 0.0000e+00
     223704   9320.972     53.634     54.000    26.8539    26.8723   5.702078   5.705349     3.0421     2.5830     100.00   27.99858  -86.62073    0.00487    0.00360     4.3597     4.3585    26.8415    26.8599    36.4236    36.4327    23.8413    23.8422    1500.92    190.172    190.118         41 0.0000e+00
     223792   9324.640     52.641     53.000    26.7339    26.8501   5.688351   5.701817     3.0362     2.5831     100.00   27.99858  -86.62072   -0.00290   -0.00106     4.3575     4.3601    26.7218    26.8379    36.4193    36.4251    23.8763    23.8436    1500.92    190.069    190.187         50 0.0000e+00
     223886   9328.555     51.648     52.000    26.8595    26.9730   5.705488   5.715315     3.0440     2.5876      90.03   27.99858  -86.62072    0.00133    0.00094     4.3618     4.3602    26.8476    26.9610    36.4314    36.4261    23.8452    23.8049    1500.92    190.260    190.200         52 0.0000e+00
     223979   9332.420     50.655     51.000    27.2853    27.3938   5.745383   5.755173     3.0651     2.6073      77.16   27.99858  -86.62074    0.00469    0.00544     4.3680     4.3706    27.2735    27.3820    36.3950    36.3826    23.6807    23.6363    1500.92    190.564    190.683         43 0.0000e+00
     224071   9336.243     49.661     50.000    27.5865    27.5735   5.770280   5.767894     3.0872     2.6212      89.96   27.99858  -86.62074    0.00633    0.00469     4.3820     4.3807    27.5748    27.5618    36.3348    36.3524    23.5377    23.5631    1500.92    191.198    191.144         44 0.0000e+00
     224163   9340.066     48.668     49.000    28.0961    28.1083   5.800801   5.801231     3.1142     2.6427      99.60   27.99856  -86.62074    0.00755    0.00578     4.4002     4.3951    28.0844    28.0967    36.1630    36.1581    23.2417    23.2345    1500.92    192.048    191.828         46 0.0000e+00
     224255   9343.905     47.675     48.000    28.2192    28.2213   5.807161   5.807447     3.1164     2.6392     100.00   27.99856  -86.62074   -0.00015   -0.00169     4.3956     4.3806    28.2078    28.2099    36.1139    36.1143    23.1642    23.1638    1500.92    191.863    191.210         43 0.0000e+00
     224346   9347.709     46.682     47.000    28.3048    28.3073   5.813995   5.813914     3.1099     2.6381      99.91   27.99856  -86.62074   -0.00177   -0.00082     4.3770     4.3720    28.2936    28.2961    36.0967    36.0942    23.1230    23.1203    1500.92    191.060    190.841         48 0.0000e+00
     224439   9351.582     45.689     46.000    28.3374    28.3313   5.812055   5.812015     3.1045     2.6350      93.49   27.99856  -86.62074   -0.00147   -0.00096     4.3649     4.3643    28.3264    28.3203    36.0585    36.0617    23.0834    23.0874    1500.92    190.539    190.513         43 0.0000e+00
     225043   9376.759     44.696     45.000    28.2277    28.2312   5.780744   5.777208     3.0825     2.6101     101.31   27.99856  -86.62074   -0.00237   -0.00304     4.3295     4.3242    28.2170    28.2205    35.8981    35.8958    22.9989    22.9961    1500.92    189.006    188.776         34 0.0000e+00
     234941   9789.162      7.947      8.000    28.7813    28.7762   5.528046   5.524450     3.1412     2.6648       2.90   28.04974  -86.77970    0.00095   -0.00083     4.4360     4.4316    28.7795    28.7744    33.8025    33.7769    21.2483    21.2307    1503.67    193.997    193.808         32 0.0000e+00
     239149   9964.503      5.960      6.000    29.2563    29.2332   5.596983   5.594386     3.1975     2.7072      14.79   28.52686  -88.25580    0.00104   -0.00151     4.5209     4.5054    29.2549    29.2318    34.2157    34.1770    21.4930    21.4680    1529.25    197.734    197.057         48 0.0000e+00
     244859  10202.431      2.980      3.000    29.6213    29.6168   5.619358   5.619298     3.2462     2.7570      67.95   28.89505  -89.39515   -0.00022    0.00129     4.6006     4.6006    29.6206    29.6160    34.3253    34.3271    21.5252    21.5281    1548.99    201.265    201.263         51 0.0000e+00
     237325   9888.519      1.987      2.000    28.6929    28.6771   5.443942   5.443271     3.1460     2.6724     104.05   27.99836  -86.62100    0.00035   -0.00061     4.4590     4.4606    28.6924    28.6766    33.2587    33.2652    20.8591    20.8692    1500.92    195.068    195.139         55 0.0000e+00
