GOMECC/GOMECC-4/1db/rb2103_0021.cnv
* Sea-Bird SBE 9 Data File:
* FileName = C:\Users\scs.user.rb\CTD\GOMECC4\data\rb1203_002.hex
* Software Version Seasave V 7.26.7.107
* Temperature SN = 4799
* Conductivity SN = 3860
* Number of Bytes Per Scan = 41
* Number of Voltage Words = 4
* Number of Scans Averaged by the Deck Unit = 1
* NMEA Latitude = 27 00.26 N
* NMEA Longitude = 079 40.70 W
* NMEA UTC (Time) = Sep 14 2021  18:19:26
* NMEA baud rate = 4800
# nquan = 28
# nvalues = 430                         
# units = specified
# name 0 = scan: Scan Count
# name 1 = timeS: Time, Elapsed [seconds]
# name 2 = depSM: Depth [salt water, m]
# name 3 = prDM: Pressure, Digiquartz [db]
# name 4 = t090C: Temperature [ITS-90, deg C]
# name 5 = t190C: Temperature, 2 [ITS-90, deg C]
# name 6 = c0S/m: Conductivity [S/m]
# name 7 = c1S/m: Conductivity, 2 [S/m]
# name 8 = sbeox0V: Oxygen raw, SBE 43 [V]
# name 9 = sbeox1V: Oxygen raw, SBE 43, 2 [V]
# name 10 = altM: Altimeter [m]
# name 11 = latitude: Latitude [deg]
# name 12 = longitude: Longitude [deg]
# name 13 = sbox0dV/dT: Oxygen, SBE 43 [dov/dt]
# name 14 = sbox1dV/dT: Oxygen, SBE 43, 2 [dov/dt]
# name 15 = sbeox0ML/L: Oxygen, SBE 43 [ml/l], WS = 5
# name 16 = sbeox1ML/L: Oxygen, SBE 43, 2 [ml/l], WS = 5
# name 17 = potemp090C: Potential Temperature [ITS-90, deg C]
# name 18 = potemp190C: Potential Temperature, 2 [ITS-90, deg C]
# name 19 = sal00: Salinity, Practical [PSU]
# name 20 = sal11: Salinity, Practical, 2 [PSU]
# name 21 = sigma-é00: Density [sigma-theta, kg/m^3]
# name 22 = sigma-é11: Density, 2 [sigma-theta, kg/m^3]
# name 23 = avgsvCM: Average Sound Velocity [Chen-Millero, m/s], minP = 20, minS = 20
# name 24 = sbox0Mm/Kg: Oxygen, SBE 43 [umol/kg], WS = 5
# name 25 = sbox1Mm/Kg: Oxygen, SBE 43, 2 [umol/kg], WS = 5
# name 26 = nbin: number of scans per bin
# name 27 = flag: flag
# span 0 =      30707,     103643       
# span 1 =   1279.399,   4318.412       
# span 2 =      1.987,    533.768       
# span 3 =      2.000,    538.000       
# span 4 =     7.2808,    29.8601       
# span 5 =     7.2839,    29.8605       
# span 6 =   3.574070,   6.030589       
# span 7 =   3.574725,   6.030919       
# span 8 =     1.6418,     3.1837       
# span 9 =     1.3501,     2.7110       
# span 10 =       5.71,     102.40      
# span 11 =   26.97032,   27.30986      
# span 12 =  -80.52776,  -79.52298      
# span 13 =   -0.02776,    0.03429      
# span 14 =   -0.02835,    0.03313      
# span 15 =     2.6248,     4.4839      
# span 16 =     2.6651,     4.5059      
# span 17 =     7.2281,    29.8547      
# span 18 =     7.2312,    29.8551      
# span 19 =    34.9386,    37.0424      
# span 20 =    34.9401,    37.0462      
# span 21 =    22.7049,    27.3536      
# span 22 =    22.7064,    27.3526      
# span 23 =       0.00,    1546.37      
# span 24 =    114.133,    195.714      
# span 25 =    115.883,    196.660      
# span 26 =         30,         67      
# span 27 = 0.0000e+00, 0.0000e+00      
# interval = decibars: 1                
# start_time = Sep 14 2021 18:19:26 [NMEA time, header]
# bad_flag = -9.990e-29
*END*
[from data line 104]
      35341   1472.491    109.248    110.000    23.9627    23.9637   5.472215   5.472414     2.5558     2.1606     100.00   26.99982  -79.68170   -0.01288   -0.01042     3.6447     3.6695    23.9394    23.9403    37.0402    37.0409    25.2050    25.2052    1543.31    158.769    159.851         37 0.0000e+00
      35378   1474.036    110.240    111.000    23.9492    23.9494   5.470885   5.471068     2.5489     2.1565     100.00   26.99982  -79.68171   -0.00638   -0.00392     3.6322     3.6620    23.9257    23.9259    37.0410    37.0422    25.2097    25.2105    1543.25    158.224    159.522         36 0.0000e+00
      35412   1475.455    111.233    112.000    23.9314    23.9307   5.469078   5.469158     2.5463     2.1559     100.00   26.99984  -79.68172   -0.00399   -0.00209     3.6287     3.6622    23.9076    23.9070    37.0417    37.0428    25.2156    25.2166    1543.18    158.072    159.530         32 0.0000e+00
      35444   1476.779    112.226    113.000    23.9047    23.9048   5.466308   5.466519     2.5457     2.1546     100.00   26.99985  -79.68172   -0.00206   -0.00104     3.6297     3.6615    23.8807    23.8809    37.0424    37.0439    25.2242    25.2252    1543.12    158.113    159.498         32 0.0000e+00
      35475   1478.082    113.219    114.000    23.8545    23.8651   5.460807   5.461991     2.5457     2.1582     100.00   26.99986  -79.68172   -0.00067    0.00020     3.6337     3.6733    23.8305    23.8410    37.0419    37.0421    25.2387    25.2358    1543.05    158.287    160.011         31 0.0000e+00
      35507   1479.401    114.212    115.000    23.7181    23.7176   5.445322   5.445274     2.5423     2.1555     100.00   26.99986  -79.68174   -0.00072    0.00060     3.6353     3.6754    23.6939    23.6933    37.0367    37.0368    25.2754    25.2756    1542.99    158.351    160.098         33 0.0000e+00
      35543   1480.907    115.205    116.000    23.6375    23.6382   5.435788   5.435899     2.5392     2.1511      86.14   26.99987  -79.68174   -0.00173   -0.00140     3.6363     3.6723    23.6132    23.6139    37.0306    37.0309    25.2947    25.2947    1542.92    158.392    159.958         39 0.0000e+00
      35581   1482.497    116.198    117.000    23.5486    23.5612   5.424722   5.426232     2.5318     2.1469      90.13   26.99989  -79.68174   -0.00302   -0.00281     3.6282     3.6675    23.5258    23.5368    37.0181    37.0193    25.3110    25.3082    1542.85    158.034    159.750         36 0.0000e+00
      35614   1483.877    117.191    118.000    23.4369    23.4394   5.408981   5.409270     2.5246     2.1396     100.02   26.99990  -79.68174   -0.00448   -0.00402     3.6225     3.6613    23.4123    23.4147    36.9915    36.9917    25.3243    25.3237    1542.78    157.785    159.476         31 0.0000e+00
      35646   1485.224    118.183    119.000    23.3343    23.3447   5.394197   5.395651     2.5229     2.1402     100.00   26.99990  -79.68174   -0.00426   -0.00302     3.6270     3.6699    23.3095    23.3199    36.9631    36.9656    25.3329    25.3318    1542.71    157.978    159.847         34 0.0000e+00
      35682   1486.703    119.176    120.000    23.1961    23.2043   5.374164   5.375189     2.5257     2.1435     100.00   26.99992  -79.68176   -0.00165    0.00019     3.6432     3.6874    23.1712    23.1794    36.9237    36.9248    25.3435    25.3419    1542.64    158.684    160.611         36 0.0000e+00
      35715   1488.089    120.169    121.000    23.0771    23.0841   5.357177   5.358069     2.5319     2.1486     100.00   26.99992  -79.68176    0.00199    0.00191     3.6653     3.7078    23.0522    23.0592    36.8915    36.8926    25.3538    25.3526    1542.57    159.646    161.498         31 0.0000e+00
      35746   1489.375    121.162    122.000    22.9823    22.9826   5.345278   5.345568     2.5360     2.1560     100.00   26.99994  -79.68176    0.00353    0.00422     3.6808     3.7316    22.9572    22.9575    36.8785    36.8804    25.3715    25.3729    1542.50    160.316    162.531         31 0.0000e+00
      35779   1490.750    122.155    123.000    23.0279    23.0327   5.356395   5.357001     2.5337     2.1428     100.00   26.99994  -79.68177    0.00251    0.00237     3.6711     3.6971    23.0025    23.0073    36.9262    36.9269    25.3946    25.3937    1542.42    159.890    161.026         35 0.0000e+00
      35815   1492.247    123.148    124.000    22.9252    22.9238   5.342120   5.341956     2.5019     2.1123     100.00   26.99994  -79.68178   -0.00931   -0.01158     3.6163     3.6387    22.8998    22.8984    36.9012    36.9011    25.4055    25.4058    1542.35    157.503    158.476         36 0.0000e+00
      35851   1493.731    124.140    125.000    22.9442    22.9422   5.349492   5.349647     2.4897     2.1057      88.44   26.99996  -79.68178   -0.01383   -0.01339     3.5894     3.6218    22.9185    22.9165    36.9423    36.9451    25.4312    25.4340    1542.28    156.328    157.736         36 0.0000e+00
      35886   1495.192    125.133    126.000    22.9407    22.9392   5.353270   5.353138     2.4756     2.0917     100.04   26.99996  -79.68178   -0.01098   -0.00841     3.5604     3.5900    22.9148    22.9133    36.9743    36.9746    25.4566    25.4572    1542.21    155.059    156.349         34 0.0000e+00
      35920   1496.609    126.126    127.000    22.6835    22.6856   5.325115   5.325002     2.4440     2.0600     100.00   26.99998  -79.68178   -0.01283   -0.01286     3.5066     3.5292    22.6575    22.6596    36.9714    36.9688    25.5289    25.5263    1542.14    152.705    153.692         34 0.0000e+00
      35953   1497.980    127.119    128.000    22.6325    22.6334   5.319632   5.319870     2.4257     2.0452     100.00   26.99998  -79.68178   -0.01691   -0.01586     3.4805     3.5063    22.6064    22.6073    36.9714    36.9725    25.5436    25.5441    1542.07    151.568    152.692         33 0.0000e+00
      35986   1499.382    128.112    129.000    22.6147    22.6184   5.317861   5.318333     2.4154     2.0387      93.46   27.00000  -79.68178   -0.01404   -0.01141     3.4613     3.4929    22.5884    22.5922    36.9723    36.9728    25.5494    25.5487    1541.99    150.729    152.108         34 0.0000e+00
      36020   1500.804    129.104    130.000    22.4784    22.4776   5.303672   5.303462     2.4102     2.0353      99.96   27.00000  -79.68178   -0.00729   -0.00490     3.4599     3.4946    22.4521    22.4513    36.9762    36.9752    25.5915    25.5910    1541.92    150.663    152.175         34 0.0000e+00
      36054   1502.211    130.097    131.000    22.3663    22.3748   5.291180   5.291917     2.4083     2.0341     100.00   27.00002  -79.68178   -0.00370   -0.00234     3.4638     3.4986    22.3398    22.3483    36.9728    36.9714    25.6211    25.6176    1541.84    150.831    152.347         34 0.0000e+00
      36088   1503.627    131.090    132.000    22.0599    22.0648   5.253273   5.253644     2.4025     2.0314     100.00   27.00002  -79.68179   -0.00256   -0.00146     3.4722     3.5122    22.0335    22.0384    36.9340    36.9328    25.6787    25.6764    1541.77    151.188    152.929         34 0.0000e+00
      36123   1505.103    132.083    133.000    21.9983    21.9979   5.244896   5.244919     2.3954     2.0225      97.99   27.00002  -79.68180   -0.00388   -0.00285     3.4635     3.4978    21.9718    21.9713    36.9198    36.9204    25.6854    25.6860    1541.69    150.806    152.300         35 0.0000e+00
      36157   1506.516    133.075    134.000    21.8765    21.8996   5.227613   5.230466     2.3877     2.0179      99.06   27.00004  -79.68180   -0.00473   -0.00447     3.4566     3.4946    21.8499    21.8729    36.8862    36.8892    25.6942    25.6900    1541.61    150.505    152.160         33 0.0000e+00
      36192   1507.951    134.068    135.000    21.6121    21.6278   5.191538   5.193287     2.3754     2.0050     100.00   27.00004  -79.68180   -0.00595   -0.00534     3.4499     3.4836    21.5855    21.6012    36.8245    36.8250    25.7214    25.7174    1541.53    150.209    151.675         37 0.0000e+00
      36230   1509.546    135.061    136.000    21.4082    21.4052   5.164743   5.164017     2.3599     1.9885     100.00   27.00006  -79.68180   -0.00865   -0.00866     3.4326     3.4611    21.3816    21.3786    36.7844    36.7811    25.7477    25.7460    1541.44    149.451    150.694         39 0.0000e+00
      36265   1511.020    136.054    137.000    21.2689    21.2710   5.147377   5.147592     2.3473     1.9764      82.40   27.00006  -79.68180   -0.00932   -0.00963     3.4161     3.4425    21.2423    21.2443    36.7641    36.7641    25.7709    25.7703    1541.35    148.731    149.878         31 0.0000e+00
      36320   1513.278    138.039    139.000    21.0058    21.0220   5.113051   5.114320     2.3274     1.9594      99.98   26.99500  -79.66682   -0.00774   -0.00702     3.3931     3.4207    20.9790    20.9952    36.7072    36.7072    25.7996    25.7951    1540.88    147.723    148.928         34 0.0000e+00
      36363   1515.071    139.032    140.000    20.8980    20.8975   5.098880   5.098896     2.3136     1.9498     100.00   27.00008  -79.68180   -0.00839   -0.00663     3.3724     3.4067    20.8710    20.8705    36.6906    36.6913    25.8170    25.8176    1541.08    146.820    148.315         40 0.0000e+00
      36403   1516.742    140.025    141.000    20.8655    20.8635   5.095016   5.094925     2.3027     1.9407     100.00   27.00010  -79.68182   -0.00840   -0.00639     3.3518     3.3883    20.8384    20.8364    36.6871    36.6880    25.8232    25.8244    1540.98    145.923    147.513         38 0.0000e+00
      36438   1518.193    141.018    142.000    20.9150    20.9107   5.103358   5.103090     2.2977     1.9370     100.00   27.00010  -79.68182   -0.00610   -0.00484     3.3379     3.3767    20.8877    20.8834    36.7115    36.7131    25.8283    25.8307    1540.89    145.316    147.005         32 0.0000e+00
      36470   1519.532    142.011    143.000    21.0248    21.0160   5.124224   5.123206     2.2977     1.9406     100.00   27.00012  -79.68182   -0.00339   -0.00197     3.3299     3.3776    20.9971    20.9883    36.7854    36.7847    25.8546    25.8565    1540.80    144.964    147.040         33 0.0000e+00
      36503   1520.897    143.003    144.000    21.0749    21.0750   5.135933   5.136125     2.3035     1.9505     100.00   27.00012  -79.68182    0.00023    0.00245     3.3383     3.3962    21.0471    21.0471    36.8364    36.8379    25.8797    25.8809    1540.72    145.325    147.850         32 0.0000e+00
      36535   1522.256    143.996    145.000    21.0645    21.0678   5.135512   5.136042     2.3106     1.9542     100.00   27.00014  -79.68182    0.00366    0.00487     3.3542     3.4056    21.0364    21.0397    36.8417    36.8430    25.8867    25.8869    1540.64    146.020    148.257         34 0.0000e+00
      36572   1523.792    144.988    146.000    20.9723    20.9720   5.124897   5.124903     2.3135     1.9577      86.54   27.00014  -79.68183    0.00404    0.00377     3.3668     3.4202    20.9442    20.9438    36.8350    36.8354    25.9070    25.9074    1540.55    146.563    148.891         40 0.0000e+00
      36612   1525.445    145.981    147.000    20.9286    20.9279   5.119582   5.119625     2.3168     1.9615     100.24   27.00015  -79.68184    0.00216    0.00247     3.3771     3.4322    20.9002    20.8996    36.8294    36.8304    25.9148    25.9157    1540.48    147.012    149.411         37 0.0000e+00
      36647   1526.921    146.974    148.000    20.9035    20.9048   5.116581   5.116867     2.3204     1.9624     100.00   27.00016  -79.68184    0.00211    0.00169     3.3870     3.4364    20.8750    20.8763    36.8264    36.8276    25.9194    25.9199    1540.39    147.443    149.591         35 0.0000e+00
      36680   1528.308    147.967    149.000    20.8689    20.8721   5.112285   5.112772     2.3213     1.9642     100.00   27.00016  -79.68184    0.00198    0.00121     3.3917     3.4430    20.8403    20.8435    36.8212    36.8224    25.9249    25.9249    1540.31    147.645    149.881         32 0.0000e+00
      36712   1529.607    148.960    150.000    20.8275    20.8301   5.107148   5.107614     2.3209     1.9619      49.71   27.00018  -79.68184    0.00088    0.00057     3.3942     3.4407    20.7988    20.8013    36.8149    36.8156    25.9315    25.9313    1540.23    147.752    149.780         30 0.0000e+00
      36743   1530.917    149.952    151.000    20.7207    20.7300   5.093729   5.094751     2.3184     1.9572      99.23   27.00018  -79.68184   -0.00035   -0.00142     3.3965     3.4369    20.6918    20.7011    36.7981    36.7984    25.9477    25.9455    1540.15    147.852    149.611         34 0.0000e+00
      36781   1532.509    150.945    152.000    20.6506    20.6505   5.084886   5.084938     2.3121     1.9514     100.00   27.00020  -79.68185   -0.00224   -0.00321     3.3885     3.4291    20.6216    20.6215    36.7865    36.7870    25.9580    25.9584    1540.06    147.502    149.268         43 0.0000e+00
      36823   1534.267    151.938    153.000    20.5903    20.5931   5.077278   5.077610     2.3056     1.9438     100.00   27.00020  -79.68186   -0.00378   -0.00393     3.3793     3.4157    20.5611    20.5640    36.7765    36.7767    25.9668    25.9662    1539.98    147.101    148.683         38 0.0000e+00
      36857   1535.660    152.930    154.000    20.5404    20.5420   5.070944   5.071207     2.2998     1.9390     100.00   27.00022  -79.68186   -0.00386   -0.00409     3.3708     3.4081    20.5111    20.5128    36.7678    36.7684    25.9737    25.9737    1539.90    146.728    148.352         31 0.0000e+00
      36887   1536.934    153.923    155.000    20.4964    20.5001   5.065413   5.065919     2.2945     1.9343     100.00   27.00022  -79.68186   -0.00404   -0.00365     3.3634     3.4011    20.4670    20.4707    36.7604    36.7613    25.9800    25.9796    1539.82    146.407    148.048         31 0.0000e+00
      36922   1538.393    154.916    156.000    20.3839    20.3871   5.050699   5.051106     2.2878     1.9256     100.00   27.00024  -79.68186   -0.00420   -0.00428     3.3552     3.3855    20.3531    20.3578    36.7385    36.7392    25.9940    25.9937    1539.74    146.046    147.366         38 0.0000e+00
      36959   1539.932    155.909    157.000    20.3505    20.3508   5.046821   5.046980     2.2773     1.9165     100.00   27.00024  -79.68186   -0.00513   -0.00558     3.3371     3.3690    20.3209    20.3212    36.7343    36.7353    25.9995    26.0002    1539.66    145.259    146.647         35 0.0000e+00
      36994   1541.366    156.901    158.000    20.3028    20.3042   5.041330   5.041579     2.2712     1.9123      99.77   27.00024  -79.68186   -0.00599   -0.00533     3.3274     3.3627    20.2730    20.2744    36.7305    36.7313    26.0094    26.0097    1539.58    144.836    146.371         34 0.0000e+00
      37028   1542.778    157.893    159.000    20.2678    20.2711   5.037100   5.037585     2.2677     1.9110     100.00   27.00026  -79.68186   -0.00449   -0.00299     3.3228     3.3621    20.2378    20.2412    36.7259    36.7269    26.0153    26.0153    1539.50    144.633    146.344         34 0.0000e+00
      37062   1544.209    158.886    160.000    20.1785    20.1850   5.025763   5.026453     2.2637     1.9080     100.00   27.00026  -79.68188   -0.00268   -0.00139     3.3207     3.3611    20.1485    20.1549    36.7101    36.7102    26.0272    26.0256    1539.42    144.542    146.298         35 0.0000e+00
      37097   1545.675    159.879    161.000    20.0862    20.0913   5.014302   5.014934     2.2545     1.8984     100.00   27.00028  -79.68188   -0.00361   -0.00294     3.3076     3.3450    20.0560    20.0612    36.6959    36.6967    26.0411    26.0403    1539.33    143.969    145.597         35 0.0000e+00
