GOMECC/GOMECC-4/1db/rb2103_1131.ros
* Sea-Bird SBE 9 Data File:
* FileName = C:\Users\scs.user.rb\CTD\GOMECC4\data\rb2103_1131.hex
* Software Version Seasave V 7.26.7.107
* Temperature SN = 4799
* Conductivity SN = 3860
* Number of Bytes Per Scan = 41
* Number of Voltage Words = 4
* Number of Scans Averaged by the Deck Unit = 1
* NMEA Latitude = 22 12.33 N
* NMEA Longitude = 086 49.99 W
* NMEA UTC (Time) = Oct 15 2021  12:44:10
* NMEA baud rate = 4800
# nquan = 17
# nvalues = 1064                                  
# units = specified
# name 0 = scan: Scan Count
# name 1 = timeS: Time, Elapsed [seconds]
# name 2 = depSM: Depth [salt water, m]
# name 3 = prDM: Pressure, Digiquartz [db]
# name 4 = t090C: Temperature [ITS-90, deg C]
# name 5 = t190C: Temperature, 2 [ITS-90, deg C]
# name 6 = c0S/m: Conductivity [S/m]
# name 7 = c1S/m: Conductivity, 2 [S/m]
# name 8 = sbeox0V: Oxygen raw, SBE 43 [V]
# name 9 = sbeox1V: Oxygen raw, SBE 43, 2 [V]
# name 10 = altM: Altimeter [m]
# name 11 = latitude: Latitude [deg]
# name 12 = longitude: Longitude [deg]
# name 13 = sbox0dV/dT: Oxygen, SBE 43 [dov/dt]
# name 14 = sbox1dV/dT: Oxygen, SBE 43, 2 [dov/dt]
# name 15 = nbf: Bottles Fired
# name 16 = flag:  0.000e+00
# interval = seconds: 0.0416667
# start_time = Oct 15 2021 12:44:10 [NMEA time, header]
# bad_flag = -9.990e-29
*END*
[from data line 852]
      26657   1110.667     14.808     14.901    26.4768    26.5332   5.649129   5.645215     2.9438     2.4225      81.25   22.20542  -86.83250    0.00148    0.00611          7  0.000e+00
      26658   1110.708     14.848     14.942    26.4779    26.5311   5.649043   5.645215     2.9438     2.4225      81.25   22.20542  -86.83250    0.00128    0.00588          7  0.000e+00
      26659   1110.750     14.753     14.847    26.4761    26.5369   5.648895   5.647911     2.9426     2.4225      81.25   22.20542  -86.83250    0.00105    0.00564          7  0.000e+00
      26660   1110.792     14.808     14.901    26.4712    26.5533   5.648770   5.651098     2.9426     2.4225      81.25   22.20542  -86.83250    0.00084    0.00542          7  0.000e+00
      26661   1110.833     14.855     14.949    26.4683    26.5615   5.649597   5.653218     2.9414     2.4237      81.25   22.20542  -86.83250    0.00062    0.00519          7  0.000e+00
      26662   1110.875     14.753     14.847    26.4649    26.5565   5.651337   5.655433     2.9414     2.4249      81.25   22.20542  -86.83250    0.00039    0.00498          7  0.000e+00
      26663   1110.917     14.855     14.949    26.4698    26.5558   5.652383   5.658195     2.9402     2.4249      81.25   22.20542  -86.83250    0.00013    0.00476          7  0.000e+00
      26664   1110.958     14.801     14.894    26.4890    26.5540   5.652531   5.660799     2.9402     2.4261      81.22   22.20542  -86.83250   -0.00012    0.00455          7  0.000e+00
      26665   1111.000     14.808     14.901    26.5071    26.5584   5.652733   5.662541     2.9389     2.4274      81.25   22.20542  -86.83250   -0.00038    0.00438          7  0.000e+00
      26666   1111.042     14.753     14.847    26.5194    26.5837   5.652234   5.664132     2.9389     2.4286      81.25   22.20542  -86.83250   -0.00063    0.00420          7  0.000e+00
      26667   1111.083     14.808     14.901    26.5075    26.6255   5.650767   5.666633     2.9389     2.4298      81.25   22.20542  -86.83250   -0.00090    0.00404          7  0.000e+00
      26668   1111.125     14.808     14.901    26.4854    26.6511   5.649628   5.669135     2.9377     2.4298      81.25   22.20542  -86.83250   -0.00118    0.00387          7  0.000e+00
      26669   1111.167     14.808     14.901    26.4641    26.6765   5.649753   5.671250     2.9377     2.4322      81.25   22.20542  -86.83250   -0.00144    0.00372          7  0.000e+00
      26670   1111.208     14.753     14.847    26.4599    26.6773   5.650323   5.672668     2.9365     2.4322      81.29   22.20542  -86.83250   -0.00172    0.00356          7  0.000e+00
      26671   1111.250     14.855     14.949    26.4656    26.7017   5.650260   5.673666     2.9365     2.4322      81.29   22.20542  -86.83250   -0.00199    0.00340          7  0.000e+00
      26672   1111.292     14.753     14.847    26.4670    26.7542   5.650096   5.674877     2.9365     2.4335      81.29   22.20542  -86.83250   -0.00226    0.00325          7  0.000e+00
      26673   1111.333     14.808     14.901    26.4837    26.7772   5.650439   5.675828     2.9353     2.4347      81.29   22.20542  -86.83250   -0.00255    0.00311          7  0.000e+00
      26674   1111.375     14.808     14.901    26.5080    26.7816   5.651297   5.676493     2.9353     2.4359      81.29   22.20542  -86.83250   -0.00281    0.00298          7  0.000e+00
      26675   1111.417     14.801     14.894    26.5251    26.7867   5.652624   5.677096     2.9341     2.4359      81.29   22.20542  -86.83250   -0.00311    0.00283          7  0.000e+00
      26676   1111.458     14.754     14.847    26.5374    26.7920   5.654107   5.677397     2.9341     2.4371      81.29   22.20542  -86.83250   -0.00338    0.00270          7  0.000e+00
      26677   1111.500     14.808     14.901    26.5333    26.7912   5.654965   5.676778     2.9341     2.4383      81.27   22.20542  -86.83250   -0.00365    0.00258          7  0.000e+00
      26678   1111.542     14.808     14.901    26.5274    26.7767   5.655543   5.675606     2.9341     2.4383      81.29   22.20542  -86.83250   -0.00390    0.00247          7  0.000e+00
      26679   1111.583     14.808     14.901    26.5298    26.7710   5.655965   5.675075     2.9328     2.4383      81.32   22.20542  -86.83250   -0.00416    0.00235          7  0.000e+00
      26680   1111.625     14.754     14.847    26.5444    26.7694   5.655918   5.675083     2.9316     2.4396      81.29   22.20542  -86.83250   -0.00443    0.00224          7  0.000e+00
      26681   1111.667     14.801     14.894    26.5431    26.7664   5.655379   5.675178     2.9316     2.4408      81.29   22.20542  -86.83250   -0.00469    0.00215          7  0.000e+00
      26682   1111.708     14.808     14.901    26.5305    26.7634   5.654450   5.674845     2.9316     2.4408      81.29   22.20542  -86.83250   -0.00494    0.00205          7  0.000e+00
      26683   1111.750     14.808     14.901    26.5227    26.7541   5.653670   5.673926     2.9316     2.4420      81.29   22.20542  -86.83250   -0.00520    0.00197          7  0.000e+00
      26684   1111.792     14.754     14.847    26.5189    26.7366   5.653287   5.673134     2.9304     2.4420      81.29   22.20542  -86.83250   -0.00545    0.00189          7  0.000e+00
      26685   1111.833     14.808     14.901    26.5115    26.7209   5.653077   5.672786     2.9304     2.4432      81.29   22.20542  -86.83250   -0.00569    0.00182          7  0.000e+00
      26686   1111.875     14.808     14.901    26.5149    26.7016   5.653693   5.672168     2.9304     2.4444      81.29   22.20542  -86.83250   -0.00593    0.00176          7  0.000e+00
      26687   1111.917     14.801     14.895    26.5289    26.7033   5.654341   5.671558     2.9304     2.4444      81.29   22.20542  -86.83250   -0.00614    0.00171          7  0.000e+00
      26688   1111.958     14.754     14.847    26.5446    26.6915   5.654052   5.670893     2.9292     2.4457      81.29   22.20542  -86.83250   -0.00637    0.00168          7  0.000e+00
      26689   1112.000     14.808     14.901    26.5518    26.6530   5.653256   5.669603     2.9292     2.4469      81.29   22.20542  -86.83250   -0.00661    0.00166          7  0.000e+00
      26690   1112.042     14.808     14.901    26.5350    26.5711   5.653381   5.667719     2.9292     2.4481      81.29   22.20542  -86.83250   -0.00682    0.00167          7  0.000e+00
      26691   1112.083     14.808     14.901    26.5346    26.4947   5.653919   5.665764     2.9292     2.4469      81.29   22.20542  -86.83250   -0.00703    0.00167          7  0.000e+00
      26692   1112.125     14.808     14.901    26.5401    26.4504   5.654723   5.664791     2.9292     2.4481      81.29   22.20542  -86.83250   -0.00723    0.00168          7  0.000e+00
      26693   1112.167     14.801     14.895    26.5402    26.4722   5.654489   5.664569     2.9280     2.4493      81.29   22.20542  -86.83250   -0.00744    0.00171          7  0.000e+00
      26694   1112.208     14.808     14.901    26.5245    26.5172   5.652905   5.663982     2.9280     2.4505      81.32   22.20542  -86.83250   -0.00764    0.00177          7  0.000e+00
      26695   1112.250     14.808     14.901    26.5089    26.5604   5.651196   5.663728     2.9280     2.4518      81.32   22.20542  -86.83250   -0.00784    0.00185          7  0.000e+00
      26696   1112.292     14.808     14.901    26.4997    26.5578   5.649924   5.663704     2.9280     2.4518      81.34   22.20542  -86.83250   -0.00802    0.00195          7  0.000e+00
      26697   1112.333     14.808     14.901    26.4909    26.5201   5.648013   5.662898     2.9280     2.4530      81.34   22.20542  -86.83250   -0.00821    0.00207          7  0.000e+00
      26698   1112.375     14.808     14.901    26.4670    26.4914   5.645751   5.661164     2.9280     2.4530      81.32   22.20542  -86.83250   -0.00838    0.00220          7  0.000e+00
      26699   1112.417     14.801     14.895    26.4469    26.4848   5.644667   5.659455     2.9280     2.4542      81.34   22.20542  -86.83250   -0.00855    0.00235          7  0.000e+00
      26700   1112.458     14.808     14.901    26.4367    26.4632   5.644394   5.658735     2.9292     2.4554      81.34   22.20542  -86.83250   -0.00869    0.00254          7  0.000e+00
      26701   1112.500     14.808     14.901    26.4300    26.4378   5.643864   5.659408     2.9280     2.4567      81.32   22.20542  -86.83250   -0.00885    0.00275          7  0.000e+00
      26702   1112.542     14.808     14.901    26.4268    26.4937   5.643325   5.661544     2.9280     2.4567      81.32   22.20542  -86.83250   -0.00900    0.00296          7  0.000e+00
      26703   1112.583     14.808     14.901    26.4259    26.5388   5.643333   5.663388     2.9280     2.4567      81.32   22.20542  -86.83250   -0.00912    0.00319          7  0.000e+00
      26704   1112.625     14.855     14.949    26.4266    26.5759   5.643700   5.664084     2.9292     2.4579      81.32   22.20542  -86.83250   -0.00922    0.00345          7  0.000e+00
      26705   1112.667     14.801     14.895    26.4261    26.6261   5.643770   5.665350     2.9292     2.4591      81.32   22.20542  -86.83250   -0.00929    0.00373          7  0.000e+00
      26706   1112.708     14.808     14.901    26.4266    26.6895   5.643575   5.667004     2.9280     2.4591      81.34   22.20542  -86.83250   -0.00939    0.00402          7  0.000e+00
      26707   1112.750     14.855     14.949    26.4271    26.6945   5.643380   5.667455     2.9292     2.4591      81.32   22.20542  -86.83250   -0.00945    0.00433          7  0.000e+00
      26708   1112.792     14.808     14.901    26.4327    26.6716   5.643474   5.667028     2.9292     2.4603      81.34   22.20542  -86.83250   -0.00950    0.00466          7  0.000e+00
      26709   1112.833     14.808     14.901    26.4391    26.7026   5.644082   5.666521     2.9292     2.4615      81.34   22.20542  -86.83250   -0.00954    0.00500          7  0.000e+00
      26710   1112.875     14.848     14.942    26.4460    26.7333   5.644651   5.666536     2.9292     2.4615      81.32   22.20542  -86.83250   -0.00956    0.00537          7  0.000e+00
      26711   1112.917     14.855     14.949    26.4520    26.7061   5.644596   5.667059     2.9292     2.4615      81.34   22.20542  -86.83250   -0.00957    0.00573          7  0.000e+00
      26712   1112.958     14.808     14.901    26.4503    26.7007   5.644261   5.668564     2.9292     2.4615      81.32   22.20542  -86.83250   -0.00957    0.00611          7  0.000e+00
      26713   1113.000     14.855     14.949    26.4491    26.7178   5.644058   5.670085     2.9280     2.4628      81.32   22.20542  -86.83250   -0.00957    0.00650          7  0.000e+00
      26714   1113.042     14.808     14.901    26.4300    26.7355   5.642530   5.671074     2.9292     2.4628      81.34   22.20542  -86.83250   -0.00954    0.00687          7  0.000e+00
      26715   1113.083     14.855     14.949    26.3902    26.7402   5.639832   5.671043     2.9280     2.4628      81.34   22.20542  -86.83250   -0.00952    0.00726          7  0.000e+00
      26716   1113.125     14.849     14.942    26.3806    26.7130   5.637533   5.669998     2.9292     2.4640      81.32   22.20542  -86.83250   -0.00947    0.00767          7  0.000e+00
      26717   1113.167     14.855     14.949    26.3611    26.6768   5.635982   5.668612     2.9280     2.4640      81.32   22.20542  -86.83250   -0.00941    0.00808          7  0.000e+00
      26718   1113.208     14.808     14.901    26.3451    26.6539   5.635662   5.667242     2.9292     2.4652      81.32   22.20542  -86.83250   -0.00933    0.00850          7  0.000e+00
      26719   1113.250     14.903     14.997    26.3468    26.6224   5.636543   5.665928     2.9292     2.4652      81.32   22.20542  -86.83250   -0.00924    0.00892          7  0.000e+00
      26720   1113.292     14.808     14.902    26.3734    26.5898   5.638188   5.665058     2.9292     2.4652      81.32   22.20542  -86.83250   -0.00914    0.00933          7  0.000e+00
      26721   1113.333     14.855     14.949    26.3831    26.5936   5.639412   5.663846     2.9292     2.4652      81.32   22.20542  -86.83250   -0.00903    0.00973          7  0.000e+00
      26722   1113.375     14.849     14.942    26.3831    26.6248   5.640916   5.662120     2.9292     2.4664      81.32   22.20542  -86.83250   -0.00890    0.01014          7  0.000e+00
      26723   1113.417     14.855     14.949    26.3991    26.6160   5.643466   5.660117     2.9280     2.4664      81.32   22.20542  -86.83250   -0.00879    0.01053          7  0.000e+00
      26724   1113.458     14.855     14.949    26.4407    26.6003   5.645704   5.658558     2.9280     2.4664      81.32   22.20542  -86.83250   -0.00867    0.01092          7  0.000e+00
      26725   1113.500     14.855     14.949    26.4580    26.5841   5.647093   5.657617     2.9280     2.4664      81.32   22.20542  -86.83250   -0.00855    0.01127          7  0.000e+00
      26726   1113.542     14.855     14.949    26.4663    26.5705   5.648380   5.656762     2.9280     2.4664      81.32   22.20542  -86.83250   -0.00842    0.01160          7  0.000e+00
      26727   1113.583     14.808     14.902    26.4774    26.5640   5.648871   5.655829     2.9267     2.4664      81.32   22.20542  -86.83250   -0.00831    0.01193          7  0.000e+00
      26728   1113.625     14.903     14.997    26.4848    26.5544   5.648278   5.655402     2.9267     2.4676      81.32   22.20542  -86.83250   -0.00819    0.01224          7  0.000e+00
      26729   1113.667     14.855     14.949    26.4853    26.5646   5.647662   5.655773     2.9267     2.4676      81.32   22.20542  -86.83250   -0.00807    0.01253          7  0.000e+00
      26730   1113.708     14.855     14.949    26.5035    26.5792   5.647716   5.656216     2.9267     2.4676      81.34   22.20542  -86.83250   -0.00793    0.01281          7  0.000e+00
      26731   1113.750     14.855     14.949    26.5071    26.5712   5.647591   5.656201     2.9267     2.4676      81.32   22.20542  -86.83250   -0.00779    0.01306          7  0.000e+00
      26732   1113.792     14.855     14.949    26.4788    26.5697   5.647123   5.655963     2.9255     2.4676      81.32   22.20542  -86.83250   -0.00766    0.01328          7  0.000e+00
      26733   1113.833     14.855     14.949    26.4712    26.5691   5.646944   5.655394     2.9267     2.4676      81.32   22.20542  -86.83250   -0.00751    0.01348          7  0.000e+00
      26734   1113.875     14.903     14.997    26.4668    26.5631   5.646975   5.654958     2.9255     2.4676      81.32   22.20542  -86.83250   -0.00738    0.01365          7  0.000e+00
      26735   1113.917     14.855     14.949    26.4677    26.5633   5.647046   5.654539     2.9255     2.4676      81.32   22.20542  -86.83250   -0.00722    0.01379          7  0.000e+00
      28576   1190.625      2.616      2.633    28.6690    28.6712   5.870918   5.871130     3.1111     2.6325      93.26   22.20542  -86.83240   -0.00068   -0.00111          8  0.000e+00
      28577   1190.667      2.616      2.633    28.6689    28.6703   5.870966   5.871194     3.1111     2.6325      93.26   22.20542  -86.83240   -0.00071   -0.00108          8  0.000e+00
      28578   1190.708      2.664      2.681    28.6691    28.6701   5.870950   5.871178     3.1111     2.6325      93.26   22.20542  -86.83240   -0.00076   -0.00106          8  0.000e+00
      28579   1190.750      2.664      2.681    28.6689    28.6700   5.870902   5.871130     3.1111     2.6325      93.26   22.20542  -86.83240   -0.00081   -0.00103          8  0.000e+00
      28580   1190.792      2.664      2.681    28.6688    28.6701   5.870966   5.871154     3.1123     2.6325      93.26   22.20542  -86.83240   -0.00084   -0.00100          8  0.000e+00
