GOMECC/GOMECC-4/1db/rb2103_0401.ros
* Sea-Bird SBE 9 Data File:
* FileName = C:\Users\scs.user.rb\CTD\GOMECC4\data\rb2103_0401.hex
* Software Version Seasave V 7.26.7.107
* Temperature SN = 4799
* Conductivity SN = 3860
* Number of Bytes Per Scan = 41
* Number of Voltage Words = 4
* Number of Scans Averaged by the Deck Unit = 1
* NMEA Latitude = 27 54.62 N
* NMEA Longitude = 090 00.08 W
* NMEA UTC (Time) = Sep 25 2021  23:21:03
* NMEA baud rate = 4800
# nquan = 17
# nvalues = 2261                                  
# units = specified
# name 0 = scan: Scan Count
# name 1 = timeS: Time, Elapsed [seconds]
# name 2 = depSM: Depth [salt water, m]
# name 3 = prDM: Pressure, Digiquartz [db]
# name 4 = t090C: Temperature [ITS-90, deg C]
# name 5 = t190C: Temperature, 2 [ITS-90, deg C]
# name 6 = c0S/m: Conductivity [S/m]
# name 7 = c1S/m: Conductivity, 2 [S/m]
# name 8 = sbeox0V: Oxygen raw, SBE 43 [V]
# name 9 = sbeox1V: Oxygen raw, SBE 43, 2 [V]
# name 10 = altM: Altimeter [m]
# name 11 = latitude: Latitude [deg]
# name 12 = longitude: Longitude [deg]
# name 13 = sbox0dV/dT: Oxygen, SBE 43 [dov/dt]
# name 14 = sbox1dV/dT: Oxygen, SBE 43, 2 [dov/dt]
# name 15 = nbf: Bottles Fired
# name 16 = flag:  0.000e+00
# interval = seconds: 0.0416667
# start_time = Sep 25 2021 23:21:03 [NMEA time, header]
# bad_flag = -9.990e-29
*END*
[from data line 256]
      37554   1564.708    671.098    676.690     6.7353     6.7396   3.526348   3.526648     1.6777     1.3785      10.18   27.91158  -90.00244    0.00002   -0.00016          2  0.000e+00
      37555   1564.750    671.053    676.644     6.7345     6.7392   3.526264   3.526641     1.6777     1.3773      10.18   27.91158  -90.00244    0.00002   -0.00016          2  0.000e+00
      37556   1564.792    671.053    676.644     6.7338     6.7392   3.526167   3.526641     1.6764     1.3785      10.16   27.91158  -90.00244    0.00001   -0.00015          2  0.000e+00
      37557   1564.833    671.098    676.690     6.7337     6.7394   3.526148   3.526641     1.6764     1.3773      10.18   27.91158  -90.00244   -0.00001   -0.00017          2  0.000e+00
      37558   1564.875    671.053    676.644     6.7338     6.7390   3.526097   3.526621     1.6777     1.3785      10.16   27.91158  -90.00244   -0.00000   -0.00016          2  0.000e+00
      37559   1564.917    671.114    676.706     6.7314     6.7387   3.526039   3.526615     1.6789     1.3773      10.18   27.91158  -90.00244    0.00002   -0.00017          2  0.000e+00
      37560   1564.958    671.037    676.629     6.7294     6.7387   3.525974   3.526634     1.6777     1.3773      10.18   27.91158  -90.00244    0.00002   -0.00018          2  0.000e+00
      37561   1565.000    671.114    676.706     6.7290     6.7387   3.525962   3.526595     1.6777     1.3773      10.18   27.91158  -90.00244    0.00002   -0.00018          2  0.000e+00
      37562   1565.042    671.053    676.644     6.7286     6.7378   3.525936   3.526582     1.6764     1.3785      10.18   27.91158  -90.00244    0.00001   -0.00015          2  0.000e+00
      37563   1565.083    671.098    676.690     6.7285     6.7363   3.525949   3.526511     1.6777     1.3785      10.18   27.91158  -90.00244   -0.00001   -0.00014          2  0.000e+00
      43312   1804.625    526.163    530.361     8.9063     8.9426   3.737312   3.740555     1.6032     1.3077     100.00   27.91168  -90.00252    0.00039    0.00022          3  0.000e+00
      43313   1804.667    525.821    530.015     8.9261     8.9435   3.738425   3.740748     1.6020     1.3077     100.00   27.91168  -90.00252    0.00040    0.00021          3  0.000e+00
      43314   1804.708    525.768    529.962     8.9455     8.9460   3.739511   3.740801     1.6020     1.3077     100.00   27.91168  -90.00252    0.00041    0.00021          3  0.000e+00
      43315   1804.750    525.935    530.131     8.9478     8.9407   3.740440   3.740581     1.6020     1.3077     100.00   27.91168  -90.00252    0.00042    0.00020          3  0.000e+00
      43316   1804.792    525.828    530.023     8.9499     8.9331   3.740710   3.740068     1.6020     1.3077     100.00   27.91168  -90.00252    0.00043    0.00020          3  0.000e+00
      43317   1804.833    525.821    530.015     8.9484     8.9344   3.740499   3.739947     1.6020     1.3065     100.00   27.91168  -90.00252    0.00044    0.00017          3  0.000e+00
      43318   1804.875    525.768    529.962     8.9486     8.9387   3.740427   3.740114     1.6032     1.3065     100.00   27.91168  -90.00252    0.00047    0.00015          3  0.000e+00
      43319   1804.917    525.828    530.023     8.9424     8.9386   3.740381   3.740254     1.6032     1.3065     100.00   27.91168  -90.00252    0.00049    0.00013          3  0.000e+00
      43320   1804.958    525.821    530.016     8.9403     8.9412   3.740460   3.740508     1.6020     1.3065     100.00   27.91168  -90.00252    0.00050    0.00011          3  0.000e+00
      43321   1805.000    525.828    530.023     8.9427     8.9484   3.740572   3.740855     1.6020     1.3065     100.00   27.91168  -90.00252    0.00051    0.00008          3  0.000e+00
      43322   1805.042    525.760    529.954     8.9430     8.9507   3.740394   3.740962     1.6020     1.3065     100.00   27.91168  -90.00252    0.00051    0.00006          3  0.000e+00
      43323   1805.083    525.828    530.023     8.9369     8.9483   3.739999   3.740808     1.6032     1.3065     100.00   27.91168  -90.00252    0.00055    0.00004          3  0.000e+00
      43324   1805.125    525.714    529.908     8.9308     8.9451   3.739650   3.740655     1.6020     1.3065     100.00   27.91168  -90.00252    0.00056    0.00002          3  0.000e+00
      43325   1805.167    525.821    530.016     8.9292     8.9415   3.739518   3.740521     1.6032     1.3065     100.00   27.91168  -90.00252    0.00058    0.00000          3  0.000e+00
      43326   1805.208    525.714    529.908     8.9343     8.9397   3.739623   3.740428     1.6032     1.3065     100.00   27.91168  -90.00252    0.00061   -0.00002          3  0.000e+00
      43327   1805.250    525.821    530.016     8.9362     8.9396   3.739906   3.740488     1.6020     1.3053     100.00   27.91168  -90.00252    0.00059   -0.00006          3  0.000e+00
      43328   1805.292    525.768    529.962     8.9370     8.9451   3.739920   3.740741     1.6020     1.3053     100.00   27.91168  -90.00252    0.00060   -0.00009          3  0.000e+00
      43329   1805.333    525.707    529.901     8.9308     8.9507   3.739577   3.741035     1.6020     1.3053     100.00   27.91168  -90.00252    0.00060   -0.00014          3  0.000e+00
      43330   1805.375    525.768    529.962     8.9245     8.9530   3.739215   3.741302     1.6020     1.3053     100.00   27.91168  -90.00252    0.00059   -0.00018          3  0.000e+00
      43331   1805.417    525.714    529.908     8.9233     8.9532   3.739037   3.741596     1.6032     1.3053     100.00   27.91168  -90.00252    0.00062   -0.00021          3  0.000e+00
      43332   1805.458    525.760    529.954     8.9226     8.9547   3.738827   3.741923     1.6032     1.3053     100.00   27.91168  -90.00252    0.00064   -0.00025          3  0.000e+00
      43333   1805.500    525.715    529.908     8.9219     8.9585   3.738794   3.742109     1.6032     1.3053     100.00   27.91168  -90.00252    0.00066   -0.00028          3  0.000e+00
      43334   1805.542    525.760    529.954     8.9243     8.9621   3.738879   3.742189     1.6020     1.3053     100.00   27.91168  -90.00252    0.00066   -0.00031          3  0.000e+00
      43335   1805.583    525.768    529.962     8.9266     8.9659   3.738906   3.742430     1.6020     1.3053     100.00   27.91168  -90.00252    0.00064   -0.00035          3  0.000e+00
      43336   1805.625    525.715    529.908     8.9277     8.9675   3.738853   3.742577     1.6020     1.3040     100.00   27.91168  -90.00252    0.00064   -0.00039          3  0.000e+00
      43337   1805.667    525.760    529.954     8.9272     8.9667   3.738912   3.742750     1.6020     1.3040     100.00   27.91168  -90.00252    0.00066   -0.00044          3  0.000e+00
      43338   1805.708    525.715    529.908     8.9266     8.9662   3.739037   3.742904     1.6032     1.3040     100.00   27.91168  -90.00252    0.00069   -0.00049          3  0.000e+00
      43339   1805.750    525.760    529.954     8.9306     8.9667   3.739169   3.743030     1.6032     1.3040     100.00   27.91168  -90.00252    0.00071   -0.00053          3  0.000e+00
      43340   1805.792    525.715    529.908     8.9337     8.9662   3.739301   3.743091     1.6020     1.3040     100.00   27.91168  -90.00252    0.00069   -0.00058          3  0.000e+00
      43341   1805.833    525.707    529.901     8.9325     8.9657   3.739531   3.743104     1.6020     1.3040     100.00   27.91168  -90.00252    0.00067   -0.00062          3  0.000e+00
      43342   1805.875    525.768    529.962     8.9359     8.9674   3.739847   3.743077     1.6020     1.3040     100.00   27.91168  -90.00252    0.00068   -0.00066          3  0.000e+00
      43343   1805.917    525.715    529.908     8.9343     8.9690   3.740433   3.743070     1.6020     1.3040     100.00   27.91168  -90.00252    0.00068   -0.00072          3  0.000e+00
      43344   1805.958    525.760    529.954     8.9326     8.9687   3.741217   3.743064     1.6020     1.3040     100.00   27.91168  -90.00252    0.00066   -0.00076          3  0.000e+00
      43345   1806.000    525.768    529.962     8.9438     8.9695   3.741948   3.743017     1.6020     1.3040     100.00   27.91168  -90.00252    0.00066   -0.00080          3  0.000e+00
      43346   1806.042    525.760    529.954     8.9647     8.9702   3.742923   3.743004     1.6032     1.3040     100.00   27.91168  -90.00252    0.00067   -0.00084          3  0.000e+00
      43347   1806.083    525.715    529.908     8.9810     8.9697   3.744195   3.743050     1.6020     1.3040     100.00   27.91168  -90.00252    0.00064   -0.00087          3  0.000e+00
      43348   1806.125    525.768    529.962     8.9926     8.9700   3.745301   3.743117     1.6020     1.3040     100.00   27.91168  -90.00252    0.00064   -0.00091          3  0.000e+00
      43349   1806.167    525.821    530.016     8.9986     8.9736   3.745934   3.743211     1.6020     1.3040     100.00   27.91168  -90.00252    0.00063   -0.00095          3  0.000e+00
      43350   1806.208    525.715    529.908     9.0016     8.9771   3.745829   3.743204     1.6020     1.3040     100.00   27.91168  -90.00252    0.00063   -0.00098          3  0.000e+00
      43351   1806.250    525.821    530.016     8.9863     8.9773   3.744801   3.743077     1.6020     1.3040     100.00   27.91168  -90.00252    0.00062   -0.00101          3  0.000e+00
      43352   1806.292    525.768    529.962     8.9665     8.9729   3.743424   3.742910     1.6020     1.3040     100.00   27.91168  -90.00252    0.00061   -0.00104          3  0.000e+00
      43353   1806.333    525.760    529.955     8.9606     8.9668   3.742811   3.742617     1.6020     1.3040     100.00   27.91168  -90.00252    0.00058   -0.00108          3  0.000e+00
      43354   1806.375    525.829    530.024     8.9753     8.9616   3.743509   3.742510     1.6007     1.3040     100.00   27.91168  -90.00252    0.00054   -0.00111          3  0.000e+00
      43355   1806.417    525.768    529.962     8.9882     8.9591   3.745038   3.742550     1.6007     1.3028     100.00   27.91168  -90.00252    0.00053   -0.00115          3  0.000e+00
      43356   1806.458    525.821    530.016     9.0003     8.9591   3.746257   3.742590     1.6020     1.3040     100.00   27.91168  -90.00252    0.00051   -0.00118          3  0.000e+00
      43357   1806.500    525.829    530.024     9.0073     8.9622   3.746843   3.742603     1.6020     1.3028     100.00   27.91168  -90.00252    0.00048   -0.00122          3  0.000e+00
      43358   1806.542    525.821    530.016     9.0081     8.9654   3.746975   3.742577     1.6020     1.3028     100.00   27.91168  -90.00252    0.00047   -0.00126          3  0.000e+00
      43359   1806.583    525.829    530.024     9.0085     8.9654   3.747160   3.742490     1.6020     1.3028     100.00   27.91168  -90.00252    0.00044   -0.00131          3  0.000e+00
      43360   1806.625    525.829    530.024     9.0120     8.9632   3.747443   3.742350     1.6020     1.3028     100.00   27.91168  -90.00252    0.00041   -0.00134          3  0.000e+00
      43361   1806.667    525.875    530.070     9.0125     8.9583   3.747615   3.742230     1.6020     1.3028     100.00   27.91168  -90.00252    0.00040   -0.00138          3  0.000e+00
      43362   1806.708    525.829    530.024     9.0109     8.9543   3.747549   3.742310     1.6020     1.3040     100.00   27.91168  -90.00252    0.00039   -0.00140          3  0.000e+00
      43363   1806.750    525.821    530.016     9.0094     8.9534   3.746916   3.742510     1.6007     1.3028     100.00   27.91168  -90.00252    0.00034   -0.00144          3  0.000e+00
      43364   1806.792    525.882    530.077     8.9949     8.9527   3.745262   3.742570     1.6020     1.3028     100.00   27.91168  -90.00252    0.00033   -0.00147          3  0.000e+00
      43365   1806.833    525.882    530.077     8.9637     8.9540   3.743819   3.742543     1.6020     1.3040     100.00   27.91168  -90.00252    0.00033   -0.00149          3  0.000e+00
      43366   1806.875    525.875    530.070     8.9416     8.9561   3.743194   3.742583     1.6020     1.3028     100.00   27.91168  -90.00252    0.00030   -0.00152          3  0.000e+00
      43367   1806.917    525.882    530.078     8.9386     8.9607   3.742515   3.742724     1.6007     1.3040     100.00   27.91168  -90.00252    0.00029   -0.00153          3  0.000e+00
      43368   1806.958    525.935    530.131     8.9372     8.9642   3.742166   3.742790     1.6007     1.3040     100.00   27.91168  -90.00252    0.00024   -0.00154          3  0.000e+00
      43369   1807.000    525.882    530.078     8.9427     8.9649   3.742970   3.742797     1.6007     1.3040     100.00   27.91168  -90.00252    0.00019   -0.00155          3  0.000e+00
      43370   1807.042    525.875    530.070     8.9580     8.9633   3.744458   3.742723     1.6007     1.3040     100.00   27.91168  -90.00252    0.00016   -0.00156          3  0.000e+00
      43371   1807.083    525.882    530.078     8.9778     8.9631   3.745737   3.742777     1.6020     1.3040     100.00   27.91168  -90.00252    0.00014   -0.00157          3  0.000e+00
      43372   1807.125    525.943    530.139     8.9874     8.9667   3.746198   3.743104     1.6020     1.3040     100.00   27.91168  -90.00252    0.00013   -0.00158          3  0.000e+00
      43373   1807.167    525.936    530.131     8.9921     8.9697   3.746231   3.743344     1.6020     1.3040     100.00   27.91168  -90.00252    0.00011   -0.00159          3  0.000e+00
      43374   1807.208    525.943    530.139     8.9956     8.9666   3.746198   3.743471     1.6007     1.3040     100.00   27.91168  -90.00252    0.00006   -0.00159          3  0.000e+00
      43375   1807.250    525.989    530.185     8.9936     8.9703   3.746191   3.743718     1.6007     1.3040     100.00   27.91168  -90.00252    0.00003   -0.00160          3  0.000e+00
      43376   1807.292    525.943    530.139     8.9919     8.9698   3.746211   3.743491     1.6007     1.3040     100.00   27.91168  -90.00252   -0.00000   -0.00160          3  0.000e+00
      43377   1807.333    525.943    530.139     8.9941     8.9634   3.746244   3.743024     1.6020     1.3040     100.00   27.91168  -90.00252 1.5451e-12   -0.00160          3  0.000e+00
      43378   1807.375    525.989    530.185     8.9978     8.9601   3.746402   3.742677     1.6007     1.3040     100.00   27.91168  -90.00252   -0.00003   -0.00160          3  0.000e+00
      43379   1807.417    525.996    530.193     9.0018     8.9593   3.746778   3.742623     1.6020     1.3028     100.00   27.91168  -90.00252   -0.00005   -0.00162          3  0.000e+00
      43380   1807.458    525.936    530.131     9.0047     8.9613   3.747134   3.742657     1.6020     1.3040     100.00   27.91168  -90.00252   -0.00006   -0.00162          3  0.000e+00
      43381   1807.500    525.996    530.193     9.0048     8.9613   3.747219   3.742717     1.6007     1.3040     100.00   27.91168  -90.00252   -0.00010   -0.00162          3  0.000e+00
      43382   1807.542    525.996    530.193     9.0031     8.9652   3.747193   3.743111     1.6007     1.3040     100.00   27.91168  -90.00252   -0.00013   -0.00161          3  0.000e+00
      43383   1807.583    525.989    530.185     9.0048     8.9735   3.747134   3.743605     1.6007     1.3040     100.00   27.91168  -90.00252   -0.00015   -0.00159          3  0.000e+00
      43384   1807.625    526.050    530.247     9.0074     8.9760   3.747219   3.743905     1.6020     1.3040     100.00   27.91168  -90.00252   -0.00016   -0.00157          3  0.000e+00
      43385   1807.667    525.989    530.185     9.0088     8.9728   3.747279   3.744012     1.6007     1.3040     100.00   27.91168  -90.00252   -0.00018   -0.00154          3  0.000e+00
