GOMECC/GOMECC-4/1db/rb2103_1221.ros
* Sea-Bird SBE 9 Data File:
* FileName = C:\Users\scs.user.rb\CTD\GOMECC4\data\rb2103_1221.hex
* Software Version Seasave V 7.26.7.107
* Temperature SN = 4799
* Conductivity SN = 3860
* Number of Bytes Per Scan = 41
* Number of Voltage Words = 4
* Number of Scans Averaged by the Deck Unit = 1
* NMEA Latitude = 24 31.02 N
* NMEA Longitude = 080 37.81 W
* NMEA UTC (Time) = Oct 17 2021  20:29:11
* NMEA baud rate = 4800
# nquan = 17
# nvalues = 1995                                  
# units = specified
# name 0 = scan: Scan Count
# name 1 = timeS: Time, Elapsed [seconds]
# name 2 = depSM: Depth [salt water, m]
# name 3 = prDM: Pressure, Digiquartz [db]
# name 4 = t090C: Temperature [ITS-90, deg C]
# name 5 = t190C: Temperature, 2 [ITS-90, deg C]
# name 6 = c0S/m: Conductivity [S/m]
# name 7 = c1S/m: Conductivity, 2 [S/m]
# name 8 = sbeox0V: Oxygen raw, SBE 43 [V]
# name 9 = sbeox1V: Oxygen raw, SBE 43, 2 [V]
# name 10 = altM: Altimeter [m]
# name 11 = latitude: Latitude [deg]
# name 12 = longitude: Longitude [deg]
# name 13 = sbox0dV/dT: Oxygen, SBE 43 [dov/dt]
# name 14 = sbox1dV/dT: Oxygen, SBE 43, 2 [dov/dt]
# name 15 = nbf: Bottles Fired
# name 16 = flag:  0.000e+00
# interval = seconds: 0.0416667
# start_time = Oct 17 2021 20:29:11 [NMEA time, header]
# bad_flag = -9.990e-29
*END*
[from data line 1532]
      54906   2287.708     20.212     20.343    28.7980    28.7978   5.867896   5.867777     3.1453     2.6581     100.00   24.52804  -80.61176    0.00093   -0.00140         12  0.000e+00
      54907   2287.750     20.164     20.295    28.7983    28.7985   5.867951   5.867937     3.1465     2.6581     100.00   24.52804  -80.61176    0.00092   -0.00135         12  0.000e+00
      54908   2287.792     20.205     20.336    28.7991    28.7991   5.868039   5.868074     3.1465     2.6581     100.00   24.52806  -80.61174    0.00091   -0.00130         12  0.000e+00
      54909   2287.833     20.212     20.343    28.7991    28.7989   5.868094   5.868034     3.1465     2.6569     100.00   24.52806  -80.61174    0.00090   -0.00127         12  0.000e+00
      54910   2287.875     20.164     20.295    28.7989    28.7985   5.867999   5.867937     3.1465     2.6581     100.00   24.52806  -80.61174    0.00089   -0.00121         12  0.000e+00
      54911   2287.917     20.158     20.289    28.7980    28.7981   5.867824   5.867873     3.1465     2.6581     100.00   24.52806  -80.61174    0.00088   -0.00116         12  0.000e+00
      54912   2287.958     20.212     20.343    28.7970    28.7981   5.867444   5.867857     3.1477     2.6569     100.00   24.52806  -80.61174    0.00088   -0.00113         12  0.000e+00
      54913   2288.000     20.164     20.295    28.7958    28.7991   5.867230   5.868074     3.1465     2.6569     100.00   24.52806  -80.61174    0.00088   -0.00109         12  0.000e+00
      54914   2288.042     20.205     20.336    28.7956    28.7994   5.867016   5.868227     3.1465     2.6569     100.00   24.52806  -80.61174    0.00088   -0.00105         12  0.000e+00
      54915   2288.083     20.165     20.295    28.7956    28.7998   5.866992   5.868283     3.1477     2.6569     100.00   24.52806  -80.61174    0.00089   -0.00102         12  0.000e+00
      54916   2288.125     20.165     20.295    28.7950    28.7994   5.866968   5.868259     3.1477     2.6569     100.00   24.52806  -80.61174    0.00091   -0.00098         12  0.000e+00
      54917   2288.167     20.205     20.336    28.7947    28.7993   5.866889   5.868211     3.1477     2.6569     100.00   24.52806  -80.61174    0.00092   -0.00092         12  0.000e+00
      54918   2288.208     20.165     20.295    28.7941    28.7997   5.866683   5.868235     3.1477     2.6569     100.00   24.52806  -80.61174    0.00093   -0.00088         12  0.000e+00
      54919   2288.250     20.212     20.343    28.7947    28.7998   5.866841   5.868275     3.1477     2.6569     100.00   24.52806  -80.61174    0.00096   -0.00084         12  0.000e+00
      54920   2288.292     20.158     20.289    28.7954    28.7996   5.867158   5.868259     3.1477     2.6569     100.00   24.52806  -80.61174    0.00097   -0.00078         12  0.000e+00
      54921   2288.333     20.165     20.295    28.7967    28.7994   5.867499   5.868211     3.1490     2.6569     100.00   24.52806  -80.61174    0.00100   -0.00074         12  0.000e+00
      54922   2288.375     20.212     20.343    28.7969    28.7996   5.867618   5.868235     3.1490     2.6569     100.00   24.52806  -80.61174    0.00104   -0.00068         12  0.000e+00
      54923   2288.417     20.165     20.295    28.7976    28.7994   5.867737   5.868251     3.1490     2.6569     100.00   24.52806  -80.61174    0.00106   -0.00062         12  0.000e+00
      54924   2288.458     20.158     20.289    28.7978    28.7994   5.867809   5.868251     3.1490     2.6569     100.00   24.52806  -80.61174    0.00110   -0.00056         12  0.000e+00
      54925   2288.500     20.212     20.343    28.7982    28.7998   5.867856   5.868275     3.1490     2.6581     100.00   24.52806  -80.61174    0.00112   -0.00048         12  0.000e+00
      54926   2288.542     20.165     20.295    28.7983    28.7996   5.867943   5.868291     3.1490     2.6581     100.00   24.52806  -80.61174    0.00115   -0.00039         12  0.000e+00
      54927   2288.583     20.158     20.289    28.7985    28.7997   5.867999   5.868259     3.1490     2.6569     100.00   24.52806  -80.61174    0.00119   -0.00033         12  0.000e+00
      54928   2288.625     20.212     20.343    28.7987    28.7993   5.868046   5.868251     3.1490     2.6581     100.00   24.52806  -80.61174    0.00122   -0.00024         12  0.000e+00
      54929   2288.667     20.165     20.295    28.7989    28.7991   5.868023   5.868179     3.1490     2.6581     100.00   24.52806  -80.61174    0.00125   -0.00016         12  0.000e+00
      54930   2288.708     20.205     20.336    28.7991    28.7985   5.868086   5.868010     3.1490     2.6581     100.00   24.52806  -80.61174    0.00128   -0.00009         12  0.000e+00
      54931   2288.750     20.165     20.296    28.7991    28.7981   5.868142   5.867881     3.1490     2.6581     100.00   24.52806  -80.61174    0.00131   -0.00002         12  0.000e+00
      54932   2288.792     20.165     20.296    28.7991    28.7976   5.868118   5.867785     3.1490     2.6581     100.00   24.52806  -80.61174    0.00134    0.00004         12  0.000e+00
      54933   2288.833     20.205     20.336    28.7992    28.7972   5.868110   5.867584     3.1490     2.6581     100.00   24.52806  -80.61174    0.00136    0.00011         12  0.000e+00
      54934   2288.875     20.165     20.296    28.7989    28.7970   5.868039   5.867527     3.1490     2.6581     100.00   24.52806  -80.61174    0.00138    0.00018         12  0.000e+00
      54935   2288.917     20.165     20.296    28.7987    28.7967   5.868046   5.867527     3.1490     2.6581     100.00   24.52806  -80.61174    0.00141    0.00025         12  0.000e+00
      54936   2288.958     20.158     20.289    28.7987    28.7969   5.867991   5.867552     3.1490     2.6593     100.00   24.52806  -80.61174    0.00143    0.00034         12  0.000e+00
      54937   2289.000     20.212     20.343    28.7987    28.7969   5.867999   5.867608     3.1490     2.6581     100.00   24.52806  -80.61174    0.00145    0.00039         12  0.000e+00
      54938   2289.042     20.165     20.296    28.7985    28.7970   5.867975   5.867584     3.1490     2.6593      95.85   24.52806  -80.61174    0.00147    0.00046         12  0.000e+00
      54939   2289.083     20.205     20.336    28.7978    28.7970   5.867896   5.867576     3.1490     2.6593      87.62   24.52806  -80.61174    0.00148    0.00053         12  0.000e+00
      54940   2289.125     20.165     20.296    28.7976    28.7967   5.867872   5.867576     3.1490     2.6593      85.18   24.52806  -80.61174    0.00150    0.00059         12  0.000e+00
      54941   2289.167     20.212     20.343    28.7980    28.7969   5.867872   5.867576     3.1477     2.6581      85.37   24.52806  -80.61174    0.00150    0.00064         12  0.000e+00
      54942   2289.208     20.165     20.296    28.7982    28.7970   5.867872   5.867640     3.1477     2.6593      85.71   24.52806  -80.61174    0.00149    0.00070         12  0.000e+00
      54943   2289.250     20.205     20.337    28.7980    28.7974   5.867801   5.867736     3.1490     2.6581      85.79   24.52806  -80.61174    0.00150    0.00073         12  0.000e+00
      54944   2289.292     20.212     20.343    28.7982    28.7974   5.867848   5.867696     3.1477     2.6593      85.79   24.52806  -80.61174    0.00150    0.00076         12  0.000e+00
      54945   2289.333     20.165     20.296    28.7980    28.7974   5.867832   5.867672     3.1490     2.6581      85.76   24.52806  -80.61174    0.00151    0.00077         12  0.000e+00
      54946   2289.375     20.158     20.289    28.7974    28.7967   5.867682   5.867560     3.1477     2.6581      85.76   24.52806  -80.61174    0.00151    0.00078         12  0.000e+00
      54947   2289.417     20.212     20.343    28.7965    28.7967   5.867563   5.867552     3.1477     2.6593      85.79   24.52806  -80.61174    0.00150    0.00081         12  0.000e+00
      54948   2289.458     20.212     20.343    28.7963    28.7970   5.867468   5.867568     3.1477     2.6581      85.76   24.52806  -80.61174    0.00149    0.00082         12  0.000e+00
      54949   2289.500     20.158     20.289    28.7963    28.7969   5.867444   5.867608     3.1477     2.6593      85.76   24.52806  -80.61174    0.00148    0.00085         12  0.000e+00
      54950   2289.542     20.212     20.343    28.7965    28.7969   5.867476   5.867552     3.1490     2.6581      85.76   24.52806  -80.61174    0.00149    0.00086         12  0.000e+00
      54951   2289.583     20.212     20.343    28.7965    28.7965   5.867491   5.867560     3.1477     2.6593      85.76   24.52806  -80.61174    0.00147    0.00089         12  0.000e+00
      54952   2289.625     20.158     20.289    28.7965    28.7972   5.867491   5.867680     3.1477     2.6593      85.76   24.52806  -80.61174    0.00145    0.00091         12  0.000e+00
      54953   2289.667     20.212     20.343    28.7967    28.7978   5.867420   5.867929     3.1477     2.6593      85.76   24.52806  -80.61174    0.00144    0.00093         12  0.000e+00
      54954   2289.708     20.212     20.343    28.7963    28.7985   5.867428   5.868114     3.1490     2.6593      85.76   24.52806  -80.61174    0.00142    0.00096         12  0.000e+00
      54955   2289.750     20.206     20.337    28.7963    28.7993   5.867444   5.868227     3.1490     2.6593      85.76   24.52806  -80.61174    0.00140    0.00098         12  0.000e+00
      54956   2289.792     20.165     20.296    28.7963    28.7994   5.867404   5.868283     3.1490     2.6606      85.76   24.52806  -80.61172    0.00140    0.00103         12  0.000e+00
      54957   2289.833     20.212     20.343    28.7958    28.7994   5.867277   5.868331     3.1477     2.6606      85.76   24.52806  -80.61172    0.00137    0.00109         12  0.000e+00
      54958   2289.875     20.111     20.241    28.7958    28.7994   5.867245   5.868275     3.1477     2.6606      85.76   24.52806  -80.61172    0.00135    0.00114         12  0.000e+00
      54959   2289.917     20.253     20.384    28.7958    28.7993   5.867174   5.868171     3.1477     2.6606      85.76   24.52806  -80.61172    0.00131    0.00119         12  0.000e+00
      54960   2289.958     20.212     20.344    28.7954    28.7987   5.867079   5.867970     3.1465     2.6606      85.76   24.52806  -80.61172    0.00125    0.00124         12  0.000e+00
      54961   2290.000     20.212     20.344    28.7948    28.7983   5.867055   5.867801     3.1477     2.6606      88.86   24.52806  -80.61172    0.00122    0.00129         12  0.000e+00
      54962   2290.042     20.206     20.337    28.7947    28.7978   5.867016   5.867696     3.1465     2.6606      97.56   24.52806  -80.61172    0.00116    0.00134         12  0.000e+00
      54963   2290.083     20.212     20.344    28.7947    28.7972   5.866968   5.867600     3.1465     2.6606     100.00   24.52806  -80.61172    0.00109    0.00139         12  0.000e+00
      54964   2290.125     20.165     20.296    28.7947    28.7970   5.866920   5.867503     3.1465     2.6593     100.00   24.52806  -80.61172    0.00104    0.00142         12  0.000e+00
      54965   2290.167     20.206     20.337    28.7947    28.7967   5.866984   5.867503     3.1465     2.6593     100.00   24.52806  -80.61172    0.00099    0.00145         12  0.000e+00
      54966   2290.208     20.212     20.344    28.7947    28.7967   5.866968   5.867415     3.1453     2.6593     100.00   24.52806  -80.61172    0.00093    0.00149         12  0.000e+00
      54967   2290.250     20.212     20.344    28.7945    28.7969   5.866849   5.867415     3.1453     2.6593     100.00   24.52806  -80.61172    0.00084    0.00154         12  0.000e+00
      54968   2290.292     20.206     20.337    28.7945    28.7972   5.866817   5.867535     3.1465     2.6593     100.00   24.52806  -80.61172    0.00079    0.00159         12  0.000e+00
      54969   2290.333     20.165     20.296    28.7954    28.7970   5.867103   5.867463     3.1453     2.6593     100.00   24.52806  -80.61172    0.00072    0.00163         12  0.000e+00
      57291   2387.083     10.130     10.196    28.6774    28.6784   5.811076   5.811403     3.1453     2.6654     100.00   24.52874  -80.61066   -0.00081   -0.00024         13  0.000e+00
      57292   2387.125     10.076     10.141    28.6770    28.6790   5.811147   5.811371     3.1453     2.6654     100.00   24.52874  -80.61066   -0.00085   -0.00023         13  0.000e+00
      57293   2387.167     10.130     10.196    28.6776    28.6780   5.811131   5.811307     3.1453     2.6654     100.00   24.52874  -80.61066   -0.00087   -0.00021         13  0.000e+00
      57294   2387.208      9.982     10.046    28.6774    28.6777   5.811187   5.811339     3.1453     2.6654     100.00   24.52874  -80.61066   -0.00090   -0.00023         13  0.000e+00
      57295   2387.250     10.076     10.142    28.6774    28.6777   5.811179   5.811291     3.1453     2.6654      99.95   24.52874  -80.61066   -0.00092   -0.00026         13  0.000e+00
      57296   2387.292     10.029     10.094    28.6776    28.6772   5.811171   5.811243     3.1453     2.6654     100.00   24.52874  -80.61066   -0.00093   -0.00026         13  0.000e+00
      57297   2387.333     10.131     10.196    28.6774    28.6780   5.811131   5.811291     3.1465     2.6642     100.00   24.52874  -80.61066   -0.00093   -0.00026         13  0.000e+00
      57298   2387.375      9.982     10.046    28.6770    28.6779   5.811123   5.811275     3.1453     2.6630     100.00   24.52874  -80.61066   -0.00094   -0.00029         13  0.000e+00
      57299   2387.417     10.076     10.142    28.6772    28.6778   5.811052   5.811211     3.1465     2.6642     100.00   24.52874  -80.61066   -0.00094   -0.00029         13  0.000e+00
      57300   2387.458      9.928      9.992    28.6769    28.6777   5.811029   5.811283     3.1465     2.6630     100.00   24.52874  -80.61066   -0.00093   -0.00031         13  0.000e+00
      57301   2387.500     10.131     10.196    28.6769    28.6779   5.811013   5.811315     3.1465     2.6630     100.00   24.52874  -80.61066   -0.00091   -0.00033         13  0.000e+00
      57302   2387.542     10.076     10.142    28.6769    28.6778   5.811092   5.811291     3.1465     2.6630     100.00   24.52874  -80.61066   -0.00090   -0.00035         13  0.000e+00
      57303   2387.583     10.029     10.094    28.6769    28.6777   5.811052   5.811235     3.1477     2.6618     100.00   24.52874  -80.61066   -0.00087   -0.00035         13  0.000e+00
      57304   2387.625     10.029     10.094    28.6769    28.6779   5.811029   5.811251     3.1477     2.6618     100.00   24.52874  -80.61066   -0.00084   -0.00037         13  0.000e+00
      57305   2387.667     10.076     10.142    28.6767    28.6778   5.810989   5.811243     3.1477     2.6618     100.00   24.52874  -80.61066   -0.00081   -0.00040         13  0.000e+00
      57306   2387.708     10.029     10.094    28.6769    28.6777   5.811013   5.811259     3.1465     2.6618     100.00   24.52874  -80.61066   -0.00077   -0.00043         13  0.000e+00
      57307   2387.750     10.029     10.094    28.6767    28.6777   5.811060   5.811299     3.1465     2.6618     100.00   24.52874  -80.61066   -0.00074   -0.00043         13  0.000e+00
      57308   2387.792     10.029     10.094    28.6767    28.6772   5.811060   5.811187     3.1477     2.6618     100.00   24.52876  -80.61064   -0.00069   -0.00044         13  0.000e+00
      57309   2387.833     10.029     10.094    28.6767    28.6771   5.811037   5.811163     3.1465     2.6618     100.00   24.52876  -80.61064   -0.00066   -0.00048         13  0.000e+00
      57310   2387.875     10.029     10.094    28.6767    28.6771   5.810989   5.811171     3.1477     2.6618     100.00   24.52876  -80.61064   -0.00060   -0.00049         13  0.000e+00
      57311   2387.917     10.029     10.094    28.6763    28.6771   5.810934   5.811146     3.1477     2.6618     100.00   24.52876  -80.61064   -0.00055   -0.00050         13  0.000e+00
