GOMECC/GOMECC-4/1db/rb2103_0151.ros
* Sea-Bird SBE 9 Data File:
* FileName = C:\Users\scs.user.rb\CTD\GOMECC4\data\rb2103_0151.hex
* Software Version Seasave V 7.26.7.107
* Temperature SN = 4799
* Conductivity SN = 3860
* Number of Bytes Per Scan = 41
* Number of Voltage Words = 4
* Number of Scans Averaged by the Deck Unit = 1
* NMEA Latitude = 27 19.93 N
* NMEA Longitude = 084 00.24 W
* NMEA UTC (Time) = Sep 19 2021  03:18:27
* NMEA baud rate = 4800
# nquan = 17
# nvalues = 1197                                  
# units = specified
# name 0 = scan: Scan Count
# name 1 = timeS: Time, Elapsed [seconds]
# name 2 = depSM: Depth [salt water, m]
# name 3 = prDM: Pressure, Digiquartz [db]
# name 4 = t090C: Temperature [ITS-90, deg C]
# name 5 = t190C: Temperature, 2 [ITS-90, deg C]
# name 6 = c0S/m: Conductivity [S/m]
# name 7 = c1S/m: Conductivity, 2 [S/m]
# name 8 = sbeox0V: Oxygen raw, SBE 43 [V]
# name 9 = sbeox1V: Oxygen raw, SBE 43, 2 [V]
# name 10 = altM: Altimeter [m]
# name 11 = latitude: Latitude [deg]
# name 12 = longitude: Longitude [deg]
# name 13 = sbox0dV/dT: Oxygen, SBE 43 [dov/dt]
# name 14 = sbox1dV/dT: Oxygen, SBE 43, 2 [dov/dt]
# name 15 = nbf: Bottles Fired
# name 16 = flag:  0.000e+00
# interval = seconds: 0.0416667
# start_time = Sep 19 2021 03:18:27 [NMEA time, header]
# bad_flag = -9.990e-29
*END*
[from data line 852]
      39688   1653.625     10.549     10.620    29.1387    29.1445   5.837456   5.838399     3.1404     2.6667      59.95   27.33382  -83.99960    0.00165   -0.00137          7  0.000e+00
      39689   1653.667     10.375     10.445    29.1387    29.1445   5.837527   5.838351     3.1404     2.6642      59.95   27.33382  -83.99960    0.00167   -0.00142          7  0.000e+00
      39690   1653.708     10.451     10.521    29.1387    29.1445   5.837527   5.838335     3.1404     2.6642      59.95   27.33382  -83.99960    0.00169   -0.00146          7  0.000e+00
      39691   1653.750     10.436     10.505    29.1389    29.1449   5.837464   5.838407     3.1392     2.6667      59.95   27.33382  -83.99960    0.00169   -0.00145          7  0.000e+00
      39692   1653.792     10.398     10.467    29.1385    29.1455   5.837432   5.838447     3.1392     2.6667      59.95   27.33382  -83.99960    0.00169   -0.00145          7  0.000e+00
      39693   1653.833     10.375     10.445    29.1387    29.1461   5.837432   5.838503     3.1392     2.6654      59.95   27.33382  -83.99960    0.00169   -0.00146          7  0.000e+00
      39694   1653.875     10.511     10.581    29.1385    29.1467   5.837440   5.838559     3.1392     2.6642      59.95   27.33382  -83.99960    0.00169   -0.00149          7  0.000e+00
      39695   1653.917     10.375     10.445    29.1387    29.1476   5.837472   5.838607     3.1392     2.6654      59.95   27.33382  -83.99960    0.00169   -0.00150          7  0.000e+00
      39696   1653.958     10.451     10.521    29.1387    29.1480   5.837487   5.838656     3.1392     2.6642      59.95   27.33382  -83.99960    0.00169   -0.00153          7  0.000e+00
      39697   1654.000     10.549     10.620    29.1387    29.1480   5.837448   5.838680     3.1392     2.6667      59.95   27.33382  -83.99960    0.00166   -0.00152          7  0.000e+00
      39698   1654.042     10.398     10.467    29.1387    29.1480   5.837432   5.838672     3.1392     2.6667      59.95   27.33382  -83.99960    0.00164   -0.00151          7  0.000e+00
      39699   1654.083     10.549     10.620    29.1385    29.1482   5.837440   5.838672     3.1392     2.6654      59.95   27.33382  -83.99960    0.00162   -0.00151          7  0.000e+00
      39700   1654.125     10.398     10.467    29.1387    29.1480   5.837400   5.838672     3.1392     2.6654      59.95   27.33382  -83.99960    0.00159   -0.00151          7  0.000e+00
      39701   1654.167     10.602     10.673    29.1387    29.1480   5.837464   5.838648     3.1392     2.6679      59.95   27.33382  -83.99960    0.00155   -0.00148          7  0.000e+00
      39702   1654.208     10.375     10.445    29.1385    29.1480   5.837479   5.838696     3.1392     2.6654      59.95   27.33382  -83.99960    0.00151   -0.00148          7  0.000e+00
      39703   1654.250     10.625     10.696    29.1387    29.1482   5.837440   5.838720     3.1392     2.6667      59.95   27.33382  -83.99960    0.00146   -0.00146          7  0.000e+00
      39704   1654.292     10.489     10.559    29.1389    29.1482   5.837479   5.838680     3.1392     2.6667      59.95   27.33382  -83.99960    0.00141   -0.00143          7  0.000e+00
      39705   1654.333     10.451     10.521    29.1391    29.1482   5.837519   5.838680     3.1392     2.6679      59.90   27.33382  -83.99960    0.00136   -0.00137          7  0.000e+00
      39706   1654.375     10.655     10.726    29.1393    29.1482   5.837535   5.838672     3.1392     2.6679      59.85   27.33382  -83.99960    0.00131   -0.00132          7  0.000e+00
      39707   1654.417     10.398     10.467    29.1394    29.1480   5.837495   5.838672     3.1380     2.6679      59.83   27.33382  -83.99960    0.00124   -0.00126          7  0.000e+00
      39708   1654.458     10.549     10.619    29.1393    29.1480   5.837511   5.838672     3.1380     2.6679      59.85   27.33382  -83.99960    0.00117   -0.00120          7  0.000e+00
      39709   1654.500     10.625     10.696    29.1393    29.1482   5.837575   5.838648     3.1380     2.6691      59.83   27.33382  -83.99960    0.00110   -0.00112          7  0.000e+00
      39710   1654.542     10.489     10.559    29.1391    29.1484   5.837503   5.838696     3.1380     2.6691      59.85   27.33382  -83.99960    0.00103   -0.00104          7  0.000e+00
      39711   1654.583     10.511     10.581    29.1393    29.1480   5.837487   5.838720     3.1380     2.6691      59.83   27.33382  -83.99960    0.00096   -0.00097          7  0.000e+00
      39712   1654.625     10.489     10.559    29.1393    29.1482   5.837479   5.838720     3.1380     2.6703      59.85   27.33382  -83.99960    0.00088   -0.00089          7  0.000e+00
      39713   1654.667     10.564     10.635    29.1394    29.1480   5.837511   5.838680     3.1380     2.6703      59.85   27.33382  -83.99960    0.00081   -0.00081          7  0.000e+00
      39714   1654.708     10.602     10.673    29.1394    29.1478   5.837575   5.838648     3.1380     2.6716      59.85   27.33382  -83.99960    0.00073   -0.00071          7  0.000e+00
      39715   1654.750     10.549     10.619    29.1396    29.1475   5.837543   5.838624     3.1380     2.6703      59.85   27.33382  -83.99960    0.00065   -0.00063          7  0.000e+00
      39716   1654.792     10.511     10.581    29.1394    29.1471   5.837503   5.838551     3.1380     2.6716      59.85   27.33382  -83.99960    0.00057   -0.00054          7  0.000e+00
      39717   1654.833     10.602     10.673    29.1396    29.1467   5.837519   5.838527     3.1355     2.6716      59.85   27.33382  -83.99960    0.00046   -0.00044          7  0.000e+00
      39718   1654.875     10.511     10.581    29.1394    29.1469   5.837527   5.838543     3.1368     2.6716      59.83   27.33382  -83.99960    0.00036   -0.00037          7  0.000e+00
      39719   1654.917     10.602     10.673    29.1394    29.1475   5.837535   5.838600     3.1368     2.6716      59.85   27.33382  -83.99960    0.00026   -0.00029          7  0.000e+00
      39720   1654.958     10.564     10.635    29.1396    29.1476   5.837527   5.838656     3.1368     2.6716      59.85   27.33382  -83.99960    0.00018   -0.00021          7  0.000e+00
      39721   1655.000     10.549     10.619    29.1394    29.1479   5.837535   5.838632     3.1368     2.6716      59.85   27.33382  -83.99960    0.00010   -0.00014          7  0.000e+00
      39722   1655.042     10.511     10.581    29.1394    29.1478   5.837495   5.838640     3.1368     2.6716      59.83   27.33382  -83.99960    0.00002   -0.00006          7  0.000e+00
      39723   1655.083     10.655     10.726    29.1394    29.1475   5.837551   5.838624     3.1368     2.6716      59.85   27.33382  -83.99960   -0.00006    0.00001          7  0.000e+00
      39724   1655.125     10.451     10.521    29.1394    29.1471   5.837551   5.838551     3.1368     2.6716      59.85   27.33382  -83.99960   -0.00014    0.00010          7  0.000e+00
      39725   1655.167     10.549     10.619    29.1393    29.1469   5.837567   5.838527     3.1368     2.6716      59.83   27.33382  -83.99960   -0.00023    0.00017          7  0.000e+00
      39726   1655.208     10.625     10.696    29.1394    29.1467   5.837511   5.838600     3.1380     2.6728      59.85   27.33382  -83.99960   -0.00028    0.00028          7  0.000e+00
      39727   1655.250     10.602     10.673    29.1394    29.1467   5.837480   5.838600     3.1380     2.6728      59.85   27.33382  -83.99960   -0.00032    0.00039          7  0.000e+00
      39728   1655.292     10.549     10.619    29.1394    29.1473   5.837551   5.838616     3.1380     2.6728      59.83   27.33382  -83.99960   -0.00039    0.00049          7  0.000e+00
      39729   1655.333     10.451     10.521    29.1394    29.1473   5.837511   5.838623     3.1380     2.6728      59.85   27.33382  -83.99960   -0.00044    0.00060          7  0.000e+00
      39730   1655.375     10.655     10.726    29.1394    29.1474   5.837519   5.838656     3.1380     2.6728      59.83   27.33382  -83.99960   -0.00047    0.00070          7  0.000e+00
      39731   1655.417     10.564     10.635    29.1394    29.1476   5.837503   5.838616     3.1380     2.6728      59.83   27.33382  -83.99960   -0.00050    0.00081          7  0.000e+00
      39732   1655.458     10.436     10.505    29.1394    29.1475   5.837479   5.838615     3.1380     2.6728      59.83   27.33382  -83.99960   -0.00054    0.00091          7  0.000e+00
      39733   1655.500     10.678     10.749    29.1391    29.1474   5.837511   5.838624     3.1380     2.6740      59.83   27.33382  -83.99960   -0.00057    0.00103          7  0.000e+00
      39734   1655.542     10.489     10.559    29.1393    29.1477   5.837464   5.838583     3.1380     2.6740      59.85   27.33382  -83.99960   -0.00060    0.00115          7  0.000e+00
      39735   1655.583     10.511     10.581    29.1393    29.1478   5.837503   5.838591     3.1380     2.6740      59.85   27.33382  -83.99960   -0.00063    0.00127          7  0.000e+00
      39736   1655.625     10.489     10.559    29.1391    29.1477   5.837464   5.838648     3.1380     2.6740      59.85   27.33382  -83.99960   -0.00066    0.00138          7  0.000e+00
      39737   1655.667     10.564     10.635    29.1391    29.1474   5.837472   5.838672     3.1380     2.6740      59.85   27.33382  -83.99960   -0.00070    0.00150          7  0.000e+00
      39738   1655.708     10.549     10.619    29.1391    29.1477   5.837511   5.838632     3.1380     2.6740      59.83   27.33382  -83.99960   -0.00073    0.00161          7  0.000e+00
      39739   1655.750     10.398     10.467    29.1391    29.1476   5.837503   5.838640     3.1380     2.6728      59.83   27.33382  -83.99960   -0.00076    0.00169          7  0.000e+00
      39740   1655.792     10.602     10.673    29.1389    29.1475   5.837448   5.838624     3.1380     2.6728      59.83   27.33382  -83.99960   -0.00079    0.00177          7  0.000e+00
      39741   1655.833     10.436     10.505    29.1389    29.1473   5.837440   5.838623     3.1380     2.6728      59.85   27.33382  -83.99960   -0.00081    0.00184          7  0.000e+00
      39742   1655.875     10.564     10.635    29.1391    29.1471   5.837472   5.838624     3.1380     2.6716      59.83   27.33382  -83.99960   -0.00082    0.00190          7  0.000e+00
      39743   1655.917     10.549     10.619    29.1387    29.1471   5.837440   5.838551     3.1380     2.6716      59.85   27.33382  -83.99960   -0.00083    0.00196          7  0.000e+00
      39744   1655.958     10.451     10.521    29.1389    29.1467   5.837479   5.838575     3.1380     2.6703      59.85   27.33382  -83.99960   -0.00085    0.00198          7  0.000e+00
      39745   1656.000     10.436     10.505    29.1389    29.1465   5.837479   5.838575     3.1368     2.6703      59.83   27.33382  -83.99960   -0.00088    0.00202          7  0.000e+00
      39746   1656.042     10.511     10.581    29.1387    29.1469   5.837487   5.838575     3.1380     2.6703      59.83   27.33382  -83.99960   -0.00089    0.00206          7  0.000e+00
      39747   1656.083     10.489     10.559    29.1389    29.1469   5.837448   5.838535     3.1380     2.6691      59.83   27.33382  -83.99960   -0.00090    0.00206          7  0.000e+00
      39748   1656.125     10.511     10.581    29.1389    29.1469   5.837464   5.838543     3.1368     2.6691      59.83   27.33382  -83.99960   -0.00091    0.00206          7  0.000e+00
      39749   1656.167     10.436     10.505    29.1389    29.1465   5.837527   5.838527     3.1368     2.6691      59.85   27.33382  -83.99960   -0.00094    0.00206          7  0.000e+00
      39750   1656.208     10.451     10.521    29.1387    29.1464   5.837456   5.838487     3.1368     2.6691      59.83   27.33382  -83.99960   -0.00095    0.00206          7  0.000e+00
      39751   1656.250     10.489     10.559    29.1387    29.1461   5.837480   5.838479     3.1368     2.6691      59.83   27.33382  -83.99960   -0.00096    0.00206          7  0.000e+00
      39752   1656.292     10.511     10.581    29.1391    29.1460   5.837519   5.838455     3.1368     2.6691      59.85   27.33382  -83.99960   -0.00096    0.00206          7  0.000e+00
      39753   1656.333     10.375     10.444    29.1391    29.1459   5.837487   5.838471     3.1368     2.6691      59.83   27.33382  -83.99960   -0.00097    0.00205          7  0.000e+00
      39754   1656.375     10.375     10.444    29.1393    29.1454   5.837527   5.838407     3.1368     2.6691      59.88   27.33382  -83.99960   -0.00098    0.00203          7  0.000e+00
      39755   1656.417     10.511     10.581    29.1393    29.1449   5.837527   5.838415     3.1368     2.6691      59.95   27.33382  -83.99960   -0.00098    0.00201          7  0.000e+00
      39756   1656.458     10.322     10.391    29.1394    29.1445   5.837535   5.838431     3.1368     2.6691      59.95   27.33382  -83.99960   -0.00098    0.00197          7  0.000e+00
      39757   1656.500     10.451     10.521    29.1393    29.1440   5.837495   5.838375     3.1368     2.6691      59.95   27.33382  -83.99960   -0.00098    0.00192          7  0.000e+00
      39758   1656.542     10.436     10.505    29.1393    29.1446   5.837479   5.838335     3.1368     2.6691      59.95   27.33382  -83.99960   -0.00099    0.00188          7  0.000e+00
      39759   1656.583     10.398     10.467    29.1393    29.1443   5.837527   5.838263     3.1368     2.6691      59.95   27.33382  -83.99960   -0.00099    0.00180          7  0.000e+00
      39760   1656.625     10.375     10.444    29.1394    29.1449   5.837527   5.838271     3.1368     2.6691      59.95   27.33382  -83.99960   -0.00098    0.00172          7  0.000e+00
      39761   1656.667     10.398     10.467    29.1394    29.1449   5.837535   5.838230     3.1368     2.6691      59.95   27.33382  -83.99960   -0.00098    0.00166          7  0.000e+00
      39762   1656.708     10.375     10.444    29.1393    29.1445   5.837566   5.838238     3.1380     2.6691      59.95   27.33382  -83.99960   -0.00096    0.00156          7  0.000e+00
      39763   1656.750     10.398     10.467    29.1396    29.1445   5.837535   5.838311     3.1380     2.6691      59.95   27.33382  -83.99960   -0.00094    0.00149          7  0.000e+00
      39764   1656.792     10.375     10.444    29.1394    29.1446   5.837535   5.838335     3.1380     2.6691      59.95   27.33382  -83.99960   -0.00092    0.00141          7  0.000e+00
      39765   1656.833     10.345     10.414    29.1394    29.1445   5.837598   5.838311     3.1380     2.6679      59.95   27.33382  -83.99960   -0.00089    0.00131          7  0.000e+00
      39766   1656.875     10.322     10.391    29.1400    29.1446   5.837598   5.838327     3.1380     2.6679      59.95   27.33382  -83.99960   -0.00087    0.00122          7  0.000e+00
      41754   1739.708      3.626      3.650    29.1472    29.1499   5.838188   5.838604     3.1404     2.6679      66.13   27.33380  -83.99960   -0.00018   -0.00137          8  0.000e+00
      41755   1739.750      4.450      4.479    29.1472    29.1497   5.838196   5.838548     3.1404     2.6679      66.13   27.33380  -83.99960   -0.00018   -0.00137          8  0.000e+00
      41756   1739.792      4.238      4.266    29.1474    29.1488   5.838164   5.838540     3.1404     2.6679      66.13   27.33380  -83.99960   -0.00018   -0.00136          8  0.000e+00
      41757   1739.833      4.299      4.327    29.1474    29.1480   5.838148   5.838452     3.1392     2.6667      66.13   27.33380  -83.99960   -0.00020   -0.00136          8  0.000e+00
      41758   1739.875      4.283      4.312    29.1476    29.1477   5.838220   5.838460     3.1404     2.6679      66.11   27.33380  -83.99960   -0.00020   -0.00135          8  0.000e+00
