GOMECC/GOMECC-4/1db/rb2103_1001.ros
* Sea-Bird SBE 9 Data File:
* FileName = C:\Users\scs.user.rb\CTD\GOMECC4\data\rb2103_1001.hex
* Software Version Seasave V 7.26.7.107
* Temperature SN = 4799
* Conductivity SN = 3860
* Number of Bytes Per Scan = 41
* Number of Voltage Words = 4
* Number of Scans Averaged by the Deck Unit = 1
* NMEA Latitude = 22 32.53 N
* NMEA Longitude = 088 00.00 W
* NMEA UTC (Time) = Oct 12 2021  13:22:20
* NMEA baud rate = 4800
# nquan = 17
# nvalues = 1596                                  
# units = specified
# name 0 = scan: Scan Count
# name 1 = timeS: Time, Elapsed [seconds]
# name 2 = depSM: Depth [salt water, m]
# name 3 = prDM: Pressure, Digiquartz [db]
# name 4 = t090C: Temperature [ITS-90, deg C]
# name 5 = t190C: Temperature, 2 [ITS-90, deg C]
# name 6 = c0S/m: Conductivity [S/m]
# name 7 = c1S/m: Conductivity, 2 [S/m]
# name 8 = sbeox0V: Oxygen raw, SBE 43 [V]
# name 9 = sbeox1V: Oxygen raw, SBE 43, 2 [V]
# name 10 = altM: Altimeter [m]
# name 11 = latitude: Latitude [deg]
# name 12 = longitude: Longitude [deg]
# name 13 = sbox0dV/dT: Oxygen, SBE 43 [dov/dt]
# name 14 = sbox1dV/dT: Oxygen, SBE 43, 2 [dov/dt]
# name 15 = nbf: Bottles Fired
# name 16 = flag:  0.000e+00
# interval = seconds: 0.0416667
# start_time = Oct 12 2021 13:22:20 [NMEA time, header]
# bad_flag = -9.990e-29
*END*
[from data line 86]
      15455    643.917     48.054     48.363    23.4824    23.4867   5.355168   5.355854     2.4139     2.0232       5.03   22.54222  -88.00066    0.00090   -0.00057          1  0.000e+00
      15456    643.958     47.952     48.260    23.4822    23.4874   5.355214   5.355885     2.4151     2.0232       5.03   22.54222  -88.00066    0.00090   -0.00050          1  0.000e+00
      15457    644.000     48.000     48.308    23.4824    23.4888   5.355237   5.355939     2.4139     2.0244       5.03   22.54222  -88.00066    0.00088   -0.00041          1  0.000e+00
      15458    644.042     48.054     48.363    23.4828    23.4896   5.355207   5.355916     2.4139     2.0232       5.03   22.54222  -88.00066    0.00086   -0.00034          1  0.000e+00
      15459    644.083     48.000     48.308    23.4826    23.4888   5.355199   5.355939     2.4151     2.0232       5.03   22.54222  -88.00066    0.00084   -0.00026          1  0.000e+00
      15460    644.125     48.000     48.308    23.4801    23.4879   5.355024   5.355908     2.4151     2.0232       5.03   22.54222  -88.00066    0.00084   -0.00019          1  0.000e+00
      15461    644.167     48.000     48.308    23.4774    23.4878   5.354772   5.355838     2.4151     2.0244       5.03   22.54222  -88.00066    0.00084   -0.00010          1  0.000e+00
      15462    644.208     48.000     48.308    23.4765    23.4868   5.354642   5.355823     2.4151     2.0244       5.03   22.54222  -88.00066    0.00083   -0.00001          1  0.000e+00
      15463    644.250     48.000     48.308    23.4755    23.4854   5.354581   5.355753     2.4151     2.0232       5.01   22.54222  -88.00066    0.00081    0.00006          1  0.000e+00
      15464    644.292     48.000     48.308    23.4744    23.4847   5.354543   5.355684     2.4139     2.0244       5.03   22.54222  -88.00066    0.00077    0.00015          1  0.000e+00
      15465    644.333     48.034     48.342    23.4747    23.4847   5.354627   5.355684     2.4139     2.0244       5.03   22.54222  -88.00066    0.00075    0.00023          1  0.000e+00
      15466    644.375     48.000     48.308    23.4765    23.4842   5.354665   5.355552     2.4139     2.0244       5.03   22.54222  -88.00066    0.00072    0.00032          1  0.000e+00
      15467    644.417     48.000     48.308    23.4774    23.4843   5.354726   5.355537     2.4151     2.0244       5.03   22.54222  -88.00066    0.00072    0.00041          1  0.000e+00
      15468    644.458     48.054     48.363    23.4778    23.4845   5.354886   5.355645     2.4139     2.0244       5.03   22.54222  -88.00066    0.00069    0.00050          1  0.000e+00
      15469    644.500     48.000     48.308    23.4783    23.4845   5.354963   5.355684     2.4139     2.0244       5.01   22.54222  -88.00066    0.00067    0.00058          1  0.000e+00
      15470    644.542     48.000     48.308    23.4792    23.4847   5.355069   5.355715     2.4139     2.0244       5.03   22.54222  -88.00066    0.00064    0.00067          1  0.000e+00
      15471    644.583     48.000     48.308    23.4802    23.4845   5.355107   5.355699     2.4139     2.0244       5.03   22.54222  -88.00066    0.00062    0.00075          1  0.000e+00
      15472    644.625     48.000     48.308    23.4806    23.4847   5.355115   5.355676     2.4139     2.0244       5.01   22.54222  -88.00066    0.00057    0.00084          1  0.000e+00
      15473    644.667     48.054     48.363    23.4803    23.4845   5.355001   5.355684     2.4139     2.0244       5.01   22.54222  -88.00066    0.00055    0.00093          1  0.000e+00
      15474    644.708     48.000     48.308    23.4786    23.4845   5.354772   5.355715     2.4151     2.0244       5.03   22.54222  -88.00066    0.00052    0.00101          1  0.000e+00
      15475    644.750     48.000     48.308    23.4774    23.4850   5.354779   5.355699     2.4139     2.0244       5.03   22.54222  -88.00066    0.00049    0.00110          1  0.000e+00
      15476    644.792     48.000     48.308    23.4770    23.4856   5.354764   5.355707     2.4139     2.0244       5.03   22.54222  -88.00066    0.00046    0.00118          1  0.000e+00
      15477    644.833     48.054     48.363    23.4769    23.4859   5.354818   5.355723     2.4139     2.0244       5.03   22.54222  -88.00066    0.00043    0.00126          1  0.000e+00
      15478    644.875     48.000     48.308    23.4774    23.4860   5.354909   5.355761     2.4151     2.0244       5.03   22.54222  -88.00066    0.00042    0.00133          1  0.000e+00
      15479    644.917     48.000     48.308    23.4790    23.4870   5.355001   5.355707     2.4139     2.0244       5.03   22.54222  -88.00066    0.00037    0.00139          1  0.000e+00
      15480    644.958     48.000     48.308    23.4810    23.4875   5.355085   5.355676     2.4139     2.0244       5.01   22.54222  -88.00066    0.00034    0.00146          1  0.000e+00
      15481    645.000     48.000     48.308    23.4815    23.4883   5.355176   5.355715     2.4139     2.0244       5.03   22.54222  -88.00066    0.00031    0.00152          1  0.000e+00
      15482    645.042     48.054     48.363    23.4820    23.4863   5.355130   5.355661     2.4151     2.0244       5.03   22.54222  -88.00066    0.00030    0.00159          1  0.000e+00
      15483    645.083     48.000     48.308    23.4822    23.4833   5.355176   5.355545     2.4151     2.0232       5.01   22.54222  -88.00066    0.00028    0.00163          1  0.000e+00
      15484    645.125     48.000     48.308    23.4822    23.4813   5.355153   5.355429     2.4139     2.0232       5.03   22.54222  -88.00066    0.00025    0.00167          1  0.000e+00
      15485    645.167     48.000     48.308    23.4810    23.4811   5.355123   5.355452     2.4139     2.0244       5.03   22.54222  -88.00066    0.00022    0.00174          1  0.000e+00
      15486    645.208     48.000     48.308    23.4810    23.4833   5.355115   5.355599     2.4151     2.0244       5.03   22.54222  -88.00066    0.00020    0.00180          1  0.000e+00
      15487    645.250     48.054     48.363    23.4813    23.4849   5.355168   5.355676     2.4139     2.0244       5.03   22.54222  -88.00066    0.00017    0.00186          1  0.000e+00
      15488    645.292     48.000     48.308    23.4820    23.4825   5.355229   5.355645     2.4151     2.0244       5.03   22.54222  -88.00066    0.00015    0.00190          1  0.000e+00
      15489    645.333     48.000     48.308    23.4828    23.4806   5.355275   5.355607     2.4151     2.0244       5.03   22.54222  -88.00066    0.00015    0.00194          1  0.000e+00
      15490    645.375     48.054     48.363    23.4831    23.4813   5.355245   5.355498     2.4151     2.0244       5.03   22.54222  -88.00066    0.00013    0.00198          1  0.000e+00
      15491    645.417     48.000     48.308    23.4829    23.4813   5.355275   5.355429     2.4151     2.0244       5.03   22.54222  -88.00066    0.00011    0.00200          1  0.000e+00
      15492    645.458     48.000     48.308    23.4833    23.4815   5.355290   5.355475     2.4151     2.0244       5.03   22.54222  -88.00066    0.00009    0.00204          1  0.000e+00
      15493    645.500     48.000     48.308    23.4833    23.4820   5.355321   5.355506     2.4151     2.0244       5.03   22.54222  -88.00066    0.00007    0.00207          1  0.000e+00
      15494    645.542     48.054     48.363    23.4833    23.4824   5.355290   5.355475     2.4151     2.0244       5.03   22.54222  -88.00066    0.00005    0.00209          1  0.000e+00
      15495    645.583     47.952     48.260    23.4822    23.4825   5.355191   5.355467     2.4151     2.0244       5.03   22.54222  -88.00066    0.00003    0.00211          1  0.000e+00
      15496    645.625     48.000     48.308    23.4824    23.4823   5.355184   5.355514     2.4151     2.0244       5.03   22.54222  -88.00066    0.00002    0.00212          1  0.000e+00
      15497    645.667     48.054     48.363    23.4824    23.4825   5.355222   5.355514     2.4151     2.0244       5.01   22.54222  -88.00066    0.00002    0.00213          1  0.000e+00
      15498    645.708     48.000     48.308    23.4828    23.4833   5.355275   5.355514     2.4151     2.0244       5.03   22.54222  -88.00066    0.00001    0.00213          1  0.000e+00
      15499    645.750     48.000     48.308    23.4831    23.4833   5.355252   5.355537     2.4151     2.0244       5.03   22.54222  -88.00066    0.00001    0.00212          1  0.000e+00
      15500    645.792     48.000     48.308    23.4829    23.4833   5.355275   5.355537     2.4151     2.0244       5.03   22.54222  -88.00066 3.5168e-07    0.00211          1  0.000e+00
      15501    645.833     48.054     48.363    23.4836    23.4835   5.355313   5.355514     2.4151     2.0244       5.03   22.54222  -88.00066   -0.00001    0.00210          1  0.000e+00
      15591    649.583     48.203     48.513    23.4838    23.4885   5.355374   5.355939     2.4151     2.0220       4.98   22.54222  -88.00066   -0.00023   -0.00036          2  0.000e+00
      15592    649.625     47.851     48.158    23.4838    23.4886   5.355344   5.355916     2.4151     2.0220       4.98   22.54222  -88.00066   -0.00021   -0.00038          2  0.000e+00
      15593    649.667     48.250     48.560    23.4840    23.4879   5.355336   5.355939     2.4164     2.0220       4.98   22.54222  -88.00066   -0.00018   -0.00040          2  0.000e+00
      15594    649.708     47.952     48.260    23.4840    23.4874   5.355329   5.355885     2.4164     2.0220       4.98   22.54222  -88.00066   -0.00014   -0.00042          2  0.000e+00
      15595    649.750     48.101     48.410    23.4845    23.4868   5.355367   5.355916     2.4164     2.0220       4.98   22.54222  -88.00066   -0.00011   -0.00044          2  0.000e+00
      15596    649.792     48.054     48.363    23.4844    23.4870   5.355382   5.355916     2.4164     2.0220       4.98   22.54222  -88.00066   -0.00008   -0.00045          2  0.000e+00
      15597    649.833     48.054     48.363    23.4847    23.4870   5.355435   5.355939     2.4164     2.0220       4.98   22.54222  -88.00066   -0.00005   -0.00047          2  0.000e+00
      15598    649.875     48.054     48.363    23.4844    23.4870   5.355435   5.355885     2.4164     2.0220       4.98   22.54222  -88.00066   -0.00001   -0.00049          2  0.000e+00
      15599    649.917     48.000     48.308    23.4842    23.4868   5.355390   5.355885     2.4164     2.0220       4.98   22.54222  -88.00066    0.00002   -0.00051          2  0.000e+00
      15600    649.958     48.054     48.363    23.4838    23.4870   5.355382   5.355900     2.4164     2.0220       4.98   22.54222  -88.00066    0.00005   -0.00052          2  0.000e+00
      15601    650.000     48.054     48.363    23.4840    23.4872   5.355374   5.355908     2.4164     2.0220       4.98   22.54222  -88.00066    0.00008   -0.00054          2  0.000e+00
      15602    650.042     48.054     48.363    23.4840    23.4870   5.355412   5.355838     2.4164     2.0220       4.98   22.54222  -88.00066    0.00011   -0.00055          2  0.000e+00
      15603    650.083     48.054     48.363    23.4838    23.4872   5.355359   5.355939     2.4164     2.0232       4.98   22.54222  -88.00066    0.00014   -0.00055          2  0.000e+00
      15604    650.125     48.054     48.363    23.4835    23.4872   5.355359   5.355924     2.4164     2.0220       4.98   22.54222  -88.00066    0.00016   -0.00056          2  0.000e+00
      15605    650.167     48.000     48.308    23.4838    23.4874   5.355374   5.355877     2.4164     2.0232       4.98   22.54222  -88.00066    0.00018   -0.00055          2  0.000e+00
      15606    650.208     48.054     48.363    23.4838    23.4873   5.355382   5.355893     2.4164     2.0220       4.98   22.54222  -88.00066    0.00021   -0.00057          2  0.000e+00
      15607    650.250     48.000     48.308    23.4842    23.4874   5.355336   5.355931     2.4164     2.0232       5.01   22.54222  -88.00066    0.00024   -0.00056          2  0.000e+00
      15608    650.292     48.054     48.363    23.4842    23.4873   5.355397   5.355947     2.4164     2.0232       5.01   22.54222  -88.00066    0.00027   -0.00055          2  0.000e+00
      15609    650.333     48.054     48.363    23.4842    23.4876   5.355390   5.355815     2.4164     2.0232       5.01   22.54222  -88.00066    0.00030   -0.00055          2  0.000e+00
      15610    650.375     48.000     48.308    23.4844    23.4876   5.355382   5.355846     2.4164     2.0232       4.98   22.54222  -88.00066    0.00031   -0.00054          2  0.000e+00
      15611    650.417     48.054     48.363    23.4840    23.4875   5.355374   5.355954     2.4164     2.0232       5.01   22.54222  -88.00066    0.00034   -0.00053          2  0.000e+00
      15612    650.458     48.000     48.308    23.4838    23.4874   5.355412   5.355923     2.4151     2.0232       5.01   22.54222  -88.00066    0.00034   -0.00052          2  0.000e+00
      15613    650.500     48.054     48.363    23.4840    23.4872   5.355390   5.355877     2.4164     2.0244       5.01   22.54222  -88.00066    0.00037   -0.00050          2  0.000e+00
      15614    650.542     48.000     48.308    23.4840    23.4870   5.355374   5.355962     2.4164     2.0232       5.01   22.54222  -88.00066    0.00038   -0.00049          2  0.000e+00
      15615    650.583     48.054     48.363    23.4840    23.4872   5.355374   5.355985     2.4164     2.0244       5.01   22.54222  -88.00066    0.00040   -0.00046          2  0.000e+00
      15616    650.625     48.000     48.308    23.4844    23.4872   5.355382   5.355962     2.4164     2.0232       5.01   22.54222  -88.00066    0.00043   -0.00045          2  0.000e+00
      15617    650.667     48.000     48.308    23.4844    23.4878   5.355405   5.355985     2.4164     2.0244       5.01   22.54222  -88.00066    0.00045   -0.00043          2  0.000e+00
      15618    650.708     48.054     48.363    23.4845    23.4875   5.355420   5.356032     2.4164     2.0244       5.01   22.54222  -88.00066    0.00048   -0.00040          2  0.000e+00
      15619    650.750     48.000     48.308    23.4847    23.4878   5.355489   5.356001     2.4164     2.0244       5.01   22.54222  -88.00066    0.00049   -0.00039          2  0.000e+00
      15620    650.792     48.000     48.308    23.4849    23.4885   5.355512   5.355993     2.4164     2.0244       5.01   22.54222  -88.00066    0.00049   -0.00037          2  0.000e+00
      15621    650.833     48.054     48.363    23.4849    23.4890   5.355466   5.356032     2.4164     2.0244       5.01   22.54222  -88.00066    0.00050   -0.00034          2  0.000e+00
      15622    650.875     48.000     48.308    23.4847    23.4890   5.355435   5.356024     2.4176     2.0244       5.01   22.54222  -88.00066    0.00052   -0.00033          2  0.000e+00
      15623    650.917     48.000     48.308    23.4847    23.4886   5.355428   5.356039     2.4176     2.0244       5.01   22.54222  -88.00066    0.00054   -0.00033          2  0.000e+00
      15624    650.958     48.000     48.308    23.4846    23.4883   5.355382   5.356047     2.4176     2.0244       5.01   22.54222  -88.00066    0.00058   -0.00030          2  0.000e+00
      15625    651.000     48.000     48.308    23.4842    23.4881   5.355412   5.356070     2.4164     2.0244       5.01   22.54222  -88.00066    0.00059   -0.00029          2  0.000e+00
      15626    651.042     48.000     48.308    23.4842    23.4884   5.355428   5.356070     2.4164     2.0244       5.01   22.54222  -88.00066    0.00060   -0.00027          2  0.000e+00
      15627    651.083     48.054     48.363    23.4845    23.4888   5.355412   5.356047     2.4176     2.0244       5.01   22.54222  -88.00066    0.00063   -0.00024          2  0.000e+00
