GOMECC/GOMECC-4/1db/rb2103_0271.cnv
* Sea-Bird SBE 9 Data File:
* FileName = C:\Users\scs.user.rb\CTD\GOMECC4\data\rb2103_0271.hex
* Software Version Seasave V 7.26.7.107
* Temperature SN = 4799
* Conductivity SN = 3860
* Number of Bytes Per Scan = 41
* Number of Voltage Words = 4
* Number of Scans Averaged by the Deck Unit = 1
* NMEA Latitude = 28 10.29 N
* NMEA Longitude = 086 28.83 W
* NMEA UTC (Time) = Sep 21 2021  14:01:03
* NMEA baud rate = 4800
# nquan = 28
# nvalues = 357                         
# units = specified
# name 0 = scan: Scan Count
# name 1 = timeS: Time, Elapsed [seconds]
# name 2 = depSM: Depth [salt water, m]
# name 3 = prDM: Pressure, Digiquartz [db]
# name 4 = t090C: Temperature [ITS-90, deg C]
# name 5 = t190C: Temperature, 2 [ITS-90, deg C]
# name 6 = c0S/m: Conductivity [S/m]
# name 7 = c1S/m: Conductivity, 2 [S/m]
# name 8 = sbeox0V: Oxygen raw, SBE 43 [V]
# name 9 = sbeox1V: Oxygen raw, SBE 43, 2 [V]
# name 10 = altM: Altimeter [m]
# name 11 = latitude: Latitude [deg]
# name 12 = longitude: Longitude [deg]
# name 13 = sbox0dV/dT: Oxygen, SBE 43 [dov/dt]
# name 14 = sbox1dV/dT: Oxygen, SBE 43, 2 [dov/dt]
# name 15 = sbeox0ML/L: Oxygen, SBE 43 [ml/l], WS = 5
# name 16 = sbeox1ML/L: Oxygen, SBE 43, 2 [ml/l], WS = 5
# name 17 = potemp090C: Potential Temperature [ITS-90, deg C]
# name 18 = potemp190C: Potential Temperature, 2 [ITS-90, deg C]
# name 19 = sal00: Salinity, Practical [PSU]
# name 20 = sal11: Salinity, Practical, 2 [PSU]
# name 21 = sigma-é00: Density [sigma-theta, kg/m^3]
# name 22 = sigma-é11: Density, 2 [sigma-theta, kg/m^3]
# name 23 = avgsvCM: Average Sound Velocity [Chen-Millero, m/s], minP = 20, minS = 20
# name 24 = sbox0Mm/Kg: Oxygen, SBE 43 [umol/kg], WS = 5
# name 25 = sbox1Mm/Kg: Oxygen, SBE 43, 2 [umol/kg], WS = 5
# name 26 = nbin: number of scans per bin
# name 27 = flag: flag
# span 0 =       8190,      89657       
# span 1 =    341.212,   3735.646       
# span 2 =      1.987,    885.145       
# span 3 =      2.000,    893.000       
# span 4 =     5.6140,    29.0369       
# span 5 =     5.6145,    29.0341       
# span 6 =   3.434032,   5.850025       
# span 7 =   3.434000,   5.850415       
# span 8 =     1.6191,     3.1116       
# span 9 =     1.3240,     2.6422       
# span 10 =      10.07,     101.28      
# span 11 =   27.84592,   28.31347      
# span 12 =  -86.92146,  -85.48613      
# span 13 =   -0.02056,    0.02026      
# span 14 =   -0.01935,    0.01860      
# span 15 =     2.5668,     4.4444      
# span 16 =     2.5972,     4.4430      
# span 17 =     5.5356,    29.0231      
# span 18 =     5.5360,    29.0289      
# span 19 =    32.4739,    36.6521      
# span 20 =    32.4742,    36.6517      
# span 21 =    20.4760,    27.5461      
# span 22 =    20.4754,    27.5454      
# span 23 =       0.00,    1552.89      
# span 24 =    111.613,    194.457      
# span 25 =    112.935,    194.401      
# span 26 =         30,         71      
# span 27 = 0.0000e+00, 0.0000e+00      
# interval = decibars: 1                
# start_time = Sep 21 2021 14:01:03 [NMEA time, header]
# bad_flag = -9.990e-29
*END*
[from data line 208]
      32857   1369.017    858.438    866.000     5.7707     5.7712   3.446644   3.446587     1.7640     1.4603      37.74   28.17031  -86.47936    0.00025    0.00006     3.4678     3.5102     5.6938     5.6942    34.9125    34.9115    27.5223    27.5214    1502.21    150.723    152.567         31 0.0000e+00
      32888   1370.312    859.427    867.000     5.7682     5.7691   3.446395   3.446359     1.7641     1.4604      36.71   28.17030  -86.47936    0.00018    0.00004     3.4689     3.5113     5.6912     5.6921    34.9127    34.9115    27.5227    27.5217    1502.19    150.772    152.614         32 0.0000e+00
      32921   1371.661    860.416    868.000     5.7632     5.7632   3.446065   3.445968     1.7639     1.4604      35.66   28.17030  -86.47936    0.00005    0.00001     3.4691     3.5120     5.6861     5.6861    34.9128    34.9117    27.5235    27.5226    1502.19    150.779    152.644         33 0.0000e+00
      32954   1373.060    861.405    869.000     5.7603     5.7607   3.445863   3.445798     1.7639     1.4605      34.70   28.17030  -86.47936   -0.00004 4.1344e-08     3.4698     3.5131     5.6832     5.6836    34.9129    34.9118    27.5239    27.5230    1502.17    150.811    152.694         34 0.0000e+00
      32989   1374.503    862.394    870.000     5.7583     5.7587   3.445717   3.445663     1.7642     1.4615      33.60   28.17030  -86.47936    0.00004    0.00026     3.4713     3.5174     5.6810     5.6815    34.9129    34.9118    27.5242    27.5233    1502.15    150.876    152.878         35 0.0000e+00
      33022   1375.895    863.384    871.000     5.7569     5.7572   3.445638   3.445584     1.7644     1.4616      32.74   28.17030  -86.47936    0.00010    0.00040     3.4725     3.5184     5.6796     5.6799    34.9129    34.9120    27.5244    27.5236    1502.13    150.929    152.922         31 0.0000e+00
      33053   1377.155    864.373    872.000     5.7549     5.7556   3.445521   3.445483     1.7646     1.4621      31.79   28.17030  -86.47936    0.00015    0.00028     3.4738     3.5206     5.6775     5.6782    34.9132    34.9121    27.5248    27.5239    1502.12    150.985    153.019         30 0.0000e+00
      33084   1378.456    865.362    873.000     5.7547     5.7553   3.445541   3.445497     1.7650     1.4626      30.65   28.17030  -86.47934    0.00021    0.00031     3.4756     3.5232     5.6772     5.6778    34.9132    34.9120    27.5249    27.5239    1502.10    151.062    153.129         34 0.0000e+00
      33121   1380.014    866.351    874.000     5.7541     5.7544   3.445529   3.445465     1.7653     1.4627      29.65   28.17030  -86.47934    0.00022    0.00030     3.4773     3.5239     5.6765     5.6768    34.9131    34.9121    27.5249    27.5240    1502.08    151.135    153.162         38 0.0000e+00
      33216   1383.957    869.319    877.000     5.7377     5.7385   3.444158   3.444142     1.7654     1.4628      26.71   28.16984  -86.47798   -0.00001    0.00002     3.4804     3.5272     5.6599     5.6607    34.9130    34.9120    27.5268    27.5260    1502.01    151.272    153.304         38 0.0000e+00
      33253   1385.510    870.308    878.000     5.7370     5.7374   3.444180   3.444129     1.7657     1.4633      25.63   28.17029  -86.47934    0.00007    0.00013     3.4821     3.5294     5.6591     5.6595    34.9135    34.9125    27.5274    27.5265    1502.02    151.343    153.399         34 0.0000e+00
      33313   1388.008    872.286    880.000     5.7335     5.7341   3.443891   3.443853     1.7664     1.4630      23.70   28.16960  -86.47722    0.00028    0.00002     3.4857     3.5298     5.6555     5.6561    34.9129    34.9117    27.5273    27.5263    1501.95    151.501    153.419         31 0.0000e+00
      33348   1389.468    873.275    881.000     5.7262     5.7267   3.443362   3.443305     1.7666     1.4631      22.62   28.17028  -86.47934    0.00025   -0.00004     3.4872     3.5310     5.6481     5.6486    34.9139    34.9127    27.5290    27.5281    1501.97    151.567    153.471         37 0.0000e+00
      33383   1390.934    874.264    882.000     5.7109     5.7128   3.442059   3.442114     1.7666     1.4635      21.71   28.17028  -86.47934    0.00010    0.00008     3.4893     3.5345     5.6328     5.6347    34.9143    34.9131    27.5313    27.5301    1501.96    151.658    153.620         32 0.0000e+00
      33414   1392.199    875.254    883.000     5.6972     5.6981   3.440964   3.441021     1.7670     1.4645      20.77   28.17028  -86.47934    0.00007    0.00035     3.4923     3.5403     5.6191     5.6200    34.9146    34.9133    27.5332    27.5320    1501.94    151.786    153.873         30 0.0000e+00
      33446   1393.523    876.243    884.000     5.6835     5.6846   3.439706   3.439689     1.7677     1.4657      19.68   28.17029  -86.47934    0.00026    0.00069     3.4964     3.5458     5.6054     5.6065    34.9149    34.9136    27.5351    27.5340    1501.92    151.967    154.113         35 0.0000e+00
      33482   1395.026    877.232    885.000     5.6774     5.6782   3.439200   3.439176     1.7691     1.4673      18.71   28.17030  -86.47934    0.00059    0.00093     3.5020     3.5527     5.5993     5.6001    34.9150    34.9139    27.5360    27.5350    1501.91    152.208    154.413         34 0.0000e+00
      33519   1396.565    878.221    886.000     5.6664     5.6680   3.438278   3.438309     1.7706     1.4690      17.63   28.17028  -86.47934    0.00088    0.00109     3.5088     3.5603     5.5883     5.5898    34.9154    34.9141    27.5376    27.5364    1501.89    152.502    154.744         40 0.0000e+00
      33574   1398.895    879.210    887.000     5.6453     5.6481   3.436443   3.436587     1.7730     1.4710      16.40   28.17028  -86.47934    0.00106    0.00089     3.5192     3.5702     5.5672     5.5700    34.9159    34.9146    27.5406    27.5393    1501.87    152.955    155.171         44 0.0000e+00
      36928   1538.630    885.145    893.000     5.6140     5.6145   3.434032   3.434000     1.7851     1.4802      10.07   28.17107  -86.48194    0.00009    0.00013     3.5653     3.6092     5.5356     5.5360    34.9178    34.9170    27.5461    27.5454    1501.82    154.960    156.867         51 0.0000e+00
      36974   1540.535    884.156    892.000     5.6170     5.6162   3.434162   3.434024     1.7851     1.4799      10.93   28.17022  -86.47932    0.00019   -0.00004     3.5647     3.6076     5.5386     5.5378    34.9167    34.9158    27.5448    27.5442    1501.77    154.931    156.795         41 0.0000e+00
      37009   1542.021    883.167    891.000     5.6197     5.6200   3.434331   3.434279     1.7852     1.4798      11.75   28.17022  -86.47932    0.00006   -0.00009     3.5642     3.6066     5.5414     5.5417    34.9167    34.9156    27.5445    27.5435    1501.77    154.911    156.752         32 0.0000e+00
      37043   1543.397    882.177    890.000     5.6203     5.6210   3.434349   3.434348     1.7853     1.4799      12.83   28.17022  -86.47932    0.00005   -0.00003     3.5642     3.6062     5.5421     5.5428    34.9164    34.9157    27.5441    27.5435    1501.77    154.909    156.734         32 0.0000e+00
      39239   1634.909    798.087    805.000     5.8730     5.8707   3.452730   3.452449     1.7576     1.4543      97.95   28.16704  -86.46974   -0.00010   -0.00019     3.4100     3.4520     5.8012     5.7989    34.9059    34.9051    27.5035    27.5032    1501.60    148.215    150.041         32 0.0000e+00
      39594   1649.706    795.118    802.000     5.8844     5.8846   3.454700   3.454604     1.7573     1.4542      77.38   28.17759  -86.50215   -0.00015   -0.00018     3.4060     3.4483     5.8128     5.8130    34.9188    34.9174    27.5125    27.5114    1502.17    148.042    149.880         40 0.0000e+00
      40490   1687.048    793.139    800.000     5.8879     5.8879   3.454131   3.454061     1.7557     1.4530     100.00   28.16986  -86.47848   -0.00007   -0.00005     3.4002     3.4433     5.8165     5.8165    34.9090    34.9083    27.5041    27.5036    1501.76    147.788    149.663         62 0.0000e+00
      40891   1703.768    792.150    799.000     5.8892     5.8892   3.454223   3.454166     1.7553     1.4529     100.00   28.17012  -86.47930   -0.00015   -0.00016     3.3983     3.4425     5.8179     5.8179    34.9093    34.9086    27.5042    27.5036    1501.77    147.705    149.625         44 0.0000e+00
      43255   1802.254    699.113    705.000     6.2390     6.2385   3.481820   3.481699     1.7242     1.4212      97.14   28.17340  -86.48943   -0.00091   -0.00078     3.2252     3.2588     6.1746     6.1741    34.9074    34.9065    27.4571    27.4565    1501.95    140.190    141.651         31 0.0000e+00
      44356   1848.143    694.163    700.000     6.2811     6.2835   3.485612   3.485733     1.7163     1.4156     100.02   28.17514  -86.49482    0.00008    0.00003     3.1940     3.2333     6.2170     6.2194    34.9093    34.9080    27.4531    27.4518    1502.04    138.834    140.540         30 0.0000e+00
      49122   2046.729    594.149    599.000     7.0494     7.0489   3.551846   3.551764     1.6568     1.3601      99.99   28.16752  -86.47221    0.00007    0.00001     2.9044     2.9416     6.9915     6.9910    34.9114    34.9111    27.3501    27.3500    1501.65    126.258    127.873         40 0.0000e+00
      49162   2048.395    593.158    598.000     7.0492     7.0530   3.551833   3.552371     1.6571     1.3604     100.00   28.16982  -86.47926    0.00010    0.00001     2.9045     2.9415     6.9914     6.9952    34.9127    34.9137    27.3513    27.3515    1501.77    126.263    127.872         31 0.0000e+00
      51542   2147.550    500.032    504.000     8.3015     8.2921   3.672428   3.671426     1.6220     1.3249     100.01   28.17151  -86.48464   -0.00008   -0.00033     2.6717     2.7001     8.2484     8.2390    35.0056    35.0042    27.2406    27.2410    1501.86    116.153    117.389         31 0.0000e+00
      51619   2150.730    499.042    503.000     8.2875     8.2730   3.670605   3.669259     1.6199     1.3240     100.00   28.16974  -86.47926   -0.00040   -0.00033     2.6663     2.6984     8.2363     8.2201    35.0005    34.9996    27.2385    27.2402    1501.77    115.917    117.313         45 0.0000e+00
      51713   2154.651    498.051    502.000     8.2794     8.2587   3.669862   3.667651     1.6202     1.3248     100.00   28.16974  -86.47926    0.00038    0.00034     2.6682     2.7014     8.2260     8.2059    35.0006    34.9981    27.2401    27.2412    1501.77    116.001    117.447         36 0.0000e+00
      53538   2230.709    496.069    500.000     8.3879     8.3832   3.682150   3.681856     1.6200     1.3243      96.35   28.18276  -86.51947   -0.00000   -0.00004     2.6577     2.6898     8.3348     8.3302    35.0269    35.0169    27.2445    27.2372    1502.47    115.545    116.942         31 0.0000e+00
      53681   2236.680    495.078    499.000     8.3839     8.3823   3.680326   3.680238     1.6191     1.3241     100.37   28.16966  -86.47926   -0.00001    0.00001     2.6558     2.6896     8.3310     8.3294    35.0108    35.0107    27.2320    27.2322    1501.77    115.463    116.933         41 0.0000e+00
      55568   2315.290    420.744    424.000     9.6153     9.6173   3.806548   3.806675     1.6313     1.3336      97.87   28.17035  -86.48159    0.00002    0.00009     2.5823     2.6115     9.5666     9.5686    35.1538    35.1531    27.1456    27.1447    1501.81    112.279    113.546         44 0.0000e+00
      58467   2436.083    363.240    366.000    10.7229    10.7243   3.924867   3.924987     1.6587     1.3589      95.59   28.17476  -86.49522    0.00038    0.00045     2.5668     2.5978    10.6780    10.6794    35.3108    35.3107    27.0761    27.0757    1502.05    111.613    112.962         46 0.0000e+00
      59042   2460.027    358.282    361.000    10.8949    10.8965   3.943225   3.943167     1.6634     1.3629      90.89   28.17298  -86.48977    0.00004   -0.00000     2.5670     2.5972    10.8501    10.8517    35.3281    35.3235    27.0584    27.0545    1501.95    111.624    112.935         33 0.0000e+00
      60134   2505.534    356.298    359.000    10.9839    10.9832   3.952605   3.952541     1.6677     1.3674      99.91   28.16759  -86.47324    0.00014    0.00015     2.5727     2.6047    10.9392    10.9384    35.3393    35.3391    27.0508    27.0508    1501.67    111.871    113.261         65 0.0000e+00
      61868   2577.780    290.841    293.000    12.5799    12.5755   4.130183   4.129409     1.7173     1.4102      99.80   28.17134  -86.48472    0.00036    0.00050     2.5816     2.6082    12.5400    12.5357    35.5908    35.5874    26.9429    26.9411    1501.86    112.270    113.429         37 0.0000e+00
      64741   2697.518    233.301    235.000    14.9906    14.9946   4.408654   4.409130     1.8536     1.5358      75.49   28.18080  -86.51385    0.00483    0.00387     2.7531     2.7855    14.9547    14.9587    35.9842    35.9836    26.7421    26.7407    1502.37    119.751    121.161         35 0.0000e+00
      64796   2699.809    232.309    234.000    14.8959    14.9363   4.396365   4.401068     1.8540     1.5364     101.24   28.16954  -86.47928    0.00084    0.00066     2.7616     2.7903    14.8603    14.9007    35.9555    35.9615    26.7399    26.7355    1501.77    120.120    121.372         37 0.0000e+00
      65010   2708.724    229.332    231.000    15.0586    15.0365   4.412432   4.410588     1.8601     1.5404      99.94   28.14387  -86.40046    0.00122    0.00060     2.7640     2.7942    15.0232    15.0011    35.9453    35.9488    26.6939    26.7015    1500.40    120.229    121.542         38 0.0000e+00
      65487   2728.596    228.340    230.000    15.2258    15.2408   4.435427   4.436540     1.8799     1.5607     100.00   28.16953  -86.47928    0.00150    0.00222     2.7999     2.8349    15.1903    15.2053    36.0103    36.0073    26.7089    26.7032    1501.77    121.791    123.314         59 0.0000e+00
      66403   2766.750    227.348    229.000    15.3638    15.3511   4.451283   4.450136     1.9038     1.5814     100.00   28.16952  -86.47928   -0.00013   -0.00009     2.8486     2.8816    15.3282    15.3155    36.0284    36.0296    26.6920    26.6958    1501.77    123.910    125.347         39 0.0000e+00
      67511   2812.925    182.692    184.000    16.7422    16.7126   4.613389   4.608740     2.0583     1.7191      99.93   28.14598  -86.40713    0.00111    0.00080     3.1073     3.1339    16.7125    16.6823    36.2346    36.2178    26.5295    26.5229    1500.52    135.185    136.341         31 0.0000e+00
      67682   2820.031    181.700    183.000    16.6350    16.6504   4.601662   4.603450     2.0560     1.7175      88.76   28.16948  -86.47928   -0.00138   -0.00067     3.1066     3.1335    16.6050    16.6204    36.2349    36.2368    26.5566    26.5544    1501.77    135.150    136.322         42 0.0000e+00
      67794   2824.720    180.708    182.000    16.8760    16.8929   4.630765   4.632278     2.0631     1.7233      80.49   28.16947  -86.47928    0.00207    0.00128     3.1064     3.1319    16.8458    16.8627    36.2740    36.2719    26.5295    26.5239    1501.77    135.145    136.256         34 0.0000e+00
      67912   2829.643    179.715    181.000    16.7845    16.8205   4.619219   4.624198     2.0617     1.7239      93.06   28.16946  -86.47928   -0.00054    0.00010     3.1087     3.1376    16.7546    16.7905    36.2574    36.2667    26.5384    26.5370    1501.77    135.247    136.502         31 0.0000e+00
