GOMECC/GOMECC-4/1db/rb2103_1111.cnv
* Sea-Bird SBE 9 Data File:
* FileName = C:\Users\scs.user.rb\CTD\GOMECC4\data\rb2103_1111.hex
* Software Version Seasave V 7.26.7.107
* Temperature SN = 4799
* Conductivity SN = 3860
* Number of Bytes Per Scan = 41
* Number of Voltage Words = 4
* Number of Scans Averaged by the Deck Unit = 1
* NMEA Latitude = 22 20.89 N
* NMEA Longitude = 086 44.62 W
* NMEA UTC (Time) = Oct 15 2021  09:40:26
* NMEA baud rate = 4800
# nquan = 28
# nvalues = 387                         
# units = specified
# name 0 = scan: Scan Count
# name 1 = timeS: Time, Elapsed [seconds]
# name 2 = depSM: Depth [salt water, m]
# name 3 = prDM: Pressure, Digiquartz [db]
# name 4 = t090C: Temperature [ITS-90, deg C]
# name 5 = t190C: Temperature, 2 [ITS-90, deg C]
# name 6 = c0S/m: Conductivity [S/m]
# name 7 = c1S/m: Conductivity, 2 [S/m]
# name 8 = sbeox0V: Oxygen raw, SBE 43 [V]
# name 9 = sbeox1V: Oxygen raw, SBE 43, 2 [V]
# name 10 = altM: Altimeter [m]
# name 11 = latitude: Latitude [deg]
# name 12 = longitude: Longitude [deg]
# name 13 = sbox0dV/dT: Oxygen, SBE 43 [dov/dt]
# name 14 = sbox1dV/dT: Oxygen, SBE 43, 2 [dov/dt]
# name 15 = sbeox0ML/L: Oxygen, SBE 43 [ml/l], WS = 5
# name 16 = sbeox1ML/L: Oxygen, SBE 43, 2 [ml/l], WS = 5
# name 17 = potemp090C: Potential Temperature [ITS-90, deg C]
# name 18 = potemp190C: Potential Temperature, 2 [ITS-90, deg C]
# name 19 = sal00: Salinity, Practical [PSU]
# name 20 = sal11: Salinity, Practical, 2 [PSU]
# name 21 = sigma-é00: Density [sigma-theta, kg/m^3]
# name 22 = sigma-é11: Density, 2 [sigma-theta, kg/m^3]
# name 23 = avgsvCM: Average Sound Velocity [Chen-Millero, m/s], minP = 20, minS = 20
# name 24 = sbox0Mm/Kg: Oxygen, SBE 43 [umol/kg], WS = 5
# name 25 = sbox1Mm/Kg: Oxygen, SBE 43, 2 [umol/kg], WS = 5
# name 26 = nbin: number of scans per bin
# name 27 = flag: flag
# span 0 =       7734,      47561       
# span 1 =    322.221,   1981.675       
# span 2 =      0.994,    229.427       
# span 3 =      1.000,    231.000       
# span 4 =    15.0718,    28.9891       
# span 5 =    15.0751,    28.9903       
# span 6 =   4.417027,   5.907335       
# span 7 =   4.417274,   5.907598       
# span 8 =     1.9570,     3.1235       
# span 9 =     1.6246,     2.6381       
# span 10 =      10.89,     101.63      
# span 11 =   21.79322,   22.52594      
# span 12 =  -87.42573,  -84.58154      
# span 13 =   -0.02035,    0.00904      
# span 14 =   -0.01993,    0.00885      
# span 15 =     2.9965,     4.3224      
# span 16 =     3.0118,     4.3008      
# span 17 =    15.0366,    28.9886      
# span 18 =    15.0398,    28.9901      
# span 19 =    35.4897,    36.8788      
# span 20 =    35.5270,    36.8706      
# span 21 =    22.5393,    26.7444      
# span 22 =    22.5531,    26.7460      
# span 23 =       0.00,    1558.11      
# span 24 =    130.339,    188.699      
# span 25 =    131.007,    187.748      
# span 26 =         30,         76      
# span 27 = 0.0000e+00, 0.0000e+00      
# interval = decibars: 1                
# start_time = Oct 15 2021 09:40:26 [NMEA time, header]
# bad_flag = -9.990e-29
*END*
[from data line 259]
      21205    883.498    181.775    183.000    15.8344    15.8512   4.505747   4.507940     2.0469     1.7076      57.61   22.34948  -86.74276    0.00193    0.00228     3.1411     3.1615    15.8054    15.8221    36.1083    36.1125    26.6453    26.6447    1521.57    136.642    137.529         30 0.0000e+00
      21240    884.965    180.782    182.000    15.8706    15.8828   4.509960   4.511542     2.0507     1.7110      58.63   22.34948  -86.74275    0.00244    0.00262     3.1471     3.1674    15.8418    15.8539    36.1133    36.1164    26.6408    26.6405    1521.57    136.902    137.787         41 0.0000e+00
      21280    886.630    179.790    181.000    15.8904    15.8920   4.512375   4.512362     2.0536     1.7133      59.68   22.34948  -86.74274    0.00230    0.00211     3.1521     3.1725    15.8616    15.8637    36.1174    36.1163    26.6394    26.6383    1521.57    137.119    138.006         36 0.0000e+00
      21312    887.964    178.797    180.000    15.9276    15.9387   4.516802   4.518830     2.0565     1.7154      60.50   22.34948  -86.74274    0.00194    0.00153     3.1567     3.1747    15.8990    15.9114    36.1236    36.1277    26.6356    26.6349    1521.57    137.322    138.105         30 0.0000e+00
      21343    889.241    177.804    179.000    15.9639    15.9760   4.521118   4.522690     2.0597     1.7172      61.55   22.34949  -86.74274    0.00210    0.00143     3.1607     3.1760    15.9354    15.9475    36.1295    36.1325    26.6318    26.6313    1521.57    137.495    138.158         32 0.0000e+00
      21378    890.689    176.811    178.000    15.9816    15.9924   4.523224   4.524521     2.0627     1.7198      62.54   22.34949  -86.74274    0.00236    0.00159     3.1660     3.1812    15.9532    15.9640    36.1327    36.1344    26.6301    26.6290    1521.57    137.727    138.389         37 0.0000e+00
      21415    892.254    175.818    177.000    15.9946    16.0013   4.524754   4.525542     2.0653     1.7208      59.99   22.34949  -86.74274    0.00201    0.00136     3.1707     3.1829    15.9664    15.9731    36.1349    36.1358    26.6288    26.6280    1521.57    137.932    138.461         36 0.0000e+00
      21449    893.682    174.825    176.000    16.0017    16.0099   4.525571   4.526564     2.0667     1.7223      64.59   22.34949  -86.74274    0.00146    0.00099     3.1732     3.1858    15.9737    15.9818    36.1361    36.1376    26.6281    26.6273    1521.57    138.040    138.586         33 0.0000e+00
      21488    895.291    173.832    175.000    16.0155    16.0186   4.527083   4.527549     2.0676     1.7233      65.56   22.34949  -86.74274    0.00101    0.00081     3.1739     3.1873    15.9875    15.9907    36.1375    36.1389    26.6259    26.6262    1521.57    138.071    138.652         38 0.0000e+00
      21901    912.479    170.852    172.000    16.0087    15.9997   4.528117   4.527006     2.0700     1.7252      69.04   22.36596  -86.80666    0.00016    0.00037     3.1785     3.1921    15.9813    15.9722    36.1617    36.1600    26.6478    26.6486    1522.69    138.269    138.862         30 0.0000e+00
      23318    971.551    165.889    167.000    16.1231    16.1222   4.539430   4.539458     2.0779     1.7341      73.79   22.34921  -86.74163    0.00007    0.00032     3.1873     3.2048    16.0963    16.0954    36.1532    36.1541    26.6128    26.6137    1521.55    138.656    139.416         64 0.0000e+00
      23388    974.455    164.896    166.000    16.1480    16.1398   4.542400   4.541585     2.0793     1.7327      74.83   22.34948  -86.74269    0.00039   -0.00037     3.1885     3.1997    16.1214    16.1132    36.1574    36.1569    26.6102    26.6118    1521.57    138.709    139.192         76 0.0000e+00
      23460    977.458    163.903    165.000    16.1846    16.1741   4.546445   4.545311     2.0794     1.7341      75.71   22.34948  -86.74268    0.00002    0.00018     3.1858     3.2005    16.1581    16.1476    36.1606    36.1600    26.6042    26.6062    1521.57    138.591    139.231         60 0.0000e+00
      23523    980.066    162.910    164.000    16.2437    16.2386   4.553763   4.553037     2.0778     1.7325      76.80   22.34948  -86.74268   -0.00026    0.00009     3.1768     3.1912    16.2180    16.2122    36.1721    36.1721    26.5991    26.6005    1521.57    138.201    138.827         70 0.0000e+00
      23587    982.770    161.917    163.000    16.2666    16.2579   4.556436   4.555619     2.0736     1.7278      77.76   22.34948  -86.74268   -0.00154   -0.00195     3.1658     3.1779    16.2403    16.2316    36.1760    36.1754    26.5969    26.5985    1521.57    137.720    138.249         59 0.0000e+00
      23652    985.449    160.924    162.000    16.2773    16.2731   4.557706   4.557245     2.0705     1.7236      78.72   22.34948  -86.74268   -0.00126   -0.00134     3.1572     3.1658    16.2511    16.2470    36.1779    36.1776    26.5959    26.5966    1521.57    137.349    137.723         68 0.0000e+00
      23712    987.949    159.931    161.000    16.3045    16.2954   4.560639   4.559655     2.0693     1.7229      79.67   22.34948  -86.74268   -0.00062   -0.00110     3.1522     3.1621    16.2784    16.2694    36.1800    36.1795    26.5911    26.5928    1521.57    137.133    137.560         50 0.0000e+00
      23766    990.197    158.938    160.000    16.3582    16.3445   4.567226   4.565722     2.0684     1.7232      80.62   22.34948  -86.74268   -0.00043    0.00022     3.1459     3.1591    16.3323    16.3186    36.1898    36.1890    26.5861    26.5887    1521.57    136.858    137.431         61 0.0000e+00
      23825    992.671    157.945    159.000    16.3961    16.3836   4.571593   4.570180     2.0671     1.7225      81.58   22.34948  -86.74268   -0.00056   -0.00027     3.1398     3.1544    16.3703    16.3579    36.1947    36.1934    26.5809    26.5829    1521.57    136.594    137.228         50 0.0000e+00
      23865    994.334    156.952    158.000    16.4288    16.4193   4.575653   4.574555     2.0670     1.7227      82.48   22.34948  -86.74268   -0.00033   -0.00014     3.1369     3.1521    16.4031    16.3936    36.2014    36.2003    26.5784    26.5798    1521.57    136.468    137.126         33 0.0000e+00
      23899    995.735    155.959    157.000    16.4722    16.4820   4.580655   4.581899     2.0682     1.7245      83.35   22.34948  -86.74268    0.00011    0.00038     3.1363     3.1524    16.4466    16.4565    36.2069    36.2092    26.5724    26.5719    1521.57    136.443    137.142         37 0.0000e+00
      23938    997.360    154.966    156.000    16.5137    16.5153   4.585467   4.585616     2.0710     1.7259      84.47   22.34948  -86.74266    0.00105    0.00095     3.1397     3.1532    16.4883    16.4898    36.2123    36.2122    26.5667    26.5663    1521.57    136.589    137.176         40 0.0000e+00
      23974    998.892    153.973    155.000    16.5409    16.5416   4.588712   4.588879     2.0720     1.7265      85.32   22.34948  -86.74266    0.00138    0.00083     3.1397     3.1526    16.5156    16.5164    36.2167    36.2175    26.5637    26.5642    1521.57    136.589    137.152         34 0.0000e+00
      24007   1000.231    152.980    154.000    16.5735    16.5927   4.592606   4.594817     2.0731     1.7269      86.36   22.34948  -86.74266    0.00087    0.00044     3.1398     3.1508    16.5484    16.5675    36.2221    36.2243    26.5601    26.5573    1521.57    136.596    137.075         30 0.0000e+00
      24036   1001.457    151.987    153.000    16.5948    16.6033   4.595116   4.596267     2.0747     1.7287      87.26   22.34948  -86.74266    0.00080    0.00052     3.1413     3.1533    16.5698    16.5783    36.2254    36.2278    26.5576    26.5575    1521.57    136.660    137.185         30 0.0000e+00
      24069   1002.839    150.994    152.000    16.6157    16.6181   4.597499   4.597887     2.0759     1.7296      88.27   22.34948  -86.74266    0.00108    0.00100     3.1424     3.1542    16.5908    16.5933    36.2279    36.2291    26.5546    26.5550    1521.57    136.709    137.222         36 0.0000e+00
      24105   1004.349    150.001    151.000    16.6236    16.6241   4.598376   4.598432     2.0764     1.7295      89.40   22.34948  -86.74266    0.00082    0.00062     3.1425     3.1532    16.5989    16.5993    36.2289    36.2290    26.5535    26.5534    1521.57    136.715    137.181         35 0.0000e+00
      24139   1005.737    149.008    150.000    16.6292    16.6277   4.598936   4.598885     2.0769     1.7289      90.32   22.34948  -86.74266    0.00041   -0.00015     3.1430     3.1510    16.6046    16.6031    36.2292    36.2301    26.5524    26.5534    1521.57    136.734    137.086         32 0.0000e+00
      24170   1007.053    148.015    149.000    16.6400    16.6390   4.600229   4.600212     2.0772     1.7282      91.36   22.34948  -86.74266    0.00033   -0.00030     3.1424     3.1482    16.6156    16.6145    36.2312    36.2320    26.5513    26.5522    1521.57    136.711    136.960         32 0.0000e+00
      24203   1008.424    147.022    148.000    16.6480    16.6458   4.601111   4.600935     2.0767     1.7278      92.35   22.34947  -86.74265    0.00014   -0.00047     3.1404     3.1462    16.6238    16.6216    36.2322    36.2326    26.5501    26.5509    1521.57    136.622    136.875         33 0.0000e+00
      24236   1009.792    146.029    147.000    16.6522    16.6507   4.601552   4.601480     2.0754     1.7288      93.16   22.34948  -86.74264   -0.00038   -0.00014     3.1368     3.1481    16.6281    16.6266    36.2327    36.2334    26.5495    26.5503    1521.57    136.465    136.959         32 0.0000e+00
      24267   1011.091    145.036    146.000    16.6591    16.6566   4.602344   4.602088     2.0750     1.7289      94.18   22.34948  -86.74264   -0.00067    0.00036     3.1349     3.1476    16.6351    16.6326    36.2338    36.2338    26.5487    26.5493    1521.57    136.382    136.936         32 0.0000e+00
      24301   1012.492    144.043    145.000    16.6660    16.6640   4.603057   4.602890     2.0741     1.7280      95.27   22.34948  -86.74264   -0.00055    0.00009     3.1323     3.1446    16.6422    16.6402    36.2347    36.2350    26.5477    26.5483    1521.57    136.270    136.804         36 0.0000e+00
      24339   1014.069    143.050    144.000    16.6698    16.6692   4.603459   4.603471     2.0732     1.7275      96.31   22.34948  -86.74264   -0.00055   -0.00044     3.1292     3.1424    16.6461    16.6456    36.2348    36.2354    26.5468    26.5474    1521.57    136.137    136.710         37 0.0000e+00
      24372   1015.477    142.057    143.000    16.6707    16.6706   4.603558   4.603632     2.0718     1.7264      97.22   22.34948  -86.74264   -0.00072   -0.00053     3.1257     3.1391    16.6473    16.6472    36.2352    36.2360    26.5468    26.5475    1521.57    135.983    136.566         30 0.0000e+00
      24437   1018.155    140.071    141.000    16.6990    16.7026   4.607715   4.608193     2.0710     1.7242      99.10   22.35472  -86.76300   -0.00066   -0.00096     3.1201     3.1300    16.6758    16.6794    36.2417    36.2430    26.5453    26.5454    1521.93    135.742    136.173         33 0.0000e+00
      24470   1019.533    139.077    140.000    16.6984    16.7020   4.606635   4.607193     2.0680     1.7222     100.01   22.34946  -86.74264   -0.00094   -0.00097     3.1137     3.1252    16.6754    16.6790    36.2386    36.2402    26.5428    26.5432    1521.57    135.461    135.964         43 0.0000e+00
      24507   1021.093    138.084    139.000    16.7083    16.7035   4.607822   4.607395     2.0673     1.7212     100.00   22.34946  -86.74264   -0.00117   -0.00107     3.1110     3.1224    16.6855    16.6807    36.2404    36.2410    26.5418    26.5434    1521.57    135.347    135.839         31 0.0000e+00
      24567   1023.588    136.098    137.000    16.7661    16.7693   4.614984   4.615396     2.0687     1.7236     100.01   22.35274  -86.75538    0.00024    0.00035     3.1095     3.1234    16.7436    16.7468    36.2537    36.2544    26.5386    26.5384    1521.79    135.279    135.884         32 0.0000e+00
      24600   1024.954    135.105    136.000    16.7784    16.7731   4.616054   4.615339     2.0690     1.7241     100.00   22.34946  -86.74264    0.00041    0.00083     3.1090     3.1240    16.7559    16.7507    36.2509    36.2494    26.5331    26.5332    1521.57    135.259    135.910         32 0.0000e+00
      24648   1026.971    134.112    135.000    16.7749    16.7822   4.615431   4.616344     2.0681     1.7231     100.00   22.34946  -86.74263   -0.00004    0.00009     3.1069     3.1204    16.7526    16.7600    36.2489    36.2503    26.5324    26.5317    1521.57    135.169    135.756         38 0.0000e+00
      25161   1048.348    131.133    132.000    16.8715    16.8971   4.624978   4.628121     2.0672     1.7227      99.93   22.33321  -86.67946    0.00034    0.00001     3.0974     3.1111    16.8496    16.8753    36.2390    36.2434    26.4997    26.4970    1520.46    134.755    135.353         45 0.0000e+00
      25341   1055.821    130.140    131.000    16.8821    16.9262   4.627987   4.632859     2.0708     1.7252      78.30   22.34948  -86.74258    0.00086    0.00011     3.1042     3.1155    16.8604    16.9045    36.2642    36.2710    26.5185    26.5131    1521.57    135.051    135.544         40 0.0000e+00
      25728   1071.977    129.147    130.000    16.9347    16.9589   4.634261   4.637372     2.0745     1.7292     100.26   22.34948  -86.74256    0.00008    0.00062     3.1087     3.1224    16.9131    16.9373    36.2722    36.2776    26.5120    26.5103    1521.57    135.249    135.847         54 0.0000e+00
      26860   1119.109    126.167    127.000    17.0932    17.0731   4.652791   4.650614     2.0831     1.7362     100.00   22.34936  -86.74200    0.00033    0.00038     3.1166     3.1315    17.0720    17.0520    36.2925    36.2920    26.4895    26.4939    1521.56    135.594    136.242         68 0.0000e+00
      26924   1121.795    125.174    126.000    17.1633    17.1020   4.660709   4.653686     2.0852     1.7366     100.00   22.34949  -86.74248    0.00074    0.00005     3.1164     3.1300    17.1422    17.0810    36.2995    36.2947    26.4779    26.4890    1521.57    135.590    136.181         51 0.0000e+00
      26968   1123.610    124.181    125.000    17.1980    17.1939   4.664966   4.664620     2.0844     1.7367     100.00   22.34950  -86.74248    0.00035    0.00011     3.1116     3.1242    17.1770    17.1729    36.3059    36.3065    26.4744    26.4759    1521.57    135.382    135.926         41 0.0000e+00
      27011   1125.399    123.188    124.000    17.2696    17.2475   4.673688   4.671350     2.0849     1.7365     100.00   22.34950  -86.74247   -0.00016    0.00001     3.1075     3.1199    17.2488    17.2267    36.3179    36.3174    26.4663    26.4713    1521.57    135.203    135.741         47 0.0000e+00
      27053   1127.182    122.194    123.000    17.3591    17.3548   4.684661   4.683855     2.0859     1.7376     100.00   22.34950  -86.74246    0.00036    0.00018     3.1036     3.1153    17.3383    17.3340    36.3335    36.3303    26.4566    26.4552    1521.57    135.032    135.543         36 0.0000e+00
      27121   1129.999    120.208    121.000    17.4531    17.4561   4.695955   4.696141     2.0907     1.7420     100.02   22.35401  -86.75997    0.00119    0.00121     3.1077     3.1194    17.4327    17.4356    36.3515    36.3532    26.4480    26.4486    1521.88    135.215    135.725         34 0.0000e+00
      27155   1131.403    119.215    120.000    17.4644    17.4594   4.696762   4.696292     2.0922     1.7429     100.00   22.34950  -86.74244    0.00172    0.00153     3.1095     3.1207    17.4440    17.4391    36.3454    36.3457    26.4399    26.4414    1521.57    135.294    135.780         44 0.0000e+00
