GOMECC/GOMECC-4/1db/rb2103_0891.ros
* Sea-Bird SBE 9 Data File:
* FileName = C:\Users\scs.user.rb\CTD\GOMECC4\data\rb2103_0891.hex
* Software Version Seasave V 7.26.7.107
* Temperature SN = 4799
* Conductivity SN = 3860
* Number of Bytes Per Scan = 41
* Number of Voltage Words = 4
* Number of Scans Averaged by the Deck Unit = 1
* NMEA Latitude = 18 50.17 N
* NMEA Longitude = 093 03.96 W
* NMEA UTC (Time) = Oct 09 2021  00:32:54
* NMEA baud rate = 4800
# nquan = 17
# nvalues = 1197                                  
# units = specified
# name 0 = scan: Scan Count
# name 1 = timeS: Time, Elapsed [seconds]
# name 2 = depSM: Depth [salt water, m]
# name 3 = prDM: Pressure, Digiquartz [db]
# name 4 = t090C: Temperature [ITS-90, deg C]
# name 5 = t190C: Temperature, 2 [ITS-90, deg C]
# name 6 = c0S/m: Conductivity [S/m]
# name 7 = c1S/m: Conductivity, 2 [S/m]
# name 8 = sbeox0V: Oxygen raw, SBE 43 [V]
# name 9 = sbeox1V: Oxygen raw, SBE 43, 2 [V]
# name 10 = altM: Altimeter [m]
# name 11 = latitude: Latitude [deg]
# name 12 = longitude: Longitude [deg]
# name 13 = sbox0dV/dT: Oxygen, SBE 43 [dov/dt]
# name 14 = sbox1dV/dT: Oxygen, SBE 43, 2 [dov/dt]
# name 15 = nbf: Bottles Fired
# name 16 = flag:  0.000e+00
# interval = seconds: 0.0416667
# start_time = Oct 09 2021 00:32:54 [NMEA time, header]
# bad_flag = -9.990e-29
*END*
[from data line 511]
      41050   1710.375     40.191     40.439    25.2272    25.2598   5.497373   5.501246     2.6557     2.2344      20.63   18.83782  -93.06498   -0.00127   -0.00067          4  0.000e+00
      41051   1710.417     40.164     40.412    25.2319    25.2623   5.497867   5.501089     2.6545     2.2344      20.63   18.83782  -93.06498   -0.00121   -0.00053          4  0.000e+00
      41052   1710.458     40.191     40.439    25.2373    25.2603   5.498769   5.501136     2.6557     2.2344      20.63   18.83782  -93.06498   -0.00114   -0.00041          4  0.000e+00
      41053   1710.500     40.191     40.439    25.2474    25.2569   5.499602   5.501175     2.6557     2.2344      20.63   18.83782  -93.06498   -0.00106   -0.00028          4  0.000e+00
      41054   1710.542     40.137     40.384    25.2548    25.2554   5.500235   5.501285     2.6557     2.2344      20.63   18.83782  -93.06498   -0.00098   -0.00016          4  0.000e+00
      41055   1710.583     40.191     40.439    25.2584    25.2545   5.500520   5.501371     2.6557     2.2344      20.63   18.83782  -93.06498   -0.00091   -0.00004          4  0.000e+00
      41056   1710.625     40.164     40.412    25.2598    25.2569   5.500705   5.501441     2.6557     2.2344      20.63   18.83782  -93.06498   -0.00083    0.00008          4  0.000e+00
      41057   1710.667     40.137     40.384    25.2618    25.2587   5.500751   5.501457     2.6557     2.2332      20.63   18.83782  -93.06498   -0.00077    0.00017          4  0.000e+00
      41058   1710.708     40.137     40.384    25.2628    25.2612   5.500782   5.501418     2.6557     2.2332      20.68   18.83782  -93.06498   -0.00071    0.00028          4  0.000e+00
      41059   1710.750     40.191     40.439    25.2618    25.2596   5.500728   5.501394     2.6569     2.2332      20.73   18.83782  -93.06498   -0.00063    0.00038          4  0.000e+00
      41060   1710.792     40.191     40.439    25.2607    25.2596   5.500597   5.501269     2.6569     2.2332      20.76   18.83782  -93.06498   -0.00055    0.00049          4  0.000e+00
      41061   1710.833     40.164     40.412    25.2587    25.2603   5.500427   5.501191     2.6569     2.2320      20.73   18.83782  -93.06498   -0.00047    0.00056          4  0.000e+00
      41062   1710.875     40.137     40.384    25.2575    25.2596   5.500389   5.501277     2.6569     2.2320      20.73   18.83782  -93.06498   -0.00040    0.00064          4  0.000e+00
      41063   1710.917     40.137     40.384    25.2585    25.2611   5.500458   5.501488     2.6569     2.2320      20.73   18.83782  -93.06498   -0.00032    0.00071          4  0.000e+00
      41064   1710.958     40.191     40.439    25.2578    25.2640   5.500412   5.501684     2.6569     2.2320      20.73   18.83782  -93.06498   -0.00025    0.00078          4  0.000e+00
      41065   1711.000     40.137     40.384    25.2565    25.2685   5.500319   5.501754     2.6569     2.2320      20.73   18.83782  -93.06498   -0.00017    0.00086          4  0.000e+00
      41066   1711.042     40.211     40.459    25.2562    25.2721   5.500188   5.501636     2.6569     2.2308      20.73   18.83782  -93.06498   -0.00009    0.00092          4  0.000e+00
      41067   1711.083     40.136     40.384    25.2559    25.2743   5.500119   5.501629     2.6581     2.2308      20.73   18.83782  -93.06498    0.00002    0.00098          4  0.000e+00
      41068   1711.125     40.191     40.439    25.2560    25.2686   5.500142   5.501535     2.6581     2.2308      20.73   18.83782  -93.06498    0.00013    0.00104          4  0.000e+00
      41069   1711.167     40.136     40.384    25.2560    25.2607   5.500088   5.501527     2.6569     2.2308      20.73   18.83782  -93.06498    0.00022    0.00108          4  0.000e+00
      41070   1711.208     40.191     40.439    25.2560    25.2616   5.500134   5.501746     2.6569     2.2295      20.73   18.83782  -93.06498    0.00031    0.00111          4  0.000e+00
      43513   1813.000     30.228     30.414    28.1987    28.0440   5.821873   5.805279     3.1184     2.6325      30.57   18.83786  -93.06500    0.00092    0.00467          5  0.000e+00
      43514   1813.042     30.011     30.196    28.1918    28.0422   5.822023   5.805191     3.1197     2.6313      30.57   18.83786  -93.06500    0.00101    0.00459          5  0.000e+00
      43515   1813.083     29.964     30.148    28.1921    28.0458   5.822347   5.805199     3.1184     2.6313      30.57   18.83786  -93.06500    0.00108    0.00449          5  0.000e+00
      43516   1813.125     30.126     30.312    28.1998    28.0499   5.822513   5.805311     3.1184     2.6313      30.57   18.83786  -93.06500    0.00113    0.00438          5  0.000e+00
      43517   1813.167     30.065     30.250    28.2045    28.0508   5.822497   5.805423     3.1184     2.6313      30.57   18.83786  -93.06500    0.00117    0.00426          5  0.000e+00
      43518   1813.208     30.079     30.264    28.2057    28.0512   5.822561   5.805519     3.1184     2.6300      30.57   18.83786  -93.06500    0.00121    0.00411          5  0.000e+00
      43519   1813.250     30.065     30.250    28.2115    28.0519   5.823122   5.805751     3.1184     2.6300      30.60   18.83786  -93.06500    0.00124    0.00397          5  0.000e+00
      43520   1813.292     30.079     30.264    28.2211    28.0497   5.823912   5.806007     3.1184     2.6300      30.57   18.83786  -93.06500    0.00127    0.00382          5  0.000e+00
      43521   1813.333     30.113     30.298    28.2256    28.0488   5.824331   5.806063     3.1184     2.6288      30.57   18.83786  -93.06500    0.00128    0.00366          5  0.000e+00
      43522   1813.375     30.079     30.264    28.2273    28.0472   5.824505   5.806031     3.1197     2.6288      30.57   18.83786  -93.06500    0.00132    0.00349          5  0.000e+00
      43523   1813.417     30.113     30.298    28.2274    28.0445   5.824616   5.805871     3.1197     2.6276      30.57   18.83786  -93.06500    0.00135    0.00328          5  0.000e+00
      43524   1813.458     30.113     30.298    28.2242    28.0425   5.824386   5.805863     3.1184     2.6276      30.60   18.83786  -93.06500    0.00136    0.00308          5  0.000e+00
      43525   1813.500     30.079     30.264    28.2203    28.0411   5.824197   5.805943     3.1197     2.6276      30.57   18.83786  -93.06500    0.00136    0.00287          5  0.000e+00
      43526   1813.542     30.113     30.298    28.2212    28.0374   5.823983   5.805743     3.1197     2.6276      30.57   18.83786  -93.06500    0.00137    0.00266          5  0.000e+00
      43527   1813.583     30.126     30.312    28.2212    28.0354   5.823778   5.805535     3.1197     2.6276      30.57   18.83786  -93.06500    0.00137    0.00245          5  0.000e+00
      43528   1813.625     30.113     30.298    28.2176    28.0335   5.823509   5.805591     3.1197     2.6276      30.57   18.83786  -93.06500    0.00137    0.00224          5  0.000e+00
      43529   1813.667     30.126     30.312    28.2117    28.0414   5.823375   5.806351     3.1197     2.6264      30.57   18.83786  -93.06500    0.00139    0.00201          5  0.000e+00
      43530   1813.708     30.160     30.346    28.2112    28.0585   5.823240   5.807263     3.1209     2.6264      30.57   18.83786  -93.06500    0.00141    0.00178          5  0.000e+00
      43531   1813.750     30.126     30.312    28.2103    28.0669   5.823114   5.807671     3.1209     2.6264      30.57   18.83786  -93.06500    0.00142    0.00156          5  0.000e+00
      43532   1813.792     30.160     30.346    28.2121    28.0688   5.823177   5.807831     3.1209     2.6264      30.57   18.83786  -93.06502    0.00143    0.00133          5  0.000e+00
      43533   1813.833     30.160     30.346    28.2132    28.0688   5.823240   5.807471     3.1209     2.6252      30.57   18.83786  -93.06502    0.00144    0.00108          5  0.000e+00
      43534   1813.875     30.174     30.359    28.2129    28.0660   5.823256   5.806879     3.1209     2.6252      30.57   18.83786  -93.06502    0.00145    0.00083          5  0.000e+00
      43535   1813.917     30.214     30.400    28.2110    28.0671   5.823114   5.807223     3.1209     2.6252      30.57   18.83786  -93.06502    0.00145    0.00059          5  0.000e+00
      43536   1813.958     30.126     30.312    28.2114    28.0644   5.823066   5.807976     3.1209     2.6252      30.57   18.83786  -93.06502    0.00146    0.00036          5  0.000e+00
      43537   1814.000     30.262     30.448    28.2104    28.0655   5.822924   5.808800     3.1209     2.6239      30.57   18.83786  -93.06502    0.00146    0.00009          5  0.000e+00
      43538   1814.042     30.126     30.312    28.2095    28.0773   5.822877   5.809112     3.1209     2.6239      30.57   18.83786  -93.06502    0.00145   -0.00017          5  0.000e+00
      43539   1814.083     30.214     30.400    28.2101    28.0778   5.822908   5.808904     3.1221     2.6239      30.57   18.83786  -93.06502    0.00147   -0.00044          5  0.000e+00
      43540   1814.125     30.275     30.461    28.2093    28.0761   5.823098   5.808424     3.1221     2.6239      30.57   18.83786  -93.06502    0.00150   -0.00071          5  0.000e+00
      43541   1814.167     30.214     30.400    28.2111    28.0671   5.823240   5.807151     3.1209     2.6239      30.57   18.83786  -93.06502    0.00149   -0.00098          5  0.000e+00
      43542   1814.208     30.214     30.400    28.2130    28.0564   5.823438   5.805599     3.1209     2.6239      30.57   18.83786  -93.06502    0.00150   -0.00124          5  0.000e+00
      43543   1814.250     30.228     30.414    28.2141    28.0376   5.823564   5.805207     3.1221     2.6239      30.57   18.83786  -93.06502    0.00152   -0.00149          5  0.000e+00
      43544   1814.292     30.262     30.448    28.2150    28.0418   5.823620   5.806464     3.1221     2.6227      30.57   18.83786  -93.06502    0.00152   -0.00176          5  0.000e+00
      43545   1814.333     30.228     30.414    28.2159    28.0631   5.823738   5.808184     3.1221     2.6227      30.57   18.83786  -93.06502    0.00154   -0.00203          5  0.000e+00
      43546   1814.375     30.309     30.496    28.2181    28.0710   5.823920   5.809208     3.1221     2.6227      30.60   18.83786  -93.06502    0.00156   -0.00229          5  0.000e+00
      43547   1814.417     30.228     30.414    28.2198    28.0525   5.824118   5.809104     3.1221     2.6227      30.57   18.83786  -93.06502    0.00157   -0.00254          5  0.000e+00
      43548   1814.458     30.309     30.495    28.2214    28.0557   5.824236   5.809857     3.1233     2.6227      30.57   18.83786  -93.06502    0.00160   -0.00279          5  0.000e+00
      43549   1814.500     30.126     30.312    28.2213    28.0864   5.824157   5.811345     3.1221     2.6215      30.57   18.83786  -93.06502    0.00161   -0.00304          5  0.000e+00
      43550   1814.542     30.411     30.598    28.2203    28.1101   5.824047   5.812474     3.1233     2.6215      30.57   18.83786  -93.06502    0.00164   -0.00329          5  0.000e+00
      43551   1814.583     30.309     30.495    28.2203    28.1231   5.824023   5.813394     3.1221     2.6227      30.60   18.83786  -93.06502    0.00164   -0.00353          5  0.000e+00
      43552   1814.625     30.323     30.509    28.2185    28.1306   5.823833   5.814259     3.1233     2.6215      30.57   18.83786  -93.06502    0.00168   -0.00375          5  0.000e+00
      43553   1814.667     30.262     30.448    28.2168    28.1365   5.823667   5.815363     3.1233     2.6203      30.57   18.83786  -93.06502    0.00172   -0.00400          5  0.000e+00
      43554   1814.708     30.323     30.509    28.2170    28.1511   5.823596   5.817021     3.1233     2.6215      30.50   18.83786  -93.06502    0.00175   -0.00421          5  0.000e+00
      43555   1814.750     30.309     30.495    28.2170    28.1627   5.823588   5.818294     3.1233     2.6215      30.40   18.83786  -93.06502    0.00178   -0.00441          5  0.000e+00
      43556   1814.792     30.323     30.509    28.2154    28.1781   5.823620   5.819527     3.1245     2.6215      30.38   18.83786  -93.06502    0.00183   -0.00460          5  0.000e+00
      43557   1814.833     30.356     30.543    28.2143    28.1947   5.823667   5.821129     3.1245     2.6215      30.38   18.83786  -93.06502    0.00188   -0.00478          5  0.000e+00
      43558   1814.875     30.309     30.495    28.2197    28.2066   5.823944   5.822315     3.1233     2.6203      30.38   18.83786  -93.06502    0.00190   -0.00496          5  0.000e+00
      43559   1814.917     30.323     30.509    28.2258    28.2122   5.824410   5.822883     3.1245     2.6203      30.35   18.83786  -93.06502    0.00194   -0.00514          5  0.000e+00
      43560   1814.958     30.356     30.543    28.2271    28.2143   5.824687   5.823172     3.1245     2.6203      30.38   18.83786  -93.06502    0.00198   -0.00531          5  0.000e+00
      43561   1815.000     30.323     30.509    28.2249    28.2159   5.824663   5.823316     3.1245     2.6203      30.38   18.83786  -93.06502    0.00203   -0.00547          5  0.000e+00
      43562   1815.042     30.356     30.543    28.2247    28.2174   5.824568   5.823300     3.1245     2.6203      30.38   18.83786  -93.06502    0.00207   -0.00562          5  0.000e+00
      43563   1815.083     30.323     30.509    28.2253    28.2189   5.824616   5.823284     3.1245     2.6215      30.38   18.83786  -93.06502    0.00210   -0.00573          5  0.000e+00
      43564   1815.125     30.356     30.543    28.2249    28.2187   5.824600   5.823244     3.1245     2.6215      30.38   18.83786  -93.06502    0.00214   -0.00584          5  0.000e+00
      43565   1815.167     30.377     30.564    28.2236    28.2186   5.824560   5.823332     3.1233     2.6215      30.38   18.83786  -93.06502    0.00215   -0.00594          5  0.000e+00
      43566   1815.208     30.356     30.543    28.2231    28.2169   5.824473   5.823444     3.1245     2.6215      30.38   18.83786  -93.06502    0.00219   -0.00602          5  0.000e+00
      43567   1815.250     30.356     30.543    28.2231    28.2180   5.824481   5.823540     3.1233     2.6215      30.38   18.83786  -93.06502    0.00220   -0.00608          5  0.000e+00
      43568   1815.292     30.377     30.564    28.2231    28.2211   5.824600   5.823524     3.1233     2.6215      30.38   18.83786  -93.06502    0.00220   -0.00614          5  0.000e+00
      43569   1815.333     30.356     30.543    28.2241    28.2222   5.824600   5.823476     3.1233     2.6215      30.38   18.83786  -93.06502    0.00220   -0.00619          5  0.000e+00
      43570   1815.375     30.323     30.509    28.2245    28.2215   5.824624   5.823396     3.1233     2.6215      30.38   18.83786  -93.06502    0.00220   -0.00623          5  0.000e+00
      43571   1815.417     30.356     30.543    28.2251    28.2196   5.824639   5.823300     3.1233     2.6227      30.38   18.83786  -93.06502    0.00219   -0.00623          5  0.000e+00
      43572   1815.458     30.377     30.564    28.2253    28.2163   5.824639   5.823316     3.1233     2.6215      30.38   18.83786  -93.06502    0.00219   -0.00624          5  0.000e+00
      43573   1815.500     30.356     30.543    28.2247    28.2159   5.824639   5.823396     3.1221     2.6215      30.38   18.83786  -93.06502    0.00218   -0.00624          5  0.000e+00
      43574   1815.542     30.356     30.543    28.2247    28.2167   5.824600   5.823292     3.1221     2.6215      30.38   18.83786  -93.06502    0.00215   -0.00621          5  0.000e+00
      43575   1815.583     30.377     30.564    28.2255    28.2176   5.824695   5.823132     3.1221     2.6215      30.38   18.83786  -93.06502    0.00213   -0.00619          5  0.000e+00
