GOMECC/GOMECC-4/1db/rb2103_0241.ros
* Sea-Bird SBE 9 Data File:
* FileName = C:\Users\scs.user.rb\CTD\GOMECC4\data\rb2103_0241.hex
* Software Version Seasave V 7.26.7.107
* Temperature SN = 4799
* Conductivity SN = 3860
* Number of Bytes Per Scan = 41
* Number of Voltage Words = 4
* Number of Scans Averaged by the Deck Unit = 1
* NMEA Latitude = 28 41.35 N
* NMEA Longitude = 086 03.85 W
* NMEA UTC (Time) = Sep 21 2021  05:37:15
* NMEA baud rate = 4800
# nquan = 17
# nvalues = 1729                                  
# units = specified
# name 0 = scan: Scan Count
# name 1 = timeS: Time, Elapsed [seconds]
# name 2 = depSM: Depth [salt water, m]
# name 3 = prDM: Pressure, Digiquartz [db]
# name 4 = t090C: Temperature [ITS-90, deg C]
# name 5 = t190C: Temperature, 2 [ITS-90, deg C]
# name 6 = c0S/m: Conductivity [S/m]
# name 7 = c1S/m: Conductivity, 2 [S/m]
# name 8 = sbeox0V: Oxygen raw, SBE 43 [V]
# name 9 = sbeox1V: Oxygen raw, SBE 43, 2 [V]
# name 10 = altM: Altimeter [m]
# name 11 = latitude: Latitude [deg]
# name 12 = longitude: Longitude [deg]
# name 13 = sbox0dV/dT: Oxygen, SBE 43 [dov/dt]
# name 14 = sbox1dV/dT: Oxygen, SBE 43, 2 [dov/dt]
# name 15 = nbf: Bottles Fired
# name 16 = flag:  0.000e+00
# interval = seconds: 0.0416667
# start_time = Sep 21 2021 05:37:15 [NMEA time, header]
# bad_flag = -9.990e-29
*END*
[from data line 1277]
      49054   2043.875     59.701     60.112    24.9197    24.9196   5.468567   5.468640     3.0012     2.5617     100.00   28.68924  -86.06306    0.00096   -0.00027         10  0.000e+00
      49055   2043.917     59.701     60.112    24.9196    24.9202   5.468590   5.468655     3.0024     2.5617     100.00   28.68924  -86.06306    0.00095   -0.00027         10  0.000e+00
      49056   2043.958     59.701     60.112    24.9195    24.9202   5.468567   5.468663     3.0012     2.5617     100.00   28.68924  -86.06306    0.00092   -0.00025         10  0.000e+00
      49057   2044.000     59.648     60.059    24.9194    24.9204   5.468582   5.468663     3.0012     2.5617     100.00   28.68924  -86.06306    0.00089   -0.00025         10  0.000e+00
      49058   2044.042     59.701     60.112    24.9196    24.9207   5.468590   5.468702     3.0012     2.5617     100.00   28.68924  -86.06306    0.00086   -0.00023         10  0.000e+00
      49059   2044.083     59.648     60.059    24.9197    24.9205   5.468598   5.468671     3.0012     2.5617     100.00   28.68924  -86.06306    0.00083   -0.00021         10  0.000e+00
      49060   2044.125     59.701     60.112    24.9198    24.9205   5.468559   5.468640     3.0012     2.5617     100.00   28.68924  -86.06306    0.00080   -0.00021         10  0.000e+00
      49061   2044.167     59.701     60.112    24.9197    24.9204   5.468575   5.468632     3.0012     2.5617     100.00   28.68924  -86.06306    0.00076   -0.00021         10  0.000e+00
      49062   2044.208     59.701     60.112    24.9194    24.9202   5.468590   5.468616     3.0012     2.5617     100.00   28.68924  -86.06306    0.00073   -0.00022         10  0.000e+00
      49063   2044.250     59.701     60.112    24.9193    24.9198   5.468567   5.468624     3.0000     2.5617     100.00   28.68924  -86.06306    0.00068   -0.00022         10  0.000e+00
      49064   2044.292     59.701     60.113    24.9193    24.9202   5.468544   5.468616     3.0012     2.5617     100.00   28.68924  -86.06306    0.00064   -0.00022         10  0.000e+00
      49065   2044.333     59.648     60.059    24.9193    24.9207   5.468505   5.468593     3.0012     2.5617     100.00   28.68924  -86.06306    0.00061   -0.00022         10  0.000e+00
      49066   2044.375     59.761     60.173    24.9191    24.9207   5.468505   5.468648     3.0000     2.5617     100.00   28.68924  -86.06306    0.00058   -0.00022         10  0.000e+00
      49067   2044.417     59.648     60.059    24.9187    24.9200   5.468467   5.468694     3.0000     2.5617     100.00   28.68924  -86.06306    0.00052   -0.00021         10  0.000e+00
      49068   2044.458     59.701     60.113    24.9186    24.9200   5.468452   5.468679     3.0000     2.5617     100.00   28.68924  -86.06306    0.00047   -0.00019         10  0.000e+00
      49069   2044.500     59.701     60.113    24.9185    24.9205   5.468452   5.468702     3.0012     2.5617     100.00   28.68924  -86.06306    0.00043   -0.00018         10  0.000e+00
      49070   2044.542     59.701     60.113    24.9184    24.9209   5.468467   5.468702     3.0012     2.5617     100.00   28.68924  -86.06306    0.00041   -0.00016         10  0.000e+00
      49071   2044.583     59.648     60.059    24.9185    24.9218   5.468421   5.468648     2.9988     2.5617     100.00   28.68924  -86.06306    0.00036   -0.00015         10  0.000e+00
      49072   2044.625     59.754     60.166    24.9182    24.9225   5.468436   5.468655     3.0000     2.5617     100.00   28.68924  -86.06306    0.00030   -0.00013         10  0.000e+00
      49073   2044.667     59.701     60.113    24.9185    24.9225   5.468428   5.468640     3.0000     2.5617     100.00   28.68924  -86.06306    0.00027   -0.00012         10  0.000e+00
      49074   2044.708     59.701     60.113    24.9178    24.9225   5.468405   5.468655     3.0000     2.5617     100.00   28.68924  -86.06306    0.00023   -0.00010         10  0.000e+00
      49075   2044.750     59.648     60.059    24.9173    24.9227   5.468405   5.468663     3.0000     2.5617     100.00   28.68924  -86.06306    0.00019   -0.00009         10  0.000e+00
      49076   2044.792     59.701     60.113    24.9169    24.9220   5.468313   5.468640     3.0000     2.5617     100.00   28.68924  -86.06306    0.00016   -0.00007         10  0.000e+00
      49077   2044.833     59.701     60.113    24.9166    24.9191   5.468275   5.468546     3.0000     2.5617     100.00   28.68924  -86.06306    0.00012   -0.00006         10  0.000e+00
      49078   2044.875     59.762     60.174    24.9166    24.9175   5.468275   5.468461     3.0012     2.5617     100.00   28.68924  -86.06306    0.00008   -0.00004         10  0.000e+00
      49079   2044.917     59.701     60.113    24.9164    24.9160   5.468275   5.468476     3.0000     2.5617     100.00   28.68924  -86.06306    0.00005   -0.00003         10  0.000e+00
      49080   2044.958     59.701     60.113    24.9166    24.9144   5.468282   5.468414     3.0000     2.5617     100.00   28.68924  -86.06306    0.00001   -0.00001         10  0.000e+00
      49081   2045.000     59.701     60.113    24.9158    24.9146   5.468244   5.468398     3.0000     2.5617     100.00   28.68924  -86.06306   -0.00001    0.00000         10  0.000e+00
      49082   2045.042     59.701     60.113    24.9153    24.9155   5.468121   5.468429     3.0012     2.5617     100.00   28.68924  -86.06306   -0.00003    0.00002         10  0.000e+00
      49083   2045.083     59.701     60.113    24.9149    24.9160   5.468098   5.468398     3.0012     2.5617     100.00   28.68924  -86.06306   -0.00005    0.00003         10  0.000e+00
      49084   2045.125     59.648     60.060    24.9150    24.9159   5.468198   5.468398     3.0012     2.5617     100.00   28.68924  -86.06306   -0.00007    0.00005         10  0.000e+00
      49085   2045.167     59.754     60.166    24.9149    24.9156   5.468228   5.468429     3.0012     2.5617     100.00   28.68924  -86.06306   -0.00008    0.00006         10  0.000e+00
      49086   2045.208     59.648     60.060    24.9152    24.9168   5.468205   5.468414     3.0012     2.5629     100.00   28.68924  -86.06306   -0.00008    0.00010         10  0.000e+00
      49087   2045.250     59.754     60.166    24.9153    24.9159   5.468182   5.468429     3.0012     2.5629     100.00   28.68924  -86.06306   -0.00010    0.00013         10  0.000e+00
      49088   2045.292     59.701     60.113    24.9152    24.9153   5.468182   5.468468     3.0012     2.5629     100.00   28.68924  -86.06306   -0.00012    0.00016         10  0.000e+00
      49089   2045.333     59.701     60.113    24.9151    24.9141   5.468213   5.468422     3.0012     2.5629     100.00   28.68924  -86.06306   -0.00013    0.00019         10  0.000e+00
      49090   2045.375     59.701     60.113    24.9150    24.9135   5.468205   5.468453     3.0024     2.5629     100.00   28.68924  -86.06306   -0.00011    0.00024         10  0.000e+00
      49091   2045.417     59.701     60.113    24.9151    24.9159   5.468182   5.468484     3.0012     2.5629     100.00   28.68924  -86.06306   -0.00012    0.00029         10  0.000e+00
      49092   2045.458     59.701     60.113    24.9148    24.9180   5.468182   5.468562     3.0012     2.5629     100.00   28.68924  -86.06306   -0.00014    0.00034         10  0.000e+00
      49093   2045.500     59.701     60.113    24.9148    24.9204   5.468190   5.468609     3.0012     2.5629     100.00   28.68924  -86.06306   -0.00016    0.00039         10  0.000e+00
      49094   2045.542     59.701     60.113    24.9149    24.9213   5.468221   5.468624     3.0012     2.5629     100.00   28.68924  -86.06306   -0.00017    0.00044         10  0.000e+00
      49095   2045.583     59.762     60.174    24.9150    24.9218   5.468190   5.468694     3.0012     2.5629     100.00   28.68924  -86.06306   -0.00017    0.00049         10  0.000e+00
      49096   2045.625     59.648     60.060    24.9149    24.9223   5.468190   5.468702     3.0012     2.5629     100.00   28.68924  -86.06306   -0.00018    0.00054         10  0.000e+00
      49097   2045.667     59.754     60.166    24.9155    24.9232   5.468221   5.468710     3.0012     2.5629     100.00   28.68924  -86.06306   -0.00020    0.00058         10  0.000e+00
      49098   2045.708     59.649     60.060    24.9155    24.9238   5.468228   5.468671     3.0012     2.5629     100.00   28.68924  -86.06306   -0.00020    0.00063         10  0.000e+00
      49099   2045.750     59.754     60.166    24.9152    24.9241   5.468228   5.468702     3.0024     2.5629     100.00   28.68924  -86.06306   -0.00019    0.00066         10  0.000e+00
      49100   2045.792     59.701     60.113    24.9153    24.9243   5.468205   5.468679     3.0024     2.5629     100.00   28.68924  -86.06306   -0.00018    0.00069         10  0.000e+00
      49101   2045.833     59.649     60.060    24.9153    24.9245   5.468251   5.468694     3.0012     2.5629     100.00   28.68924  -86.06306   -0.00019    0.00074         10  0.000e+00
      49102   2045.875     59.701     60.113    24.9152    24.9247   5.468205   5.468679     3.0012     2.5617     100.00   28.68924  -86.06306   -0.00019    0.00077         10  0.000e+00
      49103   2045.917     59.701     60.113    24.9149    24.9247   5.468190   5.468741     3.0012     2.5629     100.00   28.68924  -86.06306   -0.00021    0.00080         10  0.000e+00
      49104   2045.958     59.754     60.166    24.9150    24.9247   5.468151   5.468687     3.0012     2.5629     100.00   28.68924  -86.06306   -0.00022    0.00083         10  0.000e+00
      49105   2046.000     59.649     60.060    24.9148    24.9245   5.468205   5.468702     3.0024     2.5629     100.00   28.68924  -86.06306   -0.00021    0.00086         10  0.000e+00
      49106   2046.042     59.762     60.174    24.9150    24.9243   5.468205   5.468671     3.0012     2.5629     100.00   28.68924  -86.06306   -0.00022    0.00089         10  0.000e+00
      52343   2180.917     39.931     40.205    28.6827    28.6809   5.820629   5.820749     3.1832     2.7094     100.00   28.68922  -86.06304    0.00039   -0.00077         11  0.000e+00
      52344   2180.958     39.803     40.075    28.6829    28.6812   5.820589   5.820749     3.1832     2.7094     100.00   28.68922  -86.06304    0.00038   -0.00070         11  0.000e+00
      52345   2181.000     39.637     39.908    28.6827    28.6818   5.820581   5.820797     3.1832     2.7094     100.00   28.68922  -86.06304    0.00038   -0.00066         11  0.000e+00
      52346   2181.042     39.750     40.022    28.6829    28.6816   5.820542   5.820725     3.1819     2.7094     100.00   28.68922  -86.06304    0.00035   -0.00061         11  0.000e+00
      52347   2181.083     39.697     39.969    28.6827    28.6819   5.820534   5.820805     3.1819     2.7106     100.00   28.68922  -86.06304    0.00032   -0.00056         11  0.000e+00
      52348   2181.125     39.697     39.969    28.6827    28.6822   5.820534   5.820845     3.1819     2.7094     100.00   28.68922  -86.06304    0.00029   -0.00054         11  0.000e+00
      52349   2181.167     39.652     39.923    28.6825    28.6830   5.820462   5.820877     3.1832     2.7094     100.00   28.68922  -86.06304    0.00027   -0.00051         11  0.000e+00
      52350   2181.208     39.750     40.022    28.6820    28.6832   5.820470   5.820893     3.1832     2.7094     100.00   28.68922  -86.06304    0.00026   -0.00050         11  0.000e+00
      52351   2181.250     39.697     39.969    28.6822    28.6837   5.820368   5.820925     3.1832     2.7094     100.00   28.68922  -86.06304    0.00024   -0.00049         11  0.000e+00
      52352   2181.292     39.697     39.969    28.6812    28.6840   5.820297   5.821013     3.1832     2.7094     100.00   28.68922  -86.06304    0.00023   -0.00049         11  0.000e+00
      52353   2181.333     39.697     39.969    28.6792    28.6845   5.820218   5.821013     3.1844     2.7094     100.00   28.68922  -86.06304    0.00023   -0.00048         11  0.000e+00
      52354   2181.375     39.697     39.969    28.6781    28.6846   5.820083   5.821061     3.1832     2.7094     100.00   28.68922  -86.06304    0.00021   -0.00048         11  0.000e+00
      52355   2181.417     39.712     39.984    28.6780    28.6851   5.820067   5.821045     3.1819     2.7082     100.00   28.68922  -86.06304    0.00017   -0.00049         11  0.000e+00
      52356   2181.458     39.637     39.908    28.6783    28.6853   5.820123   5.821069     3.1819     2.7082     100.00   28.68922  -86.06304    0.00013   -0.00050         11  0.000e+00
      52357   2181.500     39.697     39.969    28.6800    28.6857   5.820178   5.821117     3.1832     2.7082     100.00   28.68922  -86.06304    0.00013   -0.00050         11  0.000e+00
      52358   2181.542     39.697     39.969    28.6808    28.6855   5.820297   5.821133     3.1832     2.7082     100.00   28.68922  -86.06304    0.00013   -0.00048         11  0.000e+00
      52359   2181.583     39.637     39.908    28.6809    28.6858   5.820297   5.821165     3.1832     2.7082     100.00   28.68922  -86.06304    0.00012   -0.00046         11  0.000e+00
      52360   2181.625     39.637     39.908    28.6809    28.6863   5.820249   5.821181     3.1832     2.7070     100.00   28.68922  -86.06304    0.00012   -0.00046         11  0.000e+00
      52361   2181.667     39.712     39.984    28.6792    28.6862   5.820241   5.821157     3.1832     2.7070     100.00   28.68922  -86.06304    0.00010   -0.00046         11  0.000e+00
      52362   2181.708     39.637     39.908    28.6798    28.6863   5.820170   5.821205     3.1819     2.7070     100.00   28.68922  -86.06304    0.00008   -0.00044         11  0.000e+00
      52363   2181.750     39.637     39.908    28.6809    28.6864   5.820146   5.821157     3.1832     2.7057     100.00   28.68922  -86.06304    0.00007   -0.00043         11  0.000e+00
      52364   2181.792     39.697     39.969    28.6812    28.6862   5.820146   5.821133     3.1819     2.7057     100.00   28.68922  -86.06304    0.00005   -0.00041         11  0.000e+00
      52365   2181.833     39.637     39.908    28.6812    28.6859   5.820146   5.821093     3.1819     2.7045     100.00   28.68922  -86.06304    0.00005   -0.00042         11  0.000e+00
      52366   2181.875     39.637     39.908    28.6803    28.6855   5.820146   5.821045     3.1832     2.7045     100.00   28.68922  -86.06304    0.00006   -0.00043         11  0.000e+00
      52367   2181.917     39.637     39.908    28.6792    28.6853   5.820146   5.820965     3.1832     2.7033     100.00   28.68922  -86.06304    0.00007   -0.00044         11  0.000e+00
      52368   2181.958     39.652     39.923    28.6789    28.6844   5.820004   5.820869     3.1832     2.7033     100.00   28.68922  -86.06304    0.00009   -0.00044         11  0.000e+00
      52369   2182.000     39.637     39.908    28.6776    28.6841   5.819957   5.820853     3.1832     2.7021     100.00   28.68922  -86.06304    0.00010   -0.00046         11  0.000e+00
      52370   2182.042     39.637     39.908    28.6761    28.6840   5.819957   5.820773     3.1819     2.7021     100.00   28.68922  -86.06304    0.00010   -0.00050         11  0.000e+00
      52371   2182.083     39.584     39.855    28.6750    28.6835   5.819886   5.820821     3.1819     2.7021     100.00   28.68922  -86.06304    0.00009   -0.00054         11  0.000e+00
      52372   2182.125     39.637     39.908    28.6757    28.6834   5.819894   5.820877     3.1819     2.7021     100.00   28.68922  -86.06304    0.00009   -0.00055         11  0.000e+00
      52373   2182.167     39.637     39.908    28.6759    28.6835   5.819799   5.820853     3.1819     2.7021     100.00   28.68922  -86.06304    0.00009   -0.00056         11  0.000e+00
