GOMECC/GOMECC-4/1db/rb2103_0851.ros
* Sea-Bird SBE 9 Data File:
* FileName = C:\Users\scs.user.rb\CTD\GOMECC4\data\rb2103_0851.hex
* Software Version Seasave V 7.26.7.107
* Temperature SN = 4799
* Conductivity SN = 3860
* Number of Bytes Per Scan = 41
* Number of Voltage Words = 4
* Number of Scans Averaged by the Deck Unit = 1
* NMEA Latitude = 20 36.04 N
* NMEA Longitude = 094 17.37 W
* NMEA UTC (Time) = Oct 07 2021  22:53:37
* NMEA baud rate = 4800
# nquan = 17
# nvalues = 3059                                  
# units = specified
# name 0 = scan: Scan Count
# name 1 = timeS: Time, Elapsed [seconds]
# name 2 = depSM: Depth [salt water, m]
# name 3 = prDM: Pressure, Digiquartz [db]
# name 4 = t090C: Temperature [ITS-90, deg C]
# name 5 = t190C: Temperature, 2 [ITS-90, deg C]
# name 6 = c0S/m: Conductivity [S/m]
# name 7 = c1S/m: Conductivity, 2 [S/m]
# name 8 = sbeox0V: Oxygen raw, SBE 43 [V]
# name 9 = sbeox1V: Oxygen raw, SBE 43, 2 [V]
# name 10 = altM: Altimeter [m]
# name 11 = latitude: Latitude [deg]
# name 12 = longitude: Longitude [deg]
# name 13 = sbox0dV/dT: Oxygen, SBE 43 [dov/dt]
# name 14 = sbox1dV/dT: Oxygen, SBE 43, 2 [dov/dt]
# name 15 = nbf: Bottles Fired
# name 16 = flag:  0.000e+00
# interval = seconds: 0.0416667
# start_time = Oct 07 2021 22:53:37 [NMEA time, header]
# bad_flag = -9.990e-29
*END*
[from data line 426]
      86298   3595.708   1386.998   1400.264     4.3128     4.3133   3.342453   3.342435     1.9621     1.6361     100.00   20.60068  -94.29044    0.00009   -0.00001          4  0.000e+00
      86299   3595.750   1386.942   1400.208     4.3129     4.3133   3.342491   3.342435     1.9609     1.6361     100.00   20.60068  -94.29044    0.00007   -0.00002          4  0.000e+00
      86300   3595.792   1386.998   1400.264     4.3127     4.3132   3.342478   3.342409     1.9609     1.6361     100.00   20.60068  -94.29044    0.00006   -0.00003          4  0.000e+00
      86301   3595.833   1386.970   1400.236     4.3130     4.3132   3.342466   3.342409     1.9621     1.6361     100.00   20.60068  -94.29044    0.00007   -0.00004          4  0.000e+00
      86302   3595.875   1386.998   1400.264     4.3130     4.3132   3.342447   3.342403     1.9609     1.6361     100.00   20.60068  -94.29044    0.00005   -0.00004          4  0.000e+00
      86303   3595.917   1386.998   1400.264     4.3129     4.3135   3.342459   3.342441     1.9609     1.6361     100.00   20.60068  -94.29044    0.00004   -0.00005          4  0.000e+00
      86304   3595.958   1386.998   1400.264     4.3128     4.3132   3.342447   3.342461     1.9621     1.6361     100.00   20.60068  -94.29044    0.00004   -0.00005          4  0.000e+00
      86305   3596.000   1387.026   1400.292     4.3127     4.3133   3.342478   3.342416     1.9609     1.6361     100.00   20.60068  -94.29044    0.00003   -0.00006          4  0.000e+00
      86306   3596.042   1386.998   1400.264     4.3127     4.3132   3.342497   3.342409     1.9609     1.6361     100.00   20.60068  -94.29044    0.00002   -0.00006          4  0.000e+00
      86307   3596.083   1386.998   1400.264     4.3128     4.3135   3.342478   3.342429     1.9621     1.6361     100.00   20.60068  -94.29044    0.00002   -0.00005          4  0.000e+00
      86308   3596.125   1386.998   1400.264     4.3129     4.3132   3.342472   3.342435     1.9621     1.6361     100.00   20.60068  -94.29044    0.00003   -0.00006          4  0.000e+00
      86309   3596.167   1386.998   1400.264     4.3126     4.3133   3.342466   3.342435     1.9609     1.6361     100.00   20.60068  -94.29044    0.00003   -0.00006          4  0.000e+00
      86310   3596.208   1387.026   1400.292     4.3128     4.3132   3.342466   3.342384     1.9609     1.6361     100.00   20.60068  -94.29044    0.00002   -0.00007          4  0.000e+00
      86311   3596.250   1386.998   1400.264     4.3127     4.3133   3.342472   3.342377     1.9609     1.6361     100.00   20.60068  -94.29044    0.00002   -0.00008          4  0.000e+00
      86312   3596.292   1386.999   1400.265     4.3127     4.3133   3.342491   3.342422     1.9621     1.6361     100.00   20.60068  -94.29044    0.00002   -0.00009          4  0.000e+00
      86313   3596.333   1387.047   1400.314     4.3128     4.3133   3.342453   3.342435     1.9609     1.6361     100.00   20.60068  -94.29044    0.00003   -0.00010          4  0.000e+00
      86314   3596.375   1386.971   1400.237     4.3127     4.3135   3.342441   3.342409     1.9621     1.6361     100.00   20.60068  -94.29044    0.00003   -0.00009          4  0.000e+00
      86315   3596.417   1386.999   1400.265     4.3127     4.3132   3.342504   3.342441     1.9609     1.6361     100.00   20.60068  -94.29044    0.00004   -0.00010          4  0.000e+00
      86316   3596.458   1386.999   1400.265     4.3128     4.3133   3.342510   3.342422     1.9609     1.6361     100.00   20.60068  -94.29044    0.00002   -0.00009          4  0.000e+00
      86317   3596.500   1387.047   1400.314     4.3127     4.3133   3.342453   3.342429     1.9609     1.6361     100.00   20.60068  -94.29044    0.00003   -0.00008          4  0.000e+00
      86318   3596.542   1386.971   1400.237     4.3127     4.3133   3.342459   3.342454     1.9621     1.6361     100.00   20.60068  -94.29044    0.00003   -0.00009          4  0.000e+00
      86319   3596.583   1386.944   1400.209     4.3127     4.3135   3.342472   3.342441     1.9609     1.6361     100.00   20.60068  -94.29044    0.00002   -0.00010          4  0.000e+00
      86320   3596.625   1386.999   1400.265     4.3128     4.3137   3.342447   3.342409     1.9609     1.6361     100.00   20.60068  -94.29044    0.00000   -0.00010          4  0.000e+00
      86321   3596.667   1386.999   1400.265     4.3127     4.3133   3.342478   3.342409     1.9609     1.6361     100.00   20.60068  -94.29044   -0.00001   -0.00011          4  0.000e+00
      86322   3596.708   1386.972   1400.237     4.3129     4.3133   3.342478   3.342429     1.9609     1.6361     100.00   20.60068  -94.29044   -0.00002   -0.00010          4  0.000e+00
      86323   3596.750   1386.999   1400.265     4.3128     4.3133   3.342447   3.342454     1.9609     1.6361     100.00   20.60068  -94.29044   -0.00004   -0.00009          4  0.000e+00
      86324   3596.792   1386.944   1400.209     4.3129     4.3135   3.342459   3.342441     1.9609     1.6361     100.00   20.60068  -94.29044   -0.00005   -0.00010          4  0.000e+00
      86325   3596.833   1386.999   1400.266     4.3129     4.3135   3.342466   3.342409     1.9609     1.6361     100.00   20.60068  -94.29044   -0.00006   -0.00011          4  0.000e+00
      86326   3596.875   1386.896   1400.161     4.3125     4.3135   3.342447   3.342441     1.9609     1.6361     100.00   20.60068  -94.29044   -0.00006   -0.00011          4  0.000e+00
      86327   3596.917   1386.972   1400.238     4.3129     4.3133   3.342459   3.342403     1.9609     1.6361     100.00   20.60068  -94.29044   -0.00007   -0.00012          4  0.000e+00
      86328   3596.958   1386.944   1400.210     4.3129     4.3133   3.342491   3.342422     1.9609     1.6361     100.00   20.60068  -94.29044   -0.00007   -0.00011          4  0.000e+00
      86329   3597.000   1386.896   1400.161     4.3128     4.3135   3.342497   3.342409     1.9609     1.6361     100.00   20.60068  -94.29044   -0.00006   -0.00012          4  0.000e+00
      86330   3597.042   1386.945   1400.210     4.3127     4.3133   3.342478   3.342441     1.9609     1.6361     100.00   20.60068  -94.29044   -0.00006   -0.00012          4  0.000e+00
      86331   3597.083   1386.924   1400.189     4.3130     4.3135   3.342491   3.342441     1.9609     1.6361     100.00   20.60068  -94.29044   -0.00005   -0.00013          4  0.000e+00
      86332   3597.125   1386.896   1400.161     4.3128     4.3135   3.342453   3.342416     1.9609     1.6361     100.00   20.60068  -94.29044   -0.00004   -0.00014          4  0.000e+00
      86333   3597.167   1386.945   1400.210     4.3129     4.3135   3.342478   3.342403     1.9621     1.6361     100.00   20.60068  -94.29044   -0.00002   -0.00014          4  0.000e+00
      86334   3597.208   1386.897   1400.161     4.3127     4.3135   3.342478   3.342441     1.9609     1.6361     100.00   20.60068  -94.29044   -0.00001   -0.00013          4  0.000e+00
      86335   3597.250   1386.869   1400.133     4.3128     4.3133   3.342447   3.342416     1.9609     1.6361     100.00   20.60068  -94.29044   -0.00002   -0.00014          4  0.000e+00
      86336   3597.292   1386.897   1400.161     4.3127     4.3135   3.342485   3.342441     1.9609     1.6361     100.00   20.60068  -94.29044   -0.00004   -0.00014          4  0.000e+00
      86337   3597.333   1386.848   1400.112     4.3130     4.3133   3.342472   3.342467     1.9609     1.6361     100.00   20.60068  -94.29044   -0.00005   -0.00015          4  0.000e+00
      86338   3597.375   1386.897   1400.162     4.3126     4.3135   3.342447   3.342441     1.9621     1.6361     100.00   20.60068  -94.29044   -0.00004   -0.00014          4  0.000e+00
      86339   3597.417   1386.766   1400.029     4.3128     4.3133   3.342459   3.342435     1.9621     1.6361     100.00   20.60068  -94.29044   -0.00003   -0.00013          4  0.000e+00
      86340   3597.458   1386.897   1400.162     4.3130     4.3135   3.342447   3.342409     1.9609     1.6361     100.00   20.60068  -94.29044   -0.00005   -0.00011          4  0.000e+00
      86341   3597.500   1386.849   1400.113     4.3127     4.3135   3.342459   3.342441     1.9609     1.6361     100.00   20.60068  -94.29044   -0.00006   -0.00010          4  0.000e+00
      86342   3597.542   1386.849   1400.113     4.3128     4.3135   3.342447   3.342422     1.9609     1.6361     100.00   20.60068  -94.29044   -0.00007   -0.00011          4  0.000e+00
      86343   3597.583   1386.794   1400.057     4.3129     4.3133   3.342503   3.342403     1.9621     1.6361     100.00   20.60068  -94.29044   -0.00004   -0.00011          4  0.000e+00
      86344   3597.625   1386.821   1400.085     4.3129     4.3133   3.342459   3.342422     1.9621     1.6361     100.00   20.60068  -94.29044   -0.00002   -0.00012          4  0.000e+00
      86345   3597.667   1386.794   1400.057     4.3130     4.3132   3.342459   3.342409     1.9621     1.6361     100.00   20.60068  -94.29044   -0.00002   -0.00012          4  0.000e+00
      86346   3597.708   1386.794   1400.057     4.3127     4.3132   3.342466   3.342403     1.9609     1.6361     100.00   20.60068  -94.29044   -0.00003   -0.00013          4  0.000e+00
      86347   3597.750   1386.745   1400.008     4.3129     4.3135   3.342472   3.342422     1.9621     1.6361     100.00   20.60068  -94.29044   -0.00002   -0.00011          4  0.000e+00
      86348   3597.792   1386.766   1400.029     4.3131     4.3135   3.342472   3.342416     1.9621     1.6361     100.00   20.60068  -94.29044   -0.00002   -0.00010          4  0.000e+00
      86349   3597.833   1386.794   1400.057     4.3132     4.3133   3.342466   3.342429     1.9609     1.6361     100.00   20.60068  -94.29044   -0.00003   -0.00010          4  0.000e+00
      86350   3597.875   1386.746   1400.008     4.3129     4.3132   3.342466   3.342409     1.9609     1.6361     100.00   20.60068  -94.29044   -0.00004   -0.00011          4  0.000e+00
      86351   3597.917   1386.746   1400.009     4.3130     4.3133   3.342472   3.342403     1.9609     1.6374     100.00   20.60068  -94.29044   -0.00005   -0.00010          4  0.000e+00
      86352   3597.958   1386.718   1399.981     4.3129     4.3133   3.342472   3.342422     1.9609     1.6361     100.00   20.60068  -94.29044   -0.00007   -0.00010          4  0.000e+00
      86353   3598.000   1386.746   1400.009     4.3129     4.3135   3.342466   3.342416     1.9609     1.6361     100.00   20.60068  -94.29044   -0.00008   -0.00010          4  0.000e+00
      86354   3598.042   1386.746   1400.009     4.3128     4.3133   3.342447   3.342429     1.9609     1.6361     100.00   20.60068  -94.29044   -0.00009   -0.00009          4  0.000e+00
      86355   3598.083   1386.691   1399.953     4.3127     4.3132   3.342459   3.342435     1.9609     1.6361     100.00   20.60068  -94.29044   -0.00011   -0.00010          4  0.000e+00
      86356   3598.125   1386.718   1399.981     4.3129     4.3133   3.342447   3.342384     1.9609     1.6361     100.00   20.60068  -94.29044   -0.00012   -0.00010          4  0.000e+00
      86357   3598.167   1386.691   1399.953     4.3127     4.3135   3.342440   3.342416     1.9609     1.6361     100.00   20.60068  -94.29044   -0.00013   -0.00010          4  0.000e+00
      86358   3598.208   1386.691   1399.953     4.3128     4.3133   3.342440   3.342435     1.9609     1.6361     100.00   20.60068  -94.29044   -0.00014   -0.00011          4  0.000e+00
      86359   3598.250   1386.691   1399.953     4.3127     4.3133   3.342459   3.342409     1.9621     1.6361     100.00   20.60068  -94.29044   -0.00014   -0.00011          4  0.000e+00
      86360   3598.292   1386.719   1399.981     4.3129     4.3133   3.342472   3.342403     1.9609     1.6361     100.00   20.60068  -94.29044   -0.00013   -0.00010          4  0.000e+00
      86361   3598.333   1386.691   1399.953     4.3128     4.3135   3.342447   3.342422     1.9609     1.6361     100.00   20.60068  -94.29044   -0.00015   -0.00010          4  0.000e+00
      86362   3598.375   1386.643   1399.904     4.3129     4.3133   3.342440   3.342435     1.9609     1.6361     100.00   20.60068  -94.29044   -0.00014   -0.00009          4  0.000e+00
      86363   3598.417   1386.691   1399.953     4.3127     4.3132   3.342440   3.342435     1.9609     1.6361     100.00   20.60068  -94.29044   -0.00014   -0.00009          4  0.000e+00
      86364   3598.458   1386.691   1399.953     4.3127     4.3132   3.342459   3.342409     1.9609     1.6361     100.00   20.60068  -94.29044   -0.00013   -0.00010          4  0.000e+00
      86365   3598.500   1386.616   1399.877     4.3127     4.3133   3.342466   3.342403     1.9609     1.6361     100.00   20.60068  -94.29044   -0.00012   -0.00010          4  0.000e+00
      86366   3598.542   1386.692   1399.954     4.3127     4.3132   3.342466   3.342403     1.9609     1.6361     100.00   20.60068  -94.29044   -0.00012   -0.00009          4  0.000e+00
      86367   3598.583   1386.643   1399.905     4.3127     4.3130   3.342472   3.342422     1.9609     1.6361     100.00   20.60068  -94.29044   -0.00011   -0.00009          4  0.000e+00
      86368   3598.625   1386.692   1399.954     4.3127     4.3133   3.342472   3.342416     1.9609     1.6361     100.00   20.60068  -94.29044   -0.00012   -0.00009          4  0.000e+00
      86369   3598.667   1386.664   1399.926     4.3127     4.3133   3.342466   3.342428     1.9609     1.6361     100.00   20.60068  -94.29044   -0.00011   -0.00010          4  0.000e+00
      86370   3598.708   1386.644   1399.905     4.3127     4.3133   3.342447   3.342409     1.9609     1.6361     100.00   20.60068  -94.29044   -0.00011   -0.00010          4  0.000e+00
      86371   3598.750   1386.692   1399.954     4.3126     4.3130   3.342415   3.342422     1.9609     1.6361     100.00   20.60068  -94.29044   -0.00010   -0.00010          4  0.000e+00
      86372   3598.792   1386.644   1399.905     4.3126     4.3132   3.342453   3.342409     1.9609     1.6361     100.00   20.60068  -94.29044   -0.00009   -0.00010          4  0.000e+00
      86373   3598.833   1386.664   1399.926     4.3125     4.3130   3.342447   3.342403     1.9609     1.6361     100.00   20.60068  -94.29044   -0.00008   -0.00011          4  0.000e+00
      86374   3598.875   1386.644   1399.905     4.3127     4.3132   3.342440   3.342409     1.9609     1.6361     100.00   20.60068  -94.29044   -0.00009   -0.00011          4  0.000e+00
      86375   3598.917   1386.748   1400.010     4.3126     4.3133   3.342415   3.342403     1.9609     1.6361     100.00   20.60068  -94.29044   -0.00010   -0.00011          4  0.000e+00
      86376   3598.958   1386.644   1399.905     4.3126     4.3130   3.342428   3.342377     1.9609     1.6361     100.00   20.60068  -94.29044   -0.00009   -0.00010          4  0.000e+00
      86377   3599.000   1386.720   1399.982     4.3127     4.3133   3.342440   3.342416     1.9609     1.6361     100.00   20.60068  -94.29044   -0.00008   -0.00008          4  0.000e+00
      86378   3599.042   1386.644   1399.906     4.3124     4.3133   3.342459   3.342435     1.9609     1.6361     100.00   20.60068  -94.29044   -0.00009   -0.00007          4  0.000e+00
      86379   3599.083   1386.748   1400.011     4.3127     4.3130   3.342447   3.342397     1.9621     1.6361     100.00   20.60068  -94.29044   -0.00008   -0.00005          4  0.000e+00
      86380   3599.125   1386.644   1399.906     4.3125     4.3133   3.342440   3.342422     1.9621     1.6361     100.00   20.60068  -94.29044   -0.00005   -0.00006          4  0.000e+00
      86381   3599.167   1386.720   1399.983     4.3126     4.3135   3.342440   3.342435     1.9621     1.6361     100.00   20.60068  -94.29044   -0.00004   -0.00006          4  0.000e+00
