GOMECC/GOMECC-4/1db/rb2103_0301.ros
* Sea-Bird SBE 9 Data File:
* FileName = C:\Users\scs.user.rb\CTD\GOMECC4\data\rb2103_0301.hex
* Software Version Seasave V 7.26.7.107
* Temperature SN = 4799
* Conductivity SN = 3860
* Number of Bytes Per Scan = 41
* Number of Voltage Words = 4
* Number of Scans Averaged by the Deck Unit = 1
* NMEA Latitude = 27 00.64 N
* NMEA Longitude = 086 59.98 W
* NMEA UTC (Time) = Sep 22 2021  07:53:47
* NMEA baud rate = 4800
# nquan = 17
# nvalues = 3192                                  
# units = specified
# name 0 = scan: Scan Count
# name 1 = timeS: Time, Elapsed [seconds]
# name 2 = depSM: Depth [salt water, m]
# name 3 = prDM: Pressure, Digiquartz [db]
# name 4 = t090C: Temperature [ITS-90, deg C]
# name 5 = t190C: Temperature, 2 [ITS-90, deg C]
# name 6 = c0S/m: Conductivity [S/m]
# name 7 = c1S/m: Conductivity, 2 [S/m]
# name 8 = sbeox0V: Oxygen raw, SBE 43 [V]
# name 9 = sbeox1V: Oxygen raw, SBE 43, 2 [V]
# name 10 = altM: Altimeter [m]
# name 11 = latitude: Latitude [deg]
# name 12 = longitude: Longitude [deg]
# name 13 = sbox0dV/dT: Oxygen, SBE 43 [dov/dt]
# name 14 = sbox1dV/dT: Oxygen, SBE 43, 2 [dov/dt]
# name 15 = nbf: Bottles Fired
# name 16 = flag:  0.000e+00
# interval = seconds: 0.0416667
# start_time = Sep 22 2021 07:53:47 [NMEA time, header]
# bad_flag = -9.990e-29
*END*
[from data line 1958]
     178636   7443.125    347.961    350.561    11.4700    11.4688   4.006915   4.006704     1.6740     1.3712     100.00   26.98280  -86.99866   -0.00016   -0.00033         15  0.000e+00
     178637   7443.167    347.984    350.584    11.4699    11.4690   4.006888   4.006697     1.6740     1.3712     100.00   26.98280  -86.99866   -0.00017   -0.00032         15  0.000e+00
     178638   7443.208    347.931    350.530    11.4700    11.4692   4.006936   4.006752     1.6740     1.3700     100.00   26.98280  -86.99866   -0.00018   -0.00032         15  0.000e+00
     178639   7443.250    347.908    350.507    11.4699    11.4702   4.006929   4.006848     1.6728     1.3700     100.00   26.98280  -86.99866   -0.00021   -0.00033         15  0.000e+00
     178640   7443.292    348.037    350.637    11.4704    11.4708   4.006943   4.006930     1.6728     1.3700     100.00   26.98280  -86.99866   -0.00024   -0.00033         15  0.000e+00
     178641   7443.333    347.984    350.584    11.4703    11.4712   4.006949   4.006971     1.6740     1.3700     100.00   26.98280  -86.99866   -0.00025   -0.00034         15  0.000e+00
     178642   7443.375    347.931    350.530    11.4705    11.4709   4.006929   4.006923     1.6752     1.3712     100.00   26.98280  -86.99866   -0.00024   -0.00033         15  0.000e+00
     178643   7443.417    348.014    350.614    11.4706    11.4702   4.006970   4.006807     1.6740     1.3712     100.00   26.98280  -86.99866   -0.00025   -0.00031         15  0.000e+00
     178644   7443.458    347.931    350.530    11.4707    11.4693   4.006963   4.006738     1.6740     1.3700     100.00   26.98280  -86.99866   -0.00026   -0.00032         15  0.000e+00
     178645   7443.500    347.984    350.584    11.4710    11.4690   4.006976   4.006704     1.6752     1.3712     100.00   26.98280  -86.99866   -0.00025   -0.00031         15  0.000e+00
     178646   7443.542    347.961    350.561    11.4709    11.4688   4.007010   4.006697     1.6752     1.3700     100.00   26.98280  -86.99866   -0.00024   -0.00031         15  0.000e+00
     178647   7443.583    347.931    350.530    11.4710    11.4685   4.006997   4.006676     1.6740     1.3700     100.00   26.98280  -86.99866   -0.00025   -0.00031         15  0.000e+00
     178648   7443.625    347.984    350.584    11.4705    11.4688   4.006963   4.006690     1.6740     1.3700     100.00   26.98280  -86.99866   -0.00026   -0.00030         15  0.000e+00
     178649   7443.667    347.961    350.561    11.4698    11.4690   4.006929   4.006697     1.6752     1.3700     100.00   26.98280  -86.99866   -0.00025   -0.00030         15  0.000e+00
     178650   7443.708    347.984    350.584    11.4696    11.4686   4.006888   4.006697     1.6740     1.3712     100.00   26.98280  -86.99866   -0.00027   -0.00029         15  0.000e+00
     178651   7443.750    347.931    350.530    11.4693    11.4683   4.006855   4.006669     1.6752     1.3712     100.00   26.98280  -86.99866   -0.00026   -0.00027         15  0.000e+00
     178652   7443.792    348.014    350.615    11.4696    11.4683   4.006848   4.006635     1.6752     1.3712     100.00   26.98280  -86.99864   -0.00023   -0.00026         15  0.000e+00
     178653   7443.833    347.931    350.530    11.4697    11.4680   4.006821   4.006649     1.6740     1.3712     100.00   26.98280  -86.99864   -0.00023   -0.00024         15  0.000e+00
     178654   7443.875    347.984    350.584    11.4701    11.4685   4.006895   4.006669     1.6752     1.3712     100.00   26.98280  -86.99864   -0.00020   -0.00023         15  0.000e+00
     178655   7443.917    347.961    350.561    11.4704    11.4687   4.006915   4.006690     1.6740     1.3712     100.00   26.98280  -86.99864   -0.00020   -0.00021         15  0.000e+00
     178656   7443.958    347.984    350.584    11.4706    11.4690   4.006943   4.006717     1.6740     1.3700     100.00   26.98280  -86.99864   -0.00019   -0.00022         15  0.000e+00
     178657   7444.000    347.984    350.584    11.4705    11.4693   4.006956   4.006759     1.6752     1.3700     100.00   26.98280  -86.99864   -0.00016   -0.00022         15  0.000e+00
     178658   7444.042    347.961    350.561    11.4704    11.4699   4.006929   4.006793     1.6740     1.3700     100.00   26.98280  -86.99864   -0.00017   -0.00022         15  0.000e+00
     178659   7444.083    347.984    350.584    11.4702    11.4703   4.006970   4.006855     1.6752     1.3712     100.00   26.98280  -86.99864   -0.00016   -0.00021         15  0.000e+00
     178660   7444.125    347.931    350.531    11.4704    11.4702   4.006983   4.006875     1.6740     1.3700     100.00   26.98280  -86.99864   -0.00016   -0.00021         15  0.000e+00
     178661   7444.167    348.015    350.615    11.4704    11.4702   4.006936   4.006875     1.6752     1.3700     100.00   26.98280  -86.99864   -0.00015   -0.00021         15  0.000e+00
     178662   7444.208    347.984    350.584    11.4706    11.4703   4.006922   4.006848     1.6740     1.3712     100.00   26.98280  -86.99864   -0.00014   -0.00019         15  0.000e+00
     178663   7444.250    347.931    350.531    11.4704    11.4698   4.006970   4.006841     1.6752     1.3712     100.00   26.98280  -86.99864   -0.00012   -0.00018         15  0.000e+00
     178664   7444.292    348.015    350.615    11.4704    11.4695   4.006990   4.006813     1.6740     1.3700     100.00   26.98280  -86.99864   -0.00011   -0.00018         15  0.000e+00
     178665   7444.333    347.984    350.584    11.4704    11.4694   4.006990   4.006745     1.6740     1.3712     100.00   26.98280  -86.99864   -0.00010   -0.00014         15  0.000e+00
     178666   7444.375    347.984    350.584    11.4706    11.4687   4.006929   4.006704     1.6740     1.3700     100.00   26.98280  -86.99864   -0.00009   -0.00014         15  0.000e+00
     178667   7444.417    347.962    350.561    11.4707    11.4688   4.006970   4.006697     1.6752     1.3700     100.00   26.98280  -86.99864   -0.00007   -0.00014         15  0.000e+00
     178668   7444.458    348.038    350.638    11.4711    11.4695   4.006963   4.006779     1.6752     1.3712     100.00   26.98280  -86.99864   -0.00004   -0.00011         15  0.000e+00
     178669   7444.500    347.931    350.531    11.4704    11.4697   4.006956   4.006834     1.6752     1.3700     100.00   26.98280  -86.99864   -0.00001   -0.00011         15  0.000e+00
     178670   7444.542    347.962    350.561    11.4703    11.4698   4.006929   4.006813     1.6740     1.3700     100.00   26.98280  -86.99864   -0.00002   -0.00010         15  0.000e+00
     178671   7444.583    348.038    350.638    11.4699    11.4700   4.006916   4.006807     1.6740     1.3712     100.00   26.98280  -86.99864   -0.00001   -0.00009         15  0.000e+00
     178672   7444.625    347.984    350.584    11.4698    11.4698   4.006888   4.006779     1.6752     1.3712     100.00   26.98280  -86.99864    0.00001   -0.00007         15  0.000e+00
     182677   7611.500    248.225    250.019    14.2743    14.2746   4.323771   4.323771     1.8571     1.5360     100.00   26.98178  -86.99854   -0.00032   -0.00010         16  0.000e+00
     182678   7611.542    248.430    250.225    14.2740    14.2746   4.323778   4.323764     1.8571     1.5360     100.00   26.98178  -86.99854   -0.00031   -0.00010         16  0.000e+00
     182679   7611.583    248.392    250.187    14.2739    14.2742   4.323736   4.323764     1.8571     1.5360     100.00   26.98178  -86.99854   -0.00030   -0.00012         16  0.000e+00
     182680   7611.625    248.430    250.225    14.2738    14.2746   4.323694   4.323736     1.8571     1.5360     100.00   26.98178  -86.99854   -0.00029   -0.00013         16  0.000e+00
     182681   7611.667    248.392    250.187    14.2737    14.2742   4.323673   4.323729     1.8571     1.5360     100.00   26.98178  -86.99854   -0.00028   -0.00015         16  0.000e+00
     182682   7611.708    248.430    250.225    14.2735    14.2742   4.323652   4.323701     1.8571     1.5360     100.00   26.98178  -86.99854   -0.00027   -0.00016         16  0.000e+00
     182683   7611.750    248.377    250.172    14.2739    14.2742   4.323673   4.323715     1.8571     1.5360     100.00   26.98178  -86.99854   -0.00026   -0.00017         16  0.000e+00
     182684   7611.792    248.392    250.187    14.2738    14.2742   4.323729   4.323701     1.8571     1.5360     100.00   26.98178  -86.99856   -0.00024   -0.00019         16  0.000e+00
     182685   7611.833    248.430    250.225    14.2740    14.2744   4.323722   4.323715     1.8571     1.5360     100.00   26.98178  -86.99856   -0.00023   -0.00020         16  0.000e+00
     182686   7611.875    248.392    250.187    14.2738    14.2742   4.323750   4.323729     1.8571     1.5360     100.00   26.98178  -86.99856   -0.00022   -0.00021         16  0.000e+00
     182687   7611.917    248.377    250.172    14.2742    14.2742   4.323729   4.323757     1.8571     1.5360     100.00   26.98178  -86.99856   -0.00021   -0.00024         16  0.000e+00
     182688   7611.958    248.453    250.248    14.2740    14.2746   4.323764   4.323764     1.8571     1.5360     100.00   26.98178  -86.99856   -0.00020   -0.00026         16  0.000e+00
     182689   7612.000    248.377    250.172    14.2740    14.2746   4.323764   4.323736     1.8571     1.5360     100.00   26.98178  -86.99856   -0.00018   -0.00029         16  0.000e+00
     182690   7612.042    248.392    250.187    14.2740    14.2744   4.323729   4.323750     1.8571     1.5360     100.00   26.98178  -86.99856   -0.00017   -0.00030         16  0.000e+00
     182691   7612.083    248.377    250.172    14.2744    14.2746   4.323764   4.323764     1.8571     1.5360     100.00   26.98178  -86.99856   -0.00015   -0.00031         16  0.000e+00
     182692   7612.125    248.392    250.187    14.2741    14.2744   4.323764   4.323764     1.8571     1.5360     100.00   26.98178  -86.99856   -0.00014   -0.00032         16  0.000e+00
     182693   7612.167    248.430    250.226    14.2744    14.2747   4.323764   4.323792     1.8571     1.5360     100.00   26.98178  -86.99856   -0.00013   -0.00033         16  0.000e+00
     182694   7612.208    248.339    250.134    14.2742    14.2746   4.323743   4.323807     1.8571     1.5360     100.00   26.98178  -86.99856   -0.00011   -0.00036         16  0.000e+00
     182695   7612.250    248.377    250.172    14.2741    14.2742   4.323757   4.323722     1.8571     1.5360     100.00   26.98178  -86.99856   -0.00010   -0.00035         16  0.000e+00
     182696   7612.292    248.430    250.226    14.2740    14.2740   4.323729   4.323715     1.8571     1.5360     100.00   26.98178  -86.99856   -0.00008   -0.00036         16  0.000e+00
     182697   7612.333    248.392    250.187    14.2740    14.2742   4.323736   4.323729     1.8571     1.5360     100.00   26.98178  -86.99856   -0.00006   -0.00037         16  0.000e+00
     182698   7612.375    248.377    250.172    14.2742    14.2744   4.323757   4.323785     1.8571     1.5360     100.00   26.98178  -86.99856   -0.00005   -0.00037         16  0.000e+00
     182699   7612.417    248.392    250.188    14.2743    14.2744   4.323764   4.323800     1.8571     1.5372     100.00   26.98178  -86.99856   -0.00003   -0.00036         16  0.000e+00
     182700   7612.458    248.377    250.172    14.2745    14.2742   4.323785   4.323743     1.8571     1.5372     100.00   26.98178  -86.99856   -0.00001   -0.00035         16  0.000e+00
     182701   7612.500    248.392    250.188    14.2745    14.2742   4.323813   4.323729     1.8584     1.5360     100.00   26.98178  -86.99856    0.00000   -0.00037         16  0.000e+00
     182702   7612.542    248.377    250.172    14.2745    14.2739   4.323778   4.323701     1.8571     1.5372     100.00   26.98178  -86.99856    0.00000   -0.00037         16  0.000e+00
     182703   7612.583    248.392    250.188    14.2741    14.2739   4.323764   4.323665     1.8571     1.5372     100.00   26.98178  -86.99856    0.00000   -0.00037         16  0.000e+00
     182704   7612.625    248.430    250.226    14.2744    14.2739   4.323778   4.323651     1.8571     1.5372     100.00   26.98178  -86.99856    0.00000   -0.00035         16  0.000e+00
     182705   7612.667    248.339    250.134    14.2743    14.2739   4.323792   4.323679     1.8571     1.5372     100.00   26.98178  -86.99856 3.5167e-07   -0.00034         16  0.000e+00
     182706   7612.708    248.377    250.172    14.2742    14.2735   4.323771   4.323630     1.8571     1.5372     100.00   26.98178  -86.99856 -3.517e-07   -0.00033         16  0.000e+00
     182707   7612.750    248.392    250.188    14.2742    14.2736   4.323778   4.323644     1.8571     1.5372     100.00   26.98178  -86.99856   -0.00000   -0.00034         16  0.000e+00
     182708   7612.792    248.377    250.172    14.2743    14.2737   4.323764   4.323679     1.8571     1.5372     100.00   26.98178  -86.99856   -0.00000   -0.00033         16  0.000e+00
     182709   7612.833    248.377    250.172    14.2742    14.2737   4.323764   4.323637     1.8571     1.5360     100.00   26.98178  -86.99856   -0.00000   -0.00034         16  0.000e+00
     182710   7612.875    248.393    250.188    14.2745    14.2737   4.323827   4.323672     1.8571     1.5372     100.00   26.98178  -86.99856   -0.00000   -0.00035         16  0.000e+00
     182711   7612.917    248.377    250.172    14.2745    14.2735   4.323813   4.323693     1.8571     1.5372     100.00   26.98178  -86.99856    0.00001   -0.00034         16  0.000e+00
     182712   7612.958    248.340    250.134    14.2745    14.2736   4.323799   4.323693     1.8571     1.5360     100.00   26.98178  -86.99856    0.00001   -0.00033         16  0.000e+00
     182713   7613.000    248.430    250.226    14.2740    14.2737   4.323771   4.323658     1.8571     1.5372     100.00   26.98178  -86.99856    0.00001   -0.00034         16  0.000e+00
     182714   7613.042    248.340    250.134    14.2741    14.2737   4.323778   4.323651     1.8571     1.5372     100.00   26.98178  -86.99856    0.00001   -0.00033         16  0.000e+00
     182715   7613.083    248.377    250.173    14.2739    14.2740   4.323736   4.323679     1.8584     1.5372     100.00   26.98178  -86.99856    0.00003   -0.00032         16  0.000e+00
     182716   7613.125    248.393    250.188    14.2738    14.2744   4.323722   4.323778     1.8571     1.5385     100.00   26.98178  -86.99856    0.00003   -0.00030         16  0.000e+00
     182717   7613.167    248.378    250.173    14.2742    14.2744   4.323764   4.323800     1.8571     1.5372     100.00   26.98178  -86.99856    0.00003   -0.00027         16  0.000e+00
     182718   7613.208    248.340    250.134    14.2743    14.2747   4.323820   4.323778     1.8571     1.5372     100.00   26.98178  -86.99856    0.00003   -0.00026         16  0.000e+00
     182719   7613.250    248.378    250.173    14.2749    14.2746   4.323834   4.323792     1.8571     1.5372     100.00   26.98178  -86.99856    0.00003   -0.00025         16  0.000e+00
     182720   7613.292    248.340    250.134    14.2752    14.2744   4.323876   4.323778     1.8571     1.5385     100.00   26.98178  -86.99856    0.00003   -0.00021         16  0.000e+00
     182721   7613.333    248.431    250.226    14.2752    14.2744   4.323876   4.323708     1.8571     1.5372     100.00   26.98178  -86.99856    0.00003   -0.00022         16  0.000e+00
     182722   7613.375    248.317    250.112    14.2749    14.2742   4.323876   4.323743     1.8571     1.5372     100.00   26.98178  -86.99856    0.00002   -0.00021         16  0.000e+00
     182723   7613.417    248.393    250.188    14.2750    14.2746   4.323834   4.323792     1.8571     1.5385     100.00   26.98178  -86.99856    0.00002   -0.00018         16  0.000e+00
