GOMECC/GOMECC-4/1db/rb2103_0431.ros
* Sea-Bird SBE 9 Data File:
* FileName = C:\Users\scs.user.rb\CTD\GOMECC4\data\rb2103_0431.hex
* Software Version Seasave V 7.26.7.107
* Temperature SN = 4799
* Conductivity SN = 3860
* Number of Bytes Per Scan = 41
* Number of Voltage Words = 4
* Number of Scans Averaged by the Deck Unit = 1
* NMEA Latitude = 28 29.94 N
* NMEA Longitude = 090 00.00 W
* NMEA UTC (Time) = Sep 26 2021  07:09:27
* NMEA baud rate = 4800
# nquan = 17
# nvalues = 931                                   
# units = specified
# name 0 = scan: Scan Count
# name 1 = timeS: Time, Elapsed [seconds]
# name 2 = depSM: Depth [salt water, m]
# name 3 = prDM: Pressure, Digiquartz [db]
# name 4 = t090C: Temperature [ITS-90, deg C]
# name 5 = t190C: Temperature, 2 [ITS-90, deg C]
# name 6 = c0S/m: Conductivity [S/m]
# name 7 = c1S/m: Conductivity, 2 [S/m]
# name 8 = sbeox0V: Oxygen raw, SBE 43 [V]
# name 9 = sbeox1V: Oxygen raw, SBE 43, 2 [V]
# name 10 = altM: Altimeter [m]
# name 11 = latitude: Latitude [deg]
# name 12 = longitude: Longitude [deg]
# name 13 = sbox0dV/dT: Oxygen, SBE 43 [dov/dt]
# name 14 = sbox1dV/dT: Oxygen, SBE 43, 2 [dov/dt]
# name 15 = nbf: Bottles Fired
# name 16 = flag:  0.000e+00
# interval = seconds: 0.0416667
# start_time = Sep 26 2021 07:09:27 [NMEA time, header]
# bad_flag = -9.990e-29
*END*
[from data line 426]
      33857   1410.667     39.462     39.731    27.1221    27.0891   5.679104   5.676192     2.6593     2.2320      55.26   28.49936  -90.00022    0.00084    0.00054          4  0.000e+00
      33858   1410.708     39.462     39.731    27.1217    27.0899   5.679104   5.676184     2.6581     2.2320      55.26   28.49936  -90.00022    0.00087    0.00049          4  0.000e+00
      33859   1410.750     39.477     39.746    27.1221    27.0900   5.679198   5.676287     2.6593     2.2320      55.26   28.49936  -90.00022    0.00092    0.00044          4  0.000e+00
      33860   1410.792     39.462     39.731    27.1233    27.0902   5.679237   5.676398     2.6593     2.2320      55.26   28.49936  -90.00022    0.00097    0.00038          4  0.000e+00
      33861   1410.833     39.401     39.670    27.1252    27.0941   5.679237   5.676628     2.6593     2.2320      55.26   28.49936  -90.00022    0.00101    0.00033          4  0.000e+00
      33862   1410.875     39.462     39.731    27.1275    27.0987   5.679307   5.676802     2.6593     2.2320      55.26   28.49936  -90.00022    0.00105    0.00028          4  0.000e+00
      33863   1410.917     39.515     39.784    27.1286    27.1002   5.679370   5.676977     2.6593     2.2320      55.26   28.49936  -90.00022    0.00110    0.00024          4  0.000e+00
      33864   1410.958     39.462     39.731    27.1288    27.0999   5.679409   5.677024     2.6593     2.2320      55.26   28.49936  -90.00022    0.00114    0.00019          4  0.000e+00
      33865   1411.000     39.462     39.731    27.1284    27.1007   5.679424   5.677024     2.6593     2.2332      55.26   28.49936  -90.00022    0.00118    0.00016          4  0.000e+00
      33866   1411.042     39.477     39.746    27.1281    27.1023   5.679456   5.677127     2.6593     2.2332      55.26   28.49936  -90.00022    0.00122    0.00012          4  0.000e+00
      33867   1411.083     39.462     39.731    27.1275    27.1027   5.679432   5.677095     2.6593     2.2332      55.24   28.49936  -90.00022    0.00126    0.00008          4  0.000e+00
      33868   1411.125     39.462     39.731    27.1270    27.1026   5.679354   5.677000     2.6593     2.2332      55.24   28.49936  -90.00022    0.00129    0.00004          4  0.000e+00
      33869   1411.167     39.462     39.731    27.1248    27.1038   5.679260   5.676842     2.6581     2.2332      55.24   28.49936  -90.00022    0.00131    0.00001          4  0.000e+00
      33870   1411.208     39.462     39.731    27.1237    27.1040   5.679166   5.676548     2.6593     2.2344      55.24   28.49936  -90.00022    0.00135   -0.00002          4  0.000e+00
      33871   1411.250     39.515     39.784    27.1235    27.1027   5.679112   5.676287     2.6593     2.2344      55.24   28.49936  -90.00022    0.00137   -0.00004          4  0.000e+00
      33872   1411.292     39.462     39.731    27.1221    27.1002   5.679104   5.676018     2.6593     2.2344      55.24   28.49936  -90.00022    0.00140   -0.00005          4  0.000e+00
      33873   1411.333     39.477     39.746    27.1208    27.0863   5.679033   5.675677     2.6593     2.2344      55.24   28.49936  -90.00022    0.00143   -0.00005          4  0.000e+00
      33874   1411.375     39.462     39.731    27.1206    27.0728   5.678900   5.675511     2.6581     2.2344      55.24   28.49936  -90.00022    0.00145   -0.00006          4  0.000e+00
      33875   1411.417     39.515     39.784    27.1204    27.0789   5.678830   5.675558     2.6581     2.2344      55.24   28.49936  -90.00022    0.00144   -0.00007          4  0.000e+00
      33876   1411.458     39.462     39.731    27.1204    27.0842   5.678572   5.675614     2.6593     2.2344      55.24   28.49936  -90.00022    0.00145   -0.00008          4  0.000e+00
      33877   1411.500     39.515     39.784    27.1186    27.0910   5.678423   5.675867     2.6593     2.2344      55.24   28.49936  -90.00022    0.00146   -0.00009          4  0.000e+00
      33878   1411.542     39.462     39.731    27.1157    27.0983   5.678361   5.676160     2.6581     2.2344      55.24   28.49936  -90.00022    0.00147   -0.00010          4  0.000e+00
      33879   1411.583     39.477     39.746    27.1148    27.1009   5.678251   5.676335     2.6581     2.2344      55.24   28.49936  -90.00022    0.00148   -0.00011          4  0.000e+00
      33880   1411.625     39.515     39.784    27.1126    27.1015   5.678033   5.676406     2.6581     2.2357      55.24   28.49936  -90.00022    0.00147   -0.00010          4  0.000e+00
      33881   1411.667     39.462     39.731    27.1103    27.0957   5.677618   5.676382     2.6581     2.2357      55.24   28.49936  -90.00022    0.00146   -0.00010          4  0.000e+00
      33882   1411.708     39.515     39.784    27.1066    27.0904   5.676946   5.676335     2.6581     2.2357      55.24   28.49936  -90.00022    0.00146   -0.00008          4  0.000e+00
      33883   1411.750     39.462     39.731    27.1013    27.0877   5.676375   5.676216     2.6581     2.2357      55.24   28.49936  -90.00022    0.00145   -0.00006          4  0.000e+00
      33884   1411.792     39.515     39.784    27.0930    27.0873   5.675859   5.676081     2.6581     2.2357      55.24   28.49936  -90.00022    0.00144   -0.00004          4  0.000e+00
      33885   1411.833     39.515     39.784    27.0864    27.0858   5.675304   5.675875     2.6569     2.2357      55.24   28.49936  -90.00022    0.00142   -0.00002          4  0.000e+00
      33886   1411.875     39.477     39.746    27.0775    27.0844   5.674749   5.675812     2.6569     2.2357      55.24   28.49936  -90.00022    0.00139   -0.00000          4  0.000e+00
      33887   1411.917     39.515     39.784    27.0657    27.0852   5.674155   5.675915     2.6569     2.2369      55.24   28.49936  -90.00022    0.00136    0.00003          4  0.000e+00
      33888   1411.958     39.515     39.784    27.0561    27.0871   5.673444   5.675986     2.6569     2.2357      55.24   28.49936  -90.00022    0.00132    0.00007          4  0.000e+00
      33889   1412.000     39.462     39.731    27.0470    27.0875   5.672764   5.676002     2.6569     2.2357      55.24   28.49936  -90.00022    0.00129    0.00010          4  0.000e+00
      33890   1412.042     39.515     39.784    27.0446    27.0893   5.672217   5.675891     2.6569     2.2357      55.24   28.49936  -90.00022    0.00125    0.00013          4  0.000e+00
      33891   1412.083     39.515     39.784    27.0401    27.0897   5.671772   5.675788     2.6557     2.2369      55.24   28.49936  -90.00022    0.00118    0.00019          4  0.000e+00
      33892   1412.125     39.515     39.784    27.0370    27.0884   5.671529   5.675590     2.6557     2.2357      55.24   28.49936  -90.00022    0.00113    0.00022          4  0.000e+00
      33893   1412.167     39.477     39.746    27.0322    27.0870   5.671420   5.675360     2.6557     2.2357      55.24   28.49936  -90.00022    0.00105    0.00025          4  0.000e+00
      33894   1412.208     39.515     39.784    27.0308    27.0856   5.671498   5.675122     2.6557     2.2357      55.24   28.49936  -90.00022    0.00098    0.00028          4  0.000e+00
      33895   1412.250     39.515     39.784    27.0298    27.0832   5.671467   5.675067     2.6557     2.2357      55.24   28.49936  -90.00022    0.00091    0.00031          4  0.000e+00
      33896   1412.292     39.462     39.731    27.0313    27.0812   5.671475   5.675138     2.6557     2.2369      55.24   28.49936  -90.00022    0.00083    0.00036          4  0.000e+00
      33897   1412.333     39.515     39.784    27.0325    27.0800   5.671553   5.675265     2.6557     2.2369      55.24   28.49936  -90.00022    0.00076    0.00043          4  0.000e+00
      33898   1412.375     39.515     39.784    27.0323    27.0807   5.671506   5.675305     2.6557     2.2369      55.24   28.49936  -90.00022    0.00068    0.00049          4  0.000e+00
      33899   1412.417     39.515     39.784    27.0305    27.0811   5.671451   5.675368     2.6557     2.2369      55.26   28.49936  -90.00022    0.00060    0.00056          4  0.000e+00
      33900   1412.458     39.530     39.800    27.0296    27.0794   5.671303   5.675424     2.6557     2.2369      55.24   28.49936  -90.00022    0.00053    0.00060          4  0.000e+00
      33901   1412.500     39.462     39.731    27.0283    27.0800   5.671217   5.675511     2.6557     2.2369      55.26   28.49936  -90.00022    0.00045    0.00065          4  0.000e+00
      33902   1412.542     39.515     39.784    27.0278    27.0820   5.671209   5.675638     2.6557     2.2369      55.24   28.49936  -90.00022    0.00039    0.00071          4  0.000e+00
      33903   1412.583     39.515     39.784    27.0288    27.0840   5.671248   5.675844     2.6545     2.2357      55.24   28.49936  -90.00022    0.00031    0.00074          4  0.000e+00
      33904   1412.625     39.462     39.731    27.0304    27.0845   5.671397   5.676010     2.6557     2.2357      55.24   28.49936  -90.00022    0.00023    0.00079          4  0.000e+00
      33905   1412.667     39.515     39.784    27.0332    27.0858   5.671608   5.676184     2.6545     2.2357      55.24   28.49936  -90.00022    0.00015    0.00081          4  0.000e+00
      33906   1412.708     39.530     39.800    27.0346    27.0895   5.671881   5.676303     2.6557     2.2357      55.24   28.49936  -90.00022    0.00009    0.00084          4  0.000e+00
      33907   1412.750     39.515     39.784    27.0362    27.0910   5.672233   5.676469     2.6557     2.2357      55.24   28.49936  -90.00022    0.00004    0.00087          4  0.000e+00
      33908   1412.792     39.462     39.731    27.0394    27.0917   5.672428   5.676612     2.6557     2.2357      55.26   28.49936  -90.00022 -5.275e-07    0.00088          4  0.000e+00
      33909   1412.833     39.515     39.784    27.0441    27.0926   5.672639   5.676652     2.6545     2.2357      55.24   28.49936  -90.00022   -0.00006    0.00090          4  0.000e+00
      33910   1412.875     39.515     39.784    27.0475    27.0934   5.672842   5.676683     2.6545     2.2357      55.24   28.49936  -90.00022   -0.00012    0.00091          4  0.000e+00
      33911   1412.917     39.462     39.731    27.0499    27.0947   5.672991   5.676771     2.6545     2.2357      55.24   28.49936  -90.00022   -0.00019    0.00092          4  0.000e+00
      33912   1412.958     39.515     39.784    27.0535    27.0965   5.673131   5.676897     2.6557     2.2344      55.24   28.49936  -90.00022   -0.00023    0.00089          4  0.000e+00
      33913   1413.000     39.477     39.746    27.0550    27.0972   5.673241   5.676937     2.6557     2.2357      55.24   28.49936  -90.00022   -0.00027    0.00087          4  0.000e+00
      33914   1413.042     39.515     39.784    27.0544    27.0974   5.673264   5.677000     2.6545     2.2344      55.26   28.49936  -90.00022   -0.00032    0.00084          4  0.000e+00
      33915   1413.083     39.462     39.731    27.0537    27.0979   5.673397   5.677095     2.6545     2.2344      55.24   28.49936  -90.00022   -0.00036    0.00081          4  0.000e+00
      33916   1413.125     39.515     39.784    27.0561    27.0979   5.673655   5.677151     2.6545     2.2344      55.24   28.49936  -90.00022   -0.00042    0.00078          4  0.000e+00
      33917   1413.167     39.462     39.731    27.0617    27.0984   5.673827   5.677167     2.6545     2.2344      55.24   28.49936  -90.00022   -0.00048    0.00075          4  0.000e+00
      33918   1413.208     39.462     39.731    27.0661    27.0967   5.674179   5.677095     2.6545     2.2344      55.24   28.49936  -90.00022   -0.00054    0.00071          4  0.000e+00
      33919   1413.250     39.515     39.784    27.0672    27.0957   5.674531   5.676897     2.6545     2.2344      55.24   28.49936  -90.00022   -0.00058    0.00068          4  0.000e+00
      33920   1413.292     39.477     39.746    27.0669    27.0952   5.674789   5.676747     2.6545     2.2344      55.26   28.49936  -90.00022   -0.00062    0.00064          4  0.000e+00
      33921   1413.333     39.462     39.731    27.0672    27.0959   5.675054   5.676628     2.6532     2.2344      55.24   28.49936  -90.00022   -0.00067    0.00061          4  0.000e+00
      33922   1413.375     39.515     39.784    27.0713    27.0949   5.675312   5.676572     2.6545     2.2344      55.24   28.49936  -90.00022   -0.00071    0.00059          4  0.000e+00
      33923   1413.417     39.462     39.731    27.0746    27.0932   5.675500   5.676493     2.6545     2.2357      55.24   28.49936  -90.00022   -0.00077    0.00057          4  0.000e+00
      33924   1413.458     39.462     39.731    27.0772    27.0913   5.675648   5.676501     2.6545     2.2344      55.24   28.49936  -90.00022   -0.00081    0.00055          4  0.000e+00
      33925   1413.500     39.462     39.731    27.0804    27.0908   5.675828   5.676612     2.6532     2.2344      55.26   28.49936  -90.00022   -0.00086    0.00053          4  0.000e+00
      33926   1413.542     39.462     39.731    27.0835    27.0900   5.676297   5.676612     2.6532     2.2357      55.26   28.49936  -90.00022   -0.00091    0.00052          4  0.000e+00
      33927   1413.583     39.477     39.746    27.0942    27.0895   5.677243   5.676676     2.6532     2.2344      55.26   28.49936  -90.00022   -0.00098    0.00052          4  0.000e+00
      33928   1413.625     39.462     39.731    27.1026    27.0893   5.678173   5.676771     2.6532     2.2344      55.24   28.49936  -90.00022   -0.00103    0.00052          4  0.000e+00
      33929   1413.667     39.462     39.731    27.1091    27.0902   5.678783   5.676723     2.6532     2.2344      55.24   28.49936  -90.00022   -0.00108    0.00051          4  0.000e+00
      33930   1413.708     39.462     39.731    27.1182    27.0919   5.678986   5.676913     2.6532     2.2357      55.24   28.49936  -90.00022   -0.00113    0.00053          4  0.000e+00
      33931   1413.750     39.462     39.731    27.1193    27.0934   5.679080   5.677119     2.6532     2.2357      55.26   28.49936  -90.00022   -0.00118    0.00054          4  0.000e+00
      33932   1413.792     39.462     39.731    27.1206    27.0952   5.679268   5.677309     2.6520     2.2357      55.26   28.49936  -90.00022   -0.00124    0.00055          4  0.000e+00
      33933   1413.833     39.295     39.564    27.1239    27.0992   5.679471   5.677492     2.6520     2.2357      55.26   28.49936  -90.00022   -0.00133    0.00056          4  0.000e+00
      33934   1413.875     39.590     39.861    27.1259    27.1014   5.679479   5.677642     2.6520     2.2357      55.24   28.49936  -90.00022   -0.00139    0.00058          4  0.000e+00
      33935   1413.917     39.462     39.731    27.1264    27.1029   5.679471   5.677793     2.6520     2.2357      55.26   28.49936  -90.00022   -0.00145    0.00059          4  0.000e+00
      33936   1413.958     39.401     39.670    27.1264    27.1040   5.679573   5.677927     2.6520     2.2357      55.24   28.49936  -90.00022   -0.00151    0.00062          4  0.000e+00
      33937   1414.000     39.462     39.731    27.1261    27.1049   5.679753   5.678102     2.6520     2.2357      55.26   28.49936  -90.00022   -0.00156    0.00063          4  0.000e+00
      33938   1414.042     39.401     39.670    27.1268    27.1065   5.679831   5.678316     2.6508     2.2357      55.24   28.49936  -90.00022   -0.00164    0.00064          4  0.000e+00
      33939   1414.083     39.462     39.731    27.1272    27.1097   5.679807   5.678554     2.6508     2.2357      55.24   28.49936  -90.00022   -0.00171    0.00067          4  0.000e+00
      33940   1414.125     39.424     39.693    27.1281    27.1124   5.679839   5.678712     2.6508     2.2357      55.24   28.49936  -90.00022   -0.00178    0.00068          4  0.000e+00
