GOMECC/GOMECC-4/1db/rb2103_0791.cnv
* Sea-Bird SBE 9 Data File:
* FileName = C:\Users\scs.user.rb\CTD\GOMECC4\data\rb2103_0791.hex
* Software Version Seasave V 7.26.7.107
* Temperature SN = 4799
* Conductivity SN = 3860
* Number of Bytes Per Scan = 41
* Number of Voltage Words = 4
* Number of Scans Averaged by the Deck Unit = 1
* NMEA Latitude = 22 16.43 N
* NMEA Longitude = 097 21.67 W
* NMEA UTC (Time) = Oct 06 2021  04:28:40
* NMEA baud rate = 4800
# nquan = 28
# nvalues = 387                         
# units = specified
# name 0 = scan: Scan Count
# name 1 = timeS: Time, Elapsed [seconds]
# name 2 = depSM: Depth [salt water, m]
# name 3 = prDM: Pressure, Digiquartz [db]
# name 4 = t090C: Temperature [ITS-90, deg C]
# name 5 = t190C: Temperature, 2 [ITS-90, deg C]
# name 6 = c0S/m: Conductivity [S/m]
# name 7 = c1S/m: Conductivity, 2 [S/m]
# name 8 = sbeox0V: Oxygen raw, SBE 43 [V]
# name 9 = sbeox1V: Oxygen raw, SBE 43, 2 [V]
# name 10 = altM: Altimeter [m]
# name 11 = latitude: Latitude [deg]
# name 12 = longitude: Longitude [deg]
# name 13 = sbox0dV/dT: Oxygen, SBE 43 [dov/dt]
# name 14 = sbox1dV/dT: Oxygen, SBE 43, 2 [dov/dt]
# name 15 = sbeox0ML/L: Oxygen, SBE 43 [ml/l], WS = 5
# name 16 = sbeox1ML/L: Oxygen, SBE 43, 2 [ml/l], WS = 5
# name 17 = potemp090C: Potential Temperature [ITS-90, deg C]
# name 18 = potemp190C: Potential Temperature, 2 [ITS-90, deg C]
# name 19 = sal00: Salinity, Practical [PSU]
# name 20 = sal11: Salinity, Practical, 2 [PSU]
# name 21 = sigma-é00: Density [sigma-theta, kg/m^3]
# name 22 = sigma-é11: Density, 2 [sigma-theta, kg/m^3]
# name 23 = avgsvCM: Average Sound Velocity [Chen-Millero, m/s], minP = 20, minS = 20
# name 24 = sbox0Mm/Kg: Oxygen, SBE 43 [umol/kg], WS = 5
# name 25 = sbox1Mm/Kg: Oxygen, SBE 43, 2 [umol/kg], WS = 5
# name 26 = nbin: number of scans per bin
# name 27 = flag: flag
# span 0 =       5257,      47633       
# span 1 =    218.983,   1984.658       
# span 2 =      0.994,    238.362       
# span 3 =      1.000,    240.000       
# span 4 =    14.4810,    29.6688       
# span 5 =    14.4828,    29.5564       
# span 6 =   4.347512,   6.007930       
# span 7 =   4.347675,   6.008653       
# span 8 =     1.7175,     3.3263       
# span 9 =     1.4057,     2.8366       
# span 10 =       5.16,     101.20      
# span 11 =   22.13372,   22.45165      
# span 12 =  -98.13803,  -96.74838      
# span 13 =   -0.04958,    0.04385      
# span 14 =   -0.04745,    0.04113      
# span 15 =     2.4427,     4.9552      
# span 16 =     2.4580,     4.9611      
# span 17 =    14.4452,    29.6651      
# span 18 =    14.4470,    29.5527      
# span 19 =    29.7992,    36.5534      
# span 20 =    27.2224,    36.5231      
# span 21 =    18.0469,    26.7855      
# span 22 =    16.1297,    26.7855      
# span 23 =       0.00,    1547.18      
# span 24 =    106.247,    216.069      
# span 25 =    106.916,    216.328      
# span 26 =         30,         73      
# span 27 = 0.0000e+00, 0.0000e+00      
# interval = decibars: 1                
# start_time = Oct 06 2021 04:28:40 [NMEA time, header]
# bad_flag = -9.990e-29
*END*
[from data line 104]
      10702    445.880    121.202    122.000    20.2101    20.2134   5.001050   5.001617     2.0939     1.7373     100.00   22.27398  -97.36152   -0.00537   -0.00484     2.9416     2.9429    20.1839    20.1908    36.4958    36.4976    25.8542    25.8545    1537.07    128.060    128.117         38 0.0000e+00
      10740    447.447    122.195    123.000    20.0985    20.1006   4.991015   4.991471     2.0562     1.6971     100.00   22.27398  -97.36152   -0.01603   -0.01744     2.8692     2.8575    20.0755    20.0776    36.5075    36.5095    25.8921    25.8930    1536.97    124.905    124.395         36 0.0000e+00
      10826    451.033    125.175    126.000    19.8629    19.8656   4.967169   4.967738     1.9694     1.6226      99.98   22.26943  -97.34161   -0.02459   -0.02113     2.6962     2.6943    19.8396    19.8422    36.5129    36.5157    25.9583    25.9598    1536.38    117.365    117.281         31 0.0000e+00
      10865    452.648    126.168    127.000    19.8027    19.8039   4.961717   4.962047     1.9537     1.6106     100.00   22.27398  -97.36152   -0.01641   -0.01277     2.6656     2.6693    19.7792    19.7804    36.5214    36.5231    25.9813    25.9823    1536.60    116.033    116.191         43 0.0000e+00
      10904    454.312    127.161    128.000    19.7019    19.7055   4.950568   4.951302     1.9440     1.6037      99.57   22.27398  -97.36152   -0.00946   -0.00721     2.6504     2.6581    19.6783    19.6819    36.5166    36.5195    26.0042    26.0056    1536.50    115.367    115.703         34 0.0000e+00
      11023    459.233    131.133    132.000    19.3462    19.3484   4.911032   4.911458     1.8994     1.5633      82.42   22.26809  -97.33578   -0.00868   -0.00799     2.5737     2.5809    19.3222    19.3243    36.4947    36.4964    26.0800    26.0807    1535.71    112.018    112.333         40 0.0000e+00
      11067    461.094    132.126    133.000    19.3376    19.3387   4.911017   4.911300     1.8836     1.5507      87.02   22.27398  -97.36153   -0.01038   -0.00928     2.5397     2.5515    19.3134    19.3145    36.5041    36.5055    26.0902    26.0910    1536.02    110.537    111.051         40 0.0000e+00
      11154    464.695    135.106    136.000    19.2334    19.2342   4.899025   4.899292     1.8617     1.5318      40.30   22.27032  -97.34556   -0.00599   -0.00529     2.4984     2.5121    19.2087    19.2095    36.4929    36.4941    26.1084    26.1091    1535.49    108.738    109.336         38 0.0000e+00
      11194    466.369    136.099    137.000    19.2295    19.2311   4.899124   4.899475     1.8562     1.5275      99.68   22.27398  -97.36154   -0.00492   -0.00413     2.4866     2.5022    19.2047    19.2062    36.4979    36.4995    26.1137    26.1145    1535.65    108.224    108.903         36 0.0000e+00
      11285    470.172    139.078    140.000    18.9534    18.9546   4.867490   4.867837     1.8533     1.5255      36.19   22.27128  -97.34976   -0.00083   -0.00050     2.4953     2.5118    18.9282    18.9295    36.4725    36.4743    26.1653    26.1663    1535.19    108.598    109.318         38 0.0000e+00
      11324    471.796    140.071    141.000    18.9216    18.9230   4.864243   4.864620     1.8523     1.5249     101.06   22.27398  -97.36155   -0.00020   -0.00004     2.4950     2.5122    18.8963    18.8978    36.4742    36.4762    26.1751    26.1762    1535.28    108.586    109.334         36 0.0000e+00
      11415    475.585    143.050    144.000    18.6717    18.6740   4.835257   4.835836     1.8451     1.5172      99.94   22.27211  -97.35337   -0.00183   -0.00174     2.4925     2.5067    18.6461    18.6484    36.4477    36.4506    26.2185    26.2201    1534.88    108.470    109.090         35 0.0000e+00
      11453    477.167    144.044    145.000    18.5902    18.5913   4.826474   4.826804     1.8423     1.5146      92.68   22.27398  -97.36156   -0.00202   -0.00190     2.4913     2.5047    18.5646    18.5656    36.4460    36.4479    26.2382    26.2394    1534.91    108.416    109.000         38 0.0000e+00
      11487    478.585    145.037    146.000    18.5446    18.5456   4.821221   4.821559     1.8419     1.5152      80.73   22.27398  -97.36156   -0.00156   -0.00153     2.4931     2.5086    18.5188    18.5198    36.4414    36.4434    26.2463    26.2476    1534.82    108.493    109.169         31 0.0000e+00
      11546    481.044    147.023    148.000    18.4050    18.4060   4.804965   4.805298     1.8402     1.5150      96.44   22.27117  -97.34928   -0.00043    0.00017     2.4973     2.5158    18.3790    18.3800    36.4248    36.4267    26.2685    26.2698    1534.44    108.672    109.481         32 0.0000e+00
      11581    482.493    148.016    149.000    18.3754    18.3764   4.802138   4.802428     1.8423     1.5166      95.43   22.27398  -97.36156   -0.00014    0.00029     2.5035     2.5211    18.3492    18.3502    36.4279    36.4295    26.2788    26.2797    1534.55    108.942    109.711         34 0.0000e+00
      11614    483.870    149.009    150.000    18.3431    18.3448   4.798441   4.798837     1.8501     1.5245      94.65   22.27398  -97.36156    0.00159    0.00177     2.5238     2.5433    18.3167    18.3185    36.4247    36.4265    26.2845    26.2855    1534.45    109.825    110.676         33 0.0000e+00
      11647    485.230    150.002    151.000    18.2632    18.2641   4.789177   4.789499     1.8530     1.5270      93.54   22.27398  -97.36156    0.00355    0.00334     2.5342     2.5531    18.2368    18.2377    36.4161    36.4181    26.2980    26.2993    1534.36    110.277    111.099         32 0.0000e+00
      11679    486.594    150.995    152.000    18.2279    18.2319   4.785099   4.785778     1.8533     1.5284      92.64   22.27398  -97.36156    0.00295    0.00287     2.5370     2.5586    18.2013    18.2053    36.4123    36.4145    26.3040    26.3047    1534.27    110.398    111.339         34 0.0000e+00
      11714    488.047    151.988    153.000    18.1090    18.1093   4.771159   4.771638     1.8520     1.5287      91.69   22.27398  -97.36156    0.00047    0.00102     2.5409     2.5661    18.0806    18.0829    36.4000    36.4023    26.3247    26.3265    1534.18    110.567    111.664         35 0.0000e+00
      11776    490.638    153.974    155.000    17.9715    17.9727   4.755769   4.756088     1.8672     1.5431      89.65   22.27550  -97.36822    0.00347    0.00393     2.5831     2.6091    17.9446    17.9459    36.3888    36.3904    26.3502    26.3512    1534.10    112.398    113.533         30 0.0000e+00
      11808    491.940    154.967    156.000    17.9294    17.9312   4.750619   4.751053     1.8729     1.5462      88.68   22.27398  -97.36158    0.00596    0.00496     2.5985     2.6191    17.9024    17.9043    36.3809    36.3829    26.3544    26.3555    1533.91    113.067    113.967         35 0.0000e+00
      11842    493.389    155.960    157.000    17.8600    17.8615   4.742652   4.743005     1.8741     1.5472      87.53   22.27398  -97.36158    0.00410    0.00276     2.6054     2.6258    17.8330    17.8344    36.3738    36.3755    26.3662    26.3672    1533.81    113.369    114.256         34 0.0000e+00
      11876    494.777    156.953    158.000    17.8060    17.8071   4.736445   4.736593     1.8754     1.5501      65.37   22.27398  -97.36158    0.00146    0.00131     2.6116     2.6360    17.7808    17.7799    36.3664    36.3684    26.3735    26.3752    1533.72    113.638    114.701         32 0.0000e+00
      11908    496.133    157.946    159.000    17.6368    17.6384   4.716366   4.716816     1.8738     1.5484      81.47   22.27398  -97.36158    0.00046    0.00101     2.6166     2.6401    17.6096    17.6112    36.3455    36.3480    26.3995    26.4010    1533.63    113.852    114.872         33 0.0000e+00
      11941    497.500    158.939    160.000    17.5765    17.5777   4.709176   4.709549     1.8708     1.5446      84.63   22.27398  -97.36158   -0.00086   -0.00077     2.6147     2.6355    17.5493    17.5504    36.3369    36.3391    26.4077    26.4091    1533.53    113.769    114.671         32 0.0000e+00
      11972    498.781    159.932    161.000    17.5022    17.5032   4.700354   4.700741     1.8675     1.5422      83.79   22.27398  -97.36158   -0.00217   -0.00222     2.6116     2.6338    17.4748    17.4759    36.3266    36.3290    26.4180    26.4196    1533.44    113.633    114.598         30 0.0000e+00
      12002    500.054    160.925    162.000    17.4213    17.4229   4.690947   4.691356     1.8658     1.5394      82.81   22.27398  -97.36158   -0.00221   -0.00224     2.6127     2.6314    17.3939    17.3955    36.3170    36.3191    26.4304    26.4316    1533.34    113.679    114.490         32 0.0000e+00
      12037    501.479    161.917    163.000    17.3780    17.3787   4.686104   4.686345     1.8646     1.5382      81.64   22.27398  -97.36158   -0.00153   -0.00181     2.6126     2.6310    17.3504    17.3512    36.3134    36.3149    26.4382    26.4391    1533.25    113.675    114.474         36 0.0000e+00
      12072    502.939    162.910    164.000    17.3543    17.3551   4.683397   4.683642     1.8627     1.5371      80.71   22.27398  -97.36158   -0.00101   -0.00102     2.6100     2.6300    17.3266    17.3274    36.3107    36.3121    26.4419    26.4428    1533.16    113.561    114.431         33 0.0000e+00
      12104    504.282    163.904    165.000    17.3131    17.3141   4.678523   4.678827     1.8608     1.5356      79.60   22.27398  -97.36158   -0.00118   -0.00080     2.6085     2.6288    17.2853    17.2863    36.3048    36.3066    26.4474    26.4485    1533.06    113.493    114.375         32 0.0000e+00
      12135    505.600    164.897    166.000    17.2563    17.2578   4.671875   4.672253     1.8587     1.5341      78.74   22.27398  -97.36159   -0.00147   -0.00106     2.6071     2.6283    17.2284    17.2299    36.2976    36.2995    26.4556    26.4568    1532.97    113.432    114.353         31 0.0000e+00
      12166    506.870    165.889    167.000    17.1902    17.1911   4.664095   4.664384     1.8578     1.5318      77.72   22.27399  -97.36160   -0.00136   -0.00130     2.6089     2.6265    17.1622    17.1631    36.2887    36.2904    26.4648    26.4659    1532.88    113.511    114.274         31 0.0000e+00
      12197    508.184    166.882    168.000    17.0907    17.0923   4.652013   4.652475     1.8552     1.5297      76.80   22.27399  -97.36160   -0.00126   -0.00156     2.6084     2.6267    17.0626    17.0642    36.2722    36.2748    26.4761    26.4778    1532.79    113.487    114.283         33 0.0000e+00
      12233    509.647    167.875    169.000    16.9677    16.9684   4.637598   4.637928     1.8513     1.5268      75.68   22.27399  -97.36160   -0.00194   -0.00172     2.6073     2.6265    16.9396    16.9403    36.2563    36.2586    26.4935    26.4950    1532.69    113.435    114.272         37 0.0000e+00
      12268    511.129    168.868    170.000    16.9096    16.9106   4.630807   4.631106     1.8491     1.5242      74.62   22.27400  -97.36160   -0.00222   -0.00190     2.6059     2.6235    16.8814    16.8824    36.2487    36.2504    26.5015    26.5026    1532.60    113.375    114.141         33 0.0000e+00
      12326    513.546    170.854    172.000    16.7808    16.7822   4.615450   4.615787     1.8446     1.5212      72.82   22.27145  -97.35046   -0.00159   -0.00124     2.6036     2.6238    16.7524    16.7539    36.2282    36.2299    26.5163    26.5172    1532.24    113.273    114.152         30 0.0000e+00
      12360    514.963    171.847    173.000    16.7588    16.7597   4.613124   4.613384     1.8432     1.5199      71.74   22.27400  -97.36160   -0.00162   -0.00119     2.6019     2.6218    16.7302    16.7312    36.2281    36.2295    26.5217    26.5226    1532.32    113.200    114.064         37 0.0000e+00
      12398    516.541    172.840    174.000    16.7194    16.7205   4.608485   4.608768     1.8410     1.5187      70.76   22.27400  -97.36160   -0.00139   -0.00099     2.5994     2.6210    16.6907    16.6919    36.2224    36.2239    26.5267    26.5275    1532.23    113.088    114.030         35 0.0000e+00
      12490    520.387    175.819    177.000    16.5412    16.5423   4.587158   4.587396     1.8329     1.5110      67.68   22.27183  -97.35212   -0.00217   -0.00200     2.5917     2.6122    16.5123    16.5135    36.1929    36.1946    26.5460    26.5470    1531.80    112.754    113.643         38 0.0000e+00
      12529    521.988    176.811    178.000    16.4396    16.4420   4.575432   4.575944     1.8303     1.5071      66.85   22.27400  -97.36160   -0.00167   -0.00148     2.5917     2.6083    16.4107    16.4130    36.1817    36.1841    26.5615    26.5627    1531.86    112.750    113.473         35 0.0000e+00
      12561    523.324    177.804    179.000    16.3809    16.3813   4.568662   4.568862     1.8272     1.5044      65.83   22.27400  -97.36160   -0.00186   -0.00216     2.5881     2.6050    16.3518    16.3522    36.1745    36.1759    26.5697    26.5707    1531.76    112.592    113.327         30 0.0000e+00
      12620    525.801    179.790    181.000    16.2550    16.2555   4.553600   4.553827     1.8235     1.5011      63.81   22.27173  -97.35167   -0.00165   -0.00132     2.5871     2.6039    16.2258    16.2263    36.1530    36.1546    26.5824    26.5835    1531.42    112.549    113.278         34 0.0000e+00
      12657    527.330    180.783    182.000    16.2183    16.2195   4.549704   4.549964     1.8223     1.5011      62.68   22.27400  -97.36160   -0.00137   -0.00117     2.5870     2.6063    16.1889    16.1902    36.1522    36.1534    26.5906    26.5912    1531.48    112.541    113.383         37 0.0000e+00
      12693    528.851    181.776    183.000    16.2067    16.2076   4.548372   4.548583     1.8234     1.5040      61.81   22.27400  -97.36160   -0.00055    0.00022     2.5904     2.6149    16.1773    16.1781    36.1504    36.1515    26.5919    26.5926    1531.39    112.689    113.756         34 0.0000e+00
      12725    530.154    182.769    184.000    16.1690    16.1699   4.543841   4.544064     1.8240     1.5044      60.78   22.27400  -97.36160    0.00038    0.00124     2.5943     2.6182    16.1394    16.1403    36.1439    36.1451    26.5957    26.5964    1531.30    112.860    113.899         30 0.0000e+00
      12782    532.527    184.755    186.000    16.0468    16.0469   4.529165   4.529343     1.8195     1.4993      58.86   22.27076  -97.34742   -0.00087   -0.00106     2.5914     2.6126    16.0171    16.0171    36.1217    36.1232    26.6066    26.6077    1530.89    112.733    113.653         32 0.0000e+00
      12818    534.061    185.747    187.000    16.0195    16.0203   4.526551   4.526727     1.8190     1.4983      57.81   22.27400  -97.36161   -0.00151   -0.00182     2.5923     2.6117    15.9896    15.9904    36.1243    36.1251    26.6153    26.6157    1531.03    112.768    113.613         38 0.0000e+00
      12855    535.583    186.741    188.000    15.9955    15.9969   4.523713   4.523976     1.8194     1.4982      56.80   22.27400  -97.36162   -0.00056   -0.00094     2.5948     2.6130    15.9655    15.9669    36.1203    36.1214    26.6177    26.6183    1530.94    112.878    113.671         33 0.0000e+00
      12886    536.865    187.733    189.000    15.9777    15.9790   4.521653   4.521904     1.8193     1.4984      55.95   22.27400  -97.36162    0.00013   -0.00011     2.5959     2.6149    15.9475    15.9489    36.1177    36.1188    26.6199    26.6204    1530.85    112.928    113.751         30 0.0000e+00
      12915    538.103    188.726    190.000    15.9496    15.9517   4.518325   4.518693     1.8189     1.4986      54.81   22.27400  -97.36162   -0.00001    0.00010     2.5970     2.6172    15.9193    15.9214    36.1131    36.1145    26.6229    26.6234    1530.76    112.976    113.853         30 0.0000e+00
