GOMECC/GOMECC-4/1db/rb2103_0301.ros
* Sea-Bird SBE 9 Data File:
* FileName = C:\Users\scs.user.rb\CTD\GOMECC4\data\rb2103_0301.hex
* Software Version Seasave V 7.26.7.107
* Temperature SN = 4799
* Conductivity SN = 3860
* Number of Bytes Per Scan = 41
* Number of Voltage Words = 4
* Number of Scans Averaged by the Deck Unit = 1
* NMEA Latitude = 27 00.64 N
* NMEA Longitude = 086 59.98 W
* NMEA UTC (Time) = Sep 22 2021  07:53:47
* NMEA baud rate = 4800
# nquan = 17
# nvalues = 3192                                  
# units = specified
# name 0 = scan: Scan Count
# name 1 = timeS: Time, Elapsed [seconds]
# name 2 = depSM: Depth [salt water, m]
# name 3 = prDM: Pressure, Digiquartz [db]
# name 4 = t090C: Temperature [ITS-90, deg C]
# name 5 = t190C: Temperature, 2 [ITS-90, deg C]
# name 6 = c0S/m: Conductivity [S/m]
# name 7 = c1S/m: Conductivity, 2 [S/m]
# name 8 = sbeox0V: Oxygen raw, SBE 43 [V]
# name 9 = sbeox1V: Oxygen raw, SBE 43, 2 [V]
# name 10 = altM: Altimeter [m]
# name 11 = latitude: Latitude [deg]
# name 12 = longitude: Longitude [deg]
# name 13 = sbox0dV/dT: Oxygen, SBE 43 [dov/dt]
# name 14 = sbox1dV/dT: Oxygen, SBE 43, 2 [dov/dt]
# name 15 = nbf: Bottles Fired
# name 16 = flag:  0.000e+00
# interval = seconds: 0.0416667
# start_time = Sep 22 2021 07:53:47 [NMEA time, header]
# bad_flag = -9.990e-29
*END*
[from data line 2043]
     182725   7613.500    248.393    250.188    14.2743    14.2747   4.323813   4.323828     1.8571     1.5372     100.00   26.98178  -86.99856    0.00002   -0.00015         16  0.000e+00
     182726   7613.542    248.317    250.112    14.2742    14.2746   4.323771   4.323757     1.8571     1.5372     100.00   26.98178  -86.99856    0.00002   -0.00014         16  0.000e+00
     182727   7613.583    248.393    250.188    14.2738    14.2742   4.323722   4.323729     1.8571     1.5372     100.00   26.98178  -86.99856    0.00002   -0.00013         16  0.000e+00
     182728   7613.625    248.317    250.112    14.2737    14.2744   4.323687   4.323750     1.8571     1.5372     100.00   26.98178  -86.99856    0.00002   -0.00011         16  0.000e+00
     182729   7613.667    248.393    250.188    14.2738    14.2742   4.323687   4.323736     1.8571     1.5372     100.00   26.98178  -86.99856    0.00002   -0.00010         16  0.000e+00
     182730   7613.708    248.378    250.173    14.2737    14.2740   4.323701   4.323757     1.8571     1.5360     100.00   26.98178  -86.99856    0.00002   -0.00011         16  0.000e+00
     182731   7613.750    248.340    250.135    14.2740    14.2740   4.323771   4.323708     1.8584     1.5372     100.00   26.98178  -86.99856    0.00004   -0.00008         16  0.000e+00
     182732   7613.792    248.317    250.112    14.2744    14.2737   4.323799   4.323715     1.8571     1.5360     100.00   26.98176  -86.99854    0.00003   -0.00010         16  0.000e+00
     182733   7613.833    248.340    250.135    14.2750    14.2742   4.323813   4.323729     1.8571     1.5360     100.00   26.98176  -86.99854    0.00003   -0.00011         16  0.000e+00
     182734   7613.875    248.317    250.112    14.2749    14.2742   4.323827   4.323757     1.8584     1.5372     100.00   26.98176  -86.99854    0.00005   -0.00009         16  0.000e+00
     182735   7613.917    248.378    250.173    14.2745    14.2740   4.323806   4.323736     1.8584     1.5372     100.00   26.98176  -86.99854    0.00007   -0.00006         16  0.000e+00
     182736   7613.958    248.340    250.135    14.2743    14.2740   4.323757   4.323701     1.8584     1.5372     100.00   26.98176  -86.99854    0.00008   -0.00005         16  0.000e+00
     182737   7614.000    248.431    250.226    14.2740    14.2737   4.323785   4.323630     1.8584     1.5372     100.00   26.98176  -86.99854    0.00010   -0.00004         16  0.000e+00
     182738   7614.042    248.279    250.074    14.2740    14.2736   4.323771   4.323644     1.8571     1.5360     100.00   26.98176  -86.99854    0.00009   -0.00003         16  0.000e+00
     182739   7614.083    248.378    250.173    14.2737    14.2739   4.323729   4.323630     1.8571     1.5360     100.00   26.98176  -86.99854    0.00009   -0.00003         16  0.000e+00
     182740   7614.125    248.340    250.135    14.2737    14.2739   4.323680   4.323644     1.8584     1.5360     100.00   26.98176  -86.99854    0.00011   -0.00006         16  0.000e+00
     182741   7614.167    248.378    250.173    14.2737    14.2736   4.323708   4.323630     1.8571     1.5360     100.00   26.98176  -86.99854    0.00010   -0.00004         16  0.000e+00
     182742   7614.208    248.340    250.135    14.2732    14.2734   4.323666   4.323587     1.8571     1.5360     100.00   26.98176  -86.99854    0.00010   -0.00005         16  0.000e+00
     182743   7614.250    248.378    250.173    14.2735    14.2732   4.323694   4.323580     1.8584     1.5360     100.00   26.98176  -86.99854    0.00012   -0.00005         16  0.000e+00
     182744   7614.292    248.280    250.074    14.2740    14.2732   4.323715   4.323580     1.8584     1.5372     100.00   26.98176  -86.99854    0.00013   -0.00004         16  0.000e+00
     182745   7614.333    248.378    250.173    14.2742    14.2732   4.323778   4.323552     1.8584     1.5360     100.00   26.98176  -86.99854    0.00014   -0.00004         16  0.000e+00
     182746   7614.375    248.340    250.135    14.2745    14.2735   4.323785   4.323594     1.8584     1.5360     100.00   26.98176  -86.99854    0.00016   -0.00005         16  0.000e+00
     182747   7614.417    248.317    250.112    14.2742    14.2737   4.323792   4.323644     1.8584     1.5360     100.00   26.98176  -86.99854    0.00017   -0.00003         16  0.000e+00
     182748   7614.458    248.378    250.173    14.2742    14.2740   4.323771   4.323651     1.8584     1.5372     100.00   26.98176  -86.99854    0.00018   -0.00002         16  0.000e+00
     182749   7614.500    248.340    250.135    14.2743    14.2740   4.323778   4.323708     1.8584     1.5372     100.00   26.98176  -86.99854    0.00020   -0.00001         16  0.000e+00
     182750   7614.542    248.378    250.173    14.2740    14.2742   4.323736   4.323757     1.8571     1.5360     100.00   26.98176  -86.99854    0.00019   -0.00001         16  0.000e+00
     182751   7614.583    248.340    250.135    14.2740    14.2744   4.323750   4.323764     1.8571     1.5372     100.00   26.98176  -86.99854    0.00019    0.00001         16  0.000e+00
     182752   7614.625    248.378    250.173    14.2740    14.2744   4.323729   4.323792     1.8571     1.5372     100.00   26.98176  -86.99854    0.00018    0.00002         16  0.000e+00
     182753   7614.667    248.340    250.135    14.2738    14.2742   4.323736   4.323743     1.8584     1.5360     100.00   26.98176  -86.99854    0.00019    0.00004         16  0.000e+00
     182754   7614.708    248.378    250.173    14.2740    14.2737   4.323757   4.323672     1.8584     1.5372     100.00   26.98176  -86.99854    0.00020    0.00005         16  0.000e+00
     182755   7614.750    248.340    250.135    14.2737    14.2737   4.323764   4.323679     1.8571     1.5360     100.00   26.98176  -86.99854    0.00020    0.00005         16  0.000e+00
     182756   7614.792    248.378    250.173    14.2740    14.2737   4.323743   4.323637     1.8584     1.5360     100.00   26.98176  -86.99854    0.00021    0.00007         16  0.000e+00
     182757   7614.833    248.340    250.135    14.2740    14.2739   4.323722   4.323644     1.8584     1.5360     100.00   26.98176  -86.99854    0.00022    0.00007         16  0.000e+00
     182758   7614.875    248.378    250.173    14.2737    14.2737   4.323694   4.323679     1.8584     1.5360     100.00   26.98176  -86.99854    0.00023    0.00005         16  0.000e+00
     182759   7614.917    248.340    250.135    14.2738    14.2740   4.323701   4.323693     1.8584     1.5360     100.00   26.98176  -86.99854    0.00024    0.00006         16  0.000e+00
     182760   7614.958    248.378    250.173    14.2737    14.2739   4.323715   4.323693     1.8571     1.5360     100.00   26.98176  -86.99854    0.00023    0.00006         16  0.000e+00
     182761   7615.000    248.340    250.135    14.2735    14.2736   4.323694   4.323665     1.8571     1.5360     100.00   26.98176  -86.99854    0.00023    0.00006         16  0.000e+00
     182762   7615.042    248.431    250.227    14.2733    14.2735   4.323659   4.323623     1.8584     1.5372     100.00   26.98176  -86.99854    0.00024    0.00008         16  0.000e+00
     182763   7615.083    248.318    250.112    14.2735    14.2737   4.323694   4.323616     1.8584     1.5360     100.00   26.98176  -86.99854    0.00025    0.00008         16  0.000e+00
     182764   7615.125    248.394    250.189    14.2735    14.2735   4.323687   4.323672     1.8584     1.5372     100.00   26.98176  -86.99854    0.00026    0.00008         16  0.000e+00
     182765   7615.167    248.378    250.174    14.2735    14.2737   4.323687   4.323665     1.8571     1.5360     100.00   26.98176  -86.99854    0.00025    0.00009         16  0.000e+00
     182766   7615.208    248.341    250.135    14.2738    14.2737   4.323701   4.323651     1.8584     1.5360     100.00   26.98176  -86.99854    0.00026    0.00009         16  0.000e+00
     182767   7615.250    248.379    250.174    14.2735    14.2739   4.323687   4.323679     1.8571     1.5360     100.00   26.98176  -86.99854    0.00025    0.00009         16  0.000e+00
     182768   7615.292    248.394    250.189    14.2737    14.2735   4.323687   4.323665     1.8571     1.5360     100.00   26.98176  -86.99854    0.00024    0.00007         16  0.000e+00
     182769   7615.333    248.379    250.174    14.2737    14.2739   4.323729   4.323679     1.8584     1.5360     100.00   26.98176  -86.99854    0.00025    0.00006         16  0.000e+00
     182770   7615.375    248.394    250.189    14.2738    14.2736   4.323701   4.323665     1.8571     1.5360     100.00   26.98176  -86.99854    0.00024    0.00004         16  0.000e+00
     182771   7615.417    248.379    250.174    14.2733    14.2737   4.323659   4.323651     1.8584     1.5360     100.00   26.98176  -86.99854    0.00025    0.00004         16  0.000e+00
     182772   7615.458    248.394    250.189    14.2733    14.2734   4.323666   4.323630     1.8571     1.5372     100.00   26.98176  -86.99854    0.00024    0.00004         16  0.000e+00
     182773   7615.500    248.379    250.174    14.2735    14.2732   4.323736   4.323587     1.8571     1.5360     100.00   26.98176  -86.99854    0.00023    0.00003         16  0.000e+00
     182774   7615.542    248.394    250.189    14.2737    14.2729   4.323701   4.323552     1.8584     1.5360     100.00   26.98176  -86.99854    0.00024    0.00001         16  0.000e+00
     182775   7615.583    248.379    250.174    14.2735    14.2731   4.323687   4.323566     1.8571     1.5360     100.00   26.98176  -86.99854    0.00023   -0.00000         16  0.000e+00
     182776   7615.625    248.379    250.174    14.2733    14.2727   4.323701   4.323580     1.8571     1.5372     100.00   26.98176  -86.99854    0.00022   -0.00000         16  0.000e+00
     182777   7615.667    248.394    250.189    14.2733    14.2725   4.323687   4.323552     1.8584     1.5360     100.00   26.98176  -86.99854    0.00022   -0.00002         16  0.000e+00
     182778   7615.708    248.432    250.227    14.2733    14.2724   4.323687   4.323510     1.8584     1.5372     100.00   26.98176  -86.99854    0.00023   -0.00002         16  0.000e+00
     182779   7615.750    248.394    250.189    14.2732    14.2725   4.323673   4.323503     1.8571     1.5360     100.00   26.98176  -86.99854    0.00022   -0.00003         16  0.000e+00
     182780   7615.792    248.379    250.174    14.2733    14.2725   4.323680   4.323531     1.8584     1.5372     100.00   26.98176  -86.99854    0.00023   -0.00003         16  0.000e+00
     182781   7615.833    248.394    250.189    14.2733    14.2725   4.323659   4.323545     1.8584     1.5372     100.00   26.98176  -86.99854    0.00023   -0.00003         16  0.000e+00
     182782   7615.875    248.432    250.227    14.2729    14.2725   4.323632   4.323566     1.8584     1.5372     100.00   26.98176  -86.99854    0.00024   -0.00003         16  0.000e+00
     182783   7615.917    248.394    250.189    14.2728    14.2722   4.323611   4.323524     1.8584     1.5372     100.00   26.98176  -86.99854    0.00025   -0.00003         16  0.000e+00
     182784   7615.958    248.432    250.227    14.2729    14.2722   4.323583   4.323446     1.8584     1.5372     100.00   26.98176  -86.99854    0.00025   -0.00003         16  0.000e+00
     182785   7616.000    248.394    250.189    14.2728    14.2718   4.323576   4.323432     1.8571     1.5360     100.00   26.98176  -86.99854    0.00024   -0.00005         16  0.000e+00
     182786   7616.042    248.432    250.228    14.2724    14.2718   4.323590   4.323432     1.8584     1.5360     100.00   26.98176  -86.99854    0.00024   -0.00007         16  0.000e+00
     182787   7616.083    248.394    250.189    14.2726    14.2715   4.323520   4.323375     1.8584     1.5360     100.00   26.98176  -86.99854    0.00025   -0.00009         16  0.000e+00
     182788   7616.125    248.432    250.228    14.2729    14.2715   4.323583   4.323333     1.8584     1.5360     100.00   26.98176  -86.99854    0.00025   -0.00010         16  0.000e+00
     182789   7616.167    248.432    250.228    14.2728    14.2714   4.323597   4.323347     1.8571     1.5360     100.00   26.98176  -86.99854    0.00024   -0.00012         16  0.000e+00
     182790   7616.208    248.455    250.251    14.2727    14.2715   4.323604   4.323411     1.8571     1.5360     100.00   26.98176  -86.99854    0.00023   -0.00014         16  0.000e+00
     182791   7616.250    248.432    250.228    14.2727    14.2718   4.323583   4.323432     1.8559     1.5360     100.00   26.98176  -86.99854    0.00020   -0.00016         16  0.000e+00
     182792   7616.292    248.394    250.189    14.2725    14.2720   4.323590   4.323432     1.8571     1.5348     100.00   26.98176  -86.99854    0.00018   -0.00020         16  0.000e+00
     182793   7616.333    248.493    250.289    14.2722    14.2718   4.323548   4.323432     1.8571     1.5348     100.00   26.98176  -86.99854    0.00017   -0.00023         16  0.000e+00
     182794   7616.375    248.394    250.190    14.2721    14.2720   4.323506   4.323517     1.8571     1.5360     100.00   26.98176  -86.99854    0.00016   -0.00025         16  0.000e+00
     182795   7616.417    248.432    250.228    14.2722    14.2720   4.323541   4.323481     1.8571     1.5348     100.00   26.98176  -86.99854    0.00014   -0.00028         16  0.000e+00
     182796   7616.458    248.455    250.251    14.2723    14.2720   4.323513   4.323495     1.8571     1.5348     100.00   26.98176  -86.99854    0.00013   -0.00032         16  0.000e+00
     182797   7616.500    248.493    250.289    14.2724    14.2717   4.323520   4.323446     1.8559     1.5360     100.00   26.98176  -86.99854    0.00010   -0.00033         16  0.000e+00
     182798   7616.542    248.394    250.190    14.2725    14.2718   4.323534   4.323396     1.8571     1.5348     100.00   26.98176  -86.99854    0.00009   -0.00037         16  0.000e+00
     182799   7616.583    248.432    250.228    14.2724    14.2715   4.323604   4.323340     1.8571     1.5348     100.00   26.98176  -86.99854    0.00007   -0.00039         16  0.000e+00
     182800   7616.625    248.394    250.190    14.2725    14.2708   4.323590   4.323319     1.8571     1.5360     100.00   26.98176  -86.99854    0.00006   -0.00038         16  0.000e+00
     182801   7616.667    248.493    250.289    14.2727    14.2707   4.323576   4.323262     1.8559     1.5360     100.00   26.98176  -86.99854    0.00005   -0.00040         16  0.000e+00
     182802   7616.708    248.493    250.289    14.2725    14.2707   4.323562   4.323241     1.8571     1.5348     100.00   26.98176  -86.99854    0.00004   -0.00041         16  0.000e+00
     182803   7616.750    248.455    250.251    14.2724    14.2708   4.323541   4.323269     1.8571     1.5360     100.00   26.98176  -86.99854    0.00003   -0.00041         16  0.000e+00
     182804   7616.792    248.432    250.228    14.2725    14.2708   4.323590   4.323333     1.8571     1.5360     100.00   26.98174  -86.99854    0.00001   -0.00041         16  0.000e+00
     182805   7616.833    248.455    250.251    14.2722    14.2712   4.323513   4.323382     1.8571     1.5360     100.00   26.98174  -86.99854    0.00000   -0.00040         16  0.000e+00
     182806   7616.875    248.493    250.289    14.2720    14.2712   4.323548   4.323361     1.8559     1.5360     100.00   26.98174  -86.99854   -0.00003   -0.00040         16  0.000e+00
     182807   7616.917    248.455    250.251    14.2718    14.2712   4.323492   4.323354     1.8571     1.5348     100.00   26.98174  -86.99854   -0.00004   -0.00041         16  0.000e+00
     182808   7616.958    248.432    250.228    14.2715    14.2712   4.323429   4.323333     1.8571     1.5360     100.00   26.98174  -86.99854   -0.00005   -0.00041         16  0.000e+00
