GOMECC/GOMECC-4/1db/rb2103_1331.cnv
* Sea-Bird SBE 9 Data File:
* FileName = C:\Users\scs.user.rb\CTD\GOMECC4\data\rb2103_1331.hex
* Software Version Seasave V 7.26.7.107
* Temperature SN = 4799
* Conductivity SN = 3860
* Number of Bytes Per Scan = 41
* Number of Voltage Words = 4
* Number of Scans Averaged by the Deck Unit = 1
* NMEA Latitude = 26 31.24 N
* NMEA Longitude = 083 24.57 W
* NMEA UTC (Time) = Oct 19 2021  21:06:28
* NMEA baud rate = 4800
# nquan = 28
# nvalues = 67                          
# units = specified
# name 0 = scan: Scan Count
# name 1 = timeS: Time, Elapsed [seconds]
# name 2 = depSM: Depth [salt water, m]
# name 3 = prDM: Pressure, Digiquartz [db]
# name 4 = t090C: Temperature [ITS-90, deg C]
# name 5 = t190C: Temperature, 2 [ITS-90, deg C]
# name 6 = c0S/m: Conductivity [S/m]
# name 7 = c1S/m: Conductivity, 2 [S/m]
# name 8 = sbeox0V: Oxygen raw, SBE 43 [V]
# name 9 = sbeox1V: Oxygen raw, SBE 43, 2 [V]
# name 10 = altM: Altimeter [m]
# name 11 = latitude: Latitude [deg]
# name 12 = longitude: Longitude [deg]
# name 13 = sbox0dV/dT: Oxygen, SBE 43 [dov/dt]
# name 14 = sbox1dV/dT: Oxygen, SBE 43, 2 [dov/dt]
# name 15 = sbeox0ML/L: Oxygen, SBE 43 [ml/l], WS = 5
# name 16 = sbeox1ML/L: Oxygen, SBE 43, 2 [ml/l], WS = 5
# name 17 = potemp090C: Potential Temperature [ITS-90, deg C]
# name 18 = potemp190C: Potential Temperature, 2 [ITS-90, deg C]
# name 19 = sal00: Salinity, Practical [PSU]
# name 20 = sal11: Salinity, Practical, 2 [PSU]
# name 21 = sigma-é00: Density [sigma-theta, kg/m^3]
# name 22 = sigma-é11: Density, 2 [sigma-theta, kg/m^3]
# name 23 = avgsvCM: Average Sound Velocity [Chen-Millero, m/s], minP = 20, minS = 20
# name 24 = sbox0Mm/Kg: Oxygen, SBE 43 [umol/kg], WS = 5
# name 25 = sbox1Mm/Kg: Oxygen, SBE 43, 2 [umol/kg], WS = 5
# name 26 = nbin: number of scans per bin
# name 27 = flag: flag
# span 0 =      10904,      31163       
# span 1 =    454.285,   1298.396       
# span 2 =      0.994,     47.680       
# span 3 =      1.000,     48.000       
# span 4 =    26.2641,    29.0781       
# span 5 =    26.3004,    29.0793       
# span 6 =   5.606917,   5.917757       
# span 7 =   5.610219,   5.918030       
# span 8 =     2.9816,     3.1600       
# span 9 =     2.5242,     2.6716       
# span 10 =       7.88,      53.04      
# span 11 =   26.26074,   26.78149      
# span 12 =  -84.22928,  -82.59154      
# span 13 =   -0.01288,    0.01559      
# span 14 =   -0.00613,    0.01574      
# span 15 =     4.2933,     4.4434      
# span 16 =     4.2796,     4.4089      
# span 17 =    26.2535,    29.0721      
# span 18 =    26.2899,    29.0732      
# span 19 =    35.6985,    36.4068      
# span 20 =    35.6992,    36.4078      
# span 21 =    22.6982,    23.9568      
# span 22 =    22.6982,    23.9436      
# span 23 =       0.00,    1576.47      
# span 24 =    187.269,    193.919      
# span 25 =    186.676,    192.411      
# span 26 =         30,         73      
# span 27 = 0.0000e+00, 0.0000e+00      
# interval = decibars: 1                
# start_time = Oct 19 2021 21:06:28 [NMEA time, header]
# bad_flag = -9.990e-29
*END*
      10904    454.285      4.967      5.000    28.7926    28.7934   5.858987   5.859143     3.1344     2.6490      49.32   26.52084  -83.40950   -0.00045    0.00077     4.3632     4.3384    28.7914    28.7922    36.0521    36.0528    22.9241    22.9244       0.00    190.495    189.410         37 0.0000e+00
      11032    459.622      5.961      6.000    28.7915    28.7911   5.858916   5.858937     3.1332     2.6477      48.34   26.52083  -83.40950   -0.00028    0.00048     4.3615     4.3363    28.7900    28.7896    36.0523    36.0531    22.9247    22.9255       0.00    190.418    189.322         38 0.0000e+00
      11136    463.972      7.947      8.000    28.5142    28.5159   5.802081   5.802371     3.1010     2.6225      45.86   26.26074  -82.59154   -0.00068   -0.00041     4.3168     4.2958    28.5123    28.5139    35.6985    35.6992    22.6982    22.6982       0.00    188.470    187.552         59 0.0000e+00
      11326    471.860      8.941      9.000    28.7965    28.7976   5.859574   5.859816     3.1323     2.6459      45.36   26.52082  -83.40950   -0.00038   -0.00117     4.3612     4.3338    28.7943    28.7954    36.0520    36.0528    22.9231    22.9233       0.00    190.405    189.212         39 0.0000e+00
      11412    475.454      9.934     10.000    28.7959    28.7972   5.859555   5.859826     3.1317     2.6500      44.41   26.52082  -83.40950   -0.00093    0.00112     4.3607     4.3426    28.7935    28.7948    36.0521    36.0530    22.9234    22.9236       0.00    190.383    189.592         41 0.0000e+00
      11502    479.192     10.928     11.000    28.7960    28.7972   5.859599   5.859866     3.1313     2.6458      43.38   26.52082  -83.40950   -0.00027   -0.00091     4.3605     4.3348    28.7933    28.7946    36.0520    36.0529    22.9234    22.9236       0.00    190.375    189.252         65 0.0000e+00
      11587    482.768     11.921     12.000    28.7958    28.7971   5.859612   5.859886     3.1334     2.6490      42.41   26.52082  -83.40950    0.00025    0.00052     4.3647     4.3417    28.7929    28.7942    36.0519    36.0528    22.9235    22.9237       0.00    190.560    189.555         31 0.0000e+00
      11669    486.176     12.915     13.000    28.7957    28.7969   5.859635   5.859923     3.1311     2.6497      41.51   26.52082  -83.40951   -0.00103    0.00011     4.3612     4.3434    28.7926    28.7938    36.0518    36.0529    22.9235    22.9239       0.00    190.405    189.631         68 0.0000e+00
      11758    489.892     13.908     14.000    28.7961    28.7969   5.859734   5.859970     3.1327     2.6467      40.52   26.52082  -83.40952    0.00032   -0.00038     4.3645     4.3381    28.7928    28.7935    36.0519    36.0529    22.9235    22.9240       0.00    190.548    189.396         37 0.0000e+00
      11838    493.229     14.901     15.000    28.7961    28.7967   5.859775   5.859992     3.1325     2.6454      39.54   26.52082  -83.40952   -0.00017   -0.00003     4.3646     4.3360    28.7925    28.7931    36.0519    36.0530    22.9236    22.9242       0.00    190.556    189.304         63 0.0000e+00
      11923    496.739     15.895     16.000    28.7965    28.7978   5.859848   5.860149     3.1311     2.6464      38.59   26.52082  -83.40952   -0.00069    0.00007     4.3626     4.3385    28.7926    28.7940    36.0518    36.0529    22.9235    22.9238       0.00    190.468    189.415         53 0.0000e+00
      12010    500.389     16.888     17.000    28.7972    28.7977   5.859954   5.860162     3.1312     2.6479      37.61   26.52082  -83.40952   -0.00017    0.00025     4.3633     4.3419    28.7931    28.7936    36.0517    36.0528    22.9232    22.9239       0.00    190.497    189.563         61 0.0000e+00
      12088    503.607     17.881     18.000    28.7969    28.7965   5.859970   5.860097     3.1321     2.6476      36.74   26.52082  -83.40952   -0.00010    0.00024     4.3654     4.3419    28.7926    28.7922    36.0517    36.0529    22.9234    22.9245       0.00    190.590    189.566         55 0.0000e+00
      12183    507.571     18.875     19.000    28.7975    28.7988   5.860083   5.860370     3.1305     2.6436      35.73   26.52082  -83.40952   -0.00021   -0.00080     4.3631     4.3343    28.7929    28.7942    36.0518    36.0528    22.9234    22.9237       0.00    190.489    189.234         37 0.0000e+00
      12260    510.802     19.868     20.000    28.7983    28.7995   5.860195   5.860475     3.1293     2.6456      34.78   26.52082  -83.40952   -0.00046    0.00024     4.3613     4.3387    28.7935    28.7947    36.0517    36.0527    22.9231    22.9235     649.67    190.411    189.422         44 0.0000e+00
      12348    514.438     20.862     21.000    28.7981    28.7995   5.860254   5.860559     3.1313     2.6478      33.84   26.52082  -83.40952    0.00044    0.00155     4.3655     4.3437    28.7931    28.7945    36.0519    36.0530    22.9234    22.9237    1576.47    190.592    189.644         62 0.0000e+00
      12431    517.915     21.855     22.000    28.7985    28.7998   5.860346   5.860651     3.1296     2.6410      32.85   26.52082  -83.40952   -0.00056   -0.00258     4.3629     4.3306    28.7932    28.7945    36.0520    36.0531    22.9234    22.9238    1544.51    190.482    189.069         58 0.0000e+00
      12516    521.468     22.848     23.000    28.7987    28.7999   5.860450   5.860716     3.1298     2.6424      31.89   26.52082  -83.40952   -0.00015    0.00011     4.3638     4.3339    28.7932    28.7944    36.0522    36.0532    22.9236    22.9239    1544.51    190.521    189.216         63 0.0000e+00
      12601    524.999     23.842     24.000    28.7984    28.7992   5.860458   5.860665     3.1292     2.6452      30.96   26.52082  -83.40950   -0.00036    0.00097     4.3633     4.3400    28.7926    28.7934    36.0522    36.0531    22.9237    22.9242    1544.52    190.497    189.481         46 0.0000e+00
      12670    527.874     24.835     25.000    28.7991    28.8002   5.860581   5.860862     3.1286     2.6415      30.00   26.52082  -83.40950   -0.00009   -0.00141     4.3625     4.3331    28.7931    28.7942    36.0522    36.0533    22.9237    22.9241    1544.52    190.465    189.179         63 0.0000e+00
      12749    531.166     25.828     26.000    28.7993    28.8006   5.860768   5.861057     3.1289     2.6438      29.06   26.52082  -83.40950    0.00006    0.00074     4.3637     4.3381    28.7930    28.7943    36.0531    36.0541    22.9243    22.9247    1544.52    190.514    189.396         58 0.0000e+00
      12815    533.925     26.822     27.000    28.8007    28.8018   5.860927   5.861217     3.1278     2.6424      28.05   26.52082  -83.40950   -0.00013   -0.00028     4.3620     4.3358    28.7942    28.7953    36.0528    36.0540    22.9237    22.9242    1544.52    190.443    189.296         42 0.0000e+00
      12897    537.329     27.815     28.000    28.8005    28.8018   5.860968   5.861267     3.1262     2.6411      27.16   26.52082  -83.40950   -0.00091   -0.00075     4.3596     4.3336    28.7938    28.7950    36.0529    36.0541    22.9239    22.9244    1544.53    190.336    189.204         38 0.0000e+00
      12965    540.172     28.808     29.000    28.8007    28.8020   5.861030   5.861329     3.1269     2.6424      26.19   26.52082  -83.40950    0.00010    0.00001     4.3614     4.3368    28.7937    28.7950    36.0529    36.0541    22.9240    22.9244    1544.53    190.415    189.340         44 0.0000e+00
      13032    542.946     29.802     30.000    28.8014    28.8028   5.861135   5.861438     3.1271     2.6433      25.31   26.52082  -83.40950   -0.00070    0.00034     4.3624     4.3391    28.7942    28.7956    36.0529    36.0539    22.9238    22.9240    1544.54    190.457    189.440         51 0.0000e+00
      13091    545.417     30.795     31.000    28.8015    28.8023   5.861184   5.861443     3.1265     2.6427      24.30   26.52082  -83.40950    0.00012    0.00032     4.3617     4.3383    28.7940    28.7948    36.0528    36.0540    22.9238    22.9244    1544.54    190.428    189.405         67 0.0000e+00
      13160    548.281     31.788     32.000    28.7996    28.8017   5.861104   5.861470     3.1266     2.6405      23.35   26.52082  -83.40950   -0.00035   -0.00130     4.3625     4.3346    28.7919    28.7940    36.0534    36.0543    22.9249    22.9249    1544.55    190.464    189.243         65 0.0000e+00
      13214    550.535     32.782     33.000    28.7978    28.7984   5.861030   5.861278     3.1251     2.6382      22.44   26.52082  -83.40950   -0.00012   -0.00025     4.3605     4.3306    28.7898    28.7904    36.0540    36.0552    22.9260    22.9268    1544.55    190.375    189.071         50 0.0000e+00
      13269    552.843     33.775     34.000    28.7934    28.7947   5.860752   5.861064     3.1248     2.6407      21.43   26.52082  -83.40950   -0.00046   -0.00025     4.3608     4.3363    28.7852    28.7865    36.0551    36.0562    22.9284    22.9288    1544.56    190.387    189.320         61 0.0000e+00
      13332    555.476     34.768     35.000    28.7931    28.7944   5.860778   5.861092     3.1229     2.6401      20.50   26.52082  -83.40950   -0.00039    0.00059     4.3578     4.3357    28.7846    28.7860    36.0552    36.0563    22.9287    22.9291    1544.57    190.255    189.292         59 0.0000e+00
      13383    557.568     35.761     36.000    28.7938    28.7950   5.860895   5.861184     3.1217     2.6360      19.62   26.52082  -83.40950   -0.00088   -0.00149     4.3562     4.3280    28.7851    28.7863    36.0552    36.0563    22.9285    22.9289    1544.57    190.186    188.954         47 0.0000e+00
      13465    561.015     36.753     37.000    28.7938    28.7957   5.860963   5.861299     3.1213     2.6375      18.56   26.52082  -83.40952   -0.00012    0.00018     4.3559     4.3314    28.7848    28.7868    36.0553    36.0562    22.9287    22.9287    1544.58    190.173    189.105         36 0.0000e+00
      13534    563.856     37.749     38.000    28.7962    28.7965   5.861179   5.861417     3.1227     2.6397      17.62   26.52082  -83.40950    0.00028    0.00019     4.3589     4.3363    28.7871    28.7873    36.0547    36.0561    22.9275    22.9285    1544.58    190.304    189.319         44 0.0000e+00
      13634    568.041     38.741     39.000    28.7907    28.7919   5.860836   5.861125     3.1221     2.6390      16.63   26.52082  -83.40951   -0.00007   -0.00047     4.3586     4.3358    28.7813    28.7825    36.0562    36.0573    22.9306    22.9310    1544.59    190.292    189.296         35 0.0000e+00
      13748    572.790     39.735     40.000    28.7912    28.7916   5.860924   5.861173     3.1206     2.6376      15.71   26.52082  -83.40950   -0.00013   -0.00076     4.3565     4.3334    28.7815    28.7820    36.0561    36.0575    22.9305    22.9313    1544.59    190.198    189.191         38 0.0000e+00
      13877    578.187     40.728     41.000    28.7884    28.7900   5.860829   5.861142     3.1174     2.6311      14.70   26.52082  -83.40951   -0.00052   -0.00092     4.3512     4.3211    28.7786    28.7801    36.0573    36.0583    22.9323    22.9325    1544.60    189.969    188.653         43 0.0000e+00
      14296    595.624     44.701     45.000    28.4829    28.4854   5.817865   5.817809     3.0975     2.6230      10.64   26.40034  -83.03060    0.00043    0.00065     4.3362     4.3236    28.4721    28.4746    35.9112    35.9117    22.9000    22.8995    1537.60    189.301    188.747         38 0.0000e+00
      14452    602.114     45.694     46.000    27.7767    27.7747   5.768934   5.764247     3.1193     2.6358       9.93   26.52082  -83.40950    0.00399    0.00234     4.4434     4.4089    27.7853    27.7638    36.1491    36.1533    23.3293    23.3395    1544.61    193.919    192.411         34 0.0000e+00
      14669    611.182     47.680     48.000    26.3738    26.4871   5.613686   5.626013     3.0378     2.5839       7.98   26.48961  -83.31134   -0.01288   -0.00613     4.3934     4.3913    26.3634    26.4762    36.1470    36.1522    23.7797    23.7486    1542.66    191.646    191.563         38 0.0000e+00
      16669    694.506     47.680     48.000    26.3264    26.3352   5.623575   5.623718     2.9816     2.5263       7.88   26.61814  -83.71559    0.00515   -0.00036     4.2933     4.2864    26.3155    26.3246    36.3317    36.3206    23.9568    23.9436    1550.10    187.269    186.971         30 0.0000e+00
      16692    695.478     46.687     47.000    26.2641    26.3004   5.606917   5.610219     2.9831     2.5242       8.65   26.52084  -83.40950    0.00442    0.00163     4.2963     4.2796    26.2535    26.2899    36.2007    36.1953    23.8599    23.8440    1544.43    187.402    186.676         42 0.0000e+00
      16764    698.477     45.694     46.000    26.3890    26.7381   5.620223   5.652198     2.9908     2.5435       9.50   26.52084  -83.40950    0.00119    0.00245     4.2989     4.2893    26.3785    26.7276    36.1910    36.1572    23.8131    23.6766    1544.43    187.523    187.128         59 0.0000e+00
      16828    701.143     44.701     45.000    26.8940    27.0209   5.672466   5.686073     3.0359     2.5878      10.52   26.52084  -83.40950    0.01342    0.01574     4.3462     4.3590    26.8837    27.0106    36.1816    36.1778    23.6453    23.6018    1544.43    189.616    190.184         73 0.0000e+00
      16900    704.127     43.708     44.000    27.3252    27.3669   5.717581   5.719627     3.0774     2.6102      11.49   26.52084  -83.40950    0.01559    0.00807     4.3900     4.3805    27.3149    27.3566    36.1612    36.1524    23.4913    23.4712    1544.43    191.556    191.148         43 0.0000e+00
      17025    709.342     42.714     43.000    28.2080    28.1696   5.801887   5.798690     3.0997     2.6183      12.46   26.52084  -83.40950    0.00403    0.00222     4.3639     4.3390    28.1978    28.1594    36.0857    36.0793    23.1457    23.1473    1544.43    190.484    189.397         34 0.0000e+00
      19477    811.511     36.755     37.000    28.8144    28.8071   5.866941   5.866259     3.1245     2.6411      18.25   26.55510  -83.51725    0.00000   -0.00054     4.3614     4.3392    28.8055    28.7982    36.1032    36.1045    22.9648    22.9683    1546.43    190.414    189.445         48 0.0000e+00
      19563    815.099     35.762     36.000    28.7707    28.7652   5.858549   5.858320     3.1227     2.6372      19.16   26.52084  -83.40950    0.00080   -0.00016     4.3598     4.3325    28.7620    28.7565    36.0568    36.0585    22.9375    22.9405    1544.43    190.341    189.152         45 0.0000e+00
      19605    816.845     33.775     34.000    28.5582    28.5612   5.814000   5.814410     3.0998     2.6210      20.68   26.31443  -82.76034    0.00059    0.00139     4.3266     4.3051    28.5500    28.5530    35.7749    35.7754    22.7540    22.7534    1532.41    188.895    187.957         35 0.0000e+00
      19907    829.426     32.782     33.000    28.7880    28.7911   5.859960   5.860537     3.1243     2.6404      22.03   26.52084  -83.40951   -0.00002    0.00022     4.3597     4.3355    28.7800    28.7831    36.0545    36.0556    22.9297    22.9295    1544.43    190.340    189.285         37 0.0000e+00
      20018    834.023     31.788     32.000    28.7903    28.7810   5.860068   5.859528     3.1235     2.6400      22.99   26.52084  -83.40952   -0.00071   -0.00003     4.3570     4.3350    28.7826    28.7733    36.0544    36.0565    22.9288    22.9335    1544.43    190.221    189.259         32 0.0000e+00
      20132    838.802     30.795     31.000    28.7918    28.7930   5.860309   5.860618     3.1248     2.6405      23.97   26.52084  -83.40952    0.00044   -0.00008     4.3594     4.3346    28.7843    28.7856    36.0542    36.0553    22.9280    22.9285    1544.43    190.325    189.243         47 0.0000e+00
