GOMECC/GOMECC-4/1db/rb2103_0961.ros
* Sea-Bird SBE 9 Data File:
* FileName = C:\Users\scs.user.rb\CTD\GOMECC4\data\rb2103_0961.hex
* Software Version Seasave V 7.26.7.107
* Temperature SN = 4799
* Conductivity SN = 3860
* Number of Bytes Per Scan = 41
* Number of Voltage Words = 4
* Number of Scans Averaged by the Deck Unit = 1
* NMEA Latitude = 22 39.54 N
* NMEA Longitude = 090 17.28 W
* NMEA UTC (Time) = Oct 11 2021  07:29:15
* NMEA baud rate = 4800
# nquan = 17
# nvalues = 1330                                  
# units = specified
# name 0 = scan: Scan Count
# name 1 = timeS: Time, Elapsed [seconds]
# name 2 = depSM: Depth [salt water, m]
# name 3 = prDM: Pressure, Digiquartz [db]
# name 4 = t090C: Temperature [ITS-90, deg C]
# name 5 = t190C: Temperature, 2 [ITS-90, deg C]
# name 6 = c0S/m: Conductivity [S/m]
# name 7 = c1S/m: Conductivity, 2 [S/m]
# name 8 = sbeox0V: Oxygen raw, SBE 43 [V]
# name 9 = sbeox1V: Oxygen raw, SBE 43, 2 [V]
# name 10 = altM: Altimeter [m]
# name 11 = latitude: Latitude [deg]
# name 12 = longitude: Longitude [deg]
# name 13 = sbox0dV/dT: Oxygen, SBE 43 [dov/dt]
# name 14 = sbox1dV/dT: Oxygen, SBE 43, 2 [dov/dt]
# name 15 = nbf: Bottles Fired
# name 16 = flag:  0.000e+00
# interval = seconds: 0.0416667
# start_time = Oct 11 2021 07:29:15 [NMEA time, header]
# bad_flag = -9.990e-29
*END*
      16185    674.333    132.711    133.592    19.7141    19.7164   4.946257   4.946737     1.9341     1.5958       5.15   22.65956  -90.28784    0.00018    0.00006          1  0.000e+00
      16186    674.375    132.515    133.394    19.7141    19.7162   4.946257   4.946692     1.9328     1.5958       5.13   22.65956  -90.28784    0.00018    0.00005          1  0.000e+00
      16187    674.417    132.711    133.592    19.7144    19.7164   4.946227   4.946700     1.9328     1.5971       5.13   22.65956  -90.28784    0.00017    0.00007          1  0.000e+00
      16188    674.458    132.610    133.490    19.7146    19.7160   4.946242   4.946685     1.9341     1.5971       5.15   22.65956  -90.28784    0.00018    0.00008          1  0.000e+00
      16189    674.500    132.664    133.544    19.7143    19.7158   4.946257   4.946722     1.9328     1.5958       5.13   22.65956  -90.28784    0.00017    0.00007          1  0.000e+00
      16190    674.542    132.610    133.490    19.7141    19.7158   4.946286   4.946692     1.9328     1.5958       5.15   22.65956  -90.28784    0.00016    0.00009          1  0.000e+00
      16191    674.583    132.610    133.490    19.7139    19.7158   4.946264   4.946700     1.9328     1.5971       5.13   22.65956  -90.28784    0.00015    0.00010          1  0.000e+00
      16192    674.625    132.610    133.490    19.7143    19.7167   4.946294   4.946685     1.9328     1.5958       5.15   22.65956  -90.28784    0.00014    0.00009          1  0.000e+00
      16193    674.667    132.664    133.544    19.7145    19.7172   4.946330   4.946700     1.9328     1.5958       5.13   22.65956  -90.28784    0.00013    0.00009          1  0.000e+00
      16194    674.708    132.610    133.490    19.7145    19.7178   4.946338   4.946685     1.9328     1.5958       5.15   22.65956  -90.28784    0.00012    0.00008          1  0.000e+00
      16195    674.750    132.610    133.490    19.7141    19.7180   4.946308   4.946759     1.9328     1.5958       5.13   22.65956  -90.28784    0.00012    0.00009          1  0.000e+00
      16196    674.792    132.609    133.490    19.7141    19.7183   4.946301   4.946700     1.9341     1.5958       5.13   22.65956  -90.28784    0.00012    0.00009          1  0.000e+00
      16197    674.833    132.609    133.490    19.7141    19.7180   4.946301   4.946722     1.9341     1.5958       5.15   22.65956  -90.28784    0.00013    0.00010          1  0.000e+00
      16198    674.875    132.609    133.490    19.7139    19.7178   4.946301   4.946752     1.9328     1.5958       5.15   22.65956  -90.28784    0.00012    0.00010          1  0.000e+00
      16199    674.917    132.609    133.490    19.7143    19.7181   4.946330   4.946744     1.9328     1.5958       5.13   22.65956  -90.28784    0.00011    0.00009          1  0.000e+00
      16200    674.958    132.664    133.544    19.7144    19.7190   4.946308   4.946752     1.9341     1.5958       5.13   22.65956  -90.28784    0.00012    0.00010          1  0.000e+00
      16201    675.000    132.562    133.442    19.7141    19.7195   4.946301   4.946782     1.9328     1.5958       5.13   22.65956  -90.28784    0.00011    0.00010          1  0.000e+00
      16202    675.042    132.664    133.544    19.7139    19.7199   4.946301   4.946797     1.9341     1.5958       5.15   22.65956  -90.28784    0.00012    0.00011          1  0.000e+00
      16203    675.083    132.609    133.490    19.7143    19.7197   4.946264   4.946849     1.9341     1.5958       5.18   22.65956  -90.28784    0.00013    0.00013          1  0.000e+00
      16204    675.125    132.609    133.490    19.7141    19.7199   4.946257   4.946849     1.9341     1.5958       5.18   22.65956  -90.28784    0.00013    0.00014          1  0.000e+00
      16205    675.167    132.609    133.490    19.7143    19.7202   4.946257   4.946827     1.9328     1.5958       5.18   22.65956  -90.28784    0.00012    0.00015          1  0.000e+00
      16206    675.208    132.623    133.503    19.7141    19.7206   4.946257   4.946842     1.9341     1.5958       5.18   22.65956  -90.28784    0.00013    0.00015          1  0.000e+00
      16207    675.250    132.562    133.442    19.7139    19.7209   4.946220   4.946827     1.9341     1.5958       5.18   22.65956  -90.28784    0.00013    0.00015          1  0.000e+00
      16208    675.292    132.664    133.544    19.7145    19.7204   4.946249   4.946842     1.9328     1.5946       5.18   22.65956  -90.28784    0.00012    0.00013          1  0.000e+00
      16209    675.333    132.609    133.490    19.7143    19.7195   4.946316   4.946827     1.9328     1.5958       5.18   22.65956  -90.28784    0.00013    0.00012          1  0.000e+00
      16210    675.375    132.609    133.490    19.7145    19.7181   4.946271   4.946804     1.9341     1.5958       5.18   22.65956  -90.28784    0.00014    0.00012          1  0.000e+00
      16211    675.417    132.609    133.490    19.7145    19.7178   4.946294   4.946789     1.9328     1.5946       5.18   22.65956  -90.28784    0.00012    0.00010          1  0.000e+00
      16212    675.458    132.609    133.490    19.7141    19.7180   4.946235   4.946797     1.9341     1.5958       5.18   22.65956  -90.28784    0.00015    0.00010          1  0.000e+00
      16213    675.500    132.609    133.490    19.7139    19.7180   4.946212   4.946789     1.9328     1.5958       5.18   22.65956  -90.28784    0.00014    0.00010          1  0.000e+00
      16214    675.542    132.664    133.544    19.7136    19.7176   4.946183   4.946767     1.9341     1.5946       5.18   22.65956  -90.28784    0.00014    0.00008          1  0.000e+00
      16215    675.583    132.609    133.490    19.7138    19.7183   4.946175   4.946804     1.9341     1.5958       5.18   22.65956  -90.28784    0.00015    0.00007          1  0.000e+00
      16216    675.625    132.609    133.490    19.7134    19.7180   4.946205   4.946774     1.9341     1.5958       5.18   22.65956  -90.28784    0.00017    0.00005          1  0.000e+00
      16217    675.667    132.609    133.490    19.7134    19.7178   4.946116   4.946782     1.9341     1.5958       5.18   22.65956  -90.28784    0.00018    0.00005          1  0.000e+00
      16218    675.708    132.664    133.544    19.7132    19.7176   4.946153   4.946737     1.9341     1.5958       5.18   22.65956  -90.28784    0.00018    0.00005          1  0.000e+00
      16219    675.750    132.609    133.490    19.7131    19.7174   4.946175   4.946737     1.9341     1.5958       5.18   22.65956  -90.28784    0.00018    0.00003          1  0.000e+00
      16220    675.792    132.609    133.490    19.7131    19.7171   4.946146   4.946722     1.9341     1.5958       5.18   22.65956  -90.28784    0.00019    0.00003          1  0.000e+00
      16221    675.833    132.664    133.544    19.7132    19.7171   4.946131   4.946737     1.9341     1.5958       5.18   22.65956  -90.28784    0.00019    0.00001          1  0.000e+00
      16222    675.875    132.609    133.490    19.7130    19.7169   4.946131   4.946692     1.9341     1.5958       5.18   22.65956  -90.28784    0.00021    0.00000          1  0.000e+00
      16223    675.917    132.609    133.490    19.7132    19.7169   4.946168   4.946662     1.9341     1.5958       5.18   22.65956  -90.28784    0.00023 -8.792e-07          1  0.000e+00
      16224    675.958    132.664    133.544    19.7131    19.7166   4.946139   4.946610     1.9341     1.5958       5.18   22.65956  -90.28784    0.00024   -0.00000          1  0.000e+00
      16225    676.000    132.664    133.544    19.7131    19.7166   4.946168   4.946640     1.9341     1.5958       5.18   22.65956  -90.28784    0.00024   -0.00001          1  0.000e+00
      16226    676.042    132.609    133.490    19.7132    19.7166   4.946109   4.946640     1.9341     1.5958       5.18   22.65956  -90.28784    0.00024   -0.00001          1  0.000e+00
      16227    676.083    132.664    133.544    19.7131    19.7166   4.946124   4.946595     1.9341     1.5958       5.15   22.65956  -90.28784    0.00025   -0.00003          1  0.000e+00
      16228    676.125    132.609    133.490    19.7132    19.7166   4.946131   4.946625     1.9341     1.5958       5.18   22.65956  -90.28784    0.00025   -0.00003          1  0.000e+00
      16229    676.167    132.711    133.592    19.7132    19.7164   4.946190   4.946602     1.9341     1.5958       5.18   22.65956  -90.28784    0.00025   -0.00006          1  0.000e+00
      16230    676.208    132.609    133.490    19.7137    19.7167   4.946190   4.946617     1.9341     1.5958       5.18   22.65956  -90.28784    0.00027   -0.00008          1  0.000e+00
      16231    676.250    132.664    133.544    19.7143    19.7166   4.946235   4.946662     1.9341     1.5958       5.18   22.65956  -90.28784    0.00027   -0.00010          1  0.000e+00
      16232    676.292    132.664    133.544    19.7150    19.7166   4.946323   4.946632     1.9341     1.5958       5.18   22.65956  -90.28784    0.00027   -0.00010          1  0.000e+00
      16233    676.333    132.609    133.490    19.7150    19.7162   4.946308   4.946632     1.9341     1.5958       5.18   22.65956  -90.28784    0.00027   -0.00011          1  0.000e+00
      16234    676.375    132.711    133.592    19.7150    19.7167   4.946367   4.946655     1.9341     1.5958       5.18   22.65956  -90.28784    0.00029   -0.00011          1  0.000e+00
      16235    676.417    132.664    133.544    19.7150    19.7176   4.946382   4.946640     1.9341     1.5958       5.18   22.65956  -90.28784    0.00029   -0.00012          1  0.000e+00
      16236    676.458    132.664    133.544    19.7150    19.7174   4.946382   4.946685     1.9341     1.5958       5.18   22.65956  -90.28784    0.00029   -0.00012          1  0.000e+00
      16237    676.500    132.664    133.544    19.7150    19.7174   4.946353   4.946685     1.9341     1.5958       5.18   22.65956  -90.28784    0.00029   -0.00013          1  0.000e+00
      16238    676.542    132.609    133.490    19.7152    19.7181   4.946367   4.946700     1.9341     1.5958       5.18   22.65956  -90.28784    0.00029   -0.00013          1  0.000e+00
      16239    676.583    132.772    133.653    19.7153    19.7181   4.946382   4.946715     1.9328     1.5958       5.15   22.65956  -90.28784    0.00027   -0.00014          1  0.000e+00
      16240    676.625    132.609    133.490    19.7155    19.7176   4.946382   4.946677     1.9341     1.5958       5.18   22.65956  -90.28784    0.00027   -0.00014          1  0.000e+00
      16241    676.667    132.711    133.592    19.7155    19.7169   4.946419   4.946580     1.9341     1.5958       5.18   22.65956  -90.28784    0.00027   -0.00015          1  0.000e+00
      16242    676.708    132.711    133.592    19.7153    19.7162   4.946426   4.946573     1.9328     1.5971       5.18   22.65956  -90.28784    0.00025   -0.00013          1  0.000e+00
      16243    676.750    132.664    133.544    19.7157    19.7153   4.946389   4.946498     1.9341     1.5958       5.18   22.65956  -90.28784    0.00024   -0.00014          1  0.000e+00
      16244    676.792    132.664    133.544    19.7155    19.7150   4.946448   4.946520     1.9341     1.5958       5.15   22.65956  -90.28784    0.00024   -0.00014          1  0.000e+00
      16245    676.833    132.711    133.592    19.7157    19.7155   4.946404   4.946513     1.9328     1.5958       5.18   22.65956  -90.28784    0.00020   -0.00015          1  0.000e+00
      16246    676.875    132.711    133.592    19.7157    19.7153   4.946419   4.946498     1.9328     1.5958       5.18   22.65956  -90.28784    0.00018   -0.00015          1  0.000e+00
      16247    676.917    132.664    133.544    19.7158    19.7153   4.946389   4.946543     1.9328     1.5971       5.15   22.65956  -90.28784    0.00016   -0.00014          1  0.000e+00
      16248    676.958    132.711    133.592    19.7155    19.7153   4.946353   4.946513     1.9328     1.5958       5.18   22.65956  -90.28784    0.00014   -0.00015          1  0.000e+00
      16249    677.000    132.664    133.544    19.7155    19.7157   4.946404   4.946543     1.9328     1.5971       5.18   22.65956  -90.28784    0.00014   -0.00013          1  0.000e+00
      16250    677.042    132.711    133.592    19.7157    19.7157   4.946389   4.946573     1.9328     1.5958       5.15   22.65956  -90.28784    0.00012   -0.00014          1  0.000e+00
      16251    677.083    132.711    133.592    19.7157    19.7158   4.946382   4.946587     1.9328     1.5971       5.13   22.65956  -90.28784    0.00010   -0.00013          1  0.000e+00
      16252    677.125    132.711    133.592    19.7155    19.7157   4.946345   4.946550     1.9328     1.5971       5.10   22.65956  -90.28784    0.00008   -0.00012          1  0.000e+00
      16253    677.167    132.711    133.592    19.7155    19.7155   4.946375   4.946550     1.9328     1.5971       5.10   22.65956  -90.28784    0.00008   -0.00010          1  0.000e+00
      16254    677.208    132.711    133.592    19.7153    19.7153   4.946345   4.946535     1.9328     1.5971       5.10   22.65956  -90.28784    0.00006   -0.00009          1  0.000e+00
      16255    677.250    132.711    133.592    19.7153    19.7153   4.946338   4.946513     1.9341     1.5971       5.10   22.65956  -90.28784    0.00006   -0.00008          1  0.000e+00
      16256    677.292    132.664    133.544    19.7153    19.7155   4.946338   4.946498     1.9328     1.5971       5.10   22.65956  -90.28784    0.00005   -0.00007          1  0.000e+00
      16257    677.333    132.759    133.640    19.7152    19.7157   4.946338   4.946543     1.9328     1.5971       5.10   22.65956  -90.28784    0.00003   -0.00005          1  0.000e+00
      16258    677.375    132.664    133.544    19.7152    19.7160   4.946375   4.946535     1.9328     1.5971       5.10   22.65956  -90.28784    0.00001   -0.00004          1  0.000e+00
      16259    677.417    132.759    133.640    19.7153    19.7160   4.946323   4.946550     1.9328     1.5971       5.10   22.65956  -90.28784   -0.00001   -0.00001          1  0.000e+00
      16260    677.458    132.711    133.592    19.7151    19.7162   4.946367   4.946535     1.9328     1.5971       5.10   22.65956  -90.28784   -0.00002    0.00002          1  0.000e+00
      16261    677.500    132.711    133.592    19.7153    19.7164   4.946345   4.946580     1.9328     1.5971       5.10   22.65956  -90.28784   -0.00004    0.00005          1  0.000e+00
      16262    677.542    132.711    133.592    19.7152    19.7171   4.946338   4.946617     1.9328     1.5971       5.10   22.65956  -90.28784   -0.00006    0.00007          1  0.000e+00
      16263    677.583    132.711    133.592    19.7153    19.7178   4.946375   4.946632     1.9328     1.5971       5.10   22.65956  -90.28784   -0.00007    0.00010          1  0.000e+00
      16264    677.625    132.711    133.592    19.7151    19.7178   4.946323   4.946655     1.9328     1.5971       5.10   22.65956  -90.28784   -0.00007    0.00011          1  0.000e+00
      16265    677.667    132.711    133.592    19.7152    19.7172   4.946367   4.946670     1.9328     1.5971       5.10   22.65956  -90.28784   -0.00009    0.00014          1  0.000e+00
      16266    677.708    132.711    133.592    19.7150    19.7169   4.946323   4.946632     1.9328     1.5971       5.10   22.65956  -90.28784   -0.00011    0.00016          1  0.000e+00
      16267    677.750    132.711    133.592    19.7150    19.7169   4.946301   4.946535     1.9328     1.5971       5.10   22.65956  -90.28784   -0.00012    0.00017          1  0.000e+00
      16268    677.792    132.711    133.592    19.7150    19.7166   4.946330   4.946528     1.9328     1.5971       5.10   22.65956  -90.28784   -0.00013    0.00020          1  0.000e+00
      16269    677.833    132.711    133.592    19.7150    19.7164   4.946338   4.946513     1.9328     1.5971       5.08   22.65956  -90.28784   -0.00014    0.00022          1  0.000e+00
