GOMECC/GOMECC-4/1db/rb2103_1001.ros
* Sea-Bird SBE 9 Data File:
* FileName = C:\Users\scs.user.rb\CTD\GOMECC4\data\rb2103_1001.hex
* Software Version Seasave V 7.26.7.107
* Temperature SN = 4799
* Conductivity SN = 3860
* Number of Bytes Per Scan = 41
* Number of Voltage Words = 4
* Number of Scans Averaged by the Deck Unit = 1
* NMEA Latitude = 22 32.53 N
* NMEA Longitude = 088 00.00 W
* NMEA UTC (Time) = Oct 12 2021  13:22:20
* NMEA baud rate = 4800
# nquan = 17
# nvalues = 1596                                  
# units = specified
# name 0 = scan: Scan Count
# name 1 = timeS: Time, Elapsed [seconds]
# name 2 = depSM: Depth [salt water, m]
# name 3 = prDM: Pressure, Digiquartz [db]
# name 4 = t090C: Temperature [ITS-90, deg C]
# name 5 = t190C: Temperature, 2 [ITS-90, deg C]
# name 6 = c0S/m: Conductivity [S/m]
# name 7 = c1S/m: Conductivity, 2 [S/m]
# name 8 = sbeox0V: Oxygen raw, SBE 43 [V]
# name 9 = sbeox1V: Oxygen raw, SBE 43, 2 [V]
# name 10 = altM: Altimeter [m]
# name 11 = latitude: Latitude [deg]
# name 12 = longitude: Longitude [deg]
# name 13 = sbox0dV/dT: Oxygen, SBE 43 [dov/dt]
# name 14 = sbox1dV/dT: Oxygen, SBE 43, 2 [dov/dt]
# name 15 = nbf: Bottles Fired
# name 16 = flag:  0.000e+00
# interval = seconds: 0.0416667
# start_time = Oct 12 2021 13:22:20 [NMEA time, header]
# bad_flag = -9.990e-29
*END*
[from data line 766]
      23436    976.458     29.637     29.826    25.9607    25.9892   5.618617   5.621250     3.2137     2.7326      23.20   22.54238  -88.00094    0.00234    0.00166          6  0.000e+00
      23437    976.500     29.556     29.744    25.9616    25.9905   5.618719   5.621203     3.2125     2.7326      23.20   22.54238  -88.00094    0.00234    0.00170          6  0.000e+00
      23438    976.542     29.691     29.880    25.9621    25.9916   5.618789   5.621219     3.2137     2.7326      23.17   22.54238  -88.00094    0.00234    0.00174          6  0.000e+00
      23439    976.583     29.637     29.826    25.9630    25.9925   5.618874   5.621227     3.2125     2.7326      23.17   22.54238  -88.00094    0.00234    0.00177          6  0.000e+00
      23440    976.625     29.603     29.792    25.9638    25.9930   5.618898   5.621227     3.2125     2.7326      23.17   22.54238  -88.00094    0.00234    0.00180          6  0.000e+00
      23441    976.667     29.637     29.826    25.9650    25.9941   5.618960   5.621235     3.2125     2.7326      23.20   22.54238  -88.00094    0.00234    0.00184          6  0.000e+00
      23442    976.708     29.603     29.792    25.9654    25.9938   5.618944   5.621234     3.2125     2.7338      23.20   22.54238  -88.00094    0.00233    0.00189          6  0.000e+00
      23443    976.750     29.637     29.826    25.9667    25.9939   5.619038   5.621258     3.2125     2.7338      23.20   22.54238  -88.00094    0.00232    0.00193          6  0.000e+00
      23444    976.792     29.603     29.792    25.9672    25.9954   5.619123   5.621305     3.2112     2.7326      23.20   22.54238  -88.00094    0.00228    0.00196          6  0.000e+00
      23445    976.833     29.589     29.778    25.9679    25.9960   5.619162   5.621321     3.2112     2.7326      23.17   22.54238  -88.00094    0.00223    0.00199          6  0.000e+00
      23446    976.875     29.650     29.839    25.9681    25.9965   5.619170   5.621250     3.2112     2.7326      23.20   22.54238  -88.00094    0.00219    0.00201          6  0.000e+00
      23447    976.917     29.589     29.778    25.9685    25.9963   5.619271   5.621195     3.2112     2.7314      23.20   22.54238  -88.00094    0.00214    0.00202          6  0.000e+00
      23448    976.958     29.603     29.792    25.9685    25.9960   5.619310   5.621187     3.2100     2.7314      23.20   22.54238  -88.00094    0.00207    0.00204          6  0.000e+00
      23449    977.000     29.637     29.826    25.9695    25.9956   5.619341   5.621108     3.2112     2.7314      23.20   22.54238  -88.00094    0.00202    0.00206          6  0.000e+00
      23450    977.042     29.589     29.778    25.9699    25.9947   5.619427   5.620982     3.2100     2.7302      23.20   22.54238  -88.00094    0.00195    0.00207          6  0.000e+00
      23451    977.083     29.603     29.792    25.9705    25.9925   5.619481   5.620777     3.2100     2.7302      23.20   22.54238  -88.00094    0.00188    0.00207          6  0.000e+00
      23452    977.125     29.589     29.778    25.9721    25.9918   5.619505   5.620477     3.2088     2.7289      23.20   22.54238  -88.00094    0.00180    0.00206          6  0.000e+00
      23453    977.167     29.650     29.839    25.9728    25.9907   5.619567   5.620177     3.2088     2.7289      23.17   22.54238  -88.00094    0.00171    0.00206          6  0.000e+00
      23454    977.208     29.589     29.778    25.9732    25.9903   5.619590   5.620043     3.2088     2.7289      23.20   22.54238  -88.00094    0.00162    0.00205          6  0.000e+00
      23455    977.250     29.603     29.792    25.9739    25.9906   5.619660   5.620059     3.2088     2.7277      23.20   22.54238  -88.00094    0.00153    0.00202          6  0.000e+00
      23456    977.292     29.589     29.778    25.9744    25.9906   5.619715   5.620035     3.2076     2.7277      23.17   22.54238  -88.00094    0.00142    0.00199          6  0.000e+00
      23457    977.333     29.603     29.792    25.9748    25.9911   5.619762   5.620019     3.2076     2.7277      23.20   22.54238  -88.00094    0.00131    0.00195          6  0.000e+00
      23458    977.375     29.637     29.826    25.9753    25.9914   5.619801   5.619885     3.2076     2.7277      23.17   22.54238  -88.00094    0.00120    0.00191          6  0.000e+00
      23459    977.417     29.556     29.744    25.9759    25.9887   5.619886   5.619846     3.2076     2.7277      23.17   22.54238  -88.00094    0.00109    0.00186          6  0.000e+00
      23460    977.458     29.589     29.778    25.9768    25.9845   5.619941   5.619735     3.2076     2.7277      23.20   22.54238  -88.00094    0.00098    0.00181          6  0.000e+00
      23461    977.500     29.637     29.826    25.9784    25.9836   5.620003   5.619727     3.2076     2.7277      23.20   22.54238  -88.00094    0.00087    0.00175          6  0.000e+00
      23462    977.542     29.556     29.744    25.9799    25.9839   5.620073   5.619577     3.2076     2.7277      23.17   22.54238  -88.00094    0.00077    0.00166          6  0.000e+00
      23463    977.583     29.589     29.778    25.9799    25.9821   5.620096   5.619412     3.2076     2.7277      23.20   22.54238  -88.00094    0.00066    0.00160          6  0.000e+00
      23464    977.625     29.603     29.792    25.9797    25.9814   5.620096   5.618923     3.2063     2.7277      23.20   22.54238  -88.00094    0.00053    0.00151          6  0.000e+00
      23465    977.667     29.637     29.826    25.9799    25.9820   5.620198   5.618702     3.2076     2.7277      23.17   22.54238  -88.00094    0.00042    0.00143          6  0.000e+00
      23466    977.708     29.556     29.744    25.9804    25.9843   5.620236   5.618922     3.2076     2.7277      23.20   22.54238  -88.00094    0.00031    0.00134          6  0.000e+00
      23467    977.750     29.589     29.778    25.9806    25.9874   5.620307   5.619317     3.2076     2.7277      23.17   22.54238  -88.00094    0.00020    0.00125          6  0.000e+00
      23529    980.333     29.501     29.689    25.9603    25.9867   5.618384   5.620745     3.2088     2.7326      23.15   22.54238  -88.00094    0.00001    0.00082          7  0.000e+00
      23530    980.375     29.542     29.730    25.9603    25.9845   5.618415   5.620374     3.2100     2.7326      23.15   22.54238  -88.00094    0.00006    0.00086          7  0.000e+00
      23531    980.417     29.542     29.730    25.9609    25.9807   5.618392   5.619980     3.2100     2.7326      23.17   22.54238  -88.00094    0.00009    0.00091          7  0.000e+00
      23532    980.458     29.704     29.894    25.9600    25.9751   5.618415   5.619751     3.2088     2.7326      23.17   22.54238  -88.00094    0.00012    0.00096          7  0.000e+00
      23533    980.500     29.636     29.825    25.9587    25.9748   5.618291   5.619838     3.2088     2.7326      23.17   22.54238  -88.00094    0.00015    0.00101          7  0.000e+00
      23534    980.542     29.603     29.791    25.9576    25.9783   5.618244   5.619925     3.2088     2.7326      23.17   22.54238  -88.00094    0.00017    0.00105          7  0.000e+00
      23535    980.583     29.691     29.880    25.9571    25.9805   5.618244   5.619870     3.2088     2.7326      23.15   22.54238  -88.00094    0.00021    0.00110          7  0.000e+00
      23536    980.625     29.650     29.839    25.9564    25.9797   5.618221   5.619775     3.2088     2.7326      23.17   22.54238  -88.00094    0.00024    0.00115          7  0.000e+00
      23537    980.667     29.636     29.825    25.9567    25.9706   5.618267   5.619570     3.2088     2.7326      23.15   22.54238  -88.00094    0.00026    0.00120          7  0.000e+00
      23538    980.708     29.650     29.839    25.9580    25.9630   5.618602   5.619412     3.2088     2.7326      23.17   22.54238  -88.00094    0.00030    0.00124          7  0.000e+00
      23539    980.750     29.636     29.825    25.9587    25.9597   5.618874   5.619065     3.2088     2.7326      23.17   22.54238  -88.00094    0.00032    0.00129          7  0.000e+00
      23540    980.792     29.650     29.839    25.9601    25.9604   5.619038   5.619033     3.2088     2.7338      23.15   22.54238  -88.00094    0.00035    0.00136          7  0.000e+00
      23541    980.833     29.691     29.880    25.9646    25.9612   5.619108   5.619049     3.2088     2.7338      23.15   22.54238  -88.00094    0.00037    0.00142          7  0.000e+00
      23542    980.875     29.650     29.839    25.9661    25.9591   5.618983   5.618915     3.2088     2.7338      23.15   22.54238  -88.00094    0.00040    0.00150          7  0.000e+00
      23543    980.917     29.636     29.825    25.9640    25.9588   5.618765   5.618970     3.2100     2.7338      23.17   22.54238  -88.00094    0.00044    0.00158          7  0.000e+00
      23544    980.958     29.636     29.825    25.9625    25.9648   5.618610   5.619223     3.2088     2.7338      23.17   22.54238  -88.00094    0.00045    0.00165          7  0.000e+00
      23545    981.000     29.650     29.839    25.9610    25.9711   5.618571   5.619554     3.2100     2.7338      23.15   22.54238  -88.00094    0.00048    0.00171          7  0.000e+00
      23546    981.042     29.690     29.880    25.9594    25.9757   5.618532   5.619933     3.2100     2.7338      23.15   22.54238  -88.00094    0.00051    0.00178          7  0.000e+00
      23547    981.083     29.650     29.839    25.9589    25.9786   5.618594   5.620233     3.2100     2.7350      23.17   22.54238  -88.00094    0.00054    0.00184          7  0.000e+00
      23548    981.125     29.636     29.825    25.9609    25.9808   5.618649   5.620406     3.2100     2.7350      23.15   22.54238  -88.00094    0.00055    0.00190          7  0.000e+00
      23549    981.167     29.650     29.839    25.9621    25.9812   5.618695   5.620398     3.2100     2.7350      23.17   22.54238  -88.00094    0.00058    0.00196          7  0.000e+00
      23550    981.208     29.636     29.825    25.9616    25.9806   5.618602   5.620390     3.2100     2.7350      23.17   22.54238  -88.00094    0.00059    0.00200          7  0.000e+00
      23551    981.250     29.650     29.839    25.9600    25.9805   5.618501   5.620430     3.2100     2.7350      23.15   22.54238  -88.00094    0.00060    0.00204          7  0.000e+00
      23552    981.292     29.690     29.880    25.9596    25.9803   5.618477   5.620406     3.2100     2.7350      23.15   22.54238  -88.00094    0.00059    0.00206          7  0.000e+00
      23553    981.333     29.650     29.839    25.9589    25.9836   5.618438   5.620398     3.2100     2.7350      23.17   22.54238  -88.00094    0.00059    0.00208          7  0.000e+00
      23554    981.375     29.636     29.825    25.9584    25.9851   5.618431   5.620635     3.2100     2.7350      23.15   22.54238  -88.00094    0.00058    0.00210          7  0.000e+00
      23555    981.417     29.690     29.880    25.9587    25.9852   5.618501   5.620824     3.2100     2.7350      23.15   22.54238  -88.00094    0.00057    0.00210          7  0.000e+00
      23556    981.458     29.650     29.839    25.9601    25.9841   5.618485   5.620958     3.2100     2.7350      23.15   22.54238  -88.00094    0.00055    0.00210          7  0.000e+00
      23557    981.500     29.636     29.825    25.9600    25.9867   5.618508   5.621069     3.2112     2.7350      23.15   22.54238  -88.00094    0.00054    0.00209          7  0.000e+00
      23558    981.542     29.650     29.839    25.9594    25.9883   5.618493   5.621156     3.2100     2.7350      23.15   22.54238  -88.00094    0.00051    0.00208          7  0.000e+00
      23559    981.583     29.636     29.825    25.9578    25.9897   5.618477   5.621219     3.2100     2.7350      23.15   22.54238  -88.00094    0.00048    0.00207          7  0.000e+00
      23560    981.625     29.650     29.839    25.9584    25.9903   5.618438   5.621329     3.2100     2.7350      23.15   22.54238  -88.00094    0.00046    0.00206          7  0.000e+00
      23561    981.667     29.690     29.880    25.9591    25.9910   5.618501   5.621400     3.2100     2.7350      23.15   22.54238  -88.00094    0.00043    0.00204          7  0.000e+00
      23562    981.708     29.650     29.839    25.9594    25.9934   5.618524   5.621519     3.2112     2.7350      23.15   22.54238  -88.00094    0.00041    0.00203          7  0.000e+00
      23563    981.750     29.636     29.825    25.9600    25.9949   5.618594   5.621621     3.2100     2.7350      23.15   22.54238  -88.00094    0.00038    0.00201          7  0.000e+00
      23564    981.792     29.650     29.839    25.9603    25.9952   5.618579   5.621716     3.2100     2.7350      23.15   22.54238  -88.00094    0.00033    0.00199          7  0.000e+00
      23565    981.833     29.690     29.880    25.9614    25.9945   5.618571   5.621598     3.2100     2.7350      23.15   22.54238  -88.00094    0.00030    0.00197          7  0.000e+00
      23566    981.875     29.636     29.825    25.9612    25.9960   5.618672   5.621448     3.2100     2.7350      23.15   22.54238  -88.00094    0.00027    0.00194          7  0.000e+00
      23567    981.917     29.602     29.791    25.9616    25.9945   5.618742   5.621203     3.2100     2.7350      23.15   22.54238  -88.00094    0.00023    0.00191          7  0.000e+00
      23568    981.958     29.690     29.880    25.9621    25.9921   5.618789   5.621069     3.2100     2.7350      23.15   22.54238  -88.00094    0.00020    0.00188          7  0.000e+00
      23569    982.000     29.650     29.839    25.9623    25.9925   5.618835   5.621148     3.2100     2.7350      23.15   22.54238  -88.00094    0.00015    0.00185          7  0.000e+00
      23570    982.042     29.636     29.825    25.9629    25.9938   5.618882   5.621282     3.2088     2.7350      23.15   22.54238  -88.00094    0.00009    0.00182          7  0.000e+00
      23571    982.083     29.650     29.839    25.9630    25.9949   5.618991   5.621463     3.2088     2.7350      23.15   22.54238  -88.00094    0.00004    0.00178          7  0.000e+00
      23572    982.125     29.690     29.880    25.9641    25.9968   5.619030   5.621676     3.2088     2.7350      23.15   22.54238  -88.00094   -0.00002    0.00173          7  0.000e+00
      23573    982.167     29.602     29.791    25.9645    25.9984   5.619038   5.621834     3.2100     2.7350      23.15   22.54238  -88.00094   -0.00005    0.00167          7  0.000e+00
      23574    982.208     29.636     29.825    25.9650    25.9998   5.619139   5.621976     3.2100     2.7350      23.15   22.54238  -88.00094   -0.00008    0.00161          7  0.000e+00
      23575    982.250     29.704     29.893    25.9661    26.0012   5.619170   5.622087     3.2088     2.7338      23.13   22.54238  -88.00094   -0.00015    0.00153          7  0.000e+00
      23576    982.292     29.589     29.777    25.9672    26.0036   5.619310   5.622142     3.2100     2.7338      23.15   22.54238  -88.00094   -0.00019    0.00145          7  0.000e+00
      23577    982.333     29.690     29.880    25.9679    26.0058   5.619388   5.622252     3.2100     2.7338      23.15   22.54238  -88.00094   -0.00023    0.00136          7  0.000e+00
      23578    982.375     29.650     29.839    25.9690    26.0061   5.619505   5.622292     3.2100     2.7338      23.15   22.54238  -88.00094   -0.00027    0.00130          7  0.000e+00
      23579    982.417     29.589     29.777    25.9708    26.0076   5.619684   5.622292     3.2100     2.7338      23.13   22.54238  -88.00094   -0.00029    0.00121          7  0.000e+00
      23580    982.458     29.650     29.839    25.9714    26.0079   5.619692   5.622252     3.2100     2.7338      23.15   22.54238  -88.00094   -0.00032    0.00113          7  0.000e+00
      23581    982.500     29.636     29.825    25.9725    26.0074   5.619793   5.622244     3.2112     2.7338      23.15   22.54238  -88.00094   -0.00032    0.00104          7  0.000e+00
