GOMECC/GOMECC-4/1db/rb2103_0271.ros
* Sea-Bird SBE 9 Data File:
* FileName = C:\Users\scs.user.rb\CTD\GOMECC4\data\rb2103_0271.hex
* Software Version Seasave V 7.26.7.107
* Temperature SN = 4799
* Conductivity SN = 3860
* Number of Bytes Per Scan = 41
* Number of Voltage Words = 4
* Number of Scans Averaged by the Deck Unit = 1
* NMEA Latitude = 28 10.29 N
* NMEA Longitude = 086 28.83 W
* NMEA UTC (Time) = Sep 21 2021  14:01:03
* NMEA baud rate = 4800
# nquan = 17
# nvalues = 2394                                  
# units = specified
# name 0 = scan: Scan Count
# name 1 = timeS: Time, Elapsed [seconds]
# name 2 = depSM: Depth [salt water, m]
# name 3 = prDM: Pressure, Digiquartz [db]
# name 4 = t090C: Temperature [ITS-90, deg C]
# name 5 = t190C: Temperature, 2 [ITS-90, deg C]
# name 6 = c0S/m: Conductivity [S/m]
# name 7 = c1S/m: Conductivity, 2 [S/m]
# name 8 = sbeox0V: Oxygen raw, SBE 43 [V]
# name 9 = sbeox1V: Oxygen raw, SBE 43, 2 [V]
# name 10 = altM: Altimeter [m]
# name 11 = latitude: Latitude [deg]
# name 12 = longitude: Longitude [deg]
# name 13 = sbox0dV/dT: Oxygen, SBE 43 [dov/dt]
# name 14 = sbox1dV/dT: Oxygen, SBE 43, 2 [dov/dt]
# name 15 = nbf: Bottles Fired
# name 16 = flag:  0.000e+00
# interval = seconds: 0.0416667
# start_time = Sep 21 2021 14:01:03 [NMEA time, header]
# bad_flag = -9.990e-29
*END*
[from data line 1958]
      82147   3422.750     34.911     35.148    28.7533    28.7663   5.805774   5.807757     3.1111     2.6349     100.00   28.16946  -86.47928   -0.00020   -0.00196         15  0.000e+00
      82148   3422.792     34.911     35.148    28.7533    28.7663   5.805680   5.807765     3.1111     2.6349     100.00   28.16946  -86.47930   -0.00013   -0.00183         15  0.000e+00
      82149   3422.833     34.851     35.087    28.7533    28.7660   5.805672   5.807621     3.1111     2.6349     100.00   28.16946  -86.47930   -0.00006   -0.00169         15  0.000e+00
      82150   3422.875     34.911     35.148    28.7535    28.7655   5.805695   5.807541     3.1111     2.6349     100.00   28.16946  -86.47930    0.00002   -0.00157         15  0.000e+00
      82151   3422.917     34.851     35.087    28.7535    28.7655   5.805703   5.807485     3.1099     2.6349     100.00   28.16946  -86.47930    0.00006   -0.00143         15  0.000e+00
      82152   3422.958     34.851     35.087    28.7536    28.7651   5.805703   5.807309     3.1099     2.6349     100.00   28.16946  -86.47930    0.00011   -0.00129         15  0.000e+00
      82153   3423.000     34.911     35.148    28.7536    28.7640   5.805719   5.807093     3.1111     2.6349     100.00   28.16946  -86.47930    0.00017   -0.00115         15  0.000e+00
      82154   3423.042     34.851     35.087    28.7535    28.7625   5.805743   5.806797     3.1123     2.6349     100.00   28.16946  -86.47930    0.00025   -0.00101         15  0.000e+00
      82155   3423.083     34.911     35.148    28.7536    28.7601   5.805751   5.806613     3.1111     2.6349     100.00   28.16946  -86.47930    0.00032   -0.00086         15  0.000e+00
      82156   3423.125     34.851     35.087    28.7536    28.7599   5.805782   5.806645     3.1111     2.6349     100.00   28.16946  -86.47930    0.00040   -0.00073         15  0.000e+00
      82157   3423.167     34.911     35.148    28.7536    28.7605   5.805774   5.806781     3.1111     2.6349     100.00   28.16946  -86.47930    0.00046   -0.00060         15  0.000e+00
      82158   3423.208     34.851     35.088    28.7536    28.7608   5.805822   5.806917     3.1111     2.6337     100.00   28.16946  -86.47930    0.00052   -0.00046         15  0.000e+00
      82159   3423.250     34.851     35.088    28.7535    28.7614   5.805806   5.807093     3.1111     2.6337     100.00   28.16946  -86.47930    0.00058   -0.00033         15  0.000e+00
      82160   3423.292     34.851     35.088    28.7529    28.7620   5.805869   5.807221     3.1111     2.6337     100.00   28.16946  -86.47930    0.00064   -0.00019         15  0.000e+00
      82161   3423.333     34.851     35.088    28.7527    28.7629   5.805940   5.807309     3.1111     2.6337     100.00   28.16946  -86.47930    0.00070   -0.00005         15  0.000e+00
      82162   3423.375     34.911     35.148    28.7527    28.7638   5.805980   5.807413     3.1111     2.6337     100.00   28.16946  -86.47930    0.00074    0.00009         15  0.000e+00
      82163   3423.417     34.851     35.088    28.7529    28.7645   5.805948   5.807469     3.1111     2.6325     100.00   28.16946  -86.47930    0.00079    0.00020         15  0.000e+00
      82164   3423.458     34.851     35.088    28.7535    28.7651   5.805972   5.807509     3.1111     2.6337     100.00   28.16946  -86.47930    0.00083    0.00033         15  0.000e+00
      82165   3423.500     34.851     35.088    28.7540    28.7652   5.806074   5.807493     3.1111     2.6337     100.00   28.16946  -86.47930    0.00088    0.00046         15  0.000e+00
      82166   3423.542     34.851     35.088    28.7521    28.7649   5.806090   5.807437     3.1111     2.6337     100.00   28.16946  -86.47930    0.00092    0.00059         15  0.000e+00
      82167   3423.583     34.911     35.149    28.7521    28.7642   5.806090   5.807437     3.1099     2.6325     100.00   28.16946  -86.47930    0.00093    0.00067         15  0.000e+00
      82168   3423.625     34.851     35.088    28.7503    28.7636   5.806122   5.807325     3.1099     2.6337     100.00   28.16946  -86.47930    0.00094    0.00079         15  0.000e+00
      82169   3423.667     34.851     35.088    28.7496    28.7634   5.806185   5.807317     3.1099     2.6337     100.00   28.16946  -86.47930    0.00093    0.00089         15  0.000e+00
      82170   3423.708     34.798     35.035    28.7503    28.7630   5.806224   5.807309     3.1099     2.6349     100.00   28.16946  -86.47930    0.00092    0.00101         15  0.000e+00
      82171   3423.750     34.851     35.088    28.7512    28.7627   5.806161   5.807325     3.1099     2.6349     100.00   28.16946  -86.47930    0.00091    0.00111         15  0.000e+00
      82172   3423.792     34.874     35.111    28.7507    28.7623   5.806066   5.807269     3.1087     2.6349     100.00   28.16946  -86.47930    0.00086    0.00121         15  0.000e+00
      82173   3423.833     34.851     35.088    28.7512    28.7623   5.806019   5.807237     3.1087     2.6349     100.00   28.16946  -86.47930    0.00082    0.00130         15  0.000e+00
      82174   3423.875     34.798     35.035    28.7496    28.7625   5.805845   5.807197     3.1087     2.6349     100.00   28.16946  -86.47930    0.00079    0.00138         15  0.000e+00
      82175   3423.917     34.851     35.088    28.7468    28.7625   5.805727   5.807125     3.1087     2.6349     100.00   28.16946  -86.47930    0.00074    0.00145         15  0.000e+00
      82176   3423.958     34.851     35.088    28.7459    28.7619   5.805703   5.807061     3.1087     2.6349     100.00   28.16946  -86.47930    0.00069    0.00152         15  0.000e+00
      82177   3424.000     34.851     35.088    28.7465    28.7615   5.805577   5.807021     3.1087     2.6349     100.00   28.16946  -86.47930    0.00065    0.00156         15  0.000e+00
      82178   3424.042     34.798     35.035    28.7469    28.7610   5.805482   5.806933     3.1087     2.6349     100.00   28.16946  -86.47930    0.00060    0.00161         15  0.000e+00
      82179   3424.083     34.851     35.088    28.7472    28.7604   5.805427   5.806981     3.1087     2.6349     100.00   28.16946  -86.47930    0.00055    0.00164         15  0.000e+00
      82180   3424.125     34.851     35.088    28.7479    28.7601   5.805419   5.806861     3.1087     2.6349     100.00   28.16946  -86.47930    0.00050    0.00167         15  0.000e+00
      82181   3424.167     34.798     35.035    28.7498    28.7598   5.805435   5.806813     3.1087     2.6349     100.00   28.16946  -86.47930    0.00046    0.00168         15  0.000e+00
      82182   3424.208     34.851     35.088    28.7507    28.7592   5.805388   5.806669     3.1087     2.6349     100.00   28.16946  -86.47930    0.00041    0.00171         15  0.000e+00
      82183   3424.250     34.798     35.035    28.7503    28.7579   5.805443   5.806477     3.1087     2.6349     100.00   28.16946  -86.47930    0.00034    0.00171         15  0.000e+00
      84249   3510.333     19.759     19.893    29.1076    29.1183   5.670347   5.670011     3.0977     2.6264     100.00   28.16948  -86.47932   -0.00026    0.00043         16  0.000e+00
      84250   3510.375     19.842     19.976    29.1142    29.1155   5.670535   5.669639     3.0977     2.6276     100.00   28.16948  -86.47932   -0.00026    0.00047         16  0.000e+00
      84251   3510.417     19.956     20.090    29.1190    29.1131   5.670667   5.669465     3.0977     2.6276     100.00   28.16948  -86.47932   -0.00027    0.00050         16  0.000e+00
      84252   3510.458     19.956     20.090    29.1144    29.1114   5.670511   5.669251     3.0965     2.6276     100.00   28.16948  -86.47932   -0.00029    0.00052         16  0.000e+00
      84253   3510.500     19.925     20.060    29.1115    29.1103   5.670347   5.669156     3.0965     2.6276     100.00   28.16948  -86.47932   -0.00030    0.00056         16  0.000e+00
      84254   3510.542     19.895     20.030    29.1118    29.1096   5.670175   5.668998     3.0977     2.6276     100.00   28.16948  -86.47932   -0.00031    0.00059         16  0.000e+00
      84255   3510.583     19.895     20.030    29.1119    29.1092   5.670019   5.668855     3.0977     2.6276     100.00   28.16948  -86.47932   -0.00031    0.00063         16  0.000e+00
      84256   3510.625     19.925     20.060    29.1122    29.1090   5.670019   5.668681     3.0977     2.6276     100.00   28.16948  -86.47932   -0.00030    0.00066         16  0.000e+00
      84257   3510.667     19.956     20.090    29.1117    29.1098   5.670035   5.668570     3.0977     2.6276     100.00   28.16948  -86.47932   -0.00029    0.00070         16  0.000e+00
      84258   3510.708     19.895     20.030    29.1096    29.1101   5.669964   5.668459     3.0977     2.6276     100.00   28.16948  -86.47932   -0.00027    0.00071         16  0.000e+00
      84259   3510.750     19.956     20.091    29.1085    29.1083   5.669910   5.668309     3.0977     2.6276     100.00   28.16948  -86.47932   -0.00028    0.00073         16  0.000e+00
      84260   3510.792     19.925     20.060    29.1070    29.1068   5.669972   5.668127     3.0989     2.6276     100.00   28.16948  -86.47930   -0.00025    0.00074         16  0.000e+00
      84261   3510.833     19.895     20.030    29.1061    29.1062   5.669925   5.668008     3.0989     2.6288     100.00   28.16948  -86.47930   -0.00022    0.00077         16  0.000e+00
      84262   3510.875     19.956     20.091    29.1084    29.1066   5.669925   5.667754     3.0977     2.6288     100.00   28.16948  -86.47930   -0.00020    0.00080         16  0.000e+00
      84263   3510.917     19.926     20.060    29.1109    29.1074   5.669870   5.667343     3.0989     2.6288     100.00   28.16948  -86.47930   -0.00017    0.00082         16  0.000e+00
      84264   3510.958     19.895     20.030    29.1122    29.1070   5.669784   5.666954     3.0989     2.6288     100.00   28.16948  -86.47930   -0.00016    0.00085         16  0.000e+00
      84265   3511.000     19.895     20.030    29.1120    29.1074   5.669691   5.666693     3.0989     2.6288     100.00   28.16948  -86.47930   -0.00013    0.00087         16  0.000e+00
      84266   3511.042     19.956     20.091    29.1065    29.1064   5.669527   5.666471     3.1001     2.6288     100.00   28.16948  -86.47930   -0.00008    0.00089         16  0.000e+00
      84267   3511.083     19.865     19.999    29.1017    29.1051   5.669441   5.666376     3.0989     2.6288     100.00   28.16948  -86.47930   -0.00005    0.00091         16  0.000e+00
      84268   3511.125     19.956     20.091    29.0988    29.1053   5.669324   5.666424     3.0989     2.6288     100.00   28.16948  -86.47930   -0.00002    0.00093         16  0.000e+00
      84269   3511.167     19.895     20.030    29.0953    29.1055   5.669292   5.666392     3.1001     2.6288     100.00   28.16948  -86.47930    0.00003    0.00095         16  0.000e+00
      84270   3511.208     19.926     20.060    29.0938    29.1059   5.669152   5.666400     3.1001     2.6288     100.00   28.16948  -86.47930    0.00007    0.00097         16  0.000e+00
      84271   3511.250     19.956     20.091    29.0924    29.1053   5.669035   5.666226     3.1001     2.6288     100.00   28.16948  -86.47930    0.00012    0.00098         16  0.000e+00
      84272   3511.292     19.895     20.030    29.0931    29.1044   5.668941   5.666170     3.1001     2.6288     100.00   28.16948  -86.47930    0.00017    0.00100         16  0.000e+00
      84273   3511.333     19.895     20.030    29.0949    29.1038   5.668886   5.666463     3.1001     2.6288     100.00   28.16948  -86.47930    0.00023    0.00101         16  0.000e+00
      84274   3511.375     19.926     20.060    29.0958    29.1047   5.668831   5.666725     3.1001     2.6276     100.00   28.16948  -86.47930    0.00028    0.00100         16  0.000e+00
      84275   3511.417     19.896     20.030    29.0958    29.1051   5.668753   5.666915     3.1013     2.6276     100.00   28.16948  -86.47930    0.00034    0.00099         16  0.000e+00
      84276   3511.458     19.956     20.091    29.0924    29.1066   5.668691   5.667224     3.1001     2.6276     100.00   28.16948  -86.47930    0.00039    0.00099         16  0.000e+00
      84277   3511.500     19.865     20.000    29.0938    29.1109   5.668683   5.667604     3.1001     2.6264     100.00   28.16948  -86.47930    0.00043    0.00096         16  0.000e+00
      84278   3511.542     19.956     20.091    29.0960    29.1155   5.668753   5.667707     3.1013     2.6264     100.00   28.16948  -86.47930    0.00049    0.00091         16  0.000e+00
      84279   3511.583     19.896     20.030    29.1010    29.1160   5.668737   5.667596     3.1013     2.6264     100.00   28.16948  -86.47930    0.00054    0.00087         16  0.000e+00
      84280   3511.625     19.896     20.030    29.1027    29.1157   5.668691   5.667445     3.1013     2.6264     100.00   28.16948  -86.47930    0.00060    0.00082         16  0.000e+00
      84281   3511.667     19.926     20.060    29.1003    29.1146   5.668644   5.667350     3.1001     2.6264     100.00   28.16948  -86.47930    0.00062    0.00077         16  0.000e+00
      84282   3511.708     19.956     20.091    29.0995    29.1133   5.668566   5.667263     3.1013     2.6264     100.00   28.16948  -86.47930    0.00068    0.00074         16  0.000e+00
      84283   3511.750     19.896     20.030    29.1021    29.1125   5.668542   5.667168     3.1013     2.6264     100.00   28.16948  -86.47930    0.00074    0.00071         16  0.000e+00
      84284   3511.792     19.926     20.061    29.1045    29.1124   5.668651   5.667057     3.1013     2.6264     100.00   28.16948  -86.47932    0.00078    0.00067         16  0.000e+00
      84285   3511.833     19.896     20.030    29.1063    29.1124   5.668644   5.666804     3.1013     2.6276     100.00   28.16948  -86.47932    0.00082    0.00066         16  0.000e+00
      84286   3511.875     19.956     20.091    29.1060    29.1120   5.668636   5.666622     3.1013     2.6264     100.00   28.16948  -86.47932    0.00085    0.00062         16  0.000e+00
      84287   3511.917     19.813     19.947    29.1043    29.1118   5.668597   5.666447     3.1013     2.6276     100.00   28.16948  -86.47932    0.00089    0.00060         16  0.000e+00
      84288   3511.958     20.009     20.144    29.1019    29.1116   5.668550   5.666281     3.1013     2.6276     100.00   28.16948  -86.47932    0.00092    0.00060         16  0.000e+00
      84289   3512.000     19.896     20.030    29.1034    29.1116   5.668542   5.666012     3.1013     2.6276     100.00   28.16948  -86.47932    0.00096    0.00060         16  0.000e+00
      84290   3512.042     19.896     20.030    29.1027    29.1109   5.668612   5.665901     3.1013     2.6276     100.00   28.16948  -86.47932    0.00099    0.00059         16  0.000e+00
      84291   3512.083     19.926     20.061    29.1021    29.1105   5.668636   5.665830     3.1013     2.6264     100.00   28.16948  -86.47932    0.00101    0.00057         16  0.000e+00
      84292   3512.125     19.896     20.030    29.1010    29.1099   5.668636   5.665838     3.1013     2.6264     100.00   28.16948  -86.47932    0.00104    0.00055         16  0.000e+00
      84293   3512.167     19.956     20.091    29.0973    29.1101   5.668597   5.665949     3.1013     2.6264     100.00   28.16948  -86.47932    0.00105    0.00055         16  0.000e+00
      84294   3512.208     19.866     20.000    29.0955    29.1107   5.668488   5.666155     3.1013     2.6252     100.00   28.16948  -86.47932    0.00106    0.00053         16  0.000e+00
      84295   3512.250     19.896     20.030    29.0982    29.1120   5.668448   5.666440     3.1026     2.6252     100.00   28.16948  -86.47932    0.00109    0.00050         16  0.000e+00
