GOMECC/GOMECC-4/1db/rb2103_0951.cnv
* Sea-Bird SBE 9 Data File:
* FileName = C:\Users\scs.user.rb\CTD\GOMECC4\data\rb2103_0951.hex
* Software Version Seasave V 7.26.7.107
* Temperature SN = 4799
* Conductivity SN = 3860
* Number of Bytes Per Scan = 41
* Number of Voltage Words = 4
* Number of Scans Averaged by the Deck Unit = 1
* NMEA Latitude = 22 16.31 N
* NMEA Longitude = 090 02.56 W
* NMEA UTC (Time) = Oct 11 2021  03:44:48
* NMEA baud rate = 4800
# nquan = 28
# nvalues = 69                          
# units = specified
# name 0 = scan: Scan Count
# name 1 = timeS: Time, Elapsed [seconds]
# name 2 = depSM: Depth [salt water, m]
# name 3 = prDM: Pressure, Digiquartz [db]
# name 4 = t090C: Temperature [ITS-90, deg C]
# name 5 = t190C: Temperature, 2 [ITS-90, deg C]
# name 6 = c0S/m: Conductivity [S/m]
# name 7 = c1S/m: Conductivity, 2 [S/m]
# name 8 = sbeox0V: Oxygen raw, SBE 43 [V]
# name 9 = sbeox1V: Oxygen raw, SBE 43, 2 [V]
# name 10 = altM: Altimeter [m]
# name 11 = latitude: Latitude [deg]
# name 12 = longitude: Longitude [deg]
# name 13 = sbox0dV/dT: Oxygen, SBE 43 [dov/dt]
# name 14 = sbox1dV/dT: Oxygen, SBE 43, 2 [dov/dt]
# name 15 = sbeox0ML/L: Oxygen, SBE 43 [ml/l], WS = 5
# name 16 = sbeox1ML/L: Oxygen, SBE 43, 2 [ml/l], WS = 5
# name 17 = potemp090C: Potential Temperature [ITS-90, deg C]
# name 18 = potemp190C: Potential Temperature, 2 [ITS-90, deg C]
# name 19 = sal00: Salinity, Practical [PSU]
# name 20 = sal11: Salinity, Practical, 2 [PSU]
# name 21 = sigma-é00: Density [sigma-theta, kg/m^3]
# name 22 = sigma-é11: Density, 2 [sigma-theta, kg/m^3]
# name 23 = avgsvCM: Average Sound Velocity [Chen-Millero, m/s], minP = 20, minS = 20
# name 24 = sbox0Mm/Kg: Oxygen, SBE 43 [umol/kg], WS = 5
# name 25 = sbox1Mm/Kg: Oxygen, SBE 43, 2 [umol/kg], WS = 5
# name 26 = nbin: number of scans per bin
# name 27 = flag: flag
# span 0 =      11079,      29686       
# span 1 =    461.588,   1236.880       
# span 2 =      0.994,     48.688       
# span 3 =      1.000,     49.000       
# span 4 =    27.8889,    29.9958       
# span 5 =    27.8975,    29.9976       
# span 6 =   4.160476,   6.051491       
# span 7 =   4.145936,   6.051900       
# span 8 =     3.1566,     3.2792       
# span 9 =     2.6730,     2.7916       
# span 10 =       5.45,      53.16      
# span 11 =   22.24748,   22.47958      
# span 12 =  -90.87577,  -89.93815      
# span 13 =   -0.00298,    0.01217      
# span 14 =   -0.00346,    0.00997      
# span 15 =     4.3387,     4.7108      
# span 16 =     4.3176,     4.7037      
# span 17 =    27.8773,    29.9953      
# span 18 =    27.8859,    29.9972      
# span 19 =    24.8391,    36.6888      
# span 20 =    24.7990,    36.6905      
# span 21 =    14.2522,    23.4961      
# span 22 =    14.2179,    23.4935      
# span 23 =       0.00,    1560.00      
# span 24 =    189.449,    205.558      
# span 25 =    188.526,    205.250      
# span 26 =         30,         76      
# span 27 = 0.0000e+00, 0.0000e+00      
# interval = decibars: 1                
# start_time = Oct 11 2021 03:44:48 [NMEA time, header]
# bad_flag = -9.990e-29
*END*
      11079    461.588      4.969      5.000    29.6778    29.7066   5.993759   5.997320     3.1662     2.6810      47.80   22.27301  -90.04243   -0.00013    0.00077     4.3463     4.3305    29.6766    29.7054    36.3119    36.3146    22.8206    22.8128       0.00    189.776    189.086         68 0.0000e+00
      11155    464.734      5.962      6.000    29.7965    29.8303   6.007649   6.011665     3.1693     2.6840      46.85   22.27302  -90.04244    0.00060    0.00043     4.3432     4.3281    29.7950    29.8288    36.3171    36.3190    22.7841    22.7741       0.00    189.644    188.989         64 0.0000e+00
      11211    467.089      6.956      7.000    29.8116    29.8096   6.009710   6.009722     3.1690     2.6838      46.01   22.27302  -90.04244    0.00136    0.00137     4.3420     4.3296    29.8099    29.8079    36.3195    36.3211    22.7809    22.7828       0.00    189.593    189.053         51 0.0000e+00
      11262    469.211      7.950      8.000    29.8040    29.7963   6.008860   6.008089     3.1665     2.6776      45.00   22.27302  -90.04245   -0.00146   -0.00220     4.3387     4.3189    29.8020    29.7943    36.3191    36.3197    22.7833    22.7864       0.00    189.449    188.586         52 0.0000e+00
      11315    471.401      8.943      9.000    29.6851    29.6583   5.994353   5.991366     3.1654     2.6778      44.07   22.27304  -90.04246   -0.00056   -0.00097     4.3461     4.3291    29.6814    29.6560    36.3083    36.3091    22.8163    22.8255       0.00    189.768    189.026         52 0.0000e+00
      11367    473.601      9.937     10.000    29.5531    29.5489   5.978714   5.978460     3.1617     2.6762      43.06   22.27304  -90.04246   -0.00115   -0.00049     4.3505     4.3351    29.5506    29.5464    36.3015    36.3029    22.8557    22.8582       0.00    189.954    189.278         54 0.0000e+00
      11422    475.861     10.931     11.000    29.4748    29.4753   5.970148   5.970443     3.1613     2.6738      42.05   22.27304  -90.04246   -0.00109   -0.00114     4.3565     4.3360    29.4721    29.4726    36.3011    36.3027    22.8820    22.8831       0.00    190.209    189.315         53 0.0000e+00
      11472    477.953     11.925     12.000    29.4541    29.4553   5.967722   5.968075     3.1618     2.6748      41.08   22.27304  -90.04246    0.00049   -0.00009     4.3594     4.3400    29.4512    29.4523    36.3003    36.3018    22.8885    22.8893       0.00    190.333    189.488         49 0.0000e+00
      11523    480.099     12.918     13.000    29.4413    29.4424   5.966297   5.966647     3.1590     2.6768      40.13   22.27304  -90.04246   -0.00094    0.00067     4.3558     4.3454    29.4381    29.4392    36.2999    36.3014    22.8927    22.8935       0.00    190.178    189.723         54 0.0000e+00
      11576    482.285     13.912     14.000    29.4366    29.4376   5.965926   5.966266     3.1609     2.6774      39.13   22.27305  -90.04246   -0.00006    0.00095     4.3601     4.3475    29.4332    29.4342    36.3006    36.3021    22.8948    22.8957       0.00    190.363    189.813         50 0.0000e+00
      11626    484.360     14.906     15.000    29.4337    29.4348   5.965789   5.966124     3.1566     2.6743      38.16   22.27306  -90.04247   -0.00023   -0.00115     4.3532     4.3421    29.4300    29.4312    36.3015    36.3030    22.8967    22.8973       0.00    190.063    189.579         52 0.0000e+00
      11677    486.519     15.899     16.000    29.4325    29.4336   5.965772   5.966089     3.1577     2.6755      37.23   22.27306  -90.04248   -0.00105   -0.00014     4.3558     4.3450    29.4286    29.4297    36.3020    36.3034    22.8975    22.8981       0.00    190.176    189.702         50 0.0000e+00
      11727    488.567     16.893     17.000    29.4296    29.4308   5.965583   5.965922     3.1606     2.6756      36.24   22.27306  -90.04248    0.00096    0.00064     4.3617     4.3458    29.4254    29.4266    36.3026    36.3041    22.8990    22.8997       0.00    190.431    189.740         50 0.0000e+00
      11779    490.755     17.887     18.000    29.4239    29.4251   5.965101   5.965428     3.1623     2.6742      35.29   22.27306  -90.04248    0.00128   -0.00065     4.3658     4.3440    29.4195    29.4207    36.3035    36.3048    22.9017    22.9023       0.00    190.611    189.661         53 0.0000e+00
      11829    492.828     18.880     19.000    29.4177    29.4189   5.964921   5.965255     3.1609     2.6762      34.38   22.27306  -90.04248   -0.00022    0.00010     4.3641     4.3488    29.4130    29.4142    36.3065    36.3079    22.9062    22.9068       0.00    190.536    189.869         47 0.0000e+00
      11879    494.924     19.874     20.000    29.4073    29.4085   5.965795   5.966192     3.1623     2.6784      33.40   22.27307  -90.04248    0.00000    0.00120     4.3675     4.3541    29.4024    29.4036    36.3200    36.3219    22.9199    22.9209     761.02    190.683    190.098         53 0.0000e+00
      11931    497.078     20.868     21.000    29.4072    29.4084   5.967236   5.967557     3.1670     2.6812      32.43   22.27308  -90.04249    0.00188    0.00161     4.3762     4.3601    29.4021    29.4032    36.3297    36.3311    22.9273    22.9279    1551.66    191.063    190.358         50 0.0000e+00
      11981    499.181     21.861     22.000    29.4014    29.4033   5.968349   5.968667     3.1654     2.6829      31.51   22.27308  -90.04250    0.00031    0.00024     4.3740     4.3626    29.3960    29.3980    36.3416    36.3423    22.9383    22.9381    1546.09    190.962    190.463         52 0.0000e+00
      12032    501.305     22.855     23.000    29.3860    29.3875   5.967819   5.968157     3.1665     2.6857      30.51   22.27308  -90.04250    0.00003    0.00154     4.3775     4.3711    29.3804    29.3819    36.3492    36.3504    22.9493    22.9497    1546.09    191.114    190.836         50 0.0000e+00
      12083    503.435     23.849     24.000    29.3686    29.3700   5.968764   5.969064     3.1691     2.6873      29.56   22.27308  -90.04250    0.00069    0.00096     4.3823     4.3751    29.3628    29.3641    36.3681    36.3690    22.9694    22.9697    1546.09    191.319    191.003         52 0.0000e+00
      12134    505.561     24.842     25.000    29.3524    29.3536   5.968587   5.968917     3.1749     2.6907      28.59   22.27308  -90.04250    0.00222    0.00104     4.3960     4.3840    29.3463    29.3475    36.3791    36.3805    22.9833    22.9839    1546.09    191.914    191.388         50 0.0000e+00
      12186    507.698     25.836     26.000    29.3529    29.3539   5.970135   5.970412     3.1787     2.6946      27.66   22.27308  -90.04250    0.00238    0.00186     4.4025     4.3917    29.3465    29.3475    36.3894    36.3905    22.9909    22.9914    1546.09    192.195    191.724         53 0.0000e+00
      12238    509.895     26.829     27.000    29.3477    29.3492   5.970944   5.971327     3.1779     2.6940      26.70   22.27310  -90.04251    0.00036    0.00073     4.4018     4.3912    29.3411    29.3426    36.3987    36.4001    22.9997    23.0003    1546.10    192.163    191.700         51 0.0000e+00
      12287    511.932     27.823     28.000    29.3214    29.3229   5.968143   5.968506     3.1767     2.6919      25.78   22.27310  -90.04252   -0.00038   -0.00081     4.4021     4.3894    29.3145    29.3161    36.3990    36.4003    23.0090    23.0094    1546.10    192.176    191.623         49 0.0000e+00
      12340    514.136     28.817     29.000    29.3027    29.3043   5.966363   5.966758     3.1748     2.6907      24.82   22.27310  -90.04252   -0.00097   -0.00128     4.4008     4.3890    29.2956    29.2972    36.4007    36.4022    23.0166    23.0172    1546.10    192.116    191.601         54 0.0000e+00
      12391    516.260     29.810     30.000    29.2790    29.2830   5.963994   5.964598     3.1793     2.6974      23.86   22.27310  -90.04252    0.00076    0.00205     4.4111     4.4042    29.2717    29.2756    36.4020    36.4032    23.0257    23.0252    1546.10    192.565    192.267         49 0.0000e+00
      12441    518.337     30.804     31.000    29.2391    29.2422   5.960055   5.960612     3.1826     2.7023      22.86   22.27310  -90.04252    0.00189    0.00278     4.4205     4.4174    29.2315    29.2347    36.4049    36.4064    23.0414    23.0415    1546.10    192.974    192.836         52 0.0000e+00
      12493    520.500     31.798     32.000    29.2098    29.2111   5.956948   5.957314     3.1891     2.7050      21.89   22.27312  -90.04252    0.00246    0.00171     4.4348     4.4256    29.2020    29.2033    36.4055    36.4070    23.0518    23.0525    1546.09    193.595    193.193         51 0.0000e+00
      12545    522.683     32.791     33.000    29.1786    29.1809   5.953606   5.954105     3.1966     2.7122      20.92   22.27312  -90.04254    0.00329    0.00230     4.4514     4.4427    29.1705    29.1728    36.4059    36.4076    23.0627    23.0632    1546.09    194.318    193.939         54 0.0000e+00
      12597    524.813     33.785     34.000    29.1403    29.1418   5.949748   5.950144     3.1963     2.7140      20.04   22.27312  -90.04254    0.00172    0.00231     4.4544     4.4493    29.1320    29.1335    36.4083    36.4098    23.0775    23.0782    1546.08    194.445    194.223         49 0.0000e+00
      12647    526.915     34.778     35.000    29.1064    29.1083   5.946880   5.947267     3.1936     2.7133      19.04   22.27312  -90.04254   -0.00109   -0.00000     4.4526     4.4510    29.0979    29.0998    36.4137    36.4150    23.0931    23.0934    1546.07    194.366    194.295         50 0.0000e+00
      12695    528.935     35.772     36.000    29.0900    29.0916   5.946555   5.946933     3.1980     2.7151      18.10   22.27312  -90.04254    0.00023    0.00043     4.4620     4.4561    29.0813    29.0828    36.4237    36.4251    23.1062    23.1067    1546.07    194.772    194.516         48 0.0000e+00
      12747    531.072     36.766     37.000    29.0746    29.0765   5.944839   5.945276     3.1992     2.7149      17.11   22.27312  -90.04256    0.00162    0.00004     4.4660     4.4575    29.0656    29.0675    36.4233    36.4248    23.1112    23.1117    1546.06    194.946    194.574         54 0.0000e+00
      12798    533.199     37.759     38.000    29.0267    29.0291   5.940550   5.941073     3.1992     2.7178      16.17   22.27312  -90.04256    0.00004    0.00095     4.4705     4.4676    29.0174    29.0198    36.4294    36.4310    23.1319    23.1323    1546.05    195.137    195.011         48 0.0000e+00
      12848    535.292     38.753     39.000    28.9572    28.9604   5.932451   5.933081     3.2090     2.7246      15.20   22.27314  -90.04256    0.00234    0.00214     4.4939     4.4864    28.9477    28.9510    36.4265    36.4284    23.1531    23.1535    1546.04    196.157    195.830         54 0.0000e+00
      12901    537.495     39.746     40.000    28.8835    28.8853   5.923723   5.924172     3.2190     2.7328      14.24   22.27314  -90.04256    0.00479    0.00361     4.5185     4.5090    28.8739    28.8756    36.4219    36.4237    23.1745    23.1752    1546.03    197.224    196.811         50 0.0000e+00
      12949    539.488     40.740     41.000    28.8341    28.8366   5.918149   5.918682     3.2308     2.7437      13.32   22.27314  -90.04256    0.00514    0.00441     4.5444     4.5352    28.8242    28.8267    36.4207    36.4225    23.1902    23.1907    1546.01    198.351    197.951         48 0.0000e+00
      13000    541.630     41.733     42.000    28.7200    28.7249   5.903428   5.904412     3.2352     2.7477      12.32   22.27314  -90.04256    0.00447    0.00400     4.5621     4.5530    28.7086    28.7149    36.4063    36.4089    23.2180    23.2180    1545.99    199.119    198.722         53 0.0000e+00
      13050    543.716     42.727     43.000    28.5512    28.5550   5.882174   5.882936     3.2304     2.7421      11.40   22.27314  -90.04256   -0.00086   -0.00056     4.5682     4.5548    28.5409    28.5446    36.3863    36.3887    23.2588    23.2594    1545.97    199.379    198.795         47 0.0000e+00
      13099    545.735     43.721     44.000    28.4847    28.4870   5.874091   5.874649     3.2312     2.7437      10.41   22.27315  -90.04256   -0.00117   -0.00172     4.5758     4.5639    28.4741    28.4765    36.3805    36.3826    23.2767    23.2775    1545.94    199.707    199.189         52 0.0000e+00
      13151    547.933     44.714     45.000    28.4124    28.4154   5.865238   5.865870     3.2306     2.7454       9.46   22.27316  -90.04258    0.00057    0.00165     4.5811     4.5736    28.4017    28.4047    36.3738    36.3759    23.2956    23.2962    1545.91    199.936    199.607         51 0.0000e+00
      13203    550.066     45.707     46.000    28.2198    28.2221   5.845738   5.846518     3.2272     2.7472       8.52   22.27316  -90.04258   -0.00172    0.00014     4.5948     4.5947    28.2088    28.2111    36.3813    36.3837    23.3650    23.3661    1545.87    200.517    200.514         52 0.0000e+00
      13253    552.181     46.701     47.000    27.9929    27.9989   5.822668   5.823619     3.2524     2.7697       7.59   22.27316  -90.04258    0.00482    0.00592     4.6560     4.6553    27.9818    27.9878    36.3974    36.3995    23.4520    23.4515    1545.82    203.170    203.144         50 0.0000e+00
      13303    554.239     47.694     48.000    27.9604    27.9634   5.819501   5.820105     3.2712     2.7852       6.60   22.27316  -90.04258    0.01217    0.00997     4.6937     4.6901    27.9491    27.9521    36.3999    36.4018    23.4646    23.4650    1545.78    204.817    204.655         42 0.0000e+00
      14451    602.099     48.688     49.000    27.8889    27.8975   5.813203   5.814193     3.2763     2.7888       5.45   22.27320  -90.04260    0.00248    0.00158     4.7092     4.7028    27.8773    27.8859    36.4105    36.4108    23.4961    23.4935    1545.71    205.486    205.208         56 0.0000e+00
      15252    635.465     47.695     48.000    27.9228    27.9322   5.816352   5.817495     3.2788     2.7889       6.27   22.27323  -90.04262    0.00130   -0.00008     4.7108     4.6999    27.9115    27.9209    36.4069    36.4076    23.4822    23.4796    1545.70    205.558    205.084         33 0.0000e+00
      15570    648.710     46.701     47.000    27.9392    27.9493   5.817935   5.819373     3.2789     2.7916       7.17   22.27324  -90.04262    0.00005   -0.00045     4.7089     4.7037    27.9281    27.9382    36.4056    36.4070    23.4757    23.4734    1545.70    205.475    205.250         73 0.0000e+00
      15647    651.897     45.708     46.000    27.9560    27.9796   5.819709   5.822136     3.2771     2.7905       8.16   22.27326  -90.04262   -0.00066    0.00018     4.7037     4.6985    27.9451    27.9687    36.4054    36.4043    23.4700    23.4614    1545.70    205.249    205.024         76 0.0000e+00
      15720    654.960     44.714     45.000    27.9873    28.0138   5.822455   5.825402     3.2792     2.7902       9.06   22.27326  -90.04264    0.00058   -0.00126     4.7044     4.6948    27.9767    28.0031    36.4009    36.4012    23.4562    23.4478    1545.70    205.282    204.864         32 0.0000e+00
      17897    745.653     39.746     40.000    28.5671    28.5967   5.881993   5.886221     3.2291     2.7429      13.97   22.24748  -89.93815    0.00024    0.00056     4.5614     4.5497    28.5575    28.5871    36.3562    36.3609    23.2243    23.2173    1543.91    199.083    198.572         38 0.0000e+00
      18996    791.442     38.753     39.000    28.8696    28.8400   5.921847   5.918965     3.2297     2.7374      14.91   22.27336  -90.04266   -0.00051   -0.00157     4.5384     4.5209    28.8602    28.8306    36.4210    36.4221    23.1783    23.1891    1545.70    198.091    197.328         66 0.0000e+00
