GOMECC/GOMECC-4/1db/rb2103_0231.ros
* Sea-Bird SBE 9 Data File:
* FileName = C:\Users\scs.user.rb\CTD\GOMECC4\data\rb2103_0231.hex
* Software Version Seasave V 7.26.7.107
* Temperature SN = 4799
* Conductivity SN = 3860
* Number of Bytes Per Scan = 41
* Number of Voltage Words = 4
* Number of Scans Averaged by the Deck Unit = 1
* NMEA Latitude = 28 51.94 N
* NMEA Longitude = 085 55.30 W
* NMEA UTC (Time) = Sep 21 2021  03:02:09
* NMEA baud rate = 4800
# nquan = 17
# nvalues = 1729                                  
# units = specified
# name 0 = scan: Scan Count
# name 1 = timeS: Time, Elapsed [seconds]
# name 2 = depSM: Depth [salt water, m]
# name 3 = prDM: Pressure, Digiquartz [db]
# name 4 = t090C: Temperature [ITS-90, deg C]
# name 5 = t190C: Temperature, 2 [ITS-90, deg C]
# name 6 = c0S/m: Conductivity [S/m]
# name 7 = c1S/m: Conductivity, 2 [S/m]
# name 8 = sbeox0V: Oxygen raw, SBE 43 [V]
# name 9 = sbeox1V: Oxygen raw, SBE 43, 2 [V]
# name 10 = altM: Altimeter [m]
# name 11 = latitude: Latitude [deg]
# name 12 = longitude: Longitude [deg]
# name 13 = sbox0dV/dT: Oxygen, SBE 43 [dov/dt]
# name 14 = sbox1dV/dT: Oxygen, SBE 43, 2 [dov/dt]
# name 15 = nbf: Bottles Fired
# name 16 = flag:  0.000e+00
# interval = seconds: 0.0416667
# start_time = Sep 21 2021 03:02:09 [NMEA time, header]
# bad_flag = -9.990e-29
*END*
[from data line 1022]
      57175   2382.250     50.232     50.578    27.0653    27.0847   5.665143   5.667143     3.0000     2.5519     100.00   28.85954  -85.92470   -0.00025   -0.00004          8  0.000e+00
      57176   2382.292     50.278     50.624    27.0626    27.0794   5.665026   5.666692     3.0000     2.5519     100.00   28.85954  -85.92470   -0.00020   -0.00007          8  0.000e+00
      57177   2382.333     50.225     50.571    27.0621    27.0738   5.665010   5.666343     3.0000     2.5507     100.00   28.85954  -85.92470   -0.00017   -0.00012          8  0.000e+00
      57178   2382.375     50.233     50.578    27.0627    27.0739   5.664971   5.666438     2.9988     2.5519     100.00   28.85954  -85.92470   -0.00016   -0.00015          8  0.000e+00
      57179   2382.417     50.278     50.624    27.0637    27.0780   5.664994   5.666850     2.9988     2.5519     100.00   28.85954  -85.92470   -0.00015   -0.00018          8  0.000e+00
      57180   2382.458     50.172     50.518    27.0631    27.0820   5.664940   5.667190     2.9988     2.5507     100.00   28.85954  -85.92470   -0.00014   -0.00023          8  0.000e+00
      57181   2382.500     50.293     50.639    27.0633    27.0847   5.664940   5.667357     2.9988     2.5507     100.00   28.85954  -85.92470   -0.00013   -0.00028          8  0.000e+00
      57182   2382.542     50.278     50.624    27.0637    27.0860   5.664994   5.667460     2.9988     2.5507     100.00   28.85954  -85.92470   -0.00012   -0.00033          8  0.000e+00
      57183   2382.583     50.233     50.578    27.0647    27.0864   5.665010   5.667412     2.9988     2.5507     100.00   28.85954  -85.92470   -0.00011   -0.00038          8  0.000e+00
      57184   2382.625     50.278     50.624    27.0659    27.0847   5.665041   5.667270     2.9976     2.5507     100.00   28.85954  -85.92470   -0.00012   -0.00043          8  0.000e+00
      57185   2382.667     50.225     50.571    27.0668    27.0818   5.665158   5.667064     2.9976     2.5507     100.00   28.85954  -85.92470   -0.00012   -0.00046          8  0.000e+00
      57186   2382.708     50.293     50.639    27.0675    27.0768   5.665197   5.666597     2.9976     2.5507     100.00   28.85954  -85.92470   -0.00011   -0.00049          8  0.000e+00
      57187   2382.750     50.225     50.571    27.0690    27.0725   5.665190   5.666296     2.9976     2.5507     100.00   28.85954  -85.92470   -0.00012   -0.00053          8  0.000e+00
      57188   2382.792     50.233     50.579    27.0677    27.0715   5.665119   5.666296     2.9976     2.5507     100.00   28.85954  -85.92470   -0.00012   -0.00056          8  0.000e+00
      57189   2382.833     50.278     50.624    27.0656    27.0732   5.665033   5.666391     2.9976     2.5519     100.00   28.85954  -85.92470   -0.00013   -0.00056          8  0.000e+00
      57190   2382.875     50.225     50.571    27.0644    27.0732   5.664971   5.666446     2.9976     2.5507     100.00   28.85954  -85.92470   -0.00013   -0.00059          8  0.000e+00
      57191   2382.917     50.293     50.639    27.0646    27.0754   5.664963   5.666581     2.9988     2.5507     100.00   28.85954  -85.92470   -0.00012   -0.00061          8  0.000e+00
      57192   2382.958     50.225     50.571    27.0646    27.0776   5.664893   5.666810     2.9976     2.5507     100.00   28.85954  -85.92470   -0.00012   -0.00062          8  0.000e+00
      57193   2383.000     50.233     50.579    27.0635    27.0800   5.664861   5.666977     2.9988     2.5507     100.00   28.85954  -85.92470   -0.00009   -0.00064          8  0.000e+00
      57194   2383.042     50.278     50.624    27.0636    27.0818   5.664791   5.667175     2.9988     2.5507     100.00   28.85954  -85.92470   -0.00008   -0.00067          8  0.000e+00
      57195   2383.083     50.225     50.571    27.0633    27.0829   5.664846   5.667278     2.9988     2.5495     100.00   28.85954  -85.92470   -0.00005   -0.00070          8  0.000e+00
      57196   2383.125     50.233     50.579    27.0639    27.0838   5.664901   5.667151     2.9988     2.5507     100.00   28.85954  -85.92470   -0.00001   -0.00071          8  0.000e+00
      57197   2383.167     50.278     50.624    27.0659    27.0831   5.664986   5.667072     2.9988     2.5495     100.00   28.85954  -85.92470    0.00002   -0.00074          8  0.000e+00
      57198   2383.208     50.172     50.518    27.0664    27.0801   5.665111   5.666937     2.9988     2.5495     100.00   28.85954  -85.92470    0.00005   -0.00077          8  0.000e+00
      57199   2383.250     50.293     50.640    27.0667    27.0782   5.665104   5.666945     2.9988     2.5482     100.00   28.85954  -85.92470    0.00008   -0.00082          8  0.000e+00
      57200   2383.292     50.278     50.624    27.0664    27.0792   5.665065   5.667111     2.9988     2.5482     100.00   28.85954  -85.92470    0.00012   -0.00085          8  0.000e+00
      57201   2383.333     50.233     50.579    27.0664    27.0829   5.665088   5.667254     2.9988     2.5495     100.00   28.85954  -85.92470    0.00015   -0.00088          8  0.000e+00
      57202   2383.375     50.225     50.571    27.0670    27.0856   5.665104   5.667341     2.9988     2.5495     100.00   28.85954  -85.92470    0.00019   -0.00090          8  0.000e+00
      57203   2383.417     50.225     50.571    27.0675    27.0860   5.665135   5.667412     2.9988     2.5495     100.00   28.85954  -85.92470    0.00022   -0.00091          8  0.000e+00
      57204   2383.458     50.233     50.579    27.0675    27.0864   5.665111   5.667396     3.0000     2.5495     100.00   28.85954  -85.92470    0.00027   -0.00092          8  0.000e+00
      57205   2383.500     50.278     50.624    27.0674    27.0864   5.665057   5.667420     2.9988     2.5495     100.00   28.85954  -85.92470    0.00031   -0.00092          8  0.000e+00
      57206   2383.542     50.180     50.525    27.0673    27.0852   5.665018   5.667412     2.9988     2.5495     100.00   28.85954  -85.92470    0.00034   -0.00093          8  0.000e+00
      57207   2383.583     50.278     50.624    27.0668    27.0831   5.665010   5.667357     2.9988     2.5495     100.00   28.85954  -85.92470    0.00036   -0.00093          8  0.000e+00
      57208   2383.625     50.172     50.518    27.0661    27.0824   5.664971   5.667301     2.9988     2.5495     100.00   28.85954  -85.92470    0.00038   -0.00093          8  0.000e+00
      57209   2383.667     50.233     50.579    27.0653    27.0833   5.664963   5.667270     2.9976     2.5507     100.00   28.85954  -85.92470    0.00038   -0.00091          8  0.000e+00
      57210   2383.708     50.225     50.571    27.0656    27.0846   5.664955   5.667246     2.9988     2.5507     100.00   28.85954  -85.92470    0.00040   -0.00090          8  0.000e+00
      57211   2383.750     50.233     50.579    27.0655    27.0855   5.664885   5.667214     2.9988     2.5507     100.00   28.85954  -85.92470    0.00042   -0.00088          8  0.000e+00
      57212   2383.792     50.225     50.571    27.0662    27.0858   5.664901   5.667135     2.9988     2.5507     100.00   28.85954  -85.92470    0.00044   -0.00086          8  0.000e+00
      57213   2383.833     50.225     50.571    27.0653    27.0858   5.664916   5.667127     2.9976     2.5507     100.00   28.85954  -85.92470    0.00044   -0.00084          8  0.000e+00
      57214   2383.875     50.233     50.579    27.0661    27.0855   5.664877   5.667111     2.9976     2.5507     100.00   28.85954  -85.92470    0.00044   -0.00082          8  0.000e+00
      57215   2383.917     50.225     50.571    27.0672    27.0854   5.664799   5.667143     2.9988     2.5507     100.00   28.85954  -85.92470    0.00046   -0.00080          8  0.000e+00
      57216   2383.958     50.173     50.518    27.0681    27.0853   5.664768   5.667159     2.9976     2.5507     100.00   28.85954  -85.92470    0.00046   -0.00078          8  0.000e+00
      57546   2397.708     50.343     50.689    27.0982    27.1079   5.667228   5.669297     2.9988     2.5495     100.00   28.85954  -85.92470   -0.00109   -0.00052          9  0.000e+00
      57547   2397.750     50.184     50.530    27.0979    27.1075   5.667619   5.669249     2.9988     2.5495     100.00   28.85954  -85.92470   -0.00110   -0.00059          9  0.000e+00
      57548   2397.792     50.063     50.408    27.0979    27.1055   5.667806   5.669170     2.9988     2.5495     100.00   28.85954  -85.92470   -0.00111   -0.00065          9  0.000e+00
      57549   2397.833     50.297     50.644    27.0962    27.1032   5.667838   5.668869     2.9988     2.5495     100.00   28.85954  -85.92470   -0.00112   -0.00069          9  0.000e+00
      57550   2397.875     50.177     50.522    27.0948    27.1000   5.667853   5.668639     2.9988     2.5495     100.00   28.85954  -85.92470   -0.00113   -0.00074          9  0.000e+00
      57551   2397.917     50.282     50.629    27.0946    27.0974   5.667885   5.668481     2.9988     2.5495     100.00   28.85954  -85.92470   -0.00113   -0.00078          9  0.000e+00
      57552   2397.958     50.237     50.583    27.0944    27.0954   5.667900   5.668378     2.9988     2.5495     100.00   28.85954  -85.92470   -0.00112   -0.00082          9  0.000e+00
      57553   2398.000     50.177     50.522    27.0946    27.0943   5.667931   5.668291     2.9988     2.5495     100.00   28.85954  -85.92470   -0.00113   -0.00085          9  0.000e+00
      57554   2398.042     50.237     50.583    27.0946    27.0939   5.667947   5.668236     2.9988     2.5495     100.00   28.85954  -85.92470   -0.00113   -0.00089          9  0.000e+00
      57555   2398.083     50.229     50.575    27.0950    27.0941   5.667908   5.668386     2.9988     2.5495     100.00   28.85954  -85.92470   -0.00114   -0.00093          9  0.000e+00
      57556   2398.125     50.229     50.575    27.0961    27.0971   5.667900   5.668560     2.9988     2.5507     100.00   28.85954  -85.92470   -0.00113   -0.00094          9  0.000e+00
      57557   2398.167     50.184     50.530    27.0984    27.1009   5.667931   5.668766     3.0000     2.5507     100.00   28.85954  -85.92470   -0.00111   -0.00096          9  0.000e+00
      57558   2398.208     50.282     50.629    27.0997    27.1036   5.667838   5.668933     3.0000     2.5507     100.00   28.85954  -85.92470   -0.00108   -0.00097          9  0.000e+00
      57559   2398.250     50.184     50.530    27.0995    27.1055   5.667806   5.669091     3.0000     2.5519     100.00   28.85954  -85.92470   -0.00106   -0.00097          9  0.000e+00
      57560   2398.292     50.230     50.575    27.0972    27.1058   5.667806   5.669146     3.0000     2.5519     100.00   28.85954  -85.92470   -0.00101   -0.00097          9  0.000e+00
      57561   2398.333     50.177     50.522    27.0946    27.1053   5.667767   5.669083     3.0000     2.5507     100.00   28.85954  -85.92470   -0.00099   -0.00098          9  0.000e+00
      57562   2398.375     50.237     50.583    27.0946    27.1051   5.667791   5.669067     3.0012     2.5519     100.00   28.85954  -85.92470   -0.00095   -0.00097          9  0.000e+00
      57563   2398.417     50.230     50.575    27.0957    27.1060   5.667806   5.669091     3.0000     2.5519     100.00   28.85954  -85.92470   -0.00092   -0.00096          9  0.000e+00
      57564   2398.458     50.230     50.575    27.0964    27.1065   5.667806   5.669162     3.0000     2.5519     100.00   28.85954  -85.92470   -0.00088   -0.00096          9  0.000e+00
      57565   2398.500     50.237     50.583    27.0970    27.1058   5.667697   5.669091     3.0012     2.5519     100.00   28.85954  -85.92470   -0.00082   -0.00093          9  0.000e+00
      57566   2398.542     50.230     50.575    27.0970    27.1046   5.667627   5.668996     3.0000     2.5519     100.00   28.85954  -85.92470   -0.00078   -0.00090          9  0.000e+00
      57567   2398.583     50.237     50.583    27.0962    27.1047   5.667580   5.669178     3.0000     2.5519     100.00   28.85954  -85.92470   -0.00073   -0.00087          9  0.000e+00
      57568   2398.625     50.230     50.575    27.0959    27.1080   5.667533   5.669416     3.0000     2.5519     100.00   28.85954  -85.92470   -0.00069   -0.00086          9  0.000e+00
      57569   2398.667     50.230     50.575    27.0964    27.1102   5.667416   5.669408     3.0000     2.5531     100.00   28.85954  -85.92470   -0.00065   -0.00083          9  0.000e+00
      57570   2398.708     50.237     50.583    27.0970    27.1104   5.667416   5.669423     3.0000     2.5519     100.00   28.85954  -85.92470   -0.00060   -0.00082          9  0.000e+00
      57571   2398.750     50.177     50.522    27.0966    27.1111   5.667502   5.669534     3.0000     2.5519     100.00   28.85954  -85.92470   -0.00054   -0.00081          9  0.000e+00
      57572   2398.792     50.237     50.583    27.0953    27.1120   5.667486   5.669645     3.0000     2.5519     100.00   28.85954  -85.92470   -0.00048   -0.00079          9  0.000e+00
      57573   2398.833     50.230     50.576    27.0942    27.1137   5.667408   5.669796     3.0000     2.5531     100.00   28.85954  -85.92470   -0.00041   -0.00076          9  0.000e+00
      57574   2398.875     50.230     50.576    27.0926    27.1152   5.667345   5.669851     3.0000     2.5531     100.00   28.85954  -85.92470   -0.00035   -0.00073          9  0.000e+00
      57575   2398.917     50.237     50.583    27.0922    27.1162   5.667369   5.669859     3.0000     2.5531     100.00   28.85954  -85.92470   -0.00028   -0.00070          9  0.000e+00
      57576   2398.958     50.230     50.576    27.0951    27.1166   5.667416   5.669883     3.0000     2.5531     100.00   28.85954  -85.92470   -0.00024   -0.00068          9  0.000e+00
      57577   2399.000     50.237     50.583    27.0999    27.1170   5.667502   5.669922     3.0000     2.5531     100.00   28.85954  -85.92470   -0.00017   -0.00067          9  0.000e+00
      57578   2399.042     50.230     50.576    27.1002    27.1173   5.667525   5.669938     3.0012     2.5531     100.00   28.85954  -85.92470   -0.00009   -0.00065          9  0.000e+00
      57579   2399.083     50.230     50.576    27.0988    27.1176   5.667595   5.669946     3.0012     2.5531     100.00   28.85954  -85.92470 -8.792e-07   -0.00063          9  0.000e+00
      57580   2399.125     50.237     50.583    27.0999    27.1174   5.667689   5.669906     3.0000     2.5531     100.00   28.85954  -85.92470    0.00005   -0.00062          9  0.000e+00
      57581   2399.167     50.230     50.576    27.1035    27.1174   5.667814   5.669930     3.0012     2.5531     100.00   28.85954  -85.92470    0.00012   -0.00060          9  0.000e+00
      57582   2399.208     50.230     50.576    27.1028    27.1176   5.667923   5.669938     3.0012     2.5531     100.00   28.85954  -85.92470    0.00018   -0.00059          9  0.000e+00
      57583   2399.250     50.237     50.583    27.1031    27.1174   5.668017   5.669906     3.0012     2.5531     100.00   28.85954  -85.92470    0.00027   -0.00057          9  0.000e+00
      57584   2399.292     50.230     50.576    27.1042    27.1172   5.668142   5.669899     3.0012     2.5531     100.00   28.85954  -85.92470    0.00034   -0.00057          9  0.000e+00
      57585   2399.333     50.185     50.530    27.1040    27.1152   5.668283   5.669756     3.0012     2.5531     100.00   28.85954  -85.92470    0.00040   -0.00056          9  0.000e+00
      57586   2399.375     50.283     50.629    27.1052    27.1123   5.668416   5.669574     3.0012     2.5531     100.00   28.85954  -85.92470    0.00047   -0.00054          9  0.000e+00
      57587   2399.417     50.177     50.522    27.1112    27.1113   5.668486   5.669582     3.0012     2.5531     100.00   28.85954  -85.92470    0.00052   -0.00053          9  0.000e+00
