GOMECC/GOMECC-4/1db/rb2103_0731.cnv
* Sea-Bird SBE 9 Data File:
* FileName = C:\Users\scs.user.rb\CTD\GOMECC4\data\rb2103_0731.hex
* Software Version Seasave V 7.26.7.107
* Temperature SN = 4799
* Conductivity SN = 3860
* Number of Bytes Per Scan = 41
* Number of Voltage Words = 4
* Number of Scans Averaged by the Deck Unit = 1
* NMEA Latitude = 26 03.44 N
* NMEA Longitude = 093 15.71 W
* NMEA UTC (Time) = Oct 04 2021  10:15:47
* NMEA baud rate = 4800
# nquan = 28
# nvalues = 968                         
# units = specified
# name 0 = scan: Scan Count
# name 1 = timeS: Time, Elapsed [seconds]
# name 2 = depSM: Depth [salt water, m]
# name 3 = prDM: Pressure, Digiquartz [db]
# name 4 = t090C: Temperature [ITS-90, deg C]
# name 5 = t190C: Temperature, 2 [ITS-90, deg C]
# name 6 = c0S/m: Conductivity [S/m]
# name 7 = c1S/m: Conductivity, 2 [S/m]
# name 8 = sbeox0V: Oxygen raw, SBE 43 [V]
# name 9 = sbeox1V: Oxygen raw, SBE 43, 2 [V]
# name 10 = altM: Altimeter [m]
# name 11 = latitude: Latitude [deg]
# name 12 = longitude: Longitude [deg]
# name 13 = sbox0dV/dT: Oxygen, SBE 43 [dov/dt]
# name 14 = sbox1dV/dT: Oxygen, SBE 43, 2 [dov/dt]
# name 15 = sbeox0ML/L: Oxygen, SBE 43 [ml/l], WS = 5
# name 16 = sbeox1ML/L: Oxygen, SBE 43, 2 [ml/l], WS = 5
# name 17 = potemp090C: Potential Temperature [ITS-90, deg C]
# name 18 = potemp190C: Potential Temperature, 2 [ITS-90, deg C]
# name 19 = sal00: Salinity, Practical [PSU]
# name 20 = sal11: Salinity, Practical, 2 [PSU]
# name 21 = sigma-é00: Density [sigma-theta, kg/m^3]
# name 22 = sigma-é11: Density, 2 [sigma-theta, kg/m^3]
# name 23 = avgsvCM: Average Sound Velocity [Chen-Millero, m/s], minP = 20, minS = 20
# name 24 = sbox0Mm/Kg: Oxygen, SBE 43 [umol/kg], WS = 5
# name 25 = sbox1Mm/Kg: Oxygen, SBE 43, 2 [umol/kg], WS = 5
# name 26 = nbin: number of scans per bin
# name 27 = flag: flag
# span 0 =      13404,     219014       
# span 1 =    558.470,   9125.533       
# span 2 =      2.980,   3088.686       
# span 3 =      3.000,   3132.000       
# span 4 =     4.3159,    28.9724       
# span 5 =     4.3168,    28.9681       
# span 6 =   3.357952,   5.878144       
# span 7 =   3.357893,   5.875901       
# span 8 =     1.5742,     3.2318       
# span 9 =     1.2766,     2.7665       
# span 10 =       9.35,     102.48      
# span 11 =   25.90704,   26.11278      
# span 12 =  -93.45430,  -92.71786      
# span 13 =   -0.03513,    0.03222      
# span 14 =   -0.03932,    0.03294      
# span 15 =     2.4559,     4.8618      
# span 16 =     2.4713,     4.8791      
# span 17 =     4.0832,    28.9642      
# span 18 =     4.0844,    28.9598      
# span 19 =    30.8219,    36.5307      
# span 20 =    34.9062,    36.5317      
# span 21 =    19.9650,    27.7607      
# span 22 =    22.5999,    27.7592      
# span 23 =       0.00,    1586.82      
# span 24 =    106.786,    211.982      
# span 25 =    107.457,    212.741      
# span 26 =         30,         71      
# span 27 = 0.0000e+00, 0.0000e+00      
# interval = decibars: 1                
# start_time = Oct 04 2021 10:15:47 [NMEA time, header]
# bad_flag = -9.990e-29
*END*
[from data line 104]
      18375    765.565    117.199    118.000    21.4934    21.4952   5.111109   5.111316     2.6097     2.2054      99.99   26.05437  -93.25233   -0.01096   -0.01016     3.9516     3.9570    21.4703    21.4721    36.2875    36.2876    25.3444    25.3439    1538.02    172.117    172.351         36 0.0000e+00
      18414    767.228    118.192    119.000    21.4633    21.4658   5.108886   5.109257     2.5638     2.1665     100.00   26.05714  -93.26225   -0.01992   -0.02075     3.8586     3.8702    21.4400    21.4425    36.2963    36.2971    25.3599    25.3598    1538.11    168.061    168.568         39 0.0000e+00
      18452    768.801    119.185    120.000    21.4216    21.4254   5.104687   5.105183     2.5406     2.1464      96.90   26.05714  -93.26224   -0.02306   -0.02069     3.8134     3.8269    21.3982    21.4019    36.2976    36.2984    25.3724    25.3720    1538.03    166.093    166.682         37 0.0000e+00
      18487    770.255    120.177    121.000    21.3649    21.3681   5.100480   5.100819     2.5201     2.1277      94.71   26.05714  -93.26226   -0.01740   -0.01473     3.7747     3.7879    21.3413    21.3445    36.3115    36.3116    25.3988    25.3980    1537.95    164.402    164.978         33 0.0000e+00
      18575    773.918    123.156    124.000    21.2618    21.2655   5.093398   5.094384     2.4357     2.0475      99.98   26.05087  -93.23980   -0.02181   -0.02106     3.6055     3.6100    21.2377    21.2423    36.3379    36.3376    25.4466    25.4438    1537.35    157.026    157.223         36 0.0000e+00
      18618    775.728    124.149    125.000    21.2157    21.2198   5.089800   5.090266     2.4014     2.0168      80.68   26.05714  -93.26226   -0.02225   -0.02026     3.5343     3.5400    21.1897    21.1959    36.3524    36.3527    25.4718    25.4709    1537.65    153.922    154.171         41 0.0000e+00
      18656    777.294    125.142    126.000    21.1277    21.1327   5.082454   5.082989     2.3750     1.9923     100.55   26.05714  -93.26226   -0.02011   -0.01792     3.4874     3.4914    21.1034    21.1083    36.3663    36.3664    25.5061    25.5048    1537.58    151.873    152.049         33 0.0000e+00
      18742    780.892    128.121    129.000    20.9915    20.9941   5.070050   5.070387     2.3054     1.9310      99.98   26.05282  -93.24681   -0.01890   -0.01648     3.3505     3.3585    20.9667    20.9692    36.3791    36.3797    25.5528    25.5525    1537.09    145.903    146.254         34 0.0000e+00
      18781    782.498    129.114    130.000    20.9554    20.9581   5.067819   5.068157     2.2867     1.9159     100.00   26.05716  -93.26226   -0.01652   -0.01389     3.3134     3.3261    20.9304    20.9331    36.3938    36.3942    25.5745    25.5741    1537.28    144.286    144.838         38 0.0000e+00
      18821    784.154    130.106    131.000    20.9320    20.9339   5.066190   5.066454     2.2668     1.8959     100.00   26.05716  -93.26226   -0.01309   -0.01147     3.2729     3.2812    20.9069    20.9087    36.4002    36.4008    25.5858    25.5857    1537.20    142.523    142.883         40 0.0000e+00
      18856    785.627    131.099    132.000    20.9176    20.9194   5.065208   5.065463     2.2525     1.8841     100.00   26.05716  -93.26226   -0.01153   -0.01083     3.2440     3.2549    20.8922    20.8940    36.4043    36.4048    25.5929    25.5928    1537.13    141.261    141.736         30 0.0000e+00
      18939    789.084    134.078    135.000    20.8467    20.8482   5.059290   5.059549     2.2169     1.8508      99.98   26.05099  -93.24018   -0.00929   -0.00868     3.1743     3.1826    20.8208    20.8224    36.4170    36.4178    25.6216    25.6217    1536.55    138.224    138.584         40 0.0000e+00
      18985    790.985    135.071    136.000    20.8348    20.8368   5.059599   5.059892     2.2010     1.8384     100.00   26.05716  -93.26226   -0.01065   -0.00990     3.1412     3.1545    20.8087    20.8108    36.4282    36.4289    25.6340    25.6339    1536.85    136.779    137.358         40 0.0000e+00
      19020    792.438    136.063    137.000    20.8092    20.8117   5.057896   5.058206     2.1898     1.8285     100.00   26.05716  -93.26226   -0.00939   -0.00762     3.1191     3.1331    20.7830    20.7855    36.4360    36.4364    25.6469    25.6465    1536.78    135.814    136.423         31 0.0000e+00
      19104    795.946    139.042    140.000    20.6872    20.6881   5.048568   5.048787     2.1369     1.7753      99.99   26.05471  -93.25350   -0.01473   -0.01517     3.0146     3.0162    20.6605    20.6614    36.4626    36.4636    25.7002    25.7006    1536.44    131.257    131.328         34 0.0000e+00
      19144    797.615    140.035    141.000    20.6574    20.6598   5.046064   5.046425     2.1176     1.7594      94.39   26.05716  -93.26226   -0.01561   -0.01454     2.9756     2.9810    20.6305    20.6329    36.4688    36.4696    25.7133    25.7133    1536.52    129.557    129.794         42 0.0000e+00
      19184    799.279    141.028    142.000    20.5978    20.6124   5.040039   5.041757     2.1036     1.7494      85.02   26.05716  -93.26226   -0.01171   -0.00927     2.9494     2.9609    20.5708    20.5856    36.4706    36.4710    25.7309    25.7269    1536.45    128.418    128.918         36 0.0000e+00
      19300    804.108    144.999    146.000    20.4099    20.4111   5.022025   5.022238     2.0581     1.7079      67.27   26.05188  -93.24336   -0.00970   -0.00887     2.8643     2.8749    20.3823    20.3835    36.4813    36.4821    25.7892    25.7895    1535.87    124.704    125.164         44 0.0000e+00
      19347    806.087    145.992    147.000    20.3978    20.3993   5.021707   5.021963     2.0419     1.6933     101.65   26.05716  -93.26227   -0.01135   -0.01053     2.8304     2.8416    20.3700    20.3715    36.4915    36.4923    25.8010    25.8012    1536.12    123.226    123.714         39 0.0000e+00
      19426    809.371    148.970    150.000    20.2964    20.2997   5.012104   5.012676     2.0105     1.6639      99.97   26.05032  -93.23781   -0.00826   -0.00765     2.7697     2.7785    20.2681    20.2714    36.4974    36.4990    25.8321    25.8325    1535.52    120.577    120.960         33 0.0000e+00
      19468    811.132    149.963    151.000    20.2509    20.2529   5.009036   5.009338     1.9869     1.6408     100.00   26.05716  -93.26228   -0.01173   -0.01169     2.7214     2.7263    20.2225    20.2245    36.5132    36.5140    25.8572    25.8572    1535.86    118.473    118.688         41 0.0000e+00
      19506    812.692    150.956    152.000    20.2355    20.2370   5.007726   5.007978     1.9655     1.6234     100.00   26.05716  -93.26228   -0.01488   -0.01387     2.6765     2.6864    20.2070    20.2085    36.5154    36.5162    25.8630    25.8632    1535.80    116.520    116.948         33 0.0000e+00
      19537    813.991    151.948    153.000    20.2236    20.2250   5.006705   5.006941     1.9559     1.6163     100.00   26.05716  -93.26228   -0.01290   -0.01088     2.6570     2.6704    20.1949    20.1963    36.5170    36.5177    25.8674    25.8676    1535.74    115.667    116.254         30 0.0000e+00
      19566    815.222    152.941    154.000    20.2066    20.2083   5.005249   5.005499     1.9491     1.6101     100.00   26.05716  -93.26228   -0.00874   -0.00686     2.6435     2.6568    20.1776    20.1793    36.5195    36.5200    25.8739    25.8739    1535.68    115.082    115.660         30 0.0000e+00
      19598    816.532    153.934    155.000    20.1778    20.1803   5.002855   5.003174     1.9410     1.6018     100.00   26.05718  -93.26228   -0.00625   -0.00544     2.6274     2.6385    20.1488    20.1513    36.5235    36.5243    25.8848    25.8847    1535.62    114.379    114.860         33 0.0000e+00
      19632    817.948    154.926    156.000    20.1299    20.1349   4.998059   4.998693     1.9305     1.5911     100.00   26.05718  -93.26228   -0.00630   -0.00634     2.6078     2.6160    20.1007    20.1057    36.5261    36.5270    25.8995    25.8989    1535.55    113.523    113.882         35 0.0000e+00
      19667    819.429    155.919    157.000    19.9901    19.9960   4.983914   4.984670     1.9173     1.5790     100.00   26.05718  -93.26228   -0.00758   -0.00747     2.5868     2.5944    19.9608    19.9668    36.5307    36.5317    25.9403    25.9395    1535.49    112.608    112.934         35 0.0000e+00
      19699    820.764    156.912    158.000    19.9319    19.9351   4.977767   4.978236     1.9043     1.5667     100.00   26.05718  -93.26228   -0.00888   -0.00833     2.5620     2.5683    19.9026    19.9057    36.5301    36.5312    25.9553    25.9553    1535.43    111.526    111.799         30 0.0000e+00
      19729    822.009    157.905    159.000    19.8186    19.8244   4.965428   4.966204     1.8951     1.5593      94.34   26.05718  -93.26228   -0.00905   -0.00833     2.5482     2.5566    19.7891    19.7950    36.5265    36.5278    25.9826    25.9820    1535.37    110.920    111.285         31 0.0000e+00
      19763    823.436    158.897    160.000    19.7073    19.7127   4.953173   4.953928     1.8859     1.5516      95.49   26.05718  -93.26228   -0.00779   -0.00664     2.5341     2.5439    19.6778    19.6831    36.5216    36.5232    26.0082    26.0080    1535.30    110.306    110.732         37 0.0000e+00
      19800    824.953    159.890    161.000    19.6094    19.6152   4.942269   4.943042     1.8772     1.5437     100.05   26.05718  -93.26228   -0.00638   -0.00537     2.5206     2.5300    19.5798    19.5856    36.5162    36.5176    26.0298    26.0294    1535.24    109.714    110.122         34 0.0000e+00
      19831    826.268    160.883    162.000    19.5203    19.5239   4.932306   4.932841     1.8705     1.5386     100.00   26.05718  -93.26228   -0.00573   -0.00501     2.5107     2.5226    19.4906    19.4942    36.5108    36.5121    26.0491    26.0492    1535.17    109.283    109.798         30 0.0000e+00
      19861    827.499    161.875    163.000    19.4553    19.4580   4.925139   4.925564     1.8655     1.5345      58.94   26.05718  -93.26228   -0.00514   -0.00418     2.5035     2.5161    19.4255    19.4282    36.5076    36.5088    26.0636    26.0638    1535.11    108.964    109.517         30 0.0000e+00
      19893    828.839    162.868    164.000    19.4133    19.4160   4.920513   4.920927     1.8614     1.5312      99.20   26.05718  -93.26228   -0.00412   -0.00332     2.4970     2.5106    19.3834    19.3861    36.5054    36.5065    26.0730    26.0731    1535.04    108.684    109.273         34 0.0000e+00
      19928    830.292    163.861    165.000    19.3611    19.3657   4.914770   4.915394     1.8576     1.5282     100.00   26.05718  -93.26228   -0.00318   -0.00257     2.4916     2.5060    19.3310    19.3356    36.5028    36.5040    26.0847    26.0844    1534.98    108.444    109.072         36 0.0000e+00
      19966    831.869    164.854    166.000    19.3025    19.3050   4.908306   4.908701     1.8541     1.5250     100.00   26.05718  -93.26228   -0.00254   -0.00207     2.4871     2.5015    19.2724    19.2749    36.4998    36.5009    26.0976    26.0978    1534.91    108.249    108.877         37 0.0000e+00
      20052    835.467    167.832    169.000    19.0844    19.0860   4.883888   4.884177     1.8530     1.5282      99.98   26.05161  -93.24234   -0.00067    0.00049     2.4969     2.5207    19.0540    19.0555    36.4829    36.4840    26.1406    26.1410    1534.38    108.671    109.707         34 0.0000e+00
      20093    837.163    168.824    170.000    19.0647    19.0668   4.882296   4.882658     1.8579     1.5326     100.00   26.05718  -93.26228    0.00186    0.00271     2.5074     2.5315    19.0341    19.0362    36.4893    36.4904    26.1512    26.1515    1534.64    109.128    110.178         39 0.0000e+00
      20131    838.730    169.817    171.000    18.9061    18.9096   4.864197   4.865003     1.8603     1.5352     100.00   26.05718  -93.26228    0.00258    0.00250     2.5228     2.5471    18.8755    18.8789    36.4761    36.4774    26.1819    26.1820    1534.57    109.794    110.852         35 0.0000e+00
      20163    840.095    170.810    172.000    18.8622    18.8631   4.859359   4.859566     1.8682     1.5441     100.00   26.05718  -93.26228    0.00257    0.00282     2.5428     2.5712    18.8314    18.8323    36.4737    36.4748    26.1914    26.1920    1534.50    110.662    111.901         30 0.0000e+00
      20217    842.334    172.795    174.000    18.8162    18.8176   4.853750   4.854007     1.8783     1.5526      99.98   26.05267  -93.24614    0.00548    0.00537     2.5684     2.5951    18.7851    18.7865    36.4641    36.4650    26.1953    26.1957    1534.10    111.776    112.936         32 0.0000e+00
      20257    843.994    173.788    175.000    18.7471    18.7509   4.846324   4.846871     1.8774     1.5501     100.00   26.05718  -93.26228    0.00258    0.00176     2.5702     2.5925    18.7159    18.7197    36.4640    36.4653    26.2135    26.2135    1534.30    111.855    112.824         42 0.0000e+00
      20298    845.692    174.780    176.000    18.6919    18.6953   4.840040   4.840532     1.8739     1.5459      99.78   26.05718  -93.26228   -0.00107   -0.00192     2.5656     2.5854    18.6606    18.6640    36.4593    36.4604    26.2239    26.2240    1534.23    111.653    112.514         35 0.0000e+00
      20383    849.258    177.758    179.000    18.5540    18.5581   4.823997   4.824583     1.8691     1.5421      99.99   26.05423  -93.25171   -0.00124   -0.00103     2.5635     2.5842    18.5224    18.5264    36.4427    36.4441    26.2460    26.2460    1533.85    111.556    112.457         34 0.0000e+00
      20424    850.952    178.751    180.000    18.5086    18.5124   4.819151   4.819693     1.8666     1.5398      88.09   26.05718  -93.26228   -0.00128   -0.00091     2.5605     2.5811    18.4768    18.4806    36.4428    36.4440    26.2580    26.2579    1533.96    111.426    112.321         43 0.0000e+00
      20463    852.585    179.744    181.000    18.4700    18.4729   4.814769   4.815205     1.8646     1.5374      93.03   26.05718  -93.26228   -0.00149   -0.00150     2.5585     2.5776    18.4380    18.4409    36.4393    36.4405    26.2652    26.2653    1533.89    111.336    112.171         32 0.0000e+00
      20516    854.811    181.729    183.000    18.3761    18.3777   4.803740   4.804024     1.8628     1.5357      99.99   26.05460  -93.25298   -0.00101   -0.00118     2.5603     2.5791    18.3440    18.3456    36.4271    36.4280    26.2793    26.2796    1533.60    111.417    112.234         30 0.0000e+00
      20552    856.276    182.721    184.000    18.3475    18.3500   4.800619   4.801014     1.8634     1.5380      57.40   26.05720  -93.26228   -0.00037   -0.00006     2.5633     2.5862    18.3151    18.3177    36.4263    36.4274    26.2862    26.2863    1533.69    111.544    112.542         37 0.0000e+00
      20590    857.874    183.714    185.000    18.3158    18.3173   4.797027   4.797277     1.8636     1.5379      96.90   26.05720  -93.26228    0.00021    0.00088     2.5658     2.5880    18.2834    18.2848    36.4234    36.4242    26.2919    26.2922    1533.62    111.654    112.618         37 0.0000e+00
      20623    859.246    184.707    186.000    18.2939    18.2957   4.794567   4.794871     1.8626     1.5364     100.05   26.05720  -93.26228   -0.00006   -0.00010     2.5650     2.5856    18.2613    18.2631    36.4215    36.4224    26.2960    26.2963    1533.56    111.617    112.516         30 0.0000e+00
      20653    860.491    185.699    187.000    18.2659    18.2676   4.791363   4.791639     1.8612     1.5352     100.00   26.05720  -93.26228   -0.00063   -0.00088     2.5636     2.5845    18.2331    18.2348    36.4187    36.4195    26.3009    26.3011    1533.49    111.557    112.466         31 0.0000e+00
