GOMECC/GOMECC-4/1db/rb2103_0001.ros
* Sea-Bird SBE 9 Data File:
* FileName = C:\Users\scs.user.rb\CTD\GOMECC4\data\rb2103_000.hex
* Software Version Seasave V 7.26.7.107
* Temperature SN = 4799
* Conductivity SN = 3860
* Number of Bytes Per Scan = 41
* Number of Voltage Words = 4
* Number of Scans Averaged by the Deck Unit = 1
* NMEA Latitude = 24 13.42 N
* NMEA Longitude = 081 36.66 W
* NMEA UTC (Time) = Sep 13 2021  22:57:13
* NMEA baud rate = 4800
# nquan = 17
# nvalues = 3192                                  
# units = specified
# name 0 = scan: Scan Count
# name 1 = timeS: Time, Elapsed [seconds]
# name 2 = depSM: Depth [salt water, m]
# name 3 = prDM: Pressure, Digiquartz [db]
# name 4 = t090C: Temperature [ITS-90, deg C]
# name 5 = t190C: Temperature, 2 [ITS-90, deg C]
# name 6 = c0S/m: Conductivity [S/m]
# name 7 = c1S/m: Conductivity, 2 [S/m]
# name 8 = sbeox0V: Oxygen raw, SBE 43 [V]
# name 9 = sbeox1V: Oxygen raw, SBE 43, 2 [V]
# name 10 = altM: Altimeter [m]
# name 11 = latitude: Latitude [deg]
# name 12 = longitude: Longitude [deg]
# name 13 = sbox0dV/dT: Oxygen, SBE 43 [dov/dt]
# name 14 = sbox1dV/dT: Oxygen, SBE 43, 2 [dov/dt]
# name 15 = nbf: Bottles Fired
# name 16 = flag:  0.000e+00
# interval = seconds: 0.0416667
# start_time = Sep 13 2021 22:57:13 [NMEA time, header]
# bad_flag = -9.990e-29
*END*
[from data line 852]
      47351   1972.917   1235.504   1247.162     9.0661     9.0676   3.751840   3.752049     1.6239     1.3309      27.03   24.22558  -81.60932   -0.00011    0.00003          7  0.000e+00
      47352   1972.958   1235.604   1247.263     9.0661     9.0676   3.751827   3.752069     1.6239     1.3321      27.03   24.22558  -81.60932   -0.00009    0.00002          7  0.000e+00
      47353   1973.000   1235.558   1247.216     9.0656     9.0679   3.751847   3.752055     1.6239     1.3321      27.01   24.22558  -81.60932   -0.00007    0.00001          7  0.000e+00
      47354   1973.042   1235.604   1247.263     9.0656     9.0678   3.751847   3.752069     1.6239     1.3309      27.01   24.22558  -81.60932   -0.00008   -0.00000          7  0.000e+00
      47355   1973.083   1235.558   1247.216     9.0651     9.0677   3.751807   3.752029     1.6239     1.3321      27.01   24.22558  -81.60932   -0.00006   -0.00001          7  0.000e+00
      47356   1973.125   1235.558   1247.216     9.0653     9.0676   3.751807   3.752035     1.6239     1.3321      27.01   24.22558  -81.60932   -0.00005   -0.00001          7  0.000e+00
      47357   1973.167   1235.604   1247.263     9.0651     9.0675   3.751794   3.752022     1.6239     1.3309      27.01   24.22558  -81.60932   -0.00003   -0.00002          7  0.000e+00
      47358   1973.208   1235.558   1247.216     9.0655     9.0676   3.751807   3.752035     1.6239     1.3321      27.01   24.22558  -81.60932   -0.00001   -0.00003          7  0.000e+00
      47359   1973.250   1235.604   1247.263     9.0656     9.0678   3.751794   3.752022     1.6227     1.3321      27.01   24.22558  -81.60932   -0.00003   -0.00002          7  0.000e+00
      47360   1973.292   1235.604   1247.263     9.0658     9.0677   3.751814   3.752035     1.6227     1.3321      27.01   24.22558  -81.60932   -0.00005   -0.00003          7  0.000e+00
      47361   1973.333   1235.558   1247.216     9.0658     9.0678   3.751814   3.751995     1.6239     1.3321      27.01   24.22558  -81.60932   -0.00004   -0.00003          7  0.000e+00
      47362   1973.375   1235.577   1247.236     9.0659     9.0676   3.751794   3.752002     1.6239     1.3321      27.01   24.22558  -81.60932   -0.00002   -0.00002          7  0.000e+00
      47363   1973.417   1235.604   1247.263     9.0658     9.0664   3.751755   3.751988     1.6239     1.3309      27.01   24.22558  -81.60932   -0.00003   -0.00003          7  0.000e+00
      47364   1973.458   1235.604   1247.263     9.0658     9.0661   3.751728   3.751955     1.6227     1.3321      27.01   24.22558  -81.60932   -0.00003   -0.00003          7  0.000e+00
      47365   1973.500   1235.604   1247.263     9.0656     9.0656   3.751801   3.751868     1.6227     1.3333      27.01   24.22558  -81.60932   -0.00003   -0.00000          7  0.000e+00
      47366   1973.542   1235.604   1247.263     9.0656     9.0659   3.751768   3.751868     1.6227     1.3321      27.01   24.22558  -81.60932   -0.00003    0.00001          7  0.000e+00
      47367   1973.583   1235.604   1247.263     9.0646     9.0671   3.751728   3.751928     1.6239     1.3309      27.01   24.22558  -81.60932   -0.00002   -0.00001          7  0.000e+00
      47368   1973.625   1235.604   1247.263     9.0639     9.0667   3.751742   3.751968     1.6239     1.3321      27.01   24.22558  -81.60932    0.00000 8.7921e-07          7  0.000e+00
      47369   1973.667   1235.604   1247.263     9.0642     9.0666   3.751702   3.751982     1.6227     1.3333      27.01   24.22558  -81.60932 -1.758e-07    0.00001          7  0.000e+00
      47370   1973.708   1235.604   1247.263     9.0651     9.0676   3.751709   3.752029     1.6227     1.3321      27.01   24.22558  -81.60932   -0.00000    0.00001          7  0.000e+00
      47371   1973.750   1235.557   1247.216     9.0659     9.0680   3.751774   3.752069     1.6239     1.3309      27.01   24.22558  -81.60932    0.00002    0.00000          7  0.000e+00
      47372   1973.792   1235.657   1247.317     9.0661     9.0683   3.751814   3.752129     1.6239     1.3321      27.01   24.22558  -81.60932    0.00003    0.00001          7  0.000e+00
      47373   1973.833   1235.604   1247.263     9.0663     9.0686   3.751788   3.752169     1.6239     1.3321      27.01   24.22558  -81.60932    0.00003    0.00001          7  0.000e+00
      47374   1973.875   1235.604   1247.263     9.0663     9.0694   3.751788   3.752229     1.6227     1.3321      27.01   24.22558  -81.60932    0.00003    0.00002          7  0.000e+00
      47375   1973.917   1235.604   1247.263     9.0659     9.0698   3.751834   3.752222     1.6227     1.3321      27.01   24.22558  -81.60932    0.00003    0.00003          7  0.000e+00
      47376   1973.958   1235.604   1247.263     9.0663     9.0696   3.751827   3.752189     1.6239     1.3309      27.01   24.22558  -81.60932    0.00005    0.00002          7  0.000e+00
      47377   1974.000   1235.577   1247.236     9.0665     9.0695   3.751814   3.752202     1.6239     1.3321      26.98   24.22558  -81.60932    0.00006    0.00002          7  0.000e+00
      47378   1974.042   1235.657   1247.317     9.0663     9.0696   3.751821   3.752262     1.6239     1.3321      26.96   24.22558  -81.60932    0.00006    0.00003          7  0.000e+00
      47379   1974.083   1235.557   1247.216     9.0665     9.0697   3.751847   3.752282     1.6227     1.3309      26.96   24.22558  -81.60932    0.00005    0.00002          7  0.000e+00
      47380   1974.125   1235.604   1247.263     9.0666     9.0698   3.751873   3.752282     1.6239     1.3321      26.96   24.22558  -81.60932    0.00006    0.00003          7  0.000e+00
      47381   1974.167   1235.604   1247.263     9.0663     9.0696   3.751840   3.752256     1.6239     1.3321      26.94   24.22558  -81.60932    0.00008    0.00005          7  0.000e+00
      47382   1974.208   1235.604   1247.263     9.0661     9.0697   3.751867   3.752249     1.6239     1.3321      26.96   24.22558  -81.60932    0.00010    0.00006          7  0.000e+00
      47383   1974.250   1235.604   1247.263     9.0663     9.0691   3.751860   3.752222     1.6239     1.3309      26.96   24.22558  -81.60932    0.00010    0.00005          7  0.000e+00
      47384   1974.292   1235.604   1247.263     9.0665     9.0692   3.751880   3.752216     1.6227     1.3321      26.96   24.22558  -81.60932    0.00008    0.00004          7  0.000e+00
      47385   1974.333   1235.557   1247.216     9.0663     9.0697   3.751854   3.752216     1.6239     1.3309      26.96   24.22558  -81.60932    0.00009    0.00003          7  0.000e+00
      47386   1974.375   1235.604   1247.263     9.0661     9.0691   3.751854   3.752189     1.6239     1.3321      26.96   24.22558  -81.60932    0.00009    0.00004          7  0.000e+00
      47387   1974.417   1235.557   1247.216     9.0661     9.0689   3.751821   3.752202     1.6239     1.3333      26.96   24.22558  -81.60932    0.00011    0.00006          7  0.000e+00
      47388   1974.458   1235.604   1247.263     9.0661     9.0690   3.751847   3.752162     1.6239     1.3309      26.96   24.22558  -81.60932    0.00011    0.00005          7  0.000e+00
      47389   1974.500   1235.604   1247.263     9.0661     9.0689   3.751847   3.752149     1.6227     1.3321      26.96   24.22558  -81.60932    0.00009    0.00004          7  0.000e+00
      47390   1974.542   1235.557   1247.216     9.0661     9.0694   3.751880   3.752149     1.6227     1.3321      26.96   24.22558  -81.60932    0.00007    0.00005          7  0.000e+00
      47391   1974.583   1235.604   1247.263     9.0661     9.0694   3.751913   3.752149     1.6239     1.3309      26.96   24.22558  -81.60932    0.00008    0.00004          7  0.000e+00
      47392   1974.625   1235.577   1247.236     9.0661     9.0692   3.751887   3.752149     1.6239     1.3321      26.96   24.22558  -81.60932    0.00010    0.00003          7  0.000e+00
      47393   1974.667   1235.557   1247.216     9.0663     9.0692   3.751860   3.752169     1.6239     1.3309      26.96   24.22558  -81.60932    0.00010    0.00002          7  0.000e+00
      47394   1974.708   1235.557   1247.216     9.0663     9.0691   3.751847   3.752155     1.6239     1.3321      26.94   24.22558  -81.60932    0.00011    0.00001          7  0.000e+00
      47395   1974.750   1235.604   1247.263     9.0659     9.0691   3.751854   3.752149     1.6227     1.3321      26.96   24.22558  -81.60932    0.00009    0.00002          7  0.000e+00
      47396   1974.792   1235.557   1247.216     9.0661     9.0689   3.751834   3.752149     1.6239     1.3321      26.96   24.22558  -81.60932    0.00011    0.00004          7  0.000e+00
      47397   1974.833   1235.557   1247.216     9.0661     9.0691   3.751840   3.752149     1.6239     1.3309      26.96   24.22558  -81.60932    0.00012    0.00001          7  0.000e+00
      47398   1974.875   1235.557   1247.216     9.0661     9.0692   3.751854   3.752169     1.6239     1.3321      26.96   24.22558  -81.60932    0.00012    0.00002          7  0.000e+00
      47399   1974.917   1235.557   1247.216     9.0663     9.0691   3.751821   3.752182     1.6227     1.3321      26.96   24.22558  -81.60932    0.00012    0.00003          7  0.000e+00
      47400   1974.958   1235.557   1247.216     9.0659     9.0694   3.751847   3.752155     1.6227     1.3309      26.96   24.22558  -81.60932    0.00010    0.00002          7  0.000e+00
      47401   1975.000   1235.557   1247.216     9.0659     9.0692   3.751821   3.752149     1.6239     1.3321      26.96   24.22558  -81.60932    0.00012    0.00003          7  0.000e+00
      47402   1975.042   1235.557   1247.216     9.0663     9.0688   3.751847   3.752095     1.6239     1.3309      26.98   24.22558  -81.60932    0.00013    0.00002          7  0.000e+00
      47403   1975.083   1235.557   1247.216     9.0665     9.0684   3.751807   3.752029     1.6239     1.3321      26.98   24.22558  -81.60932    0.00013    0.00001          7  0.000e+00
      47404   1975.125   1235.504   1247.162     9.0666     9.0683   3.751854   3.751935     1.6227     1.3321      26.98   24.22558  -81.60932    0.00013    0.00002          7  0.000e+00
      47405   1975.167   1235.557   1247.216     9.0661     9.0683   3.751840   3.751888     1.6227     1.3309      26.98   24.22558  -81.60932    0.00011    0.00001          7  0.000e+00
      47406   1975.208   1235.557   1247.216     9.0665     9.0675   3.751867   3.751882     1.6239     1.3321      26.98   24.22558  -81.60932    0.00010   -0.00000          7  0.000e+00
      47407   1975.250   1235.531   1247.189     9.0666     9.0667   3.751860   3.751855     1.6239     1.3321      27.01   24.22558  -81.60932    0.00012    0.00001          7  0.000e+00
      47408   1975.292   1235.557   1247.216     9.0665     9.0661   3.751847   3.751868     1.6239     1.3321      26.98   24.22558  -81.60932    0.00012    0.00001          7  0.000e+00
      47409   1975.333   1235.557   1247.216     9.0663     9.0659   3.751854   3.751855     1.6239     1.3309      26.98   24.22558  -81.60932    0.00011   -0.00001          7  0.000e+00
      47410   1975.375   1235.504   1247.162     9.0666     9.0661   3.751860   3.751895     1.6227     1.3321      26.98   24.22558  -81.60932    0.00011   -0.00001          7  0.000e+00
      47411   1975.417   1235.504   1247.162     9.0669     9.0666   3.751821   3.751962     1.6239     1.3321      26.98   24.22558  -81.60932    0.00013    0.00000          7  0.000e+00
      47412   1975.458   1235.557   1247.216     9.0669     9.0676   3.751847   3.752055     1.6239     1.3321      26.98   24.22558  -81.60932    0.00014   -0.00001          7  0.000e+00
      47413   1975.500   1235.504   1247.162     9.0669     9.0678   3.751821   3.752055     1.6239     1.3309      26.98   24.22558  -81.60932    0.00014   -0.00002          7  0.000e+00
      47414   1975.542   1235.504   1247.162     9.0669     9.0683   3.751847   3.752069     1.6227     1.3321      26.98   24.22558  -81.60932    0.00012   -0.00003          7  0.000e+00
      47415   1975.583   1235.557   1247.216     9.0668     9.0687   3.751834   3.752102     1.6227     1.3321      26.98   24.22558  -81.60932    0.00010   -0.00004          7  0.000e+00
      47416   1975.625   1235.504   1247.162     9.0666     9.0688   3.751867   3.752162     1.6227     1.3321      26.98   24.22558  -81.60932    0.00008   -0.00003          7  0.000e+00
      47417   1975.667   1235.504   1247.162     9.0665     9.0687   3.751860   3.752155     1.6239     1.3321      27.01   24.22558  -81.60932    0.00007   -0.00004          7  0.000e+00
      47418   1975.708   1235.504   1247.162     9.0666     9.0689   3.751847   3.752149     1.6239     1.3321      26.98   24.22558  -81.60932    0.00007   -0.00003          7  0.000e+00
      47419   1975.750   1235.504   1247.162     9.0668     9.0692   3.751880   3.752169     1.6239     1.3309      26.98   24.22558  -81.60932    0.00006   -0.00004          7  0.000e+00
      47420   1975.792   1235.504   1247.162     9.0666     9.0695   3.751880   3.752182     1.6239     1.3321      26.98   24.22558  -81.60932    0.00006   -0.00003          7  0.000e+00
      47421   1975.833   1235.557   1247.215     9.0669     9.0696   3.751887   3.752202     1.6239     1.3321      26.98   24.22558  -81.60932    0.00007   -0.00003          7  0.000e+00
      47422   1975.875   1235.477   1247.135     9.0668     9.0696   3.751893   3.752189     1.6239     1.3321      26.98   24.22558  -81.60932    0.00009   -0.00004          7  0.000e+00
      47423   1975.917   1235.504   1247.162     9.0668     9.0695   3.751906   3.752182     1.6239     1.3321      27.01   24.22558  -81.60932    0.00010   -0.00003          7  0.000e+00
      47424   1975.958   1235.504   1247.162     9.0668     9.0694   3.751920   3.752182     1.6227     1.3321      26.98   24.22558  -81.60932    0.00008   -0.00002          7  0.000e+00
      47425   1976.000   1235.504   1247.162     9.0665     9.0698   3.751913   3.752202     1.6227     1.3309      27.01   24.22558  -81.60932    0.00006   -0.00003          7  0.000e+00
      47426   1976.042   1235.504   1247.162     9.0666     9.0697   3.751920   3.752216     1.6227     1.3321      27.03   24.22558  -81.60932    0.00005   -0.00003          7  0.000e+00
      47427   1976.083   1235.504   1247.162     9.0669     9.0698   3.751926   3.752236     1.6227     1.3321      27.03   24.22558  -81.60932    0.00005   -0.00004          7  0.000e+00
      47428   1976.125   1235.504   1247.162     9.0673     9.0695   3.751913   3.752249     1.6227     1.3321      27.03   24.22558  -81.60932    0.00004   -0.00003          7  0.000e+00
      47429   1976.167   1235.504   1247.162     9.0673     9.0694   3.751920   3.752222     1.6227     1.3321      27.03   24.22558  -81.60932    0.00002   -0.00004          7  0.000e+00
      47477   1978.167   1235.357   1247.013     9.0695     9.0617   3.752177   3.751527     1.6239     1.3333      26.98   24.22558  -81.60932    0.00006    0.00020          8  0.000e+00
      47478   1978.208   1235.656   1247.316     9.0697     9.0606   3.752177   3.751441     1.6239     1.3321      26.98   24.22558  -81.60932    0.00007    0.00020          8  0.000e+00
      47479   1978.250   1235.656   1247.316     9.0700     9.0603   3.752183   3.751421     1.6239     1.3321      26.98   24.22558  -81.60932    0.00006    0.00019          8  0.000e+00
      47480   1978.292   1235.557   1247.215     9.0708     9.0607   3.752236   3.751394     1.6227     1.3321      26.98   24.22558  -81.60932    0.00006    0.00019          8  0.000e+00
      47481   1978.333   1235.656   1247.316     9.0713     9.0606   3.752249   3.751387     1.6239     1.3309      26.98   24.22558  -81.60932    0.00007    0.00018          8  0.000e+00
