GOMECC/GOMECC-4/1db/rb2103_1031.ros
* Sea-Bird SBE 9 Data File:
* FileName = C:\Users\scs.user.rb\CTD\GOMECC4\data\rb2103_1031.hex
* Software Version Seasave V 7.26.7.107
* Temperature SN = 4799
* Conductivity SN = 3860
* Number of Bytes Per Scan = 41
* Number of Voltage Words = 4
* Number of Scans Averaged by the Deck Unit = 1
* NMEA Latitude = 24 23.15 N
* NMEA Longitude = 088 00.13 W
* NMEA UTC (Time) = Oct 13 2021  03:19:12
* NMEA baud rate = 4800
# nquan = 17
# nvalues = 1862                                  
# units = specified
# name 0 = scan: Scan Count
# name 1 = timeS: Time, Elapsed [seconds]
# name 2 = depSM: Depth [salt water, m]
# name 3 = prDM: Pressure, Digiquartz [db]
# name 4 = t090C: Temperature [ITS-90, deg C]
# name 5 = t190C: Temperature, 2 [ITS-90, deg C]
# name 6 = c0S/m: Conductivity [S/m]
# name 7 = c1S/m: Conductivity, 2 [S/m]
# name 8 = sbeox0V: Oxygen raw, SBE 43 [V]
# name 9 = sbeox1V: Oxygen raw, SBE 43, 2 [V]
# name 10 = altM: Altimeter [m]
# name 11 = latitude: Latitude [deg]
# name 12 = longitude: Longitude [deg]
# name 13 = sbox0dV/dT: Oxygen, SBE 43 [dov/dt]
# name 14 = sbox1dV/dT: Oxygen, SBE 43, 2 [dov/dt]
# name 15 = nbf: Bottles Fired
# name 16 = flag:  0.000e+00
# interval = seconds: 0.0416667
# start_time = Oct 13 2021 03:19:12 [NMEA time, header]
# bad_flag = -9.990e-29
*END*
[from data line 1022]
      76670   3194.542     75.759     76.260    23.6778    23.6315   5.351099   5.345162     3.0110     2.5592     100.00   24.39346  -88.01504    0.00105    0.00092          8  0.000e+00
      76671   3194.583     75.705     76.206    23.6772    23.6322   5.351137   5.345139     3.0110     2.5592     100.00   24.39346  -88.01504    0.00100    0.00098          8  0.000e+00
      76672   3194.625     75.712     76.213    23.6787    23.6308   5.351229   5.344660     3.0110     2.5592     100.00   24.39346  -88.01504    0.00094    0.00103          8  0.000e+00
      76673   3194.667     75.759     76.260    23.6812    23.6270   5.351320   5.343950     3.0098     2.5592     100.00   24.39346  -88.01504    0.00087    0.00109          8  0.000e+00
      76674   3194.708     75.712     76.213    23.6816    23.6195   5.351343   5.343455     3.0110     2.5592     100.00   24.39346  -88.01504    0.00080    0.00113          8  0.000e+00
      76675   3194.750     75.712     76.213    23.6822    23.6129   5.351305   5.343262     3.0098     2.5592     100.00   24.39346  -88.01504    0.00070    0.00117          8  0.000e+00
      76676   3194.792     75.705     76.206    23.6824    23.6105   5.351328   5.343363     3.0110     2.5592     100.00   24.39346  -88.01506    0.00065    0.00121          8  0.000e+00
      76677   3194.833     75.658     76.158    23.6837    23.6147   5.351343   5.343540     3.0110     2.5604      99.05   24.39346  -88.01506    0.00059    0.00126          8  0.000e+00
      76678   3194.875     75.759     76.261    23.6835    23.6215   5.351404   5.343648     3.0098     2.5592      78.66   24.39346  -88.01506    0.00052    0.00128          8  0.000e+00
      76679   3194.917     75.705     76.206    23.6839    23.6201   5.351534   5.343703     3.0098     2.5592      66.96   24.39346  -88.01506    0.00044    0.00130          8  0.000e+00
      76680   3194.958     75.712     76.213    23.6874    23.6170   5.351663   5.343811     3.0098     2.5592      65.64   24.39346  -88.01506    0.00037    0.00132          8  0.000e+00
      76681   3195.000     75.705     76.206    23.6910    23.6160   5.351694   5.343919     3.0098     2.5592      66.62   24.39346  -88.01506    0.00029    0.00134          8  0.000e+00
      76682   3195.042     75.658     76.158    23.6894    23.6164   5.351793   5.343965     3.0098     2.5592      67.08   24.39346  -88.01506    0.00022    0.00135          8  0.000e+00
      76683   3195.083     75.712     76.213    23.6887    23.6170   5.351900   5.343911     3.0110     2.5604      67.11   24.39346  -88.01506    0.00016    0.00136          8  0.000e+00
      76684   3195.125     75.705     76.206    23.6901    23.6172   5.351945   5.343896     3.0098     2.5592      67.06   24.39346  -88.01506    0.00011    0.00136          8  0.000e+00
      76685   3195.167     75.658     76.159    23.6884    23.6191   5.351823   5.343957     3.0110     2.5604      67.03   24.39346  -88.01506    0.00007    0.00138          8  0.000e+00
      76686   3195.208     75.658     76.159    23.6862    23.6204   5.351785   5.343950     3.0110     2.5604      67.03   24.39346  -88.01506    0.00001    0.00138          8  0.000e+00
      76687   3195.250     75.712     76.213    23.6862    23.6207   5.351747   5.343903     3.0110     2.5604      67.06   24.39346  -88.01506   -0.00003    0.00138          8  0.000e+00
      76688   3195.292     75.712     76.213    23.6860    23.6215   5.351671   5.343857     3.0110     2.5604      67.06   24.39346  -88.01506   -0.00007    0.00137          8  0.000e+00
      76689   3195.333     75.658     76.159    23.6815    23.6197   5.351480   5.343749     3.0110     2.5617      67.03   24.39346  -88.01506   -0.00011    0.00136          8  0.000e+00
      76690   3195.375     75.712     76.213    23.6738    23.6168   5.351259   5.343718     3.0110     2.5617      67.06   24.39346  -88.01506   -0.00015    0.00136          8  0.000e+00
      76691   3195.417     75.658     76.159    23.6667    23.6150   5.350970   5.343679     3.0098     2.5617      67.06   24.39346  -88.01506   -0.00019    0.00134          8  0.000e+00
      76692   3195.458     75.658     76.159    23.6605    23.6147   5.350733   5.343741     3.0110     2.5617      67.03   24.39346  -88.01506   -0.00021    0.00131          8  0.000e+00
      76693   3195.500     75.713     76.213    23.6513    23.6159   5.350612   5.343764     3.0122     2.5617      67.06   24.39346  -88.01506   -0.00021    0.00128          8  0.000e+00
      76694   3195.542     75.658     76.159    23.6415    23.6175   5.350520   5.343726     3.0110     2.5617      67.06   24.39346  -88.01506   -0.00025    0.00124          8  0.000e+00
      76695   3195.583     75.713     76.214    23.6398    23.6186   5.350398   5.343811     3.0110     2.5617      67.06   24.39346  -88.01506   -0.00029    0.00121          8  0.000e+00
      76696   3195.625     75.658     76.159    23.6472    23.6186   5.350299   5.343880     3.0110     2.5617      67.06   24.39346  -88.01506   -0.00031    0.00117          8  0.000e+00
      76697   3195.667     75.658     76.159    23.6537    23.6188   5.350276   5.343988     3.0110     2.5617      67.03   24.39346  -88.01506   -0.00034    0.00112          8  0.000e+00
      76698   3195.708     75.713     76.214    23.6553    23.6199   5.350276   5.344027     3.0122     2.5617      67.06   24.39346  -88.01506   -0.00037    0.00108          8  0.000e+00
      76699   3195.750     75.659     76.159    23.6462    23.6218   5.350345   5.344089     3.0110     2.5617      67.06   24.39346  -88.01506   -0.00040    0.00103          8  0.000e+00
      76700   3195.792     75.659     76.159    23.6392    23.6229   5.350459   5.344212     3.0110     2.5617      67.84   24.39346  -88.01506   -0.00044    0.00098          8  0.000e+00
      76701   3195.833     75.659     76.159    23.6366    23.6242   5.350627   5.344313     3.0122     2.5629      88.11   24.39346  -88.01506   -0.00046    0.00096          8  0.000e+00
      76702   3195.875     75.659     76.159    23.6449    23.6257   5.350833   5.344428     3.0110     2.5617     100.00   24.39346  -88.01506   -0.00050    0.00092          8  0.000e+00
      76703   3195.917     75.713     76.214    23.6594    23.6263   5.351061   5.344537     3.0110     2.5629     100.00   24.39346  -88.01506   -0.00054    0.00090          8  0.000e+00
      76704   3195.958     75.659     76.159    23.6672    23.6269   5.351145   5.344591     3.0122     2.5629     100.00   24.39346  -88.01506   -0.00056    0.00088          8  0.000e+00
      76705   3196.000     75.659     76.159    23.6706    23.6272   5.351229   5.344668     3.0110     2.5629     100.00   24.39346  -88.01506   -0.00060    0.00085          8  0.000e+00
      76706   3196.042     75.659     76.159    23.6726    23.6276   5.351381   5.344652     3.0122     2.5641      99.98   24.39346  -88.01506   -0.00062    0.00085          8  0.000e+00
      76707   3196.083     75.659     76.159    23.6744    23.6283   5.351564   5.344614     3.0122     2.5641     100.00   24.39346  -88.01506   -0.00064    0.00088          8  0.000e+00
      76708   3196.125     75.659     76.160    23.6826    23.6258   5.351770   5.344498     3.0122     2.5629     100.00   24.39346  -88.01506   -0.00067    0.00088          8  0.000e+00
      76709   3196.167     75.659     76.160    23.6932    23.6240   5.351991   5.344367     3.0122     2.5641     100.00   24.39346  -88.01506   -0.00069    0.00088          8  0.000e+00
      76710   3196.208     75.659     76.160    23.6997    23.6213   5.352250   5.344266     3.0122     2.5641     100.00   24.39346  -88.01506   -0.00071    0.00089          8  0.000e+00
      76711   3196.250     75.659     76.160    23.7006    23.6199   5.352448   5.344212     3.0122     2.5641     100.00   24.39346  -88.01506   -0.00074    0.00090          8  0.000e+00
      80256   3343.958     55.410     55.773    26.2541    26.2489   5.638664   5.638610     3.0256     2.5641     100.00   24.39392  -88.01618    0.00160    0.00072          9  0.000e+00
      80257   3344.000     55.342     55.705    26.2518    26.2496   5.638485   5.638539     3.0244     2.5641     100.00   24.39392  -88.01618    0.00159    0.00071          9  0.000e+00
      80258   3344.042     55.146     55.508    26.2468    26.2500   5.638259   5.638476     3.0256     2.5653      99.98   24.39392  -88.01618    0.00161    0.00071          9  0.000e+00
      80259   3344.083     55.247     55.610    26.2462    26.2489   5.638243   5.638318     3.0244     2.5641     100.00   24.39392  -88.01618    0.00161    0.00070          9  0.000e+00
      80260   3344.125     55.491     55.856    26.2456    26.2475   5.638041   5.638136     3.0244     2.5653     100.00   24.39392  -88.01618    0.00161    0.00070          9  0.000e+00
      80261   3344.167     55.342     55.706    26.2404    26.2480   5.637612   5.637954     3.0244     2.5641     100.00   24.39392  -88.01618    0.00162    0.00069          9  0.000e+00
      80262   3344.208     55.342     55.706    26.2395    26.2476   5.637573   5.637772     3.0232     2.5653     100.00   24.39392  -88.01618    0.00158    0.00069          9  0.000e+00
      80263   3344.250     55.390     55.753    26.2419    26.2437   5.637744   5.637622     3.0244     2.5653     100.00   24.39392  -88.01618    0.00158    0.00069          9  0.000e+00
      80264   3344.292     55.410     55.774    26.2409    26.2365   5.637682   5.637306     3.0244     2.5653     100.00   24.39392  -88.01618    0.00158    0.00068          9  0.000e+00
      80265   3344.333     55.342     55.706    26.2399    26.2301   5.637464   5.636975     3.0232     2.5653     100.00   24.39392  -88.01618    0.00157    0.00070          9  0.000e+00
      80266   3344.375     55.444     55.808    26.2368    26.2266   5.636988   5.636856     3.0232     2.5653     100.00   24.39392  -88.01618    0.00153    0.00070          9  0.000e+00
      80267   3344.417     55.390     55.754    26.2303    26.2259   5.636521   5.636769     3.0232     2.5641     100.00   24.39392  -88.01618    0.00150    0.00067          9  0.000e+00
      80268   3344.458     55.444     55.808    26.2259    26.2270   5.636146   5.636714     3.0232     2.5641     100.00   24.39392  -88.01618    0.00146    0.00065          9  0.000e+00
      80269   3344.500     55.390     55.754    26.2240    26.2302   5.636030   5.636848     3.0220     2.5641     100.00   24.39392  -88.01618    0.00141    0.00063          9  0.000e+00
      80270   3344.542     55.390     55.754    26.2220    26.2370   5.636022   5.637235     3.0220     2.5641     100.00   24.39392  -88.01618    0.00136    0.00061          9  0.000e+00
      80271   3344.583     55.390     55.754    26.2214    26.2410   5.635983   5.637733     3.0220     2.5641     100.00   24.39392  -88.01618    0.00130    0.00058          9  0.000e+00
      80272   3344.625     55.512     55.877    26.2214    26.2359   5.635983   5.638073     3.0220     2.5641     100.00   24.39392  -88.01618    0.00123    0.00056          9  0.000e+00
      80273   3344.667     55.390     55.754    26.2192    26.2325   5.635905   5.638215     3.0220     2.5629     100.00   24.39392  -88.01618    0.00116    0.00051          9  0.000e+00
      80274   3344.708     55.444     55.808    26.2160    26.2356   5.635772   5.638310     3.0220     2.5641     100.00   24.39392  -88.01618    0.00109    0.00050          9  0.000e+00
      80275   3344.750     55.492     55.856    26.2173    26.2428   5.635811   5.638460     3.0208     2.5641     100.00   24.39392  -88.01618    0.00100    0.00048          9  0.000e+00
      80276   3344.792     55.390     55.754    26.2202    26.2482   5.635882   5.638650     3.0208     2.5641     100.00   24.39392  -88.01620    0.00089    0.00045          9  0.000e+00
      80277   3344.833     55.445     55.809    26.2191    26.2506   5.635780   5.638871     3.0208     2.5629     100.00   24.39392  -88.01620    0.00079    0.00042          9  0.000e+00
      80278   3344.875     55.445     55.809    26.2191    26.2502   5.635811   5.638966     3.0208     2.5629     100.00   24.39392  -88.01620    0.00068    0.00038          9  0.000e+00
      80279   3344.917     55.458     55.822    26.2201    26.2484   5.635905   5.638981     3.0208     2.5629     100.00   24.39392  -88.01620    0.00057    0.00035          9  0.000e+00
      80280   3344.958     55.492     55.857    26.2223    26.2502   5.635959   5.639013     3.0208     2.5629     100.00   24.39392  -88.01620    0.00046    0.00032          9  0.000e+00
      80281   3345.000     55.445     55.809    26.2236    26.2522   5.636092   5.639060     3.0208     2.5629     100.00   24.39392  -88.01620    0.00037    0.00029          9  0.000e+00
      80282   3345.042     55.445     55.809    26.2254    26.2524   5.636427   5.639132     3.0208     2.5629     100.00   24.39392  -88.01620    0.00026    0.00026          9  0.000e+00
      80283   3345.083     55.445     55.809    26.2292    26.2544   5.636700   5.639266     3.0208     2.5629     100.00   24.39392  -88.01620    0.00015    0.00023          9  0.000e+00
      80284   3345.125     55.445     55.809    26.2325    26.2582   5.636864   5.639408     3.0208     2.5617     100.00   24.39392  -88.01620    0.00004    0.00019          9  0.000e+00
      80285   3345.167     55.492     55.857    26.2341    26.2607   5.636980   5.639542     3.0195     2.5617     100.00   24.39392  -88.01620   -0.00009    0.00014          9  0.000e+00
      80286   3345.208     55.445     55.809    26.2346    26.2595   5.637035   5.639542     3.0208     2.5617     100.00   24.39392  -88.01620   -0.00018    0.00010          9  0.000e+00
      80287   3345.250     55.459     55.823    26.2334    26.2586   5.637043   5.639606     3.0208     2.5617     100.00   24.39392  -88.01620   -0.00029    0.00005          9  0.000e+00
      80288   3345.292     55.445     55.809    26.2326    26.2606   5.637004   5.639685     3.0208     2.5617     100.00   24.39392  -88.01620   -0.00038    0.00001          9  0.000e+00
      80289   3345.333     55.445     55.809    26.2321    26.2622   5.637004   5.639756     3.0208     2.5604     100.00   24.39392  -88.01620   -0.00047   -0.00005          9  0.000e+00
      80290   3345.375     55.493     55.857    26.2312    26.2633   5.636965   5.639732     3.0208     2.5604     100.00   24.39392  -88.01620   -0.00056   -0.00011          9  0.000e+00
      80291   3345.417     55.391     55.755    26.2308    26.2642   5.636840   5.639827     3.0208     2.5604     100.00   24.39392  -88.01620   -0.00066   -0.00017          9  0.000e+00
      80292   3345.458     55.493     55.857    26.2314    26.2646   5.636770   5.639866     3.0208     2.5604     100.00   24.39392  -88.01620   -0.00073   -0.00023          9  0.000e+00
      80293   3345.500     55.445     55.809    26.2319    26.2657   5.636770   5.639930     3.0208     2.5604     100.00   24.39392  -88.01620   -0.00082   -0.00029          9  0.000e+00
      80294   3345.542     55.445     55.809    26.2312    26.2666   5.636801   5.639937     3.0208     2.5604     100.00   24.39392  -88.01620   -0.00090   -0.00035          9  0.000e+00
      80295   3345.583     55.412     55.775    26.2301    26.2668   5.636739   5.639882     3.0208     2.5604     100.00   24.39392  -88.01620   -0.00097   -0.00040          9  0.000e+00
      80296   3345.625     55.445     55.809    26.2288    26.2668   5.636747   5.639890     3.0208     2.5604     100.00   24.39392  -88.01620   -0.00105   -0.00046          9  0.000e+00
      80297   3345.667     55.445     55.810    26.2272    26.2659   5.636669   5.639764     3.0220     2.5592     100.00   24.39392  -88.01620   -0.00110   -0.00053          9  0.000e+00
