GOMECC/GOMECC-4/1db/rb2103_0741.ros
* Sea-Bird SBE 9 Data File:
* FileName = C:\Users\scs.user.rb\CTD\GOMECC4\data\rb2103_0741.hex
* Software Version Seasave V 7.26.7.107
* Temperature SN = 4799
* Conductivity SN = 3860
* Number of Bytes Per Scan = 41
* Number of Voltage Words = 4
* Number of Scans Averaged by the Deck Unit = 1
* NMEA Latitude = 24 59.96 N
* NMEA Longitude = 093 24.95 W
* NMEA UTC (Time) = Oct 04 2021  19:58:51
* NMEA baud rate = 4800
# nquan = 17
# nvalues = 3192                                  
# units = specified
# name 0 = scan: Scan Count
# name 1 = timeS: Time, Elapsed [seconds]
# name 2 = depSM: Depth [salt water, m]
# name 3 = prDM: Pressure, Digiquartz [db]
# name 4 = t090C: Temperature [ITS-90, deg C]
# name 5 = t190C: Temperature, 2 [ITS-90, deg C]
# name 6 = c0S/m: Conductivity [S/m]
# name 7 = c1S/m: Conductivity, 2 [S/m]
# name 8 = sbeox0V: Oxygen raw, SBE 43 [V]
# name 9 = sbeox1V: Oxygen raw, SBE 43, 2 [V]
# name 10 = altM: Altimeter [m]
# name 11 = latitude: Latitude [deg]
# name 12 = longitude: Longitude [deg]
# name 13 = sbox0dV/dT: Oxygen, SBE 43 [dov/dt]
# name 14 = sbox1dV/dT: Oxygen, SBE 43, 2 [dov/dt]
# name 15 = nbf: Bottles Fired
# name 16 = flag:  0.000e+00
# interval = seconds: 0.0416667
# start_time = Oct 04 2021 19:58:51 [NMEA time, header]
# bad_flag = -9.990e-29
*END*
[from data line 341]
     153314   6388.042   2567.351   2599.960     4.3243     4.3253   3.392253   3.392265     1.7814     1.4652     100.00   24.99938  -93.41604    0.00006    0.00003          3  0.000e+00
     153315   6388.083   2567.401   2600.010     4.3243     4.3251   3.392298   3.392284     1.7827     1.4652     100.00   24.99938  -93.41604    0.00007    0.00003          3  0.000e+00
     153316   6388.125   2567.394   2600.003     4.3241     4.3250   3.392336   3.392246     1.7827     1.4652     100.00   24.99938  -93.41604    0.00009    0.00002          3  0.000e+00
     153317   6388.167   2567.401   2600.011     4.3245     4.3253   3.392323   3.392278     1.7827     1.4652     100.00   24.99938  -93.41604    0.00010    0.00002          3  0.000e+00
     153318   6388.208   2567.401   2600.011     4.3243     4.3252   3.392285   3.392297     1.7814     1.4652     100.00   24.99938  -93.41604    0.00010    0.00002          3  0.000e+00
     153319   6388.250   2567.457   2600.068     4.3243     4.3252   3.392279   3.392271     1.7814     1.4652     100.00   24.99938  -93.41604    0.00010    0.00003          3  0.000e+00
     153320   6388.292   2567.443   2600.054     4.3243     4.3250   3.392279   3.392271     1.7814     1.4652     100.00   24.99938  -93.41604    0.00008    0.00003          3  0.000e+00
     153321   6388.333   2567.457   2600.068     4.3242     4.3252   3.392304   3.392291     1.7814     1.4652     100.00   24.99938  -93.41604    0.00007    0.00003          3  0.000e+00
     153322   6388.375   2567.513   2600.125     4.3245     4.3251   3.392311   3.392246     1.7814     1.4652     100.00   24.99938  -93.41604    0.00007    0.00002          3  0.000e+00
     153323   6388.417   2567.513   2600.125     4.3243     4.3252   3.392311   3.392252     1.7814     1.4652     100.00   24.99938  -93.41604    0.00007    0.00002          3  0.000e+00
     153324   6388.458   2567.499   2600.111     4.3243     4.3252   3.392311   3.392265     1.7814     1.4652     100.00   24.99938  -93.41604    0.00006    0.00002          3  0.000e+00
     153325   6388.500   2567.513   2600.125     4.3243     4.3252   3.392292   3.392265     1.7814     1.4652     100.00   24.99938  -93.41604    0.00006    0.00001          3  0.000e+00
     153326   6388.542   2567.514   2600.126     4.3241     4.3252   3.392304   3.392265     1.7814     1.4652     100.00   24.99938  -93.41604    0.00005    0.00001          3  0.000e+00
     153327   6388.583   2567.563   2600.176     4.3241     4.3252   3.392311   3.392284     1.7814     1.4652     100.00   24.99938  -93.41604    0.00005    0.00001          3  0.000e+00
     153328   6388.625   2567.549   2600.161     4.3243     4.3250   3.392311   3.392297     1.7827     1.4652     100.00   24.99938  -93.41604    0.00006    0.00001          3  0.000e+00
     153329   6388.667   2567.619   2600.233     4.3241     4.3252   3.392285   3.392246     1.7814     1.4652     100.00   24.99938  -93.41604    0.00006    0.00000          3  0.000e+00
     153330   6388.708   2567.563   2600.176     4.3243     4.3253   3.392304   3.392252     1.7814     1.4652     100.00   24.99938  -93.41604    0.00006 7.2105e-12          3  0.000e+00
     153331   6388.750   2567.619   2600.233     4.3243     4.3250   3.392311   3.392265     1.7814     1.4652     100.00   24.99938  -93.41604    0.00005   -0.00000          3  0.000e+00
     153332   6388.792   2567.605   2600.219     4.3242     4.3253   3.392292   3.392265     1.7814     1.4652     100.00   24.99938  -93.41604    0.00005   -0.00001          3  0.000e+00
     153333   6388.833   2567.619   2600.233     4.3243     4.3251   3.392279   3.392265     1.7814     1.4652     100.00   24.99938  -93.41604    0.00005   -0.00001          3  0.000e+00
     153334   6388.875   2567.676   2600.291     4.3245     4.3253   3.392304   3.392284     1.7814     1.4652     100.00   24.99938  -93.41604    0.00004   -0.00001          3  0.000e+00
     153335   6388.917   2567.676   2600.291     4.3242     4.3253   3.392311   3.392297     1.7814     1.4652     100.00   24.99938  -93.41604    0.00004   -0.00001          3  0.000e+00
     153336   6388.958   2567.662   2600.276     4.3243     4.3252   3.392311   3.392259     1.7814     1.4652     100.00   24.99938  -93.41604    0.00003   -0.00002          3  0.000e+00
     153337   6389.000   2567.676   2600.291     4.3245     4.3251   3.392336   3.392259     1.7814     1.4652     100.00   24.99938  -93.41604    0.00003   -0.00002          3  0.000e+00
     153338   6389.042   2567.676   2600.291     4.3243     4.3253   3.392298   3.392284     1.7814     1.4652     100.00   24.99938  -93.41604    0.00004   -0.00000          3  0.000e+00
     153339   6389.083   2567.725   2600.341     4.3243     4.3252   3.392323   3.392297     1.7814     1.4652     100.00   24.99938  -93.41604    0.00004   -0.00001          3  0.000e+00
     153340   6389.125   2567.711   2600.327     4.3245     4.3251   3.392323   3.392271     1.7814     1.4652     100.00   24.99938  -93.41604    0.00004   -0.00001          3  0.000e+00
     153341   6389.167   2567.725   2600.341     4.3245     4.3250   3.392311   3.392284     1.7827     1.4664     100.00   24.99938  -93.41604    0.00005    0.00001          3  0.000e+00
     153342   6389.208   2567.725   2600.341     4.3243     4.3252   3.392311   3.392271     1.7814     1.4664     100.00   24.99938  -93.41604    0.00003    0.00002          3  0.000e+00
     153343   6389.250   2567.781   2600.398     4.3243     4.3252   3.392336   3.392284     1.7814     1.4652     100.00   24.99938  -93.41604    0.00002    0.00002          3  0.000e+00
     153344   6389.292   2567.767   2600.384     4.3245     4.3251   3.392298   3.392297     1.7814     1.4652     100.00   24.99938  -93.41604    0.00002    0.00001          3  0.000e+00
     153345   6389.333   2567.725   2600.341     4.3241     4.3252   3.392323   3.392271     1.7814     1.4652     100.00   24.99938  -93.41604    0.00002    0.00001          3  0.000e+00
     153346   6389.375   2567.782   2600.399     4.3243     4.3253   3.392298   3.392284     1.7814     1.4652     100.00   24.99938  -93.41604    0.00001    0.00001          3  0.000e+00
     153347   6389.417   2567.782   2600.399     4.3243     4.3252   3.392304   3.392297     1.7814     1.4652     100.00   24.99938  -93.41604    0.00001    0.00000          3  0.000e+00
     153348   6389.458   2567.768   2600.384     4.3245     4.3253   3.392311   3.392297     1.7814     1.4652     100.00   24.99938  -93.41604    0.00000 8.7921e-07          3  0.000e+00
     153349   6389.500   2567.831   2600.449     4.3243     4.3252   3.392285   3.392297     1.7814     1.4652     100.00   24.99938  -93.41604 -3.517e-07   -0.00000          3  0.000e+00
     153350   6389.542   2567.782   2600.399     4.3243     4.3252   3.392304   3.392271     1.7814     1.4652     100.00   24.99938  -93.41604   -0.00000   -0.00001          3  0.000e+00
     153351   6389.583   2567.831   2600.449     4.3246     4.3252   3.392285   3.392246     1.7814     1.4652     100.00   24.99938  -93.41604   -0.00001   -0.00001          3  0.000e+00
     153352   6389.625   2567.824   2600.442     4.3243     4.3252   3.392298   3.392259     1.7814     1.4652     100.00   24.99938  -93.41604   -0.00001   -0.00001          3  0.000e+00
     153353   6389.667   2567.782   2600.399     4.3245     4.3253   3.392311   3.392265     1.7814     1.4652     100.00   24.99938  -93.41604   -0.00002   -0.00001          3  0.000e+00
     153354   6389.708   2567.887   2600.506     4.3245     4.3252   3.392311   3.392284     1.7814     1.4652     100.00   24.99938  -93.41604   -0.00002   -0.00002          3  0.000e+00
     153355   6389.750   2567.831   2600.449     4.3245     4.3252   3.392292   3.392297     1.7814     1.4652     100.00   24.99938  -93.41604   -0.00003   -0.00000          3  0.000e+00
     153356   6389.792   2567.824   2600.442     4.3243     4.3252   3.392323   3.392271     1.7814     1.4652     100.00   24.99938  -93.41604   -0.00003   -0.00001          3  0.000e+00
     153357   6389.833   2567.831   2600.449     4.3245     4.3253   3.392323   3.392284     1.7814     1.4652     100.00   24.99938  -93.41604   -0.00003   -0.00001          3  0.000e+00
     153358   6389.875   2567.831   2600.449     4.3243     4.3252   3.392336   3.392297     1.7814     1.4664     100.00   24.99938  -93.41604   -0.00004    0.00001          3  0.000e+00
     153359   6389.917   2567.888   2600.507     4.3243     4.3253   3.392342   3.392271     1.7814     1.4652     100.00   24.99938  -93.41604   -0.00004    0.00000          3  0.000e+00
     153360   6389.958   2567.825   2600.442     4.3248     4.3255   3.392317   3.392284     1.7827     1.4652     100.00   24.99938  -93.41604   -0.00003 -8.792e-07          3  0.000e+00
     153361   6390.000   2567.888   2600.507     4.3246     4.3253   3.392361   3.392297     1.7814     1.4652     100.00   24.99938  -93.41604   -0.00003   -0.00000          3  0.000e+00
     153362   6390.042   2567.832   2600.450     4.3245     4.3252   3.392304   3.392271     1.7814     1.4664     100.00   24.99938  -93.41604   -0.00002    0.00001          3  0.000e+00
     153363   6390.083   2567.888   2600.507     4.3246     4.3252   3.392304   3.392265     1.7814     1.4664     100.00   24.99938  -93.41604   -0.00002    0.00002          3  0.000e+00
     153364   6390.125   2567.825   2600.443     4.3245     4.3252   3.392285   3.392265     1.7814     1.4652     100.00   24.99938  -93.41604   -0.00003    0.00002          3  0.000e+00
     153365   6390.167   2567.888   2600.507     4.3245     4.3252   3.392330   3.392284     1.7814     1.4652     100.00   24.99938  -93.41604   -0.00003    0.00002          3  0.000e+00
     153366   6390.208   2567.888   2600.507     4.3245     4.3252   3.392317   3.392297     1.7814     1.4664     100.00   24.99938  -93.41604   -0.00004    0.00003          3  0.000e+00
     153367   6390.250   2567.888   2600.507     4.3243     4.3253   3.392266   3.392271     1.7814     1.4652     100.00   24.99938  -93.41604   -0.00004    0.00003          3  0.000e+00
     153368   6390.292   2567.825   2600.443     4.3245     4.3253   3.392292   3.392265     1.7814     1.4652     100.00   24.99938  -93.41604   -0.00003    0.00002          3  0.000e+00
     153369   6390.333   2567.888   2600.507     4.3246     4.3254   3.392311   3.392265     1.7814     1.4652      82.61   24.99938  -93.41604   -0.00001    0.00002          3  0.000e+00
     153370   6390.375   2567.888   2600.507     4.3246     4.3253   3.392336   3.392265     1.7814     1.4652      64.79   24.99938  -93.41604   -0.00002    0.00001          3  0.000e+00
     153371   6390.417   2567.832   2600.450     4.3243     4.3255   3.392323   3.392265     1.7814     1.4652      61.10   24.99938  -93.41604   -0.00002    0.00001          3  0.000e+00
     163729   6822.000   2272.489   2299.746     4.3036     4.3045   3.378654   3.378618     1.8230     1.5055     100.00   24.99938  -93.41598    0.00005   -0.00002          4  0.000e+00
     163730   6822.042   2272.384   2299.639     4.3036     4.3046   3.378667   3.378643     1.8242     1.5055     100.00   24.99938  -93.41598    0.00006   -0.00002          4  0.000e+00
     163731   6822.083   2272.363   2299.618     4.3034     4.3046   3.378698   3.378656     1.8242     1.5055     100.00   24.99938  -93.41598    0.00007   -0.00002          4  0.000e+00
     163732   6822.125   2272.384   2299.639     4.3034     4.3045   3.378660   3.378598     1.8230     1.5043     100.00   24.99938  -93.41598    0.00006   -0.00003          4  0.000e+00
     163733   6822.167   2272.384   2299.639     4.3036     4.3044   3.378667   3.378611     1.8230     1.5055     100.00   24.99938  -93.41598    0.00007   -0.00003          4  0.000e+00
     163734   6822.208   2272.364   2299.618     4.3034     4.3044   3.378679   3.378598     1.8230     1.5055     100.00   24.99938  -93.41598    0.00006   -0.00003          4  0.000e+00
     163735   6822.250   2272.385   2299.639     4.3036     4.3047   3.378629   3.378630     1.8242     1.5055     100.00   24.99938  -93.41598    0.00009   -0.00003          4  0.000e+00
     163736   6822.292   2272.420   2299.675     4.3034     4.3044   3.378654   3.378605     1.8230     1.5055     100.00   24.99938  -93.41598    0.00008   -0.00003          4  0.000e+00
     163737   6822.333   2272.385   2299.640     4.3039     4.3048   3.378698   3.378611     1.8230     1.5055     100.00   24.99938  -93.41598    0.00007   -0.00003          4  0.000e+00
     163738   6822.375   2272.385   2299.640     4.3037     4.3045   3.378711   3.378598     1.8230     1.5055     100.00   24.99938  -93.41598    0.00006   -0.00003          4  0.000e+00
     163739   6822.417   2272.469   2299.725     4.3036     4.3048   3.378711   3.378630     1.8230     1.5055     100.00   24.99938  -93.41598    0.00005   -0.00003          4  0.000e+00
     163740   6822.458   2272.385   2299.640     4.3039     4.3044   3.378711   3.378624     1.8230     1.5055     100.00   24.99938  -93.41598    0.00004   -0.00003          4  0.000e+00
     163741   6822.500   2272.434   2299.690     4.3037     4.3047   3.378686   3.378643     1.8230     1.5055     100.00   24.99938  -93.41598    0.00004   -0.00003          4  0.000e+00
     163742   6822.542   2272.420   2299.676     4.3036     4.3046   3.378692   3.378656     1.8230     1.5055     100.00   24.99938  -93.41598    0.00003   -0.00003          4  0.000e+00
     163743   6822.583   2272.434   2299.690     4.3036     4.3044   3.378679   3.378618     1.8242     1.5055     100.00   24.99938  -93.41598    0.00004   -0.00003          4  0.000e+00
     163744   6822.625   2272.329   2299.583     4.3034     4.3045   3.378679   3.378618     1.8230     1.5055     100.00   24.99938  -93.41598    0.00003   -0.00002          4  0.000e+00
     163745   6822.667   2272.581   2299.840     4.3036     4.3046   3.378679   3.378624     1.8230     1.5055     100.00   24.99938  -93.41598    0.00002   -0.00002          4  0.000e+00
     163746   6822.708   2272.434   2299.690     4.3036     4.3045   3.378698   3.378611     1.8230     1.5055     100.00   24.99938  -93.41598    0.00001   -0.00002          4  0.000e+00
     163747   6822.750   2272.525   2299.783     4.3036     4.3046   3.378686   3.378592     1.8230     1.5055     100.00   24.99938  -93.41598    0.00002   -0.00002          4  0.000e+00
     163748   6822.792   2272.435   2299.690     4.3034     4.3046   3.378692   3.378611     1.8230     1.5055     100.00   24.99938  -93.41598    0.00001   -0.00002          4  0.000e+00
     163749   6822.833   2272.491   2299.747     4.3036     4.3047   3.378679   3.378624     1.8242     1.5043     100.00   24.99938  -93.41598    0.00002   -0.00004          4  0.000e+00
     163750   6822.875   2272.470   2299.726     4.3036     4.3046   3.378679   3.378611     1.8230     1.5055     100.00   24.99938  -93.41598    0.00001   -0.00004          4  0.000e+00
     163751   6822.917   2272.547   2299.804     4.3034     4.3046   3.378679   3.378592     1.8230     1.5043     100.00   24.99938  -93.41598    0.00000   -0.00005          4  0.000e+00
     163752   6822.958   2272.386   2299.641     4.3034     4.3045   3.378629   3.378592     1.8230     1.5055     100.00   24.99938  -93.41598   -0.00001   -0.00005          4  0.000e+00
     163753   6823.000   2272.631   2299.890     4.3034     4.3044   3.378673   3.378605     1.8230     1.5055     100.00   24.99938  -93.41598    0.00000   -0.00005          4  0.000e+00
     163754   6823.042   2272.547   2299.805     4.3033     4.3046   3.378679   3.378643     1.8242     1.5055     100.00   24.99938  -93.41598    0.00001   -0.00005          4  0.000e+00
