GOMECC/GOMECC-4/1db/rb2103_1341.cnv
* Sea-Bird SBE 9 Data File:
* FileName = C:\Users\scs.user.rb\CTD\GOMECC4\data\rb2103_1341.hex
* Software Version Seasave V 7.26.7.107
* Temperature SN = 4799
* Conductivity SN = 3860
* Number of Bytes Per Scan = 41
* Number of Voltage Words = 4
* Number of Scans Averaged by the Deck Unit = 1
* NMEA Latitude = 26 23.19 N
* NMEA Longitude = 083 36.41 W
* NMEA UTC (Time) = Oct 19 2021  23:12:43
* NMEA baud rate = 4800
# nquan = 28
# nvalues = 83                          
# units = specified
# name 0 = scan: Scan Count
# name 1 = timeS: Time, Elapsed [seconds]
# name 2 = depSM: Depth [salt water, m]
# name 3 = prDM: Pressure, Digiquartz [db]
# name 4 = t090C: Temperature [ITS-90, deg C]
# name 5 = t190C: Temperature, 2 [ITS-90, deg C]
# name 6 = c0S/m: Conductivity [S/m]
# name 7 = c1S/m: Conductivity, 2 [S/m]
# name 8 = sbeox0V: Oxygen raw, SBE 43 [V]
# name 9 = sbeox1V: Oxygen raw, SBE 43, 2 [V]
# name 10 = altM: Altimeter [m]
# name 11 = latitude: Latitude [deg]
# name 12 = longitude: Longitude [deg]
# name 13 = sbox0dV/dT: Oxygen, SBE 43 [dov/dt]
# name 14 = sbox1dV/dT: Oxygen, SBE 43, 2 [dov/dt]
# name 15 = sbeox0ML/L: Oxygen, SBE 43 [ml/l], WS = 5
# name 16 = sbeox1ML/L: Oxygen, SBE 43, 2 [ml/l], WS = 5
# name 17 = potemp090C: Potential Temperature [ITS-90, deg C]
# name 18 = potemp190C: Potential Temperature, 2 [ITS-90, deg C]
# name 19 = sal00: Salinity, Practical [PSU]
# name 20 = sal11: Salinity, Practical, 2 [PSU]
# name 21 = sigma-é00: Density [sigma-theta, kg/m^3]
# name 22 = sigma-é11: Density, 2 [sigma-theta, kg/m^3]
# name 23 = avgsvCM: Average Sound Velocity [Chen-Millero, m/s], minP = 20, minS = 20
# name 24 = sbox0Mm/Kg: Oxygen, SBE 43 [umol/kg], WS = 5
# name 25 = sbox1Mm/Kg: Oxygen, SBE 43, 2 [umol/kg], WS = 5
# name 26 = nbin: number of scans per bin
# name 27 = flag: flag
# span 0 =      17328,     464932       
# span 1 =    721.940,  19371.034       
# span 2 =      0.994,    133.068       
# span 3 =      1.000,    133.938       
# span 4 =    22.3230,   782.9597       
# span 5 =    22.3256,   782.9929       
# span 6 =   5.203908, 158.735794       
# span 7 =   5.204579, 158.743273       
# span 8 =     2.5753,    85.4747       
# span 9 =     2.1757,    72.1705       
# span 10 =       8.34,    1669.30      
# span 11 =   26.20958,  718.00059      
# span 12 =-2275.27313,  -83.05473      
# span 13 =   -0.01792,    0.02040      
# span 14 =   -0.01655,    0.01669      
# span 15 =     3.7858,   119.2096      
# span 16 =     3.7990,   118.3713      
# span 17 =    22.3110,   782.9273      
# span 18 =    22.3136,   782.9605      
# span 19 =    35.6548,   976.6307      
# span 20 =    35.6568,   976.6577      
# span 21 =    22.6585,   620.6786      
# span 22 =    22.6586,   620.6879      
# span 23 =       0.00,    1544.44      
# span 24 =    164.932,   5205.174      
# span 25 =    165.505,   5168.578      
# span 26 =         30,         72      
# span 27 = 0.0000e+00, 0.0000e+00      
# interval = decibars: 1                
# start_time = Oct 19 2021 23:12:43 [NMEA time, header]
# bad_flag = -9.990e-29
*END*
[from data line 52]
      24480   1019.948     57.613     58.000    22.3798    22.3842   5.209113   5.209512     2.5753     2.1757       9.86   26.41247  -83.69765    0.00512    0.00739     3.7858     3.7990    22.3681    22.3725    36.3499    36.3561    25.1432    25.1472    1543.40    164.932    165.505         41 0.0000e+00
      24571   1023.748     56.620     57.000    22.4452    22.4810   5.212321   5.216165     2.6218     2.2222      10.66   26.38440  -83.60870    0.01595    0.01477     3.8761     3.8963    22.4337    22.4695    36.3125    36.3127    25.0924    25.0824    1541.76    168.868    169.750         37 0.0000e+00
      24692   1028.790     55.626     56.000    22.5602    22.5726   5.223721   5.225503     2.6696     2.2530      11.70   26.38440  -83.60870    0.01057    0.00473     3.9641     3.9610    22.5520    22.5613    36.3080    36.3104    25.0551    25.0545    1541.76    172.709    172.575         34 0.0000e+00
      24783   1032.581     54.633     55.000    22.7684    22.6331   5.244929   5.230685     2.6921     2.2811      12.63   26.38441  -83.60870    0.00675    0.00748     3.9940     4.0171    22.7575    22.6219    36.2994    36.3005    24.9895    25.0294    1541.76    174.024    175.025         39 0.0000e+00
      24873   1036.313     53.640     54.000    22.9975    22.7946   5.265178   5.249696     2.7683     2.3056      13.63   26.38442  -83.60870    0.02040    0.00606     4.1121     4.0593    22.9604    22.7836    36.2886    36.3127    24.9226    24.9922    1541.76    179.179    176.867         67 0.0000e+00
      25084   1045.133     51.654     52.000    24.0598    23.9956   5.377919   5.375701     2.9183     2.4603      15.63   26.40843  -83.68477    0.00541    0.01669     4.3465     4.3132    24.0488    23.9846    36.2754    36.3071    24.5966    24.6397    1543.16    189.460    187.998         63 0.0000e+00
      27196   1133.131     45.694     46.000    26.2952    26.3401   5.611843   5.613881     3.2056     2.7238      21.33   26.35808  -83.52505   -0.00032    0.00067     4.7141     4.6933    26.2848    26.3297    36.2031    36.1757    23.8491    23.8121    1540.22    205.626    204.722         31 0.0000e+00
      27680   1153.281     42.715     43.000    27.1351    27.2406   5.705047   5.716707     3.2307     2.7454      24.34   26.43039  -83.75418   -0.00341   -0.00064     4.6917     4.6692    27.1252    27.2307    36.2569    36.2584    23.6334    23.6005    1544.44    204.701    203.728         45 0.0000e+00
      27758   1156.558     41.721     42.000    27.3486    27.3221   5.723277   5.720481     3.2249     2.7327      25.14   26.38448  -83.60870   -0.00184   -0.00206     4.6609     4.6341    27.3389    27.3124    36.1929    36.1939    23.5074    23.5174    1541.76    203.376    202.204         46 0.0000e+00
      27931   1163.740     40.728     41.000    27.7273    27.5911   5.759791   5.746650     3.2034     2.7219      26.16   26.38449  -83.60870   -0.00144   -0.00047     4.5949     4.5914    27.7177    27.5815    36.1598    36.1709    23.3594    23.4120    1541.76    200.524    200.360         34 0.0000e+00
      30421   1267.507     38.742     39.000    28.7302    28.7229   5.831632   5.827949     3.1225     2.6395      27.90   26.32294  -83.41362   -0.00243    0.00006     4.3690     4.3425    28.7208    28.7135    35.8747    35.8432    22.8059    22.7804    1538.16    190.763    189.606         48 0.0000e+00
      30597   1274.814     37.748     38.000    28.7518    28.7576   5.836767   5.837862     3.1316     2.6440      29.02   26.38450  -83.60868   -0.00038   -0.00089     4.3815     4.3511    28.7426    28.7485    35.9301    35.9228    22.8487    22.8414    1541.76    191.305    189.982         37 0.0000e+00
      30701   1279.177     36.755     37.000    28.7403    28.7537   5.834225   5.834614     3.1311     2.6446      29.99   26.38450  -83.60868   -0.00040    0.00011     4.3813     4.3527    28.7313    28.7448    35.9119    35.9037    22.8388    22.8281    1541.76    191.300    190.054         34 0.0000e+00
      30792   1282.974     35.762     36.000    28.7428    28.7490   5.832708   5.833425     3.1316     2.6454      30.92   26.38450  -83.60868   -0.00104   -0.00023     4.3831     4.3540    28.7342    28.7403    35.9001    35.8982    22.8289    22.8255    1541.76    191.382    190.110         44 0.0000e+00
      30887   1286.934     34.768     35.000    28.7554    28.7491   5.833187   5.833144     3.1315     2.6418      31.86   26.38450  -83.60868   -0.00005   -0.00177     4.3809     4.3465    28.7470    28.7407    35.8951    35.8979    22.8210    22.8252    1541.76    191.285    189.783         45 0.0000e+00
      30995   1291.407     33.775     34.000    28.7660    28.7660   5.834344   5.834622     3.1298     2.6449      32.87   26.38449  -83.60868   -0.00056   -0.00008     4.3759     4.3509    28.7578    28.7579    35.8923    35.8941    22.8152    22.8166    1541.76    191.068    189.976         35 0.0000e+00
      31085   1295.169     32.782     33.000    28.7664    28.7632   5.834245   5.834254     3.1276     2.6445      33.85   26.38448  -83.60868   -0.00060   -0.00008     4.3714     4.3497    28.7584    28.7553    35.8917    35.8942    22.8146    22.8175    1541.76    190.872    189.923         48 0.0000e+00
      31186   1299.382     31.789     32.000    28.7648    28.7655   5.834081   5.834201     3.1280     2.6458      34.79   26.38448  -83.60868   -0.00003   -0.00045     4.3717     4.3518    28.7571    28.7578    35.8921    35.8924    22.8153    22.8153    1541.76    190.886    190.015         55 0.0000e+00
      31286   1303.542     30.795     31.000    28.7651    28.7665   5.833853   5.834176     3.1295     2.6447      35.77   26.38448  -83.60868    0.00085    0.00057     4.3739     4.3488    28.7576    28.7590    35.8906    35.8918    22.8140    22.8144    1541.76    190.980    189.887         33 0.0000e+00
      32161   1339.985     29.802     30.000    28.7728    28.7730   5.834641   5.834926     3.1295     2.6460      36.74   26.38448  -83.60869   -0.00005    0.00001     4.3728     4.3506    28.7656    28.7658    35.8905    35.8924    22.8113    22.8126    1541.76    190.932    189.962         45 0.0000e+00
      35793   1491.328     16.888     17.000    28.5886    28.5927   5.796410   5.797160     3.1153     2.6319      48.90   26.20958  -83.05473    0.00025    0.00008     4.3487     4.3211    28.5845    28.5886    35.6548    35.6568    22.6585    22.6586    1531.54    189.882    188.676         30 0.0000e+00
      36175   1507.247     15.895     16.000    28.7723    28.7752   5.834036   5.834481     3.1353     2.6524      50.25   26.38440  -83.60872   -0.00068    0.00040     4.3762     4.3560    28.7684    28.7714    35.8904    35.8918    22.8102    22.8103    1541.76    191.083    190.200         36 0.0000e+00
      40717   1696.483      8.941      9.000    28.7447    28.7458   5.828312   5.828587     3.1344     2.6446      56.90   26.36490  -83.54654   -0.00026   -0.00177     4.3721     4.3380    28.7425    28.7436    35.8614    35.8624    22.7931    22.7935    1540.61    190.902    189.415         64 0.0000e+00
      40820   1700.808      7.948      8.000    28.7663    28.7673   5.832655   5.832889     3.1374     2.6513      58.00   26.38452  -83.60870   -0.00043    0.00232     4.3761     4.3503    28.7644    28.7654    35.8882    35.8890    22.8100    22.8102    1541.76    191.080    189.950         33 0.0000e+00
      40924   1705.117      6.954      7.000    28.7661    28.7673   5.832589   5.832859     3.1388     2.6496      58.93   26.38452  -83.60870    0.00020   -0.00027     4.3782     4.3462    28.7644    28.7656    35.8882    35.8892    22.8100    22.8103    1541.76    191.170    189.774         50 0.0000e+00
      41023   1709.255      5.961      6.000    28.7657    28.7679   5.832510   5.832921     3.1401     2.6513      59.86   26.38452  -83.60870   -0.00032   -0.00024     4.3801     4.3491    28.7642    28.7664    35.8883    35.8895    22.8101    22.8102    1541.76    191.253    189.901         44 0.0000e+00
      41108   1712.788      4.967      5.000    28.7675    28.7701   5.832749   5.833196     3.1395     2.6523      60.73   26.38452  -83.60870    0.00045   -0.00068     4.3782     4.3504    28.7663    28.7689    35.8888    35.8900    22.8098    22.8098    1541.76    191.171    189.958         44 0.0000e+00
      41208   1716.978      3.974      4.000    28.7685    28.7703   5.832840   5.833181     3.1407     2.6514      61.66   26.38454  -83.60870    0.00013   -0.00075     4.3799     4.3482    28.7675    28.7693    35.8890    35.8901    22.8095    22.8097    1541.76    191.243    189.859         46 0.0000e+00
      42156   1756.450      2.980      3.000    28.7688    28.7710   5.832859   5.833294     3.1392     2.6508      62.57   26.38458  -83.60870   -0.00055   -0.00060     4.3766     4.3463    28.7681    28.7703    35.8892    35.8906    22.8095    22.8097    1541.76    191.101    189.775         56 0.0000e+00
      45257   1885.663      1.987      2.000    28.7714    28.7731   5.833250   5.833629     3.1399     2.6484      63.58   26.38476  -83.60870   -0.00052   -0.00053     4.3771     4.3409    28.7709    28.7726    35.8903    35.8916    22.8093    22.8098    1541.76    191.124    189.542         41 0.0000e+00
      45113   1879.653      0.994      1.000    28.7710    28.7723   5.833172   5.833441     3.1372     2.6476      64.47   26.38477  -83.60870   -0.00094   -0.00065     4.3717     4.3387    28.7708    28.7721    35.8904    35.8912    22.8094    22.8096    1541.76    190.885    189.446         43 0.0000e+00
