GOMECC/GOMECC-4/1db/rb2103_0541.cnv
* Sea-Bird SBE 9 Data File:
* FileName = C:\Users\scs.user.rb\CTD\GOMECC4\data\rb2103_0541.hex
* Software Version Seasave V 7.26.7.107
* Temperature SN = 4799
* Conductivity SN = 3860
* Number of Bytes Per Scan = 41
* Number of Voltage Words = 4
* Number of Scans Averaged by the Deck Unit = 1
* NMEA Latitude = 27 29.98 N
* NMEA Longitude = 095 00.24 W
* NMEA UTC (Time) = Sep 28 2021  12:26:08
* NMEA baud rate = 4800
# nquan = 28
# nvalues = 604                         
# units = specified
# name 0 = scan: Scan Count
# name 1 = timeS: Time, Elapsed [seconds]
# name 2 = depSM: Depth [salt water, m]
# name 3 = prDM: Pressure, Digiquartz [db]
# name 4 = t090C: Temperature [ITS-90, deg C]
# name 5 = t190C: Temperature, 2 [ITS-90, deg C]
# name 6 = c0S/m: Conductivity [S/m]
# name 7 = c1S/m: Conductivity, 2 [S/m]
# name 8 = sbeox0V: Oxygen raw, SBE 43 [V]
# name 9 = sbeox1V: Oxygen raw, SBE 43, 2 [V]
# name 10 = altM: Altimeter [m]
# name 11 = latitude: Latitude [deg]
# name 12 = longitude: Longitude [deg]
# name 13 = sbox0dV/dT: Oxygen, SBE 43 [dov/dt]
# name 14 = sbox1dV/dT: Oxygen, SBE 43, 2 [dov/dt]
# name 15 = sbeox0ML/L: Oxygen, SBE 43 [ml/l], WS = 5
# name 16 = sbeox1ML/L: Oxygen, SBE 43, 2 [ml/l], WS = 5
# name 17 = potemp090C: Potential Temperature [ITS-90, deg C]
# name 18 = potemp190C: Potential Temperature, 2 [ITS-90, deg C]
# name 19 = sal00: Salinity, Practical [PSU]
# name 20 = sal11: Salinity, Practical, 2 [PSU]
# name 21 = sigma-é00: Density [sigma-theta, kg/m^3]
# name 22 = sigma-é11: Density, 2 [sigma-theta, kg/m^3]
# name 23 = avgsvCM: Average Sound Velocity [Chen-Millero, m/s], minP = 20, minS = 20
# name 24 = sbox0Mm/Kg: Oxygen, SBE 43 [umol/kg], WS = 5
# name 25 = sbox1Mm/Kg: Oxygen, SBE 43, 2 [umol/kg], WS = 5
# name 26 = nbin: number of scans per bin
# name 27 = flag: flag
# span 0 =      13605,     100072       
# span 1 =    566.846,   4169.616       
# span 2 =      2.980,    870.352       
# span 3 =      3.000,    878.000       
# span 4 =     5.9004,    29.5325       
# span 5 =     5.9028,    29.5316       
# span 6 =   3.458941,   5.934332       
# span 7 =   3.458999,   5.934109       
# span 8 =     1.5802,     3.2986       
# span 9 =     1.2842,     2.8262       
# span 10 =      10.27,     100.71      
# span 11 =   27.37061,   27.86930      
# span 12 =  -96.27280,  -94.55051      
# span 13 =   -0.04621,    0.03812      
# span 14 =   -0.04551,    0.04107      
# span 15 =     2.4556,     4.9279      
# span 16 =     2.4817,     4.9486      
# span 17 =     5.8215,    29.5296      
# span 18 =     5.8239,    29.5287      
# span 19 =    34.9061,    36.5067      
# span 20 =    34.9044,    36.5069      
# span 21 =    22.5257,    27.5059      
# span 22 =    22.5239,    27.5043      
# span 23 =       0.00,    1545.04      
# span 24 =    106.781,    214.909      
# span 25 =    107.913,    215.811      
# span 26 =         30,         65      
# span 27 = 0.0000e+00, 0.0000e+00      
# interval = decibars: 1                
# start_time = Sep 28 2021 12:26:08 [NMEA time, header]
# bad_flag = -9.990e-29
*END*
[from data line 259]
      32727   1363.598    615.970    621.000     7.4837     7.4845   3.596037   3.595954     1.6204     1.3245     100.00   27.49950  -94.99846    0.00012   -0.00005     2.7668     2.7975     7.4216     7.4223    34.9454    34.9437    27.3161    27.3146    1509.75    120.280    121.614         30 0.0000e+00
      33285   1386.843    636.767    642.000     7.2931     7.2950   3.578342   3.578381     1.6189     1.3246     100.00   27.49856  -94.99517    0.00023    0.00034     2.7838     2.8192     7.2297     7.2316    34.9343    34.9328    27.3347    27.3333    1509.06    121.017    122.555         30 0.0000e+00
      33317   1388.170    637.758    643.000     7.2800     7.2824   3.577165   3.577276     1.6198     1.3253      95.66   27.49960  -94.99878    0.00023    0.00040     2.7877     2.8227     7.2165     7.2189    34.9343    34.9331    27.3367    27.3354    1509.09    121.186    122.706         30 0.0000e+00
      33795   1408.079    655.583    661.000     7.1093     7.1100   3.561446   3.561352     1.6331     1.3380     100.00   27.49951  -94.99842    0.00047    0.00056     2.8487     2.8853     7.0448     7.0455    34.9259    34.9242    27.3542    27.3528    1508.56    123.833    125.426         31 0.0000e+00
      33929   1413.683    660.534    666.000     7.0832     7.0842   3.559222   3.559176     1.6355     1.3397     100.00   27.49949  -94.99840    0.00032    0.00019     2.8598     2.8947     7.0183     7.0193    34.9255    34.9240    27.3576    27.3563    1508.42    124.317    125.833         32 0.0000e+00
      34197   1424.846    670.436    676.000     6.9560     6.9566   3.547796   3.547702     1.6381     1.3429      99.58   27.50023  -95.00089    0.00046    0.00070     2.8814     2.9190     6.8908     6.8914    34.9238    34.9223    27.3740    27.3727    1508.18    125.254    126.889         32 0.0000e+00
      34305   1429.349    674.396    680.000     6.9089     6.9094   3.543680   3.543601     1.6404     1.3447      97.34   27.50028  -95.00107    0.00043    0.00043     2.8939     2.9305     6.8435     6.8440    34.9220    34.9204    27.3790    27.3777    1508.07    125.799    127.387         32 0.0000e+00
      34440   1434.943    679.347    685.000     6.8685     6.8689   3.539731   3.539631     1.6449     1.3490      70.37   27.49968  -94.99898    0.00092    0.00085     2.9131     2.9500     6.8028     6.8032    34.9192    34.9177    27.3824    27.3812    1507.89    126.633    128.237         30 0.0000e+00
      34631   1442.903    686.278    692.000     6.7731     6.7740   3.530958   3.530902     1.6488     1.3529     100.00   27.49970  -94.99910    0.00020    0.00014     2.9353     2.9733     6.7072     6.7081    34.9157    34.9142    27.3927    27.3914    1507.71    127.596    129.249         30 0.0000e+00
      34765   1448.482    691.228    697.000     6.7617     6.7624   3.530108   3.530037     1.6576     1.3602     100.00   27.49962  -94.99878    0.00156    0.00115     2.9660     3.0013     6.6953     6.6961    34.9156    34.9140    27.3942    27.3929    1507.57    128.930    130.467         30 0.0000e+00
      34870   1452.882    695.188    701.000     6.7557     6.7573   3.529633   3.529634     1.6594     1.3613     100.00   27.49851  -94.99493    0.00042    0.00028     2.9739     3.0072     6.6890     6.6906    34.9144    34.9128    27.3941    27.3926    1507.40    129.272    130.719         32 0.0000e+00
      34904   1454.275    696.178    702.000     6.7503     6.7508   3.529293   3.529273     1.6594     1.3614     100.00   27.49956  -94.99856    0.00026    0.00001     2.9747     3.0082     6.6836     6.6840    34.9156    34.9139    27.3959    27.3945    1507.43    129.308    130.762         30 0.0000e+00
      35006   1458.545    700.139    706.000     6.7192     6.7196   3.526515   3.526399     1.6608     1.3632     100.00   27.49923  -94.99741    0.00032    0.00051     2.9832     3.0186     6.6522     6.6526    34.9146    34.9129    27.3993    27.3979    1507.31    129.676    131.217         30 0.0000e+00
      35172   1465.469    706.079    712.000     6.6940     6.6946   3.524509   3.524420     1.6633     1.3654     100.00   27.50015  -95.00057    0.00031    0.00017     2.9952     3.0304     6.6265     6.6272    34.9152    34.9135    27.4033    27.4019    1507.20    130.198    131.730         30 0.0000e+00
      35388   1474.456    713.998    720.000     6.6254     6.6262   3.518324   3.518242     1.6661     1.3684     100.00   27.49952  -94.99837    0.00045    0.00046     3.0128     3.0494     6.5575     6.5583    34.9123    34.9107    27.4103    27.4089    1506.97    130.961    132.553         33 0.0000e+00
      35492   1478.805    717.958    724.000     6.6183     6.6188   3.517743   3.517639     1.6686     1.3711     100.00   27.49826  -94.99398    0.00061    0.00063     3.0231     3.0611     6.5501     6.5506    34.9111    34.9095    27.4103    27.4089    1506.80    131.408    133.062         31 0.0000e+00
      35528   1480.282    718.948    725.000     6.6162     6.6170   3.517715   3.517645     1.6692     1.3713     100.00   27.49956  -94.99848    0.00043    0.00019     3.0256     3.0621     6.5479     6.5487    34.9125    34.9110    27.4117    27.4104    1506.84    131.518    133.103         34 0.0000e+00
      35625   1484.319    722.908    729.000     6.5935     6.5940   3.515448   3.515345     1.6703     1.3726      99.99   27.49697  -94.98952    0.00026    0.00040     3.0326     3.0702     6.5249     6.5254    34.9083    34.9067    27.4114    27.4101    1506.60    131.821    133.457         33 0.0000e+00
      35665   1485.983    723.898    730.000     6.5938     6.5943   3.515800   3.515693     1.6712     1.3735     100.00   27.49954  -94.99846    0.00028    0.00061     3.0357     3.0737     6.5251     6.5256    34.9117    34.9100    27.4142    27.4127    1506.72    131.959    133.607         35 0.0000e+00
      35768   1490.285    727.857    734.000     6.5761     6.5768   3.514372   3.514299     1.6719     1.3736     100.00   27.50019  -95.00068    0.00012    0.00000     3.0408     3.0768     6.5071     6.5078    34.9120    34.9105    27.4168    27.4155    1506.66    132.177    133.743         41 0.0000e+00
      35870   1494.533    731.817    738.000     6.5371     6.5391   3.510662   3.510704     1.6729     1.3746     100.00   27.49823  -94.99392    0.00023    0.00036     3.0491     3.0851     6.4679     6.4699    34.9083    34.9068    27.4191    27.4176    1506.45    132.538    134.104         32 0.0000e+00
      35906   1496.022    732.807    739.000     6.5275     6.5277   3.509989   3.509868     1.6735     1.3748     100.00   27.49954  -94.99844    0.00018    0.00020     3.0519     3.0871     6.4583     6.4585    34.9102    34.9087    27.4219    27.4207    1506.50    132.661    134.192         33 0.0000e+00
      36009   1500.313    736.766    743.000     6.5136     6.5152   3.508938   3.508986     1.6761     1.3777     100.00   27.49879  -94.99584    0.00058    0.00067     3.0632     3.1001     6.4441     6.4457    34.9091    34.9073    27.4229    27.4212    1506.36    133.153    134.754         38 0.0000e+00
      36114   1504.719    740.725    747.000     6.4902     6.4905   3.506962   3.506851     1.6784     1.3797     100.00   27.49895  -94.99642    0.00055    0.00043     3.0744     3.1108     6.4204     6.4207    34.9082    34.9064    27.4254    27.4239    1506.28    133.639    135.222         31 0.0000e+00
      36147   1506.093    741.715    748.000     6.4828     6.4827   3.506152   3.505977     1.6791     1.3810     100.00   27.49952  -94.99840    0.00065    0.00065     3.0772     3.1158     6.4130     6.4129    34.9088    34.9070    27.4268    27.4254    1506.28    133.758    135.437         31 0.0000e+00
      36255   1510.591    745.674    752.000     6.4739     6.4745   3.505665   3.505570     1.6811     1.3822      85.74   27.50004  -95.00018    0.00044    0.00039     3.0859     3.1223     6.4037     6.4043    34.9105    34.9089    27.4294    27.4280    1506.22    134.136    135.721         30 0.0000e+00
      36367   1515.253    749.634    756.000     6.4487     6.4496   3.503588   3.503521     1.6820     1.3825      96.59   27.50072  -95.00250    0.00019    0.00007     3.0924     3.1271     6.3783     6.3791    34.9112    34.9096    27.4333    27.4319    1506.17    134.418    135.928         34 0.0000e+00
      36470   1519.559    753.593    760.000     6.4427     6.4433   3.503019   3.502922     1.6834     1.3838     100.00   27.49907  -94.99681    0.00030    0.00027     3.0993     3.1337     6.3719     6.3725    34.9088    34.9072    27.4323    27.4309    1505.98    134.720    136.213         39 0.0000e+00
      36577   1523.986    757.552    764.000     6.3827     6.3848   3.497576   3.497633     1.6834     1.3849     100.00   27.49850  -94.99487   -0.00011    0.00026     3.1060     3.1443     6.3118     6.3139    34.9074    34.9059    27.4391    27.4376    1505.86    135.008    136.676         33 0.0000e+00
      36611   1525.404    758.541    765.000     6.3639     6.3659   3.496082   3.496088     1.6848     1.3867     100.00   27.49950  -94.99834    0.00032    0.00067     3.1126     3.1524     6.2931     6.2950    34.9088    34.9071    27.4427    27.4411    1505.90    135.295    137.026         30 0.0000e+00
      36716   1529.780    762.500    769.000     6.3583     6.3586   3.495719   3.495613     1.6895     1.3905     100.00   27.49967  -94.99891    0.00112    0.00084     3.1296     3.1680     6.2871     6.2874    34.9092    34.9076    27.4438    27.4424    1505.82    136.035    137.703         30 0.0000e+00
      36881   1536.651    768.439    775.000     6.3355     6.3360   3.493970   3.493870     1.6917     1.3920     100.00   27.50033  -95.00118    0.00022    0.00024     3.1411     3.1776     6.2638     6.2643    34.9102    34.9085    27.4476    27.4462    1505.72    136.534    138.122         30 0.0000e+00
      37232   1551.274    781.304    788.000     6.2109     6.2117   3.482954   3.482872     1.7022     1.4024      93.37   27.49954  -94.99847    0.00128    0.00104     3.1912     3.2302     6.1387     6.1395    34.9079    34.9061    27.4621    27.4606    1505.39    138.709    140.405         30 0.0000e+00
      37504   1562.644    791.200    798.000     6.1960     6.1964   3.482112   3.481991     1.7073     1.4061      90.65   27.49982  -94.99939    0.00007   -0.00000     3.2131     3.2486     6.1229     6.1233    34.9088    34.9070    27.4649    27.4634    1505.19    139.660    141.204         31 0.0000e+00
      37640   1568.280    796.148    803.000     6.1758     6.1762   3.480459   3.480349     1.7079     1.4066      85.57   27.49964  -94.99873    0.00017    0.00022     3.2188     3.2544     6.1024     6.1028    34.9085    34.9069    27.4673    27.4659    1505.08    139.907    141.457         34 0.0000e+00
      37775   1573.935    801.096    808.000     6.1312     6.1323   3.476564   3.476502     1.7096     1.4086      71.90   27.49907  -94.99675    0.00036    0.00033     3.2303     3.2673     6.0576     6.0586    34.9080    34.9062    27.4726    27.4711    1504.94    140.410    142.015         31 0.0000e+00
      37808   1575.275    802.086    809.000     6.1261     6.1267   3.476184   3.476076     1.7104     1.4093      78.63   27.49948  -94.99818    0.00043    0.00040     3.2341     3.2706     6.0524     6.0529    34.9085    34.9067    27.4737    27.4722    1504.94    140.571    142.159         36 0.0000e+00
      37851   1577.091    803.075    810.000     6.1201     6.1207   3.475679   3.475582     1.7121     1.4110      78.43   27.49948  -94.99818    0.00070    0.00069     3.2403     3.2777     6.0463     6.0469    34.9085    34.9068    27.4745    27.4731    1504.92    140.843    142.466         48 0.0000e+00
      37915   1579.765    804.065    811.000     6.1148     6.1151   3.475251   3.475127     1.7139     1.4129      77.33   27.49948  -94.99817    0.00077    0.00077     3.2472     3.2853     6.0410     6.0412    34.9086    34.9070    27.4753    27.4739    1504.90    141.143    142.796         45 0.0000e+00
      37963   1581.755    805.054    812.000     6.1068     6.1071   3.474577   3.474473     1.7146     1.4139      76.51   27.49948  -94.99816    0.00051    0.00060     3.2505     3.2899     6.0329     6.0332    34.9088    34.9073    27.4765    27.4752    1504.88    141.287    142.997         41 0.0000e+00
      38020   1584.107    806.044    813.000     6.1001     6.1004   3.474012   3.473899     1.7159     1.4145      75.35   27.49948  -94.99815    0.00043    0.00035     3.2558     3.2932     6.0262     6.0264    34.9088    34.9073    27.4773    27.4761    1504.86    141.514    143.143         49 0.0000e+00
      38074   1586.393    807.033    814.000     6.0830     6.0827   3.472521   3.472349     1.7167     1.4153      74.42   27.49948  -94.99814    0.00048    0.00043     3.2606     3.2980     6.0090     6.0088    34.9091    34.9075    27.4798    27.4785    1504.84    141.723    143.351         40 0.0000e+00
      38117   1588.149    808.022    815.000     6.0747     6.0755   3.471813   3.471741     1.7173     1.4163      73.40   27.49948  -94.99814    0.00036    0.00039     3.2637     3.3025     6.0007     6.0015    34.9092    34.9076    27.4809    27.4795    1504.82    141.859    143.546         45 0.0000e+00
      38165   1590.147    809.012    816.000     6.0731     6.0723   3.471704   3.471498     1.7183     1.4173      72.40   27.49948  -94.99814    0.00041    0.00050     3.2673     3.3069     5.9991     5.9983    34.9092    34.9075    27.4811    27.4799    1504.80    142.016    143.738         43 0.0000e+00
      38201   1591.661    810.002    817.000     6.0712     6.0675   3.471199   3.470933     1.7192     1.4178      64.29   27.49948  -94.99814    0.00054    0.00049     3.2707     3.3085     5.9971     5.9934    34.9093    34.9077    27.4814    27.4807    1504.78    142.163    143.804         34 0.0000e+00
      38240   1593.301    810.991    818.000     6.0521     6.0524   3.469896   3.469770     1.7196     1.4185      68.28   27.49948  -94.99812    0.00041    0.00039     3.2744     3.3137     5.9780     5.9783    34.9093    34.9077    27.4839    27.4826    1504.76    142.322    144.031         46 0.0000e+00
      38286   1595.202    811.981    819.000     6.0498     6.0502   3.469735   3.469622     1.7207     1.4193      69.59   27.49948  -94.99812    0.00039    0.00040     3.2785     3.3172     5.9756     5.9759    34.9094    34.9077    27.4843    27.4829    1504.74    142.503    144.183         39 0.0000e+00
      38320   1596.628    812.970    820.000     6.0482     6.0487   3.469651   3.469537     1.7213     1.4200      68.66   27.49948  -94.99812    0.00054    0.00049     3.2811     3.3202     5.9739     5.9744    34.9095    34.9078    27.4846    27.4831    1504.72    142.616    144.313         33 0.0000e+00
      38354   1598.024    813.960    821.000     6.0459     6.0462   3.469471   3.469358     1.7220     1.4199      67.69   27.49948  -94.99812    0.00051    0.00034     3.2840     3.3206     5.9715     5.9718    34.9094    34.9078    27.4848    27.4835    1504.70    142.740    144.331         36 0.0000e+00
      38392   1599.640    814.949    822.000     6.0435     6.0440   3.469315   3.469206     1.7224     1.4200      66.59   27.49947  -94.99810    0.00041    0.00005     3.2859     3.3215     5.9690     5.9695    34.9096    34.9079    27.4853    27.4839    1504.68    142.824    144.372         40 0.0000e+00
      38431   1601.270    815.938    823.000     6.0417     6.0418   3.469194   3.469066     1.7228     1.4202      65.57   27.49946  -94.99810    0.00028    0.00007     3.2880     3.3228     5.9671     5.9673    34.9097    34.9081    27.4856    27.4843    1504.66    142.916    144.425         37 0.0000e+00
