GOMECC/GOMECC-4/1db/rb2103_0001.ros
* Sea-Bird SBE 9 Data File:
* FileName = C:\Users\scs.user.rb\CTD\GOMECC4\data\rb2103_000.hex
* Software Version Seasave V 7.26.7.107
* Temperature SN = 4799
* Conductivity SN = 3860
* Number of Bytes Per Scan = 41
* Number of Voltage Words = 4
* Number of Scans Averaged by the Deck Unit = 1
* NMEA Latitude = 24 13.42 N
* NMEA Longitude = 081 36.66 W
* NMEA UTC (Time) = Sep 13 2021  22:57:13
* NMEA baud rate = 4800
# nquan = 17
# nvalues = 3192                                  
# units = specified
# name 0 = scan: Scan Count
# name 1 = timeS: Time, Elapsed [seconds]
# name 2 = depSM: Depth [salt water, m]
# name 3 = prDM: Pressure, Digiquartz [db]
# name 4 = t090C: Temperature [ITS-90, deg C]
# name 5 = t190C: Temperature, 2 [ITS-90, deg C]
# name 6 = c0S/m: Conductivity [S/m]
# name 7 = c1S/m: Conductivity, 2 [S/m]
# name 8 = sbeox0V: Oxygen raw, SBE 43 [V]
# name 9 = sbeox1V: Oxygen raw, SBE 43, 2 [V]
# name 10 = altM: Altimeter [m]
# name 11 = latitude: Latitude [deg]
# name 12 = longitude: Longitude [deg]
# name 13 = sbox0dV/dT: Oxygen, SBE 43 [dov/dt]
# name 14 = sbox1dV/dT: Oxygen, SBE 43, 2 [dov/dt]
# name 15 = nbf: Bottles Fired
# name 16 = flag:  0.000e+00
# interval = seconds: 0.0416667
# start_time = Sep 13 2021 22:57:13 [NMEA time, header]
# bad_flag = -9.990e-29
*END*
[from data line 2043]
      49195   2049.750   1235.490   1247.148     9.0635     9.0642   3.751616   3.751715     1.6239     1.3321      27.13   24.22556  -81.60932   -0.00005   -0.00004         16  0.000e+00
      49196   2049.792   1235.544   1247.202     9.0629     9.0641   3.751596   3.751661     1.6239     1.3321      27.13   24.22556  -81.60932   -0.00006   -0.00003         16  0.000e+00
      49197   2049.833   1235.590   1247.249     9.0625     9.0642   3.751531   3.751648     1.6227     1.3309      27.13   24.22556  -81.60932   -0.00008   -0.00004         16  0.000e+00
      49198   2049.875   1235.490   1247.148     9.0624     9.0639   3.751544   3.751668     1.6239     1.3321      27.13   24.22556  -81.60932   -0.00008   -0.00004         16  0.000e+00
      49199   2049.917   1235.544   1247.202     9.0624     9.0643   3.751517   3.751701     1.6239     1.3309      27.13   24.22556  -81.60932   -0.00007   -0.00005         16  0.000e+00
      49200   2049.958   1235.544   1247.202     9.0624     9.0642   3.751517   3.751661     1.6239     1.3321      27.13   24.22556  -81.60932   -0.00007   -0.00006         16  0.000e+00
      49201   2050.000   1235.543   1247.202     9.0625     9.0642   3.751484   3.751668     1.6239     1.3321      27.13   24.22556  -81.60932   -0.00007   -0.00005         16  0.000e+00
      49202   2050.042   1235.590   1247.249     9.0625     9.0645   3.751484   3.751728     1.6239     1.3321      27.16   24.22556  -81.60932   -0.00008   -0.00004         16  0.000e+00
      49203   2050.083   1235.543   1247.202     9.0629     9.0642   3.751511   3.751721     1.6239     1.3309      27.16   24.22556  -81.60932   -0.00008   -0.00006         16  0.000e+00
      49204   2050.125   1235.543   1247.202     9.0630     9.0646   3.751537   3.751715     1.6239     1.3321      27.16   24.22556  -81.60932   -0.00008   -0.00005         16  0.000e+00
      49205   2050.167   1235.543   1247.202     9.0633     9.0652   3.751524   3.751735     1.6239     1.3321      27.16   24.22556  -81.60932   -0.00009   -0.00006         16  0.000e+00
      49206   2050.208   1235.563   1247.222     9.0638     9.0651   3.751563   3.751721     1.6239     1.3321      27.16   24.22556  -81.60932   -0.00009   -0.00005         16  0.000e+00
      49207   2050.250   1235.543   1247.202     9.0645     9.0652   3.751583   3.751715     1.6239     1.3321      27.16   24.22556  -81.60932   -0.00009   -0.00004         16  0.000e+00
      49208   2050.292   1235.543   1247.202     9.0651     9.0650   3.751603   3.751688     1.6239     1.3321      27.16   24.22556  -81.60932   -0.00009   -0.00003         16  0.000e+00
      49209   2050.333   1235.590   1247.249     9.0652     9.0649   3.751643   3.751728     1.6239     1.3309      27.16   24.22556  -81.60932   -0.00010   -0.00004         16  0.000e+00
      49210   2050.375   1235.543   1247.202     9.0651     9.0648   3.751702   3.751721     1.6239     1.3321      27.16   24.22556  -81.60932   -0.00010   -0.00005         16  0.000e+00
      49211   2050.417   1235.543   1247.202     9.0659     9.0647   3.751715   3.751735     1.6239     1.3309      27.16   24.22556  -81.60932   -0.00010   -0.00005         16  0.000e+00
      49212   2050.458   1235.543   1247.202     9.0651     9.0648   3.751715   3.751721     1.6239     1.3321      27.16   24.22556  -81.60932   -0.00011   -0.00004         16  0.000e+00
      49213   2050.500   1235.543   1247.202     9.0640     9.0650   3.751689   3.751715     1.6239     1.3309      27.16   24.22556  -81.60932   -0.00011   -0.00005         16  0.000e+00
      49214   2050.542   1235.590   1247.249     9.0637     9.0649   3.751636   3.751735     1.6227     1.3321      27.16   24.22556  -81.60932   -0.00013   -0.00004         16  0.000e+00
      49215   2050.583   1235.543   1247.202     9.0637     9.0650   3.751623   3.751694     1.6239     1.3309      27.16   24.22556  -81.60932   -0.00012   -0.00007         16  0.000e+00
      49216   2050.625   1235.543   1247.202     9.0635     9.0645   3.751662   3.751728     1.6227     1.3321      27.16   24.22556  -81.60932   -0.00012   -0.00005         16  0.000e+00
      49217   2050.667   1235.590   1247.249     9.0640     9.0647   3.751682   3.751721     1.6239     1.3321      27.16   24.22556  -81.60932   -0.00012   -0.00004         16  0.000e+00
      49218   2050.708   1235.543   1247.202     9.0653     9.0648   3.751728   3.751715     1.6239     1.3321      27.16   24.22556  -81.60932   -0.00012   -0.00003         16  0.000e+00
      49219   2050.750   1235.543   1247.201     9.0653     9.0647   3.751748   3.751688     1.6239     1.3321      27.16   24.22556  -81.60932   -0.00011   -0.00002         16  0.000e+00
      49220   2050.792   1235.543   1247.201     9.0651     9.0646   3.751722   3.751701     1.6239     1.3321      27.16   24.22556  -81.60932   -0.00009   -0.00001         16  0.000e+00
      49221   2050.833   1235.563   1247.222     9.0655     9.0650   3.751715   3.751761     1.6239     1.3309      27.16   24.22556  -81.60932   -0.00009   -0.00002         16  0.000e+00
      49222   2050.875   1235.543   1247.201     9.0655     9.0649   3.751722   3.751755     1.6239     1.3321      27.16   24.22556  -81.60932   -0.00009   -0.00001         16  0.000e+00
      49223   2050.917   1235.543   1247.201     9.0650     9.0652   3.751689   3.751748     1.6239     1.3309      27.16   24.22556  -81.60932   -0.00009   -0.00002         16  0.000e+00
      49224   2050.958   1235.543   1247.201     9.0652     9.0651   3.751709   3.751748     1.6239     1.3321      27.16   24.22556  -81.60932   -0.00009   -0.00002         16  0.000e+00
      49225   2051.000   1235.543   1247.201     9.0648     9.0653   3.751689   3.751795     1.6239     1.3309      27.18   24.22556  -81.60932   -0.00008   -0.00003         16  0.000e+00
      49226   2051.042   1235.543   1247.201     9.0648     9.0653   3.751709   3.751788     1.6239     1.3321      27.16   24.22556  -81.60932   -0.00008   -0.00002         16  0.000e+00
      49227   2051.083   1235.543   1247.201     9.0646     9.0652   3.751715   3.751855     1.6239     1.3309      27.16   24.22556  -81.60932   -0.00008   -0.00002         16  0.000e+00
      49228   2051.125   1235.543   1247.201     9.0646     9.0656   3.751715   3.751882     1.6239     1.3321      27.18   24.22556  -81.60932   -0.00008   -0.00001         16  0.000e+00
      49229   2051.167   1235.490   1247.148     9.0646     9.0660   3.751722   3.751801     1.6239     1.3309      27.18   24.22556  -81.60932   -0.00008   -0.00002         16  0.000e+00
      49230   2051.208   1235.543   1247.201     9.0648     9.0664   3.751689   3.751828     1.6239     1.3309      27.18   24.22556  -81.60932   -0.00008   -0.00004         16  0.000e+00
      49231   2051.250   1235.543   1247.201     9.0648     9.0665   3.751682   3.751868     1.6239     1.3309      27.18   24.22556  -81.60932   -0.00008   -0.00005         16  0.000e+00
      49232   2051.292   1235.490   1247.148     9.0645     9.0662   3.751682   3.751828     1.6227     1.3309      27.16   24.22556  -81.60932   -0.00010   -0.00005         16  0.000e+00
      49233   2051.333   1235.543   1247.201     9.0646     9.0663   3.751709   3.751835     1.6227     1.3309      27.16   24.22556  -81.60932   -0.00012   -0.00007         16  0.000e+00
      49234   2051.375   1235.490   1247.148     9.0646     9.0658   3.751695   3.751848     1.6239     1.3309      27.18   24.22556  -81.60932   -0.00012   -0.00008         16  0.000e+00
      49235   2051.417   1235.490   1247.148     9.0648     9.0666   3.751728   3.751848     1.6239     1.3309      27.18   24.22556  -81.60932   -0.00012   -0.00010         16  0.000e+00
      49236   2051.458   1235.543   1247.201     9.0648     9.0666   3.751702   3.751868     1.6227     1.3309      27.18   24.22556  -81.60932   -0.00013   -0.00010         16  0.000e+00
      49237   2051.500   1235.517   1247.174     9.0646     9.0663   3.751728   3.751855     1.6239     1.3321      27.16   24.22556  -81.60932   -0.00013   -0.00009         16  0.000e+00
      49238   2051.542   1235.444   1247.100     9.0646     9.0666   3.751728   3.751868     1.6227     1.3309      27.16   24.22556  -81.60932   -0.00015   -0.00010         16  0.000e+00
      49239   2051.583   1235.543   1247.201     9.0652     9.0665   3.751742   3.751855     1.6239     1.3309      27.18   24.22556  -81.60932   -0.00015   -0.00010         16  0.000e+00
      49240   2051.625   1235.443   1247.100     9.0650     9.0664   3.751728   3.751868     1.6239     1.3309      27.16   24.22556  -81.60932   -0.00015   -0.00010         16  0.000e+00
      49241   2051.667   1235.490   1247.147     9.0651     9.0666   3.751722   3.751855     1.6239     1.3309      27.16   24.22556  -81.60932   -0.00015   -0.00012         16  0.000e+00
      49242   2051.708   1235.490   1247.147     9.0653     9.0663   3.751689   3.751848     1.6227     1.3309      27.18   24.22556  -81.60932   -0.00017   -0.00011         16  0.000e+00
      49243   2051.750   1235.443   1247.100     9.0651     9.0662   3.751735   3.751848     1.6227     1.3309      27.16   24.22556  -81.60932   -0.00018   -0.00013         16  0.000e+00
      49244   2051.792   1235.490   1247.147     9.0653     9.0661   3.751748   3.751868     1.6239     1.3309      27.18   24.22556  -81.60932   -0.00018   -0.00013         16  0.000e+00
      49245   2051.833   1235.443   1247.100     9.0650     9.0666   3.751781   3.751855     1.6239     1.3321      27.16   24.22556  -81.60932   -0.00016   -0.00013         16  0.000e+00
      49246   2051.875   1235.490   1247.147     9.0650     9.0664   3.751755   3.751848     1.6239     1.3321      27.18   24.22556  -81.60932   -0.00016   -0.00012         16  0.000e+00
      49247   2051.917   1235.443   1247.100     9.0650     9.0663   3.751728   3.751848     1.6227     1.3321      27.18   24.22556  -81.60932   -0.00018   -0.00010         16  0.000e+00
      49248   2051.958   1235.443   1247.100     9.0653     9.0661   3.751695   3.751821     1.6239     1.3309      27.16   24.22556  -81.60932   -0.00017   -0.00012         16  0.000e+00
      49249   2052.000   1235.443   1247.100     9.0650     9.0660   3.751709   3.751835     1.6227     1.3309      27.23   24.22556  -81.60932   -0.00017   -0.00013         16  0.000e+00
      49250   2052.042   1235.490   1247.147     9.0651     9.0661   3.751742   3.751821     1.6239     1.3309      27.28   24.22556  -81.60932   -0.00015   -0.00013         16  0.000e+00
      49251   2052.083   1235.397   1247.053     9.0651     9.0664   3.751722   3.751861     1.6239     1.3309      27.30   24.22556  -81.60932   -0.00015   -0.00015         16  0.000e+00
      49252   2052.125   1235.463   1247.120     9.0650     9.0666   3.751715   3.751902     1.6227     1.3321      27.30   24.22556  -81.60932   -0.00016   -0.00015         16  0.000e+00
      49253   2052.167   1235.443   1247.100     9.0653     9.0666   3.751741   3.751915     1.6227     1.3321      27.28   24.22556  -81.60932   -0.00018   -0.00013         16  0.000e+00
      49254   2052.208   1235.443   1247.100     9.0655     9.0669   3.751748   3.751888     1.6239     1.3309      27.30   24.22556  -81.60932   -0.00017   -0.00013         16  0.000e+00
      49255   2052.250   1235.397   1247.053     9.0653     9.0669   3.751748   3.751928     1.6239     1.3309      27.28   24.22556  -81.60932   -0.00015   -0.00014         16  0.000e+00
      49256   2052.292   1235.443   1247.100     9.0655     9.0669   3.751774   3.751948     1.6239     1.3321      27.28   24.22556  -81.60932   -0.00015   -0.00014         16  0.000e+00
      49257   2052.333   1235.397   1247.053     9.0655     9.0671   3.751761   3.751968     1.6239     1.3309      27.30   24.22556  -81.60932   -0.00014   -0.00014         16  0.000e+00
      49258   2052.375   1235.443   1247.100     9.0659     9.0671   3.751774   3.751955     1.6227     1.3321      27.28   24.22556  -81.60932   -0.00015   -0.00014         16  0.000e+00
      49259   2052.417   1235.443   1247.100     9.0660     9.0672   3.751761   3.751948     1.6239     1.3309      27.30   24.22556  -81.60932   -0.00015   -0.00014         16  0.000e+00
      49260   2052.458   1235.397   1247.053     9.0658     9.0678   3.751755   3.752022     1.6239     1.3309      27.28   24.22556  -81.60932   -0.00013   -0.00014         16  0.000e+00
      49261   2052.500   1235.443   1247.100     9.0653     9.0678   3.751774   3.752022     1.6227     1.3321      27.30   24.22556  -81.60932   -0.00014   -0.00013         16  0.000e+00
      49262   2052.542   1235.397   1247.053     9.0653     9.0677   3.751761   3.751988     1.6227     1.3321      27.30   24.22556  -81.60932   -0.00015   -0.00011         16  0.000e+00
      49263   2052.583   1235.397   1247.053     9.0653     9.0675   3.751748   3.751982     1.6239     1.3321      27.28   24.22556  -81.60932   -0.00015   -0.00009         16  0.000e+00
      49264   2052.625   1235.443   1247.100     9.0655     9.0677   3.751748   3.751982     1.6239     1.3309      27.30   24.22556  -81.60932   -0.00014   -0.00011         16  0.000e+00
      49265   2052.667   1235.397   1247.053     9.0661     9.0675   3.751774   3.752002     1.6239     1.3309      27.30   24.22556  -81.60932   -0.00014   -0.00011         16  0.000e+00
      49266   2052.708   1235.397   1247.053     9.0661     9.0676   3.751735   3.751988     1.6239     1.3309      27.30   24.22556  -81.60932   -0.00013   -0.00013         16  0.000e+00
      49267   2052.750   1235.397   1247.053     9.0663     9.0676   3.751774   3.751982     1.6227     1.3309      27.28   24.22556  -81.60932   -0.00014   -0.00013         16  0.000e+00
      49268   2052.792   1235.463   1247.120     9.0656     9.0676   3.751755   3.752002     1.6239     1.3309      27.28   24.22556  -81.60932   -0.00014   -0.00015         16  0.000e+00
      49269   2052.833   1235.397   1247.053     9.0659     9.0676   3.751748   3.752015     1.6239     1.3309      27.28   24.22556  -81.60932   -0.00013   -0.00015         16  0.000e+00
      49270   2052.875   1235.397   1247.053     9.0660     9.0674   3.751748   3.752035     1.6239     1.3309      27.28   24.22556  -81.60932   -0.00012   -0.00017         16  0.000e+00
      49271   2052.917   1235.397   1247.053     9.0659     9.0678   3.751807   3.751968     1.6239     1.3309      27.30   24.22556  -81.60932   -0.00012   -0.00017         16  0.000e+00
      49272   2052.958   1235.443   1247.100     9.0658     9.0676   3.751768   3.751995     1.6227     1.3321      27.28   24.22556  -81.60932   -0.00013   -0.00015         16  0.000e+00
      49273   2053.000   1235.344   1246.999     9.0655     9.0676   3.751774   3.752015     1.6227     1.3309      27.25   24.22556  -81.60932   -0.00014   -0.00017         16  0.000e+00
      49274   2053.042   1235.397   1247.053     9.0655     9.0675   3.751735   3.751988     1.6239     1.3309      27.23   24.22556  -81.60932   -0.00013   -0.00017         16  0.000e+00
      49275   2053.083   1235.397   1247.053     9.0653     9.0674   3.751741   3.752002     1.6227     1.3309      27.23   24.22556  -81.60932   -0.00014   -0.00018         16  0.000e+00
      49276   2053.125   1235.443   1247.100     9.0656     9.0675   3.751781   3.752015     1.6239     1.3309      27.23   24.22556  -81.60932   -0.00014   -0.00018         16  0.000e+00
      49277   2053.167   1235.397   1247.053     9.0656     9.0676   3.751781   3.751988     1.6227     1.3309      27.23   24.22556  -81.60932   -0.00015   -0.00020         16  0.000e+00
      49278   2053.208   1235.397   1247.053     9.0653     9.0674   3.751761   3.752002     1.6239     1.3309      27.23   24.22556  -81.60932   -0.00014   -0.00020         16  0.000e+00
