GOMECC/GOMECC-4/1db/rb2103_0321.ros
* Sea-Bird SBE 9 Data File:
* FileName = C:\Users\scs.user.rb\CTD\GOMECC4\data\rb2103_0321.hex
* Software Version Seasave V 7.26.7.107
* Temperature SN = 4799
* Conductivity SN = 3860
* Number of Bytes Per Scan = 41
* Number of Voltage Words = 4
* Number of Scans Averaged by the Deck Unit = 1
* NMEA Latitude = 29 45.48 N
* NMEA Longitude = 087 02.49 W
* NMEA UTC (Time) = Sep 23 2021  20:34:47
* NMEA baud rate = 4800
# nquan = 17
# nvalues = 1596                                  
# units = specified
# name 0 = scan: Scan Count
# name 1 = timeS: Time, Elapsed [seconds]
# name 2 = depSM: Depth [salt water, m]
# name 3 = prDM: Pressure, Digiquartz [db]
# name 4 = t090C: Temperature [ITS-90, deg C]
# name 5 = t190C: Temperature, 2 [ITS-90, deg C]
# name 6 = c0S/m: Conductivity [S/m]
# name 7 = c1S/m: Conductivity, 2 [S/m]
# name 8 = sbeox0V: Oxygen raw, SBE 43 [V]
# name 9 = sbeox1V: Oxygen raw, SBE 43, 2 [V]
# name 10 = altM: Altimeter [m]
# name 11 = latitude: Latitude [deg]
# name 12 = longitude: Longitude [deg]
# name 13 = sbox0dV/dT: Oxygen, SBE 43 [dov/dt]
# name 14 = sbox1dV/dT: Oxygen, SBE 43, 2 [dov/dt]
# name 15 = nbf: Bottles Fired
# name 16 = flag:  0.000e+00
# interval = seconds: 0.0416667
# start_time = Sep 23 2021 20:34:47 [NMEA time, header]
# bad_flag = -9.990e-29
*END*
[from data line 426]
      27323   1138.417    139.421    140.422    16.2428    16.2430   4.552127   4.552216     1.9963     1.6654      71.84   29.75822  -87.04240    0.00001    0.00013          4  0.000e+00
      27324   1138.458    139.361    140.361    16.2428    16.2430   4.552156   4.552238     1.9963     1.6654      71.82   29.75822  -87.04240    0.00004    0.00013          4  0.000e+00
      27325   1138.500    139.474    140.475    16.2429    16.2428   4.552199   4.552216     1.9976     1.6654      71.82   29.75822  -87.04240    0.00006    0.00014          4  0.000e+00
      27326   1138.542    139.361    140.361    16.2429    16.2426   4.552177   4.552209     1.9963     1.6654      71.82   29.75822  -87.04240    0.00007    0.00014          4  0.000e+00
      27327   1138.583    139.421    140.422    16.2431    16.2414   4.552227   4.552093     1.9963     1.6642      71.82   29.75822  -87.04240    0.00007    0.00012          4  0.000e+00
      27328   1138.625    139.361    140.361    16.2431    16.2401   4.552184   4.551934     1.9963     1.6642      71.82   29.75822  -87.04240    0.00008    0.00011          4  0.000e+00
      27329   1138.667    139.361    140.361    16.2431    16.2390   4.552199   4.551696     1.9963     1.6654      71.82   29.75822  -87.04240    0.00010    0.00010          4  0.000e+00
      27330   1138.708    139.421    140.422    16.2428    16.2354   4.552206   4.551450     1.9976     1.6654      71.82   29.75822  -87.04240    0.00015    0.00008          4  0.000e+00
      27331   1138.750    139.255    140.254    16.2432    16.2303   4.552234   4.551125     1.9963     1.6667      71.82   29.75822  -87.04240    0.00013    0.00010          4  0.000e+00
      27332   1138.792    139.535    140.536    16.2432    16.2277   4.552220   4.550873     1.9963     1.6667      71.82   29.75822  -87.04240    0.00014    0.00012          4  0.000e+00
      27333   1138.833    139.361    140.361    16.2432    16.2301   4.552234   4.551046     1.9963     1.6654      71.79   29.75822  -87.04240    0.00015    0.00014          4  0.000e+00
      27334   1138.875    139.361    140.361    16.2429    16.2345   4.552163   4.551443     1.9963     1.6654      71.82   29.75822  -87.04240    0.00015    0.00016          4  0.000e+00
      27335   1138.917    139.361    140.361    16.2429    16.2380   4.552127   4.551573     1.9963     1.6667      71.82   29.75822  -87.04240    0.00016    0.00016          4  0.000e+00
      27336   1138.958    139.361    140.361    16.2429    16.2392   4.552156   4.551472     1.9963     1.6667      71.82   29.75822  -87.04240    0.00017    0.00016          4  0.000e+00
      27337   1139.000    139.361    140.361    16.2429    16.2378   4.552170   4.551494     1.9963     1.6654      71.82   29.75822  -87.04240    0.00017    0.00016          4  0.000e+00
      27338   1139.042    139.361    140.361    16.2429    16.2371   4.552191   4.551450     1.9963     1.6667      71.82   29.75822  -87.04240    0.00018    0.00018          4  0.000e+00
      27339   1139.083    139.361    140.361    16.2429    16.2373   4.552206   4.551407     1.9963     1.6679      71.82   29.75822  -87.04240    0.00018    0.00022          4  0.000e+00
      27340   1139.125    139.308    140.307    16.2428    16.2366   4.552177   4.551400     1.9976     1.6667      71.82   29.75822  -87.04240    0.00021    0.00024          4  0.000e+00
      27341   1139.167    139.421    140.422    16.2429    16.2360   4.552227   4.551487     1.9963     1.6667      71.82   29.75822  -87.04240    0.00020    0.00023          4  0.000e+00
      27342   1139.208    139.308    140.307    16.2429    16.2369   4.552270   4.551566     1.9963     1.6679      71.82   29.75822  -87.04240    0.00018    0.00027          4  0.000e+00
      27343   1139.250    139.421    140.422    16.2428    16.2380   4.552256   4.551617     1.9963     1.6667      71.82   29.75822  -87.04240    0.00019    0.00028          4  0.000e+00
      27344   1139.292    139.361    140.361    16.2429    16.2371   4.552249   4.551566     1.9963     1.6654      71.82   29.75822  -87.04240    0.00020    0.00028          4  0.000e+00
      27345   1139.333    139.361    140.361    16.2428    16.2356   4.552270   4.551552     1.9976     1.6679      71.87   29.75822  -87.04240    0.00022    0.00031          4  0.000e+00
      27346   1139.375    139.361    140.361    16.2429    16.2349   4.552284   4.551523     1.9963     1.6667      71.97   29.75822  -87.04240    0.00022    0.00033          4  0.000e+00
      27347   1139.417    139.361    140.361    16.2431    16.2354   4.552313   4.551450     1.9963     1.6654      71.99   29.75822  -87.04240    0.00021    0.00031          4  0.000e+00
      27348   1139.458    139.361    140.361    16.2434    16.2333   4.552348   4.551436     1.9963     1.6679      71.99   29.75822  -87.04240    0.00021    0.00034          4  0.000e+00
      27349   1139.500    139.421    140.422    16.2432    16.2349   4.552306   4.551580     1.9963     1.6667      71.99   29.75822  -87.04240    0.00020    0.00035          4  0.000e+00
      27350   1139.542    139.421    140.422    16.2436    16.2387   4.552284   4.551891     1.9976     1.6667      71.99   29.75822  -87.04240    0.00022    0.00037          4  0.000e+00
      27351   1139.583    139.361    140.361    16.2434    16.2411   4.552313   4.552086     1.9976     1.6679      71.99   29.75822  -87.04240    0.00024    0.00040          4  0.000e+00
      27352   1139.625    139.361    140.361    16.2436    16.2421   4.552291   4.552187     1.9963     1.6667      71.99   29.75822  -87.04240    0.00023    0.00041          4  0.000e+00
      27353   1139.667    139.421    140.422    16.2436    16.2428   4.552313   4.552267     1.9963     1.6654      71.99   29.75822  -87.04240    0.00023    0.00038          4  0.000e+00
      27354   1139.708    139.421    140.422    16.2434    16.2430   4.552320   4.552310     1.9963     1.6667      71.99   29.75822  -87.04240    0.00024    0.00039          4  0.000e+00
      27355   1139.750    139.421    140.422    16.2438    16.2427   4.552291   4.552295     1.9963     1.6667      71.99   29.75822  -87.04240    0.00024    0.00041          4  0.000e+00
      27356   1139.792    139.421    140.422    16.2436    16.2424   4.552284   4.552223     1.9963     1.6667      71.99   29.75822  -87.04240    0.00024    0.00042          4  0.000e+00
      27357   1139.833    139.421    140.422    16.2434    16.2426   4.552313   4.552209     1.9963     1.6679      71.99   29.75822  -87.04240    0.00023    0.00044          4  0.000e+00
      27358   1139.875    139.474    140.475    16.2434    16.2428   4.552320   4.552324     1.9963     1.6667      71.99   29.75822  -87.04240    0.00021    0.00043          4  0.000e+00
      27359   1139.917    139.474    140.475    16.2434    16.2428   4.552263   4.552332     1.9963     1.6654      71.99   29.75822  -87.04240    0.00022    0.00043          4  0.000e+00
      27360   1139.958    139.421    140.422    16.2432    16.2423   4.552306   4.552209     1.9963     1.6654      71.99   29.75822  -87.04240    0.00022    0.00042          4  0.000e+00
      27361   1140.000    139.474    140.475    16.2431    16.2421   4.552263   4.552230     1.9976     1.6667      71.99   29.75822  -87.04240    0.00024    0.00041          4  0.000e+00
      27362   1140.042    139.474    140.475    16.2429    16.2424   4.552270   4.552216     1.9963     1.6679      71.99   29.75822  -87.04240    0.00024    0.00042          4  0.000e+00
      27363   1140.083    139.474    140.475    16.2431    16.2423   4.552256   4.552209     1.9963     1.6654      71.99   29.75822  -87.04240    0.00022    0.00041          4  0.000e+00
      27364   1140.125    139.474    140.475    16.2429    16.2421   4.552298   4.552180     1.9976     1.6667      71.99   29.75822  -87.04240    0.00023    0.00041          4  0.000e+00
      27365   1140.167    139.535    140.536    16.2429    16.2423   4.552206   4.552194     1.9976     1.6654      71.99   29.75822  -87.04240    0.00023    0.00038          4  0.000e+00
      27366   1140.208    139.474    140.475    16.2420    16.2423   4.552135   4.552209     1.9963     1.6654      71.99   29.75822  -87.04240    0.00023    0.00037          4  0.000e+00
      27367   1140.250    139.588    140.590    16.2416    16.2423   4.552099   4.552267     1.9963     1.6654      71.99   29.75822  -87.04240    0.00023    0.00036          4  0.000e+00
      27368   1140.292    139.474    140.475    16.2410    16.2423   4.552006   4.552223     1.9963     1.6654      71.99   29.75822  -87.04240    0.00021    0.00035          4  0.000e+00
      27369   1140.333    139.535    140.536    16.2407    16.2423   4.551971   4.552209     1.9963     1.6667      71.99   29.75822  -87.04240    0.00021    0.00034          4  0.000e+00
      27370   1140.375    139.588    140.590    16.2405    16.2421   4.551949   4.552267     1.9963     1.6654      68.62   29.75822  -87.04240    0.00021    0.00033          4  0.000e+00
      27371   1140.417    139.535    140.536    16.2407    16.2421   4.552021   4.552288     1.9963     1.6654      55.60   29.75822  -87.04240    0.00021    0.00031          4  0.000e+00
      27372   1140.458    139.588    140.590    16.2404    16.2423   4.551992   4.552223     1.9976     1.6654      50.21   29.75822  -87.04240    0.00023    0.00032          4  0.000e+00
      27373   1140.500    139.588    140.590    16.2399    16.2424   4.551999   4.552209     1.9963     1.6654      50.01   29.75822  -87.04240    0.00021    0.00031          4  0.000e+00
      27374   1140.542    139.535    140.536    16.2399    16.2415   4.551928   4.552122     1.9963     1.6642      50.65   29.75822  -87.04240    0.00019    0.00026          4  0.000e+00
      27375   1140.583    139.648    140.651    16.2394    16.2409   4.551871   4.552093     1.9963     1.6642      50.92   29.75822  -87.04240    0.00019    0.00023          4  0.000e+00
      27376   1140.625    139.588    140.590    16.2394    16.2404   4.551828   4.552007     1.9963     1.6654      50.92   29.75822  -87.04240    0.00019    0.00022          4  0.000e+00
      27377   1140.667    139.588    140.590    16.2390    16.2402   4.551849   4.551978     1.9963     1.6654      50.87   29.75822  -87.04240    0.00019    0.00021          4  0.000e+00
      27378   1140.708    139.648    140.651    16.2391    16.2399   4.551828   4.551978     1.9963     1.6654      50.87   29.75822  -87.04240    0.00017    0.00018          4  0.000e+00
      27379   1140.750    139.588    140.590    16.2392    16.2400   4.551792   4.551978     1.9963     1.6654      50.87   29.75822  -87.04240    0.00015    0.00017          4  0.000e+00
      27380   1140.792    139.648    140.651    16.2392    16.2400   4.551807   4.551978     1.9963     1.6654      50.87   29.75822  -87.04240    0.00013    0.00016          4  0.000e+00
      27381   1140.833    139.648    140.651    16.2392    16.2397   4.551821   4.551913     1.9963     1.6642      50.87   29.75822  -87.04240    0.00013    0.00013          4  0.000e+00
      27382   1140.875    139.648    140.651    16.2390    16.2399   4.551792   4.551898     1.9963     1.6654      50.87   29.75822  -87.04240    0.00013    0.00014          4  0.000e+00
      27383   1140.917    139.648    140.651    16.2390    16.2395   4.551778   4.551898     1.9963     1.6654      50.87   29.75822  -87.04240    0.00012    0.00012          4  0.000e+00
      27384   1140.958    139.701    140.704    16.2388    16.2395   4.551807   4.551898     1.9963     1.6654      50.87   29.75822  -87.04240    0.00010    0.00011          4  0.000e+00
      27385   1141.000    139.648    140.651    16.2385    16.2402   4.551785   4.551898     1.9963     1.6654      50.87   29.75822  -87.04240    0.00010    0.00008          4  0.000e+00
      27386   1141.042    139.648    140.651    16.2385    16.2409   4.551778   4.551985     1.9963     1.6654      50.87   29.75822  -87.04240    0.00010    0.00007          4  0.000e+00
      27387   1141.083    139.701    140.704    16.2388    16.2409   4.551778   4.552072     1.9963     1.6654      50.87   29.75822  -87.04240    0.00010    0.00006          4  0.000e+00
      27388   1141.125    139.701    140.704    16.2388    16.2414   4.551750   4.552064     1.9963     1.6654      50.87   29.75822  -87.04240    0.00009    0.00005          4  0.000e+00
      27389   1141.167    139.648    140.651    16.2388    16.2414   4.551771   4.552108     1.9963     1.6667      50.87   29.75822  -87.04240    0.00007    0.00006          4  0.000e+00
      27390   1141.208    139.701    140.704    16.2383    16.2412   4.551750   4.552129     1.9963     1.6654      50.87   29.75822  -87.04240    0.00005    0.00005          4  0.000e+00
      27391   1141.250    139.701    140.704    16.2378    16.2416   4.551714   4.552158     1.9963     1.6642      50.87   29.75822  -87.04240    0.00005    0.00002          4  0.000e+00
      27392   1141.292    139.701    140.704    16.2376    16.2421   4.551700   4.552173     1.9976     1.6654      50.87   29.75822  -87.04240    0.00006    0.00001          4  0.000e+00
      27393   1141.333    139.701    140.704    16.2375    16.2423   4.551643   4.552137     1.9963     1.6654      55.04   29.75822  -87.04240    0.00006   -0.00001          4  0.000e+00
      27394   1141.375    139.701    140.704    16.2375    16.2426   4.551650   4.552158     1.9963     1.6667      67.59   29.75822  -87.04240    0.00004 1.7584e-07          4  0.000e+00
      27395   1141.417    139.701    140.704    16.2376    16.2424   4.551629   4.552194     1.9963     1.6654      72.38   29.75822  -87.04240    0.00002    0.00001          4  0.000e+00
      27396   1141.458    139.701    140.704    16.2373    16.2421   4.551686   4.552180     1.9951     1.6654      72.41   29.75822  -87.04240   -0.00000   -0.00000          4  0.000e+00
      27397   1141.500    139.701    140.704    16.2372    16.2417   4.551671   4.552108     1.9963     1.6654      71.79   29.75822  -87.04240   -0.00001   -0.00003          4  0.000e+00
      27398   1141.542    139.701    140.704    16.2376    16.2412   4.551664   4.552122     1.9963     1.6654      71.58   29.75822  -87.04240   -0.00001   -0.00006          4  0.000e+00
      27399   1141.583    139.701    140.704    16.2378    16.2411   4.551664   4.552158     1.9963     1.6654      71.58   29.75822  -87.04240   -0.00002   -0.00008          4  0.000e+00
      27400   1141.625    139.701    140.704    16.2381    16.2414   4.551664   4.552137     1.9963     1.6667      71.60   29.75822  -87.04240   -0.00002   -0.00007          4  0.000e+00
      27401   1141.667    139.701    140.704    16.2383    16.2414   4.551686   4.552101     1.9963     1.6679      71.60   29.75822  -87.04240   -0.00002   -0.00005          4  0.000e+00
      27402   1141.708    139.701    140.704    16.2381    16.2412   4.551671   4.552093     1.9963     1.6667      71.60   29.75822  -87.04240   -0.00003   -0.00004          4  0.000e+00
      27403   1141.750    139.754    140.757    16.2381    16.2414   4.551686   4.552151     1.9963     1.6654      71.62   29.75822  -87.04240   -0.00003   -0.00006          4  0.000e+00
      27404   1141.792    139.648    140.651    16.2380    16.2414   4.551700   4.552108     1.9963     1.6654      71.60   29.75822  -87.04240   -0.00002   -0.00007          4  0.000e+00
      27405   1141.833    139.701    140.704    16.2376    16.2412   4.551700   4.552064     1.9963     1.6654      71.60   29.75822  -87.04240   -0.00002   -0.00008          4  0.000e+00
      27406   1141.875    139.754    140.757    16.2378    16.2414   4.551700   4.552021     1.9963     1.6667      71.60   29.75822  -87.04240   -0.00002   -0.00008          4  0.000e+00
