GOMECC/GOMECC-4/1db/rb2103_0031.cnv
* Sea-Bird SBE 9 Data File:
* FileName = C:\Users\scs.user.rb\CTD\GOMECC4\data\rb2103_003.hex
* Software Version Seasave V 7.26.7.107
* Temperature SN = 4799
* Conductivity SN = 3860
* Number of Bytes Per Scan = 41
* Number of Voltage Words = 4
* Number of Scans Averaged by the Deck Unit = 1
* NMEA Latitude = 26 59.30 N
* NMEA Longitude = 079 46.65 W
* NMEA UTC (Time) = Sep 14 2021  20:49:18
* NMEA baud rate = 4800
# nquan = 28
# nvalues = 459                         
# units = specified
# name 0 = scan: Scan Count
# name 1 = timeS: Time, Elapsed [seconds]
# name 2 = depSM: Depth [salt water, m]
# name 3 = prDM: Pressure, Digiquartz [db]
# name 4 = t090C: Temperature [ITS-90, deg C]
# name 5 = t190C: Temperature, 2 [ITS-90, deg C]
# name 6 = c0S/m: Conductivity [S/m]
# name 7 = c1S/m: Conductivity, 2 [S/m]
# name 8 = sbeox0V: Oxygen raw, SBE 43 [V]
# name 9 = sbeox1V: Oxygen raw, SBE 43, 2 [V]
# name 10 = altM: Altimeter [m]
# name 11 = latitude: Latitude [deg]
# name 12 = longitude: Longitude [deg]
# name 13 = sbox0dV/dT: Oxygen, SBE 43 [dov/dt]
# name 14 = sbox1dV/dT: Oxygen, SBE 43, 2 [dov/dt]
# name 15 = sbeox0ML/L: Oxygen, SBE 43 [ml/l], WS = 5
# name 16 = sbeox1ML/L: Oxygen, SBE 43, 2 [ml/l], WS = 5
# name 17 = potemp090C: Potential Temperature [ITS-90, deg C]
# name 18 = potemp190C: Potential Temperature, 2 [ITS-90, deg C]
# name 19 = sal00: Salinity, Practical [PSU]
# name 20 = sal11: Salinity, Practical, 2 [PSU]
# name 21 = sigma-é00: Density [sigma-theta, kg/m^3]
# name 22 = sigma-é11: Density, 2 [sigma-theta, kg/m^3]
# name 23 = avgsvCM: Average Sound Velocity [Chen-Millero, m/s], minP = 20, minS = 20
# name 24 = sbox0Mm/Kg: Oxygen, SBE 43 [umol/kg], WS = 5
# name 25 = sbox1Mm/Kg: Oxygen, SBE 43, 2 [umol/kg], WS = 5
# name 26 = nbin: number of scans per bin
# name 27 = flag: flag
# span 0 =       7231,      75079       
# span 1 =    301.264,   3128.230       
# span 2 =      1.987,    388.062       
# span 3 =      2.000,    391.000       
# span 4 =     7.6128,    29.6522       
# span 5 =     7.6141,    29.6390       
# span 6 =   3.599509,   5.999852       
# span 7 =   3.599630,   5.997224       
# span 8 =     1.6825,     3.1792       
# span 9 =     1.3883,     2.7041       
# span 10 =       7.60,     101.36      
# span 11 =   26.72850,   27.16493      
# span 12 =  -80.22636,  -78.93829      
# span 13 =   -0.07229,    0.03996      
# span 14 =   -0.05351,    0.01806      
# span 15 =     2.7154,     4.4740      
# span 16 =     2.5889,     4.4965      
# span 17 =     7.5738,    29.6470      
# span 18 =     7.5751,    29.6377      
# span 19 =    34.9633,    36.9445      
# span 20 =    34.9633,    36.9469      
# span 21 =    22.1538,    27.3080      
# span 22 =    22.1543,    27.3078      
# span 23 =       0.00,    1546.31      
# span 24 =    118.068,    195.119      
# span 25 =    113.082,    196.102      
# span 26 =         30,         74      
# span 27 = 0.0000e+00, 0.0000e+00      
# interval = decibars: 1                
# start_time = Sep 14 2021 20:49:18 [NMEA time, header]
# bad_flag = -9.990e-29
*END*
       7231    301.264      4.967      5.000    29.6186    29.6390   5.899688   5.906079     2.6916     2.3559      76.51   26.98853  -79.77731   -0.02671    0.01806     3.5170     3.7043    29.6166    29.6377    35.7135    35.7399    22.3919    22.4046       0.00    153.630    161.808         30 0.0000e+00
       7288    303.625      5.960      6.000    29.5856    29.6318   5.888103   5.893600     2.6348     2.3035      99.40   26.98854  -79.77730   -0.01633    0.00769     3.4199     3.6059    29.5841    29.6304    35.6579    35.6664    22.3612    22.3519       0.00    149.391    157.520         60 0.0000e+00
       7349    306.185      6.954      7.000    29.5271    29.5964   5.884643   5.894309     2.5433     2.1299     100.00   26.98854  -79.77730   -0.03364   -0.05351     3.2600     3.2616    29.5254    29.5947    35.6774    35.6920    22.3958    22.3832       0.00    142.404    142.475         60 0.0000e+00
       7412    308.796      7.947      8.000    29.4701    29.5626   5.905307   5.889432     2.5948     2.0511     100.00   26.98854  -79.77730    0.00008   -0.04786     3.3909     3.1086    29.4599    29.5606    35.8620    35.6836    22.5565    22.3885       0.00    148.101    135.789         66 0.0000e+00
       7478    311.529      8.941      9.000    29.4284    29.4854   5.908201   5.892746     2.6840     2.0980     100.00   26.98856  -79.77730    0.03996    0.00886     3.5085     3.2028    29.4261    29.4833    35.9268    35.7595    22.6166    22.4700       0.00    153.225    139.889         66 0.0000e+00
       7547    314.432      9.934     10.000    29.5410    29.4976   5.901307   5.891457     2.5843     2.0950     100.00   26.98856  -79.77730   -0.01647    0.00821     3.3089     3.1966    29.5385    29.4952    35.7833    35.7455    22.4708    22.4573       0.00    144.528    139.625         64 0.0000e+00
       7610    317.022     10.927     11.000    29.5538    29.5278   5.908467   5.890327     2.4267     1.9849     100.00   26.98857  -79.77730   -0.07229   -0.03440     3.0513     2.9770    29.5510    29.5251    35.8192    35.7163    22.4935    22.4250       0.00    133.273    130.035         49 0.0000e+00
       7711    321.229     11.921     12.000    29.5570    29.4831   5.918027   5.888245     2.4360     1.8587      92.60   26.98858  -79.77730   -0.01447   -0.03033     3.0638     2.7291    29.5544    29.4802    35.8819    35.7336    22.5395    22.4532       0.00    133.813    119.206         36 0.0000e+00
       7789    324.520     12.914     13.000    29.5746    29.5238   5.919301   5.892764     2.3989     1.7881      95.90   26.98858  -79.77730   -0.00586   -0.01964     2.9991     2.5889    29.5708    29.5206    35.8779    35.7383    22.5309    22.4452       0.00    130.992    113.082         42 0.0000e+00
       8134    338.881     13.907     14.000    29.5814    29.5715   5.978004   5.975606     3.1341     2.6778      89.72   26.98869  -79.77730    0.02045    0.01209     4.3019     4.3397    29.5780    29.5680    36.2742    36.2651    22.8259    22.8225       0.00    187.836    189.485         71 0.0000e+00
      12612    525.465     14.901     15.000    29.5867    29.5874   5.979927   5.980258     3.1496     2.6846      99.81   26.99019  -79.77740    0.00065    0.00141     4.3295     4.3521    29.5830    29.5837    36.2830    36.2847    22.8308    22.8319       0.00    189.041    190.025         49 0.0000e+00
      12747    531.075     15.894     16.000    29.5853    29.5874   5.980412   5.980925     3.1478     2.6834     100.00   26.99024  -79.77740   -0.00013    0.00061     4.3267     4.3500    29.5814    29.5835    36.2870    36.2890    22.8344    22.8352       0.00    188.918    189.934         55 0.0000e+00
      12799    533.242     16.888     17.000    29.5719    29.5731   5.978722   5.979135     3.1467     2.6792     100.00   26.99026  -79.77740   -0.00083   -0.00149     4.3259     4.3432    29.5677    29.5690    36.2857    36.2874    22.8380    22.8389       0.00    188.882    189.636         48 0.0000e+00
      12846    535.229     17.881     18.000    29.5567    29.5581   5.977043   5.977460     3.1458     2.6802     100.00   26.99028  -79.77742   -0.00052   -0.00110     4.3265     4.3469    29.5523    29.5537    36.2849    36.2867    22.8427    22.8436       0.00    188.907    189.798         48 0.0000e+00
      12896    537.273     18.874     19.000    29.5491    29.5506   5.976271   5.976713     3.1467     2.6799      96.12   26.99030  -79.77742   -0.00001    0.00024     4.3292     4.3474    29.5444    29.5459    36.2851    36.2870    22.8455    22.8464       0.00    189.024    189.819         51 0.0000e+00
      12948    539.466     19.868     20.000    29.5361    29.5398   5.974593   5.975294     3.1491     2.6820      96.19   26.99032  -79.77742    0.00120    0.00066     4.3350     4.3529    29.5312    29.5349    36.2831    36.2851    22.8485    22.8488     761.14    189.274    190.057         53 0.0000e+00
      12998    541.547     20.861     21.000    29.5070    29.5077   5.970747   5.971102     3.1469     2.6823      99.97   26.99035  -79.77742   -0.00062    0.00037     4.3330     4.3561    29.5019    29.5025    36.2788    36.2801    22.8552    22.8560    1540.54    189.187    190.198         48 0.0000e+00
      13047    543.571     21.854     22.000    29.4648    29.4676   5.965849   5.966354     3.1463     2.6827      84.11   26.99036  -79.77742   -0.00042    0.00038     4.3367     4.3606    29.4594    29.4622    36.2764    36.2777    22.8678    22.8678    1546.31    189.346    190.393         49 0.0000e+00
      13098    545.702     22.847     23.000    29.4523    29.4541   5.964433   5.964887     3.1459     2.6797      95.13   26.99040  -79.77742   -0.00030   -0.00093     4.3373     4.3557    29.4467    29.4485    36.2756    36.2774    22.8715    22.8723    1546.31    189.372    190.177         54 0.0000e+00
      13151    547.916     23.841     24.000    29.4461    29.4475   5.963699   5.964128     3.1472     2.6793     100.09   26.99042  -79.77742    0.00037   -0.00052     4.3407     4.3563    29.4402    29.4416    36.2751    36.2770    22.8734    22.8743    1546.30    189.522    190.203         49 0.0000e+00
      13196    549.795     24.834     25.000    29.4452    29.4458   5.963941   5.964271     3.1477     2.6792     100.00   26.99044  -79.77742    0.00036   -0.00020     4.3422     4.3567    29.4391    29.4397    36.2772    36.2790    22.8753    22.8764    1546.30    189.585    190.218         44 0.0000e+00
      13247    551.904     25.828     26.000    29.4369    29.4387   5.963154   5.963609     3.1457     2.6747     100.00   26.99046  -79.77742   -0.00013   -0.00106     4.3398     4.3489    29.4305    29.4323    36.2777    36.2795    22.8786    22.8793    1546.30    189.479    189.878         57 0.0000e+00
      13301    554.171     26.821     27.000    29.4278    29.4294   5.962299   5.962750     3.1469     2.6786     100.00   26.99049  -79.77744   -0.00081   -0.00031     4.3431     4.3576    29.4211    29.4227    36.2785    36.2804    22.8824    22.8832    1546.29    189.624    190.257         49 0.0000e+00
      13348    556.143     27.814     28.000    29.4227    29.4236   5.962001   5.962383     3.1485     2.6805      98.62   26.99050  -79.77744    0.00124    0.00154     4.3468     4.3623    29.4158    29.4167    36.2799    36.2819    22.8853    22.8864    1546.29    189.784    190.462         51 0.0000e+00
      13404    558.477     28.807     29.000    29.4151    29.4172   5.961382   5.961867     3.1493     2.6803     100.01   26.99054  -79.77744    0.00037    0.00035     4.3492     4.3629    29.4080    29.4101    36.2812    36.2829    22.8888    22.8894    1546.29    189.889    190.487         57 0.0000e+00
      13455    560.590     29.801     30.000    29.4007    29.4025   5.959942   5.960406     3.1465     2.6856     100.00   26.99056  -79.77744   -0.00051    0.00094     4.3459     4.3751    29.3933    29.3951    36.2819    36.2837    22.8943    22.8951    1546.28    189.745    191.017         43 0.0000e+00
      13496    562.301     30.794     31.000    29.3885    29.3900   5.958791   5.959229     3.1469     2.6824      99.85   26.99058  -79.77745   -0.00073    0.00136     4.3479     4.3701    29.3809    29.3824    36.2829    36.2847    22.8993    22.9001    1546.28    189.830    190.798         44 0.0000e+00
      13554    564.699     31.787     32.000    29.3808    29.3826   5.958201   5.958672     3.1478     2.6816     100.00   26.99061  -79.77746    0.00013   -0.00122     4.3507     4.3695    29.3730    29.3748    36.2843    36.2862    22.9030    22.9038    1546.28    189.953    190.772         67 0.0000e+00
      13609    567.005     32.780     33.000    29.3720    29.3731   5.957492   5.957861     3.1495     2.6837     100.00   26.99063  -79.77746    0.00078    0.00107     4.3548     4.3748    29.3639    29.3650    36.2858    36.2875    22.9073    22.9082    1546.28    190.130    191.005         44 0.0000e+00
      13655    568.907     33.774     34.000    29.3545    29.3554   5.955773   5.956125     3.1509     2.6781     100.00   26.99065  -79.77746    0.00078   -0.00120     4.3592     4.3654    29.3462    29.3470    36.2869    36.2887    22.9141    22.9151    1546.27    190.323    190.590         51 0.0000e+00
      13708    571.128     34.767     35.000    29.3359    29.3396   5.954079   5.954684     3.1516     2.6832     100.00   26.99068  -79.77746    0.00033   -0.00015     4.3624     4.3770    29.3274    29.3310    36.2891    36.2905    22.9220    22.9219    1546.27    190.458    191.098         53 0.0000e+00
      13759    573.270     35.760     36.000    29.2936    29.2952   5.949976   5.950316     3.1531     2.6867     100.00   26.99071  -79.77746    0.00077    0.00204     4.3688     4.3879    29.2848    29.2864    36.2926    36.2937    22.9391    22.9394    1546.27    190.735    191.570         50 0.0000e+00
      13810    575.377     36.753     37.000    29.2474    29.2494   5.945388   5.945839     3.1558     2.6893     100.00   26.99074  -79.77746    0.00075    0.00169     4.3775     4.3968    29.2383    29.2404    36.2957    36.2972    22.9571    22.9576    1546.26    191.111    191.954         49 0.0000e+00
      13856    577.305     37.747     38.000    29.2261    29.2268   5.943134   5.943453     3.1553     2.6864     100.00   26.99076  -79.77748    0.00070    0.00010     4.3788     4.3931    29.2168    29.2175    36.2960    36.2977    22.9646    22.9656    1546.25    191.169    191.790         47 0.0000e+00
      13913    579.649     38.740     39.000    29.2064    29.2101   5.941041   5.941707     3.1591     2.6842      88.38   26.99078  -79.77748    0.00081   -0.00119     4.3876     4.3905    29.1969    29.2006    36.2962    36.2979    22.9714    22.9715    1546.25    191.551    191.678         63 0.0000e+00
      13965    581.837     39.733     40.000    29.1866    29.1874   5.938884   5.939204     3.1586     2.6876     100.02   26.99081  -79.77748    0.00104    0.00042     4.3889     4.3994    29.1769    29.1777    36.2960    36.2976    22.9781    22.9790    1546.24    191.607    192.064         43 0.0000e+00
      14012    583.809     40.726     41.000    29.1684    29.1687   5.936799   5.937093     3.1581     2.6945     100.00   26.99082  -79.77748   -0.00069    0.00244     4.3899     4.4152    29.1584    29.1587    36.2952    36.2970    22.9837    22.9849    1546.23    191.647    192.752         53 0.0000e+00
      14065    586.003     41.720     42.000    29.1644    29.1658   5.936430   5.936824     3.1590     2.6880     100.00   26.99086  -79.77748    0.00062    0.00013     4.3925     4.4027    29.1542    29.1556    36.2954    36.2972    22.9852    22.9861    1546.22    191.760    192.206         50 0.0000e+00
      14114    588.028     42.713     43.000    29.1507    29.1507   5.935229   5.935511     3.1574     2.6917     100.00   26.99088  -79.77748   -0.00086   -0.00059     4.3916     4.4118    29.1402    29.1402    36.2955    36.2973    22.9900    22.9913    1546.21    191.721    192.604         51 0.0000e+00
      14169    590.338     43.706     44.000    29.1276    29.1346   5.932665   5.933559     3.1576     2.6888     100.00   26.99092  -79.77749    0.00043    0.00005     4.3946     4.4083    29.1169    29.1240    36.2967    36.2978    22.9988    22.9973    1546.21    191.849    192.448         56 0.0000e+00
      14218    592.388     44.699     45.000    29.0576    29.0586   5.925517   5.925782     3.1557     2.6871     100.00   26.99093  -79.77750   -0.00102   -0.00117     4.3962     4.4100    29.0467    29.0476    36.3001    36.3012    23.0250    23.0255    1546.20    191.914    192.518         44 0.0000e+00
      14265    594.339     45.692     46.000    29.0043    29.0047   5.920100   5.920361     3.1558     2.6863     100.00   26.99095  -79.77750   -0.00039   -0.00082     4.4008     4.4131    28.9932    28.9935    36.3029    36.3044    23.0450    23.0460    1546.19    192.112    192.650         53 0.0000e+00
      14322    596.721     46.686     47.000    28.9473    28.9548   5.914336   5.915292     3.1567     2.6862      77.75   26.99098  -79.77750    0.00053    0.00001     4.4073     4.4169    28.9359    28.9434    36.3060    36.3069    23.0666    23.0647    1546.18    192.393    192.811         55 0.0000e+00
      14372    598.792     47.679     48.000    28.9048    28.9046   5.909887   5.910088     3.1559     2.6898      99.01   26.99101  -79.77750   -0.00034    0.00088     4.4096     4.4283    28.8932    28.8930    36.3073    36.3088    23.0818    23.0831    1546.16    192.491    193.306         48 0.0000e+00
      14420    600.809     48.672     49.000    28.8807    28.8804   5.907149   5.907349     3.1566     2.6911     100.01   26.99103  -79.77751    0.00006    0.00115     4.4134     4.4334    28.8688    28.8685    36.3064    36.3079    23.0893    23.0906    1546.15    192.653    193.526         47 0.0000e+00
      14468    602.799     49.665     50.000    28.8417    28.8511   5.902860   5.904121     3.1562     2.6946     100.00   26.99106  -79.77752    0.00004    0.00123     4.4163     4.4436    28.8297    28.8390    36.3060    36.3071    23.1021    23.0997    1546.13    192.777    193.970         51 0.0000e+00
      14523    605.073     50.659     51.000    28.7134    28.7237   5.888754   5.889948     3.1573     2.6925     100.00   26.99108  -79.77752    0.00038    0.00062     4.4289     4.4480    28.7011    28.7114    36.3055    36.3059    23.1447    23.1416    1546.11    193.321    194.154         58 0.0000e+00
      14577    607.316     51.652     52.000    28.5398    28.5541   5.868918   5.870517     3.1545     2.6896     100.00   26.99110  -79.77752   -0.00061   -0.00253     4.4379     4.4561    28.5273    28.5416    36.2997    36.2999    23.1982    23.1936    1546.09    193.704    194.498         44 0.0000e+00
      14618    609.022     52.645     53.000    28.4852    28.4891   5.866693   5.867280     3.1520     2.6930      99.68   26.99113  -79.77752   -0.00083    0.00098     4.4379     4.4675    28.4725    28.4764    36.3257    36.3261    23.2360    23.2349    1546.06    193.695    194.990         40 0.0000e+00
      14670    611.212     53.638     54.000    28.4030    28.4167   5.859929   5.860774     3.1434     2.6792      96.67   26.99115  -79.77752   -0.00318   -0.00295     4.4286     4.4454    28.3947    28.4038    36.3376    36.3370    23.2707    23.2673    1546.04    193.282    194.015         62 0.0000e+00
      14726    613.524     54.631     55.000    28.2966    28.2981   5.849900   5.849994     3.1355     2.6688     100.13   26.99119  -79.77754   -0.00357   -0.00549     4.4225     4.4333    28.2833    28.2850    36.3524    36.3535    23.3188    23.3197    1546.01    193.008    193.477         44 0.0000e+00
