GOMECC/GOMECC-4/1db/rb2103_0261.cnv
* Sea-Bird SBE 9 Data File:
* FileName = C:\Users\scs.user.rb\CTD\GOMECC4\data\rb2103_0261.hex
* Software Version Seasave V 7.26.7.107
* Temperature SN = 4799
* Conductivity SN = 3860
* Number of Bytes Per Scan = 41
* Number of Voltage Words = 4
* Number of Scans Averaged by the Deck Unit = 1
* NMEA Latitude = 28 20.64 N
* NMEA Longitude = 086 20.48 W
* NMEA UTC (Time) = Sep 21 2021  10:45:37
* NMEA baud rate = 4800
# nquan = 28
# nvalues = 346                         
# units = specified
# name 0 = scan: Scan Count
# name 1 = timeS: Time, Elapsed [seconds]
# name 2 = depSM: Depth [salt water, m]
# name 3 = prDM: Pressure, Digiquartz [db]
# name 4 = t090C: Temperature [ITS-90, deg C]
# name 5 = t190C: Temperature, 2 [ITS-90, deg C]
# name 6 = c0S/m: Conductivity [S/m]
# name 7 = c1S/m: Conductivity, 2 [S/m]
# name 8 = sbeox0V: Oxygen raw, SBE 43 [V]
# name 9 = sbeox1V: Oxygen raw, SBE 43, 2 [V]
# name 10 = altM: Altimeter [m]
# name 11 = latitude: Latitude [deg]
# name 12 = longitude: Longitude [deg]
# name 13 = sbox0dV/dT: Oxygen, SBE 43 [dov/dt]
# name 14 = sbox1dV/dT: Oxygen, SBE 43, 2 [dov/dt]
# name 15 = sbeox0ML/L: Oxygen, SBE 43 [ml/l], WS = 5
# name 16 = sbeox1ML/L: Oxygen, SBE 43, 2 [ml/l], WS = 5
# name 17 = potemp090C: Potential Temperature [ITS-90, deg C]
# name 18 = potemp190C: Potential Temperature, 2 [ITS-90, deg C]
# name 19 = sal00: Salinity, Practical [PSU]
# name 20 = sal11: Salinity, Practical, 2 [PSU]
# name 21 = sigma-é00: Density [sigma-theta, kg/m^3]
# name 22 = sigma-é11: Density, 2 [sigma-theta, kg/m^3]
# name 23 = avgsvCM: Average Sound Velocity [Chen-Millero, m/s], minP = 20, minS = 20
# name 24 = sbox0Mm/Kg: Oxygen, SBE 43 [umol/kg], WS = 5
# name 25 = sbox1Mm/Kg: Oxygen, SBE 43, 2 [umol/kg], WS = 5
# name 26 = nbin: number of scans per bin
# name 27 = flag: flag
# span 0 =      11508,      80805       
# span 1 =    479.460,   3366.848       
# span 2 =      1.987,    608.008       
# span 3 =      2.000,    613.000       
# span 4 =     7.3718,    28.6352       
# span 5 =     7.3729,    28.6149       
# span 6 =   3.584993,   5.723823       
# span 7 =   3.584979,   5.724224       
# span 8 =     1.6212,     3.1238       
# span 9 =     1.3262,     2.6605       
# span 10 =      11.65,     101.22      
# span 11 =   28.33258,   28.60624      
# span 12 =  -87.14057,  -86.30687      
# span 13 =   -0.03133,    0.03464      
# span 14 =   -0.03123,    0.03592      
# span 15 =     2.5676,     4.4911      
# span 16 =     2.6001,     4.5111      
# span 17 =     7.3110,    28.6263      
# span 18 =     7.3121,    28.6104      
# span 19 =    32.5150,    36.6168      
# span 20 =    32.5146,    36.6317      
# span 21 =    20.5892,    27.3279      
# span 22 =    20.5884,    27.3269      
# span 23 =       0.00,    1546.84      
# span 24 =    111.638,    196.525      
# span 25 =    113.054,    197.402      
# span 26 =         30,         75      
# span 27 = 0.0000e+00, 0.0000e+00      
# interval = decibars: 1                
# start_time = Sep 21 2021 10:45:37 [NMEA time, header]
# bad_flag = -9.990e-29
*END*
[from data line 208]
      39635   1651.416    502.999    507.000     8.1863     8.1871   3.660387   3.660393     1.6218     1.3272     100.00   28.34296  -86.33833 -6.465e-07    0.00002     2.6807     2.7162     8.1332     8.1340    34.9900    34.9892    27.2459    27.2452    1507.21    116.543    118.088         31 0.0000e+00
      39724   1655.143    500.026    504.000     8.2013     8.2024   3.661850   3.661906     1.6222     1.3280     100.00   28.34363  -86.34036    0.00007    0.00017     2.6795     2.7166     8.1486     8.1496    34.9921    34.9917    27.2452    27.2447    1507.25    116.494    118.105         30 0.0000e+00
      39756   1656.454    499.035    503.000     8.2056     8.2074   3.662241   3.662364     1.6226     1.3281     100.00   28.34368  -86.34052    0.00006    0.00030     2.6801     2.7161     8.1529     8.1547    34.9925    34.9921    27.2449    27.2443    1507.25    116.518    118.083         31 0.0000e+00
      40752   1697.954    462.368    466.000     8.6439     8.6444   3.706145   3.706150     1.6214     1.3262     100.01   28.34709  -86.35089   -0.00010    0.00006     2.6333     2.6671     8.5937     8.5941    35.0417    35.0414    27.2156    27.2152    1507.43    114.488    115.957         31 0.0000e+00
      43238   1801.550    455.430    459.000     8.7556     8.7560   3.716934   3.716929     1.6212     1.3271      96.92   28.34216  -86.33588    0.00006   -0.00001     2.6230     2.6601     8.7057     8.7061    35.0477    35.0477    27.2025    27.2024    1507.17    114.042    115.654         48 0.0000e+00
      43291   1803.741    454.439    458.000     8.7551     8.7588   3.716968   3.717282     1.6215     1.3271      79.20   28.34366  -86.34046    0.00012   -0.00002     2.6235     2.6597     8.7054     8.7091    35.0493    35.0488    27.2038    27.2028    1507.25    114.064    115.636         53 0.0000e+00
      43334   1805.543    453.448    457.000     8.7584     8.7696   3.717280   3.718477     1.6217     1.3273     100.52   28.34366  -86.34046    0.00008    0.00004     2.6234     2.6592     8.7087     8.7200    35.0497    35.0512    27.2036    27.2030    1507.25    114.058    115.615         31 0.0000e+00
      43393   1807.989    451.465    455.000     8.7950     8.8009   3.721028   3.721585     1.6220     1.3273      98.42   28.34315  -86.33892    0.00017    0.00004     2.6212     2.6562     8.7454     8.7514    35.0539    35.0538    27.2010    27.2001    1507.22    113.965    115.485         32 0.0000e+00
      43425   1809.350    450.474    454.000     8.7997     8.8044   3.721590   3.722006     1.6222     1.3272     100.02   28.34366  -86.34046    0.00016   -0.00003     2.6210     2.6554     8.7502     8.7550    35.0557    35.0554    27.2017    27.2007    1507.25    113.954    115.452         31 0.0000e+00
      43455   1810.599    449.483    453.000     8.8115     8.8121   3.722724   3.722776     1.6221     1.3272     100.00   28.34366  -86.34046    0.00001   -0.00004     2.6195     2.6546     8.7621     8.7627    35.0564    35.0563    27.2004    27.2003    1507.25    113.888    115.414         30 0.0000e+00
      43486   1811.889    448.492    452.000     8.8299     8.8293   3.724560   3.724664     1.6224     1.3268     100.00   28.34366  -86.34046    0.00003   -0.00009     2.6189     2.6516     8.7806     8.7800    35.0580    35.0578    27.1987    27.1987    1507.25    113.865    115.285         32 0.0000e+00
      43518   1813.204    447.501    451.000     8.8509     8.8529   3.726702   3.726697     1.6228     1.3265      88.50   28.34366  -86.34046    0.00018   -0.00020     2.6182     2.6491     8.8016     8.8036    35.0603    35.0583    27.1972    27.1953    1507.25    113.835    115.176         30 0.0000e+00
      43576   1815.632    445.518    449.000     8.8962     8.8955   3.731406   3.731276     1.6229     1.3271     100.00   28.34376  -86.34078    0.00012    0.00004     2.6148     2.6473     8.8470     8.8463    35.0659    35.0653    27.1944    27.1940    1507.26    113.685    115.098         31 0.0000e+00
      43607   1816.934    444.527    448.000     8.9039     8.9050   3.732234   3.732292     1.6228     1.3272      86.93   28.34366  -86.34046    0.00002    0.00023     2.6135     2.6465     8.8548     8.8558    35.0675    35.0670    27.1943    27.1938    1507.25    113.630    115.065         31 0.0000e+00
      43694   1820.559    441.554    445.000     8.9666     8.9771   3.738693   3.739657     1.6235     1.3278      84.17   28.34393  -86.34130    0.00023    0.00013     2.6104     2.6426     8.9176     8.9280    35.0749    35.0747    27.1901    27.1883    1507.26    113.494    114.897         31 0.0000e+00
      46431   1934.592    405.868    409.000     9.7574     9.7600   3.820588   3.820841     1.6310     1.3345      99.98   28.33920  -86.32688    0.00008    0.00020     2.5676     2.6001     9.7100     9.7126    35.1679    35.1656    27.1323    27.1301    1507.01    111.638    113.054         56 0.0000e+00
      52345   2181.014    279.926    282.000    12.7042    12.7280   4.143460   4.146240     1.7704     1.4607     100.01   28.34545  -86.34593    0.00252    0.00100     2.7074     2.7374    12.6656    12.6894    35.6060    35.6101    26.9297    26.9282    1507.35    117.741    119.046         31 0.0000e+00
      52373   2182.172    278.934    281.000    12.7219    12.7405   4.145524   4.147286     1.7675     1.4554     100.00   28.34364  -86.34042    0.00019   -0.00163     2.6984     2.7214    12.6835    12.7021    35.6090    35.6084    26.9284    26.9243    1507.25    117.349    118.353         31 0.0000e+00
      52404   2183.455    277.942    280.000    12.7624    12.7657   4.149752   4.150161     1.7631     1.4495     100.00   28.34364  -86.34042   -0.00178   -0.00362     2.6834     2.7028    12.7240    12.7273    35.6120    35.6134    26.9227    26.9231    1507.25    116.701    117.542         30 0.0000e+00
      52434   2184.716    276.950    279.000    12.7787    12.7774   4.151879   4.151806     1.7568     1.4429     100.00   28.34364  -86.34042   -0.00329   -0.00455     2.6665     2.6831    12.7404    12.7391    35.6174    35.6179    26.9235    26.9242    1507.25    115.965    116.687         31 0.0000e+00
      52465   2186.007    275.958    278.000    12.7900    12.7872   4.153170   4.152824     1.7487     1.4358     100.00   28.34364  -86.34042   -0.00483   -0.00514     2.6445     2.6623    12.7518    12.7490    35.6196    35.6189    26.9230    26.9230    1507.25    115.008    115.781         31 0.0000e+00
      52557   2189.834    272.982    275.000    12.8588    12.8661   4.160864   4.161596     1.7446     1.4394     100.01   28.34527  -86.34539   -0.00193    0.00021     2.6287     2.6667    12.8209    12.8282    35.6302    35.6303    26.9175    26.9161    1507.34    114.323    115.975         33 0.0000e+00
      52586   2191.058    271.990    274.000    12.8762    12.8855   4.162890   4.163284     1.7516     1.4462     100.00   28.34364  -86.34042    0.00227    0.00399     2.6451     2.6842    12.8384    12.8485    35.6327    35.6295    26.9158    26.9117    1507.25    115.035    116.736         31 0.0000e+00
      52648   2193.634    270.006    272.000    12.9909    12.9960   4.176022   4.176599     1.7602     1.4515     100.00   28.34484  -86.34407    0.00427    0.00340     2.6593     2.6915    12.9531    12.9582    35.6521    35.6529    26.9079    26.9074    1507.31    115.651    117.052         31 0.0000e+00
      52678   2194.863    269.014    271.000    13.0338    13.0553   4.180929   4.183217     1.7605     1.4515     100.00   28.34364  -86.34042    0.00258    0.00145     2.6569     2.6874    12.9961    13.0176    35.6587    35.6603    26.9042    26.9011    1507.25    115.549    116.873         31 0.0000e+00
      52767   2198.564    266.038    268.000    13.2193    13.2264   4.201931   4.202928     1.7632     1.4535     100.00   28.34419  -86.34210    0.00078    0.00061     2.6512     2.6815    13.1817    13.1888    35.6860    35.6888    26.8877    26.8884    1507.28    115.301    116.620         32 0.0000e+00
      52798   2199.880    265.046    267.000    13.2496    13.2787   4.205604   4.208699     1.7649     1.4544     100.00   28.34364  -86.34042    0.00106    0.00067     2.6533     2.6806    13.2120    13.2411    35.6927    35.6948    26.8867    26.8824    1507.25    115.395    116.582         32 0.0000e+00
      52901   2204.167    262.070    264.000    13.3941    13.4043   4.222637   4.223716     1.7696     1.4606     100.02   28.34870  -86.35582    0.00116    0.00146     2.6551     2.6888    13.3568    13.3669    35.7215    35.7222    26.8796    26.8781    1507.52    115.474    116.939         34 0.0000e+00
      54663   2277.579    257.110    259.000    13.6152    13.6176   4.248732   4.248767     1.8317     1.5173      94.78   28.35511  -86.37539    0.00055    0.00037     2.7947     2.8296    13.5782    13.5806    35.7555    35.7634    26.8602    26.8662    1507.86    121.547    123.063         30 0.0000e+00
      54692   2278.807    256.118    258.000    13.6080    13.6172   4.245811   4.246211     1.8320     1.5168     100.54   28.34362  -86.34038    0.00074   -0.00016     2.7968     2.8287    13.5711    13.5802    35.7468    35.7483    26.8545    26.8538    1507.25    121.640    123.027         34 0.0000e+00
      55875   2328.098    211.469    213.000    14.9086    14.9074   4.398085   4.397916     1.9226     1.6002     100.04   28.35365  -86.37093    0.00182    0.00183     2.9178     2.9538    14.8762    14.8750    35.9716    35.9712    26.7496    26.7495    1507.78    126.914    128.479         44 0.0000e+00
      55924   2330.134    210.476    212.000    14.8670    14.8786   4.392263   4.393504     1.9225     1.5998     100.00   28.34362  -86.34038    0.00051    0.00027     2.9203     2.9542    14.8348    14.8464    35.9537    35.9543    26.7441    26.7420    1507.25    127.022    128.498         55 0.0000e+00
      56016   2333.960    209.484    211.000    14.8414    14.8646   4.388946   4.391629     1.9229     1.6000     100.00   28.34362  -86.34038    0.00029   -0.00001     2.9227     2.9554    14.8094    14.8326    35.9472    35.9505    26.7446    26.7420    1507.25    127.126    128.549         40 0.0000e+00
      57614   2400.546    207.500    209.000    15.1074    15.1069   4.419885   4.419681     1.9462     1.6208      99.98   28.33735  -86.32128    0.00012   -0.00004     2.9607     2.9940    15.0758    15.0749    35.9845    35.9827    26.7142    26.7129    1506.92    128.783    130.233         48 0.0000e+00
      58787   2449.402    163.833    165.000    16.8985    16.9076   4.632055   4.633182     2.0487     1.7123      99.98   28.33899  -86.32628    0.00062    0.00081     3.0652     3.0966    16.8712    16.8803    36.2698    36.2715    26.5198    26.5189    1507.00    133.355    134.720         33 0.0000e+00
      60584   2524.308    157.878    159.000    17.0834    17.0804   4.654842   4.654520     2.0660     1.7267      98.39   28.34803  -86.35383    0.00013    0.00045     3.0899     3.1194    17.0568    17.0538    36.3081    36.3062    26.5056    26.5046    1507.49    134.432    135.717         64 0.0000e+00
      60633   2526.340    156.885    158.000    17.0813    17.0971   4.653652   4.656201     2.0675     1.7273     100.03   28.34360  -86.34034    0.00081    0.00032     3.0935     3.1197    17.0549    17.0707    36.3020    36.3051    26.5009    26.4995    1507.25    134.587    135.728         45 0.0000e+00
      60674   2528.038    155.892    157.000    17.0833    17.1022   4.654250   4.656436     2.0674     1.7288      64.65   28.34360  -86.34034    0.00040    0.00059     3.0926     3.1225    17.0571    17.0760    36.3027    36.3049    26.5009    26.4981    1507.25    134.550    135.849         38 0.0000e+00
      60711   2529.598    154.900    156.000    17.0939    17.1008   4.655475   4.656111     2.0678     1.7296     100.81   28.34360  -86.34034    0.00003    0.00075     3.0924     3.1241    17.0678    17.0748    36.3044    36.3037    26.4996    26.4974    1507.25    134.540    135.923         36 0.0000e+00
      60779   2532.411    152.915    154.000    17.1190    17.1238   4.658640   4.659241     2.0696     1.7289     100.01   28.34657  -86.34938    0.00052    0.00010     3.0941     3.1202    17.0932    17.0980    36.3114    36.3119    26.4992    26.4984    1507.41    134.616    135.753         30 0.0000e+00
      60803   2533.417    151.922    153.000    17.1436    17.1685   4.661069   4.664141     2.0699     1.7297      78.96   28.34360  -86.34034    0.00059   -0.00024     3.0927     3.1194    17.1180    17.1429    36.3097    36.3142    26.4916    26.4890    1507.25    134.556    135.717         31 0.0000e+00
      60891   2537.094    148.944    150.000    17.4406    17.4705   4.696020   4.699781     2.0735     1.7314     100.00   28.34419  -86.34213    0.00125    0.00096     3.0800     3.1028    17.4152    17.4450    36.3488    36.3546    26.4496    26.4468    1507.28    134.010    135.002         31 0.0000e+00
      61484   2561.772    128.099    129.000    18.3474    18.3812   4.803103   4.807514     2.0360     1.7114     100.01   28.34569  -86.34668    0.01231    0.01078     2.9297     2.9894    18.3247    18.3586    36.4696    36.4771    26.3171    26.3143    1507.36    127.485    130.083         31 0.0000e+00
      61546   2564.356    127.106    128.000    18.3517    18.4305   4.803476   4.812609     2.0771     1.7510     100.00   28.34360  -86.34032    0.01386    0.01393     3.0211     3.0847    18.3292    18.4080    36.4684    36.4806    26.3148    26.3044    1507.25    131.461    134.233         44 0.0000e+00
      63074   2628.037    123.135    124.000    18.6936    18.7381   4.844979   4.850407     2.1483     1.8011     100.00   28.34368  -86.34062   -0.00027   -0.00014     3.1545     3.1838    18.6715    18.7160    36.5194    36.5271    26.2672    26.2617    1507.26    137.275    138.549         72 0.0000e+00
      63146   2631.033    122.142    123.000    18.6935    18.7455   4.844953   4.850953     2.1445     1.8003      96.90   28.34358  -86.34032   -0.00141   -0.00004     3.1458     3.1807    18.6717    18.7236    36.5196    36.5244    26.2673    26.2577    1507.25    136.894    138.415         62 0.0000e+00
      63207   2633.578    121.150    122.000    18.7565    18.7985   4.851937   4.856805     2.1443     1.8021     100.04   28.34358  -86.34032   -0.00033    0.00026     3.1408     3.1818    18.7348    18.7769    36.5231    36.5275    26.2539    26.2466    1507.25    136.679    138.464         59 0.0000e+00
      63261   2635.820    120.157    121.000    18.7604    18.8431   4.852971   4.861885     2.1450     1.8010      98.92   28.34358  -86.34032    0.00020    0.00034     3.1418     3.1756    18.7388    18.8215    36.5281    36.5312    26.2567    26.2379    1507.25    136.723    138.194         51 0.0000e+00
      63309   2637.840    119.164    120.000    18.8556    18.8945   4.863317   4.867763     2.1420     1.7937      97.64   28.34358  -86.34032   -0.00030   -0.00220     3.1258     3.1537    18.8342    18.8730    36.5327    36.5359    26.2358    26.2283    1507.25    136.029    137.244         42 0.0000e+00
      63346   2639.376    118.171    119.000    18.8971    18.9571   4.868095   4.874653     2.1396     1.7912     100.06   28.34358  -86.34032   -0.00169   -0.00300     3.1203     3.1442    18.8758    18.9358    36.5367    36.5390    26.2282    26.2145    1507.25    135.793    136.834         33 0.0000e+00
