GOMECC/GOMECC-4/1db/rb2103_0271.ros
* Sea-Bird SBE 9 Data File:
* FileName = C:\Users\scs.user.rb\CTD\GOMECC4\data\rb2103_0271.hex
* Software Version Seasave V 7.26.7.107
* Temperature SN = 4799
* Conductivity SN = 3860
* Number of Bytes Per Scan = 41
* Number of Voltage Words = 4
* Number of Scans Averaged by the Deck Unit = 1
* NMEA Latitude = 28 10.29 N
* NMEA Longitude = 086 28.83 W
* NMEA UTC (Time) = Sep 21 2021  14:01:03
* NMEA baud rate = 4800
# nquan = 17
# nvalues = 2394                                  
# units = specified
# name 0 = scan: Scan Count
# name 1 = timeS: Time, Elapsed [seconds]
# name 2 = depSM: Depth [salt water, m]
# name 3 = prDM: Pressure, Digiquartz [db]
# name 4 = t090C: Temperature [ITS-90, deg C]
# name 5 = t190C: Temperature, 2 [ITS-90, deg C]
# name 6 = c0S/m: Conductivity [S/m]
# name 7 = c1S/m: Conductivity, 2 [S/m]
# name 8 = sbeox0V: Oxygen raw, SBE 43 [V]
# name 9 = sbeox1V: Oxygen raw, SBE 43, 2 [V]
# name 10 = altM: Altimeter [m]
# name 11 = latitude: Latitude [deg]
# name 12 = longitude: Longitude [deg]
# name 13 = sbox0dV/dT: Oxygen, SBE 43 [dov/dt]
# name 14 = sbox1dV/dT: Oxygen, SBE 43, 2 [dov/dt]
# name 15 = nbf: Bottles Fired
# name 16 = flag:  0.000e+00
# interval = seconds: 0.0416667
# start_time = Sep 21 2021 14:01:03 [NMEA time, header]
# bad_flag = -9.990e-29
*END*
[from data line 852]
      59938   2497.375    357.429    360.140    10.9777    10.9796   3.952124   3.952296     1.6667     1.3663     100.00   28.16956  -86.47928   -0.00005   -0.00000          7  0.000e+00
      59939   2497.417    357.429    360.140    10.9775    10.9797   3.952138   3.952344     1.6667     1.3663     100.00   28.16956  -86.47928   -0.00007   -0.00000          7  0.000e+00
      59940   2497.458    357.429    360.140    10.9776    10.9795   3.952151   3.952364     1.6667     1.3663     100.00   28.16956  -86.47928   -0.00007    0.00000          7  0.000e+00
      59941   2497.500    357.429    360.140    10.9780    10.9797   3.952158   3.952337     1.6667     1.3663     100.00   28.16956  -86.47928   -0.00007    0.00000          7  0.000e+00
      59942   2497.542    357.429    360.140    10.9777    10.9797   3.952198   3.952378     1.6667     1.3663     100.00   28.16956  -86.47928   -0.00009   -0.00001          7  0.000e+00
      59943   2497.583    357.429    360.140    10.9776    10.9797   3.952192   3.952351     1.6679     1.3663     100.00   28.16956  -86.47928   -0.00007   -0.00001          7  0.000e+00
      59944   2497.625    357.429    360.140    10.9781    10.9797   3.952232   3.952330     1.6667     1.3675     100.00   28.16956  -86.47928   -0.00007    0.00001          7  0.000e+00
      59945   2497.667    357.368    360.079    10.9783    10.9798   3.952252   3.952351     1.6667     1.3663     100.00   28.16956  -86.47928   -0.00007    0.00002          7  0.000e+00
      59946   2497.708    357.429    360.140    10.9786    10.9797   3.952279   3.952385     1.6679     1.3663      76.73   28.16956  -86.47928   -0.00005    0.00002          7  0.000e+00
      59947   2497.750    357.369    360.079    10.9791    10.9800   3.952320   3.952419     1.6679     1.3663      33.99   28.16956  -86.47928   -0.00005    0.00003          7  0.000e+00
      59948   2497.792    357.429    360.140    10.9793    10.9802   3.952374   3.952405     1.6667     1.3663      20.66   28.16956  -86.47928   -0.00005    0.00001          7  0.000e+00
      59949   2497.833    357.369    360.079    10.9795    10.9804   3.952367   3.952453     1.6667     1.3663      21.61   28.16956  -86.47928   -0.00006 5.2753e-07          7  0.000e+00
      59950   2497.875    357.369    360.079    10.9796    10.9805   3.952353   3.952439     1.6679     1.3675      23.69   28.16956  -86.47928   -0.00005    0.00000          7  0.000e+00
      59951   2497.917    357.429    360.141    10.9796    10.9806   3.952387   3.952453     1.6679     1.3675      24.30   28.16956  -86.47928   -0.00005    0.00001          7  0.000e+00
      59952   2497.958    357.369    360.079    10.9795    10.9807   3.952387   3.952494     1.6667     1.3663      24.22   28.16956  -86.47928   -0.00006   -0.00000          7  0.000e+00
      59953   2498.000    357.369    360.079    10.9795    10.9808   3.952367   3.952507     1.6667     1.3675      24.13   28.16956  -86.47928   -0.00006   -0.00000          7  0.000e+00
      59954   2498.042    357.369    360.079    10.9798    10.9809   3.952380   3.952473     1.6667     1.3663      24.10   28.16956  -86.47928   -0.00006    0.00000          7  0.000e+00
      59955   2498.083    357.369    360.079    10.9796    10.9810   3.952367   3.952467     1.6679     1.3675      24.10   28.16956  -86.47928   -0.00004    0.00001          7  0.000e+00
      59956   2498.125    357.316    360.026    10.9796    10.9808   3.952380   3.952446     1.6667     1.3663      24.10   28.16956  -86.47928   -0.00004   -0.00001          7  0.000e+00
      59957   2498.167    357.430    360.141    10.9795    10.9807   3.952367   3.952432     1.6667     1.3663      24.10   28.16956  -86.47928   -0.00006   -0.00002          7  0.000e+00
      59958   2498.208    357.316    360.026    10.9795    10.9803   3.952353   3.952432     1.6667     1.3675      24.10   28.16956  -86.47928   -0.00007 -7.034e-07          7  0.000e+00
      59959   2498.250    357.369    360.080    10.9794    10.9798   3.952360   3.952432     1.6667     1.3663      24.10   28.16956  -86.47928   -0.00007   -0.00001          7  0.000e+00
      59960   2498.292    357.369    360.080    10.9796    10.9799   3.952407   3.952432     1.6679     1.3663      24.10   28.16956  -86.47928   -0.00007   -0.00003          7  0.000e+00
      59961   2498.333    357.369    360.080    10.9796    10.9798   3.952380   3.952453     1.6679     1.3663      24.10   28.16956  -86.47928   -0.00007   -0.00004          7  0.000e+00
      59962   2498.375    357.316    360.026    10.9796    10.9799   3.952380   3.952467     1.6679     1.3663      24.10   28.16956  -86.47928   -0.00006   -0.00004          7  0.000e+00
      59963   2498.417    357.369    360.080    10.9796    10.9802   3.952367   3.952446     1.6679     1.3663      24.10   28.16956  -86.47928   -0.00005   -0.00005          7  0.000e+00
      59964   2498.458    357.316    360.026    10.9796    10.9802   3.952353   3.952460     1.6667     1.3663      24.10   28.16956  -86.47928   -0.00006   -0.00005          7  0.000e+00
      59965   2498.500    357.362    360.072    10.9798    10.9801   3.952333   3.952467     1.6654     1.3663      24.10   28.16956  -86.47928   -0.00008   -0.00004          7  0.000e+00
      59966   2498.542    357.369    360.080    10.9798    10.9802   3.952394   3.952439     1.6654     1.3663      24.10   28.16956  -86.47928   -0.00009   -0.00004          7  0.000e+00
      59967   2498.583    357.316    360.026    10.9796    10.9802   3.952380   3.952378     1.6654     1.3675      24.10   28.16956  -86.47928   -0.00013   -0.00002          7  0.000e+00
      59968   2498.625    357.316    360.026    10.9797    10.9802   3.952407   3.952412     1.6679     1.3663      24.10   28.16956  -86.47928   -0.00011   -0.00001          7  0.000e+00
      59969   2498.667    357.369    360.080    10.9795    10.9803   3.952380   3.952432     1.6679     1.3663      24.10   28.16956  -86.47928   -0.00010   -0.00002          7  0.000e+00
      59970   2498.708    357.369    360.080    10.9796    10.9802   3.952380   3.952432     1.6667     1.3663      57.83   28.16956  -86.47928   -0.00010   -0.00004          7  0.000e+00
      59971   2498.750    357.316    360.026    10.9796    10.9802   3.952367   3.952405     1.6667     1.3663      95.04   28.16956  -86.47928   -0.00010   -0.00005          7  0.000e+00
      59972   2498.792    357.316    360.026    10.9798    10.9802   3.952380   3.952419     1.6667     1.3663     100.00   28.16956  -86.47928   -0.00011   -0.00004          7  0.000e+00
      59973   2498.833    357.369    360.080    10.9799    10.9801   3.952394   3.952432     1.6667     1.3663     100.00   28.16956  -86.47928   -0.00011   -0.00004          7  0.000e+00
      59974   2498.875    357.316    360.026    10.9795    10.9803   3.952387   3.952432     1.6667     1.3663     100.00   28.16956  -86.47928   -0.00010   -0.00003          7  0.000e+00
      59975   2498.917    357.369    360.080    10.9798    10.9805   3.952367   3.952514     1.6667     1.3663     100.00   28.16956  -86.47928   -0.00012   -0.00003          7  0.000e+00
      59976   2498.958    357.316    360.027    10.9798    10.9807   3.952380   3.952480     1.6691     1.3663      99.98   28.16956  -86.47928   -0.00010   -0.00004          7  0.000e+00
      59977   2499.000    357.316    360.027    10.9796    10.9806   3.952367   3.952467     1.6679     1.3663     100.00   28.16956  -86.47928   -0.00008   -0.00005          7  0.000e+00
      59978   2499.042    357.370    360.080    10.9796    10.9804   3.952380   3.952439     1.6654     1.3663     100.00   28.16956  -86.47928   -0.00011   -0.00006          7  0.000e+00
      59979   2499.083    357.316    360.027    10.9796    10.9805   3.952347   3.952405     1.6654     1.3663     100.00   28.16956  -86.47928   -0.00014   -0.00005          7  0.000e+00
      59980   2499.125    357.370    360.080    10.9798    10.9800   3.952373   3.952446     1.6654     1.3663     100.00   28.16956  -86.47928   -0.00017   -0.00006          7  0.000e+00
      59981   2499.167    357.316    360.027    10.9796    10.9799   3.952367   3.952467     1.6667     1.3663     100.00   28.16956  -86.47928   -0.00017   -0.00007          7  0.000e+00
      59982   2499.208    357.370    360.080    10.9796    10.9798   3.952414   3.952412     1.6679     1.3663     100.00   28.16956  -86.47928   -0.00014   -0.00008          7  0.000e+00
      59983   2499.250    357.317    360.027    10.9798    10.9798   3.952421   3.952398     1.6679     1.3663     100.00   28.16956  -86.47928   -0.00012   -0.00009          7  0.000e+00
      59984   2499.292    357.370    360.080    10.9798    10.9799   3.952380   3.952398     1.6667     1.3663     100.00   28.16956  -86.47928   -0.00012   -0.00010          7  0.000e+00
      59985   2499.333    357.370    360.080    10.9798    10.9795   3.952427   3.952398     1.6667     1.3663     100.00   28.16956  -86.47928   -0.00013   -0.00011          7  0.000e+00
      59986   2499.375    357.317    360.027    10.9801    10.9797   3.952414   3.952344     1.6667     1.3663     100.00   28.16956  -86.47928   -0.00014   -0.00012          7  0.000e+00
      59987   2499.417    357.370    360.080    10.9799    10.9798   3.952461   3.952351     1.6667     1.3663     100.00   28.16956  -86.47928   -0.00014   -0.00014          7  0.000e+00
      59988   2499.458    357.370    360.080    10.9801    10.9797   3.952468   3.952364     1.6667     1.3663     100.00   28.16956  -86.47928   -0.00015   -0.00015          7  0.000e+00
      59989   2499.500    357.317    360.027    10.9803    10.9797   3.952454   3.952364     1.6679     1.3663     100.00   28.16956  -86.47928   -0.00013   -0.00014          7  0.000e+00
      59990   2499.542    357.370    360.081    10.9802    10.9797   3.952495   3.952344     1.6679     1.3663     100.00   28.16956  -86.47928   -0.00010   -0.00015          7  0.000e+00
      59991   2499.583    357.370    360.081    10.9803    10.9793   3.952468   3.952330     1.6667     1.3663     100.00   28.16956  -86.47928   -0.00012   -0.00016          7  0.000e+00
      59992   2499.625    357.370    360.081    10.9803    10.9792   3.952495   3.952303     1.6654     1.3663     100.00   28.16956  -86.47928   -0.00015   -0.00017          7  0.000e+00
      59993   2499.667    357.370    360.081    10.9801    10.9792   3.952441   3.952296     1.6667     1.3663     100.00   28.16956  -86.47928   -0.00014   -0.00018          7  0.000e+00
      59994   2499.708    357.370    360.081    10.9804    10.9789   3.952454   3.952317     1.6667     1.3675     100.00   28.16956  -86.47928   -0.00013   -0.00017          7  0.000e+00
      59995   2499.750    357.370    360.081    10.9801    10.9787   3.952427   3.952303     1.6679     1.3663     100.00   28.16956  -86.47928   -0.00013   -0.00017          7  0.000e+00
      59996   2499.792    357.370    360.081    10.9801    10.9785   3.952427   3.952296     1.6667     1.3675     100.00   28.16956  -86.47928   -0.00012   -0.00016          7  0.000e+00
      59997   2499.833    357.370    360.081    10.9799    10.9786   3.952421   3.952248     1.6667     1.3663     100.00   28.16956  -86.47928   -0.00012   -0.00015          7  0.000e+00
      59998   2499.875    357.370    360.081    10.9798    10.9788   3.952380   3.952255     1.6679     1.3663     100.00   28.16956  -86.47928   -0.00011   -0.00016          7  0.000e+00
      59999   2499.917    357.370    360.081    10.9796    10.9787   3.952380   3.952262     1.6679     1.3675     100.00   28.16956  -86.47928   -0.00009   -0.00015          7  0.000e+00
      60000   2499.958    357.431    360.142    10.9795    10.9789   3.952320   3.952262     1.6679     1.3675     100.00   28.16956  -86.47928   -0.00008   -0.00015          7  0.000e+00
      60001   2500.000    357.370    360.081    10.9791    10.9788   3.952286   3.952262     1.6667     1.3663     100.00   28.16956  -86.47928   -0.00009   -0.00014          7  0.000e+00
      60002   2500.042    357.370    360.081    10.9789    10.9789   3.952266   3.952262     1.6679     1.3675     100.00   28.16956  -86.47928   -0.00007   -0.00013          7  0.000e+00
      60003   2500.083    357.431    360.142    10.9789    10.9790   3.952246   3.952282     1.6679     1.3675     100.00   28.16956  -86.47928   -0.00006   -0.00013          7  0.000e+00
      60004   2500.125    357.370    360.081    10.9789    10.9788   3.952225   3.952276     1.6667     1.3675     100.00   28.16956  -86.47928   -0.00007   -0.00010          7  0.000e+00
      60005   2500.167    357.431    360.142    10.9788    10.9789   3.952266   3.952289     1.6667     1.3675     100.00   28.16956  -86.47928   -0.00007   -0.00010          7  0.000e+00
      60006   2500.208    357.370    360.081    10.9788    10.9793   3.952266   3.952316     1.6679     1.3675     100.00   28.16956  -86.47928   -0.00004   -0.00009          7  0.000e+00
      60007   2500.250    357.431    360.142    10.9788    10.9795   3.952246   3.952330     1.6667     1.3675     100.00   28.16956  -86.47928   -0.00006   -0.00007          7  0.000e+00
      60008   2500.292    357.431    360.142    10.9787    10.9794   3.952286   3.952378     1.6667     1.3663     100.00   28.16956  -86.47928   -0.00005   -0.00006          7  0.000e+00
      60009   2500.333    357.431    360.142    10.9788    10.9795   3.952232   3.952371     1.6667     1.3675     100.00   28.16956  -86.47928   -0.00006   -0.00006          7  0.000e+00
      60010   2500.375    357.431    360.142    10.9789    10.9798   3.952192   3.952385     1.6679     1.3663     100.00   28.16956  -86.47928   -0.00005   -0.00007          7  0.000e+00
      60011   2500.417    357.431    360.142    10.9784    10.9794   3.952205   3.952351     1.6667     1.3675     100.00   28.16956  -86.47928   -0.00005   -0.00006          7  0.000e+00
      60012   2500.458    357.431    360.142    10.9782    10.9797   3.952172   3.952357     1.6667     1.3675     100.00   28.16956  -86.47928   -0.00004   -0.00004          7  0.000e+00
      60013   2500.500    357.302    360.012    10.9783    10.9796   3.952198   3.952364     1.6679     1.3675     100.00   28.16956  -86.47928   -0.00004   -0.00002          7  0.000e+00
      60014   2500.542    357.545    360.257    10.9783    10.9795   3.952192   3.952364     1.6679     1.3675     100.00   28.16956  -86.47928   -0.00001   -0.00001          7  0.000e+00
      60015   2500.583    357.484    360.196    10.9786    10.9797   3.952178   3.952364     1.6667     1.3675     100.00   28.16956  -86.47928   -0.00001    0.00001          7  0.000e+00
      60016   2500.625    357.431    360.143    10.9788    10.9792   3.952158   3.952337     1.6679     1.3675     100.00   28.16956  -86.47928    0.00000    0.00003          7  0.000e+00
      62971   2623.750    287.726    289.859    12.7281    12.7288   4.146610   4.146779     1.7204     1.4127     100.00   28.16958  -86.47928   -0.00013   -0.00029          8  0.000e+00
      62972   2623.792    288.014    290.149    12.7287    12.7289   4.146631   4.146765     1.7204     1.4127     100.00   28.16958  -86.47928   -0.00011   -0.00031          8  0.000e+00
      62973   2623.833    287.786    289.920    12.7286    12.7288   4.146645   4.146779     1.7204     1.4139     100.00   28.16958  -86.47928   -0.00009   -0.00029          8  0.000e+00
      62974   2623.875    287.847    289.981    12.7291    12.7287   4.146617   4.146737     1.7192     1.4139     100.00   28.16958  -86.47928   -0.00011   -0.00028          8  0.000e+00
      62975   2623.917    287.839    289.974    12.7284    12.7291   4.146659   4.146772     1.7192     1.4139     100.00   28.16958  -86.47928   -0.00012   -0.00027          8  0.000e+00
