GOMECC/GOMECC-4/1db/rb2103_0501.ros
* Sea-Bird SBE 9 Data File:
* FileName = C:\Users\scs.user.rb\CTD\GOMECC4\data\rb2103_0501.hex
* Software Version Seasave V 7.26.7.107
* Temperature SN = 4799
* Conductivity SN = 3860
* Number of Bytes Per Scan = 41
* Number of Voltage Words = 4
* Number of Scans Averaged by the Deck Unit = 1
* NMEA Latitude = 27 52.19 N
* NMEA Longitude = 093 49.83 W
* NMEA UTC (Time) = Sep 27 2021  14:48:27
* NMEA baud rate = 4800
# nquan = 17
# nvalues = 1862                                  
# units = specified
# name 0 = scan: Scan Count
# name 1 = timeS: Time, Elapsed [seconds]
# name 2 = depSM: Depth [salt water, m]
# name 3 = prDM: Pressure, Digiquartz [db]
# name 4 = t090C: Temperature [ITS-90, deg C]
# name 5 = t190C: Temperature, 2 [ITS-90, deg C]
# name 6 = c0S/m: Conductivity [S/m]
# name 7 = c1S/m: Conductivity, 2 [S/m]
# name 8 = sbeox0V: Oxygen raw, SBE 43 [V]
# name 9 = sbeox1V: Oxygen raw, SBE 43, 2 [V]
# name 10 = altM: Altimeter [m]
# name 11 = latitude: Latitude [deg]
# name 12 = longitude: Longitude [deg]
# name 13 = sbox0dV/dT: Oxygen, SBE 43 [dov/dt]
# name 14 = sbox1dV/dT: Oxygen, SBE 43, 2 [dov/dt]
# name 15 = nbf: Bottles Fired
# name 16 = flag:  0.000e+00
# interval = seconds: 0.0416667
# start_time = Sep 27 2021 14:48:27 [NMEA time, header]
# bad_flag = -9.990e-29
*END*
[from data line 766]
      15930    663.708     69.597     70.075    22.0672    22.0696   5.167446   5.167813     2.7961     2.3858      23.42   27.86962  -93.82944    0.00053   -0.00051          6  0.000e+00
      15931    663.750     69.537     70.014    22.0670    22.0694   5.167499   5.167790     2.7973     2.3871      23.42   27.86962  -93.82944    0.00047   -0.00052          6  0.000e+00
      15932    663.792     69.597     70.075    22.0670    22.0698   5.167499   5.167782     2.7973     2.3871      23.42   27.86962  -93.82944    0.00043   -0.00053          6  0.000e+00
      15933    663.833     69.597     70.075    22.0672    22.0694   5.167521   5.167790     2.7973     2.3871      23.42   27.86962  -93.82944    0.00039   -0.00053          6  0.000e+00
      15934    663.875     69.537     70.014    22.0672    22.0698   5.167536   5.167790     2.7961     2.3871      23.42   27.86962  -93.82944    0.00031   -0.00054          6  0.000e+00
      15935    663.917     69.597     70.075    22.0674    22.0698   5.167551   5.167813     2.7961     2.3871      23.42   27.86962  -93.82944    0.00025   -0.00055          6  0.000e+00
      15936    663.958     69.537     70.014    22.0672    22.0694   5.167468   5.167797     2.7961     2.3871      23.42   27.86962  -93.82944    0.00019   -0.00057          6  0.000e+00
      15937    664.000     69.597     70.075    22.0672    22.0698   5.167476   5.167759     2.7961     2.3871      23.42   27.86962  -93.82944    0.00012   -0.00060          6  0.000e+00
      15938    664.042     69.537     70.014    22.0670    22.0699   5.167514   5.167775     2.7961     2.3871      23.42   27.86962  -93.82944    0.00006   -0.00063          6  0.000e+00
      15939    664.083     69.597     70.075    22.0667    22.0700   5.167461   5.167782     2.7961     2.3871      23.42   27.86962  -93.82944 5.2753e-07   -0.00066          6  0.000e+00
      15940    664.125     69.537     70.014    22.0674    22.0698   5.167476   5.167790     2.7949     2.3871      23.42   27.86962  -93.82944   -0.00008   -0.00068          6  0.000e+00
      15941    664.167     69.537     70.014    22.0670    22.0696   5.167453   5.167858     2.7961     2.3871      23.42   27.86962  -93.82944   -0.00014   -0.00071          6  0.000e+00
      15942    664.208     69.537     70.014    22.0667    22.0698   5.167468   5.167866     2.7949     2.3883      23.42   27.86962  -93.82944   -0.00022   -0.00071          6  0.000e+00
      15943    664.250     69.545     70.021    22.0668    22.0696   5.167484   5.167775     2.7949     2.3871      23.42   27.86962  -93.82944   -0.00030   -0.00072          6  0.000e+00
      15944    664.292     69.537     70.014    22.0668    22.0696   5.167453   5.167813     2.7949     2.3871      23.42   27.86962  -93.82944   -0.00037   -0.00073          6  0.000e+00
      15945    664.333     69.537     70.014    22.0667    22.0698   5.167476   5.167797     2.7949     2.3871      23.42   27.86962  -93.82944   -0.00045   -0.00075          6  0.000e+00
      15946    664.375     69.597     70.075    22.0672    22.0696   5.167514   5.167782     2.7949     2.3871      23.42   27.86962  -93.82944   -0.00051   -0.00076          6  0.000e+00
      15947    664.417     69.537     70.014    22.0672    22.0699   5.167529   5.167820     2.7949     2.3871      23.42   27.86962  -93.82944   -0.00057   -0.00078          6  0.000e+00
      15948    664.458     69.545     70.021    22.0674    22.0698   5.167566   5.167797     2.7937     2.3871      23.42   27.86962  -93.82944   -0.00066   -0.00079          6  0.000e+00
      15949    664.500     69.537     70.014    22.0675    22.0696   5.167544   5.167820     2.7937     2.3858      23.39   27.86962  -93.82944   -0.00076   -0.00081          6  0.000e+00
      15950    664.542     69.537     70.014    22.0679    22.0696   5.167619   5.167790     2.7937     2.3858      23.42   27.86962  -93.82944   -0.00083   -0.00082          6  0.000e+00
      15951    664.583     69.537     70.014    22.0680    22.0696   5.167626   5.167782     2.7949     2.3871      23.42   27.86962  -93.82944   -0.00087   -0.00082          6  0.000e+00
      15952    664.625     69.484     69.960    22.0680    22.0694   5.167589   5.167790     2.7937     2.3858      23.42   27.86962  -93.82944   -0.00094   -0.00083          6  0.000e+00
      15953    664.667     69.537     70.014    22.0684    22.0696   5.167604   5.167782     2.7937     2.3858      23.42   27.86962  -93.82944   -0.00099   -0.00084          6  0.000e+00
      15954    664.708     69.545     70.021    22.0684    22.0693   5.167701   5.167759     2.7937     2.3858      23.42   27.86962  -93.82944   -0.00104   -0.00086          6  0.000e+00
      15955    664.750     69.484     69.960    22.0692    22.0694   5.167776   5.167775     2.7937     2.3858      23.39   27.86962  -93.82944   -0.00111   -0.00085          6  0.000e+00
      15956    664.792     69.537     70.014    22.0702    22.0692   5.167792   5.167759     2.7937     2.3858      23.42   27.86962  -93.82944   -0.00118   -0.00086          6  0.000e+00
      15957    664.833     69.484     69.960    22.0705    22.0691   5.167776   5.167736     2.7937     2.3858      23.42   27.86962  -93.82944   -0.00123   -0.00088          6  0.000e+00
      15958    664.875     69.537     70.014    22.0704    22.0694   5.167784   5.167714     2.7949     2.3858      23.42   27.86962  -93.82944   -0.00126   -0.00087          6  0.000e+00
      15959    664.917     69.492     69.968    22.0707    22.0694   5.167919   5.167736     2.7937     2.3858      23.42   27.86962  -93.82944   -0.00132   -0.00086          6  0.000e+00
      15960    664.958     69.484     69.960    22.0718    22.0696   5.168092   5.167775     2.7937     2.3858      23.42   27.86962  -93.82944   -0.00138   -0.00085          6  0.000e+00
      15961    665.000     69.537     70.014    22.0730    22.0696   5.168348   5.167744     2.7937     2.3858      23.42   27.86962  -93.82944   -0.00144   -0.00085          6  0.000e+00
      17975    748.917     54.697     55.070    24.0889    24.0529   5.379494   5.375710     3.1770     2.7277      37.53   27.86958  -93.82932   -0.00069   -0.00093          7  0.000e+00
      17976    748.958     54.689     55.062    24.0891    24.0592   5.379479   5.376120     3.1770     2.7277      37.51   27.86958  -93.82932   -0.00067   -0.00091          7  0.000e+00
      17977    749.000     54.636     55.009    24.0893    24.0649   5.379441   5.376546     3.1770     2.7277      37.53   27.86958  -93.82932   -0.00064   -0.00089          7  0.000e+00
      17978    749.042     54.803     55.176    24.0889    24.0696   5.379494   5.376925     3.1770     2.7277      37.53   27.86958  -93.82932   -0.00059   -0.00086          7  0.000e+00
      17979    749.083     54.636     55.009    24.0886    24.0718   5.379479   5.377289     3.1783     2.7277      37.53   27.86958  -93.82932   -0.00054   -0.00084          7  0.000e+00
      17980    749.125     54.742     55.115    24.0889    24.0745   5.379479   5.377637     3.1783     2.7277      37.53   27.86958  -93.82932   -0.00050   -0.00082          7  0.000e+00
      17981    749.167     54.636     55.009    24.0897    24.0772   5.379510   5.377862     3.1783     2.7277      37.53   27.86958  -93.82932   -0.00045   -0.00080          7  0.000e+00
      17982    749.208     54.689     55.062    24.0898    24.0788   5.379517   5.377947     3.1783     2.7265      37.53   27.86958  -93.82932   -0.00040   -0.00080          7  0.000e+00
      17983    749.250     54.697     55.070    24.0893    24.0804   5.379479   5.377986     3.1795     2.7265      37.53   27.86958  -93.82932   -0.00033   -0.00079          7  0.000e+00
      17984    749.292     54.689     55.062    24.0893    24.0818   5.379441   5.378001     3.1795     2.7265      37.53   27.86958  -93.82932   -0.00027   -0.00077          7  0.000e+00
      17985    749.333     54.750     55.123    24.0891    24.0826   5.379433   5.378094     3.1783     2.7265      37.53   27.86958  -93.82932   -0.00022   -0.00075          7  0.000e+00
      17986    749.375     54.689     55.062    24.0891    24.0829   5.379464   5.378172     3.1783     2.7265      37.51   27.86958  -93.82932   -0.00017   -0.00072          7  0.000e+00
      17987    749.417     54.750     55.123    24.0888    24.0813   5.379472   5.378079     3.1795     2.7265      37.44   27.86958  -93.82932   -0.00010   -0.00068          7  0.000e+00
      17988    749.458     54.689     55.062    24.0886    24.0788   5.379472   5.378110     3.1783     2.7265      37.39   27.86958  -93.82932   -0.00005   -0.00065          7  0.000e+00
      17989    749.500     54.697     55.070    24.0886    24.0781   5.379472   5.378110     3.1795     2.7265      37.41   27.86958  -93.82932    0.00001   -0.00061          7  0.000e+00
      17990    749.542     54.742     55.115    24.0889    24.0757   5.379479   5.378195     3.1795     2.7265      37.41   27.86958  -93.82932    0.00006   -0.00057          7  0.000e+00
      17991    749.583     54.750     55.123    24.0893    24.0741   5.379540   5.378087     3.1783     2.7265      37.41   27.86958  -93.82932    0.00009   -0.00054          7  0.000e+00
      17992    749.625     54.742     55.115    24.0891    24.0741   5.379525   5.378048     3.1795     2.7265      37.41   27.86958  -93.82932    0.00014   -0.00050          7  0.000e+00
      17993    749.667     54.750     55.123    24.0895    24.0738   5.379548   5.378017     3.1783     2.7265      37.39   27.86958  -93.82932    0.00019   -0.00046          7  0.000e+00
      17994    749.708     54.742     55.115    24.0893    24.0759   5.379563   5.378133     3.1783     2.7265      37.41   27.86958  -93.82932    0.00024   -0.00043          7  0.000e+00
      17995    749.750     54.750     55.123    24.0891    24.0804   5.379494   5.378412     3.1783     2.7265      37.41   27.86958  -93.82932    0.00027   -0.00039          7  0.000e+00
      17996    749.792     54.742     55.115    24.0882    24.0808   5.379449   5.378520     3.1783     2.7265      37.41   27.86958  -93.82932    0.00032   -0.00035          7  0.000e+00
      17997    749.833     54.750     55.123    24.0871    24.0786   5.379365   5.378474     3.1783     2.7265      37.41   27.86958  -93.82932    0.00037   -0.00029          7  0.000e+00
      17998    749.875     54.742     55.115    24.0870    24.0756   5.379273   5.378551     3.1783     2.7265      37.41   27.86958  -93.82932    0.00041   -0.00026          7  0.000e+00
      17999    749.917     54.803     55.176    24.0857    24.0788   5.379112   5.378714     3.1783     2.7265      37.41   27.86958  -93.82932    0.00044   -0.00022          7  0.000e+00
      18000    749.958     54.742     55.115    24.0839    24.0835   5.379005   5.378900     3.1770     2.7265      37.39   27.86958  -93.82932    0.00045   -0.00018          7  0.000e+00
      18001    750.000     54.750     55.123    24.0816    24.0863   5.378784   5.379171     3.1770     2.7265      37.41   27.86958  -93.82932    0.00047   -0.00012          7  0.000e+00
      18002    750.042     54.803     55.176    24.0784    24.0876   5.378616   5.379248     3.1770     2.7265      37.41   27.86958  -93.82932    0.00049   -0.00006          7  0.000e+00
      18003    750.083     54.803     55.176    24.0780    24.0889   5.378616   5.379310     3.1770     2.7265      37.41   27.86958  -93.82932    0.00050 -1.030e-12          7  0.000e+00
      18004    750.125     54.742     55.115    24.0802    24.0887   5.378761   5.379380     3.1770     2.7277      37.41   27.86958  -93.82932    0.00050    0.00006          7  0.000e+00
      18005    750.167     54.803     55.176    24.0818    24.0887   5.378937   5.379450     3.1758     2.7265      37.41   27.86958  -93.82932    0.00048    0.00012          7  0.000e+00
      18006    750.208     54.742     55.115    24.0830    24.0883   5.379051   5.379496     3.1758     2.7265      37.41   27.86958  -93.82932    0.00046    0.00016          7  0.000e+00
      18007    750.250     54.803     55.176    24.0843    24.0883   5.379143   5.379512     3.1758     2.7265      37.41   27.86958  -93.82932    0.00045    0.00022          7  0.000e+00
      18008    750.292     54.803     55.176    24.0843    24.0887   5.379028   5.379512     3.1758     2.7265      37.41   27.86958  -93.82932    0.00043    0.00027          7  0.000e+00
      18009    750.333     54.803     55.176    24.0830    24.0883   5.378883   5.379519     3.1758     2.7265      37.41   27.86958  -93.82932    0.00041    0.00033          7  0.000e+00
      18010    750.375     54.742     55.115    24.0814    24.0887   5.378746   5.379550     3.1758     2.7265      37.39   27.86958  -93.82932    0.00040    0.00039          7  0.000e+00
      18011    750.417     54.803     55.176    24.0804    24.0890   5.378685   5.379628     3.1758     2.7265      37.34   27.86958  -93.82932    0.00038    0.00044          7  0.000e+00
      18012    750.458     54.803     55.176    24.0786    24.0892   5.378501   5.379581     3.1758     2.7265      37.31   27.86958  -93.82932    0.00036    0.00049          7  0.000e+00
      18013    750.500     54.750     55.123    24.0768    24.0890   5.378348   5.379605     3.1758     2.7265      37.31   27.86958  -93.82932    0.00035    0.00053          7  0.000e+00
      18014    750.542     54.803     55.176    24.0761    24.0894   5.378280   5.379605     3.1758     2.7265      37.31   27.86958  -93.82932    0.00033    0.00058          7  0.000e+00
      18015    750.583     54.750     55.123    24.0761    24.0899   5.378234   5.379636     3.1758     2.7277      37.31   27.86958  -93.82932    0.00032    0.00064          7  0.000e+00
      18016    750.625     54.803     55.176    24.0763    24.0901   5.378295   5.379651     3.1758     2.7277      37.31   27.86958  -93.82932    0.00028    0.00071          7  0.000e+00
      18017    750.667     54.803     55.176    24.0780    24.0901   5.378478   5.379628     3.1758     2.7277      37.31   27.86958  -93.82932    0.00027    0.00076          7  0.000e+00
      18018    750.708     54.742     55.115    24.0802    24.0903   5.378738   5.379605     3.1758     2.7277      37.31   27.86958  -93.82932    0.00026    0.00082          7  0.000e+00
      18019    750.750     54.803     55.176    24.0816    24.0899   5.378876   5.379605     3.1770     2.7277      37.31   27.86958  -93.82932    0.00026    0.00088          7  0.000e+00
      18020    750.792     54.742     55.115    24.0828    24.0901   5.378960   5.379566     3.1758     2.7277      37.31   27.86958  -93.82930    0.00025    0.00095          7  0.000e+00
      18021    750.833     54.803     55.176    24.0834    24.0896   5.378983   5.379566     3.1758     2.7277      37.31   27.86958  -93.82930    0.00023    0.00100          7  0.000e+00
      18022    750.875     54.742     55.115    24.0832    24.0896   5.378921   5.379558     3.1770     2.7289      37.31   27.86958  -93.82930    0.00022    0.00106          7  0.000e+00
      18023    750.917     54.803     55.176    24.0825    24.0892   5.378830   5.379457     3.1758     2.7277      37.31   27.86958  -93.82930    0.00019    0.00110          7  0.000e+00
      18024    750.958     54.742     55.115    24.0809    24.0887   5.378738   5.379457     3.1758     2.7289      37.31   27.86958  -93.82930    0.00016    0.00117          7  0.000e+00
      18025    751.000     54.750     55.123    24.0805    24.0880   5.378784   5.379380     3.1758     2.7289      37.31   27.86958  -93.82930    0.00012    0.00121          7  0.000e+00
      18026    751.042     54.742     55.115    24.0809    24.0878   5.378807   5.379372     3.1758     2.7289      37.31   27.86958  -93.82930    0.00009    0.00125          7  0.000e+00
      18027    751.083     54.750     55.123    24.0816    24.0876   5.378876   5.379341     3.1758     2.7289      37.31   27.86958  -93.82930    0.00006    0.00131          7  0.000e+00
