GOMECC/GOMECC-4/1db/rb2103_0581.ros
* Sea-Bird SBE 9 Data File:
* FileName = C:\Users\scs.user.rb\CTD\GOMECC4\data\rb2103_0581.hex
* Software Version Seasave V 7.26.7.107
* Temperature SN = 4799
* Conductivity SN = 3860
* Number of Bytes Per Scan = 41
* Number of Voltage Words = 4
* Number of Scans Averaged by the Deck Unit = 1
* NMEA Latitude = 28 20.02 N
* NMEA Longitude = 094 59.97 W
* NMEA UTC (Time) = Sep 29 2021  08:15:55
* NMEA baud rate = 4800
# nquan = 17
# nvalues = 532                                   
# units = specified
# name 0 = scan: Scan Count
# name 1 = timeS: Time, Elapsed [seconds]
# name 2 = depSM: Depth [salt water, m]
# name 3 = prDM: Pressure, Digiquartz [db]
# name 4 = t090C: Temperature [ITS-90, deg C]
# name 5 = t190C: Temperature, 2 [ITS-90, deg C]
# name 6 = c0S/m: Conductivity [S/m]
# name 7 = c1S/m: Conductivity, 2 [S/m]
# name 8 = sbeox0V: Oxygen raw, SBE 43 [V]
# name 9 = sbeox1V: Oxygen raw, SBE 43, 2 [V]
# name 10 = altM: Altimeter [m]
# name 11 = latitude: Latitude [deg]
# name 12 = longitude: Longitude [deg]
# name 13 = sbox0dV/dT: Oxygen, SBE 43 [dov/dt]
# name 14 = sbox1dV/dT: Oxygen, SBE 43, 2 [dov/dt]
# name 15 = nbf: Bottles Fired
# name 16 = flag:  0.000e+00
# interval = seconds: 0.0416667
# start_time = Sep 29 2021 08:15:55 [NMEA time, header]
# bad_flag = -9.990e-29
*END*
[from data line 341]
      21930    913.708      9.441      9.505    28.3770    28.3769   5.527857   5.526730     3.1074     2.6374      30.62   28.33412  -94.99880    0.00090    0.00067          3  0.000e+00
      21931    913.750      9.441      9.505    28.3752    28.3758   5.527439   5.526393     3.1074     2.6374      30.62   28.33412  -94.99880    0.00087    0.00067          3  0.000e+00
      21932    913.792      9.441      9.505    28.3742    28.3750   5.527029   5.526174     3.1074     2.6374      30.62   28.33412  -94.99880    0.00085    0.00068          3  0.000e+00
      21933    913.833      9.394      9.457    28.3735    28.3746   5.526597   5.525963     3.1074     2.6374      30.62   28.33412  -94.99880    0.00084    0.00069          3  0.000e+00
      21934    913.875      9.394      9.457    28.3707    28.3741   5.525901   5.525837     3.1062     2.6374      30.62   28.33412  -94.99880    0.00080    0.00069          3  0.000e+00
      21935    913.917      9.394      9.457    28.3688    28.3736   5.525337   5.525790     3.1062     2.6374      30.62   28.33412  -94.99880    0.00075    0.00070          3  0.000e+00
      21936    913.958      9.347      9.410    28.3685    28.3730   5.525244   5.525735     3.1062     2.6386      30.62   28.33412  -94.99880    0.00071    0.00072          3  0.000e+00
      21937    914.000      9.394      9.457    28.3708    28.3722   5.525700   5.525618     3.1062     2.6386      30.62   28.33412  -94.99880    0.00067    0.00074          3  0.000e+00
      21938    914.042      9.347      9.410    28.3731    28.3715   5.526156   5.525273     3.1062     2.6386      30.62   28.33412  -94.99880    0.00062    0.00077          3  0.000e+00
      21939    914.083      9.347      9.410    28.3739    28.3706   5.526357   5.524866     3.1062     2.6386      30.62   28.33412  -94.99880    0.00058    0.00079          3  0.000e+00
      21940    914.125      9.347      9.410    28.3737    28.3693   5.526465   5.524435     3.1062     2.6374      30.62   28.33412  -94.99880    0.00054    0.00077          3  0.000e+00
      21941    914.167      9.292      9.355    28.3729    28.3682   5.526349   5.524075     3.1062     2.6386      30.62   28.33412  -94.99880    0.00049    0.00078          3  0.000e+00
      21942    914.208      9.292      9.355    28.3734    28.3673   5.526094   5.523926     3.1062     2.6386      30.70   28.33412  -94.99880    0.00045    0.00078          3  0.000e+00
      21943    914.250      9.292      9.355    28.3733    28.3671   5.525793   5.524004     3.1062     2.6386      30.77   28.33412  -94.99880    0.00041    0.00078          3  0.000e+00
      21944    914.292      9.292      9.355    28.3728    28.3671   5.525537   5.524145     3.1062     2.6386      30.77   28.33412  -94.99880    0.00036    0.00078          3  0.000e+00
      21945    914.333      9.245      9.307    28.3724    28.3678   5.525275   5.524380     3.1062     2.6386      30.74   28.33412  -94.99880    0.00032    0.00077          3  0.000e+00
      21946    914.375      9.245      9.307    28.3718    28.3689   5.524996   5.524482     3.1062     2.6386      30.74   28.33412  -94.99880    0.00028    0.00077          3  0.000e+00
      21947    914.417      9.245      9.307    28.3701    28.3687   5.524695   5.524498     3.1062     2.6386      30.74   28.33412  -94.99880    0.00023    0.00076          3  0.000e+00
      21948    914.458      9.245      9.307    28.3696    28.3690   5.524479   5.524498     3.1062     2.6398      30.77   28.33412  -94.99880    0.00017    0.00078          3  0.000e+00
      21949    914.500      9.245      9.307    28.3701    28.3689   5.524710   5.524404     3.1062     2.6398      30.77   28.33412  -94.99880    0.00013    0.00080          3  0.000e+00
      21950    914.542      9.198      9.260    28.3708    28.3691   5.525035   5.524396     3.1062     2.6398      30.74   28.33412  -94.99880    0.00009    0.00081          3  0.000e+00
      21951    914.583      9.245      9.307    28.3713    28.3689   5.525290   5.524333     3.1062     2.6398      30.74   28.33412  -94.99880    0.00002    0.00080          3  0.000e+00
      21952    914.625      9.198      9.260    28.3718    28.3695   5.525514   5.524341     3.1074     2.6410      30.74   28.33412  -94.99880   -0.00002    0.00083          3  0.000e+00
      21953    914.667      9.198      9.260    28.3728    28.3695   5.525677   5.524521     3.1062     2.6410      30.77   28.33412  -94.99880   -0.00006    0.00086          3  0.000e+00
      21954    914.708      9.197      9.260    28.3730    28.3697   5.525746   5.524591     3.1062     2.6398      30.74   28.33412  -94.99880   -0.00013    0.00087          3  0.000e+00
      21955    914.750      9.197      9.260    28.3725    28.3695   5.525862   5.524552     3.1062     2.6398      30.77   28.33412  -94.99880   -0.00017    0.00089          3  0.000e+00
      21956    914.792      9.143      9.205    28.3726    28.3699   5.525901   5.524568     3.1062     2.6398      30.74   28.33412  -94.99880   -0.00022    0.00090          3  0.000e+00
      21957    914.833      9.197      9.259    28.3729    28.3699   5.526032   5.524584     3.1074     2.6398      30.74   28.33412  -94.99880   -0.00024    0.00092          3  0.000e+00
      21958    914.875      9.143      9.205    28.3732    28.3700   5.526078   5.524631     3.1062     2.6398      30.74   28.33412  -94.99880   -0.00029    0.00094          3  0.000e+00
      21959    914.917      9.197      9.259    28.3734    28.3699   5.526078   5.524631     3.1062     2.6398      30.74   28.33412  -94.99880   -0.00034    0.00097          3  0.000e+00
      21960    914.958      9.143      9.205    28.3734    28.3696   5.526078   5.524662     3.1062     2.6398      30.74   28.33412  -94.99880   -0.00038    0.00097          3  0.000e+00
      21961    915.000      9.143      9.205    28.3735    28.3702   5.526078   5.524811     3.1062     2.6398      30.74   28.33412  -94.99880   -0.00043    0.00099          3  0.000e+00
      21962    915.042      9.197      9.259    28.3729    28.3713   5.525870   5.525195     3.1062     2.6398      30.74   28.33412  -94.99880   -0.00047    0.00099          3  0.000e+00
      21963    915.083      9.197      9.259    28.3721    28.3721   5.525460   5.525453     3.1074     2.6410      30.74   28.33412  -94.99880   -0.00050    0.00101          3  0.000e+00
      21964    915.125      9.143      9.205    28.3707    28.3724   5.525066   5.525633     3.1074     2.6398      30.74   28.33412  -94.99880   -0.00053    0.00099          3  0.000e+00
      21965    915.167      9.143      9.205    28.3706    28.3730   5.525151   5.525751     3.1062     2.6398      30.77   28.33412  -94.99880   -0.00057    0.00099          3  0.000e+00
      21966    915.208      9.143      9.205    28.3718    28.3735   5.525344   5.525939     3.1062     2.6398      30.89   28.33412  -94.99880   -0.00062    0.00097          3  0.000e+00
      21967    915.250      9.197      9.259    28.3719    28.3743   5.525391   5.526025     3.1062     2.6410      30.96   28.33412  -94.99880   -0.00067    0.00096          3  0.000e+00
      21968    915.292      9.143      9.205    28.3715    28.3737   5.525360   5.525743     3.1074     2.6398      30.96   28.33412  -94.99880   -0.00069    0.00094          3  0.000e+00
      21969    915.333      9.197      9.259    28.3716    28.3726   5.525414   5.525500     3.1074     2.6398      30.96   28.33412  -94.99880   -0.00072    0.00091          3  0.000e+00
      21970    915.375      9.197      9.259    28.3712    28.3724   5.525406   5.525516     3.1074     2.6398      30.94   28.33412  -94.99880   -0.00075    0.00089          3  0.000e+00
      21971    915.417      9.143      9.205    28.3712    28.3730   5.525329   5.525915     3.1062     2.6398      30.96   28.33412  -94.99880   -0.00080    0.00086          3  0.000e+00
      21972    915.458      9.197      9.259    28.3712    28.3743   5.525236   5.526448     3.1074     2.6398      30.94   28.33412  -94.99880   -0.00081    0.00083          3  0.000e+00
      21973    915.500      9.197      9.259    28.3718    28.3752   5.525414   5.526754     3.1074     2.6398      30.94   28.33412  -94.99880   -0.00082    0.00080          3  0.000e+00
      21974    915.542      9.197      9.259    28.3735    28.3759   5.526032   5.526863     3.1074     2.6398      30.94   28.33412  -94.99880   -0.00084    0.00076          3  0.000e+00
      21975    915.583      9.197      9.259    28.3767    28.3763   5.527625   5.526558     3.1074     2.6398      30.94   28.33412  -94.99880   -0.00085    0.00075          3  0.000e+00
      21976    915.625      9.245      9.307    28.3828    28.3754   5.529596   5.526284     3.1062     2.6386      30.96   28.33412  -94.99880   -0.00088    0.00071          3  0.000e+00
      21977    915.667      9.197      9.259    28.3851    28.3749   5.530648   5.526190     3.1074     2.6398      30.94   28.33412  -94.99880   -0.00089    0.00069          3  0.000e+00
      21978    915.708      9.197      9.259    28.3872    28.3748   5.530694   5.526213     3.1074     2.6386      30.94   28.33412  -94.99880   -0.00088    0.00066          3  0.000e+00
      21979    915.750      9.245      9.307    28.3851    28.3748   5.530230   5.526205     3.1074     2.6386      30.96   28.33412  -94.99880   -0.00088    0.00062          3  0.000e+00
      21980    915.792      9.245      9.307    28.3865    28.3748   5.530648   5.526252     3.1074     2.6386      30.94   28.33412  -94.99880   -0.00087    0.00058          3  0.000e+00
      21981    915.833      9.292      9.355    28.3885    28.3754   5.531135   5.526581     3.1087     2.6386      30.96   28.33412  -94.99880   -0.00085    0.00054          3  0.000e+00
      21982    915.875      9.245      9.307    28.3878    28.3769   5.530825   5.526989     3.1074     2.6386      30.94   28.33412  -94.99880   -0.00084    0.00050          3  0.000e+00
      21983    915.917      9.245      9.307    28.3862    28.3776   5.530245   5.527232     3.1074     2.6398      30.96   28.33412  -94.99880   -0.00083    0.00048          3  0.000e+00
      21984    915.958      9.292      9.355    28.3854    28.3776   5.529890   5.527240     3.1074     2.6398      30.96   28.33412  -94.99880   -0.00082    0.00046          3  0.000e+00
      21985    916.000      9.292      9.355    28.3840    28.3778   5.529341   5.527435     3.1087     2.6398      30.96   28.33412  -94.99880   -0.00078    0.00043          3  0.000e+00
      21986    916.042      9.292      9.355    28.3819    28.3798   5.528599   5.528133     3.1087     2.6398      30.94   28.33412  -94.99880   -0.00074    0.00041          3  0.000e+00
      21987    916.083      9.292      9.355    28.3801    28.3824   5.528057   5.528838     3.1087     2.6398      30.96   28.33412  -94.99880   -0.00069    0.00040          3  0.000e+00
      24040   1001.625      4.580      4.611    28.2960    28.2984   5.499058   5.499656     3.1087     2.6361      35.38   28.33412  -94.99878    0.00062   -0.00066          4  0.000e+00
      24041   1001.667      4.776      4.808    28.2963    28.2980   5.499151   5.499648     3.1087     2.6361      35.38   28.33412  -94.99878    0.00061   -0.00066          4  0.000e+00
      24042   1001.708      4.776      4.808    28.2970    28.2987   5.499243   5.499992     3.1087     2.6361      35.38   28.33412  -94.99878    0.00061   -0.00066          4  0.000e+00
      24043   1001.750      4.776      4.808    28.2967    28.3005   5.499297   5.500649     3.1087     2.6361      35.38   28.33412  -94.99878    0.00060   -0.00066          4  0.000e+00
      24044   1001.792      4.823      4.856    28.2973    28.3018   5.499521   5.501040     3.1087     2.6361      35.41   28.33412  -94.99878    0.00059   -0.00064          4  0.000e+00
      24045   1001.833      4.823      4.856    28.2982    28.3020   5.499683   5.500907     3.1087     2.6361      35.38   28.33412  -94.99878    0.00058   -0.00062          4  0.000e+00
      24046   1001.875      4.823      4.856    28.2981    28.3018   5.499722   5.500774     3.1087     2.6361      35.41   28.33412  -94.99878    0.00058   -0.00060          4  0.000e+00
      24047   1001.917      4.823      4.856    28.2982    28.3015   5.499722   5.500735     3.1087     2.6361      35.38   28.33412  -94.99878    0.00057   -0.00057          4  0.000e+00
      24048   1001.958      4.877      4.910    28.2985    28.3009   5.499753   5.500571     3.1087     2.6361      35.38   28.33412  -94.99878    0.00054   -0.00055          4  0.000e+00
      24049   1002.000      4.877      4.910    28.2984    28.2991   5.499799   5.500109     3.1087     2.6361      35.38   28.33412  -94.99878    0.00051   -0.00052          4  0.000e+00
      24050   1002.042      4.823      4.856    28.2984    28.2984   5.499776   5.499796     3.1087     2.6361      35.38   28.33412  -94.99878    0.00048   -0.00049          4  0.000e+00
      24051   1002.083      4.871      4.903    28.2980    28.2987   5.499660   5.499781     3.1087     2.6361      35.38   28.33412  -94.99878    0.00047   -0.00046          4  0.000e+00
      24052   1002.125      4.925      4.958    28.2978    28.2987   5.499629   5.499687     3.1087     2.6361      35.41   28.33412  -94.99878    0.00043   -0.00043          4  0.000e+00
      24053   1002.167      4.877      4.910    28.2978    28.2985   5.499591   5.499796     3.1087     2.6361      35.38   28.33412  -94.99878    0.00042   -0.00040          4  0.000e+00
      24054   1002.208      4.925      4.958    28.2977    28.2994   5.499544   5.500133     3.1074     2.6374      35.41   28.33412  -94.99878    0.00037   -0.00035          4  0.000e+00
      24055   1002.250      4.925      4.958    28.2974    28.2998   5.499506   5.500172     3.1074     2.6361      35.43   28.33412  -94.99878    0.00032   -0.00033          4  0.000e+00
      24056   1002.292      4.925      4.958    28.2976    28.3002   5.499521   5.500430     3.1087     2.6361      35.46   28.33412  -94.99878    0.00030   -0.00030          4  0.000e+00
      24057   1002.333      4.925      4.958    28.2980    28.3009   5.499606   5.500445     3.1074     2.6374      35.46   28.33412  -94.99878    0.00026   -0.00026          4  0.000e+00
      24058   1002.375      4.972      5.006    28.2977    28.3002   5.499660   5.500289     3.1087     2.6361      35.46   28.33412  -94.99878    0.00024   -0.00024          4  0.000e+00
      24059   1002.417      4.972      5.006    28.2984    28.3004   5.499776   5.500555     3.1074     2.6361      35.46   28.33412  -94.99878    0.00021   -0.00022          4  0.000e+00
      24060   1002.458      4.925      4.958    28.2982    28.3022   5.499845   5.501274     3.1087     2.6361      35.46   28.33412  -94.99878    0.00019   -0.00020          4  0.000e+00
      24061   1002.500      4.972      5.006    28.2984    28.3046   5.499822   5.502213     3.1087     2.6361      35.46   28.33412  -94.99878    0.00019   -0.00017          4  0.000e+00
      24062   1002.542      4.972      5.006    28.2982    28.3063   5.499776   5.502713     3.1087     2.6361      35.46   28.33412  -94.99878    0.00018   -0.00017          4  0.000e+00
      24063   1002.583      4.972      5.006    28.2984    28.3081   5.499699   5.503135     3.1074     2.6361      35.46   28.33412  -94.99878    0.00015   -0.00016          4  0.000e+00
      24064   1002.625      5.019      5.053    28.2980    28.3072   5.499637   5.502924     3.1074     2.6349      35.46   28.33412  -94.99878    0.00011   -0.00018          4  0.000e+00
      24065   1002.667      5.019      5.053    28.2980    28.3040   5.499629   5.501978     3.1074     2.6349      35.46   28.33412  -94.99878    0.00007   -0.00021          4  0.000e+00
