GOMECC/GOMECC-4/1db/rb2103_1261.ros
* Sea-Bird SBE 9 Data File:
* FileName = C:\Users\scs.user.rb\CTD\GOMECC4\data\rb2103_1261.hex
* Software Version Seasave V 7.26.7.107
* Temperature SN = 4799
* Conductivity SN = 3860
* Number of Bytes Per Scan = 41
* Number of Voltage Words = 4
* Number of Scans Averaged by the Deck Unit = 1
* NMEA Latitude = 26 37.81 N
* NMEA Longitude = 082 33.26 W
* NMEA UTC (Time) = Oct 19 2021  03:53:17
* NMEA baud rate = 4800
# nquan = 17
# nvalues = 266                                   
# units = specified
# name 0 = scan: Scan Count
# name 1 = timeS: Time, Elapsed [seconds]
# name 2 = depSM: Depth [salt water, m]
# name 3 = prDM: Pressure, Digiquartz [db]
# name 4 = t090C: Temperature [ITS-90, deg C]
# name 5 = t190C: Temperature, 2 [ITS-90, deg C]
# name 6 = c0S/m: Conductivity [S/m]
# name 7 = c1S/m: Conductivity, 2 [S/m]
# name 8 = sbeox0V: Oxygen raw, SBE 43 [V]
# name 9 = sbeox1V: Oxygen raw, SBE 43, 2 [V]
# name 10 = altM: Altimeter [m]
# name 11 = latitude: Latitude [deg]
# name 12 = longitude: Longitude [deg]
# name 13 = sbox0dV/dT: Oxygen, SBE 43 [dov/dt]
# name 14 = sbox1dV/dT: Oxygen, SBE 43, 2 [dov/dt]
# name 15 = nbf: Bottles Fired
# name 16 = flag:  0.000e+00
# interval = seconds: 0.0416667
# start_time = Oct 19 2021 03:53:17 [NMEA time, header]
# bad_flag = -9.990e-29
*END*
      19588    816.125     17.439     17.555    28.6315    28.6270   5.738444   5.739392     3.1306     2.6654       3.86   26.63080  -82.55826   -0.00523    0.00203          1  0.000e+00
      19589    816.167     17.391     17.507    28.6315    28.6253   5.738365   5.739328     3.1319     2.6654       3.88   26.63080  -82.55826   -0.00522    0.00197          1  0.000e+00
      19590    816.208     17.682     17.800    28.6310    28.6277   5.738326   5.739408     3.1306     2.6642       3.88   26.63080  -82.55826   -0.00524    0.00190          1  0.000e+00
      19591    816.250     17.540     17.657    28.6308    28.6290   5.738302   5.739416     3.1306     2.6654       3.88   26.63080  -82.55826   -0.00526    0.00184          1  0.000e+00
      19592    816.292     17.486     17.602    28.6314    28.6305   5.738224   5.739408     3.1319     2.6642       3.88   26.63080  -82.55826   -0.00523    0.00175          1  0.000e+00
      19593    816.333     17.540     17.657    28.6317    28.6322   5.738255   5.739265     3.1319     2.6618       3.88   26.63080  -82.55826   -0.00520    0.00164          1  0.000e+00
      19594    816.375     17.540     17.657    28.6321    28.6329   5.738216   5.739281     3.1319     2.6642       3.88   26.63080  -82.55826   -0.00517    0.00155          1  0.000e+00
      19595    816.417     17.480     17.595    28.6319    28.6333   5.738130   5.739233     3.1319     2.6630       3.91   26.63080  -82.55826   -0.00514    0.00147          1  0.000e+00
      19596    816.458     17.588     17.704    28.6314    28.6331   5.738059   5.739217     3.1319     2.6630       3.91   26.63080  -82.55826   -0.00511    0.00138          1  0.000e+00
      19597    816.500     17.540     17.657    28.6307    28.6333   5.737980   5.739105     3.1319     2.6630       3.91   26.63080  -82.55826   -0.00508    0.00129          1  0.000e+00
      19598    816.542     17.486     17.602    28.6303    28.6337   5.737925   5.739002     3.1319     2.6618       3.88   26.63080  -82.55826   -0.00504    0.00120          1  0.000e+00
      19599    816.583     17.534     17.650    28.6297    28.6342   5.737972   5.738978     3.1331     2.6618       3.88   26.63080  -82.55826   -0.00495    0.00110          1  0.000e+00
      19600    816.625     17.540     17.657    28.6295    28.6338   5.737933   5.738906     3.1331     2.6618       3.91   26.63080  -82.55826   -0.00489    0.00101          1  0.000e+00
      19601    816.667     17.540     17.657    28.6290    28.6329   5.737847   5.738851     3.1331     2.6618       3.88   26.63080  -82.55826   -0.00479    0.00091          1  0.000e+00
      19602    816.708     17.486     17.602    28.6290    28.6322   5.737808   5.738803     3.1343     2.6618       3.88   26.63080  -82.55826   -0.00468    0.00084          1  0.000e+00
      19603    816.750     17.534     17.650    28.6301    28.6325   5.737745   5.738755     3.1343     2.6618       3.88   26.63080  -82.55826   -0.00456    0.00076          1  0.000e+00
      19604    816.792     17.541     17.657    28.6308    28.6325   5.737690   5.738707     3.1355     2.6618       3.91   26.63080  -82.55826   -0.00442    0.00070          1  0.000e+00
      19605    816.833     17.541     17.657    28.6301    28.6325   5.737666   5.738699     3.1343     2.6606       3.91   26.63080  -82.55826   -0.00431    0.00062          1  0.000e+00
      19606    816.875     17.541     17.657    28.6295    28.6325   5.737643   5.738628     3.1355     2.6618       3.88   26.63080  -82.55826   -0.00416    0.00055          1  0.000e+00
      19607    816.917     17.486     17.602    28.6288    28.6326   5.737595   5.738604     3.1355     2.6618       3.88   26.63080  -82.55826   -0.00400    0.00051          1  0.000e+00
      19608    816.958     17.581     17.698    28.6277    28.6327   5.737501   5.738564     3.1355     2.6618       3.88   26.63080  -82.55826   -0.00386    0.00047          1  0.000e+00
      19609    817.000     17.486     17.602    28.6269    28.6325   5.737415   5.738556     3.1368     2.6618       3.88   26.63080  -82.55826   -0.00370    0.00042          1  0.000e+00
      19610    817.042     17.541     17.657    28.6257    28.6320   5.737360   5.738413     3.1368     2.6618       3.88   26.63080  -82.55826   -0.00353    0.00039          1  0.000e+00
      19611    817.083     17.541     17.657    28.6246    28.6314   5.737376   5.738222     3.1368     2.6618       3.88   26.63080  -82.55826   -0.00336    0.00037          1  0.000e+00
      19612    817.125     17.534     17.650    28.6251    28.6311   5.737533   5.738182     3.1380     2.6618       3.88   26.63080  -82.55826   -0.00317    0.00032          1  0.000e+00
      19613    817.167     17.541     17.657    28.6260    28.6312   5.737588   5.738317     3.1392     2.6618       3.88   26.63080  -82.55826   -0.00297    0.00030          1  0.000e+00
      19614    817.208     17.541     17.657    28.6268    28.6316   5.737753   5.738397     3.1380     2.6618       3.91   26.63080  -82.55826   -0.00279    0.00027          1  0.000e+00
      19615    817.250     17.541     17.657    28.6284    28.6319   5.738137   5.738413     3.1392     2.6618       3.91   26.63080  -82.55826   -0.00259    0.00026          1  0.000e+00
      19616    817.292     17.534     17.650    28.6314    28.6324   5.738585   5.738445     3.1392     2.6618       3.91   26.63080  -82.55826   -0.00240    0.00024          1  0.000e+00
      19617    817.333     17.486     17.602    28.6337    28.6346   5.738962   5.738636     3.1392     2.6606       3.91   26.63080  -82.55826   -0.00222    0.00021          1  0.000e+00
      19618    817.375     17.588     17.705    28.6345    28.6418   5.739198   5.739010     3.1404     2.6606       3.91   26.63080  -82.55826   -0.00202    0.00019          1  0.000e+00
      19619    817.417     17.541     17.657    28.6346    28.6459   5.739221   5.739607     3.1404     2.6618       3.91   26.63080  -82.55826   -0.00185    0.00017          1  0.000e+00
      19620    817.458     17.541     17.657    28.6341    28.6470   5.739096   5.740236     3.1416     2.6606       3.91   26.63080  -82.55826   -0.00165    0.00015          1  0.000e+00
      19621    817.500     17.534     17.650    28.6332    28.6454   5.738868   5.740921     3.1404     2.6606       3.91   26.63080  -82.55826   -0.00148    0.00014          1  0.000e+00
      19622    817.542     17.541     17.657    28.6327    28.6427   5.738585   5.741239     3.1416     2.6606       3.91   26.63080  -82.55826   -0.00130    0.00011          1  0.000e+00
      19623    817.583     17.541     17.657    28.6310    28.6412   5.738200   5.741383     3.1416     2.6606       3.91   26.63080  -82.55826   -0.00114    0.00009          1  0.000e+00
      19624    817.625     17.541     17.657    28.6294    28.6410   5.737784   5.741741     3.1416     2.6606       3.91   26.63080  -82.55826   -0.00098    0.00005          1  0.000e+00
      19625    817.667     17.534     17.650    28.6273    28.6395   5.737383   5.742211     3.1429     2.6606       3.91   26.63080  -82.55826   -0.00080    0.00002          1  0.000e+00
      19626    817.708     17.588     17.705    28.6266    28.6379   5.737297   5.742538     3.1416     2.6606       3.91   26.63080  -82.55826   -0.00065   -0.00003          1  0.000e+00
      19627    817.750     17.541     17.657    28.6269    28.6366   5.737336   5.742840     3.1429     2.6606       3.91   26.63080  -82.55826   -0.00049   -0.00008          1  0.000e+00
      19628    817.792     17.541     17.657    28.6271    28.6351   5.737336   5.743501     3.1429     2.6606       3.91   26.63080  -82.55826   -0.00033   -0.00013          1  0.000e+00
      19629    817.833     17.534     17.650    28.6272    28.6398   5.737273   5.744863     3.1441     2.6606       3.91   26.63080  -82.55826   -0.00017   -0.00018          1  0.000e+00
      19630    817.875     17.588     17.705    28.6277    28.6519   5.737218   5.747070     3.1441     2.6618       3.91   26.63080  -82.55826   -0.00001   -0.00023          1  0.000e+00
      19631    817.917     17.541     17.657    28.6290    28.6664   5.737305   5.749970     3.1441     2.6618       3.88   26.63080  -82.55826    0.00013   -0.00029          1  0.000e+00
      19632    817.958     17.588     17.705    28.6325    28.6800   5.738514   5.752815     3.1453     2.6618       3.91   26.63080  -82.55826    0.00029   -0.00034          1  0.000e+00
      19633    818.000     17.541     17.657    28.6448    28.6878   5.741720   5.755828     3.1441     2.6618       3.91   26.63080  -82.55826    0.00043   -0.00039          1  0.000e+00
      19634    818.042     17.534     17.650    28.6636    28.7001   5.746552   5.759480     3.1453     2.6630       3.91   26.63080  -82.55826    0.00058   -0.00042          1  0.000e+00
      19635    818.083     17.588     17.705    28.6796    28.7062   5.751057   5.762135     3.1465     2.6618       3.91   26.63080  -82.55826    0.00075   -0.00048          1  0.000e+00
      19636    818.125     17.588     17.705    28.6886    28.7075   5.753242   5.761984     3.1465     2.6630       3.88   26.63080  -82.55826    0.00090   -0.00051          1  0.000e+00
      19637    818.167     17.541     17.657    28.6871    28.6992   5.753706   5.759591     3.1465     2.6630       3.86   26.63080  -82.55826    0.00107   -0.00055          1  0.000e+00
      19638    818.208     17.581     17.698    28.6814    28.6875   5.753203   5.756833     3.1477     2.6642       3.86   26.63080  -82.55826    0.00125   -0.00057          1  0.000e+00
      19639    818.250     17.541     17.657    28.6785    28.6832   5.751552   5.755294     3.1477     2.6630       3.83   26.63080  -82.55826    0.00141   -0.00060          1  0.000e+00
      19640    818.292     17.588     17.705    28.6757    28.6853   5.749453   5.755414     3.1490     2.6642       3.83   26.63080  -82.55826    0.00160   -0.00063          1  0.000e+00
      19641    818.333     17.588     17.705    28.6700    28.6884   5.748282   5.756737     3.1477     2.6642       3.83   26.63080  -82.55826    0.00175   -0.00065          1  0.000e+00
      19642    818.375     17.581     17.698    28.6666    28.6938   5.748360   5.758300     3.1490     2.6630       3.83   26.63080  -82.55826    0.00192   -0.00069          1  0.000e+00
      19643    818.417     17.541     17.657    28.6673    28.6978   5.749091   5.759456     3.1490     2.6642       3.86   26.63080  -82.55826    0.00211   -0.00071          1  0.000e+00
      19644    818.458     17.588     17.705    28.6715    28.6992   5.749657   5.760508     3.1490     2.6654       3.86   26.63080  -82.55826    0.00227   -0.00072          1  0.000e+00
      19645    818.500     17.588     17.705    28.6772    28.6968   5.750019   5.759241     3.1490     2.6630       3.86   26.63080  -82.55826    0.00243   -0.00076          1  0.000e+00
      19646    818.542     17.588     17.705    28.6792    28.6804   5.750530   5.756299     3.1490     2.6642       3.86   26.63080  -82.55826    0.00259   -0.00079          1  0.000e+00
      19647    818.583     17.581     17.698    28.6789    28.6731   5.751371   5.754601     3.1490     2.6654       3.86   26.63080  -82.55826    0.00274   -0.00080          1  0.000e+00
      19648    818.625     17.636     17.753    28.6790    28.6811   5.752212   5.754521     3.1490     2.6630       3.86   26.63080  -82.55826    0.00291   -0.00083          1  0.000e+00
      19649    818.667     17.588     17.705    28.6805    28.6867   5.753919   5.754202     3.1490     2.6630       3.86   26.63080  -82.55826    0.00306   -0.00086          1  0.000e+00
      19650    818.708     17.541     17.657    28.6972    28.6815   5.758197   5.752935     3.1490     2.6654       3.86   26.63080  -82.55826    0.00320   -0.00084          1  0.000e+00
      19651    818.750     17.581     17.698    28.7204    28.6701   5.763075   5.751357     3.1490     2.6654       3.83   26.63080  -82.55826    0.00334   -0.00084          1  0.000e+00
      19652    818.792     17.636     17.753    28.7362    28.6638   5.766900   5.750671     3.1490     2.6654       3.86   26.63080  -82.55826    0.00348   -0.00081          1  0.000e+00
      19653    818.833     17.588     17.705    28.7463    28.6684   5.769726   5.750799     3.1490     2.6654       3.86   26.63080  -82.55826    0.00363   -0.00081          1  0.000e+00
      19654    818.875     17.588     17.705    28.7527    28.6754   5.771372   5.751293     3.1490     2.6630       3.86   26.63080  -82.55826    0.00378   -0.00081          1  0.000e+00
      19655    818.917     17.581     17.698    28.7564    28.6792   5.772057   5.752074     3.1490     2.6642       3.86   26.63080  -82.55826    0.00393   -0.00077          1  0.000e+00
      19656    818.958     17.636     17.753    28.7553    28.6806   5.772065   5.752743     3.1490     2.6654       3.86   26.63080  -82.55826    0.00407   -0.00075          1  0.000e+00
      19657    819.000     17.588     17.705    28.7512    28.6816   5.772034   5.753038     3.1477     2.6654       3.83   26.63080  -82.55826    0.00420   -0.00072          1  0.000e+00
      19658    819.042     17.588     17.705    28.7483    28.6823   5.771963   5.753221     3.1490     2.6654       3.83   26.63080  -82.55826    0.00434   -0.00066          1  0.000e+00
      19659    819.083     17.588     17.705    28.7487    28.6814   5.772364   5.753237     3.1477     2.6654       3.86   26.63080  -82.55826    0.00445   -0.00061          1  0.000e+00
      19660    819.125     17.582     17.698    28.7501    28.6793   5.771364   5.753046     3.1477     2.6630       3.83   26.63080  -82.55826    0.00457   -0.00059          1  0.000e+00
      19661    819.167     17.636     17.753    28.7406    28.6771   5.772664   5.752847     3.1490     2.6630       3.81   26.63080  -82.55826    0.00470   -0.00055          1  0.000e+00
      19662    819.208     17.588     17.705    28.7398    28.6769   5.774719   5.752831     3.1477     2.6642       3.81   26.63080  -82.55826    0.00480   -0.00049          1  0.000e+00
      19663    819.250     17.588     17.705    28.7450    28.6761   5.775570   5.752815     3.1490     2.6630       3.79   26.63080  -82.55826    0.00492   -0.00047          1  0.000e+00
      19664    819.292     17.629     17.746    28.7441    28.6747   5.774680   5.752831     3.1477     2.6618       3.81   26.63080  -82.55826    0.00501   -0.00047          1  0.000e+00
      19665    819.333     17.588     17.705    28.7392    28.6749   5.773286   5.752775     3.1477     2.6618       3.81   26.63080  -82.55826    0.00511   -0.00046          1  0.000e+00
      19666    819.375     17.588     17.705    28.7362    28.6739   5.772869   5.752719     3.1490     2.6618       3.81   26.63080  -82.55826    0.00521   -0.00042          1  0.000e+00
      19667    819.417     17.588     17.705    28.7367    28.6742   5.772916   5.752815     3.1477     2.6606       3.81   26.63080  -82.55826    0.00529   -0.00041          1  0.000e+00
      19668    819.458     17.629     17.746    28.7400    28.6749   5.773113   5.752775     3.1477     2.6593       3.81   26.63080  -82.55826    0.00535   -0.00043          1  0.000e+00
      19669    819.500     17.588     17.705    28.7406    28.6730   5.773388   5.752257     3.1477     2.6593       3.79   26.63080  -82.55826    0.00540   -0.00046          1  0.000e+00
      19670    819.542     17.588     17.705    28.7410    28.6703   5.773136   5.751564     3.1477     2.6581       3.81   26.63080  -82.55826    0.00544   -0.00049          1  0.000e+00
      19671    819.583     17.588     17.705    28.7415    28.6684   5.770931   5.750568     3.1477     2.6581       3.79   26.63080  -82.55826    0.00547   -0.00053          1  0.000e+00
      19672    819.625     17.636     17.753    28.7369    28.6654   5.766774   5.749524     3.1477     2.6569       3.81   26.63080  -82.55826    0.00550   -0.00060          1  0.000e+00
