GOMECC/GOMECC-4/1db/rb2103_0621.ros
* Sea-Bird SBE 9 Data File:
* FileName = C:\Users\scs.user.rb\CTD\GOMECC4\data\rb2103_0621.hex
* Software Version Seasave V 7.26.7.107
* Temperature SN = 4799
* Conductivity SN = 3860
* Number of Bytes Per Scan = 41
* Number of Voltage Words = 4
* Number of Scans Averaged by the Deck Unit = 1
* NMEA Latitude = 26 04.01 N
* NMEA Longitude = 096 55.37 W
* NMEA UTC (Time) = Sep 30 2021  08:06:13
* NMEA baud rate = 4800
# nquan = 17
# nvalues = 399                                   
# units = specified
# name 0 = scan: Scan Count
# name 1 = timeS: Time, Elapsed [seconds]
# name 2 = depSM: Depth [salt water, m]
# name 3 = prDM: Pressure, Digiquartz [db]
# name 4 = t090C: Temperature [ITS-90, deg C]
# name 5 = t190C: Temperature, 2 [ITS-90, deg C]
# name 6 = c0S/m: Conductivity [S/m]
# name 7 = c1S/m: Conductivity, 2 [S/m]
# name 8 = sbeox0V: Oxygen raw, SBE 43 [V]
# name 9 = sbeox1V: Oxygen raw, SBE 43, 2 [V]
# name 10 = altM: Altimeter [m]
# name 11 = latitude: Latitude [deg]
# name 12 = longitude: Longitude [deg]
# name 13 = sbox0dV/dT: Oxygen, SBE 43 [dov/dt]
# name 14 = sbox1dV/dT: Oxygen, SBE 43, 2 [dov/dt]
# name 15 = nbf: Bottles Fired
# name 16 = flag:  0.000e+00
# interval = seconds: 0.0416667
# start_time = Sep 30 2021 08:06:13 [NMEA time, header]
# bad_flag = -9.990e-29
*END*
[from data line 86]
      18444    768.458     28.978     29.170    29.0696    29.0699   5.830719   5.830664     3.0220     2.5641       4.88   26.06698  -96.92406    0.00383   -0.00139          1  0.000e+00
      18445    768.500     28.992     29.184    29.0694    29.0701   5.830703   5.830688     3.0220     2.5641       4.88   26.06698  -96.92406    0.00391   -0.00155          1  0.000e+00
      18446    768.542     29.026     29.218    29.0695    29.0697   5.830696   5.830632     3.0232     2.5641       4.88   26.06698  -96.92406    0.00401   -0.00171          1  0.000e+00
      18447    768.583     28.992     29.184    29.0695    29.0695   5.830696   5.830568     3.0220     2.5641       4.88   26.06698  -96.92406    0.00410   -0.00188          1  0.000e+00
      18448    768.625     28.978     29.170    29.0696    29.0697   5.830719   5.830560     3.0220     2.5653       4.88   26.06698  -96.92406    0.00417   -0.00202          1  0.000e+00
      18449    768.667     28.992     29.184    29.0698    29.0693   5.830775   5.830520     3.0232     2.5653       4.88   26.06698  -96.92406    0.00427   -0.00216          1  0.000e+00
      18450    768.708     28.978     29.170    29.0694    29.0693   5.830680   5.830472     3.0220     2.5653       4.88   26.06698  -96.92406    0.00434   -0.00228          1  0.000e+00
      18451    768.750     28.992     29.184    29.0694    29.0691   5.830632   5.830424     3.0232     2.5665       4.88   26.06698  -96.92406    0.00443   -0.00240          1  0.000e+00
      18452    768.792     28.978     29.170    29.0694    29.0690   5.830609   5.830416     3.0232     2.5665       4.88   26.06698  -96.92404    0.00450   -0.00253          1  0.000e+00
      18453    768.833     28.938     29.129    29.0694    29.0693   5.830561   5.830376     3.0232     2.5665       4.88   26.06698  -96.92404    0.00456   -0.00265          1  0.000e+00
      18454    768.875     28.978     29.170    29.0694    29.0691   5.830624   5.830368     3.0232     2.5665       4.91   26.06698  -96.92404    0.00463   -0.00277          1  0.000e+00
      18455    768.917     28.978     29.170    29.0694    29.0693   5.830601   5.830368     3.0232     2.5678       4.91   26.06698  -96.92404    0.00469   -0.00287          1  0.000e+00
      18456    768.958     28.992     29.184    29.0692    29.0691   5.830561   5.830368     3.0220     2.5678       4.91   26.06698  -96.92404    0.00473   -0.00297          1  0.000e+00
      18457    769.000     28.978     29.170    29.0691    29.0691   5.830553   5.830296     3.0220     2.5678       4.91   26.06698  -96.92404    0.00475   -0.00307          1  0.000e+00
      18458    769.042     28.938     29.129    29.0688    29.0693   5.830514   5.830272     3.0232     2.5678       4.91   26.06698  -96.92404    0.00478   -0.00317          1  0.000e+00
      18459    769.083     28.978     29.170    29.0688    29.0693   5.830490   5.830344     3.0232     2.5678       4.88   26.06698  -96.92404    0.00481   -0.00327          1  0.000e+00
      18460    769.125     28.890     29.082    29.0689    29.0693   5.830466   5.830440     3.0232     2.5678       4.88   26.06698  -96.92404    0.00482   -0.00337          1  0.000e+00
      18461    769.167     29.026     29.218    29.0690    29.0695   5.830529   5.830392     3.0232     2.5678       4.91   26.06698  -96.92404    0.00485   -0.00347          1  0.000e+00
      18462    769.208     28.938     29.129    29.0688    29.0697   5.830442   5.830368     3.0232     2.5678       4.88   26.06698  -96.92404    0.00485   -0.00357          1  0.000e+00
      18463    769.250     28.978     29.170    29.0685    29.0697   5.830324   5.830472     3.0232     2.5690       4.91   26.06698  -96.92404    0.00485   -0.00363          1  0.000e+00
      18464    769.292     28.938     29.129    29.0686    29.0699   5.830197   5.830472     3.0232     2.5690       4.91   26.06698  -96.92404    0.00485   -0.00369          1  0.000e+00
      18465    769.333     29.026     29.218    29.0684    29.0699   5.830166   5.830424     3.0232     2.5690       4.93   26.06698  -96.92404    0.00482   -0.00374          1  0.000e+00
      18466    769.375     28.978     29.170    29.0687    29.0695   5.830166   5.830448     3.0232     2.5690       4.93   26.06698  -96.92404    0.00479   -0.00378          1  0.000e+00
      18467    769.417     28.938     29.129    29.0690    29.0695   5.830229   5.830424     3.0232     2.5690       4.93   26.06698  -96.92404    0.00476   -0.00383          1  0.000e+00
      18468    769.458     28.924     29.116    29.0692    29.0693   5.830261   5.830448     3.0220     2.5690       4.93   26.06698  -96.92404    0.00471   -0.00385          1  0.000e+00
      18469    769.500     28.992     29.184    29.0691    29.0695   5.830221   5.830424     3.0232     2.5690       4.93   26.06698  -96.92404    0.00467   -0.00388          1  0.000e+00
      18470    769.542     28.978     29.170    29.0688    29.0695   5.830213   5.830344     3.0232     2.5690       4.93   26.06698  -96.92404    0.00462   -0.00388          1  0.000e+00
      18471    769.583     28.992     29.184    29.0690    29.0693   5.830205   5.830424     3.0232     2.5690       4.93   26.06698  -96.92404    0.00456   -0.00389          1  0.000e+00
      18472    769.625     28.978     29.170    29.0690    29.0699   5.830205   5.830424     3.0220     2.5690       4.93   26.06698  -96.92404    0.00447   -0.00387          1  0.000e+00
      18473    769.667     28.938     29.129    29.0691    29.0703   5.830324   5.830448     3.0232     2.5690       4.93   26.06698  -96.92404    0.00440   -0.00385          1  0.000e+00
      18474    769.708     28.978     29.170    29.0690    29.0701   5.830395   5.830496     3.0220     2.5690       4.91   26.06698  -96.92404    0.00430   -0.00383          1  0.000e+00
      18475    769.750     28.978     29.170    29.0690    29.0697   5.830324   5.830544     3.0220     2.5690       4.91   26.06698  -96.92404    0.00420   -0.00380          1  0.000e+00
      18476    769.792     28.992     29.184    29.0691    29.0695   5.830229   5.830664     3.0232     2.5690       4.91   26.06698  -96.92404    0.00412   -0.00376          1  0.000e+00
      18477    769.833     29.026     29.218    29.0688    29.0701   5.830284   5.831025     3.0232     2.5690       4.91   26.06698  -96.92404    0.00401   -0.00371          1  0.000e+00
      18478    769.875     28.992     29.184    29.0684    29.0715   5.830316   5.831594     3.0232     2.5690       4.93   26.06698  -96.92404    0.00392   -0.00365          1  0.000e+00
      18479    769.917     28.978     29.170    29.0681    29.0721   5.830371   5.832003     3.0232     2.5690       4.91   26.06698  -96.92404    0.00380   -0.00359          1  0.000e+00
      18480    769.958     28.992     29.184    29.0690    29.0719   5.830403   5.832091     3.0232     2.5690       4.91   26.06698  -96.92404    0.00368   -0.00350          1  0.000e+00
      18481    770.000     28.978     29.170    29.0692    29.0717   5.830442   5.832019     3.0232     2.5690       4.91   26.06698  -96.92404    0.00355   -0.00341          1  0.000e+00
      18482    770.042     29.039     29.231    29.0692    29.0721   5.830490   5.832027     3.0232     2.5690       4.91   26.06698  -96.92404    0.00342   -0.00332          1  0.000e+00
      18483    770.083     28.978     29.170    29.0703    29.0721   5.830561   5.832115     3.0232     2.5690       4.91   26.06698  -96.92404    0.00329   -0.00323          1  0.000e+00
      18484    770.125     29.039     29.231    29.0699    29.0725   5.830450   5.832140     3.0220     2.5690       4.91   26.06698  -96.92404    0.00313   -0.00313          1  0.000e+00
      18485    770.167     28.978     29.170    29.0689    29.0725   5.830221   5.832027     3.0232     2.5678       4.91   26.06698  -96.92404    0.00299   -0.00303          1  0.000e+00
      18486    770.208     29.026     29.218    29.0681    29.0723   5.829944   5.831851     3.0232     2.5678       4.93   26.06698  -96.92404    0.00284   -0.00293          1  0.000e+00
      18487    770.250     29.039     29.231    29.0684    29.0717   5.829762   5.831659     3.0232     2.5678       4.91   26.06698  -96.92404    0.00271   -0.00282          1  0.000e+00
      18488    770.292     28.978     29.170    29.0679    29.0721   5.829660   5.831610     3.0232     2.5690       4.84   26.06698  -96.92404    0.00257   -0.00268          1  0.000e+00
      18489    770.333     29.039     29.231    29.0674    29.0716   5.829675   5.831642     3.0220     2.5678       4.81   26.06698  -96.92404    0.00241   -0.00255          1  0.000e+00
      18490    770.375     29.026     29.218    29.0668    29.0719   5.829794   5.831659     3.0220     2.5690       4.84   26.06698  -96.92404    0.00224   -0.00239          1  0.000e+00
      21000    874.958     14.603     14.699    29.0633    29.0645   5.819351   5.819710     3.1600     2.6825      18.93   26.06696  -96.92406   -0.00089   -0.00059          2  0.000e+00
      21001    875.000     14.711     14.808    29.0633    29.0641   5.819422   5.819662     3.1600     2.6825      18.93   26.06696  -96.92406   -0.00092   -0.00053          2  0.000e+00
      21002    875.042     14.508     14.603    29.0637    29.0643   5.819461   5.819702     3.1587     2.6838      18.93   26.06696  -96.92406   -0.00096   -0.00045          2  0.000e+00
      21003    875.083     14.609     14.705    29.0635    29.0643   5.819461   5.819694     3.1587     2.6838      18.95   26.06696  -96.92406   -0.00099   -0.00037          2  0.000e+00
      21004    875.125     14.562     14.658    29.0635    29.0643   5.819422   5.819710     3.1587     2.6838      18.95   26.06696  -96.92406   -0.00103   -0.00029          2  0.000e+00
      21005    875.167     14.602     14.699    29.0637    29.0643   5.819343   5.819726     3.1587     2.6838      18.93   26.06696  -96.92406   -0.00106   -0.00021          2  0.000e+00
      21006    875.208     14.562     14.658    29.0635    29.0645   5.819351   5.819654     3.1600     2.6838      18.93   26.06696  -96.92406   -0.00108   -0.00012          2  0.000e+00
      21007    875.250     14.562     14.658    29.0635    29.0643   5.819438   5.819670     3.1587     2.6838      18.93   26.06696  -96.92406   -0.00111   -0.00006          2  0.000e+00
      21008    875.292     14.609     14.705    29.0637    29.0645   5.819461   5.819726     3.1587     2.6838      18.93   26.06696  -96.92406   -0.00114    0.00001          2  0.000e+00
      21009    875.333     14.562     14.658    29.0633    29.0643   5.819422   5.819726     3.1587     2.6838      18.93   26.06696  -96.92406   -0.00116    0.00007          2  0.000e+00
      21010    875.375     14.555     14.651    29.0635    29.0645   5.819430   5.819726     3.1600     2.6838      18.93   26.06696  -96.92406   -0.00117    0.00014          2  0.000e+00
      21011    875.417     14.562     14.658    29.0635    29.0645   5.819453   5.819726     3.1587     2.6838      18.90   26.06696  -96.92406   -0.00121    0.00021          2  0.000e+00
      21012    875.458     14.562     14.658    29.0635    29.0645   5.819461   5.819694     3.1575     2.6838      18.93   26.06696  -96.92406   -0.00127    0.00026          2  0.000e+00
      21013    875.500     14.562     14.658    29.0635    29.0643   5.819461   5.819686     3.1575     2.6838      18.93   26.06696  -96.92406   -0.00131    0.00031          2  0.000e+00
      21014    875.542     14.562     14.658    29.0637    29.0645   5.819461   5.819710     3.1587     2.6838      18.93   26.06696  -96.92406   -0.00135    0.00036          2  0.000e+00
      21015    875.583     14.555     14.651    29.0633    29.0645   5.819461   5.819662     3.1587     2.6838      18.93   26.06696  -96.92406   -0.00137    0.00040          2  0.000e+00
      21016    875.625     14.508     14.603    29.0639    29.0643   5.819461   5.819670     3.1587     2.6825      18.93   26.06696  -96.92406   -0.00141    0.00042          2  0.000e+00
      21017    875.667     14.562     14.658    29.0635    29.0645   5.819461   5.819710     3.1587     2.6825      18.93   26.06696  -96.92406   -0.00145    0.00043          2  0.000e+00
      21018    875.708     14.562     14.658    29.0635    29.0645   5.819422   5.819758     3.1587     2.6825      18.93   26.06696  -96.92406   -0.00147    0.00043          2  0.000e+00
      21019    875.750     14.508     14.603    29.0635    29.0647   5.819445   5.819702     3.1587     2.6825      18.90   26.06696  -96.92406   -0.00150    0.00043          2  0.000e+00
      21020    875.792     14.508     14.603    29.0635    29.0645   5.819493   5.819710     3.1600     2.6825      18.90   26.06696  -96.92406   -0.00152    0.00042          2  0.000e+00
      21021    875.833     14.562     14.658    29.0635    29.0645   5.819469   5.819702     3.1600     2.6813      18.93   26.06696  -96.92406   -0.00151    0.00040          2  0.000e+00
      21022    875.875     14.508     14.603    29.0635    29.0645   5.819422   5.819718     3.1600     2.6813      18.90   26.06696  -96.92406   -0.00153    0.00038          2  0.000e+00
      21023    875.917     14.508     14.603    29.0637    29.0645   5.819445   5.819726     3.1600     2.6813      18.90   26.06696  -96.92406   -0.00152    0.00036          2  0.000e+00
      21024    875.958     14.508     14.603    29.0635    29.0645   5.819461   5.819726     3.1600     2.6813      18.90   26.06696  -96.92406   -0.00154    0.00034          2  0.000e+00
      21025    876.000     14.508     14.603    29.0637    29.0645   5.819493   5.819694     3.1600     2.6813      18.90   26.06696  -96.92406   -0.00153    0.00031          2  0.000e+00
      21026    876.042     14.508     14.603    29.0633    29.0643   5.819469   5.819750     3.1600     2.6813      18.90   26.06696  -96.92406   -0.00152    0.00029          2  0.000e+00
      21027    876.083     14.508     14.603    29.0635    29.0645   5.819461   5.819734     3.1600     2.6813      18.90   26.06696  -96.92406   -0.00152    0.00027          2  0.000e+00
      21028    876.125     14.508     14.603    29.0637    29.0645   5.819493   5.819702     3.1600     2.6813      18.90   26.06696  -96.92406   -0.00151    0.00025          2  0.000e+00
      21029    876.167     14.460     14.556    29.0637    29.0643   5.819469   5.819718     3.1612     2.6813      18.90   26.06696  -96.92406   -0.00148    0.00024          2  0.000e+00
      21030    876.208     14.508     14.603    29.0635    29.0645   5.819461   5.819694     3.1612     2.6813      18.90   26.06696  -96.92406   -0.00145    0.00022          2  0.000e+00
      21031    876.250     14.508     14.603    29.0635    29.0643   5.819461   5.819710     3.1612     2.6813      18.93   26.06696  -96.92406   -0.00142    0.00020          2  0.000e+00
      21032    876.292     14.508     14.603    29.0637    29.0643   5.819461   5.819694     3.1612     2.6813      18.97   26.06696  -96.92406   -0.00139    0.00018          2  0.000e+00
      21033    876.333     14.460     14.556    29.0633    29.0645   5.819461   5.819710     3.1612     2.6813      19.00   26.06696  -96.92406   -0.00136    0.00016          2  0.000e+00
      21034    876.375     14.508     14.603    29.0637    29.0643   5.819461   5.819702     3.1612     2.6813      19.00   26.06696  -96.92406   -0.00133    0.00014          2  0.000e+00
      21035    876.417     14.508     14.603    29.0635    29.0645   5.819461   5.819718     3.1612     2.6813      19.00   26.06696  -96.92406   -0.00130    0.00012          2  0.000e+00
      21036    876.458     14.460     14.556    29.0637    29.0643   5.819390   5.819726     3.1612     2.6813      19.00   26.06696  -96.92406   -0.00126    0.00009          2  0.000e+00
