GOMECC/GOMECC-4/1db/rb2103_1261.ros
* Sea-Bird SBE 9 Data File:
* FileName = C:\Users\scs.user.rb\CTD\GOMECC4\data\rb2103_1261.hex
* Software Version Seasave V 7.26.7.107
* Temperature SN = 4799
* Conductivity SN = 3860
* Number of Bytes Per Scan = 41
* Number of Voltage Words = 4
* Number of Scans Averaged by the Deck Unit = 1
* NMEA Latitude = 26 37.81 N
* NMEA Longitude = 082 33.26 W
* NMEA UTC (Time) = Oct 19 2021  03:53:17
* NMEA baud rate = 4800
# nquan = 17
# nvalues = 266                                   
# units = specified
# name 0 = scan: Scan Count
# name 1 = timeS: Time, Elapsed [seconds]
# name 2 = depSM: Depth [salt water, m]
# name 3 = prDM: Pressure, Digiquartz [db]
# name 4 = t090C: Temperature [ITS-90, deg C]
# name 5 = t190C: Temperature, 2 [ITS-90, deg C]
# name 6 = c0S/m: Conductivity [S/m]
# name 7 = c1S/m: Conductivity, 2 [S/m]
# name 8 = sbeox0V: Oxygen raw, SBE 43 [V]
# name 9 = sbeox1V: Oxygen raw, SBE 43, 2 [V]
# name 10 = altM: Altimeter [m]
# name 11 = latitude: Latitude [deg]
# name 12 = longitude: Longitude [deg]
# name 13 = sbox0dV/dT: Oxygen, SBE 43 [dov/dt]
# name 14 = sbox1dV/dT: Oxygen, SBE 43, 2 [dov/dt]
# name 15 = nbf: Bottles Fired
# name 16 = flag:  0.000e+00
# interval = seconds: 0.0416667
# start_time = Oct 19 2021 03:53:17 [NMEA time, header]
# bad_flag = -9.990e-29
*END*
[from data line 86]
      19674    819.708     17.588     17.705    28.7060    28.6608   5.759110   5.748098     3.1477     2.6557       3.81   26.63080  -82.55826    0.00549   -0.00073          1  0.000e+00
      19675    819.750     17.588     17.705    28.7038    28.6599   5.756766   5.747819     3.1477     2.6545       3.81   26.63080  -82.55826    0.00547   -0.00083          1  0.000e+00
      19676    819.792     17.588     17.705    28.6922    28.6605   5.755043   5.747643     3.1477     2.6545       3.81   26.63080  -82.55826    0.00544   -0.00094          1  0.000e+00
      19677    819.833     17.582     17.698    28.6794    28.6582   5.753927   5.747149     3.1477     2.6532       3.81   26.63080  -82.55826    0.00542   -0.00103          1  0.000e+00
      19678    819.875     17.588     17.705    28.6781    28.6560   5.752944   5.746512     3.1477     2.6532       3.81   26.63080  -82.55826    0.00538   -0.00108          1  0.000e+00
      19679    819.917     17.588     17.705    28.6752    28.6545   5.751929   5.746018     3.1477     2.6532       3.81   26.63080  -82.55826    0.00535   -0.00116          1  0.000e+00
      19680    819.958     17.588     17.705    28.6726    28.6529   5.751198   5.745588     3.1465     2.6520       3.81   26.63080  -82.55826    0.00527   -0.00126          1  0.000e+00
      19681    820.000     17.582     17.698    28.6693    28.6518   5.750876   5.745214     3.1465     2.6520       3.81   26.63080  -82.55826    0.00519   -0.00135          1  0.000e+00
      19682    820.042     17.588     17.705    28.6715    28.6494   5.750459   5.744831     3.1465     2.6520       3.81   26.63080  -82.55826    0.00509   -0.00144          1  0.000e+00
      19683    820.083     17.541     17.657    28.6752    28.6488   5.749555   5.744624     3.1453     2.6520       3.79   26.63080  -82.55826    0.00496   -0.00152          1  0.000e+00
      19684    820.125     17.588     17.705    28.6763    28.6505   5.748234   5.744608     3.1453     2.6508       3.79   26.63080  -82.55826    0.00484   -0.00160          1  0.000e+00
      19685    820.167     17.541     17.657    28.6757    28.6514   5.747354   5.744879     3.1441     2.6508       3.81   26.63080  -82.55826    0.00469   -0.00166          1  0.000e+00
      19686    820.208     17.629     17.746    28.6673    28.6514   5.746788   5.745038     3.1441     2.6508       3.79   26.63080  -82.55826    0.00453   -0.00175          1  0.000e+00
      19687    820.250     17.439     17.555    28.6587    28.6505   5.746662   5.745182     3.1441     2.6508       3.81   26.63080  -82.55826    0.00437   -0.00184          1  0.000e+00
      19688    820.292     17.683     17.800    28.6523    28.6501   5.746906   5.745278     3.1429     2.6496       3.81   26.63080  -82.55826    0.00419   -0.00193          1  0.000e+00
      19689    820.333     17.541     17.657    28.6537    28.6507   5.747063   5.745190     3.1416     2.6496       3.81   26.63080  -82.55826    0.00401   -0.00203          1  0.000e+00
      19690    820.375     17.534     17.651    28.6602    28.6501   5.747016   5.744887     3.1416     2.6496       3.79   26.63080  -82.55826    0.00381   -0.00213          1  0.000e+00
      19691    820.417     17.588     17.705    28.6618    28.6494   5.746348   5.744608     3.1404     2.6484       3.81   26.63080  -82.55826    0.00359   -0.00224          1  0.000e+00
      19692    820.458     17.541     17.657    28.6572    28.6497   5.745138   5.744361     3.1392     2.6484       3.79   26.63080  -82.55826    0.00336   -0.00235          1  0.000e+00
      19693    820.500     17.541     17.657    28.6537    28.6505   5.743896   5.744114     3.1380     2.6484       3.79   26.63080  -82.55826    0.00312   -0.00250          1  0.000e+00
      19694    820.542     17.582     17.698    28.6491    28.6510   5.742945   5.743995     3.1380     2.6484       3.81   26.63080  -82.55826    0.00287   -0.00260          1  0.000e+00
      19695    820.583     17.541     17.657    28.6477    28.6507   5.742136   5.743979     3.1355     2.6471       3.79   26.63080  -82.55826    0.00258   -0.00274          1  0.000e+00
      19696    820.625     17.541     17.657    28.6473    28.6503   5.741720   5.743820     3.1355     2.6471       3.81   26.63080  -82.55826    0.00230   -0.00287          1  0.000e+00
      19697    820.667     17.541     17.657    28.6500    28.6490   5.741484   5.743708     3.1343     2.6471       3.79   26.63080  -82.55826    0.00200   -0.00300          1  0.000e+00
      19698    820.708     17.541     17.657    28.6603    28.6466   5.741381   5.743653     3.1331     2.6471       3.81   26.63080  -82.55826    0.00168   -0.00314          1  0.000e+00
      19699    820.750     17.534     17.651    28.6600    28.6455   5.741004   5.743605     3.1319     2.6471       3.79   26.63080  -82.55826    0.00135   -0.00328          1  0.000e+00
      19700    820.792     17.541     17.657    28.6515    28.6466   5.740415   5.743509     3.1306     2.6471       3.81   26.63080  -82.55826    0.00102   -0.00341          1  0.000e+00
      19701    820.833     17.588     17.705    28.6446    28.6473   5.739920   5.743358     3.1294     2.6471       3.81   26.63080  -82.55826    0.00066   -0.00354          1  0.000e+00
      19702    820.875     17.487     17.603    28.6395    28.6463   5.739504   5.743175     3.1294     2.6471       3.79   26.63080  -82.55826    0.00032   -0.00366          1  0.000e+00
      19703    820.917     17.534     17.651    28.6372    28.6453   5.739213   5.742968     3.1282     2.6471       3.79   26.63080  -82.55826   -0.00003   -0.00378          1  0.000e+00
      19704    820.958     17.541     17.657    28.6354    28.6486   5.738891   5.742649     3.1270     2.6484       3.81   26.63080  -82.55826   -0.00038   -0.00388          1  0.000e+00
      19705    821.000     17.541     17.657    28.6334    28.6492   5.738656   5.742346     3.1270     2.6484       3.81   26.63080  -82.55826   -0.00074   -0.00399          1  0.000e+00
      19706    821.042     17.541     17.657    28.6329    28.6464   5.738585   5.742028     3.1258     2.6484       3.79   26.63080  -82.55826   -0.00111   -0.00408          1  0.000e+00
      19707    821.083     17.534     17.651    28.6325    28.6448   5.738577   5.741797     3.1258     2.6484       3.81   26.63080  -82.55826   -0.00147   -0.00417          1  0.000e+00
      19708    821.125     17.487     17.603    28.6314    28.6444   5.738884   5.741725     3.1233     2.6484       3.81   26.63080  -82.55826   -0.00186   -0.00425          1  0.000e+00
      19709    821.167     17.541     17.658    28.6323    28.6444   5.739638   5.741645     3.1233     2.6484       3.79   26.63080  -82.55826   -0.00223   -0.00433          1  0.000e+00
      19710    821.208     17.541     17.658    28.6330    28.6438   5.740636   5.741582     3.1233     2.6484       3.81   26.63080  -82.55826   -0.00260   -0.00441          1  0.000e+00
      19711    821.250     17.541     17.658    28.6334    28.6414   5.741539   5.741630     3.1233     2.6484       3.83   26.63080  -82.55826   -0.00296   -0.00448          1  0.000e+00
      19712    821.292     17.534     17.651    28.6335    28.6384   5.742639   5.741590     3.1221     2.6496       3.81   26.63080  -82.55826   -0.00332   -0.00453          1  0.000e+00
      19713    821.333     17.541     17.658    28.6334    28.6365   5.743716   5.741351     3.1221     2.6484       3.81   26.63080  -82.55826   -0.00365   -0.00460          1  0.000e+00
      19714    821.375     17.487     17.603    28.6356    28.6351   5.744352   5.741383     3.1221     2.6496       3.81   26.63080  -82.55826   -0.00400   -0.00464          1  0.000e+00
      19715    821.417     17.541     17.658    28.6400    28.6364   5.744769   5.741781     3.1221     2.6496       3.81   26.63080  -82.55826   -0.00433   -0.00468          1  0.000e+00
      19716    821.458     17.534     17.651    28.6460    28.6368   5.745358   5.742506     3.1221     2.6496       3.81   26.63080  -82.55826   -0.00465   -0.00471          1  0.000e+00
      19717    821.500     17.541     17.658    28.6525    28.6395   5.746270   5.742984     3.1233     2.6496       3.81   26.63080  -82.55826   -0.00495   -0.00476          1  0.000e+00
      19718    821.542     17.541     17.658    28.6622    28.6425   5.747260   5.743175     3.1233     2.6496       3.83   26.63080  -82.55826   -0.00523   -0.00481          1  0.000e+00
      19719    821.583     17.541     17.658    28.6644    28.6418   5.748179   5.743254     3.1233     2.6496       3.81   26.63080  -82.55826   -0.00550   -0.00484          1  0.000e+00
      19720    821.625     17.534     17.651    28.6589    28.6408   5.749044   5.743485     3.1233     2.6496       3.81   26.63080  -82.55826   -0.00575   -0.00488          1  0.000e+00
      21631    901.250      3.624      3.648    28.5508    28.5640   5.714743   5.716855     3.1868     2.6972      17.46   26.63074  -82.55826   -0.00041   -0.00020          2  0.000e+00
      21632    901.292      3.523      3.546    28.5510    28.5631   5.714783   5.716831     3.1868     2.6972      17.44   26.63074  -82.55826   -0.00040   -0.00031          2  0.000e+00
      21633    901.333      3.820      3.845    28.5509    28.5631   5.714759   5.716759     3.1868     2.6960      17.44   26.63074  -82.55826   -0.00036   -0.00042          2  0.000e+00
      21634    901.375      3.671      3.696    28.5512    28.5631   5.714751   5.716791     3.1868     2.6960      17.44   26.63074  -82.55826   -0.00035   -0.00052          2  0.000e+00
      21635    901.417      3.671      3.696    28.5514    28.5629   5.714751   5.716894     3.1868     2.6960      17.44   26.63074  -82.55826   -0.00032   -0.00062          2  0.000e+00
      21636    901.458      3.719      3.743    28.5519    28.5629   5.714751   5.716886     3.1868     2.6960      17.46   26.63074  -82.55826   -0.00030   -0.00071          2  0.000e+00
      21637    901.500      3.671      3.696    28.5518    28.5629   5.714837   5.716839     3.1868     2.6960      17.44   26.63074  -82.55826   -0.00029   -0.00078          2  0.000e+00
      21638    901.542      3.719      3.743    28.5523    28.5629   5.714885   5.716807     3.1868     2.6960      17.44   26.63074  -82.55826   -0.00027   -0.00085          2  0.000e+00
      21639    901.583      3.671      3.696    28.5522    28.5625   5.714822   5.716791     3.1868     2.6960      17.44   26.63074  -82.55826   -0.00026   -0.00091          2  0.000e+00
      21640    901.625      3.665      3.689    28.5523    28.5623   5.714728   5.716751     3.1880     2.6960      17.44   26.63074  -82.55826   -0.00022   -0.00096          2  0.000e+00
      21641    901.667      3.671      3.696    28.5519    28.5623   5.714704   5.716704     3.1868     2.6960      17.44   26.63074  -82.55826   -0.00021   -0.00100          2  0.000e+00
      21642    901.708      3.624      3.648    28.5518    28.5621   5.714704   5.716743     3.1868     2.6960      17.44   26.63074  -82.55826   -0.00019   -0.00104          2  0.000e+00
      21643    901.750      3.624      3.648    28.5514    28.5623   5.714704   5.716711     3.1880     2.6960      17.44   26.63074  -82.55826   -0.00016   -0.00107          2  0.000e+00
      21644    901.792      3.672      3.696    28.5519    28.5623   5.714736   5.716767     3.1880     2.6972      17.44   26.63074  -82.55826   -0.00012   -0.00107          2  0.000e+00
      21645    901.833      3.624      3.648    28.5521    28.5622   5.714798   5.716791     3.1880     2.6972      17.44   26.63074  -82.55826   -0.00010   -0.00106          2  0.000e+00
      21646    901.875      3.570      3.594    28.5527    28.5625   5.714908   5.716799     3.1880     2.6972      17.44   26.63074  -82.55826   -0.00007   -0.00106          2  0.000e+00
      21647    901.917      3.570      3.594    28.5531    28.5625   5.715010   5.716791     3.1868     2.6972      17.44   26.63074  -82.55826   -0.00007   -0.00105          2  0.000e+00
      21648    901.958      3.570      3.594    28.5534    28.5627   5.715033   5.716791     3.1868     2.6972      17.44   26.63074  -82.55826   -0.00007   -0.00103          2  0.000e+00
      21649    902.000      3.570      3.594    28.5535    28.5620   5.714963   5.716680     3.1880     2.6984      17.44   26.63074  -82.55826   -0.00006   -0.00099          2  0.000e+00
      21650    902.042      3.523      3.546    28.5532    28.5616   5.714939   5.716552     3.1868     2.6984      17.46   26.63074  -82.55826   -0.00006   -0.00094          2  0.000e+00
      21651    902.083      3.523      3.546    28.5528    28.5612   5.714939   5.716544     3.1880     2.6984      17.44   26.63074  -82.55826   -0.00004   -0.00090          2  0.000e+00
      21652    902.125      3.523      3.546    28.5528    28.5612   5.714955   5.716584     3.1868     2.6984      17.44   26.63074  -82.55826   -0.00003   -0.00085          2  0.000e+00
      21653    902.167      3.523      3.546    28.5536    28.5618   5.715190   5.716703     3.1868     2.6984      17.46   26.63074  -82.55826   -0.00003   -0.00082          2  0.000e+00
      21654    902.208      3.475      3.498    28.5554    28.5622   5.715614   5.716791     3.1880     2.6984      17.46   26.63074  -82.55826   -0.00001   -0.00077          2  0.000e+00
      21655    902.250      3.475      3.498    28.5577    28.5622   5.715974   5.716759     3.1868     2.6984      17.46   26.63074  -82.55826    0.00001   -0.00074          2  0.000e+00
      21656    902.292      3.421      3.444    28.5595    28.5620   5.716202   5.716672     3.1868     2.6984      17.46   26.63074  -82.55826    0.00000   -0.00071          2  0.000e+00
      21657    902.333      3.475      3.498    28.5612    28.5621   5.716460   5.716680     3.1880     2.6984      17.46   26.63074  -82.55826    0.00002   -0.00068          2  0.000e+00
      21658    902.375      3.421      3.444    28.5615    28.5620   5.716492   5.716703     3.1868     2.6984      17.46   26.63074  -82.55826    0.00002   -0.00064          2  0.000e+00
      21659    902.417      3.367      3.389    28.5613    28.5622   5.716374   5.716664     3.1868     2.6984      17.46   26.63074  -82.55826    0.00002   -0.00063          2  0.000e+00
      21660    902.458      3.421      3.444    28.5605    28.5618   5.716304   5.716648     3.1880     2.6984      17.46   26.63074  -82.55826    0.00003   -0.00061          2  0.000e+00
      21661    902.500      3.374      3.396    28.5600    28.5620   5.716225   5.716680     3.1868     2.6972      17.44   26.63074  -82.55826    0.00003   -0.00061          2  0.000e+00
      21662    902.542      3.374      3.396    28.5599    28.5623   5.716123   5.716743     3.1868     2.6984      17.46   26.63074  -82.55826    0.00003   -0.00061          2  0.000e+00
      21663    902.583      3.327      3.349    28.5596    28.5625   5.716139   5.716807     3.1880     2.6972      17.46   26.63074  -82.55826    0.00004   -0.00063          2  0.000e+00
      21664    902.625      3.327      3.349    28.5595    28.5625   5.716084   5.716831     3.1868     2.6972      17.46   26.63074  -82.55826    0.00004   -0.00065          2  0.000e+00
      21665    902.667      3.327      3.349    28.5598    28.5627   5.716131   5.716799     3.1880     2.6984      17.46   26.63074  -82.55826    0.00006   -0.00064          2  0.000e+00
      21666    902.708      3.327      3.349    28.5600    28.5629   5.716225   5.716902     3.1880     2.6984      17.46   26.63074  -82.55826    0.00009   -0.00064          2  0.000e+00
      21667    902.750      3.171      3.192    28.5603    28.5636   5.716319   5.716966     3.1868     2.6984      17.46   26.63074  -82.55826    0.00009   -0.00064          2  0.000e+00
