GOMECC/GOMECC-4/1db/rb2103_0951.ros
* Sea-Bird SBE 9 Data File:
* FileName = C:\Users\scs.user.rb\CTD\GOMECC4\data\rb2103_0951.hex
* Software Version Seasave V 7.26.7.107
* Temperature SN = 4799
* Conductivity SN = 3860
* Number of Bytes Per Scan = 41
* Number of Voltage Words = 4
* Number of Scans Averaged by the Deck Unit = 1
* NMEA Latitude = 22 16.31 N
* NMEA Longitude = 090 02.56 W
* NMEA UTC (Time) = Oct 11 2021  03:44:48
* NMEA baud rate = 4800
# nquan = 17
# nvalues = 798                                   
# units = specified
# name 0 = scan: Scan Count
# name 1 = timeS: Time, Elapsed [seconds]
# name 2 = depSM: Depth [salt water, m]
# name 3 = prDM: Pressure, Digiquartz [db]
# name 4 = t090C: Temperature [ITS-90, deg C]
# name 5 = t190C: Temperature, 2 [ITS-90, deg C]
# name 6 = c0S/m: Conductivity [S/m]
# name 7 = c1S/m: Conductivity, 2 [S/m]
# name 8 = sbeox0V: Oxygen raw, SBE 43 [V]
# name 9 = sbeox1V: Oxygen raw, SBE 43, 2 [V]
# name 10 = altM: Altimeter [m]
# name 11 = latitude: Latitude [deg]
# name 12 = longitude: Longitude [deg]
# name 13 = sbox0dV/dT: Oxygen, SBE 43 [dov/dt]
# name 14 = sbox1dV/dT: Oxygen, SBE 43, 2 [dov/dt]
# name 15 = nbf: Bottles Fired
# name 16 = flag:  0.000e+00
# interval = seconds: 0.0416667
# start_time = Oct 11 2021 03:44:48 [NMEA time, header]
# bad_flag = -9.990e-29
*END*
[from data line 171]
      18334    763.875     39.703     39.956    28.8684    28.8698   5.922156   5.922405     3.2332     2.7436      14.07   22.27334  -90.04264   -0.00003   -0.00074          2  0.000e+00
      18335    763.917     39.777     40.031    28.8682    28.8687   5.922172   5.922325     3.2332     2.7436      14.09   22.27334  -90.04264    0.00000   -0.00075          2  0.000e+00
      18336    763.958     39.805     40.059    28.8685    28.8675   5.922132   5.922260     3.2332     2.7436      14.07   22.27334  -90.04264    0.00002   -0.00076          2  0.000e+00
      18337    764.000     39.703     39.956    28.8684    28.8672   5.922124   5.922212     3.2332     2.7436      14.07   22.27334  -90.04264    0.00004   -0.00076          2  0.000e+00
      18338    764.042     39.750     40.004    28.8682    28.8666   5.922013   5.922131     3.2332     2.7436      14.07   22.27334  -90.04264    0.00003   -0.00077          2  0.000e+00
      18339    764.083     39.750     40.004    28.8684    28.8670   5.921981   5.922058     3.2332     2.7448      14.09   22.27334  -90.04264    0.00003   -0.00076          2  0.000e+00
      18340    764.125     39.723     39.977    28.8684    28.8663   5.921981   5.922018     3.2332     2.7448      14.07   22.27334  -90.04264    0.00005   -0.00077          2  0.000e+00
      18341    764.167     39.750     40.004    28.8687    28.8657   5.922053   5.921970     3.2332     2.7448      14.07   22.27334  -90.04264    0.00006   -0.00075          2  0.000e+00
      18342    764.208     39.703     39.956    28.8686    28.8655   5.922077   5.922034     3.2332     2.7448      14.07   22.27334  -90.04264    0.00008   -0.00076          2  0.000e+00
      18343    764.250     39.750     40.004    28.8688    28.8662   5.922077   5.922091     3.2332     2.7448      14.07   22.27334  -90.04264    0.00009   -0.00076          2  0.000e+00
      18344    764.292     39.750     40.004    28.8682    28.8662   5.922077   5.922107     3.2344     2.7448      14.07   22.27334  -90.04264    0.00010   -0.00077          2  0.000e+00
      18345    764.333     39.723     39.977    28.8683    28.8667   5.922037   5.922139     3.2332     2.7448      14.09   22.27334  -90.04264    0.00012   -0.00077          2  0.000e+00
      18346    764.375     39.703     39.956    28.8682    28.8668   5.922029   5.922155     3.2332     2.7460      14.11   22.27334  -90.04264    0.00013   -0.00076          2  0.000e+00
      18347    764.417     39.750     40.004    28.8680    28.8670   5.922029   5.922155     3.2332     2.7448      14.11   22.27334  -90.04264    0.00014   -0.00076          2  0.000e+00
      18348    764.458     39.703     39.956    28.8684    28.8672   5.921989   5.922187     3.2344     2.7448      14.11   22.27334  -90.04264    0.00017   -0.00076          2  0.000e+00
      18349    764.500     39.750     40.004    28.8684    28.8668   5.922013   5.922236     3.2344     2.7448      14.11   22.27334  -90.04264    0.00020   -0.00078          2  0.000e+00
      18350    764.542     39.676     39.929    28.8676    28.8668   5.921989   5.922252     3.2344     2.7460      14.11   22.27334  -90.04264    0.00022   -0.00079          2  0.000e+00
      18351    764.583     39.750     40.004    28.8675    28.8669   5.922013   5.922179     3.2344     2.7448      14.11   22.27334  -90.04264    0.00025   -0.00079          2  0.000e+00
      18352    764.625     39.703     39.956    28.8680    28.8660   5.922029   5.922179     3.2344     2.7448      14.14   22.27334  -90.04264    0.00028   -0.00079          2  0.000e+00
      18353    764.667     39.703     39.956    28.8682    28.8659   5.922100   5.922163     3.2344     2.7448      14.11   22.27334  -90.04264    0.00030   -0.00081          2  0.000e+00
      18354    764.708     39.703     39.956    28.8687    28.8659   5.922156   5.922115     3.2344     2.7460      14.11   22.27334  -90.04264    0.00033   -0.00080          2  0.000e+00
      18355    764.750     39.723     39.977    28.8690    28.8662   5.922132   5.922107     3.2344     2.7460      14.11   22.27334  -90.04264    0.00035   -0.00080          2  0.000e+00
      18356    764.792     39.703     39.956    28.8693    28.8661   5.922196   5.922034     3.2344     2.7460      14.11   22.27334  -90.04266    0.00037   -0.00080          2  0.000e+00
      18357    764.833     39.703     39.956    28.8686    28.8657   5.922220   5.922010     3.2344     2.7460      14.11   22.27334  -90.04266    0.00040   -0.00079          2  0.000e+00
      18358    764.875     39.703     39.956    28.8690    28.8655   5.922220   5.921937     3.2332     2.7448      14.11   22.27334  -90.04266    0.00040   -0.00079          2  0.000e+00
      18359    764.917     39.750     40.004    28.8683    28.8653   5.922180   5.921840     3.2344     2.7448      14.11   22.27334  -90.04266    0.00042   -0.00079          2  0.000e+00
      18360    764.958     39.676     39.929    28.8677    28.8646   5.922132   5.921816     3.2344     2.7460      14.11   22.27334  -90.04266    0.00044   -0.00078          2  0.000e+00
      18361    765.000     39.703     39.956    28.8688    28.8643   5.922124   5.921744     3.2332     2.7448      14.11   22.27334  -90.04266    0.00046   -0.00078          2  0.000e+00
      18362    765.042     39.703     39.956    28.8686    28.8631   5.922196   5.921719     3.2332     2.7448      14.11   22.27334  -90.04266    0.00047   -0.00076          2  0.000e+00
      18363    765.083     39.703     39.956    28.8690    28.8620   5.922180   5.921647     3.2344     2.7448      14.11   22.27334  -90.04266    0.00049   -0.00077          2  0.000e+00
      18364    765.125     39.703     39.956    28.8696    28.8609   5.922204   5.921647     3.2344     2.7448      14.11   22.27334  -90.04266    0.00050   -0.00075          2  0.000e+00
      18365    765.167     39.676     39.929    28.8697    28.8596   5.922220   5.921631     3.2344     2.7448      14.11   22.27334  -90.04266    0.00054   -0.00073          2  0.000e+00
      18366    765.208     39.703     39.956    28.8697    28.8590   5.922291   5.921582     3.2332     2.7436      14.11   22.27334  -90.04266    0.00056   -0.00073          2  0.000e+00
      18367    765.250     39.703     39.956    28.8699    28.8589   5.922315   5.921607     3.2332     2.7436      14.11   22.27334  -90.04266    0.00058   -0.00071          2  0.000e+00
      18368    765.292     39.703     39.956    28.8704    28.8583   5.922347   5.921623     3.2344     2.7436      14.11   22.27334  -90.04266    0.00061   -0.00069          2  0.000e+00
      18369    765.333     39.703     39.956    28.8702    28.8579   5.922363   5.921655     3.2344     2.7436      14.11   22.27334  -90.04266    0.00065   -0.00068          2  0.000e+00
      18370    765.375     39.676     39.929    28.8702    28.8581   5.922323   5.921558     3.2344     2.7436      14.14   22.27334  -90.04266    0.00068   -0.00068          2  0.000e+00
      18371    765.417     39.703     39.956    28.8702    28.8583   5.922347   5.921558     3.2344     2.7436      14.14   22.27334  -90.04266    0.00072   -0.00065          2  0.000e+00
      18372    765.458     39.703     39.956    28.8702    28.8590   5.922403   5.921534     3.2344     2.7436      14.14   22.27334  -90.04266    0.00075   -0.00063          2  0.000e+00
      18373    765.500     39.703     39.956    28.8702    28.8603   5.922371   5.921526     3.2344     2.7436      14.14   22.27334  -90.04266    0.00079   -0.00060          2  0.000e+00
      18374    765.542     39.703     39.956    28.8702    28.8611   5.922323   5.921558     3.2344     2.7436      14.14   22.27334  -90.04266    0.00082   -0.00057          2  0.000e+00
      18375    765.583     39.676     39.929    28.8700    28.8620   5.922347   5.921598     3.2344     2.7436      14.14   22.27334  -90.04266    0.00085   -0.00054          2  0.000e+00
      18376    765.625     39.703     39.956    28.8699    28.8629   5.922363   5.921615     3.2344     2.7436      14.14   22.27334  -90.04266    0.00089   -0.00051          2  0.000e+00
      18377    765.667     39.703     39.956    28.8700    28.8627   5.922403   5.921550     3.2344     2.7436      14.14   22.27334  -90.04266    0.00090   -0.00048          2  0.000e+00
      18378    765.708     39.703     39.956    28.8700    28.8624   5.922371   5.921526     3.2344     2.7436      14.14   22.27334  -90.04266    0.00091   -0.00044          2  0.000e+00
      18379    765.750     39.703     39.956    28.8699    28.8618   5.922403   5.921558     3.2344     2.7436      14.14   22.27334  -90.04266    0.00093   -0.00041          2  0.000e+00
      18380    765.792     39.723     39.977    28.8699    28.8621   5.922371   5.921574     3.2344     2.7436      14.14   22.27334  -90.04266    0.00094   -0.00039          2  0.000e+00
      18381    765.833     39.703     39.956    28.8697    28.8636   5.922323   5.921679     3.2344     2.7436      14.14   22.27334  -90.04266    0.00095   -0.00037          2  0.000e+00
      18382    765.875     39.703     39.956    28.8695    28.8649   5.922347   5.921719     3.2344     2.7448      14.14   22.27334  -90.04266    0.00096   -0.00033          2  0.000e+00
      18383    765.917     39.703     39.956    28.8695    28.8662   5.922323   5.921752     3.2344     2.7448      14.11   22.27334  -90.04266    0.00096   -0.00031          2  0.000e+00
      18384    765.958     39.703     39.956    28.8695    28.8664   5.922276   5.921727     3.2344     2.7448      14.14   22.27334  -90.04266    0.00095   -0.00028          2  0.000e+00
      18385    766.000     39.676     39.929    28.8695    28.8648   5.922299   5.921752     3.2344     2.7448      14.14   22.27334  -90.04266    0.00096   -0.00026          2  0.000e+00
      18386    766.042     39.750     40.004    28.8693    28.8635   5.922347   5.921728     3.2344     2.7448      14.14   22.27334  -90.04266    0.00096   -0.00024          2  0.000e+00
      18387    766.083     39.703     39.956    28.8693    28.8620   5.922363   5.921671     3.2344     2.7460      14.16   22.27334  -90.04266    0.00095   -0.00020          2  0.000e+00
      18388    766.125     39.703     39.956    28.8690    28.8624   5.922323   5.921703     3.2344     2.7460      14.14   22.27334  -90.04266    0.00096   -0.00017          2  0.000e+00
      18389    766.167     39.703     39.956    28.8691    28.8620   5.922347   5.921824     3.2344     2.7460      14.14   22.27334  -90.04266    0.00095   -0.00015          2  0.000e+00
      18390    766.208     39.723     39.977    28.8693    28.8627   5.922363   5.921970     3.2344     2.7460      14.14   22.27334  -90.04266    0.00093   -0.00013          2  0.000e+00
      18391    766.250     39.750     40.004    28.8693    28.8648   5.922363   5.922083     3.2344     2.7460      14.14   22.27334  -90.04266    0.00092   -0.00011          2  0.000e+00
      18392    766.292     39.703     39.956    28.8696    28.8659   5.922403   5.922212     3.2344     2.7460      14.14   22.27334  -90.04266    0.00092   -0.00008          2  0.000e+00
      18393    766.333     39.703     39.956    28.8699    28.8659   5.922451   5.922179     3.2344     2.7460      14.14   22.27334  -90.04266    0.00092   -0.00006          2  0.000e+00
      18394    766.375     39.750     40.004    28.8695    28.8664   5.922467   5.922155     3.2344     2.7460      14.14   22.27334  -90.04266    0.00092   -0.00004          2  0.000e+00
      18395    766.417     39.676     39.929    28.8699    28.8683   5.922467   5.922010     3.2332     2.7460      14.14   22.27334  -90.04266    0.00091   -0.00002          2  0.000e+00
      18396    766.458     39.750     40.004    28.8706    28.8695   5.922498   5.921961     3.2332     2.7460      14.11   22.27334  -90.04266    0.00089   -0.00000          2  0.000e+00
      18397    766.500     39.750     40.004    28.8707    28.8700   5.922514   5.921961     3.2332     2.7448      14.11   22.27334  -90.04266    0.00087 5.2753e-07          2  0.000e+00
      18398    766.542     39.703     39.956    28.8712    28.8685   5.922586   5.921994     3.2332     2.7448      14.14   22.27334  -90.04266    0.00085    0.00000          2  0.000e+00
      18399    766.583     39.750     40.004    28.8708    28.8666   5.922538   5.922002     3.2332     2.7448      14.14   22.27334  -90.04266    0.00083    0.00001          2  0.000e+00
      18400    766.625     39.723     39.977    28.8710    28.8670   5.922546   5.921970     3.2332     2.7448      14.14   22.27334  -90.04266    0.00081    0.00001          2  0.000e+00
      18401    766.667     39.750     40.004    28.8709    28.8669   5.922594   5.921994     3.2320     2.7448      14.14   22.27334  -90.04266    0.00078    0.00001          2  0.000e+00
      18402    766.708     39.703     39.956    28.8712    28.8666   5.922498   5.922042     3.2320     2.7448      14.14   22.27334  -90.04266    0.00074    0.00001          2  0.000e+00
      18403    766.750     39.750     40.004    28.8712    28.8664   5.922538   5.922058     3.2320     2.7448      14.11   22.27334  -90.04266    0.00070    0.00002          2  0.000e+00
      18404    766.792     39.750     40.004    28.8710    28.8662   5.922522   5.922091     3.2308     2.7448      14.14   22.27336  -90.04266    0.00065    0.00004          2  0.000e+00
      18405    766.833     39.723     39.976    28.8710    28.8659   5.922514   5.922066     3.2308     2.7448      14.14   22.27336  -90.04266    0.00058    0.00006          2  0.000e+00
      18406    766.875     39.750     40.004    28.8707    28.8661   5.922514   5.922091     3.2308     2.7436      14.11   22.27336  -90.04266    0.00051    0.00006          2  0.000e+00
      18407    766.917     39.703     39.956    28.8708    28.8660   5.922546   5.922066     3.2308     2.7436      14.14   22.27336  -90.04266    0.00043    0.00006          2  0.000e+00
      18408    766.958     39.804     40.058    28.8708    28.8660   5.922562   5.922018     3.2295     2.7436      14.14   22.27336  -90.04266    0.00034    0.00007          2  0.000e+00
      18409    767.000     39.750     40.004    28.8710    28.8655   5.922522   5.921970     3.2295     2.7436      14.14   22.27336  -90.04266    0.00027    0.00007          2  0.000e+00
      18410    767.042     39.723     39.976    28.8710    28.8651   5.922514   5.921962     3.2295     2.7436      14.14   22.27336  -90.04266    0.00020    0.00008          2  0.000e+00
      18411    767.083     39.750     40.004    28.8709    28.8649   5.922586   5.921962     3.2295     2.7436      14.14   22.27336  -90.04266    0.00012    0.00009          2  0.000e+00
      18412    767.125     39.750     40.004    28.8712    28.8647   5.922610   5.921953     3.2295     2.7436      14.14   22.27336  -90.04266    0.00005    0.00010          2  0.000e+00
      18413    767.167     39.750     40.004    28.8710    28.8642   5.922610   5.921921     3.2295     2.7436      14.14   22.27336  -90.04266   -0.00004    0.00009          2  0.000e+00
      18414    767.208     39.804     40.058    28.8712    28.8635   5.922610   5.921945     3.2283     2.7448      14.14   22.27336  -90.04266   -0.00014    0.00009          2  0.000e+00
      18415    767.250     39.723     39.976    28.8712    28.8633   5.922610   5.921921     3.2283     2.7448      14.14   22.27336  -90.04266   -0.00025    0.00010          2  0.000e+00
      18416    767.292     39.750     40.004    28.8715    28.8640   5.922570   5.921945     3.2283     2.7448      14.14   22.27336  -90.04266   -0.00035    0.00011          2  0.000e+00
      18417    767.333     39.804     40.058    28.8717    28.8643   5.922594   5.921962     3.2283     2.7460      14.14   22.27336  -90.04266   -0.00045    0.00014          2  0.000e+00
