GOMECC/GOMECC-4/1db/rb2103_0871.cnv
* Sea-Bird SBE 9 Data File:
* FileName = C:\Users\scs.user.rb\CTD\GOMECC4\data\rb2103_0871.hex
* Software Version Seasave V 7.26.7.107
* Temperature SN = 4799
* Conductivity SN = 3860
* Number of Bytes Per Scan = 41
* Number of Voltage Words = 4
* Number of Scans Averaged by the Deck Unit = 1
* NMEA Latitude = 19 36.52 N
* NMEA Longitude = 093 30.02 W
* NMEA UTC (Time) = Oct 08 2021  13:21:27
* NMEA baud rate = 4800
# nquan = 28
# nvalues = 558                         
# units = specified
# name 0 = scan: Scan Count
# name 1 = timeS: Time, Elapsed [seconds]
# name 2 = depSM: Depth [salt water, m]
# name 3 = prDM: Pressure, Digiquartz [db]
# name 4 = t090C: Temperature [ITS-90, deg C]
# name 5 = t190C: Temperature, 2 [ITS-90, deg C]
# name 6 = c0S/m: Conductivity [S/m]
# name 7 = c1S/m: Conductivity, 2 [S/m]
# name 8 = sbeox0V: Oxygen raw, SBE 43 [V]
# name 9 = sbeox1V: Oxygen raw, SBE 43, 2 [V]
# name 10 = altM: Altimeter [m]
# name 11 = latitude: Latitude [deg]
# name 12 = longitude: Longitude [deg]
# name 13 = sbox0dV/dT: Oxygen, SBE 43 [dov/dt]
# name 14 = sbox1dV/dT: Oxygen, SBE 43, 2 [dov/dt]
# name 15 = sbeox0ML/L: Oxygen, SBE 43 [ml/l], WS = 5
# name 16 = sbeox1ML/L: Oxygen, SBE 43, 2 [ml/l], WS = 5
# name 17 = potemp090C: Potential Temperature [ITS-90, deg C]
# name 18 = potemp190C: Potential Temperature, 2 [ITS-90, deg C]
# name 19 = sal00: Salinity, Practical [PSU]
# name 20 = sal11: Salinity, Practical, 2 [PSU]
# name 21 = sigma-é00: Density [sigma-theta, kg/m^3]
# name 22 = sigma-é11: Density, 2 [sigma-theta, kg/m^3]
# name 23 = avgsvCM: Average Sound Velocity [Chen-Millero, m/s], minP = 20, minS = 20
# name 24 = sbox0Mm/Kg: Oxygen, SBE 43 [umol/kg], WS = 5
# name 25 = sbox1Mm/Kg: Oxygen, SBE 43, 2 [umol/kg], WS = 5
# name 26 = nbin: number of scans per bin
# name 27 = flag: flag
# span 0 =      11571,     289965       
# span 1 =    482.066,  12080.850       
# span 2 =      0.994,   1069.657       
# span 3 =      1.000,   1079.000       
# span 4 =     5.7479,   733.3795       
# span 5 =     5.7482,   733.3628       
# span 6 =   3.448979, 143.711076       
# span 7 =   3.449236, 143.702677       
# span 8 =     1.5673,    77.4810       
# span 9 =     1.2714,    65.4473       
# span 10 =      10.22,    2494.23      
# span 11 =   19.22188,  489.09019      
# span 12 =-2332.12115,  -91.65536      
# span 13 =   -0.04472,    0.02501      
# span 14 =   -0.04320,    0.01656      
# span 15 =     2.3797,   107.0731      
# span 16 =     2.3936,   106.5382      
# span 17 =     5.6509,   733.3536      
# span 18 =     5.6512,   733.3369      
# span 19 =    34.2446,   871.2106      
# span 20 =    34.2458,   871.1649      
# span 21 =    21.4479,   545.6343      
# span 22 =    21.4484,   545.6059      
# span 23 =       0.00,    1545.39      
# span 24 =    103.478,   4679.510      
# span 25 =    104.082,   4656.149      
# span 26 =         30,         74      
# span 27 = 0.0000e+00, 0.0000e+00      
# interval = decibars: 1                
# start_time = Oct 08 2021 13:21:27 [NMEA time, header]
# bad_flag = -9.990e-29
*END*
[from data line 156]
      19505    812.668    194.715    196.000    14.9055    14.9064   4.395283   4.395446     1.7522     1.4378     100.00   19.60886  -93.50060   -0.00052   -0.00052     2.4993     2.5180    14.8757    14.8766    35.9525    35.9532    26.7341    26.7344    1523.46    108.713    109.526         37 0.0000e+00
      19538    814.038    195.708    197.000    14.8780    14.8792   4.392101   4.392287     1.7520     1.4373      99.92   19.60886  -93.50060   -0.00031   -0.00028     2.5007     2.5185    14.8481    14.8493    35.9482    35.9488    26.7369    26.7371    1523.40    108.774    109.546         30 0.0000e+00
      19595    816.433    197.694    199.000    14.8498    14.8514   4.388671   4.388905     1.7508     1.4362      99.99   19.60776  -93.49535   -0.00035   -0.00031     2.5003     2.5179    14.8197    14.8212    35.9414    35.9421    26.7378    26.7380    1523.18    108.755    109.521         32 0.0000e+00
      19629    817.819    198.687    200.000    14.7739    14.7750   4.379974   4.380095     1.7499     1.4358      94.34   19.60886  -93.50060   -0.00047   -0.00043     2.5025     2.5214    14.7437    14.7448    35.9317    35.9318    26.7470    26.7469    1523.20    108.851    109.672         32 0.0000e+00
      19660    819.135    199.680    201.000    14.7267    14.7282   4.374462   4.374706     1.7485     1.4351      99.70   19.60886  -93.50060   -0.00077   -0.00048     2.5023     2.5223    14.6964    14.6979    35.9242    35.9250    26.7516    26.7519    1523.14    108.843    109.712         32 0.0000e+00
      19694    820.533    200.673    202.000    14.6890    14.6921   4.370131   4.370504     1.7487     1.4348     100.00   19.60886  -93.50060   -0.00070   -0.00037     2.5053     2.5243    14.6586    14.6617    35.9187    35.9193    26.7557    26.7555    1523.07    108.969    109.800         35 0.0000e+00
      19727    821.930    201.666    203.000    14.6379    14.6393   4.364252   4.364447     1.7485     1.4339     100.00   19.60886  -93.50060   -0.00017   -0.00046     2.5079     2.5246    14.6075    14.6088    35.9113    35.9119    26.7611    26.7612    1523.01    109.085    109.811         30 0.0000e+00
      19781    824.184    203.652    205.000    14.6105    14.6123   4.360735   4.360985     1.7475     1.4343      99.98   19.60580  -93.48602   -0.00018    0.00004     2.5079     2.5281    14.5797    14.5815    35.9020    35.9026    26.7596    26.7597    1522.64    109.084    109.961         32 0.0000e+00
      19820    825.791    204.644    206.000    14.5896    14.5913   4.358787   4.359022     1.7468     1.4328     100.00   19.60886  -93.50060   -0.00044   -0.00021     2.5076     2.5254    14.5587    14.5605    35.9044    35.9049    26.7664    26.7664    1522.82    109.072    109.843         38 0.0000e+00
      19908    829.441    207.623    209.000    14.4371    14.4383   4.340636   4.340829     1.7396     1.4262      99.99   19.60647  -93.48920   -0.00186   -0.00163     2.4997     2.5173    14.4060    14.4072    35.8754    35.8760    26.7768    26.7770    1522.44    108.725    109.490         33 0.0000e+00
      19945    831.000    208.616    210.000    14.4147    14.4169   4.338376   4.338676     1.7362     1.4226      97.94   19.60886  -93.50060   -0.00226   -0.00223     2.4929     2.5091    14.3835    14.3857    35.8759    35.8767    26.7823    26.7824    1522.56    108.429    109.131         35 0.0000e+00
      19978    832.355    209.609    211.000    14.3723    14.3749   4.333489   4.333810     1.7327     1.4188      86.07   19.60886  -93.50060   -0.00245   -0.00256     2.4871     2.5016    14.3410    14.3436    35.8694    35.8701    26.7865    26.7864    1522.50    108.176    108.808         32 0.0000e+00
      20009    833.666    210.602    212.000    14.3564    14.3564   4.331680   4.331717     1.7295     1.4160      39.45   19.60886  -93.50062   -0.00254   -0.00259     2.4805     2.4953    14.3250    14.3250    35.8670    35.8674    26.7881    26.7883    1522.43    107.888    108.531         32 0.0000e+00
      20041    834.997    211.595    213.000    14.3228    14.3273   4.327819   4.328356     1.7270     1.4147      87.35   19.60886  -93.50062   -0.00235   -0.00209     2.4764     2.4936    14.2913    14.2958    35.8619    35.8628    26.7913    26.7910    1522.37    107.711    108.461         30 0.0000e+00
      20096    837.287    213.581    215.000    14.2465    14.2477   4.318471   4.318657     1.7232     1.4114      99.98   19.60532  -93.48375   -0.00164   -0.00108     2.4724     2.4900    14.2148    14.2160    35.8434    35.8441    26.7931    26.7933    1521.96    107.537    108.300         32 0.0000e+00
      20137    838.986    214.574    216.000    14.2385    14.2390   4.318060   4.318129     1.7225     1.4101     100.00   19.60886  -93.50062   -0.00111   -0.00129     2.4713     2.4872    14.2067    14.2071    35.8483    35.8485    26.7989    26.7990    1522.18    107.488    108.180         41 0.0000e+00
      20220    842.458    217.552    219.000    14.0874    14.0894   4.300296   4.300552     1.7181     1.4067      99.98   19.60448  -93.47975   -0.00110   -0.00077     2.4706     2.4877    14.0553    14.0573    35.8215    35.8220    26.8103    26.8103    1521.65    107.456    108.200         34 0.0000e+00
      20263    844.266    218.545    220.000    14.0640    14.0654   4.297931   4.298127     1.7170     1.4054     100.00   19.60886  -93.50062   -0.00109   -0.00103     2.4688     2.4855    14.0319    14.0332    35.8212    35.8218    26.8153    26.8154    1521.93    107.377    108.103         42 0.0000e+00
      20348    847.810    221.523    223.000    13.9457    13.9476   4.283722   4.283973     1.7129     1.4014      94.66   19.60494  -93.48193   -0.00100   -0.00097     2.4666     2.4822    13.9133    13.9152    35.7955    35.7961    26.8201    26.8201    1521.43    107.279    107.958         36 0.0000e+00
      20392    849.626    222.516    224.000    13.9059    13.9088   4.279682   4.280062     1.7110     1.3999      75.50   19.60886  -93.50062   -0.00115   -0.00101     2.4642     2.4805    13.8734    13.8763    35.7961    35.7970    26.8294    26.8295    1521.68    107.177    107.885         39 0.0000e+00
      20477    853.159    225.495    227.000    13.7942    13.7960   4.266433   4.266673     1.7074     1.3975      99.98   19.60486  -93.48154   -0.00082   -0.00058     2.4630     2.4813    13.7615    13.7632    35.7729    35.7735    26.8346    26.8347    1521.18    107.122    107.919         49 0.0000e+00
      20523    855.066    226.487    228.000    13.7744    13.7755   4.264709   4.264878     1.7060     1.3967      67.71   19.60886  -93.50062   -0.00101   -0.00028     2.4606     2.4804    13.7415    13.7427    35.7766    35.7771    26.8420    26.8422    1521.43    107.018    107.880         30 0.0000e+00
      20604    858.475    229.466    231.000    13.6070    13.6088   4.245328   4.245586     1.7025     1.3923      99.99   19.60781  -93.49560   -0.00101   -0.00119     2.4626     2.4785    13.5740    13.5758    35.7487    35.7495    26.8553    26.8556    1521.16    107.104    107.796         46 0.0000e+00
      20646    860.197    230.459    232.000    13.6019    13.6028   4.244911   4.245065     1.7019     1.3913      92.52   19.60886  -93.50062   -0.00103   -0.00122     2.4616     2.4764    13.5687    13.5697    35.7497    35.7503    26.8572    26.8575    1521.18    107.060    107.704         32 0.0000e+00
      20729    863.670    233.437    235.000    13.5806    13.5823   4.242202   4.242439     1.7004     1.3916      99.99   19.60609  -93.48740   -0.00032    0.00022     2.4603     2.4795    13.5471    13.5487    35.7420    35.7425    26.8556    26.8556    1520.78    107.002    107.838         37 0.0000e+00
      20769    865.323    234.430    236.000    13.5614    13.5647   4.240402   4.240815     1.6996     1.3905      84.03   19.60886  -93.50062   -0.00045   -0.00037     2.4595     2.4778    13.5277    13.5310    35.7433    35.7441    26.8608    26.8608    1520.94    106.968    107.764         35 0.0000e+00
      20884    870.118    238.401    240.000    13.4601    13.4618   4.228776   4.228980     1.6959     1.3875     100.00   19.60824  -93.49765   -0.00096   -0.00083     2.4572     2.4764    13.4260    13.4277    35.7263    35.7266    26.8687    26.8685    1520.65    106.867    107.703         30 0.0000e+00
      21187    882.752    249.321    251.000    13.2563    13.2580   4.206036   4.206296     1.6862     1.3777     100.00   19.60936  -93.50305   -0.00060   -0.00061     2.4479     2.4643    13.2211    13.2232    35.6975    35.6980    26.8886    26.8885    1520.10    106.460    107.174         30 0.0000e+00
      21293    887.182    253.292    255.000    13.1155    13.1175   4.189800   4.190053     1.6817     1.3739      99.99   19.60736  -93.49347   -0.00106   -0.00078     2.4460     2.4630    13.0799    13.0819    35.6728    35.6733    26.8980    26.8980    1519.71    106.375    107.115         33 0.0000e+00
      21404    891.776    257.263    259.000    13.0303    13.0323   4.180234   4.180466     1.6774     1.3699     100.00   19.60806  -93.49685   -0.00103   -0.00082     2.4413     2.4578    12.9943    12.9963    35.6601    35.6605    26.9056    26.9055    1519.55    106.170    106.889         32 0.0000e+00
      21437    893.162    258.255    260.000    13.0088    13.0099   4.177839   4.177988     1.6759     1.3680     100.00   19.60886  -93.50064   -0.00118   -0.00121     2.4389     2.4540    12.9727    12.9738    35.6574    35.6578    26.9080    26.9080    1519.55    106.068    106.725         31 0.0000e+00
      21542    897.542    262.226    264.000    12.8889    12.8897   4.164461   4.164579     1.6713     1.3650     100.00   19.60931  -93.50280   -0.00100   -0.00086     2.4353     2.4537    12.8524    12.8533    35.6408    35.6411    26.9194    26.9194    1519.37    105.910    106.709         30 0.0000e+00
      21937    914.010    278.108    280.000    12.6440    12.6452   4.137385   4.137570     1.6604     1.3552     100.01   19.61041  -93.50805   -0.00054   -0.00053     2.4264     2.4448    12.6058    12.6071    35.6048    35.6053    26.9407    26.9408    1518.61    105.520    106.322         30 0.0000e+00
      22218    925.707    289.026    291.000    12.4230    12.4241   4.112593   4.112704     1.6528     1.3483     100.00   19.60929  -93.50263   -0.00080   -0.00059     2.4231     2.4416    12.3838    12.3849    35.5698    35.5698    26.9573    26.9571    1517.97    105.374    106.179         30 0.0000e+00
      23264    969.291    328.723    331.000    11.3125    11.3140   3.989407   3.989589     1.6151     1.3141      99.99   19.60760  -93.49456   -0.00075   -0.00091     2.4012     2.4191    11.2705    11.2720    35.4025    35.4029    27.0393    27.0394    1515.90    104.416    105.191         30 0.0000e+00
      23399    974.932    333.684    336.000    11.2507    11.2515   3.983070   3.983155     1.6129     1.3125     100.00   19.60961  -93.50416   -0.00034   -0.00031     2.4005     2.4195    11.2082    11.2090    35.3973    35.3975    27.0470    27.0470    1515.82    104.381    105.210         32 0.0000e+00
      23788    991.118    348.568    351.000    10.8977    10.8989   3.944334   3.944451     1.6027     1.3034      95.62   19.60752  -93.49411   -0.00053   -0.00035     2.3987     2.4181    10.8542    10.8554    35.3429    35.3429    27.0690    27.0688    1514.97    104.304    105.145         30 0.0000e+00
      23820    992.454    349.560    352.000    10.8463    10.8481   3.939067   3.939128     1.6018     1.3019      68.48   19.60890  -93.50068   -0.00076   -0.00090     2.3993     2.4163    10.8028    10.8046    35.3383    35.3384    27.0748    27.0746    1515.03    104.330    105.067         30 0.0000e+00
      23952    997.946    354.521    357.000    10.7595    10.7598   3.929683   3.929709     1.5984     1.2996      68.84   19.60988  -93.50537   -0.00047   -0.00036     2.3970     2.4164    10.7157    10.7159    35.3271    35.3271    27.0818    27.0818    1514.88    104.225    105.073         32 0.0000e+00
      24213   1008.846    364.443    367.000    10.5075    10.5084   3.902318   3.902418     1.5933     1.2943     100.00   19.60873  -93.49990   -0.00039   -0.00034     2.4013     2.4185    10.4631    10.4639    35.2899    35.2901    27.0977    27.0977    1514.34    104.411    105.159         30 0.0000e+00
      24870   1036.195    389.246    392.000    10.1506    10.1518   3.864542   3.864684     1.5844     1.2867     100.00   19.60827  -93.49765   -0.00007   -0.00010     2.4060     2.4245    10.1040    10.1053    35.2410    35.2410    27.1222    27.1220    1513.21    104.613    105.421         30 0.0000e+00
      25000   1041.644    394.206    397.000    10.1013    10.1023   3.859448   3.859543     1.5832     1.2869     100.00   19.60888  -93.50054   -0.00027    0.00011     2.4072     2.4295    10.0543    10.0553    35.2350    35.2350    27.1262    27.1261    1513.04    104.667    105.637         36 0.0000e+00
      25132   1047.123    399.166    402.000    10.0287    10.0289   3.851844   3.851835     1.5824     1.2854     100.00   19.60925  -93.50238   -0.00014   -0.00035     2.4108     2.4307     9.9813     9.9815    35.2258    35.2256    27.1316    27.1314    1512.88    104.823    105.690         30 0.0000e+00
      25288   1053.638    405.118    408.000     9.9730     9.9735   3.845961   3.845995     1.5816     1.2842     100.00   19.60837  -93.49820   -0.00014   -0.00026     2.4140     2.4325     9.9251     9.9256    35.2169    35.2167    27.1342    27.1340    1512.57    104.963    105.765         33 0.0000e+00
      25422   1059.197    410.077    413.000     9.8990     9.9000   3.838331   3.838418     1.5809     1.2834     100.00   19.60946  -93.50339   -0.00009   -0.00015     2.4179     2.4361     9.8508     9.8517    35.2088    35.2088    27.1406    27.1405    1512.46    105.131    105.921         33 0.0000e+00
      25550   1064.534    415.037    418.000     9.7903     9.7914   3.826710   3.826811     1.5785     1.2820     100.00   19.60799  -93.49640   -0.00059   -0.00037     2.4196     2.4400     9.7418     9.7428    35.1928    35.1929    27.1466    27.1464    1512.15    105.202    106.088         33 0.0000e+00
      25682   1070.053    419.997    423.000     9.7511     9.7523   3.822754   3.822845     1.5772     1.2799     100.00   19.60835  -93.49812   -0.00018   -0.00025     2.4199     2.4372     9.7021     9.7033    35.1882    35.1882    27.1497    27.1495    1511.98    105.216    105.968         33 0.0000e+00
      25814   1075.562    424.956    428.000     9.6818     9.6825   3.815601   3.815659     1.5761     1.2793     100.00   19.60889  -93.50067   -0.00021   -0.00028     2.4226     2.4411     9.6324     9.6331    35.1801    35.1800    27.1551    27.1549    1511.83    105.333    106.138         30 0.0000e+00
      25947   1081.084    429.915    433.000     9.6346     9.6358   3.810967   3.811069     1.5752     1.2784     100.00   19.61006  -93.50620   -0.00005   -0.00037     2.4245     2.4428     9.5848     9.5860    35.1761    35.1764    27.1600    27.1601    1511.74    105.413    106.209         32 0.0000e+00
      26236   1093.130    440.825    444.000     9.4928     9.4936   3.796372   3.796445     1.5716     1.2760     100.00   19.60976  -93.50475   -0.00005    0.00035     2.4264     2.4473     9.4421     9.4429    35.1594    35.1593    27.1707    27.1706    1511.32    105.495    106.405         31 0.0000e+00
      26338   1097.362    444.792    448.000     9.4043     9.4052   3.786934   3.786990     1.5702     1.2745     100.00   19.60832  -93.49786   -0.00038   -0.00038     2.4292     2.4496     9.3535     9.3544    35.1461    35.1458    27.1749    27.1745    1511.06    105.617    106.505         32 0.0000e+00
