GOMECC/GOMECC-4/1db/rb2103_1071.cnv
* Sea-Bird SBE 9 Data File:
* FileName = C:\Users\scs.user.rb\CTD\GOMECC4\data\rb2103_1071.hex
* Software Version Seasave V 7.26.7.107
* Temperature SN = 4799
* Conductivity SN = 3860
* Number of Bytes Per Scan = 41
* Number of Voltage Words = 4
* Number of Scans Averaged by the Deck Unit = 1
* NMEA Latitude = 23 05.26 N
* NMEA Longitude = 086 16.38 W
* NMEA UTC (Time) = Oct 14 2021  17:43:34
* NMEA baud rate = 4800
# nquan = 28
# nvalues = 867                         
# units = specified
# name 0 = scan: Scan Count
# name 1 = timeS: Time, Elapsed [seconds]
# name 2 = depSM: Depth [salt water, m]
# name 3 = prDM: Pressure, Digiquartz [db]
# name 4 = t090C: Temperature [ITS-90, deg C]
# name 5 = t190C: Temperature, 2 [ITS-90, deg C]
# name 6 = c0S/m: Conductivity [S/m]
# name 7 = c1S/m: Conductivity, 2 [S/m]
# name 8 = sbeox0V: Oxygen raw, SBE 43 [V]
# name 9 = sbeox1V: Oxygen raw, SBE 43, 2 [V]
# name 10 = altM: Altimeter [m]
# name 11 = latitude: Latitude [deg]
# name 12 = longitude: Longitude [deg]
# name 13 = sbox0dV/dT: Oxygen, SBE 43 [dov/dt]
# name 14 = sbox1dV/dT: Oxygen, SBE 43, 2 [dov/dt]
# name 15 = sbeox0ML/L: Oxygen, SBE 43 [ml/l], WS = 5
# name 16 = sbeox1ML/L: Oxygen, SBE 43, 2 [ml/l], WS = 5
# name 17 = potemp090C: Potential Temperature [ITS-90, deg C]
# name 18 = potemp190C: Potential Temperature, 2 [ITS-90, deg C]
# name 19 = sal00: Salinity, Practical [PSU]
# name 20 = sal11: Salinity, Practical, 2 [PSU]
# name 21 = sigma-é00: Density [sigma-theta, kg/m^3]
# name 22 = sigma-é11: Density, 2 [sigma-theta, kg/m^3]
# name 23 = avgsvCM: Average Sound Velocity [Chen-Millero, m/s], minP = 20, minS = 20
# name 24 = sbox0Mm/Kg: Oxygen, SBE 43 [umol/kg], WS = 5
# name 25 = sbox1Mm/Kg: Oxygen, SBE 43, 2 [umol/kg], WS = 5
# name 26 = nbin: number of scans per bin
# name 27 = flag: flag
# span 0 =      10122,     138408       
# span 1 =    421.692,   5766.937       
# span 2 =      0.994,   1219.634       
# span 3 =      1.000,   1231.000       
# span 4 =     4.3653,    31.4619       
# span 5 =     4.3661,    30.8405       
# span 6 =   3.339715,   6.270927       
# span 7 =   3.339780,   6.239101       
# span 8 =     1.6128,     3.2695       
# span 9 =     1.3114,     2.7759       
# span 10 =      10.58,     105.59      
# span 11 =   22.71926,   23.80460      
# span 12 =  -88.94793,  -84.89302      
# span 13 =   -0.01238,    0.01099      
# span 14 =   -0.01137,    0.00975      
# span 15 =     2.6612,     4.5613      
# span 16 =     2.6718,     4.5826      
# span 17 =     4.2660,    31.4617      
# span 18 =     4.2665,    30.8403      
# span 19 =    34.8977,    37.4115      
# span 20 =    34.8972,    37.0147      
# span 21 =    22.3753,    27.7317      
# span 22 =    22.3799,    27.7309      
# span 23 =       0.00,    1554.42      
# span 24 =    115.708,    198.212      
# span 25 =    116.169,    199.136      
# span 26 =         30,         71      
# span 27 = 0.0000e+00, 0.0000e+00      
# interval = decibars: 1                
# start_time = Oct 14 2021 17:43:34 [NMEA time, header]
# bad_flag = -9.990e-29
*END*
[from data line 518]
      67546   2814.365    764.720    771.000     7.5362     7.5478   3.607115   3.608095     1.6227     1.3210      91.64   23.08778  -86.27302    0.00007   -0.00005     2.8236     2.8352     7.4580     7.4696    34.9418    34.9408    27.3080    27.3056    1507.66    122.751    123.253         37 0.0000e+00
      67867   2827.760    752.839    759.000     7.7798     7.7834   3.630917   3.631163     1.6217     1.3200     100.00   23.08838  -86.27522   -0.00002    0.00003     2.7980     2.8103     7.7015     7.7051    34.9609    34.9599    27.2876    27.2863    1507.70    121.639    122.175         30 0.0000e+00
      67897   2828.997    751.849    758.000     7.7892     7.7993   3.631766   3.632571     1.6213     1.3196     100.00   23.08779  -86.27302   -0.00007   -0.00003     2.7959     2.8075     7.7109     7.7224    34.9610    34.9596    27.2863    27.2836    1507.66    121.547    122.053         31 0.0000e+00
      68001   2833.352    747.889    754.000     7.8681     7.8686   3.639399   3.639412     1.6211     1.3199     100.00   23.08744  -86.27167    0.00005    0.00018     2.7879     2.8019     7.7898     7.7903    34.9662    34.9658    27.2787    27.2783    1507.64    121.199    121.812         30 0.0000e+00
      68111   2837.931    743.928    750.000     7.9146     7.9162   3.643414   3.643573     1.6201     1.3173     100.00   23.08775  -86.27283   -0.00025   -0.00066     2.7799     2.7883     7.8366     7.8381    34.9648    34.9649    27.2707    27.2705    1507.66    120.854    121.219         30 0.0000e+00
      68247   2843.576    738.978    745.000     7.9576     7.9615   3.646885   3.647184     1.6146     1.3133     100.00   23.08757  -86.27216   -0.00091   -0.00048     2.7581     2.7701     7.8798     7.8837    34.9616    34.9609    27.2617    27.2606    1507.64    119.909    120.429         30 0.0000e+00
      68355   2848.088    735.017    741.000     8.0110     8.0147   3.652011   3.652239     1.6128     1.3116     100.00   23.08834  -86.27505   -0.00043   -0.00033     2.7473     2.7591     7.9334     7.9370    34.9653    34.9641    27.2566    27.2552    1507.70    119.437    119.953         30 0.0000e+00
      68384   2849.273    734.027    740.000     8.0363     8.0542   3.654108   3.655975     1.6129     1.3114     100.00   23.08780  -86.27302   -0.00030   -0.00037     2.7455     2.7555     7.9562     7.9765    34.9645    34.9651    27.2526    27.2500    1507.66    119.359    119.795         30 0.0000e+00
      68994   2874.691    711.252    717.000     8.2738     8.2735   3.676589   3.676566     1.6141     1.3138     100.00   23.08816  -86.27436   -0.00010    0.00014     2.7241     2.7397     8.1974     8.1971    34.9777    34.9778    27.2265    27.2266    1507.68    118.435    119.113         30 0.0000e+00
      69023   2875.919    710.261    716.000     8.2764     8.2801   3.676786   3.677084     1.6142     1.3139     100.00   23.08780  -86.27303   -0.00002    0.00033     2.7238     2.7393     8.2001     8.2038    34.9777    34.9771    27.2261    27.2251    1507.66    118.420    119.093         30 0.0000e+00
      69181   2882.520    704.320    710.000     8.3830     8.3831   3.687482   3.687469     1.6154     1.3151     100.00   23.08779  -86.27300    0.00004    0.00003     2.7176     2.7341     8.3068     8.3069    34.9884    34.9881    27.2182    27.2179    1507.66    118.152    118.870         32 0.0000e+00
      69213   2883.836    703.329    709.000     8.3962     8.3987   3.688869   3.688874     1.6154     1.3150     100.00   23.08780  -86.27304   -0.00000    0.00001     2.7164     2.7323     8.3201     8.3225    34.9905    34.9881    27.2177    27.2155    1507.66    118.100    118.792         30 0.0000e+00
      69354   2889.689    699.368    705.000     8.4785     8.4723   3.697289   3.696834     1.6151     1.3136     100.00   23.08851  -86.27571   -0.00020   -0.00042     2.7081     2.7210     8.4023     8.3962    35.0013    35.0016    27.2136    27.2148    1507.71    117.739    118.299         32 0.0000e+00
      70110   2921.224    695.407    701.000     8.5605     8.5712   3.706800   3.707471     1.6148     1.3141     100.03   23.09368  -86.29507   -0.00008   -0.00001     2.6995     2.7143     8.4843     8.4949    35.0217    35.0230    27.2171    27.2165    1508.05    117.365    118.010         30 0.0000e+00
      71307   2971.083    694.416    700.000     8.6029     8.5968   3.710411   3.709990     1.6143     1.3137      98.23   23.08780  -86.27301   -0.00001   -0.00003     2.6952     2.7109     8.5267     8.5205    35.0202    35.0196    27.2090    27.2096    1507.66    117.178    117.861         42 0.0000e+00
      71567   2981.908    693.426    699.000     8.5986     8.5948   3.710086   3.709778     1.6146     1.3138      99.79   23.08780  -86.27302    0.00009    0.00002     2.6960     2.7108     8.5225     8.5187    35.0199    35.0198    27.2095    27.2100    1507.66    117.214    117.858         33 0.0000e+00
      71653   2985.485    692.436    698.000     8.5996     8.6000   3.710182   3.710254     1.6148     1.3138     100.00   23.08780  -86.27302    0.00004    0.00004     2.6961     2.7102     8.5236     8.5240    35.0201    35.0203    27.2095    27.2096    1507.66    117.220    117.830         43 0.0000e+00
      71707   2987.761    691.445    697.000     8.6086     8.6105   3.711154   3.711354     1.6150     1.3138     100.00   23.08780  -86.27302    0.00007    0.00001     2.6959     2.7091     8.5326     8.5345    35.0218    35.0220    27.2094    27.2092    1507.66    117.211    117.783         65 0.0000e+00
      71759   2989.898    690.455    696.000     8.6269     8.6267   3.713035   3.713075     1.6156     1.3141     100.00   23.08780  -86.27302    0.00018    0.00005     2.6959     2.7087     8.5510     8.5508    35.0240    35.0247    27.2083    27.2088    1507.66    117.209    117.766         34 0.0000e+00
      71844   2993.475    687.484    693.000     8.7958     8.8082   3.731343   3.732656     1.6184     1.3169      98.79   23.08889  -86.27710    0.00078    0.00081     2.6909     2.7040     8.7194     8.7317    35.0516    35.0533    27.2034    27.2028    1507.73    116.995    117.562         33 0.0000e+00
      71879   2994.901    686.493    692.000     8.8187     8.8195   3.733742   3.733821     1.6190     1.3171      99.36   23.08780  -86.27301    0.00080    0.00059     2.6911     2.7037     8.7422     8.7430    35.0547    35.0547    27.2022    27.2021    1507.66    117.003    117.548         39 0.0000e+00
      72009   3000.328    681.541    687.000     8.9587     8.9652   3.748740   3.749308     1.6215     1.3187     100.00   23.08792  -86.27345    0.00066    0.00028     2.6867     2.6969     8.8821     8.8885    35.0763    35.0759    27.1969    27.1955    1507.67    116.812    117.255         32 0.0000e+00
      72040   3001.644    680.551    686.000     8.9655     8.9651   3.749293   3.749315     1.6216     1.3189     100.00   23.08780  -86.27301    0.00031    0.00004     2.6864     2.6971     8.8890     8.8885    35.0758    35.0765    27.1954    27.1960    1507.66    116.797    117.262         30 0.0000e+00
      72197   3008.158    674.608    680.000     9.0048     9.0044   3.752811   3.752769     1.6217     1.3205     100.00   23.08837  -86.27516   -0.00010    0.00020     2.6819     2.6977     8.9288     8.9283    35.0769    35.0769    27.1899    27.1900    1507.70    116.605    117.291         31 0.0000e+00
      72227   3009.415    673.618    679.000     9.0047     9.0075   3.752673   3.752897     1.6217     1.3199     100.00   23.08780  -86.27302   -0.00024   -0.00008     2.6815     2.6952     8.9287     8.9315    35.0759    35.0755    27.1891    27.1883    1507.66    116.586    117.182         32 0.0000e+00
      72358   3014.871    668.665    674.000     9.1285     9.1389   3.765852   3.766802     1.6230     1.3209     100.00   23.08856  -86.27588    0.00037    0.00033     2.6750     2.6878     9.0525     9.0629    35.0944    35.0940    27.1837    27.1817    1507.71    116.306    116.861         34 0.0000e+00
      72389   3016.181    667.675    673.000     9.1295     9.1477   3.766078   3.767715     1.6229     1.3200     100.00   23.08780  -86.27302    0.00013    0.00002     2.6743     2.6841     9.0536     9.0718    35.0950    35.0947    27.1840    27.1808    1507.66    116.273    116.701         31 0.0000e+00
      72489   3020.330    663.713    669.000     9.2560     9.2644   3.779152   3.780027     1.6248     1.3219     100.00   23.08889  -86.27709    0.00049    0.00048     2.6698     2.6807     9.1800     9.1883    35.1101    35.1110    27.1753    27.1746    1507.73    116.078    116.553         30 0.0000e+00
      72518   3021.546    662.722    668.000     9.2523     9.2756   3.778665   3.781081     1.6247     1.3223     100.00   23.08780  -86.27302    0.00037    0.00046     2.6692     2.6808     9.1764     9.1996    35.1088    35.1111    27.1748    27.1728    1507.66    116.054    116.556         35 0.0000e+00
      72649   3027.018    657.770    663.000     9.4556     9.4523   3.799888   3.799742     1.6278     1.3241     100.00   23.08746  -86.27176    0.00087    0.00035     2.6628     2.6729     9.3794     9.3760    35.1321    35.1338    27.1597    27.1616    1507.64    115.774    116.215         32 0.0000e+00
      72782   3032.545    652.817    658.000     9.6066     9.6146   3.816300   3.817098     1.6314     1.3277     100.00   23.08799  -86.27372    0.00083    0.00073     2.6612     2.6718     9.5302     9.5382    35.1564    35.1568    27.1537    27.1527    1507.67    115.708    116.169         32 0.0000e+00
      72814   3033.870    651.827    657.000     9.6084     9.6158   3.816472   3.817148     1.6317     1.3285     100.00   23.08780  -86.27302    0.00055    0.00073     2.6616     2.6740     9.5321     9.5394    35.1568    35.1566    27.1537    27.1523    1507.66    115.726    116.264         31 0.0000e+00
      72942   3039.201    646.874    652.000     9.6522     9.6535   3.820496   3.820701     1.6342     1.3309     100.00   23.08774  -86.27281    0.00052    0.00039     2.6644     2.6774     9.5763     9.5776    35.1589    35.1587    27.1479    27.1476    1507.66    115.848    116.412         31 0.0000e+00
      73077   3044.852    641.921    647.000     9.6640     9.6639   3.821311   3.821278     1.6360     1.3328     100.00   23.08873  -86.27648    0.00036    0.00029     2.6671     2.6812     9.5886     9.5885    35.1572    35.1569    27.1446    27.1444    1507.72    115.964    116.577         30 0.0000e+00
      73105   3045.996    640.930    646.000     9.6658     9.6684   3.821210   3.821422     1.6362     1.3328     100.00   23.08779  -86.27301    0.00032    0.00012     2.6671     2.6806     9.5905     9.5931    35.1547    35.1544    27.1423    27.1416    1507.66    115.967    116.551         30 0.0000e+00
      73234   3051.395    635.977    641.000     9.7313     9.7424   3.826918   3.828200     1.6388     1.3346      99.07   23.08698  -86.27002    0.00059    0.00039     2.6687     2.6796     9.6563     9.6674    35.1515    35.1541    27.1287    27.1289    1507.61    116.036    116.509         35 0.0000e+00
      73423   3059.265    629.042    634.000     9.9346     9.9369   3.848625   3.849017     1.6433     1.3393     100.00   23.08774  -86.27284    0.00023    0.00027     2.6654     2.6791     9.8596     9.8618    35.1796    35.1815    27.1163    27.1174    1507.66    115.893    116.491         30 0.0000e+00
      73554   3064.709    624.089    629.000    10.1742    10.1743   3.874783   3.874623     1.6492     1.3445     100.00   23.08842  -86.27536    0.00123    0.00114     2.6642     2.6779    10.0986    10.0988    35.2164    35.2146    27.1041    27.1027    1507.70    115.843    116.440         31 0.0000e+00
      73583   3065.920    623.098    628.000    10.1824    10.1912   3.875486   3.876246     1.6503     1.3460     100.00   23.08779  -86.27300    0.00127    0.00126     2.6667     2.6810    10.1069    10.1157    35.2159    35.2151    27.1022    27.1001    1507.66    115.954    116.574         30 0.0000e+00
      73714   3071.377    618.145    623.000    10.2520    10.2526   3.882882   3.882913     1.6543     1.3497     100.00   23.08797  -86.27365    0.00078    0.00059     2.6717     2.6869    10.1768    10.1774    35.2259    35.2257    27.0979    27.0976    1507.67    116.171    116.833         30 0.0000e+00
      74062   3085.885    605.265    610.000    10.4348    10.4377   3.902298   3.902654     1.6645     1.3596      40.37   23.08835  -86.27504    0.00044    0.00075     2.6840     2.7008    10.3604    10.3633    35.2518    35.2525    27.0861    27.0861    1507.70    116.706    117.437         30 0.0000e+00
      74165   3090.147    602.293    607.000    10.5362    10.5465   3.913906   3.915001     1.6685     1.3625     100.02   23.09202  -86.28875    0.00091    0.00063     2.6870     2.7014    10.4617    10.4720    35.2734    35.2745    27.0853    27.0844    1507.94    116.837    117.461         47 0.0000e+00
      74214   3092.218    601.302    606.000    10.5071    10.5483   3.910302   3.914767     1.6702     1.3646     100.00   23.08780  -86.27300    0.00091    0.00100     2.6935     2.7078    10.4317    10.4752    35.2655    35.2679    27.0842    27.0783    1507.66    117.121    117.743         46 0.0000e+00
      74287   3095.249    600.311    605.000    10.4945    10.5295   3.908766   3.912435     1.6703     1.3649     100.00   23.08780  -86.27300    0.00025    0.00034     2.6946     2.7099    10.4204    10.4554    35.2615    35.2651    27.0831    27.0798    1507.66    117.167    117.833         51 0.0000e+00
      78478   3269.891    595.357    600.000    10.6350    10.6350   3.923910   3.923949     1.6770     1.3710     100.00   23.08810  -86.27397   -0.00005   -0.00003     2.7023     2.7195    10.5610    10.5610    35.2809    35.2812    27.0734    27.0736    1507.68    117.502    118.253         54 0.0000e+00
      78547   3272.745    594.366    599.000    10.6359    10.6359   3.923946   3.923992     1.6777     1.3712     100.00   23.08784  -86.27300    0.00016    0.00015     2.7039     2.7197    10.5620    10.5620    35.2807    35.2812    27.0730    27.0734    1507.66    117.572    118.260         65 0.0000e+00
      78602   3275.053    593.375    598.000    10.6435    10.6422   3.924630   3.924556     1.6779     1.3717      99.98   23.08784  -86.27299    0.00020    0.00011     2.7033     2.7207    10.5697    10.5684    35.2820    35.2822    27.0727    27.0730    1507.66    117.548    118.304         38 0.0000e+00
      78657   3277.321    592.384    597.000    10.6581    10.6586   3.926253   3.926357     1.6783     1.3724     100.00   23.08784  -86.27300    0.00008    0.00028     2.7033     2.7212    10.5844    10.5848    35.2834    35.2840    27.0711    27.0715    1507.66    117.547    118.323         50 0.0000e+00
      78726   3280.202    591.393    596.000    10.6683    10.6655   3.927369   3.927079     1.6793     1.3729      99.58   23.08784  -86.27299    0.00036    0.00026     2.7049     2.7219    10.5946    10.5918    35.2853    35.2851    27.0708    27.0711    1507.66    117.618    118.355         44 0.0000e+00
      78761   3281.650    590.403    595.000    10.6925    10.6930   3.929861   3.930001     1.6802     1.3727      99.52   23.08784  -86.27298    0.00038    0.00000     2.7055     2.7190    10.6189    10.6194    35.2874    35.2884    27.0681    27.0688    1507.66    117.644    118.230         35 0.0000e+00
      78822   3284.204    589.412    594.000    10.7091    10.7215   3.931724   3.933276     1.6817     1.3740     100.01   23.08784  -86.27300    0.00058    0.00027     2.7083     2.7208    10.6355    10.6478    35.2907    35.2943    27.0677    27.0683    1507.66    117.764    118.309         42 0.0000e+00
