GOMECC/GOMECC-4/1db/rb2103_0211.ros
* Sea-Bird SBE 9 Data File:
* FileName = C:\Users\scs.user.rb\CTD\GOMECC4\data\rb2103_0211.hex
* Software Version Seasave V 7.26.7.107
* Temperature SN = 4799
* Conductivity SN = 3860
* Number of Bytes Per Scan = 41
* Number of Voltage Words = 4
* Number of Scans Averaged by the Deck Unit = 1
* NMEA Latitude = 29 12.35 N
* NMEA Longitude = 085 38.79 W
* NMEA UTC (Time) = Sep 20 2021  22:02:36
* NMEA baud rate = 4800
# nquan = 17
# nvalues = 1463                                  
# units = specified
# name 0 = scan: Scan Count
# name 1 = timeS: Time, Elapsed [seconds]
# name 2 = depSM: Depth [salt water, m]
# name 3 = prDM: Pressure, Digiquartz [db]
# name 4 = t090C: Temperature [ITS-90, deg C]
# name 5 = t190C: Temperature, 2 [ITS-90, deg C]
# name 6 = c0S/m: Conductivity [S/m]
# name 7 = c1S/m: Conductivity, 2 [S/m]
# name 8 = sbeox0V: Oxygen raw, SBE 43 [V]
# name 9 = sbeox1V: Oxygen raw, SBE 43, 2 [V]
# name 10 = altM: Altimeter [m]
# name 11 = latitude: Latitude [deg]
# name 12 = longitude: Longitude [deg]
# name 13 = sbox0dV/dT: Oxygen, SBE 43 [dov/dt]
# name 14 = sbox1dV/dT: Oxygen, SBE 43, 2 [dov/dt]
# name 15 = nbf: Bottles Fired
# name 16 = flag:  0.000e+00
# interval = seconds: 0.0416667
# start_time = Sep 20 2021 22:02:36 [NMEA time, header]
# bad_flag = -9.990e-29
*END*
[from data line 596]
      25447   1060.250     40.199     40.476    26.1579    26.1374   5.570496   5.568648     2.8840     2.4640      45.35   29.20506  -85.64670    0.00050    0.00007          5  0.000e+00
      25448   1060.292     40.260     40.537    26.1574    26.1375   5.570418   5.568648     2.8840     2.4640      45.35   29.20506  -85.64670    0.00054    0.00009          5  0.000e+00
      25449   1060.333     40.275     40.552    26.1563    26.1363   5.570372   5.568718     2.8840     2.4640      45.35   29.20506  -85.64670    0.00058    0.00010          5  0.000e+00
      25450   1060.375     40.260     40.537    26.1541    26.1366   5.570387   5.568883     2.8840     2.4640      45.35   29.20506  -85.64670    0.00060    0.00012          5  0.000e+00
      25451   1060.417     40.260     40.537    26.1536    26.1368   5.570356   5.568986     2.8840     2.4640      45.37   29.20506  -85.64670    0.00064    0.00013          5  0.000e+00
      25452   1060.458     40.260     40.537    26.1536    26.1348   5.570279   5.569119     2.8840     2.4640      45.37   29.20506  -85.64670    0.00068    0.00016          5  0.000e+00
      25453   1060.500     40.260     40.537    26.1539    26.1364   5.570287   5.569190     2.8840     2.4628      45.35   29.20506  -85.64670    0.00070    0.00018          5  0.000e+00
      25454   1060.542     40.260     40.537    26.1523    26.1372   5.570232   5.569300     2.8840     2.4640      45.37   29.20506  -85.64670    0.00072    0.00021          5  0.000e+00
      25455   1060.583     40.214     40.491    26.1499    26.1383   5.570240   5.569300     2.8852     2.4640      45.35   29.20506  -85.64670    0.00076    0.00026          5  0.000e+00
      25456   1060.625     40.313     40.590    26.1498    26.1377   5.570232   5.569292     2.8852     2.4640      45.35   29.20506  -85.64670    0.00080    0.00030          5  0.000e+00
      25457   1060.667     40.260     40.537    26.1487    26.1332   5.570209   5.569253     2.8840     2.4640      45.35   29.20506  -85.64670    0.00082    0.00035          5  0.000e+00
      25458   1060.708     40.260     40.537    26.1487    26.1297   5.570170   5.569174     2.8840     2.4640      45.35   29.20506  -85.64670    0.00082    0.00042          5  0.000e+00
      25459   1060.750     40.260     40.537    26.1501    26.1281   5.570124   5.569049     2.8840     2.4640      45.37   29.20506  -85.64670    0.00082    0.00049          5  0.000e+00
      25460   1060.792     40.275     40.552    26.1501    26.1317   5.570077   5.569017     2.8840     2.4652      45.35   29.20506  -85.64670    0.00082    0.00057          5  0.000e+00
      25461   1060.833     40.260     40.537    26.1501    26.1343   5.570031   5.569009     2.8840     2.4652      45.37   29.20506  -85.64670    0.00082    0.00065          5  0.000e+00
      25462   1060.875     40.313     40.590    26.1501    26.1386   5.570038   5.569048     2.8840     2.4652      45.35   29.20506  -85.64670    0.00082    0.00074          5  0.000e+00
      25463   1060.917     40.260     40.537    26.1496    26.1461   5.570062   5.569339     2.8840     2.4652      45.37   29.20506  -85.64670    0.00081    0.00082          5  0.000e+00
      25464   1060.958     40.260     40.537    26.1499    26.1572   5.570069   5.569701     2.8840     2.4652      45.37   29.20506  -85.64670    0.00081    0.00091          5  0.000e+00
      25465   1061.000     40.260     40.537    26.1485    26.1643   5.570031   5.569999     2.8840     2.4652      45.35   29.20506  -85.64670    0.00081    0.00099          5  0.000e+00
      25466   1061.042     40.328     40.605    26.1467    26.1645   5.570023   5.570274     2.8828     2.4664      45.32   29.20506  -85.64670    0.00079    0.00109          5  0.000e+00
      25467   1061.083     40.260     40.537    26.1460    26.1583   5.570023   5.570447     2.8840     2.4652      45.32   29.20506  -85.64670    0.00078    0.00118          5  0.000e+00
      25468   1061.125     40.260     40.537    26.1458    26.1547   5.569953   5.570479     2.8828     2.4652      45.32   29.20506  -85.64670    0.00076    0.00126          5  0.000e+00
      25469   1061.167     40.313     40.590    26.1463    26.1547   5.569945   5.570550     2.8840     2.4652      45.32   29.20506  -85.64670    0.00075    0.00133          5  0.000e+00
      25470   1061.208     40.260     40.537    26.1458    26.1548   5.569907   5.570605     2.8828     2.4652      45.32   29.20506  -85.64670    0.00073    0.00139          5  0.000e+00
      25471   1061.250     40.275     40.552    26.1447    26.1577   5.569821   5.570589     2.8828     2.4664      45.32   29.20506  -85.64670    0.00070    0.00148          5  0.000e+00
      25472   1061.292     40.260     40.537    26.1440    26.1594   5.569759   5.570605     2.8840     2.4664      45.32   29.20506  -85.64670    0.00070    0.00156          5  0.000e+00
      25473   1061.333     40.313     40.590    26.1433    26.1595   5.569783   5.570550     2.8840     2.4664      45.32   29.20506  -85.64670    0.00069    0.00162          5  0.000e+00
      25474   1061.375     40.260     40.537    26.1420    26.1565   5.569759   5.570534     2.8840     2.4664      45.32   29.20506  -85.64670    0.00068    0.00169          5  0.000e+00
      25475   1061.417     40.260     40.537    26.1422    26.1514   5.569690   5.570565     2.8840     2.4664      45.32   29.20506  -85.64670    0.00067    0.00175          5  0.000e+00
      25476   1061.458     40.260     40.537    26.1417    26.1498   5.569628   5.570644     2.8840     2.4664      45.32   29.20506  -85.64670    0.00066    0.00179          5  0.000e+00
      25477   1061.500     40.275     40.552    26.1405    26.1523   5.569573   5.570770     2.8840     2.4664      45.32   29.20506  -85.64670    0.00065    0.00183          5  0.000e+00
      25478   1061.542     40.313     40.590    26.1398    26.1557   5.569566   5.570903     2.8840     2.4664      45.32   29.20506  -85.64670    0.00064    0.00187          5  0.000e+00
      25479   1061.583     40.260     40.537    26.1402    26.1592   5.569635   5.570974     2.8840     2.4652      45.32   29.20506  -85.64670    0.00062    0.00189          5  0.000e+00
      25480   1061.625     40.313     40.590    26.1406    26.1608   5.569690   5.570990     2.8840     2.4652      45.32   29.20506  -85.64670    0.00063    0.00191          5  0.000e+00
      25481   1061.667     40.260     40.537    26.1404    26.1616   5.569643   5.570919     2.8840     2.4652      45.32   29.20506  -85.64670    0.00062    0.00192          5  0.000e+00
      25482   1061.708     40.275     40.552    26.1405    26.1603   5.569651   5.570793     2.8840     2.4652      45.32   29.20506  -85.64670    0.00062    0.00192          5  0.000e+00
      25483   1061.750     40.260     40.537    26.1400    26.1599   5.569690   5.570793     2.8840     2.4652      45.32   29.20506  -85.64670    0.00062    0.00191          5  0.000e+00
      25484   1061.792     40.260     40.537    26.1404    26.1594   5.569705   5.570833     2.8840     2.4640      45.32   29.20506  -85.64670    0.00061    0.00189          5  0.000e+00
      25485   1061.833     40.260     40.537    26.1409    26.1588   5.569527   5.570746     2.8840     2.4640      45.30   29.20506  -85.64670    0.00061    0.00185          5  0.000e+00
      25486   1061.875     40.313     40.590    26.1386    26.1572   5.569364   5.570675     2.8840     2.4628      45.32   29.20506  -85.64670    0.00061    0.00180          5  0.000e+00
      25487   1061.917     40.260     40.537    26.1362    26.1565   5.569170   5.570628     2.8840     2.4628      45.32   29.20506  -85.64670    0.00061    0.00174          5  0.000e+00
      25488   1061.958     40.275     40.552    26.1333    26.1566   5.568968   5.570652     2.8840     2.4628      45.30   29.20506  -85.64670    0.00060    0.00166          5  0.000e+00
      25489   1062.000     40.260     40.537    26.1306    26.1559   5.568953   5.570597     2.8840     2.4628      45.27   29.20506  -85.64670    0.00060    0.00160          5  0.000e+00
      25490   1062.042     40.260     40.537    26.1264    26.1561   5.569000   5.570581     2.8852     2.4628      45.25   29.20506  -85.64670    0.00061    0.00152          5  0.000e+00
      25491   1062.083     40.260     40.537    26.1284    26.1568   5.569116   5.570542     2.8852     2.4628      45.25   29.20506  -85.64670    0.00063    0.00144          5  0.000e+00
      25492   1062.125     40.313     40.590    26.1321    26.1548   5.569286   5.570455     2.8840     2.4628      45.25   29.20506  -85.64670    0.00063    0.00135          5  0.000e+00
      25493   1062.167     40.214     40.491    26.1342    26.1537   5.569379   5.570400     2.8852     2.4628      45.25   29.20506  -85.64670    0.00065    0.00127          5  0.000e+00
      25494   1062.208     40.260     40.537    26.1357    26.1534   5.569558   5.570353     2.8840     2.4628      45.25   29.20506  -85.64670    0.00064    0.00118          5  0.000e+00
      25495   1062.250     40.260     40.537    26.1384    26.1532   5.569682   5.570345     2.8840     2.4628      45.25   29.20506  -85.64670    0.00062    0.00111          5  0.000e+00
      25496   1062.292     40.260     40.537    26.1409    26.1528   5.569775   5.570377     2.8840     2.4628      45.25   29.20506  -85.64670    0.00060    0.00103          5  0.000e+00
      25497   1062.333     40.260     40.537    26.1422    26.1524   5.569829   5.570392     2.8840     2.4628      45.25   29.20506  -85.64670    0.00058    0.00094          5  0.000e+00
      25498   1062.375     40.260     40.537    26.1426    26.1528   5.569907   5.570392     2.8840     2.4640      45.25   29.20506  -85.64670    0.00056    0.00088          5  0.000e+00
      25499   1062.417     40.214     40.491    26.1436    26.1532   5.569976   5.570282     2.8840     2.4640      45.25   29.20506  -85.64670    0.00054    0.00082          5  0.000e+00
      25500   1062.458     40.260     40.537    26.1440    26.1526   5.570085   5.570353     2.8840     2.4640      45.25   29.20506  -85.64670    0.00051    0.00076          5  0.000e+00
      25501   1062.500     40.199     40.476    26.1446    26.1517   5.570186   5.570392     2.8840     2.4640      45.25   29.20506  -85.64670    0.00049    0.00070          5  0.000e+00
      25502   1062.542     40.313     40.590    26.1454    26.1510   5.570620   5.570392     2.8840     2.4640      45.25   29.20506  -85.64670    0.00046    0.00064          5  0.000e+00
      25503   1062.583     40.199     40.476    26.1512    26.1516   5.571310   5.570392     2.8828     2.4628      45.25   29.20506  -85.64670    0.00042    0.00056          5  0.000e+00
      25504   1062.625     40.275     40.552    26.1588    26.1528   5.571799   5.570392     2.8828     2.4628      45.25   29.20506  -85.64670    0.00037    0.00050          5  0.000e+00
      25505   1062.667     40.199     40.476    26.1633    26.1530   5.572078   5.570424     2.8828     2.4628      45.25   29.20506  -85.64670    0.00033    0.00043          5  0.000e+00
      25506   1062.708     40.260     40.537    26.1684    26.1548   5.572187   5.570440     2.8828     2.4628      45.25   29.20506  -85.64670    0.00029    0.00037          5  0.000e+00
      25507   1062.750     40.260     40.537    26.1696    26.1595   5.572086   5.570502     2.8828     2.4628      45.25   29.20506  -85.64670    0.00024    0.00030          5  0.000e+00
      25508   1062.792     40.199     40.476    26.1700    26.1659   5.572117   5.570628     2.8828     2.4628      45.25   29.20506  -85.64670    0.00020    0.00024          5  0.000e+00
      25509   1062.833     40.260     40.537    26.1702    26.1698   5.572210   5.570738     2.8840     2.4628      45.25   29.20506  -85.64670    0.00017    0.00019          5  0.000e+00
      25510   1062.875     40.214     40.491    26.1699    26.1689   5.572163   5.570856     2.8840     2.4628      45.25   29.20506  -85.64670    0.00014    0.00014          5  0.000e+00
      25511   1062.917     40.199     40.476    26.1693    26.1659   5.572070   5.570785     2.8840     2.4628      45.25   29.20506  -85.64670    0.00011    0.00009          5  0.000e+00
      25512   1062.958     40.260     40.537    26.1675    26.1637   5.571830   5.570825     2.8840     2.4615      45.27   29.20506  -85.64670    0.00008    0.00002          5  0.000e+00
      25513   1063.000     40.199     40.476    26.1660    26.1659   5.571698   5.570817     2.8840     2.4615      45.32   29.20506  -85.64670    0.00005   -0.00003          5  0.000e+00
      25514   1063.042     40.199     40.476    26.1653    26.1656   5.571644   5.570738     2.8828     2.4615      45.32   29.20506  -85.64670   -0.00000   -0.00008          5  0.000e+00
      25515   1063.083     40.275     40.552    26.1642    26.1647   5.571613   5.570785     2.8828     2.4615      45.32   29.20506  -85.64670   -0.00005   -0.00013          5  0.000e+00
      25826   1076.042     40.093     40.370    26.1832    26.1668   5.572675   5.571681     2.8791     2.4542      45.37   29.20506  -85.64670   -0.00076   -0.00180          6  0.000e+00
      25827   1076.083     40.373     40.651    26.1814    26.1672   5.572474   5.571705     2.8791     2.4542      45.37   29.20506  -85.64670   -0.00076   -0.00180          6  0.000e+00
      25828   1076.125     40.199     40.476    26.1778    26.1674   5.572241   5.571721     2.8791     2.4542      45.37   29.20506  -85.64670   -0.00076   -0.00179          6  0.000e+00
      25829   1076.167     40.199     40.476    26.1738    26.1681   5.572008   5.571752     2.8791     2.4542      45.37   29.20506  -85.64670   -0.00075   -0.00177          6  0.000e+00
      25830   1076.208     40.161     40.438    26.1702    26.1683   5.571783   5.571839     2.8791     2.4530      45.37   29.20506  -85.64670   -0.00075   -0.00177          6  0.000e+00
      25831   1076.250     40.260     40.537    26.1679    26.1679   5.571659   5.571862     2.8791     2.4542      45.37   29.20506  -85.64670   -0.00074   -0.00176          6  0.000e+00
      25832   1076.292     40.199     40.476    26.1659    26.1683   5.571543   5.571862     2.8791     2.4542      45.37   29.20506  -85.64670   -0.00073   -0.00172          6  0.000e+00
      25833   1076.333     40.199     40.476    26.1648    26.1683   5.571427   5.571894     2.8791     2.4542      45.37   29.20506  -85.64670   -0.00072   -0.00168          6  0.000e+00
      25834   1076.375     40.199     40.476    26.1644    26.1678   5.571403   5.571909     2.8791     2.4530      45.37   29.20506  -85.64670   -0.00073   -0.00166          6  0.000e+00
      25835   1076.417     40.214     40.491    26.1628    26.1670   5.571334   5.571910     2.8803     2.4530      45.37   29.20506  -85.64670   -0.00072   -0.00164          6  0.000e+00
      25836   1076.458     40.260     40.537    26.1610    26.1656   5.571202   5.571941     2.8791     2.4530      45.37   29.20506  -85.64670   -0.00073   -0.00161          6  0.000e+00
      25837   1076.500     40.199     40.476    26.1603    26.1652   5.571171   5.571957     2.8803     2.4530      45.37   29.20506  -85.64670   -0.00071   -0.00158          6  0.000e+00
      25838   1076.542     40.199     40.476    26.1601    26.1654   5.571140   5.571988     2.8803     2.4518      45.37   29.20506  -85.64670   -0.00072   -0.00157          6  0.000e+00
      25839   1076.583     40.199     40.476    26.1594    26.1650   5.571062   5.572004     2.8803     2.4530      45.37   29.20506  -85.64670   -0.00072   -0.00154          6  0.000e+00
      25840   1076.625     40.260     40.537    26.1583    26.1650   5.570946   5.572004     2.8803     2.4530      45.37   29.20506  -85.64670   -0.00070   -0.00151          6  0.000e+00
