GOMECC/GOMECC-4/1db/rb2103_0031.cnv
* Sea-Bird SBE 9 Data File:
* FileName = C:\Users\scs.user.rb\CTD\GOMECC4\data\rb2103_003.hex
* Software Version Seasave V 7.26.7.107
* Temperature SN = 4799
* Conductivity SN = 3860
* Number of Bytes Per Scan = 41
* Number of Voltage Words = 4
* Number of Scans Averaged by the Deck Unit = 1
* NMEA Latitude = 26 59.30 N
* NMEA Longitude = 079 46.65 W
* NMEA UTC (Time) = Sep 14 2021  20:49:18
* NMEA baud rate = 4800
# nquan = 28
# nvalues = 459                         
# units = specified
# name 0 = scan: Scan Count
# name 1 = timeS: Time, Elapsed [seconds]
# name 2 = depSM: Depth [salt water, m]
# name 3 = prDM: Pressure, Digiquartz [db]
# name 4 = t090C: Temperature [ITS-90, deg C]
# name 5 = t190C: Temperature, 2 [ITS-90, deg C]
# name 6 = c0S/m: Conductivity [S/m]
# name 7 = c1S/m: Conductivity, 2 [S/m]
# name 8 = sbeox0V: Oxygen raw, SBE 43 [V]
# name 9 = sbeox1V: Oxygen raw, SBE 43, 2 [V]
# name 10 = altM: Altimeter [m]
# name 11 = latitude: Latitude [deg]
# name 12 = longitude: Longitude [deg]
# name 13 = sbox0dV/dT: Oxygen, SBE 43 [dov/dt]
# name 14 = sbox1dV/dT: Oxygen, SBE 43, 2 [dov/dt]
# name 15 = sbeox0ML/L: Oxygen, SBE 43 [ml/l], WS = 5
# name 16 = sbeox1ML/L: Oxygen, SBE 43, 2 [ml/l], WS = 5
# name 17 = potemp090C: Potential Temperature [ITS-90, deg C]
# name 18 = potemp190C: Potential Temperature, 2 [ITS-90, deg C]
# name 19 = sal00: Salinity, Practical [PSU]
# name 20 = sal11: Salinity, Practical, 2 [PSU]
# name 21 = sigma-é00: Density [sigma-theta, kg/m^3]
# name 22 = sigma-é11: Density, 2 [sigma-theta, kg/m^3]
# name 23 = avgsvCM: Average Sound Velocity [Chen-Millero, m/s], minP = 20, minS = 20
# name 24 = sbox0Mm/Kg: Oxygen, SBE 43 [umol/kg], WS = 5
# name 25 = sbox1Mm/Kg: Oxygen, SBE 43, 2 [umol/kg], WS = 5
# name 26 = nbin: number of scans per bin
# name 27 = flag: flag
# span 0 =       7231,      75079       
# span 1 =    301.264,   3128.230       
# span 2 =      1.987,    388.062       
# span 3 =      2.000,    391.000       
# span 4 =     7.6128,    29.6522       
# span 5 =     7.6141,    29.6390       
# span 6 =   3.599509,   5.999852       
# span 7 =   3.599630,   5.997224       
# span 8 =     1.6825,     3.1792       
# span 9 =     1.3883,     2.7041       
# span 10 =       7.60,     101.36      
# span 11 =   26.72850,   27.16493      
# span 12 =  -80.22636,  -78.93829      
# span 13 =   -0.07229,    0.03996      
# span 14 =   -0.05351,    0.01806      
# span 15 =     2.7154,     4.4740      
# span 16 =     2.5889,     4.4965      
# span 17 =     7.5738,    29.6470      
# span 18 =     7.5751,    29.6377      
# span 19 =    34.9633,    36.9445      
# span 20 =    34.9633,    36.9469      
# span 21 =    22.1538,    27.3080      
# span 22 =    22.1543,    27.3078      
# span 23 =       0.00,    1546.31      
# span 24 =    118.068,    195.119      
# span 25 =    113.082,    196.102      
# span 26 =         30,         74      
# span 27 = 0.0000e+00, 0.0000e+00      
# interval = decibars: 1                
# start_time = Sep 14 2021 20:49:18 [NMEA time, header]
# bad_flag = -9.990e-29
*END*
[from data line 311]
      46831   1951.258    198.589    200.000    15.7462    15.7369   4.496373   4.495620     1.9760     1.6494     100.01   27.01075  -79.79370    0.00001   -0.00039     2.9851     3.0244    15.7147    15.7054    36.0987    36.1004    26.6590    26.6625    1518.10    129.852    131.563         35 0.0000e+00
      47015   1958.917    196.604    198.000    15.7928    15.7950   4.501264   4.502256     1.9770     1.6504      96.02   27.01054  -79.79285    0.00024   -0.00004     2.9843     3.0225    15.7614    15.7650    36.1037    36.1083    26.6522    26.6553    1518.09    129.819    131.481         42 0.0000e+00
      47062   1960.857    195.611    197.000    15.8011    15.8218   4.502370   4.504625     1.9779     1.6528      98.73   27.00579  -79.77876    0.00057    0.00085     2.9852     3.0266    15.7699    15.7906    36.1025    36.1038    26.6490    26.6452    1517.82    129.859    131.660         62 0.0000e+00
      47117   1963.148    194.619    196.000    15.8050    15.7994   4.502773   4.502409     1.9781     1.6516      95.23   27.00581  -79.77875    0.00023    0.00031     2.9848     3.0246    15.7740    15.7684    36.1028    36.1048    26.6483    26.6511    1517.82    129.841    131.570         47 0.0000e+00
      47165   1965.157    193.626    195.000    15.9574    15.9311   4.519468   4.516541     1.9803     1.6526      81.73   27.00582  -79.77876    0.00041   -0.00037     2.9799     3.0185    15.9263    15.9001    36.1142    36.1119    26.6221    26.6263    1517.82    129.632    131.308         49 0.0000e+00
      47209   1967.007    192.634    194.000    16.0778    16.0350   4.535006   4.529929     1.9841     1.6548     100.27   27.00584  -79.77875    0.00165    0.00091     2.9806     3.0169    16.0455    16.0040    36.1451    36.1376    26.6184    26.6222    1517.82    129.662    131.239         40 0.0000e+00
      47246   1968.537    191.641    193.000    16.1419    16.1140   4.542955   4.539996     1.9858     1.6571     100.00   27.00585  -79.77875    0.00174    0.00126     2.9795     3.0173    16.1109    16.0830    36.1571    36.1561    26.6125    26.6181    1517.82    129.615    131.260         34 0.0000e+00
      47279   1969.909    190.649    192.000    16.2315    16.1873   4.553273   4.548927     1.9886     1.6597      68.06   27.00587  -79.77874    0.00148    0.00151     2.9799     3.0189    16.2005    16.1564    36.1680    36.1694    26.6001    26.6114    1517.82    129.633    131.327         34 0.0000e+00
      47315   1971.437    189.656    191.000    16.3051    16.2953   4.562312   4.560823     1.9911     1.6606      92.61   27.00588  -79.77874    0.00176    0.00153     2.9804     3.0142    16.2742    16.2645    36.1820    36.1776    26.5937    26.5925    1517.82    129.659    131.129         38 0.0000e+00
      47353   1972.990    188.664    190.000    16.3805    16.3563   4.571178   4.568309     1.9908     1.6594     100.15   27.00589  -79.77874    0.00125    0.00032     2.9743     3.0067    16.3497    16.3255    36.1927    36.1892    26.5842    26.5872    1517.82    129.393    130.800         35 0.0000e+00
      47451   1977.085    185.686    187.000    16.5849    16.5620   4.596098   4.593693     2.0010     1.6721     100.02   27.01079  -79.79309    0.00258    0.00335     2.9831     3.0250    16.5541    16.5314    36.2307    36.2308    26.5657    26.5712    1518.09    129.779    131.601         34 0.0000e+00
      47478   1978.217    184.694    186.000    16.6084    16.6070   4.598225   4.598230     2.0059     1.6773     100.00   27.00594  -79.77874    0.00386    0.00383     2.9932     3.0351    16.5780    16.5766    36.2274    36.2287    26.5572    26.5586    1517.82    130.217    132.041         37 0.0000e+00
      47514   1979.706    183.701    185.000    16.6285    16.6393   4.600797   4.601961     2.0100     1.6812     100.00   27.00596  -79.77874    0.00343    0.00335     3.0011     3.0427    16.5982    16.6090    36.2323    36.2329    26.5563    26.5541    1517.82    130.561    132.372         34 0.0000e+00
      47576   1982.279    181.716    183.000    16.7270    16.7222   4.612543   4.611960     2.0185     1.6889     100.00   27.00638  -79.77991    0.00303    0.00265     3.0133     3.0560    16.6969    16.6921    36.2478    36.2471    26.5448    26.5454    1517.84    131.096    132.952         31 0.0000e+00
      47609   1983.647    180.723    182.000    16.7679    16.7732   4.617552   4.617783     2.0246     1.6942     100.00   27.00598  -79.77874    0.00363    0.00331     3.0244     3.0660    16.7379    16.7431    36.2552    36.2525    26.5407    26.5374    1517.82    131.580    133.389         37 0.0000e+00
      47648   1985.284    179.731    181.000    16.7953    16.7995   4.620794   4.621514     2.0299     1.7002     100.00   27.00600  -79.77874    0.00395    0.00386     3.0345     3.0789    16.7654    16.7696    36.2595    36.2620    26.5375    26.5384    1517.82    132.018    133.949         39 0.0000e+00
      47684   1986.775    178.738    180.000    16.8806    16.9097   4.630084   4.633690     2.0348     1.7045     100.00   27.00602  -79.77874    0.00335    0.00343     3.0380     3.0825    16.8508    16.8804    36.2644    36.2722    26.5209    26.5206    1517.82    132.172    134.108         31 0.0000e+00
      47714   1988.024    177.746    179.000    16.9673    16.9642   4.641050   4.641226     2.0403     1.7074      96.15   27.00602  -79.77874    0.00335    0.00290     3.0466     3.0863    16.9375    16.9349    36.2840    36.2870    26.5153    26.5180    1517.82    132.548    134.274         30 0.0000e+00
      47743   1989.252    176.753    178.000    16.9933    16.9957   4.644286   4.644687     2.0425     1.7093      98.79   27.00604  -79.77874    0.00344    0.00240     3.0493     3.0884    16.9636    16.9661    36.2884    36.2897    26.5124    26.5128    1517.82    132.664    134.365         30 0.0000e+00
      47775   1990.578    175.761    177.000    17.0198    17.0021   4.647448   4.645453     2.0435     1.7092      99.98   27.00605  -79.77874    0.00246    0.00145     3.0495     3.0873    16.9903    16.9726    36.2925    36.2911    26.5091    26.5122    1517.82    132.674    134.319         34 0.0000e+00
      47812   1992.107    174.768    176.000    17.0311    17.0275   4.648560   4.648118     2.0432     1.7094      99.99   27.00606  -79.77874    0.00079    0.00031     3.0476     3.0859    17.0017    16.9981    36.2925    36.2919    26.5064    26.5068    1517.82    132.593    134.258         38 0.0000e+00
      47848   1993.643    173.775    175.000    17.0400    17.0677   4.649467   4.652779     2.0430     1.7093      69.40   27.00608  -79.77874   -0.00012    0.00003     3.0463     3.0827    17.0108    17.0385    36.2928    36.2969    26.5044    26.5009    1517.82    132.536    134.121         35 0.0000e+00
      47882   1995.022    172.783    174.000    17.1076    17.1178   4.657159   4.658665     2.0435     1.7077     100.03   27.00609  -79.77874   -0.00001   -0.00025     3.0427     3.0751    17.0785    17.0887    36.2997    36.3036    26.4934    26.4940    1517.82    132.380    133.789         32 0.0000e+00
      47914   1996.389    171.790    173.000    17.1596    17.1479   4.663528   4.662286     2.0418     1.7043     100.00   27.00610  -79.77874   -0.00003   -0.00114     3.0347     3.0643    17.1323    17.1189    36.3074    36.3086    26.4864    26.4906    1517.82    132.031    133.318         34 0.0000e+00
      47948   1997.794    170.798    172.000    17.2009    17.1857   4.668166   4.666558     2.0367     1.6989     100.00   27.00612  -79.77874   -0.00146   -0.00259     3.0201     3.0479    17.1720    17.1568    36.3126    36.3123    26.4808    26.4843    1517.82    131.398    132.606         33 0.0000e+00
      47981   1999.150    169.805    171.000    17.2497    17.2319   4.673723   4.671878     2.0314     1.6948      55.53   27.00614  -79.77874   -0.00320   -0.00344     3.0045     3.0343    17.2210    17.2032    36.3176    36.3165    26.4728    26.4763    1517.82    130.722    132.014         33 0.0000e+00
      48014   2000.538    168.813    170.000    17.3378    17.3094   4.683478   4.681252     2.0277     1.6917      98.94   27.00614  -79.77874   -0.00361   -0.00298     2.9897     3.0214    17.3091    17.2808    36.3275    36.3300    26.4590    26.4679    1517.82    130.077    131.454         33 0.0000e+00
      48048   2001.946    167.820    169.000    17.4163    17.4114   4.692756   4.692222     2.0239     1.6886     100.01   27.00615  -79.77874   -0.00296   -0.00237     2.9759     3.0070    17.3877    17.3828    36.3345    36.3343    26.4453    26.4463    1517.82    129.478    130.831         34 0.0000e+00
      48081   2003.352    166.827    168.000    17.4601    17.4646   4.698942   4.698983     2.0209     1.6874     100.00   27.00616  -79.77874   -0.00250   -0.00197     2.9656     3.0003    17.4316    17.4361    36.3493    36.3457    26.4460    26.4421    1517.82    129.032    130.542         33 0.0000e+00
      48116   2004.785    165.835    167.000    17.5314    17.5500   4.707059   4.709028     2.0207     1.6885     100.00   27.00617  -79.77874   -0.00178   -0.00075     2.9605     2.9982    17.5030    17.5216    36.3562    36.3598    26.4339    26.4321    1517.82    128.811    130.450         30 0.0000e+00
      48158   2006.556    164.842    166.000    17.5899    17.5925   4.713850   4.714280     2.0227     1.6900     100.00   27.00620  -79.77874    0.00009    0.00057     2.9609     2.9984    17.5617    17.5642    36.3630    36.3647    26.4247    26.4254    1517.82    128.830    130.459         47 0.0000e+00
      49026   2042.726    158.886    160.000    18.1635    18.1579   4.784301   4.781269     2.1356     1.8045      99.90   26.97933  -79.69838    0.00276    0.00762     3.1520     3.2430    18.1355    18.1300    36.4349    36.4268    26.3356    26.3299    1516.29    137.156    141.112         46 0.0000e+00
      50140   2089.111    157.894    159.000    18.3751    18.3792   4.811461   4.811852     2.2319     1.8821     100.00   27.00693  -79.77878    0.00059    0.00063     3.3737     3.4179    18.3471    18.3512    36.5017    36.5035    26.3358    26.3362    1517.82    146.802    148.726         50 0.0000e+00
      50283   2095.065    156.901    158.000    18.4094    18.3912   4.815430   4.813513     2.2397     1.8894     100.00   27.00697  -79.77878   -0.00001    0.00054     3.3905     3.4347    18.3816    18.3635    36.5075    36.5073    26.3316    26.3360    1517.82    147.534    149.456         60 0.0000e+00
      50344   2097.630    155.908    157.000    18.4421    18.4033   4.819337   4.814950     2.2449     1.8904     100.00   27.00700  -79.77878    0.00148    0.00028     3.3992     3.4354    18.4144    18.3756    36.5121    36.5085    26.3268    26.3339    1517.82    147.913    149.490         58 0.0000e+00
      50391   2099.592    154.916    156.000    18.4716    18.4123   4.821999   4.816095     2.2460     1.8925      26.96   27.00702  -79.77876    0.00173    0.00095     3.4014     3.4408    18.4434    18.3848    36.5095    36.5063    26.3175    26.3298    1517.82    148.011    149.724         32 0.0000e+00
      50426   2101.026    153.923    155.000    18.5236    18.4629   4.828106   4.820820     2.2342     1.8780      99.29   27.00703  -79.77876   -0.00169   -0.00169     3.3654     3.3987    18.4975    18.4356    36.5140    36.5070    26.3073    26.3176    1517.82    146.446    147.893         35 0.0000e+00
      50464   2102.615    152.930    154.000    18.5386    18.4987   4.829588   4.824855     2.2157     1.8604     100.00   27.00705  -79.77876   -0.00800   -0.00874     3.3261     3.3551    18.5113    18.4715    36.5148    36.5100    26.3044    26.3108    1517.82    144.737    145.997         41 0.0000e+00
      50503   2104.264    151.938    153.000    18.5669    18.5377   4.832258   4.829303     2.1995     1.8485      82.55   27.00706  -79.77876   -0.01103   -0.01023     3.2879     3.3230    18.5399    18.5107    36.5127    36.5135    26.2955    26.3035    1517.82    143.077    144.603         36 0.0000e+00
      50537   2105.659    150.945    152.000    18.6056    18.5622   4.836735   4.831997     2.1903     1.8427     100.15   27.00706  -79.77876   -0.00931   -0.00683     3.2644     3.3070    18.5787    18.5353    36.5168    36.5150    26.2888    26.2985    1517.82    142.053    143.906         32 0.0000e+00
      50569   2107.015    149.952    151.000    18.6518    18.6253   4.842256   4.839337     2.1853     1.8375      92.96   27.00707  -79.77876   -0.00662   -0.00460     3.2497     3.2896    18.6250    18.5985    36.5230    36.5218    26.2818    26.2876    1517.82    141.416    143.152         34 0.0000e+00
      50602   2108.383    148.959    150.000    18.6679    18.6511   4.843999   4.842253     2.1833     1.8359      98.72   27.00708  -79.77876   -0.00389   -0.00338     3.2439     3.2836    18.6412    18.6244    36.5240    36.5241    26.2784    26.2828    1517.82    141.164    142.892         31 0.0000e+00
      50632   2109.636    147.967    149.000    18.6923    18.6751   4.846125   4.844513     2.1806     1.8325      88.64   27.00710  -79.77876   -0.00205   -0.00213     3.2359     3.2736    18.6658    18.6486    36.5207    36.5223    26.2697    26.2753    1517.82    140.815    142.458         30 0.0000e+00
      50663   2110.911    146.974    148.000    18.7225    18.7026   4.849245   4.847365     2.1708     1.8224      82.13   27.00711  -79.77876   -0.00298   -0.00322     3.2119     3.2469    18.6961    18.6762    36.5208    36.5225    26.2620    26.2684    1517.82    139.771    141.294         32 0.0000e+00
      50698   2112.356    145.981    147.000    18.7497    18.7398   4.852138   4.850847     2.1575     1.8116     100.02   27.00712  -79.77876   -0.00720   -0.00673     3.1804     3.2182    18.7235    18.7136    36.5216    36.5194    26.2556    26.2564    1517.82    138.403    140.048         36 0.0000e+00
      50733   2113.819    144.989    146.000    18.7973    18.7735   4.857424   4.855007     2.1472     1.8029     100.00   27.00714  -79.77876   -0.00895   -0.00749     3.1540     3.1944    18.7712    18.7475    36.5245    36.5251    26.2457    26.2522    1517.82    137.257    139.013         34 0.0000e+00
      50765   2115.163    143.996    145.000    18.9045    18.8473   4.869616   4.863320     2.1459     1.8014     100.00   27.00716  -79.77876   -0.00574   -0.00490     3.1436     3.1858    18.8785    18.8214    36.5331    36.5305    26.2247    26.2374    1517.82    136.806    138.640         31 0.0000e+00
      50796   2116.458    143.003    144.000    19.0125    18.9376   4.881723   4.873491     2.1437     1.7981      99.67   27.00717  -79.77876   -0.00225   -0.00252     3.1316     3.1716    18.9866    18.9117    36.5401    36.5363    26.2024    26.2187    1517.82    136.284    138.026         31 0.0000e+00
      50829   2117.822    142.010    143.000    19.0580    19.0042   4.887118   4.881181     2.1372     1.7927     100.00   27.00718  -79.77876   -0.00214   -0.00241     3.1139     3.1543    19.0322    18.9785    36.5458    36.5433    26.1950    26.2068    1517.82    135.516    137.276         34 0.0000e+00
      50863   2119.230    141.018    142.000    19.0978    19.0526   4.890984   4.886186     2.1297     1.7866     100.00   27.00720  -79.77876   -0.00422   -0.00377     3.0946     3.1363    19.0721    19.0270    36.5436    36.5431    26.1830    26.1942    1517.82    134.678    136.494         32 0.0000e+00
      50894   2120.531    140.025    141.000    19.1570    19.1160   4.896634   4.892338     2.1219     1.7794     100.00   27.00721  -79.77876   -0.00538   -0.00441     3.0737     3.1148    19.1313    19.0905    36.5395    36.5394    26.1645    26.1750    1517.82    133.772    135.559         31 0.0000e+00
