GOMECC/GOMECC-4/1db/rb2103_0381.ros
* Sea-Bird SBE 9 Data File:
* FileName = C:\Users\scs.user.rb\CTD\GOMECC4\data\rb2103_0381.hex
* Software Version Seasave V 7.26.7.107
* Temperature SN = 4799
* Conductivity SN = 3860
* Number of Bytes Per Scan = 41
* Number of Voltage Words = 4
* Number of Scans Averaged by the Deck Unit = 1
* NMEA Latitude = 27 35.06 N
* NMEA Longitude = 089 59.95 W
* NMEA UTC (Time) = Sep 25 2021  13:55:17
* NMEA baud rate = 4800
# nquan = 17
# nvalues = 3192                                  
# units = specified
# name 0 = scan: Scan Count
# name 1 = timeS: Time, Elapsed [seconds]
# name 2 = depSM: Depth [salt water, m]
# name 3 = prDM: Pressure, Digiquartz [db]
# name 4 = t090C: Temperature [ITS-90, deg C]
# name 5 = t190C: Temperature, 2 [ITS-90, deg C]
# name 6 = c0S/m: Conductivity [S/m]
# name 7 = c1S/m: Conductivity, 2 [S/m]
# name 8 = sbeox0V: Oxygen raw, SBE 43 [V]
# name 9 = sbeox1V: Oxygen raw, SBE 43, 2 [V]
# name 10 = altM: Altimeter [m]
# name 11 = latitude: Latitude [deg]
# name 12 = longitude: Longitude [deg]
# name 13 = sbox0dV/dT: Oxygen, SBE 43 [dov/dt]
# name 14 = sbox1dV/dT: Oxygen, SBE 43, 2 [dov/dt]
# name 15 = nbf: Bottles Fired
# name 16 = flag:  0.000e+00
# interval = seconds: 0.0416667
# start_time = Sep 25 2021 13:55:17 [NMEA time, header]
# bad_flag = -9.990e-29
*END*
[from data line 681]
      83227   3467.750    448.191    451.670    10.8531    10.8580   3.941792   3.942351     1.6764     1.3736     100.00   27.59640  -89.99886   -0.00014   -0.00043          6  0.000e+00
      83228   3467.792    448.130    451.609    10.8536    10.8582   3.941859   3.942372     1.6764     1.3736     100.00   27.59640  -89.99884   -0.00013   -0.00043          6  0.000e+00
      83229   3467.833    448.069    451.548    10.8536    10.8580   3.941886   3.942406     1.6752     1.3736     100.00   27.59640  -89.99884   -0.00015   -0.00043          6  0.000e+00
      83230   3467.875    448.191    451.671    10.8541    10.8583   3.941913   3.942365     1.6764     1.3736     100.00   27.59640  -89.99884   -0.00013   -0.00043          6  0.000e+00
      83231   3467.917    448.130    451.609    10.8543    10.8583   3.941974   3.942399     1.6764     1.3736     100.00   27.59640  -89.99884   -0.00013   -0.00042          6  0.000e+00
      83232   3467.958    448.077    451.556    10.8548    10.8583   3.941987   3.942392     1.6752     1.3736     100.00   27.59640  -89.99884   -0.00015   -0.00042          6  0.000e+00
      83233   3468.000    448.077    451.556    10.8549    10.8583   3.942014   3.942406     1.6752     1.3736     100.00   27.59640  -89.99884   -0.00016   -0.00042          6  0.000e+00
      83234   3468.042    448.077    451.556    10.8551    10.8582   3.942047   3.942392     1.6764     1.3736     100.00   27.59640  -89.99884   -0.00016   -0.00041          6  0.000e+00
      83235   3468.083    448.077    451.556    10.8556    10.8583   3.942034   3.942385     1.6764     1.3736     100.00   27.59640  -89.99884   -0.00016   -0.00041          6  0.000e+00
      83236   3468.125    448.017    451.494    10.8554    10.8582   3.942068   3.942385     1.6764     1.3748     100.00   27.59640  -89.99884   -0.00016   -0.00039          6  0.000e+00
      83237   3468.167    448.017    451.495    10.8558    10.8582   3.942088   3.942358     1.6752     1.3748     100.00   27.59640  -89.99884   -0.00018   -0.00037          6  0.000e+00
      83238   3468.208    447.963    451.441    10.8555    10.8580   3.942095   3.942351     1.6752     1.3736     100.00   27.59640  -89.99884   -0.00020   -0.00036          6  0.000e+00
      83239   3468.250    448.017    451.495    10.8557    10.8582   3.942095   3.942371     1.6764     1.3736     100.00   27.59640  -89.99884   -0.00020   -0.00036          6  0.000e+00
      83240   3468.292    447.964    451.441    10.8558    10.8583   3.942068   3.942358     1.6764     1.3736     100.00   27.59640  -89.99884   -0.00019   -0.00035          6  0.000e+00
      83241   3468.333    447.956    451.433    10.8556    10.8583   3.942081   3.942399     1.6764     1.3748     100.00   27.59640  -89.99884   -0.00018   -0.00033          6  0.000e+00
      83242   3468.375    447.903    451.380    10.8556    10.8585   3.942068   3.942419     1.6764     1.3748     100.00   27.59640  -89.99884   -0.00017   -0.00031          6  0.000e+00
      83243   3468.417    447.964    451.441    10.8556    10.8588   3.942061   3.942419     1.6764     1.3736     100.00   27.59640  -89.99884   -0.00017   -0.00030          6  0.000e+00
      83244   3468.458    447.903    451.380    10.8553    10.8587   3.942081   3.942440     1.6764     1.3736     100.00   27.59640  -89.99884   -0.00017   -0.00030          6  0.000e+00
      83245   3468.500    447.850    451.326    10.8554    10.8588   3.942088   3.942426     1.6764     1.3748     100.00   27.59640  -89.99884   -0.00017   -0.00027          6  0.000e+00
      83246   3468.542    447.903    451.380    10.8553    10.8588   3.942068   3.942419     1.6764     1.3736     100.00   27.59640  -89.99884   -0.00017   -0.00027          6  0.000e+00
      83247   3468.583    447.850    451.326    10.8556    10.8588   3.942081   3.942392     1.6764     1.3748     100.00   27.59640  -89.99884   -0.00017   -0.00024          6  0.000e+00
      83248   3468.625    447.850    451.326    10.8556    10.8585   3.942068   3.942385     1.6764     1.3748     100.00   27.59640  -89.99884   -0.00015   -0.00022          6  0.000e+00
      83249   3468.667    447.850    451.326    10.8555    10.8583   3.942081   3.942358     1.6764     1.3736     100.00   27.59640  -89.99884   -0.00013   -0.00021          6  0.000e+00
      83250   3468.708    447.850    451.326    10.8557    10.8584   3.942088   3.942296     1.6764     1.3748     100.00   27.59640  -89.99884   -0.00011   -0.00019          6  0.000e+00
      83251   3468.750    447.728    451.204    10.8556    10.8582   3.942068   3.942303     1.6777     1.3748     100.00   27.59640  -89.99884   -0.00009   -0.00016          6  0.000e+00
      83252   3468.792    447.903    451.380    10.8559    10.8575   3.942108   3.942337     1.6764     1.3736     100.00   27.59640  -89.99884   -0.00009   -0.00016          6  0.000e+00
      83253   3468.833    447.789    451.265    10.8557    10.8577   3.942094   3.942324     1.6764     1.3748     100.00   27.59640  -89.99884   -0.00008   -0.00013          6  0.000e+00
      83254   3468.875    447.736    451.212    10.8558    10.8578   3.942115   3.942317     1.6752     1.3748     100.00   27.59640  -89.99884   -0.00010   -0.00011          6  0.000e+00
      83255   3468.917    447.789    451.265    10.8559    10.8577   3.942128   3.942290     1.6752     1.3748     100.00   27.59640  -89.99884   -0.00012   -0.00008          6  0.000e+00
      83256   3468.958    447.789    451.265    10.8561    10.8578   3.942182   3.942303     1.6752     1.3748     100.00   27.59640  -89.99884   -0.00013   -0.00006          6  0.000e+00
      83257   3469.000    447.789    451.265    10.8561    10.8583   3.942142   3.942337     1.6764     1.3748     100.00   27.59640  -89.99884   -0.00013   -0.00003          6  0.000e+00
      83258   3469.042    447.736    451.212    10.8561    10.8580   3.942155   3.942324     1.6764     1.3748     100.00   27.59640  -89.99884   -0.00012   -0.00001          6  0.000e+00
      83259   3469.083    447.736    451.212    10.8557    10.8582   3.942135   3.942365     1.6764     1.3748     100.00   27.59640  -89.99884   -0.00012    0.00002          6  0.000e+00
      83260   3469.125    447.790    451.265    10.8564    10.8582   3.942128   3.942358     1.6764     1.3748     100.00   27.59640  -89.99884   -0.00012    0.00004          6  0.000e+00
      83261   3469.167    447.736    451.212    10.8563    10.8580   3.942155   3.942351     1.6764     1.3748     100.00   27.59640  -89.99884   -0.00011    0.00007          6  0.000e+00
      83262   3469.208    447.729    451.204    10.8569    10.8585   3.942209   3.942426     1.6764     1.3748     100.00   27.59640  -89.99884   -0.00011    0.00009          6  0.000e+00
      83263   3469.250    447.736    451.212    10.8571    10.8588   3.942229   3.942453     1.6764     1.3748     100.00   27.59640  -89.99884   -0.00011    0.00011          6  0.000e+00
      83264   3469.292    447.737    451.212    10.8573    10.8590   3.942182   3.942453     1.6764     1.3748     100.00   27.59640  -89.99884   -0.00010    0.00014          6  0.000e+00
      83265   3469.333    447.737    451.212    10.8569    10.8588   3.942189   3.942426     1.6764     1.3748     100.00   27.59640  -89.99884   -0.00008    0.00016          6  0.000e+00
      83266   3469.375    447.737    451.212    10.8563    10.8590   3.942168   3.942467     1.6764     1.3748     100.00   27.59640  -89.99884   -0.00008    0.00019          6  0.000e+00
      83267   3469.417    447.737    451.212    10.8563    10.8592   3.942135   3.942487     1.6764     1.3748     100.00   27.59640  -89.99884   -0.00008    0.00021          6  0.000e+00
      83268   3469.458    447.790    451.266    10.8567    10.8598   3.942229   3.942508     1.6764     1.3748     100.00   27.59640  -89.99884   -0.00007    0.00024          6  0.000e+00
      83269   3469.500    447.737    451.212    10.8568    10.8598   3.942215   3.942603     1.6777     1.3748     100.00   27.59640  -89.99884   -0.00005    0.00026          6  0.000e+00
      83270   3469.542    447.790    451.266    10.8568    10.8600   3.942168   3.942569     1.6777     1.3748     100.00   27.59640  -89.99884   -0.00003    0.00027          6  0.000e+00
      83271   3469.583    447.737    451.212    10.8566    10.8601   3.942162   3.942528     1.6777     1.3748     100.00   27.59640  -89.99884    0.00001    0.00029          6  0.000e+00
      83272   3469.625    447.729    451.205    10.8564    10.8593   3.942168   3.942467     1.6764     1.3748     100.00   27.59640  -89.99884    0.00001    0.00030          6  0.000e+00
      83273   3469.667    447.851    451.327    10.8566    10.8588   3.942216   3.942399     1.6764     1.3748     100.00   27.59640  -89.99884    0.00001    0.00032          6  0.000e+00
      83274   3469.708    447.790    451.266    10.8569    10.8585   3.942202   3.942385     1.6764     1.3748     100.00   27.59640  -89.99884    0.00002    0.00035          6  0.000e+00
      83275   3469.750    447.790    451.266    10.8568    10.8585   3.942222   3.942405     1.6752     1.3736     100.00   27.59640  -89.99884 5.2753e-07    0.00034          6  0.000e+00
      83276   3469.792    447.790    451.266    10.8583    10.8587   3.942390   3.942440     1.6752     1.3748     100.00   27.59640  -89.99884   -0.00001    0.00034          6  0.000e+00
      83277   3469.833    447.851    451.327    10.8587    10.8588   3.942464   3.942453     1.6764     1.3748     100.00   27.59640  -89.99884   -0.00001    0.00035          6  0.000e+00
      83278   3469.875    447.851    451.328    10.8587    10.8587   3.942397   3.942399     1.6764     1.3736     100.00   27.59640  -89.99884   -0.00001    0.00035          6  0.000e+00
      83279   3469.917    447.851    451.328    10.8587    10.8582   3.942397   3.942358     1.6764     1.3748     100.00   27.59640  -89.99884   -0.00000    0.00036          6  0.000e+00
      83280   3469.958    447.904    451.381    10.8586    10.8577   3.942411   3.942269     1.6764     1.3748     100.00   27.59640  -89.99884 3.5169e-07    0.00037          6  0.000e+00
      83281   3470.000    447.851    451.328    10.8587    10.8570   3.942411   3.942249     1.6764     1.3748     100.00   27.59640  -89.99884    0.00000    0.00037          6  0.000e+00
      83282   3470.042    447.851    451.328    10.8584    10.8570   3.942377   3.942194     1.6764     1.3748     100.00   27.59640  -89.99884    0.00001    0.00038          6  0.000e+00
      83283   3470.083    447.958    451.435    10.8579    10.8565   3.942316   3.942228     1.6764     1.3748     100.00   27.59640  -89.99884    0.00001    0.00038          6  0.000e+00
      83284   3470.125    447.905    451.381    10.8576    10.8565   3.942249   3.942215     1.6764     1.3748     100.00   27.59640  -89.99884    0.00001    0.00038          6  0.000e+00
      83285   3470.167    447.965    451.443    10.8571    10.8564   3.942209   3.942160     1.6764     1.3748     100.00   27.59640  -89.99884    0.00002    0.00039          6  0.000e+00
      83286   3470.208    447.965    451.443    10.8568    10.8562   3.942222   3.942167     1.6764     1.3748     100.00   27.59640  -89.99884    0.00004    0.00039          6  0.000e+00
      83287   3470.250    447.965    451.443    10.8573    10.8560   3.942256   3.942153     1.6764     1.3748     100.00   27.59640  -89.99884    0.00004    0.00039          6  0.000e+00
      83288   3470.292    447.965    451.443    10.8566    10.8559   3.942135   3.942119     1.6764     1.3748     100.00   27.59640  -89.99884    0.00005    0.00040          6  0.000e+00
      83289   3470.333    448.019    451.497    10.8549    10.8562   3.941967   3.942133     1.6764     1.3748     100.00   27.59640  -89.99884    0.00005    0.00040          6  0.000e+00
      83290   3470.375    448.019    451.497    10.8540    10.8559   3.941839   3.942092     1.6764     1.3748     100.00   27.59640  -89.99884    0.00005    0.00040          6  0.000e+00
      83291   3470.417    448.080    451.558    10.8531    10.8559   3.941738   3.942153     1.6764     1.3748     100.00   27.59640  -89.99884    0.00006    0.00040          6  0.000e+00
      83292   3470.458    448.080    451.558    10.8531    10.8568   3.941718   3.942201     1.6764     1.3748     100.00   27.59640  -89.99884    0.00006    0.00040          6  0.000e+00
      83293   3470.500    448.019    451.497    10.8530    10.8573   3.941718   3.942290     1.6764     1.3748     100.00   27.59640  -89.99884    0.00007    0.00040          6  0.000e+00
      83294   3470.542    448.133    451.612    10.8534    10.8575   3.941765   3.942263     1.6752     1.3748     100.00   27.59640  -89.99884    0.00005    0.00040          6  0.000e+00
      83295   3470.583    448.133    451.612    10.8536    10.8573   3.941805   3.942269     1.6752     1.3748     100.00   27.59640  -89.99884    0.00004    0.00040          6  0.000e+00
      83296   3470.625    448.080    451.558    10.8531    10.8575   3.941792   3.942283     1.6764     1.3748     100.00   27.59640  -89.99884    0.00003    0.00040          6  0.000e+00
      83297   3470.667    448.194    451.673    10.8526    10.8575   3.941731   3.942256     1.6764     1.3748     100.00   27.59640  -89.99884    0.00003    0.00040          6  0.000e+00
      83298   3470.708    448.133    451.612    10.8521    10.8570   3.941658   3.942194     1.6764     1.3748     100.00   27.59640  -89.99884    0.00003    0.00040          6  0.000e+00
      83299   3470.750    448.194    451.673    10.8523    10.8550   3.941617   3.941942     1.6764     1.3748     100.00   27.59640  -89.99884    0.00004    0.00040          6  0.000e+00
      83300   3470.792    448.194    451.673    10.8515    10.8535   3.941584   3.941765     1.6764     1.3748     100.00   27.59640  -89.99886    0.00004    0.00040          6  0.000e+00
      83301   3470.833    448.247    451.727    10.8516    10.8523   3.941597   3.941649     1.6764     1.3748     100.00   27.59640  -89.99886    0.00005    0.00040          6  0.000e+00
      83302   3470.875    448.194    451.673    10.8516    10.8522   3.941610   3.941670     1.6764     1.3748     100.00   27.59640  -89.99886    0.00005    0.00040          6  0.000e+00
      83303   3470.917    448.247    451.727    10.8508    10.8527   3.941476   3.941745     1.6764     1.3748     100.00   27.59640  -89.99886    0.00006    0.00039          6  0.000e+00
      83304   3470.958    448.308    451.789    10.8491    10.8523   3.941301   3.941731     1.6764     1.3748     100.00   27.59640  -89.99886    0.00006    0.00039          6  0.000e+00
      83305   3471.000    448.308    451.789    10.8487    10.8522   3.941241   3.941677     1.6764     1.3748     100.00   27.59640  -89.99886    0.00005    0.00039          6  0.000e+00
      83306   3471.042    448.300    451.781    10.8487    10.8520   3.941234   3.941636     1.6764     1.3748     100.00   27.59640  -89.99886    0.00005    0.00038          6  0.000e+00
      83307   3471.083    448.308    451.789    10.8475    10.8523   3.941126   3.941697     1.6764     1.3748     100.00   27.59640  -89.99886    0.00005    0.00038          6  0.000e+00
      83308   3471.125    448.361    451.842    10.8465    10.8527   3.941032   3.941779     1.6764     1.3748     100.00   27.59640  -89.99886    0.00006    0.00038          6  0.000e+00
      83309   3471.167    448.361    451.842    10.8472    10.8532   3.941073   3.941792     1.6764     1.3748     100.00   27.59640  -89.99886    0.00008    0.00037          6  0.000e+00
      83310   3471.208    448.361    451.842    10.8483    10.8522   3.941221   3.941615     1.6764     1.3748     100.00   27.59640  -89.99886    0.00010    0.00037          6  0.000e+00
