GOMECC/GOMECC-4/1db/rb2103_0461.ros
* Sea-Bird SBE 9 Data File:
* FileName = C:\Users\scs.user.rb\CTD\GOMECC4\data\rb2103_0461.hex
* Software Version Seasave V 7.26.7.107
* Temperature SN = 4799
* Conductivity SN = 3860
* Number of Bytes Per Scan = 41
* Number of Voltage Words = 4
* Number of Scans Averaged by the Deck Unit = 1
* NMEA Latitude = 28 58.22 N
* NMEA Longitude = 090 12.61 W
* NMEA UTC (Time) = Sep 26 2021  13:43:55
* NMEA baud rate = 4800
# nquan = 17
# nvalues = 399                                   
# units = specified
# name 0 = scan: Scan Count
# name 1 = timeS: Time, Elapsed [seconds]
# name 2 = depSM: Depth [salt water, m]
# name 3 = prDM: Pressure, Digiquartz [db]
# name 4 = t090C: Temperature [ITS-90, deg C]
# name 5 = t190C: Temperature, 2 [ITS-90, deg C]
# name 6 = c0S/m: Conductivity [S/m]
# name 7 = c1S/m: Conductivity, 2 [S/m]
# name 8 = sbeox0V: Oxygen raw, SBE 43 [V]
# name 9 = sbeox1V: Oxygen raw, SBE 43, 2 [V]
# name 10 = altM: Altimeter [m]
# name 11 = latitude: Latitude [deg]
# name 12 = longitude: Longitude [deg]
# name 13 = sbox0dV/dT: Oxygen, SBE 43 [dov/dt]
# name 14 = sbox1dV/dT: Oxygen, SBE 43, 2 [dov/dt]
# name 15 = nbf: Bottles Fired
# name 16 = flag:  0.000e+00
# interval = seconds: 0.0416667
# start_time = Sep 26 2021 13:43:55 [NMEA time, header]
# bad_flag = -9.990e-29
*END*
[from data line 256]
      14585    607.667     10.001     10.069    26.2146    26.2338   4.107256   4.116525     3.3260     2.8523       9.18   28.97174  -90.21216   -0.00078   -0.00101          2  0.000e+00
      14586    607.708      9.986     10.054    26.2135    26.2345   4.107044   4.117281     3.3248     2.8535       9.21   28.97174  -90.21216   -0.00077   -0.00098          2  0.000e+00
      14587    607.750     10.001     10.069    26.2135    26.2370   4.107139   4.118466     3.3248     2.8559       9.18   28.97174  -90.21216   -0.00078   -0.00091          2  0.000e+00
      14588    607.792      9.986     10.054    26.2140    26.2444   4.107427   4.119867     3.3260     2.8559       9.21   28.97174  -90.21216   -0.00077   -0.00082          2  0.000e+00
      14589    607.833     10.001     10.069    26.2142    26.2491   4.107707   4.120949     3.3260     2.8535       9.18   28.97174  -90.21216   -0.00076   -0.00078          2  0.000e+00
      14590    607.875      9.986     10.054    26.2144    26.2484   4.107946   4.121969     3.3272     2.8535       9.18   28.97174  -90.21216   -0.00073   -0.00073          2  0.000e+00
      14591    607.917     10.001     10.069    26.2155    26.2513   4.108062   4.122871     3.3260     2.8559       9.18   28.97174  -90.21216   -0.00072   -0.00063          2  0.000e+00
      14592    607.958      9.986     10.054    26.2156    26.2593   4.107973   4.123460     3.3260     2.8559       9.18   28.97174  -90.21216   -0.00071   -0.00053          2  0.000e+00
      14593    608.000      9.948     10.016    26.2159    26.2633   4.107782   4.123592     3.3260     2.8547       9.18   28.97174  -90.21216   -0.00070   -0.00045          2  0.000e+00
      14594    608.042     10.039     10.107    26.2156    26.2609   4.107693   4.123079     3.3272     2.8523       9.21   28.97174  -90.21216   -0.00067   -0.00041          2  0.000e+00
      16702    695.875      3.607      3.631    26.2019    26.2019   4.098356   4.097599     3.3297     2.8571      15.36   28.97196  -90.21230   -0.00065    0.00197          3  0.000e+00
      16703    695.917      3.675      3.700    26.2030    26.2017   4.098705   4.097557     3.3297     2.8559      15.34   28.97196  -90.21230   -0.00065    0.00209          3  0.000e+00
      16704    695.958      3.675      3.700    26.2033    26.2007   4.098725   4.097433     3.3309     2.8584      15.34   28.97196  -90.21230   -0.00064    0.00222          3  0.000e+00
      16705    696.000      3.720      3.746    26.2026    26.2017   4.098302   4.097274     3.3297     2.8571      15.34   28.97196  -90.21230   -0.00066    0.00234          3  0.000e+00
      16706    696.042      3.735      3.761    26.2000    26.2013   4.097550   4.096630     3.3297     2.8559      15.34   28.97196  -90.21230   -0.00070    0.00243          3  0.000e+00
      16707    696.083      3.675      3.700    26.1971    26.2008   4.096867   4.095516     3.3297     2.8547      15.36   28.97196  -90.21230   -0.00072    0.00249          3  0.000e+00
      16708    696.125      3.720      3.746    26.1955    26.1980   4.096089   4.094333     3.3297     2.8584      15.41   28.97196  -90.21230   -0.00072    0.00260          3  0.000e+00
      16709    696.167      3.675      3.700    26.1925    26.1949   4.095058   4.093503     3.3309     2.8571      15.43   28.97196  -90.21230   -0.00072    0.00268          3  0.000e+00
      16710    696.208      3.660      3.685    26.1899    26.1929   4.094191   4.093032     3.3297     2.8559      15.43   28.97196  -90.21230   -0.00074    0.00273          3  0.000e+00
      16711    696.250      3.675      3.700    26.1894    26.1907   4.093781   4.092694     3.3297     2.8547      15.43   28.97196  -90.21230   -0.00073    0.00275          3  0.000e+00
      16712    696.292      3.675      3.700    26.1898    26.1898   4.093631   4.092424     3.3297     2.8559      15.43   28.97196  -90.21230   -0.00073    0.00278          3  0.000e+00
      16713    696.333      3.660      3.685    26.1896    26.1887   4.093795   4.092286     3.3297     2.8559      15.43   28.97196  -90.21230   -0.00075    0.00281          3  0.000e+00
      16714    696.375      3.622      3.647    26.1901    26.1883   4.094396   4.092209     3.3297     2.8559      15.43   28.97196  -90.21230   -0.00078    0.00284          3  0.000e+00
      16715    696.417      3.735      3.761    26.1914    26.1880   4.095051   4.092113     3.3284     2.8559      15.41   28.97196  -90.21230   -0.00079    0.00285          3  0.000e+00
      16716    696.458      3.607      3.631    26.1930    26.1876   4.095502   4.092009     3.3284     2.8559      15.41   28.97196  -90.21230   -0.00080    0.00285          3  0.000e+00
      16717    696.500      3.675      3.700    26.1944    26.1872   4.095789   4.091981     3.3297     2.8571      15.43   28.97196  -90.21230   -0.00085    0.00289          3  0.000e+00
      16718    696.542      3.607      3.631    26.1952    26.1871   4.096041   4.091898     3.3297     2.8584      15.43   28.97196  -90.21230   -0.00086    0.00293          3  0.000e+00
      16719    696.583      3.675      3.700    26.1962    26.1869   4.096267   4.091843     3.3297     2.8571      15.43   28.97196  -90.21230   -0.00084    0.00294          3  0.000e+00
      16720    696.625      3.675      3.700    26.1959    26.1869   4.096287   4.091919     3.3297     2.8547      15.41   28.97196  -90.21230   -0.00086    0.00292          3  0.000e+00
      16721    696.667      3.607      3.631    26.1959    26.1871   4.096144   4.092133     3.3284     2.8523      15.43   28.97196  -90.21230   -0.00091    0.00286          3  0.000e+00
      16722    696.708      3.675      3.700    26.1961    26.1877   4.096021   4.092348     3.3297     2.8547      15.41   28.97196  -90.21230   -0.00091    0.00284          3  0.000e+00
      16723    696.750      3.675      3.700    26.1961    26.1882   4.096048   4.092562     3.3297     2.8547      15.43   28.97196  -90.21230   -0.00094    0.00279          3  0.000e+00
      16724    696.792      3.660      3.685    26.1962    26.1885   4.096123   4.092673     3.3297     2.8535      15.43   28.97196  -90.21230   -0.00093    0.00273          3  0.000e+00
      16725    696.833      3.622      3.647    26.1964    26.1891   4.096089   4.092797     3.3297     2.8535      15.43   28.97196  -90.21230   -0.00095    0.00266          3  0.000e+00
      16726    696.875      3.660      3.685    26.1962    26.1889   4.096096   4.092991     3.3297     2.8523      15.43   28.97196  -90.21230   -0.00097    0.00257          3  0.000e+00
      16727    696.917      3.675      3.700    26.1962    26.1891   4.096103   4.093019     3.3297     2.8510      15.43   28.97196  -90.21230   -0.00100    0.00247          3  0.000e+00
      16728    696.958      3.675      3.700    26.1962    26.1895   4.096287   4.093033     3.3309     2.8510      15.43   28.97196  -90.21230   -0.00100    0.00236          3  0.000e+00
      16729    697.000      3.660      3.685    26.1968    26.1895   4.096376   4.093019     3.3309     2.8498      15.43   28.97196  -90.21230   -0.00099    0.00225          3  0.000e+00
      16730    697.042      3.675      3.700    26.1964    26.1897   4.096335   4.093012     3.3309     2.8498      15.46   28.97196  -90.21230   -0.00098    0.00214          3  0.000e+00
      16731    697.083      3.622      3.647    26.1964    26.1900   4.096239   4.093060     3.3309     2.8498      15.53   28.97196  -90.21230   -0.00098    0.00203          3  0.000e+00
      16732    697.125      3.720      3.745    26.1962    26.1900   4.096342   4.093109     3.3297     2.8486      15.53   28.97196  -90.21230   -0.00100    0.00190          3  0.000e+00
      16733    697.167      3.675      3.700    26.1970    26.1900   4.096601   4.093088     3.3309     2.8486      15.56   28.97196  -90.21230   -0.00099    0.00177          3  0.000e+00
      16734    697.208      3.660      3.685    26.1977    26.1898   4.096833   4.093053     3.3309     2.8486      15.56   28.97196  -90.21230   -0.00099    0.00166          3  0.000e+00
      16735    697.250      3.675      3.700    26.1979    26.1898   4.096861   4.093046     3.3309     2.8486      15.53   28.97196  -90.21230   -0.00098    0.00153          3  0.000e+00
      16736    697.292      3.675      3.700    26.1968    26.1896   4.096772   4.092963     3.3309     2.8474      15.56   28.97196  -90.21230   -0.00098    0.00139          3  0.000e+00
      16737    697.333      3.660      3.685    26.1970    26.1897   4.096663   4.092943     3.3309     2.8474      15.56   28.97196  -90.21230   -0.00098    0.00124          3  0.000e+00
      16738    697.375      3.622      3.647    26.1973    26.1896   4.096642   4.092943     3.3309     2.8474      15.53   28.97196  -90.21230   -0.00095    0.00111          3  0.000e+00
      16739    697.417      3.735      3.761    26.1975    26.1898   4.096608   4.092963     3.3297     2.8474      15.53   28.97196  -90.21230   -0.00097    0.00097          3  0.000e+00
      16740    697.458      3.607      3.631    26.1977    26.1898   4.096499   4.092977     3.3297     2.8474      15.53   28.97196  -90.21230   -0.00099    0.00082          3  0.000e+00
      16741    697.500      3.735      3.761    26.1975    26.1896   4.096273   4.092977     3.3284     2.8474      15.53   28.97196  -90.21230   -0.00099    0.00069          3  0.000e+00
      16742    697.542      3.607      3.631    26.1968    26.1900   4.095918   4.092977     3.3284     2.8474      15.56   28.97196  -90.21230   -0.00101    0.00056          3  0.000e+00
      16743    697.583      3.675      3.700    26.1959    26.1898   4.095604   4.092977     3.3284     2.8474      15.56   28.97196  -90.21230   -0.00104    0.00043          3  0.000e+00
      16744    697.625      3.622      3.647    26.1944    26.1899   4.095345   4.093081     3.3284     2.8474      15.56   28.97196  -90.21230   -0.00104    0.00031          3  0.000e+00
      16745    697.667      3.607      3.631    26.1939    26.1900   4.095201   4.093330     3.3284     2.8474      15.53   28.97196  -90.21230   -0.00104    0.00018          3  0.000e+00
      16746    697.708      3.675      3.700    26.1943    26.1907   4.095283   4.093593     3.3284     2.8486      15.53   28.97196  -90.21230   -0.00103    0.00007          3  0.000e+00
      16747    697.750      3.622      3.647    26.1948    26.1907   4.095590   4.093627     3.3284     2.8486      15.53   28.97196  -90.21230   -0.00103   -0.00004          3  0.000e+00
      16748    697.792      3.660      3.685    26.1955    26.1911   4.095809   4.093621     3.3284     2.8486      15.53   28.97198  -90.21230   -0.00102   -0.00015          3  0.000e+00
      16749    697.833      3.562      3.586    26.1955    26.1913   4.095857   4.093697     3.3284     2.8486      15.53   28.97198  -90.21230   -0.00101   -0.00024          3  0.000e+00
      16750    697.875      3.607      3.631    26.1953    26.1914   4.095877   4.093800     3.3284     2.8486      15.56   28.97198  -90.21230   -0.00100   -0.00035          3  0.000e+00
      16751    697.917      3.675      3.700    26.1955    26.1916   4.095973   4.093828     3.3284     2.8486      15.53   28.97198  -90.21230   -0.00099   -0.00046          3  0.000e+00
      16752    697.958      3.562      3.586    26.1955    26.1918   4.095891   4.093828     3.3284     2.8498      15.56   28.97198  -90.21230   -0.00097   -0.00055          3  0.000e+00
      16753    698.000      3.607      3.631    26.1955    26.1916   4.095795   4.093883     3.3284     2.8498      15.56   28.97198  -90.21230   -0.00096   -0.00062          3  0.000e+00
      16754    698.042      3.562      3.586    26.1953    26.1918   4.095727   4.093925     3.3284     2.8498      15.51   28.97198  -90.21230   -0.00089   -0.00070          3  0.000e+00
      16755    698.083      3.622      3.647    26.1955    26.1922   4.095734   4.094042     3.3272     2.8498      15.51   28.97198  -90.21230   -0.00087   -0.00079          3  0.000e+00
      16756    698.125      3.554      3.578    26.1953    26.1924   4.095720   4.094160     3.3284     2.8498      15.48   28.97198  -90.21230   -0.00085   -0.00088          3  0.000e+00
      16757    698.167      3.562      3.586    26.1953    26.1924   4.095577   4.094236     3.3284     2.8510      15.48   28.97198  -90.21230   -0.00085   -0.00094          3  0.000e+00
      16758    698.208      3.554      3.578    26.1952    26.1925   4.095345   4.094388     3.3297     2.8498      15.48   28.97198  -90.21230   -0.00077   -0.00102          3  0.000e+00
      16759    698.250      3.562      3.586    26.1950    26.1927   4.095229   4.094541     3.3284     2.8510      15.48   28.97198  -90.21230   -0.00069   -0.00107          3  0.000e+00
      16760    698.292      3.562      3.586    26.1946    26.1931   4.095235   4.094603     3.3284     2.8498      15.51   28.97198  -90.21230   -0.00065   -0.00115          3  0.000e+00
      16761    698.333      3.554      3.578    26.1946    26.1933   4.095276   4.094693     3.3284     2.8510      15.48   28.97198  -90.21230   -0.00062   -0.00121          3  0.000e+00
      16762    698.375      3.509      3.533    26.1946    26.1933   4.095147   4.094741     3.3297     2.8498      15.48   28.97198  -90.21230   -0.00057   -0.00127          3  0.000e+00
      16763    698.417      3.562      3.586    26.1944    26.1938   4.094751   4.094727     3.3297     2.8498      15.48   28.97198  -90.21230   -0.00052   -0.00134          3  0.000e+00
      16764    698.458      3.607      3.631    26.1937    26.1936   4.094826   4.094741     3.3297     2.8498      15.48   28.97198  -90.21230   -0.00047   -0.00142          3  0.000e+00
      16765    698.500      3.509      3.533    26.1937    26.1937   4.094914   4.094776     3.3297     2.8486      15.51   28.97198  -90.21230   -0.00042   -0.00151          3  0.000e+00
      16766    698.542      3.554      3.578    26.1943    26.1938   4.094928   4.094873     3.3297     2.8486      15.48   28.97198  -90.21230   -0.00037   -0.00158          3  0.000e+00
      16767    698.583      3.562      3.586    26.1944    26.1942   4.094949   4.094900     3.3297     2.8486      15.48   28.97198  -90.21230   -0.00031   -0.00166          3  0.000e+00
      16768    698.625      3.562      3.586    26.1944    26.1943   4.094962   4.095004     3.3297     2.8474      15.51   28.97198  -90.21230   -0.00029   -0.00175          3  0.000e+00
      16769    698.667      3.494      3.517    26.1943    26.1947   4.094962   4.095170     3.3297     2.8486      15.48   28.97198  -90.21230   -0.00026   -0.00182          3  0.000e+00
      16770    698.708      3.562      3.586    26.1943    26.1949   4.095044   4.095212     3.3297     2.8474      15.48   28.97198  -90.21230   -0.00025   -0.00189          3  0.000e+00
      16771    698.750      3.562      3.586    26.1937    26.1952   4.095174   4.095135     3.3297     2.8474      15.51   28.97198  -90.21230   -0.00023   -0.00196          3  0.000e+00
      16772    698.792      3.554      3.578    26.1939    26.1947   4.095399   4.095059     3.3284     2.8474      15.48   28.97198  -90.21230   -0.00025   -0.00203          3  0.000e+00
      16773    698.833      3.562      3.586    26.1953    26.1949   4.095515   4.095087     3.3297     2.8474      15.48   28.97198  -90.21230   -0.00023   -0.00210          3  0.000e+00
      16774    698.875      3.607      3.631    26.1955    26.1949   4.095590   4.095025     3.3297     2.8474      15.48   28.97198  -90.21230   -0.00021   -0.00216          3  0.000e+00
      16775    698.917      3.562      3.586    26.1957    26.1947   4.095686   4.095087     3.3297     2.8462      15.48   28.97198  -90.21230   -0.00020   -0.00223          3  0.000e+00
