GOMECC/GOMECC-4/1db/rb2103_0031.cnv
* Sea-Bird SBE 9 Data File:
* FileName = C:\Users\scs.user.rb\CTD\GOMECC4\data\rb2103_003.hex
* Software Version Seasave V 7.26.7.107
* Temperature SN = 4799
* Conductivity SN = 3860
* Number of Bytes Per Scan = 41
* Number of Voltage Words = 4
* Number of Scans Averaged by the Deck Unit = 1
* NMEA Latitude = 26 59.30 N
* NMEA Longitude = 079 46.65 W
* NMEA UTC (Time) = Sep 14 2021  20:49:18
* NMEA baud rate = 4800
# nquan = 28
# nvalues = 459                         
# units = specified
# name 0 = scan: Scan Count
# name 1 = timeS: Time, Elapsed [seconds]
# name 2 = depSM: Depth [salt water, m]
# name 3 = prDM: Pressure, Digiquartz [db]
# name 4 = t090C: Temperature [ITS-90, deg C]
# name 5 = t190C: Temperature, 2 [ITS-90, deg C]
# name 6 = c0S/m: Conductivity [S/m]
# name 7 = c1S/m: Conductivity, 2 [S/m]
# name 8 = sbeox0V: Oxygen raw, SBE 43 [V]
# name 9 = sbeox1V: Oxygen raw, SBE 43, 2 [V]
# name 10 = altM: Altimeter [m]
# name 11 = latitude: Latitude [deg]
# name 12 = longitude: Longitude [deg]
# name 13 = sbox0dV/dT: Oxygen, SBE 43 [dov/dt]
# name 14 = sbox1dV/dT: Oxygen, SBE 43, 2 [dov/dt]
# name 15 = sbeox0ML/L: Oxygen, SBE 43 [ml/l], WS = 5
# name 16 = sbeox1ML/L: Oxygen, SBE 43, 2 [ml/l], WS = 5
# name 17 = potemp090C: Potential Temperature [ITS-90, deg C]
# name 18 = potemp190C: Potential Temperature, 2 [ITS-90, deg C]
# name 19 = sal00: Salinity, Practical [PSU]
# name 20 = sal11: Salinity, Practical, 2 [PSU]
# name 21 = sigma-é00: Density [sigma-theta, kg/m^3]
# name 22 = sigma-é11: Density, 2 [sigma-theta, kg/m^3]
# name 23 = avgsvCM: Average Sound Velocity [Chen-Millero, m/s], minP = 20, minS = 20
# name 24 = sbox0Mm/Kg: Oxygen, SBE 43 [umol/kg], WS = 5
# name 25 = sbox1Mm/Kg: Oxygen, SBE 43, 2 [umol/kg], WS = 5
# name 26 = nbin: number of scans per bin
# name 27 = flag: flag
# span 0 =       7231,      75079       
# span 1 =    301.264,   3128.230       
# span 2 =      1.987,    388.062       
# span 3 =      2.000,    391.000       
# span 4 =     7.6128,    29.6522       
# span 5 =     7.6141,    29.6390       
# span 6 =   3.599509,   5.999852       
# span 7 =   3.599630,   5.997224       
# span 8 =     1.6825,     3.1792       
# span 9 =     1.3883,     2.7041       
# span 10 =       7.60,     101.36      
# span 11 =   26.72850,   27.16493      
# span 12 =  -80.22636,  -78.93829      
# span 13 =   -0.07229,    0.03996      
# span 14 =   -0.05351,    0.01806      
# span 15 =     2.7154,     4.4740      
# span 16 =     2.5889,     4.4965      
# span 17 =     7.5738,    29.6470      
# span 18 =     7.5751,    29.6377      
# span 19 =    34.9633,    36.9445      
# span 20 =    34.9633,    36.9469      
# span 21 =    22.1538,    27.3080      
# span 22 =    22.1543,    27.3078      
# span 23 =       0.00,    1546.31      
# span 24 =    118.068,    195.119      
# span 25 =    113.082,    196.102      
# span 26 =         30,         74      
# span 27 = 0.0000e+00, 0.0000e+00      
# interval = decibars: 1                
# start_time = Sep 14 2021 20:49:18 [NMEA time, header]
# bad_flag = -9.990e-29
*END*
[from data line 415]
      58147   2422.768     71.514     72.000    25.7156    25.7870   5.567213   5.574067     3.0268     2.5860     100.00   27.00987  -79.77884    0.00132    0.00029     4.4324     4.4575    25.6996    25.7710    36.3367    36.3303    24.1361    24.1090    1517.82    193.287    194.386         57 0.0000e+00
      58199   2424.911     70.521     71.000    25.7658    25.7942   5.571647   5.574672     3.0316     2.5890     100.00   27.00988  -79.77884    0.00143    0.00180     4.4370     4.4628    25.7500    25.7784    36.3297    36.3293    24.1151    24.1059    1517.82    193.489    194.619         46 0.0000e+00
      58247   2426.906     69.528     70.000    25.7901    25.8103   5.573932   5.576039     3.0342     2.5893      90.86   27.00989  -79.77884    0.00198    0.00142     4.4398     4.4621    25.7745    25.7947    36.3275    36.3269    24.1058    24.0994    1517.82    193.616    194.588         51 0.0000e+00
      58302   2429.212     68.535     69.000    25.8347    25.9429   5.578038   5.589348     3.0360     2.5903      99.93   27.00991  -79.77884    0.00096   -0.00051     4.4393     4.4541    25.8193    25.9275    36.3227    36.3208    24.0882    24.0525    1517.82    193.598    194.249         60 0.0000e+00
      58359   2431.579     67.542     68.000    25.9619    26.2935   5.590653   5.629277     3.0400     2.6026     100.00   27.00994  -79.77884    0.00112    0.00424     4.4365     4.4544    25.9467    26.2781    36.3142    36.3334    24.0419    23.9545    1517.82    193.484    194.280         50 0.0000e+00
      58404   2433.477     66.549     67.000    26.4778    26.7551   5.654342   5.684498     3.0572     2.6117      99.84   27.00996  -79.77884    0.00400    0.00478     4.4233     4.4354    26.4746    26.7397    36.3689    36.3702    23.9169    23.8334    1517.82    192.931    193.474         44 0.0000e+00
      58450   2435.395     65.556     66.000    26.7929    26.8418   5.688635   5.696186     3.0634     2.6088     100.00   27.00998  -79.77884    0.00683    0.00275     4.4121     4.4226    26.7778    26.8267    36.3708    36.3865    23.8218    23.8193    1517.82    192.459    192.919         48 0.0000e+00
      58499   2437.432     64.562     65.000    26.9890    26.9439   5.712350   5.708479     3.0658     2.6070     100.00   27.01000  -79.77884    0.00272   -0.00213     4.4002     4.4092    26.9740    26.9289    36.3880    36.3902    23.7720    23.7880    1517.82    191.949    192.338         50 0.0000e+00
      58551   2439.596     63.569     64.000    27.2264    27.4476   5.739781   5.765597     3.0721     2.6141     100.00   27.01002  -79.77884    0.00222    0.00245     4.3927     4.3866    27.2115    27.4327    36.3992    36.4109    23.7040    23.6412    1517.82    191.634    191.382         54 0.0000e+00
      58603   2441.766     62.576     63.000    27.4502    27.6133   5.764829   5.784707     3.0773     2.6180     100.00   27.01002  -79.77884    0.00285    0.00209     4.3841     4.3819    27.4354    27.5986    36.4042    36.4182    23.6354    23.5929    1517.82    191.273    191.186         49 0.0000e+00
      58652   2443.796     61.583     62.000    27.5566    27.6610   5.777535   5.790173     3.0769     2.6162     100.00   27.01004  -79.77884    0.00111    0.00083     4.3744     4.3742    27.5421    27.6465    36.4116    36.4202    23.6063    23.5788    1517.82    190.857    190.852         51 0.0000e+00
      58706   2446.027     60.590     61.000    27.6296    27.7412   5.784967   5.799142     3.0746     2.6160      97.34   27.01006  -79.77884   -0.00094   -0.00126     4.3640     4.3678    27.6153    27.7269    36.4084    36.4220    23.5801    23.5537    1517.82    190.405    190.576         53 0.0000e+00
      58755   2448.079     59.597     60.000    27.7530    27.8393   5.799142   5.809335     3.0766     2.6211     100.02   27.01008  -79.77884 9.6183e-07    0.00152     4.3574     4.3702    27.7389    27.8251    36.4130    36.4182    23.5432    23.5190    1517.82    190.126    190.687         46 0.0000e+00
      58802   2450.060     58.604     59.000    27.8520    27.9012   5.809641   5.815277     3.0825     2.6275      94.35   27.01010  -79.77884    0.00193    0.00316     4.3601     4.3784    27.8381    27.8873    36.4108    36.4125    23.5091    23.4943    1517.82    190.251    191.053         54 0.0000e+00
      58867   2452.755     57.610     58.000    27.9985    28.1523   5.823045   5.836912     3.0931     2.6390      89.49   27.01013  -79.77884    0.00373    0.00368     4.3684     4.3842    27.9848    28.1385    36.3924    36.3713    23.4472    23.3807    1517.82    190.625    191.326         54 0.0000e+00
      62476   2603.114     48.672     49.000    28.7317    28.8081   5.890361   5.899868     3.1753     2.6967     100.04   27.02222  -79.81066   -0.00047   -0.00085     4.4593     4.4503    28.7188    28.7963    36.3104    36.3178    23.1445    23.1243    1518.43    194.647    194.260         58 0.0000e+00
      62548   2606.132     47.679     48.000    28.8093    28.8565   5.898691   5.904463     3.1672     2.6898      99.87   27.01148  -79.77884   -0.00122   -0.00108     4.4378     4.4321    28.7977    28.8449    36.3023    36.3073    23.1101    23.0980    1517.82    193.714    193.470         41 0.0000e+00
      62641   2609.984     46.686     47.000    28.8641    28.9047   5.905123   5.910079     3.1648     2.6828      99.97   27.01151  -79.77884   -0.00064   -0.00160     4.4285     4.4138    28.8528    28.8933    36.3055    36.3091    23.0940    23.0832    1517.82    193.311    192.672         46 0.0000e+00
      62716   2613.132     45.692     46.000    28.9096    28.9470   5.910327   5.914409     3.1600     2.6872     100.00   27.01153  -79.77884   -0.00114    0.00079     4.4155     4.4196    28.8984    28.9359    36.3068    36.3086    23.0798    23.0686    1517.82    192.749    192.928         52 0.0000e+00
      62817   2617.317     44.699     45.000    28.9539    29.0017   5.914995   5.920130     3.1603     2.6885      97.46   27.01158  -79.77884   -0.00007   -0.00001     4.4123     4.4176    28.9430    28.9908    36.3062    36.3059    23.0643    23.0481    1517.82    192.613    192.844         45 0.0000e+00
      62893   2620.502     43.706     44.000    29.0033    29.0357   5.920092   5.923784     3.1629     2.6911     100.84   27.01161  -79.77884   -0.00003    0.00190     4.4127     4.4193    28.9926    29.0250    36.3042    36.3050    23.0462    23.0359    1517.82    192.632    192.921         43 0.0000e+00
      62988   2624.472     42.713     43.000    29.0282    29.0593   5.922567   5.926045     3.1621     2.6867      90.71   27.01163  -79.77884   -0.00019   -0.00130     4.4088     4.4083    29.0178    29.0488    36.3025    36.3032    23.0365    23.0265    1517.82    192.465    192.444         59 0.0000e+00
      63066   2627.714     40.726     41.000    29.0284    29.0450   5.917892   5.919759     3.1586     2.6877      99.84   26.96931  -79.65364    0.00031    0.00253     4.3996     4.4086    29.0185    29.0350    36.2434    36.2437    22.9832    22.9779    1515.44    192.064    192.457         61 0.0000e+00
      64913   2704.683     35.760     36.000    29.1837    29.1918   5.939974   5.940992     3.1666     2.6922      85.00   27.02750  -79.82370    0.00004    0.00126     4.4014     4.4068    29.1749    29.1830    36.3123    36.3161    22.9936    22.9941    1518.67    192.152    192.385         35 0.0000e+00
      64985   2707.650     34.767     35.000    29.1828    29.1949   5.938084   5.939598     3.1651     2.6874      96.74   27.01233  -79.77884    0.00119   -0.00029     4.3982     4.3959    29.1743    29.1864    36.2948    36.2961    22.9780    22.9749    1517.82    192.013    191.910         36 0.0000e+00
      65090   2712.059     33.774     34.000    29.2018    29.2197   5.940045   5.942239     3.1641     2.6826      86.56   27.01238  -79.77884   -0.00017   -0.00326     4.3944     4.3840    29.1935    29.2114    36.2944    36.2958    22.9713    22.9663    1517.82    191.847    191.395         49 0.0000e+00
      64939   2705.731     31.787     32.000    29.0852    29.0950   5.912719   5.914036     3.1458     2.6727      98.11   26.87056  -79.35975    0.00023    0.00027     4.3646     4.3663    29.0774    29.0872    36.1030    36.1047    22.8375    22.8354    1509.85    190.550    190.624         36 0.0000e+00
      65404   2725.115     30.794     31.000    29.2527    29.2610   5.945455   5.946522     3.1631     2.6899      91.07   27.01251  -79.77884   -0.00005   -0.00056     4.3871     4.3941    29.2451    29.2534    36.2939    36.2952    22.9535    22.9516    1517.82    191.533    191.836         33 0.0000e+00
      66514   2771.356     29.801     30.000    29.2636    29.2688   5.946655   5.947490     3.1652     2.6910      99.27   27.01290  -79.77885    0.00006    0.00043     4.3895     4.3951    29.2563    29.2614    36.2942    36.2960    22.9499    22.9496    1517.82    191.638    191.882         40 0.0000e+00
      67044   2793.476     28.807     29.000    29.2692    29.2731   5.947291   5.948021     3.1643     2.6864     100.00   27.01309  -79.77886    0.00042    0.00258     4.3870     4.3851    29.2621    29.2660    36.2946    36.2967    22.9482    22.9485    1517.82    191.528    191.446         35 0.0000e+00
      66435   2768.067     26.821     27.000    29.2384    29.0704   5.886347   5.887602     3.1299     2.6639      98.95   26.72850  -78.93829   -0.00003    0.00090     4.3757     4.3583    29.2318    29.0637    36.2355    36.0161    22.9051    22.7632    1501.83    191.038    190.276         32 0.0000e+00
      67290   2803.692     25.827     26.000    29.3058    29.3142   5.950830   5.951943     3.1652     2.6894     100.00   27.01318  -79.77886    0.00067   -0.00079     4.3843     4.3867    29.2994    29.3079    36.2922    36.2935    22.9339    22.9319    1517.82    191.411    191.518         50 0.0000e+00
      68246   2843.543     20.861     21.000    29.6522    29.6378   5.999852   5.997224     3.1792     2.7041      54.41   27.16493  -80.22636    0.00013    0.00164     4.3864     4.3973    29.6470    29.6326    36.4674    36.4600    22.9791    22.9784    1526.33    191.521    191.996         51 0.0000e+00
      69324   2888.479     19.868     20.000    29.4448    29.4445   5.959343   5.959493     3.1677     2.6931      99.86   27.01393  -79.77888    0.00027    0.00059     4.3761     4.3827    29.4399    29.4396    36.2473    36.2486    22.8526    22.8536    1517.82    191.070    191.356         58 0.0000e+00
      69446   2893.539     18.874     19.000    29.4365    29.4349   5.957451   5.956341     3.1689     2.6962      95.69   27.01398  -79.77888    0.00038   -0.00006     4.3785     4.3892    29.4319    29.4303    36.2409    36.2345    22.8505    22.8462    1517.82    191.174    191.643         38 0.0000e+00
      69530   2897.023     17.881     18.000    29.4341    29.4468   5.956009   5.956052     3.1708     2.6995      90.87   27.01400  -79.77888    0.00083   -0.00026     4.3817     4.3946    29.4297    29.4424    36.2330    36.2238    22.8453    22.8341    1517.82    191.318    191.882         36 0.0000e+00
      69630   2901.208     16.887     17.000    29.4604    29.4837   5.957544   5.960076     3.1706     2.6949      97.98   27.01404  -79.77888    0.00005   -0.00171     4.3791     4.3825    29.4562    29.4795    36.2245    36.2247    22.8299    22.8222    1517.82    191.203    191.355         41 0.0000e+00
      69719   2904.902     15.894     16.000    29.4811    29.4997   5.959663   5.962092     3.1692     2.6927     100.17   27.01407  -79.77888   -0.00047    0.00055     4.3745     4.3763    29.4772    29.4957    36.2234    36.2263    22.8220    22.8179    1517.82    191.006    191.085         45 0.0000e+00
      69819   2909.077     14.901     15.000    29.4945    29.5032   5.961188   5.962076     3.1648     2.6853     100.00   27.01411  -79.77888   -0.00127   -0.00153     4.3650     4.3609    29.4908    29.4995    36.2240    36.2236    22.8178    22.8145    1517.82    190.592    190.414         35 0.0000e+00
      69285   2886.852     12.914     13.000    29.2251    29.1967   5.898536   5.897888     3.1340     2.6631      98.97   26.73683  -78.95984    0.00056    0.00067     4.3267     4.3265    29.2219    29.1935    35.8775    35.8345    22.5969    22.5685    1502.24    188.923    188.912         35 0.0000e+00
      71417   2975.647      9.934     10.000    29.4668    29.4705   5.931514   5.929345     3.1566     2.6858      80.40   26.97158  -79.65150   -0.00073    0.00148     4.3546     4.3644    29.4772    29.4680    36.0118    35.9994    22.6563    22.6483    1515.40    190.165    190.590         30 0.0000e+00
      72159   3006.580      5.960      6.000    29.2481    29.2070   5.841547   5.826076     3.1354     2.6655      95.29   26.74819  -78.99037    0.00019    0.00027     4.3393     4.3395    29.2467    29.2055    35.5240    35.3434    22.3300    22.1979    1502.82    189.526    189.552         43 0.0000e+00
      75044   3126.777      2.980      3.000    29.6016    29.6047   5.851344   5.852099     3.1650     2.6894      82.62   27.05420  -79.89188   -0.00064   -0.00001     4.3730     4.3777    29.6008    29.6040    35.4204    35.4231    22.1853    22.1863    1519.97    191.066    191.273         60 0.0000e+00
      75079   3128.230      1.987      2.000    29.5604    29.5604   5.843087   5.843313     3.1634     2.6859      97.98   27.01600  -79.77896    0.00097   -0.00046     4.3715     4.3718    29.5599    29.5599    35.3705    35.3712    22.1538    22.1543    1517.82    191.002    191.014         53 0.0000e+00
