GOMECC/GOMECC-4/1db/rb2103_0251.ros
* Sea-Bird SBE 9 Data File:
* FileName = C:\Users\scs.user.rb\CTD\GOMECC4\data\rb2103_0251.hex
* Software Version Seasave V 7.26.7.107
* Temperature SN = 4799
* Conductivity SN = 3860
* Number of Bytes Per Scan = 41
* Number of Voltage Words = 4
* Number of Scans Averaged by the Deck Unit = 1
* NMEA Latitude = 28 30.98 N
* NMEA Longitude = 086 12.21 W
* NMEA UTC (Time) = Sep 21 2021  08:11:51
* NMEA baud rate = 4800
# nquan = 17
# nvalues = 2128                                  
# units = specified
# name 0 = scan: Scan Count
# name 1 = timeS: Time, Elapsed [seconds]
# name 2 = depSM: Depth [salt water, m]
# name 3 = prDM: Pressure, Digiquartz [db]
# name 4 = t090C: Temperature [ITS-90, deg C]
# name 5 = t190C: Temperature, 2 [ITS-90, deg C]
# name 6 = c0S/m: Conductivity [S/m]
# name 7 = c1S/m: Conductivity, 2 [S/m]
# name 8 = sbeox0V: Oxygen raw, SBE 43 [V]
# name 9 = sbeox1V: Oxygen raw, SBE 43, 2 [V]
# name 10 = altM: Altimeter [m]
# name 11 = latitude: Latitude [deg]
# name 12 = longitude: Longitude [deg]
# name 13 = sbox0dV/dT: Oxygen, SBE 43 [dov/dt]
# name 14 = sbox1dV/dT: Oxygen, SBE 43, 2 [dov/dt]
# name 15 = nbf: Bottles Fired
# name 16 = flag:  0.000e+00
# interval = seconds: 0.0416667
# start_time = Sep 21 2021 08:11:51 [NMEA time, header]
# bad_flag = -9.990e-29
*END*
[from data line 1447]
      52289   2178.667     89.376     89.998    20.5804    20.5824   5.018097   5.018497     2.4628     2.0818     100.00   28.51670  -86.20270    0.00021   -0.00012         11  0.000e+00
      52290   2178.708     89.414     90.036    20.5800    20.5826   5.018142   5.018505     2.4628     2.0818     100.00   28.51670  -86.20270    0.00023   -0.00012         11  0.000e+00
      52291   2178.750     89.429     90.051    20.5802    20.5824   5.018223   5.018520     2.4628     2.0818     100.00   28.51670  -86.20270    0.00024   -0.00013         11  0.000e+00
      52292   2178.792     89.376     89.998    20.5802    20.5826   5.018208   5.018520     2.4628     2.0806     100.00   28.51670  -86.20270    0.00026   -0.00014         11  0.000e+00
      52293   2178.833     89.429     90.051    20.5798    20.5826   5.018201   5.018482     2.4628     2.0806     100.00   28.51670  -86.20270    0.00028   -0.00016         11  0.000e+00
      52294   2178.875     89.414     90.036    20.5797    20.5824   5.018268   5.018475     2.4628     2.0818     100.00   28.51670  -86.20270    0.00029   -0.00016         11  0.000e+00
      52295   2178.917     89.429     90.051    20.5802    20.5826   5.018223   5.018505     2.4628     2.0818     100.00   28.51670  -86.20270    0.00029   -0.00018         11  0.000e+00
      52296   2178.958     89.429     90.051    20.5805    20.5827   5.018231   5.018550     2.4628     2.0818     100.00   28.51670  -86.20270    0.00031   -0.00018         11  0.000e+00
      52297   2179.000     89.376     89.998    20.5809    20.5831   5.018305   5.018565     2.4628     2.0818     100.00   28.51670  -86.20270    0.00032   -0.00018         11  0.000e+00
      52298   2179.042     89.429     90.051    20.5809    20.5833   5.018327   5.018565     2.4628     2.0818     100.00   28.51670  -86.20270    0.00034   -0.00020         11  0.000e+00
      52299   2179.083     89.467     90.089    20.5807    20.5835   5.018327   5.018587     2.4615     2.0818     100.00   28.51670  -86.20270    0.00034   -0.00020         11  0.000e+00
      52300   2179.125     89.429     90.051    20.5813    20.5836   5.018357   5.018572     2.4628     2.0818     100.00   28.51670  -86.20270    0.00035   -0.00020         11  0.000e+00
      52301   2179.167     89.429     90.051    20.5813    20.5833   5.018372   5.018655     2.4628     2.0830     100.00   28.51670  -86.20270    0.00037   -0.00018         11  0.000e+00
      52302   2179.208     89.429     90.051    20.5814    20.5835   5.018461   5.018655     2.4628     2.0830     100.00   28.51670  -86.20270    0.00038   -0.00017         11  0.000e+00
      52303   2179.250     89.467     90.089    20.5814    20.5833   5.018461   5.018610     2.4615     2.0830     100.00   28.51670  -86.20270    0.00038   -0.00015         11  0.000e+00
      52304   2179.292     89.429     90.051    20.5820    20.5827   5.018424   5.018535     2.4615     2.0830     100.00   28.51670  -86.20270    0.00037   -0.00013         11  0.000e+00
      54219   2259.083     69.456     69.936    21.8463    21.8437   5.130851   5.130656     2.6349     2.2357     100.00   28.51670  -86.20270    0.00005   -0.00012         12  0.000e+00
      54220   2259.125     69.456     69.936    21.8463    21.8436   5.130881   5.130694     2.6349     2.2344     100.00   28.51670  -86.20270    0.00004   -0.00019         12  0.000e+00
      54221   2259.167     69.456     69.936    21.8464    21.8444   5.130866   5.130694     2.6349     2.2344     100.00   28.51670  -86.20270    0.00004   -0.00027         12  0.000e+00
      54222   2259.208     69.456     69.936    21.8465    21.8449   5.130851   5.130785     2.6337     2.2357     100.00   28.51670  -86.20270   -0.00000   -0.00031         12  0.000e+00
      54223   2259.250     69.456     69.936    21.8466    21.8458   5.130889   5.130823     2.6337     2.2344     100.00   28.51670  -86.20270   -0.00004   -0.00039         12  0.000e+00
      54224   2259.292     69.456     69.936    21.8469    21.8459   5.130896   5.130823     2.6337     2.2357     100.00   28.51670  -86.20270   -0.00008   -0.00043         12  0.000e+00
      54225   2259.333     69.509     69.989    21.8477    21.8465   5.130896   5.130883     2.6349     2.2357     100.00   28.51670  -86.20270   -0.00010   -0.00049         12  0.000e+00
      54226   2259.375     69.456     69.936    21.8469    21.8474   5.130829   5.130876     2.6337     2.2357     100.00   28.51670  -86.20270   -0.00012   -0.00053         12  0.000e+00
      54227   2259.417     69.456     69.936    21.8461    21.8476   5.130746   5.130929     2.6337     2.2357     100.00   28.51670  -86.20270   -0.00016   -0.00057         12  0.000e+00
      54228   2259.458     69.570     70.050    21.8459    21.8477   5.130754   5.130884     2.6337     2.2357     100.00   28.51670  -86.20270   -0.00020   -0.00061         12  0.000e+00
      54229   2259.500     69.396     69.875    21.8457    21.8476   5.130769   5.130861     2.6349     2.2357     100.00   28.51670  -86.20270   -0.00022   -0.00065         12  0.000e+00
      54230   2259.542     69.570     70.050    21.8457    21.8476   5.130799   5.130830     2.6337     2.2357     100.00   28.51670  -86.20270   -0.00024   -0.00069         12  0.000e+00
      54231   2259.583     69.456     69.936    21.8458    21.8476   5.130806   5.130845     2.6337     2.2369     100.00   28.51670  -86.20270   -0.00028   -0.00071         12  0.000e+00
      54232   2259.625     69.456     69.936    21.8459    21.8474   5.130806   5.130830     2.6337     2.2369     100.00   28.51670  -86.20270   -0.00031   -0.00073         12  0.000e+00
      54233   2259.667     69.517     69.997    21.8463    21.8474   5.130806   5.130883     2.6337     2.2369     100.00   28.51670  -86.20270   -0.00035   -0.00075         12  0.000e+00
      54234   2259.708     69.456     69.936    21.8459    21.8474   5.130784   5.130876     2.6337     2.2369     100.00   28.51670  -86.20270   -0.00037   -0.00077         12  0.000e+00
      54235   2259.750     69.570     70.050    21.8464    21.8472   5.130761   5.130830     2.6349     2.2369     100.00   28.51670  -86.20270   -0.00037   -0.00080         12  0.000e+00
      54236   2259.792     69.509     69.989    21.8463    21.8469   5.130769   5.130823     2.6337     2.2369     100.00   28.51670  -86.20270   -0.00039   -0.00082         12  0.000e+00
      54237   2259.833     69.456     69.936    21.8464    21.8472   5.130731   5.130823     2.6337     2.2369     100.00   28.51670  -86.20270   -0.00042   -0.00084         12  0.000e+00
      54238   2259.875     69.570     70.050    21.8464    21.8472   5.130694   5.130823     2.6337     2.2369     100.00   28.51670  -86.20270   -0.00046   -0.00084         12  0.000e+00
      54239   2259.917     69.457     69.936    21.8461    21.8474   5.130679   5.130823     2.6349     2.2381     100.00   28.51670  -86.20270   -0.00045   -0.00083         12  0.000e+00
      54240   2259.958     69.509     69.989    21.8459    21.8471   5.130619   5.130823     2.6349     2.2381     100.00   28.51670  -86.20270   -0.00045   -0.00081         12  0.000e+00
      54241   2260.000     69.509     69.989    21.8459    21.8467   5.130656   5.130823     2.6337     2.2381     100.00   28.51670  -86.20270   -0.00047   -0.00080         12  0.000e+00
      54242   2260.042     69.570     70.050    21.8461    21.8462   5.130656   5.130823     2.6337     2.2381     100.00   28.51670  -86.20270   -0.00050   -0.00080         12  0.000e+00
      54243   2260.083     69.517     69.997    21.8464    21.8461   5.130731   5.130823     2.6337     2.2381     100.00   28.51670  -86.20270   -0.00053   -0.00081         12  0.000e+00
      54244   2260.125     69.510     69.990    21.8473    21.8456   5.130866   5.130846     2.6349     2.2381     100.00   28.51670  -86.20270   -0.00053   -0.00081         12  0.000e+00
      54245   2260.167     69.570     70.050    21.8478    21.8455   5.130994   5.130830     2.6349     2.2381     100.00   28.51670  -86.20270   -0.00052   -0.00080         12  0.000e+00
      54246   2260.208     69.510     69.990    21.8483    21.8454   5.131083   5.130785     2.6337     2.2381     100.00   28.51670  -86.20270   -0.00054   -0.00080         12  0.000e+00
      54247   2260.250     69.570     70.051    21.8487    21.8449   5.131143   5.130777     2.6337     2.2381     100.00   28.51670  -86.20270   -0.00057   -0.00079         12  0.000e+00
      54248   2260.292     69.517     69.997    21.8489    21.8442   5.131151   5.130808     2.6337     2.2381     100.00   28.51670  -86.20270   -0.00058   -0.00078         12  0.000e+00
      54249   2260.333     69.510     69.990    21.8493    21.8446   5.131091   5.130754     2.6337     2.2381     100.00   28.51670  -86.20270   -0.00059   -0.00077         12  0.000e+00
      54250   2260.375     69.570     70.051    21.8493    21.8442   5.131128   5.130701     2.6349     2.2381     100.00   28.51670  -86.20270   -0.00058   -0.00077         12  0.000e+00
      54251   2260.417     69.570     70.051    21.8491    21.8421   5.131091   5.130694     2.6337     2.2381     100.00   28.51670  -86.20270   -0.00059   -0.00076         12  0.000e+00
      54252   2260.458     69.570     70.051    21.8487    21.8417   5.131031   5.130694     2.6337     2.2381     100.00   28.51670  -86.20270   -0.00060   -0.00075         12  0.000e+00
      54253   2260.500     69.570     70.051    21.8487    21.8433   5.131024   5.130694     2.6349     2.2381     100.00   28.51670  -86.20270   -0.00059   -0.00073         12  0.000e+00
      54254   2260.542     69.510     69.990    21.8491    21.8453   5.131083   5.130853     2.6337     2.2381     100.00   28.51670  -86.20270   -0.00060   -0.00072         12  0.000e+00
      54255   2260.583     69.570     70.051    21.8491    21.8461   5.131113   5.130876     2.6349     2.2381     100.00   28.51670  -86.20270   -0.00059   -0.00071         12  0.000e+00
      54256   2260.625     69.570     70.051    21.8486    21.8469   5.131076   5.130959     2.6349     2.2381     100.00   28.51670  -86.20270   -0.00058   -0.00070         12  0.000e+00
      54257   2260.667     69.570     70.051    21.8475    21.8472   5.131001   5.130959     2.6337     2.2381     100.00   28.51670  -86.20270   -0.00061   -0.00068         12  0.000e+00
      54258   2260.708     69.570     70.051    21.8473    21.8469   5.130919   5.130952     2.6349     2.2393     100.00   28.51670  -86.20270   -0.00060   -0.00066         12  0.000e+00
      54259   2260.750     69.570     70.051    21.8469    21.8467   5.130806   5.130952     2.6337     2.2381     100.00   28.51670  -86.20270   -0.00060   -0.00064         12  0.000e+00
      54260   2260.792     69.510     69.990    21.8467    21.8467   5.130761   5.130952     2.6349     2.2381     100.00   28.51670  -86.20270   -0.00059   -0.00061         12  0.000e+00
      54261   2260.833     69.570     70.051    21.8463    21.8459   5.130739   5.130914     2.6337     2.2381     100.00   28.51670  -86.20270   -0.00060   -0.00058         12  0.000e+00
      54262   2260.875     69.570     70.051    21.8463    21.8463   5.130761   5.130838     2.6337     2.2381     100.00   28.51670  -86.20270   -0.00062   -0.00055         12  0.000e+00
      54263   2260.917     69.570     70.051    21.8461    21.8459   5.130701   5.130846     2.6349     2.2381     100.00   28.51670  -86.20270   -0.00061   -0.00052         12  0.000e+00
      54264   2260.958     69.570     70.051    21.8459    21.8462   5.130716   5.130830     2.6349     2.2381     100.00   28.51670  -86.20270   -0.00059   -0.00049         12  0.000e+00
      54265   2261.000     69.570     70.051    21.8452    21.8459   5.130656   5.130846     2.6349     2.2393     100.00   28.51670  -86.20270   -0.00058   -0.00044         12  0.000e+00
      54266   2261.042     69.623     70.104    21.8454    21.8459   5.130672   5.130861     2.6337     2.2381     100.00   28.51670  -86.20270   -0.00058   -0.00041         12  0.000e+00
      54267   2261.083     69.570     70.051    21.8450    21.8462   5.130619   5.130891     2.6349     2.2381     100.00   28.51670  -86.20270   -0.00058   -0.00038         12  0.000e+00
      54268   2261.125     69.518     69.998    21.8452    21.8463   5.130597   5.130876     2.6349     2.2381     100.00   28.51670  -86.20270   -0.00059   -0.00035         12  0.000e+00
      54269   2261.167     69.623     70.104    21.8450    21.8463   5.130627   5.130861     2.6349     2.2381     100.00   28.51670  -86.20270   -0.00057   -0.00031         12  0.000e+00
      54270   2261.208     69.510     69.990    21.8452    21.8468   5.130671   5.130891     2.6349     2.2381     100.00   28.51670  -86.20270   -0.00056   -0.00028         12  0.000e+00
      54271   2261.250     69.571     70.051    21.8452    21.8469   5.130709   5.130967     2.6337     2.2381     100.00   28.51670  -86.20270   -0.00056   -0.00025         12  0.000e+00
      54272   2261.292     69.623     70.104    21.8459    21.8468   5.130791   5.130922     2.6349     2.2381     100.00   28.51670  -86.20270   -0.00056   -0.00021         12  0.000e+00
      54273   2261.333     69.518     69.998    21.8463    21.8467   5.130836   5.130906     2.6349     2.2381     100.00   28.51670  -86.20270   -0.00056   -0.00018         12  0.000e+00
      54274   2261.375     69.571     70.051    21.8468    21.8470   5.130889   5.130937     2.6349     2.2381     100.00   28.51670  -86.20270   -0.00056   -0.00013         12  0.000e+00
      54275   2261.417     69.571     70.051    21.8477    21.8469   5.131031   5.130952     2.6349     2.2381     100.00   28.51670  -86.20270   -0.00055   -0.00008         12  0.000e+00
      54276   2261.458     69.571     70.051    21.8483    21.8468   5.131061   5.130914     2.6349     2.2381     100.00   28.51670  -86.20270   -0.00053   -0.00002         12  0.000e+00
      54277   2261.500     69.571     70.051    21.8483    21.8465   5.131106   5.130868     2.6349     2.2381     100.00   28.51670  -86.20270   -0.00053    0.00001         12  0.000e+00
      54278   2261.542     69.571     70.051    21.8487    21.8459   5.131076   5.130830     2.6349     2.2381     100.00   28.51670  -86.20270   -0.00053    0.00007         12  0.000e+00
      54279   2261.583     69.510     69.990    21.8484    21.8456   5.131038   5.130785     2.6349     2.2381     100.00   28.51670  -86.20270   -0.00051    0.00012         12  0.000e+00
      54280   2261.625     69.571     70.051    21.8480    21.8454   5.130956   5.130747     2.6349     2.2381     100.00   28.51670  -86.20270   -0.00050    0.00016         12  0.000e+00
      54281   2261.667     69.571     70.051    21.8475    21.8454   5.130911   5.130762     2.6349     2.2381     100.00   28.51670  -86.20270   -0.00048    0.00020         12  0.000e+00
      54282   2261.708     69.571     70.051    21.8469    21.8453   5.130859   5.130739     2.6349     2.2381     100.00   28.51670  -86.20270   -0.00048    0.00024         12  0.000e+00
      54283   2261.750     69.518     69.998    21.8468    21.8452   5.130791   5.130762     2.6349     2.2381     100.00   28.51670  -86.20270   -0.00046    0.00030         12  0.000e+00
      54284   2261.792     69.571     70.051    21.8470    21.8453   5.130829   5.130739     2.6349     2.2381     100.00   28.51670  -86.20270   -0.00044    0.00034         12  0.000e+00
      54285   2261.833     69.510     69.990    21.8471    21.8452   5.130821   5.130762     2.6349     2.2381     100.00   28.51670  -86.20270   -0.00042    0.00038         12  0.000e+00
      54286   2261.875     69.510     69.990    21.8471    21.8444   5.130836   5.130709     2.6349     2.2381     100.00   28.51670  -86.20270   -0.00040    0.00043         12  0.000e+00
