GOMECC/GOMECC-4/1db/rb2103_1371.cnv
* Sea-Bird SBE 9 Data File:
* FileName = C:\Users\scs.user.rb\CTD\GOMECC4\data\rb2103_1371.hex
* Software Version Seasave V 7.26.7.107
* Temperature SN = 4799
* Conductivity SN = 3860
* Number of Bytes Per Scan = 41
* Number of Voltage Words = 4
* Number of Scans Averaged by the Deck Unit = 1
* NMEA Latitude = 26 00.14 N
* NMEA Longitude = 084 11.82 W
* NMEA UTC (Time) = Oct 20 2021  06:05:28
* NMEA baud rate = 4800
# nquan = 28
# nvalues = 269                         
# units = specified
# name 0 = scan: Scan Count
# name 1 = timeS: Time, Elapsed [seconds]
# name 2 = depSM: Depth [salt water, m]
# name 3 = prDM: Pressure, Digiquartz [db]
# name 4 = t090C: Temperature [ITS-90, deg C]
# name 5 = t190C: Temperature, 2 [ITS-90, deg C]
# name 6 = c0S/m: Conductivity [S/m]
# name 7 = c1S/m: Conductivity, 2 [S/m]
# name 8 = sbeox0V: Oxygen raw, SBE 43 [V]
# name 9 = sbeox1V: Oxygen raw, SBE 43, 2 [V]
# name 10 = altM: Altimeter [m]
# name 11 = latitude: Latitude [deg]
# name 12 = longitude: Longitude [deg]
# name 13 = sbox0dV/dT: Oxygen, SBE 43 [dov/dt]
# name 14 = sbox1dV/dT: Oxygen, SBE 43, 2 [dov/dt]
# name 15 = sbeox0ML/L: Oxygen, SBE 43 [ml/l], WS = 5
# name 16 = sbeox1ML/L: Oxygen, SBE 43, 2 [ml/l], WS = 5
# name 17 = potemp090C: Potential Temperature [ITS-90, deg C]
# name 18 = potemp190C: Potential Temperature, 2 [ITS-90, deg C]
# name 19 = sal00: Salinity, Practical [PSU]
# name 20 = sal11: Salinity, Practical, 2 [PSU]
# name 21 = sigma-é00: Density [sigma-theta, kg/m^3]
# name 22 = sigma-é11: Density, 2 [sigma-theta, kg/m^3]
# name 23 = avgsvCM: Average Sound Velocity [Chen-Millero, m/s], minP = 20, minS = 20
# name 24 = sbox0Mm/Kg: Oxygen, SBE 43 [umol/kg], WS = 5
# name 25 = sbox1Mm/Kg: Oxygen, SBE 43, 2 [umol/kg], WS = 5
# name 26 = nbin: number of scans per bin
# name 27 = flag: flag
# span 0 =       4914,      39060       
# span 1 =    204.695,   1627.441       
# span 2 =      1.987,    162.869       
# span 3 =      2.000,    164.000       
# span 4 =    16.3945,    28.5653       
# span 5 =    16.3939,    28.5661       
# span 6 =   4.572341,   5.773424       
# span 7 =   4.572071,   5.774873       
# span 8 =     1.9323,     3.1942       
# span 9 =     1.5979,     2.7055       
# span 10 =      10.34,     103.04      
# span 11 =   25.76177,   26.18083      
# span 12 =  -84.77237,  -83.41563      
# span 13 =   -0.03862,    0.01426      
# span 14 =   -0.03524,    0.01857      
# span 15 =     2.7898,     4.6986      
# span 16 =     2.7977,     4.6920      
# span 17 =    16.3679,    28.5632      
# span 18 =    16.3673,    28.5639      
# span 19 =    35.2989,    36.7098      
# span 20 =    35.2631,    36.7204      
# span 21 =    22.4817,    26.5940      
# span 22 =    22.4594,    26.5898      
# span 23 =       0.00,    1543.50      
# span 24 =    121.379,    204.783      
# span 25 =    121.722,    204.474      
# span 26 =         30,         77      
# span 27 = 0.0000e+00, 0.0000e+00      
# interval = decibars: 1                
# start_time = Oct 20 2021 06:05:28 [NMEA time, header]
# bad_flag = -9.990e-29
*END*
[from data line 104]
      10886    453.535    115.213    116.000    18.2152    18.2179   4.786640   4.787058     2.1049     1.7541      57.92   26.00270  -84.19704    0.00074    0.00061     3.0867     3.0988    18.1949    18.1976    36.4507    36.4518    26.3350    26.3352    1533.28    134.313    134.843         39 0.0000e+00
      10922    455.060    116.206    117.000    18.1875    18.1896   4.783384   4.783745     2.1031     1.7525      57.09   26.00270  -84.19704   -0.00028   -0.00037     3.0850     3.0970    18.1672    18.1692    36.4470    36.4482    26.3391    26.3396    1533.17    134.240    134.763         32 0.0000e+00
      10953    456.318    117.199    118.000    18.1429    18.1447   4.778282   4.778596     2.1021     1.7521      56.08   26.00270  -84.19704   -0.00096   -0.00090     3.0860     3.0993    18.1224    18.1242    36.4427    36.4438    26.3470    26.3474    1533.05    134.284    134.860         31 0.0000e+00
      10988    457.808    118.192    119.000    18.1206    18.1227   4.775683   4.776050     2.1019     1.7510      55.05   26.00270  -84.19704   -0.00071   -0.00059     3.0874     3.0983    18.0999    18.1020    36.4399    36.4412    26.3505    26.3510    1532.94    134.342    134.819         41 0.0000e+00
      11028    459.471    119.185    120.000    18.0867    18.0897   4.771773   4.772208     2.1025     1.7509      53.97   26.00270  -84.19704   -0.00001   -0.00040     3.0913     3.1006    18.0659    18.0688    36.4362    36.4373    26.3562    26.3563    1532.83    134.514    134.916         35 0.0000e+00
      11084    461.796    121.171    122.000    18.0047    18.0068   4.761446   4.761803     2.1024     1.7519      52.21   25.99352  -84.16732    0.00012    0.00026     3.0973     3.1090    17.9836    17.9857    36.4158    36.4170    26.3600    26.3604    1532.06    134.773    135.281         33 0.0000e+00
      11126    463.537    122.164    123.000    17.9867    17.9883   4.760247   4.760532     2.1044     1.7528      51.02   26.00270  -84.19704    0.00060    0.00069     3.1032     3.1126    17.9654    17.9670    36.4253    36.4263    26.3729    26.3732    1532.50    135.030    135.436         42 0.0000e+00
      11164    465.121    123.157    124.000    17.9688    17.9709   4.758171   4.758486     2.1030     1.7511      50.13   26.00270  -84.19704    0.00031   -0.00001     3.1017     3.1098    17.9474    17.9494    36.4230    36.4239    26.3756    26.3757    1532.39    134.963    135.315         33 0.0000e+00
      11195    466.434    124.150    125.000    17.9326    17.9343   4.753953   4.754226     2.1023     1.7502      49.15   26.00270  -84.19704   -0.00054   -0.00093     3.1030     3.1103    17.9110    17.9127    36.4187    36.4195    26.3813    26.3815    1532.28    135.018    135.337         33 0.0000e+00
      11230    467.865    125.143    126.000    17.9053    17.9071   4.750699   4.750994     2.1016     1.7511      48.28   26.00270  -84.19704   -0.00063   -0.00047     3.1036     3.1147    17.8836    17.8854    36.4146    36.4156    26.3850    26.3853    1532.18    135.044    135.527         34 0.0000e+00
      11263    469.229    126.135    127.000    17.8831    17.8856   4.748012   4.748394     2.1011     1.7510      47.19   26.00270  -84.19704   -0.00043    0.00032     3.1044     3.1162    17.8613    17.8637    36.4109    36.4121    26.3877    26.3879    1532.08    135.077    135.591         31 0.0000e+00
      11294    470.522    127.128    128.000    17.8350    17.8378   4.742118   4.742561     2.0990     1.7493      46.28   26.00270  -84.19704   -0.00062   -0.00012     3.1031     3.1152    17.8130    17.8158    36.4028    36.4041    26.3934    26.3937    1531.97    135.023    135.547         33 0.0000e+00
      11331    472.096    128.121    129.000    17.7378    17.7410   4.730544   4.731029     2.0922     1.7414      45.17   26.00270  -84.19704   -0.00215   -0.00212     3.0946     3.1025    17.7157    17.7189    36.3895    36.3908    26.4072    26.4074    1531.87    134.648    134.992         43 0.0000e+00
      11372    473.780    129.114    130.000    17.6775    17.6818   4.723193   4.723813     2.0821     1.7311      44.22   26.00270  -84.19704   -0.00476   -0.00522     3.0764     3.0810    17.6553    17.6596    36.3795    36.3810    26.4144    26.4145    1531.77    133.854    134.059         34 0.0000e+00
      11427    476.097    131.100    132.000    17.6196    17.6206   4.715700   4.715907     2.0689     1.7189      42.29   25.99659  -84.17725   -0.00576   -0.00547     3.0510     3.0555    17.5970    17.5981    36.3631    36.3640    26.4155    26.4158    1531.20    132.751    132.948         33 0.0000e+00
      11469    477.842    132.093    133.000    17.6012    17.6029   4.714653   4.714908     2.0662     1.7183      41.22   26.00270  -84.19704   -0.00420   -0.00356     3.0464     3.0553    17.5786    17.5803    36.3728    36.3734    26.4281    26.4282    1531.47    132.549    132.938         45 0.0000e+00
      11508    479.446    133.085    134.000    17.5847    17.5868   4.712996   4.713319     2.0752     1.7334      40.28   26.00272  -84.19704    0.00062    0.00320     3.0683     3.0946    17.5619    17.5640    36.3728    36.3737    26.4322    26.4323    1531.37    133.500    134.648         31 0.0000e+00
      11565    481.825    135.071    136.000    17.5232    17.5254   4.705255   4.705589     2.0891     1.7427      38.48   25.99776  -84.18099    0.00670    0.00706     3.1047     3.1219    17.5001    17.5023    36.3579    36.3588    26.4353    26.4355    1530.87    135.083    135.834         33 0.0000e+00
      11605    483.485    136.064    137.000    17.5013    17.5042   4.702996   4.703441     2.0902     1.7412      37.28   26.00272  -84.19704    0.00370    0.00244     3.1090     3.1200    17.4781    17.4810    36.3597    36.3610    26.4426    26.4429    1531.08    135.270    135.751         42 0.0000e+00
      11644    485.105    137.057    138.000    17.4852    17.4890   4.700985   4.701520     2.0869     1.7383      36.40   26.00271  -84.19704    0.00004   -0.00103     3.1029     3.1142    17.4618    17.4656    36.3563    36.3575    26.4440    26.4440    1530.98    135.005    135.498         34 0.0000e+00
      11702    487.527    139.042    140.000    17.4589    17.4623   4.697205   4.697707     2.0775     1.7282      34.45   25.99860  -84.18377   -0.00311   -0.00314     3.0842     3.0916    17.4352    17.4385    36.3445    36.3459    26.4410    26.4412    1530.55    134.191    134.515         32 0.0000e+00
      11740    489.143    140.035    141.000    17.4558    17.4578   4.697250   4.697556     2.0709     1.7230      33.41   26.00270  -84.19704   -0.00403   -0.00393     3.0697     3.0792    17.4320    17.4339    36.3490    36.3500    26.4457    26.4460    1530.71    133.562    133.976         43 0.0000e+00
      11781    490.847    141.028    142.000    17.4457    17.4466   4.695866   4.696088     2.0654     1.7185      32.48   26.00270  -84.19704   -0.00404   -0.00342     3.0589     3.0692    17.4216    17.4225    36.3463    36.3469    26.4461    26.4463    1530.62    133.089    133.537         35 0.0000e+00
      11874    494.706    144.007    145.000    17.2293    17.2324   4.668051   4.668504     2.0179     1.6666      29.51   25.99817  -84.18237   -0.01013   -0.01211     2.9657     2.9542    17.2050    17.2080    36.2948    36.2960    26.4587    26.4589    1530.08    129.034    128.533         43 0.0000e+00
      11917    496.504    144.999    146.000    17.1923    17.1948   4.663835   4.664218     1.9775     1.6290      28.49   26.00270  -84.19704   -0.02102   -0.02143     2.8761     2.8631    17.1678    17.1704    36.2928    36.2938    26.4667    26.4668    1530.25    125.133    124.569         36 0.0000e+00
      11949    497.823    145.992    147.000    17.1438    17.1478   4.658093   4.658642     1.9605     1.6167      27.74   26.00270  -84.19704   -0.02090   -0.01912     2.8404     2.8350    17.1192    17.1232    36.2859    36.2871    26.4730    26.4730    1530.17    123.581    123.346         30 0.0000e+00
      11979    499.079    146.985    148.000    17.1152    17.1170   4.654814   4.655106     1.9512     1.6111      26.72   26.00270  -84.19704   -0.01596   -0.01244     2.8212     2.8232    17.0905    17.0922    36.2825    36.2835    26.4774    26.4777    1530.08    122.747    122.830         31 0.0000e+00
      12012    500.467    147.978    149.000    17.1051    17.1071   4.653617   4.653933     1.9452     1.6056      25.65   26.00270  -84.19704   -0.00712   -0.00555     2.8083     2.8105    17.0802    17.0823    36.2807    36.2817    26.4785    26.4787    1529.99    122.184    122.278         35 0.0000e+00
      12048    501.970    148.970    150.000    17.0953    17.0970   4.652546   4.652820     1.9392     1.6002      24.71   26.00270  -84.19704   -0.00476   -0.00387     2.7955     2.7977    17.0702    17.0720    36.2798    36.2807    26.4802    26.4804    1529.90    121.626    121.722         38 0.0000e+00
      12086    503.533    149.963    151.000    17.0954    17.0966   4.652911   4.653126     1.9366     1.6011      23.67   26.00270  -84.19704   -0.00350   -0.00275     2.7898     2.8003    17.0702    17.0714    36.2825    36.2833    26.4823    26.4826    1529.82    121.379    121.835         36 0.0000e+00
      12118    504.890    150.956    152.000    17.0975    17.0987   4.653615   4.653797     1.9407     1.6083      22.84   26.00270  -84.19704   -0.00112    0.00091     2.7995     2.8185    17.0721    17.0733    36.2864    36.2869    26.4848    26.4849    1529.74    121.801    122.627         30 0.0000e+00
      12149    506.173    151.949    153.000    17.0763    17.0788   4.651617   4.651937     1.9513     1.6192      21.82   26.00270  -84.19704    0.00290    0.00473     2.8254     2.8475    17.0507    17.0532    36.2876    36.2882    26.4909    26.4907    1529.65    122.924    123.887         32 0.0000e+00
      12184    507.631    152.942    154.000    17.0041    17.0105   4.643002   4.643874     1.9683     1.6360      20.77   26.00270  -84.19704    0.00807    0.00877     2.8630     2.8890    16.9802    16.9852    36.2753    36.2770    26.4983    26.4980    1529.57    124.560    125.691         38 0.0000e+00
      12221    509.184    153.934    155.000    16.8459    16.8481   4.623728   4.624021     1.9687     1.6315      19.81   26.00270  -84.19704    0.00856    0.00763     2.8777     2.8881    16.8202    16.8225    36.2451    36.2462    26.5134    26.5137    1529.49    125.197    125.652         35 0.0000e+00
      12253    510.509    154.927    156.000    16.8451    16.8462   4.623216   4.623392     1.9492     1.6083      18.89   26.00270  -84.19704   -0.00094   -0.00361     2.8360     2.8348    16.8193    16.8204    36.2456    36.2462    26.5140    26.5142    1529.40    123.382    123.330         30 0.0000e+00
      12285    511.845    155.920    157.000    16.8493    16.8503   4.624234   4.624387     1.9376     1.5988      17.95   26.00270  -84.19704   -0.01016   -0.01219     2.8093     2.8108    16.8233    16.8243    36.2505    36.2509    26.5167    26.5169    1529.31    122.222    122.286         35 0.0000e+00
      12322    513.394    156.913    158.000    16.8531    16.8541   4.625102   4.625266     1.9463     1.6120      16.81   26.00270  -84.19704   -0.00614   -0.00500     2.8294     2.8441    16.8269    16.8280    36.2543    36.2548    26.5188    26.5190    1529.23    123.098    123.737         37 0.0000e+00
      12357    514.834    157.905    159.000    16.8276    16.8304   4.622113   4.622469     1.9622     1.6297      15.97   26.00270  -84.19704    0.00508    0.00759     2.8679     2.8907    16.8013    16.8041    36.2506    36.2512    26.5221    26.5219    1529.15    124.773    125.761         33 0.0000e+00
      12389    516.169    158.898    160.000    16.7571    16.7595   4.613615   4.613949     1.9692     1.6343      14.98   26.00270  -84.19704    0.00923    0.01021     2.8891     2.9070    16.7307    16.7332    36.2391    36.2398    26.5300    26.5300    1529.07    125.692    126.473         32 0.0000e+00
      12422    517.553    159.891    161.000    16.6905    16.6946   4.605429   4.605998     1.9635     1.6261      13.96   26.00270  -84.19704    0.00456    0.00338     2.8804     2.8905    16.6641    16.6682    36.2267    36.2280    26.5363    26.5363    1528.99    125.316    125.751         34 0.0000e+00
      12459    519.070    160.883    162.000    16.6226    16.6234   4.597467   4.597620     1.9490     1.6103      12.99   26.00270  -84.19704   -0.00406   -0.00564     2.8514     2.8551    16.5961    16.5969    36.2174    36.2180    26.5453    26.5455    1528.90    124.049    124.213         37 0.0000e+00
      14345    597.653    162.869    164.000    16.3945    16.3939   4.572341   4.572071     1.9330     1.5983      10.34   26.02201  -84.25950    0.00034    0.00022     2.8288     2.8384    16.3679    16.3673    36.2085    36.2035    26.5940    26.5898    1529.77    123.063    123.483         38 0.0000e+00
      14399    599.931    161.876    163.000    16.4139    16.4206   4.572568   4.573377     1.9323     1.5979      11.18   26.00272  -84.19704    0.00028    0.00026     2.8262     2.8360    16.3874    16.3941    36.1856    36.1867    26.5699    26.5692    1528.64    122.950    123.379         55 0.0000e+00
      14468    602.812    160.883    162.000    16.4582    16.4635   4.577290   4.578552     1.9343     1.5993      12.13   26.00272  -84.19704    0.00062    0.00042     2.8275     2.8363    16.4306    16.4371    36.1888    36.1928    26.5623    26.5638    1528.64    123.008    123.393         61 0.0000e+00
      14543    605.899    159.891    161.000    16.4992    16.5650   4.582972   4.590484     1.9357     1.5997      13.16   26.00272  -84.19704    0.00052    0.00026     2.8279     2.8317    16.4730    16.5388    36.2013    36.2090    26.5619    26.5523    1528.64    123.026    123.194         66 0.0000e+00
      14612    608.810    158.898    160.000    16.6202    16.6443   4.597624   4.599211     1.9365     1.5983      14.11   26.00272  -84.19704    0.00026   -0.00066     2.8215     2.8229    16.6062    16.6181    36.2108    36.2139    26.5377    26.5374    1528.64    122.751    122.814         48 0.0000e+00
      14692    612.129    157.905    159.000    16.6767    16.6893   4.604039   4.605482     1.9368     1.6016      15.10   26.00272  -84.19704    0.00008    0.00091     2.8187     2.8280    16.6509    16.6631    36.2274    36.2291    26.5400    26.5384    1528.64    122.626    123.031         39 0.0000e+00
      14754    614.717    156.912    158.000    16.7495    16.7479   4.612337   4.611996     1.9384     1.6026      15.99   26.00272  -84.19704    0.00112    0.00154     2.8187     2.8279    16.7235    16.7219    36.2355    36.2339    26.5290    26.5281    1528.64    122.631    123.028         40 0.0000e+00
      14838    618.191    155.920    157.000    16.7957    16.7883   4.617881   4.617419     1.9606     1.6232      17.00   26.00272  -84.19704    0.00571    0.00530     2.8655     2.8760    16.7698    16.7624    36.2447    36.2456    26.5251    26.5275    1528.64    124.666    125.125         57 0.0000e+00
      14903    620.926    154.927    156.000    16.8247    16.8354   4.621699   4.622889     1.9675     1.6277      18.00   26.00272  -84.19704    0.00332    0.00242     2.8794     2.8844    16.7989    16.8096    36.2507    36.2516    26.5227    26.5209    1528.64    125.273    125.488         57 0.0000e+00
      14981    624.157    153.934    155.000    16.8250    16.8307   4.621471   4.622286     1.9715     1.6337      18.92   26.00273  -84.19705    0.00148    0.00217     2.8883     2.8995    16.7994    16.8051    36.2506    36.2515    26.5226    26.5219    1528.64    125.661    126.144         66 0.0000e+00
