GOMECC/GOMECC-4/1db/rb2103_0611.cnv
* Sea-Bird SBE 9 Data File:
* FileName = C:\Users\scs.user.rb\CTD\GOMECC4\data\rb2103_0611.hex
* Software Version Seasave V 7.26.7.107
* Temperature SN = 4799
* Conductivity SN = 3860
* Number of Bytes Per Scan = 41
* Number of Voltage Words = 4
* Number of Scans Averaged by the Deck Unit = 1
* NMEA Latitude = 27 20.09 N
* NMEA Longitude = 096 47.00 W
* NMEA UTC (Time) = Sep 29 2021  23:10:30
* NMEA baud rate = 4800
# nquan = 28
# nvalues = 71                          
# units = specified
# name 0 = scan: Scan Count
# name 1 = timeS: Time, Elapsed [seconds]
# name 2 = depSM: Depth [salt water, m]
# name 3 = prDM: Pressure, Digiquartz [db]
# name 4 = t090C: Temperature [ITS-90, deg C]
# name 5 = t190C: Temperature, 2 [ITS-90, deg C]
# name 6 = c0S/m: Conductivity [S/m]
# name 7 = c1S/m: Conductivity, 2 [S/m]
# name 8 = sbeox0V: Oxygen raw, SBE 43 [V]
# name 9 = sbeox1V: Oxygen raw, SBE 43, 2 [V]
# name 10 = altM: Altimeter [m]
# name 11 = latitude: Latitude [deg]
# name 12 = longitude: Longitude [deg]
# name 13 = sbox0dV/dT: Oxygen, SBE 43 [dov/dt]
# name 14 = sbox1dV/dT: Oxygen, SBE 43, 2 [dov/dt]
# name 15 = sbeox0ML/L: Oxygen, SBE 43 [ml/l], WS = 5
# name 16 = sbeox1ML/L: Oxygen, SBE 43, 2 [ml/l], WS = 5
# name 17 = potemp090C: Potential Temperature [ITS-90, deg C]
# name 18 = potemp190C: Potential Temperature, 2 [ITS-90, deg C]
# name 19 = sal00: Salinity, Practical [PSU]
# name 20 = sal11: Salinity, Practical, 2 [PSU]
# name 21 = sigma-é00: Density [sigma-theta, kg/m^3]
# name 22 = sigma-é11: Density, 2 [sigma-theta, kg/m^3]
# name 23 = avgsvCM: Average Sound Velocity [Chen-Millero, m/s], minP = 20, minS = 20
# name 24 = sbox0Mm/Kg: Oxygen, SBE 43 [umol/kg], WS = 5
# name 25 = sbox1Mm/Kg: Oxygen, SBE 43, 2 [umol/kg], WS = 5
# name 26 = nbin: number of scans per bin
# name 27 = flag: flag
# span 0 =       8893,      30022       
# span 1 =    370.512,   1250.879       
# span 2 =      0.993,     46.685       
# span 3 =      1.000,     47.000       
# span 4 =    25.0397,    28.9732       
# span 5 =    25.0265,    28.9720       
# span 6 =   5.465690,   5.769397       
# span 7 =   5.464960,   5.769642       
# span 8 =     1.9872,     3.1123       
# span 9 =     1.6293,     2.6405       
# span 10 =      10.05,      69.18      
# span 11 =   27.16401,   27.49343      
# span 12 =  -97.34478,  -96.17796      
# span 13 =   -0.08770,    0.01272      
# span 14 =   -0.07789,    0.01254      
# span 15 =     2.4589,     4.3650      
# span 16 =     2.4531,     4.3618      
# span 17 =    25.0299,    28.9684      
# span 18 =    25.0167,    28.9648      
# span 19 =    34.4859,    36.3502      
# span 20 =    34.4865,    36.3509      
# span 21 =    21.7984,    24.3484      
# span 22 =    21.7986,    24.3470      
# span 23 =       0.00,    1551.33      
# span 24 =    107.246,    190.758      
# span 25 =    106.965,    190.618      
# span 26 =         30,         68      
# span 27 = 0.0000e+00, 0.0000e+00      
# interval = decibars: 1                
# start_time = Sep 29 2021 23:10:30 [NMEA time, header]
# bad_flag = -9.990e-29
*END*
[from data line 52]
      19162    798.381     27.813     28.000    28.8314    28.8047   5.752274   5.755527     2.9679     2.4879      27.92   27.30334  -96.67160    0.00589    0.00344     4.0878     4.0399    28.8260    28.7980    35.2772    35.3190    22.3241    22.3649    1540.60    178.572    176.474         36 0.0000e+00
      21193    883.013     23.840     24.000    28.9100    28.9294   5.739790   5.740808     3.0941     2.6262      31.89   27.36376  -96.88537   -0.00109    0.00059     4.3118     4.3166    28.9042    28.9237    35.1248    35.1436    22.1930    22.2032    1544.01    188.385    188.596         31 0.0000e+00
      21268    886.124     22.847     23.000    28.8903    28.8911   5.732538   5.732358     3.0891     2.6198      32.79   27.33494  -96.78332   -0.00013    0.00037     4.3058     4.3048    28.8847    28.8856    35.0979    35.0964    22.1761    22.1746    1542.38    188.124    188.084         38 0.0000e+00
      21680    903.274     19.867     20.000    28.9732    28.9655   5.752224   5.752085     3.1026     2.6320      35.88   27.44027  -97.15617   -0.00041    0.00009     4.3215     4.3223    28.9684    28.9607    35.1973    35.1814    22.2398    22.2284    1548.32    188.811    188.848         42 0.0000e+00
      21922    913.391     17.880     18.000    28.8870    28.8909   5.729409   5.730206     3.0965     2.6236      37.78   27.34109  -96.80508    0.00030   -0.00034     4.3177     4.3107    28.8827    28.8865    35.0841    35.0870    22.1676    22.1685    1542.73    188.647    188.341         42 0.0000e+00
      23190    966.200     14.900     15.000    28.7856    28.7898   5.677901   5.679716     3.1092     2.6364      53.96   27.36065  -96.87426    0.00051    0.00040     4.3545     4.3495    28.7820    28.7862    34.8152    34.8233    22.0029    22.0076    1543.83    190.290    190.070         53 0.0000e+00
      24080   1003.305     13.907     14.000    28.7589    28.7634   5.672003   5.673749     3.1051     2.6334      42.53   27.33496  -96.78328    0.00055   -0.00032     4.3481     4.3441    28.7555    28.7601    34.7792    34.7880    21.9798    21.9848    1542.38    190.011    189.836         42 0.0000e+00
      24328   1013.630     12.914     13.000    28.7468    28.7420   5.666419   5.665243     3.1067     2.6327      42.60   27.33496  -96.78328    0.00051    0.00071     4.3524     4.3448    28.7436    28.7389    34.7518    34.7447    21.9631    21.9594    1542.38    190.201    189.868         38 0.0000e+00
      24515   1021.426     11.921     12.000    28.7162    28.7181   5.656142   5.656550     3.1077     2.6356      43.57   27.33496  -96.78330    0.00001   -0.00097     4.3575     4.3529    28.7134    28.7152    34.7001    34.7023    21.9344    21.9354    1542.38    190.427    190.230         57 0.0000e+00
      24708   1029.453     10.927     11.000    28.7159    28.7170   5.655699   5.655967     3.1076     2.6351      44.56   27.33496  -96.78330   -0.00031   -0.00090     4.3564     4.3516    28.7133    28.7144    34.6986    34.6998    21.9332    21.9337    1542.38    190.382    190.171         30 0.0000e+00
      24928   1038.630      8.940      9.000    28.5384    28.5392   5.621362   5.621235     3.0886     2.6216      46.18   27.16401  -96.17796   -0.00001   -0.00008     4.3280     4.3291    28.5362    28.5371    34.4859    34.4865    21.7984    21.7986    1532.73    189.140    189.189         48 0.0000e+00
      25276   1053.123      7.947      8.000    28.7208    28.7204   5.657534   5.657366     3.1083     2.6346      47.33   27.33496  -96.78329   -0.00031   -0.00074     4.3555     4.3485    28.7189    28.7185    34.7087    34.7079    21.9390    21.9385    1542.38    190.340    190.037         48 0.0000e+00
      25497   1062.332      6.954      7.000    28.7210    28.7187   5.657716   5.656797     3.1082     2.6364      48.58   27.33498  -96.78330   -0.00041    0.00042     4.3547     4.3517    28.7193    28.7170    34.7102    34.7055    21.9399    21.9372    1542.38    190.304    190.177         46 0.0000e+00
      25696   1070.633      5.961      6.000    28.7195    28.7181   5.657279   5.656728     3.1081     2.6368      49.40   27.33498  -96.78329    0.00013    0.00015     4.3542     4.3522    28.7180    28.7167    34.7086    34.7058    21.9392    21.9375    1542.38    190.283    190.197         38 0.0000e+00
      25896   1078.945      4.967      5.000    28.7165    28.7174   5.656475   5.656573     3.1095     2.6368      50.60   27.33498  -96.78330   -0.00035    0.00030     4.3565     4.3516    28.7153    28.7162    34.7057    34.7055    21.9379    21.9374    1542.38    190.385    190.172         51 0.0000e+00
      26098   1087.375      3.973      4.000    28.7166    28.7169   5.656267   5.656150     3.1111     2.6391      64.68   27.33498  -96.78330   -0.00026    0.00056     4.3588     4.3558    28.7156    28.7159    34.7042    34.7033    21.9367    21.9358    1542.38    190.486    190.356         56 0.0000e+00
      26385   1099.335      2.980      3.000    28.7152    28.7157   5.655702   5.655705     3.1102     2.6376      52.72   27.33498  -96.78329    0.00052   -0.00067     4.3570     4.3525    28.7145    28.7150    34.7016    34.7013    21.9351    21.9347    1542.38    190.406    190.210         40 0.0000e+00
      29058   1210.710      1.987      2.000    28.7108    28.7115   5.655031   5.655258     3.1107     2.6381      53.47   27.33504  -96.78324   -0.00023   -0.00006     4.3576     4.3533    28.7103    28.7110    34.7006    34.7016    21.9357    21.9362    1542.38    190.433    190.244         46 0.0000e+00
      30022   1250.879      0.993      1.000    28.7090    28.7096   5.654700   5.654717     3.1096     2.6369      45.34   27.33505  -96.78324   -0.00046    0.00040     4.3554     4.3506    28.7089    28.7094    34.6997    34.6995    21.9355    21.9352    1542.38    190.339    190.128         44 0.0000e+00
