GOMECC/GOMECC-4/1db/rb2103_0181.ros
* Sea-Bird SBE 9 Data File:
* FileName = C:\Users\scs.user.rb\CTD\GOMECC4\data\rb2103_0181.hex
* Software Version Seasave V 7.26.7.107
* Temperature SN = 4799
* Conductivity SN = 3860
* Number of Bytes Per Scan = 41
* Number of Voltage Words = 4
* Number of Scans Averaged by the Deck Unit = 1
* NMEA Latitude = 28 00.84 N
* NMEA Longitude = 083 00.93 W
* NMEA UTC (Time) = Sep 19 2021  18:30:14
* NMEA baud rate = 4800
# nquan = 17
# nvalues = 1064                                  
# units = specified
# name 0 = scan: Scan Count
# name 1 = timeS: Time, Elapsed [seconds]
# name 2 = depSM: Depth [salt water, m]
# name 3 = prDM: Pressure, Digiquartz [db]
# name 4 = t090C: Temperature [ITS-90, deg C]
# name 5 = t190C: Temperature, 2 [ITS-90, deg C]
# name 6 = c0S/m: Conductivity [S/m]
# name 7 = c1S/m: Conductivity, 2 [S/m]
# name 8 = sbeox0V: Oxygen raw, SBE 43 [V]
# name 9 = sbeox1V: Oxygen raw, SBE 43, 2 [V]
# name 10 = altM: Altimeter [m]
# name 11 = latitude: Latitude [deg]
# name 12 = longitude: Longitude [deg]
# name 13 = sbox0dV/dT: Oxygen, SBE 43 [dov/dt]
# name 14 = sbox1dV/dT: Oxygen, SBE 43, 2 [dov/dt]
# name 15 = nbf: Bottles Fired
# name 16 = flag:  0.000e+00
# interval = seconds: 0.0416667
# start_time = Sep 19 2021 18:30:14 [NMEA time, header]
# bad_flag = -9.990e-29
*END*
[from data line 681]
      29282   1220.042      3.696      3.721    29.6885    29.6950   5.704634   5.704709     3.4481     2.9438      12.48   28.01786  -83.01666   -0.00084    0.00001          6  0.000e+00
      29283   1220.083      3.659      3.683    29.6847    29.6952   5.704861   5.704494     3.4493     2.9438      12.48   28.01786  -83.01666   -0.00084    0.00007          6  0.000e+00
      29284   1220.125      3.492      3.516    29.6840    29.6974   5.705065   5.704303     3.4481     2.9438      12.48   28.01786  -83.01666   -0.00085    0.00015          6  0.000e+00
      29285   1220.167      3.591      3.615    29.6860    29.6982   5.705136   5.704200     3.4481     2.9451      12.48   28.01786  -83.01666   -0.00086    0.00025          6  0.000e+00
      29286   1220.208      3.545      3.569    29.6866    29.6989   5.705151   5.704168     3.4481     2.9438      12.48   28.01786  -83.01666   -0.00087    0.00033          6  0.000e+00
      29287   1220.250      3.530      3.554    29.6841    29.6986   5.705441   5.704288     3.4481     2.9451      12.48   28.01786  -83.01666   -0.00086    0.00043          6  0.000e+00
      29288   1220.292      3.545      3.569    29.6776    29.6971   5.705810   5.704486     3.4481     2.9451      12.48   28.01786  -83.01666   -0.00085    0.00052          6  0.000e+00
      29289   1220.333      3.545      3.569    29.6709    29.6932   5.706256   5.704836     3.4481     2.9451      12.48   28.01786  -83.01666   -0.00086    0.00062          6  0.000e+00
      29290   1220.375      3.530      3.554    29.6653    29.6911   5.706758   5.705058     3.4469     2.9451      12.50   28.01786  -83.01666   -0.00089    0.00072          6  0.000e+00
      29291   1220.417      3.545      3.569    29.6590    29.6906   5.707174   5.705153     3.4469     2.9463      12.50   28.01786  -83.01666   -0.00089    0.00083          6  0.000e+00
      29292   1220.458      3.477      3.501    29.6587    29.6894   5.707299   5.705265     3.4469     2.9463      12.50   28.01786  -83.01666   -0.00090    0.00092          6  0.000e+00
      29293   1220.500      3.545      3.569    29.6580    29.6889   5.707275   5.705360     3.4457     2.9463      12.50   28.01786  -83.01666   -0.00090    0.00102          6  0.000e+00
      29294   1220.542      3.545      3.569    29.6576    29.6885   5.707158   5.705360     3.4457     2.9463      12.50   28.01786  -83.01666   -0.00092    0.00113          6  0.000e+00
      29295   1220.583      3.530      3.554    29.6581    29.6880   5.706986   5.705376     3.4457     2.9463      12.50   28.01786  -83.01666   -0.00093    0.00122          6  0.000e+00
      29296   1220.625      3.492      3.516    29.6611    29.6881   5.706688   5.705431     3.4457     2.9475      12.50   28.01786  -83.01666   -0.00093    0.00133          6  0.000e+00
      29297   1220.667      3.530      3.554    29.6681    29.6880   5.706288   5.705431     3.4457     2.9475      12.50   28.01786  -83.01666   -0.00092    0.00143          6  0.000e+00
      29298   1220.708      3.492      3.516    29.6746    29.6880   5.706045   5.705447     3.4457     2.9475      12.50   28.01786  -83.01666   -0.00091    0.00154          6  0.000e+00
      29299   1220.750      3.545      3.569    29.6760    29.6880   5.705927   5.705431     3.4457     2.9475      12.50   28.01786  -83.01666   -0.00090    0.00164          6  0.000e+00
      29300   1220.792      3.477      3.501    29.6737    29.6880   5.705974   5.705447     3.4444     2.9475      12.50   28.01786  -83.01666   -0.00091    0.00173          6  0.000e+00
      29301   1220.833      3.492      3.516    29.6713    29.6878   5.706068   5.705431     3.4444     2.9475      12.50   28.01786  -83.01666   -0.00091    0.00181          6  0.000e+00
      29302   1220.875      3.530      3.554    29.6722    29.6880   5.706092   5.705447     3.4444     2.9475      12.50   28.01786  -83.01666   -0.00091    0.00189          6  0.000e+00
      29303   1220.917      3.432      3.455    29.6740    29.6878   5.706092   5.705431     3.4444     2.9475      12.50   28.01786  -83.01666   -0.00093    0.00195          6  0.000e+00
      29304   1220.958      3.545      3.569    29.6755    29.6878   5.705912   5.705408     3.4444     2.9475      12.50   28.01786  -83.01666   -0.00094    0.00201          6  0.000e+00
      29305   1221.000      3.477      3.501    29.6764    29.6878   5.705857   5.705423     3.4444     2.9475      12.50   28.01786  -83.01666   -0.00095    0.00207          6  0.000e+00
      29306   1221.042      3.492      3.516    29.6766    29.6878   5.705865   5.705408     3.4444     2.9475      12.50   28.01786  -83.01666   -0.00096    0.00212          6  0.000e+00
      29307   1221.083      3.492      3.516    29.6770    29.6876   5.705818   5.705423     3.4444     2.9475      12.50   28.01786  -83.01666   -0.00097    0.00218          6  0.000e+00
      29308   1221.125      3.530      3.554    29.6766    29.6874   5.705880   5.705408     3.4444     2.9475      12.50   28.01786  -83.01666   -0.00098    0.00223          6  0.000e+00
      29309   1221.167      3.492      3.516    29.6755    29.6878   5.705935   5.705423     3.4444     2.9463      12.50   28.01786  -83.01666   -0.00098    0.00224          6  0.000e+00
      29310   1221.208      3.477      3.501    29.6737    29.6874   5.706053   5.705408     3.4432     2.9463      12.50   28.01786  -83.01666   -0.00102    0.00225          6  0.000e+00
      29311   1221.250      3.492      3.516    29.6701    29.6876   5.706162   5.705384     3.4444     2.9463      12.50   28.01786  -83.01666   -0.00103    0.00226          6  0.000e+00
      29312   1221.292      3.545      3.569    29.6681    29.6876   5.706327   5.705400     3.4432     2.9451      12.50   28.01786  -83.01666   -0.00107    0.00225          6  0.000e+00
      29313   1221.333      3.477      3.501    29.6661    29.6878   5.706445   5.705495     3.4420     2.9451      12.50   28.01786  -83.01666   -0.00111    0.00222          6  0.000e+00
      29314   1221.375      3.492      3.516    29.6655    29.6876   5.706468   5.705431     3.4432     2.9451      12.50   28.01786  -83.01666   -0.00114    0.00219          6  0.000e+00
      29315   1221.417      3.530      3.554    29.6670    29.6876   5.706468   5.705495     3.4432     2.9451      12.50   28.01786  -83.01666   -0.00117    0.00216          6  0.000e+00
      29316   1221.458      3.492      3.516    29.6685    29.6876   5.706499   5.705431     3.4432     2.9438      12.50   28.01786  -83.01666   -0.00121    0.00209          6  0.000e+00
      29317   1221.500      3.492      3.516    29.6690    29.6876   5.706374   5.705455     3.4420     2.9438      12.50   28.01786  -83.01666   -0.00126    0.00203          6  0.000e+00
      29318   1221.542      3.477      3.501    29.6700    29.6878   5.706288   5.705455     3.4420     2.9438      12.50   28.01786  -83.01666   -0.00132    0.00197          6  0.000e+00
      29319   1221.583      3.432      3.455    29.6698    29.6876   5.706311   5.705400     3.4420     2.9438      12.50   28.01786  -83.01666   -0.00137    0.00191          6  0.000e+00
      29320   1221.625      3.591      3.615    29.6700    29.6872   5.706288   5.705416     3.4420     2.9426      12.50   28.01786  -83.01666   -0.00144    0.00184          6  0.000e+00
      29321   1221.667      3.545      3.569    29.6713    29.6874   5.706280   5.705408     3.4420     2.9426      12.50   28.01786  -83.01666   -0.00149    0.00177          6  0.000e+00
      29322   1221.708      3.492      3.516    29.6738    29.6872   5.706241   5.705495     3.4420     2.9414      12.50   28.01786  -83.01666   -0.00154    0.00169          6  0.000e+00
      29323   1221.750      3.477      3.501    29.6748    29.6869   5.706162   5.705503     3.4420     2.9414      12.50   28.01786  -83.01666   -0.00158    0.00161          6  0.000e+00
      29324   1221.792      3.492      3.516    29.6755    29.6867   5.705998   5.705519     3.4420     2.9414      12.50   28.01786  -83.01666   -0.00162    0.00153          6  0.000e+00
      29325   1221.833      3.530      3.554    29.6748    29.6855   5.705951   5.705614     3.4420     2.9402      12.50   28.01786  -83.01666   -0.00166    0.00143          6  0.000e+00
      29326   1221.875      3.545      3.569    29.6738    29.6841   5.705982   5.705694     3.4420     2.9402      12.50   28.01786  -83.01666   -0.00170    0.00133          6  0.000e+00
      29327   1221.917      3.492      3.516    29.6713    29.6831   5.706100   5.705765     3.4420     2.9402      12.50   28.01786  -83.01666   -0.00174    0.00123          6  0.000e+00
      29328   1221.958      3.477      3.501    29.6672    29.6820   5.706241   5.705797     3.4420     2.9402      12.50   28.01786  -83.01666   -0.00177    0.00115          6  0.000e+00
      29329   1222.000      3.545      3.569    29.6656    29.6822   5.706280   5.705892     3.4420     2.9389      12.50   28.01786  -83.01666   -0.00180    0.00105          6  0.000e+00
      29330   1222.042      3.477      3.501    29.6692    29.6828   5.706209   5.705900     3.4420     2.9389      12.50   28.01786  -83.01666   -0.00185    0.00095          6  0.000e+00
      29331   1222.083      3.545      3.569    29.6716    29.6828   5.706288   5.705876     3.4420     2.9389      12.50   28.01786  -83.01666   -0.00190    0.00085          6  0.000e+00
      29332   1222.125      3.545      3.569    29.6703    29.6828   5.706256   5.705781     3.4420     2.9377      12.50   28.01786  -83.01666   -0.00194    0.00073          6  0.000e+00
      29333   1222.167      3.530      3.554    29.6835    29.6805   5.705308   5.705845     3.4420     2.9377      12.50   28.01786  -83.01666   -0.00198    0.00062          6  0.000e+00
      29334   1222.208      3.545      3.569    29.7048    29.6789   5.703357   5.705924     3.4420     2.9377      12.50   28.01786  -83.01666   -0.00203    0.00052          6  0.000e+00
      29335   1222.250      3.530      3.554    29.7164    29.6790   5.701931   5.705924     3.4420     2.9377      12.50   28.01786  -83.01666   -0.00208    0.00040          6  0.000e+00
      29336   1222.292      3.545      3.569    29.7207    29.6796   5.701374   5.705868     3.4420     2.9377      12.50   28.01786  -83.01666   -0.00214    0.00029          6  0.000e+00
      29337   1222.333      3.545      3.569    29.7183    29.6790   5.701625   5.705797     3.4420     2.9377      12.50   28.01786  -83.01666   -0.00217    0.00020          6  0.000e+00
      29338   1222.375      3.590      3.615    29.7010    29.6779   5.702707   5.705972     3.4420     2.9377      12.48   28.01786  -83.01666   -0.00221    0.00008          6  0.000e+00
      29339   1222.417      3.545      3.569    29.6930    29.6768   5.703459   5.706202     3.4420     2.9377      12.45   28.01786  -83.01666   -0.00224   -0.00001          6  0.000e+00
      29340   1222.458      3.590      3.615    29.6945    29.6755   5.703960   5.706337     3.4420     2.9377      12.45   28.01786  -83.01666   -0.00227   -0.00010          6  0.000e+00
      29341   1222.500      3.545      3.569    29.6889    29.6748   5.704987   5.706369     3.4420     2.9377      12.45   28.01786  -83.01666   -0.00230   -0.00019          6  0.000e+00
      29342   1222.542      3.606      3.630    29.6700    29.6750   5.706280   5.706385     3.4420     2.9377      12.45   28.01786  -83.01666   -0.00233   -0.00028          6  0.000e+00
      29343   1222.583      3.590      3.615    29.6651    29.6770   5.706782   5.706162     3.4420     2.9377      12.45   28.01786  -83.01666   -0.00235   -0.00037          6  0.000e+00
      29344   1222.625      3.658      3.683    29.6571    29.6790   5.706986   5.705964     3.4420     2.9377      12.45   28.01786  -83.01666   -0.00238   -0.00046          6  0.000e+00
      29345   1222.667      3.590      3.615    29.6514    29.6802   5.707526   5.705765     3.4420     2.9377      12.45   28.01786  -83.01666   -0.00242   -0.00055          6  0.000e+00
      29346   1222.708      3.606      3.630    29.6480    29.6803   5.708005   5.705694     3.4420     2.9365      12.45   28.01786  -83.01666   -0.00244   -0.00065          6  0.000e+00
      29347   1222.750      3.658      3.683    29.6460    29.6796   5.708397   5.705813     3.4420     2.9365      12.45   28.01786  -83.01666   -0.00244   -0.00075          6  0.000e+00
      29348   1222.792      3.643      3.668    29.6465    29.6787   5.708099   5.705900     3.4420     2.9365      12.45   28.01786  -83.01666   -0.00245   -0.00085          6  0.000e+00
      29349   1222.833      3.658      3.683    29.6496    29.6790   5.707440   5.705900     3.4420     2.9353      12.45   28.01786  -83.01666   -0.00245   -0.00097          6  0.000e+00
      29350   1222.875      3.696      3.721    29.6643    29.6813   5.706343   5.705741     3.4420     2.9353      12.45   28.01786  -83.01666   -0.00243   -0.00109          6  0.000e+00
      29351   1222.917      3.545      3.569    29.6690    29.6842   5.705543   5.705527     3.4420     2.9341      12.45   28.01786  -83.01666   -0.00242   -0.00120          6  0.000e+00
      29352   1222.958      3.825      3.850    29.6688    29.6855   5.705810   5.705384     3.4420     2.9341      12.45   28.01786  -83.01666   -0.00243   -0.00131          6  0.000e+00
      29353   1223.000      3.696      3.721    29.6591    29.6868   5.707040   5.705273     3.4408     2.9328      12.45   28.01786  -83.01666   -0.00245   -0.00143          6  0.000e+00
      29354   1223.042      3.711      3.736    29.6500    29.6876   5.708005   5.705225     3.4408     2.9328      12.45   28.01786  -83.01666   -0.00246   -0.00156          6  0.000e+00
      29355   1223.083      3.696      3.721    29.6450    29.6872   5.708561   5.705241     3.4396     2.9316      12.45   28.01786  -83.01666   -0.00248   -0.00169          6  0.000e+00
      29356   1223.125      3.772      3.797    29.6423    29.6870   5.708984   5.705225     3.4408     2.9316      12.45   28.01786  -83.01666   -0.00248   -0.00183          6  0.000e+00
      29357   1223.167      3.658      3.683    29.6406    29.6861   5.709126   5.705344     3.4408     2.9316      12.45   28.01786  -83.01666   -0.00247   -0.00196          6  0.000e+00
      29358   1223.208      3.810      3.835    29.6389    29.6848   5.709173   5.705400     3.4408     2.9316      12.45   28.01786  -83.01666   -0.00247   -0.00208          6  0.000e+00
      29359   1223.250      3.772      3.797    29.6409    29.6833   5.708977   5.705598     3.4396     2.9328      12.45   28.01786  -83.01666   -0.00247   -0.00219          6  0.000e+00
      29360   1223.292      3.757      3.782    29.6385    29.6754   5.708836   5.706226     3.4396     2.9316      12.45   28.01786  -83.01666   -0.00248   -0.00231          6  0.000e+00
      29361   1223.333      3.772      3.797    29.6361    29.6592   5.709024   5.707315     3.4396     2.9328      12.45   28.01786  -83.01666   -0.00248   -0.00243          6  0.000e+00
      29362   1223.375      3.825      3.850    29.6382    29.6480   5.708953   5.708332     3.4408     2.9328      12.45   28.01786  -83.01666   -0.00247   -0.00257          6  0.000e+00
      29363   1223.417      3.757      3.782    29.6454    29.6434   5.708553   5.708769     3.4408     2.9328      12.45   28.01786  -83.01666   -0.00245   -0.00270          6  0.000e+00
      29364   1223.458      3.825      3.850    29.6459    29.6417   5.708514   5.708880     3.4408     2.9341      12.45   28.01786  -83.01666   -0.00242   -0.00281          6  0.000e+00
      29365   1223.500      3.810      3.835    29.6365    29.6412   5.708883   5.708920     3.4408     2.9341      12.45   28.01786  -83.01666   -0.00240   -0.00292          6  0.000e+00
