GOMECC/GOMECC-4/1db/rb2103_0971.ros
* Sea-Bird SBE 9 Data File:
* FileName = C:\Users\scs.user.rb\CTD\GOMECC4\data\rb2103_0971.hex
* Software Version Seasave V 7.26.7.107
* Temperature SN = 4799
* Conductivity SN = 3860
* Number of Bytes Per Scan = 41
* Number of Voltage Words = 4
* Number of Scans Averaged by the Deck Unit = 1
* NMEA Latitude = 22 58.24 N
* NMEA Longitude = 090 29.95 W
* NMEA UTC (Time) = Oct 11 2021  11:24:34
* NMEA baud rate = 4800
# nquan = 17
# nvalues = 3059                                  
# units = specified
# name 0 = scan: Scan Count
# name 1 = timeS: Time, Elapsed [seconds]
# name 2 = depSM: Depth [salt water, m]
# name 3 = prDM: Pressure, Digiquartz [db]
# name 4 = t090C: Temperature [ITS-90, deg C]
# name 5 = t190C: Temperature, 2 [ITS-90, deg C]
# name 6 = c0S/m: Conductivity [S/m]
# name 7 = c1S/m: Conductivity, 2 [S/m]
# name 8 = sbeox0V: Oxygen raw, SBE 43 [V]
# name 9 = sbeox1V: Oxygen raw, SBE 43, 2 [V]
# name 10 = altM: Altimeter [m]
# name 11 = latitude: Latitude [deg]
# name 12 = longitude: Longitude [deg]
# name 13 = sbox0dV/dT: Oxygen, SBE 43 [dov/dt]
# name 14 = sbox1dV/dT: Oxygen, SBE 43, 2 [dov/dt]
# name 15 = nbf: Bottles Fired
# name 16 = flag:  0.000e+00
# interval = seconds: 0.0416667
# start_time = Oct 11 2021 11:24:34 [NMEA time, header]
# bad_flag = -9.990e-29
*END*
[from data line 2298]
      87051   3627.083     29.687     29.877    29.4394    29.4430   5.969660   5.969975     3.1697     2.6825     100.00   22.97220  -90.49860    0.00024   -0.00043         18  0.000e+00
      87052   3627.125     29.700     29.891    29.4397    29.4428   5.969604   5.969959     3.1697     2.6825     100.00   22.97220  -90.49860    0.00020   -0.00044         18  0.000e+00
      87053   3627.167     29.687     29.877    29.4405    29.4430   5.969652   5.969983     3.1709     2.6825     100.00   22.97220  -90.49860    0.00018   -0.00045         18  0.000e+00
      87054   3627.208     29.646     29.836    29.4411    29.4430   5.969708   5.969999     3.1709     2.6813     100.00   22.97220  -90.49860    0.00016   -0.00048         18  0.000e+00
      87055   3627.250     29.734     29.925    29.4403    29.4432   5.969684   5.969999     3.1709     2.6813     100.00   22.97220  -90.49860    0.00013   -0.00052         18  0.000e+00
      87056   3627.292     29.701     29.891    29.4399    29.4433   5.969652   5.970032     3.1709     2.6801     100.00   22.97220  -90.49860    0.00011   -0.00058         18  0.000e+00
      87057   3627.333     29.687     29.877    29.4396    29.4433   5.969628   5.969983     3.1709     2.6801     100.00   22.97220  -90.49860    0.00009   -0.00063         18  0.000e+00
      87058   3627.375     29.701     29.891    29.4396    29.4435   5.969628   5.970024     3.1709     2.6789     100.00   22.97220  -90.49860    0.00006   -0.00072         18  0.000e+00
      87059   3627.417     29.687     29.877    29.4396    29.4434   5.969628   5.970007     3.1709     2.6789     100.00   22.97220  -90.49860    0.00004   -0.00080         18  0.000e+00
      87060   3627.458     29.748     29.939    29.4394    29.4435   5.969628   5.969999     3.1709     2.6777     100.00   22.97220  -90.49860    0.00002   -0.00090         18  0.000e+00
      87061   3627.500     29.687     29.877    29.4392    29.4433   5.969628   5.969959     3.1709     2.6777     100.00   22.97220  -90.49860   -0.00001   -0.00102         18  0.000e+00
      87062   3627.542     29.701     29.891    29.4394    29.4435   5.969628   5.969983     3.1722     2.6777     100.00   22.97220  -90.49860    0.00000   -0.00113         18  0.000e+00
      87063   3627.583     29.687     29.878    29.4392    29.4435   5.969588   5.970032     3.1722     2.6777     100.00   22.97220  -90.49860    0.00001   -0.00124         18  0.000e+00
      87064   3627.625     29.748     29.939    29.4392    29.4435   5.969580   5.970048     3.1722     2.6789     100.00   22.97220  -90.49860    0.00000   -0.00135         18  0.000e+00
      87065   3627.667     29.687     29.878    29.4390    29.4434   5.969596   5.970048     3.1722     2.6789     100.00   22.97220  -90.49860    0.00001   -0.00145         18  0.000e+00
      87066   3627.708     29.701     29.891    29.4391    29.4433   5.969620   5.970024     3.1722     2.6789     100.00   22.97220  -90.49860    0.00004   -0.00154         18  0.000e+00
      87067   3627.750     29.748     29.939    29.4390    29.4430   5.969628   5.970040     3.1722     2.6789     100.00   22.97220  -90.49860    0.00005   -0.00162         18  0.000e+00
      87068   3627.792     29.688     29.878    29.4390    29.4426   5.969588   5.970008     3.1722     2.6801     100.00   22.97218  -90.49860    0.00007   -0.00169         18  0.000e+00
      87069   3627.833     29.749     29.939    29.4392    29.4428   5.969580   5.969927     3.1722     2.6801     100.00   22.97218  -90.49860    0.00010   -0.00175         18  0.000e+00
      87070   3627.875     29.688     29.878    29.4390    29.4424   5.969612   5.969975     3.1722     2.6813     100.00   22.97218  -90.49860    0.00013   -0.00179         18  0.000e+00
      87071   3627.917     29.749     29.939    29.4390    29.4423   5.969628   5.969959     3.1722     2.6813     100.00   22.97218  -90.49860    0.00015   -0.00185         18  0.000e+00
      87072   3627.958     29.735     29.926    29.4389    29.4422   5.969628   5.969951     3.1722     2.6825     100.00   22.97218  -90.49860    0.00018   -0.00190         18  0.000e+00
      87073   3628.000     29.701     29.892    29.4390    29.4420   5.969628   5.969951     3.1734     2.6825     100.00   22.97218  -90.49860    0.00022   -0.00192         18  0.000e+00
      87074   3628.042     29.688     29.878    29.4392    29.4415   5.969604   5.969910     3.1722     2.6825     100.00   22.97218  -90.49860    0.00025   -0.00194         18  0.000e+00
      87075   3628.083     29.701     29.892    29.4390    29.4417   5.969620   5.969951     3.1734     2.6838     100.00   22.97218  -90.49860    0.00029   -0.00194         18  0.000e+00
      87076   3628.125     29.735     29.926    29.4388    29.4417   5.969628   5.969951     3.1722     2.6850     100.00   22.97218  -90.49860    0.00032   -0.00193         18  0.000e+00
      87077   3628.167     29.749     29.940    29.4394    29.4417   5.969660   5.969910     3.1734     2.6850     100.00   22.97218  -90.49860    0.00036   -0.00191         18  0.000e+00
      87078   3628.208     29.688     29.878    29.4394    29.4417   5.969636   5.970008     3.1734     2.6850     100.00   22.97218  -90.49860    0.00040   -0.00190         18  0.000e+00
      87079   3628.250     29.749     29.940    29.4394    29.4420   5.969628   5.970008     3.1734     2.6850     100.00   22.97218  -90.49860    0.00044   -0.00188         18  0.000e+00
      87080   3628.292     29.688     29.878    29.4394    29.4420   5.969628   5.969999     3.1734     2.6862     100.00   22.97218  -90.49860    0.00048   -0.00185         18  0.000e+00
      87081   3628.333     29.749     29.940    29.4396    29.4426   5.969628   5.969999     3.1734     2.6862     100.00   22.97218  -90.49860    0.00051   -0.00182         18  0.000e+00
      87082   3628.375     29.688     29.878    29.4396    29.4430   5.969660   5.969959     3.1734     2.6862     100.00   22.97218  -90.49860    0.00053   -0.00177         18  0.000e+00
      87083   3628.417     29.702     29.892    29.4398    29.4432   5.969604   5.969983     3.1722     2.6862     100.00   22.97218  -90.49860    0.00054   -0.00173         18  0.000e+00
      87084   3628.458     29.736     29.926    29.4397    29.4432   5.969628   5.969975     3.1722     2.6862     100.00   22.97218  -90.49860    0.00054   -0.00170         18  0.000e+00
      87085   3628.500     29.648     29.838    29.4399    29.4430   5.969668   5.969991     3.1734     2.6862     100.00   22.97218  -90.49860    0.00056   -0.00165         18  0.000e+00
      87086   3628.542     29.736     29.926    29.4401    29.4432   5.969636   5.969927     3.1722     2.6862     100.00   22.97218  -90.49860    0.00055   -0.00159         18  0.000e+00
      87087   3628.583     29.702     29.892    29.4401    29.4430   5.969628   5.969975     3.1722     2.6874     100.00   22.97218  -90.49860    0.00053   -0.00152         18  0.000e+00
      87088   3628.625     29.702     29.892    29.4403    29.4430   5.969700   5.969959     3.1722     2.6874     100.00   22.97218  -90.49860    0.00052   -0.00145         18  0.000e+00
      87089   3628.667     29.689     29.879    29.4404    29.4428   5.969652   5.969910     3.1722     2.6874     100.00   22.97218  -90.49860    0.00050   -0.00139         18  0.000e+00
      87090   3628.708     29.702     29.892    29.4406    29.4430   5.969628   5.969862     3.1734     2.6874     100.00   22.97218  -90.49860    0.00050   -0.00132         18  0.000e+00
      87091   3628.750     29.689     29.879    29.4409    29.4428   5.969660   5.969886     3.1722     2.6874     100.00   22.97218  -90.49860    0.00048   -0.00125         18  0.000e+00
      87092   3628.792     29.702     29.892    29.4409    29.4424   5.969676   5.969878     3.1734     2.6886     100.00   22.97218  -90.49860    0.00048   -0.00116         18  0.000e+00
      87093   3628.833     29.689     29.879    29.4412    29.4424   5.969692   5.969854     3.1722     2.6886     100.00   22.97218  -90.49860    0.00046   -0.00107         18  0.000e+00
      87094   3628.875     29.702     29.893    29.4413    29.4418   5.969644   5.969813     3.1722     2.6886     100.00   22.97218  -90.49860    0.00044   -0.00099         18  0.000e+00
      87095   3628.917     29.689     29.879    29.4414    29.4417   5.969700   5.969765     3.1722     2.6886     100.00   22.97218  -90.49860    0.00042   -0.00090         18  0.000e+00
      87096   3628.958     29.648     29.838    29.4414    29.4417   5.969724   5.969789     3.1722     2.6886     100.00   22.97218  -90.49860    0.00040   -0.00081         18  0.000e+00
      87097   3629.000     29.689     29.879    29.4416    29.4409   5.969684   5.969732     3.1734     2.6886     100.00   22.97218  -90.49860    0.00039   -0.00073         18  0.000e+00
      87098   3629.042     29.703     29.893    29.4414    29.4404   5.969676   5.969740     3.1722     2.6886     100.00   22.97218  -90.49860    0.00037   -0.00064         18  0.000e+00
      87099   3629.083     29.689     29.879    29.4414    29.4400   5.969708   5.969757     3.1734     2.6886     100.00   22.97218  -90.49860    0.00036   -0.00056         18  0.000e+00
      87100   3629.125     29.648     29.838    29.4414    29.4402   5.969684   5.969756     3.1734     2.6886     100.00   22.97218  -90.49860    0.00037   -0.00049         18  0.000e+00
      87101   3629.167     29.689     29.879    29.4414    29.4407   5.969708   5.969732     3.1734     2.6886     100.00   22.97218  -90.49860    0.00036   -0.00043         18  0.000e+00
      87102   3629.208     29.649     29.838    29.4418    29.4410   5.969684   5.969781     3.1734     2.6899     100.00   22.97218  -90.49860    0.00035   -0.00034         18  0.000e+00
      87103   3629.250     29.689     29.879    29.4414    29.4411   5.969652   5.969732     3.1734     2.6886     100.00   22.97218  -90.49860    0.00034   -0.00028         18  0.000e+00
      87104   3629.292     29.649     29.839    29.4418    29.4411   5.969700   5.969708     3.1734     2.6886     100.00   22.97218  -90.49860    0.00034   -0.00022         18  0.000e+00
      87105   3629.333     29.642     29.832    29.4418    29.4409   5.969684   5.969708     3.1734     2.6886     100.00   22.97218  -90.49860    0.00035   -0.00015         18  0.000e+00
      87106   3629.375     29.703     29.893    29.4416    29.4405   5.969676   5.969635     3.1734     2.6886     100.00   22.97218  -90.49860    0.00035   -0.00009         18  0.000e+00
      87107   3629.417     29.649     29.839    29.4416    29.4404   5.969708   5.969684     3.1734     2.6886     100.00   22.97218  -90.49860    0.00036   -0.00003         18  0.000e+00
      87108   3629.458     29.642     29.832    29.4416    29.4404   5.969724   5.969708     3.1734     2.6886     100.00   22.97218  -90.49860    0.00036    0.00005         18  0.000e+00
      87109   3629.500     29.649     29.839    29.4418    29.4404   5.969724   5.969716     3.1734     2.6886     100.00   22.97218  -90.49860    0.00036    0.00011         18  0.000e+00
      87110   3629.542     29.642     29.832    29.4418    29.4404   5.969684   5.969675     3.1734     2.6886     100.00   22.97218  -90.49860    0.00036    0.00018         18  0.000e+00
      87111   3629.583     29.649     29.839    29.4418    29.4405   5.969708   5.969692     3.1746     2.6886     100.00   22.97218  -90.49860    0.00038    0.00026         18  0.000e+00
      87112   3629.625     29.642     29.832    29.4416    29.4407   5.969700   5.969740     3.1746     2.6874     100.00   22.97218  -90.49860    0.00042    0.00032         18  0.000e+00
      87113   3629.667     29.649     29.839    29.4416    29.4405   5.969716   5.969684     3.1734     2.6874     100.00   22.97218  -90.49860    0.00041    0.00038         18  0.000e+00
      87114   3629.708     29.642     29.832    29.4420    29.4410   5.969684   5.969692     3.1746     2.6874     100.00   22.97218  -90.49860    0.00043    0.00044         18  0.000e+00
      87115   3629.750     29.649     29.839    29.4418    29.4411   5.969708   5.969740     3.1734     2.6874     100.00   22.97218  -90.49860    0.00045    0.00050         18  0.000e+00
      87116   3629.792     29.642     29.832    29.4418    29.4411   5.969684   5.969756     3.1734     2.6874     100.00   22.97220  -90.49860    0.00046    0.00056         18  0.000e+00
      87117   3629.833     29.649     29.839    29.4422    29.4413   5.969708   5.969732     3.1734     2.6874     100.00   22.97220  -90.49860    0.00049    0.00062         18  0.000e+00
      87118   3629.875     29.643     29.832    29.4419    29.4411   5.969652   5.969708     3.1734     2.6862     100.00   22.97220  -90.49860    0.00051    0.00066         18  0.000e+00
      87119   3629.917     29.602     29.792    29.4419    29.4411   5.969660   5.969740     3.1734     2.6874     100.00   22.97220  -90.49860    0.00052    0.00073         18  0.000e+00
      87120   3629.958     29.643     29.832    29.4420    29.4413   5.969676   5.969789     3.1734     2.6874     100.00   22.97220  -90.49860    0.00053    0.00079         18  0.000e+00
      87121   3630.000     29.649     29.839    29.4419    29.4411   5.969692   5.969765     3.1734     2.6874     100.00   22.97220  -90.49860    0.00055    0.00087         18  0.000e+00
      87122   3630.042     29.589     29.778    29.4421    29.4409   5.969747   5.969716     3.1734     2.6874     100.00   22.97220  -90.49860    0.00056    0.00095         18  0.000e+00
      87123   3630.083     29.650     29.839    29.4420    29.4407   5.969732   5.969740     3.1734     2.6874     100.00   22.97220  -90.49860    0.00059    0.00103         18  0.000e+00
      87124   3630.125     29.643     29.833    29.4419    29.4407   5.969684   5.969716     3.1734     2.6874     100.00   22.97220  -90.49860    0.00060    0.00111         18  0.000e+00
      87125   3630.167     29.650     29.840    29.4420    29.4409   5.969708   5.969708     3.1734     2.6874     100.00   22.97220  -90.49860    0.00061    0.00118         18  0.000e+00
      87126   3630.208     29.555     29.744    29.4419    29.4411   5.969724   5.969684     3.1734     2.6874     100.00   22.97220  -90.49860    0.00064    0.00126         18  0.000e+00
      87127   3630.250     29.643     29.833    29.4421    29.4407   5.969684   5.969659     3.1734     2.6874     100.00   22.97220  -90.49860    0.00067    0.00134         18  0.000e+00
      87128   3630.292     29.650     29.840    29.4422    29.4405   5.969708   5.969659     3.1734     2.6874     100.00   22.97220  -90.49860    0.00070    0.00142         18  0.000e+00
      87129   3630.333     29.643     29.833    29.4416    29.4404   5.969724   5.969692     3.1734     2.6874     100.00   22.97220  -90.49860    0.00073    0.00149         18  0.000e+00
      87130   3630.375     29.602     29.792    29.4421    29.4405   5.969700   5.969740     3.1734     2.6862     100.00   22.97220  -90.49860    0.00074    0.00153         18  0.000e+00
      87131   3630.417     29.589     29.779    29.4420    29.4404   5.969716   5.969756     3.1734     2.6862     100.00   22.97220  -90.49860    0.00077    0.00158         18  0.000e+00
      87132   3630.458     29.650     29.840    29.4419    29.4402   5.969724   5.969789     3.1734     2.6862     100.00   22.97220  -90.49860    0.00078    0.00162         18  0.000e+00
      87133   3630.500     29.643     29.833    29.4423    29.4407   5.969724   5.969878     3.1734     2.6862     100.00   22.97220  -90.49860    0.00080    0.00167         18  0.000e+00
      87134   3630.542     29.603     29.792    29.4424    29.4411   5.969755   5.969878     3.1734     2.6862     100.00   22.97220  -90.49860    0.00081    0.00170         18  0.000e+00
