GOMECC/GOMECC-4/1db/rb2103_1011.ros
* Sea-Bird SBE 9 Data File:
* FileName = C:\Users\scs.user.rb\CTD\GOMECC4\data\rb2103_1011.hex
* Software Version Seasave V 7.26.7.107
* Temperature SN = 4799
* Conductivity SN = 3860
* Number of Bytes Per Scan = 41
* Number of Voltage Words = 4
* Number of Scans Averaged by the Deck Unit = 1
* NMEA Latitude = 23 09.37 N
* NMEA Longitude = 088 00.06 W
* NMEA UTC (Time) = Oct 12 2021  18:34:17
* NMEA baud rate = 4800
# nquan = 17
# nvalues = 1064                                  
# units = specified
# name 0 = scan: Scan Count
# name 1 = timeS: Time, Elapsed [seconds]
# name 2 = depSM: Depth [salt water, m]
# name 3 = prDM: Pressure, Digiquartz [db]
# name 4 = t090C: Temperature [ITS-90, deg C]
# name 5 = t190C: Temperature, 2 [ITS-90, deg C]
# name 6 = c0S/m: Conductivity [S/m]
# name 7 = c1S/m: Conductivity, 2 [S/m]
# name 8 = sbeox0V: Oxygen raw, SBE 43 [V]
# name 9 = sbeox1V: Oxygen raw, SBE 43, 2 [V]
# name 10 = altM: Altimeter [m]
# name 11 = latitude: Latitude [deg]
# name 12 = longitude: Longitude [deg]
# name 13 = sbox0dV/dT: Oxygen, SBE 43 [dov/dt]
# name 14 = sbox1dV/dT: Oxygen, SBE 43, 2 [dov/dt]
# name 15 = nbf: Bottles Fired
# name 16 = flag:  0.000e+00
# interval = seconds: 0.0416667
# start_time = Oct 12 2021 18:34:17 [NMEA time, header]
# bad_flag = -9.990e-29
*END*
[from data line 681]
      29570   1232.042     25.361     25.523    29.5418    29.5441   5.945277   5.945874     3.1636     2.6789      53.26   23.15660  -88.00126   -0.00102   -0.00020          6  0.000e+00
      29571   1232.083     25.402     25.564    29.5420    29.5442   5.945300   5.945906     3.1636     2.6789      53.26   23.15660  -88.00126   -0.00096   -0.00017          6  0.000e+00
      29572   1232.125     25.361     25.523    29.5420    29.5440   5.945332   5.945858     3.1636     2.6789      53.26   23.15660  -88.00126   -0.00091   -0.00014          6  0.000e+00
      29573   1232.167     25.402     25.564    29.5412    29.5438   5.945300   5.945858     3.1648     2.6789      53.26   23.15660  -88.00126   -0.00083   -0.00010          6  0.000e+00
      29574   1232.208     25.415     25.578    29.5398    29.5439   5.945316   5.945842     3.1648     2.6789      53.26   23.15660  -88.00126   -0.00078   -0.00008          6  0.000e+00
      29575   1232.250     25.361     25.523    29.5396    29.5439   5.945300   5.945874     3.1636     2.6801      53.26   23.15660  -88.00126   -0.00072   -0.00002          6  0.000e+00
      29576   1232.292     25.402     25.564    29.5396    29.5439   5.945324   5.945939     3.1648     2.6801      53.26   23.15660  -88.00126   -0.00065    0.00004          6  0.000e+00
      29577   1232.333     25.415     25.578    29.5403    29.5440   5.945396   5.945906     3.1636     2.6801      53.26   23.15660  -88.00126   -0.00060    0.00009          6  0.000e+00
      29578   1232.375     25.402     25.564    29.5414    29.5442   5.945428   5.945866     3.1636     2.6813      53.26   23.15660  -88.00126   -0.00056    0.00016          6  0.000e+00
      29579   1232.417     25.415     25.578    29.5418    29.5440   5.945420   5.945914     3.1636     2.6813      53.28   23.15660  -88.00126   -0.00052    0.00024          6  0.000e+00
      29580   1232.458     25.402     25.564    29.5422    29.5441   5.945428   5.945898     3.1636     2.6813      53.26   23.15660  -88.00126   -0.00048    0.00031          6  0.000e+00
      29581   1232.500     25.361     25.524    29.5423    29.5442   5.945436   5.945906     3.1636     2.6813      53.26   23.15660  -88.00126   -0.00043    0.00038          6  0.000e+00
      29582   1232.542     25.449     25.612    29.5422    29.5442   5.945460   5.945890     3.1636     2.6813      53.26   23.15660  -88.00126   -0.00039    0.00045          6  0.000e+00
      29583   1232.583     25.361     25.524    29.5425    29.5441   5.945476   5.945906     3.1636     2.6813      53.26   23.15660  -88.00126   -0.00034    0.00052          6  0.000e+00
      29584   1232.625     25.402     25.564    29.5425    29.5442   5.945436   5.945858     3.1636     2.6813      53.26   23.15660  -88.00126   -0.00030    0.00058          6  0.000e+00
      29585   1232.667     25.415     25.578    29.5423    29.5442   5.945428   5.945842     3.1636     2.6813      53.26   23.15660  -88.00126   -0.00025    0.00065          6  0.000e+00
      29586   1232.708     25.402     25.565    29.5427    29.5441   5.945468   5.945858     3.1636     2.6813      53.26   23.15660  -88.00126   -0.00020    0.00072          6  0.000e+00
      29587   1232.750     25.415     25.578    29.5423    29.5442   5.945468   5.945842     3.1636     2.6825      53.26   23.15660  -88.00126   -0.00015    0.00080          6  0.000e+00
      29588   1232.792     25.402     25.565    29.5423    29.5440   5.945444   5.945890     3.1636     2.6825      53.26   23.15660  -88.00126   -0.00011    0.00088          6  0.000e+00
      29589   1232.833     25.415     25.578    29.5429    29.5439   5.945468   5.945858     3.1636     2.6813      53.24   23.15660  -88.00126   -0.00006    0.00095          6  0.000e+00
      29590   1232.875     25.354     25.517    29.5425    29.5439   5.945436   5.945874     3.1636     2.6813      53.24   23.15660  -88.00126   -0.00001    0.00101          6  0.000e+00
      29591   1232.917     25.415     25.578    29.5425    29.5440   5.945468   5.945906     3.1624     2.6813      53.24   23.15660  -88.00126    0.00003    0.00107          6  0.000e+00
      29592   1232.958     25.402     25.565    29.5427    29.5439   5.945508   5.945890     3.1636     2.6813      53.24   23.15660  -88.00126    0.00008    0.00114          6  0.000e+00
      29593   1233.000     25.415     25.578    29.5425    29.5439   5.945452   5.945906     3.1636     2.6813      53.24   23.15660  -88.00126    0.00012    0.00120          6  0.000e+00
      29594   1233.042     25.402     25.565    29.5427    29.5440   5.945468   5.945931     3.1636     2.6813      53.24   23.15660  -88.00126    0.00015    0.00126          6  0.000e+00
      29595   1233.083     25.361     25.524    29.5425    29.5439   5.945468   5.945866     3.1636     2.6813      53.24   23.15660  -88.00126    0.00019    0.00134          6  0.000e+00
      29596   1233.125     25.415     25.578    29.5425    29.5439   5.945444   5.945890     3.1636     2.6801      53.24   23.15660  -88.00126    0.00020    0.00138          6  0.000e+00
      29597   1233.167     25.355     25.517    29.5426    29.5439   5.945460   5.945890     3.1636     2.6801      53.24   23.15660  -88.00126    0.00022    0.00144          6  0.000e+00
      29598   1233.208     25.415     25.578    29.5423    29.5440   5.945444   5.945834     3.1636     2.6801      53.24   23.15660  -88.00126    0.00022    0.00148          6  0.000e+00
      29599   1233.250     25.355     25.517    29.5425    29.5441   5.945468   5.945866     3.1648     2.6801      53.24   23.15660  -88.00126    0.00026    0.00154          6  0.000e+00
      29600   1233.292     25.416     25.578    29.5423    29.5440   5.945436   5.945922     3.1648     2.6801      53.24   23.15660  -88.00126    0.00028    0.00158          6  0.000e+00
      29601   1233.333     25.402     25.565    29.5423    29.5440   5.945428   5.945842     3.1648     2.6801      53.24   23.15660  -88.00126    0.00027    0.00162          6  0.000e+00
      29602   1233.375     25.361     25.524    29.5423    29.5439   5.945388   5.945866     3.1648     2.6801      53.24   23.15660  -88.00126    0.00029    0.00164          6  0.000e+00
      29603   1233.417     25.355     25.517    29.5425    29.5439   5.945420   5.945906     3.1648     2.6801      53.24   23.15660  -88.00126    0.00031    0.00168          6  0.000e+00
      29604   1233.458     25.361     25.524    29.5423    29.5436   5.945436   5.945858     3.1648     2.6801      53.24   23.15660  -88.00126    0.00032    0.00170          6  0.000e+00
      29605   1233.500     25.402     25.565    29.5422    29.5435   5.945388   5.945801     3.1661     2.6801      53.24   23.15660  -88.00126    0.00035    0.00173          6  0.000e+00
      29606   1233.542     25.361     25.524    29.5423    29.5432   5.945348   5.945842     3.1648     2.6801      53.24   23.15660  -88.00126    0.00036    0.00175          6  0.000e+00
      29607   1233.583     25.355     25.517    29.5422    29.5431   5.945340   5.945809     3.1648     2.6801      53.24   23.15660  -88.00126    0.00037    0.00175          6  0.000e+00
      29608   1233.625     25.362     25.524    29.5418    29.5429   5.945324   5.945809     3.1661     2.6801      53.24   23.15660  -88.00126    0.00040    0.00175          6  0.000e+00
      29609   1233.667     25.355     25.517    29.5418    29.5434   5.945404   5.945761     3.1661     2.6801      53.24   23.15660  -88.00126    0.00043    0.00175          6  0.000e+00
      29610   1233.708     25.362     25.524    29.5418    29.5435   5.945460   5.945777     3.1661     2.6801      53.24   23.15660  -88.00126    0.00046    0.00175          6  0.000e+00
      29611   1233.750     25.355     25.517    29.5410    29.5433   5.945372   5.945696     3.1661     2.6801      53.21   23.15660  -88.00126    0.00048    0.00175          6  0.000e+00
      29612   1233.792     25.314     25.476    29.5416    29.5428   5.945372   5.945648     3.1673     2.6801      53.24   23.15660  -88.00126    0.00052    0.00172          6  0.000e+00
      29613   1233.833     25.355     25.517    29.5416    29.5426   5.945372   5.945696     3.1661     2.6801      53.26   23.15660  -88.00126    0.00054    0.00170          6  0.000e+00
      29614   1233.875     25.314     25.476    29.5420    29.5423   5.945420   5.945696     3.1661     2.6801      53.28   23.15660  -88.00126    0.00057    0.00168          6  0.000e+00
      29615   1233.917     25.362     25.524    29.5423    29.5423   5.945388   5.945696     3.1661     2.6801      53.28   23.15660  -88.00126    0.00059    0.00165          6  0.000e+00
      29616   1233.958     25.301     25.463    29.5425    29.5426   5.945380   5.945712     3.1661     2.6801      53.28   23.15660  -88.00126    0.00062    0.00163          6  0.000e+00
      29617   1234.000     25.362     25.524    29.5420    29.5426   5.945420   5.945696     3.1661     2.6801      53.28   23.15660  -88.00126    0.00064    0.00158          6  0.000e+00
      29618   1234.042     25.301     25.463    29.5423    29.5423   5.945420   5.945639     3.1661     2.6801      53.28   23.15660  -88.00126    0.00068    0.00153          6  0.000e+00
      29619   1234.083     25.314     25.477    29.5425    29.5423   5.945428   5.945639     3.1648     2.6801      53.31   23.15660  -88.00126    0.00068    0.00148          6  0.000e+00
      29620   1234.125     25.301     25.463    29.5423    29.5422   5.945468   5.945607     3.1648     2.6813      53.28   23.15660  -88.00126    0.00070    0.00145          6  0.000e+00
      29621   1234.167     25.314     25.477    29.5422    29.5416   5.945468   5.945542     3.1661     2.6801      53.28   23.15660  -88.00126    0.00073    0.00140          6  0.000e+00
      29622   1234.208     25.301     25.463    29.5405    29.5415   5.945404   5.945575     3.1661     2.6813      53.28   23.15660  -88.00126    0.00076    0.00136          6  0.000e+00
      29623   1234.250     25.314     25.477    29.5409    29.5414   5.945340   5.945575     3.1661     2.6801      53.28   23.15660  -88.00126    0.00079    0.00132          6  0.000e+00
      29624   1234.292     25.254     25.415    29.5412    29.5413   5.945372   5.945551     3.1661     2.6801      53.28   23.15660  -88.00126    0.00083    0.00126          6  0.000e+00
      29625   1234.333     25.314     25.477    29.5412    29.5414   5.945348   5.945583     3.1661     2.6801      53.28   23.15660  -88.00126    0.00086    0.00120          6  0.000e+00
      29626   1234.375     25.254     25.415    29.5410    29.5418   5.945324   5.945542     3.1661     2.6813      53.28   23.15660  -88.00126    0.00087    0.00116          6  0.000e+00
      29627   1234.417     25.314     25.477    29.5407    29.5414   5.945300   5.945502     3.1648     2.6801      53.28   23.15660  -88.00126    0.00088    0.00111          6  0.000e+00
      29628   1234.458     25.254     25.415    29.5398    29.5410   5.945316   5.945551     3.1648     2.6801      53.28   23.15660  -88.00126    0.00089    0.00106          6  0.000e+00
      29629   1234.500     25.267     25.429    29.5394    29.5401   5.945261   5.945478     3.1648     2.6801      53.28   23.15660  -88.00126    0.00089    0.00101          6  0.000e+00
      29630   1234.542     25.254     25.415    29.5401    29.5396   5.945316   5.945454     3.1648     2.6801      53.28   23.15660  -88.00126    0.00090    0.00096          6  0.000e+00
      29631   1234.583     25.267     25.429    29.5409    29.5397   5.945324   5.945429     3.1648     2.6801      53.28   23.15660  -88.00126    0.00091    0.00091          6  0.000e+00
      29632   1234.625     25.254     25.415    29.5412    29.5399   5.945261   5.945405     3.1648     2.6801      53.28   23.15660  -88.00126    0.00093    0.00087          6  0.000e+00
      29633   1234.667     25.267     25.429    29.5409    29.5399   5.945197   5.945381     3.1648     2.6789      53.28   23.15660  -88.00126    0.00096    0.00082          6  0.000e+00
      29634   1234.708     25.267     25.429    29.5412    29.5396   5.945189   5.945397     3.1648     2.6789      53.28   23.15660  -88.00126    0.00097    0.00078          6  0.000e+00
      29635   1234.750     25.254     25.416    29.5409    29.5394   5.945157   5.945365     3.1648     2.6789      53.28   23.15660  -88.00126    0.00098    0.00074          6  0.000e+00
      29636   1234.792     25.213     25.375    29.5403    29.5391   5.945093   5.945332     3.1648     2.6777      53.28   23.15660  -88.00126    0.00099    0.00069          6  0.000e+00
      29637   1234.833     25.254     25.416    29.5398    29.5386   5.945053   5.945348     3.1636     2.6777      53.38   23.15660  -88.00126    0.00098    0.00063          6  0.000e+00
      29638   1234.875     25.213     25.375    29.5394    29.5388   5.945029   5.945405     3.1648     2.6777      53.43   23.15660  -88.00126    0.00099    0.00058          6  0.000e+00
      29639   1234.917     25.254     25.416    29.5392    29.5391   5.945005   5.945405     3.1636     2.6777      53.43   23.15660  -88.00126    0.00098    0.00052          6  0.000e+00
      29640   1234.958     25.213     25.375    29.5392    29.5392   5.944926   5.945365     3.1648     2.6777      53.43   23.15660  -88.00126    0.00097    0.00047          6  0.000e+00
      29641   1235.000     25.206     25.368    29.5385    29.5392   5.944886   5.945373     3.1648     2.6777      53.43   23.15660  -88.00126    0.00098    0.00041          6  0.000e+00
      29642   1235.042     25.267     25.429    29.5375    29.5396   5.944894   5.945397     3.1636     2.6764      53.43   23.15660  -88.00126    0.00095    0.00034          6  0.000e+00
      29643   1235.083     25.207     25.368    29.5374    29.5391   5.944854   5.945405     3.1636     2.6764      53.43   23.15660  -88.00126    0.00092    0.00027          6  0.000e+00
      29644   1235.125     25.213     25.375    29.5374    29.5392   5.944886   5.945454     3.1636     2.6764      53.43   23.15660  -88.00126    0.00089    0.00020          6  0.000e+00
      29645   1235.167     25.207     25.368    29.5372    29.5394   5.944830   5.945421     3.1636     2.6764      53.43   23.15660  -88.00126    0.00086    0.00013          6  0.000e+00
      29646   1235.208     25.213     25.375    29.5363    29.5393   5.944830   5.945494     3.1648     2.6752      53.43   23.15660  -88.00126    0.00085    0.00002          6  0.000e+00
      29647   1235.250     25.207     25.368    29.5363    29.5396   5.944774   5.945575     3.1648     2.6752      53.43   23.15660  -88.00126    0.00084   -0.00007          6  0.000e+00
      29648   1235.292     25.213     25.375    29.5351    29.5394   5.944782   5.945559     3.1648     2.6752      53.43   23.15660  -88.00126    0.00083   -0.00016          6  0.000e+00
      29649   1235.333     25.207     25.368    29.5342    29.5399   5.944798   5.945599     3.1636     2.6752      53.43   23.15660  -88.00126    0.00078   -0.00026          6  0.000e+00
      29650   1235.375     25.213     25.375    29.5352    29.5408   5.944766   5.945672     3.1648     2.6752      53.41   23.15660  -88.00126    0.00076   -0.00035          6  0.000e+00
      29651   1235.417     25.213     25.375    29.5346    29.5420   5.944742   5.945712     3.1648     2.6752      53.43   23.15660  -88.00126    0.00075   -0.00045          6  0.000e+00
      29652   1235.458     25.207     25.368    29.5340    29.5422   5.944750   5.945736     3.1648     2.6752      53.43   23.15660  -88.00126    0.00071   -0.00054          6  0.000e+00
      29653   1235.500     25.213     25.375    29.5339    29.5421   5.944782   5.945704     3.1648     2.6740      53.43   23.15660  -88.00126    0.00068   -0.00064          6  0.000e+00
