GOMECC/GOMECC-4/1db/rb2103_0111.cnv
* Sea-Bird SBE 9 Data File:
* FileName = C:\Users\scs.user.rb\CTD\GOMECC4\data\rb2103_0111.hex
* Software Version Seasave V 7.26.7.107
* Temperature SN = 4799
* Conductivity SN = 3860
* Number of Bytes Per Scan = 41
* Number of Voltage Words = 4
* Number of Scans Averaged by the Deck Unit = 1
* NMEA Latitude = 26 26.63 N
* NMEA Longitude = 085 20.00 W
* NMEA UTC (Time) = Sep 18 2021  04:11:12
* NMEA baud rate = 4800
# nquan = 28
# nvalues = 1113                        
# units = specified
# name 0 = scan: Scan Count
# name 1 = timeS: Time, Elapsed [seconds]
# name 2 = depSM: Depth [salt water, m]
# name 3 = prDM: Pressure, Digiquartz [db]
# name 4 = t090C: Temperature [ITS-90, deg C]
# name 5 = t190C: Temperature, 2 [ITS-90, deg C]
# name 6 = c0S/m: Conductivity [S/m]
# name 7 = c1S/m: Conductivity, 2 [S/m]
# name 8 = sbeox0V: Oxygen raw, SBE 43 [V]
# name 9 = sbeox1V: Oxygen raw, SBE 43, 2 [V]
# name 10 = altM: Altimeter [m]
# name 11 = latitude: Latitude [deg]
# name 12 = longitude: Longitude [deg]
# name 13 = sbox0dV/dT: Oxygen, SBE 43 [dov/dt]
# name 14 = sbox1dV/dT: Oxygen, SBE 43, 2 [dov/dt]
# name 15 = sbeox0ML/L: Oxygen, SBE 43 [ml/l], WS = 5
# name 16 = sbeox1ML/L: Oxygen, SBE 43, 2 [ml/l], WS = 5
# name 17 = potemp090C: Potential Temperature [ITS-90, deg C]
# name 18 = potemp190C: Potential Temperature, 2 [ITS-90, deg C]
# name 19 = sal00: Salinity, Practical [PSU]
# name 20 = sal11: Salinity, Practical, 2 [PSU]
# name 21 = sigma-é00: Density [sigma-theta, kg/m^3]
# name 22 = sigma-é11: Density, 2 [sigma-theta, kg/m^3]
# name 23 = avgsvCM: Average Sound Velocity [Chen-Millero, m/s], minP = 20, minS = 20
# name 24 = sbox0Mm/Kg: Oxygen, SBE 43 [umol/kg], WS = 5
# name 25 = sbox1Mm/Kg: Oxygen, SBE 43, 2 [umol/kg], WS = 5
# name 26 = nbin: number of scans per bin
# name 27 = flag: flag
# span 0 =      12224,     242778       
# span 1 =    509.303,  10115.705       
# span 2 =      1.987,   3268.666       
# span 3 =      2.000,   3316.000       
# span 4 =     4.2943,    29.7991       
# span 5 =     4.2952,    29.7553       
# span 6 =   3.348280,   5.946046       
# span 7 =   3.348210,   5.946389       
# span 8 =     1.6153,     3.2418       
# span 9 =     1.3190,     2.7636       
# span 10 =       9.80,     102.32      
# span 11 =   26.38808,   27.23741      
# span 12 =  -87.89354,  -85.15284      
# span 13 =   -0.03204,    0.02889      
# span 14 =   -0.03239,    0.02498      
# span 15 =     2.5739,     4.7476      
# span 16 =     2.6046,     4.7690      
# span 17 =     4.0798,    29.7986      
# span 18 =     4.0811,    29.7549      
# span 19 =    34.8948,    36.5450      
# span 20 =    34.8935,    36.5451      
# span 21 =    22.3280,    27.7591      
# span 22 =    22.3284,    27.7573      
# span 23 =       0.00,    1547.75      
# span 24 =    111.915,    207.113      
# span 25 =    113.250,    208.029      
# span 26 =         30,         73      
# span 27 = 0.0000e+00, 0.0000e+00      
# interval = decibars: 1                
# start_time = Sep 18 2021 04:11:12 [NMEA time, header]
# bad_flag = -9.990e-29
*END*
[from data line 363]
      65258   2719.058   1918.421   1940.000     4.2946     4.2955   3.363399   3.363336     1.8964     1.5840     100.00   26.44361  -85.33203   -0.00005   -0.00010     4.6799     4.7345     4.1288     4.1296    34.9711    34.9695    27.7496    27.7483    1496.35    203.361    205.735         31 0.0000e+00
      65396   2724.807   1923.343   1945.000     4.2952     4.2960   3.363698   3.363629     1.8960     1.5835     100.00   26.44401  -85.33331   -0.00004   -0.00004     4.6812     4.7353     4.1288     4.1297    34.9717    34.9700    27.7501    27.7486    1496.38    203.419    205.767         31 0.0000e+00
      65530   2730.377   1928.265   1950.000     4.2953     4.2962   3.363921   3.363853     1.8951     1.5831     100.00   26.44408  -85.33355   -0.00020   -0.00009     4.6804     4.7366     4.1284     4.1293    34.9718    34.9700    27.7503    27.7487    1496.39    203.383    205.823         34 0.0000e+00
      65716   2738.141   1935.156   1957.000     4.2951     4.2960   3.364162   3.364098     1.8939     1.5824      45.12   26.44381  -85.33268   -0.00010   -0.00008     4.6802     4.7376     4.1275     4.1285    34.9715    34.9698    27.7501    27.7486    1496.39    203.373    205.868         30 0.0000e+00
      65931   2747.067   1943.030   1965.000     4.2954     4.2963   3.364510   3.364440     1.8935     1.5815     100.00   26.44370  -85.33234   -0.00007   -0.00018     4.6834     4.7388     4.1270     4.1279    34.9715    34.9697    27.7501    27.7486    1496.40    203.514    205.919         31 0.0000e+00
      65963   2748.425   1944.014   1966.000     4.2955     4.2964   3.364575   3.364499     1.8936     1.5817     100.00   26.44386  -85.33286   -0.00006   -0.00016     4.6843     4.7403     4.1270     4.1279    34.9717    34.9698    27.7503    27.7487    1496.41    203.551    205.988         32 0.0000e+00
      66091   2753.737   1948.935   1971.000     4.2954     4.2964   3.364769   3.364700     1.8930     1.5816     100.00   26.44374  -85.33247   -0.00010   -0.00002     4.6849     4.7428     4.1264     4.1274    34.9717    34.9698    27.7503    27.7488    1496.41    203.578    206.095         31 0.0000e+00
      66123   2755.076   1949.919   1972.000     4.2954     4.2964   3.364818   3.364754     1.8929     1.5813     100.00   26.44386  -85.33286   -0.00002   -0.00006     4.6854     4.7424     4.1263     4.1273    34.9718    34.9700    27.7505    27.7489    1496.42    203.599    206.076         32 0.0000e+00
      66249   2760.330   1954.840   1977.000     4.2950     4.2960   3.364954   3.364895     1.8925     1.5810     100.00   26.44363  -85.33212   -0.00007   -0.00008     4.6867     4.7441     4.1254     4.1264    34.9714    34.9697    27.7502    27.7488    1496.42    203.656    206.153         30 0.0000e+00
      66282   2761.717   1955.824   1978.000     4.2951     4.2960   3.365030   3.364958     1.8926     1.5808     100.00   26.44386  -85.33286   -0.00003    0.00007     4.6875     4.7438     4.1254     4.1263    34.9718    34.9700    27.7505    27.7490    1496.43    203.692    206.140         35 0.0000e+00
      66443   2768.412   1961.730   1984.000     4.2956     4.2965   3.365336   3.365266     1.8915     1.5800      92.11   26.44401  -85.33335   -0.00016   -0.00000     4.6868     4.7441     4.1253     4.1262    34.9720    34.9702    27.7507    27.7492    1496.46    203.661    206.150         36 0.0000e+00
      66549   2772.822   1965.666   1988.000     4.2955     4.2964   3.365441   3.365363     1.8906     1.5797     100.00   26.44355  -85.33186   -0.00015   -0.00008     4.6856     4.7451     4.1248     4.1257    34.9715    34.9696    27.7504    27.7487    1496.44    203.607    206.195         30 0.0000e+00
      66581   2774.185   1966.650   1989.000     4.2954     4.2963   3.365500   3.365429     1.8906     1.5797      99.85   26.44386  -85.33286   -0.00022   -0.00004     4.6863     4.7459     4.1246     4.1255    34.9718    34.9700    27.7506    27.7491    1496.46    203.640    206.228         32 0.0000e+00
      66686   2778.546   1970.587   1993.000     4.2958     4.2967   3.365691   3.365621     1.8897     1.5786     100.00   26.44370  -85.33234   -0.00020   -0.00023     4.6850     4.7432     4.1247     4.1255    34.9716    34.9699    27.7505    27.7490    1496.46    203.581    206.111         34 0.0000e+00
      66720   2779.944   1971.571   1994.000     4.2959     4.2968   3.365754   3.365684     1.8897     1.5784     100.00   26.44386  -85.33286   -0.00014   -0.00009     4.6858     4.7432     4.1246     4.1255    34.9719    34.9701    27.7507    27.7492    1496.47    203.616    206.112         31 0.0000e+00
      66819   2784.101   1975.507   1998.000     4.2958     4.2967   3.365876   3.365806     1.8890     1.5776     100.00   26.44363  -85.33211   -0.00009   -0.00022     4.6854     4.7420     4.1241     4.1250    34.9715    34.9698    27.7505    27.7490    1496.47    203.600    206.059         31 0.0000e+00
      66853   2785.504   1976.492   1999.000     4.2956     4.2966   3.365931   3.365859     1.8893     1.5775     100.00   26.44386  -85.33286   -0.00005   -0.00027     4.6870     4.7423     4.1239     4.1248    34.9718    34.9700    27.7508    27.7492    1496.48    203.669    206.072         34 0.0000e+00
      67387   2807.754   1997.157   2020.000     4.2958     4.2968   3.366781   3.366708     1.8852     1.5739     100.00   26.44370  -85.33236   -0.00002    0.00001     4.6836     4.7395     4.1219     4.1229    34.9717    34.9699    27.7509    27.7493    1496.52    203.522    205.952         30 0.0000e+00
      67420   2809.121   1998.141   2021.000     4.2960     4.2969   3.366845   3.366784     1.8852     1.5739     100.00   26.44386  -85.33286   -0.00001   -0.00002     4.6840     4.7401     4.1220     4.1229    34.9718    34.9702    27.7510    27.7496    1496.53    203.538    205.975         34 0.0000e+00
      67539   2814.099   2003.061   2026.000     4.2963     4.2972   3.367060   3.366992     1.8847     1.5735     100.00   26.44362  -85.33208    0.00001   -0.00006     4.6850     4.7415     4.1218     4.1227    34.9717    34.9699    27.7508    27.7493    1496.53    203.581    206.038         33 0.0000e+00
      67743   2822.578   2010.933   2034.000     4.2965     4.2975   3.367401   3.367336     1.8840     1.5725     100.00   26.44362  -85.33208   -0.00006   -0.00002     4.6870     4.7422     4.1212     4.1222    34.9717    34.9699    27.7509    27.7494    1496.55    203.670    206.066         30 0.0000e+00
      67775   2823.900   2011.917   2035.000     4.2965     4.2975   3.367469   3.367411     1.8839     1.5726     100.00   26.44386  -85.33286   -0.00013   -0.00002     4.6872     4.7428     4.1211     4.1221    34.9720    34.9703    27.7512    27.7497    1496.56    203.678    206.094         31 0.0000e+00
      67895   2828.909   2016.836   2040.000     4.2967     4.2977   3.367667   3.367596     1.8830     1.5715      96.10   26.44359  -85.33199   -0.00009   -0.00030     4.6867     4.7412     4.1208     4.1218    34.9717    34.9699    27.7510    27.7494    1496.56    203.656    206.026         32 0.0000e+00
      68404   2850.110   2036.514   2060.000     4.2974     4.2983   3.368524   3.368442     1.8802     1.5690     100.00   26.44353  -85.33178   -0.00016   -0.00039     4.6873     4.7425     4.1194     4.1204    34.9717    34.9698    27.7511    27.7495    1496.60    203.681    206.079         32 0.0000e+00
      68914   2871.386   2056.190   2080.000     4.2980     4.2990   3.369436   3.369361     1.8773     1.5664     100.00   26.44396  -85.33318   -0.00014   -0.00023     4.6878     4.7434     4.1180     4.1190    34.9724    34.9704    27.7518    27.7501    1496.69    203.705    206.122         31 0.0000e+00
      69037   2876.490   2061.108   2085.000     4.2981     4.2992   3.369613   3.369546     1.8767     1.5655     100.00   26.44358  -85.33195   -0.00020   -0.00016     4.6884     4.7423     4.1177     4.1187    34.9719    34.9701    27.7515    27.7499    1496.67    203.731    206.073         32 0.0000e+00
      69069   2877.841   2062.092   2086.000     4.2982     4.2992   3.369685   3.369618     1.8763     1.5653      99.97   26.44386  -85.33286   -0.00009   -0.00017     4.6875     4.7421     4.1176     4.1187    34.9722    34.9704    27.7517    27.7501    1496.69    203.690    206.065         31 0.0000e+00
      69192   2882.954   2067.010   2091.000     4.2984     4.2994   3.369917   3.369848     1.8756     1.5648     100.00   26.44402  -85.33336   -0.00020   -0.00012     4.6873     4.7428     4.1173     4.1183    34.9724    34.9706    27.7519    27.7503    1496.72    203.684    206.093         34 0.0000e+00
      70231   2926.258   2107.338   2132.000     4.2987     4.2998   3.371590   3.371521     1.8694     1.5581     100.00   26.44391  -85.33308   -0.00021   -0.00036     4.6871     4.7387     4.1135     4.1145    34.9725    34.9706    27.7524    27.7508    1496.83    203.675    205.917         31 0.0000e+00
      70355   2931.409   2112.255   2137.000     4.2989     4.3000   3.371773   3.371697     1.8683     1.5580     100.00   26.44358  -85.33199   -0.00015    0.00002     4.6858     4.7412     4.1132     4.1142    34.9721    34.9701    27.7521    27.7504    1496.83    203.619    206.025         30 0.0000e+00
      70688   2945.303   2125.040   2150.000     4.2995     4.3005   3.372364   3.372299     1.8667     1.5567     100.00   26.44376  -85.33255   -0.00010   -0.00001     4.6868     4.7433     4.1124     4.1134    34.9724    34.9705    27.7524    27.7508    1496.88    203.660    206.116         30 0.0000e+00
      71472   2977.959   2155.524   2181.000     4.3012     4.3023   3.373750   3.373691     1.8625     1.5520      97.14   26.44366  -85.33220   -0.00021   -0.00027     4.6883     4.7414     4.1109     4.1120    34.9723    34.9706    27.7525    27.7510    1496.96    203.726    206.033         32 0.0000e+00
      73072   3044.627   2217.462   2244.000     4.3024     4.3036   3.376403   3.376341     1.8530     1.5433      82.42   26.44386  -85.33278    0.00004   -0.00002     4.6874     4.7411     4.1055     4.1068    34.9730    34.9710    27.7536    27.7519    1497.19    203.685    206.020         31 0.0000e+00
      73221   3050.848   2223.360   2250.000     4.3025     4.3036   3.376643   3.376566     1.8516     1.5422     100.00   26.44379  -85.33255   -0.00027   -0.00015     4.6852     4.7397     4.1051     4.1062    34.9729    34.9708    27.7536    27.7518    1497.20    203.592    205.961         32 0.0000e+00
      73398   3058.228   2230.240   2257.000     4.3028     4.3039   3.376919   3.376853     1.8510     1.5408     100.00   26.44365  -85.33211   -0.00017   -0.00015     4.6869     4.7379     4.1046     4.1057    34.9726    34.9707    27.7534    27.7518    1497.22    203.664    205.883         31 0.0000e+00
      75055   3127.271   2294.122   2322.000     4.3067     4.3078   3.379877   3.379802     1.8420     1.5327     100.00   26.44384  -85.33267   -0.00004   -0.00017     4.6886     4.7409     4.1017     4.1028    34.9732    34.9712    27.7542    27.7524    1497.47    203.740    206.013         32 0.0000e+00
      75182   3132.558   2299.035   2327.000     4.3072     4.3083   3.380125   3.380049     1.8413     1.5311     100.00   26.44380  -85.33256   -0.00001   -0.00037     4.6885     4.7367     4.1016     4.1027    34.9733    34.9712    27.7542    27.7525    1497.49    203.733    205.827         32 0.0000e+00
      75339   3139.078   2304.930   2333.000     4.3075     4.3086   3.380406   3.380341     1.8400     1.5307     100.00   26.44397  -85.33310   -0.00037   -0.00014     4.6865     4.7381     4.1014     4.1024    34.9734    34.9715    27.7544    27.7528    1497.52    203.647    205.890         30 0.0000e+00
      75674   3153.049   2317.704   2346.000     4.3084     4.3095   3.380994   3.380924     1.8388     1.5288     100.00   26.44390  -85.33288   -0.00002   -0.00028     4.6894     4.7378     4.1009     4.1020    34.9734    34.9714    27.7544    27.7527    1497.56    203.773    205.875         33 0.0000e+00
      76085   3170.166   2333.424   2362.000     4.3093     4.3104   3.381696   3.381629     1.8364     1.5265     100.00   26.44383  -85.33266   -0.00009   -0.00031     4.6889     4.7366     4.1001     4.1012    34.9733    34.9714    27.7544    27.7528    1497.62    203.753    205.826         31 0.0000e+00
      76238   3176.551   2339.319   2368.000     4.3096     4.3108   3.381944   3.381877     1.8349     1.5255     100.00   26.44375  -85.33238   -0.00023   -0.00013     4.6862     4.7360     4.0997     4.1009    34.9732    34.9712    27.7544    27.7526    1497.64    203.634    205.797         30 0.0000e+00
      78091   3253.742   2410.042   2440.000     4.3144     4.3156   3.385200   3.385127     1.8242     1.5153     100.00   26.44359  -85.33193   -0.00012   -0.00001     4.6841     4.7327     4.0969     4.0981    34.9733    34.9712    27.7547    27.7530    1497.93    203.543    205.657         30 0.0000e+00
      78122   3255.025   2411.024   2441.000     4.3144     4.3156   3.385260   3.385186     1.8240     1.5153      78.25   26.44382  -85.33268   -0.00012   -0.00001     4.6841     4.7334     4.0968     4.0979    34.9735    34.9715    27.7550    27.7532    1497.95    203.541    205.685         30 0.0000e+00
      78246   3260.216   2415.935   2446.000     4.3147     4.3158   3.385471   3.385397     1.8230     1.5140     100.00   26.44371  -85.33234   -0.00019   -0.00023     4.6826     4.7307     4.0965     4.0976    34.9734    34.9714    27.7549    27.7532    1497.96    203.478    205.567         30 0.0000e+00
      78583   3274.229   2428.701   2459.000     4.3154     4.3166   3.386060   3.385994     1.8206     1.5119     100.00   26.44382  -85.33268   -0.00023   -0.00030     4.6803     4.7287     4.0958     4.0970    34.9737    34.9717    27.7552    27.7535    1498.03    203.379    205.483         30 0.0000e+00
      78969   3290.346   2443.432   2474.000     4.3170     4.3182   3.386785   3.386715     1.8195     1.5111     100.00   26.44375  -85.33246   -0.00019   -0.00008     4.6846     4.7338     4.0958     4.0969    34.9736    34.9716    27.7551    27.7534    1498.09    203.565    205.704         30 0.0000e+00
      79121   3296.678   2449.323   2480.000     4.3171     4.3183   3.387020   3.386947     1.8186     1.5103     100.00   26.44374  -85.33243   -0.00017   -0.00008     4.6841     4.7338     4.0952     4.0964    34.9736    34.9715    27.7552    27.7534    1498.12    203.543    205.701         30 0.0000e+00
      79894   3328.861   2478.779   2510.000     4.3193     4.3205   3.388379   3.388320     1.8141     1.5055     100.00   26.44371  -85.33232    0.00011   -0.00003     4.6829     4.7298     4.0942     4.0954    34.9736    34.9716    27.7553    27.7536    1498.24    203.490    205.528         31 0.0000e+00
      80978   3374.031   2520.011   2552.000     4.3217     4.3229   3.390254   3.390184     1.8063     1.4981     100.00   26.44390  -85.33293    0.00007   -0.00004     4.6745     4.7209     4.0921     4.0933    34.9739    34.9719    27.7558    27.7540    1498.44    203.124    205.141         30 0.0000e+00
      81103   3379.263   2524.919   2557.000     4.3222     4.3234   3.390470   3.390397     1.8047     1.4971     100.00   26.44376  -85.33246   -0.00029   -0.00019     4.6708     4.7190     4.0920     4.0932    34.9737    34.9716    27.7556    27.7538    1498.46    202.965    205.060         30 0.0000e+00
      82030   3417.856   2560.253   2593.000     4.3258     4.3270   3.392183   3.392107     1.7997     1.4921     100.00   26.44367  -85.33216   -0.00021   -0.00021     4.6703     4.7174     4.0916     4.0928    34.9737    34.9716    27.7557    27.7538    1498.62    202.943    204.992         31 0.0000e+00
