GOMECC/GOMECC-4/1db/rb2103_0881.ros
* Sea-Bird SBE 9 Data File:
* FileName = C:\Users\scs.user.rb\CTD\GOMECC4\data\rb2103_0881.hex
* Software Version Seasave V 7.26.7.107
* Temperature SN = 4799
* Conductivity SN = 3860
* Number of Bytes Per Scan = 41
* Number of Voltage Words = 4
* Number of Scans Averaged by the Deck Unit = 1
* NMEA Latitude = 19 10.20 N
* NMEA Longitude = 093 17.93 W
* NMEA UTC (Time) = Oct 08 2021  18:58:02
* NMEA baud rate = 4800
# nquan = 17
# nvalues = 2128                                  
# units = specified
# name 0 = scan: Scan Count
# name 1 = timeS: Time, Elapsed [seconds]
# name 2 = depSM: Depth [salt water, m]
# name 3 = prDM: Pressure, Digiquartz [db]
# name 4 = t090C: Temperature [ITS-90, deg C]
# name 5 = t190C: Temperature, 2 [ITS-90, deg C]
# name 6 = c0S/m: Conductivity [S/m]
# name 7 = c1S/m: Conductivity, 2 [S/m]
# name 8 = sbeox0V: Oxygen raw, SBE 43 [V]
# name 9 = sbeox1V: Oxygen raw, SBE 43, 2 [V]
# name 10 = altM: Altimeter [m]
# name 11 = latitude: Latitude [deg]
# name 12 = longitude: Longitude [deg]
# name 13 = sbox0dV/dT: Oxygen, SBE 43 [dov/dt]
# name 14 = sbox1dV/dT: Oxygen, SBE 43, 2 [dov/dt]
# name 15 = nbf: Bottles Fired
# name 16 = flag:  0.000e+00
# interval = seconds: 0.0416667
# start_time = Oct 08 2021 18:58:02 [NMEA time, header]
# bad_flag = -9.990e-29
*END*
[from data line 1362]
      81823   3409.250     45.060     45.340    23.5749    23.5690   5.327689   5.327069     2.8938     2.4567     100.00   19.16920  -93.29750   -0.00067   -0.00032         11  0.000e+00
      81824   3409.292     45.107     45.387    23.5756    23.5691   5.327682   5.327092     2.8950     2.4567     100.00   19.16920  -93.29750   -0.00064   -0.00031         11  0.000e+00
      81825   3409.333     45.033     45.313    23.5760    23.5688   5.327712   5.327038     2.8938     2.4554     100.00   19.16920  -93.29750   -0.00063   -0.00031         11  0.000e+00
      81826   3409.375     45.060     45.340    23.5761    23.5685   5.327727   5.327023     2.8950     2.4567     100.00   19.16920  -93.29750   -0.00057   -0.00029         11  0.000e+00
      81827   3409.417     45.060     45.340    23.5763    23.5682   5.327758   5.327023     2.8938     2.4567     100.00   19.16920  -93.29750   -0.00056   -0.00030         11  0.000e+00
      81828   3409.458     45.060     45.340    23.5767    23.5684   5.327803   5.327054     2.8950     2.4567      99.44   19.16920  -93.29750   -0.00051   -0.00030         11  0.000e+00
      81829   3409.500     45.060     45.340    23.5767    23.5686   5.327819   5.327100     2.8950     2.4567      76.68   19.16920  -93.29750   -0.00047   -0.00030         11  0.000e+00
      81830   3409.542     45.060     45.340    23.5770    23.5688   5.327819   5.327046     2.8950     2.4567      62.52   19.16920  -93.29750   -0.00043   -0.00030         11  0.000e+00
      81831   3409.583     45.006     45.286    23.5770    23.5673   5.327819   5.326953     2.8950     2.4567      60.73   19.16920  -93.29750   -0.00040   -0.00030         11  0.000e+00
      81832   3409.625     45.081     45.361    23.5774    23.5675   5.327841   5.326938     2.8950     2.4567      61.81   19.16920  -93.29750   -0.00036   -0.00029         11  0.000e+00
      81833   3409.667     45.061     45.340    23.5774    23.5680   5.327788   5.326930     2.8950     2.4567      62.37   19.16920  -93.29750   -0.00033   -0.00029         11  0.000e+00
      81834   3409.708     45.061     45.340    23.5770    23.5679   5.327803   5.326899     2.8950     2.4567      62.42   19.16920  -93.29750   -0.00029   -0.00029         11  0.000e+00
      81835   3409.750     45.061     45.340    23.5767    23.5673   5.327819   5.326822     2.8950     2.4567      62.37   19.16920  -93.29750   -0.00025   -0.00029         11  0.000e+00
      81836   3409.792     45.007     45.286    23.5767    23.5673   5.327819   5.326830     2.8950     2.4567      62.34   19.16920  -93.29750   -0.00021   -0.00029         11  0.000e+00
      81837   3409.833     45.061     45.341    23.5770    23.5675   5.327819   5.326938     2.8950     2.4567      62.34   19.16920  -93.29750   -0.00019   -0.00029         11  0.000e+00
      81838   3409.875     45.061     45.341    23.5774    23.5677   5.327819   5.326976     2.8950     2.4567      62.34   19.16920  -93.29750   -0.00017   -0.00028         11  0.000e+00
      81839   3409.917     45.034     45.313    23.5774    23.5682   5.327880   5.327046     2.8950     2.4567      62.34   19.16920  -93.29750   -0.00013   -0.00028         11  0.000e+00
      81840   3409.958     45.061     45.341    23.5770    23.5688   5.327834   5.327069     2.8962     2.4567      62.34   19.16920  -93.29750   -0.00008   -0.00029         11  0.000e+00
      81841   3410.000     45.007     45.286    23.5772    23.5688   5.327781   5.327131     2.8950     2.4579      62.34   19.16920  -93.29750   -0.00006   -0.00027         11  0.000e+00
      81842   3410.042     45.061     45.341    23.5772    23.5690   5.327803   5.327084     2.8962     2.4579      62.34   19.16920  -93.29750   -0.00000   -0.00025         11  0.000e+00
      81843   3410.083     45.007     45.286    23.5721    23.5693   5.327545   5.327131     2.8962     2.4579      62.34   19.16920  -93.29750    0.00004   -0.00025         11  0.000e+00
      81844   3410.125     45.061     45.341    23.5655    23.5695   5.327096   5.327154     2.8962     2.4579      62.34   19.16920  -93.29750    0.00007   -0.00023         11  0.000e+00
      81845   3410.167     45.061     45.341    23.5630    23.5701   5.326677   5.327185     2.8962     2.4579      62.34   19.16920  -93.29750    0.00011   -0.00021         11  0.000e+00
      81846   3410.208     44.987     45.266    23.5637    23.5702   5.326571   5.327200     2.8962     2.4579      62.34   19.16920  -93.29750    0.00015   -0.00019         11  0.000e+00
      81847   3410.250     45.061     45.341    23.5651    23.5693   5.326639   5.327061     2.8962     2.4579      62.34   19.16920  -93.29750    0.00019   -0.00016         11  0.000e+00
      81848   3410.292     45.007     45.287    23.5655    23.5675   5.326700   5.326884     2.8962     2.4579      62.34   19.16920  -93.29750    0.00022   -0.00014         11  0.000e+00
      81849   3410.333     45.062     45.341    23.5648    23.5663   5.326670   5.326776     2.8962     2.4579      62.34   19.16920  -93.29750    0.00026   -0.00012         11  0.000e+00
      81850   3410.375     45.007     45.287    23.5655    23.5666   5.326700   5.326853     2.8962     2.4579      62.34   19.16920  -93.29750    0.00031   -0.00012         11  0.000e+00
      81851   3410.417     45.062     45.341    23.5655    23.5670   5.326677   5.326853     2.8962     2.4579      63.17   19.16920  -93.29750    0.00035   -0.00012         11  0.000e+00
      81852   3410.458     45.008     45.287    23.5656    23.5673   5.326624   5.326876     2.8962     2.4579      86.25   19.16920  -93.29750    0.00038   -0.00010         11  0.000e+00
      81853   3410.500     45.082     45.362    23.5672    23.5679   5.326654   5.326984     2.8962     2.4579      99.98   19.16920  -93.29750    0.00042   -0.00008         11  0.000e+00
      81854   3410.542     45.008     45.287    23.5678    23.5690   5.326670   5.327092     2.8962     2.4579     100.00   19.16920  -93.29750    0.00045   -0.00006         11  0.000e+00
      81855   3410.583     45.008     45.287    23.5676    23.5693   5.326730   5.327115     2.8962     2.4579     100.00   19.16920  -93.29750    0.00049   -0.00005         11  0.000e+00
      81856   3410.625     45.062     45.342    23.5676    23.5697   5.326822   5.327177     2.8962     2.4591     100.00   19.16920  -93.29750    0.00052   -0.00002         11  0.000e+00
      81857   3410.667     45.008     45.287    23.5676    23.5703   5.326845   5.327269     2.8962     2.4591      99.98   19.16920  -93.29750    0.00055    0.00002         11  0.000e+00
      81858   3410.708     45.062     45.342    23.5676    23.5709   5.326867   5.327316     2.8962     2.4591     100.00   19.16920  -93.29750    0.00059    0.00004         11  0.000e+00
      81859   3410.750     45.008     45.287    23.5677    23.5713   5.326852   5.327331     2.8962     2.4591     100.00   19.16920  -93.29750    0.00060    0.00006         11  0.000e+00
      81860   3410.792     45.062     45.342    23.5676    23.5701   5.326807   5.327169     2.8962     2.4603     100.00   19.16920  -93.29750    0.00063    0.00009         11  0.000e+00
      81861   3410.833     45.035     45.315    23.5681    23.5695   5.326867   5.327107     2.8962     2.4591     100.00   19.16920  -93.29750    0.00067    0.00012         11  0.000e+00
      81862   3410.875     45.008     45.288    23.5683    23.5691   5.326883   5.327107     2.8950     2.4591     100.00   19.16920  -93.29750    0.00066    0.00016         11  0.000e+00
      81863   3410.917     45.062     45.342    23.5688    23.5695   5.326883   5.327138     2.8962     2.4591     100.00   19.16920  -93.29750    0.00068    0.00019         11  0.000e+00
      81864   3410.958     45.062     45.342    23.5687    23.5694   5.326959   5.327084     2.8962     2.4603     100.00   19.16920  -93.29750    0.00069    0.00024         11  0.000e+00
      81865   3411.000     45.008     45.288    23.5688    23.5690   5.326905   5.327030     2.8962     2.4603     100.00   19.16920  -93.29750    0.00070    0.00029         11  0.000e+00
      81866   3411.042     45.063     45.342    23.5690    23.5682   5.326951   5.326984     2.8962     2.4603     100.00   19.16920  -93.29750    0.00071    0.00034         11  0.000e+00
      81867   3411.083     45.008     45.288    23.5694    23.5677   5.327004   5.326976     2.8962     2.4615     100.00   19.16920  -93.29750    0.00072    0.00041         11  0.000e+00
      81868   3411.125     45.083     45.363    23.5694    23.5685   5.327020   5.327007     2.8962     2.4615     100.00   19.16920  -93.29750    0.00073    0.00047         11  0.000e+00
      81869   3411.167     45.063     45.343    23.5699    23.5690   5.327088   5.327092     2.8962     2.4603     100.00   19.16920  -93.29750    0.00074    0.00052         11  0.000e+00
      81870   3411.208     45.009     45.288    23.5704    23.5691   5.327141   5.327177     2.8962     2.4615     100.00   19.16920  -93.29750    0.00075    0.00058         11  0.000e+00
      81871   3411.250     45.063     45.343    23.5710    23.5697   5.327157   5.327161     2.8962     2.4603     100.00   19.16920  -93.29750    0.00078    0.00062         11  0.000e+00
      81872   3411.292     45.063     45.343    23.5715    23.5699   5.327217   5.327154     2.8950     2.4615     100.00   19.16920  -93.29750    0.00077    0.00068         11  0.000e+00
      81873   3411.333     45.063     45.343    23.5715    23.5702   5.327271   5.327185     2.8962     2.4615     100.00   19.16920  -93.29750    0.00077    0.00074         11  0.000e+00
      81874   3411.375     44.962     45.241    23.5722    23.5700   5.327316   5.327200     2.8950     2.4615     100.00   19.16920  -93.29750    0.00076    0.00080         11  0.000e+00
      81875   3411.417     45.138     45.418    23.5722    23.5702   5.327324   5.327162     2.8950     2.4603     100.00   19.16920  -93.29750    0.00075    0.00084         11  0.000e+00
      81876   3411.458     45.063     45.343    23.5726    23.5703   5.327362   5.327154     2.8950     2.4603     100.00   19.16920  -93.29750    0.00074    0.00088         11  0.000e+00
      81877   3411.500     45.063     45.343    23.5731    23.5702   5.327339   5.327223     2.8950     2.4603     100.00   19.16920  -93.29750    0.00073    0.00090         11  0.000e+00
      81878   3411.542     45.063     45.343    23.5730    23.5700   5.327354   5.327177     2.8950     2.4603     100.00   19.16920  -93.29750    0.00071    0.00094         11  0.000e+00
      81879   3411.583     45.063     45.343    23.5733    23.5680   5.327339   5.326892     2.8950     2.4591     100.00   19.16920  -93.29750    0.00070    0.00096         11  0.000e+00
      81880   3411.625     45.063     45.343    23.5729    23.5665   5.327362   5.326737     2.8950     2.4591     100.00   19.16920  -93.29750    0.00069    0.00098         11  0.000e+00
      81881   3411.667     45.111     45.391    23.5729    23.5661   5.327377   5.326776     2.8950     2.4591     100.00   19.16920  -93.29750    0.00067    0.00100         11  0.000e+00
      81882   3411.708     45.037     45.316    23.5728    23.5675   5.327370   5.326868     2.8950     2.4591     100.00   19.16920  -93.29750    0.00066    0.00100         11  0.000e+00
      81883   3411.750     45.111     45.391    23.5729    23.5685   5.327370   5.327054     2.8950     2.4591     100.00   19.16920  -93.29750    0.00065    0.00100         11  0.000e+00
      81884   3411.792     45.064     45.343    23.5731    23.5697   5.327408   5.327138     2.8950     2.4591     100.00   19.16920  -93.29748    0.00063    0.00100         11  0.000e+00
      81885   3411.833     45.064     45.344    23.5737    23.5700   5.327446   5.327185     2.8950     2.4591     100.00   19.16920  -93.29748    0.00062    0.00100         11  0.000e+00
      81886   3411.875     45.064     45.344    23.5738    23.5693   5.327491   5.327131     2.8950     2.4591     100.00   19.16920  -93.29748    0.00060    0.00100         11  0.000e+00
      81887   3411.917     45.111     45.391    23.5744    23.5681   5.327537   5.326976     2.8950     2.4591     100.00   19.16920  -93.29748    0.00059    0.00100         11  0.000e+00
      81888   3411.958     45.111     45.391    23.5746    23.5675   5.327575   5.326930     2.8950     2.4579     100.00   19.16920  -93.29748    0.00057    0.00098         11  0.000e+00
      81889   3412.000     45.037     45.316    23.5749    23.5675   5.327628   5.326961     2.8950     2.4579     100.00   19.16920  -93.29748    0.00057    0.00096         11  0.000e+00
      81890   3412.042     45.112     45.392    23.5753    23.5673   5.327644   5.326976     2.8950     2.4579     100.00   19.16920  -93.29748    0.00055    0.00093         11  0.000e+00
      81891   3412.083     45.112     45.392    23.5751    23.5685   5.327575   5.327077     2.8950     2.4579     100.00   19.16920  -93.29748    0.00054    0.00091         11  0.000e+00
      81892   3412.125     45.064     45.344    23.5740    23.5700   5.327514   5.327177     2.8950     2.4579     100.00   19.16920  -93.29748    0.00052    0.00087         11  0.000e+00
      81893   3412.167     45.112     45.392    23.5742    23.5691   5.327469   5.327100     2.8950     2.4579     100.00   19.16920  -93.29748    0.00052    0.00085         11  0.000e+00
      81894   3412.208     45.112     45.392    23.5737    23.5672   5.327362   5.326830     2.8950     2.4579     100.00   19.16920  -93.29748    0.00050    0.00083         11  0.000e+00
      81895   3412.250     45.112     45.392    23.5722    23.5661   5.327157   5.326760     2.8950     2.4579     100.00   19.16920  -93.29748    0.00049    0.00080         11  0.000e+00
      81896   3412.292     45.085     45.365    23.5708    23.5648   5.327012   5.326591     2.8962     2.4579     100.00   19.16920  -93.29748    0.00049    0.00078         11  0.000e+00
      81897   3412.333     45.112     45.392    23.5697    23.5632   5.326875   5.326398     2.8950     2.4579     100.00   19.16920  -93.29748    0.00047    0.00076         11  0.000e+00
      81898   3412.375     45.159     45.440    23.5690    23.5627   5.326799   5.326390     2.8950     2.4579     100.00   19.16920  -93.29748    0.00045    0.00073         11  0.000e+00
      81899   3412.417     45.065     45.344    23.5684    23.5641   5.326791   5.326598     2.8950     2.4579     100.00   19.16920  -93.29748    0.00043    0.00071         11  0.000e+00
      81900   3412.458     45.112     45.392    23.5680    23.5652   5.326799   5.326699     2.8950     2.4579     100.00   19.16920  -93.29748    0.00041    0.00068         11  0.000e+00
      81901   3412.500     45.160     45.440    23.5676    23.5641   5.326829   5.326545     2.8950     2.4579     100.00   19.16920  -93.29748    0.00039    0.00067         11  0.000e+00
      81902   3412.542     45.112     45.392    23.5678    23.5620   5.326799   5.326359     2.8950     2.4579     100.00   19.16920  -93.29748    0.00037    0.00067         11  0.000e+00
      81903   3412.583     45.160     45.440    23.5680    23.5602   5.326829   5.326182     2.8950     2.4567     100.00   19.16920  -93.29748    0.00035    0.00064         11  0.000e+00
      81904   3412.625     45.085     45.365    23.5683    23.5588   5.326875   5.326074     2.8950     2.4579     100.00   19.16920  -93.29748    0.00033    0.00063         11  0.000e+00
      81905   3412.667     45.160     45.440    23.5685    23.5586   5.326883   5.326020     2.8950     2.4579     100.00   19.16920  -93.29748    0.00030    0.00063         11  0.000e+00
      81906   3412.708     45.160     45.440    23.5688    23.5604   5.326951   5.326174     2.8950     2.4579     100.00   19.16920  -93.29748    0.00028    0.00060         11  0.000e+00
