GOMECC/GOMECC-4/1db/rb2103_0011.ros
* Sea-Bird SBE 9 Data File:
* FileName = C:\Users\scs.user.rb\CTD\GOMECC4\data\rb1203_001.hex
* Software Version Seasave V 7.26.7.107
* Temperature SN = 4799
* Conductivity SN = 3860
* Number of Bytes Per Scan = 41
* Number of Voltage Words = 4
* Number of Scans Averaged by the Deck Unit = 1
* NMEA Latitude = 26 59.84 N
* NMEA Longitude = 079 37.07 W
* NMEA UTC (Time) = Sep 14 2021  14:55:20
* NMEA baud rate = 4800
# nquan = 17
# nvalues = 2394                                  
# units = specified
# name 0 = scan: Scan Count
# name 1 = timeS: Time, Elapsed [seconds]
# name 2 = depSM: Depth [salt water, m]
# name 3 = prDM: Pressure, Digiquartz [db]
# name 4 = t090C: Temperature [ITS-90, deg C]
# name 5 = t190C: Temperature, 2 [ITS-90, deg C]
# name 6 = c0S/m: Conductivity [S/m]
# name 7 = c1S/m: Conductivity, 2 [S/m]
# name 8 = sbeox0V: Oxygen raw, SBE 43 [V]
# name 9 = sbeox1V: Oxygen raw, SBE 43, 2 [V]
# name 10 = altM: Altimeter [m]
# name 11 = latitude: Latitude [deg]
# name 12 = longitude: Longitude [deg]
# name 13 = sbox0dV/dT: Oxygen, SBE 43 [dov/dt]
# name 14 = sbox1dV/dT: Oxygen, SBE 43, 2 [dov/dt]
# name 15 = nbf: Bottles Fired
# name 16 = flag:  0.000e+00
# interval = seconds: 0.0416667
# start_time = Sep 14 2021 14:55:20 [NMEA time, header]
# bad_flag = -9.990e-29
*END*
[from data line 341]
      56032   2334.625    618.733    623.766     7.4753     7.4722   3.595426   3.594935     1.6447     1.3529      14.31   26.99808  -79.62302    0.00002    0.00017          3  0.000e+00
      56033   2334.667    618.793    623.827     7.4755     7.4718   3.595458   3.594922     1.6459     1.3516      14.31   26.99808  -79.62302    0.00003    0.00018          3  0.000e+00
      56034   2334.708    618.786    623.820     7.4761     7.4715   3.595458   3.594902     1.6447     1.3516      14.29   26.99808  -79.62302    0.00003    0.00018          3  0.000e+00
      56035   2334.750    618.733    623.766     7.4766     7.4704   3.595477   3.594870     1.6447     1.3529      14.31   26.99808  -79.62302    0.00003    0.00021          3  0.000e+00
      56036   2334.792    618.793    623.827     7.4768     7.4707   3.595523   3.594863     1.6447     1.3529      14.31   26.99808  -79.62302    0.00002    0.00023          3  0.000e+00
      56037   2334.833    618.786    623.820     7.4768     7.4709   3.595497   3.594863     1.6447     1.3529      14.29   26.99808  -79.62302    0.00002    0.00025          3  0.000e+00
      56038   2334.875    618.733    623.766     7.4771     7.4715   3.595536   3.594863     1.6459     1.3529      14.31   26.99808  -79.62302    0.00004    0.00028          3  0.000e+00
      56039   2334.917    618.786    623.820     7.4789     7.4715   3.595562   3.594902     1.6447     1.3529      14.31   26.99808  -79.62302    0.00003    0.00030          3  0.000e+00
      56040   2334.958    618.786    623.820     7.4793     7.4719   3.595555   3.594922     1.6447     1.3516      14.31   26.99808  -79.62302    0.00003    0.00030          3  0.000e+00
      56041   2335.000    618.733    623.766     7.4766     7.4718   3.595529   3.594948     1.6447     1.3516      14.31   26.99808  -79.62302    0.00003    0.00031          3  0.000e+00
      56042   2335.042    618.786    623.820     7.4769     7.4723   3.595523   3.594962     1.6447     1.3516      14.31   26.99808  -79.62302    0.00002    0.00031          3  0.000e+00
      56043   2335.083    618.733    623.766     7.4761     7.4723   3.595432   3.594962     1.6447     1.3529      14.31   26.99808  -79.62302    0.00002    0.00034          3  0.000e+00
      56044   2335.125    618.794    623.828     7.4750     7.4720   3.595393   3.594981     1.6447     1.3529      14.31   26.99808  -79.62302    0.00002    0.00036          3  0.000e+00
      56045   2335.167    618.786    623.820     7.4773     7.4718   3.595413   3.594935     1.6447     1.3529      14.31   26.99808  -79.62302    0.00002    0.00038          3  0.000e+00
      56046   2335.208    618.794    623.828     7.4798     7.4728   3.595484   3.594902     1.6447     1.3529      14.31   26.99808  -79.62302    0.00001    0.00040          3  0.000e+00
      56047   2335.250    618.786    623.820     7.4802     7.4731   3.595562   3.594870     1.6447     1.3516      14.29   26.99808  -79.62302    0.00001    0.00041          3  0.000e+00
      56048   2335.292    618.786    623.820     7.4803     7.4723   3.595607   3.594909     1.6447     1.3529      14.29   26.99808  -79.62302    0.00003    0.00043          3  0.000e+00
      56049   2335.333    618.794    623.828     7.4801     7.4720   3.595653   3.594948     1.6447     1.3529      14.29   26.99808  -79.62302    0.00002    0.00043          3  0.000e+00
      56050   2335.375    618.786    623.820     7.4792     7.4730   3.595704   3.595034     1.6459     1.3529      14.29   26.99808  -79.62302    0.00004    0.00043          3  0.000e+00
      56051   2335.417    618.786    623.820     7.4797     7.4730   3.595666   3.595060     1.6447     1.3529      14.29   26.99808  -79.62302    0.00004    0.00045          3  0.000e+00
      56052   2335.458    618.794    623.828     7.4802     7.4730   3.595627   3.595073     1.6447     1.3529      14.29   26.99808  -79.62302    0.00003    0.00047          3  0.000e+00
      56053   2335.500    618.786    623.820     7.4793     7.4741   3.595601   3.595113     1.6447     1.3529      14.29   26.99808  -79.62302    0.00003    0.00047          3  0.000e+00
      56054   2335.542    618.794    623.828     7.4789     7.4744   3.595640   3.595126     1.6447     1.3529      14.29   26.99808  -79.62302    0.00003    0.00047          3  0.000e+00
      56055   2335.583    618.786    623.820     7.4789     7.4743   3.595627   3.595100     1.6459     1.3529      14.29   26.99808  -79.62302    0.00004    0.00049          3  0.000e+00
      56056   2335.625    618.847    623.881     7.4784     7.4731   3.595601   3.595014     1.6447     1.3529      14.29   26.99808  -79.62302    0.00004    0.00050          3  0.000e+00
      56057   2335.667    618.794    623.828     7.4784     7.4718   3.595614   3.594824     1.6447     1.3529      14.29   26.99808  -79.62302    0.00004    0.00052          3  0.000e+00
      56058   2335.708    618.847    623.882     7.4800     7.4696   3.595691   3.594640     1.6459     1.3529      14.29   26.99808  -79.62302    0.00005    0.00054          3  0.000e+00
      56059   2335.750    618.794    623.828     7.4813     7.4671   3.595678   3.594508     1.6447     1.3529      14.29   26.99808  -79.62302    0.00005    0.00053          3  0.000e+00
      56060   2335.792    618.786    623.820     7.4805     7.4665   3.595704   3.594456     1.6459     1.3529      14.29   26.99808  -79.62302    0.00006    0.00055          3  0.000e+00
      56061   2335.833    618.786    623.820     7.4800     7.4669   3.595665   3.594469     1.6447     1.3529      14.29   26.99808  -79.62302    0.00006    0.00055          3  0.000e+00
      56062   2335.875    618.847    623.882     7.4779     7.4674   3.595536   3.594521     1.6447     1.3529      14.29   26.99808  -79.62302    0.00005    0.00056          3  0.000e+00
      56063   2335.917    618.847    623.882     7.4784     7.4674   3.595490   3.594495     1.6447     1.3529      14.29   26.99808  -79.62302    0.00005    0.00057          3  0.000e+00
      56064   2335.958    618.847    623.882     7.4797     7.4665   3.595510   3.594429     1.6459     1.3529      14.29   26.99808  -79.62302    0.00006    0.00059          3  0.000e+00
      56065   2336.000    618.794    623.828     7.4792     7.4656   3.595497   3.594338     1.6447     1.3529      14.29   26.99808  -79.62302    0.00006    0.00058          3  0.000e+00
      56066   2336.042    618.847    623.882     7.4778     7.4640   3.595523   3.594173     1.6447     1.3516      14.29   26.99808  -79.62302    0.00005    0.00056          3  0.000e+00
      56067   2336.083    618.794    623.828     7.4760     7.4618   3.595497   3.594029     1.6447     1.3529      14.29   26.99808  -79.62302    0.00005    0.00055          3  0.000e+00
      56068   2336.125    618.847    623.882     7.4775     7.4618   3.595536   3.593996     1.6447     1.3529      14.29   26.99808  -79.62302    0.00005    0.00055          3  0.000e+00
      56069   2336.167    618.900    623.935     7.4779     7.4622   3.595562   3.594068     1.6447     1.3529      14.29   26.99808  -79.62302    0.00004    0.00054          3  0.000e+00
      56070   2336.208    618.794    623.828     7.4779     7.4627   3.595529   3.594114     1.6447     1.3529      14.26   26.99808  -79.62302    0.00004    0.00053          3  0.000e+00
      56071   2336.250    618.900    623.935     7.4778     7.4629   3.595523   3.594075     1.6447     1.3529      14.24   26.99808  -79.62302    0.00003    0.00054          3  0.000e+00
      56072   2336.292    618.847    623.882     7.4769     7.4629   3.595503   3.594127     1.6435     1.3529      14.21   26.99808  -79.62302    0.00001    0.00055          3  0.000e+00
      56073   2336.333    618.847    623.882     7.4761     7.4627   3.595465   3.594108     1.6447     1.3529      14.21   26.99808  -79.62302    0.00001    0.00054          3  0.000e+00
      56074   2336.375    618.847    623.882     7.4773     7.4627   3.595432   3.594094     1.6447     1.3529      14.21   26.99808  -79.62302    0.00002    0.00053          3  0.000e+00
      56075   2336.417    618.847    623.882     7.4766     7.4629   3.595400   3.594114     1.6447     1.3529      14.21   26.99808  -79.62302    0.00003    0.00052          3  0.000e+00
      56076   2336.458    618.847    623.882     7.4758     7.4622   3.595374   3.594075     1.6459     1.3529      14.21   26.99808  -79.62302    0.00005    0.00051          3  0.000e+00
      56077   2336.500    618.900    623.935     7.4755     7.4627   3.595335   3.594062     1.6447     1.3529      14.21   26.99808  -79.62302    0.00005    0.00049          3  0.000e+00
      56078   2336.542    618.847    623.882     7.4755     7.4624   3.595348   3.594035     1.6447     1.3529      14.21   26.99808  -79.62302    0.00004    0.00048          3  0.000e+00
      56079   2336.583    618.900    623.936     7.4756     7.4620   3.595341   3.594003     1.6447     1.3529      14.21   26.99808  -79.62302    0.00004    0.00048          3  0.000e+00
      56080   2336.625    618.847    623.882     7.4750     7.4620   3.595205   3.594042     1.6447     1.3529      14.21   26.99808  -79.62302    0.00004    0.00049          3  0.000e+00
      56081   2336.667    618.908    623.943     7.4752     7.4626   3.595147   3.594134     1.6447     1.3529      14.21   26.99808  -79.62302    0.00003    0.00047          3  0.000e+00
      56082   2336.708    618.847    623.882     7.4731     7.4634   3.595069   3.594160     1.6447     1.3529      14.21   26.99808  -79.62302    0.00003    0.00048          3  0.000e+00
      56083   2336.750    618.908    623.943     7.4713     7.4622   3.594972   3.593989     1.6447     1.3529      14.21   26.99808  -79.62302    0.00002    0.00048          3  0.000e+00
      56084   2336.792    618.901    623.936     7.4695     7.4620   3.594797   3.594029     1.6447     1.3529      14.21   26.99808  -79.62302    0.00002    0.00048          3  0.000e+00
      56085   2336.833    618.901    623.936     7.4673     7.4647   3.594583   3.594298     1.6459     1.3529      14.24   26.99808  -79.62302    0.00003    0.00048          3  0.000e+00
      56086   2336.875    618.908    623.943     7.4659     7.4666   3.594453   3.594541     1.6447     1.3529      14.21   26.99808  -79.62302    0.00003    0.00048          3  0.000e+00
      56087   2336.917    618.901    623.936     7.4658     7.4674   3.594427   3.594627     1.6447     1.3529      14.21   26.99808  -79.62302    0.00001    0.00048          3  0.000e+00
      56088   2336.958    618.908    623.943     7.4658     7.4669   3.594382   3.594521     1.6447     1.3529      14.21   26.99808  -79.62302    0.00001    0.00047          3  0.000e+00
      56089   2337.000    618.901    623.936     7.4658     7.4635   3.594343   3.594213     1.6447     1.3529      14.21   26.99808  -79.62302    0.00000    0.00045          3  0.000e+00
      59842   2493.375    547.614    551.974     8.4069     8.4068   3.684666   3.684725     1.6252     1.3321      85.10   26.99872  -79.62354    0.00019   -0.00005          4  0.000e+00
      59843   2493.417    547.500    551.858     8.4069     8.4067   3.684685   3.684698     1.6239     1.3321      85.10   26.99872  -79.62354    0.00017   -0.00003          4  0.000e+00
      59844   2493.458    547.500    551.858     8.4068     8.4068   3.684685   3.684705     1.6252     1.3321      85.10   26.99872  -79.62354    0.00017   -0.00003          4  0.000e+00
      59845   2493.500    547.614    551.974     8.4069     8.4070   3.684659   3.684731     1.6252     1.3321      85.10   26.99872  -79.62354    0.00017   -0.00002          4  0.000e+00
      59846   2493.542    547.500    551.859     8.4071     8.4068   3.684679   3.684718     1.6252     1.3321      85.10   26.99872  -79.62354    0.00018   -0.00000          4  0.000e+00
      59847   2493.583    547.553    551.912     8.4068     8.4070   3.684685   3.684731     1.6252     1.3321      85.10   26.99872  -79.62354    0.00018   -0.00001          4  0.000e+00
      59848   2493.625    547.546    551.905     8.4071     8.4068   3.684685   3.684745     1.6239     1.3321      85.10   26.99872  -79.62354    0.00015   -0.00001          4  0.000e+00
      59849   2493.667    547.500    551.859     8.4069     8.4070   3.684685   3.684698     1.6239     1.3321      85.10   26.99872  -79.62354    0.00013    0.00000          4  0.000e+00
      59850   2493.708    547.553    551.912     8.4069     8.4068   3.684685   3.684725     1.6252     1.3333      85.10   26.99872  -79.62354    0.00013    0.00003          4  0.000e+00
      59851   2493.750    547.553    551.912     8.4071     8.4068   3.684705   3.684698     1.6252     1.3321      85.10   26.99872  -79.62354    0.00014    0.00005          4  0.000e+00
      59852   2493.792    547.553    551.912     8.4074     8.4067   3.684692   3.684705     1.6239     1.3321      85.10   26.99872  -79.62356    0.00012    0.00004          4  0.000e+00
      59853   2493.833    547.553    551.912     8.4077     8.4068   3.684705   3.684731     1.6239     1.3333      85.10   26.99872  -79.62356    0.00010    0.00008          4  0.000e+00
      59854   2493.875    547.553    551.912     8.4082     8.4070   3.684738   3.684698     1.6239     1.3321      85.10   26.99872  -79.62356    0.00008    0.00009          4  0.000e+00
      59855   2493.917    547.500    551.859     8.4079     8.4068   3.684829   3.684685     1.6252     1.3321      85.10   26.99872  -79.62356    0.00009    0.00010          4  0.000e+00
      59856   2493.958    547.553    551.912     8.4077     8.4070   3.684777   3.684698     1.6252     1.3321      85.10   26.99872  -79.62356    0.00010    0.00011          4  0.000e+00
      59857   2494.000    547.553    551.912     8.4077     8.4068   3.684777   3.684665     1.6252     1.3321      85.10   26.99872  -79.62356    0.00010    0.00013          4  0.000e+00
      59858   2494.042    547.500    551.859     8.4074     8.4068   3.684731   3.684692     1.6252     1.3321      85.10   26.99872  -79.62356    0.00009    0.00012          4  0.000e+00
      59859   2494.083    547.546    551.905     8.4076     8.4068   3.684770   3.684712     1.6252     1.3321      85.10   26.99872  -79.62356    0.00009    0.00014          4  0.000e+00
      59860   2494.125    547.553    551.912     8.4076     8.4068   3.684731   3.684692     1.6239     1.3321      85.10   26.99872  -79.62356    0.00007    0.00015          4  0.000e+00
      59861   2494.167    547.553    551.912     8.4076     8.4067   3.684718   3.684698     1.6252     1.3321      85.10   26.99872  -79.62356    0.00008    0.00016          4  0.000e+00
      59862   2494.208    547.500    551.859     8.4076     8.4072   3.684718   3.684765     1.6252     1.3321      85.08   26.99872  -79.62356    0.00007    0.00016          4  0.000e+00
      59863   2494.250    547.553    551.912     8.4077     8.4073   3.684738   3.684731     1.6252     1.3321      85.03   26.99872  -79.62356    0.00007    0.00017          4  0.000e+00
      59864   2494.292    547.553    551.912     8.4081     8.4075   3.684803   3.684758     1.6239     1.3309      85.01   26.99872  -79.62356    0.00006    0.00016          4  0.000e+00
      59865   2494.333    547.500    551.859     8.4079     8.4078   3.684764   3.684778     1.6239     1.3321      85.01   26.99872  -79.62356    0.00006    0.00016          4  0.000e+00
      59866   2494.375    547.553    551.912     8.4081     8.4077   3.684803   3.684798     1.6252     1.3321      85.01   26.99872  -79.62356    0.00007    0.00017          4  0.000e+00
      59867   2494.417    547.500    551.859     8.4081     8.4077   3.684764   3.684811     1.6252     1.3321      85.01   26.99872  -79.62356    0.00006    0.00016          4  0.000e+00
