GOMECC/GOMECC-4/1db/rb2103_1031.ros
* Sea-Bird SBE 9 Data File:
* FileName = C:\Users\scs.user.rb\CTD\GOMECC4\data\rb2103_1031.hex
* Software Version Seasave V 7.26.7.107
* Temperature SN = 4799
* Conductivity SN = 3860
* Number of Bytes Per Scan = 41
* Number of Voltage Words = 4
* Number of Scans Averaged by the Deck Unit = 1
* NMEA Latitude = 24 23.15 N
* NMEA Longitude = 088 00.13 W
* NMEA UTC (Time) = Oct 13 2021  03:19:12
* NMEA baud rate = 4800
# nquan = 17
# nvalues = 1862                                  
# units = specified
# name 0 = scan: Scan Count
# name 1 = timeS: Time, Elapsed [seconds]
# name 2 = depSM: Depth [salt water, m]
# name 3 = prDM: Pressure, Digiquartz [db]
# name 4 = t090C: Temperature [ITS-90, deg C]
# name 5 = t190C: Temperature, 2 [ITS-90, deg C]
# name 6 = c0S/m: Conductivity [S/m]
# name 7 = c1S/m: Conductivity, 2 [S/m]
# name 8 = sbeox0V: Oxygen raw, SBE 43 [V]
# name 9 = sbeox1V: Oxygen raw, SBE 43, 2 [V]
# name 10 = altM: Altimeter [m]
# name 11 = latitude: Latitude [deg]
# name 12 = longitude: Longitude [deg]
# name 13 = sbox0dV/dT: Oxygen, SBE 43 [dov/dt]
# name 14 = sbox1dV/dT: Oxygen, SBE 43, 2 [dov/dt]
# name 15 = nbf: Bottles Fired
# name 16 = flag:  0.000e+00
# interval = seconds: 0.0416667
# start_time = Oct 13 2021 03:19:12 [NMEA time, header]
# bad_flag = -9.990e-29
*END*
[from data line 256]
      47955   1998.083    399.325    402.284    10.0399    10.0428   3.850481   3.850760     1.6874     1.3810     100.00   24.39126  -88.01040    0.00005    0.00001          2  0.000e+00
      47956   1998.125    399.339    402.297    10.0402    10.0426   3.850467   3.850766     1.6874     1.3810     100.00   24.39126  -88.01040    0.00004    0.00001          2  0.000e+00
      47957   1998.167    399.277    402.236    10.0400    10.0424   3.850481   3.850733     1.6874     1.3810     100.00   24.39126  -88.01040    0.00004    0.00001          2  0.000e+00
      47958   1998.208    399.339    402.297    10.0402    10.0421   3.850514   3.850672     1.6874     1.3810     100.00   24.39126  -88.01040    0.00004    0.00002          2  0.000e+00
      47959   1998.250    399.277    402.236    10.0404    10.0418   3.850527   3.850665     1.6874     1.3810     100.00   24.39126  -88.01040    0.00004    0.00004          2  0.000e+00
      47960   1998.292    399.325    402.284    10.0406    10.0418   3.850547   3.850658     1.6874     1.3810     100.00   24.39126  -88.01040    0.00004    0.00005          2  0.000e+00
      47961   1998.333    399.339    402.298    10.0409    10.0416   3.850607   3.850638     1.6874     1.3810     100.00   24.39126  -88.01040    0.00003    0.00007          2  0.000e+00
      47962   1998.375    399.278    402.236    10.0417    10.0413   3.850647   3.850625     1.6874     1.3810     100.00   24.39126  -88.01040    0.00003    0.00008          2  0.000e+00
      47963   1998.417    399.339    402.298    10.0424    10.0408   3.850741   3.850584     1.6874     1.3810     100.00   24.39126  -88.01040    0.00003    0.00010          2  0.000e+00
      47964   1998.458    399.278    402.236    10.0430    10.0405   3.850787   3.850557     1.6874     1.3810     100.00   24.39126  -88.01040    0.00003    0.00011          2  0.000e+00
      53354   2223.042    298.509    300.647    12.5218    12.5085   4.122940   4.121449     1.8156     1.4969     100.00   24.39154  -88.01076   -0.00001    0.00007          3  0.000e+00
      53355   2223.083    298.760    300.900    12.5210    12.5098   4.122838   4.121622     1.8156     1.4957     100.00   24.39154  -88.01076   -0.00001    0.00005          3  0.000e+00
      53356   2223.125    298.557    300.695    12.5230    12.5110   4.122639   4.121671     1.8168     1.4969     100.00   24.39154  -88.01076    0.00001    0.00003          3  0.000e+00
      53357   2223.167    298.604    300.743    12.5213    12.5113   4.122331   4.121747     1.8168     1.4969     100.00   24.39154  -88.01076    0.00002    0.00000          3  0.000e+00
      53358   2223.208    298.557    300.695    12.5173    12.5122   4.121982   4.121775     1.8156     1.4969     100.00   24.39154  -88.01076    0.00002   -0.00002          3  0.000e+00
      53359   2223.250    298.604    300.743    12.5133    12.5125   4.121818   4.121775     1.8168     1.4969     100.00   24.39154  -88.01076    0.00004   -0.00004          3  0.000e+00
      53360   2223.292    298.604    300.743    12.5123    12.5122   4.121818   4.121796     1.8156     1.4969     100.00   24.39154  -88.01076    0.00005   -0.00005          3  0.000e+00
      53361   2223.333    298.557    300.695    12.5121    12.5123   4.121770   4.121754     1.8168     1.4969     100.00   24.39154  -88.01076    0.00006   -0.00006          3  0.000e+00
      53362   2223.375    298.659    300.798    12.5117    12.5122   4.121722   4.121740     1.8156     1.4957     100.00   24.39154  -88.01076    0.00005   -0.00008          3  0.000e+00
      53363   2223.417    298.557    300.695    12.5106    12.5122   4.121633   4.121685     1.8156     1.4957     100.00   24.39154  -88.01076    0.00005   -0.00011          3  0.000e+00
      53364   2223.458    298.604    300.743    12.5101    12.5122   4.121551   4.121671     1.8156     1.4969     100.00   24.39154  -88.01076    0.00004   -0.00013          3  0.000e+00
      53365   2223.500    298.604    300.743    12.5100    12.5125   4.121537   4.121720     1.8168     1.4969     100.00   24.39154  -88.01076    0.00005   -0.00014          3  0.000e+00
      53366   2223.542    298.557    300.695    12.5096    12.5125   4.121537   4.121740     1.8156     1.4969     100.00   24.39154  -88.01076    0.00004   -0.00014          3  0.000e+00
      53367   2223.583    298.605    300.743    12.5100    12.5122   4.121564   4.121713     1.8156     1.4969     100.00   24.39154  -88.01076    0.00003   -0.00015          3  0.000e+00
      53368   2223.625    298.557    300.695    12.5104    12.5120   4.121598   4.121678     1.8156     1.4969     100.00   24.39154  -88.01076    0.00004   -0.00015          3  0.000e+00
      53369   2223.667    298.557    300.695    12.5106    12.5118   4.121633   4.121671     1.8156     1.4969     100.00   24.39154  -88.01076    0.00005   -0.00016          3  0.000e+00
      53370   2223.708    298.605    300.743    12.5106    12.5117   4.121674   4.121699     1.8168     1.4969     100.00   24.39154  -88.01076    0.00006   -0.00017          3  0.000e+00
      53371   2223.750    298.557    300.695    12.5110    12.5122   4.121735   4.121726     1.8156     1.4957     100.00   24.39154  -88.01076    0.00007   -0.00019          3  0.000e+00
      53372   2223.792    298.557    300.696    12.5111    12.5122   4.121811   4.121789     1.8156     1.4957     100.00   24.39154  -88.01076    0.00006   -0.00021          3  0.000e+00
      53373   2223.833    298.557    300.696    12.5122    12.5126   4.121879   4.121810     1.8156     1.4969     100.00   24.39154  -88.01076    0.00005   -0.00022          3  0.000e+00
      53374   2223.875    298.557    300.696    12.5128    12.5120   4.122002   4.121837     1.8156     1.4957     100.00   24.39154  -88.01076    0.00005   -0.00024          3  0.000e+00
      53375   2223.917    298.557    300.696    12.5125    12.5118   4.122064   4.121789     1.8156     1.4969     100.00   24.39154  -88.01076    0.00004   -0.00025          3  0.000e+00
      53376   2223.958    298.557    300.696    12.5135    12.5115   4.122078   4.121754     1.8156     1.4957     100.00   24.39154  -88.01076    0.00003   -0.00027          3  0.000e+00
      53377   2224.000    298.557    300.696    12.5153    12.5118   4.122078   4.121789     1.8156     1.4969     100.00   24.39154  -88.01076    0.00004   -0.00028          3  0.000e+00
      53378   2224.042    298.557    300.696    12.5153    12.5122   4.122126   4.121810     1.8156     1.4957     100.00   24.39154  -88.01076    0.00003   -0.00030          3  0.000e+00
      53379   2224.083    298.510    300.648    12.5142    12.5123   4.122283   4.121837     1.8156     1.4957     100.00   24.39154  -88.01076    0.00003   -0.00032          3  0.000e+00
      53380   2224.125    298.558    300.696    12.5175    12.5126   4.122434   4.121851     1.8156     1.4957     100.00   24.39154  -88.01076    0.00004   -0.00034          3  0.000e+00
      53381   2224.167    298.510    300.648    12.5210    12.5132   4.122529   4.121900     1.8144     1.4957     100.00   24.39154  -88.01076    0.00001   -0.00036          3  0.000e+00
      53382   2224.208    298.510    300.648    12.5201    12.5130   4.122673   4.121865     1.8156     1.4969     100.00   24.39154  -88.01076    0.00000   -0.00037          3  0.000e+00
      53383   2224.250    298.510    300.648    12.5250    12.5123   4.122803   4.121851     1.8156     1.4957     100.00   24.39154  -88.01076   -0.00000   -0.00039          3  0.000e+00
      53384   2224.292    298.558    300.696    12.5286    12.5125   4.122988   4.121817     1.8156     1.4957     100.00   24.39154  -88.01076   -0.00001   -0.00041          3  0.000e+00
      53385   2224.333    298.510    300.648    12.5268    12.5122   4.123200   4.121810     1.8156     1.4957     100.00   24.39154  -88.01076    0.00000   -0.00043          3  0.000e+00
      53386   2224.375    298.510    300.648    12.5293    12.5120   4.123372   4.121865     1.8156     1.4957     100.00   24.39154  -88.01076   -0.00000   -0.00045          3  0.000e+00
      53387   2224.417    298.456    300.593    12.5313    12.5120   4.123426   4.121858     1.8156     1.4957     100.00   24.39154  -88.01076   -0.00001   -0.00045          3  0.000e+00
      53388   2224.458    298.510    300.648    12.5281    12.5120   4.123392   4.121789     1.8156     1.4957     100.00   24.39154  -88.01076   -0.00002   -0.00047          3  0.000e+00
      53389   2224.500    298.510    300.648    12.5252    12.5122   4.123420   4.121796     1.8156     1.4957     100.00   24.39154  -88.01076   -0.00001   -0.00047          3  0.000e+00
      53390   2224.542    298.510    300.648    12.5245    12.5118   4.123522   4.121810     1.8156     1.4969     100.00   24.39154  -88.01076   -0.00001   -0.00047          3  0.000e+00
      53391   2224.583    298.408    300.546    12.5270    12.5114   4.123680   4.121733     1.8156     1.4957     100.00   24.39154  -88.01076 7.0337e-07   -0.00047          3  0.000e+00
      53392   2224.625    298.510    300.648    12.5280    12.5110   4.123803   4.121733     1.8168     1.4957     100.00   24.39154  -88.01076    0.00001   -0.00047          3  0.000e+00
      53393   2224.667    298.456    300.594    12.5305    12.5111   4.124056   4.121740     1.8156     1.4957     100.00   24.39154  -88.01076    0.00002   -0.00047          3  0.000e+00
      53394   2224.708    298.456    300.594    12.5343    12.5117   4.124200   4.121740     1.8156     1.4957     100.00   24.39154  -88.01076    0.00002   -0.00047          3  0.000e+00
      53395   2224.750    298.456    300.594    12.5368    12.5117   4.124227   4.121740     1.8156     1.4957     100.00   24.39154  -88.01076    0.00001   -0.00046          3  0.000e+00
      53396   2224.792    298.456    300.594    12.5350    12.5111   4.124179   4.121713     1.8156     1.4957     100.00   24.39154  -88.01076    0.00001   -0.00046          3  0.000e+00
      53397   2224.833    298.456    300.594    12.5346    12.5110   4.124289   4.121622     1.8156     1.4957     100.00   24.39154  -88.01076    0.00000   -0.00045          3  0.000e+00
      53398   2224.875    298.409    300.546    12.5358    12.5106   4.124392   4.121574     1.8156     1.4957     100.00   24.39154  -88.01076   -0.00000   -0.00045          3  0.000e+00
      53399   2224.917    298.456    300.594    12.5367    12.5102   4.124460   4.121588     1.8144     1.4957     100.00   24.39154  -88.01076   -0.00001   -0.00046          3  0.000e+00
      53400   2224.958    298.409    300.546    12.5371    12.5102   4.124529   4.121567     1.8144     1.4957     100.00   24.39154  -88.01076   -0.00003   -0.00046          3  0.000e+00
      53401   2225.000    298.409    300.546    12.5370    12.5100   4.124611   4.121581     1.8156     1.4957     100.00   24.39154  -88.01076   -0.00004   -0.00047          3  0.000e+00
      53402   2225.042    298.456    300.594    12.5363    12.5097   4.124645   4.121539     1.8156     1.4957     100.00   24.39154  -88.01076   -0.00004   -0.00048          3  0.000e+00
      53403   2225.083    298.409    300.546    12.5372    12.5095   4.124693   4.121546     1.8156     1.4957     100.00   24.39154  -88.01076   -0.00005   -0.00049          3  0.000e+00
      53404   2225.125    298.409    300.546    12.5384    12.5100   4.124748   4.121581     1.8156     1.4957     100.00   24.39154  -88.01076   -0.00005   -0.00050          3  0.000e+00
      53405   2225.167    298.361    300.498    12.5397    12.5103   4.124816   4.121657     1.8156     1.4957     100.00   24.39154  -88.01076   -0.00005   -0.00051          3  0.000e+00
      53406   2225.208    298.457    300.594    12.5399    12.5108   4.124844   4.121699     1.8156     1.4957     100.00   24.39154  -88.01076   -0.00006   -0.00052          3  0.000e+00
      53407   2225.250    298.409    300.546    12.5390    12.5108   4.124892   4.121678     1.8156     1.4957     100.00   24.39154  -88.01076   -0.00006   -0.00051          3  0.000e+00
      53408   2225.292    298.362    300.498    12.5388    12.5102   4.124905   4.121643     1.8156     1.4957     100.00   24.39154  -88.01076   -0.00007   -0.00052          3  0.000e+00
      53409   2225.333    298.409    300.546    12.5385    12.5098   4.124885   4.121602     1.8156     1.4957     100.00   24.39154  -88.01076   -0.00007   -0.00052          3  0.000e+00
      53410   2225.375    298.409    300.546    12.5394    12.5098   4.124898   4.121622     1.8144     1.4957     100.00   24.39154  -88.01076   -0.00009   -0.00053          3  0.000e+00
      53411   2225.417    298.409    300.546    12.5395    12.5103   4.124864   4.121636     1.8156     1.4957     100.00   24.39154  -88.01076   -0.00010   -0.00052          3  0.000e+00
      53412   2225.458    298.362    300.499    12.5400    12.5106   4.124837   4.121692     1.8144     1.4957     100.00   24.39154  -88.01076   -0.00012   -0.00053          3  0.000e+00
      53413   2225.500    298.457    300.594    12.5395    12.5113   4.124837   4.121706     1.8156     1.4957     100.00   24.39154  -88.01076   -0.00012   -0.00052          3  0.000e+00
      53414   2225.542    298.362    300.499    12.5400    12.5114   4.124761   4.121754     1.8156     1.4957     100.00   24.39154  -88.01076   -0.00013   -0.00052          3  0.000e+00
      53415   2225.583    298.409    300.547    12.5404    12.5117   4.124782   4.121747     1.8156     1.4957     100.00   24.39154  -88.01076   -0.00013   -0.00051          3  0.000e+00
      53416   2225.625    298.409    300.547    12.5402    12.5118   4.124741   4.121844     1.8156     1.4957     100.00   24.39154  -88.01076   -0.00014   -0.00051          3  0.000e+00
      53417   2225.667    298.410    300.547    12.5404    12.5122   4.124789   4.121907     1.8144     1.4957     100.00   24.39154  -88.01076   -0.00016   -0.00050          3  0.000e+00
      53418   2225.708    298.362    300.499    12.5404    12.5125   4.124830   4.121941     1.8156     1.4957     100.00   24.39154  -88.01076   -0.00016   -0.00050          3  0.000e+00
      53419   2225.750    298.410    300.547    12.5401    12.5126   4.124844   4.121983     1.8156     1.4969     100.00   24.39154  -88.01076   -0.00016   -0.00047          3  0.000e+00
      53420   2225.792    298.410    300.547    12.5400    12.5126   4.124782   4.121962     1.8156     1.4957     100.00   24.39154  -88.01076   -0.00017   -0.00046          3  0.000e+00
      53421   2225.833    298.410    300.547    12.5392    12.5132   4.124761   4.122004     1.8156     1.4957     100.00   24.39154  -88.01076   -0.00017   -0.00044          3  0.000e+00
      53422   2225.875    298.410    300.547    12.5375    12.5134   4.124741   4.121941     1.8156     1.4957     100.00   24.39154  -88.01076   -0.00017   -0.00042          3  0.000e+00
      53423   2225.917    298.410    300.547    12.5368    12.5137   4.124727   4.121941     1.8156     1.4957     100.00   24.39154  -88.01076   -0.00018   -0.00041          3  0.000e+00
      53424   2225.958    298.362    300.499    12.5365    12.5135   4.124762   4.121928     1.8156     1.4957     100.00   24.39154  -88.01076   -0.00018   -0.00039          3  0.000e+00
      53425   2226.000    298.457    300.595    12.5360    12.5128   4.124734   4.121893     1.8156     1.4957     100.00   24.39154  -88.01076   -0.00019   -0.00039          3  0.000e+00
      53426   2226.042    298.410    300.547    12.5356    12.5123   4.124727   4.121803     1.8156     1.4957     100.00   24.39154  -88.01076   -0.00017   -0.00039          3  0.000e+00
      53427   2226.083    298.410    300.547    12.5363    12.5117   4.124734   4.121747     1.8156     1.4957     100.00   24.39154  -88.01076   -0.00017   -0.00038          3  0.000e+00
