GOMECC/GOMECC-4/1db/rb2103_0441.ros
* Sea-Bird SBE 9 Data File:
* FileName = C:\Users\scs.user.rb\CTD\GOMECC4\data\rb2103_0441.hex
* Software Version Seasave V 7.26.7.107
* Temperature SN = 4799
* Conductivity SN = 3860
* Number of Bytes Per Scan = 41
* Number of Voltage Words = 4
* Number of Scans Averaged by the Deck Unit = 1
* NMEA Latitude = 28 44.69 N
* NMEA Longitude = 089 59.50 W
* NMEA UTC (Time) = Sep 26 2021  10:10:29
* NMEA baud rate = 4800
# nquan = 17
# nvalues = 1064                                  
# units = specified
# name 0 = scan: Scan Count
# name 1 = timeS: Time, Elapsed [seconds]
# name 2 = depSM: Depth [salt water, m]
# name 3 = prDM: Pressure, Digiquartz [db]
# name 4 = t090C: Temperature [ITS-90, deg C]
# name 5 = t190C: Temperature, 2 [ITS-90, deg C]
# name 6 = c0S/m: Conductivity [S/m]
# name 7 = c1S/m: Conductivity, 2 [S/m]
# name 8 = sbeox0V: Oxygen raw, SBE 43 [V]
# name 9 = sbeox1V: Oxygen raw, SBE 43, 2 [V]
# name 10 = altM: Altimeter [m]
# name 11 = latitude: Latitude [deg]
# name 12 = longitude: Longitude [deg]
# name 13 = sbox0dV/dT: Oxygen, SBE 43 [dov/dt]
# name 14 = sbox1dV/dT: Oxygen, SBE 43, 2 [dov/dt]
# name 15 = nbf: Bottles Fired
# name 16 = flag:  0.000e+00
# interval = seconds: 0.0416667
# start_time = Sep 26 2021 10:10:29 [NMEA time, header]
# bad_flag = -9.990e-29
*END*
[from data line 86]
      13577    565.667     43.637     43.937    26.3790    26.3767   5.570191   5.569557     2.4505     2.0537       4.96   28.74546  -89.99172   -0.00231   -0.00096          1  0.000e+00
      13578    565.708     43.690     43.990    26.3797    26.3758   5.569990   5.569463     2.4505     2.0549       4.93   28.74546  -89.99172   -0.00218   -0.00078          1  0.000e+00
      13579    565.750     43.577     43.876    26.3766    26.3751   5.569532   5.569392     2.4518     2.0562       4.93   28.74546  -89.99172   -0.00204   -0.00061          1  0.000e+00
      13580    565.792     43.758     44.059    26.3750    26.3749   5.569369   5.569376     2.4518     2.0562       4.96   28.74546  -89.99172   -0.00190   -0.00044          1  0.000e+00
      13581    565.833     43.751     44.051    26.3744    26.3751   5.569268   5.569415     2.4542     2.0574       4.96   28.74546  -89.99172   -0.00173   -0.00026          1  0.000e+00
      13582    565.875     43.690     43.990    26.3750    26.3753   5.569276   5.569431     2.4542     2.0586       4.96   28.74546  -89.99172   -0.00156   -0.00004          1  0.000e+00
      13583    565.917     43.690     43.990    26.3750    26.3744   5.569315   5.569360     2.4554     2.0586       4.96   28.74546  -89.99172   -0.00137    0.00018          1  0.000e+00
      13584    565.958     43.705     44.005    26.3753    26.3734   5.569361   5.569290     2.4554     2.0611       4.93   28.74546  -89.99172   -0.00117    0.00043          1  0.000e+00
      13585    566.000     43.690     43.990    26.3752    26.3733   5.569408   5.569219     2.4567     2.0611       4.96   28.74546  -89.99172   -0.00095    0.00066          1  0.000e+00
      13586    566.042     43.751     44.051    26.3748    26.3731   5.569330   5.569164     2.4579     2.0623       4.93   28.74546  -89.99172   -0.00071    0.00090          1  0.000e+00
      13587    566.083     43.690     43.990    26.3744    26.3721   5.569261   5.569109     2.4579     2.0623       4.91   28.74546  -89.99172   -0.00049    0.00116          1  0.000e+00
      13588    566.125     43.758     44.059    26.3750    26.3705   5.569206   5.568967     2.4579     2.0647       4.86   28.74546  -89.99172   -0.00026    0.00143          1  0.000e+00
      13589    566.167     43.690     43.990    26.3760    26.3694   5.569199   5.568889     2.4591     2.0647       4.86   28.74546  -89.99172   -0.00002    0.00169          1  0.000e+00
      13590    566.208     43.751     44.051    26.3741    26.3683   5.569160   5.568810     2.4603     2.0659       4.86   28.74546  -89.99172    0.00023    0.00197          1  0.000e+00
      13591    566.250     43.751     44.051    26.3719    26.3676   5.568989   5.568708     2.4615     2.0672       4.88   28.74546  -89.99172    0.00050    0.00228          1  0.000e+00
      13592    566.292     43.758     44.059    26.3701    26.3673   5.568888   5.568685     2.4615     2.0684       4.86   28.74546  -89.99172    0.00076    0.00259          1  0.000e+00
      13593    566.333     43.751     44.051    26.3687    26.3667   5.568803   5.568622     2.4628     2.0696       4.86   28.74546  -89.99172    0.00104    0.00292          1  0.000e+00
      13594    566.375     43.751     44.051    26.3676    26.3664   5.568710   5.568559     2.4640     2.0696       4.86   28.74546  -89.99172    0.00134    0.00325          1  0.000e+00
      13595    566.417     43.751     44.051    26.3667    26.3654   5.568656   5.568480     2.4640     2.0708       4.86   28.74546  -89.99172    0.00164    0.00358          1  0.000e+00
      13596    566.458     43.758     44.059    26.3663    26.3651   5.568578   5.568496     2.4652     2.0708       4.86   28.74546  -89.99172    0.00195    0.00390          1  0.000e+00
      13597    566.500     43.804     44.104    26.3656    26.3649   5.568563   5.568433     2.4664     2.0720       4.86   28.74546  -89.99172    0.00227    0.00424          1  0.000e+00
      13598    566.542     43.751     44.051    26.3655    26.3645   5.568524   5.568386     2.4664     2.0720       4.86   28.74546  -89.99172    0.00259    0.00457          1  0.000e+00
      13599    566.583     43.804     44.104    26.3649    26.3625   5.568470   5.568268     2.4676     2.0720       4.86   28.74546  -89.99172    0.00290    0.00489          1  0.000e+00
      13600    566.625     43.804     44.104    26.3649    26.3599   5.568493   5.568048     2.4676     2.0733       4.88   28.74546  -89.99172    0.00321    0.00521          1  0.000e+00
      13601    566.667     43.758     44.059    26.3647    26.3587   5.568509   5.567930     2.4689     2.0733       4.86   28.74546  -89.99172    0.00355    0.00554          1  0.000e+00
      13602    566.708     43.804     44.104    26.3646    26.3587   5.568485   5.567875     2.4701     2.0733       4.86   28.74546  -89.99172    0.00390    0.00585          1  0.000e+00
      13603    566.750     43.804     44.104    26.3641    26.3578   5.568462   5.567765     2.4701     2.0733       4.86   28.74546  -89.99172    0.00423    0.00616          1  0.000e+00
      13604    566.792     43.804     44.104    26.3641    26.3570   5.568462   5.567687     2.4701     2.0745       4.86   28.74546  -89.99172    0.00455    0.00648          1  0.000e+00
      13605    566.833     43.819     44.119    26.3643    26.3560   5.568423   5.567577     2.4713     2.0733       4.86   28.74546  -89.99172    0.00488    0.00676          1  0.000e+00
      13606    566.875     43.804     44.104    26.3663    26.3554   5.568416   5.567514     2.4713     2.0733       4.86   28.74546  -89.99172    0.00521    0.00704          1  0.000e+00
      13607    566.917     43.804     44.104    26.3684    26.3554   5.568353   5.567529     2.4725     2.0733       4.86   28.74546  -89.99172    0.00556    0.00731          1  0.000e+00
      13608    566.958     43.857     44.157    26.3690    26.3560   5.568322   5.567514     2.4713     2.0733       4.86   28.74546  -89.99172    0.00587    0.00756          1  0.000e+00
      13609    567.000     43.819     44.119    26.3683    26.3568   5.568284   5.567639     2.4725     2.0733       4.86   28.74546  -89.99172    0.00620    0.00781          1  0.000e+00
      13610    567.042     43.804     44.104    26.3659    26.3581   5.568206   5.567742     2.4725     2.0720       4.86   28.74546  -89.99172    0.00652    0.00802          1  0.000e+00
      13611    567.083     43.857     44.157    26.3627    26.3581   5.568012   5.567836     2.4725     2.0733       4.84   28.74546  -89.99172    0.00683    0.00824          1  0.000e+00
      13612    567.125     43.804     44.104    26.3603    26.3581   5.567896   5.567836     2.4737     2.0720       4.79   28.74546  -89.99172    0.00713    0.00843          1  0.000e+00
      13613    567.167     43.819     44.119    26.3596    26.3583   5.567865   5.567812     2.4737     2.0720       4.76   28.74546  -89.99172    0.00743    0.00860          1  0.000e+00
      13614    567.208     43.857     44.157    26.3602    26.3589   5.567935   5.567679     2.4737     2.0720       4.76   28.74546  -89.99172    0.00772    0.00876          1  0.000e+00
      13615    567.250     43.857     44.157    26.3616    26.3594   5.567958   5.567804     2.4737     2.0720       4.76   28.74546  -89.99172    0.00800    0.00891          1  0.000e+00
      13616    567.292     43.804     44.104    26.3625    26.3603   5.567958   5.567859     2.4737     2.0708       4.79   28.74546  -89.99172    0.00827    0.00904          1  0.000e+00
      13617    567.333     43.872     44.173    26.3629    26.3606   5.568067   5.567930     2.4737     2.0708       4.76   28.74546  -89.99172    0.00854    0.00914          1  0.000e+00
      13618    567.375     43.804     44.104    26.3632    26.3609   5.568098   5.567993     2.4737     2.0708       4.76   28.74546  -89.99172    0.00878    0.00924          1  0.000e+00
      13619    567.417     43.857     44.157    26.3631    26.3613   5.568028   5.567993     2.4725     2.0696       4.76   28.74546  -89.99172    0.00900    0.00933          1  0.000e+00
      13620    567.458     43.857     44.157    26.3627    26.3613   5.567966   5.568001     2.4725     2.0696       4.79   28.74546  -89.99172    0.00921    0.00939          1  0.000e+00
      13621    567.500     43.819     44.119    26.3620    26.3614   5.567958   5.568040     2.4725     2.0696       4.79   28.74546  -89.99172    0.00941    0.00945          1  0.000e+00
      13622    567.542     43.857     44.157    26.3622    26.3616   5.567958   5.568009     2.4725     2.0684       4.79   28.74546  -89.99172    0.00961    0.00949          1  0.000e+00
      13623    567.583     43.856     44.157    26.3624    26.3614   5.567989   5.568072     2.4725     2.0684       4.79   28.74546  -89.99172    0.00979    0.00951          1  0.000e+00
      13833    576.333     43.577     43.875    26.4277    26.4218   5.573565   5.573212     2.4823     2.0830       5.30   28.74548  -89.99174    0.00327    0.00563          2  0.000e+00
      13834    576.375     43.312     43.609    26.4279    26.4209   5.573526   5.573259     2.4823     2.0830       5.30   28.74548  -89.99174    0.00359    0.00599          2  0.000e+00
      13835    576.417     43.191     43.487    26.4279    26.4207   5.573479   5.573212     2.4823     2.0842       5.30   28.74548  -89.99174    0.00389    0.00636          2  0.000e+00
      13836    576.458     43.410     43.708    26.4273    26.4207   5.573503   5.573220     2.4835     2.0842       5.32   28.74548  -89.99174    0.00422    0.00673          2  0.000e+00
      13837    576.500     43.191     43.487    26.4268    26.4203   5.573479   5.573165     2.4835     2.0842       5.32   28.74548  -89.99174    0.00454    0.00709          2  0.000e+00
      13838    576.542     43.191     43.487    26.4262    26.4207   5.573433   5.573172     2.4847     2.0855       5.32   28.74548  -89.99174    0.00488    0.00744          2  0.000e+00
      13839    576.583     43.312     43.609    26.4261    26.4205   5.573425   5.573259     2.4847     2.0855       5.30   28.74548  -89.99174    0.00521    0.00778          2  0.000e+00
      13840    576.625     43.244     43.541    26.4257    26.4205   5.573355   5.573212     2.4847     2.0855       5.32   28.74548  -89.99174    0.00553    0.00811          2  0.000e+00
      13841    576.667     43.244     43.541    26.4250    26.4207   5.573386   5.573220     2.4847     2.0855       5.30   28.74548  -89.99174    0.00585    0.00844          2  0.000e+00
      13842    576.708     43.244     43.541    26.4248    26.4212   5.573386   5.573235     2.4860     2.0867       5.32   28.74548  -89.99174    0.00618    0.00876          2  0.000e+00
      13843    576.750     43.259     43.556    26.4246    26.4220   5.573309   5.573306     2.4872     2.0867       5.32   28.74548  -89.99174    0.00652    0.00907          2  0.000e+00
      13844    576.792     43.244     43.541    26.4241    26.4223   5.573316   5.573298     2.4872     2.0879       5.30   28.74548  -89.99174    0.00686    0.00939          2  0.000e+00
      13845    576.833     43.297     43.594    26.4239    26.4227   5.573293   5.573283     2.4860     2.0879       5.30   28.74548  -89.99174    0.00717    0.00971          2  0.000e+00
      13846    576.875     43.191     43.487    26.4235    26.4231   5.573247   5.573377     2.4872     2.0879       5.32   28.74548  -89.99174    0.00747    0.00999          2  0.000e+00
      13847    576.917     43.312     43.609    26.4237    26.4229   5.573270   5.573385     2.4872     2.0879       5.30   28.74548  -89.99174    0.00778    0.01028          2  0.000e+00
      13848    576.958     43.244     43.541    26.4239    26.4229   5.573285   5.573400     2.4884     2.0879       5.32   28.74548  -89.99174    0.00809    0.01055          2  0.000e+00
      13849    577.000     43.191     43.487    26.4242    26.4229   5.573285   5.573345     2.4884     2.0879       5.32   28.74548  -89.99174    0.00841    0.01081          2  0.000e+00
      13850    577.042     43.297     43.594    26.4246    26.4227   5.573316   5.573330     2.4872     2.0879       5.32   28.74548  -89.99174    0.00866    0.01106          2  0.000e+00
      13851    577.083     43.191     43.487    26.4248    26.4225   5.573402   5.573330     2.4884     2.0891       5.32   28.74548  -89.99174    0.00893    0.01130          2  0.000e+00
      13852    577.125     43.259     43.556    26.4248    26.4222   5.573425   5.573290     2.4884     2.0879       5.35   28.74548  -89.99174    0.00919    0.01151          2  0.000e+00
      13853    577.167     43.244     43.541    26.4250    26.4223   5.573409   5.573353     2.4896     2.0891       5.35   28.74548  -89.99174    0.00946    0.01173          2  0.000e+00
      13854    577.208     43.244     43.541    26.4253    26.4221   5.573456   5.573338     2.4896     2.0891       5.35   28.74548  -89.99174    0.00972    0.01192          2  0.000e+00
      13855    577.250     43.244     43.541    26.4261    26.4229   5.573503   5.573330     2.4884     2.0891       5.32   28.74548  -89.99174    0.00996    0.01210          2  0.000e+00
      13856    577.292     43.199     43.495    26.4264    26.4236   5.573479   5.573393     2.4896     2.0891       5.35   28.74548  -89.99174    0.01019    0.01227          2  0.000e+00
      13857    577.333     43.244     43.541    26.4266    26.4240   5.573541   5.573448     2.4896     2.0904       5.35   28.74548  -89.99174    0.01039    0.01244          2  0.000e+00
      13858    577.375     43.244     43.541    26.4273    26.4242   5.573565   5.573463     2.4896     2.0891       5.32   28.74548  -89.99174    0.01058    0.01257          2  0.000e+00
      13859    577.417     43.244     43.541    26.4277    26.4243   5.573565   5.573495     2.4908     2.0891       5.35   28.74548  -89.99174    0.01078    0.01269          2  0.000e+00
      13860    577.458     43.191     43.487    26.4279    26.4249   5.573526   5.573440     2.4896     2.0891       5.35   28.74548  -89.99174    0.01095    0.01280          2  0.000e+00
      13861    577.500     43.259     43.556    26.4279    26.4251   5.573549   5.573487     2.4896     2.0904       5.35   28.74548  -89.99174    0.01110    0.01292          2  0.000e+00
      13862    577.542     43.191     43.487    26.4280    26.4256   5.573596   5.573510     2.4908     2.0904       5.35   28.74548  -89.99174    0.01124    0.01301          2  0.000e+00
      13863    577.583     43.244     43.541    26.4291    26.4258   5.573634   5.573510     2.4908     2.0904       5.35   28.74548  -89.99174    0.01139    0.01309          2  0.000e+00
      13864    577.625     43.191     43.487    26.4291    26.4262   5.573619   5.573581     2.4908     2.0904       5.35   28.74548  -89.99174    0.01151    0.01316          2  0.000e+00
      13865    577.667     43.199     43.495    26.4280    26.4264   5.573565   5.573534     2.4921     2.0916       5.35   28.74548  -89.99174    0.01163    0.01323          2  0.000e+00
      13866    577.708     43.191     43.487    26.4273    26.4262   5.573526   5.573510     2.4908     2.0916       5.35   28.74548  -89.99174    0.01172    0.01328          2  0.000e+00
      13867    577.750     43.191     43.487    26.4275    26.4260   5.573479   5.573510     2.4921     2.0916       5.35   28.74548  -89.99174    0.01180    0.01331          2  0.000e+00
      13868    577.792     43.131     43.426    26.4275    26.4264   5.573502   5.573510     2.4921     2.0916       5.35   28.74548  -89.99174    0.01188    0.01333          2  0.000e+00
      13869    577.833     43.199     43.495    26.4273    26.4267   5.573518   5.573581     2.4921     2.0928       5.35   28.74548  -89.99174    0.01195    0.01335          2  0.000e+00
