GOMECC/GOMECC-4/1db/rb2103_0051.ros
* Sea-Bird SBE 9 Data File:
* FileName = C:\Users\scs.user.rb\CTD\GOMECC4\data\rb2103_005.hex
* Software Version Seasave V 7.26.7.107
* Temperature SN = 4799
* Conductivity SN = 3860
* Number of Bytes Per Scan = 41
* Number of Voltage Words = 4
* Number of Scans Averaged by the Deck Unit = 1
* NMEA Latitude = 26 59.47 N
* NMEA Longitude = 079 56.01 W
* NMEA UTC (Time) = Sep 15 2021  02:01:09
* NMEA baud rate = 4800
# nquan = 17
# nvalues = 1729                                  
# units = specified
# name 0 = scan: Scan Count
# name 1 = timeS: Time, Elapsed [seconds]
# name 2 = depSM: Depth [salt water, m]
# name 3 = prDM: Pressure, Digiquartz [db]
# name 4 = t090C: Temperature [ITS-90, deg C]
# name 5 = t190C: Temperature, 2 [ITS-90, deg C]
# name 6 = c0S/m: Conductivity [S/m]
# name 7 = c1S/m: Conductivity, 2 [S/m]
# name 8 = sbeox0V: Oxygen raw, SBE 43 [V]
# name 9 = sbeox1V: Oxygen raw, SBE 43, 2 [V]
# name 10 = altM: Altimeter [m]
# name 11 = latitude: Latitude [deg]
# name 12 = longitude: Longitude [deg]
# name 13 = sbox0dV/dT: Oxygen, SBE 43 [dov/dt]
# name 14 = sbox1dV/dT: Oxygen, SBE 43, 2 [dov/dt]
# name 15 = nbf: Bottles Fired
# name 16 = flag:  0.000e+00
# interval = seconds: 0.0416667
# start_time = Sep 15 2021 02:01:09 [NMEA time, header]
# bad_flag = -9.990e-29
*END*
[from data line 937]
      39012   1625.458     45.250     45.555    28.7420    28.7429   5.854530   5.855217     3.1709     2.7070     100.00   27.00060  -79.93142   -0.00004    0.00385          8  0.000e+00
      39013   1625.500     45.296     45.601    28.7422    28.7436   5.854499   5.855490     3.1697     2.7082     100.00   27.00060  -79.93142   -0.00004    0.00390          8  0.000e+00
      39014   1625.542     45.296     45.601    28.7422    28.7446   5.854499   5.855603     3.1697     2.7070     100.00   27.00060  -79.93142   -0.00004    0.00395          8  0.000e+00
      39015   1625.583     45.303     45.608    28.7424    28.7438   5.854570   5.855498     3.1697     2.7057     100.00   27.00060  -79.93142   -0.00004    0.00397          8  0.000e+00
      39016   1625.625     45.296     45.601    28.7423    28.7434   5.854594   5.855362     3.1697     2.7070     100.00   27.00060  -79.93142   -0.00004    0.00400          8  0.000e+00
      39017   1625.667     45.296     45.601    28.7422    28.7433   5.854626   5.855289     3.1697     2.7070     100.00   27.00060  -79.93142   -0.00004    0.00402          8  0.000e+00
      39018   1625.708     45.296     45.601    28.7424    28.7436   5.854713   5.855418     3.1697     2.7057     100.00   27.00060  -79.93142   -0.00004    0.00403          8  0.000e+00
      39019   1625.750     45.303     45.608    28.7424    28.7438   5.854697   5.855506     3.1697     2.7057     100.00   27.00060  -79.93142   -0.00004    0.00402          8  0.000e+00
      39020   1625.792     45.296     45.601    28.7426    28.7448   5.854689   5.855691     3.1697     2.7057     100.00   27.00060  -79.93144   -0.00005    0.00400          8  0.000e+00
      39021   1625.833     45.349     45.654    28.7426    28.7445   5.854546   5.855755     3.1697     2.7057     100.00   27.00060  -79.93144   -0.00005    0.00398          8  0.000e+00
      39022   1625.875     45.251     45.555    28.7428    28.7440   5.854570   5.855571     3.1697     2.7057     100.00   27.00060  -79.93144   -0.00005    0.00394          8  0.000e+00
      39023   1625.917     45.349     45.654    28.7426    28.7438   5.854523   5.855442     3.1697     2.7057     100.00   27.00060  -79.93144   -0.00006    0.00392          8  0.000e+00
      39024   1625.958     45.349     45.654    28.7430    28.7434   5.854499   5.855386     3.1697     2.7057     100.00   27.00060  -79.93144   -0.00005    0.00388          8  0.000e+00
      39025   1626.000     45.235     45.540    28.7430    28.7436   5.854459   5.855442     3.1697     2.7057     100.00   27.00060  -79.93144   -0.00005    0.00383          8  0.000e+00
      39026   1626.042     45.364     45.669    28.7430    28.7444   5.854451   5.855651     3.1697     2.7057     100.00   27.00060  -79.93144   -0.00004    0.00378          8  0.000e+00
      39027   1626.083     45.349     45.654    28.7428    28.7449   5.854451   5.855739     3.1697     2.7057     100.00   27.00060  -79.93144   -0.00003    0.00373          8  0.000e+00
      39028   1626.125     45.349     45.654    28.7426    28.7451   5.854483   5.855755     3.1685     2.7057     100.00   27.00060  -79.93144   -0.00004    0.00368          8  0.000e+00
      39029   1626.167     45.304     45.608    28.7424    28.7449   5.854570   5.855787     3.1685     2.7057     100.00   27.00060  -79.93144   -0.00005    0.00360          8  0.000e+00
      39030   1626.208     45.296     45.601    28.7423    28.7451   5.854594   5.855876     3.1697     2.7057     100.00   27.00060  -79.93144   -0.00004    0.00352          8  0.000e+00
      39031   1626.250     45.349     45.654    28.7422    28.7457   5.854594   5.855940     3.1685     2.7070     100.00   27.00060  -79.93144   -0.00005    0.00346          8  0.000e+00
      39032   1626.292     45.364     45.669    28.7424    28.7453   5.854626   5.855908     3.1697     2.7057     100.00   27.00060  -79.93144   -0.00004    0.00337          8  0.000e+00
      39033   1626.333     45.349     45.654    28.7422    28.7448   5.854673   5.855755     3.1697     2.7070     100.00   27.00060  -79.93144   -0.00003    0.00330          8  0.000e+00
      39034   1626.375     45.296     45.601    28.7426    28.7444   5.854792   5.855595     3.1697     2.7070     100.00   27.00060  -79.93144   -0.00001    0.00323          8  0.000e+00
      39035   1626.417     45.349     45.654    28.7431    28.7440   5.854942   5.855530     3.1697     2.7057     100.00   27.00060  -79.93144 3.5168e-07    0.00311          8  0.000e+00
      39036   1626.458     45.364     45.669    28.7435    28.7442   5.855085   5.855555     3.1697     2.7070     100.00   27.00060  -79.93144    0.00001    0.00301          8  0.000e+00
      39037   1626.500     45.409     45.715    28.7435    28.7438   5.855156   5.855490     3.1709     2.7070     100.00   27.00060  -79.93144    0.00005    0.00291          8  0.000e+00
      39038   1626.542     45.296     45.601    28.7437    28.7434   5.855244   5.855289     3.1709     2.7070     100.00   27.00060  -79.93144    0.00008    0.00280          8  0.000e+00
      39039   1626.583     45.417     45.723    28.7435    28.7429   5.855267   5.855233     3.1709     2.7070     100.00   27.00060  -79.93144    0.00011    0.00269          8  0.000e+00
      39040   1626.625     45.349     45.654    28.7439    28.7427   5.855267   5.855265     3.1709     2.7070     100.00   27.00060  -79.93144    0.00013    0.00258          8  0.000e+00
      39041   1626.667     45.349     45.654    28.7439    28.7429   5.855267   5.855378     3.1709     2.7057     100.00   27.00060  -79.93144    0.00015    0.00246          8  0.000e+00
      39042   1626.708     45.409     45.715    28.7435    28.7436   5.855267   5.855530     3.1709     2.7057     100.00   27.00060  -79.93144    0.00016    0.00234          8  0.000e+00
      39043   1626.750     45.364     45.669    28.7435    28.7438   5.855156   5.855715     3.1709     2.7057     100.00   27.00060  -79.93144    0.00018    0.00221          8  0.000e+00
      39044   1626.792     45.410     45.715    28.7431    28.7427   5.855014   5.855643     3.1709     2.7045     100.00   27.00060  -79.93144    0.00019    0.00209          8  0.000e+00
      39045   1626.833     45.349     45.654    28.7426    28.7410   5.854800   5.855579     3.1697     2.7045     100.00   27.00060  -79.93144    0.00019    0.00196          8  0.000e+00
      39046   1626.875     45.417     45.723    28.7422    28.7407   5.854665   5.855595     3.1709     2.7033     100.00   27.00060  -79.93144    0.00019    0.00181          8  0.000e+00
      39047   1626.917     45.410     45.715    28.7422    28.7416   5.854641   5.855683     3.1709     2.7033     100.00   27.00060  -79.93144    0.00019    0.00165          8  0.000e+00
      39048   1626.958     45.410     45.715    28.7421    28.7419   5.854602   5.855779     3.1697     2.7033     100.00   27.00060  -79.93144    0.00017    0.00152          8  0.000e+00
      39049   1627.000     45.410     45.715    28.7415    28.7422   5.854483   5.855659     3.1709     2.7033     100.00   27.00060  -79.93144    0.00017    0.00138          8  0.000e+00
      39050   1627.042     45.364     45.670    28.7413    28.7412   5.854380   5.855651     3.1697     2.7033     100.00   27.00060  -79.93144    0.00015    0.00126          8  0.000e+00
      39051   1627.083     45.410     45.715    28.7413    28.7419   5.854317   5.855731     3.1697     2.7033     100.00   27.00060  -79.93144    0.00011    0.00113          8  0.000e+00
      39052   1627.125     45.462     45.768    28.7408    28.7427   5.854269   5.855828     3.1697     2.7033     100.00   27.00060  -79.93144    0.00007    0.00101          8  0.000e+00
      39053   1627.167     45.417     45.723    28.7410    28.7433   5.854261   5.855812     3.1697     2.7033     100.00   27.00060  -79.93144    0.00003    0.00090          8  0.000e+00
      39054   1627.208     45.410     45.715    28.7410    28.7435   5.854222   5.855804     3.1697     2.7021     100.00   27.00060  -79.93144   -0.00001    0.00079          8  0.000e+00
      39055   1627.250     45.410     45.715    28.7411    28.7433   5.854245   5.855731     3.1697     2.7021     100.00   27.00060  -79.93144   -0.00005    0.00068          8  0.000e+00
      39056   1627.292     45.410     45.715    28.7413    28.7427   5.854364   5.855603     3.1697     2.7021     100.00   27.00060  -79.93144   -0.00009    0.00057          8  0.000e+00
      39057   1627.333     45.417     45.723    28.7412    28.7425   5.854364   5.855571     3.1697     2.7021     100.00   27.00060  -79.93144   -0.00013    0.00046          8  0.000e+00
      39058   1627.375     45.463     45.769    28.7413    28.7427   5.854388   5.855522     3.1697     2.7009     100.00   27.00060  -79.93144   -0.00017    0.00035          8  0.000e+00
      39059   1627.417     45.410     45.715    28.7415    28.7425   5.854364   5.855555     3.1697     2.7009     100.00   27.00060  -79.93144   -0.00021    0.00024          8  0.000e+00
      39060   1627.458     45.478     45.784    28.7415    28.7433   5.854356   5.855635     3.1697     2.7009     100.00   27.00060  -79.93144   -0.00025    0.00011          8  0.000e+00
      39061   1627.500     45.410     45.715    28.7419    28.7429   5.854388   5.855627     3.1697     2.6996     100.00   27.00060  -79.93144   -0.00027   -0.00003          8  0.000e+00
      39062   1627.542     45.410     45.715    28.7421    28.7414   5.854404   5.855547     3.1697     2.6996     100.00   27.00060  -79.93144   -0.00030   -0.00018          8  0.000e+00
      39063   1627.583     45.478     45.784    28.7424    28.7407   5.854332   5.855514     3.1697     2.6984     100.00   27.00060  -79.93144   -0.00032   -0.00034          8  0.000e+00
      39064   1627.625     45.410     45.715    28.7426    28.7405   5.854166   5.855514     3.1697     2.6984     100.00   27.00060  -79.93144   -0.00034   -0.00048          8  0.000e+00
      39065   1627.667     45.463     45.769    28.7430    28.7407   5.854047   5.855619     3.1697     2.6984     100.00   27.00060  -79.93144   -0.00037   -0.00064          8  0.000e+00
      39066   1627.708     45.463     45.769    28.7432    28.7409   5.853944   5.855627     3.1697     2.6984     100.00   27.00060  -79.93144   -0.00041   -0.00080          8  0.000e+00
      39067   1627.750     45.417     45.723    28.7428    28.7393   5.853960   5.855539     3.1697     2.6972     100.00   27.00060  -79.93144   -0.00043   -0.00097          8  0.000e+00
      39068   1627.792     45.410     45.715    28.7431    28.7385   5.853928   5.855514     3.1697     2.6972     100.00   27.00062  -79.93144   -0.00046   -0.00115          8  0.000e+00
      39069   1627.833     45.463     45.769    28.7430    28.7396   5.853881   5.855523     3.1697     2.6972     100.00   27.00062  -79.93144   -0.00048   -0.00130          8  0.000e+00
      39070   1627.875     45.478     45.784    28.7431    28.7409   5.853905   5.855587     3.1697     2.6972     100.00   27.00062  -79.93144   -0.00050   -0.00146          8  0.000e+00
      39071   1627.917     45.463     45.769    28.7426    28.7418   5.853881   5.855611     3.1697     2.6972     100.00   27.00062  -79.93144   -0.00053   -0.00161          8  0.000e+00
      39072   1627.958     45.410     45.715    28.7428    28.7414   5.853905   5.855571     3.1697     2.6972     100.00   27.00062  -79.93144   -0.00055   -0.00176          8  0.000e+00
      39073   1628.000     45.463     45.769    28.7430    28.7403   5.853849   5.855490     3.1709     2.6984     100.00   27.00062  -79.93144   -0.00056   -0.00190          8  0.000e+00
      39074   1628.042     45.478     45.784    28.7431    28.7396   5.853857   5.855498     3.1709     2.6972     100.00   27.00062  -79.93144   -0.00056   -0.00203          8  0.000e+00
      39075   1628.083     45.463     45.769    28.7428    28.7401   5.853833   5.855627     3.1722     2.6984     100.00   27.00062  -79.93144   -0.00055   -0.00214          8  0.000e+00
      39076   1628.125     45.463     45.769    28.7428    28.7407   5.853857   5.855667     3.1709     2.6972     100.00   27.00062  -79.93144   -0.00054   -0.00227          8  0.000e+00
      39077   1628.167     45.417     45.723    28.7426    28.7412   5.853984   5.855659     3.1722     2.6984     100.00   27.00062  -79.93144   -0.00052   -0.00236          8  0.000e+00
      39078   1628.208     45.463     45.769    28.7424    28.7414   5.853984   5.855627     3.1722     2.6984     100.00   27.00062  -79.93144   -0.00049   -0.00245          8  0.000e+00
      39079   1628.250     45.463     45.769    28.7426    28.7412   5.854047   5.855571     3.1722     2.6972     100.00   27.00062  -79.93144   -0.00046   -0.00255          8  0.000e+00
      39080   1628.292     45.410     45.715    28.7423    28.7410   5.854103   5.855603     3.1709     2.6984     100.00   27.00062  -79.93144   -0.00044   -0.00264          8  0.000e+00
      39081   1628.333     45.531     45.837    28.7419    28.7405   5.854150   5.855539     3.1709     2.6984     100.00   27.00062  -79.93144   -0.00041   -0.00272          8  0.000e+00
      39082   1628.375     45.463     45.769    28.7419    28.7403   5.854126   5.855555     3.1709     2.6984     100.00   27.00062  -79.93144   -0.00038   -0.00281          8  0.000e+00
      39083   1628.417     45.410     45.715    28.7415    28.7399   5.854190   5.855531     3.1709     2.6984     100.00   27.00062  -79.93144   -0.00036   -0.00287          8  0.000e+00
      39084   1628.458     45.478     45.784    28.7417    28.7394   5.854214   5.855514     3.1709     2.6984     100.00   27.00062  -79.93144   -0.00033   -0.00293          8  0.000e+00
      39085   1628.500     45.463     45.769    28.7417    28.7393   5.854245   5.855555     3.1709     2.6984     100.00   27.00062  -79.93144   -0.00030   -0.00299          8  0.000e+00
      39086   1628.542     45.410     45.716    28.7417    28.7398   5.854222   5.855522     3.1709     2.6984     100.00   27.00062  -79.93144   -0.00027   -0.00304          8  0.000e+00
      39087   1628.583     45.478     45.784    28.7417    28.7405   5.854214   5.855587     3.1709     2.6996     100.00   27.00062  -79.93144   -0.00024   -0.00308          8  0.000e+00
      39088   1628.625     45.463     45.769    28.7419    28.7409   5.854245   5.855474     3.1709     2.6996     100.00   27.00062  -79.93144   -0.00021   -0.00311          8  0.000e+00
      39089   1628.667     45.463     45.769    28.7417    28.7410   5.854364   5.855522     3.1697     2.7009     100.00   27.00062  -79.93144   -0.00020   -0.00311          8  0.000e+00
      39090   1628.708     45.463     45.769    28.7419    28.7416   5.854404   5.855458     3.1697     2.7009     100.00   27.00062  -79.93144   -0.00019   -0.00311          8  0.000e+00
      39091   1628.750     45.417     45.723    28.7417    28.7416   5.854435   5.855450     3.1697     2.7009     100.00   27.00062  -79.93144   -0.00017   -0.00309          8  0.000e+00
      39092   1628.792     45.463     45.769    28.7415    28.7412   5.854451   5.855466     3.1697     2.7021     100.00   27.00062  -79.93144   -0.00016   -0.00304          8  0.000e+00
      39093   1628.833     45.410     45.716    28.7415    28.7419   5.854380   5.855539     3.1697     2.7033     100.00   27.00062  -79.93144   -0.00014   -0.00298          8  0.000e+00
      39094   1628.875     45.478     45.784    28.7415    28.7420   5.854428   5.855563     3.1709     2.7033     100.00   27.00062  -79.93144   -0.00011   -0.00290          8  0.000e+00
      39095   1628.917     45.463     45.769    28.7415    28.7419   5.854451   5.855571     3.1709     2.7033     100.00   27.00062  -79.93144   -0.00009   -0.00282          8  0.000e+00
