GOMECC/GOMECC-4/1db/rb2103_0101.ros
* Sea-Bird SBE 9 Data File:
* FileName = C:\Users\scs.user.rb\CTD\GOMECC4\data\rb2103_0101.hex
* Software Version Seasave V 7.26.7.107
* Temperature SN = 4799
* Conductivity SN = 3860
* Number of Bytes Per Scan = 41
* Number of Voltage Words = 4
* Number of Scans Averaged by the Deck Unit = 1
* NMEA Latitude = 26 13.28 N
* NMEA Longitude = 085 39.93 W
* NMEA UTC (Time) = Sep 17 2021  22:10:49
* NMEA baud rate = 4800
# nquan = 17
# nvalues = 3192                                  
# units = specified
# name 0 = scan: Scan Count
# name 1 = timeS: Time, Elapsed [seconds]
# name 2 = depSM: Depth [salt water, m]
# name 3 = prDM: Pressure, Digiquartz [db]
# name 4 = t090C: Temperature [ITS-90, deg C]
# name 5 = t190C: Temperature, 2 [ITS-90, deg C]
# name 6 = c0S/m: Conductivity [S/m]
# name 7 = c1S/m: Conductivity, 2 [S/m]
# name 8 = sbeox0V: Oxygen raw, SBE 43 [V]
# name 9 = sbeox1V: Oxygen raw, SBE 43, 2 [V]
# name 10 = altM: Altimeter [m]
# name 11 = latitude: Latitude [deg]
# name 12 = longitude: Longitude [deg]
# name 13 = sbox0dV/dT: Oxygen, SBE 43 [dov/dt]
# name 14 = sbox1dV/dT: Oxygen, SBE 43, 2 [dov/dt]
# name 15 = nbf: Bottles Fired
# name 16 = flag:  0.000e+00
# interval = seconds: 0.0416667
# start_time = Sep 17 2021 22:10:49 [NMEA time, header]
# bad_flag = -9.990e-29
*END*
[from data line 86]
     104910   4371.208   3241.582   3288.261     4.3950     4.3961   3.424693   3.424668     1.7082     1.4042       9.82   26.22166  -85.66572   -0.00005   -0.00023          1  0.000e+00
     104911   4371.250   3241.582   3288.261     4.3950     4.3960   3.424706   3.424662     1.7070     1.4054       9.82   26.22166  -85.66572   -0.00006   -0.00022          1  0.000e+00
     104912   4371.292   3241.527   3288.205     4.3950     4.3961   3.424719   3.424642     1.7094     1.4042       9.82   26.22166  -85.66572   -0.00005   -0.00024          1  0.000e+00
     104913   4371.333   3241.519   3288.197     4.3950     4.3961   3.424712   3.424655     1.7082     1.4042       9.84   26.22166  -85.66572   -0.00005   -0.00023          1  0.000e+00
     104914   4371.375   3241.519   3288.197     4.3950     4.3961   3.424712   3.424662     1.7082     1.4042      10.04   26.22166  -85.66572   -0.00005   -0.00023          1  0.000e+00
     104915   4371.417   3241.527   3288.205     4.3951     4.3960   3.424719   3.424662     1.7082     1.4042      10.18   26.22166  -85.66572   -0.00005   -0.00022          1  0.000e+00
     104916   4371.458   3241.519   3288.197     4.3950     4.3960   3.424712   3.424610     1.7094     1.4054      10.21   26.22166  -85.66572   -0.00003   -0.00020          1  0.000e+00
     104917   4371.500   3241.456   3288.133     4.3949     4.3960   3.424718   3.424617     1.7094     1.4054      10.21   26.22166  -85.66572   -0.00001   -0.00018          1  0.000e+00
     104918   4371.542   3241.519   3288.197     4.3948     4.3959   3.424738   3.424630     1.7094     1.4042      10.18   26.22166  -85.66572    0.00000   -0.00017          1  0.000e+00
     104919   4371.583   3241.464   3288.141     4.3950     4.3960   3.424699   3.424629     1.7082     1.4042      10.21   26.22166  -85.66572    0.00000   -0.00017          1  0.000e+00
     104920   4371.625   3241.394   3288.069     4.3950     4.3961   3.424687   3.424629     1.7082     1.4054      10.18   26.22166  -85.66572    0.00000   -0.00015          1  0.000e+00
     104921   4371.667   3241.457   3288.133     4.3951     4.3960   3.424706   3.424610     1.7082     1.4042      10.21   26.22166  -85.66572    0.00000   -0.00014          1  0.000e+00
     104922   4371.708   3241.465   3288.141     4.3950     4.3960   3.424712   3.424597     1.7082     1.4042      10.18   26.22166  -85.66572 1.7584e-07   -0.00013          1  0.000e+00
     104923   4371.750   3241.457   3288.133     4.3948     4.3961   3.424744   3.424617     1.7082     1.4042      10.18   26.22166  -85.66572 -8.792e-07   -0.00013          1  0.000e+00
     104924   4371.792   3241.394   3288.069     4.3948     4.3958   3.424699   3.424629     1.7094     1.4054      10.18   26.22166  -85.66572    0.00002   -0.00012          1  0.000e+00
     104925   4371.833   3241.410   3288.085     4.3950     4.3958   3.424687   3.424649     1.7082     1.4054      10.18   26.22166  -85.66572   -0.00000   -0.00011          1  0.000e+00
     104926   4371.875   3241.457   3288.133     4.3948     4.3958   3.424687   3.424636     1.7082     1.4054      10.18   26.22166  -85.66572   -0.00001   -0.00011          1  0.000e+00
     104927   4371.917   3241.394   3288.069     4.3948     4.3957   3.424687   3.424584     1.7082     1.4042      10.18   26.22166  -85.66572   -0.00001   -0.00010          1  0.000e+00
     104928   4371.958   3241.410   3288.085     4.3948     4.3955   3.424687   3.424591     1.7082     1.4042      10.18   26.22166  -85.66572   -0.00001   -0.00010          1  0.000e+00
     104929   4372.000   3241.394   3288.069     4.3948     4.3957   3.424687   3.424578     1.7082     1.4042      10.18   26.22166  -85.66572   -0.00001   -0.00009          1  0.000e+00
     104930   4372.042   3241.457   3288.133     4.3948     4.3955   3.424687   3.424571     1.7082     1.4042      10.18   26.22166  -85.66572   -0.00003   -0.00008          1  0.000e+00
     104931   4372.083   3241.410   3288.085     4.3948     4.3952   3.424725   3.424571     1.7082     1.4042      10.18   26.22166  -85.66572   -0.00003   -0.00008          1  0.000e+00
     104932   4372.125   3241.394   3288.069     4.3946     4.3953   3.424706   3.424591     1.7082     1.4042      10.18   26.22166  -85.66572   -0.00003   -0.00009          1  0.000e+00
     104933   4372.167   3241.394   3288.069     4.3951     4.3955   3.424706   3.424578     1.7082     1.4054      10.18   26.22166  -85.66572   -0.00004   -0.00008          1  0.000e+00
     104934   4372.208   3241.394   3288.069     4.3947     4.3953   3.424693   3.424591     1.7082     1.4054      10.18   26.22166  -85.66572   -0.00004   -0.00007          1  0.000e+00
     104935   4372.250   3241.410   3288.085     4.3948     4.3955   3.424687   3.424552     1.7082     1.4042      10.18   26.22166  -85.66572   -0.00004   -0.00008          1  0.000e+00
     104936   4372.292   3241.394   3288.069     4.3946     4.3953   3.424687   3.424578     1.7082     1.4042      10.18   26.22166  -85.66572   -0.00004   -0.00008          1  0.000e+00
     104937   4372.333   3241.457   3288.134     4.3948     4.3951   3.424706   3.424578     1.7082     1.4054      10.18   26.22166  -85.66572   -0.00003   -0.00005          1  0.000e+00
     104938   4372.375   3241.410   3288.086     4.3948     4.3953   3.424693   3.424571     1.7082     1.4054      10.31   26.22166  -85.66572   -0.00001   -0.00003          1  0.000e+00
     104939   4372.417   3241.395   3288.070     4.3948     4.3953   3.424706   3.424571     1.7082     1.4042      10.38   26.22166  -85.66572    0.00001   -0.00002          1  0.000e+00
     104940   4372.458   3241.458   3288.134     4.3948     4.3952   3.424693   3.424520     1.7082     1.4042      10.40   26.22166  -85.66572    0.00000   -0.00001          1  0.000e+00
     104941   4372.500   3241.410   3288.086     4.3946     4.3952   3.424712   3.424597     1.7082     1.4054      10.38   26.22166  -85.66572    0.00000    0.00001          1  0.000e+00
     104942   4372.542   3241.395   3288.070     4.3946     4.3952   3.424712   3.424559     1.7082     1.4042      10.38   26.22166  -85.66572    0.00000    0.00002          1  0.000e+00
     104943   4372.583   3241.458   3288.134     4.3946     4.3953   3.424674   3.424559     1.7082     1.4042      10.38   26.22166  -85.66572    0.00002    0.00001          1  0.000e+00
     104944   4372.625   3241.466   3288.142     4.3946     4.3955   3.424680   3.424571     1.7082     1.4054      10.38   26.22166  -85.66572    0.00004    0.00004          1  0.000e+00
     104945   4372.667   3241.458   3288.134     4.3946     4.3952   3.424706   3.424597     1.7082     1.4054      10.38   26.22166  -85.66572    0.00004    0.00005          1  0.000e+00
     104946   4372.708   3241.458   3288.134     4.3946     4.3955   3.424693   3.424578     1.7082     1.4042      10.38   26.22166  -85.66572    0.00005    0.00004          1  0.000e+00
     104947   4372.750   3241.466   3288.142     4.3950     4.3957   3.424706   3.424591     1.7082     1.4054      10.38   26.22166  -85.66572    0.00005    0.00004          1  0.000e+00
     104948   4372.792   3241.458   3288.134     4.3945     4.3955   3.424668   3.424597     1.7082     1.4042      10.38   26.22166  -85.66574    0.00005    0.00003          1  0.000e+00
     104949   4372.833   3241.521   3288.199     4.3948     4.3955   3.424680   3.424597     1.7082     1.4042      10.38   26.22166  -85.66574    0.00005    0.00002          1  0.000e+00
     104950   4372.875   3241.458   3288.134     4.3945     4.3958   3.424687   3.424617     1.7094     1.4042      10.38   26.22166  -85.66574    0.00007    0.00001          1  0.000e+00
     104951   4372.917   3241.529   3288.207     4.3945     4.3958   3.424706   3.424649     1.7094     1.4054      10.38   26.22166  -85.66574    0.00009    0.00004          1  0.000e+00
     104952   4372.958   3241.521   3288.199     4.3947     4.3958   3.424693   3.424636     1.7094     1.4054      10.38   26.22166  -85.66574    0.00010    0.00006          1  0.000e+00
     104953   4373.000   3241.521   3288.199     4.3945     4.3958   3.424687   3.424610     1.7094     1.4054      10.38   26.22166  -85.66574    0.00010    0.00007          1  0.000e+00
     104954   4373.042   3241.592   3288.271     4.3945     4.3958   3.424706   3.424649     1.7082     1.4042      10.38   26.22166  -85.66574    0.00010    0.00008          1  0.000e+00
     104955   4373.083   3241.521   3288.199     4.3948     4.3958   3.424693   3.424636     1.7082     1.4042      10.38   26.22166  -85.66574    0.00010    0.00008          1  0.000e+00
     104956   4373.125   3241.584   3288.263     4.3945     4.3959   3.424661   3.424584     1.7094     1.4042      10.38   26.22166  -85.66574    0.00011    0.00009          1  0.000e+00
     111680   4653.292   3057.241   3099.924     4.3731     4.3738   3.415656   3.415597     1.7204     1.4164     100.00   26.22166  -85.66572    0.00006   -0.00005          2  0.000e+00
     111681   4653.333   3057.421   3100.108     4.3729     4.3736   3.415656   3.415585     1.7204     1.4164     100.00   26.22166  -85.66572    0.00005   -0.00005          2  0.000e+00
     111682   4653.375   3057.602   3100.293     4.3726     4.3738   3.415681   3.415604     1.7204     1.4164      94.90   26.22166  -85.66572    0.00004   -0.00004          2  0.000e+00
     111683   4653.417   3057.304   3099.988     4.3729     4.3739   3.415694   3.415617     1.7204     1.4164      88.11   26.22166  -85.66572    0.00003   -0.00002          2  0.000e+00
     111684   4653.458   3057.304   3099.988     4.3729     4.3738   3.415668   3.415572     1.7204     1.4164      86.35   26.22166  -85.66572    0.00002   -0.00002          2  0.000e+00
     111685   4653.500   3057.359   3100.044     4.3726     4.3740   3.415681   3.415597     1.7204     1.4164      86.59   26.22166  -85.66572    0.00001   -0.00002          2  0.000e+00
     111686   4653.542   3057.304   3099.988     4.3728     4.3740   3.415694   3.415617     1.7204     1.4164      86.94   26.22166  -85.66572    0.00001   -0.00002          2  0.000e+00
     111687   4653.583   3057.304   3099.988     4.3729     4.3738   3.415668   3.415617     1.7204     1.4164      87.01   26.22166  -85.66572   -0.00000   -0.00002          2  0.000e+00
     111688   4653.625   3057.304   3099.988     4.3729     4.3740   3.415707   3.415591     1.7204     1.4164      86.98   26.22166  -85.66572   -0.00001   -0.00002          2  0.000e+00
     111689   4653.667   3057.304   3099.988     4.3728     4.3740   3.415687   3.415630     1.7216     1.4164      86.98   26.22166  -85.66572   -0.00000   -0.00003          2  0.000e+00
     111690   4653.708   3057.304   3099.988     4.3731     4.3738   3.415687   3.415623     1.7216     1.4164      86.98   26.22166  -85.66572    0.00000   -0.00003          2  0.000e+00
     111691   4653.750   3057.249   3099.932     4.3731     4.3742   3.415694   3.415591     1.7204     1.4164      86.98   26.22166  -85.66572   -0.00000   -0.00003          2  0.000e+00
     111692   4653.792   3057.241   3099.924     4.3731     4.3741   3.415713   3.415630     1.7216     1.4164      86.98   26.22166  -85.66572    0.00000   -0.00003          2  0.000e+00
     111693   4653.833   3057.242   3099.924     4.3729     4.3743   3.415700   3.415623     1.7204     1.4164      86.98   26.22166  -85.66572   -0.00001   -0.00003          2  0.000e+00
     111694   4653.875   3057.242   3099.924     4.3731     4.3741   3.415668   3.415662     1.7216     1.4164      86.98   26.22166  -85.66572 8.7920e-07   -0.00003          2  0.000e+00
     111695   4653.917   3057.242   3099.925     4.3732     4.3743   3.415681   3.415630     1.7216     1.4164      86.98   26.22166  -85.66572    0.00003   -0.00001          2  0.000e+00
     111696   4653.958   3057.179   3099.860     4.3731     4.3741   3.415694   3.415636     1.7216     1.4164      86.98   26.22166  -85.66572    0.00005   -0.00001          2  0.000e+00
     111697   4654.000   3057.242   3099.925     4.3731     4.3743   3.415700   3.415578     1.7204     1.4164      86.98   26.22166  -85.66572    0.00004   -0.00001          2  0.000e+00
     111698   4654.042   3057.187   3099.869     4.3729     4.3741   3.415668   3.415623     1.7216     1.4164      86.98   26.22166  -85.66572    0.00005   -0.00001          2  0.000e+00
     111699   4654.083   3057.179   3099.861     4.3731     4.3740   3.415681   3.415623     1.7204     1.4164      86.98   26.22166  -85.66572    0.00006   -0.00001          2  0.000e+00
     111700   4654.125   3057.179   3099.861     4.3732     4.3743   3.415668   3.415662     1.7204     1.4164      86.98   26.22166  -85.66572    0.00004   -0.00001          2  0.000e+00
     111701   4654.167   3057.179   3099.861     4.3731     4.3740   3.415681   3.415630     1.7216     1.4176      86.98   26.22166  -85.66572    0.00005    0.00000          2  0.000e+00
     111702   4654.208   3057.179   3099.861     4.3731     4.3743   3.415668   3.415636     1.7204     1.4164      86.98   26.22166  -85.66572    0.00006    0.00000          2  0.000e+00
     111703   4654.250   3057.116   3099.797     4.3731     4.3743   3.415681   3.415649     1.7216     1.4164      86.98   26.22166  -85.66572    0.00008    0.00000          2  0.000e+00
     111704   4654.292   3057.179   3099.861     4.3732     4.3741   3.415713   3.415623     1.7204     1.4164      86.98   26.22166  -85.66572    0.00007    0.00000          2  0.000e+00
     111705   4654.333   3057.117   3099.797     4.3731     4.3741   3.415675   3.415617     1.7204     1.4164      86.98   26.22166  -85.66572    0.00006 3.5169e-07          2  0.000e+00
     111706   4654.375   3057.187   3099.869     4.3731     4.3741   3.415694   3.415617     1.7204     1.4164      93.38   26.22166  -85.66572    0.00005 -3.517e-07          2  0.000e+00
     111707   4654.417   3057.062   3099.741     4.3731     4.3741   3.415719   3.415617     1.7216     1.4164      99.41   26.22166  -85.66572    0.00006   -0.00000          2  0.000e+00
     111708   4654.458   3057.179   3099.861     4.3732     4.3742   3.415700   3.415617     1.7204     1.4164     100.00   26.22166  -85.66572    0.00007   -0.00000          2  0.000e+00
     111709   4654.500   3057.062   3099.741     4.3731     4.3741   3.415668   3.415636     1.7204     1.4164     100.00   26.22166  -85.66572    0.00006   -0.00000          2  0.000e+00
     111710   4654.542   3057.117   3099.797     4.3731     4.3741   3.415681   3.415623     1.7204     1.4164     100.00   26.22166  -85.66572    0.00005   -0.00000          2  0.000e+00
     111711   4654.583   3057.117   3099.797     4.3732     4.3741   3.415668   3.415591     1.7204     1.4164     100.00   26.22166  -85.66572    0.00004    0.00001          2  0.000e+00
     111712   4654.625   3057.117   3099.797     4.3729     4.3741   3.415681   3.415604     1.7204     1.4164     100.00   26.22166  -85.66572    0.00003    0.00001          2  0.000e+00
     111713   4654.667   3057.125   3099.805     4.3731     4.3740   3.415694   3.415591     1.7204     1.4164     100.00   26.22166  -85.66572    0.00002    0.00001          2  0.000e+00
     111714   4654.708   3057.062   3099.741     4.3729     4.3740   3.415681   3.415584     1.7204     1.4164     100.00   26.22166  -85.66572    0.00002    0.00001          2  0.000e+00
     111715   4654.750   3057.117   3099.797     4.3732     4.3740   3.415687   3.415630     1.7204     1.4164     100.00   26.22166  -85.66572    0.00001    0.00001          2  0.000e+00
     111716   4654.792   3057.062   3099.741     4.3729     4.3740   3.415694   3.415597     1.7204     1.4164     100.00   26.22166  -85.66572    0.00000    0.00001          2  0.000e+00
