GOMECC/GOMECC-4/1db/rb2103_0911.ros
* Sea-Bird SBE 9 Data File:
* FileName = C:\Users\scs.user.rb\CTD\GOMECC4\data\rb2103_0911.hex
* Software Version Seasave V 7.26.7.107
* Temperature SN = 4799
* Conductivity SN = 3860
* Number of Bytes Per Scan = 41
* Number of Voltage Words = 4
* Number of Scans Averaged by the Deck Unit = 1
* NMEA Latitude = 21 44.01 N
* NMEA Longitude = 092 19.10 W
* NMEA UTC (Time) = Oct 10 2021  02:10:50
* NMEA baud rate = 4800
# nquan = 17
# nvalues = 1862                                  
# units = specified
# name 0 = scan: Scan Count
# name 1 = timeS: Time, Elapsed [seconds]
# name 2 = depSM: Depth [salt water, m]
# name 3 = prDM: Pressure, Digiquartz [db]
# name 4 = t090C: Temperature [ITS-90, deg C]
# name 5 = t190C: Temperature, 2 [ITS-90, deg C]
# name 6 = c0S/m: Conductivity [S/m]
# name 7 = c1S/m: Conductivity, 2 [S/m]
# name 8 = sbeox0V: Oxygen raw, SBE 43 [V]
# name 9 = sbeox1V: Oxygen raw, SBE 43, 2 [V]
# name 10 = altM: Altimeter [m]
# name 11 = latitude: Latitude [deg]
# name 12 = longitude: Longitude [deg]
# name 13 = sbox0dV/dT: Oxygen, SBE 43 [dov/dt]
# name 14 = sbox1dV/dT: Oxygen, SBE 43, 2 [dov/dt]
# name 15 = nbf: Bottles Fired
# name 16 = flag:  0.000e+00
# interval = seconds: 0.0416667
# start_time = Oct 10 2021 02:10:50 [NMEA time, header]
# bad_flag = -9.990e-29
*END*
[from data line 1788]
      53408   2225.292      4.055      4.080    29.7627    29.7609   6.038375   6.038435     3.1624     2.6716     100.00   21.73496  -92.32032   -0.00097   -0.00114         14  0.000e+00
      53409   2225.333      4.048      4.073    29.7623    29.7618   6.038342   6.038540     3.1636     2.6716     100.00   21.73496  -92.32032   -0.00092   -0.00119         14  0.000e+00
      53410   2225.375      4.007      4.032    29.7622    29.7631   6.038302   6.038573     3.1648     2.6716     100.00   21.73496  -92.32032   -0.00084   -0.00123         14  0.000e+00
      53411   2225.417      4.055      4.080    29.7625    29.7644   6.038351   6.038646     3.1636     2.6716     100.00   21.73496  -92.32032   -0.00077   -0.00128         14  0.000e+00
      53412   2225.458      4.055      4.080    29.7629    29.7638   6.038383   6.038581     3.1636     2.6716     100.00   21.73496  -92.32032   -0.00070   -0.00132         14  0.000e+00
      53413   2225.500      4.055      4.080    29.7627    29.7631   6.038342   6.038606     3.1636     2.6703     100.00   21.73496  -92.32032   -0.00064   -0.00139         14  0.000e+00
      53414   2225.542      4.007      4.032    29.7623    29.7624   6.038334   6.038581     3.1636     2.6703     100.00   21.73496  -92.32032   -0.00057   -0.00145         14  0.000e+00
      53415   2225.583      4.055      4.080    29.7625    29.7625   6.038294   6.038532     3.1636     2.6703     100.00   21.73496  -92.32032   -0.00050   -0.00149         14  0.000e+00
      53416   2225.625      4.055      4.080    29.7627    29.7620   6.038326   6.038475     3.1636     2.6703      98.27   21.73496  -92.32032   -0.00043   -0.00153         14  0.000e+00
      53417   2225.667      4.007      4.033    29.7629    29.7604   6.038367   6.038361     3.1636     2.6691      87.08   21.73496  -92.32032   -0.00037   -0.00159         14  0.000e+00
      53418   2225.708      4.055      4.080    29.7629    29.7588   6.038423   6.038134     3.1636     2.6691      82.05   21.73496  -92.32032   -0.00032   -0.00166         14  0.000e+00
      53419   2225.750      4.055      4.080    29.7625    29.7579   6.038391   6.038003     3.1636     2.6691      81.76   21.73496  -92.32032   -0.00025   -0.00171         14  0.000e+00
      53420   2225.792      4.055      4.080    29.7631    29.7574   6.038383   6.037971     3.1636     2.6691      82.27   21.73496  -92.32032   -0.00018   -0.00176         14  0.000e+00
      53421   2225.833      4.055      4.080    29.7634    29.7577   6.038487   6.038012     3.1624     2.6691      82.47   21.73496  -92.32032   -0.00015   -0.00182         14  0.000e+00
      53422   2225.875      4.055      4.080    29.7633    29.7588   6.038527   6.038174     3.1624     2.6679      82.47   21.73496  -92.32032   -0.00010   -0.00188         14  0.000e+00
      53423   2225.917      4.008      4.033    29.7642    29.7594   6.038599   6.038264     3.1624     2.6679      82.44   21.73496  -92.32032   -0.00005   -0.00194         14  0.000e+00
      53424   2225.958      4.102      4.128    29.7640    29.7592   6.038599   6.038264     3.1624     2.6679      82.44   21.73496  -92.32032 7.0336e-07   -0.00201         14  0.000e+00
      53425   2226.000      4.055      4.080    29.7633    29.7588   6.038503   6.038166     3.1624     2.6679      82.44   21.73496  -92.32032    0.00005   -0.00207         14  0.000e+00
      53426   2226.042      4.055      4.080    29.7646    29.7579   6.038519   6.038052     3.1612     2.6679      82.44   21.73496  -92.32032    0.00009   -0.00211         14  0.000e+00
      53427   2226.083      4.008      4.033    29.7660    29.7576   6.038631   6.038060     3.1612     2.6679      82.44   21.73496  -92.32032    0.00012   -0.00214         14  0.000e+00
      53428   2226.125      4.102      4.128    29.7675    29.7583   6.038648   6.038028     3.1612     2.6679      82.44   21.73496  -92.32032    0.00015   -0.00218         14  0.000e+00
      53429   2226.167      4.008      4.033    29.7668    29.7566   6.038696   6.037987     3.1612     2.6679      82.44   21.73496  -92.32032    0.00019   -0.00221         14  0.000e+00
      53430   2226.208      4.103      4.128    29.7649    29.7561   6.038623   6.037938     3.1612     2.6679      82.44   21.73496  -92.32032    0.00023   -0.00224         14  0.000e+00
      53431   2226.250      4.055      4.081    29.7640    29.7563   6.038615   6.037889     3.1600     2.6691      82.44   21.73496  -92.32032    0.00025   -0.00225         14  0.000e+00
      53432   2226.292      4.055      4.081    29.7636    29.7563   6.038599   6.037906     3.1612     2.6691      82.44   21.73496  -92.32032    0.00029   -0.00224         14  0.000e+00
      53433   2226.333      4.103      4.128    29.7633    29.7564   6.038503   6.037922     3.1600     2.6691      82.44   21.73496  -92.32032    0.00031   -0.00221         14  0.000e+00
      53434   2226.375      4.055      4.081    29.7629    29.7563   6.038479   6.037857     3.1600     2.6691      82.44   21.73496  -92.32032    0.00033   -0.00219         14  0.000e+00
      53435   2226.417      4.055      4.081    29.7625    29.7559   6.038399   6.037759     3.1600     2.6691      82.44   21.73496  -92.32032    0.00035   -0.00218         14  0.000e+00
      53436   2226.458      4.055      4.081    29.7614    29.7540   6.038126   6.037653     3.1600     2.6691      82.44   21.73496  -92.32032    0.00038   -0.00214         14  0.000e+00
      53437   2226.500      4.103      4.128    29.7561    29.7542   6.037813   6.037629     3.1600     2.6679      82.44   21.73496  -92.32032    0.00040   -0.00211         14  0.000e+00
      53438   2226.542      4.055      4.081    29.7553    29.7547   6.037740   6.037637     3.1587     2.6679      82.44   21.73496  -92.32032    0.00041   -0.00209         14  0.000e+00
      53439   2226.583      4.049      4.074    29.7577    29.7551   6.037885   6.037670     3.1587     2.6691      82.42   21.73496  -92.32032    0.00044   -0.00204         14  0.000e+00
      53440   2226.625      4.103      4.128    29.7574    29.7553   6.037861   6.037678     3.1587     2.6691      86.57   21.73496  -92.32032    0.00046   -0.00199         14  0.000e+00
      53441   2226.667      4.055      4.081    29.7559    29.7546   6.037869   6.037605     3.1587     2.6691      97.17   21.73496  -92.32032    0.00049   -0.00194         14  0.000e+00
      53442   2226.708      4.055      4.081    29.7555    29.7537   6.037965   6.037588     3.1587     2.6691     100.00   21.73496  -92.32032    0.00050   -0.00190         14  0.000e+00
      53443   2226.750      4.055      4.081    29.7581    29.7538   6.038094   6.037474     3.1575     2.6679     100.00   21.73496  -92.32032    0.00050   -0.00188         14  0.000e+00
      53444   2226.792      4.055      4.081    29.7607    29.7538   6.038174   6.037540     3.1575     2.6679     100.00   21.73496  -92.32032    0.00050   -0.00185         14  0.000e+00
      53445   2226.833      4.103      4.129    29.7611    29.7540   6.038142   6.037507     3.1575     2.6691     100.00   21.73496  -92.32032    0.00051   -0.00182         14  0.000e+00
      53446   2226.875      4.103      4.129    29.7609    29.7537   6.038062   6.037450     3.1575     2.6679     100.00   21.73496  -92.32032    0.00049   -0.00181         14  0.000e+00
      53447   2226.917      4.056      4.081    29.7649    29.7527   6.038142   6.037369     3.1575     2.6691     100.00   21.73496  -92.32032    0.00048   -0.00180         14  0.000e+00
      53448   2226.958      4.056      4.081    29.7647    29.7522   6.038150   6.037295     3.1587     2.6679     100.00   21.73496  -92.32032    0.00049   -0.00180         14  0.000e+00
      53449   2227.000      4.056      4.081    29.7625    29.7520   6.038166   6.037361     3.1575     2.6691     100.00   21.73496  -92.32032    0.00046   -0.00179         14  0.000e+00
      53450   2227.042      4.103      4.129    29.7613    29.7518   6.038150   6.037352     3.1575     2.6691     100.00   21.73496  -92.32032    0.00044   -0.00179         14  0.000e+00
      53451   2227.083      4.056      4.081    29.7610    29.7522   6.038166   6.037377     3.1587     2.6691     100.00   21.73496  -92.32032    0.00041   -0.00179         14  0.000e+00
      53452   2227.125      4.056      4.081    29.7631    29.7522   6.038302   6.037352     3.1587     2.6691     100.00   21.73496  -92.32032    0.00039   -0.00178         14  0.000e+00
      53453   2227.167      4.056      4.081    29.7644    29.7525   6.038399   6.037409     3.1587     2.6691     100.00   21.73496  -92.32032    0.00038   -0.00179         14  0.000e+00
      53454   2227.208      4.049      4.074    29.7644    29.7520   6.038359   6.037361     3.1587     2.6691     100.00   21.73496  -92.32032    0.00036   -0.00180         14  0.000e+00
      53455   2227.250      4.056      4.081    29.7629    29.7522   6.038294   6.037344     3.1587     2.6691     100.00   21.73496  -92.32032    0.00034   -0.00181         14  0.000e+00
      53456   2227.292      4.056      4.081    29.7600    29.7520   6.038254   6.037271     3.1587     2.6691     100.00   21.73496  -92.32032    0.00031   -0.00182         14  0.000e+00
      53457   2227.333      4.056      4.081    29.7618    29.7520   6.038302   6.037271     3.1587     2.6703     100.00   21.73496  -92.32032    0.00029   -0.00181         14  0.000e+00
      53458   2227.375      4.056      4.081    29.7620    29.7518   6.038302   6.037287     3.1587     2.6691     100.00   21.73496  -92.32032    0.00025   -0.00182         14  0.000e+00
      53459   2227.417      4.056      4.081    29.7587    29.7516   6.038246   6.037328     3.1600     2.6691     100.00   21.73496  -92.32032    0.00023   -0.00182         14  0.000e+00
      53460   2227.458      4.056      4.081    29.7581    29.7516   6.038126   6.037271     3.1600     2.6691     100.00   21.73496  -92.32032    0.00021   -0.00183         14  0.000e+00
      53461   2227.500      4.056      4.081    29.7577    29.7518   6.037973   6.037312     3.1600     2.6691     100.00   21.73496  -92.32032    0.00018   -0.00181         14  0.000e+00
      53462   2227.542      4.056      4.081    29.7572    29.7518   6.037861   6.037377     3.1600     2.6703     100.00   21.73496  -92.32032    0.00014   -0.00178         14  0.000e+00
      53463   2227.583      4.009      4.034    29.7542    29.7524   6.037652   6.037352     3.1600     2.6703     100.00   21.73496  -92.32032    0.00012   -0.00174         14  0.000e+00
      53464   2227.625      4.056      4.081    29.7516    29.7522   6.037371   6.037344     3.1612     2.6703     100.00   21.73496  -92.32032    0.00009   -0.00171         14  0.000e+00
      53465   2227.667      4.056      4.081    29.7510    29.7520   6.037259   6.037369     3.1612     2.6703     100.00   21.73496  -92.32032    0.00009   -0.00167         14  0.000e+00
      53466   2227.708      4.009      4.034    29.7511    29.7522   6.037251   6.037385     3.1612     2.6691     100.00   21.73496  -92.32032    0.00006   -0.00163         14  0.000e+00
      53467   2227.750      4.056      4.082    29.7505    29.7520   6.037211   6.037393     3.1624     2.6703     100.00   21.73496  -92.32032    0.00005   -0.00158         14  0.000e+00
      53468   2227.792      4.056      4.082    29.7502    29.7520   6.037122   6.037426     3.1624     2.6691     100.00   21.73496  -92.32032    0.00004   -0.00153         14  0.000e+00
      53469   2227.833      4.049      4.075    29.7492    29.7524   6.037058   6.037401     3.1624     2.6691     100.00   21.73496  -92.32032    0.00002   -0.00149         14  0.000e+00
      53470   2227.875      4.009      4.034    29.7498    29.7524   6.037090   6.037385     3.1624     2.6691     100.00   21.73496  -92.32032    0.00001   -0.00145         14  0.000e+00
      53471   2227.917      4.056      4.082    29.7513    29.7524   6.037130   6.037352     3.1624     2.6691     100.00   21.73496  -92.32032   -0.00001   -0.00138         14  0.000e+00
      53472   2227.958      4.056      4.082    29.7513    29.7524   6.037114   6.037377     3.1624     2.6691     100.00   21.73496  -92.32032   -0.00002   -0.00131         14  0.000e+00
      53473   2228.000      4.009      4.034    29.7509    29.7518   6.037098   6.037352     3.1636     2.6691     100.00   21.73496  -92.32032   -0.00002   -0.00125         14  0.000e+00
      53474   2228.042      4.056      4.082    29.7524    29.7520   6.037291   6.037336     3.1636     2.6691     100.00   21.73496  -92.32032   -0.00003   -0.00119         14  0.000e+00
      53475   2228.083      4.056      4.082    29.7592    29.7520   6.037644   6.037263     3.1636     2.6691     100.00   21.73496  -92.32032   -0.00003   -0.00116         14  0.000e+00
      53476   2228.125      4.009      4.034    29.7629    29.7520   6.037780   6.037320     3.1624     2.6691     100.00   21.73496  -92.32032   -0.00006   -0.00112         14  0.000e+00
      53477   2228.167      4.056      4.082    29.7594    29.7522   6.037564   6.037344     3.1624     2.6691     100.00   21.73496  -92.32032   -0.00006   -0.00108         14  0.000e+00
      53478   2228.208      4.056      4.082    29.7551    29.7524   6.037315   6.037336     3.1624     2.6703     100.00   21.73496  -92.32032   -0.00007   -0.00102         14  0.000e+00
      53479   2228.250      4.009      4.034    29.7531    29.7518   6.037170   6.037336     3.1624     2.6691     100.00   21.73496  -92.32032   -0.00008   -0.00098         14  0.000e+00
      53480   2228.292      4.056      4.082    29.7513    29.7522   6.037074   6.037304     3.1624     2.6691     100.00   21.73496  -92.32032   -0.00011   -0.00093         14  0.000e+00
      53481   2228.333      4.056      4.082    29.7500    29.7527   6.037010   6.037328     3.1624     2.6703     100.00   21.73496  -92.32032   -0.00012   -0.00087         14  0.000e+00
