GOMECC/GOMECC-4/1db/rb2103_1051.cnv
* Sea-Bird SBE 9 Data File:
* FileName = C:\Users\scs.user.rb\CTD\GOMECC4\data\rb2103_1051.hex
* Software Version Seasave V 7.26.7.107
* Temperature SN = 4799
* Conductivity SN = 3860
* Number of Bytes Per Scan = 41
* Number of Voltage Words = 4
* Number of Scans Averaged by the Deck Unit = 1
* NMEA Latitude = 25 29.58 N
* NMEA Longitude = 087 59.90 W
* NMEA UTC (Time) = Oct 13 2021  14:16:10
* NMEA baud rate = 4800
# nquan = 28
# nvalues = 759                         
# units = specified
# name 0 = scan: Scan Count
# name 1 = timeS: Time, Elapsed [seconds]
# name 2 = depSM: Depth [salt water, m]
# name 3 = prDM: Pressure, Digiquartz [db]
# name 4 = t090C: Temperature [ITS-90, deg C]
# name 5 = t190C: Temperature, 2 [ITS-90, deg C]
# name 6 = c0S/m: Conductivity [S/m]
# name 7 = c1S/m: Conductivity, 2 [S/m]
# name 8 = sbeox0V: Oxygen raw, SBE 43 [V]
# name 9 = sbeox1V: Oxygen raw, SBE 43, 2 [V]
# name 10 = altM: Altimeter [m]
# name 11 = latitude: Latitude [deg]
# name 12 = longitude: Longitude [deg]
# name 13 = sbox0dV/dT: Oxygen, SBE 43 [dov/dt]
# name 14 = sbox1dV/dT: Oxygen, SBE 43, 2 [dov/dt]
# name 15 = sbeox0ML/L: Oxygen, SBE 43 [ml/l], WS = 5
# name 16 = sbeox1ML/L: Oxygen, SBE 43, 2 [ml/l], WS = 5
# name 17 = potemp090C: Potential Temperature [ITS-90, deg C]
# name 18 = potemp190C: Potential Temperature, 2 [ITS-90, deg C]
# name 19 = sal00: Salinity, Practical [PSU]
# name 20 = sal11: Salinity, Practical, 2 [PSU]
# name 21 = sigma-é00: Density [sigma-theta, kg/m^3]
# name 22 = sigma-é11: Density, 2 [sigma-theta, kg/m^3]
# name 23 = avgsvCM: Average Sound Velocity [Chen-Millero, m/s], minP = 20, minS = 20
# name 24 = sbox0Mm/Kg: Oxygen, SBE 43 [umol/kg], WS = 5
# name 25 = sbox1Mm/Kg: Oxygen, SBE 43, 2 [umol/kg], WS = 5
# name 26 = nbin: number of scans per bin
# name 27 = flag: flag
# span 0 =       4404,     243664       
# span 1 =    183.454,  10152.610       
# span 2 =      0.994,   3274.761       
# span 3 =      1.000,   3322.000       
# span 4 =     4.2992,    29.7572       
# span 5 =     4.3002,    29.7496       
# span 6 =   3.351074,   6.021907       
# span 7 =   3.351050,   6.021133       
# span 8 =     1.6014,     3.1861       
# span 9 =     1.3005,     2.6973       
# span 10 =       9.74,     102.54      
# span 11 =   25.36716,   25.74571      
# span 12 =  -88.80901,  -87.50483      
# span 13 =   -0.00773,    0.01208      
# span 14 =   -0.00704,    0.01118      
# span 15 =     2.6074,     4.7310      
# span 16 =     2.6161,     4.7274      
# span 17 =     4.0790,    29.7560      
# span 18 =     4.0800,    29.7484      
# span 19 =    34.8923,    37.0093      
# span 20 =    34.8919,    37.0088      
# span 21 =    22.7485,    27.7616      
# span 22 =    22.7485,    27.7605      
# span 23 =       0.00,    1555.11      
# span 24 =    113.372,    205.578      
# span 25 =    113.751,    205.425      
# span 26 =         30,         71      
# span 27 = 0.0000e+00, 0.0000e+00      
# interval = decibars: 1                
# start_time = Oct 13 2021 14:16:10 [NMEA time, header]
# bad_flag = -9.990e-29
*END*
[from data line 518]
     175717   7321.490    907.083    915.000     6.5617     6.5632   3.519967   3.519973     1.6661     1.3603     100.00   25.50374  -87.99502   -0.00020   -0.00021     3.0950     3.1038     6.4747     6.4762    34.9015    34.9001    27.4128    27.4115    1506.97    134.536    134.916         31 0.0000e+00
     175801   7324.988    904.115    912.000     6.6044     6.6025   3.523737   3.523480     1.6660     1.3598      98.42   25.50406  -87.99612   -0.00002   -0.00011     3.0898     3.0974     6.5174     6.5155    34.9014    34.9005    27.4071    27.4066    1506.99    134.310    134.641         32 0.0000e+00
     175987   7332.760    897.191    905.000     6.6463     6.6470   3.527221   3.527171     1.6604     1.3537     100.00   25.50387  -87.99540   -0.00086   -0.00078     3.0654     3.0695     6.5597     6.5604    34.9008    34.8995    27.4009    27.3998    1506.98    133.250    133.426         30 0.0000e+00
     176115   7338.096    892.245    900.000     6.6641     6.6663   3.528505   3.528563     1.6580     1.3528     100.00   25.50315  -87.99292   -0.00041   -0.00004     3.0543     3.0628     6.5779     6.5801    34.8993    34.8977    27.3972    27.3957    1506.93    132.768    133.139         30 0.0000e+00
     176222   7342.559    888.288    896.000     6.6855     6.6874   3.530389   3.530441     1.6575     1.3522     100.00   25.50413  -87.99623   -0.00015   -0.00012     3.0493     3.0573     6.5996     6.6015    34.9004    34.8991    27.3953    27.3940    1506.99    132.552    132.901         31 0.0000e+00
     176770   7365.372    867.512    875.000     6.8509     6.8521   3.544492   3.544510     1.6517     1.3449     100.00   25.50365  -87.99447   -0.00073   -0.00104     3.0088     3.0103     6.7660     6.7673    34.8985    34.8975    27.3711    27.3702    1506.96    130.793    130.857         31 0.0000e+00
     177163   7381.754    852.671    860.000     6.9465     6.9478   3.552389   3.552321     1.6431     1.3384     100.00   25.50389  -87.99530   -0.00067   -0.00033     2.9678     2.9746     6.8626     6.8639    34.8960    34.8939    27.3559    27.3541    1506.98    129.012    129.307         30 0.0000e+00
     177346   7389.389    845.745    853.000     7.0271     7.0342   3.559407   3.559957     1.6439     1.3394     100.00   25.50372  -87.99465    0.00008   -0.00025     2.9613     2.9685     6.9434     6.9505    34.8950    34.8938    27.3439    27.3420    1506.96    128.733    129.046         31 0.0000e+00
     177455   7393.914    841.787    849.000     7.0763     7.0809   3.564071   3.564390     1.6415     1.3360      90.96   25.50447  -87.99718   -0.00054   -0.00081     2.9482     2.9516     6.9927     6.9973    34.8985    34.8972    27.3399    27.3383    1507.01    128.162    128.312         30 0.0000e+00
     177581   7399.184    836.839    844.000     7.1149     7.1188   3.567636   3.567870     1.6371     1.3323     100.00   25.50354  -87.99395   -0.00070   -0.00041     2.9290     2.9338     7.0316     7.0354    34.9008    34.8995    27.3363    27.3347    1506.95    127.330    127.539         30 0.0000e+00
     177919   7413.263    824.965    832.000     7.1935     7.1974   3.574073   3.574276     1.6336     1.3291     100.00   25.50426  -87.99635   -0.00045   -0.00040     2.9073     2.9122     7.1109     7.1148    34.8975    34.8961    27.3226    27.3209    1506.99    126.388    126.599         40 0.0000e+00
     177981   7415.846    823.975    831.000     7.1870     7.1911   3.573472   3.573652     1.6325     1.3282     100.00   25.50386  -87.99496   -0.00048   -0.00042     2.9042     2.9092     7.1046     7.1086    34.8971    34.8959    27.3231    27.3216    1506.97    126.253    126.470         43 0.0000e+00
     178137   7422.316    821.996    829.000     7.2322     7.1957   3.577057   3.573656     1.6324     1.3283      99.98   25.49981  -87.98092    0.00012    0.00006     2.8998     2.9089     7.1497     7.1135    34.8923    34.8919    27.3129    27.3177    1506.73    126.063    126.456         35 0.0000e+00
     178433   7434.674    820.017    827.000     7.2877     7.2972   3.583091   3.583882     1.6282     1.3260      78.72   25.50566  -88.00103   -0.00044   -0.00021     2.8811     2.8920     7.2051     7.2145    34.9041    34.9032    27.3146    27.3125    1507.07    125.248    125.722         43 0.0000e+00
     178531   7438.731    819.027    826.000     7.2956     7.3068   3.583580   3.584503     1.6268     1.3243      95.33   25.50390  -87.99496   -0.00032   -0.00019     2.8757     2.8851     7.2130     7.2242    34.9017    34.9005    27.3115    27.3090    1506.97    125.014    125.425         37 0.0000e+00
     180333   7513.837    818.038    825.000     7.3337     7.3336   3.587056   3.586953     1.6248     1.3225     100.00   25.50403  -87.99489    0.00001   -0.00004     2.8661     2.8768     7.2511     7.2509    34.9018    34.9007    27.3061    27.3053    1506.97    124.596    125.063         55 0.0000e+00
     180808   7533.635    817.048    824.000     7.3437     7.3437   3.587944   3.587847     1.6244     1.3224     100.00   25.50406  -87.99486   -0.00005    0.00003     2.8636     2.8752     7.2611     7.2611    34.9018    34.9008    27.3048    27.3039    1506.97    124.488    124.992         59 0.0000e+00
     180905   7537.686    816.058    823.000     7.3453     7.3472   3.588063   3.588127     1.6242     1.3222     100.00   25.50406  -87.99486   -0.00005   -0.00005     2.8625     2.8740     7.2628     7.2646    34.9018    34.9007    27.3045    27.3034    1506.97    124.444    124.941         55 0.0000e+00
     180968   7540.306    815.069    822.000     7.3611     7.3603   3.589473   3.589290     1.6246     1.3223      95.99   25.50406  -87.99486    0.00006 9.1966e-07     2.8624     2.8730     7.2786     7.2778    34.9020    34.9008    27.3024    27.3016    1506.97    124.436    124.897         54 0.0000e+00
     181008   7541.960    814.079    821.000     7.3700     7.3714   3.590313   3.590326     1.6248     1.3223      98.85   25.50408  -87.99486    0.00016    0.00003     2.8616     2.8717     7.2875     7.2889    34.9034    34.9022    27.3022    27.3011    1506.97    124.402    124.842         30 0.0000e+00
     181057   7544.001    813.090    820.000     7.3778     7.3808   3.591124   3.591312     1.6243     1.3220     100.00   25.50408  -87.99486   -0.00006   -0.00007     2.8592     2.8696     7.2953     7.2983    34.9041    34.9032    27.3017    27.3005    1506.97    124.299    124.749         61 0.0000e+00
     181104   7545.948    812.100    819.000     7.3841     7.3849   3.591683   3.591652     1.6241     1.3212     100.00   25.50408  -87.99486   -0.00019   -0.00027     2.8577     2.8664     7.3017     7.3025    34.9046    34.9033    27.3011    27.3000    1506.97    124.233    124.611         30 0.0000e+00
     181172   7548.784    810.121    817.000     7.3958     7.3968   3.592856   3.592871     1.6240     1.3210     100.00   25.50511  -87.99841   -0.00003   -0.00023     2.8558     2.8637     7.3136     7.3146    34.9064    34.9056    27.3009    27.3002    1507.03    124.152    124.496         40 0.0000e+00
     181202   7550.057    809.131    816.000     7.3986     7.4000   3.592957   3.592997     1.6237     1.3208     100.00   25.50408  -87.99486   -0.00008   -0.00009     2.8543     2.8624     7.3165     7.3178    34.9051    34.9041    27.2994    27.2985    1506.97    124.085    124.438         32 0.0000e+00
     181285   7553.506    806.162    813.000     7.4130     7.4147   3.594326   3.594360     1.6236     1.3209     100.00   25.50440  -87.99590   -0.00005    0.00005     2.8516     2.8605     7.3311     7.3328    34.9069    34.9056    27.2988    27.2975    1506.99    123.970    124.357         31 0.0000e+00
     181314   7554.711    805.172    812.000     7.4151     7.4177   3.594427   3.594564     1.6235     1.3205     100.00   25.50410  -87.99486   -0.00004   -0.00001     2.8510     2.8589     7.3333     7.3358    34.9064    34.9053    27.2981    27.2968    1506.97    123.943    124.284         30 0.0000e+00
     181531   7563.767    797.255    804.000     7.4839     7.4911   3.600939   3.601438     1.6232     1.3205     100.00   25.50453  -87.99627   -0.00011   -0.00006     2.8417     2.8502     7.4025     7.4097    34.9119    34.9100    27.2925    27.2900    1506.99    123.541    123.911         30 0.0000e+00
     181661   7569.174    792.306    799.000     7.5703     7.5805   3.609274   3.610140     1.6216     1.3184     100.00   25.50414  -87.99494   -0.00025   -0.00044     2.8284     2.8347     7.4889     7.4991    34.9179    34.9171    27.2848    27.2826    1506.97    122.962    123.235         31 0.0000e+00
     181772   7573.792    788.347    795.000     7.6383     7.6466   3.615934   3.616640     1.6193     1.3155     100.00   25.50503  -87.99799   -0.00058   -0.00066     2.8144     2.8183     7.5570     7.5652    34.9239    34.9233    27.2797    27.2779    1507.02    122.355    122.523         30 0.0000e+00
     181893   7578.843    783.399    790.000     7.6969     7.7018   3.621324   3.621683     1.6166     1.3128     100.00   25.50340  -87.99229   -0.00047   -0.00028     2.8001     2.8034     7.6157     7.6206    34.9257    34.9247    27.2724    27.2709    1506.93    121.733    121.878         30 0.0000e+00
     182320   7596.639    767.562    774.000     7.8420     7.8452   3.634773   3.634988     1.6117     1.3097     100.00   25.50414  -87.99476   -0.00018   -0.00009     2.7684     2.7768     7.7618     7.7649    34.9332    34.9324    27.2569    27.2558    1506.97    120.356    120.723         30 0.0000e+00
     182454   7602.205    762.612    769.000     7.8797     7.8842   3.638374   3.638677     1.6105     1.3079     100.00   25.50422  -87.99504   -0.00032   -0.00029     2.7599     2.7663     7.7998     7.8043    34.9367    34.9355    27.2541    27.2524    1506.97    119.987    120.266         30 0.0000e+00
     182823   7617.577    748.754    755.000     8.0118     8.0157   3.651379   3.651606     1.6114     1.3091     100.00   25.50472  -87.99667    0.00009    0.00005     2.7482     2.7558     7.9326     7.9365    34.9513    34.9498    27.2457    27.2440    1507.00    119.479    119.811         33 0.0000e+00
     182951   7622.902    743.804    750.000     8.0583     8.0668   3.655732   3.656528     1.6108     1.3088      98.08   25.50408  -87.99441   -0.00007   -0.00001     2.7413     2.7496     7.9794     7.9879    34.9539    34.9539    27.2407    27.2395    1506.96    119.179    119.540         32 0.0000e+00
     183060   7627.478    739.844    746.000     8.1754     8.1839   3.667911   3.668624     1.6117     1.3089      65.98   25.50489  -87.99721    0.00024    0.00002     2.7337     2.7402     8.0963     8.1048    34.9695    34.9687    27.2354    27.2335    1507.01    118.852    119.131         30 0.0000e+00
     183086   7628.545    738.854    745.000     8.1818     8.2063   3.668309   3.670723     1.6113     1.3089     100.65   25.50420  -87.99482    0.00025    0.00002     2.7318     2.7381     8.1028     8.1272    34.9678    34.9691    27.2331    27.2304    1506.97    118.767    119.044         30 0.0000e+00
     183191   7632.936    734.894    741.000     8.2420     8.2477   3.674486   3.674886     1.6110     1.3087      43.03   25.50489  -87.99720    0.00004   -0.00003     2.7252     2.7330     8.1631     8.1687    34.9758    34.9744    27.2303    27.2283    1507.01    118.483    118.821         30 0.0000e+00
     183320   7638.293    729.944    736.000     8.3332     8.3405   3.683395   3.684052     1.6105     1.3076     100.00   25.50428  -87.99508    0.00007   -0.00008     2.7153     2.7214     8.2543     8.2616    34.9823    34.9821    27.2214    27.2201    1506.97    118.052    118.316         32 0.0000e+00
     183454   7643.856    724.994    731.000     8.5239     8.5294   3.703881   3.704331     1.6088     1.3039     100.00   25.50437  -87.99533   -0.00008   -0.00075     2.6946     2.6939     8.4446     8.4500    35.0130    35.0120    27.2162    27.2145    1506.98    117.153    117.120         35 0.0000e+00
     183519   7646.603    724.004    730.000     8.4672     8.5216   3.697623   3.703400     1.6045     1.3015     100.00   25.50422  -87.99482   -0.00148   -0.00099     2.6854     2.6861     8.3883     8.4424    35.0033    35.0106    27.2173    27.2146    1506.97    116.751    116.784         34 0.0000e+00
     183616   7650.609    723.014    729.000     8.5000     8.5227   3.700834   3.703423     1.6045     1.3016     100.00   25.50422  -87.99481    0.00007    0.00002     2.6825     2.6861     8.4213     8.4436    35.0054    35.0103    27.2138    27.2142    1506.97    116.626    116.783         54 0.0000e+00
     183720   7654.968    722.024    728.000     8.5231     8.5294   3.703426   3.704036     1.6038     1.3016      94.52   25.50423  -87.99480   -0.00006    0.00005     2.6787     2.6854     8.4441     8.4503    35.0104    35.0106    27.2142    27.2134    1506.97    116.461    116.752         49 0.0000e+00
     185447   7726.936    719.054    725.000     8.6047     8.6064   3.712187   3.712259     1.6017     1.3005     100.00   25.50519  -87.99778    0.00004   -0.00001     2.6654     2.6752     8.5256     8.5272    35.0234    35.0226    27.2118    27.2109    1507.02    115.883    116.311         46 0.0000e+00
     185567   7731.935    718.064    724.000     8.6059     8.6064   3.712120   3.712126     1.6014     1.3009     100.00   25.50434  -87.99478   -0.00006    0.00011     2.6638     2.6763     8.5269     8.5274    35.0228    35.0218    27.2111    27.2102    1506.97    115.815    116.359         37 0.0000e+00
     185636   7734.774    716.083    722.000     8.6035     8.6093   3.711651   3.712154     1.6020     1.3007      99.99   25.50263  -87.98889    0.00022   -0.00007     2.6655     2.6748     8.5248     8.5305    35.0205    35.0198    27.2095    27.2081    1506.87    115.889    116.291         45 0.0000e+00
     185685   7736.851    715.093    721.000     8.6051     8.6174   3.712245   3.713788     1.6022     1.3016      79.94   25.50434  -87.99478    0.00008    0.00025     2.6656     2.6771     8.5265     8.5386    35.0234    35.0233    27.2116    27.2096    1506.97    115.894    116.391         30 0.0000e+00
     185744   7739.304    713.113    719.000     8.6295     8.6378   3.714435   3.715194     1.6027     1.3016     100.00   25.50431  -87.99468    0.00015    0.00021     2.6647     2.6748     8.5510     8.5592    35.0257    35.0255    27.2095    27.2081    1506.97    115.854    116.292         30 0.0000e+00
     185875   7744.736    708.163    714.000     8.6866     8.6988   3.720206   3.721313     1.6033     1.3016     100.00   25.50409  -87.99390    0.00012   -0.00001     2.6606     2.6689     8.6083     8.6204    35.0324    35.0321    27.2059    27.2037    1506.96    115.678    116.035         32 0.0000e+00
     185982   7749.205    704.202    710.000     8.7572     8.7729   3.727666   3.729137     1.6029     1.3007     100.00   25.50433  -87.99474   -0.00008   -0.00015     2.6531     2.6596     8.6790     8.6947    35.0432    35.0431    27.2032    27.2006    1506.97    115.349    115.632         31 0.0000e+00
     187056   7793.970    663.602    669.000     9.1392     9.1470   3.764671   3.765310     1.6204     1.3176      78.68   25.50410  -87.99372    0.00028    0.00034     2.6651     2.6753     9.0638     9.0715    35.0736    35.0726    27.1655    27.1635    1506.95    115.876    116.317         30 0.0000e+00
     187162   7798.371    659.641    665.000     9.2942     9.3144   3.781048   3.783119     1.6231     1.3198     100.00   25.50446  -87.99495    0.00083    0.00052     2.6611     2.6695     9.2185     9.2386    35.0940    35.0957    27.1563    27.1544    1506.97    115.703    116.070         30 0.0000e+00
