GOMECC/GOMECC-4/1db/rb2103_1001.ros
* Sea-Bird SBE 9 Data File:
* FileName = C:\Users\scs.user.rb\CTD\GOMECC4\data\rb2103_1001.hex
* Software Version Seasave V 7.26.7.107
* Temperature SN = 4799
* Conductivity SN = 3860
* Number of Bytes Per Scan = 41
* Number of Voltage Words = 4
* Number of Scans Averaged by the Deck Unit = 1
* NMEA Latitude = 22 32.53 N
* NMEA Longitude = 088 00.00 W
* NMEA UTC (Time) = Oct 12 2021  13:22:20
* NMEA baud rate = 4800
# nquan = 17
# nvalues = 1596                                  
# units = specified
# name 0 = scan: Scan Count
# name 1 = timeS: Time, Elapsed [seconds]
# name 2 = depSM: Depth [salt water, m]
# name 3 = prDM: Pressure, Digiquartz [db]
# name 4 = t090C: Temperature [ITS-90, deg C]
# name 5 = t190C: Temperature, 2 [ITS-90, deg C]
# name 6 = c0S/m: Conductivity [S/m]
# name 7 = c1S/m: Conductivity, 2 [S/m]
# name 8 = sbeox0V: Oxygen raw, SBE 43 [V]
# name 9 = sbeox1V: Oxygen raw, SBE 43, 2 [V]
# name 10 = altM: Altimeter [m]
# name 11 = latitude: Latitude [deg]
# name 12 = longitude: Longitude [deg]
# name 13 = sbox0dV/dT: Oxygen, SBE 43 [dov/dt]
# name 14 = sbox1dV/dT: Oxygen, SBE 43, 2 [dov/dt]
# name 15 = nbf: Bottles Fired
# name 16 = flag:  0.000e+00
# interval = seconds: 0.0416667
# start_time = Oct 12 2021 13:22:20 [NMEA time, header]
# bad_flag = -9.990e-29
*END*
[from data line 852]
      23583    982.583     29.636     29.825    25.9735    26.0067   5.619987   5.622323     3.2100     2.7338      23.15   22.54238  -88.00094   -0.00037    0.00089          7  0.000e+00
      23584    982.625     29.650     29.839    25.9739    26.0053   5.620073   5.622410     3.2112     2.7338      23.13   22.54238  -88.00094   -0.00038    0.00081          7  0.000e+00
      23585    982.667     29.636     29.825    25.9735    26.0053   5.620096   5.622505     3.2112     2.7338      23.15   22.54238  -88.00094   -0.00039    0.00074          7  0.000e+00
      23586    982.708     29.602     29.791    25.9755    26.0067   5.620166   5.622552     3.2112     2.7338      23.15   22.54238  -88.00094   -0.00040    0.00068          7  0.000e+00
      23587    982.750     29.636     29.825    25.9777    26.0085   5.620221   5.622600     3.2125     2.7338      23.15   22.54238  -88.00094   -0.00038    0.00063          7  0.000e+00
      23588    982.792     29.555     29.743    25.9797    26.0096   5.620408   5.622686     3.2125     2.7338      23.15   22.54238  -88.00094   -0.00037    0.00058          7  0.000e+00
      23589    982.833     29.690     29.880    25.9806    26.0103   5.620470   5.622710     3.2112     2.7326      23.15   22.54238  -88.00094   -0.00037    0.00051          7  0.000e+00
      23590    982.875     29.636     29.825    25.9806    26.0109   5.620478   5.622742     3.2112     2.7338      23.13   22.54238  -88.00094   -0.00036    0.00046          7  0.000e+00
      23591    982.917     29.602     29.791    25.9840    26.0111   5.620540   5.622789     3.2112     2.7326      23.13   22.54238  -88.00094   -0.00036    0.00041          7  0.000e+00
      23592    982.958     29.636     29.825    25.9846    26.0105   5.620633   5.622694     3.2125     2.7326      23.15   22.54238  -88.00094   -0.00033    0.00035          7  0.000e+00
      23593    983.000     29.602     29.791    25.9838    26.0100   5.620680   5.622663     3.2125     2.7326      23.13   22.54238  -88.00094   -0.00031    0.00030          7  0.000e+00
      23594    983.042     29.589     29.777    25.9847    26.0096   5.620696   5.622623     3.2125     2.7326      23.13   22.54238  -88.00094   -0.00029    0.00025          7  0.000e+00
      23595    983.083     29.650     29.839    25.9855    26.0096   5.620836   5.622615     3.2125     2.7338      23.13   22.54238  -88.00094   -0.00026    0.00023          7  0.000e+00
      23596    983.125     29.589     29.777    25.9878    26.0094   5.620953   5.622576     3.2112     2.7338      23.15   22.54238  -88.00094   -0.00024    0.00019          7  0.000e+00
      23597    983.167     29.602     29.791    25.9896    26.0098   5.621116   5.622568     3.2112     2.7338      23.15   22.54238  -88.00094   -0.00022    0.00017          7  0.000e+00
      23598    983.208     29.589     29.777    25.9903    26.0107   5.621124   5.622568     3.2112     2.7338      23.17   22.54238  -88.00094   -0.00018    0.00015          7  0.000e+00
      23599    983.250     29.602     29.791    25.9909    26.0114   5.621186   5.622568     3.2112     2.7338      23.20   22.54238  -88.00094   -0.00014    0.00013          7  0.000e+00
      23600    983.292     29.589     29.777    25.9912    26.0120   5.621241   5.622568     3.2112     2.7338      23.20   22.54238  -88.00094   -0.00010    0.00011          7  0.000e+00
      23601    983.333     29.636     29.825    25.9921    26.0125   5.621303   5.622497     3.2112     2.7338      23.17   22.54238  -88.00094   -0.00006    0.00009          7  0.000e+00
      23602    983.375     29.602     29.791    25.9929    26.0127   5.621373   5.622371     3.2112     2.7338      23.17   22.54238  -88.00094   -0.00003    0.00007          7  0.000e+00
      23603    983.417     29.589     29.777    25.9934    26.0130   5.621529   5.622197     3.2112     2.7338      23.20   22.54238  -88.00094    0.00001    0.00004          7  0.000e+00
      23604    983.458     29.602     29.791    25.9947    26.0125   5.621677   5.622118     3.2112     2.7338      23.20   22.54238  -88.00094    0.00005    0.00002          7  0.000e+00
      23605    983.500     29.589     29.777    25.9972    26.0118   5.621856   5.622110     3.2112     2.7338      23.20   22.54238  -88.00094    0.00011    0.00002          7  0.000e+00
      23606    983.542     29.602     29.791    25.9996    26.0112   5.622043   5.622142     3.2100     2.7338      23.20   22.54238  -88.00094    0.00013    0.00001          7  0.000e+00
      23607    983.583     29.589     29.777    26.0027    26.0107   5.622159   5.622252     3.2112     2.7338      23.20   22.54238  -88.00094    0.00018    0.00001          7  0.000e+00
      23608    983.625     29.602     29.791    26.0034    26.0102   5.622183   5.622323     3.2100     2.7338      23.17   22.54238  -88.00094    0.00022    0.00000          7  0.000e+00
      23609    983.667     29.589     29.777    26.0034    26.0085   5.622183   5.622166     3.2100     2.7338      23.20   22.54238  -88.00094    0.00024   -0.00000          7  0.000e+00
      23610    983.708     29.555     29.743    26.0031    25.9989   5.622253   5.621897     3.2100     2.7338      23.17   22.54238  -88.00094    0.00027   -0.00001          7  0.000e+00
      23611    983.750     29.589     29.777    26.0043    25.9868   5.622276   5.621621     3.2100     2.7338      23.17   22.54238  -88.00094    0.00030    0.00000          7  0.000e+00
      23612    983.792     29.589     29.777    26.0053    25.9823   5.622346   5.621416     3.2100     2.7338      23.20   22.54238  -88.00094    0.00032    0.00002          7  0.000e+00
      23613    983.833     29.602     29.791    26.0066    25.9769   5.622401   5.621227     3.2100     2.7338      23.20   22.54238  -88.00094    0.00035    0.00003          7  0.000e+00
      23614    983.875     29.541     29.730    26.0070    25.9763   5.622510   5.621140     3.2100     2.7338      23.17   22.54238  -88.00094    0.00038    0.00005          7  0.000e+00
      23615    983.917     29.602     29.791    26.0081    25.9857   5.622447   5.621061     3.2100     2.7338      23.20   22.54238  -88.00094    0.00039    0.00006          7  0.000e+00
      23616    983.958     29.589     29.777    26.0092    25.9894   5.622580   5.620872     3.2100     2.7338      23.17   22.54238  -88.00094    0.00040    0.00007          7  0.000e+00
      23617    984.000     29.555     29.743    26.0099    25.9889   5.622759   5.620706     3.2100     2.7338      23.17   22.54238  -88.00094    0.00042    0.00009          7  0.000e+00
      23618    984.042     29.589     29.777    26.0115    25.9852   5.622922   5.620603     3.2100     2.7338      23.20   22.54238  -88.00094    0.00043    0.00010          7  0.000e+00
      23619    984.083     29.555     29.743    26.0121    25.9854   5.623039   5.620509     3.2100     2.7326      23.20   22.54238  -88.00094    0.00043    0.00008          7  0.000e+00
      23620    984.125     29.589     29.777    26.0138    25.9916   5.623164   5.620485     3.2100     2.7338      23.17   22.54238  -88.00094    0.00042    0.00008          7  0.000e+00
      23621    984.167     29.602     29.791    26.0157    25.9996   5.623304   5.620729     3.2100     2.7326      23.20   22.54238  -88.00094    0.00042    0.00006          7  0.000e+00
      23622    984.208     29.589     29.777    26.0169    26.0043   5.623374   5.620887     3.2100     2.7326      23.25   22.54238  -88.00094    0.00041    0.00005          7  0.000e+00
      23623    984.250     29.555     29.743    26.0180    26.0069   5.623452   5.621108     3.2100     2.7326      23.27   22.54238  -88.00094    0.00041    0.00001          7  0.000e+00
      23624    984.292     29.588     29.777    26.0178    26.0083   5.623405   5.621353     3.2100     2.7326      23.30   22.54238  -88.00094    0.00040   -0.00003          7  0.000e+00
      23625    984.333     29.541     29.729    26.0178    26.0089   5.623319   5.621581     3.2100     2.7326      23.27   22.54238  -88.00094    0.00040   -0.00006          7  0.000e+00
      23626    984.375     29.602     29.791    26.0131    26.0089   5.623117   5.621850     3.2100     2.7326      23.27   22.54238  -88.00094    0.00039   -0.00010          7  0.000e+00
      23627    984.417     29.588     29.777    26.0118    26.0089   5.622922   5.622063     3.2100     2.7326      23.27   22.54238  -88.00094    0.00037   -0.00014          7  0.000e+00
      23628    984.458     29.555     29.743    26.0112    26.0087   5.622907   5.622244     3.2100     2.7326      23.27   22.54238  -88.00094    0.00035   -0.00017          7  0.000e+00
      23629    984.500     29.588     29.777    26.0097    26.0074   5.622883   5.622252     3.2112     2.7326      23.27   22.54238  -88.00094    0.00034   -0.00021          7  0.000e+00
      23630    984.542     29.602     29.791    26.0095    26.0047   5.622876   5.622102     3.2112     2.7326      23.27   22.54238  -88.00094    0.00035   -0.00024          7  0.000e+00
      23631    984.583     29.588     29.777    26.0103    26.0030   5.622876   5.621953     3.2112     2.7326      23.27   22.54238  -88.00094    0.00036   -0.00028          7  0.000e+00
      23632    984.625     29.555     29.743    26.0137    26.0036   5.623016   5.621779     3.2112     2.7314      23.27   22.54238  -88.00094    0.00036   -0.00033          7  0.000e+00
      23633    984.667     29.588     29.777    26.0131    26.0021   5.623023   5.621668     3.2112     2.7314      23.27   22.54238  -88.00094    0.00035   -0.00039          7  0.000e+00
      23634    984.708     29.555     29.743    26.0115    25.9978   5.622907   5.621471     3.2125     2.7326      23.27   22.54238  -88.00094    0.00036   -0.00042          7  0.000e+00
      23635    984.750     29.636     29.825    26.0101    25.9998   5.622946   5.621416     3.2125     2.7314      23.27   22.54238  -88.00094    0.00037   -0.00048          7  0.000e+00
      23636    984.792     29.588     29.777    26.0106    26.0027   5.623140   5.621416     3.2125     2.7314      23.27   22.54238  -88.00094    0.00037   -0.00053          7  0.000e+00
      23637    984.833     29.555     29.743    26.0121    26.0045   5.623203   5.621518     3.2125     2.7314      23.27   22.54238  -88.00094    0.00038   -0.00058          7  0.000e+00
      23638    984.875     29.588     29.777    26.0113    26.0054   5.623234   5.621692     3.2137     2.7314      23.27   22.54238  -88.00094    0.00040   -0.00063          7  0.000e+00
      23639    984.917     29.602     29.791    26.0121    26.0036   5.623086   5.621842     3.2137     2.7314      23.27   22.54238  -88.00094    0.00042   -0.00068          7  0.000e+00
      23640    984.958     29.636     29.825    26.0115    26.0005   5.623016   5.621905     3.2125     2.7326      23.27   22.54238  -88.00094    0.00042   -0.00070          7  0.000e+00
      23641    985.000     29.602     29.791    26.0110    26.0016   5.623016   5.622063     3.2137     2.7326      23.27   22.54238  -88.00094    0.00044   -0.00072          7  0.000e+00
      23642    985.042     29.588     29.777    26.0097    26.0032   5.622946   5.622245     3.2137     2.7326      23.27   22.54238  -88.00094    0.00046   -0.00073          7  0.000e+00
      23643    985.083     29.602     29.791    26.0086    26.0045   5.622852   5.622394     3.2137     2.7326      23.27   22.54238  -88.00094    0.00049   -0.00075          7  0.000e+00
      23644    985.125     29.588     29.777    26.0071    26.0036   5.622689   5.622323     3.2149     2.7326      23.27   22.54238  -88.00094    0.00052   -0.00076          7  0.000e+00
      23645    985.167     29.602     29.791    26.0039    25.9972   5.622533   5.622118     3.2149     2.7326      23.27   22.54238  -88.00094    0.00057   -0.00078          7  0.000e+00
      23646    985.208     29.588     29.777    26.0030    25.9950   5.622471   5.621921     3.2137     2.7326      23.22   22.54238  -88.00094    0.00060   -0.00079          7  0.000e+00
      23647    985.250     29.649     29.838    26.0037    25.9974   5.622486   5.621945     3.2149     2.7326      23.20   22.54238  -88.00094    0.00065   -0.00078          7  0.000e+00
      23648    985.292     29.588     29.777    26.0021    25.9999   5.622401   5.621968     3.2149     2.7326      23.20   22.54238  -88.00094    0.00069   -0.00078          7  0.000e+00
      23649    985.333     29.588     29.777    26.0000    25.9992   5.622261   5.621866     3.2149     2.7326      23.20   22.54238  -88.00094    0.00073   -0.00077          7  0.000e+00
      23650    985.375     29.649     29.838    26.0010    25.9945   5.622229   5.621724     3.2149     2.7326      23.20   22.54238  -88.00094    0.00077   -0.00077          7  0.000e+00
      23651    985.417     29.588     29.777    26.0036    25.9932   5.622572   5.621653     3.2149     2.7326      23.20   22.54238  -88.00094    0.00081   -0.00076          7  0.000e+00
      23652    985.458     29.649     29.838    26.0104    25.9939   5.623000   5.621605     3.2149     2.7326      23.20   22.54238  -88.00094    0.00085   -0.00075          7  0.000e+00
      23653    985.500     29.588     29.777    26.0155    25.9930   5.623343   5.621527     3.2149     2.7326      23.20   22.54238  -88.00094    0.00089   -0.00074          7  0.000e+00
      23654    985.542     29.649     29.838    26.0126    25.9922   5.623358   5.621471     3.2161     2.7326      23.20   22.54238  -88.00094    0.00094   -0.00074          7  0.000e+00
      23655    985.583     29.588     29.777    26.0119    25.9921   5.623273   5.621424     3.2161     2.7326      23.20   22.54238  -88.00094    0.00099   -0.00073          7  0.000e+00
      23656    985.625     29.649     29.838    26.0142    25.9929   5.623109   5.621448     3.2161     2.7326      23.17   22.54238  -88.00094    0.00104   -0.00072          7  0.000e+00
      23657    985.667     29.636     29.825    26.0153    25.9921   5.622774   5.621456     3.2149     2.7338      23.20   22.54238  -88.00094    0.00109   -0.00069          7  0.000e+00
      23658    985.708     29.602     29.791    26.0010    25.9933   5.622183   5.621629     3.2161     2.7338      23.20   22.54238  -88.00094    0.00114   -0.00066          7  0.000e+00
      23659    985.750     29.690     29.879    25.9943    25.9968   5.621786   5.621692     3.2161     2.7338      23.20   22.54238  -88.00094    0.00118   -0.00063          7  0.000e+00
      23660    985.792     29.588     29.777    25.9949    25.9963   5.621786   5.621724     3.2161     2.7338      23.20   22.54238  -88.00094    0.00123   -0.00060          7  0.000e+00
      23661    985.833     29.649     29.838    25.9981    25.9951   5.621949   5.621771     3.2161     2.7338      23.20   22.54238  -88.00094    0.00127   -0.00057          7  0.000e+00
      25955   1081.417     19.663     19.788    28.9035    28.8653   5.898723   5.894377     3.1404     2.6496      32.80   22.54240  -88.00100   -0.00068   -0.00111          8  0.000e+00
      25956   1081.458     19.765     19.890    28.9031    28.8644   5.898612   5.894336     3.1404     2.6496      32.80   22.54240  -88.00100   -0.00068   -0.00113          8  0.000e+00
      25957   1081.500     19.819     19.945    28.9029    28.8622   5.898580   5.894353     3.1404     2.6496      32.80   22.54240  -88.00100   -0.00068   -0.00114          8  0.000e+00
      25958   1081.542     19.758     19.883    28.9024    28.8606   5.898541   5.894369     3.1404     2.6484      32.80   22.54240  -88.00100   -0.00068   -0.00117          8  0.000e+00
      25959   1081.583     19.717     19.843    28.9031    28.8596   5.898525   5.894369     3.1392     2.6484      32.80   22.54240  -88.00100   -0.00069   -0.00120          8  0.000e+00
