GOMECC/GOMECC-4/1db/rb2103_0261.cnv
* Sea-Bird SBE 9 Data File:
* FileName = C:\Users\scs.user.rb\CTD\GOMECC4\data\rb2103_0261.hex
* Software Version Seasave V 7.26.7.107
* Temperature SN = 4799
* Conductivity SN = 3860
* Number of Bytes Per Scan = 41
* Number of Voltage Words = 4
* Number of Scans Averaged by the Deck Unit = 1
* NMEA Latitude = 28 20.64 N
* NMEA Longitude = 086 20.48 W
* NMEA UTC (Time) = Sep 21 2021  10:45:37
* NMEA baud rate = 4800
# nquan = 28
# nvalues = 346                         
# units = specified
# name 0 = scan: Scan Count
# name 1 = timeS: Time, Elapsed [seconds]
# name 2 = depSM: Depth [salt water, m]
# name 3 = prDM: Pressure, Digiquartz [db]
# name 4 = t090C: Temperature [ITS-90, deg C]
# name 5 = t190C: Temperature, 2 [ITS-90, deg C]
# name 6 = c0S/m: Conductivity [S/m]
# name 7 = c1S/m: Conductivity, 2 [S/m]
# name 8 = sbeox0V: Oxygen raw, SBE 43 [V]
# name 9 = sbeox1V: Oxygen raw, SBE 43, 2 [V]
# name 10 = altM: Altimeter [m]
# name 11 = latitude: Latitude [deg]
# name 12 = longitude: Longitude [deg]
# name 13 = sbox0dV/dT: Oxygen, SBE 43 [dov/dt]
# name 14 = sbox1dV/dT: Oxygen, SBE 43, 2 [dov/dt]
# name 15 = sbeox0ML/L: Oxygen, SBE 43 [ml/l], WS = 5
# name 16 = sbeox1ML/L: Oxygen, SBE 43, 2 [ml/l], WS = 5
# name 17 = potemp090C: Potential Temperature [ITS-90, deg C]
# name 18 = potemp190C: Potential Temperature, 2 [ITS-90, deg C]
# name 19 = sal00: Salinity, Practical [PSU]
# name 20 = sal11: Salinity, Practical, 2 [PSU]
# name 21 = sigma-é00: Density [sigma-theta, kg/m^3]
# name 22 = sigma-é11: Density, 2 [sigma-theta, kg/m^3]
# name 23 = avgsvCM: Average Sound Velocity [Chen-Millero, m/s], minP = 20, minS = 20
# name 24 = sbox0Mm/Kg: Oxygen, SBE 43 [umol/kg], WS = 5
# name 25 = sbox1Mm/Kg: Oxygen, SBE 43, 2 [umol/kg], WS = 5
# name 26 = nbin: number of scans per bin
# name 27 = flag: flag
# span 0 =      11508,      80805       
# span 1 =    479.460,   3366.848       
# span 2 =      1.987,    608.008       
# span 3 =      2.000,    613.000       
# span 4 =     7.3718,    28.6352       
# span 5 =     7.3729,    28.6149       
# span 6 =   3.584993,   5.723823       
# span 7 =   3.584979,   5.724224       
# span 8 =     1.6212,     3.1238       
# span 9 =     1.3262,     2.6605       
# span 10 =      11.65,     101.22      
# span 11 =   28.33258,   28.60624      
# span 12 =  -87.14057,  -86.30687      
# span 13 =   -0.03133,    0.03464      
# span 14 =   -0.03123,    0.03592      
# span 15 =     2.5676,     4.4911      
# span 16 =     2.6001,     4.5111      
# span 17 =     7.3110,    28.6263      
# span 18 =     7.3121,    28.6104      
# span 19 =    32.5150,    36.6168      
# span 20 =    32.5146,    36.6317      
# span 21 =    20.5892,    27.3279      
# span 22 =    20.5884,    27.3269      
# span 23 =       0.00,    1546.84      
# span 24 =    111.638,    196.525      
# span 25 =    113.054,    197.402      
# span 26 =         30,         75      
# span 27 = 0.0000e+00, 0.0000e+00      
# interval = decibars: 1                
# start_time = Sep 21 2021 10:45:37 [NMEA time, header]
# bad_flag = -9.990e-29
*END*
[from data line 104]
      15951    664.603    107.251    108.000    19.5289    19.5302   4.940955   4.941170     2.1743     1.8228      79.24   28.34376  -86.34062   -0.00090   -0.00155     3.1508     3.1802    19.5091    19.5105    36.5955    36.5961    26.1090    26.1091    1535.74    137.134    138.416         34 0.0000e+00
      15985    666.016    108.243    109.000    19.5037    19.5051   4.937795   4.938057     2.1693     1.8206     100.24   28.34376  -86.34062   -0.00229   -0.00218     3.1420     3.1771    19.4837    19.4851    36.5909    36.5919    26.1121    26.1125    1535.64    136.751    138.277         33 0.0000e+00
      16017    667.350    109.236    110.000    19.4774    19.4790   4.934723   4.934989     2.1649     1.8178     100.00   28.34376  -86.34062   -0.00327   -0.00197     3.1346     3.1724    19.4572    19.4589    36.5880    36.5888    26.1168    26.1170    1535.52    136.428    138.072         32 0.0000e+00
      16049    668.682    110.229    111.000    19.4393    19.4409   4.930335   4.930610     2.1614     1.8131     100.00   28.34376  -86.34062   -0.00321   -0.00231     3.1299     3.1638    19.4190    19.4206    36.5845    36.5854    26.1241    26.1244    1535.41    136.221    137.699         33 0.0000e+00
      16084    670.139    111.222    112.000    19.4132    19.4148   4.927297   4.927553     2.1575     1.8079     100.00   28.34376  -86.34062   -0.00270   -0.00324     3.1242     3.1540    19.3928    19.3944    36.5816    36.5823    26.1288    26.1289    1535.31    135.976    137.269         35 0.0000e+00
      16118    671.548    112.215    113.000    19.3405    19.3431   4.918912   4.919245     2.1529     1.8050     100.00   28.34376  -86.34062   -0.00283   -0.00313     3.1185     3.1513    19.3199    19.3225    36.5750    36.5755    26.1427    26.1424    1535.20    135.726    137.153         32 0.0000e+00
      16149    672.843    113.208    114.000    19.2642    19.2667   4.910242   4.910578     2.1496     1.8016     100.00   28.34376  -86.34062   -0.00299   -0.00266     3.1165     3.1483    19.2435    19.2460    36.5692    36.5698    26.1582    26.1580    1535.10    135.635    137.018         32 0.0000e+00
      16183    674.241    114.200    115.000    19.2097    19.2124   4.903806   4.904147     2.1465     1.7996     100.00   28.34376  -86.34062   -0.00261   -0.00213     3.1151     3.1483    19.1889    19.1916    36.5629    36.5633    26.1676    26.1671    1534.99    135.572    137.018         35 0.0000e+00
      16218    675.711    115.193    116.000    19.0394    19.0399   4.883871   4.884016     2.1403     1.7916      34.52   28.34376  -86.34062   -0.00276   -0.00267     3.1116     3.1392    19.0185    19.0190    36.5451    36.5459    26.1980    26.1984    1534.88    135.416    136.618         34 0.0000e+00
      16250    677.062    116.186    117.000    18.9965    19.0061   4.878889   4.880002     2.1357     1.7888      94.64   28.34376  -86.34062   -0.00361   -0.00358     3.1045     3.1348    18.9754    18.9850    36.5407    36.5416    26.2057    26.2039    1534.77    135.106    136.425         32 0.0000e+00
      16282    678.365    117.179    118.000    18.9138    18.9238   4.869291   4.870581     2.1333     1.7879      99.96   28.34376  -86.34062   -0.00340   -0.00291     3.1050     3.1378    18.8927    18.9026    36.5353    36.5361    26.2228    26.2209    1534.67    135.128    136.553         31 0.0000e+00
      16315    679.733    118.172    119.000    18.8249    18.8260   4.860148   4.860320     2.1345     1.7932     100.00   28.34376  -86.34062   -0.00182   -0.00025     3.1140     3.1579    18.8037    18.8047    36.5334    36.5339    26.2441    26.2443    1534.55    135.516    137.425         34 0.0000e+00
      16349    681.149    119.164    120.000    18.7744    18.7762   4.854245   4.854483     2.1443     1.8030      77.12   28.34376  -86.34062    0.00184    0.00369     3.1388     3.1842    18.7530    18.7548    36.5278    36.5282    26.2528    26.2527    1534.45    136.592    138.567         34 0.0000e+00
      16383    682.571    120.157    121.000    18.7221    18.7243   4.848223   4.848519     2.1506     1.8094      99.81   28.34376  -86.34062    0.00523    0.00579     3.1566     3.2033    18.7006    18.7028    36.5227    36.5233    26.2623    26.2622    1534.34    137.368    139.399         35 0.0000e+00
      16418    684.023    121.149    122.000    18.6457    18.6473   4.839429   4.839511     2.1535     1.8119      85.65   28.34376  -86.34062    0.00431    0.00437     3.1690     3.2145    18.6240    18.6257    36.5144    36.5148    26.2754    26.2753    1534.24    137.904    139.883         34 0.0000e+00
      16450    685.377    122.142    123.000    18.6281    18.6291   4.837263   4.837442     2.1553     1.8100     100.02   28.34376  -86.34060    0.00229    0.00155     3.1740     3.2117    18.6063    18.6073    36.5124    36.5130    26.2784    26.2787    1534.13    138.121    139.762         31 0.0000e+00
      16480    686.640    123.135    124.000    18.6049    18.6064   4.834598   4.834825     2.1555     1.8095      72.55   28.34376  -86.34060    0.00127   -0.00039     3.1762     3.2122    18.5830    18.5845    36.5099    36.5106    26.2825    26.2826    1534.03    138.217    139.785         31 0.0000e+00
      16514    688.021    124.128    125.000    18.5332    18.5368   4.825984   4.826473     2.1541     1.8073      94.81   28.34376  -86.34060    0.00026   -0.00091     3.1784     3.2114    18.5111    18.5147    36.5000    36.5010    26.2931    26.2929    1533.92    138.310    139.747         35 0.0000e+00
      16550    689.528    125.120    126.000    18.4471    18.4493   4.815002   4.815326     2.1464     1.7998     100.02   28.34376  -86.34060   -0.00174   -0.00212     3.1677     3.1996    18.4249    18.4271    36.4827    36.4834    26.3016    26.3017    1533.82    137.843    139.233         36 0.0000e+00
      16584    690.949    126.113    127.000    18.3196    18.3278   4.798693   4.799626     2.1308     1.7843     100.00   28.34375  -86.34060   -0.00537   -0.00544     3.1409     3.1687    18.2973    18.3055    36.4565    36.4572    26.3137    26.3122    1533.72    136.677    137.886         32 0.0000e+00
      16616    692.292    127.106    128.000    18.2390    18.2410   4.788963   4.789245     2.0913     1.7416      75.88   28.34375  -86.34060   -0.01347   -0.01392     3.0603     3.0723    18.2166    18.2187    36.4447    36.4453    26.3250    26.3249    1533.61    133.168    133.688         33 0.0000e+00
      16648    693.633    128.099    129.000    18.2192    18.2203   4.786811   4.787006     2.0755     1.7302      75.24   28.34375  -86.34060   -0.01905   -0.01919     3.0259     3.0453    18.1966    18.1978    36.4435    36.4442    26.3291    26.3293    1533.50    131.671    132.515         32 0.0000e+00
      16681    695.015    129.091    130.000    18.1810    18.1828   4.782277   4.782623     2.0699     1.7283      99.90   28.34375  -86.34060   -0.01544   -0.01424     3.0162     3.0432    18.1584    18.1603    36.4383    36.4390    26.3347    26.3346    1533.40    131.249    132.424         34 0.0000e+00
      16716    696.455    130.084    131.000    18.1211    18.1231   4.775047   4.775276     2.0675     1.7253     100.00   28.34374  -86.34060   -0.00586   -0.00358     3.0149     3.0395    18.0983    18.1003    36.4294    36.4296    26.3429    26.3425    1533.30    131.190    132.262         35 0.0000e+00
      16750    697.869    131.077    132.000    18.0750    18.0765   4.769417   4.769582     2.0567     1.7150     100.00   28.34374  -86.34060   -0.00331   -0.00298     2.9943     3.0181    18.0521    18.0536    36.4218    36.4219    26.3486    26.3483    1533.20    130.294    131.329         33 0.0000e+00
      16783    699.265    132.069    133.000    18.0383    18.0388   4.764632   4.764745     2.0411     1.7011     100.00   28.34374  -86.34058   -0.00716   -0.00692     2.9621     2.9865    18.0152    18.0157    36.4131    36.4136    26.3511    26.3513    1533.09    128.890    129.953         34 0.0000e+00
      16817    700.685    133.062    134.000    18.0183    18.0199   4.761970   4.762207     2.0224     1.6803     100.00   28.34374  -86.34058   -0.01111   -0.01125     2.9219     2.9371    17.9951    17.9967    36.4076    36.4083    26.3519    26.3520    1532.99    127.140    127.802         34 0.0000e+00
      16850    702.061    134.055    135.000    17.9472    17.9494   4.753140   4.753419     2.0028     1.6616     100.00   28.34374  -86.34059   -0.01295   -0.01298     2.8826     2.8956    17.9238    17.9261    36.3948    36.3952    26.3598    26.3596    1532.89    125.430    125.998         32 0.0000e+00
      16883    703.412    135.047    136.000    17.9147    17.9170   4.749537   4.749841     1.9783     1.6391     100.00   28.34374  -86.34058   -0.01503   -0.01449     2.8298     2.8424    17.8913    17.8936    36.3924    36.3929    26.3660    26.3659    1532.79    123.133    123.680         33 0.0000e+00
      16917    704.825    136.040    137.000    17.8905    17.8921   4.746833   4.747061     1.9652     1.6302     100.00   28.34374  -86.34058   -0.01521   -0.01356     2.8022     2.8221    17.8669    17.8684    36.3904    36.3909    26.3705    26.3705    1532.69    121.931    122.796         35 0.0000e+00
      16951    706.262    137.033    138.000    17.8321    17.8359   4.740111   4.740506     1.9614     1.6299     100.00   28.34374  -86.34058   -0.00953   -0.00697     2.7975     2.8251    17.8084    17.8122    36.3842    36.3842    26.3802    26.3793    1532.59    121.724    122.924         33 0.0000e+00
      16984    707.605    138.026    139.000    17.7790    17.7799   4.734166   4.734331     1.9678     1.6404     100.00   28.34374  -86.34058   -0.00199    0.00092     2.8152     2.8544    17.7552    17.7561    36.3800    36.3806    26.3901    26.3904    1532.50    122.494    124.200         32 0.0000e+00
      17016    708.948    139.018    140.000    17.7758    17.7765   4.733897   4.734028     1.9860     1.6578     100.00   28.34374  -86.34058    0.00577    0.00735     2.8570     2.8981    17.7518    17.7524    36.3802    36.3807    26.3911    26.3914    1532.40    124.311    126.102         33 0.0000e+00
      17050    710.375    140.011    141.000    17.7520    17.7528   4.731103   4.731178     1.9931     1.6645     100.00   28.34374  -86.34058    0.00881    0.00913     2.8748     2.9162    17.7278    17.7286    36.3769    36.3768    26.3946    26.3943    1532.30    125.085    126.890         34 0.0000e+00
      17083    711.746    141.003    142.000    17.6988    17.6998   4.724745   4.724917     1.9973     1.6676     100.00   28.34374  -86.34058    0.00659    0.00581     2.8878     2.9276    17.6745    17.6755    36.3692    36.3698    26.4018    26.4019    1532.21    125.653    127.383         32 0.0000e+00
      17116    713.107    141.996    143.000    17.6707    17.6719   4.721519   4.721687     1.9977     1.6673     100.00   28.34374  -86.34058    0.00290    0.00223     2.8909     2.9287    17.6462    17.6475    36.3661    36.3664    26.4063    26.4063    1532.11    125.786    127.430         34 0.0000e+00
      17150    714.521    142.989    144.000    17.6198    17.6214   4.715591   4.715793     1.9956     1.6649     100.00   28.34374  -86.34058    0.00047   -0.00013     2.8897     2.9262    17.5953    17.5968    36.3599    36.3603    26.4141    26.4140    1532.02    125.733    127.323         34 0.0000e+00
      17183    715.896    143.981    145.000    17.5876    17.5850   4.712015   4.711793     1.9947     1.6643      72.46   28.34374  -86.34058   -0.00098   -0.00117     2.8900     2.9271    17.5629    17.5603    36.3574    36.3578    26.4201    26.4210    1531.93    125.744    127.358         32 0.0000e+00
      17216    717.287    144.974    146.000    17.5677    17.5687   4.710144   4.710331     2.0007     1.6734     100.32   28.34374  -86.34058    0.00018    0.00073     2.9052     2.9510    17.5429    17.5438    36.3586    36.3594    26.4260    26.4263    1531.83    126.405    128.399         34 0.0000e+00
      17249    718.678    145.967    147.000    17.5709    17.5717   4.710970   4.711123     2.0141     1.6886     100.00   28.34374  -86.34058    0.00450    0.00608     2.9355     2.9888    17.5458    17.5466    36.3626    36.3632    26.4283    26.4285    1531.74    127.723    130.044         33 0.0000e+00
      17282    720.053    146.959    148.000    17.5634    17.5644   4.709813   4.709955     2.0279     1.7022     100.00   28.34374  -86.34058    0.00863    0.00996     2.9618     3.0181    17.5382    17.5392    36.3635    36.3639    26.4309    26.4309    1531.66    128.868    131.317         33 0.0000e+00
      17316    721.445    147.952    149.000    17.4716    17.4762   4.700589   4.700877     2.0394     1.7110      77.36   28.34374  -86.34058    0.00961    0.00930     3.0026     3.0529    17.4462    17.4509    36.3554    36.3555    26.4471    26.4460    1531.57    130.643    132.830         34 0.0000e+00
      17348    722.804    148.944    150.000    17.4320    17.4340   4.695445   4.695692     2.0515     1.7221      87.72   28.34374  -86.34058    0.00877    0.00754     3.0306     3.0818    17.4067    17.4086    36.3512    36.3516    26.4535    26.4533    1531.47    131.857    134.085         32 0.0000e+00
      17380    724.135    149.937    151.000    17.3648    17.3666   4.687405   4.687635     2.0629     1.7308      99.90   28.34374  -86.34058    0.00872    0.00726     3.0612     3.1082    17.3393    17.3411    36.3413    36.3416    26.4623    26.4621    1531.38    133.190    135.234         32 0.0000e+00
      17414    725.550    150.930    152.000    17.3483    17.3496   4.685546   4.685737     2.0699     1.7347     100.00   28.34374  -86.34058    0.00774    0.00610     3.0789     3.1194    17.3227    17.3240    36.3395    36.3400    26.4649    26.4650    1531.29    133.957    135.719         35 0.0000e+00
      17449    726.993    151.922    153.000    17.3214    17.3213   4.682372   4.682384     2.0728     1.7385     100.00   28.34374  -86.34058    0.00474    0.00348     3.0874     3.1312    17.2956    17.2956    36.3357    36.3358    26.4686    26.4687    1531.20    134.329    136.232         34 0.0000e+00
      17481    728.339    152.915    154.000    17.2984    17.2988   4.679605   4.679668     2.0746     1.7390     100.00   28.34374  -86.34058    0.00262    0.00207     3.0934     3.1342    17.2724    17.2729    36.3319    36.3320    26.4713    26.4713    1531.12    134.589    136.365         32 0.0000e+00
      17513    729.682    153.907    155.000    17.2290    17.2299   4.671580   4.671771     2.0737     1.7382     100.00   28.34374  -86.34058    0.00109    0.00075     3.0963     3.1370    17.2030    17.2039    36.3228    36.3232    26.4812    26.4813    1531.03    134.712    136.482         33 0.0000e+00
      17547    731.103    154.900    156.000    17.2157    17.2168   4.669942   4.670111     2.0754     1.7389     100.00   28.34374  -86.34058    0.00021   -0.00013     3.1016     3.1400    17.1895    17.1907    36.3211    36.3216    26.4831    26.4832    1530.94    134.943    136.613         34 0.0000e+00
      17581    732.484    155.892    157.000    17.2050    17.2060   4.668745   4.668903     2.0773     1.7402     100.00   28.34374  -86.34058    0.00079    0.00032     3.1071     3.1445    17.1786    17.1796    36.3200    36.3204    26.4848    26.4850    1530.85    135.185    136.809         32 0.0000e+00
      17614    733.859    156.885    158.000    17.1887    17.1898   4.666849   4.666988     2.0781     1.7419     100.00   28.34374  -86.34058    0.00127    0.00101     3.1105     3.1501    17.1623    17.1633    36.3176    36.3179    26.4870    26.4870    1530.77    135.329    137.053         34 0.0000e+00
