GOMECC/GOMECC-4/1db/rb2103_0611.ros
* Sea-Bird SBE 9 Data File:
* FileName = C:\Users\scs.user.rb\CTD\GOMECC4\data\rb2103_0611.hex
* Software Version Seasave V 7.26.7.107
* Temperature SN = 4799
* Conductivity SN = 3860
* Number of Bytes Per Scan = 41
* Number of Voltage Words = 4
* Number of Scans Averaged by the Deck Unit = 1
* NMEA Latitude = 27 20.09 N
* NMEA Longitude = 096 47.00 W
* NMEA UTC (Time) = Sep 29 2021  23:10:30
* NMEA baud rate = 4800
# nquan = 17
# nvalues = 1064                                  
# units = specified
# name 0 = scan: Scan Count
# name 1 = timeS: Time, Elapsed [seconds]
# name 2 = depSM: Depth [salt water, m]
# name 3 = prDM: Pressure, Digiquartz [db]
# name 4 = t090C: Temperature [ITS-90, deg C]
# name 5 = t190C: Temperature, 2 [ITS-90, deg C]
# name 6 = c0S/m: Conductivity [S/m]
# name 7 = c1S/m: Conductivity, 2 [S/m]
# name 8 = sbeox0V: Oxygen raw, SBE 43 [V]
# name 9 = sbeox1V: Oxygen raw, SBE 43, 2 [V]
# name 10 = altM: Altimeter [m]
# name 11 = latitude: Latitude [deg]
# name 12 = longitude: Longitude [deg]
# name 13 = sbox0dV/dT: Oxygen, SBE 43 [dov/dt]
# name 14 = sbox1dV/dT: Oxygen, SBE 43, 2 [dov/dt]
# name 15 = nbf: Bottles Fired
# name 16 = flag:  0.000e+00
# interval = seconds: 0.0416667
# start_time = Sep 29 2021 23:10:30 [NMEA time, header]
# bad_flag = -9.990e-29
*END*
      14417    600.667     46.983     47.300    24.9277    24.9254   5.455253   5.455060     1.9744     1.6239       9.87   27.33486  -96.78338    0.00117    0.00033          1  0.000e+00
      14418    600.708     46.333     46.646    24.9272    24.9245   5.455238   5.455107     1.9744     1.6239       9.87   27.33486  -96.78338    0.00116    0.00032          1  0.000e+00
      14419    600.750     46.881     47.198    24.9270    24.9241   5.455299   5.455177     1.9744     1.6239       9.87   27.33486  -96.78338    0.00115    0.00030          1  0.000e+00
      14420    600.792     46.631     46.946    24.9268    24.9251   5.455307   5.455146     1.9731     1.6239       9.87   27.33486  -96.78338    0.00113    0.00028          1  0.000e+00
      14421    600.833     46.685     47.000    24.9260    24.9265   5.455284   5.455224     1.9731     1.6239       9.87   27.33486  -96.78338    0.00110    0.00026          1  0.000e+00
      14422    600.875     46.685     47.000    24.9252    24.9276   5.455199   5.455239     1.9731     1.6239       9.87   27.33486  -96.78338    0.00107    0.00024          1  0.000e+00
      14423    600.917     46.610     46.925    24.9249    24.9272   5.455153   5.455255     1.9744     1.6239       9.87   27.33486  -96.78338    0.00106    0.00022          1  0.000e+00
      14424    600.958     46.779     47.096    24.9248    24.9278   5.455130   5.455263     1.9731     1.6239       9.87   27.33486  -96.78338    0.00102    0.00020          1  0.000e+00
      14425    601.000     46.685     47.000    24.9249    24.9283   5.455107   5.455239     1.9731     1.6239       9.87   27.33486  -96.78338    0.00099    0.00018          1  0.000e+00
      14426    601.042     46.685     47.000    24.9252    24.9287   5.455099   5.455286     1.9731     1.6239       9.87   27.33486  -96.78338    0.00095    0.00016          1  0.000e+00
      14427    601.083     46.685     47.000    24.9262    24.9292   5.455015   5.455403     1.9731     1.6239       9.87   27.33486  -96.78338    0.00092    0.00014          1  0.000e+00
      14428    601.125     46.732     47.048    24.9269    24.9299   5.454999   5.455559     1.9731     1.6239       9.82   27.33486  -96.78338    0.00088    0.00012          1  0.000e+00
      14429    601.167     46.630     46.946    24.9266    24.9311   5.454992   5.455754     1.9731     1.6239       9.79   27.33486  -96.78338    0.00084    0.00009          1  0.000e+00
      14430    601.208     46.732     47.048    24.9267    24.9321   5.454930   5.455870     1.9731     1.6239       9.79   27.33486  -96.78338    0.00080    0.00007          1  0.000e+00
      14431    601.250     46.684     47.000    24.9264    24.9330   5.454946   5.456034     1.9731     1.6239       9.79   27.33486  -96.78338    0.00078    0.00005          1  0.000e+00
      14432    601.292     46.684     47.000    24.9260    24.9354   5.454984   5.456252     1.9731     1.6239       9.79   27.33486  -96.78338    0.00074    0.00003          1  0.000e+00
      14433    601.333     46.684     47.000    24.9262    24.9391   5.455038   5.456470     1.9731     1.6239       9.79   27.33486  -96.78338    0.00070    0.00001          1  0.000e+00
      14434    601.375     46.684     47.000    24.9259    24.9416   5.454969   5.456642     1.9731     1.6239       9.79   27.33486  -96.78338    0.00066   -0.00001          1  0.000e+00
      14435    601.417     46.732     47.048    24.9260    24.9426   5.455023   5.456868     1.9731     1.6239       9.79   27.33486  -96.78338    0.00062   -0.00003          1  0.000e+00
      14436    601.458     46.630     46.945    24.9268    24.9444   5.455107   5.457047     1.9731     1.6239       9.79   27.33486  -96.78338    0.00058   -0.00005          1  0.000e+00
      14437    601.500     46.684     47.000    24.9275    24.9457   5.455107   5.457070     1.9731     1.6239       9.79   27.33486  -96.78338    0.00054   -0.00007          1  0.000e+00
      14438    601.542     46.711     47.027    24.9276    24.9474   5.455192   5.457172     1.9731     1.6239       9.79   27.33486  -96.78338    0.00050   -0.00009          1  0.000e+00
      14439    601.583     46.684     47.000    24.9287    24.9489   5.455284   5.457281     1.9731     1.6239       9.79   27.33486  -96.78338    0.00045   -0.00011          1  0.000e+00
      14440    601.625     46.630     46.945    24.9292    24.9483   5.455315   5.457296     1.9731     1.6239       9.79   27.33486  -96.78338    0.00041   -0.00013          1  0.000e+00
      14441    601.667     46.684     47.000    24.9293    24.9491   5.455376   5.457257     1.9731     1.6239       9.79   27.33486  -96.78338    0.00036   -0.00015          1  0.000e+00
      14442    601.708     46.684     47.000    24.9296    24.9502   5.455445   5.457156     1.9731     1.6252       9.79   27.33486  -96.78338    0.00032   -0.00016          1  0.000e+00
      14443    601.750     46.630     46.945    24.9303    24.9492   5.455484   5.457148     1.9731     1.6252       9.79   27.33486  -96.78338    0.00027   -0.00016          1  0.000e+00
      14444    601.792     46.684     47.000    24.9311    24.9480   5.455599   5.457234     1.9731     1.6239       9.79   27.33486  -96.78338    0.00022   -0.00016          1  0.000e+00
      14445    601.833     46.583     46.898    24.9320    24.9485   5.455776   5.457382     1.9731     1.6252       9.79   27.33486  -96.78338    0.00017   -0.00017          1  0.000e+00
      14446    601.875     46.684     47.000    24.9328    24.9480   5.455845   5.457359     1.9731     1.6252       9.79   27.33486  -96.78338    0.00014   -0.00017          1  0.000e+00
      14447    601.917     46.630     46.945    24.9341    24.9454   5.455968   5.457249     1.9731     1.6252       9.79   27.33486  -96.78338    0.00011   -0.00018          1  0.000e+00
      14448    601.958     46.630     46.945    24.9360    24.9446   5.456291   5.457039     1.9731     1.6252       9.79   27.33486  -96.78338    0.00008   -0.00016          1  0.000e+00
      14449    602.000     46.583     46.897    24.9404    24.9435   5.456644   5.456946     1.9719     1.6252       9.79   27.33486  -96.78338    0.00003   -0.00015          1  0.000e+00
      14450    602.042     46.630     46.945    24.9434    24.9435   5.456775   5.456805     1.9731     1.6264       9.79   27.33486  -96.78338   -0.00000   -0.00012          1  0.000e+00
      14451    602.083     46.630     46.945    24.9440    24.9426   5.456844   5.456447     1.9731     1.6264       9.79   27.33486  -96.78338   -0.00004   -0.00009          1  0.000e+00
      14452    602.125     46.610     46.925    24.9456    24.9440   5.456906   5.456486     1.9731     1.6264       9.79   27.33486  -96.78338   -0.00005   -0.00006          1  0.000e+00
      14453    602.167     46.582     46.897    24.9476    24.9446   5.457113   5.456836     1.9719     1.6252       9.79   27.33486  -96.78338   -0.00010   -0.00005          1  0.000e+00
      14454    602.208     46.582     46.897    24.9503    24.9437   5.457382   5.457031     1.9719     1.6264       9.79   27.33486  -96.78338   -0.00015   -0.00002          1  0.000e+00
      14455    602.250     46.582     46.897    24.9524    24.9447   5.457636   5.457179     1.9719     1.6264       9.79   27.33486  -96.78338   -0.00018    0.00001          1  0.000e+00
      14456    602.292     46.582     46.897    24.9551    24.9465   5.457813   5.457374     1.9719     1.6264       9.79   27.33486  -96.78338   -0.00022    0.00004          1  0.000e+00
      14457    602.333     46.582     46.897    24.9567    24.9480   5.458044   5.457429     1.9719     1.6264       9.79   27.33486  -96.78338   -0.00027    0.00007          1  0.000e+00
      14458    602.375     46.582     46.897    24.9587    24.9485   5.458220   5.457436     1.9731     1.6264       9.79   27.33486  -96.78338   -0.00028    0.00009          1  0.000e+00
      14459    602.417     46.535     46.849    24.9594    24.9484   5.458382   5.457429     1.9731     1.6276       9.79   27.33486  -96.78338   -0.00029    0.00014          1  0.000e+00
      14460    602.458     46.535     46.849    24.9628    24.9493   5.458605   5.457538     1.9719     1.6264       9.79   27.33486  -96.78338   -0.00033    0.00015          1  0.000e+00
      14461    602.500     46.582     46.897    24.9666    24.9500   5.458882   5.457772     1.9731     1.6264       9.79   27.33486  -96.78338   -0.00034    0.00016          1  0.000e+00
      14462    602.542     46.535     46.849    24.9683    24.9530   5.459051   5.458036     1.9719     1.6264       9.79   27.33486  -96.78338   -0.00037    0.00016          1  0.000e+00
      14463    602.583     46.481     46.795    24.9685    24.9570   5.459220   5.458348     1.9719     1.6264       9.79   27.33486  -96.78338   -0.00040    0.00017          1  0.000e+00
      14464    602.625     46.535     46.849    24.9698    24.9630   5.459327   5.458800     1.9731     1.6264       9.79   27.33486  -96.78338   -0.00042    0.00018          1  0.000e+00
      14465    602.667     46.460     46.774    24.9700    24.9680   5.459358   5.459158     1.9731     1.6264       9.79   27.33486  -96.78338   -0.00043    0.00018          1  0.000e+00
      14466    602.708     46.582     46.897    24.9684    24.9715   5.459220   5.459408     1.9731     1.6264       9.79   27.33486  -96.78338   -0.00044    0.00019          1  0.000e+00
      14467    602.750     46.481     46.795    24.9670    24.9745   5.459012   5.459665     1.9731     1.6264       9.79   27.33486  -96.78338   -0.00046    0.00019          1  0.000e+00
      14468    602.792     46.481     46.795    24.9668    24.9836   5.458981   5.460374     1.9731     1.6264       9.79   27.33486  -96.78338   -0.00047    0.00020          1  0.000e+00
      14469    602.833     46.481     46.795    24.9679    24.9986   5.458928   5.461208     1.9731     1.6264       9.79   27.33486  -96.78338   -0.00048    0.00022          1  0.000e+00
      14470    602.875     46.481     46.795    24.9685    25.0060   5.459074   5.461980     1.9731     1.6264       9.79   27.33486  -96.78338   -0.00050    0.00022          1  0.000e+00
      14471    602.917     46.481     46.795    24.9697    25.0033   5.459443   5.462206     1.9731     1.6264       9.79   27.33486  -96.78338   -0.00051    0.00022          1  0.000e+00
      14472    602.958     46.433     46.747    24.9750    24.9989   5.459873   5.462011     1.9731     1.6264       9.79   27.33486  -96.78338   -0.00052    0.00022          1  0.000e+00
      14473    603.000     46.480     46.795    24.9799    24.9942   5.460296   5.461637     1.9744     1.6264       9.79   27.33486  -96.78338   -0.00050    0.00022          1  0.000e+00
      14474    603.042     46.433     46.747    24.9829    24.9912   5.460604   5.461473     1.9731     1.6264       9.79   27.33486  -96.78338   -0.00050    0.00024          1  0.000e+00
      14475    603.083     46.433     46.747    24.9851    24.9940   5.460765   5.461621     1.9744     1.6252       9.82   27.33486  -96.78338   -0.00049    0.00024          1  0.000e+00
      14476    603.125     46.433     46.747    24.9876    25.0020   5.460942   5.462385     1.9744     1.6252       9.99   27.33486  -96.78338   -0.00049    0.00024          1  0.000e+00
      14477    603.167     46.433     46.747    24.9872    25.0107   5.461011   5.463204     1.9744     1.6252      10.06   27.33486  -96.78338   -0.00047    0.00024          1  0.000e+00
      14478    603.208     46.433     46.747    24.9872    25.0174   5.460996   5.463624     1.9744     1.6252      10.04   27.33486  -96.78338   -0.00045    0.00024          1  0.000e+00
      14479    603.250     46.413     46.726    24.9885    25.0185   5.461119   5.463508     1.9744     1.6252      10.04   27.33486  -96.78338   -0.00042    0.00024          1  0.000e+00
      14480    603.292     46.433     46.747    24.9872    25.0116   5.461065   5.463196     1.9744     1.6252      10.04   27.33486  -96.78338   -0.00040    0.00024          1  0.000e+00
      14481    603.333     46.386     46.699    24.9845    25.0058   5.460958   5.462923     1.9744     1.6252      10.04   27.33486  -96.78338   -0.00038    0.00024          1  0.000e+00
      14482    603.375     46.386     46.699    24.9845    25.0056   5.460973   5.462712     1.9744     1.6252      10.04   27.33486  -96.78338   -0.00036    0.00024          1  0.000e+00
      14483    603.417     46.386     46.699    24.9834    25.0013   5.461011   5.462432     1.9756     1.6252      10.01   27.33486  -96.78338   -0.00032    0.00024          1  0.000e+00
      14484    603.458     46.386     46.699    24.9829    24.9953   5.461027   5.461941     1.9744     1.6252      10.04   27.33486  -96.78338   -0.00030    0.00024          1  0.000e+00
      14485    603.500     46.385     46.699    24.9828    24.9899   5.461104   5.461847     1.9744     1.6252      10.04   27.33486  -96.78338   -0.00028    0.00024          1  0.000e+00
      14486    603.542     46.385     46.699    24.9824    24.9970   5.461050   5.462564     1.9756     1.6252      10.04   27.33486  -96.78338   -0.00024    0.00024          1  0.000e+00
      14487    603.583     46.331     46.644    24.9822    25.0076   5.460996   5.463149     1.9744     1.6252      10.04   27.33486  -96.78338   -0.00022    0.00024          1  0.000e+00
      14488    603.625     46.385     46.699    24.9820    25.0091   5.460911   5.463149     1.9744     1.6252      10.04   27.33486  -96.78338   -0.00020    0.00024          1  0.000e+00
      14489    603.667     46.331     46.644    24.9822    25.0031   5.460796   5.462681     1.9756     1.6252      10.04   27.33486  -96.78338   -0.00016    0.00023          1  0.000e+00
      14490    603.708     46.331     46.644    24.9820    24.9947   5.460788   5.462159     1.9756     1.6252      10.04   27.33486  -96.78338   -0.00012    0.00023          1  0.000e+00
      14491    603.750     46.209     46.522    24.9818    24.9910   5.460734   5.461699     1.9756     1.6252      10.04   27.33486  -96.78338   -0.00007    0.00025          1  0.000e+00
      14492    603.792     46.480     46.794    24.9818    24.9865   5.460812   5.461310     1.9756     1.6252      10.04   27.33486  -96.78338   -0.00003    0.00025          1  0.000e+00
      14493    603.833     46.331     46.644    24.9824    24.9819   5.460781   5.461021     1.9756     1.6252      10.04   27.33486  -96.78338    0.00001    0.00027          1  0.000e+00
      14494    603.875     46.331     46.644    24.9822    24.9792   5.460788   5.460889     1.9744     1.6252      10.04   27.33486  -96.78338    0.00003    0.00029          1  0.000e+00
      14495    603.917     46.284     46.596    24.9824    24.9791   5.460904   5.460865     1.9744     1.6252      10.04   27.33486  -96.78338    0.00005    0.00029          1  0.000e+00
      14496    603.958     46.331     46.644    24.9827    24.9791   5.460873   5.460795     1.9756     1.6264      10.04   27.33486  -96.78338    0.00008    0.00032          1  0.000e+00
      14497    604.000     46.284     46.596    24.9831    24.9784   5.460950   5.460741     1.9756     1.6264      10.04   27.33486  -96.78338    0.00012    0.00034          1  0.000e+00
      14498    604.042     46.236     46.549    24.9834    24.9782   5.460919   5.460733     1.9756     1.6252      10.04   27.33486  -96.78338    0.00015    0.00034          1  0.000e+00
      14499    604.083     46.385     46.699    24.9834    24.9784   5.460927   5.460865     1.9744     1.6252      10.04   27.33486  -96.78338    0.00017    0.00034          1  0.000e+00
      14500    604.125     46.284     46.596    24.9833    24.9787   5.460934   5.460912     1.9744     1.6252      10.11   27.33486  -96.78338    0.00019    0.00034          1  0.000e+00
      14501    604.167     46.284     46.596    24.9828    24.9791   5.460873   5.460873     1.9756     1.6252      10.11   27.33486  -96.78338    0.00023    0.00036          1  0.000e+00
