GOMECC/GOMECC-4/1db/rb2103_0931.ros
* Sea-Bird SBE 9 Data File:
* FileName = C:\Users\scs.user.rb\CTD\GOMECC4\data\rb2103_0931.hex
* Software Version Seasave V 7.26.7.107
* Temperature SN = 4799
* Conductivity SN = 3860
* Number of Bytes Per Scan = 41
* Number of Voltage Words = 4
* Number of Scans Averaged by the Deck Unit = 1
* NMEA Latitude = 21 10.01 N
* NMEA Longitude = 090 46.10 W
* NMEA UTC (Time) = Oct 10 2021  15:16:22
* NMEA baud rate = 4800
# nquan = 17
# nvalues = 798                                   
# units = specified
# name 0 = scan: Scan Count
# name 1 = timeS: Time, Elapsed [seconds]
# name 2 = depSM: Depth [salt water, m]
# name 3 = prDM: Pressure, Digiquartz [db]
# name 4 = t090C: Temperature [ITS-90, deg C]
# name 5 = t190C: Temperature, 2 [ITS-90, deg C]
# name 6 = c0S/m: Conductivity [S/m]
# name 7 = c1S/m: Conductivity, 2 [S/m]
# name 8 = sbeox0V: Oxygen raw, SBE 43 [V]
# name 9 = sbeox1V: Oxygen raw, SBE 43, 2 [V]
# name 10 = altM: Altimeter [m]
# name 11 = latitude: Latitude [deg]
# name 12 = longitude: Longitude [deg]
# name 13 = sbox0dV/dT: Oxygen, SBE 43 [dov/dt]
# name 14 = sbox1dV/dT: Oxygen, SBE 43, 2 [dov/dt]
# name 15 = nbf: Bottles Fired
# name 16 = flag:  0.000e+00
# interval = seconds: 0.0416667
# start_time = Oct 10 2021 15:16:22 [NMEA time, header]
# bad_flag = -9.990e-29
*END*
[from data line 596]
      21978    915.708      2.870      2.888    29.3901    29.3877   6.004748   6.004780     3.1233     2.6374      19.66   21.16682  -90.76694    0.00010   -0.00004          5  0.000e+00
      21979    915.750      2.870      2.888    29.3903    29.3881   6.004772   6.004780     3.1233     2.6361      19.66   21.16682  -90.76694    0.00011   -0.00009          5  0.000e+00
      21980    915.792      2.917      2.936    29.3897    29.3879   6.004724   6.004853     3.1245     2.6374      19.66   21.16682  -90.76694    0.00013   -0.00012          5  0.000e+00
      21981    915.833      2.870      2.888    29.3898    29.3886   6.004756   6.004877     3.1245     2.6374      19.66   21.16682  -90.76694    0.00014   -0.00015          5  0.000e+00
      21982    915.875      2.917      2.936    29.3895    29.3892   6.004732   6.004918     3.1233     2.6374      19.66   21.16682  -90.76694    0.00016   -0.00020          5  0.000e+00
      21983    915.917      2.870      2.888    29.3892    29.3892   6.004724   6.004999     3.1233     2.6374      19.66   21.16682  -90.76694    0.00018   -0.00025          5  0.000e+00
      21984    915.958      2.917      2.936    29.3892    29.3898   6.004724   6.005024     3.1233     2.6374      19.66   21.16682  -90.76694    0.00019   -0.00028          5  0.000e+00
      21985    916.000      2.816      2.833    29.3892    29.3905   6.004756   6.005129     3.1233     2.6386      19.66   21.16682  -90.76694    0.00021   -0.00029          5  0.000e+00
      21986    916.042      3.019      3.038    29.3893    29.3908   6.004732   6.005170     3.1233     2.6386      19.66   21.16682  -90.76694    0.00022   -0.00031          5  0.000e+00
      21987    916.083      2.917      2.936    29.3895    29.3914   6.004756   6.005202     3.1233     2.6398      19.66   21.16682  -90.76694    0.00024   -0.00031          5  0.000e+00
      21988    916.125      2.917      2.936    29.3897    29.3914   6.004732   6.005145     3.1233     2.6398      19.66   21.16682  -90.76694    0.00025   -0.00031          5  0.000e+00
      21989    916.167      2.972      2.990    29.3897    29.3911   6.004684   6.005056     3.1233     2.6398      19.66   21.16682  -90.76694    0.00027   -0.00030          5  0.000e+00
      21990    916.208      2.870      2.888    29.3891    29.3898   6.004676   6.004983     3.1221     2.6410      19.66   21.16682  -90.76694    0.00027   -0.00029          5  0.000e+00
      21991    916.250      2.972      2.990    29.3886    29.3894   6.004596   6.004942     3.1233     2.6410      19.66   21.16682  -90.76694    0.00026   -0.00027          5  0.000e+00
      21992    916.292      2.917      2.936    29.3877    29.3892   6.004572   6.004926     3.1233     2.6410      19.68   21.16682  -90.76694    0.00028   -0.00026          5  0.000e+00
      21993    916.333      2.917      2.936    29.3875    29.3894   6.004540   6.005113     3.1233     2.6410      19.66   21.16682  -90.76694    0.00030   -0.00024          5  0.000e+00
      21994    916.375      2.972      2.990    29.3875    29.3908   6.004604   6.005283     3.1233     2.6410      19.68   21.16682  -90.76694    0.00029   -0.00021          5  0.000e+00
      21995    916.417      2.917      2.936    29.3883    29.3928   6.004628   6.005421     3.1233     2.6410      19.71   21.16682  -90.76694    0.00029   -0.00018          5  0.000e+00
      21996    916.458      2.972      2.990    29.3886    29.3944   6.004652   6.005502     3.1233     2.6410      19.71   21.16682  -90.76694    0.00031   -0.00017          5  0.000e+00
      21997    916.500      2.816      2.833    29.3890    29.3953   6.004668   6.005616     3.1233     2.6410      19.71   21.16682  -90.76694    0.00032   -0.00016          5  0.000e+00
      21998    916.542      3.019      3.038    29.3894    29.3957   6.004636   6.005624     3.1233     2.6410      19.71   21.16682  -90.76694    0.00032   -0.00013          5  0.000e+00
      21999    916.583      2.972      2.990    29.3890    29.3957   6.004588   6.005649     3.1233     2.6410      19.71   21.16682  -90.76694    0.00033   -0.00010          5  0.000e+00
      22000    916.625      2.917      2.936    29.3892    29.3953   6.004612   6.005584     3.1233     2.6410      19.71   21.16682  -90.76694    0.00033   -0.00010          5  0.000e+00
      22001    916.667      2.917      2.936    29.3888    29.3950   6.004628   6.005632     3.1233     2.6398      19.71   21.16682  -90.76694    0.00034   -0.00011          5  0.000e+00
      22002    916.708      2.972      2.990    29.3890    29.3942   6.004580   6.005584     3.1233     2.6398      19.71   21.16682  -90.76694    0.00036   -0.00012          5  0.000e+00
      22003    916.750      2.870      2.888    29.3890    29.3935   6.004612   6.005559     3.1233     2.6398      19.68   21.16682  -90.76694    0.00037   -0.00011          5  0.000e+00
      22004    916.792      2.972      2.990    29.3890    29.3931   6.004588   6.005567     3.1233     2.6386      19.71   21.16682  -90.76694    0.00038   -0.00014          5  0.000e+00
      22005    916.833      2.917      2.936    29.3888    29.3927   6.004652   6.005519     3.1233     2.6386      19.71   21.16682  -90.76694    0.00040   -0.00015          5  0.000e+00
      22006    916.875      2.917      2.936    29.3890    29.3931   6.004676   6.005551     3.1233     2.6386      19.71   21.16682  -90.76694    0.00041   -0.00016          5  0.000e+00
      22007    916.917      2.917      2.936    29.3892    29.3933   6.004668   6.005559     3.1233     2.6386      19.71   21.16682  -90.76694    0.00043   -0.00018          5  0.000e+00
      22008    916.958      2.917      2.936    29.3890    29.3942   6.004668   6.005632     3.1233     2.6386      19.68   21.16682  -90.76694    0.00044   -0.00019          5  0.000e+00
      22009    917.000      2.769      2.786    29.3890    29.3959   6.004636   6.005697     3.1233     2.6374      19.71   21.16682  -90.76694    0.00045   -0.00022          5  0.000e+00
      22010    917.042      3.066      3.085    29.3890    29.3970   6.004660   6.005811     3.1221     2.6374      19.71   21.16682  -90.76694    0.00045   -0.00025          5  0.000e+00
      22011    917.083      2.870      2.888    29.3888    29.3974   6.004636   6.005965     3.1221     2.6374      19.71   21.16682  -90.76694    0.00045   -0.00027          5  0.000e+00
      22012    917.125      2.917      2.936    29.3890    29.3979   6.004628   6.006152     3.1233     2.6374      19.71   21.16682  -90.76694    0.00046   -0.00030          5  0.000e+00
      22013    917.167      2.917      2.936    29.3886    29.3997   6.004652   6.006347     3.1233     2.6386      19.71   21.16682  -90.76694    0.00048   -0.00031          5  0.000e+00
      22014    917.208      2.917      2.936    29.3888    29.4046   6.004668   6.006469     3.1233     2.6374      19.71   21.16682  -90.76694    0.00049   -0.00032          5  0.000e+00
      22015    917.250      2.917      2.936    29.3883    29.4075   6.004748   6.006639     3.1221     2.6374      19.71   21.16682  -90.76694    0.00049   -0.00035          5  0.000e+00
      22016    917.292      2.917      2.936    29.3888    29.4075   6.004700   6.006720     3.1233     2.6374      19.71   21.16682  -90.76694    0.00051   -0.00036          5  0.000e+00
      22017    917.333      2.917      2.936    29.3893    29.4074   6.004708   6.006769     3.1233     2.6374      19.71   21.16682  -90.76694    0.00052   -0.00037          5  0.000e+00
      22018    917.375      2.917      2.936    29.3895    29.4084   6.004756   6.006964     3.1233     2.6374      19.73   21.16682  -90.76694    0.00052   -0.00038          5  0.000e+00
      22019    917.417      2.917      2.936    29.3892    29.4105   6.004732   6.007248     3.1233     2.6374      19.73   21.16682  -90.76694    0.00051   -0.00038          5  0.000e+00
      22020    917.458      2.917      2.936    29.3892    29.4130   6.004684   6.007548     3.1233     2.6386      19.73   21.16682  -90.76694    0.00051   -0.00035          5  0.000e+00
      22021    917.500      2.816      2.833    29.3893    29.4179   6.004676   6.008060     3.1233     2.6386      19.76   21.16682  -90.76694    0.00051   -0.00034          5  0.000e+00
      22022    917.542      3.066      3.085    29.3884    29.4246   6.004604   6.008571     3.1233     2.6386      19.73   21.16682  -90.76694    0.00049   -0.00033          5  0.000e+00
      22023    917.583      2.972      2.990    29.3884    29.4305   6.004540   6.008693     3.1221     2.6386      19.76   21.16682  -90.76694    0.00046   -0.00030          5  0.000e+00
      22024    917.625      2.917      2.936    29.3885    29.4330   6.004484   6.008652     3.1233     2.6386      19.76   21.16682  -90.76694    0.00044   -0.00027          5  0.000e+00
      22025    917.667      2.972      2.990    29.3883    29.4292   6.004516   6.008571     3.1233     2.6386      19.73   21.16682  -90.76694    0.00042   -0.00024          5  0.000e+00
      22026    917.708      2.972      2.990    29.3883    29.4264   6.004636   6.008295     3.1221     2.6386      19.73   21.16682  -90.76694    0.00038   -0.00021          5  0.000e+00
      22027    917.750      2.972      2.990    29.3886    29.4226   6.004676   6.007873     3.1221     2.6386      19.76   21.16682  -90.76694    0.00033   -0.00017          5  0.000e+00
      22028    917.792      2.972      2.990    29.3888    29.4197   6.004748   6.007540     3.1221     2.6398      19.73   21.16682  -90.76694    0.00029   -0.00012          5  0.000e+00
      22029    917.833      3.019      3.038    29.3895    29.4199   6.004724   6.007402     3.1221     2.6398      19.76   21.16682  -90.76694    0.00025   -0.00009          5  0.000e+00
      22030    917.875      2.972      2.990    29.3903    29.4194   6.004788   6.007378     3.1221     2.6398      19.76   21.16682  -90.76694    0.00021   -0.00005          5  0.000e+00
      22031    917.917      2.972      2.990    29.3901    29.4170   6.004780   6.007451     3.1221     2.6398      19.73   21.16682  -90.76694    0.00016   -0.00000          5  0.000e+00
      22032    917.958      3.019      3.038    29.3898    29.4167   6.004772   6.007841     3.1221     2.6398      19.76   21.16682  -90.76694    0.00012    0.00003          5  0.000e+00
      22033    918.000      3.019      3.038    29.3903    29.4235   6.004732   6.008214     3.1221     2.6398      19.73   21.16682  -90.76694    0.00008    0.00007          5  0.000e+00
      22034    918.042      3.012      3.031    29.3906    29.4281   6.004796   6.008336     3.1221     2.6398      19.76   21.16682  -90.76694    0.00005    0.00010          5  0.000e+00
      22035    918.083      2.972      2.990    29.3914    29.4289   6.004820   6.008165     3.1221     2.6398      19.76   21.16682  -90.76694    0.00001    0.00013          5  0.000e+00
      22036    918.125      3.066      3.085    29.3912    29.4246   6.004860   6.007962     3.1209     2.6398      19.76   21.16682  -90.76694   -0.00005    0.00017          5  0.000e+00
      22037    918.167      2.972      2.990    29.3910    29.4192   6.004828   6.007768     3.1221     2.6398      19.76   21.16682  -90.76694   -0.00010    0.00020          5  0.000e+00
      22038    918.208      3.019      3.038    29.3901    29.4153   6.004860   6.007678     3.1221     2.6398      19.76   21.16682  -90.76694   -0.00014    0.00024          5  0.000e+00
      22039    918.250      3.019      3.038    29.3901    29.4142   6.004828   6.007524     3.1209     2.6398      19.76   21.16682  -90.76694   -0.00019    0.00027          5  0.000e+00
      22040    918.292      3.019      3.038    29.3894    29.4130   6.004820   6.007215     3.1221     2.6398      19.76   21.16682  -90.76694   -0.00022    0.00031          5  0.000e+00
      22041    918.333      3.019      3.038    29.3899    29.4094   6.004820   6.007013     3.1221     2.6398      19.73   21.16682  -90.76694   -0.00024    0.00034          5  0.000e+00
      22042    918.375      3.019      3.038    29.3905    29.4081   6.004780   6.006907     3.1209     2.6398      19.68   21.16682  -90.76694   -0.00029    0.00037          5  0.000e+00
      22043    918.417      3.019      3.038    29.3905    29.4100   6.004804   6.006769     3.1221     2.6398      19.66   21.16682  -90.76694   -0.00031    0.00039          5  0.000e+00
      22044    918.458      3.019      3.038    29.3903    29.4109   6.004820   6.006809     3.1221     2.6398      19.66   21.16682  -90.76694   -0.00034    0.00041          5  0.000e+00
      22045    918.500      3.019      3.038    29.3903    29.4111   6.004780   6.006720     3.1209     2.6398      19.66   21.16682  -90.76694   -0.00039    0.00042          5  0.000e+00
      22046    918.542      3.012      3.031    29.3899    29.4112   6.004772   6.006688     3.1209     2.6398      19.66   21.16682  -90.76694   -0.00043    0.00044          5  0.000e+00
      22110    921.208      2.870      2.888    29.3875    29.3990   6.004532   6.006136     3.1233     2.6410      19.63   21.16682  -90.76694    0.00054   -0.00029          6  0.000e+00
      22111    921.250      2.972      2.990    29.3875    29.4002   6.004564   6.006184     3.1233     2.6410      19.66   21.16682  -90.76694    0.00053   -0.00026          6  0.000e+00
      22112    921.292      2.917      2.936    29.3877    29.4009   6.004580   6.006201     3.1233     2.6410      19.66   21.16682  -90.76694    0.00053   -0.00024          6  0.000e+00
      22113    921.333      2.823      2.840    29.3873    29.4012   6.004572   6.006233     3.1233     2.6410      19.66   21.16682  -90.76694    0.00054   -0.00020          6  0.000e+00
      22114    921.375      2.917      2.936    29.3876    29.4005   6.004572   6.006355     3.1221     2.6410      19.71   21.16682  -90.76694    0.00052   -0.00018          6  0.000e+00
      22115    921.417      2.917      2.936    29.3879    29.4007   6.004580   6.006542     3.1233     2.6410      19.73   21.16682  -90.76694    0.00051   -0.00016          6  0.000e+00
      22116    921.458      2.917      2.936    29.3881    29.4023   6.004580   6.006737     3.1221     2.6410      19.71   21.16682  -90.76694    0.00049   -0.00015          6  0.000e+00
      22117    921.500      2.917      2.936    29.3879    29.4033   6.004540   6.007004     3.1221     2.6410      19.73   21.16682  -90.76694    0.00048   -0.00013          6  0.000e+00
      22118    921.542      2.769      2.786    29.3877    29.4055   6.004564   6.007337     3.1221     2.6398      19.73   21.16682  -90.76694    0.00047   -0.00013          6  0.000e+00
      22119    921.583      3.019      3.038    29.3877    29.4083   6.004500   6.007646     3.1221     2.6398      19.73   21.16682  -90.76694    0.00045   -0.00013          6  0.000e+00
      22120    921.625      2.917      2.936    29.3879    29.4102   6.004548   6.007605     3.1221     2.6398      19.73   21.16682  -90.76694    0.00044   -0.00012          6  0.000e+00
      22121    921.667      2.917      2.936    29.3877    29.4112   6.004612   6.007313     3.1209     2.6398      19.73   21.16682  -90.76694    0.00041   -0.00010          6  0.000e+00
      22122    921.708      2.917      2.936    29.3877    29.4109   6.004628   6.007159     3.1209     2.6398      19.73   21.16682  -90.76694    0.00038   -0.00009          6  0.000e+00
      22123    921.750      2.917      2.936    29.3878    29.4102   6.004588   6.007053     3.1209     2.6386      19.73   21.16682  -90.76694    0.00033   -0.00009          6  0.000e+00
      22124    921.792      2.917      2.936    29.3877    29.4101   6.004572   6.007061     3.1221     2.6386      19.73   21.16682  -90.76694    0.00032   -0.00010          6  0.000e+00
