GOMECC/GOMECC-4/1db/rb2103_0741.cnv
* Sea-Bird SBE 9 Data File:
* FileName = C:\Users\scs.user.rb\CTD\GOMECC4\data\rb2103_0741.hex
* Software Version Seasave V 7.26.7.107
* Temperature SN = 4799
* Conductivity SN = 3860
* Number of Bytes Per Scan = 41
* Number of Voltage Words = 4
* Number of Scans Averaged by the Deck Unit = 1
* NMEA Latitude = 24 59.96 N
* NMEA Longitude = 093 24.95 W
* NMEA UTC (Time) = Oct 04 2021  19:58:51
* NMEA baud rate = 4800
# nquan = 28
# nvalues = 1594                        
# units = specified
# name 0 = scan: Scan Count
# name 1 = timeS: Time, Elapsed [seconds]
# name 2 = depSM: Depth [salt water, m]
# name 3 = prDM: Pressure, Digiquartz [db]
# name 4 = t090C: Temperature [ITS-90, deg C]
# name 5 = t190C: Temperature, 2 [ITS-90, deg C]
# name 6 = c0S/m: Conductivity [S/m]
# name 7 = c1S/m: Conductivity, 2 [S/m]
# name 8 = sbeox0V: Oxygen raw, SBE 43 [V]
# name 9 = sbeox1V: Oxygen raw, SBE 43, 2 [V]
# name 10 = altM: Altimeter [m]
# name 11 = latitude: Latitude [deg]
# name 12 = longitude: Longitude [deg]
# name 13 = sbox0dV/dT: Oxygen, SBE 43 [dov/dt]
# name 14 = sbox1dV/dT: Oxygen, SBE 43, 2 [dov/dt]
# name 15 = sbeox0ML/L: Oxygen, SBE 43 [ml/l], WS = 5
# name 16 = sbeox1ML/L: Oxygen, SBE 43, 2 [ml/l], WS = 5
# name 17 = potemp090C: Potential Temperature [ITS-90, deg C]
# name 18 = potemp190C: Potential Temperature, 2 [ITS-90, deg C]
# name 19 = sal00: Salinity, Practical [PSU]
# name 20 = sal11: Salinity, Practical, 2 [PSU]
# name 21 = sigma-é00: Density [sigma-theta, kg/m^3]
# name 22 = sigma-é11: Density, 2 [sigma-theta, kg/m^3]
# name 23 = avgsvCM: Average Sound Velocity [Chen-Millero, m/s], minP = 20, minS = 20
# name 24 = sbox0Mm/Kg: Oxygen, SBE 43 [umol/kg], WS = 5
# name 25 = sbox1Mm/Kg: Oxygen, SBE 43, 2 [umol/kg], WS = 5
# name 26 = nbin: number of scans per bin
# name 27 = flag: flag
# span 0 =      16226,     270780       
# span 1 =    676.025,  11282.445       
# span 2 =      0.993,   3653.156       
# span 3 =      1.000,   3709.000       
# span 4 =     4.2913,    29.4663       
# span 5 =     4.2918,    29.4713       
# span 6 =   3.350044,   5.960075       
# span 7 =   3.350006,   5.960622       
# span 8 =     1.5694,     3.3499       
# span 9 =     1.2722,     2.8635       
# span 10 =       9.94,     104.52      
# span 11 =   24.55804,   25.09790      
# span 12 =  -93.78475,  -91.76750      
# span 13 =   -0.03304,    0.04357      
# span 14 =   -0.03199,    0.03543      
# span 15 =     2.4257,     4.9616      
# span 16 =     2.4396,     4.9652      
# span 17 =     4.0772,    29.4653      
# span 18 =     4.0784,    29.4703      
# span 19 =    34.9112,    36.6592      
# span 20 =    34.9098,    36.6604      
# span 21 =    22.4246,    27.7594      
# span 22 =    22.4238,    27.7581      
# span 23 =       0.00,    1545.87      
# span 24 =    105.470,    216.433      
# span 25 =    106.073,    216.591      
# span 26 =         30,         75      
# span 27 = 0.0000e+00, 0.0000e+00      
# interval = decibars: 1                
# start_time = Oct 04 2021 19:58:51 [NMEA time, header]
# bad_flag = -9.990e-29
*END*
[from data line 1243]
     193832   8076.297   1447.518   1462.000     4.3841     4.3847   3.351166   3.351097     1.9190     1.5947     100.00   24.99938  -93.41610   -0.00003   -0.00005     4.4716     4.4817     4.2631     4.2637    34.9639    34.9625    27.7295    27.7283    1506.45    194.315    194.751         34 0.0000e+00
     193980   8082.439   1441.599   1456.000     4.3881     4.3905   3.351314   3.351371     1.9187     1.5947     100.00   24.99971  -93.41732   -0.00008    0.00001     4.4665     4.4777     4.2677     4.2700    34.9643    34.9626    27.7294    27.7277    1506.47    194.091    194.578         33 0.0000e+00
     194009   8083.653   1440.611   1455.000     4.3883     4.3906   3.351227   3.351299     1.9185     1.5947     100.00   24.99938  -93.41610   -0.00015   -0.00001     4.4652     4.4771     4.2680     4.2702    34.9636    34.9621    27.7287    27.7273    1506.45    194.036    194.551         30 0.0000e+00
     194178   8090.727   1433.705   1448.000     4.3943     4.3953   3.351446   3.351402     1.9186     1.5936     100.00   24.99931  -93.41584   -0.00012   -0.00030     4.4606     4.4679     4.2745     4.2756    34.9633    34.9617    27.7278    27.7264    1506.45    193.838    194.151         31 0.0000e+00
     194210   8092.049   1432.718   1447.000     4.3943     4.3954   3.351416   3.351378     1.9183     1.5938     100.00   24.99938  -93.41610   -0.00020   -0.00017     4.4589     4.4682     4.2746     4.2757    34.9635    34.9619    27.7279    27.7265    1506.45    193.763    194.167         31 0.0000e+00
     194362   8098.373   1426.798   1441.000     4.3981     4.3993   3.351590   3.351567     1.9183     1.5944      99.39   25.00023  -93.41920    0.00007    0.00013     4.4549     4.4665     4.2790     4.2802    34.9644    34.9629    27.7282    27.7269    1506.50    193.590    194.091         38 0.0000e+00
     194394   8099.702   1425.811   1440.000     4.3977     4.3985   3.351397   3.351342     1.9180     1.5939     100.04   24.99940  -93.41610   -0.00003   -0.00004     4.4533     4.4641     4.2786     4.2794    34.9631    34.9617    27.7272    27.7260    1506.45    193.519    193.989         34 0.0000e+00
     194513   8104.651   1420.877   1435.000     4.4002     4.4013   3.351511   3.351478     1.9186     1.5947     100.00   25.00019  -93.41906    0.00010    0.00020     4.4523     4.4638     4.2816     4.2827    34.9643    34.9627    27.7278    27.7265    1506.50    193.474    193.974         34 0.0000e+00
     194543   8105.907   1419.890   1434.000     4.3998     4.4008   3.351339   3.351297     1.9185     1.5946     100.00   24.99940  -93.41612    0.00006    0.00005     4.4515     4.4631     4.2813     4.2822    34.9631    34.9616    27.7269    27.7256    1506.45    193.439    193.946         34 0.0000e+00
     194661   8110.851   1414.956   1429.000     4.4025     4.4037   3.351313   3.351287     1.9186     1.5946     100.00   24.99905  -93.41489    0.00001   -0.00000     4.4489     4.4598     4.2844     4.2856    34.9624    34.9609    27.7260    27.7247    1506.43    193.326    193.802         31 0.0000e+00
     194868   8119.445   1407.061   1421.000     4.4105     4.4117   3.351744   3.351707     1.9184     1.5946     100.00   24.99962  -93.41693   -0.00013   -0.00009     4.4421     4.4543     4.2931     4.2942    34.9630    34.9613    27.7255    27.7241    1506.46    193.034    193.562         33 0.0000e+00
     195019   8125.744   1401.140   1415.000     4.4123     4.4135   3.351616   3.351592     1.9183     1.5944     100.00   24.99945  -93.41629   -0.00005   -0.00006     4.4381     4.4498     4.2955     4.2966    34.9625    34.9610    27.7249    27.7236    1506.45    192.860    193.367         38 0.0000e+00
     195170   8132.039   1395.219   1409.000     4.4157     4.4171   3.351648   3.351632     1.9186     1.5946     100.00   24.99939  -93.41608    0.00009    0.00002     4.4356     4.4466     4.2994     4.3008    34.9623    34.9606    27.7243    27.7228    1506.45    192.750    193.230         31 0.0000e+00
     195321   8138.338   1389.297   1403.000     4.4203     4.4227   3.351765   3.351835     1.9185     1.5944     100.00   24.99916  -93.41521    0.00005   -0.00008     4.4312     4.4418     4.3044     4.3068    34.9618    34.9601    27.7233    27.7217    1506.44    192.561    193.021         31 0.0000e+00
     195727   8155.264   1373.505   1387.000     4.4298     4.4311   3.351914   3.351897     1.9185     1.5951     100.00   24.99925  -93.41556    0.00009    0.00011     4.4209     4.4343     4.3153     4.3166    34.9614    34.9598    27.7219    27.7205    1506.44    192.113    192.694         30 0.0000e+00
     195854   8160.538   1368.570   1382.000     4.4338     4.4349   3.352070   3.352026     1.9187     1.5947     100.00   24.99937  -93.41608    0.00003   -0.00005     4.4182     4.4292     4.3198     4.3209    34.9614    34.9598    27.7214    27.7200    1506.45    191.996    192.473         31 0.0000e+00
     196008   8166.951   1362.648   1376.000     4.4386     4.4400   3.352259   3.352247     1.9183     1.5949     100.00   24.99968  -93.41723   -0.00008   -0.00001     4.4127     4.4260     4.3251     4.3265    34.9616    34.9600    27.7210    27.7195    1506.47    191.755    192.332         32 0.0000e+00
     196037   8168.166   1361.661   1375.000     4.4390     4.4401   3.352212   3.352176     1.9181     1.5946     100.00   24.99938  -93.41612   -0.00011   -0.00011     4.4112     4.4242     4.3256     4.3266    34.9611    34.9596    27.7205    27.7192    1506.45    191.692    192.256         30 0.0000e+00
     196161   8173.334   1356.725   1370.000     4.4435     4.4464   3.352529   3.352659     1.9184     1.5947     100.00   25.00059  -93.42067    0.00009    0.00000     4.4087     4.4208     4.3305     4.3333    34.9626    34.9611    27.7212    27.7197    1506.52    191.580    192.107         30 0.0000e+00
     196189   8174.515   1355.738   1369.000     4.4434     4.4447   3.352344   3.352325     1.9181     1.5943     100.00   24.99938  -93.41614   -0.00002   -0.00003     4.4072     4.4189     4.3304     4.3318    34.9610    34.9594    27.7199    27.7185    1506.45    191.515    192.027         42 0.0000e+00
     196310   8179.539   1350.803   1364.000     4.4506     4.4520   3.352834   3.352830     1.9181     1.5938     100.00   25.00009  -93.41873    0.00006    0.00001     4.4033     4.4130     4.3381     4.3394    34.9616    34.9601    27.7195    27.7182    1506.49    191.346    191.770         30 0.0000e+00
     196338   8180.692   1349.816   1363.000     4.4507     4.4520   3.352708   3.352699     1.9178     1.5935     100.00   24.99940  -93.41614   -0.00006    0.00000     4.4018     4.4114     4.3382     4.3395    34.9605    34.9591    27.7187    27.7174    1506.45    191.282    191.700         36 0.0000e+00
     196486   8186.881   1343.893   1357.000     4.4554     4.4568   3.352866   3.352855     1.9175     1.5934     100.00   24.99942  -93.41621   -0.00001   -0.00001     4.3966     4.4069     4.3434     4.3448    34.9604    34.9588    27.7180    27.7166    1506.45    191.054    191.507         37 0.0000e+00
     196863   8202.604   1329.085   1342.000     4.4707     4.4719   3.353557   3.353523     1.9158     1.5922      97.13   24.99951  -93.41663   -0.00010   -0.00002     4.3801     4.3919     4.3600     4.3612    34.9597    34.9581    27.7157    27.7142    1506.46    190.342    190.854         32 0.0000e+00
     197214   8217.219   1315.264   1328.000     4.4826     4.4839   3.354100   3.354080     1.9158     1.5922     100.00   25.00043  -93.42007    0.00011   -0.00002     4.3705     4.3822     4.3730     4.3743    34.9606    34.9590    27.7149    27.7135    1506.51    189.922    190.432         33 0.0000e+00
     197241   8218.317   1314.276   1327.000     4.4818     4.4826   3.353851   3.353798     1.9153     1.5921     100.00   24.99938  -93.41616   -0.00005    0.00002     4.3682     4.3815     4.3723     4.3731    34.9590    34.9575    27.7137    27.7125    1506.45    189.824    190.400         33 0.0000e+00
     197363   8223.403   1309.340   1322.000     4.4896     4.4911   3.354366   3.354370     1.9147     1.5921     100.00   24.99978  -93.41766   -0.00013   -0.00001     4.3622     4.3778     4.3806     4.3820    34.9592    34.9577    27.7130    27.7116    1506.47    189.564    190.242         32 0.0000e+00
     197510   8229.530   1303.415   1316.000     4.4919     4.4930   3.354258   3.354215     1.9143     1.5904     100.00   24.99935  -93.41603   -0.00004   -0.00024     4.3573     4.3673     4.3833     4.3844    34.9585    34.9569    27.7122    27.7107    1506.45    189.352    189.786         31 0.0000e+00
     198284   8261.794   1272.806   1285.000     4.5321     4.5334   3.356392   3.356351     1.9104     1.5873     100.00   24.99913  -93.41524   -0.00024   -0.00025     4.3208     4.3328     4.4261     4.4273    34.9565    34.9547    27.7058    27.7043    1506.44    187.763    188.285         35 0.0000e+00
     198432   8267.949   1266.881   1279.000     4.5430     4.5446   3.357136   3.357149     1.9095     1.5862     100.00   24.99967  -93.41724   -0.00011   -0.00032     4.3127     4.3237     4.4373     4.4389    34.9567    34.9552    27.7048    27.7035    1506.47    187.414    187.891         34 0.0000e+00
     198463   8269.251   1265.893   1278.000     4.5427     4.5447   3.357015   3.357062     1.9091     1.5857     100.00   24.99938  -93.41618   -0.00018   -0.00042     4.3107     4.3211     4.4371     4.4391    34.9562    34.9546    27.7044    27.7029    1506.45    187.327    187.780         32 0.0000e+00
     198608   8275.296   1259.968   1272.000     4.5503     4.5513   3.357470   3.357443     1.9083     1.5851      99.95   24.99977  -93.41764   -0.00008   -0.00006     4.3036     4.3147     4.4452     4.4463    34.9564    34.9550    27.7037    27.7025    1506.47    187.017    187.501         33 0.0000e+00
     198979   8290.736   1245.154   1257.000     4.5779     4.5789   3.359102   3.359060     1.9042     1.5821     100.00   24.99888  -93.41438   -0.00012   -0.00006     4.2772     4.2913     4.4739     4.4749    34.9539    34.9523    27.6985    27.6972    1506.42    185.872    186.486         30 0.0000e+00
     199434   8309.702   1227.376   1239.000     4.5992     4.6008   3.360294   3.360305     1.9015     1.5798     100.00   24.99984  -93.41798   -0.00005    0.00028     4.2546     4.2696     4.4967     4.4983    34.9544    34.9528    27.6964    27.6950    1506.48    184.890    185.543         35 0.0000e+00
     199580   8315.784   1221.450   1233.000     4.6083     4.6102   3.360803   3.360832     1.9009     1.5787     100.00   24.99959  -93.41703   -0.00009   -0.00029     4.2482     4.2610     4.5063     4.5082    34.9537    34.9520    27.6948    27.6932    1506.46    184.612    185.168         35 0.0000e+00
     199809   8325.349   1212.560   1224.000     4.6203     4.6219   3.361433   3.361433     1.8997     1.5775     100.00   24.99947  -93.41661   -0.00018   -0.00019     4.2376     4.2498     4.5190     4.5206    34.9529    34.9513    27.6927    27.6913    1506.46    184.154    184.683         30 0.0000e+00
     199954   8331.364   1206.633   1218.000     4.6247     4.6260   3.361557   3.361531     1.8986     1.5764     100.00   24.99939  -93.41631   -0.00016   -0.00012     4.2296     4.2420     4.5239     4.5251    34.9527    34.9511    27.6921    27.6906    1506.45    183.802    184.343         38 0.0000e+00
     200102   8337.524   1200.706   1212.000     4.6322     4.6342   3.361927   3.361967     1.8987     1.5764     100.00   24.99924  -93.41577   -0.00004   -0.00007     4.2260     4.2375     4.5318     4.5339    34.9522    34.9505    27.6907    27.6892    1506.44    183.648    184.148         32 0.0000e+00
     200249   8343.666   1195.767   1207.000     4.6445     4.6464   3.362881   3.362913     1.8976     1.5754     100.00   25.00004  -93.41873   -0.00020   -0.00021     4.2177     4.2296     4.5445     4.5463    34.9528    34.9513    27.6899    27.6884    1506.49    183.287    183.803         47 0.0000e+00
     200307   8346.068   1194.779   1206.000     4.6436     4.6457   3.362657   3.362724     1.8966     1.5741     100.00   24.99936  -93.41620   -0.00037   -0.00052     4.2138     4.2241     4.5437     4.5458    34.9517    34.9502    27.6890    27.6877    1506.45    183.120    183.565         46 0.0000e+00
     200345   8347.686   1193.791   1205.000     4.6469     4.6452   3.362910   3.362622     1.8963     1.5740      92.89   24.99936  -93.41620   -0.00030   -0.00038     4.2118     4.2232     4.5471     4.5454    34.9517    34.9501    27.6886    27.6876    1506.45    183.032    183.525         41 0.0000e+00
     200416   8350.641   1192.804   1204.000     4.6467     4.6458   3.362864   3.362645     1.8958     1.5742     100.31   24.99936  -93.41620   -0.00024   -0.00013     4.2096     4.2235     4.5470     4.5461    34.9517    34.9502    27.6887    27.6876    1506.45    182.933    183.540         32 0.0000e+00
     200505   8354.345   1191.816   1203.000     4.6408     4.6457   3.362306   3.362586     1.8952     1.5737      99.82   24.99936  -93.41620   -0.00014   -0.00024     4.2075     4.2210     4.5412     4.5461    34.9519    34.9501    27.6895    27.6875    1506.45    182.843    183.432         49 0.0000e+00
     200612   8358.805   1190.828   1202.000     4.6487     4.6484   3.362935   3.362782     1.8959     1.5743     100.00   24.99936  -93.41620    0.00009    0.00001     4.2083     4.2222     4.5491     4.5488    34.9516    34.9501    27.6883    27.6872    1506.45    182.880    183.483         45 0.0000e+00
     200754   8364.728   1189.840   1201.000     4.6575     4.6590   3.363668   3.363608     1.8952     1.5737     100.00   24.99936  -93.41620   -0.00009   -0.00014     4.2043     4.2183     4.5580     4.5595    34.9513    34.9495    27.6871    27.6855    1506.45    182.705    183.313         35 0.0000e+00
     201776   8407.312   1188.852   1200.000     4.6695     4.6737   3.364653   3.364901     1.8911     1.5697     100.00   24.99936  -93.41620    0.00004   -0.00020     4.1876     4.2005     4.5699     4.5741    34.9507    34.9492    27.6853    27.6837    1506.45    181.979    182.540         68 0.0000e+00
     202244   8426.793   1187.864   1199.000     4.6740     4.6760   3.364978   3.365047     1.8901     1.5690      99.89   24.99936  -93.41620    0.00004   -0.00001     4.1830     4.1968     4.5744     4.5765    34.9503    34.9490    27.6845    27.6832    1506.45    181.781    182.379         56 0.0000e+00
     202260   8427.463   1186.877   1198.000     4.6753     4.6775   3.365074   3.365122     1.8902     1.5697      93.70   24.99936  -93.41620    0.00002    0.00011     4.1827     4.1989     4.5759     4.5781    34.9505    34.9487    27.6845    27.6828    1506.45    181.767    182.471         40 0.0000e+00
     202341   8430.816   1185.889   1197.000     4.6789     4.6799   3.365342   3.365292     1.8902     1.5695     100.45   24.99936  -93.41620    0.00001    0.00005     4.1819     4.1973     4.5795     4.5805    34.9504    34.9488    27.6840    27.6826    1506.45    181.732    182.400         33 0.0000e+00
     202421   8434.183   1182.925   1194.000     4.6924     4.6946   3.366478   3.366555     1.8902     1.5691      95.83   25.00015  -93.41917   -0.00006   -0.00019     4.1783     4.1923     4.5932     4.5953    34.9509    34.9491    27.6829    27.6812    1506.50    181.575    182.184         33 0.0000e+00
     202453   8435.515   1181.937   1193.000     4.6922     4.6956   3.366351   3.366524     1.8897     1.5685     100.09   24.99936  -93.41622   -0.00005   -0.00010     4.1763     4.1893     4.5931     4.5964    34.9501    34.9486    27.6823    27.6807    1506.45    181.491    182.057         42 0.0000e+00
