GOMECC/GOMECC-4/1db/rb2103_0011.ros
* Sea-Bird SBE 9 Data File:
* FileName = C:\Users\scs.user.rb\CTD\GOMECC4\data\rb1203_001.hex
* Software Version Seasave V 7.26.7.107
* Temperature SN = 4799
* Conductivity SN = 3860
* Number of Bytes Per Scan = 41
* Number of Voltage Words = 4
* Number of Scans Averaged by the Deck Unit = 1
* NMEA Latitude = 26 59.84 N
* NMEA Longitude = 079 37.07 W
* NMEA UTC (Time) = Sep 14 2021  14:55:20
* NMEA baud rate = 4800
# nquan = 17
# nvalues = 2394                                  
# units = specified
# name 0 = scan: Scan Count
# name 1 = timeS: Time, Elapsed [seconds]
# name 2 = depSM: Depth [salt water, m]
# name 3 = prDM: Pressure, Digiquartz [db]
# name 4 = t090C: Temperature [ITS-90, deg C]
# name 5 = t190C: Temperature, 2 [ITS-90, deg C]
# name 6 = c0S/m: Conductivity [S/m]
# name 7 = c1S/m: Conductivity, 2 [S/m]
# name 8 = sbeox0V: Oxygen raw, SBE 43 [V]
# name 9 = sbeox1V: Oxygen raw, SBE 43, 2 [V]
# name 10 = altM: Altimeter [m]
# name 11 = latitude: Latitude [deg]
# name 12 = longitude: Longitude [deg]
# name 13 = sbox0dV/dT: Oxygen, SBE 43 [dov/dt]
# name 14 = sbox1dV/dT: Oxygen, SBE 43, 2 [dov/dt]
# name 15 = nbf: Bottles Fired
# name 16 = flag:  0.000e+00
# interval = seconds: 0.0416667
# start_time = Sep 14 2021 14:55:20 [NMEA time, header]
# bad_flag = -9.990e-29
*END*
[from data line 1788]
      98430   4101.208     50.250     50.589    28.5909    28.5919   5.877715   5.878115     3.1624     2.7021     100.00   27.00874  -79.63312   -0.00034    0.00136         14  0.000e+00
      98431   4101.250     50.257     50.596    28.5909    28.5917   5.877754   5.878075     3.1636     2.7021     100.00   27.00874  -79.63312   -0.00033    0.00139         14  0.000e+00
      98432   4101.292     50.363     50.703    28.5905    28.5915   5.877755   5.878067     3.1624     2.7021     100.00   27.00874  -79.63312   -0.00036    0.00143         14  0.000e+00
      98433   4101.333     50.250     50.589    28.5905    28.5915   5.877715   5.878027     3.1636     2.7021     100.00   27.00874  -79.63312   -0.00035    0.00147         14  0.000e+00
      98434   4101.375     50.371     50.710    28.5905    28.5915   5.877778   5.878051     3.1624     2.7021     100.00   27.00874  -79.63312   -0.00035    0.00150         14  0.000e+00
      98435   4101.417     50.250     50.589    28.5905    28.5913   5.877810   5.878067     3.1624     2.7021     100.00   27.00874  -79.63312   -0.00038    0.00154         14  0.000e+00
      98436   4101.458     50.318     50.657    28.5909    28.5915   5.877842   5.878027     3.1636     2.7033     100.00   27.00874  -79.63312   -0.00038    0.00159         14  0.000e+00
      98437   4101.500     50.310     50.650    28.5911    28.5917   5.877739   5.878051     3.1636     2.7021     100.00   27.00874  -79.63312   -0.00038    0.00162         14  0.000e+00
      98438   4101.542     50.310     50.650    28.5913    28.5916   5.877778   5.878027     3.1636     2.7033     100.00   27.00874  -79.63312   -0.00039    0.00167         14  0.000e+00
      98439   4101.583     50.318     50.657    28.5916    28.5915   5.877802   5.878019     3.1648     2.7033     100.00   27.00874  -79.63312   -0.00037    0.00171         14  0.000e+00
      98440   4101.625     50.363     50.703    28.5918    28.5913   5.877778   5.878019     3.1648     2.7021     100.00   27.00874  -79.63312   -0.00035    0.00174         14  0.000e+00
      98441   4101.667     50.318     50.657    28.5916    28.5913   5.877794   5.878051     3.1636     2.7033     100.00   27.00874  -79.63312   -0.00035    0.00178         14  0.000e+00
      98442   4101.708     50.310     50.650    28.5912    28.5913   5.877802   5.878027     3.1648     2.7033     100.00   27.00874  -79.63312   -0.00036    0.00183         14  0.000e+00
      98443   4101.750     50.363     50.703    28.5907    28.5913   5.877731   5.877978     3.1648     2.7033     100.00   27.00874  -79.63312   -0.00034    0.00187         14  0.000e+00
      98444   4101.792     50.318     50.657    28.5911    28.5913   5.877786   5.878002     3.1648     2.7033     100.00   27.00876  -79.63312   -0.00034    0.00191         14  0.000e+00
      98445   4101.833     50.311     50.650    28.5911    28.5913   5.877802   5.878019     3.1648     2.7033     100.00   27.00876  -79.63312   -0.00034    0.00195         14  0.000e+00
      98446   4101.875     50.318     50.657    28.5911    28.5912   5.877802   5.878051     3.1648     2.7033     100.00   27.00876  -79.63312   -0.00032    0.00198         14  0.000e+00
      98447   4101.917     50.363     50.703    28.5915    28.5913   5.877802   5.877994     3.1648     2.7033     100.00   27.00876  -79.63312   -0.00030    0.00200         14  0.000e+00
      98448   4101.958     50.311     50.650    28.5916    28.5915   5.877834   5.878043     3.1661     2.7021     100.00   27.00876  -79.63312   -0.00029    0.00200         14  0.000e+00
      98449   4102.000     50.318     50.657    28.5916    28.5912   5.877786   5.878027     3.1661     2.7021     100.00   27.00876  -79.63312   -0.00025    0.00200         14  0.000e+00
      98450   4102.042     50.311     50.650    28.5920    28.5915   5.877794   5.878019     3.1648     2.7021     100.00   27.00876  -79.63312   -0.00025    0.00199         14  0.000e+00
      98451   4102.083     50.318     50.657    28.5918    28.5913   5.877834   5.878019     3.1661     2.7021     100.00   27.00876  -79.63312   -0.00023    0.00197         14  0.000e+00
      98452   4102.125     50.364     50.703    28.5916    28.5913   5.877810   5.878019     3.1648     2.7009     100.00   27.00876  -79.63312   -0.00022    0.00193         14  0.000e+00
      98453   4102.167     50.311     50.650    28.5918    28.5914   5.877810   5.878027     3.1648     2.7009     100.00   27.00876  -79.63312   -0.00020    0.00188         14  0.000e+00
      98454   4102.208     50.318     50.658    28.5915    28.5912   5.877731   5.877986     3.1648     2.7009     100.00   27.00876  -79.63312   -0.00018    0.00182         14  0.000e+00
      98455   4102.250     50.311     50.650    28.5916    28.5912   5.877850   5.878043     3.1648     2.7009     100.00   27.00876  -79.63312   -0.00016    0.00177         14  0.000e+00
      98456   4102.292     50.318     50.658    28.5915    28.5910   5.877786   5.877994     3.1648     2.6996     100.00   27.00876  -79.63312   -0.00014    0.00169         14  0.000e+00
      98457   4102.333     50.311     50.650    28.5914    28.5912   5.877762   5.877970     3.1661     2.6996     100.00   27.00876  -79.63312   -0.00011    0.00162         14  0.000e+00
      98458   4102.375     50.371     50.711    28.5915    28.5910   5.877794   5.878003     3.1648     2.6984     100.00   27.00876  -79.63312   -0.00009    0.00152         14  0.000e+00
      98459   4102.417     50.311     50.650    28.5914    28.5912   5.877802   5.878019     3.1648     2.6984     100.00   27.00876  -79.63312   -0.00007    0.00141         14  0.000e+00
      98460   4102.458     50.311     50.650    28.5915    28.5913   5.877834   5.878019     3.1648     2.6984     100.00   27.00876  -79.63312   -0.00005    0.00133         14  0.000e+00
      98461   4102.500     50.318     50.658    28.5914    28.5912   5.877778   5.877978     3.1661     2.6984     100.00   27.00876  -79.63312   -0.00001    0.00124         14  0.000e+00
      98462   4102.542     50.250     50.589    28.5916    28.5913   5.877802   5.878002     3.1661     2.6972     100.00   27.00876  -79.63312    0.00003    0.00111         14  0.000e+00
      98463   4102.583     50.318     50.658    28.5916    28.5912   5.877802   5.878019     3.1661     2.6972     100.00   27.00876  -79.63312    0.00006    0.00099         14  0.000e+00
      98464   4102.625     50.250     50.589    28.5914    28.5913   5.877762   5.878019     3.1661     2.6960     100.00   27.00876  -79.63312    0.00010    0.00084         14  0.000e+00
      98465   4102.667     50.311     50.650    28.5915    28.5912   5.877715   5.877978     3.1661     2.6960     100.00   27.00876  -79.63312    0.00014    0.00072         14  0.000e+00
      98466   4102.708     50.258     50.597    28.5914    28.5913   5.877754   5.877970     3.1648     2.6960     100.00   27.00876  -79.63312    0.00016    0.00059         14  0.000e+00
      98467   4102.750     50.250     50.589    28.5913    28.5909   5.877723   5.877930     3.1648     2.6960     100.00   27.00876  -79.63312    0.00016    0.00047         14  0.000e+00
      98468   4102.792     50.258     50.597    28.5916    28.5912   5.877778   5.877994     3.1648     2.6960     100.00   27.00876  -79.63312    0.00017    0.00036         14  0.000e+00
      98469   4102.833     50.250     50.589    28.5913    28.5912   5.877731   5.877978     3.1661     2.6947     100.00   27.00876  -79.63312    0.00019    0.00023         14  0.000e+00
      98470   4102.875     50.250     50.589    28.5912    28.5912   5.877715   5.877970     3.1648     2.6960     100.00   27.00876  -79.63312    0.00019    0.00013         14  0.000e+00
      98471   4102.917     50.205     50.544    28.5911    28.5912   5.877747   5.877970     3.1648     2.6960     100.00   27.00876  -79.63312    0.00017    0.00002         14  0.000e+00
      98472   4102.958     50.250     50.589    28.5911    28.5910   5.877715   5.877930     3.1648     2.6960     100.00   27.00876  -79.63312    0.00016   -0.00009         14  0.000e+00
      98473   4103.000     50.258     50.597    28.5912    28.5910   5.877707   5.877922     3.1648     2.6960     100.00   27.00876  -79.63312    0.00014   -0.00019         14  0.000e+00
      98474   4103.042     50.145     50.483    28.5913    28.5910   5.877707   5.877954     3.1648     2.6960     100.00   27.00876  -79.63312    0.00014   -0.00030         14  0.000e+00
      98475   4103.083     50.198     50.536    28.5912    28.5912   5.877754   5.877970     3.1648     2.6960     100.00   27.00876  -79.63312    0.00013   -0.00040         14  0.000e+00
      98476   4103.125     50.205     50.544    28.5913    28.5910   5.877754   5.878002     3.1648     2.6960     100.00   27.00876  -79.63312    0.00011   -0.00051         14  0.000e+00
      98477   4103.167     50.251     50.589    28.5914    28.5913   5.877754   5.878019     3.1648     2.6960     100.00   27.00876  -79.63312    0.00009   -0.00060         14  0.000e+00
      98478   4103.208     50.205     50.544    28.5913    28.5915   5.877754   5.878091     3.1648     2.6960     100.00   27.00876  -79.63312    0.00008   -0.00068         14  0.000e+00
      98479   4103.250     50.198     50.536    28.5912    28.5915   5.877762   5.878002     3.1648     2.6960     100.00   27.00876  -79.63312    0.00006   -0.00077         14  0.000e+00
      98480   4103.292     50.145     50.483    28.5913    28.5917   5.877794   5.878002     3.1636     2.6960     100.00   27.00876  -79.63312    0.00002   -0.00085         14  0.000e+00
      98481   4103.333     50.152     50.491    28.5912    28.5921   5.877802   5.878091     3.1636     2.6960     100.00   27.00876  -79.63312   -0.00001   -0.00094         14  0.000e+00
      98482   4103.375     50.198     50.536    28.5913    28.5923   5.877731   5.878043     3.1636     2.6947     100.00   27.00876  -79.63312   -0.00005   -0.00104         14  0.000e+00
      98483   4103.417     50.039     50.376    28.5911    28.5923   5.877738   5.878051     3.1636     2.6960     100.00   27.00876  -79.63312   -0.00008   -0.00112         14  0.000e+00
      98484   4103.458     50.198     50.536    28.5912    28.5923   5.877762   5.878099     3.1636     2.6960     100.00   27.00876  -79.63312   -0.00012   -0.00120         14  0.000e+00
      98485   4103.500     50.145     50.483    28.5918    28.5923   5.877794   5.878075     3.1636     2.6960     100.00   27.00876  -79.63312   -0.00016   -0.00126         14  0.000e+00
      98486   4103.542     50.152     50.491    28.5916    28.5923   5.877762   5.878075     3.1636     2.6960     100.00   27.00876  -79.63312   -0.00019   -0.00133         14  0.000e+00
      98487   4103.583     50.084     50.422    28.5916    28.5923   5.877786   5.878139     3.1636     2.6960     100.00   27.00876  -79.63312   -0.00023   -0.00139         14  0.000e+00
      98488   4103.625     50.092     50.430    28.5916    28.5921   5.877778   5.878091     3.1636     2.6960     100.00   27.00876  -79.63312   -0.00026   -0.00145         14  0.000e+00
      98489   4103.667     50.145     50.483    28.5916    28.5921   5.877794   5.878027     3.1624     2.6960     100.00   27.00876  -79.63312   -0.00030   -0.00151         14  0.000e+00
      98490   4103.708     50.085     50.422    28.5918    28.5917   5.877762   5.878018     3.1636     2.6960     100.00   27.00876  -79.63312   -0.00033   -0.00156         14  0.000e+00
      98491   4103.750     50.039     50.377    28.5916    28.5915   5.877786   5.878018     3.1624     2.6960     100.00   27.00876  -79.63312   -0.00037   -0.00162         14  0.000e+00
      98492   4103.792     50.085     50.422    28.5918    28.5913   5.877738   5.877978     3.1636     2.6947     100.00   27.00878  -79.63312   -0.00038   -0.00169         14  0.000e+00
      98493   4103.833     50.092     50.430    28.5920    28.5915   5.877778   5.877930     3.1636     2.6947     100.00   27.00878  -79.63312   -0.00040   -0.00177         14  0.000e+00
      98494   4103.875     50.032     50.369    28.5923    28.5913   5.877834   5.877994     3.1636     2.6960     100.00   27.00878  -79.63312   -0.00041   -0.00182         14  0.000e+00
      98495   4103.917     50.085     50.422    28.5925    28.5910   5.877778   5.877946     3.1624     2.6947     100.00   27.00878  -79.63312   -0.00043   -0.00189         14  0.000e+00
      98496   4103.958     50.039     50.377    28.5920    28.5908   5.877754   5.877922     3.1624     2.6935     100.00   27.00878  -79.63312   -0.00044   -0.00197         14  0.000e+00
      98497   4104.000     50.032     50.369    28.5918    28.5909   5.877834   5.877922     3.1624     2.6947     100.00   27.00878  -79.63312   -0.00046   -0.00202         14  0.000e+00
      98498   4104.042     50.039     50.377    28.5918    28.5904   5.877778   5.877882     3.1624     2.6947     100.00   27.00878  -79.63312   -0.00045   -0.00207         14  0.000e+00
      98499   4104.083     50.032     50.369    28.5918    28.5904   5.877754   5.877833     3.1624     2.6935     100.00   27.00878  -79.63312   -0.00044   -0.00213         14  0.000e+00
      98500   4104.125     50.032     50.369    28.5918    28.5904   5.877715   5.877825     3.1624     2.6935     100.00   27.00878  -79.63312   -0.00045   -0.00219         14  0.000e+00
      98501   4104.167     49.979     50.316    28.5920    28.5902   5.877715   5.877785     3.1624     2.6935     100.00   27.00878  -79.63312   -0.00046   -0.00225         14  0.000e+00
      98502   4104.208     50.032     50.369    28.5913    28.5904   5.877707   5.877809     3.1624     2.6935     100.00   27.00878  -79.63312   -0.00047   -0.00229         14  0.000e+00
      98503   4104.250     50.039     50.377    28.5912    28.5902   5.877667   5.877858     3.1624     2.6935     100.00   27.00878  -79.63312   -0.00047   -0.00232         14  0.000e+00
     101367   4223.583     35.121     35.356    29.1954    29.1963   5.935642   5.936043     3.1746     2.6996     100.00   27.01012  -79.63362   -0.00050   -0.00021         15  0.000e+00
     101368   4223.625     35.287     35.524    29.1954    29.1963   5.935618   5.936002     3.1746     2.6984     100.00   27.01012  -79.63362   -0.00049   -0.00022         15  0.000e+00
     101369   4223.667     35.234     35.471    29.1954    29.1965   5.935642   5.936035     3.1746     2.6984     100.00   27.01012  -79.63362   -0.00047   -0.00023         15  0.000e+00
     101370   4223.708     35.310     35.547    29.1956    29.1963   5.935658   5.936043     3.1746     2.6984     100.00   27.01012  -79.63362   -0.00046   -0.00024         15  0.000e+00
     101371   4223.750     35.234     35.471    29.1958    29.1963   5.935690   5.936043     3.1746     2.6984     100.00   27.01012  -79.63362   -0.00044   -0.00025         15  0.000e+00
     101372   4223.792     35.348     35.585    29.1958    29.1965   5.935706   5.936043     3.1734     2.6984     100.00   27.01012  -79.63362   -0.00044   -0.00025         15  0.000e+00
     101373   4223.833     35.181     35.417    29.1956    29.1963   5.935706   5.936002     3.1746     2.6972     100.00   27.01012  -79.63362   -0.00043   -0.00027         15  0.000e+00
     101374   4223.875     35.234     35.471    29.1956    29.1963   5.935634   5.936035     3.1734     2.6972     100.00   27.01012  -79.63362   -0.00043   -0.00031         15  0.000e+00
     101375   4223.917     35.348     35.585    29.1956    29.1965   5.935642   5.936043     3.1734     2.6972     100.00   27.01012  -79.63362   -0.00043   -0.00032         15  0.000e+00
     101376   4223.958     35.234     35.471    29.1956    29.1963   5.935658   5.936002     3.1734     2.6972     100.00   27.01012  -79.63362   -0.00044   -0.00035         15  0.000e+00
