GOMECC/GOMECC-4/1db/rb2103_0171.ros
* Sea-Bird SBE 9 Data File:
* FileName = C:\Users\scs.user.rb\CTD\GOMECC4\data\rb2103_0171.hex
* Software Version Seasave V 7.26.7.107
* Temperature SN = 4799
* Conductivity SN = 3860
* Number of Bytes Per Scan = 41
* Number of Voltage Words = 4
* Number of Scans Averaged by the Deck Unit = 1
* NMEA Latitude = 27 46.70 N
* NMEA Longitude = 083 19.94 W
* NMEA UTC (Time) = Sep 19 2021  10:40:02
* NMEA baud rate = 4800
# nquan = 17
# nvalues = 532                                   
# units = specified
# name 0 = scan: Scan Count
# name 1 = timeS: Time, Elapsed [seconds]
# name 2 = depSM: Depth [salt water, m]
# name 3 = prDM: Pressure, Digiquartz [db]
# name 4 = t090C: Temperature [ITS-90, deg C]
# name 5 = t190C: Temperature, 2 [ITS-90, deg C]
# name 6 = c0S/m: Conductivity [S/m]
# name 7 = c1S/m: Conductivity, 2 [S/m]
# name 8 = sbeox0V: Oxygen raw, SBE 43 [V]
# name 9 = sbeox1V: Oxygen raw, SBE 43, 2 [V]
# name 10 = altM: Altimeter [m]
# name 11 = latitude: Latitude [deg]
# name 12 = longitude: Longitude [deg]
# name 13 = sbox0dV/dT: Oxygen, SBE 43 [dov/dt]
# name 14 = sbox1dV/dT: Oxygen, SBE 43, 2 [dov/dt]
# name 15 = nbf: Bottles Fired
# name 16 = flag:  0.000e+00
# interval = seconds: 0.0416667
# start_time = Sep 19 2021 10:40:02 [NMEA time, header]
# bad_flag = -9.990e-29
*END*
[from data line 511]
      18213    758.833      3.738      3.763    29.3528    29.3572   5.924666   5.925636     3.1197     2.6484      27.67   27.77824  -83.33234   -0.00060   -0.00041          4  0.000e+00
      18214    758.875      3.776      3.801    29.3528    29.3573   5.924666   5.925620     3.1197     2.6471      27.67   27.77824  -83.33234   -0.00061   -0.00042          4  0.000e+00
      18215    758.917      3.677      3.702    29.3530    29.3572   5.924698   5.925644     3.1184     2.6471      27.67   27.77824  -83.33234   -0.00063   -0.00042          4  0.000e+00
      18216    758.958      3.776      3.801    29.3528    29.3574   5.924666   5.925661     3.1184     2.6471      27.67   27.77824  -83.33234   -0.00066   -0.00043          4  0.000e+00
      18217    759.000      3.738      3.763    29.3528    29.3577   5.924658   5.925661     3.1197     2.6459      27.67   27.77824  -83.33234   -0.00066   -0.00045          4  0.000e+00
      18218    759.042      3.738      3.763    29.3528    29.3576   5.924698   5.925661     3.1197     2.6471      27.67   27.77824  -83.33234   -0.00067   -0.00043          4  0.000e+00
      18219    759.083      3.723      3.748    29.3530    29.3573   5.924674   5.925661     3.1197     2.6459      27.67   27.77824  -83.33234   -0.00067   -0.00044          4  0.000e+00
      18220    759.125      3.677      3.702    29.3532    29.3572   5.924738   5.925588     3.1184     2.6471      27.67   27.77824  -83.33234   -0.00068   -0.00044          4  0.000e+00
      18221    759.167      3.662      3.687    29.3536    29.3570   5.924794   5.925564     3.1197     2.6471      27.67   27.77824  -83.33234   -0.00067   -0.00044          4  0.000e+00
      18222    759.208      3.624      3.649    29.3538    29.3570   5.924802   5.925636     3.1197     2.6471      27.67   27.77824  -83.33234   -0.00065   -0.00043          4  0.000e+00
      18223    759.250      3.677      3.702    29.3536    29.3573   5.924802   5.925620     3.1197     2.6471      27.67   27.77824  -83.33234   -0.00064   -0.00042          4  0.000e+00
      18224    759.292      3.609      3.633    29.3536    29.3572   5.924738   5.925644     3.1209     2.6484      27.67   27.77824  -83.33234   -0.00060   -0.00040          4  0.000e+00
      18225    759.333      3.624      3.649    29.3536    29.3570   5.924786   5.925620     3.1197     2.6496      27.67   27.77824  -83.33234   -0.00059   -0.00035          4  0.000e+00
      18226    759.375      3.564      3.588    29.3540    29.3573   5.924842   5.925612     3.1197     2.6496      27.67   27.77824  -83.33234   -0.00057   -0.00032          4  0.000e+00
      18227    759.417      3.609      3.633    29.3540    29.3572   5.924850   5.925572     3.1197     2.6496      27.67   27.77824  -83.33234   -0.00054   -0.00030          4  0.000e+00
      18228    759.458      3.564      3.588    29.3541    29.3573   5.924889   5.925564     3.1197     2.6508      27.67   27.77824  -83.33234   -0.00050   -0.00027          4  0.000e+00
      18229    759.500      3.549      3.573    29.3543    29.3570   5.924905   5.925636     3.1209     2.6508      27.67   27.77824  -83.33234   -0.00045   -0.00024          4  0.000e+00
      18230    759.542      3.511      3.535    29.3545    29.3571   5.924937   5.925620     3.1197     2.6520      27.67   27.77824  -83.33234   -0.00041   -0.00020          4  0.000e+00
      18231    759.583      3.511      3.535    29.3547    29.3572   5.924953   5.925644     3.1197     2.6520      27.67   27.77824  -83.33234   -0.00037   -0.00017          4  0.000e+00
      18232    759.625      3.549      3.573    29.3543    29.3570   5.924905   5.925620     3.1209     2.6532      27.67   27.77824  -83.33234   -0.00029   -0.00013          4  0.000e+00
      18233    759.667      3.458      3.481    29.3545    29.3570   5.924937   5.925572     3.1197     2.6532      27.67   27.77824  -83.33234   -0.00025   -0.00009          4  0.000e+00
