GOMECC/GOMECC-4/1db/rb2103_0931.ros
* Sea-Bird SBE 9 Data File:
* FileName = C:\Users\scs.user.rb\CTD\GOMECC4\data\rb2103_0931.hex
* Software Version Seasave V 7.26.7.107
* Temperature SN = 4799
* Conductivity SN = 3860
* Number of Bytes Per Scan = 41
* Number of Voltage Words = 4
* Number of Scans Averaged by the Deck Unit = 1
* NMEA Latitude = 21 10.01 N
* NMEA Longitude = 090 46.10 W
* NMEA UTC (Time) = Oct 10 2021  15:16:22
* NMEA baud rate = 4800
# nquan = 17
# nvalues = 798                                   
# units = specified
# name 0 = scan: Scan Count
# name 1 = timeS: Time, Elapsed [seconds]
# name 2 = depSM: Depth [salt water, m]
# name 3 = prDM: Pressure, Digiquartz [db]
# name 4 = t090C: Temperature [ITS-90, deg C]
# name 5 = t190C: Temperature, 2 [ITS-90, deg C]
# name 6 = c0S/m: Conductivity [S/m]
# name 7 = c1S/m: Conductivity, 2 [S/m]
# name 8 = sbeox0V: Oxygen raw, SBE 43 [V]
# name 9 = sbeox1V: Oxygen raw, SBE 43, 2 [V]
# name 10 = altM: Altimeter [m]
# name 11 = latitude: Latitude [deg]
# name 12 = longitude: Longitude [deg]
# name 13 = sbox0dV/dT: Oxygen, SBE 43 [dov/dt]
# name 14 = sbox1dV/dT: Oxygen, SBE 43, 2 [dov/dt]
# name 15 = nbf: Bottles Fired
# name 16 = flag:  0.000e+00
# interval = seconds: 0.0416667
# start_time = Oct 10 2021 15:16:22 [NMEA time, header]
# bad_flag = -9.990e-29
*END*
      17568    731.958     19.144     19.264    29.3669    29.3663   6.003060   6.003410     3.1062     2.6227       3.91   21.16670  -90.76698   -0.00026   -0.00099          1  0.000e+00
      17569    732.000     19.354     19.475    29.3667    29.3662   6.003100   6.003377     3.1062     2.6227       3.91   21.16670  -90.76698   -0.00029   -0.00106          1  0.000e+00
      17570    732.042     19.151     19.271    29.3669    29.3669   6.003076   6.003410     3.1062     2.6227       3.88   21.16670  -90.76698   -0.00032   -0.00114          1  0.000e+00
      17571    732.083     19.293     19.414    29.3665    29.3668   6.003100   6.003377     3.1062     2.6227       3.91   21.16670  -90.76698   -0.00035   -0.00121          1  0.000e+00
      17572    732.125     19.205     19.325    29.3667    29.3667   6.003116   6.003410     3.1062     2.6215       3.88   21.16670  -90.76698   -0.00038   -0.00130          1  0.000e+00
      17573    732.167     19.205     19.325    29.3666    29.3668   6.003108   6.003385     3.1062     2.6215       3.88   21.16670  -90.76698   -0.00040   -0.00137          1  0.000e+00
      17574    732.208     19.198     19.319    29.3667    29.3667   6.003108   6.003402     3.1050     2.6215       3.88   21.16670  -90.76698   -0.00043   -0.00144          1  0.000e+00
      17575    732.250     19.205     19.325    29.3667    29.3669   6.003076   6.003385     3.1050     2.6203       3.91   21.16670  -90.76698   -0.00048   -0.00153          1  0.000e+00
      17576    732.292     19.253     19.373    29.3667    29.3668   6.003100   6.003361     3.1062     2.6215       3.88   21.16670  -90.76698   -0.00050   -0.00160          1  0.000e+00
      17577    732.333     19.205     19.325    29.3667    29.3669   6.003076   6.003410     3.1050     2.6203       3.91   21.16670  -90.76698   -0.00054   -0.00167          1  0.000e+00
      17578    732.375     19.198     19.319    29.3667    29.3668   6.003092   6.003377     3.1050     2.6215       3.88   21.16670  -90.76698   -0.00059   -0.00172          1  0.000e+00
      17579    732.417     19.253     19.373    29.3665    29.3669   6.003076   6.003337     3.1050     2.6203       3.88   21.16670  -90.76698   -0.00063   -0.00178          1  0.000e+00
      17580    732.458     19.205     19.325    29.3667    29.3670   6.003068   6.003402     3.1050     2.6203       3.86   21.16670  -90.76698   -0.00067   -0.00185          1  0.000e+00
      17581    732.500     19.198     19.319    29.3667    29.3669   6.003068   6.003410     3.1050     2.6203       3.88   21.16670  -90.76698   -0.00071   -0.00191          1  0.000e+00
      17582    732.542     19.253     19.373    29.3669    29.3668   6.003100   6.003385     3.1062     2.6203       3.88   21.16670  -90.76698   -0.00073   -0.00196          1  0.000e+00
      17583    732.583     19.205     19.325    29.3667    29.3669   6.003140   6.003402     3.1062     2.6203       3.88   21.16670  -90.76698   -0.00075   -0.00200          1  0.000e+00
      17584    732.625     19.198     19.319    29.3667    29.3670   6.003084   6.003385     3.1050     2.6215       3.88   21.16670  -90.76698   -0.00079   -0.00202          1  0.000e+00
      17585    732.667     19.253     19.373    29.3667    29.3669   6.003100   6.003402     3.1062     2.6215       3.88   21.16670  -90.76698   -0.00081   -0.00204          1  0.000e+00
      17586    732.708     19.205     19.325    29.3667    29.3668   6.003116   6.003345     3.1050     2.6215       3.88   21.16670  -90.76698   -0.00083   -0.00206          1  0.000e+00
      17587    732.750     19.198     19.319    29.3665    29.3671   6.003068   6.003353     3.1050     2.6227       3.88   21.16670  -90.76698   -0.00085   -0.00207          1  0.000e+00
      17588    732.792     19.253     19.373    29.3665    29.3668   6.003100   6.003369     3.1050     2.6227       3.88   21.16670  -90.76698   -0.00089   -0.00207          1  0.000e+00
      17589    732.833     19.205     19.325    29.3667    29.3667   6.003116   6.003337     3.1050     2.6239       3.88   21.16670  -90.76698   -0.00092   -0.00205          1  0.000e+00
      17590    732.875     19.205     19.325    29.3667    29.3666   6.003076   6.003312     3.1050     2.6239       3.88   21.16670  -90.76698   -0.00094   -0.00203          1  0.000e+00
      17591    732.917     19.246     19.366    29.3669    29.3665   6.003100   6.003393     3.1050     2.6239       3.88   21.16670  -90.76698   -0.00095   -0.00201          1  0.000e+00
      17592    732.958     19.205     19.325    29.3669    29.3664   6.003036   6.003377     3.1050     2.6252       3.88   21.16670  -90.76698   -0.00097   -0.00197          1  0.000e+00
      17593    733.000     19.205     19.325    29.3672    29.3665   6.003084   6.003369     3.1050     2.6252       3.88   21.16670  -90.76698   -0.00100   -0.00194          1  0.000e+00
      17594    733.042     19.246     19.366    29.3672    29.3666   6.003116   6.003361     3.1050     2.6252       3.88   21.16670  -90.76698   -0.00103   -0.00190          1  0.000e+00
      17595    733.083     19.253     19.373    29.3674    29.3665   6.003116   6.003337     3.1050     2.6264       3.88   21.16670  -90.76698   -0.00106   -0.00186          1  0.000e+00
      17596    733.125     19.205     19.325    29.3670    29.3664   6.003044   6.003353     3.1050     2.6252       3.88   21.16670  -90.76698   -0.00109   -0.00182          1  0.000e+00
      17597    733.167     19.198     19.319    29.3676    29.3663   6.003084   6.003337     3.1050     2.6252       3.88   21.16670  -90.76698   -0.00112   -0.00180          1  0.000e+00
      17598    733.208     19.253     19.373    29.3676    29.3664   6.003108   6.003329     3.1050     2.6264       3.88   21.16670  -90.76698   -0.00112   -0.00176          1  0.000e+00
      17599    733.250     19.205     19.325    29.3674    29.3663   6.003116   6.003312     3.1050     2.6252       3.88   21.16670  -90.76698   -0.00113   -0.00174          1  0.000e+00
      17600    733.292     19.198     19.319    29.3674    29.3662   6.003116   6.003320     3.1050     2.6252       3.88   21.16670  -90.76698   -0.00114   -0.00170          1  0.000e+00
      17601    733.333     19.253     19.373    29.3672    29.3663   6.003108   6.003312     3.1050     2.6264       3.88   21.16670  -90.76698   -0.00115   -0.00165          1  0.000e+00
      17602    733.375     19.253     19.373    29.3669    29.3664   6.003108   6.003320     3.1050     2.6252       3.88   21.16670  -90.76698   -0.00115   -0.00161          1  0.000e+00
      17603    733.417     19.205     19.325    29.3670    29.3663   6.003156   6.003312     3.1062     2.6264       3.91   21.16670  -90.76698   -0.00114   -0.00155          1  0.000e+00
      17604    733.458     19.246     19.366    29.3672    29.3668   6.003124   6.003288     3.1050     2.6264       3.91   21.16670  -90.76698   -0.00114   -0.00150          1  0.000e+00
      17605    733.500     19.253     19.373    29.3674    29.3667   6.003116   6.003304     3.1050     2.6252       3.91   21.16670  -90.76698   -0.00115   -0.00144          1  0.000e+00
      17606    733.542     19.205     19.325    29.3674    29.3670   6.003068   6.003320     3.1050     2.6252       3.91   21.16670  -90.76698   -0.00115   -0.00138          1  0.000e+00
      17607    733.583     19.246     19.366    29.3674    29.3667   6.003100   6.003328     3.1050     2.6264       3.91   21.16670  -90.76698   -0.00115   -0.00131          1  0.000e+00
      17608    733.625     19.205     19.325    29.3678    29.3670   6.003156   6.003353     3.1062     2.6264       3.91   21.16670  -90.76698   -0.00113   -0.00123          1  0.000e+00
      17609    733.667     19.253     19.373    29.3676    29.3665   6.003124   6.003369     3.1050     2.6264       3.91   21.16670  -90.76698   -0.00113   -0.00116          1  0.000e+00
      17610    733.708     19.246     19.366    29.3670    29.3668   6.003156   6.003328     3.1062     2.6264       3.88   21.16670  -90.76698   -0.00111   -0.00108          1  0.000e+00
      17611    733.750     19.253     19.373    29.3667    29.3667   6.003156   6.003320     3.1050     2.6264       3.91   21.16670  -90.76698   -0.00109   -0.00100          1  0.000e+00
      17612    733.792     19.205     19.325    29.3665    29.3666   6.003124   6.003353     3.1062     2.6264       3.91   21.16670  -90.76698   -0.00107   -0.00092          1  0.000e+00
      17613    733.833     19.246     19.366    29.3663    29.3665   6.003076   6.003369     3.1062     2.6264       3.91   21.16670  -90.76698   -0.00104   -0.00083          1  0.000e+00
      17614    733.875     19.253     19.373    29.3661    29.3664   6.003140   6.003329     3.1062     2.6276       3.91   21.16670  -90.76698   -0.00102   -0.00072          1  0.000e+00
      17615    733.917     19.253     19.373    29.3663    29.3663   6.003124   6.003320     3.1062     2.6276       3.91   21.16670  -90.76698   -0.00100   -0.00060          1  0.000e+00
      17616    733.958     19.253     19.373    29.3661    29.3664   6.003068   6.003329     3.1062     2.6276       3.91   21.16670  -90.76698   -0.00097   -0.00049          1  0.000e+00
      17617    734.000     19.246     19.366    29.3663    29.3663   6.003100   6.003280     3.1062     2.6276       3.91   21.16670  -90.76698   -0.00093   -0.00036          1  0.000e+00
      17618    734.042     19.253     19.373    29.3665    29.3671   6.003116   6.003345     3.1062     2.6276       3.91   21.16670  -90.76698   -0.00090   -0.00022          1  0.000e+00
      17619    734.083     19.205     19.325    29.3663    29.3671   6.003076   6.003328     3.1062     2.6276       3.91   21.16670  -90.76698   -0.00088   -0.00009          1  0.000e+00
      17620    734.125     19.246     19.366    29.3663    29.3675   6.003060   6.003393     3.1074     2.6276       3.91   21.16670  -90.76698   -0.00083    0.00006          1  0.000e+00
      17621    734.167     19.253     19.373    29.3663    29.3674   6.003100   6.003337     3.1062     2.6276       3.91   21.16670  -90.76698   -0.00080    0.00020          1  0.000e+00
      17622    734.208     19.253     19.373    29.3663    29.3677   6.003076   6.003393     3.1074     2.6276       3.91   21.16670  -90.76698   -0.00076    0.00035          1  0.000e+00
      17623    734.250     19.246     19.366    29.3663    29.3678   6.003100   6.003377     3.1074     2.6264       3.91   21.16670  -90.76698   -0.00071    0.00047          1  0.000e+00
      17624    734.292     19.205     19.325    29.3663    29.3679   6.003076   6.003410     3.1074     2.6264       3.91   21.16670  -90.76698   -0.00066    0.00059          1  0.000e+00
      17625    734.333     19.252     19.373    29.3665    29.3678   6.003060   6.003385     3.1074     2.6264       3.91   21.16670  -90.76698   -0.00062    0.00071          1  0.000e+00
      17626    734.375     19.246     19.366    29.3666    29.3679   6.003100   6.003361     3.1074     2.6264       3.86   21.16670  -90.76698   -0.00057    0.00084          1  0.000e+00
      17627    734.417     19.252     19.373    29.3665    29.3674   6.003116   6.003369     3.1074     2.6264       3.86   21.16670  -90.76698   -0.00052    0.00094          1  0.000e+00
      17628    734.458     19.252     19.373    29.3665    29.3675   6.003076   6.003434     3.1074     2.6264       3.86   21.16670  -90.76698   -0.00047    0.00105          1  0.000e+00
      17629    734.500     19.205     19.325    29.3663    29.3672   6.003100   6.003393     3.1074     2.6264       3.86   21.16670  -90.76698   -0.00042    0.00116          1  0.000e+00
      17630    734.542     19.293     19.414    29.3663    29.3669   6.003068   6.003402     3.1074     2.6264       3.86   21.16670  -90.76698   -0.00037    0.00125          1  0.000e+00
      17631    734.583     19.252     19.373    29.3663    29.3670   6.003100   6.003418     3.1074     2.6264       3.86   21.16670  -90.76698   -0.00032    0.00132          1  0.000e+00
      17632    734.625     19.252     19.373    29.3665    29.3672   6.003116   6.003410     3.1074     2.6264       3.86   21.16670  -90.76698   -0.00029    0.00140          1  0.000e+00
      17633    734.667     19.198     19.319    29.3669    29.3675   6.003116   6.003458     3.1087     2.6264       3.86   21.16670  -90.76698   -0.00023    0.00145          1  0.000e+00
      17634    734.708     19.252     19.373    29.3669    29.3674   6.003140   6.003434     3.1074     2.6264       3.86   21.16670  -90.76698   -0.00018    0.00151          1  0.000e+00
      17635    734.750     19.252     19.373    29.3670    29.3679   6.003084   6.003450     3.1074     2.6264       3.86   21.16670  -90.76698   -0.00013    0.00154          1  0.000e+00
      17636    734.792     19.246     19.366    29.3670    29.3680   6.003100   6.003466     3.1074     2.6264       3.86   21.16670  -90.76698   -0.00009    0.00158          1  0.000e+00
      17637    734.833     19.252     19.373    29.3669    29.3679   6.003116   6.003426     3.1074     2.6264       3.86   21.16670  -90.76698   -0.00006    0.00161          1  0.000e+00
      17638    734.875     19.205     19.325    29.3669    29.3680   6.003116   6.003418     3.1074     2.6264       3.86   21.16670  -90.76698   -0.00003    0.00163          1  0.000e+00
      17639    734.917     19.246     19.366    29.3672    29.3683   6.003108   6.003450     3.1074     2.6264       3.86   21.16670  -90.76698    0.00001    0.00167          1  0.000e+00
      17640    734.958     19.252     19.373    29.3669    29.3684   6.003108   6.003434     3.1062     2.6252       3.86   21.16670  -90.76698    0.00002    0.00166          1  0.000e+00
      17641    735.000     19.252     19.373    29.3670    29.3686   6.003116   6.003483     3.1074     2.6252       3.86   21.16670  -90.76698    0.00005    0.00166          1  0.000e+00
      17642    735.042     19.246     19.366    29.3670    29.3684   6.003076   6.003442     3.1062     2.6252       3.86   21.16670  -90.76698    0.00007    0.00166          1  0.000e+00
      17643    735.083     19.252     19.373    29.3669    29.3688   6.003100   6.003499     3.1062     2.6252       3.83   21.16670  -90.76698    0.00009    0.00165          1  0.000e+00
      17644    735.125     19.205     19.325    29.3667    29.3685   6.003068   6.003507     3.1074     2.6252       3.86   21.16670  -90.76698    0.00012    0.00165          1  0.000e+00
      17645    735.167     19.252     19.373    29.3667    29.3688   6.003100   6.003483     3.1074     2.6239       3.86   21.16670  -90.76698    0.00015    0.00162          1  0.000e+00
      17646    735.208     19.246     19.366    29.3667    29.3689   6.003116   6.003499     3.1062     2.6239       3.86   21.16670  -90.76698    0.00017    0.00160          1  0.000e+00
      17647    735.250     19.205     19.325    29.3670    29.3688   6.003116   6.003515     3.1062     2.6239       3.86   21.16670  -90.76698    0.00019    0.00158          1  0.000e+00
      17648    735.292     19.252     19.373    29.3670    29.3688   6.003108   6.003507     3.1062     2.6239       3.86   21.16670  -90.76698    0.00019    0.00155          1  0.000e+00
      17649    735.333     19.246     19.366    29.3670    29.3690   6.003108   6.003515     3.1074     2.6239       3.86   21.16670  -90.76698    0.00020    0.00151          1  0.000e+00
      17650    735.375     19.205     19.325    29.3672    29.3689   6.003116   6.003548     3.1074     2.6227       3.86   21.16670  -90.76698    0.00024    0.00147          1  0.000e+00
      17651    735.417     19.252     19.373    29.3672    29.3694   6.003156   6.003604     3.1062     2.6227       3.86   21.16670  -90.76698    0.00024    0.00141          1  0.000e+00
      17652    735.458     19.246     19.366    29.3674    29.3695   6.003172   6.003580     3.1074     2.6227       3.86   21.16670  -90.76698    0.00027    0.00135          1  0.000e+00
