GOMECC/GOMECC-4/1db/rb2103_0741.cnv
* Sea-Bird SBE 9 Data File:
* FileName = C:\Users\scs.user.rb\CTD\GOMECC4\data\rb2103_0741.hex
* Software Version Seasave V 7.26.7.107
* Temperature SN = 4799
* Conductivity SN = 3860
* Number of Bytes Per Scan = 41
* Number of Voltage Words = 4
* Number of Scans Averaged by the Deck Unit = 1
* NMEA Latitude = 24 59.96 N
* NMEA Longitude = 093 24.95 W
* NMEA UTC (Time) = Oct 04 2021  19:58:51
* NMEA baud rate = 4800
# nquan = 28
# nvalues = 1594                        
# units = specified
# name 0 = scan: Scan Count
# name 1 = timeS: Time, Elapsed [seconds]
# name 2 = depSM: Depth [salt water, m]
# name 3 = prDM: Pressure, Digiquartz [db]
# name 4 = t090C: Temperature [ITS-90, deg C]
# name 5 = t190C: Temperature, 2 [ITS-90, deg C]
# name 6 = c0S/m: Conductivity [S/m]
# name 7 = c1S/m: Conductivity, 2 [S/m]
# name 8 = sbeox0V: Oxygen raw, SBE 43 [V]
# name 9 = sbeox1V: Oxygen raw, SBE 43, 2 [V]
# name 10 = altM: Altimeter [m]
# name 11 = latitude: Latitude [deg]
# name 12 = longitude: Longitude [deg]
# name 13 = sbox0dV/dT: Oxygen, SBE 43 [dov/dt]
# name 14 = sbox1dV/dT: Oxygen, SBE 43, 2 [dov/dt]
# name 15 = sbeox0ML/L: Oxygen, SBE 43 [ml/l], WS = 5
# name 16 = sbeox1ML/L: Oxygen, SBE 43, 2 [ml/l], WS = 5
# name 17 = potemp090C: Potential Temperature [ITS-90, deg C]
# name 18 = potemp190C: Potential Temperature, 2 [ITS-90, deg C]
# name 19 = sal00: Salinity, Practical [PSU]
# name 20 = sal11: Salinity, Practical, 2 [PSU]
# name 21 = sigma-é00: Density [sigma-theta, kg/m^3]
# name 22 = sigma-é11: Density, 2 [sigma-theta, kg/m^3]
# name 23 = avgsvCM: Average Sound Velocity [Chen-Millero, m/s], minP = 20, minS = 20
# name 24 = sbox0Mm/Kg: Oxygen, SBE 43 [umol/kg], WS = 5
# name 25 = sbox1Mm/Kg: Oxygen, SBE 43, 2 [umol/kg], WS = 5
# name 26 = nbin: number of scans per bin
# name 27 = flag: flag
# span 0 =      16226,     270780       
# span 1 =    676.025,  11282.445       
# span 2 =      0.993,   3653.156       
# span 3 =      1.000,   3709.000       
# span 4 =     4.2913,    29.4663       
# span 5 =     4.2918,    29.4713       
# span 6 =   3.350044,   5.960075       
# span 7 =   3.350006,   5.960622       
# span 8 =     1.5694,     3.3499       
# span 9 =     1.2722,     2.8635       
# span 10 =       9.94,     104.52      
# span 11 =   24.55804,   25.09790      
# span 12 =  -93.78475,  -91.76750      
# span 13 =   -0.03304,    0.04357      
# span 14 =   -0.03199,    0.03543      
# span 15 =     2.4257,     4.9616      
# span 16 =     2.4396,     4.9652      
# span 17 =     4.0772,    29.4653      
# span 18 =     4.0784,    29.4703      
# span 19 =    34.9112,    36.6592      
# span 20 =    34.9098,    36.6604      
# span 21 =    22.4246,    27.7594      
# span 22 =    22.4238,    27.7581      
# span 23 =       0.00,    1545.87      
# span 24 =    105.470,    216.433      
# span 25 =    106.073,    216.591      
# span 26 =         30,         75      
# span 27 = 0.0000e+00, 0.0000e+00      
# interval = decibars: 1                
# start_time = Oct 04 2021 19:58:51 [NMEA time, header]
# bad_flag = -9.990e-29
*END*
[from data line 674]
     103837   4326.496   3229.869   3276.000     4.3910     4.3921   3.423733   3.423707     1.6980     1.3895     100.00   24.99934  -93.41633   -0.00017   -0.00009     4.6136     4.6200     4.0785     4.0796    34.9744    34.9730    27.7576    27.7564    1503.83    200.478    200.755         37 0.0000e+00
     103872   4327.958   3230.848   3277.000     4.3911     4.3922   3.423791   3.423759     1.6976     1.3895      92.93   24.99936  -93.41642   -0.00012   -0.00005     4.6122     4.6203     4.0784     4.0796    34.9746    34.9730    27.7578    27.7564    1503.84    200.419    200.771         30 0.0000e+00
     103975   4332.248   3234.762   3281.000     4.3915     4.3926   3.423943   3.423920     1.6973     1.3887     100.00   24.99923  -93.41592   -0.00007   -0.00020     4.6128     4.6188     4.0784     4.0795    34.9742    34.9728    27.7575    27.7563    1503.85    200.445    200.706         36 0.0000e+00
     104010   4333.706   3235.740   3282.000     4.3916     4.3927   3.424019   3.423984     1.6972     1.3884     100.00   24.99936  -93.41642   -0.00006   -0.00026     4.6129     4.6179     4.0784     4.0795    34.9746    34.9730    27.7578    27.7564    1503.86    200.449    200.665         31 0.0000e+00
     104116   4338.139   3239.654   3286.000     4.3920     4.3931   3.424195   3.424170     1.6964     1.3883     100.00   24.99932  -93.41628   -0.00014   -0.00003     4.6119     4.6197     4.0783     4.0794    34.9745    34.9730    27.7577    27.7564    1503.89    200.405    200.743         30 0.0000e+00
     104231   4342.934   3243.568   3290.000     4.3925     4.3936   3.424390   3.424361     1.6959     1.3874     100.00   24.99934  -93.41636   -0.00011   -0.00027     4.6115     4.6176     4.0783     4.0794    34.9746    34.9731    27.7577    27.7564    1503.91    200.387    200.652         32 0.0000e+00
     104367   4348.572   3248.460   3295.000     4.3930     4.3942   3.424600   3.424577     1.6950     1.3870     100.00   24.99917  -93.41571   -0.00012   -0.00002     4.6104     4.6184     4.0782     4.0793    34.9744    34.9729    27.7576    27.7563    1503.93    200.337    200.686         34 0.0000e+00
     104404   4350.114   3249.438   3296.000     4.3932     4.3943   3.424669   3.424638     1.6949     1.3867     100.00   24.99936  -93.41640   -0.00014   -0.00009     4.6103     4.6171     4.0783     4.0794    34.9745    34.9730    27.7577    27.7564    1503.95    200.335    200.632         36 0.0000e+00
     104536   4355.629   3254.331   3301.000     4.3937     4.3948   3.424886   3.424871     1.6943     1.3858     100.00   24.99926  -93.41604   -0.00010   -0.00015     4.6105     4.6158     4.0782     4.0793    34.9744    34.9730    27.7576    27.7564    1503.97    200.345    200.574         34 0.0000e+00
     104570   4357.056   3255.309   3302.000     4.3938     4.3950   3.424951   3.424928     1.6939     1.3859     100.00   24.99936  -93.41640   -0.00020   -0.00007     4.6094     4.6168     4.0782     4.0793    34.9746    34.9731    27.7578    27.7565    1503.98    200.295    200.616         33 0.0000e+00
     104677   4361.505   3259.223   3306.000     4.3942     4.3953   3.425122   3.425094     1.6935     1.3852     100.00   24.99927  -93.41607   -0.00012   -0.00017     4.6098     4.6155     4.0781     4.0792    34.9745    34.9730    27.7577    27.7564    1503.99    200.315    200.559         30 0.0000e+00
     104709   4362.835   3260.201   3307.000     4.3943     4.3954   3.425180   3.425152     1.6933     1.3850     100.00   24.99936  -93.41640   -0.00012   -0.00016     4.6095     4.6153     4.0781     4.0792    34.9746    34.9731    27.7578    27.7565    1504.01    200.299    200.551         32 0.0000e+00
     104819   4367.432   3264.114   3311.000     4.3948     4.3959   3.425363   3.425339     1.6926     1.3846     100.00   24.99933  -93.41628   -0.00009   -0.00013     4.6083     4.6153     4.0781     4.0792    34.9745    34.9731    27.7578    27.7565    1504.03    200.246    200.552         32 0.0000e+00
     104852   4368.778   3265.093   3312.000     4.3949     4.3961   3.425422   3.425386     1.6925     1.3846     100.00   24.99936  -93.41640   -0.00020   -0.00005     4.6086     4.6159     4.0781     4.0792    34.9747    34.9731    27.7578    27.7565    1504.04    200.259    200.578         31 0.0000e+00
     104958   4373.224   3269.006   3316.000     4.3953     4.3964   3.425591   3.425569     1.6923     1.3840     100.00   24.99933  -93.41629   -0.00008   -0.00013     4.6099     4.6153     4.0780     4.0791    34.9745    34.9731    27.7577    27.7565    1504.06    200.319    200.554         30 0.0000e+00
     105047   4376.916   3271.941   3319.000     4.3957     4.3969   3.425755   3.425730     1.6917     1.3834     100.00   24.99947  -93.41683   -0.00013   -0.00022     4.6089     4.6138     4.0780     4.0792    34.9748    34.9733    27.7579    27.7567    1504.08    200.272    200.488         30 0.0000e+00
     105155   4381.411   3275.854   3323.000     4.3961     4.3972   3.425909   3.425880     1.6912     1.3831     100.00   24.99921  -93.41584   -0.00012   -0.00007     4.6087     4.6145     4.0779     4.0790    34.9745    34.9730    27.7577    27.7564    1504.09    200.265    200.517         30 0.0000e+00
     105187   4382.744   3276.833   3324.000     4.3962     4.3973   3.425970   3.425944     1.6911     1.3830      46.40   24.99936  -93.41640   -0.00014   -0.00009     4.6089     4.6145     4.0779     4.0790    34.9746    34.9732    27.7578    27.7566    1504.11    200.274    200.516         32 0.0000e+00
     105297   4387.350   3280.746   3328.000     4.3966     4.3978   3.426155   3.426125     1.6902     1.3822     100.00   24.99934  -93.41632   -0.00029   -0.00012     4.6067     4.6131     4.0779     4.0790    34.9746    34.9731    27.7579    27.7565    1504.13    200.178    200.457         30 0.0000e+00
     105410   4392.033   3284.659   3332.000     4.3970     4.3981   3.426325   3.426301     1.6897     1.3817     100.00   24.99931  -93.41622   -0.00007   -0.00010     4.6067     4.6126     4.0778     4.0788    34.9745    34.9732    27.7578    27.7566    1504.15    200.178    200.437         31 0.0000e+00
     105441   4393.341   3285.637   3333.000     4.3970     4.3982   3.426376   3.426358     1.6897     1.3815     100.00   24.99936  -93.41640   -0.00006   -0.00021     4.6072     4.6123     4.0777     4.0788    34.9747    34.9733    27.7579    27.7567    1504.16    200.202    200.422         30 0.0000e+00
     105634   4401.371   3292.485   3340.000     4.3978     4.3989   3.426678   3.426663     1.6882     1.3798      74.35   24.99922  -93.41587   -0.00016   -0.00029     4.6045     4.6074     4.0776     4.0787    34.9744    34.9731    27.7577    27.7565    1504.19    200.081    200.212         30 0.0000e+00
     105665   4402.652   3293.463   3341.000     4.3979     4.3990   3.426745   3.426721     1.6880     1.3797      91.71   24.99936  -93.41640   -0.00021   -0.00028     4.6039     4.6076     4.0776     4.0787    34.9747    34.9733    27.7579    27.7567    1504.21    200.057    200.218         30 0.0000e+00
     105806   4408.531   3298.354   3346.000     4.3984     4.3996   3.426977   3.426952     1.6870     1.3791     100.00   24.99942  -93.41662   -0.00013   -0.00015     4.6019     4.6073     4.0775     4.0787    34.9747    34.9732    27.7580    27.7567    1504.24    199.971    200.205         34 0.0000e+00
     105943   4414.242   3303.245   3351.000     4.3990     4.4002   3.427218   3.427193     1.6863     1.3786      61.49   24.99945  -93.41667   -0.00006   -0.00005     4.6017     4.6077     4.0774     4.0787    34.9748    34.9733    27.7581    27.7567    1504.26    199.963    200.221         30 0.0000e+00
     105973   4415.519   3304.223   3352.000     4.3991     4.4003   3.427261   3.427231     1.6860     1.3784     100.57   24.99938  -93.41640   -0.00010   -0.00002     4.6008     4.6072     4.0774     4.0786    34.9748    34.9732    27.7580    27.7566    1504.27    199.922    200.201         31 0.0000e+00
     106004   4416.803   3305.201   3353.000     4.3992     4.4004   3.427303   3.427280     1.6857     1.3783     100.00   24.99938  -93.41640   -0.00015   -0.00006     4.5998     4.6074     4.0774     4.0786    34.9748    34.9732    27.7580    27.7567    1504.27    199.878    200.208         31 0.0000e+00
     106140   4422.448   3310.092   3358.000     4.3996     4.4009   3.427502   3.427478     1.6850     1.3773     100.00   24.99920  -93.41574   -0.00013   -0.00021     4.5995     4.6049     4.0773     4.0785    34.9745    34.9729    27.7578    27.7564    1504.30    199.866    200.102         34 0.0000e+00
     106174   4423.881   3311.070   3359.000     4.3998     4.4010   3.427575   3.427548     1.6850     1.3773     100.00   24.99938  -93.41640   -0.00008   -0.00011     4.6001     4.6055     4.0773     4.0785    34.9748    34.9732    27.7580    27.7567    1504.31    199.892    200.128         33 0.0000e+00
     106307   4429.420   3315.961   3364.000     4.4004     4.4015   3.427786   3.427757     1.6840     1.3761     100.00   24.99914  -93.41559   -0.00024   -0.00018     4.5982     4.6024     4.0773     4.0784    34.9745    34.9729    27.7578    27.7564    1504.33    199.809    199.991         37 0.0000e+00
     106346   4431.050   3316.939   3365.000     4.4005     4.4017   3.427857   3.427832     1.6839     1.3759     100.00   24.99936  -93.41640   -0.00016   -0.00005     4.5983     4.6021     4.0773     4.0784    34.9747    34.9732    27.7580    27.7567    1504.35    199.814    199.978         37 0.0000e+00
     106481   4436.687   3321.830   3370.000     4.4011     4.4023   3.428092   3.428067     1.6829     1.3748     100.00   24.99938  -93.41639   -0.00022   -0.00018     4.5963     4.5992     4.0773     4.0785    34.9747    34.9732    27.7580    27.7566    1504.37    199.729    199.852         38 0.0000e+00
     106516   4438.134   3322.808   3371.000     4.4012     4.4024   3.428145   3.428120     1.6827     1.3748      97.76   24.99936  -93.41642   -0.00014   -0.00006     4.5961     4.5998     4.0773     4.0784    34.9748    34.9733    27.7581    27.7567    1504.38    199.720    199.878         30 0.0000e+00
     106624   4442.606   3326.720   3375.000     4.4017     4.4029   3.428314   3.428289     1.6823     1.3748     100.00   24.99927  -93.41600   -0.00012    0.00001     4.5963     4.6021     4.0772     4.0784    34.9746    34.9731    27.7579    27.7565    1504.39    199.728    199.978         31 0.0000e+00
     106655   4443.901   3327.698   3376.000     4.4018     4.4030   3.428378   3.428358     1.6820     1.3747      84.07   24.99938  -93.41640   -0.00015   -0.00002     4.5955     4.6020     4.0773     4.0784    34.9748    34.9733    27.7580    27.7567    1504.41    199.694    199.976         30 0.0000e+00
     106685   4445.158   3328.676   3377.000     4.4019     4.4031   3.428424   3.428405     1.6817     1.3744      55.54   24.99938  -93.41640   -0.00017   -0.00008     4.5946     4.6012     4.0772     4.0784    34.9748    34.9733    27.7580    27.7568    1504.42    199.654    199.938         30 0.0000e+00
     106794   4449.723   3332.589   3381.000     4.4025     4.4036   3.428605   3.428582     1.6813     1.3737     100.00   24.99934  -93.41626   -0.00005   -0.00013     4.5954     4.5999     4.0774     4.0784    34.9746    34.9732    27.7579    27.7567    1504.44    199.686    199.885         32 0.0000e+00
     106828   4451.121   3333.567   3382.000     4.4026     4.4038   3.428665   3.428638     1.6812     1.3736      90.90   24.99938  -93.41640   -0.00005   -0.00004     4.5952     4.5999     4.0773     4.0785    34.9748    34.9733    27.7580    27.7567    1504.45    199.681    199.884         34 0.0000e+00
     106965   4456.828   3338.457   3387.000     4.4031     4.4043   3.428878   3.428854     1.6803     1.3730     100.00   24.99922  -93.41586   -0.00018   -0.00006     4.5940     4.5999     4.0773     4.0784    34.9746    34.9731    27.7579    27.7566    1504.47    199.626    199.886         32 0.0000e+00
     106997   4458.185   3339.435   3388.000     4.4033     4.4044   3.428944   3.428925     1.6803     1.3725     100.00   24.99936  -93.41640   -0.00015   -0.00027     4.5942     4.5978     4.0773     4.0784    34.9748    34.9734    27.7580    27.7568    1504.48    199.636    199.791         32 0.0000e+00
     107167   4465.264   3345.303   3394.000     4.4040     4.4052   3.429221   3.429204     1.6796     1.3722     100.00   24.99932  -93.41626   -0.00011   -0.00005     4.5946     4.5996     4.0773     4.0784    34.9747    34.9733    27.7580    27.7567    1504.51    199.655    199.872         32 0.0000e+00
     107199   4466.604   3346.281   3395.000     4.4042     4.4053   3.429278   3.429253     1.6793     1.3718     100.00   24.99936  -93.41640   -0.00016   -0.00015     4.5936     4.5982     4.0773     4.0784    34.9748    34.9733    27.7580    27.7568    1504.52    199.611    199.810         31 0.0000e+00
     107306   4471.056   3350.192   3399.000     4.4046     4.4058   3.429445   3.429421     1.6790     1.3712     100.00   24.99921  -93.41584   -0.00005   -0.00008     4.5946     4.5975     4.0773     4.0784    34.9745    34.9731    27.7578    27.7566    1504.53    199.654    199.780         33 0.0000e+00
     107341   4472.517   3351.171   3400.000     4.4048     4.4059   3.429503   3.429486     1.6788     1.3712     100.00   24.99936  -93.41640   -0.00009    0.00002     4.5940     4.5981     4.0773     4.0784    34.9747    34.9733    27.7579    27.7567    1504.55    199.627    199.805         34 0.0000e+00
     107451   4477.100   3355.082   3404.000     4.4052     4.4064   3.429701   3.429677     1.6780     1.3705     100.00   24.99934  -93.41631   -0.00022   -0.00017     4.5928     4.5965     4.0773     4.0784    34.9748    34.9733    27.7581    27.7567    1504.57    199.573    199.735         32 0.0000e+00
     107623   4484.265   3360.950   3410.000     4.4060     4.4071   3.429977   3.429951     1.6773     1.3699     100.00   24.99932  -93.41627   -0.00009   -0.00004     4.5926     4.5971     4.0773     4.0784    34.9747    34.9733    27.7580    27.7567    1504.61    199.566    199.760         32 0.0000e+00
     107655   4485.582   3361.928   3411.000     4.4061     4.4072   3.430038   3.430013     1.6773     1.3695     100.00   24.99936  -93.41640   -0.00013   -0.00010     4.5935     4.5956     4.0773     4.0784    34.9749    34.9734    27.7581    27.7568    1504.62    199.603    199.695         30 0.0000e+00
     107765   4490.169   3365.840   3415.000     4.4066     4.4078   3.430225   3.430197     1.6767     1.3691     100.00   24.99937  -93.41645   -0.00013   -0.00013     4.5929     4.5957     4.0773     4.0785    34.9748    34.9733    27.7580    27.7567    1504.64    199.581    199.699         33 0.0000e+00
     107797   4491.492   3366.818   3416.000     4.4067     4.4079   3.430270   3.430245     1.6767     1.3690     100.00   24.99936  -93.41640   -0.00006   -0.00004     4.5932     4.5955     4.0773     4.0785    34.9748    34.9733    27.7581    27.7567    1504.64    199.593    199.694         30 0.0000e+00
     107993   4499.664   3373.662   3423.000     4.4076     4.4088   3.430578   3.430553     1.6755     1.3684     100.00   24.99923  -93.41592   -0.00014   -0.00009     4.5915     4.5967     4.0773     4.0785    34.9746    34.9731    27.7579    27.7565    1504.68    199.519    199.743         32 0.0000e+00
