GOMECC/GOMECC-4/1db/rb2103_1111.ros
* Sea-Bird SBE 9 Data File:
* FileName = C:\Users\scs.user.rb\CTD\GOMECC4\data\rb2103_1111.hex
* Software Version Seasave V 7.26.7.107
* Temperature SN = 4799
* Conductivity SN = 3860
* Number of Bytes Per Scan = 41
* Number of Voltage Words = 4
* Number of Scans Averaged by the Deck Unit = 1
* NMEA Latitude = 22 20.89 N
* NMEA Longitude = 086 44.62 W
* NMEA UTC (Time) = Oct 15 2021  09:40:26
* NMEA baud rate = 4800
# nquan = 17
# nvalues = 1463                                  
# units = specified
# name 0 = scan: Scan Count
# name 1 = timeS: Time, Elapsed [seconds]
# name 2 = depSM: Depth [salt water, m]
# name 3 = prDM: Pressure, Digiquartz [db]
# name 4 = t090C: Temperature [ITS-90, deg C]
# name 5 = t190C: Temperature, 2 [ITS-90, deg C]
# name 6 = c0S/m: Conductivity [S/m]
# name 7 = c1S/m: Conductivity, 2 [S/m]
# name 8 = sbeox0V: Oxygen raw, SBE 43 [V]
# name 9 = sbeox1V: Oxygen raw, SBE 43, 2 [V]
# name 10 = altM: Altimeter [m]
# name 11 = latitude: Latitude [deg]
# name 12 = longitude: Longitude [deg]
# name 13 = sbox0dV/dT: Oxygen, SBE 43 [dov/dt]
# name 14 = sbox1dV/dT: Oxygen, SBE 43, 2 [dov/dt]
# name 15 = nbf: Bottles Fired
# name 16 = flag:  0.000e+00
# interval = seconds: 0.0416667
# start_time = Oct 15 2021 09:40:26 [NMEA time, header]
# bad_flag = -9.990e-29
*END*
[from data line 341]
      26306   1096.042    128.959    129.811    17.0240    17.0287   4.644945   4.645574     2.0818     1.7363      52.28   22.34948  -86.74252   -0.00033   -0.00003          3  0.000e+00
      26307   1096.083    128.959    129.811    17.0244    17.0289   4.644923   4.645589     2.0830     1.7363      52.26   22.34948  -86.74252   -0.00032   -0.00002          3  0.000e+00
      26308   1096.125    129.007    129.859    17.0246    17.0287   4.644981   4.645582     2.0830     1.7375      52.26   22.34948  -86.74252   -0.00032    0.00001          3  0.000e+00
      26309   1096.167    129.007    129.859    17.0255    17.0284   4.645053   4.645567     2.0818     1.7363      52.26   22.34948  -86.74252   -0.00031    0.00002          3  0.000e+00
      26310   1096.208    128.959    129.811    17.0263    17.0284   4.645189   4.645531     2.0830     1.7375      52.26   22.34948  -86.74252   -0.00031    0.00004          3  0.000e+00
      26311   1096.250    128.959    129.811    17.0266    17.0286   4.645254   4.645523     2.0830     1.7363      52.26   22.34948  -86.74252   -0.00029    0.00005          3  0.000e+00
      26312   1096.292    128.993    129.845    17.0267    17.0286   4.645189   4.645553     2.0830     1.7363      52.26   22.34948  -86.74252   -0.00027    0.00007          3  0.000e+00
      26313   1096.333    128.959    129.811    17.0267    17.0287   4.645211   4.645589     2.0830     1.7375      52.26   22.34948  -86.74252   -0.00025    0.00010          3  0.000e+00
      26314   1096.375    129.007    129.859    17.0268    17.0291   4.645196   4.645574     2.0818     1.7363      52.26   22.34948  -86.74252   -0.00024    0.00013          3  0.000e+00
      26315   1096.417    128.959    129.811    17.0270    17.0291   4.645232   4.645611     2.0830     1.7375      52.26   22.34948  -86.74252   -0.00022    0.00015          3  0.000e+00
      26316   1096.458    129.007    129.859    17.0270    17.0291   4.645261   4.645582     2.0830     1.7375      52.26   22.34948  -86.74252   -0.00020    0.00018          3  0.000e+00
      26317   1096.500    128.959    129.811    17.0274    17.0291   4.645268   4.645567     2.0818     1.7375      52.26   22.34948  -86.74252   -0.00020    0.00020          3  0.000e+00
      26318   1096.542    128.959    129.811    17.0275    17.0292   4.645311   4.645655     2.0830     1.7363      52.26   22.34948  -86.74252   -0.00018    0.00021          3  0.000e+00
      26319   1096.583    128.959    129.811    17.0279    17.0301   4.645311   4.645771     2.0818     1.7363      54.95   22.34948  -86.74252   -0.00017    0.00021          3  0.000e+00
      26320   1096.625    128.959    129.811    17.0279    17.0313   4.645311   4.645822     2.0830     1.7375      85.10   22.34948  -86.74252   -0.00015    0.00024          3  0.000e+00
      26321   1096.667    128.959    129.811    17.0279    17.0318   4.645355   4.645895     2.0818     1.7375     100.00   22.34948  -86.74252   -0.00014    0.00026          3  0.000e+00
      26322   1096.708    128.959    129.811    17.0283    17.0322   4.645347   4.645931     2.0818     1.7375     100.00   22.34948  -86.74252   -0.00014    0.00029          3  0.000e+00
      26323   1096.750    128.959    129.811    17.0282    17.0320   4.645319   4.645953     2.0818     1.7363     100.00   22.34948  -86.74252   -0.00013    0.00029          3  0.000e+00
      26324   1096.792    128.959    129.811    17.0279    17.0320   4.645311   4.645924     2.0830     1.7375     100.00   22.34948  -86.74252   -0.00011    0.00032          3  0.000e+00
      26325   1096.833    128.946    129.798    17.0279    17.0324   4.645290   4.645917     2.0830     1.7375      99.98   22.34948  -86.74252   -0.00009    0.00034          3  0.000e+00
      26326   1096.875    128.959    129.811    17.0277    17.0327   4.645268   4.645917     2.0818     1.7375     100.00   22.34948  -86.74252   -0.00008    0.00036          3  0.000e+00
      26327   1096.917    128.959    129.811    17.0274    17.0329   4.645268   4.646004     2.0830     1.7363     100.00   22.34948  -86.74252   -0.00006    0.00037          3  0.000e+00
      26328   1096.958    128.905    129.757    17.0275    17.0336   4.645283   4.646092     2.0830     1.7363     100.00   22.34948  -86.74252   -0.00003    0.00037          3  0.000e+00
      26329   1097.000    128.959    129.811    17.0277    17.0341   4.645304   4.646055     2.0830     1.7375     100.00   22.34948  -86.74252   -0.00001    0.00039          3  0.000e+00
      26330   1097.042    128.905    129.757    17.0275    17.0341   4.645311   4.646106     2.0830     1.7375     100.00   22.34948  -86.74252    0.00001    0.00042          3  0.000e+00
      26331   1097.083    128.959    129.811    17.0277    17.0339   4.645204   4.646113     2.0830     1.7375     100.00   22.34948  -86.74252    0.00004    0.00044          3  0.000e+00
      26332   1097.125    128.905    129.757    17.0272    17.0341   4.645182   4.646143     2.0818     1.7363     100.00   22.34948  -86.74252    0.00004    0.00044          3  0.000e+00
      26333   1097.167    128.905    129.757    17.0271    17.0339   4.645160   4.646092     2.0818     1.7375     100.00   22.34948  -86.74252    0.00005    0.00046          3  0.000e+00
      26334   1097.208    128.959    129.812    17.0263    17.0337   4.645117   4.646077     2.0818     1.7375     100.00   22.34948  -86.74252    0.00006    0.00048          3  0.000e+00
      26335   1097.250    128.905    129.757    17.0263    17.0334   4.645125   4.646048     2.0830     1.7363     100.00   22.34948  -86.74252    0.00008    0.00049          3  0.000e+00
      26336   1097.292    128.905    129.757    17.0267    17.0334   4.645175   4.646062     2.0818     1.7363     100.00   22.34948  -86.74252    0.00009    0.00049          3  0.000e+00
      26337   1097.333    128.905    129.757    17.0272    17.0334   4.645218   4.646055     2.0818     1.7375     100.00   22.34948  -86.74252    0.00010    0.00051          3  0.000e+00
      26338   1097.375    128.892    129.743    17.0276    17.0332   4.645297   4.646070     2.0830     1.7363     100.00   22.34948  -86.74252    0.00010    0.00051          3  0.000e+00
      26339   1097.417    128.905    129.757    17.0287    17.0332   4.645398   4.646077     2.0830     1.7363     100.00   22.34948  -86.74252    0.00013    0.00052          3  0.000e+00
      26340   1097.458    128.858    129.709    17.0292    17.0332   4.645455   4.646077     2.0830     1.7375     100.00   22.34948  -86.74252    0.00014    0.00054          3  0.000e+00
      26341   1097.500    128.905    129.757    17.0292    17.0332   4.645513   4.646048     2.0830     1.7363     100.00   22.34948  -86.74252    0.00014    0.00054          3  0.000e+00
      26342   1097.542    128.905    129.757    17.0301    17.0332   4.645570   4.646062     2.0830     1.7363     100.00   22.34948  -86.74252    0.00015    0.00054          3  0.000e+00
      26343   1097.583    128.858    129.709    17.0302    17.0332   4.645556   4.646011     2.0830     1.7375     100.00   22.34948  -86.74252    0.00015    0.00054          3  0.000e+00
      26344   1097.625    128.858    129.709    17.0306    17.0332   4.645606   4.646070     2.0830     1.7363     100.00   22.34948  -86.74252    0.00016    0.00053          3  0.000e+00
      26345   1097.667    128.858    129.709    17.0308    17.0334   4.645635   4.646055     2.0830     1.7375     100.00   22.34948  -86.74252    0.00018    0.00053          3  0.000e+00
      26346   1097.708    128.905    129.757    17.0311    17.0336   4.645656   4.646041     2.0830     1.7363     100.00   22.34948  -86.74252    0.00021    0.00051          3  0.000e+00
      26347   1097.750    128.858    129.709    17.0316    17.0336   4.645664   4.646062     2.0830     1.7363     100.00   22.34948  -86.74252    0.00023    0.00049          3  0.000e+00
      26348   1097.792    128.858    129.709    17.0320    17.0336   4.645678   4.646077     2.0830     1.7375     100.00   22.34948  -86.74252    0.00025    0.00049          3  0.000e+00
      26349   1097.833    128.858    129.709    17.0319    17.0336   4.645699   4.646048     2.0830     1.7363     100.00   22.34948  -86.74252    0.00026    0.00048          3  0.000e+00
      26350   1097.875    128.858    129.709    17.0323    17.0332   4.645728   4.646062     2.0830     1.7363     100.00   22.34948  -86.74252    0.00026    0.00046          3  0.000e+00
      26351   1097.917    128.844    129.696    17.0321    17.0332   4.645757   4.646011     2.0830     1.7375     100.00   22.34948  -86.74252    0.00029    0.00045          3  0.000e+00
      26352   1097.958    128.858    129.709    17.0320    17.0330   4.645743   4.646041     2.0830     1.7363     100.00   22.34948  -86.74252    0.00029    0.00043          3  0.000e+00
      26353   1098.000    128.810    129.661    17.0321    17.0330   4.645771   4.646041     2.0818     1.7363     100.00   22.34948  -86.74252    0.00028    0.00041          3  0.000e+00
      26354   1098.042    128.858    129.709    17.0333    17.0330   4.645872   4.646128     2.0818     1.7375     100.00   22.34948  -86.74252    0.00028    0.00041          3  0.000e+00
      26355   1098.083    128.810    129.661    17.0345    17.0330   4.645944   4.646092     2.0830     1.7375     100.00   22.34948  -86.74252    0.00029    0.00041          3  0.000e+00
      26356   1098.125    128.858    129.709    17.0356    17.0332   4.646066   4.646077     2.0830     1.7363     100.00   22.34948  -86.74252    0.00029    0.00039          3  0.000e+00
      26357   1098.167    128.858    129.709    17.0356    17.0334   4.646066   4.646077     2.0830     1.7375     100.00   22.34948  -86.74252    0.00030    0.00038          3  0.000e+00
      26358   1098.208    128.810    129.662    17.0354    17.0334   4.646016   4.646099     2.0830     1.7375     100.00   22.34948  -86.74252    0.00030    0.00038          3  0.000e+00
      26359   1098.250    128.810    129.662    17.0359    17.0336   4.646044   4.646099     2.0830     1.7363     100.00   22.34948  -86.74252    0.00030    0.00035          3  0.000e+00
      26360   1098.292    128.810    129.662    17.0361    17.0336   4.646116   4.646143     2.0830     1.7363     100.00   22.34948  -86.74252    0.00032    0.00033          3  0.000e+00
      26361   1098.333    128.858    129.709    17.0355    17.0339   4.646073   4.646157     2.0830     1.7375     100.00   22.34948  -86.74252    0.00033    0.00032          3  0.000e+00
      26362   1098.375    128.810    129.662    17.0349    17.0341   4.646037   4.646157     2.0830     1.7375     100.00   22.34948  -86.74252    0.00033    0.00031          3  0.000e+00
      26363   1098.417    128.810    129.662    17.0345    17.0342   4.646023   4.646179     2.0842     1.7363     100.00   22.34948  -86.74252    0.00035    0.00029          3  0.000e+00
      29247   1218.583     89.131     89.711    18.4140    18.3935   4.813014   4.806803     2.1355     1.7839     100.00   22.34950  -86.74232   -0.00012    0.00058          4  0.000e+00
      29248   1218.625     89.138     89.718    18.4097    18.3927   4.812547   4.806515     2.1355     1.7827      94.14   22.34950  -86.74232   -0.00009    0.00057          4  0.000e+00
      29249   1218.667     89.232     89.813    18.4119    18.3930   4.812401   4.806278     2.1355     1.7839      89.87   22.34950  -86.74232   -0.00008    0.00057          4  0.000e+00
      29250   1218.708     89.327     89.909    18.4326    18.3913   4.812853   4.806227     2.1355     1.7839      89.21   22.34950  -86.74232   -0.00008    0.00058          4  0.000e+00
      29251   1218.750     89.233     89.814    18.4443    18.3907   4.813240   4.806411     2.1355     1.7839      89.50   22.34950  -86.74232   -0.00007    0.00058          4  0.000e+00
      29252   1218.792     89.280     89.861    18.4360    18.3956   4.813240   4.806751     2.1355     1.7827      89.67   22.34950  -86.74232   -0.00004    0.00058          4  0.000e+00
      29253   1218.833     89.280     89.861    18.4318    18.4050   4.812955   4.807046     2.1355     1.7839      89.69   22.34950  -86.74232   -0.00003    0.00058          4  0.000e+00
      29254   1218.875     89.280     89.861    18.4214    18.4111   4.812212   4.807216     2.1355     1.7827      89.67   22.34950  -86.74232   -0.00002    0.00056          4  0.000e+00
      29255   1218.917     89.280     89.861    18.4138    18.4163   4.811366   4.807312     2.1355     1.7839      89.67   22.34950  -86.74232   -0.00002    0.00058          4  0.000e+00
      29256   1218.958     89.233     89.814    18.4145    18.4191   4.810447   4.807320     2.1355     1.7827      89.67   22.34950  -86.74232    0.00001    0.00058          4  0.000e+00
      29257   1219.000     89.280     89.861    18.4129    18.4206   4.809666   4.807416     2.1355     1.7839      89.67   22.34950  -86.74232    0.00002    0.00059          4  0.000e+00
      29258   1219.042     89.280     89.861    18.4088    18.4258   4.809492   4.807962     2.1355     1.7839      89.67   22.34950  -86.74232    0.00003    0.00060          4  0.000e+00
      29259   1219.083     89.280     89.861    18.4347    18.4387   4.811190   4.808937     2.1355     1.7827      89.65   22.34950  -86.74232    0.00004    0.00060          4  0.000e+00
      29260   1219.125     89.280     89.861    18.4692    18.4448   4.813422   4.809735     2.1355     1.7827      89.67   22.34950  -86.74232    0.00005    0.00060          4  0.000e+00
      29261   1219.167     89.233     89.814    18.4818    18.4490   4.814749   4.810112     2.1355     1.7839      89.67   22.34950  -86.74232    0.00005    0.00061          4  0.000e+00
      29262   1219.208     89.280     89.861    18.4927    18.4476   4.815639   4.810068     2.1355     1.7839      89.65   22.34950  -86.74232    0.00008    0.00062          4  0.000e+00
      29263   1219.250     89.280     89.861    18.5064    18.4364   4.816186   4.809676     2.1355     1.7839      89.67   22.34950  -86.74232    0.00009    0.00062          4  0.000e+00
      29264   1219.292     89.233     89.814    18.5030    18.4248   4.815748   4.809122     2.1355     1.7839      89.67   22.34950  -86.74232    0.00010    0.00063          4  0.000e+00
      29265   1219.333     89.280     89.861    18.4640    18.4165   4.814771   4.808531     2.1355     1.7839      89.67   22.34950  -86.74232    0.00011    0.00064          4  0.000e+00
      29266   1219.375     89.280     89.861    18.4363    18.4156   4.813707   4.808280     2.1368     1.7839      89.67   22.34950  -86.74232    0.00013    0.00065          4  0.000e+00
      29267   1219.417     89.233     89.814    18.4245    18.4193   4.812759   4.808317     2.1355     1.7839      89.67   22.34950  -86.74232    0.00014    0.00064          4  0.000e+00
      29268   1219.458     89.233     89.814    18.4204    18.4215   4.812146   4.808243     2.1368     1.7839      89.67   22.34950  -86.74232    0.00017    0.00064          4  0.000e+00
      29269   1219.500     89.280     89.861    18.4251    18.4179   4.811694   4.807977     2.1368     1.7839      89.67   22.34950  -86.74232    0.00020    0.00065          4  0.000e+00
      29270   1219.542     89.233     89.814    18.4289    18.4120   4.811147   4.807549     2.1355     1.7827      89.67   22.34950  -86.74232    0.00020    0.00064          4  0.000e+00
      29271   1219.583     89.233     89.814    18.4339    18.4052   4.810753   4.807113     2.1368     1.7827      89.67   22.34950  -86.74232    0.00023    0.00063          4  0.000e+00
      29272   1219.625     89.280     89.861    18.4417    18.4005   4.810475   4.806884     2.1368     1.7839      88.57   22.34950  -86.74232    0.00025    0.00063          4  0.000e+00
