GOMECC/GOMECC-4/1db/rb2103_0091.cnv
* Sea-Bird SBE 9 Data File:
* FileName = C:\Users\scs.user.rb\CTD\GOMECC4\data\rb2103_0091.hex
* Software Version Seasave V 7.26.7.107
* Temperature SN = 4799
* Conductivity SN = 3860
* Number of Bytes Per Scan = 41
* Number of Voltage Words = 4
* Number of Scans Averaged by the Deck Unit = 1
* NMEA Latitude = 26 00.03 N
* NMEA Longitude = 085 59.98 W
* NMEA UTC (Time) = Sep 17 2021  12:33:51
* NMEA baud rate = 4800
# nquan = 28
# nvalues = 1464                        
# units = specified
# name 0 = scan: Scan Count
# name 1 = timeS: Time, Elapsed [seconds]
# name 2 = depSM: Depth [salt water, m]
# name 3 = prDM: Pressure, Digiquartz [db]
# name 4 = t090C: Temperature [ITS-90, deg C]
# name 5 = t190C: Temperature, 2 [ITS-90, deg C]
# name 6 = c0S/m: Conductivity [S/m]
# name 7 = c1S/m: Conductivity, 2 [S/m]
# name 8 = sbeox0V: Oxygen raw, SBE 43 [V]
# name 9 = sbeox1V: Oxygen raw, SBE 43, 2 [V]
# name 10 = altM: Altimeter [m]
# name 11 = latitude: Latitude [deg]
# name 12 = longitude: Longitude [deg]
# name 13 = sbox0dV/dT: Oxygen, SBE 43 [dov/dt]
# name 14 = sbox1dV/dT: Oxygen, SBE 43, 2 [dov/dt]
# name 15 = sbeox0ML/L: Oxygen, SBE 43 [ml/l], WS = 5
# name 16 = sbeox1ML/L: Oxygen, SBE 43, 2 [ml/l], WS = 5
# name 17 = potemp090C: Potential Temperature [ITS-90, deg C]
# name 18 = potemp190C: Potential Temperature, 2 [ITS-90, deg C]
# name 19 = sal00: Salinity, Practical [PSU]
# name 20 = sal11: Salinity, Practical, 2 [PSU]
# name 21 = sigma-é00: Density [sigma-theta, kg/m^3]
# name 22 = sigma-é11: Density, 2 [sigma-theta, kg/m^3]
# name 23 = avgsvCM: Average Sound Velocity [Chen-Millero, m/s], minP = 20, minS = 20
# name 24 = sbox0Mm/Kg: Oxygen, SBE 43 [umol/kg], WS = 5
# name 25 = sbox1Mm/Kg: Oxygen, SBE 43, 2 [umol/kg], WS = 5
# name 26 = nbin: number of scans per bin
# name 27 = flag: flag
# span 0 =      16602,     238919       
# span 1 =    691.710,   9954.924       
# span 2 =      1.987,   3221.810       
# span 3 =      2.000,   3268.000       
# span 4 =     4.2849,    29.2968       
# span 5 =     4.2859,    29.2995       
# span 6 =   3.343186,   5.930560       
# span 7 =   3.343037,   5.930955       
# span 8 =     1.6153,     3.2646       
# span 9 =     1.3204,     2.8142       
# span 10 =      17.73,     104.61      
# span 11 =   24.85797,   26.27387      
# span 12 =  -86.93548,  -82.25065      
# span 13 =   -0.05494,    0.05182      
# span 14 =   -0.05125,    0.05087      
# span 15 =     2.5117,     4.9276      
# span 16 =     2.5434,     4.9804      
# span 17 =     4.0766,    29.2937      
# span 18 =     4.0778,    29.2964      
# span 19 =    34.3886,    36.8439      
# span 20 =    34.7020,    36.8403      
# span 21 =    21.8037,    27.7618      
# span 22 =    22.0013,    27.7601      
# span 23 =       0.00,    1549.26      
# span 24 =    109.232,    214.848      
# span 25 =    110.611,    217.166      
# span 26 =         30,         70      
# span 27 = 0.0000e+00, 0.0000e+00      
# interval = decibars: 1                
# start_time = Sep 17 2021 12:33:51 [NMEA time, header]
# bad_flag = -9.990e-29
*END*
[from data line 518]
      97516   4063.122   2949.625   2990.000     4.3619     4.3630   3.410640   3.410578     1.7479     1.4434     100.00   26.00234  -85.98848    0.00006   -0.00005     4.6762     4.7214     4.0831     4.0841    34.9754    34.9737    27.7579    27.7564    1501.23    203.197    205.165         30 0.0000e+00
      97547   4064.434   2950.604   2991.000     4.3621     4.3631   3.410684   3.410629     1.7478     1.4432     100.00   26.00234  -85.98846   -0.00013   -0.00006     4.6764     4.7211     4.0831     4.0841    34.9754    34.9737    27.7579    27.7565    1501.24    203.209    205.148         33 0.0000e+00
      97583   4065.908   2951.584   2992.000     4.3621     4.3632   3.410734   3.410672     1.7478     1.4432     100.00   26.00235  -85.98845   -0.00012   -0.00008     4.6768     4.7216     4.0830     4.0840    34.9755    34.9737    27.7580    27.7565    1501.24    203.226    205.173         36 0.0000e+00
      97617   4067.334   2952.564   2993.000     4.3622     4.3632   3.410787   3.410706     1.7473     1.4433      97.68   26.00236  -85.98844   -0.00008   -0.00003     4.6754     4.7226     4.0829     4.0840    34.9756    34.9736    27.7581    27.7564    1501.25    203.164    205.216         32 0.0000e+00
      97648   4068.615   2953.543   2994.000     4.3623     4.3633   3.410825   3.410765     1.7478     1.4432      66.06   26.00236  -85.98842   -0.00010    0.00000     4.6780     4.7227     4.0830     4.0839    34.9755    34.9738    27.7580    27.7565    1501.26    203.275    205.218         30 0.0000e+00
      97679   4069.930   2954.523   2995.000     4.3625     4.3634   3.410871   3.410807     1.7473     1.4431      99.82   26.00236  -85.98841   -0.00002   -0.00004     4.6767     4.7229     4.0830     4.0840    34.9754    34.9737    27.7579    27.7564    1501.26    203.219    205.229         34 0.0000e+00
      97716   4071.439   2955.503   2996.000     4.3626     4.3636   3.410925   3.410857     1.7473     1.4429     100.00   26.00236  -85.98840   -0.00012   -0.00009     4.6770     4.7225     4.0831     4.0840    34.9754    34.9736    27.7579    27.7564    1501.27    203.234    205.213         37 0.0000e+00
      97750   4072.863   2956.482   2997.000     4.3627     4.3637   3.410976   3.410910     1.7472     1.4427     100.00   26.00237  -85.98839   -0.00004   -0.00009     4.6773     4.7222     4.0830     4.0840    34.9755    34.9737    27.7580    27.7565    1501.27    203.245    205.197         31 0.0000e+00
      97808   4075.288   2958.442   2999.000     4.3629     4.3639   3.411064   3.410996     1.7470     1.4425     100.00   26.00235  -85.98828   -0.00021   -0.00014     4.6774     4.7220     4.0830     4.0840    34.9755    34.9736    27.7580    27.7564    1501.28    203.249    205.189         31 0.0000e+00
      97841   4076.665   2959.421   3000.000     4.3630     4.3640   3.411109   3.411042     1.7464     1.4426     100.00   26.00238  -85.98835   -0.00011   -0.00005     4.6754     4.7233     4.0829     4.0840    34.9755    34.9736    27.7580    27.7564    1501.29    203.164    205.247         35 0.0000e+00
      97875   4078.100   2960.401   3001.000     4.3631     4.3642   3.411164   3.411096     1.7464     1.4424     100.00   26.00238  -85.98834   -0.00016   -0.00002     4.6759     4.7230     4.0830     4.0840    34.9755    34.9737    27.7580    27.7565    1501.29    203.186    205.231         32 0.0000e+00
      97963   4081.734   2963.340   3004.000     4.3635     4.3646   3.411301   3.411237     1.7462     1.4421      60.20   26.00230  -85.98796   -0.00010   -0.00008     4.6768     4.7232     4.0830     4.0841    34.9754    34.9736    27.7579    27.7563    1501.30    203.224    205.240         33 0.0000e+00
      97997   4083.150   2964.320   3005.000     4.3636     4.3647   3.411359   3.411299     1.7460     1.4420     100.13   26.00240  -85.98830   -0.00006   -0.00002     4.6765     4.7233     4.0829     4.0840    34.9756    34.9738    27.7581    27.7565    1501.32    203.211    205.247         34 0.0000e+00
      98029   4084.489   2965.299   3006.000     4.3637     4.3648   3.411398   3.411350     1.7458     1.4421     100.00   26.00240  -85.98827   -0.00008   -0.00002     4.6760     4.7244     4.0829     4.0840    34.9755    34.9738    27.7580    27.7565    1501.32    203.188    205.295         30 0.0000e+00
      98085   4086.848   2967.258   3008.000     4.3639     4.3650   3.411500   3.411431     1.7460     1.4420      99.94   26.00236  -85.98813    0.00000    0.00002     4.6781     4.7251     4.0829     4.0840    34.9756    34.9737    27.7581    27.7565    1501.33    203.282    205.323         30 0.0000e+00
      98117   4088.168   2968.238   3009.000     4.3639     4.3650   3.411547   3.411480     1.7458     1.4419      99.99   26.00240  -85.98824 9.3229e-07   -0.00007     4.6780     4.7252     4.0829     4.0840    34.9756    34.9738    27.7581    27.7565    1501.34    203.278    205.327         34 0.0000e+00
      98153   4089.658   2969.218   3010.000     4.3641     4.3651   3.411589   3.411528     1.7460     1.4419     100.00   26.00240  -85.98823   -0.00001   -0.00007     4.6793     4.7256     4.0829     4.0839    34.9756    34.9738    27.7581    27.7565    1501.34    203.333    205.347         36 0.0000e+00
      98186   4091.039   2970.197   3011.000     4.3641     4.3652   3.411640   3.411581     1.7456     1.4418     100.00   26.00241  -85.98822   -0.00004   -0.00005     4.6780     4.7257     4.0828     4.0839    34.9757    34.9738    27.7582    27.7566    1501.35    203.277    205.349         30 0.0000e+00
      98244   4093.454   2972.156   3013.000     4.3643     4.3654   3.411714   3.411642     1.7455     1.4415     100.00   26.00226  -85.98768   -0.00001   -0.00011     4.6792     4.7257     4.0828     4.0838    34.9755    34.9736    27.7580    27.7564    1501.35    203.329    205.348         32 0.0000e+00
      98279   4094.928   2973.136   3014.000     4.3644     4.3655   3.411778   3.411710     1.7455     1.4413     100.00   26.00242  -85.98818   -0.00012   -0.00015     4.6795     4.7250     4.0828     4.0838    34.9757    34.9738    27.7581    27.7565    1501.37    203.341    205.319         38 0.0000e+00
      98316   4096.477   2974.116   3015.000     4.3645     4.3656   3.411825   3.411759     1.7453     1.4410     100.00   26.00242  -85.98816   -0.00009   -0.00013     4.6792     4.7244     4.0828     4.0838    34.9757    34.9738    27.7582    27.7566    1501.37    203.327    205.292         34 0.0000e+00
      98403   4100.097   2977.054   3018.000     4.3648     4.3659   3.411938   3.411871     1.7450     1.4408      78.94   26.00224  -85.98754    0.00001   -0.00004     4.6795     4.7253     4.0827     4.0837    34.9754    34.9735    27.7579    27.7563    1501.38    203.343    205.333         33 0.0000e+00
      98438   4101.527   2978.034   3019.000     4.3649     4.3660   3.412012   3.411940     1.7453     1.4408     100.09   26.00242  -85.98812   -0.00008   -0.00003     4.6815     4.7259     4.0827     4.0837    34.9757    34.9738    27.7582    27.7566    1501.39    203.430    205.360         34 0.0000e+00
      98529   4105.321   2980.972   3022.000     4.3652     4.3663   3.412123   3.412060     1.7449     1.4407      98.11   26.00221  -85.98740   -0.00011   -0.00002     4.6814     4.7272     4.0826     4.0837    34.9754    34.9735    27.7579    27.7564    1501.40    203.426    205.414         34 0.0000e+00
      98564   4106.787   2981.952   3023.000     4.3654     4.3665   3.412199   3.412133     1.7445     1.4406      90.44   26.00242  -85.98808   -0.00006   -0.00005     4.6802     4.7271     4.0827     4.0837    34.9757    34.9738    27.7581    27.7566    1501.42    203.374    205.410         34 0.0000e+00
      98624   4109.283   2983.911   3025.000     4.3656     4.3667   3.412270   3.412201     1.7445     1.4402     100.00   26.00225  -85.98744   -0.00002   -0.00019     4.6815     4.7262     4.0826     4.0837    34.9754    34.9735    27.7580    27.7563    1501.42    203.431    205.371         30 0.0000e+00
      98658   4110.702   2984.891   3026.000     4.3657     4.3668   3.412338   3.412273     1.7440     1.4400     100.00   26.00244  -85.98804   -0.00016   -0.00016     4.6799     4.7258     4.0826     4.0837    34.9757    34.9738    27.7582    27.7566    1501.43    203.361    205.353         37 0.0000e+00
      98693   4112.162   2985.870   3027.000     4.3658     4.3669   3.412392   3.412324     1.7440     1.4398     100.00   26.00244  -85.98802   -0.00020   -0.00012     4.6803     4.7255     4.0827     4.0837    34.9757    34.9738    27.7582    27.7566    1501.44    203.375    205.342         32 0.0000e+00
      98750   4114.527   2987.829   3029.000     4.3661     4.3671   3.412458   3.412386     1.7439     1.4396     100.00   26.00221  -85.98725   -0.00008   -0.00010     4.6812     4.7258     4.0827     4.0837    34.9754    34.9735    27.7579    27.7563    1501.44    203.416    205.352         30 0.0000e+00
      98782   4115.882   2988.809   3030.000     4.3662     4.3673   3.412531   3.412463     1.7436     1.4396     100.00   26.00244  -85.98799   -0.00008   -0.00005     4.6802     4.7264     4.0826     4.0837    34.9757    34.9738    27.7582    27.7565    1501.45    203.372    205.379         34 0.0000e+00
      98816   4117.300   2989.788   3031.000     4.3663     4.3674   3.412587   3.412516     1.7435     1.4397      99.24   26.00244  -85.98798   -0.00013    0.00002     4.6806     4.7275     4.0827     4.0837    34.9757    34.9738    27.7582    27.7566    1501.46    203.388    205.430         32 0.0000e+00
      98876   4119.773   2991.747   3033.000     4.3665     4.3676   3.412684   3.412614     1.7431     1.4395     100.00   26.00245  -85.98800   -0.00006   -0.00002     4.6799     4.7275     4.0826     4.0837    34.9758    34.9739    27.7583    27.7566    1501.47    203.360    205.429         30 0.0000e+00
      98907   4121.098   2992.727   3034.000     4.3666     4.3677   3.412729   3.412660     1.7434     1.4395     100.00   26.00244  -85.98795   -0.00009   -0.00007     4.6819     4.7284     4.0826     4.0837    34.9758    34.9739    27.7583    27.7566    1501.48    203.445    205.467         34 0.0000e+00
      98941   4122.501   2993.706   3035.000     4.3667     4.3678   3.412775   3.412705     1.7428     1.4390     100.00   26.00243  -85.98793   -0.00008   -0.00011     4.6798     4.7266     4.0826     4.0837    34.9758    34.9739    27.7582    27.7566    1501.48    203.354    205.391         33 0.0000e+00
      98973   4123.841   2994.686   3036.000     4.3668     4.3679   3.412826   3.412755     1.7432     1.4387     100.00   26.00242  -85.98792   -0.00010   -0.00019     4.6820     4.7256     4.0826     4.0836    34.9758    34.9739    27.7583    27.7567    1501.49    203.450    205.345         31 0.0000e+00
      99033   4126.333   2996.645   3038.000     4.3670     4.3681   3.412916   3.412851     1.7428     1.4385     100.00   26.00242  -85.98789   -0.00013   -0.00016     4.6813     4.7255     4.0826     4.0836    34.9758    34.9739    27.7583    27.7567    1501.50    203.421    205.341         31 0.0000e+00
      99064   4127.634   2997.624   3039.000     4.3671     4.3681   3.412963   3.412904     1.7425     1.4384     100.00   26.00242  -85.98789   -0.00010   -0.00006     4.6805     4.7260     4.0825     4.0836    34.9759    34.9741    27.7583    27.7568    1501.50    203.386    205.362         32 0.0000e+00
      99096   4128.939   2998.604   3040.000     4.3672     4.3682   3.413006   3.412937     1.7421     1.4384     100.00   26.00242  -85.98788   -0.00010   -0.00004     4.6796     4.7263     4.0825     4.0835    34.9758    34.9739    27.7583    27.7567    1501.51    203.346    205.378         31 0.0000e+00
      99127   4130.247   2999.583   3041.000     4.3673     4.3683   3.413051   3.412988     1.7424     1.4383     100.00   26.00242  -85.98786   -0.00016   -0.00004     4.6814     4.7267     4.0825     4.0835    34.9758    34.9740    27.7583    27.7568    1501.52    203.423    205.395         31 0.0000e+00
      99159   4131.573   3000.563   3042.000     4.3674     4.3684   3.413090   3.413029     1.7419     1.4381     100.00   26.00242  -85.98785   -0.00004   -0.00003     4.6797     4.7262     4.0824     4.0835    34.9757    34.9739    27.7582    27.7567    1501.52    203.351    205.371         32 0.0000e+00
      99190   4132.885   3001.542   3043.000     4.3675     4.3686   3.413147   3.413083     1.7424     1.4381     100.00   26.00242  -85.98784   -0.00005   -0.00012     4.6827     4.7268     4.0825     4.0835    34.9758    34.9740    27.7583    27.7567    1501.53    203.481    205.396         31 0.0000e+00
      99250   4135.364   3003.501   3045.000     4.3676     4.3687   3.413238   3.413179     1.7417     1.4375     100.00   26.00248  -85.98803   -0.00011   -0.00011     4.6805     4.7248     4.0824     4.0834    34.9759    34.9741    27.7583    27.7568    1501.54    203.386    205.309         30 0.0000e+00
      99281   4136.675   3004.481   3046.000     4.3677     4.3688   3.413284   3.413214     1.7418     1.4373      99.99   26.00242  -85.98781   -0.00012   -0.00024     4.6814     4.7245     4.0824     4.0834    34.9758    34.9740    27.7583    27.7568    1501.54    203.424    205.296         34 0.0000e+00
      99316   4138.126   3005.460   3047.000     4.3678     4.3689   3.413327   3.413256     1.7413     1.4374      99.97   26.00242  -85.98780   -0.00011   -0.00015     4.6798     4.7258     4.0823     4.0833    34.9758    34.9739    27.7583    27.7567    1501.55    203.355    205.356         35 0.0000e+00
      99404   4141.802   3008.398   3050.000     4.3681     4.3692   3.413443   3.413380     1.7415     1.4373     100.00   26.00220  -85.98711   -0.00001   -0.00001     4.6824     4.7269     4.0823     4.0833    34.9756    34.9737    27.7581    27.7566    1501.56    203.470    205.404         31 0.0000e+00
      99439   4143.251   3009.378   3051.000     4.3682     4.3693   3.413511   3.413447     1.7411     1.4372     100.00   26.00240  -85.98774   -0.00008   -0.00005     4.6813     4.7270     4.0823     4.0833    34.9758    34.9740    27.7583    27.7567    1501.57    203.421    205.407         36 0.0000e+00
      99472   4144.644   3010.357   3052.000     4.3683     4.3694   3.413561   3.413503     1.7412     1.4373     100.00   26.00240  -85.98773   -0.00006   -0.00003     4.6823     4.7280     4.0823     4.0833    34.9758    34.9741    27.7584    27.7568    1501.58    203.466    205.450         30 0.0000e+00
      99528   4146.973   3012.316   3054.000     4.3685     4.3696   3.413639   3.413569     1.7410     1.4371     100.00   26.00223  -85.98716   -0.00006   -0.00004     4.6826     4.7283     4.0822     4.0833    34.9757    34.9738    27.7582    27.7566    1501.58    203.475    205.464         31 0.0000e+00
      99562   4148.389   3013.296   3055.000     4.3687     4.3697   3.413706   3.413637     1.7410     1.4371      91.03   26.00240  -85.98770   -0.00003   -0.00004     4.6834     4.7288     4.0822     4.0833    34.9759    34.9740    27.7584    27.7568    1501.60    203.513    205.484         36 0.0000e+00
      99597   4149.845   3014.275   3056.000     4.3687     4.3698   3.413751   3.413680     1.7406     1.4369      68.89   26.00240  -85.98769   -0.00009   -0.00004     4.6818     4.7288     4.0822     4.0832    34.9759    34.9740    27.7584    27.7568    1501.60    203.444    205.485         32 0.0000e+00
      99657   4152.319   3016.234   3058.000     4.3689     4.3700   3.413838   3.413773     1.7403     1.4369     100.00   26.00229  -85.98737   -0.00010   -0.00005     4.6817     4.7296     4.0822     4.0832    34.9758    34.9740    27.7584    27.7568    1501.60    203.439    205.519         31 0.0000e+00
