GOMECC/GOMECC-4/1db/rb2103_1351.cnv
* Sea-Bird SBE 9 Data File:
* FileName = C:\Users\scs.user.rb\CTD\GOMECC4\data\rb2103_1351.hex
* Software Version Seasave V 7.26.7.107
* Temperature SN = 4799
* Conductivity SN = 3860
* Number of Bytes Per Scan = 41
* Number of Voltage Words = 4
* Number of Scans Averaged by the Deck Unit = 1
* NMEA Latitude = 26 15.54 N
* NMEA Longitude = 083 48.34 W
* NMEA UTC (Time) = Oct 20 2021  01:30:15
* NMEA baud rate = 4800
# nquan = 28
# nvalues = 131                         
# units = specified
# name 0 = scan: Scan Count
# name 1 = timeS: Time, Elapsed [seconds]
# name 2 = depSM: Depth [salt water, m]
# name 3 = prDM: Pressure, Digiquartz [db]
# name 4 = t090C: Temperature [ITS-90, deg C]
# name 5 = t190C: Temperature, 2 [ITS-90, deg C]
# name 6 = c0S/m: Conductivity [S/m]
# name 7 = c1S/m: Conductivity, 2 [S/m]
# name 8 = sbeox0V: Oxygen raw, SBE 43 [V]
# name 9 = sbeox1V: Oxygen raw, SBE 43, 2 [V]
# name 10 = altM: Altimeter [m]
# name 11 = latitude: Latitude [deg]
# name 12 = longitude: Longitude [deg]
# name 13 = sbox0dV/dT: Oxygen, SBE 43 [dov/dt]
# name 14 = sbox1dV/dT: Oxygen, SBE 43, 2 [dov/dt]
# name 15 = sbeox0ML/L: Oxygen, SBE 43 [ml/l], WS = 5
# name 16 = sbeox1ML/L: Oxygen, SBE 43, 2 [ml/l], WS = 5
# name 17 = potemp090C: Potential Temperature [ITS-90, deg C]
# name 18 = potemp190C: Potential Temperature, 2 [ITS-90, deg C]
# name 19 = sal00: Salinity, Practical [PSU]
# name 20 = sal11: Salinity, Practical, 2 [PSU]
# name 21 = sigma-é00: Density [sigma-theta, kg/m^3]
# name 22 = sigma-é11: Density, 2 [sigma-theta, kg/m^3]
# name 23 = avgsvCM: Average Sound Velocity [Chen-Millero, m/s], minP = 20, minS = 20
# name 24 = sbox0Mm/Kg: Oxygen, SBE 43 [umol/kg], WS = 5
# name 25 = sbox1Mm/Kg: Oxygen, SBE 43, 2 [umol/kg], WS = 5
# name 26 = nbin: number of scans per bin
# name 27 = flag: flag
# span 0 =      13154,      45331       
# span 1 =    548.046,   1888.740       
# span 2 =      0.993,     87.408       
# span 3 =      1.000,     88.000       
# span 4 =    21.6434,    28.7471       
# span 5 =    21.6402,    28.7660       
# span 6 =   5.153029,   5.835028       
# span 7 =   5.153086,   5.837333       
# span 8 =     2.3659,     3.2158       
# span 9 =     1.9838,     2.7271       
# span 10 =      10.74,      94.80      
# span 11 =   25.93130,   26.43898      
# span 12 =  -84.37991,  -82.75949      
# span 13 =   -0.02199,    0.01047      
# span 14 =   -0.01966,    0.01001      
# span 15 =     3.4147,     4.6718      
# span 16 =     3.4207,     4.6526      
# span 17 =    21.6261,    28.7399      
# span 18 =    21.6229,    28.7590      
# span 19 =    34.9635,    36.5662      
# span 20 =    34.9643,    36.5654      
# span 21 =    22.2533,    25.4827      
# span 22 =    22.2535,    25.4788      
# span 23 =       0.00,    1559.10      
# span 24 =    148.712,    203.799      
# span 25 =    148.972,    202.961      
# span 26 =         31,         72      
# span 27 = 0.0000e+00, 0.0000e+00      
# interval = decibars: 1                
# start_time = Oct 20 2021 01:30:15 [NMEA time, header]
# bad_flag = -9.990e-29
*END*
      13154    548.046      2.980      3.000    28.4841    28.4969   5.732042   5.733691     3.1378     2.6490      92.78   26.25860  -83.80522    0.00062    0.00015     4.4080     4.3747    28.4834    28.4962    35.4019    35.4026    22.5379    22.5341       0.00    192.522    191.069         37 0.0000e+00
      13303    554.264      3.974      4.000    28.4984    28.5026   5.733540   5.734070     3.1351     2.6510      91.45   26.25860  -83.80522   -0.00053    0.00093     4.4026     4.3785    28.4974    28.5017    35.4014    35.4019    22.5328    22.5318       0.00    192.288    191.234         34 0.0000e+00
      13432    559.645      4.967      5.000    28.5037    28.5063   5.734084   5.734425     3.1341     2.6498      91.24   26.25860  -83.80522   -0.00049   -0.00023     4.4008     4.3763    28.5025    28.5051    35.4009    35.4013    22.5308    22.5302       0.00    192.210    191.140         53 0.0000e+00
      13530    563.709      5.961      6.000    28.5079    28.5117   5.734523   5.735125     3.1363     2.6517      90.30   26.25860  -83.80522    0.00019    0.00105     4.4050     4.3803    28.5065    28.5102    35.4005    35.4019    22.5292    22.5289       0.00    192.395    191.314         38 0.0000e+00
      13609    566.983      6.954      7.000    28.5119    28.5135   5.735159   5.735500     3.1383     2.6500      89.30   26.25860  -83.80522   -0.00030   -0.00020     4.4088     4.3773    28.5102    28.5119    35.4017    35.4028    22.5288    22.5291       0.00    192.560    191.181         40 0.0000e+00
      13697    570.651      7.948      8.000    28.5093    28.5106   5.734811   5.735074     3.1378     2.6512      88.25   26.25860  -83.80522    0.00017    0.00097     4.4088     4.3804    28.5073    28.5087    35.4009    35.4018    22.5292    22.5293       0.00    192.557    191.320         61 0.0000e+00
      13765    573.480      8.941      9.000    28.5063    28.5066   5.734456   5.734726     3.1372     2.6507      87.20   26.25860  -83.80522   -0.00008   -0.00024     4.4084     4.3802    28.5042    28.5044    35.4009    35.4017    22.5301    22.5307       0.00    192.540    191.309         67 0.0000e+00
      13838    576.541      9.934     10.000    28.5103    28.5107   5.735070   5.735214     3.1361     2.6548      86.32   26.25860  -83.80522   -0.00037    0.00119     4.4066     4.3888    28.5080    28.5083    35.4013    35.4020    22.5293    22.5297       0.00    192.462    191.684         65 0.0000e+00
      13898    579.033     10.928     11.000    28.5062    28.5097   5.734582   5.735033     3.1362     2.6511      85.34   26.25860  -83.80522   -0.00018   -0.00056     4.4073     4.3816    28.5035    28.5071    35.4010    35.4019    22.5305    22.5300       0.00    192.493    191.370         59 0.0000e+00
      13968    581.948     11.922     12.000    28.5134    28.5141   5.735554   5.735738     3.1366     2.6479      84.33   26.25860  -83.80522    0.00031   -0.00136     4.4083     4.3755    28.5105    28.5112    35.4018    35.4025    22.5288    22.5291       0.00    192.536    191.104         67 0.0000e+00
      14028    584.443     12.915     13.000    28.5148    28.5161   5.735951   5.736224     3.1357     2.6512      83.47   26.25860  -83.80522   -0.00042    0.00028     4.4070     4.3825    28.5117    28.5130    35.4033    35.4042    22.5295    22.5297       0.00    192.480    191.409         60 0.0000e+00
      14091    587.103     13.908     14.000    28.5125    28.5149   5.735485   5.736025     3.1369     2.6524      82.47   26.25860  -83.80522    0.00030    0.00127     4.4100     4.3856    28.5092    28.5116    35.4014    35.4034    22.5289    22.5296       0.00    192.611    191.544         63 0.0000e+00
      14155    589.738     14.902     15.000    28.5102    28.5102   5.735339   5.735386     3.1377     2.6504      81.45   26.25860  -83.80522    0.00044   -0.00060     4.4121     4.3825    28.5066    28.5067    35.4019    35.4021    22.5301    22.5303       0.00    192.702    191.408         63 0.0000e+00
      14216    592.281     15.895     16.000    28.5075    28.5088   5.734976   5.735259     3.1362     2.6508      80.51   26.25860  -83.80522   -0.00033   -0.00006     4.4101     4.3839    28.5037    28.5050    35.4010    35.4020    22.5304    22.5308       0.00    192.614    191.472         60 0.0000e+00
      14276    594.797     16.889     17.000    28.5059    28.5075   5.734672   5.735056     3.1342     2.6481      79.62   26.25860  -83.80522   -0.00077   -0.00080     4.4075     4.3791    28.5019    28.5034    35.4007    35.4022    22.5308    22.5314       0.00    192.502    191.262         61 0.0000e+00
      14335    597.252     17.882     18.000    28.5103    28.5104   5.735742   5.735836     3.1347     2.6491      78.57   26.25861  -83.80522   -0.00020   -0.00026     4.4083     4.3813    28.5060    28.5061    35.4037    35.4042    22.5317    22.5320       0.00    192.535    191.356         57 0.0000e+00
      14392    599.610     18.875     19.000    28.5084    28.5083   5.735515   5.735544     3.1330     2.6496      77.66   26.25860  -83.80522   -0.00017    0.00071     4.4058     4.3831    28.5039    28.5038    35.4032    35.4037    22.5320    22.5324       0.00    192.427    191.436         55 0.0000e+00
      14447    601.934     19.869     20.000    28.5151    28.5188   5.737004   5.738002     3.1331     2.6491      76.71   26.25860  -83.80522   -0.00050   -0.00042     4.4058     4.3815    28.5103    28.5140    35.4083    35.4124    22.5337    22.5356     811.97    192.426    191.367         61 0.0000e+00
      14510    604.556     20.862     21.000    28.5214    28.5242   5.739196   5.739997     3.1326     2.6529      75.76   26.25861  -83.80522    0.00022    0.00110     4.4046     4.3893    28.5164    28.5192    35.4185    35.4220    22.5394    22.5411    1559.10    192.374    191.704         59 0.0000e+00
      14565    606.846     21.855     22.000    28.5189    28.5210   5.738264   5.738824     3.1328     2.6506      74.80   26.25862  -83.80522   -0.00053    0.00049     4.4059     4.3855    28.5136    28.5157    35.4136    35.4161    22.5366    22.5378    1543.23    192.431    191.539         54 0.0000e+00
      14624    609.281     22.849     23.000    28.5189    28.5202   5.738340   5.738620     3.1344     2.6472      73.84   26.25862  -83.80522    0.00079   -0.00170     4.4093     4.3791    28.5134    28.5147    35.4139    35.4148    22.5369    22.5372    1543.23    192.581    191.259         66 0.0000e+00
      14690    612.041     23.842     24.000    28.5187    28.5207   5.738542   5.739073     3.1328     2.6447      72.94   26.25862  -83.80522   -0.00032   -0.00109     4.4069     4.3745    28.5130    28.5150    35.4151    35.4173    22.5379    22.5389    1543.23    192.475    191.058         41 0.0000e+00
      14734    613.886     24.835     25.000    28.5219    28.5227   5.739643   5.739773     3.1336     2.6462      72.01   26.25862  -83.80522   -0.00024    0.00057     4.4085     4.3778    28.5159    28.5167    35.4201    35.4204    22.5407    22.5407    1543.23    192.545    191.201         53 0.0000e+00
      14804    616.781     25.829     26.000    28.5253    28.5279   5.740781   5.741535     3.1332     2.6468      70.89   26.25862  -83.80522    0.00019   -0.00012     4.4080     4.3790    28.5191    28.5217    35.4251    35.4284    22.5435    22.5451    1543.24    192.523    191.252         48 0.0000e+00
      14854    618.862     26.822     27.000    28.5307    28.5330   5.742777   5.743453     3.1341     2.6488      70.01   26.25862  -83.80522   -0.00029    0.00074     4.4094     4.3829    28.5242    28.5266    35.4347    35.4377    22.5490    22.5504    1543.24    192.582    191.423         51 0.0000e+00
      14920    621.620     27.816     28.000    28.5366    28.5390   5.745209   5.745881     3.1340     2.6488      69.01   26.25862  -83.80522    0.00030    0.00027     4.4091     4.3828    28.5299    28.5323    35.4469    35.4498    22.5563    22.5576    1543.25    192.569    191.418         62 0.0000e+00
      14972    623.808     28.809     29.000    28.5570    28.5583   5.753204   5.753463     3.1372     2.6535      68.16   26.25862  -83.80522    0.00038    0.00058     4.4128     4.3905    28.5501    28.5514    35.4870    35.4878    22.5797    22.5799    1543.26    192.724    191.748         44 0.0000e+00
      15030    626.214     29.802     30.000    28.5652    28.5673   5.756336   5.756977     3.1370     2.6518      67.02   26.25862  -83.80522    0.00083    0.00082     4.4120     4.3864    28.5580    28.5602    35.5024    35.5052    22.5886    22.5900    1543.27    192.686    191.570         68 0.0000e+00
      15092    628.795     30.796     31.000    28.6074    28.6116   5.771964   5.773195     3.1395     2.6523      66.13   26.25862  -83.80522   -0.00109   -0.00048     4.4121     4.3822    28.6010    28.6042    35.5784    35.5843    22.6315    22.6347    1543.28    192.684    191.376         41 0.0000e+00
      15147    631.067     31.789     32.000    28.6583    28.6594   5.794031   5.793191     3.1522     2.6664      65.13   26.25862  -83.80522    0.00421    0.00377     4.4287     4.4059    28.6507    28.6517    35.6940    35.6874    22.7019    22.6965    1543.30    193.397    192.400         68 0.0000e+00
      15212    633.798     32.782     33.000    28.6394    28.6437   5.832476   5.832251     3.1783     2.6928      64.17   26.25862  -83.80522    0.00747    0.00754     4.4714     4.4542    28.6315    28.6357    35.9755    35.9707    22.9198    22.9148    1543.33    195.216    194.467         53 0.0000e+00
      15268    636.117     33.776     34.000    28.5088    28.5054   5.830512   5.830670     3.1960     2.7109      63.23   26.25862  -83.80522    0.00950    0.01001     4.5098     4.4963    28.5115    28.4973    36.0524    36.0534    23.0175    23.0182    1543.36    196.876    196.286         62 0.0000e+00
      15327    638.592     34.769     35.000    28.3033    28.3060   5.806898   5.807211     3.2088     2.7174      62.27   26.25862  -83.80522    0.00605    0.00403     4.5537     4.5284    28.2920    28.2977    36.0540    36.0553    23.0913    23.0920    1543.37    198.777    197.676         57 0.0000e+00
      15386    641.048     35.762     36.000    28.1418    28.1428   5.792543   5.792868     3.2136     2.7243      61.26   26.25862  -83.80522    0.00284    0.00268     4.5747     4.5540    28.1333    28.1343    36.0741    36.0755    23.1588    23.1596    1543.38    199.683    198.777         58 0.0000e+00
      15442    643.381     36.756     37.000    27.9142    27.9173   5.771287   5.771808     3.2154     2.7271      60.31   26.25862  -83.80522    0.00152    0.00162     4.5965     4.5768    27.9055    27.9085    36.0985    36.0998    23.2519    23.2520    1543.37    200.613    199.757         58 0.0000e+00
      15501    645.846     37.749     38.000    27.6261    27.6281   5.745045   5.745495     3.2158     2.7250      59.37   26.25862  -83.80522    0.00006   -0.00034     4.6205     4.5942    27.6172    27.6192    36.1343    36.1359    23.3730    23.3736    1543.35    201.638    200.492         53 0.0000e+00
      15548    647.803     38.742     39.000    27.1987    27.1993   5.705384   5.705706     3.2034     2.7176      58.50   26.25863  -83.80522   -0.00256   -0.00202     4.6319     4.6112    27.1897    27.1903    36.1824    36.1843    23.5476    23.5488    1543.31    202.102    201.198         47 0.0000e+00
      15606    650.188     39.735     40.000    26.9296    26.9290   5.680715   5.680984     3.2087     2.7247      57.43   26.25863  -83.80522   -0.00175    0.00008     4.6638     4.6465    26.9204    26.9199    36.2149    36.2172    23.6587    23.6606    1543.26    203.472    202.716         63 0.0000e+00
      15655    652.262     40.729     41.000    26.6633    26.6634   5.656438   5.656761     3.2012     2.7178      56.57   26.25864  -83.80522    0.00100    0.00083     4.6718     4.6526    26.6540    26.6540    36.2479    36.2503    23.7687    23.7704    1543.19    203.799    202.961         39 0.0000e+00
      15704    654.304     41.722     42.000    26.3148    26.3129   5.622869   5.622984     3.1773     2.6990      55.48   26.25863  -83.80522   -0.00797   -0.00614     4.6558     4.6406    26.3053    26.3035    36.2785    36.2807    23.9022    23.9045    1543.12    203.074    202.412         63 0.0000e+00
      15763    656.738     42.715     43.000    25.8929    25.8949   5.581746   5.582254     3.1433     2.6686      54.51   26.25864  -83.80522   -0.01350   -0.01211     4.6260     4.6088    25.8833    25.8853    36.3117    36.3138    24.0599    24.0609    1543.03    201.744    200.994         47 0.0000e+00
      15809    658.682     43.709     44.000    25.7143    25.7156   5.565240   5.565698     3.1283     2.6583      53.56   26.25864  -83.80522   -0.01147   -0.00934     4.6121     4.6010    25.7045    25.7059    36.3323    36.3346    24.1312    24.1325    1542.92    201.125    200.638         51 0.0000e+00
      15860    660.786     44.702     45.000    25.3583    25.3574   5.530281   5.530473     3.1062     2.6383      52.65   26.25864  -83.80522   -0.00836   -0.00710     4.5995     4.5865    25.3484    25.3475    36.3582    36.3604    24.2611    24.2630    1542.81    200.548    199.980         48 0.0000e+00
      15913    662.993     45.695     46.000    25.2328    25.2332   5.518480   5.518820     3.0913     2.6282      51.64   26.25864  -83.80522   -0.00943   -0.00694     4.5813     4.5747    25.2227    25.2231    36.3711    36.3733    24.3096    24.3111    1542.69    199.747    199.459         60 0.0000e+00
      15967    665.264     46.688     47.000    25.2300    25.2308   5.518917   5.519327     3.0855     2.6216      50.70   26.25864  -83.80522   -0.00338   -0.00337     4.5709     4.5613    25.2197    25.2205    36.3763    36.3786    24.3144    24.3159    1542.57    199.289    198.872         45 0.0000e+00
      16014    667.193     47.681     48.000    25.0353    25.0329   5.503075   5.503066     3.0754     2.6124      49.70   26.25864  -83.80522   -0.00298   -0.00341     4.5642     4.5547    25.0248    25.0225    36.3947    36.3961    24.3881    24.3899    1542.45    198.983    198.570         53 0.0000e+00
      16069    669.507     48.675     49.000    24.7512    24.7485   5.469136   5.469148     3.0600     2.6012      48.71   26.25864  -83.80522   -0.00722   -0.00544     4.5621     4.5560    24.7406    24.7379    36.3903    36.3925    24.4715    24.4740    1542.33    198.876    198.609         54 0.0000e+00
      16121    671.658     49.668     50.000    24.5602    24.5580   5.447044   5.447037     3.0522     2.5917      47.77   26.25864  -83.80522   -0.00439   -0.00403     4.5637     4.5511    24.5495    24.5472    36.3784    36.3801    24.5203    24.5223    1542.20    198.937    198.386         51 0.0000e+00
      16172    673.778     50.661     51.000    24.3525    24.3499   5.425083   5.425099     3.0400     2.5819      46.78   26.25864  -83.80522   -0.00502   -0.00472     4.5564     4.5453    24.3416    24.3390    36.3811    36.3834    24.5851    24.5877    1542.07    198.605    198.122         50 0.0000e+00
      16222    675.869     51.654     52.000    24.1294    24.1286   5.405281   5.405491     3.0054     2.5496      45.78   26.25864  -83.80522   -0.01072   -0.00977     4.5076     4.4945    24.1184    24.1175    36.4117    36.4140    24.6752    24.6772    1541.93    196.459    195.888         52 0.0000e+00
      16273    678.008     52.647     53.000    24.0797    24.0803   5.401123   5.401455     2.9948     2.5431      44.88   26.25864  -83.80522   -0.01093   -0.00944     4.4915     4.4835    24.0685    24.0691    36.4214    36.4234    24.6975    24.6988    1541.79    195.756    195.408         50 0.0000e+00
