GOMECC/GOMECC-4/1db/rb2103_1101.cnv
* Sea-Bird SBE 9 Data File:
* FileName = C:\Users\scs.user.rb\CTD\GOMECC4\data\rb2103_1101.hex
* Software Version Seasave V 7.26.7.107
* Temperature SN = 4799
* Conductivity SN = 3860
* Number of Bytes Per Scan = 41
* Number of Voltage Words = 4
* Number of Scans Averaged by the Deck Unit = 1
* NMEA Latitude = 22 32.38 N
* NMEA Longitude = 086 36.68 W
* NMEA UTC (Time) = Oct 15 2021  05:55:57
* NMEA baud rate = 4800
# nquan = 28
# nvalues = 546                         
# units = specified
# name 0 = scan: Scan Count
# name 1 = timeS: Time, Elapsed [seconds]
# name 2 = depSM: Depth [salt water, m]
# name 3 = prDM: Pressure, Digiquartz [db]
# name 4 = t090C: Temperature [ITS-90, deg C]
# name 5 = t190C: Temperature, 2 [ITS-90, deg C]
# name 6 = c0S/m: Conductivity [S/m]
# name 7 = c1S/m: Conductivity, 2 [S/m]
# name 8 = sbeox0V: Oxygen raw, SBE 43 [V]
# name 9 = sbeox1V: Oxygen raw, SBE 43, 2 [V]
# name 10 = altM: Altimeter [m]
# name 11 = latitude: Latitude [deg]
# name 12 = longitude: Longitude [deg]
# name 13 = sbox0dV/dT: Oxygen, SBE 43 [dov/dt]
# name 14 = sbox1dV/dT: Oxygen, SBE 43, 2 [dov/dt]
# name 15 = sbeox0ML/L: Oxygen, SBE 43 [ml/l], WS = 5
# name 16 = sbeox1ML/L: Oxygen, SBE 43, 2 [ml/l], WS = 5
# name 17 = potemp090C: Potential Temperature [ITS-90, deg C]
# name 18 = potemp190C: Potential Temperature, 2 [ITS-90, deg C]
# name 19 = sal00: Salinity, Practical [PSU]
# name 20 = sal11: Salinity, Practical, 2 [PSU]
# name 21 = sigma-é00: Density [sigma-theta, kg/m^3]
# name 22 = sigma-é11: Density, 2 [sigma-theta, kg/m^3]
# name 23 = avgsvCM: Average Sound Velocity [Chen-Millero, m/s], minP = 20, minS = 20
# name 24 = sbox0Mm/Kg: Oxygen, SBE 43 [umol/kg], WS = 5
# name 25 = sbox1Mm/Kg: Oxygen, SBE 43, 2 [umol/kg], WS = 5
# name 26 = nbin: number of scans per bin
# name 27 = flag: flag
# span 0 =       5517,      64638       
# span 1 =    229.815,   2693.190       
# span 2 =      1.987,    360.409       
# span 3 =      2.000,    363.000       
# span 4 =    12.1244,    29.8860       
# span 5 =    12.1227,    29.8876       
# span 6 =   4.081201,   5.997438       
# span 7 =   4.081011,   5.997790       
# span 8 =     1.7791,     3.1658       
# span 9 =     1.4625,     2.6742       
# span 10 =      10.32,     102.19      
# span 11 =   22.23413,   22.61374      
# span 12 =  -86.84276,  -85.36185      
# span 13 =   -0.01831,    0.01310      
# span 14 =   -0.01624,    0.01486      
# span 15 =     2.7962,     4.3684      
# span 16 =     2.8099,     4.3442      
# span 17 =    12.0762,    29.8837      
# span 18 =    12.0745,    29.8854      
# span 19 =    35.5159,    36.9480      
# span 20 =    35.5156,    36.9505      
# span 21 =    22.3556,    26.9784      
# span 22 =    22.3558,    26.9785      
# span 23 =       0.00,    1545.70      
# span 24 =    121.597,    190.722      
# span 25 =    122.194,    189.655      
# span 26 =         30,         75      
# span 27 = 0.0000e+00, 0.0000e+00      
# interval = decibars: 1                
# start_time = Oct 15 2021 05:55:57 [NMEA time, header]
# bad_flag = -9.990e-29
*END*
[from data line 52]
       8380    349.135     55.642     56.000    28.3065    28.3072   5.845075   5.845513     3.0742     2.6009     100.00   22.54312  -86.61316   -0.00071   -0.00109     4.3121     4.2971    28.2932    28.2940    36.3106    36.3115    23.2840    23.2837    1544.97    188.197    187.543         31 0.0000e+00
       8440    351.614     57.629     58.000    28.1520    28.1544   5.830028   5.830437     3.0574     2.5880      99.97   22.53709  -86.58992   -0.00501   -0.00430     4.2923     4.2810    28.1382    28.1406    36.3191    36.3201    23.3403    23.3403    1544.52    187.320    186.826         35 0.0000e+00
       8479    353.245     58.622     59.000    28.1041    28.1052   5.826322   5.826623     3.0516     2.5842     100.00   22.54316  -86.61320   -0.00580   -0.00349     4.2886     4.2774    28.0901    28.0912    36.3337    36.3350    23.3684    23.3690    1544.92    187.154    186.667         39 0.0000e+00
       8518    354.891     59.615     60.000    27.9433    27.9473   5.811718   5.812296     3.0391     2.5699     100.00   22.54319  -86.61322   -0.00549   -0.00506     4.2742     4.2593    27.9292    27.9331    36.3545    36.3555    23.4369    23.4363    1544.90    186.515    185.865         38 0.0000e+00
       8552    356.286     60.609     61.000    27.8499    27.8551   5.803239   5.803918     3.0268     2.5595     100.00   22.54320  -86.61324   -0.00746   -0.00713     4.2597     4.2447    27.8355    27.8407    36.3666    36.3673    23.4767    23.4756    1544.88    185.875    185.220         30 0.0000e+00
       8582    357.561     61.602     62.000    27.6996    27.7056   5.789677   5.790386     3.0131     2.5511     100.00   22.54322  -86.61324   -0.00912   -0.00752     4.2457     4.2373    27.6850    27.6910    36.3867    36.3871    23.5410    23.5393    1544.85    185.251    184.884         33 0.0000e+00
       8618    359.053     62.596     63.000    27.5237    27.5339   5.772031   5.773212     2.9983     2.5303      79.37   22.54323  -86.61325   -0.00989   -0.00954     4.2318     4.2079    27.5090    27.5192    36.3977    36.3982    23.6066    23.6037    1544.82    184.633    183.593         37 0.0000e+00
       8653    360.511     63.589     64.000    27.3903    27.3992   5.758484   5.759524     2.9811     2.5155      95.60   22.54326  -86.61326   -0.01071   -0.01111     4.2102     4.1869    27.3754    27.3843    36.4049    36.4053    23.6553    23.6528    1544.79    183.684    182.667         33 0.0000e+00
       8687    361.900     64.583     65.000    27.0834    27.0907   5.727238   5.728106     2.9595     2.4960      99.95   22.54327  -86.61327   -0.01209   -0.01161     4.1960     4.1703    27.0684    27.0757    36.4209    36.4215    23.7665    23.7646    1544.75    183.045    181.922         35 0.0000e+00
       8724    363.439     65.576     66.000    26.9088    26.9300   5.710253   5.712040     2.9358     2.4813     100.00   22.54330  -86.61330   -0.01505   -0.01200     4.1570     4.1465    26.8882    26.9149    36.4398    36.4374    23.8386    23.8305    1544.70    181.331    180.873         37 0.0000e+00
       8757    364.853     66.569     67.000    26.8451    26.8470   5.706577   5.707073     2.9202     2.4663     100.00   22.54332  -86.61330   -0.01470   -0.01086     4.1371     4.1235    26.8298    26.8316    36.4588    36.4609    23.8716    23.8725    1544.66    180.455    179.861         31 0.0000e+00
       8789    366.177     67.563     68.000    26.8153    26.8174   5.704292   5.704777     2.9093     2.4568     100.00   22.54334  -86.61332   -0.01157   -0.00957     4.1192     4.1062    26.7997    26.8018    36.4655    36.4674    23.8863    23.8871    1544.61    179.671    179.103         34 0.0000e+00
       8824    367.641     68.556     69.000    26.7527    26.7552   5.699164   5.699668     2.8962     2.4513     100.00   22.54335  -86.61333   -0.00902   -0.00692     4.0993     4.0991    26.7369    26.7394    36.4776    36.4792    23.9154    23.9159    1544.56    178.797    178.789         36 0.0000e+00
       8861    369.182     69.550     70.000    26.6847    26.6877   5.693284   5.693832     2.8878     2.4422     100.00   22.54338  -86.61334   -0.00773   -0.00480     4.0886     4.0851    26.6687    26.6717    36.4884    36.4900    23.9454    23.9456    1544.51    178.327    178.173         37 0.0000e+00
       8896    370.615     70.543     71.000    26.5906    26.5976   5.684233   5.685148     2.8772     2.4277     100.00   22.54339  -86.61336   -0.00662   -0.00675     4.0761     4.0618    26.5744    26.5815    36.4969    36.4982    23.9818    23.9806    1544.47    177.774    177.153         32 0.0000e+00
       8928    371.946     71.537     72.000    26.4264    26.4342   5.668701   5.669648     2.8643     2.4164     100.00   22.54341  -86.61337   -0.00721   -0.00858     4.0634     4.0488    26.4101    26.4178    36.5139    36.5147    24.0468    24.0449    1544.41    177.212    176.572         32 0.0000e+00
       8961    373.339     72.530     73.000    26.1025    26.1095   5.637002   5.637921     2.8396     2.3936     100.00   22.54342  -86.61338   -0.01103   -0.01071     4.0402     4.0229    26.0861    26.0931    36.5401    36.5412    24.1687    24.1673    1544.35    176.175    175.422         36 0.0000e+00
       8997    374.844     73.523     74.000    25.9017    25.9132   5.618143   5.618952     2.8110     2.3685     100.00   22.54345  -86.61340   -0.01667   -0.01552     4.0047     3.9853    25.8852    25.8967    36.5760    36.5749    24.2589    24.2545    1544.29    174.613    173.767         36 0.0000e+00
       9033    376.349     74.517     75.000    25.7366    25.7380   5.610640   5.611010     2.7873     2.3471      98.59   22.54346  -86.61340   -0.01831   -0.01624     3.9654     3.9484    25.7199    25.7213    36.6386    36.6402    24.3579    24.3586    1544.22    172.883    172.141         35 0.0000e+00
       9068    377.782     75.510     76.000    25.7286    25.7299   5.610728   5.611114     2.7710     2.3356      72.75   22.54349  -86.61342   -0.01517   -0.01250     3.9350     3.9247    25.7117    25.7130    36.6455    36.6473    24.3656    24.3666    1544.15    171.558    171.107         34 0.0000e+00
       9100    379.113     76.503     77.000    25.7130    25.7135   5.609661   5.610009     2.7615     2.3292      99.76   22.54350  -86.61344   -0.01125   -0.00906     3.9182     3.9126    25.6959    25.6963    36.6499    36.6521    24.3738    24.3753    1544.09    170.825    170.577         31 0.0000e+00
       9131    380.430     77.496     78.000    25.5458    25.5466   5.599802   5.600060     2.7507     2.3214     100.00   22.54353  -86.61345   -0.00828   -0.00541     3.9084     3.9063    25.5285    25.5294    36.7115    36.7127    24.4724    24.4730    1544.03    170.378    170.287         34 0.0000e+00
       9172    382.105     78.490     79.000    25.2923    25.2929   5.577219   5.577540     2.7200     2.2903     100.00   22.54354  -86.61346   -0.01109   -0.01039     3.8668     3.8564    25.2749    25.2755    36.7488    36.7507    24.5791    24.5803    1543.95    168.547    168.095         45 0.0000e+00
       9211    383.763     79.483     80.000    25.0741    25.0739   5.553085   5.553710     2.6942     2.2690     100.00   22.54357  -86.61347   -0.01728   -0.01614     3.8316     3.8246    25.0456    25.0566    36.7548    36.7567    24.6541    24.6545    1543.88    167.002    166.699         32 0.0000e+00
       9264    385.961     81.470     82.000    24.7318    24.7310   5.521461   5.521718     2.6637     2.2426      99.96   22.53398  -86.57654   -0.01338   -0.01141     3.7968     3.7908    24.7141    24.7132    36.7810    36.7837    24.7733    24.7756    1543.06    165.462    165.203         33 0.0000e+00
       9310    387.879     82.463     83.000    24.6513    24.6505   5.518031   5.518296     2.6431     2.2262     100.00   22.54362  -86.61351   -0.01257   -0.01055     3.7621     3.7606    24.6334    24.6325    36.8275    36.8302    24.8350    24.8372    1543.64    163.944    163.878         51 0.0000e+00
       9352    389.637     83.457     84.000    24.6250    24.6249   5.515751   5.516052     2.6322     2.2172      93.88   22.54365  -86.61352   -0.01030   -0.00848     3.7430     3.7432    24.6069    24.6068    36.8316    36.8339    24.8461    24.8479    1543.56    163.108    163.116         30 0.0000e+00
       9403    391.769     85.443     86.000    24.5121    24.5140   5.504386   5.504897     2.6173     2.2051      99.96   22.53516  -86.58087   -0.00574   -0.00478     3.7219     3.7246    24.4936    24.4955    36.8321    36.8344    24.8791    24.8803    1542.81    162.183    162.299         33 0.0000e+00
       9449    393.646     86.437     87.000    24.4956    24.4933   5.504529   5.504616     2.6114     2.2020     100.00   22.54370  -86.61356   -0.00544   -0.00380     3.7118     3.7195    24.4769    24.4746    36.8523    36.8548    24.9011    24.9037    1543.32    161.744    162.077         50 0.0000e+00
       9491    395.414     87.430     88.000    24.3817    24.3656   5.493894   5.492034     2.6042     2.1963     100.00   22.54372  -86.61358   -0.00430   -0.00302     3.7095     3.7192    24.3629    24.3468    36.8654    36.8685    24.9455    24.9527    1543.27    161.633    162.055         32 0.0000e+00
       9544    397.633     89.417     90.000    23.7213    23.7214   5.426655   5.427011     2.5611     2.1522      99.96   22.53475  -86.57902   -0.01311   -0.01386     3.6665     3.6607    23.7024    23.7025    36.8962    36.8987    25.1654    25.1672    1542.44    159.724    159.472         31 0.0000e+00
       9586    399.356     90.410     91.000    23.7225    23.7231   5.427608   5.428014     2.5529     2.1445     100.00   22.54378  -86.61362   -0.01329   -0.01267     3.6495     3.6439    23.7034    23.7040    36.9055    36.9081    25.1730    25.1748    1542.97    158.985    158.739         44 0.0000e+00
       9627    401.069     91.403     92.000    23.7214    23.7222   5.427851   5.428249     2.5463     2.1400     100.00   22.54379  -86.61362   -0.00583   -0.00438     3.6369     3.6345    23.7020    23.7028    36.9080    36.9103    25.1753    25.1769    1542.88    158.437    158.330         36 0.0000e+00
       9659    402.432     92.397     93.000    23.7182    23.7186   5.427772   5.428130     2.5451     2.1385     100.00   22.54382  -86.61364   -0.00297   -0.00233     3.6350     3.6317    23.6987    23.6991    36.9096    36.9120    25.1775    25.1793    1542.79    158.354    158.207         31 0.0000e+00
       9690    403.723     93.390     94.000    23.7131    23.7137   5.427719   5.428280     2.5428     2.1384     100.00   22.54383  -86.61365   -0.00173   -0.00133     3.6313     3.6323    23.6934    23.6939    36.9128    36.9153    25.1816    25.1833    1542.71    158.190    158.235         32 0.0000e+00
       9725    405.179     94.383     95.000    23.7077    23.7081   5.427770   5.428092     2.5411     2.1359     100.00   22.54386  -86.61366   -0.00141   -0.00079     3.6285     3.6276    23.6878    23.6881    36.9176    36.9198    25.1869    25.1884    1542.62    158.066    158.026         38 0.0000e+00
       9764    406.811     95.376     96.000    23.6985    23.6987   5.427575   5.427861     2.5390     2.1360     100.00   22.54387  -86.61367   -0.00133   -0.00081     3.6253     3.6286    23.6783    23.6786    36.9235    36.9255    25.1941    25.1956    1542.54    157.927    158.071         38 0.0000e+00
       9799    408.266     96.370     97.000    23.6456    23.6436   5.425722   5.425889     2.5366     2.1330     100.00   22.54390  -86.61368   -0.00137   -0.00080     3.6231     3.6229    23.6252    23.6232    36.9458    36.9476    25.2268    25.2288    1542.47    157.826    157.817         33 0.0000e+00
       9831    409.581     97.363     98.000    23.5717    23.5683   5.416907   5.416777     2.5338     2.1282     100.00   22.54391  -86.61370   -0.00160   -0.00194     3.6238     3.6199    23.5512    23.5478    36.9466    36.9483    25.2492    25.2516    1542.38    157.853    157.685         32 0.0000e+00
       9865    411.013     98.356     99.000    23.4209    23.4213   5.399749   5.400073     2.5252     2.1214     100.00   22.54393  -86.61371   -0.00300   -0.00350     3.6175     3.6149    23.4003    23.4006    36.9403    36.9425    25.2889    25.2905    1542.30    157.574    157.458         37 0.0000e+00
       9903    412.577     99.349    100.000    23.3185    23.3160   5.388179   5.387874     2.5159     2.1139      92.27   22.54395  -86.61373   -0.00535   -0.00460     3.6074     3.6072    23.2995    23.2953    36.9350    36.9362    25.3145    25.3166    1542.22    157.129    157.120         36 0.0000e+00
       9938    414.045    100.343    101.000    23.2002    23.1946   5.374398   5.374113     2.5074     2.1075      82.53   22.54397  -86.61374   -0.00603   -0.00478     3.5976     3.5995    23.1793    23.1737    36.9286    36.9312    25.3449    25.3485    1542.14    156.700    156.778         35 0.0000e+00
       9975    415.566    101.336    102.000    23.2111    23.2082   5.375858   5.375718     2.5031     2.1045     100.04   22.54399  -86.61375   -0.00509   -0.00385     3.5887     3.5925    23.1899    23.1871    36.9305    36.9318    25.3432    25.3450    1542.06    156.310    156.475         38 0.0000e+00
      10011    417.073    102.329    103.000    23.0621    23.0468   5.359075   5.357594     2.4975     2.0993     100.00   22.54401  -86.61376   -0.00331   -0.00242     3.5875     3.5906    23.0408    23.0256    36.9252    36.9265    25.3826    25.3881    1541.97    156.253    156.385         33 0.0000e+00
      10043    418.407    103.322    104.000    22.9413    22.9371   5.345559   5.345407     2.4893     2.0918     100.00   22.54403  -86.61378   -0.00388   -0.00360     3.5801     3.5824    22.9199    22.9157    36.9214    36.9237    25.4150    25.4179    1541.89    155.924    156.024         33 0.0000e+00
      10082    420.028    104.315    105.000    22.8250    22.8196   5.332569   5.332275     2.4791     2.0834     100.00   22.54405  -86.61379   -0.00583   -0.00520     3.5678     3.5716    22.8035    22.7981    36.9178    36.9201    25.4460    25.4493    1541.81    155.382    155.550         45 0.0000e+00
      10124    421.781    105.309    106.000    22.7539    22.7501   5.324639   5.324489     2.4709     2.0762     100.00   22.54407  -86.61381   -0.00595   -0.00476     3.5564     3.5602    22.7322    22.7285    36.9156    36.9176    25.4649    25.4675    1541.72    154.884    155.051         35 0.0000e+00
      10154    423.061    106.302    107.000    22.7166    22.7188   5.320547   5.321088     2.4665     2.0696     100.00   22.54409  -86.61382   -0.00468   -0.00461     3.5503     3.5479    22.6947    22.6970    36.9148    36.9171    25.4751    25.4762    1541.63    154.619    154.513         30 0.0000e+00
      10186    424.389    107.295    108.000    22.6780    22.6883   5.316248   5.317578     2.4631     2.0684      99.39   22.54411  -86.61384   -0.00340   -0.00381     3.5464     3.5477    22.6560    22.6663    36.9134    36.9162    25.4852    25.4844    1541.54    154.447    154.503         35 0.0000e+00
      10226    426.056    108.289    109.000    22.6519    22.6510   5.314157   5.314207     2.4587     2.0662      97.21   22.54414  -86.61384   -0.00279   -0.00184     3.5391     3.5451    22.6297    22.6288    36.9131    36.9147    25.4926    25.4940    1541.47    154.129    154.387         45 0.0000e+00
      10270    427.869    109.282    110.000    22.6441    22.6453   5.312641   5.312997     2.4561     2.0646     100.09   22.54416  -86.61386   -0.00215   -0.00099     3.5353     3.5426    22.6217    22.6229    36.9133    36.9151    25.4950    25.4960    1541.38    153.961    154.278         38 0.0000e+00
