GOMECC/GOMECC-4/1db/rb2103_0861.cnv
* Sea-Bird SBE 9 Data File:
* FileName = C:\Users\scs.user.rb\CTD\GOMECC4\data\rb2103_0861.hex
* Software Version Seasave V 7.26.7.107
* Temperature SN = 4799
* Conductivity SN = 3860
* Number of Bytes Per Scan = 41
* Number of Voltage Words = 4
* Number of Scans Averaged by the Deck Unit = 1
* NMEA Latitude = 20 01.19 N
* NMEA Longitude = 093 46.26 W
* NMEA UTC (Time) = Oct 08 2021  06:53:11
* NMEA baud rate = 4800
# nquan = 28
# nvalues = 789                         
# units = specified
# name 0 = scan: Scan Count
# name 1 = timeS: Time, Elapsed [seconds]
# name 2 = depSM: Depth [salt water, m]
# name 3 = prDM: Pressure, Digiquartz [db]
# name 4 = t090C: Temperature [ITS-90, deg C]
# name 5 = t190C: Temperature, 2 [ITS-90, deg C]
# name 6 = c0S/m: Conductivity [S/m]
# name 7 = c1S/m: Conductivity, 2 [S/m]
# name 8 = sbeox0V: Oxygen raw, SBE 43 [V]
# name 9 = sbeox1V: Oxygen raw, SBE 43, 2 [V]
# name 10 = altM: Altimeter [m]
# name 11 = latitude: Latitude [deg]
# name 12 = longitude: Longitude [deg]
# name 13 = sbox0dV/dT: Oxygen, SBE 43 [dov/dt]
# name 14 = sbox1dV/dT: Oxygen, SBE 43, 2 [dov/dt]
# name 15 = sbeox0ML/L: Oxygen, SBE 43 [ml/l], WS = 5
# name 16 = sbeox1ML/L: Oxygen, SBE 43, 2 [ml/l], WS = 5
# name 17 = potemp090C: Potential Temperature [ITS-90, deg C]
# name 18 = potemp190C: Potential Temperature, 2 [ITS-90, deg C]
# name 19 = sal00: Salinity, Practical [PSU]
# name 20 = sal11: Salinity, Practical, 2 [PSU]
# name 21 = sigma-é00: Density [sigma-theta, kg/m^3]
# name 22 = sigma-é11: Density, 2 [sigma-theta, kg/m^3]
# name 23 = avgsvCM: Average Sound Velocity [Chen-Millero, m/s], minP = 20, minS = 20
# name 24 = sbox0Mm/Kg: Oxygen, SBE 43 [umol/kg], WS = 5
# name 25 = sbox1Mm/Kg: Oxygen, SBE 43, 2 [umol/kg], WS = 5
# name 26 = nbin: number of scans per bin
# name 27 = flag: flag
# span 0 =      13157,     130211       
# span 1 =    548.166,   5425.421       
# span 2 =      2.981,   1471.674       
# span 3 =      3.000,   1486.000       
# span 4 =     4.3848,    29.6934       
# span 5 =     4.3853,    29.6940       
# span 6 =   3.349845,   5.901504       
# span 7 =   3.349718,   5.901849       
# span 8 =     1.5718,     3.1415       
# span 9 =     1.2747,     2.6576       
# span 10 =      10.95,     102.05      
# span 11 =   19.89638,   20.11993      
# span 12 =  -94.23645,  -93.18923      
# span 13 =   -0.03249,    0.02018      
# span 14 =   -0.03199,    0.02279      
# span 15 =     2.3927,     4.5325      
# span 16 =     2.4097,     4.5586      
# span 17 =     4.2629,    29.6890      
# span 18 =     4.2633,    29.6896      
# span 19 =    34.8782,    36.5212      
# span 20 =    34.8687,    36.5257      
# span 21 =    21.8425,    27.7306      
# span 22 =    21.8364,    27.7298      
# span 23 =       0.00,    1545.60      
# span 24 =    104.055,    196.959      
# span 25 =    104.793,    198.093      
# span 26 =         30,         79      
# span 27 = 0.0000e+00, 0.0000e+00      
# interval = decibars: 1                
# start_time = Oct 08 2021 06:53:11 [NMEA time, header]
# bad_flag = -9.990e-29
*END*
[from data line 259]
      35197   1466.490    730.207    736.000     6.7008     6.7014   3.526723   3.526729     1.6503     1.3503     100.00   20.01894  -93.76652    0.00048    0.00049     2.9627     2.9869     6.6309     6.6315    34.9209    34.9203    27.4071    27.4066    1502.28    128.784    129.835         34 0.0000e+00
      35232   1467.945    731.198    737.000     6.7004     6.7008   3.526874   3.526863     1.6508     1.3504     100.00   20.01994  -93.77118    0.00046    0.00031     2.9645     2.9875     6.6304     6.6308    34.9226    34.9221    27.4086    27.4081    1502.34    128.863    129.863         30 0.0000e+00
      35334   1472.224    735.159    741.000     6.6943     6.6949   3.526513   3.526527     1.6511     1.3504     100.00   20.02015  -93.77215    0.00005   -0.00001     2.9673     2.9898     6.6239     6.6245    34.9229    34.9225    27.4097    27.4093    1502.29    128.985    129.963         39 0.0000e+00
      35471   1477.912    740.111    746.000     6.6775     6.6779   3.525348   3.525332     1.6519     1.3514     100.01   20.02129  -93.77749   -0.00002    0.00001     2.9732     2.9962     6.6068     6.6072    34.9249    34.9243    27.4136    27.4131    1502.29    129.240    130.241         38 0.0000e+00
      35601   1483.351    745.063    751.000     6.6679     6.6685   3.524603   3.524607     1.6526     1.3515     100.00   20.02074  -93.77491    0.00011 9.0773e-07     2.9781     2.9995     6.5967     6.5973    34.9238    34.9233    27.4141    27.4136    1502.16    129.455    130.384         33 0.0000e+00
      35947   1497.750    757.936    764.000     6.5836     6.5841   3.516946   3.516935     1.6573     1.3571     100.00   20.01939  -93.76859    0.00074    0.00084     3.0052     3.0307     6.5116     6.5120    34.9189    34.9183    27.4216    27.4211    1501.85    130.630    131.740         37 0.0000e+00
      36078   1503.209    762.887    769.000     6.5747     6.5751   3.516458   3.516447     1.6591     1.3579     100.00   20.01912  -93.76730    0.00023    0.00007     3.0137     3.0361     6.5022     6.5026    34.9194    34.9189    27.4233    27.4228    1501.74    131.000    131.975         42 0.0000e+00
      36212   1508.810    767.838    774.000     6.5453     6.5458   3.513969   3.513964     1.6598     1.3587     100.00   20.01938  -93.76844    0.00011    0.00019     3.0200     3.0432     6.4725     6.4730    34.9192    34.9187    27.4271    27.4266    1501.68    131.274    132.283         38 0.0000e+00
      36345   1514.349    772.789    779.000     6.5195     6.5200   3.511770   3.511761     1.6620     1.3616      95.52   20.01961  -93.76955    0.00041    0.00072     3.0314     3.0574     6.4464     6.4468    34.9187    34.9182    27.4302    27.4297    1501.62    131.767    132.898         31 0.0000e+00
      36532   1522.137    779.720    786.000     6.4638     6.4642   3.506744   3.506742     1.6650     1.3642     100.00   20.01929  -93.76806    0.00030    0.00031     3.0485     3.0740     6.3903     6.3907    34.9167    34.9163    27.4360    27.4357    1501.48    132.510    133.617         32 0.0000e+00
      36566   1523.524    780.710    787.000     6.4637     6.4642   3.506881   3.506886     1.6663     1.3655     100.00   20.01994  -93.77119    0.00050    0.00051     3.0528     3.0787     6.3901     6.3906    34.9173    34.9169    27.4366    27.4362    1501.53    132.697    133.824         30 0.0000e+00
      36669   1527.849    784.671    791.000     6.4626     6.4630   3.506998   3.506986     1.6693     1.3676     100.00   20.02015  -93.77217    0.00068    0.00037     3.0643     3.0877     6.3886     6.3890    34.9179    34.9174    27.4372    27.4368    1501.47    133.197    134.214         37 0.0000e+00
      36770   1532.061    788.631    795.000     6.4579     6.4583   3.506497   3.506487     1.6694     1.3675      99.99   20.01856  -93.76469    0.00001   -0.00001     3.0668     3.0895     6.3835     6.3839    34.9150    34.9144    27.4356    27.4351    1501.30    133.304    134.293         37 0.0000e+00
      36809   1533.680    789.622    796.000     6.4562     6.4569   3.506586   3.506600     1.6698     1.3676     100.00   20.01994  -93.77118    0.00010    0.00004     3.0685     3.0902     6.3818     6.3824    34.9173    34.9169    27.4377    27.4372    1501.38    133.378    134.322         31 0.0000e+00
      36906   1537.718    793.582    800.000     6.4265     6.4269   3.503858   3.503845     1.6704     1.3692     100.00   20.01925  -93.76796    0.00009    0.00042     3.0745     3.0999     6.3519     6.3523    34.9152    34.9147    27.4399    27.4394    1501.27    133.639    134.744         42 0.0000e+00
      37010   1542.024    797.542    804.000     6.3865     6.3869   3.500270   3.500265     1.6727     1.3711     100.00   20.01890  -93.76629    0.00048    0.00033     3.0869     3.1117     6.3117     6.3121    34.9141    34.9135    27.4443    27.4439    1501.19    134.177    135.257         30 0.0000e+00
      37044   1543.445    798.532    805.000     6.3862     6.3867   3.500425   3.500419     1.6738     1.3727     100.00   20.01994  -93.77118    0.00048    0.00069     3.0908     3.1174     6.3113     6.3117    34.9157    34.9152    27.4457    27.4453    1501.25    134.348    135.506         32 0.0000e+00
      37257   1552.329    806.452    813.000     6.3425     6.3429   3.496773   3.496766     1.6771     1.3757     100.00   20.02013  -93.77217    0.00018    0.00031     3.1083     3.1351     6.2671     6.2675    34.9158    34.9153    27.4516    27.4511    1501.15    135.107    136.274         32 0.0000e+00
      37358   1556.532    810.413    817.000     6.3363     6.3367   3.496222   3.496200     1.6799     1.3784     100.00   20.01898  -93.76680    0.00072    0.00064     3.1197     3.1468     6.2605     6.2609    34.9138    34.9132    27.4508    27.4503    1501.01    135.605    136.782         34 0.0000e+00
      37394   1558.047    811.402    818.000     6.3350     6.3353   3.496279   3.496260     1.6803     1.3784      91.21   20.01992  -93.77118    0.00051    0.00030     3.1213     3.1471     6.2591     6.2594    34.9155    34.9149    27.4524    27.4519    1501.06    135.672    136.795         32 0.0000e+00
      37491   1562.098    815.362    822.000     6.3269     6.3271   3.495548   3.495524     1.6812     1.3789     100.00   20.01904  -93.76704    0.00024    0.00013     3.1267     3.1513     6.2506     6.2509    34.9138    34.9133    27.4521    27.4517    1500.94    135.908    136.978         35 0.0000e+00
      37527   1563.583    816.352    823.000     6.3212     6.3216   3.495226   3.495214     1.6814     1.3788     100.00   20.01992  -93.77118    0.00008   -0.00000     3.1280     3.1519     6.2449     6.2453    34.9154    34.9148    27.4541    27.4537    1500.99    135.965    137.004         31 0.0000e+00
      37625   1567.685    820.312    827.000     6.2634     6.2637   3.489969   3.489953     1.6820     1.3795     100.00   20.01909  -93.76728    0.00017    0.00010     3.1369     3.1610     6.1871     6.1874    34.9146    34.9141    27.4610    27.4606    1500.87    136.350    137.397         37 0.0000e+00
      37760   1573.285    825.262    832.000     6.2200     6.2205   3.486255   3.486248     1.6875     1.3853     100.00   20.01956  -93.76951    0.00089    0.00079     3.1602     3.1871     6.1435     6.1440    34.9140    34.9134    27.4663    27.4658    1500.84    137.363    138.529         32 0.0000e+00
      37792   1574.631    826.252    833.000     6.2150     6.2155   3.485900   3.485892     1.6891     1.3869     100.00   20.01992  -93.77118    0.00091    0.00091     3.1663     3.1935     6.1384     6.1389    34.9147    34.9141    27.4675    27.4670    1500.85    137.628    138.809         30 0.0000e+00
      37924   1580.134    831.201    838.000     6.2105     6.2111   3.485787   3.485789     1.6930     1.3899     100.00   20.02029  -93.77293    0.00055    0.00045     3.1815     3.2064     6.1334     6.1341    34.9157    34.9151    27.4689    27.4684    1500.80    138.286    139.368         32 0.0000e+00
      38027   1584.402    835.161    842.000     6.1987     6.1989   3.484755   3.484718     1.6935     1.3901     100.00   20.01947  -93.76904    0.00004   -0.00003     3.1858     3.2099     6.1213     6.1215    34.9146    34.9140    27.4696    27.4692    1500.69    138.474    139.523         30 0.0000e+00
      38060   1585.778    836.151    843.000     6.1969     6.1981   3.484704   3.484763     1.6939     1.3905     100.00   20.01992  -93.77116    0.00007    0.00010     3.1876     3.2118     6.1194     6.1206    34.9150    34.9144    27.4702    27.4696    1500.71    138.553    139.605         33 0.0000e+00
      38160   1589.947    840.110    847.000     6.1759     6.1769   3.482814   3.482852     1.6946     1.3912     100.00   20.01899  -93.76679    0.00017    0.00010     3.1935     3.2179     6.0981     6.0992    34.9133    34.9126    27.4716    27.4709    1500.59    138.809    139.867         34 0.0000e+00
      38195   1591.434    841.100    848.000     6.1703     6.1710   3.482487   3.482512     1.6948     1.3918     100.00   20.01992  -93.77116    0.00012    0.00032     3.1951     3.2211     6.0925     6.0932    34.9149    34.9145    27.4736    27.4732    1500.64    138.879    140.005         31 0.0000e+00
      38293   1595.520    845.059    852.000     6.1615     6.1619   3.481745   3.481726     1.6971     1.3935      95.01   20.01913  -93.76744    0.00056    0.00045     3.2050     3.2293     6.0834     6.0837    34.9135    34.9130    27.4737    27.4732    1500.53    139.306    140.365         37 0.0000e+00
      38430   1601.226    850.009    857.000     6.1528     6.1532   3.481351   3.481342     1.6985     1.3945     100.00   20.02041  -93.77342    0.00023    0.00001     3.2124     3.2356     6.0743     6.0746    34.9158    34.9153    27.4767    27.4762    1500.56    139.630    140.639         32 0.0000e+00
      38537   1605.674    853.968    861.000     6.1281     6.1285   3.479243   3.479232     1.6994     1.3945     100.00   20.02029  -93.77280    0.00021    0.00006     3.2191     3.2397     6.0493     6.0497    34.9154    34.9149    27.4796    27.4791    1500.50    139.921    140.816         30 0.0000e+00
      38670   1611.222    858.917    866.000     6.0780     6.0784   3.474827   3.474811     1.7023     1.3989     100.00   20.01985  -93.77075    0.00072    0.00080     3.2352     3.2617     5.9991     5.9995    34.9147    34.9141    27.4854    27.4849    1500.40    140.620    141.772         30 0.0000e+00
      38858   1619.025    865.845    873.000     6.0059     6.0065   3.468577   3.468572     1.7107     1.4065     100.00   20.01973  -93.77018    0.00136    0.00118     3.2722     3.2982     5.9268     5.9273    34.9149    34.9143    27.4948    27.4943    1500.30    142.228    143.358         33 0.0000e+00
      38990   1624.548    870.794    878.000     5.9547     5.9550   3.464187   3.464168     1.7166     1.4124     100.00   20.02002  -93.77154    0.00102    0.00122     3.2985     3.3261     5.8754     5.8757    34.9157    34.9152    27.5020    27.5015    1500.25    143.366    144.566         41 0.0000e+00
      39124   1630.120    875.742    883.000     5.9302     5.9302   3.462180   3.462131     1.7215     1.4163     100.00   20.01988  -93.77088    0.00069    0.00067     3.3191     3.3446     5.8506     5.8506    34.9158    34.9152    27.5052    27.5048    1500.18    144.263    145.373         39 0.0000e+00
      39256   1635.612    880.690    888.000     5.9245     5.9250   3.461861   3.461847     1.7245     1.4188      71.89   20.01953  -93.76925    0.00053    0.00041     3.3317     3.3562     5.8444     5.8449    34.9156    34.9149    27.5058    27.5052    1500.09    144.810    145.876         40 0.0000e+00
      39390   1641.194    885.639    893.000     5.9024     5.9029   3.460184   3.460186     1.7252     1.4199     100.00   20.02028  -93.77276    0.00003    0.00022     3.3383     3.3641     5.8220     5.8225    34.9169    34.9164    27.5097    27.5093    1500.08    145.095    146.219         35 0.0000e+00
      39949   1664.495    906.420    914.000     5.7853     5.7857   3.450463   3.450449     1.7387     1.4336     100.00   20.01965  -93.76972    0.00097    0.00088     3.4030     3.4338     5.7036     5.7041    34.9172    34.9166    27.5248    27.5243    1499.78    147.908    149.246         36 0.0000e+00
      40084   1670.115    911.368    919.000     5.7745     5.7749   3.449720   3.449705     1.7414     1.4357     100.00   20.01959  -93.76947    0.00035    0.00034     3.4155     3.4446     5.6925     5.6928    34.9175    34.9169    27.5264    27.5259    1499.71    148.450    149.713         40 0.0000e+00
      40213   1675.489    916.315    924.000     5.7618     5.7622   3.448732   3.448712     1.7433     1.4363     100.00   20.01908  -93.76707    0.00029    0.00007     3.4254     3.4501     5.6794     5.6798    34.9169    34.9162    27.5275    27.5270    1499.61    148.878    149.954         38 0.0000e+00
      40251   1677.086    917.305    925.000     5.7610     5.7614   3.448827   3.448820     1.7436     1.4368     100.00   20.01996  -93.77120    0.00031    0.00029     3.4268     3.4524     5.6785     5.6789    34.9183    34.9178    27.5288    27.5283    1499.67    148.941    150.054         31 0.0000e+00
      40344   1680.976    921.263    929.000     5.7479     5.7483   3.447638   3.447620     1.7441     1.4373      99.99   20.01868  -93.76522    0.00017    0.00010     3.4314     3.4572     5.6651     5.6655    34.9162    34.9157    27.5288    27.5283    1499.53    149.140    150.262         39 0.0000e+00
      40384   1682.604    922.252    930.000     5.7446     5.7448   3.447305   3.447300     1.7444     1.4377     100.00   20.01996  -93.77120    0.00016    0.00015     3.4330     3.4591     5.6617     5.6619    34.9184    34.9179    27.5310    27.5305    1499.61    149.209    150.343         30 0.0000e+00
      40480   1686.621    926.210    934.000     5.7066     5.7065   3.444251   3.444193     1.7463     1.4394     100.00   20.01942  -93.76866    0.00047    0.00039     3.4450     3.4712     5.6236     5.6235    34.9181    34.9175    27.5354    27.5350    1499.52    149.732    150.869         35 0.0000e+00
      40617   1692.347    931.157    939.000     5.6500     5.6503   3.439545   3.439522     1.7502     1.4437     100.00   20.02036  -93.77309    0.00054    0.00066     3.4656     3.4940     5.5669     5.5672    34.9207    34.9201    27.5445    27.5440    1499.54    150.623    151.860         32 0.0000e+00
      40720   1696.617    935.115    943.000     5.6013     5.6026   3.435648   3.435734     1.7567     1.4503     100.00   20.01937  -93.76845    0.00155    0.00161     3.4950     3.5254     5.5182     5.5194    34.9204    34.9198    27.5502    27.5496    1499.42    151.900    153.224         31 0.0000e+00
      40752   1697.941    936.104    944.000     5.5957     5.5964   3.434826   3.434856     1.7582     1.4518     100.00   20.01996  -93.77120    0.00131    0.00133     3.4998     3.5313     5.5126     5.5133    34.9206    34.9202    27.5511    27.5507    1499.45    152.112    153.480         30 0.0000e+00
      40882   1703.366    941.051    949.000     5.5850     5.5850   3.434126   3.434071     1.7657     1.4580     100.00   20.01986  -93.77073    0.00123    0.00101     3.5285     3.5572     5.5015     5.5014    34.9212    34.9207    27.5529    27.5525    1499.38    153.356    154.606         31 0.0000e+00
      41012   1708.785    945.998    954.000     5.5742     5.5744   3.433295   3.433272     1.7684     1.4596      93.62   20.01915  -93.76743    0.00045    0.00025     3.5410     3.5663     5.4903     5.4904    34.9204    34.9200    27.5536    27.5533    1499.27    153.898    155.000         34 0.0000e+00
