GOMECC/GOMECC-4/1db/rb2103_0611.cnv
* Sea-Bird SBE 9 Data File:
* FileName = C:\Users\scs.user.rb\CTD\GOMECC4\data\rb2103_0611.hex
* Software Version Seasave V 7.26.7.107
* Temperature SN = 4799
* Conductivity SN = 3860
* Number of Bytes Per Scan = 41
* Number of Voltage Words = 4
* Number of Scans Averaged by the Deck Unit = 1
* NMEA Latitude = 27 20.09 N
* NMEA Longitude = 096 47.00 W
* NMEA UTC (Time) = Sep 29 2021  23:10:30
* NMEA baud rate = 4800
# nquan = 28
# nvalues = 71                          
# units = specified
# name 0 = scan: Scan Count
# name 1 = timeS: Time, Elapsed [seconds]
# name 2 = depSM: Depth [salt water, m]
# name 3 = prDM: Pressure, Digiquartz [db]
# name 4 = t090C: Temperature [ITS-90, deg C]
# name 5 = t190C: Temperature, 2 [ITS-90, deg C]
# name 6 = c0S/m: Conductivity [S/m]
# name 7 = c1S/m: Conductivity, 2 [S/m]
# name 8 = sbeox0V: Oxygen raw, SBE 43 [V]
# name 9 = sbeox1V: Oxygen raw, SBE 43, 2 [V]
# name 10 = altM: Altimeter [m]
# name 11 = latitude: Latitude [deg]
# name 12 = longitude: Longitude [deg]
# name 13 = sbox0dV/dT: Oxygen, SBE 43 [dov/dt]
# name 14 = sbox1dV/dT: Oxygen, SBE 43, 2 [dov/dt]
# name 15 = sbeox0ML/L: Oxygen, SBE 43 [ml/l], WS = 5
# name 16 = sbeox1ML/L: Oxygen, SBE 43, 2 [ml/l], WS = 5
# name 17 = potemp090C: Potential Temperature [ITS-90, deg C]
# name 18 = potemp190C: Potential Temperature, 2 [ITS-90, deg C]
# name 19 = sal00: Salinity, Practical [PSU]
# name 20 = sal11: Salinity, Practical, 2 [PSU]
# name 21 = sigma-é00: Density [sigma-theta, kg/m^3]
# name 22 = sigma-é11: Density, 2 [sigma-theta, kg/m^3]
# name 23 = avgsvCM: Average Sound Velocity [Chen-Millero, m/s], minP = 20, minS = 20
# name 24 = sbox0Mm/Kg: Oxygen, SBE 43 [umol/kg], WS = 5
# name 25 = sbox1Mm/Kg: Oxygen, SBE 43, 2 [umol/kg], WS = 5
# name 26 = nbin: number of scans per bin
# name 27 = flag: flag
# span 0 =       8893,      30022       
# span 1 =    370.512,   1250.879       
# span 2 =      0.993,     46.685       
# span 3 =      1.000,     47.000       
# span 4 =    25.0397,    28.9732       
# span 5 =    25.0265,    28.9720       
# span 6 =   5.465690,   5.769397       
# span 7 =   5.464960,   5.769642       
# span 8 =     1.9872,     3.1123       
# span 9 =     1.6293,     2.6405       
# span 10 =      10.05,      69.18      
# span 11 =   27.16401,   27.49343      
# span 12 =  -97.34478,  -96.17796      
# span 13 =   -0.08770,    0.01272      
# span 14 =   -0.07789,    0.01254      
# span 15 =     2.4589,     4.3650      
# span 16 =     2.4531,     4.3618      
# span 17 =    25.0299,    28.9684      
# span 18 =    25.0167,    28.9648      
# span 19 =    34.4859,    36.3502      
# span 20 =    34.4865,    36.3509      
# span 21 =    21.7984,    24.3484      
# span 22 =    21.7986,    24.3470      
# span 23 =       0.00,    1551.33      
# span 24 =    107.246,    190.758      
# span 25 =    106.965,    190.618      
# span 26 =         30,         68      
# span 27 = 0.0000e+00, 0.0000e+00      
# interval = decibars: 1                
# start_time = Sep 29 2021 23:10:30 [NMEA time, header]
# bad_flag = -9.990e-29
*END*
       8893    370.512      2.980      3.000    28.7056    28.7066   5.650561   5.650809     3.1106     2.6405      50.38   27.33498  -96.78326    0.00056    0.00030     4.3591     4.3597    28.7049    28.7059    34.6731    34.6741    21.9168    21.9173       0.00    190.502    190.530         38 0.0000e+00
       9523    396.743      3.974      4.000    28.7059    28.7074   5.650650   5.650909     3.1092     2.6375      69.18   27.33498  -96.78326    0.00076    0.00043     4.3569     4.3540    28.7050    28.7064    34.6732    34.6740    21.9169    21.9170       0.00    190.407    190.281         33 0.0000e+00
       9632    401.272      4.967      5.000    28.7074    28.7080   5.651727   5.651763     3.1101     2.6376      51.68   27.33498  -96.78326   -0.00035   -0.00023     4.3590     4.3547    28.7062    28.7068    34.6793    34.6791    21.9210    21.9207       0.00    190.496    190.310         50 0.0000e+00
       9715    404.736      5.960      6.000    28.7085    28.7099   5.652108   5.652338     3.1123     2.6353      49.69   27.33498  -96.78326    0.00064   -0.00100     4.3633     4.3504    28.7071    28.7085    34.6808    34.6814    21.9219    21.9219       0.00    190.683    190.120         68 0.0000e+00
       9777    407.334      6.954      7.000    28.7098    28.7110   5.652017   5.652236     3.1114     2.6364      48.92   27.33498  -96.78326    0.00024    0.00043     4.3621     4.3530    28.7081    28.7093    34.6789    34.6796    21.9202    21.9203       0.00    190.631    190.236         55 0.0000e+00
       9852    410.457      7.947      8.000    28.7094    28.7104   5.652072   5.652316     3.1101     2.6381      48.06   27.33498  -96.78326   -0.00041    0.00064     4.3603     4.3571    28.7075    28.7084    34.6794    34.6803    21.9207    21.9211       0.00    190.554    190.413         44 0.0000e+00
       9973    415.499      9.934     10.000    28.7250    28.7256   5.655076   5.655289     3.1110     2.6378      46.00   27.34866  -96.83171   -0.00014   -0.00025     4.3623     4.3569    28.7226    28.7232    34.6964    34.6975    21.9312    21.9318       0.00    190.642    190.405         42 0.0000e+00
      10027    417.751     10.927     11.000    28.7104    28.7113   5.652298   5.652524     3.1060     2.6397      45.08   27.33498  -96.78326   -0.00133    0.00096     4.3543     4.3618    28.7077    28.7087    34.6793    34.6802    21.9206    21.9209       0.00    190.290    190.618         33 0.0000e+00
      10058    419.059     11.921     12.000    28.7100    28.7110   5.652358   5.652621     3.1093     2.6375      44.12   27.33498  -96.78326   -0.00077    0.00106     4.3609     4.3579    28.7071    28.7082    34.6797    34.6808    21.9211    21.9215       0.00    190.578    190.448         35 0.0000e+00
      10113    421.319     12.914     13.000    28.7093    28.7100   5.652382   5.652629     3.1097     2.6352      45.13   27.33498  -96.78326    0.00051   -0.00102     4.3621     4.3537    28.7062    28.7069    34.6801    34.6813    21.9217    21.9223       0.00    190.633    190.265         51 0.0000e+00
      10170    423.690     13.907     14.000    28.7251    28.7248   5.657962   5.657844     3.1120     2.6394      42.01   27.33498  -96.78326    0.00065    0.00101     4.3650     4.3611    28.7218    28.7215    34.7068    34.7063    21.9366    21.9362       0.00    190.758    190.586         37 0.0000e+00
      10205    425.177     14.901     15.000    28.7442    28.7471   5.665242   5.665485     3.1098     2.6365      41.11   27.33498  -96.78326    0.00031    0.00086     4.3593     4.3529    28.7406    28.7435    34.7429    34.7431    21.9575    21.9567       0.00    190.504    190.224         31 0.0000e+00
      10258    427.361     15.894     16.000    28.7567    28.7532   5.669524   5.667832     3.1075     2.6334      39.96   27.33498  -96.78326   -0.00095   -0.00118     4.3541     4.3468    28.7529    28.7493    34.7631    34.7540    21.9685    21.9629       0.00    190.272    189.954         66 0.0000e+00
      10316    429.810     16.887     17.000    28.7662    28.7655   5.673308   5.673067     3.1046     2.6364      39.02   27.33498  -96.78326   -0.00118   -0.00042     4.3479     4.3516    28.7622    28.7614    34.7820    34.7808    21.9796    21.9790       0.00    190.003    190.164         41 0.0000e+00
      10357    431.505     17.880     18.000    28.7743    28.7750   5.677944   5.678118     3.1063     2.6319      38.09   27.33498  -96.78326   -0.00045    0.00015     4.3505     4.3418    28.7700    28.7706    34.8078    34.8086    21.9964    21.9968       0.00    190.113    189.733         51 0.0000e+00
      10418    434.037     18.874     19.000    28.7807    28.7823   5.681133   5.681726     3.1076     2.6339      37.07   27.33498  -96.78326    0.00111   -0.00061     4.3524     4.3455    28.7761    28.7777    34.8249    34.8279    22.0072    22.0089       0.00    190.194    189.892         57 0.0000e+00
      10464    435.963     19.867     20.000    28.7792    28.7822   5.680245   5.681690     3.1046     2.6333      36.11   27.33498  -96.78326   -0.00088    0.00061     4.3478     4.3448    28.7744    28.7774    34.8200    34.8274    22.0041    22.0086     816.18    189.993    189.859         46 0.0000e+00
      10517    438.152     20.860     21.000    28.7928    28.7954   5.687891   5.688150     3.1061     2.6330      35.10   27.33498  -96.78326   -0.00019   -0.00032     4.3490     4.3429    28.7877    28.7904    34.8621    34.8666    22.0313    22.0338    1545.07    190.039    189.772         56 0.0000e+00
      10570    440.373     21.854     22.000    28.8420    28.8440   5.712905   5.713576     3.1073     2.6333      34.18   27.33498  -96.78326    0.00069   -0.00022     4.3445     4.3371    28.8367    28.8387    34.9985    35.0017    22.1174    22.1192    1543.18    189.828    189.503         52 0.0000e+00
      10624    442.608     22.847     23.000    28.8736    28.8745   5.726032   5.726020     3.1035     2.6305      33.17   27.33498  -96.78326   -0.00076   -0.00003     4.3335     4.3280    28.8693    28.8690    35.0647    35.0645    22.1563    22.1561    1543.20    189.339    189.099         52 0.0000e+00
      10669    444.513     23.840     24.000    28.8831    28.8842   5.728193   5.728490     3.0989     2.6262      32.30   27.33496  -96.78326   -0.00208   -0.00218     4.3254     4.3192    28.8773    28.8784    35.0733    35.0745    22.1601    22.1606    1543.22    188.986    188.714         43 0.0000e+00
      10723    446.751     24.834     25.000    28.8897    28.8909   5.729942   5.730254     3.0956     2.6260      31.25   27.33496  -96.78326   -0.00201   -0.00113     4.3191     4.3186    28.8837    28.8848    35.0802    35.0815    22.1632    22.1637    1543.24    188.711    188.687         64 0.0000e+00
      10778    449.025     25.827     26.000    28.9013    28.9028   5.733043   5.733426     3.0973     2.6265      30.34   27.33496  -96.78326   -0.00002    0.00025     4.3216     4.3188    28.8949    28.8965    35.0929    35.0945    22.1689    22.1696    1543.27    188.816    188.696         43 0.0000e+00
      10824    450.944     26.820     27.000    28.9179    28.9193   5.737684   5.738054     3.0957     2.6250      29.31   27.33496  -96.78327    0.00018   -0.00007     4.3173     4.3147    28.9114    28.9128    35.1122    35.1138    22.1779    22.1787    1543.29    188.629    188.516         55 0.0000e+00
      10882    453.384     27.813     28.000    28.9248    28.9268   5.740425   5.740427     3.0948     2.6216      28.42   27.33496  -96.78328   -0.00098   -0.00144     4.3142     4.3072    28.9181    28.9201    35.1208    35.1231    22.1822    22.1832    1543.31    188.491    188.186         53 0.0000e+00
      10928    455.311     28.807     29.000    28.9633    28.9643   5.751581   5.752407     3.0949     2.6247      27.45   27.33496  -96.78328    0.00030    0.00024     4.3112     4.3096    28.9562    28.9573    35.1839    35.1861    22.2168    22.2181    1543.33    188.353    188.283         47 0.0000e+00
      10980    457.447     29.800     30.000    28.9708    28.9720   5.761300   5.761702     3.0855     2.6082      26.43   27.33495  -96.78328   -0.00143   -0.00185     4.2936     4.2759    28.9636    28.9648    35.2352    35.2371    22.2529    22.2539    1543.37    187.578    186.806         52 0.0000e+00
      11032    459.644     30.793     31.000    28.9647    28.9652   5.765214   5.765636     3.0627     2.5908      25.50   27.33494  -96.78328   -0.00826   -0.00824     4.2524     4.2410    28.9573    28.9577    35.2665    35.2691    22.2785    22.2803    1543.40    185.773    185.277         56 0.0000e+00
      11087    461.923     31.786     32.000    28.9472    28.9481   5.769397   5.769642     3.0345     2.5620      24.55   27.33494  -96.78328   -0.01065   -0.00985     4.2134     4.1966    28.9396    28.9404    35.3006    35.3018    22.3100    22.3106    1543.42    184.062    183.329         44 0.0000e+00
      11131    463.734     32.780     33.000    28.4651    28.4642   5.761884   5.761503     2.9150     2.4380      23.58   27.33494  -96.78328   -0.03066   -0.03212     3.9781     3.9203    28.4441    28.4564    35.6249    35.6296    22.7184    22.7252    1543.43    173.715    171.191         48 0.0000e+00
      11193    466.347     33.773     34.000    28.2308    28.2227   5.753075   5.753075     2.7027     2.2415      22.53   27.33494  -96.78328   -0.08193   -0.07789     3.6392     3.5749    28.2234    28.2146    35.7296    35.7354    22.8700    22.8769    1543.43    158.895    156.084         63 0.0000e+00
      11242    468.364     34.766     35.000    27.6754    27.6745   5.708832   5.709155     2.5298     2.0874      21.80   27.33494  -96.78328   -0.07715   -0.07170     3.3514     3.2876    27.6672    27.6664    35.8406    35.8435    23.1356    23.1381    1543.41    146.289    143.502         35 0.0000e+00
      11281    469.993     35.759     36.000    27.2313    27.2298   5.669819   5.670067     2.4015     1.9758      20.72   27.33494  -96.78328   -0.08770   -0.07731     3.1365     3.0793    27.2229    27.2215    35.9039    35.9068    23.3271    23.3298    1543.35    136.883    134.387         50 0.0000e+00
      11350    472.863     36.752     37.000    27.0133    27.0103   5.651608   5.651740     2.2266     1.8371      19.67   27.33492  -96.78328   -0.06823   -0.05651     2.8222     2.8039    27.0048    27.0017    35.9417    35.9450    23.4257    23.4292    1543.29    123.154    122.353         44 0.0000e+00
      11395    474.768     37.746     38.000    26.7474    26.7288   5.628700   5.627462     2.2201     1.8463      18.76   27.33492  -96.78328   -0.02548   -0.01427     2.8163     2.8317    26.7400    26.7202    35.9847    35.9888    23.5428    23.5523    1543.22    122.883    123.555         30 0.0000e+00
      11440    476.607     38.739     39.000    26.6228    26.6238   5.616321   5.616893     2.2050     1.8260      17.81   27.33492  -96.78328   -0.00258    0.00048     2.8010     2.7988    26.6139    26.6149    35.9904    35.9937    23.5872    23.5894    1543.13    122.209    122.112         50 0.0000e+00
      11550    481.216     39.732     40.000    26.5431    26.5356   5.608802   5.608434     2.1620     1.7816      16.77   27.33492  -96.78330   -0.00435   -0.00542     2.7242     2.7102    26.5340    26.5265    35.9978    36.0010    23.6182    23.6229    1543.05    118.856    118.243         48 0.0000e+00
      11929    497.016     41.718     42.000    26.2236    26.2221   5.563608   5.563745     2.0564     1.6879      14.45   27.19111  -96.27414   -0.00120   -0.00238     2.5392     2.5273    26.2142    26.2126    35.8346    35.8368    23.5706    23.5728    1534.74    110.775    110.256         41 0.0000e+00
      12570    523.727     44.698     45.000    25.4572    25.4257   5.501464   5.499071     2.0052     1.6623      11.83   27.32238  -96.73901   -0.00120    0.00150     2.4768     2.5080    25.4473    25.4157    36.0599    36.0678    24.0032    24.0192    1541.90    108.020    109.379         44 0.0000e+00
      14372    598.784     46.685     47.000    25.1406    25.1466   5.494101   5.494416     2.0015     1.6576      10.05   27.49343  -97.34478   -0.00065   -0.00044     2.4758     2.5096    25.1304    25.1364    36.3502    36.3509    24.3484    24.3470    1551.33    107.953    109.428         46 0.0000e+00
      15674    653.030     44.698     45.000    25.0397    25.0265   5.465690   5.464960     1.9872     1.6293      11.37   27.32866  -96.76132    0.00293    0.00052     2.4595     2.4531    25.0299    25.0167    36.1299    36.1343    24.1852    24.1929    1542.03    107.246    106.965         35 0.0000e+00
      15763    656.737     43.705     44.000    25.1982    25.2118   5.481727   5.483803     2.0196     1.6789      12.43   27.33488  -96.78336    0.01125    0.01254     2.5173     2.5513    25.1886    25.2022    36.1278    36.1309    24.1361    24.1342    1542.38    109.772    111.255         37 0.0000e+00
      15847    660.238     42.712     43.000    25.3463    25.3152   5.494482   5.492887     2.0612     1.7117      13.39   27.33488  -96.78336    0.00690    0.01243     2.5884     2.6165    25.3368    25.3057    36.1032    36.1154    24.0719    24.0907    1542.38    112.883    114.106         54 0.0000e+00
      15953    664.652     41.719     42.000    25.5832    25.6996   5.516353   5.527753     2.0456     1.6696      14.40   27.33488  -96.78336   -0.00416   -0.00702     2.5476     2.5125    25.5739    25.6903    36.0770    36.0702    23.9788    23.9393    1542.38    111.111    109.583         41 0.0000e+00
      16029    667.853     40.725     41.000    25.9715    25.7996   5.554443   5.538802     2.0218     1.6572      15.50   27.33488  -96.78336   -0.00333   -0.00827     2.4844     2.4802    25.9623    25.7905    36.0502    36.0712    23.8376    23.9073    1542.38    108.368    108.179         30 0.0000e+00
      16143    672.586     39.732     40.000    25.9600    26.0172   5.553865   5.560551     2.0084     1.6554      16.28   27.33488  -96.78336   -0.00239   -0.00062     2.4589     2.4669    25.9511    26.0082    36.0553    36.0592    23.8451    23.8301    1542.38    107.257    107.609         48 0.0000e+00
      16287    678.591     38.739     39.000    26.2164    26.2289   5.578431   5.579432     2.0384     1.6812      17.30   27.33488  -96.78336    0.00031    0.00130     2.5052     2.5132    26.2076    26.2202    36.0333    36.0308    23.7481    23.7422    1542.38    109.289    109.637         38 0.0000e+00
      16629    692.842     36.752     37.000    26.3560    26.5149   5.597470   5.613567     2.0699     1.7307      19.39   27.38999  -96.97857   -0.00305   -0.00076     2.5572     2.6039    26.3476    26.5065    36.0953    36.0878    23.7604    23.7045    1545.49    111.558    113.601         42 0.0000e+00
      16711    696.269     35.759     36.000    26.6363    26.8313   5.616783   5.634048     2.0948     1.7649      20.14   27.33488  -96.78336   -0.00457    0.00287     2.5917     2.6637    26.6281    26.8231    35.9841    35.9570    23.5778    23.4952    1542.38    113.078    116.227         46 0.0000e+00
      17668    736.134     34.766     35.000    27.7114    27.8534   5.693892   5.716035     2.4373     2.0661      21.15   27.33489  -96.78335   -0.00099   -0.00494     3.0926     3.2315    27.5774    27.8452    35.8044    35.7567    23.1362    23.0131    1542.38    135.000    141.077         50 0.0000e+00
      18461    769.173     33.773     34.000    28.4398    28.4876   5.754414   5.761915     2.6965     2.2966      22.14   27.33490  -96.78334   -0.00138    0.00505     3.6169     3.6719    28.4329    28.4795    35.5809    35.5972    22.6891    22.6855    1542.38    157.945    160.350         66 0.0000e+00
