GOMECC/GOMECC-4/1db/rb2103_0421.ros
* Sea-Bird SBE 9 Data File:
* FileName = C:\Users\scs.user.rb\CTD\GOMECC4\data\rb2103_0421.hex
* Software Version Seasave V 7.26.7.107
* Temperature SN = 4799
* Conductivity SN = 3860
* Number of Bytes Per Scan = 41
* Number of Voltage Words = 4
* Number of Scans Averaged by the Deck Unit = 1
* NMEA Latitude = 28 14.68 N
* NMEA Longitude = 089 59.18 W
* NMEA UTC (Time) = Sep 26 2021  04:34:16
* NMEA baud rate = 4800
# nquan = 17
# nvalues = 1463                                  
# units = specified
# name 0 = scan: Scan Count
# name 1 = timeS: Time, Elapsed [seconds]
# name 2 = depSM: Depth [salt water, m]
# name 3 = prDM: Pressure, Digiquartz [db]
# name 4 = t090C: Temperature [ITS-90, deg C]
# name 5 = t190C: Temperature, 2 [ITS-90, deg C]
# name 6 = c0S/m: Conductivity [S/m]
# name 7 = c1S/m: Conductivity, 2 [S/m]
# name 8 = sbeox0V: Oxygen raw, SBE 43 [V]
# name 9 = sbeox1V: Oxygen raw, SBE 43, 2 [V]
# name 10 = altM: Altimeter [m]
# name 11 = latitude: Latitude [deg]
# name 12 = longitude: Longitude [deg]
# name 13 = sbox0dV/dT: Oxygen, SBE 43 [dov/dt]
# name 14 = sbox1dV/dT: Oxygen, SBE 43, 2 [dov/dt]
# name 15 = nbf: Bottles Fired
# name 16 = flag:  0.000e+00
# interval = seconds: 0.0416667
# start_time = Sep 26 2021 04:34:16 [NMEA time, header]
# bad_flag = -9.990e-29
*END*
[from data line 256]
      19397    808.167    138.627    139.605    17.9447    17.9448   4.755294   4.755231     2.0806     1.7350      61.78   28.24522  -89.98722    0.00085   -0.00028          2  0.000e+00
      19398    808.208    138.627    139.605    17.9449    17.9442   4.755323   4.755172     2.0806     1.7363      61.78   28.24522  -89.98722    0.00084   -0.00026          2  0.000e+00
      19399    808.250    138.566    139.544    17.9446    17.9441   4.755214   4.755186     2.0806     1.7363      61.78   28.24522  -89.98722    0.00080   -0.00023          2  0.000e+00
      19400    808.292    138.627    139.605    17.9441    17.9443   4.755178   4.755201     2.0818     1.7363      61.78   28.24522  -89.98722    0.00078   -0.00019          2  0.000e+00
      19401    808.333    138.566    139.544    17.9431    17.9445   4.755047   4.755172     2.0818     1.7363      61.78   28.24522  -89.98722    0.00078   -0.00015          2  0.000e+00
      19402    808.375    138.627    139.605    17.9423    17.9437   4.754982   4.755164     2.0818     1.7363      61.76   28.24522  -89.98722    0.00078   -0.00012          2  0.000e+00
      19403    808.417    138.566    139.544    17.9423    17.9433   4.754974   4.755120     2.0806     1.7363      61.76   28.24522  -89.98722    0.00076   -0.00008          2  0.000e+00
      19404    808.458    138.627    139.605    17.9421    17.9434   4.754938   4.755120     2.0806     1.7363      61.78   28.24522  -89.98722    0.00072   -0.00005          2  0.000e+00
      19405    808.500    138.627    139.605    17.9418    17.9422   4.754902   4.755003     2.0806     1.7363      61.78   28.24522  -89.98722    0.00070   -0.00001          2  0.000e+00
      19406    808.542    138.566    139.544    17.9420    17.9417   4.754916   4.754863     2.0806     1.7363      61.76   28.24522  -89.98722    0.00068    0.00002          2  0.000e+00
      21470    894.542    119.368    120.204    20.2355    20.2632   5.033290   5.036825     2.2833     1.9243      80.85   28.24530  -89.98726   -0.00021    0.00047          3  0.000e+00
      21471    894.583    119.534    120.372    20.2350    20.2632   5.033223   5.036750     2.2821     1.9231      80.85   28.24530  -89.98726   -0.00020    0.00044          3  0.000e+00
      21472    894.625    119.421    120.258    20.2342    20.2627   5.033112   5.036644     2.2833     1.9231      80.85   28.24530  -89.98726   -0.00016    0.00041          3  0.000e+00
      21473    894.667    119.534    120.372    20.2346    20.2610   5.033171   5.036539     2.2821     1.9231      80.85   28.24530  -89.98726   -0.00015    0.00038          3  0.000e+00
      21474    894.708    119.368    120.204    20.2369    20.2601   5.033454   5.036433     2.2833     1.9231      80.88   28.24530  -89.98726   -0.00013    0.00036          3  0.000e+00
      21475    894.750    119.519    120.357    20.2372    20.2599   5.033483   5.036426     2.2833     1.9231      80.85   28.24530  -89.98726   -0.00011    0.00033          3  0.000e+00
      21476    894.792    119.421    120.258    20.2351    20.2602   5.033261   5.036411     2.2833     1.9219      80.85   28.24530  -89.98726   -0.00009    0.00029          3  0.000e+00
      21477    894.833    119.421    120.258    20.2334    20.2604   5.033075   5.036441     2.2833     1.9231      80.85   28.24530  -89.98726   -0.00008    0.00025          3  0.000e+00
      21478    894.875    119.421    120.258    20.2363    20.2608   5.033424   5.036343     2.2833     1.9231      80.88   28.24530  -89.98726   -0.00006    0.00024          3  0.000e+00
      21479    894.917    119.481    120.319    20.2413    20.2592   5.033922   5.036125     2.2833     1.9231      80.88   28.24530  -89.98726   -0.00004    0.00021          3  0.000e+00
      21480    894.958    119.421    120.258    20.2428    20.2578   5.034175   5.035989     2.2833     1.9219      80.85   28.24530  -89.98726   -0.00003    0.00018          3  0.000e+00
      21481    895.000    119.421    120.258    20.2433    20.2567   5.034219   5.035884     2.2833     1.9231      80.85   28.24530  -89.98726   -0.00001    0.00015          3  0.000e+00
      21482    895.042    119.421    120.258    20.2437    20.2566   5.034345   5.035816     2.2833     1.9219      80.85   28.24530  -89.98726    0.00001    0.00010          3  0.000e+00
      21483    895.083    119.413    120.250    20.2456    20.2555   5.034457   5.035778     2.2833     1.9219      80.78   28.24530  -89.98726    0.00003    0.00007          3  0.000e+00
      21484    895.125    119.481    120.319    20.2475    20.2550   5.034695   5.035710     2.2833     1.9219      80.78   28.24530  -89.98726    0.00004    0.00002          3  0.000e+00
      21485    895.167    119.421    120.258    20.2465    20.2543   5.034635   5.035673     2.2833     1.9231      80.78   28.24530  -89.98726    0.00006   -0.00001          3  0.000e+00
      21486    895.208    119.421    120.258    20.2469    20.2550   5.034665   5.035718     2.2833     1.9219      80.78   28.24530  -89.98726    0.00008   -0.00006          3  0.000e+00
      21487    895.250    119.421    120.258    20.2471    20.2553   5.034717   5.035808     2.2833     1.9219      80.78   28.24530  -89.98726    0.00010   -0.00009          3  0.000e+00
      21488    895.292    119.421    120.258    20.2469    20.2559   5.034658   5.035981     2.2833     1.9231      80.78   28.24530  -89.98726    0.00011   -0.00010          3  0.000e+00
      21489    895.333    119.368    120.204    20.2467    20.2578   5.034613   5.036238     2.2833     1.9219      80.78   28.24530  -89.98726    0.00011   -0.00014          3  0.000e+00
      21490    895.375    119.466    120.303    20.2467    20.2599   5.034628   5.036449     2.2821     1.9219      80.78   28.24530  -89.98726    0.00009   -0.00017          3  0.000e+00
      21491    895.417    119.368    120.204    20.2461    20.2610   5.034509   5.036592     2.2833     1.9219      80.78   28.24530  -89.98726    0.00011   -0.00020          3  0.000e+00
      21492    895.458    119.421    120.258    20.2433    20.2615   5.034256   5.036667     2.2821     1.9219      80.78   28.24530  -89.98726    0.00011   -0.00023          3  0.000e+00
      21493    895.500    119.368    120.204    20.2409    20.2619   5.033892   5.036727     2.2821     1.9231      80.78   28.24530  -89.98726    0.00011   -0.00024          3  0.000e+00
      21494    895.542    119.368    120.204    20.2391    20.2622   5.033706   5.036855     2.2833     1.9219      80.78   28.24530  -89.98726    0.00011   -0.00027          3  0.000e+00
      21495    895.583    119.421    120.258    20.2409    20.2631   5.033922   5.036916     2.2821     1.9231      80.78   28.24530  -89.98726    0.00009   -0.00028          3  0.000e+00
      21496    895.625    119.421    120.258    20.2457    20.2638   5.034383   5.037021     2.2821     1.9219      80.78   28.24530  -89.98726    0.00007   -0.00031          3  0.000e+00
      21497    895.667    119.368    120.204    20.2477    20.2645   5.034516   5.037111     2.2821     1.9231      80.78   28.24530  -89.98726    0.00007   -0.00032          3  0.000e+00
      21498    895.708    119.353    120.189    20.2447    20.2653   5.034293   5.037270     2.2821     1.9219      80.78   28.24530  -89.98726    0.00007   -0.00035          3  0.000e+00
      21499    895.750    119.421    120.258    20.2405    20.2666   5.033862   5.037428     2.2821     1.9219      80.78   28.24530  -89.98726    0.00007   -0.00038          3  0.000e+00
      21500    895.792    119.368    120.204    20.2374    20.2677   5.033573   5.037609     2.2821     1.9231      80.78   28.24530  -89.98728    0.00006   -0.00039          3  0.000e+00
      21501    895.833    119.368    120.204    20.2374    20.2685   5.033498   5.037676     2.2821     1.9219      80.78   28.24530  -89.98728    0.00006   -0.00041          3  0.000e+00
      21502    895.875    119.368    120.204    20.2429    20.2689   5.034130   5.037646     2.2821     1.9231      80.78   28.24530  -89.98728    0.00004   -0.00042          3  0.000e+00
      21503    895.917    119.368    120.204    20.2519    20.2696   5.035111   5.037676     2.2833     1.9219      80.78   28.24530  -89.98728    0.00006   -0.00045          3  0.000e+00
      21504    895.958    119.368    120.204    20.2551    20.2698   5.035646   5.037714     2.2821     1.9219      80.78   28.24530  -89.98728    0.00006   -0.00048          3  0.000e+00
      21505    896.000    119.300    120.136    20.2565    20.2701   5.035928   5.037729     2.2821     1.9219      80.78   28.24530  -89.98728    0.00006   -0.00051          3  0.000e+00
      21506    896.042    119.421    120.258    20.2605    20.2698   5.036241   5.037782     2.2821     1.9219      80.78   28.24530  -89.98728    0.00005   -0.00053          3  0.000e+00
      21507    896.083    119.315    120.151    20.2612    20.2698   5.036330   5.037714     2.2833     1.9219      80.81   28.24530  -89.98728    0.00005   -0.00054          3  0.000e+00
      21508    896.125    119.368    120.204    20.2591    20.2696   5.036107   5.037714     2.2833     1.9219      80.81   28.24530  -89.98728    0.00007   -0.00055          3  0.000e+00
      21509    896.167    119.368    120.204    20.2589    20.2699   5.035943   5.037729     2.2833     1.9219      80.81   28.24530  -89.98728    0.00009   -0.00057          3  0.000e+00
      21510    896.208    119.315    120.151    20.2563    20.2703   5.035780   5.037850     2.2821     1.9219      80.81   28.24530  -89.98728    0.00007   -0.00060          3  0.000e+00
      21511    896.250    119.368    120.204    20.2549    20.2706   5.035705   5.037872     2.2821     1.9206      80.81   28.24530  -89.98728    0.00007   -0.00062          3  0.000e+00
      21512    896.292    119.315    120.151    20.2600    20.2713   5.036077   5.037887     2.2821     1.9206      80.81   28.24530  -89.98728    0.00007   -0.00066          3  0.000e+00
      21513    896.333    119.353    120.189    20.2635    20.2720   5.036523   5.037932     2.2821     1.9219      80.81   28.24530  -89.98728    0.00008   -0.00067          3  0.000e+00
      21514    896.375    119.315    120.151    20.2664    20.2722   5.036917   5.037932     2.2821     1.9206      80.81   28.24530  -89.98728    0.00008   -0.00069          3  0.000e+00
      21515    896.417    119.315    120.151    20.2628    20.2720   5.036538   5.037880     2.2821     1.9206      80.81   28.24530  -89.98728    0.00006   -0.00071          3  0.000e+00
      21516    896.458    119.368    120.204    20.2558    20.2718   5.035802   5.037850     2.2821     1.9206      80.81   28.24530  -89.98728    0.00005   -0.00073          3  0.000e+00
      21517    896.500    119.315    120.151    20.2534    20.2718   5.035423   5.037857     2.2833     1.9206      80.81   28.24530  -89.98728    0.00007   -0.00075          3  0.000e+00
      21518    896.542    119.315    120.151    20.2540    20.2717   5.035520   5.037850     2.2821     1.9206      80.81   28.24530  -89.98728    0.00007   -0.00076          3  0.000e+00
      21519    896.583    119.368    120.204    20.2516    20.2717   5.035416   5.037857     2.2833     1.9206      80.81   28.24530  -89.98728    0.00009   -0.00078          3  0.000e+00
      21520    896.625    119.300    120.136    20.2504    20.2713   5.035297   5.037910     2.2821     1.9206      80.81   28.24530  -89.98728    0.00008   -0.00079          3  0.000e+00
      21521    896.667    119.315    120.151    20.2565    20.2715   5.035817   5.037902     2.2821     1.9206      80.81   28.24530  -89.98728    0.00006   -0.00081          3  0.000e+00
      21522    896.708    119.254    120.090    20.2640    20.2713   5.036597   5.037963     2.2833     1.9206      80.81   28.24530  -89.98728    0.00007   -0.00082          3  0.000e+00
      21523    896.750    119.368    120.204    20.2633    20.2710   5.036672   5.037940     2.2821     1.9206      80.81   28.24530  -89.98728    0.00005   -0.00083          3  0.000e+00
      21524    896.792    119.315    120.151    20.2605    20.2713   5.036337   5.037940     2.2833     1.9206      80.81   28.24530  -89.98728    0.00007   -0.00084          3  0.000e+00
      21525    896.833    119.315    120.151    20.2576    20.2713   5.035995   5.037932     2.2821     1.9206      80.81   28.24530  -89.98728    0.00006   -0.00085          3  0.000e+00
      21526    896.875    119.315    120.151    20.2528    20.2715   5.035371   5.038000     2.2821     1.9206      80.81   28.24530  -89.98728    0.00004   -0.00086          3  0.000e+00
      21527    896.917    119.254    120.090    20.2509    20.2724   5.035066   5.038113     2.2821     1.9206      80.81   28.24530  -89.98728    0.00003   -0.00087          3  0.000e+00
      21528    896.958    119.353    120.189    20.2525    20.2729   5.035341   5.038121     2.2833     1.9206      80.81   28.24530  -89.98728    0.00003   -0.00088          3  0.000e+00
      21529    897.000    119.315    120.151    20.2586    20.2733   5.036144   5.038166     2.2821     1.9206      80.81   28.24530  -89.98728    0.00002   -0.00088          3  0.000e+00
      21530    897.042    119.315    120.151    20.2654    20.2740   5.036917   5.038226     2.2821     1.9206      80.83   28.24530  -89.98728    0.00000   -0.00090          3  0.000e+00
      21531    897.083    119.315    120.151    20.2693    20.2743   5.037341   5.038264     2.2821     1.9206      80.88   28.24530  -89.98728   -0.00001   -0.00092          3  0.000e+00
      21532    897.125    119.315    120.151    20.2712    20.2743   5.037653   5.038249     2.2833     1.9206      80.88   28.24530  -89.98728   -0.00001   -0.00093          3  0.000e+00
      21533    897.167    119.315    120.151    20.2720    20.2742   5.037816   5.038234     2.2833     1.9206      80.90   28.24530  -89.98728   -0.00001   -0.00095          3  0.000e+00
      21534    897.208    119.315    120.151    20.2722    20.2742   5.037824   5.038332     2.2833     1.9206      80.88   28.24530  -89.98728    0.00001   -0.00097          3  0.000e+00
      21535    897.250    119.300    120.136    20.2718    20.2737   5.037779   5.038264     2.2833     1.9206      80.88   28.24530  -89.98728    0.00001   -0.00097          3  0.000e+00
      21536    897.292    119.315    120.151    20.2706    20.2740   5.037705   5.038264     2.2833     1.9219      80.88   28.24530  -89.98728    0.00001   -0.00097          3  0.000e+00
      21537    897.333    119.315    120.151    20.2704    20.2736   5.037593   5.038241     2.2833     1.9219      80.88   28.24530  -89.98728    0.00001   -0.00097          3  0.000e+00
      21538    897.375    119.315    120.151    20.2698    20.2740   5.037556   5.038234     2.2833     1.9219      80.88   28.24530  -89.98728    0.00001   -0.00097          3  0.000e+00
      21539    897.417    119.315    120.151    20.2689    20.2736   5.037459   5.038264     2.2833     1.9219      80.88   28.24530  -89.98728    0.00001   -0.00096          3  0.000e+00
      21540    897.458    119.315    120.151    20.2677    20.2734   5.037400   5.038249     2.2833     1.9206      80.88   28.24530  -89.98728    0.00001   -0.00098          3  0.000e+00
      21541    897.500    119.315    120.151    20.2670    20.2734   5.037326   5.038234     2.2833     1.9219      80.88   28.24530  -89.98728    0.00001   -0.00098          3  0.000e+00
      21542    897.542    119.315    120.151    20.2684    20.2734   5.037370   5.038204     2.2833     1.9219      80.88   28.24530  -89.98728    0.00001   -0.00097          3  0.000e+00
      21543    897.583    119.353    120.189    20.2694    20.2728   5.037519   5.038189     2.2833     1.9219      80.88   28.24530  -89.98728    0.00001   -0.00097          3  0.000e+00
