GOMECC/GOMECC-4/1db/rb2103_0831.ros
* Sea-Bird SBE 9 Data File:
* FileName = C:\Users\scs.user.rb\CTD\GOMECC4\data\rb2103_0831.hex
* Software Version Seasave V 7.26.7.107
* Temperature SN = 4799
* Conductivity SN = 3860
* Number of Bytes Per Scan = 41
* Number of Voltage Words = 4
* Number of Scans Averaged by the Deck Unit = 1
* NMEA Latitude = 22 16.43 N
* NMEA Longitude = 095 00.01 W
* NMEA UTC (Time) = Oct 07 2021  05:34:53
* NMEA baud rate = 4800
# nquan = 17
# nvalues = 3192                                  
# units = specified
# name 0 = scan: Scan Count
# name 1 = timeS: Time, Elapsed [seconds]
# name 2 = depSM: Depth [salt water, m]
# name 3 = prDM: Pressure, Digiquartz [db]
# name 4 = t090C: Temperature [ITS-90, deg C]
# name 5 = t190C: Temperature, 2 [ITS-90, deg C]
# name 6 = c0S/m: Conductivity [S/m]
# name 7 = c1S/m: Conductivity, 2 [S/m]
# name 8 = sbeox0V: Oxygen raw, SBE 43 [V]
# name 9 = sbeox1V: Oxygen raw, SBE 43, 2 [V]
# name 10 = altM: Altimeter [m]
# name 11 = latitude: Latitude [deg]
# name 12 = longitude: Longitude [deg]
# name 13 = sbox0dV/dT: Oxygen, SBE 43 [dov/dt]
# name 14 = sbox1dV/dT: Oxygen, SBE 43, 2 [dov/dt]
# name 15 = nbf: Bottles Fired
# name 16 = flag:  0.000e+00
# interval = seconds: 0.0416667
# start_time = Oct 07 2021 05:34:53 [NMEA time, header]
# bad_flag = -9.990e-29
*END*
[from data line 511]
     124105   5171.000   2565.096   2597.181     4.3210     4.3216   3.391878   3.391834     1.7863     1.4701     100.00   22.27382  -95.00036   -0.00006 3.0902e-12          4  0.000e+00
     124106   5171.042   2565.082   2597.166     4.3210     4.3221   3.391904   3.391834     1.7863     1.4701     100.00   22.27382  -95.00036   -0.00006 2.0601e-12          4  0.000e+00
     124107   5171.083   2565.096   2597.181     4.3210     4.3218   3.391885   3.391834     1.7863     1.4701     100.00   22.27382  -95.00036   -0.00005 2.0601e-12          4  0.000e+00
     124108   5171.125   2565.153   2597.238     4.3207     4.3219   3.391878   3.391853     1.7863     1.4701     100.00   22.27382  -95.00036   -0.00005 2.0601e-12          4  0.000e+00
     124109   5171.167   2565.096   2597.181     4.3210     4.3219   3.391904   3.391866     1.7863     1.4701     100.00   22.27382  -95.00036   -0.00005 3.0902e-12          4  0.000e+00
     124110   5171.208   2565.096   2597.181     4.3210     4.3217   3.391910   3.391872     1.7863     1.4701     100.00   22.27382  -95.00036   -0.00004 2.0601e-12          4  0.000e+00
     124111   5171.250   2565.082   2597.167     4.3211     4.3218   3.391936   3.391840     1.7863     1.4701     100.00   22.27382  -95.00036   -0.00004 2.0601e-12          4  0.000e+00
     124112   5171.292   2565.040   2597.124     4.3210     4.3218   3.391891   3.391834     1.7863     1.4701     100.00   22.27382  -95.00036   -0.00003 2.0601e-12          4  0.000e+00
     124113   5171.333   2565.097   2597.181     4.3210     4.3219   3.391904   3.391853     1.7863     1.4701     100.00   22.27382  -95.00036   -0.00003 1.0301e-12          4  0.000e+00
     124114   5171.375   2565.040   2597.124     4.3211     4.3222   3.391885   3.391866     1.7863     1.4701     100.00   22.27382  -95.00036   -0.00002 1.0301e-12          4  0.000e+00
     124115   5171.417   2565.041   2597.124     4.3210     4.3223   3.391929   3.391866     1.7851     1.4701     100.00   22.27382  -95.00036   -0.00004 1.0301e-12          4  0.000e+00
     124116   5171.458   2565.083   2597.167     4.3210     4.3223   3.391891   3.391885     1.7863     1.4701     100.00   22.27382  -95.00036   -0.00003 2.0601e-12          4  0.000e+00
     124117   5171.500   2565.041   2597.124     4.3210     4.3222   3.391929   3.391846     1.7863     1.4701     100.00   22.27382  -95.00036   -0.00003 1.0301e-12          4  0.000e+00
     124118   5171.542   2564.992   2597.074     4.3208     4.3223   3.391916   3.391879     1.7863     1.4701     100.00   22.27382  -95.00036   -0.00002 1.0301e-12          4  0.000e+00
     124119   5171.583   2565.041   2597.124     4.3210     4.3223   3.391891   3.391872     1.7863     1.4701     100.00   22.27382  -95.00036   -0.00002 2.0601e-12          4  0.000e+00
     124120   5171.625   2565.041   2597.124     4.3210     4.3221   3.391923   3.391866     1.7863     1.4701     100.00   22.27382  -95.00036   -0.00001 3.0902e-12          4  0.000e+00
     124121   5171.667   2564.978   2597.060     4.3210     4.3222   3.391923   3.391885     1.7863     1.4701     100.00   22.27382  -95.00036   -0.00001 1.0301e-12          4  0.000e+00
     124122   5171.708   2564.992   2597.074     4.3211     4.3219   3.391885   3.391917     1.7863     1.4701     100.00   22.27382  -95.00036   -0.00000 1.0301e-12          4  0.000e+00
     124123   5171.750   2565.041   2597.124     4.3211     4.3223   3.391929   3.391904     1.7863     1.4701     100.00   22.27382  -95.00036   -0.00001 2.0601e-12          4  0.000e+00
     124124   5171.792   2564.992   2597.074     4.3211     4.3222   3.391916   3.391898     1.7863     1.4701     100.00   22.27382  -95.00036   -0.00003 2.0601e-12          4  0.000e+00
     124125   5171.833   2564.992   2597.074     4.3213     4.3221   3.391935   3.391872     1.7863     1.4701     100.00   22.27382  -95.00036   -0.00004 1.0301e-12          4  0.000e+00
     132785   5532.667   2273.387   2300.233     4.2960     4.2970   3.378040   3.378021     1.8291     1.5092     100.00   22.27386  -95.00042    0.00000   -0.00008          5  0.000e+00
     132786   5532.708   2273.044   2299.884     4.2960     4.2972   3.378053   3.378015     1.8291     1.5092     100.00   22.27386  -95.00042    0.00001   -0.00008          5  0.000e+00
     132787   5532.750   2273.275   2300.119     4.2960     4.2971   3.378059   3.378015     1.8291     1.5104     100.00   22.27386  -95.00042    0.00001   -0.00007          5  0.000e+00
     132788   5532.792   2273.261   2300.105     4.2958     4.2973   3.378065   3.378015     1.8291     1.5104     100.00   22.27386  -95.00042    0.00002   -0.00004          5  0.000e+00
     132789   5532.833   2273.171   2300.013     4.2961     4.2973   3.378084   3.378002     1.8278     1.5092     100.00   22.27386  -95.00042   -0.00001   -0.00005          5  0.000e+00
     132790   5532.875   2273.227   2300.070     4.2961     4.2973   3.378046   3.378008     1.8278     1.5092     100.00   22.27386  -95.00042   -0.00004   -0.00004          5  0.000e+00
     132791   5532.917   2273.206   2300.048     4.2963     4.2972   3.378053   3.378034     1.8291     1.5092     100.00   22.27386  -95.00042   -0.00004   -0.00003          5  0.000e+00
     132792   5532.958   2273.227   2300.070     4.2961     4.2973   3.378040   3.378028     1.8291     1.5092     100.00   22.27386  -95.00042   -0.00003   -0.00004          5  0.000e+00
     132793   5533.000   2273.206   2300.049     4.2963     4.2976   3.378053   3.378034     1.8291     1.5092     100.00   22.27386  -95.00042   -0.00003   -0.00004          5  0.000e+00
     132794   5533.042   2273.171   2300.013     4.2964     4.2973   3.378059   3.377996     1.8291     1.5092     100.00   22.27386  -95.00042   -0.00002   -0.00005          5  0.000e+00
     132795   5533.083   2273.171   2300.013     4.2960     4.2976   3.378084   3.378015     1.8291     1.5104     100.00   22.27386  -95.00042   -0.00002   -0.00002          5  0.000e+00
     132796   5533.125   2273.206   2300.049     4.2961     4.2976   3.378046   3.378015     1.8278     1.5092     100.00   22.27386  -95.00042   -0.00003   -0.00003          5  0.000e+00
     132797   5533.167   2273.171   2300.013     4.2963     4.2975   3.378053   3.378015     1.8291     1.5092     100.00   22.27386  -95.00042   -0.00003   -0.00004          5  0.000e+00
     132798   5533.208   2273.150   2299.992     4.2963     4.2973   3.378065   3.378034     1.8291     1.5104     100.00   22.27386  -95.00042   -0.00002   -0.00003          5  0.000e+00
     132799   5533.250   2273.171   2300.013     4.2966     4.2974   3.378034   3.378008     1.8291     1.5104     100.00   22.27386  -95.00042   -0.00002   -0.00001          5  0.000e+00
     132800   5533.292   2273.102   2299.942     4.2961     4.2973   3.378053   3.378008     1.8291     1.5104     100.00   22.27386  -95.00042   -0.00001   -0.00000          5  0.000e+00
     132801   5533.333   2273.172   2300.014     4.2963     4.2976   3.378065   3.378015     1.8291     1.5092     100.00   22.27386  -95.00042   -0.00001    0.00001          5  0.000e+00
     132802   5533.375   2273.123   2299.964     4.2963     4.2972   3.378065   3.378021     1.8291     1.5092     100.00   22.27386  -95.00042 -5.275e-07    0.00002          5  0.000e+00
     132803   5533.417   2273.102   2299.943     4.2964     4.2974   3.378040   3.378034     1.8291     1.5092     100.00   22.27386  -95.00042    0.00000    0.00001          5  0.000e+00
     132804   5533.458   2273.123   2299.964     4.2964     4.2973   3.378053   3.378021     1.8291     1.5092     100.00   22.27386  -95.00042    0.00001    0.00000          5  0.000e+00
     132805   5533.500   2273.102   2299.943     4.2964     4.2973   3.378084   3.378015     1.8291     1.5104     100.00   22.27386  -95.00042    0.00002    0.00001          5  0.000e+00
     132806   5533.542   2273.067   2299.907     4.2964     4.2974   3.378046   3.378021     1.8291     1.5104     100.00   22.27386  -95.00042    0.00002    0.00002          5  0.000e+00
     132807   5533.583   2273.067   2299.907     4.2963     4.2973   3.378053   3.378015     1.8291     1.5092     100.00   22.27386  -95.00042    0.00003    0.00001          5  0.000e+00
     132808   5533.625   2273.046   2299.886     4.2963     4.2972   3.378065   3.377989     1.8291     1.5104     100.00   22.27386  -95.00042    0.00001    0.00002          5  0.000e+00
     132809   5533.667   2273.067   2299.908     4.2961     4.2974   3.378065   3.378015     1.8278     1.5092     100.00   22.27386  -95.00042   -0.00002    0.00002          5  0.000e+00
     132810   5533.708   2273.046   2299.886     4.2963     4.2973   3.378040   3.378015     1.8291     1.5092     100.00   22.27386  -95.00042   -0.00001    0.00003          5  0.000e+00
     132811   5533.750   2273.012   2299.851     4.2963     4.2974   3.378053   3.378015     1.8291     1.5092     100.00   22.27386  -95.00042   -0.00001    0.00002          5  0.000e+00
     132812   5533.792   2273.068   2299.908     4.2963     4.2974   3.378084   3.378034     1.8291     1.5104     100.00   22.27386  -95.00042   -0.00000    0.00003          5  0.000e+00
     132813   5533.833   2272.942   2299.780     4.2963     4.2972   3.378072   3.378008     1.8291     1.5092     100.00   22.27386  -95.00042    0.00000    0.00002          5  0.000e+00
     132814   5533.875   2273.012   2299.851     4.2963     4.2971   3.378084   3.377983     1.8291     1.5104     100.00   22.27386  -95.00042    0.00001    0.00003          5  0.000e+00
     132815   5533.917   2272.998   2299.837     4.2961     4.2974   3.378072   3.378021     1.8278     1.5104     100.00   22.27386  -95.00042   -0.00000    0.00004          5  0.000e+00
     132816   5533.958   2272.963   2299.802     4.2964     4.2973   3.378040   3.378028     1.8278     1.5092     100.00   22.27386  -95.00042   -0.00002    0.00003          5  0.000e+00
     132817   5534.000   2272.963   2299.802     4.2963     4.2974   3.378053   3.378015     1.8291     1.5104     100.00   22.27386  -95.00042   -0.00001    0.00006          5  0.000e+00
     132818   5534.042   2272.998   2299.837     4.2963     4.2972   3.378059   3.377989     1.8291     1.5104     100.00   22.27386  -95.00042   -0.00001    0.00006          5  0.000e+00
     132819   5534.083   2272.907   2299.745     4.2961     4.2973   3.378059   3.378015     1.8291     1.5092     100.00   22.27386  -95.00042 1.0301e-11    0.00007          5  0.000e+00
     132820   5534.125   2272.942   2299.781     4.2961     4.2971   3.378065   3.378015     1.8291     1.5092     100.00   22.27386  -95.00042    0.00001    0.00006          5  0.000e+00
     132821   5534.167   2272.908   2299.745     4.2961     4.2975   3.378065   3.378015     1.8291     1.5092     100.00   22.27386  -95.00042   -0.00001    0.00007          5  0.000e+00
     132822   5534.208   2272.908   2299.745     4.2961     4.2974   3.378065   3.378053     1.8278     1.5092     100.00   22.27386  -95.00042   -0.00002    0.00006          5  0.000e+00
     132823   5534.250   2272.943   2299.781     4.2964     4.2971   3.378015   3.378034     1.8291     1.5092     100.00   22.27386  -95.00042   -0.00003    0.00006          5  0.000e+00
     132824   5534.292   2272.859   2299.696     4.2961     4.2975   3.378040   3.378015     1.8291     1.5092     100.00   22.27386  -95.00042   -0.00003    0.00005          5  0.000e+00
     132825   5534.333   2272.887   2299.724     4.2963     4.2973   3.378059   3.378015     1.8291     1.5104     100.00   22.27386  -95.00042   -0.00000    0.00006          5  0.000e+00
     132826   5534.375   2272.859   2299.696     4.2963     4.2973   3.378065   3.378002     1.8303     1.5092     100.00   22.27386  -95.00042    0.00002    0.00005          5  0.000e+00
     132827   5534.417   2272.908   2299.746     4.2963     4.2972   3.378084   3.377983     1.8291     1.5092     100.00   22.27386  -95.00042    0.00003    0.00004          5  0.000e+00
     132828   5534.458   2272.838   2299.675     4.2963     4.2971   3.378046   3.378021     1.8278     1.5104     100.00   22.27386  -95.00042   -0.00000    0.00005          5  0.000e+00
     132829   5534.500   2272.859   2299.696     4.2960     4.2973   3.378078   3.378021     1.8291     1.5092     100.00   22.27386  -95.00042    0.00000    0.00004          5  0.000e+00
     132830   5534.542   2272.838   2299.675     4.2961     4.2973   3.378021   3.378002     1.8291     1.5104     100.00   22.27386  -95.00042    0.00001    0.00005          5  0.000e+00
     132831   5534.583   2272.804   2299.639     4.2961     4.2973   3.378040   3.378028     1.8291     1.5092     100.00   22.27386  -95.00042    0.00001    0.00004          5  0.000e+00
     132832   5534.625   2272.860   2299.696     4.2961     4.2975   3.378084   3.378021     1.8291     1.5092     100.00   22.27386  -95.00042    0.00002    0.00005          5  0.000e+00
     132833   5534.667   2272.783   2299.618     4.2961     4.2973   3.378046   3.378021     1.8278     1.5092     100.00   22.27386  -95.00042   -0.00001    0.00005          5  0.000e+00
     132834   5534.708   2272.804   2299.640     4.2963     4.2974   3.378078   3.378015     1.8291     1.5104     100.00   22.27386  -95.00042   -0.00003    0.00008          5  0.000e+00
     132835   5534.750   2272.783   2299.618     4.2963     4.2975   3.378021   3.378015     1.8291     1.5104     100.00   22.27386  -95.00042   -0.00002    0.00009          5  0.000e+00
     132836   5534.792   2272.804   2299.640     4.2961     4.2973   3.378046   3.378002     1.8291     1.5104     100.00   22.27386  -95.00042   -0.00002    0.00011          5  0.000e+00
     132837   5534.833   2272.748   2299.583     4.2964     4.2975   3.378059   3.378028     1.8291     1.5092     100.00   22.27386  -95.00042   -0.00001    0.00011          5  0.000e+00
     132838   5534.875   2272.783   2299.619     4.2964     4.2976   3.378040   3.378021     1.8291     1.5104     100.00   22.27386  -95.00042   -0.00001    0.00013          5  0.000e+00
     132839   5534.917   2272.804   2299.640     4.2963     4.2974   3.378053   3.378053     1.8291     1.5092     100.00   22.27386  -95.00042 -7.034e-07    0.00014          5  0.000e+00
     132840   5534.958   2272.783   2299.619     4.2963     4.2975   3.378065   3.378015     1.8278     1.5092     100.00   22.27386  -95.00042   -0.00003    0.00013          5  0.000e+00
     132841   5535.000   2272.749   2299.583     4.2960     4.2974   3.378040   3.378008     1.8291     1.5104     100.00   22.27386  -95.00042   -0.00003    0.00014          5  0.000e+00
     132842   5535.042   2272.749   2299.583     4.2963     4.2973   3.378034   3.378034     1.8291     1.5104     100.00   22.27386  -95.00042   -0.00002    0.00015          5  0.000e+00
     132843   5535.083   2272.735   2299.569     4.2961     4.2975   3.378034   3.378008     1.8291     1.5104     100.00   22.27386  -95.00042   -0.00002    0.00016          5  0.000e+00
     132844   5535.125   2272.805   2299.641     4.2960     4.2974   3.378053   3.378008     1.8303     1.5092     100.00   22.27386  -95.00042    0.00001    0.00015          5  0.000e+00
     132845   5535.167   2272.735   2299.570     4.2963     4.2973   3.378059   3.378015     1.8291     1.5092     100.00   22.27386  -95.00042    0.00001    0.00014          5  0.000e+00
     132846   5535.208   2272.700   2299.534     4.2963     4.2976   3.378065   3.378015     1.8291     1.5092     100.00   22.27386  -95.00042    0.00002    0.00013          5  0.000e+00
     132847   5535.250   2272.805   2299.641     4.2961     4.2973   3.378065   3.378002     1.8291     1.5092     100.00   22.27386  -95.00042    0.00002    0.00012          5  0.000e+00
