GOMECC/GOMECC-4/1db/rb2103_0661.cnv
* Sea-Bird SBE 9 Data File:
* FileName = C:\Users\scs.user.rb\CTD\GOMECC4\data\rb2103_0661.hex
* Software Version Seasave V 7.26.7.107
* Temperature SN = 4799
* Conductivity SN = 3860
* Number of Bytes Per Scan = 41
* Number of Voltage Words = 4
* Number of Scans Averaged by the Deck Unit = 1
* NMEA Latitude = 26 03.55 N
* NMEA Longitude = 096 04.91 W
* NMEA UTC (Time) = Oct 02 2021  23:29:35
* NMEA baud rate = 4800
# nquan = 28
# nvalues = 419                         
# units = specified
# name 0 = scan: Scan Count
# name 1 = timeS: Time, Elapsed [seconds]
# name 2 = depSM: Depth [salt water, m]
# name 3 = prDM: Pressure, Digiquartz [db]
# name 4 = t090C: Temperature [ITS-90, deg C]
# name 5 = t190C: Temperature, 2 [ITS-90, deg C]
# name 6 = c0S/m: Conductivity [S/m]
# name 7 = c1S/m: Conductivity, 2 [S/m]
# name 8 = sbeox0V: Oxygen raw, SBE 43 [V]
# name 9 = sbeox1V: Oxygen raw, SBE 43, 2 [V]
# name 10 = altM: Altimeter [m]
# name 11 = latitude: Latitude [deg]
# name 12 = longitude: Longitude [deg]
# name 13 = sbox0dV/dT: Oxygen, SBE 43 [dov/dt]
# name 14 = sbox1dV/dT: Oxygen, SBE 43, 2 [dov/dt]
# name 15 = sbeox0ML/L: Oxygen, SBE 43 [ml/l], WS = 5
# name 16 = sbeox1ML/L: Oxygen, SBE 43, 2 [ml/l], WS = 5
# name 17 = potemp090C: Potential Temperature [ITS-90, deg C]
# name 18 = potemp190C: Potential Temperature, 2 [ITS-90, deg C]
# name 19 = sal00: Salinity, Practical [PSU]
# name 20 = sal11: Salinity, Practical, 2 [PSU]
# name 21 = sigma-é00: Density [sigma-theta, kg/m^3]
# name 22 = sigma-é11: Density, 2 [sigma-theta, kg/m^3]
# name 23 = avgsvCM: Average Sound Velocity [Chen-Millero, m/s], minP = 20, minS = 20
# name 24 = sbox0Mm/Kg: Oxygen, SBE 43 [umol/kg], WS = 5
# name 25 = sbox1Mm/Kg: Oxygen, SBE 43, 2 [umol/kg], WS = 5
# name 26 = nbin: number of scans per bin
# name 27 = flag: flag
# span 0 =      23633,     110788       
# span 1 =    984.674,   4616.123       
# span 2 =      1.987,    851.648       
# span 3 =      2.000,    859.000       
# span 4 =     5.7500,    29.3930       
# span 5 =     5.7501,    29.3927       
# span 6 =   3.444635,   5.858777       
# span 7 =   3.444621,   5.858745       
# span 8 =     1.5993,     3.3956       
# span 9 =     1.3040,     2.9033       
# span 10 =      10.57,     104.68      
# span 11 =   25.61548,   26.07056      
# span 12 =  -96.12009,  -94.44074      
# span 13 =   -0.04010,    0.02123      
# span 14 =   -0.03748,    0.02609      
# span 15 =     2.4806,     5.0995      
# span 16 =     2.4978,     5.1110      
# span 17 =     5.6739,    29.3925      
# span 18 =     5.6740,    29.3922      
# span 19 =    34.7507,    36.4470      
# span 20 =    34.7518,    36.4485      
# span 21 =    21.8482,    27.5331      
# span 22 =    21.8511,    27.5329      
# span 23 =       0.00,    1544.72      
# span 24 =    107.857,    222.384      
# span 25 =    108.699,    222.888      
# span 26 =         30,         78      
# span 27 = 0.0000e+00, 0.0000e+00      
# interval = decibars: 1                
# start_time = Oct 02 2021 23:29:35 [NMEA time, header]
# bad_flag = -9.990e-29
*END*
[from data line 363]
      91456   3810.613     71.519     72.000    21.5392    21.5185   5.111245   5.109143     2.7510     2.3379      77.06   26.06022  -96.08134    0.00141   -0.00001     4.2204     4.2369    21.5251    21.5044    36.2677    36.2684    25.3144    25.3207    1500.83    183.829    184.549         48 0.0000e+00
      91542   3814.201     70.526     71.000    21.5987    21.5857   5.115850   5.114704     2.7931     2.3584      98.79   26.06022  -96.08133    0.01115    0.00506     4.3028     4.2784    21.5847    21.5718    36.2546    36.2564    25.2879    25.2928    1500.83    187.424    186.359         50 0.0000e+00
      91599   3816.602     69.533     70.000    21.6759    21.6019   5.124279   5.116474     2.8032     2.3750      99.89   26.06022  -96.08132    0.01097    0.00733     4.3168     4.3146    21.6621    21.5881    36.2571    36.2572    25.2682    25.2889    1500.83    188.035    187.937         47 0.0000e+00
      91691   3820.406     68.539     69.000    21.7465    21.7012   5.132205   5.127337     2.8095     2.3885      99.99   26.06022  -96.08132    0.00293    0.00395     4.3235     4.3360    21.7329    21.6876    36.2615    36.2606    25.2518    25.2637    1500.83    188.332    188.873         43 0.0000e+00
      91747   3822.760     67.546     68.000    21.8355    21.7475   5.140894   5.132306     2.8177     2.3962     100.00   26.06022  -96.08132    0.00096    0.00282     4.3325     4.3502    21.8221    21.7341    36.2556    36.2614    25.2223    25.2513    1500.83    188.730    189.496         57 0.0000e+00
      91835   3826.430     66.553     67.000    21.8806    21.8445   5.145662   5.142235     2.8460     2.4120     100.00   26.06022  -96.08132    0.00676    0.00487     4.3866     4.3780    21.8674    21.8312    36.2559    36.2590    25.2098    25.2223    1500.83    191.087    190.713         31 0.0000e+00
      91894   3828.893     65.560     66.000    21.9396    21.9254   5.152208   5.150367     2.8578     2.4294     100.00   26.06022  -96.08132    0.00347    0.00628     4.4057     4.4109    21.9272    21.9124    36.2580    36.2559    25.1946    25.1971    1500.83    191.922    192.150         34 0.0000e+00
      91981   3832.501     64.567     65.000    22.0501    22.0165   5.163546   5.160361     2.8909     2.4567     100.00   26.06022  -96.08132    0.00906    0.00820     4.4627     4.4648    22.0372    22.0036    36.2560    36.2590    25.1620    25.1738    1500.83    194.413    194.502         36 0.0000e+00
      92042   3835.056     63.574     64.000    22.1555    22.1125   5.173866   5.170138     2.8983     2.4663     100.00   26.06022  -96.08132    0.00291    0.00390     4.4695     4.4786    22.1427    22.0998    36.2496    36.2561    25.1273    25.1445    1500.83    194.715    195.107         49 0.0000e+00
      92119   3838.245     62.580     63.000    22.2708    22.2584   5.186167   5.186076     2.9277     2.4972     100.00   26.06022  -96.08133    0.00707    0.00815     4.5194     4.5358    22.2582    22.2458    36.2505    36.2591    25.0953    25.1050    1500.83    196.893    197.610         45 0.0000e+00
      92192   3841.296     61.587     62.000    22.3202    22.3164   5.189325   5.190305     2.9404     2.5177     100.00   26.06022  -96.08133    0.00273    0.00529     4.5404     4.5782    22.2981    22.3040    36.2425    36.2460    25.0778    25.0791    1500.83    197.816    199.460         54 0.0000e+00
      92262   3844.222     60.594     61.000    22.5577    22.4279   5.212836   5.200359     2.9992     2.5529     100.00   26.06022  -96.08134    0.01382    0.00947     4.6402     4.6470    22.5455    22.4156    36.2214    36.2317    24.9913    25.0362    1500.83    202.177    202.465         50 0.0000e+00
      92338   3847.383     59.601     60.000    22.5646    22.5188   5.214060   5.209142     3.0323     2.5838     100.00   26.06022  -96.08134    0.01016    0.01129     4.7063     4.7084    22.5524    22.5066    36.2257    36.2253    24.9925    25.0053    1500.83    205.058    205.149         64 0.0000e+00
      92405   3850.176     58.608     59.000    22.7696    22.6950   5.235192   5.227879     3.0548     2.6060     100.00   26.06023  -96.08134    0.00657    0.00774     4.7335     4.7422    22.7576    22.6831    36.2209    36.2258    24.9300    24.9551    1500.83    206.257    206.630         69 0.0000e+00
      92484   3853.455     57.615     58.000    22.8629    22.8154   5.245912   5.240487     3.0711     2.6245     100.00   26.06023  -96.08134    0.00556    0.00642     4.7570     4.7704    22.8510    22.8035    36.2275    36.2261    24.9080    24.9206    1500.83    207.284    207.866         56 0.0000e+00
      92556   3856.466     56.621     57.000    22.9570    22.9652   5.255566   5.256964     3.0829     2.6362      96.73   26.06024  -96.08134    0.00426    0.00307     4.7720     4.7866    22.9453    22.9535    36.2250    36.2289    24.8789    24.8795    1500.83    207.945    208.578         50 0.0000e+00
      92657   3860.682     55.628     56.000    23.0745    23.0760   5.267695   5.267886     3.0966     2.6483      99.37   26.06024  -96.08134    0.00332    0.00326     4.7886     4.8034    23.0630    23.0645    36.2223    36.2226    24.8427    24.8425    1500.83    208.676    209.321         30 0.0000e+00
      92746   3864.379     54.635     55.000    23.2288    23.1455   5.282423   5.273543     3.1160     2.6622      98.67   26.06024  -96.08134    0.00357    0.00432     4.8136     4.8281    23.2175    23.1342    36.2094    36.2094    24.7880    24.8122    1500.83    209.776    210.404         30 0.0000e+00
      92854   3868.888     53.642     54.000    23.4107    23.4144   5.301349   5.300963     3.1397     2.6823      99.87   26.06024  -96.08134    0.00357    0.00387     4.8432     4.8495    23.3969    23.4032    36.2066    36.2002    24.7333    24.7266    1500.83    211.077    211.352         34 0.0000e+00
      92654   3860.550     51.655     52.000    23.6010    23.5656   5.317948   5.310153     3.1255     2.6787      99.60   25.95523  -95.69417   -0.00088   -0.00021     4.8052     4.8230    23.5901    23.5548    36.1423    36.0891    24.6176    24.5811    1494.78    209.430    210.207         46 0.0000e+00
      93147   3881.091     50.662     51.000    23.8071    23.8337   5.343384   5.346373     3.1699     2.7214      99.30   26.06024  -96.08132    0.00713    0.00862     4.8662     4.8980    23.7964    23.8230    36.2041    36.2061    24.6137    24.6074    1500.83    212.103    213.490         45 0.0000e+00
      94341   3930.850     48.676     49.000    24.4051    24.4151   5.403817   5.404453     3.2588     2.7923      99.96   26.05049  -96.04521    0.00634    0.00434     4.9877     5.0025    24.3938    24.4047    36.1746    36.1731    24.4117    24.4078    1500.27    217.439    218.088         59 0.0000e+00
      94443   3935.074     47.682     48.000    24.5160    24.5372   5.416286   5.419499     3.2752     2.8094     100.00   26.06028  -96.08130    0.00640    0.00727     5.0081     5.0270    24.5057    24.5270    36.1833    36.1838    24.3860    24.3778    1500.83    218.336    219.163         56 0.0000e+00
      94510   3937.879     46.689     47.000    24.6127    24.6877   5.426643   5.434700     3.2820     2.8146     100.00   26.06028  -96.08130    0.00244    0.00163     5.0130     5.0276    24.6026    24.6776    36.1854    36.1832    24.3582    24.3339    1500.83    218.557    219.197         51 0.0000e+00
      94579   3940.760     45.696     46.000    24.8085    24.8566   5.446819   5.451456     3.2959     2.8295     100.00   26.06028  -96.08130    0.00444    0.00455     5.0205     5.0425    24.7985    24.8467    36.1762    36.1736    24.2919    24.2753    1500.83    218.900    219.860         49 0.0000e+00
      94678   3944.865     44.702     45.000    24.8032    24.7424   5.445032   5.437844     3.2973     2.8221     100.00   26.06028  -96.08130    0.00031   -0.00234     5.0251     5.0369    24.7935    24.7326    36.1687    36.1674    24.2877    24.3052    1500.83    219.099    219.609         58 0.0000e+00
      94767   3948.592     43.709     44.000    25.0387    24.9627   5.468668   5.458155     3.3094     2.8294     100.00   26.06028  -96.08130    0.00081   -0.00035     5.0252     5.0329    25.0292    24.9532    36.1567    36.1379    24.2069    24.2158    1500.83    219.121    219.454         33 0.0000e+00
      94872   3952.942     42.716     43.000    25.2402    25.1988   5.486657   5.482519     3.3288     2.8374      99.79   26.06028  -96.08130    0.00284    0.00157     5.0471     5.0345    25.2308    25.1894    36.1298    36.1321    24.1246    24.1389    1500.83    220.090    219.536         60 0.0000e+00
      94974   3957.215     41.722     42.000    25.4902    25.5790   5.509218   5.516197     3.3531     2.8701      99.96   26.06028  -96.08130    0.00293    0.00221     5.0694     5.0695    25.4810    25.5697    36.1033    36.0792    24.0274    23.9816    1500.83    221.085    221.099         34 0.0000e+00
      95051   3960.436     40.729     41.000    26.1450    26.1933   5.565333   5.574372     3.3759     2.8971     100.00   26.06028  -96.08130    0.00170    0.00352     5.0547     5.0722    26.1358    26.1842    35.9902    36.0213    23.7384    23.7465    1500.83    220.510    221.270         36 0.0000e+00
      96002   4000.033     39.736     40.000    26.5552    26.5816   5.607981   5.610457     3.3956     2.9033     100.00   26.06030  -96.08128    0.00088   -0.00021     5.0546     5.0533    26.5461    26.5725    35.9824    35.9798    23.6024    23.5921    1500.83    220.534    220.479         61 0.0000e+00
      96368   4015.279     38.743     39.000    26.8558    26.8022   5.639743   5.633114     3.3895     2.8947     100.00   26.06030  -96.08128   -0.00157   -0.00269     5.0153     5.0146    26.8468    26.7933    35.9780    35.9718    23.5037    23.5161    1500.83    218.840    218.807         38 0.0000e+00
      96414   4017.217     37.749     38.000    27.1985    27.0239   5.674770   5.656428     3.3710     2.8908     100.00   26.06031  -96.08128   -0.00538   -0.00074     4.9504     4.9885    27.1897    27.0152    35.9697    35.9692    23.3873    23.4430    1500.83    216.032    217.683         61 0.0000e+00
      96481   4020.019     36.756     37.000    27.5724    27.3610   5.714765   5.692350     3.3508     2.8666     100.00   26.06032  -96.08128   -0.00570   -0.00635     4.8801     4.9100    27.5637    27.3524    35.9610    35.9622    23.2599    23.3293    1500.83    212.991    214.282         63 0.0000e+00
      96547   4022.735     35.763     36.000    27.6782    27.5707   5.726198   5.715988     3.3274     2.8438      98.11   26.06032  -96.08128   -0.00981   -0.00728     4.8261     4.8459    27.6698    27.5623    35.9612    35.9713    23.2256    23.2681    1500.83    210.642    211.496         51 0.0000e+00
      96235   4009.746     33.776     34.000    27.7554    27.9122   5.718378   5.732714     3.2905     2.8010      97.52   25.93410  -95.61591   -0.00249   -0.00414     4.7488     4.7285    27.7474    27.9042    35.7761    35.7756    23.0387    22.9855    1493.56    207.286    206.409         36 0.0000e+00
      96817   4034.006     32.783     33.000    28.0336    28.5642   5.758283   5.804882     3.3042     2.7765     100.38   26.06032  -96.08128    0.00069   -0.01037     4.7511     4.6347    28.0370    28.5563    35.9076    35.8399    23.0652    22.8433    1500.83    207.401    202.360         42 0.0000e+00
      96922   4038.376     31.789     32.000    28.3344    28.7303   5.784180   5.816763     3.2842     2.7550     100.00   26.06032  -96.08128   -0.00527   -0.00640     4.6912     4.5779    28.3275    28.7226    35.8694    35.7997    22.9407    22.7573    1500.83    204.811    199.899         56 0.0000e+00
      97026   4042.700     30.796     31.000    28.7358    28.9139   5.816821   5.833318     3.2507     2.7381      92.34   26.06032  -96.08128   -0.00834   -0.00687     4.5988     4.5309    28.7283    28.9064    35.7945    35.7739    22.7514    22.6761    1500.83    200.815    197.863         37 0.0000e+00
      97498   4062.357     29.803     30.000    29.1022    29.1056   5.827522   5.833165     3.1939     2.7056      98.66   26.06033  -96.08128   -0.00643   -0.00074     4.4552     4.4528    29.0949    29.0983    35.5948    35.6312    22.4789    22.5051    1500.83    194.597    194.487         49 0.0000e+00
      98320   4096.644     28.809     29.000    29.2239    29.2187   5.818840   5.818522     3.1412     2.6640      99.95   26.06035  -96.08128   -0.00091   -0.00048     4.3692     4.3650    29.2169    29.2116    35.4446    35.4462    22.3252    22.3282    1500.83    190.867    190.684         61 0.0000e+00
      98422   4100.877     27.816     28.000    29.2182    29.2082   5.818314   5.817849     3.1411     2.6628     100.00   26.06036  -96.08128    0.00038   -0.00035     4.3696     4.3627    29.2114    29.2014    35.4438    35.4497    22.3264    22.3342    1500.83    190.885    190.581         70 0.0000e+00
      98502   4104.188     26.823     27.000    29.2173    29.2177   5.816104   5.816322     3.1415     2.6628      86.49   26.06036  -96.08128    0.00023    0.00033     4.3699     4.3618    29.2107    29.2112    35.4314    35.4324    22.3173    22.3179    1500.83    190.900    190.545         65 0.0000e+00
      98564   4106.778     25.829     26.000    29.2081    29.2093   5.813262   5.814037     3.1384     2.6629     100.68   26.06036  -96.08127   -0.00088   -0.00072     4.3647     4.3623    29.2018    29.2030    35.4188    35.4232    22.3109    22.3138    1500.83    190.673    190.569         54 0.0000e+00
      98661   4110.823     24.836     25.000    29.2021    29.2019   5.811392   5.810985     3.1402     2.6622      87.20   26.06036  -96.08127   -0.00020   -0.00047     4.3681     4.3614    29.1960    29.1959    35.4108    35.4080    22.3068    22.3048    1500.83    190.824    190.531         41 0.0000e+00
      98752   4114.609     23.842     24.000    29.1936    29.1962   5.808601   5.809356     3.1409     2.6632     100.61   26.06036  -96.08126   -0.00026    0.00094     4.3699     4.3633    29.1878    29.1903    35.3981    35.4018    22.3000    22.3020    1500.83    190.904    190.616         37 0.0000e+00
      98847   4118.579     22.849     23.000    29.1855    29.1880   5.806580   5.807010     3.1404     2.6617     100.06   26.06036  -96.08126    0.00007    0.00013     4.3693     4.3607    29.1799    29.1824    35.3894    35.3915    22.2962    22.2969    1500.83    190.875    190.500         57 0.0000e+00
      98947   4122.751     21.856     22.000    29.1811    29.1836   5.805019   5.805618     3.1385     2.6587     100.00   26.06036  -96.08126   -0.00018   -0.00098     4.3658     4.3545    29.1757    29.1783    35.3832    35.3855    22.2929    22.2938    1500.83    190.725    190.233         53 0.0000e+00
      99042   4126.690     20.862     21.000    29.1819    29.1839   5.804590   5.805099     3.1404     2.6616     100.00   26.06038  -96.08126    0.00020   -0.00032     4.3685     4.3600    29.1768    29.1788    35.3800    35.3821    22.2902    22.2910    1500.83    190.846    190.473         31 0.0000e+00
     100181   4174.172     19.869     20.000    29.1839    29.1819   5.804444   5.804364     3.1405     2.6626     100.00   26.06039  -96.08125   -0.00003   -0.00030     4.3683     4.3616    29.1790    29.1770    35.3779    35.3790    22.2878    22.2894    1500.83    190.834    190.543         32 0.0000e+00
     101097   4212.350     16.889     17.000    29.1903    29.1950   5.805499   5.806101     3.1422     2.6642      76.56   26.06363  -96.09315   -0.00024   -0.00040     4.3694     4.3625    29.1862    29.1909    35.3834    35.3840    22.2902    22.2891    1501.02    190.885    190.580         36 0.0000e+00
