GOMECC/GOMECC-4/1db/rb2103_0861.cnv
* Sea-Bird SBE 9 Data File:
* FileName = C:\Users\scs.user.rb\CTD\GOMECC4\data\rb2103_0861.hex
* Software Version Seasave V 7.26.7.107
* Temperature SN = 4799
* Conductivity SN = 3860
* Number of Bytes Per Scan = 41
* Number of Voltage Words = 4
* Number of Scans Averaged by the Deck Unit = 1
* NMEA Latitude = 20 01.19 N
* NMEA Longitude = 093 46.26 W
* NMEA UTC (Time) = Oct 08 2021  06:53:11
* NMEA baud rate = 4800
# nquan = 28
# nvalues = 789                         
# units = specified
# name 0 = scan: Scan Count
# name 1 = timeS: Time, Elapsed [seconds]
# name 2 = depSM: Depth [salt water, m]
# name 3 = prDM: Pressure, Digiquartz [db]
# name 4 = t090C: Temperature [ITS-90, deg C]
# name 5 = t190C: Temperature, 2 [ITS-90, deg C]
# name 6 = c0S/m: Conductivity [S/m]
# name 7 = c1S/m: Conductivity, 2 [S/m]
# name 8 = sbeox0V: Oxygen raw, SBE 43 [V]
# name 9 = sbeox1V: Oxygen raw, SBE 43, 2 [V]
# name 10 = altM: Altimeter [m]
# name 11 = latitude: Latitude [deg]
# name 12 = longitude: Longitude [deg]
# name 13 = sbox0dV/dT: Oxygen, SBE 43 [dov/dt]
# name 14 = sbox1dV/dT: Oxygen, SBE 43, 2 [dov/dt]
# name 15 = sbeox0ML/L: Oxygen, SBE 43 [ml/l], WS = 5
# name 16 = sbeox1ML/L: Oxygen, SBE 43, 2 [ml/l], WS = 5
# name 17 = potemp090C: Potential Temperature [ITS-90, deg C]
# name 18 = potemp190C: Potential Temperature, 2 [ITS-90, deg C]
# name 19 = sal00: Salinity, Practical [PSU]
# name 20 = sal11: Salinity, Practical, 2 [PSU]
# name 21 = sigma-é00: Density [sigma-theta, kg/m^3]
# name 22 = sigma-é11: Density, 2 [sigma-theta, kg/m^3]
# name 23 = avgsvCM: Average Sound Velocity [Chen-Millero, m/s], minP = 20, minS = 20
# name 24 = sbox0Mm/Kg: Oxygen, SBE 43 [umol/kg], WS = 5
# name 25 = sbox1Mm/Kg: Oxygen, SBE 43, 2 [umol/kg], WS = 5
# name 26 = nbin: number of scans per bin
# name 27 = flag: flag
# span 0 =      13157,     130211       
# span 1 =    548.166,   5425.421       
# span 2 =      2.981,   1471.674       
# span 3 =      3.000,   1486.000       
# span 4 =     4.3848,    29.6934       
# span 5 =     4.3853,    29.6940       
# span 6 =   3.349845,   5.901504       
# span 7 =   3.349718,   5.901849       
# span 8 =     1.5718,     3.1415       
# span 9 =     1.2747,     2.6576       
# span 10 =      10.95,     102.05      
# span 11 =   19.89638,   20.11993      
# span 12 =  -94.23645,  -93.18923      
# span 13 =   -0.03249,    0.02018      
# span 14 =   -0.03199,    0.02279      
# span 15 =     2.3927,     4.5325      
# span 16 =     2.4097,     4.5586      
# span 17 =     4.2629,    29.6890      
# span 18 =     4.2633,    29.6896      
# span 19 =    34.8782,    36.5212      
# span 20 =    34.8687,    36.5257      
# span 21 =    21.8425,    27.7306      
# span 22 =    21.8364,    27.7298      
# span 23 =       0.00,    1545.60      
# span 24 =    104.055,    196.959      
# span 25 =    104.793,    198.093      
# span 26 =         30,         79      
# span 27 = 0.0000e+00, 0.0000e+00      
# interval = decibars: 1                
# start_time = Oct 08 2021 06:53:11 [NMEA time, header]
# bad_flag = -9.990e-29
*END*
[from data line 52]
      16052    668.786     58.631     59.000    21.1057    21.0996   5.087382   5.086996     2.2152     1.8316      99.96   20.01987  -93.77108   -0.02141   -0.02401     3.1247     3.0939    21.0943    21.0882    36.4489    36.4510    25.5716    25.5748    1537.41    136.067    134.726         38 0.0000e+00
      16106    671.062     60.618     61.000    20.8099    20.8021   5.053923   5.052664     2.1171     1.7532      99.90   19.98686  -93.61644   -0.02983   -0.02514     2.9386     2.9305    20.8015    20.7905    36.4122    36.4079    25.6195    25.6183    1534.51    127.956    127.605         51 0.0000e+00
      16191    674.570     61.612     62.000    20.7404    20.7373   5.050295   5.050168     2.1029     1.7467     100.00   20.01987  -93.77108   -0.01322   -0.00760     2.9114     2.9188    20.7285    20.7254    36.4605    36.4621    25.6804    25.6825    1536.88    126.765    127.091         51 0.0000e+00
      16228    676.122     62.606     63.000    20.6511    20.6512   5.040482   5.040732     2.0903     1.7346     100.00   20.01988  -93.77108   -0.00694   -0.00508     2.8903     2.8956    20.6391    20.6392    36.4570    36.4590    25.7020    25.7035    1536.71    125.847    126.078         32 0.0000e+00
      16270    677.882     63.599     64.000    20.5272    20.5267   5.029104   5.029286     2.0724     1.7176     100.00   20.01988  -93.77108   -0.00853   -0.00758     2.8593     2.8628    20.5151    20.5146    36.4707    36.4725    25.7460    25.7475    1536.54    124.493    124.643         58 0.0000e+00
      16328    680.281     64.593     65.000    20.4104    20.4062   5.018377   5.018222     2.0362     1.6831     100.00   20.01987  -93.77108   -0.01372   -0.01344     2.7895     2.7889    20.3982    20.3939    36.4834    36.4858    25.7872    25.7902    1536.36    121.448    121.423         43 0.0000e+00
      16366    681.880     65.586     66.000    20.2673    20.2674   5.004639   5.004893     2.0068     1.6548     100.00   20.01987  -93.77108   -0.01592   -0.01509     2.7350     2.7303    20.2549    20.2551    36.4942    36.4962    25.8339    25.8354    1536.19    119.070    118.866         41 0.0000e+00
      16415    683.925     66.580     67.000    20.2091    20.2095   4.998927   4.999140     1.9723     1.6272     100.00   20.01988  -93.77109   -0.01787   -0.01581     2.6651     2.6691    20.1966    20.1969    36.4973    36.4988    25.8520    25.8530    1536.02    116.023    116.197         55 0.0000e+00
      16464    685.977     67.573     68.000    20.1887    20.1893   4.996911   4.997144     1.9580     1.6159     100.00   20.01987  -93.77110   -0.01194   -0.00936     2.6360     2.6438    20.1759    20.1765    36.4981    36.4995    25.8581    25.8590    1535.86    114.755    115.098         43 0.0000e+00
      16506    687.711     68.567     69.000    20.0787    20.0793   4.985474   4.985733     1.9506     1.6111     100.00   20.01987  -93.77108   -0.00578   -0.00428     2.6219     2.6332    20.0658    20.0664    36.4989    36.5006    25.8881    25.8892    1535.73    114.138    114.632         42 0.0000e+00
      16554    689.728     69.561     70.000    20.0323    20.0328   4.980801   4.981012     1.9384     1.5993     100.00   20.01987  -93.77110   -0.00522   -0.00445     2.6025     2.6129    20.0193    20.0197    36.5004    36.5018    25.9017    25.9026    1535.53    113.292    113.746         58 0.0000e+00
      16609    692.000     70.554     71.000    20.0204    20.0212   4.979656   4.979880     1.9284     1.5904      68.89   20.01987  -93.77110   -0.00555   -0.00510     2.5823     2.5930    20.0072    20.0079    36.5010    36.5022    25.9053    25.9060    1535.37    112.412    112.881         43 0.0000e+00
      16647    693.571     71.548     72.000    19.9907    19.9938   4.976521   4.977027     1.9249     1.5873      46.99   20.01988  -93.77110   -0.00344   -0.00313     2.5766     2.5874    19.9773    19.9804    36.5006    36.5021    25.9130    25.9132    1535.22    112.166    112.634         38 0.0000e+00
      16695    695.594     72.541     73.000    19.8890    19.8895   4.965820   4.966080     1.9174     1.5816      99.17   20.01988  -93.77110   -0.00295   -0.00230     2.5660     2.5791    19.8755    19.8760    36.5002    36.5020    25.9397    25.9408    1535.06    111.698    112.269         59 0.0000e+00
      16749    697.824     73.535     74.000    19.7759    19.7762   4.954098   4.954306     1.9058     1.5685     100.00   20.01988  -93.77110   -0.00461   -0.00467     2.5472     2.5542    19.7623    19.7626    36.5014    36.5028    25.9705    25.9715    1534.92    110.877    111.183         43 0.0000e+00
      16787    699.433     74.528     75.000    19.7026    19.7038   4.946356   4.946663     1.8977     1.5620     100.00   20.01988  -93.77110   -0.00536   -0.00549     2.5336     2.5426    19.6887    19.6900    36.5008    36.5022    25.9894    25.9902    1534.76    110.283    110.676         39 0.0000e+00
      16834    701.384     75.522     76.000    19.6868    19.6878   4.944821   4.945066     1.8902     1.5568     100.00   20.01988  -93.77110   -0.00469   -0.00360     2.5187     2.5315    19.6728    19.6739    36.5015    36.5026    25.9941    25.9947    1534.62    109.636    110.191         56 0.0000e+00
      16889    703.677     76.515     77.000    19.6781    19.6789   4.944122   4.944339     1.8859     1.5532     100.00   20.01988  -93.77110   -0.00240   -0.00191     2.5107     2.5239    19.6639    19.6647    36.5017    36.5027    25.9967    25.9973    1534.48    109.288    109.863         47 0.0000e+00
      16927    705.244     77.509     78.000    19.6513    19.6521   4.941152   4.941379     1.8830     1.5517     100.00   20.01988  -93.77110   -0.00179   -0.00131     2.5055     2.5217    19.6370    19.6378    36.5012    36.5024    26.0034    26.0041    1534.32    109.061    109.765         33 0.0000e+00
      16962    706.702     78.502     79.000    19.6087    19.6100   4.936621   4.936898     1.8802     1.5490     100.00   20.01988  -93.77110   -0.00184   -0.00124     2.5021     2.5176    19.5942    19.5955    36.5004    36.5016    26.0140    26.0145    1534.19    108.909    109.585         38 0.0000e+00
      17001    708.347     79.496     80.000    19.5370    19.5357   4.928741   4.928958     1.8754     1.5445     100.00   20.01988  -93.77110   -0.00220   -0.00199     2.4964     2.5119    19.5224    19.5210    36.4989    36.5002    26.0317    26.0330    1534.05    108.663    109.333         39 0.0000e+00
      17037    709.825     80.489     81.000    19.4443    19.4451   4.919024   4.919267     1.8705     1.5397     100.00   20.01988  -93.77110   -0.00294   -0.00279     2.4899     2.5041    19.4295    19.4303    36.4969    36.4983    26.0545    26.0553    1533.91    108.375    108.994         33 0.0000e+00
      17070    711.229     81.483     82.000    19.4132    19.4140   4.915677   4.915926     1.8660     1.5349     100.00   20.01988  -93.77110   -0.00331   -0.00324     2.4819     2.4945    19.3982    19.3991    36.4959    36.4972    26.0618    26.0626    1533.78    108.027    108.573         35 0.0000e+00
      17110    712.860     82.476     83.000    19.4026    19.4033   4.914628   4.914828     1.8621     1.5311     100.00   20.01988  -93.77110   -0.00297   -0.00310     2.4743     2.4862    19.3875    19.3881    36.4960    36.4971    26.0647    26.0654    1533.65    107.696    108.213         41 0.0000e+00
      17147    714.419     83.470     84.000    19.3953    19.3961   4.913903   4.914124     1.8601     1.5298     100.00   20.01988  -93.77110   -0.00213   -0.00199     2.4708     2.4836    19.3800    19.3808    36.4960    36.4971    26.0667    26.0673    1533.51    107.542    108.100         33 0.0000e+00
      17180    715.784     84.463     85.000    19.3350    19.3367   4.907235   4.907576     1.8583     1.5276     100.00   20.01988  -93.77110   -0.00149   -0.00125     2.4699     2.4816    19.3196    19.3212    36.4928    36.4942    26.0799    26.0806    1533.39    107.504    108.011         36 0.0000e+00
      17217    717.352     85.457     86.000    19.2917    19.2930   4.902576   4.902846     1.8541     1.5240      93.24   20.01988  -93.77110   -0.00177   -0.00166     2.4634     2.4755    19.2761    19.2774    36.4914    36.4926    26.0902    26.0907    1533.26    107.220    107.746         37 0.0000e+00
      17251    718.749     86.450     87.000    19.2687    19.2697   4.900133   4.900372     1.8512     1.5214      98.38   20.01988  -93.77110   -0.00228   -0.00206     2.4587     2.4706    19.2529    19.2539    36.4908    36.4919    26.0957    26.0963    1533.13    107.013    107.529         30 0.0000e+00
      17281    720.002     87.444     88.000    19.2520    19.2534   4.898230   4.898517     1.8489     1.5191      99.98   20.01988  -93.77110   -0.00211   -0.00201     2.4551     2.4663    19.2360    19.2375    36.4892    36.4903    26.0989    26.0994    1533.02    106.854    107.343         32 0.0000e+00
      17316    721.476     88.437     89.000    19.1992    19.2007   4.892407   4.892702     1.8472     1.5178     100.00   20.01988  -93.77110   -0.00171   -0.00155     2.4539     2.4657    19.1831    19.1846    36.4864    36.4875    26.1105    26.1109    1532.89    106.804    107.315         38 0.0000e+00
      17351    722.931     89.431     90.000    19.1222    19.1251   4.883712   4.884243     1.8448     1.5157      60.85   20.01988  -93.77110   -0.00139   -0.00116     2.4529     2.4648    19.1060    19.1089    36.4807    36.4826    26.1261    26.1268    1532.78    106.758    107.276         30 0.0000e+00
      17404    725.141     91.418     92.000    18.8854    18.8867   4.856398   4.856689     1.8314     1.5049      99.97   20.01342  -93.74082   -0.00352   -0.00316     2.4368     2.4506    18.8689    18.8702    36.4526    36.4539    26.1646    26.1653    1532.04    106.051    106.651         35 0.0000e+00
      17449    726.985     92.411     93.000    18.8763    18.8773   4.856091   4.856336     1.8300     1.5038     100.00   20.01988  -93.77110   -0.00410   -0.00319     2.4338     2.4489    18.8597    18.8607    36.4637    36.4648    26.1765    26.1771    1532.42    105.919    106.576         41 0.0000e+00
      17485    728.485     93.404     94.000    18.8717    18.8729   4.855650   4.855915     1.8288     1.5031      93.98   20.01988  -93.77110   -0.00210   -0.00142     2.4317     2.4477    18.8549    18.8561    36.4635    36.4647    26.1776    26.1781    1532.30    105.832    106.524         31 0.0000e+00
      17536    730.619     95.391     96.000    18.8058    18.8071   4.847318   4.847623     1.8265     1.5007      99.97   20.01342  -93.74083   -0.00073   -0.00050     2.4308     2.4457    18.7887    18.7899    36.4474    36.4489    26.1812    26.1820    1531.58    105.790    106.438         32 0.0000e+00
      17580    732.451     96.385     97.000    18.7731    18.7746   4.844671   4.844978     1.8249     1.4985     100.00   20.01988  -93.77110   -0.00095   -0.00126     2.4289     2.4422    18.7558    18.7574    36.4568    36.4580    26.1978    26.1983    1531.96    105.707    106.283         43 0.0000e+00
      17617    734.009     97.378     98.000    18.7416    18.7425   4.841047   4.841291     1.8226     1.4982     100.00   20.01988  -93.77110   -0.00141   -0.00123     2.4258     2.4432    18.7242    18.7251    36.4535    36.4548    26.2033    26.2041    1531.85    105.569    106.327         31 0.0000e+00
      17669    736.154     99.365    100.000    18.5517    18.5528   4.818238   4.818517     1.8185     1.4945      99.96   20.01272  -93.73754   -0.00133   -0.00076     2.4272     2.4443    18.5340    18.5351    36.4231    36.4245    26.2273    26.2281    1531.07    105.628    106.371         33 0.0000e+00
      17710    737.888    100.359    101.000    18.5409    18.5419   4.817983   4.818209     1.8178     1.4923     100.00   20.01990  -93.77110   -0.00135   -0.00156     2.4263     2.4396    18.5231    18.5240    36.4344    36.4354    26.2398    26.2404    1531.52    105.590    106.167         37 0.0000e+00
      17744    739.312    101.352    102.000    18.5067    18.5082   4.813958   4.814279     1.8167     1.4906     100.00   20.01990  -93.77110   -0.00100   -0.00165     2.4259     2.4374    18.4887    18.4902    36.4301    36.4315    26.2452    26.2459    1531.41    105.569    106.069         32 0.0000e+00
      17776    740.627    102.345    103.000    18.4391    18.4406   4.806328   4.806633     1.8142     1.4895      99.92   20.01990  -93.77110   -0.00108   -0.00130     2.4241     2.4384    18.4210    18.4225    36.4247    36.4260    26.2582    26.2588    1531.31    105.490    106.111         32 0.0000e+00
      17810    742.060    103.339    104.000    18.4127    18.4138   4.803387   4.803626     1.8134     1.4898     100.00   20.01990  -93.77110   -0.00127   -0.00063     2.4239     2.4405    18.3945    18.3955    36.4227    36.4238    26.2634    26.2639    1531.20    105.480    106.203         36 0.0000e+00
      17844    743.467    104.332    105.000    18.3840    18.3850   4.800187   4.800428     1.8140     1.4913     100.00   20.01990  -93.77110   -0.00066    0.00018     2.4269     2.4459    18.3655    18.3666    36.4205    36.4217    26.2690    26.2696    1531.09    105.610    106.439         30 0.0000e+00
      17902    745.891    106.319    107.000    18.3325    18.3335   4.793831   4.794039     1.8166     1.4941      92.11   20.01472  -93.74682    0.00076    0.00126     2.4360     2.4558    18.3138    18.3147    36.4081    36.4091    26.2718    26.2723    1530.49    106.008    106.870         39 0.0000e+00
      17946    747.688    107.312    108.000    18.3312    18.3327   4.794477   4.794761     1.8201     1.4956      94.34   20.01990  -93.77110    0.00164    0.00092     2.4440     2.4597    18.3122    18.3138    36.4176    36.4186    26.2802    26.2806    1530.79    106.354    107.038         34 0.0000e+00
      17993    749.684    109.299    110.000    18.2235    18.2244   4.781186   4.781329     1.8223     1.4993      99.95   20.01088  -93.72887    0.00143    0.00148     2.4571     2.4763    18.2046    18.2052    36.3938    36.3944    26.2879    26.2880    1529.92    106.924    107.759         30 0.0000e+00
      18043    751.741    110.292    111.000    18.1779    18.1798   4.777012   4.777395     1.8306     1.5073      69.83   20.01990  -93.77111    0.00243    0.00268     2.4762     2.4968    18.1586    18.1605    36.4033    36.4049    26.3078    26.3085    1530.49    107.752    108.648         49 0.0000e+00
      18122    755.053    113.272    114.000    17.9916    17.9926   4.753675   4.753925     1.8412     1.5169      99.94   20.00749  -93.71298    0.00309    0.00289     2.5114     2.5315    17.9719    17.9729    36.3689    36.3701    26.3266    26.3273    1529.24    109.281    110.153         36 0.0000e+00
      18177    757.351    114.266    115.000    17.9918    17.9928   4.755753   4.755969     1.8447     1.5208     100.00   20.01990  -93.77112    0.00217    0.00192     2.5189     2.5404    17.9719    17.9729    36.3852    36.3862    26.3405    26.3410    1530.10    109.605    110.544         46 0.0000e+00
      18257    760.654    117.246    118.000    17.5959    17.5973   4.707914   4.708297     1.8429     1.5203      99.95   20.00914  -93.72072   -0.00031   -0.00007     2.5373     2.5609    17.5758    17.5772    36.3189    36.3210    26.3859    26.3872    1528.99    110.402    111.426         40 0.0000e+00
      18309    762.827    118.239    119.000    17.5290    17.5297   4.701688   4.701911     1.8500     1.5276     100.00   20.01990  -93.77112    0.00068    0.00123     2.5569     2.5826    17.5088    17.5095    36.3306    36.3319    26.4128    26.4136    1529.71    111.254    112.371         40 0.0000e+00
