GOMECC/GOMECC-4/1db/rb2103_1411.ros
* Sea-Bird SBE 9 Data File:
* FileName = C:\Users\scs.user.rb\CTD\GOMECC4\data\rb2103_1411.hex
* Software Version Seasave V 7.26.7.107
* Temperature SN = 4799
* Conductivity SN = 3860
* Number of Bytes Per Scan = 41
* Number of Voltage Words = 4
* Number of Scans Averaged by the Deck Unit = 1
* NMEA Latitude = 25 34.46 N
* NMEA Longitude = 084 50.56 W
* NMEA UTC (Time) = Oct 20 2021  15:46:56
* NMEA baud rate = 4800
# nquan = 17
# nvalues = 3192                                  
# units = specified
# name 0 = scan: Scan Count
# name 1 = timeS: Time, Elapsed [seconds]
# name 2 = depSM: Depth [salt water, m]
# name 3 = prDM: Pressure, Digiquartz [db]
# name 4 = t090C: Temperature [ITS-90, deg C]
# name 5 = t190C: Temperature, 2 [ITS-90, deg C]
# name 6 = c0S/m: Conductivity [S/m]
# name 7 = c1S/m: Conductivity, 2 [S/m]
# name 8 = sbeox0V: Oxygen raw, SBE 43 [V]
# name 9 = sbeox1V: Oxygen raw, SBE 43, 2 [V]
# name 10 = altM: Altimeter [m]
# name 11 = latitude: Latitude [deg]
# name 12 = longitude: Longitude [deg]
# name 13 = sbox0dV/dT: Oxygen, SBE 43 [dov/dt]
# name 14 = sbox1dV/dT: Oxygen, SBE 43, 2 [dov/dt]
# name 15 = nbf: Bottles Fired
# name 16 = flag:  0.000e+00
# interval = seconds: 0.0416667
# start_time = Oct 20 2021 15:46:56 [NMEA time, header]
# bad_flag = -9.990e-29
*END*
[from data line 1022]
     185738   7739.042   1238.027   1249.835     4.5415     4.5421   3.355791   3.355756     1.9255     1.5995     100.00   25.57406  -84.84358    0.00012   -0.00002          8  0.000e+00
     185739   7739.083   1238.083   1249.891     4.5410     4.5423   3.355772   3.355737     1.9255     1.5995     100.00   25.57406  -84.84358    0.00012   -0.00001          8  0.000e+00
     185740   7739.125   1237.979   1249.787     4.5411     4.5424   3.355785   3.355717     1.9255     1.5995     100.00   25.57406  -84.84358    0.00012   -0.00001          8  0.000e+00
     185741   7739.167   1238.062   1249.871     4.5410     4.5423   3.355772   3.355698     1.9255     1.5995     100.00   25.57406  -84.84358    0.00012    0.00001          8  0.000e+00
     185742   7739.208   1237.979   1249.787     4.5410     4.5421   3.355766   3.355698     1.9255     1.5995     100.00   25.57406  -84.84358    0.00010    0.00003          8  0.000e+00
     185743   7739.250   1237.979   1249.787     4.5408     4.5422   3.355766   3.355698     1.9255     1.5995     100.00   25.57406  -84.84358    0.00010    0.00006          8  0.000e+00
     185744   7739.292   1237.980   1249.787     4.5410     4.5425   3.355785   3.355737     1.9255     1.5995     100.00   25.57406  -84.84358    0.00010    0.00006          8  0.000e+00
     185745   7739.333   1237.980   1249.787     4.5411     4.5422   3.355772   3.355737     1.9255     1.5995     100.00   25.57406  -84.84358    0.00010    0.00008          8  0.000e+00
     185746   7739.375   1237.925   1249.731     4.5409     4.5422   3.355785   3.355705     1.9255     1.5995     100.00   25.57406  -84.84358    0.00010    0.00009          8  0.000e+00
     185747   7739.417   1237.980   1249.787     4.5412     4.5422   3.355791   3.355711     1.9255     1.5995     100.00   25.57406  -84.84358    0.00010    0.00011          8  0.000e+00
     185748   7739.458   1237.925   1249.731     4.5411     4.5423   3.355772   3.355698     1.9255     1.5995     100.00   25.57406  -84.84358    0.00010    0.00011          8  0.000e+00
     185749   7739.500   1237.925   1249.731     4.5409     4.5422   3.355785   3.355698     1.9255     1.5983     100.00   25.57406  -84.84358    0.00010    0.00008          8  0.000e+00
     185750   7739.542   1237.925   1249.732     4.5413     4.5422   3.355772   3.355717     1.9255     1.5995     100.00   25.57406  -84.84358    0.00008    0.00008          8  0.000e+00
     185751   7739.583   1237.925   1249.732     4.5412     4.5423   3.355741   3.355730     1.9255     1.5995     100.00   25.57406  -84.84358    0.00008    0.00010          8  0.000e+00
     185752   7739.625   1237.980   1249.788     4.5412     4.5422   3.355798   3.355749     1.9255     1.5995     100.00   25.57406  -84.84358    0.00008    0.00012          8  0.000e+00
     185753   7739.667   1237.925   1249.732     4.5411     4.5425   3.355753   3.355737     1.9255     1.5995     100.00   25.57406  -84.84358    0.00008    0.00014          8  0.000e+00
     185754   7739.708   1237.925   1249.732     4.5409     4.5426   3.355753   3.355743     1.9255     1.5995     100.00   25.57406  -84.84358    0.00007    0.00014          8  0.000e+00
     185755   7739.750   1237.877   1249.683     4.5410     4.5425   3.355804   3.355749     1.9255     1.5995     100.00   25.57406  -84.84358    0.00007    0.00016          8  0.000e+00
     185756   7739.792   1237.960   1249.767     4.5410     4.5426   3.355798   3.355711     1.9255     1.5983     100.00   25.57406  -84.84358    0.00006    0.00017          8  0.000e+00
     185757   7739.833   1237.925   1249.732     4.5412     4.5427   3.355791   3.355717     1.9255     1.5983     100.00   25.57406  -84.84358    0.00006    0.00015          8  0.000e+00
     185758   7739.875   1237.925   1249.732     4.5410     4.5425   3.355791   3.355749     1.9255     1.5971     100.00   25.57406  -84.84358    0.00006    0.00010          8  0.000e+00
     185759   7739.917   1237.925   1249.732     4.5409     4.5426   3.355772   3.355756     1.9255     1.5983     100.00   25.57406  -84.84358    0.00006    0.00010          8  0.000e+00
     185760   7739.958   1237.981   1249.788     4.5411     4.5426   3.355766   3.355749     1.9255     1.5995     100.00   25.57406  -84.84358    0.00006    0.00012          8  0.000e+00
     185761   7740.000   1237.981   1249.788     4.5409     4.5426   3.355741   3.355711     1.9255     1.5983     100.00   25.57406  -84.84358    0.00006    0.00011          8  0.000e+00
     185762   7740.042   1237.981   1249.788     4.5410     4.5425   3.355772   3.355737     1.9255     1.5995     100.00   25.57406  -84.84358    0.00006    0.00011          8  0.000e+00
     185763   7740.083   1237.926   1249.732     4.5409     4.5424   3.355772   3.355737     1.9255     1.5995     100.00   25.57406  -84.84358    0.00006    0.00011          8  0.000e+00
     185764   7740.125   1238.029   1249.837     4.5407     4.5426   3.355766   3.355769     1.9255     1.5983     100.00   25.57406  -84.84358    0.00004    0.00008          8  0.000e+00
     185765   7740.167   1238.029   1249.837     4.5410     4.5423   3.355785   3.355743     1.9255     1.5971     100.00   25.57406  -84.84358    0.00004    0.00005          8  0.000e+00
     185766   7740.208   1238.029   1249.837     4.5409     4.5426   3.355791   3.355769     1.9255     1.5983     100.00   25.57406  -84.84358    0.00004    0.00003          8  0.000e+00
     185767   7740.250   1238.029   1249.837     4.5408     4.5423   3.355772   3.355756     1.9255     1.5995     100.00   25.57406  -84.84358    0.00004    0.00005          8  0.000e+00
     185768   7740.292   1238.084   1249.893     4.5409     4.5424   3.355766   3.355801     1.9255     1.5995     100.00   25.57406  -84.84358    0.00004    0.00007          8  0.000e+00
     185769   7740.333   1238.084   1249.893     4.5410     4.5425   3.355785   3.355769     1.9255     1.5983     100.00   25.57406  -84.84358    0.00004    0.00007          8  0.000e+00
     185770   7740.375   1238.085   1249.893     4.5408     4.5424   3.355772   3.355756     1.9255     1.5995     100.00   25.57406  -84.84358    0.00002    0.00007          8  0.000e+00
     185771   7740.417   1238.119   1249.928     4.5407     4.5422   3.355766   3.355737     1.9255     1.5995     100.00   25.57406  -84.84358    0.00002    0.00009          8  0.000e+00
     185772   7740.458   1238.133   1249.942     4.5406     4.5422   3.355766   3.355730     1.9255     1.5983     100.00   25.57406  -84.84358    0.00001    0.00010          8  0.000e+00
     185773   7740.500   1238.188   1249.998     4.5406     4.5422   3.355766   3.355705     1.9255     1.5995     100.00   25.57406  -84.84358    0.00001    0.00012          8  0.000e+00
     185774   7740.542   1238.188   1249.998     4.5406     4.5422   3.355766   3.355711     1.9255     1.5971     100.00   25.57406  -84.84358    0.00001    0.00010          8  0.000e+00
     185775   7740.583   1238.188   1249.998     4.5405     4.5418   3.355785   3.355743     1.9255     1.5983     100.00   25.57406  -84.84358   -0.00001    0.00009          8  0.000e+00
     185776   7740.625   1238.292   1250.103     4.5403     4.5424   3.355772   3.355737     1.9255     1.5995     100.00   25.57406  -84.84358   -0.00001    0.00007          8  0.000e+00
     185777   7740.667   1238.292   1250.103     4.5406     4.5420   3.355766   3.355730     1.9255     1.5995     100.00   25.57406  -84.84358   -0.00001    0.00008          8  0.000e+00
     185778   7740.708   1238.292   1250.103     4.5403     4.5418   3.355741   3.355730     1.9255     1.5995     100.00   25.57406  -84.84358   -0.00001    0.00009          8  0.000e+00
     185779   7740.750   1238.340   1250.152     4.5401     4.5417   3.355735   3.355730     1.9255     1.5983     100.00   25.57406  -84.84358   -0.00001    0.00010          8  0.000e+00
     193345   8056.000   1041.781   1051.221     5.0838     5.0843   3.394386   3.394323     1.8437     1.5238     100.00   25.57406  -84.84366   -0.00004   -0.00001          9  0.000e+00
     193346   8056.042   1041.809   1051.249     5.0840     5.0851   3.394367   3.394310     1.8437     1.5238     100.00   25.57406  -84.84366   -0.00004   -0.00001          9  0.000e+00
     193347   8056.083   1041.706   1051.144     5.0840     5.0850   3.394374   3.394368     1.8437     1.5238      99.85   25.57406  -84.84366   -0.00005   -0.00001          9  0.000e+00
     193348   8056.125   1041.933   1051.374     5.0837     5.0850   3.394393   3.394349     1.8437     1.5238      91.67   25.57406  -84.84366   -0.00005   -0.00001          9  0.000e+00
     193349   8056.167   1041.912   1051.353     5.0840     5.0850   3.394406   3.394310     1.8437     1.5238      86.47   25.57406  -84.84366   -0.00006   -0.00001          9  0.000e+00
     193350   8056.208   1041.878   1051.318     5.0838     5.0850   3.394374   3.394368     1.8437     1.5238      85.81   25.57406  -84.84366   -0.00006   -0.00001          9  0.000e+00
     193351   8056.250   1042.015   1051.457     5.0840     5.0849   3.394425   3.394349     1.8437     1.5238      86.20   25.57406  -84.84366   -0.00007   -0.00001          9  0.000e+00
     193352   8056.292   1041.933   1051.374     5.0840     5.0850   3.394393   3.394336     1.8437     1.5238      86.40   25.57406  -84.84366   -0.00007   -0.00001          9  0.000e+00
     193353   8056.333   1041.967   1051.409     5.0838     5.0850   3.394393   3.394310     1.8437     1.5238      86.42   25.57406  -84.84366   -0.00008   -0.00001          9  0.000e+00
     193354   8056.375   1041.967   1051.409     5.0840     5.0848   3.394431   3.394304     1.8437     1.5238      86.40   25.57406  -84.84366   -0.00006   -0.00001          9  0.000e+00
     193355   8056.417   1042.036   1051.479     5.0840     5.0850   3.394406   3.394323     1.8437     1.5238      86.40   25.57406  -84.84366   -0.00007   -0.00001          9  0.000e+00
     193356   8056.458   1042.016   1051.458     5.0841     5.0848   3.394406   3.394336     1.8437     1.5238      86.40   25.57406  -84.84366   -0.00007   -0.00001          9  0.000e+00
     193357   8056.500   1041.981   1051.423     5.0838     5.0850   3.394387   3.394336     1.8437     1.5238      86.40   25.57406  -84.84366   -0.00008   -0.00001          9  0.000e+00
     193358   8056.542   1042.064   1051.507     5.0838     5.0851   3.394418   3.394336     1.8437     1.5238      86.40   25.57406  -84.84366   -0.00008   -0.00001          9  0.000e+00
     193359   8056.583   1042.036   1051.479     5.0838     5.0848   3.394412   3.394336     1.8437     1.5238      86.40   25.57406  -84.84366   -0.00008   -0.00001          9  0.000e+00
     193360   8056.625   1042.064   1051.507     5.0841     5.0848   3.394425   3.394336     1.8437     1.5238      86.40   25.57406  -84.84366   -0.00007   -0.00001          9  0.000e+00
     193361   8056.667   1042.064   1051.507     5.0840     5.0851   3.394393   3.394336     1.8437     1.5238      86.40   25.57406  -84.84366   -0.00007   -0.00001          9  0.000e+00
     193362   8056.708   1042.085   1051.528     5.0841     5.0851   3.394399   3.394336     1.8425     1.5238      86.40   25.57406  -84.84366   -0.00010   -0.00001          9  0.000e+00
     193363   8056.750   1042.064   1051.507     5.0841     5.0848   3.394425   3.394336     1.8437     1.5238      86.40   25.57406  -84.84366   -0.00010   -0.00001          9  0.000e+00
     193364   8056.792   1042.140   1051.583     5.0840     5.0853   3.394393   3.394355     1.8437     1.5238      86.40   25.57406  -84.84366   -0.00010   -0.00000          9  0.000e+00
     193365   8056.833   1042.119   1051.563     5.0840     5.0851   3.394393   3.394343     1.8437     1.5238      86.40   25.57406  -84.84366   -0.00011   -0.00000          9  0.000e+00
     193366   8056.875   1042.085   1051.528     5.0840     5.0853   3.394380   3.394355     1.8437     1.5238      86.40   25.57406  -84.84366   -0.00009   -0.00000          9  0.000e+00
     193367   8056.917   1042.119   1051.563     5.0840     5.0853   3.394418   3.394317     1.8449     1.5238      86.40   25.57406  -84.84366   -0.00008   -0.00000          9  0.000e+00
     193368   8056.958   1042.119   1051.563     5.0840     5.0850   3.394412   3.394343     1.8437     1.5238      86.40   25.57406  -84.84366   -0.00008   -0.00000          9  0.000e+00
     193369   8057.000   1042.085   1051.528     5.0840     5.0851   3.394412   3.394343     1.8437     1.5238      86.40   25.57406  -84.84366   -0.00008   -0.00000          9  0.000e+00
     193370   8057.042   1042.168   1051.612     5.0840     5.0853   3.394399   3.394355     1.8437     1.5238      86.40   25.57406  -84.84366   -0.00009   -0.00000          9  0.000e+00
     193371   8057.083   1042.085   1051.528     5.0843     5.0853   3.394380   3.394368     1.8437     1.5238      86.98   25.57406  -84.84366   -0.00007   -0.00000          9  0.000e+00
     193372   8057.125   1042.120   1051.563     5.0838     5.0853   3.394418   3.394388     1.8437     1.5238      95.53   25.57406  -84.84366   -0.00006   -0.00000          9  0.000e+00
     193373   8057.167   1042.140   1051.584     5.0841     5.0851   3.394412   3.394349     1.8437     1.5238     100.00   25.57406  -84.84366   -0.00006   -0.00000          9  0.000e+00
     193374   8057.208   1042.120   1051.563     5.0840     5.0853   3.394412   3.394355     1.8437     1.5238     100.00   25.57406  -84.84366   -0.00007   -0.00000          9  0.000e+00
     193375   8057.250   1042.168   1051.612     5.0841     5.0851   3.394425   3.394343     1.8437     1.5238     100.00   25.57406  -84.84366   -0.00007 -8.792e-07          9  0.000e+00
     193376   8057.292   1042.086   1051.529     5.0841     5.0854   3.394393   3.394355     1.8437     1.5238     100.00   25.57406  -84.84366   -0.00007 -5.275e-07          9  0.000e+00
     193377   8057.333   1042.120   1051.563     5.0838     5.0853   3.394418   3.394368     1.8437     1.5238     100.00   25.57406  -84.84366   -0.00007 -1.758e-07          9  0.000e+00
     193378   8057.375   1042.141   1051.584     5.0840     5.0854   3.394393   3.394368     1.8437     1.5238     100.00   25.57406  -84.84366   -0.00008 1.7586e-07          9  0.000e+00
     193379   8057.417   1042.120   1051.564     5.0841     5.0851   3.394425   3.394343     1.8437     1.5238     100.00   25.57406  -84.84366   -0.00008 5.2755e-07          9  0.000e+00
     193380   8057.458   1042.141   1051.584     5.0840     5.0854   3.394387   3.394355     1.8437     1.5238     100.00   25.57406  -84.84366   -0.00008 8.7923e-07          9  0.000e+00
     193381   8057.500   1042.065   1051.508     5.0841     5.0854   3.394399   3.394343     1.8437     1.5238     100.00   25.57406  -84.84366   -0.00008    0.00000          9  0.000e+00
     193382   8057.542   1042.065   1051.508     5.0841     5.0853   3.394425   3.394375     1.8437     1.5238     100.00   25.57406  -84.84366   -0.00009    0.00000          9  0.000e+00
     193383   8057.583   1042.141   1051.585     5.0841     5.0853   3.394437   3.394368     1.8437     1.5238     100.00   25.57406  -84.84366   -0.00009    0.00000          9  0.000e+00
     193384   8057.625   1042.065   1051.508     5.0841     5.0853   3.394387   3.394343     1.8437     1.5238     100.00   25.57406  -84.84366   -0.00008    0.00000          9  0.000e+00
     193385   8057.667   1042.038   1051.480     5.0843     5.0854   3.394374   3.394355     1.8449     1.5238     100.00   25.57406  -84.84366   -0.00006    0.00000          9  0.000e+00
     193386   8057.708   1042.066   1051.508     5.0843     5.0854   3.394425   3.394368     1.8437     1.5238     100.00   25.57406  -84.84366   -0.00006    0.00000          9  0.000e+00
