GOMECC/GOMECC-4/1db/rb2103_0231.ros
* Sea-Bird SBE 9 Data File:
* FileName = C:\Users\scs.user.rb\CTD\GOMECC4\data\rb2103_0231.hex
* Software Version Seasave V 7.26.7.107
* Temperature SN = 4799
* Conductivity SN = 3860
* Number of Bytes Per Scan = 41
* Number of Voltage Words = 4
* Number of Scans Averaged by the Deck Unit = 1
* NMEA Latitude = 28 51.94 N
* NMEA Longitude = 085 55.30 W
* NMEA UTC (Time) = Sep 21 2021  03:02:09
* NMEA baud rate = 4800
# nquan = 17
# nvalues = 1729                                  
# units = specified
# name 0 = scan: Scan Count
# name 1 = timeS: Time, Elapsed [seconds]
# name 2 = depSM: Depth [salt water, m]
# name 3 = prDM: Pressure, Digiquartz [db]
# name 4 = t090C: Temperature [ITS-90, deg C]
# name 5 = t190C: Temperature, 2 [ITS-90, deg C]
# name 6 = c0S/m: Conductivity [S/m]
# name 7 = c1S/m: Conductivity, 2 [S/m]
# name 8 = sbeox0V: Oxygen raw, SBE 43 [V]
# name 9 = sbeox1V: Oxygen raw, SBE 43, 2 [V]
# name 10 = altM: Altimeter [m]
# name 11 = latitude: Latitude [deg]
# name 12 = longitude: Longitude [deg]
# name 13 = sbox0dV/dT: Oxygen, SBE 43 [dov/dt]
# name 14 = sbox1dV/dT: Oxygen, SBE 43, 2 [dov/dt]
# name 15 = nbf: Bottles Fired
# name 16 = flag:  0.000e+00
# interval = seconds: 0.0416667
# start_time = Sep 21 2021 03:02:09 [NMEA time, header]
# bad_flag = -9.990e-29
*END*
[from data line 766]
      50637   2109.833    104.688    105.423    19.6095    19.6054   4.944128   4.943623     2.1368     1.7875     100.00   28.85970  -85.92498   -0.00030    0.00073          6  0.000e+00
      50638   2109.875    104.658    105.392    19.6093    19.6047   4.944061   4.943623     2.1368     1.7888     100.00   28.85970  -85.92498   -0.00031    0.00072          6  0.000e+00
      50639   2109.917    104.658    105.392    19.6093    19.6040   4.944061   4.943533     2.1368     1.7888     100.00   28.85970  -85.92498   -0.00030    0.00071          6  0.000e+00
      50640   2109.958    104.688    105.423    19.6093    19.6031   4.944054   4.943466     2.1368     1.7888     100.00   28.85970  -85.92498   -0.00031    0.00070          6  0.000e+00
      50641   2110.000    104.658    105.393    19.6095    19.6024   4.944098   4.943399     2.1368     1.7888     100.00   28.85970  -85.92498   -0.00032    0.00070          6  0.000e+00
      50642   2110.042    104.688    105.423    19.6095    19.6028   4.944150   4.943376     2.1368     1.7888     100.00   28.85970  -85.92498   -0.00033    0.00069          6  0.000e+00
      50643   2110.083    104.597    105.332    19.6095    19.6034   4.944143   4.943346     2.1368     1.7875     100.00   28.85970  -85.92498   -0.00034    0.00066          6  0.000e+00
      50644   2110.125    104.802    105.537    19.6097    19.6029   4.944157   4.943399     2.1380     1.7875     100.00   28.85970  -85.92498   -0.00032    0.00063          6  0.000e+00
      50645   2110.167    104.658    105.393    19.6097    19.6030   4.944172   4.943421     2.1368     1.7875     100.00   28.85970  -85.92498   -0.00031    0.00060          6  0.000e+00
      50646   2110.208    104.688    105.423    19.6099    19.6033   4.944165   4.943541     2.1368     1.7888     100.00   28.85970  -85.92498   -0.00032    0.00059          6  0.000e+00
      50647   2110.250    104.658    105.393    19.6099    19.6042   4.944165   4.943705     2.1380     1.7888     100.00   28.85970  -85.92498   -0.00031    0.00058          6  0.000e+00
      50648   2110.292    104.711    105.446    19.6099    19.6063   4.944172   4.943877     2.1380     1.7888     100.00   28.85970  -85.92498   -0.00028    0.00057          6  0.000e+00
      50649   2110.333    104.688    105.423    19.6097    19.6077   4.944165   4.944071     2.1380     1.7875     100.00   28.85970  -85.92498   -0.00026    0.00054          6  0.000e+00
      50650   2110.375    104.658    105.393    19.6099    19.6086   4.944202   4.944124     2.1380     1.7875     100.00   28.85970  -85.92498   -0.00023    0.00051          6  0.000e+00
      50651   2110.417    104.741    105.476    19.6095    19.6086   4.944202   4.944124     2.1368     1.7875     100.00   28.85970  -85.92498   -0.00022    0.00048          6  0.000e+00
      50652   2110.458    104.658    105.393    19.6095    19.6086   4.944172   4.944064     2.1368     1.7875     100.00   28.85970  -85.92498   -0.00022    0.00043          6  0.000e+00
      50653   2110.500    104.741    105.476    19.6093    19.6087   4.944172   4.944049     2.1380     1.7875     100.00   28.85970  -85.92498   -0.00019    0.00040          6  0.000e+00
      50654   2110.542    104.658    105.393    19.6093    19.6087   4.944165   4.944071     2.1380     1.7875     100.00   28.85970  -85.92498   -0.00016    0.00036          6  0.000e+00
      50655   2110.583    104.711    105.446    19.6090    19.6086   4.944165   4.944056     2.1368     1.7875     100.00   28.85970  -85.92498   -0.00014    0.00033          6  0.000e+00
      50656   2110.625    104.688    105.423    19.6092    19.6086   4.944143   4.944101     2.1368     1.7875     100.00   28.85970  -85.92498   -0.00013    0.00030          6  0.000e+00
      50657   2110.667    104.711    105.446    19.6095    19.6091   4.944120   4.944154     2.1380     1.7875     100.00   28.85970  -85.92498   -0.00010    0.00026          6  0.000e+00
      50658   2110.708    104.688    105.423    19.6093    19.6092   4.944165   4.944131     2.1380     1.7875     100.00   28.85970  -85.92498   -0.00007    0.00023          6  0.000e+00
      50659   2110.750    104.711    105.446    19.6092    19.6092   4.944098   4.944154     2.1380     1.7875     100.00   28.85970  -85.92498   -0.00004    0.00020          6  0.000e+00
      50660   2110.792    104.688    105.423    19.6090    19.6089   4.944076   4.944131     2.1380     1.7888     100.00   28.85970  -85.92498   -0.00002    0.00018          6  0.000e+00
      50661   2110.833    104.711    105.446    19.6092    19.6087   4.944084   4.944094     2.1380     1.7888     100.00   28.85970  -85.92498    0.00001    0.00016          6  0.000e+00
      50662   2110.875    104.688    105.423    19.6090    19.6086   4.944047   4.944116     2.1380     1.7875     100.00   28.85970  -85.92498    0.00004    0.00012          6  0.000e+00
      50663   2110.917    104.711    105.446    19.6088    19.6087   4.944039   4.944154     2.1380     1.7888     100.00   28.85970  -85.92498    0.00007    0.00010          6  0.000e+00
      50664   2110.958    104.711    105.446    19.6085    19.6089   4.944047   4.944101     2.1380     1.7875     100.00   28.85970  -85.92498    0.00009    0.00007          6  0.000e+00
      50665   2111.000    104.688    105.423    19.6086    19.6091   4.944010   4.944109     2.1368     1.7888     100.00   28.85970  -85.92498    0.00010    0.00005          6  0.000e+00
      50666   2111.042    104.711    105.446    19.6085    19.6091   4.944002   4.944124     2.1380     1.7888     100.00   28.85970  -85.92498    0.00011    0.00004          6  0.000e+00
      50667   2111.083    104.689    105.423    19.6085    19.6087   4.944032   4.944154     2.1380     1.7888     100.00   28.85970  -85.92498    0.00014    0.00004          6  0.000e+00
      50668   2111.125    104.772    105.507    19.6083    19.6089   4.944062   4.944139     2.1380     1.7888     100.00   28.85970  -85.92498    0.00017    0.00004          6  0.000e+00
      53910   2246.208     74.617     75.135    22.4412    22.4516   5.215663   5.216905     2.7350     2.3309      74.48   28.85958  -85.92480    0.00009   -0.00024          7  0.000e+00
      53911   2246.250     74.556     75.074    22.4409    22.4503   5.215716   5.216821     2.7338     2.3309      74.48   28.85958  -85.92480    0.00009   -0.00026          7  0.000e+00
      53912   2246.292     74.783     75.302    22.4416    22.4491   5.215837   5.216813     2.7338     2.3309      74.48   28.85958  -85.92480    0.00011   -0.00028          7  0.000e+00
      53913   2246.333     74.783     75.302    22.4422    22.4498   5.215905   5.216836     2.7338     2.3309      74.48   28.85958  -85.92480    0.00013   -0.00029          7  0.000e+00
      53914   2246.375     74.617     75.135    22.4421    22.4507   5.215897   5.216913     2.7338     2.3309      74.48   28.85958  -85.92480    0.00015   -0.00031          7  0.000e+00
      53915   2246.417     74.730     75.249    22.4421    22.4502   5.215942   5.216943     2.7338     2.3309      74.48   28.85958  -85.92480    0.00017   -0.00031          7  0.000e+00
      53916   2246.458     74.670     75.188    22.4421    22.4503   5.215897   5.217066     2.7338     2.3309      74.48   28.85958  -85.92480    0.00019   -0.00031          7  0.000e+00
      53917   2246.500     74.730     75.249    22.4416    22.4516   5.215837   5.217134     2.7338     2.3321      74.48   28.85958  -85.92480    0.00019   -0.00029          7  0.000e+00
      53918   2246.542     74.670     75.188    22.4415    22.4527   5.215844   5.217226     2.7338     2.3321      86.86   28.85958  -85.92480    0.00019   -0.00027          7  0.000e+00
      53919   2246.583     74.670     75.188    22.4418    22.4536   5.215829   5.217333     2.7338     2.3309      98.75   28.85958  -85.92480    0.00021   -0.00027          7  0.000e+00
      53920   2246.625     74.670     75.188    22.4418    22.4548   5.215927   5.217364     2.7338     2.3321     100.00   28.85958  -85.92480    0.00023   -0.00025          7  0.000e+00
      53921   2246.667     74.677     75.196    22.4423    22.4553   5.215972   5.217379     2.7338     2.3321     100.00   28.85958  -85.92480    0.00025   -0.00024          7  0.000e+00
      53922   2246.708     74.730     75.249    22.4436    22.4560   5.216063   5.217341     2.7338     2.3309     100.00   28.85958  -85.92480    0.00026   -0.00024          7  0.000e+00
      53923   2246.750     74.617     75.135    22.4467    22.4559   5.216387   5.217387     2.7338     2.3309      99.98   28.85958  -85.92480    0.00026   -0.00022          7  0.000e+00
      53924   2246.792     74.670     75.188    22.4496    22.4561   5.216689   5.217387     2.7338     2.3321     100.00   28.85958  -85.92480    0.00028   -0.00019          7  0.000e+00
      53925   2246.833     74.730     75.249    22.4508    22.4560   5.216780   5.217341     2.7338     2.3321     100.00   28.85958  -85.92480    0.00028   -0.00015          7  0.000e+00
      53926   2246.875     74.617     75.135    22.4521    22.4557   5.216923   5.217325     2.7338     2.3321     100.00   28.85958  -85.92480    0.00029   -0.00012          7  0.000e+00
      53927   2246.917     74.670     75.188    22.4524    22.4551   5.216945   5.217333     2.7338     2.3321     100.00   28.85958  -85.92480    0.00029   -0.00008          7  0.000e+00
      53928   2246.958     74.670     75.188    22.4519    22.4551   5.216961   5.217325     2.7338     2.3309     100.00   28.85958  -85.92480    0.00028   -0.00006          7  0.000e+00
      53929   2247.000     74.670     75.188    22.4524    22.4555   5.216968   5.217348     2.7338     2.3309     100.00   28.85958  -85.92480    0.00028   -0.00005          7  0.000e+00
      53930   2247.042     74.617     75.135    22.4535    22.4553   5.217104   5.217310     2.7338     2.3309     100.00   28.85958  -85.92480    0.00029   -0.00003          7  0.000e+00
      53931   2247.083     74.670     75.188    22.4538    22.4555   5.217111   5.217249     2.7338     2.3309     100.00   28.85958  -85.92480    0.00029   -0.00001          7  0.000e+00
      53932   2247.125     74.670     75.188    22.4537    22.4559   5.217096   5.217203     2.7338     2.3309     100.00   28.85958  -85.92480    0.00027    0.00001          7  0.000e+00
      53933   2247.167     74.624     75.143    22.4526    22.4557   5.216938   5.217203     2.7338     2.3309     100.00   28.85958  -85.92480    0.00026    0.00003          7  0.000e+00
      53934   2247.208     74.670     75.188    22.4517    22.4551   5.216810   5.217195     2.7338     2.3309     100.00   28.85958  -85.92480    0.00025    0.00005          7  0.000e+00
      53935   2247.250     74.617     75.135    22.4503    22.4536   5.216651   5.217157     2.7338     2.3309     100.00   28.85958  -85.92480    0.00023    0.00005          7  0.000e+00
      53936   2247.292     74.670     75.188    22.4496    22.4528   5.216591   5.217211     2.7338     2.3309     100.00   28.85958  -85.92480    0.00021    0.00005          7  0.000e+00
      53937   2247.333     74.617     75.135    22.4495    22.4525   5.216674   5.217150     2.7338     2.3297     100.00   28.85958  -85.92480    0.00020    0.00004          7  0.000e+00
      53938   2247.375     74.670     75.188    22.4492    22.4523   5.216636   5.217142     2.7338     2.3309     100.00   28.85958  -85.92480    0.00016    0.00004          7  0.000e+00
      53939   2247.417     74.617     75.135    22.4496    22.4530   5.216629   5.217111     2.7338     2.3297     100.00   28.85958  -85.92480    0.00015    0.00002          7  0.000e+00
      53940   2247.458     74.617     75.135    22.4496    22.4536   5.216614   5.217020     2.7338     2.3297     100.00   28.85958  -85.92480    0.00013    0.00001          7  0.000e+00
      53941   2247.500     74.670     75.189    22.4498    22.4516   5.216644   5.217012     2.7338     2.3309     100.00   28.85958  -85.92480    0.00011    0.00001          7  0.000e+00
      53942   2247.542     74.557     75.074    22.4494    22.4498   5.216704   5.216882     2.7338     2.3297     100.00   28.85958  -85.92480    0.00009   -0.00000          7  0.000e+00
      53943   2247.583     74.670     75.189    22.4504    22.4486   5.216764   5.216859     2.7338     2.3309     100.00   28.85958  -85.92480    0.00008    0.00000          7  0.000e+00
      53944   2247.625     74.617     75.135    22.4514    22.4484   5.216855   5.216844     2.7338     2.3297     100.00   28.85958  -85.92480    0.00006   -0.00001          7  0.000e+00
      53945   2247.667     74.625     75.143    22.4528    22.4496   5.216983   5.216844     2.7338     2.3297     100.00   28.85958  -85.92480    0.00004   -0.00003          7  0.000e+00
      53946   2247.708     74.617     75.135    22.4533    22.4512   5.217043   5.216890     2.7338     2.3297     100.00   28.85958  -85.92480    0.00004   -0.00004          7  0.000e+00
      53947   2247.750     74.617     75.135    22.4538    22.4516   5.217119   5.216859     2.7338     2.3297     100.00   28.85958  -85.92480    0.00003   -0.00005          7  0.000e+00
      53948   2247.792     74.617     75.135    22.4544    22.4516   5.217179   5.216874     2.7326     2.3297     100.00   28.85958  -85.92480   -0.00000   -0.00006          7  0.000e+00
      53949   2247.833     74.617     75.135    22.4542    22.4516   5.217179   5.216867     2.7338     2.3297     100.00   28.85958  -85.92480   -0.00002   -0.00008          7  0.000e+00
      53950   2247.875     74.617     75.135    22.4545    22.4507   5.217277   5.216844     2.7338     2.3297     100.00   28.85958  -85.92480   -0.00002   -0.00009          7  0.000e+00
      53951   2247.917     74.670     75.189    22.4565    22.4484   5.217451   5.216844     2.7338     2.3284     100.00   28.85958  -85.92480   -0.00003   -0.00012          7  0.000e+00
      53952   2247.958     74.617     75.135    22.4579    22.4468   5.217549   5.216775     2.7338     2.3284     100.00   28.85958  -85.92480   -0.00003   -0.00015          7  0.000e+00
      53953   2248.000     74.617     75.135    22.4588    22.4462   5.217571   5.216767     2.7326     2.3284     100.00   28.85958  -85.92480   -0.00007   -0.00017          7  0.000e+00
      53954   2248.042     74.557     75.074    22.4586    22.4462   5.217413   5.216729     2.7338     2.3284     100.00   28.85958  -85.92480   -0.00009   -0.00020          7  0.000e+00
      53955   2248.083     74.670     75.189    22.4568    22.4461   5.217224   5.216714     2.7338     2.3284     100.00   28.85958  -85.92480   -0.00009   -0.00023          7  0.000e+00
      53956   2248.125     74.617     75.135    22.4553    22.4454   5.217081   5.216660     2.7338     2.3284     100.00   28.85958  -85.92480   -0.00009   -0.00025          7  0.000e+00
      53957   2248.167     74.572     75.090    22.4531    22.4451   5.216893   5.216660     2.7338     2.3284     100.00   28.85958  -85.92480   -0.00009   -0.00028          7  0.000e+00
      53958   2248.208     74.617     75.135    22.4514    22.4457   5.216772   5.216637     2.7338     2.3284     100.00   28.85958  -85.92480   -0.00010   -0.00030          7  0.000e+00
      53959   2248.250     74.670     75.189    22.4512    22.4450   5.216772   5.216676     2.7338     2.3284     100.00   28.85958  -85.92480   -0.00010   -0.00032          7  0.000e+00
      53960   2248.292     74.557     75.075    22.4521    22.4446   5.216930   5.216668     2.7338     2.3284     100.00   28.85958  -85.92480   -0.00010   -0.00035          7  0.000e+00
      53961   2248.333     74.670     75.189    22.4535    22.4446   5.217096   5.216668     2.7338     2.3297     100.00   28.85958  -85.92480   -0.00010   -0.00035          7  0.000e+00
      53962   2248.375     74.557     75.075    22.4552    22.4457   5.217202   5.216744     2.7338     2.3284     100.00   28.85958  -85.92480   -0.00011   -0.00037          7  0.000e+00
