GOMECC/GOMECC-4/1db/rb2103_1231.cnv
* Sea-Bird SBE 9 Data File:
* FileName = C:\Users\scs.user.rb\CTD\GOMECC4\data\rb2103_1231.hex
* Software Version Seasave V 7.26.7.107
* Temperature SN = 4799
* Conductivity SN = 3860
* Number of Bytes Per Scan = 41
* Number of Voltage Words = 4
* Number of Scans Averaged by the Deck Unit = 1
* NMEA Latitude = 24 44.12 N
* NMEA Longitude = 080 37.33 W
* NMEA UTC (Time) = Oct 17 2021  22:52:18
* NMEA baud rate = 4800
# nquan = 28
# nvalues = 193                         
# units = specified
# name 0 = scan: Scan Count
# name 1 = timeS: Time, Elapsed [seconds]
# name 2 = depSM: Depth [salt water, m]
# name 3 = prDM: Pressure, Digiquartz [db]
# name 4 = t090C: Temperature [ITS-90, deg C]
# name 5 = t190C: Temperature, 2 [ITS-90, deg C]
# name 6 = c0S/m: Conductivity [S/m]
# name 7 = c1S/m: Conductivity, 2 [S/m]
# name 8 = sbeox0V: Oxygen raw, SBE 43 [V]
# name 9 = sbeox1V: Oxygen raw, SBE 43, 2 [V]
# name 10 = altM: Altimeter [m]
# name 11 = latitude: Latitude [deg]
# name 12 = longitude: Longitude [deg]
# name 13 = sbox0dV/dT: Oxygen, SBE 43 [dov/dt]
# name 14 = sbox1dV/dT: Oxygen, SBE 43, 2 [dov/dt]
# name 15 = sbeox0ML/L: Oxygen, SBE 43 [ml/l], WS = 5
# name 16 = sbeox1ML/L: Oxygen, SBE 43, 2 [ml/l], WS = 5
# name 17 = potemp090C: Potential Temperature [ITS-90, deg C]
# name 18 = potemp190C: Potential Temperature, 2 [ITS-90, deg C]
# name 19 = sal00: Salinity, Practical [PSU]
# name 20 = sal11: Salinity, Practical, 2 [PSU]
# name 21 = sigma-é00: Density [sigma-theta, kg/m^3]
# name 22 = sigma-é11: Density, 2 [sigma-theta, kg/m^3]
# name 23 = avgsvCM: Average Sound Velocity [Chen-Millero, m/s], minP = 20, minS = 20
# name 24 = sbox0Mm/Kg: Oxygen, SBE 43 [umol/kg], WS = 5
# name 25 = sbox1Mm/Kg: Oxygen, SBE 43, 2 [umol/kg], WS = 5
# name 26 = nbin: number of scans per bin
# name 27 = flag: flag
# span 0 =      15623,      54854       
# span 1 =    650.910,   2285.539       
# span 2 =      0.994,    133.098       
# span 3 =      1.000,    134.000       
# span 4 =    10.4517,    29.7611       
# span 5 =    10.4514,    29.7639       
# span 6 =   3.884116,   5.899392       
# span 7 =   3.884454,   5.900019       
# span 8 =     1.7105,     3.1806       
# span 9 =     1.4016,     2.6877       
# span 10 =      12.33,     100.05      
# span 11 =   24.56959,   24.75510      
# span 12 =  -80.68707,  -80.08262      
# span 13 =   -0.05955,    0.02185      
# span 14 =   -0.05401,    0.02151      
# span 15 =     2.6331,     4.3953      
# span 16 =     2.6444,     4.3644      
# span 17 =    10.4360,    29.7606      
# span 18 =    10.4356,    29.7635      
# span 19 =    35.2601,    36.4176      
# span 20 =    35.2661,    36.4235      
# span 21 =    22.2609,    27.0935      
# span 22 =    22.2611,    27.0939      
# span 23 =       0.00,    1545.01      
# span 24 =    114.506,    191.961      
# span 25 =    114.996,    190.608      
# span 26 =         31,         82      
# span 27 = 0.0000e+00, 0.0000e+00      
# interval = decibars: 1                
# start_time = Oct 17 2021 22:52:18 [NMEA time, header]
# bad_flag = -9.990e-29
*END*
[from data line 156]
      26654   1110.546    104.300    105.000    12.3173    12.1474   4.088610   4.074605     1.7780     1.4527      40.90   24.73556  -80.62332   -0.00264   -0.00227     2.6908     2.6916    12.3182    12.1335    35.5230    35.5424    26.9334    26.9845    1527.63    117.017    117.048         45 0.0000e+00
      28917   1204.824     98.342     99.000    15.5460    15.6017   4.451683   4.458987     1.9968     1.6604      47.10   24.75510  -80.68707    0.00173    0.00230     3.0131     3.0273    15.5300    15.5863    35.9257    35.9418    26.5692    26.5691    1528.84    131.087    131.702         56 0.0000e+00
      28974   1207.206     97.348     98.000    15.6904    15.7430   4.463400   4.471286     2.0052     1.6734      47.96   24.73555  -80.62332    0.00265    0.00415     3.0237     3.0506    15.6750    15.7276    35.8927    35.9159    26.5090    26.5149    1527.63    131.550    132.722         74 0.0000e+00
      29050   1210.356     96.355     97.000    15.5706    15.7661   4.454829   4.473714     2.0091     1.6835      48.91   24.73555  -80.62332    0.00202    0.00368     3.0384     3.0770    15.5706    15.7508    35.9111    35.9171    26.5469    26.5105    1527.63    132.187    133.867         72 0.0000e+00
      29122   1213.382     95.362     96.000    15.6499    15.9694   4.462200   4.495105     2.0097     1.6918      49.86   24.73554  -80.62330   -0.00030    0.00217     3.0356     3.0836    15.6346    15.9542    35.9198    35.9254    26.5391    26.4703    1527.63    132.064    134.163         71 0.0000e+00
      29196   1216.441     94.369     95.000    15.7427    16.1685   4.472279   4.515777     2.0176     1.7060      50.90   24.73555  -80.62331    0.00225    0.00453     3.0478     3.1068    15.7278    16.1533    35.9268    35.9314    26.5233    26.4289    1527.63    132.599    135.179         75 0.0000e+00
      29270   1219.553     93.376     94.000    16.0546    16.3435   4.501890   4.537137     2.0333     1.7224      51.82   24.73554  -80.62330    0.00452    0.00531     3.0623     3.1353    16.0239    16.3283    35.9233    35.9621    26.4526    26.4118    1527.63    133.239    136.418         69 0.0000e+00
      29332   1222.110     92.383     93.000    16.5994    16.7520   4.564695   4.581759     2.0652     1.7416      52.76   24.73554  -80.62330    0.01013    0.00635     3.1058     3.1628    16.5985    16.7367    35.9712    35.9895    26.3554    26.3368    1527.63    135.144    137.627         58 0.0000e+00
      29389   1224.509     91.390     92.000    16.7751    16.8871   4.584685   4.597134     2.0979     1.7629      53.78   24.73554  -80.62330    0.01413    0.00903     3.1636     3.2023    16.7600    16.8719    35.9949    36.0038    26.3354    26.3156    1527.63    137.662    139.350         58 0.0000e+00
      29449   1226.990     90.396     91.000    16.8456    17.0059   4.593452   4.610162     2.1149     1.7780      54.77   24.73555  -80.62332    0.00914    0.00718     3.1971     3.2315    16.8306    16.9908    36.0091    36.0121    26.3296    26.2936    1527.63    139.119    140.622         60 0.0000e+00
      29507   1229.430     89.403     90.000    17.0554    17.1481   4.615749   4.624834     2.1272     1.7862      55.71   24.73555  -80.62332    0.00496    0.00391     3.2122     3.2429    17.0413    17.1332    36.0163    36.0153    26.2847    26.2618    1527.63    139.782    141.122         58 0.0000e+00
      29565   1231.846     88.410     89.000    17.2034    17.3127   4.632092   4.643412     2.1442     1.7970      56.72   24.73555  -80.62332    0.00674    0.00404     3.2388     3.2580    17.1885    17.2977    36.0280    36.0292    26.2583    26.2328    1527.63    140.943    141.782         58 0.0000e+00
      29624   1234.307     87.417     88.000    17.3276    17.5153   4.645241   4.665431     2.1545     1.8084      57.71   24.73555  -80.62332    0.00506    0.00451     3.2537     3.2729    17.3136    17.5004    36.0315    36.0441    26.2307    26.1950    1527.63    141.598    142.438         60 0.0000e+00
      29686   1236.861     86.424     87.000    17.5728    17.7167   4.670562   4.687992     2.1670     1.8238      58.73   24.73556  -80.62332    0.00440    0.00563     3.2634     3.2976    17.5451    17.7019    36.0422    36.0581    26.1826    26.1566    1527.63    142.026    143.516         60 0.0000e+00
      29747   1239.423     85.431     86.000    17.9560    18.0449   4.713418   4.722733     2.1938     1.8434      59.77   24.73556  -80.62332    0.00879    0.00708     3.2980     3.3235    17.9409    18.0301    36.0646    36.0658    26.1023    26.0811    1527.63    143.540    144.654         66 0.0000e+00
      29817   1242.329     84.438     85.000    18.0853    18.4542   4.728652   4.770774     2.2108     1.8699      60.74   24.73555  -80.62332    0.00708    0.00886     3.3264     3.3609    18.0706    18.4393    36.0812    36.1157    26.0828    26.0169    1527.63    144.781    146.291         71 0.0000e+00
      29889   1245.316     83.444     84.000    18.4847    18.8702   4.772961   4.816965     2.2377     1.8985      61.71   24.73555  -80.62332    0.00818    0.00968     3.3580     3.4017    18.4700    18.8552    36.1078    36.1424    26.0032    25.9318    1527.63    146.166    148.081         72 0.0000e+00
      29968   1248.612     82.451     83.000    18.7965    19.2292   4.806844   4.854176     2.2615     1.9212      62.76   24.73556  -80.62332    0.00745    0.00784     3.3886     3.4355    18.7817    19.2142    36.1218    36.1421    25.9347    25.8390    1527.63    147.508    149.563         58 0.0000e+00
      30054   1252.216     81.458     82.000    19.1387    19.5690   4.841247   4.890427     2.2899     1.9509      63.76   24.73555  -80.62332    0.00804    0.00787     3.4270     3.4809    19.1239    19.5540    36.1131    36.1499    25.8403    25.7567    1527.63    149.194    151.553         67 0.0000e+00
      30144   1255.953     80.465     81.000    19.4243    19.8859   4.874292   4.925243     2.3134     1.9698      64.76   24.73554  -80.62332    0.00630    0.00565     3.4574     3.5058    19.4095    19.8709    36.1414    36.1622    25.7878    25.6826    1527.63    150.526    152.646         56 0.0000e+00
      33948   1414.473     77.485     78.000    21.3573    21.1570   5.083752   5.057244     2.4793     2.0823      67.80   24.73541  -80.62297    0.00570    0.00369     3.6726     3.6803    21.3421    21.1419    36.1940    36.1752    25.3090    25.3499    1527.62    159.970    160.296         42 0.0000e+00
      34038   1418.214     76.492     77.000    21.7696    21.5798   5.126449   5.101968     2.5088     2.0919      68.73   24.73552  -80.62334    0.00770    0.00224     3.7044     3.6745    21.7544    21.5647    36.1929    36.1583    25.1935    25.2199    1527.63    161.374    160.065         66 0.0000e+00
      34116   1421.475     75.499     76.000    22.5325    22.1649   5.203281   5.166003     2.5495     2.1351      69.68   24.73552  -80.62334    0.01119    0.01387     3.7403     3.7333    22.5172    22.1498    36.1732    36.1755    24.9621    25.0689    1527.63    162.973    162.650         77 0.0000e+00
      34194   1424.696     74.506     75.000    23.2873    22.7975   5.291704   5.237578     2.6204     2.1785      70.66   24.73552  -80.62334    0.02185    0.01283     3.8224     3.7857    23.2718    22.7824    36.2261    36.2185    24.7845    24.9235    1527.63    166.579    164.961         74 0.0000e+00
      34269   1427.849     73.512     74.000    23.9215    23.6619   5.370983   5.341389     2.6896     2.2431      71.61   24.73552  -80.62334    0.02166    0.01912     3.9125     3.8702    23.9059    23.6464    36.3143    36.3004    24.6645    24.7308    1527.63    170.528    168.670         74 0.0000e+00
      34343   1430.909     72.519     73.000    24.3929    24.2139   5.424411   5.403749     2.7459     2.3039      72.59   24.73552  -80.62334    0.01943    0.02151     3.9884     3.9648    24.3773    24.1983    36.3358    36.3252    24.5400    24.5856    1527.63    173.855    172.817         72 0.0000e+00
      34415   1433.932     71.526     72.000    25.0171    24.7522   5.492831   5.462194     2.8087     2.3468      73.57   24.73552  -80.62334    0.01966    0.01357     4.0648     4.0200    25.0016    24.7367    36.3458    36.3314    24.3582    24.4278    1527.63    177.219    175.255         71 0.0000e+00
      34486   1436.869     70.533     71.000    25.2114    25.2041   5.519438   5.519956     2.8486     2.4001      74.53   24.73552  -80.62334    0.01622    0.01867     4.1255     4.1020    25.1882    25.1885    36.3931    36.3916    24.3368    24.3355    1527.63    179.870    178.841         72 0.0000e+00
      34559   1439.925     69.539     70.000    25.5459    25.5391   5.556551   5.556106     2.8864     2.4405      75.49   24.73552  -80.62334    0.01222    0.01389     4.1716     4.1636    25.5304    25.5236    36.3899    36.3964    24.2287    24.2358    1527.63    181.897    181.548         73 0.0000e+00
      34632   1442.972     68.546     69.000    25.8176    25.8397   5.573938   5.587287     2.9094     2.4640      76.49   24.73552  -80.62333    0.00869    0.00811     4.1987     4.1920    25.8022    25.8243    36.3100    36.3864    24.0839    24.1346    1527.63    183.104    182.802         73 0.0000e+00
      34705   1445.997     67.553     68.000    26.1998    26.2860   5.616235   5.628522     2.9354     2.4925      77.44   24.73552  -80.62333    0.00748    0.00949     4.2203     4.2217    26.1971    26.2706    36.3027    36.3341    23.9544    23.9551    1527.63    184.069    184.132         72 0.0000e+00
      34776   1448.968     66.560     67.000    26.5893    26.6339   5.655724   5.657593     2.9589     2.5043      78.45   24.73552  -80.62332    0.00934    0.00569     4.2332     4.2219    26.5740    26.6186    36.2928    36.2686    23.8279    23.7955    1527.63    184.656    184.167         70 0.0000e+00
      34850   1452.028     65.566     66.000    26.9400    26.9924   5.686106   5.686599     2.9589     2.4951      79.41   24.73552  -80.62332    0.00094   -0.00243     4.2074     4.1789    26.9248    26.9772    36.2374    36.2001    23.6742    23.6293    1527.63    183.556    182.321         68 0.0000e+00
      37412   1558.794     56.627     57.000    28.4776    28.4517   5.828834   5.826102     2.9656     2.4993      88.18   24.72955  -80.60390   -0.00239   -0.00327     4.1057     4.0855    28.4643    28.4381    36.0630    36.0635    23.0402    23.0491    1527.26    179.232    178.348         37 0.0000e+00
      44929   1872.012     26.825     27.000    28.9120    28.9924   5.807028   5.806475     3.1247     2.6369      99.33   24.56959  -80.08262   -0.00068   -0.00094     4.3499     4.3182    28.9055    28.9858    35.4809    35.5949    22.4200    22.4957    1517.39    189.978    188.593         33 0.0000e+00
      54812   2283.812      1.987      2.000    29.7611    29.7639   5.899392   5.900019     3.1806     2.6877      79.40   24.74838  -80.66533    0.00032    0.00019     4.3817     4.3559    29.7606    29.7635    35.6165    35.6176    22.2731    22.2730    1528.43    191.424    190.297         71 0.0000e+00
      54854   2285.539      0.994      1.000    29.7465    29.7487   5.896418   5.896916     3.1794     2.6845      78.05   24.73547  -80.62328   -0.00029   -0.00014     4.3800     4.3495    29.7462    29.7484    35.5977    35.5989    22.2609    22.2611    1527.63    191.352    190.018         56 0.0000e+00
