GOMECC/GOMECC-4/1db/rb2103_0871.ros
* Sea-Bird SBE 9 Data File:
* FileName = C:\Users\scs.user.rb\CTD\GOMECC4\data\rb2103_0871.hex
* Software Version Seasave V 7.26.7.107
* Temperature SN = 4799
* Conductivity SN = 3860
* Number of Bytes Per Scan = 41
* Number of Voltage Words = 4
* Number of Scans Averaged by the Deck Unit = 1
* NMEA Latitude = 19 36.52 N
* NMEA Longitude = 093 30.02 W
* NMEA UTC (Time) = Oct 08 2021  13:21:27
* NMEA baud rate = 4800
# nquan = 17
# nvalues = 2527                                  
# units = specified
# name 0 = scan: Scan Count
# name 1 = timeS: Time, Elapsed [seconds]
# name 2 = depSM: Depth [salt water, m]
# name 3 = prDM: Pressure, Digiquartz [db]
# name 4 = t090C: Temperature [ITS-90, deg C]
# name 5 = t190C: Temperature, 2 [ITS-90, deg C]
# name 6 = c0S/m: Conductivity [S/m]
# name 7 = c1S/m: Conductivity, 2 [S/m]
# name 8 = sbeox0V: Oxygen raw, SBE 43 [V]
# name 9 = sbeox1V: Oxygen raw, SBE 43, 2 [V]
# name 10 = altM: Altimeter [m]
# name 11 = latitude: Latitude [deg]
# name 12 = longitude: Longitude [deg]
# name 13 = sbox0dV/dT: Oxygen, SBE 43 [dov/dt]
# name 14 = sbox1dV/dT: Oxygen, SBE 43, 2 [dov/dt]
# name 15 = nbf: Bottles Fired
# name 16 = flag:  0.000e+00
# interval = seconds: 0.0416667
# start_time = Oct 08 2021 13:21:27 [NMEA time, header]
# bad_flag = -9.990e-29
*END*
[from data line 2469]
     103487   4311.917      3.193      3.213    29.2748    29.2644   5.704501   5.700587     3.1123     2.6337      31.50   19.60876  -93.50036    0.00099   -0.00035         19  0.000e+00
     103488   4311.958      3.193      3.213    29.2730    29.2644   5.703725   5.700500     3.1123     2.6337      31.50   19.60876  -93.50036    0.00099   -0.00024         19  0.000e+00
     103489   4312.000      3.194      3.213    29.2717    29.2636   5.703263   5.700444     3.1111     2.6337      31.50   19.60876  -93.50036    0.00098   -0.00011         19  0.000e+00
     103490   4312.042      3.234      3.254    29.2715    29.2649   5.702941   5.700754     3.1123     2.6337      31.50   19.60876  -93.50036    0.00100    0.00001         19  0.000e+00
     103491   4312.083      3.241      3.261    29.2711    29.2660   5.702785   5.701492     3.1123     2.6337      31.50   19.60876  -93.50036    0.00100    0.00012         19  0.000e+00
     103492   4312.125      3.241      3.261    29.2715    29.2677   5.702981   5.702120     3.1123     2.6337      31.50   19.60876  -93.50036    0.00101    0.00023         19  0.000e+00
     103493   4312.167      3.288      3.309    29.2720    29.2688   5.703506   5.702334     3.1123     2.6337      31.50   19.60876  -93.50036    0.00101    0.00034         19  0.000e+00
     103494   4312.208      3.289      3.309    29.2766    29.2696   5.704681   5.702358     3.1123     2.6337      31.50   19.60876  -93.50036    0.00101    0.00046         19  0.000e+00
     103495   4312.250      3.282      3.302    29.2786    29.2705   5.705551   5.702540     3.1123     2.6337      31.50   19.60876  -93.50036    0.00100    0.00057         19  0.000e+00
     103496   4312.292      3.343      3.363    29.2799    29.2705   5.706076   5.702310     3.1123     2.6337      31.50   19.60876  -93.50036    0.00098    0.00069         19  0.000e+00
     103497   4312.333      3.343      3.363    29.2829    29.2690   5.706828   5.701826     3.1123     2.6337      31.50   19.60876  -93.50036    0.00097    0.00080         19  0.000e+00
     103498   4312.375      3.343      3.363    29.2834    29.2685   5.707251   5.701667     3.1123     2.6325      31.50   19.60876  -93.50036    0.00095    0.00090         19  0.000e+00
     103499   4312.417      3.343      3.363    29.2827    29.2686   5.707251   5.701611     3.1123     2.6337      31.50   19.60876  -93.50036    0.00093    0.00101         19  0.000e+00
     103500   4312.458      3.384      3.404    29.2822    29.2682   5.707157   5.701326     3.1123     2.6337      31.50   19.60876  -93.50036    0.00091    0.00113         19  0.000e+00
     103501   4312.500      3.390      3.411    29.2820    29.2682   5.706812   5.701095     3.1123     2.6325      31.50   19.60876  -93.50036    0.00089    0.00121         19  0.000e+00
     103502   4312.542      3.438      3.459    29.2805    29.2676   5.706177   5.700905     3.1123     2.6325      31.50   19.60876  -93.50036    0.00085    0.00129         19  0.000e+00
     103503   4312.583      3.390      3.411    29.2788    29.2672   5.705511   5.700754     3.1123     2.6337      54.99   19.60876  -93.50036    0.00081    0.00139         19  0.000e+00
     103504   4312.625      3.438      3.459    29.2781    29.2670   5.704924   5.700754     3.1123     2.6337      92.82   19.60876  -93.50036    0.00077    0.00149         19  0.000e+00
     103505   4312.667      3.431      3.452    29.2746    29.2672   5.704148   5.699603     3.1123     2.6337     100.00   19.60876  -93.50036    0.00073    0.00159         19  0.000e+00
     103506   4312.708      3.438      3.459    29.2722    29.2675   5.703310   5.699714     3.1123     2.6325     100.00   19.60876  -93.50036    0.00067    0.00167         19  0.000e+00
     103507   4312.750      3.438      3.459    29.2718    29.2679   5.702949   5.700865     3.1123     2.6325     100.00   19.60876  -93.50036    0.00063    0.00173         19  0.000e+00
     103508   4312.792      3.492      3.514    29.2728    29.2677   5.703192   5.701151     3.1123     2.6337     100.00   19.60876  -93.50036    0.00058    0.00182         19  0.000e+00
     103509   4312.833      3.438      3.459    29.2742    29.2672   5.703984   5.701072     3.1123     2.6325      99.98   19.60876  -93.50036    0.00054    0.00186         19  0.000e+00
     103510   4312.875      3.479      3.500    29.2789    29.2670   5.705496   5.701087     3.1123     2.6337     100.00   19.60876  -93.50036    0.00049    0.00193         19  0.000e+00
     103511   4312.917      3.492      3.514    29.2818    29.2670   5.706546   5.701024     3.1123     2.6337     100.00   19.60876  -93.50036    0.00044    0.00197         19  0.000e+00
     103512   4312.958      3.492      3.514    29.2827    29.2668   5.707071   5.701000     3.1123     2.6337     100.00   19.60876  -93.50036    0.00039    0.00201         19  0.000e+00
     103513   4313.000      3.492      3.514    29.2836    29.2664   5.707000   5.700889     3.1123     2.6337     100.00   19.60876  -93.50036    0.00034    0.00206         19  0.000e+00
     103514   4313.042      3.492      3.514    29.2816    29.2666   5.706554   5.700968     3.1123     2.6337     100.00   19.60876  -93.50036    0.00029    0.00208         19  0.000e+00
     103515   4313.083      3.479      3.500    29.2805    29.2664   5.706287   5.701032     3.1111     2.6337     100.00   19.60876  -93.50036    0.00022    0.00210         19  0.000e+00
     103516   4313.125      3.492      3.514    29.2825    29.2668   5.706342   5.701048     3.1123     2.6337     100.00   19.60876  -93.50036    0.00019    0.00212         19  0.000e+00
     103517   4313.167      3.540      3.562    29.2829    29.2670   5.706554   5.701087     3.1123     2.6337     100.00   19.60876  -93.50036    0.00015    0.00213         19  0.000e+00
     103518   4313.208      3.493      3.514    29.2827    29.2677   5.706507   5.701167     3.1111     2.6337     100.00   19.60876  -93.50036    0.00010    0.00213         19  0.000e+00
     103519   4313.250      3.540      3.562    29.2808    29.2681   5.706154   5.701262     3.1111     2.6337     100.00   19.60876  -93.50036    0.00004    0.00213         19  0.000e+00
     103520   4313.292      3.384      3.405    29.2796    29.2682   5.705417   5.701381     3.1111     2.6337     100.00   19.60876  -93.50036   -0.00001    0.00210         19  0.000e+00
     103521   4313.333      3.587      3.609    29.2787    29.2681   5.704219   5.701564     3.1111     2.6337     100.00   19.60876  -93.50036   -0.00007    0.00208         19  0.000e+00
     103522   4313.375      3.540      3.562    29.2764    29.2679   5.702542   5.701746     3.1111     2.6337     100.00   19.60876  -93.50036   -0.00010    0.00206         19  0.000e+00
     103523   4313.417      3.439      3.460    29.2711    29.2681   5.701304   5.701834     3.1123     2.6337     100.00   19.60876  -93.50036   -0.00014    0.00203         19  0.000e+00
     103524   4313.458      3.493      3.514    29.2665    29.2685   5.700388   5.701913     3.1111     2.6325     100.00   19.60876  -93.50036   -0.00018    0.00198         19  0.000e+00
     103525   4313.500      3.493      3.514    29.2649    29.2686   5.700435   5.702048     3.1111     2.6337     100.00   19.60876  -93.50036   -0.00024    0.00195         19  0.000e+00
     103526   4313.542      3.533      3.555    29.2690    29.2692   5.701829   5.702120     3.1111     2.6337     100.00   19.60876  -93.50036   -0.00029    0.00192         19  0.000e+00
     103527   4313.583      3.439      3.460    29.2730    29.2694   5.703090   5.702191     3.1111     2.6337     100.00   19.60876  -93.50036   -0.00033    0.00188         19  0.000e+00
     103528   4313.625      3.493      3.514    29.2740    29.2697   5.703796   5.702255     3.1111     2.6337     100.00   19.60876  -93.50036   -0.00037    0.00184         19  0.000e+00
     103529   4313.667      3.439      3.460    29.2746    29.2701   5.704046   5.702294     3.1111     2.6337     100.00   19.60876  -93.50036   -0.00041    0.00182         19  0.000e+00
     103530   4313.708      3.493      3.514    29.2753    29.2701   5.704250   5.702278     3.1111     2.6337     100.00   19.60876  -93.50036   -0.00043    0.00180         19  0.000e+00
     103531   4313.750      3.432      3.453    29.2764    29.2697   5.704524   5.702223     3.1111     2.6337     100.00   19.60876  -93.50036   -0.00047    0.00177         19  0.000e+00
     103532   4313.792      3.439      3.460    29.2781    29.2694   5.705088   5.702286     3.1099     2.6337     100.00   19.60876  -93.50036   -0.00051    0.00175         19  0.000e+00
     103533   4313.833      3.439      3.460    29.2783    29.2694   5.705747   5.702342     3.1111     2.6337     100.00   19.60876  -93.50036   -0.00053    0.00172         19  0.000e+00
     103534   4313.875      3.392      3.412    29.2794    29.2692   5.706123   5.702429     3.1111     2.6337     100.00   19.60876  -93.50036   -0.00055    0.00169         19  0.000e+00
     103535   4313.917      3.439      3.460    29.2807    29.2694   5.706366   5.702413     3.1111     2.6337     100.00   19.60876  -93.50036   -0.00057    0.00167         19  0.000e+00
     103536   4313.958      3.385      3.406    29.2799    29.2694   5.706812   5.702548     3.1111     2.6337     100.00   19.60876  -93.50036   -0.00059    0.00165         19  0.000e+00
     103537   4314.000      3.392      3.413    29.2807    29.2694   5.707721   5.702667     3.1111     2.6337     100.00   19.60876  -93.50036   -0.00061    0.00164         19  0.000e+00
     103538   4314.042      3.392      3.413    29.2823    29.2697   5.708333   5.702787     3.1099     2.6337     100.00   19.60876  -93.50036   -0.00064    0.00164         19  0.000e+00
     103539   4314.083      3.392      3.413    29.2849    29.2714   5.708591   5.703041     3.1111     2.6337     100.00   19.60876  -93.50036   -0.00064    0.00162         19  0.000e+00
     103540   4314.125      3.344      3.365    29.2844    29.2727   5.708599   5.703215     3.1111     2.6337     100.00   19.60876  -93.50036   -0.00064    0.00159         19  0.000e+00
     103541   4314.167      3.385      3.406    29.2849    29.2725   5.708552   5.703184     3.1111     2.6349     100.00   19.60876  -93.50036   -0.00064    0.00161         19  0.000e+00
     103542   4314.208      3.345      3.365    29.2851    29.2716   5.708403   5.702906     3.1111     2.6349     100.00   19.60876  -93.50036   -0.00064    0.00162         19  0.000e+00
     103543   4314.250      3.290      3.311    29.2856    29.2705   5.708356   5.702620     3.1123     2.6349     100.00   19.60876  -93.50036   -0.00064    0.00161         19  0.000e+00
     103544   4314.292      3.392      3.413    29.2853    29.2699   5.708387   5.702469     3.1111     2.6349     100.00   19.60876  -93.50036   -0.00063    0.00160         19  0.000e+00
