GOMECC/GOMECC-4/1db/rb2103_0311.ros
* Sea-Bird SBE 9 Data File:
* FileName = C:\Users\scs.user.rb\CTD\GOMECC4\data\rb2103_0311.hex
* Software Version Seasave V 7.26.7.107
* Temperature SN = 4799
* Conductivity SN = 3860
* Number of Bytes Per Scan = 41
* Number of Voltage Words = 4
* Number of Scans Averaged by the Deck Unit = 1
* NMEA Latitude = 30 06.64 N
* NMEA Longitude = 086 47.99 W
* NMEA UTC (Time) = Sep 23 2021  16:01:34
* NMEA baud rate = 4800
# nquan = 17
# nvalues = 1463                                  
# units = specified
# name 0 = scan: Scan Count
# name 1 = timeS: Time, Elapsed [seconds]
# name 2 = depSM: Depth [salt water, m]
# name 3 = prDM: Pressure, Digiquartz [db]
# name 4 = t090C: Temperature [ITS-90, deg C]
# name 5 = t190C: Temperature, 2 [ITS-90, deg C]
# name 6 = c0S/m: Conductivity [S/m]
# name 7 = c1S/m: Conductivity, 2 [S/m]
# name 8 = sbeox0V: Oxygen raw, SBE 43 [V]
# name 9 = sbeox1V: Oxygen raw, SBE 43, 2 [V]
# name 10 = altM: Altimeter [m]
# name 11 = latitude: Latitude [deg]
# name 12 = longitude: Longitude [deg]
# name 13 = sbox0dV/dT: Oxygen, SBE 43 [dov/dt]
# name 14 = sbox1dV/dT: Oxygen, SBE 43, 2 [dov/dt]
# name 15 = nbf: Bottles Fired
# name 16 = flag:  0.000e+00
# interval = seconds: 0.0416667
# start_time = Sep 23 2021 16:01:34 [NMEA time, header]
# bad_flag = -9.990e-29
*END*
[from data line 256]
      22788    949.458     68.370     68.851    20.8370    20.8175   5.062020   5.059822     2.2637     1.9011      10.18   30.11114  -86.80102   -0.00097    0.00055          2  0.000e+00
      22789    949.500     68.423     68.904    20.8361    20.8145   5.062020   5.059890     2.2637     1.8999      10.18   30.11114  -86.80102   -0.00096    0.00050          2  0.000e+00
      22790    949.542     68.423     68.904    20.8360    20.8127   5.062072   5.059874     2.2625     1.9011      10.18   30.11114  -86.80102   -0.00096    0.00047          2  0.000e+00
      22791    949.583     68.370     68.851    20.8355    20.8134   5.062028   5.059890     2.2625     1.9011      10.18   30.11114  -86.80102   -0.00097    0.00044          2  0.000e+00
      22792    949.625     68.370     68.851    20.8356    20.8142   5.061849   5.059973     2.2625     1.8999      10.18   30.11114  -86.80102   -0.00099    0.00037          2  0.000e+00
      22793    949.667     68.423     68.904    20.8360    20.8166   5.061767   5.060056     2.2625     1.9011      10.18   30.11114  -86.80102   -0.00100    0.00034          2  0.000e+00
      22794    949.708     68.370     68.851    20.8355    20.8194   5.061759   5.060169     2.2637     1.8999      10.18   30.11114  -86.80102   -0.00099    0.00029          2  0.000e+00
      22795    949.750     68.430     68.911    20.8360    20.8210   5.061722   5.060229     2.2637     1.9011      10.18   30.11114  -86.80102   -0.00098    0.00025          2  0.000e+00
      22796    949.792     68.370     68.851    20.8354    20.8217   5.061678   5.060372     2.2625     1.8999      10.18   30.11114  -86.80102   -0.00098    0.00020          2  0.000e+00
      22797    949.833     68.370     68.851    20.8330    20.8213   5.061640   5.060418     2.2625     1.8999      10.21   30.11114  -86.80102   -0.00101    0.00015          2  0.000e+00
      23146    964.375     68.535     69.016    20.7905    20.7686   5.056629   5.054510     2.2613     1.8974      10.16   30.11114  -86.80102    0.00016   -0.00057          3  0.000e+00
      23147    964.417     68.588     69.070    20.7907    20.7684   5.056651   5.054525     2.2613     1.8974      10.18   30.11114  -86.80102    0.00015   -0.00053          3  0.000e+00
      23148    964.458     68.542     69.024    20.7899    20.7684   5.056636   5.054532     2.2613     1.8974      10.18   30.11114  -86.80102    0.00015   -0.00049          3  0.000e+00
      23149    964.500     68.482     68.963    20.7894    20.7688   5.056592   5.054562     2.2613     1.8974      10.18   30.11114  -86.80102    0.00015   -0.00045          3  0.000e+00
      23150    964.542     68.535     69.016    20.7887    20.7686   5.056584   5.054510     2.2613     1.8987      10.16   30.11114  -86.80102    0.00014   -0.00039          3  0.000e+00
      23151    964.583     68.482     68.963    20.7882    20.7686   5.056584   5.054555     2.2613     1.8974      10.18   30.11114  -86.80102    0.00016   -0.00035          3  0.000e+00
      23152    964.625     68.542     69.024    20.7884    20.7689   5.056584   5.054578     2.2601     1.8974      10.16   30.11114  -86.80102    0.00014   -0.00030          3  0.000e+00
      23153    964.667     68.421     68.902    20.7882    20.7689   5.056607   5.054577     2.2601     1.8987      10.18   30.11114  -86.80102    0.00012   -0.00024          3  0.000e+00
      23154    964.708     68.535     69.016    20.7875    20.7688   5.056622   5.054608     2.2601     1.8974      10.18   30.11114  -86.80102    0.00010   -0.00022          3  0.000e+00
      23155    964.750     68.482     68.963    20.7883    20.7689   5.056659   5.054623     2.2613     1.8974      10.18   30.11114  -86.80102    0.00009   -0.00017          3  0.000e+00
      23156    964.792     68.542     69.024    20.7896    20.7689   5.056636   5.054645     2.2613     1.8974      10.18   30.11114  -86.80102    0.00011   -0.00013          3  0.000e+00
      23157    964.833     68.482     68.963    20.7906    20.7691   5.056629   5.054691     2.2601     1.8974      10.16   30.11114  -86.80102    0.00009   -0.00010          3  0.000e+00
      23158    964.875     68.535     69.016    20.7905    20.7696   5.056659   5.054774     2.2601     1.8974      10.18   30.11114  -86.80102    0.00007   -0.00006          3  0.000e+00
      23159    964.917     68.421     68.902    20.7903    20.7700   5.056636   5.054917     2.2601     1.8974      10.16   30.11114  -86.80102    0.00005   -0.00003          3  0.000e+00
      23160    964.958     68.542     69.024    20.7901    20.7701   5.056651   5.055023     2.2601     1.8974      10.18   30.11114  -86.80102    0.00004    0.00000          3  0.000e+00
      23161    965.000     68.535     69.016    20.7919    20.7700   5.056726   5.055136     2.2613     1.8974      10.18   30.11114  -86.80102    0.00004    0.00003          3  0.000e+00
      23162    965.042     68.421     68.902    20.7931    20.7701   5.056815   5.055196     2.2601     1.8974      10.18   30.11114  -86.80102    0.00002    0.00006          3  0.000e+00
      23163    965.083     68.482     68.963    20.7919    20.7707   5.056904   5.055181     2.2601     1.8974      10.16   30.11114  -86.80102 5.2752e-07    0.00009          3  0.000e+00
      23164    965.125     68.535     69.016    20.7903    20.7707   5.056986   5.055106     2.2601     1.8974      10.18   30.11114  -86.80102   -0.00002    0.00012          3  0.000e+00
      23165    965.167     68.482     68.963    20.7901    20.7712   5.057165   5.055030     2.2601     1.8974      10.16   30.11114  -86.80102   -0.00003    0.00015          3  0.000e+00
      23166    965.208     68.482     68.963    20.7896    20.7714   5.057411   5.054970     2.2601     1.8962      10.18   30.11114  -86.80102   -0.00005    0.00017          3  0.000e+00
      23167    965.250     68.482     68.963    20.7906    20.7709   5.057567   5.055023     2.2589     1.8962      10.16   30.11114  -86.80102   -0.00008    0.00018          3  0.000e+00
      23168    965.292     68.482     68.963    20.7936    20.7709   5.057753   5.055068     2.2589     1.8962      10.16   30.11114  -86.80102   -0.00012    0.00019          3  0.000e+00
      23169    965.333     68.482     68.963    20.7969    20.7707   5.057880   5.055083     2.2601     1.8962      10.16   30.11114  -86.80102   -0.00013    0.00021          3  0.000e+00
      23170    965.375     68.482     68.963    20.7985    20.7696   5.057924   5.055083     2.2601     1.8962      10.16   30.11114  -86.80102   -0.00014    0.00023          3  0.000e+00
      23171    965.417     68.482     68.963    20.8001    20.7696   5.058066   5.055060     2.2601     1.8962      10.18   30.11114  -86.80102   -0.00016    0.00023          3  0.000e+00
      23172    965.458     68.482     68.963    20.8019    20.7691   5.058200   5.055075     2.2589     1.8962      10.16   30.11114  -86.80102   -0.00019    0.00023          3  0.000e+00
      23173    965.500     68.429     68.910    20.8024    20.7695   5.058304   5.055113     2.2589     1.8962      10.16   30.11114  -86.80102   -0.00022    0.00023          3  0.000e+00
      23174    965.542     68.482     68.963    20.8014    20.7701   5.058349   5.055128     2.2601     1.8962      10.16   30.11114  -86.80102   -0.00023    0.00023          3  0.000e+00
      23175    965.583     68.482     68.963    20.8001    20.7701   5.058364   5.055030     2.2601     1.8962      10.16   30.11114  -86.80102   -0.00024    0.00023          3  0.000e+00
      23176    965.625     68.482     68.963    20.8006    20.7695   5.058297   5.054932     2.2601     1.8950      10.16   30.11114  -86.80102   -0.00025    0.00021          3  0.000e+00
      23177    965.667     68.482     68.963    20.8019    20.7705   5.058148   5.054940     2.2589     1.8950      10.16   30.11114  -86.80102   -0.00028    0.00020          3  0.000e+00
      23178    965.708     68.421     68.902    20.8008    20.7700   5.058170   5.054864     2.2589     1.8950      10.18   30.11114  -86.80102   -0.00031    0.00018          3  0.000e+00
      23179    965.750     68.482     68.963    20.7999    20.7701   5.058193   5.054864     2.2601     1.8950      10.16   30.11114  -86.80102   -0.00032    0.00017          3  0.000e+00
      23180    965.792     68.482     68.963    20.7997    20.7705   5.058193   5.054842     2.2601     1.8950      10.16   30.11114  -86.80102   -0.00033    0.00015          3  0.000e+00
      23181    965.833     68.421     68.902    20.8015    20.7695   5.058259   5.054834     2.2601     1.8950      10.18   30.11114  -86.80102   -0.00034    0.00012          3  0.000e+00
      23182    965.875     68.429     68.910    20.8024    20.7684   5.058341   5.054834     2.2589     1.8950      10.21   30.11114  -86.80102   -0.00038    0.00009          3  0.000e+00
      23183    965.917     68.482     68.963    20.8024    20.7686   5.058394   5.054766     2.2601     1.8950      10.21   30.11114  -86.80102   -0.00041    0.00006          3  0.000e+00
      23184    965.958     68.421     68.902    20.8024    20.7677   5.058431   5.054751     2.2601     1.8950      10.21   30.11114  -86.80102   -0.00042    0.00003          3  0.000e+00
      23185    966.000     68.482     68.963    20.8026    20.7672   5.058416   5.054713     2.2601     1.8950      10.21   30.11114  -86.80102   -0.00043    0.00001          3  0.000e+00
      23186    966.042     68.482     68.963    20.8029    20.7666   5.058408   5.054706     2.2601     1.8950      10.21   30.11114  -86.80102   -0.00043   -0.00002          3  0.000e+00
      23187    966.083     68.421     68.902    20.8034    20.7666   5.058408   5.054668     2.2601     1.8950      10.21   30.11114  -86.80102   -0.00044   -0.00005          3  0.000e+00
      23188    966.125     68.482     68.963    20.8031    20.7665   5.058341   5.054593     2.2589     1.8950      10.21   30.11114  -86.80102   -0.00046   -0.00008          3  0.000e+00
      23189    966.167     68.421     68.902    20.8029    20.7663   5.058259   5.054608     2.2601     1.8950      10.21   30.11114  -86.80102   -0.00047   -0.00012          3  0.000e+00
      23190    966.208     68.429     68.910    20.8029    20.7661   5.058200   5.054562     2.2601     1.8950      10.21   30.11114  -86.80102   -0.00048   -0.00015          3  0.000e+00
      23191    966.250     68.421     68.902    20.8031    20.7668   5.058192   5.054532     2.2601     1.8950      10.21   30.11114  -86.80102   -0.00048   -0.00018          3  0.000e+00
      23192    966.292     68.482     68.963    20.8027    20.7670   5.058259   5.054502     2.2601     1.8950      10.21   30.11114  -86.80102   -0.00050   -0.00021          3  0.000e+00
      23193    966.333     68.421     68.902    20.8022    20.7672   5.058371   5.054517     2.2601     1.8950      10.21   30.11114  -86.80102   -0.00053   -0.00023          3  0.000e+00
      23194    966.375     68.481     68.963    20.8029    20.7672   5.058401   5.054502     2.2601     1.8950      10.21   30.11114  -86.80102   -0.00053   -0.00026          3  0.000e+00
      23195    966.417     68.481     68.963    20.8036    20.7675   5.058438   5.054555     2.2601     1.8950      10.21   30.11114  -86.80102   -0.00054   -0.00029          3  0.000e+00
      23196    966.458     68.421     68.902    20.8050    20.7682   5.058453   5.054645     2.2601     1.8950      10.21   30.11114  -86.80102   -0.00054   -0.00031          3  0.000e+00
      23197    966.500     68.421     68.902    20.8054    20.7689   5.058475   5.054660     2.2601     1.8950      10.21   30.11114  -86.80102   -0.00056   -0.00034          3  0.000e+00
      23198    966.542     68.421     68.902    20.8048    20.7691   5.058490   5.054660     2.2601     1.8950      10.21   30.11114  -86.80102   -0.00057   -0.00036          3  0.000e+00
      23199    966.583     68.481     68.963    20.8049    20.7691   5.058520   5.054660     2.2601     1.8950      10.21   30.11114  -86.80102   -0.00057   -0.00038          3  0.000e+00
      23200    966.625     68.421     68.902    20.8052    20.7693   5.058595   5.054660     2.2601     1.8950      10.21   30.11114  -86.80102   -0.00057   -0.00041          3  0.000e+00
      23201    966.667     68.421     68.902    20.8053    20.7695   5.058617   5.054630     2.2601     1.8950      10.21   30.11114  -86.80102   -0.00058   -0.00043          3  0.000e+00
      23202    966.708     68.481     68.963    20.8063    20.7693   5.058647   5.054623     2.2601     1.8950      10.21   30.11114  -86.80102   -0.00058   -0.00046          3  0.000e+00
      23203    966.750     68.429     68.910    20.8083    20.7696   5.058721   5.054623     2.2601     1.8950      10.21   30.11114  -86.80102   -0.00058   -0.00048          3  0.000e+00
      23204    966.792     68.481     68.963    20.8096    20.7700   5.058714   5.054713     2.2613     1.8950      10.21   30.11114  -86.80102   -0.00057   -0.00050          3  0.000e+00
      23205    966.833     68.421     68.902    20.8095    20.7709   5.058706   5.054811     2.2613     1.8950      10.21   30.11114  -86.80102   -0.00055   -0.00052          3  0.000e+00
      23206    966.875     68.421     68.902    20.8094    20.7724   5.058669   5.054992     2.2613     1.8950      10.23   30.11114  -86.80102   -0.00054   -0.00055          3  0.000e+00
      23207    966.917     68.481     68.963    20.8098    20.7741   5.058565   5.055136     2.2601     1.8950      10.23   30.11114  -86.80102   -0.00054   -0.00057          3  0.000e+00
      23208    966.958     68.421     68.902    20.8108    20.7753   5.058565   5.055309     2.2613     1.8950      10.26   30.11114  -86.80102   -0.00052   -0.00059          3  0.000e+00
      23209    967.000     68.421     68.902    20.8093    20.7769   5.058513   5.055437     2.2613     1.8950      10.23   30.11114  -86.80102   -0.00051   -0.00061          3  0.000e+00
      23210    967.042     68.481     68.963    20.8078    20.7779   5.058490   5.055400     2.2613     1.8950      10.26   30.11114  -86.80102   -0.00049   -0.00063          3  0.000e+00
      23211    967.083     68.428     68.910    20.8071    20.7776   5.058513   5.055249     2.2613     1.8950      10.26   30.11114  -86.80102   -0.00047   -0.00065          3  0.000e+00
      23212    967.125     68.481     68.963    20.8052    20.7758   5.058468   5.055113     2.2601     1.8950      10.26   30.11114  -86.80102   -0.00049   -0.00067          3  0.000e+00
      23213    967.167     68.421     68.902    20.8038    20.7741   5.058386   5.054985     2.2601     1.8950      10.26   30.11114  -86.80102   -0.00050   -0.00069          3  0.000e+00
      23214    967.208     68.481     68.963    20.8027    20.7723   5.058364   5.054924     2.2613     1.8938      10.26   30.11114  -86.80102   -0.00048   -0.00073          3  0.000e+00
      23215    967.250     68.421     68.902    20.8008    20.7709   5.058297   5.054894     2.2613     1.8950      10.26   30.11114  -86.80102   -0.00046   -0.00075          3  0.000e+00
      23216    967.292     68.481     68.963    20.7975    20.7712   5.058341   5.054872     2.2613     1.8950      10.26   30.11114  -86.80102   -0.00045   -0.00076          3  0.000e+00
      23217    967.333     68.421     68.902    20.7985    20.7719   5.058297   5.054804     2.2613     1.8938      10.26   30.11114  -86.80102   -0.00043   -0.00080          3  0.000e+00
      23218    967.375     68.481     68.963    20.7992    20.7726   5.058215   5.054819     2.2613     1.8938      10.26   30.11114  -86.80102   -0.00041   -0.00083          3  0.000e+00
      23219    967.417     68.421     68.902    20.7982    20.7719   5.058193   5.054796     2.2613     1.8938      10.26   30.11114  -86.80102   -0.00040   -0.00087          3  0.000e+00
