GOMECC/GOMECC-4/1db/rb2103_0632.ros
* Sea-Bird SBE 9 Data File:
* FileName = C:\Users\scs.user.rb\CTD\GOMECC4\data\rb2103_0632.hex
* Software Version Seasave V 7.26.7.107
* Temperature SN = 4799
* Conductivity SN = 3860
* Number of Bytes Per Scan = 41
* Number of Voltage Words = 4
* Number of Scans Averaged by the Deck Unit = 1
* NMEA Latitude = 26 02.83 N
* NMEA Longitude = 096 49.28 W
* NMEA UTC (Time) = Oct 02 2021  18:18:43
* NMEA baud rate = 4800
# nquan = 17
# nvalues = 1463                                  
# units = specified
# name 0 = scan: Scan Count
# name 1 = timeS: Time, Elapsed [seconds]
# name 2 = depSM: Depth [salt water, m]
# name 3 = prDM: Pressure, Digiquartz [db]
# name 4 = t090C: Temperature [ITS-90, deg C]
# name 5 = t190C: Temperature, 2 [ITS-90, deg C]
# name 6 = c0S/m: Conductivity [S/m]
# name 7 = c1S/m: Conductivity, 2 [S/m]
# name 8 = sbeox0V: Oxygen raw, SBE 43 [V]
# name 9 = sbeox1V: Oxygen raw, SBE 43, 2 [V]
# name 10 = altM: Altimeter [m]
# name 11 = latitude: Latitude [deg]
# name 12 = longitude: Longitude [deg]
# name 13 = sbox0dV/dT: Oxygen, SBE 43 [dov/dt]
# name 14 = sbox1dV/dT: Oxygen, SBE 43, 2 [dov/dt]
# name 15 = nbf: Bottles Fired
# name 16 = flag:  0.000e+00
# interval = seconds: 0.0416667
# start_time = Oct 02 2021 18:18:43 [NMEA time, header]
# bad_flag = -9.990e-29
*END*
[from data line 852]
      35059   1460.750      3.489      3.511    28.8058    28.8244   5.706163   5.707370     3.2381     2.7607      38.29   26.04740  -96.82184   -0.00075   -0.00000          7  0.000e+00
      35060   1460.792      3.536      3.559    28.8027    28.8244   5.706037   5.707346     3.2393     2.7607      38.29   26.04740  -96.82184   -0.00075    0.00004          7  0.000e+00
      35061   1460.833      3.536      3.559    28.8038    28.8246   5.706116   5.707393     3.2393     2.7607      38.29   26.04740  -96.82184   -0.00075    0.00009          7  0.000e+00
      35062   1460.875      3.536      3.559    28.8066    28.8251   5.706225   5.707393     3.2393     2.7607      38.29   26.04740  -96.82184   -0.00075    0.00014          7  0.000e+00
      35063   1460.917      3.489      3.511    28.8078    28.8251   5.706280   5.707441     3.2393     2.7607      38.29   26.04740  -96.82184   -0.00075    0.00019          7  0.000e+00
      35064   1460.958      3.489      3.511    28.8068    28.8257   5.706116   5.707481     3.2393     2.7607      38.29   26.04740  -96.82184   -0.00074    0.00025          7  0.000e+00
      35065   1461.000      3.536      3.559    28.8044    28.8263   5.705959   5.707497     3.2405     2.7607      38.32   26.04740  -96.82184   -0.00072    0.00032          7  0.000e+00
      35066   1461.042      3.489      3.511    28.8011    28.8264   5.705810   5.707505     3.2393     2.7619      38.29   26.04740  -96.82184   -0.00072    0.00040          7  0.000e+00
      35067   1461.083      3.489      3.511    28.7992    28.8263   5.705849   5.707489     3.2393     2.7607      38.29   26.04740  -96.82184   -0.00073    0.00047          7  0.000e+00
      35068   1461.125      3.489      3.511    28.8031    28.8261   5.705975   5.707497     3.2393     2.7607      38.34   26.04740  -96.82184   -0.00074    0.00054          7  0.000e+00
      35069   1461.167      3.489      3.511    28.8084    28.8261   5.706155   5.707489     3.2393     2.7619      38.36   26.04740  -96.82184   -0.00076    0.00062          7  0.000e+00
      35070   1461.208      3.489      3.511    28.8072    28.8257   5.706061   5.707465     3.2393     2.7619      38.36   26.04740  -96.82184   -0.00077    0.00070          7  0.000e+00
      35071   1461.250      3.434      3.457    28.8037    28.8255   5.705873   5.707441     3.2393     2.7607      38.36   26.04740  -96.82184   -0.00080    0.00077          7  0.000e+00
      35072   1461.292      3.434      3.457    28.8020    28.8257   5.705755   5.707489     3.2393     2.7619      38.36   26.04740  -96.82184   -0.00083    0.00085          7  0.000e+00
      35073   1461.333      3.489      3.511    28.8014    28.8259   5.705802   5.707489     3.2405     2.7619      38.36   26.04740  -96.82184   -0.00084    0.00092          7  0.000e+00
      35074   1461.375      3.434      3.457    28.8011    28.8263   5.705724   5.707536     3.2393     2.7619      38.36   26.04740  -96.82184   -0.00084    0.00098          7  0.000e+00
      35075   1461.417      3.434      3.457    28.7996    28.8263   5.705583   5.707552     3.2393     2.7619      38.36   26.04740  -96.82184   -0.00087    0.00104          7  0.000e+00
      35076   1461.458      3.434      3.457    28.7974    28.8263   5.705505   5.707608     3.2393     2.7619      38.36   26.04740  -96.82184   -0.00089    0.00110          7  0.000e+00
      35077   1461.500      3.387      3.409    28.7965    28.8263   5.705465   5.707536     3.2393     2.7619      38.36   26.04740  -96.82184   -0.00090    0.00115          7  0.000e+00
      35078   1461.542      3.434      3.457    28.7971    28.8263   5.705458   5.707528     3.2393     2.7631      38.36   26.04740  -96.82184   -0.00092    0.00120          7  0.000e+00
      35079   1461.583      3.387      3.409    28.7974    28.8251   5.705450   5.707473     3.2393     2.7619      38.36   26.04740  -96.82184   -0.00093    0.00124          7  0.000e+00
      35080   1461.625      3.387      3.409    28.7982    28.8248   5.705489   5.707481     3.2393     2.7619      38.36   26.04740  -96.82184   -0.00093    0.00126          7  0.000e+00
      35081   1461.667      3.387      3.409    28.7989    28.8251   5.705575   5.707393     3.2393     2.7619      38.36   26.04740  -96.82184   -0.00096    0.00130          7  0.000e+00
      35082   1461.708      3.340      3.362    28.7985    28.8239   5.705552   5.707385     3.2393     2.7619      38.36   26.04740  -96.82184   -0.00096    0.00131          7  0.000e+00
      35083   1461.750      3.387      3.409    28.7983    28.8239   5.705614   5.707370     3.2393     2.7619      38.36   26.04740  -96.82184   -0.00096    0.00133          7  0.000e+00
      35084   1461.792      3.340      3.362    28.8003    28.8239   5.705677   5.707401     3.2381     2.7619      38.36   26.04740  -96.82184   -0.00098    0.00133          7  0.000e+00
      35085   1461.833      3.340      3.362    28.8027    28.8246   5.705787   5.707433     3.2381     2.7619      38.36   26.04740  -96.82184   -0.00100    0.00132          7  0.000e+00
      35086   1461.875      3.340      3.362    28.8064    28.8253   5.705967   5.707449     3.2393     2.7619      38.36   26.04740  -96.82184   -0.00100    0.00131          7  0.000e+00
      35087   1461.917      3.340      3.362    28.8075    28.8259   5.706045   5.707441     3.2393     2.7619      38.36   26.04740  -96.82184   -0.00100    0.00130          7  0.000e+00
      35088   1461.958      3.333      3.355    28.8084    28.8259   5.706061   5.707489     3.2393     2.7619      38.36   26.04740  -96.82184   -0.00098    0.00129          7  0.000e+00
      35089   1462.000      3.286      3.307    28.8105    28.8255   5.706202   5.707457     3.2393     2.7619      38.36   26.04740  -96.82184   -0.00098    0.00127          7  0.000e+00
      35090   1462.042      3.286      3.307    28.8137    28.8248   5.706351   5.707449     3.2381     2.7619      38.36   26.04740  -96.82184   -0.00100    0.00125          7  0.000e+00
      35091   1462.083      3.286      3.307    28.8166    28.8248   5.706460   5.707489     3.2393     2.7619      38.36   26.04740  -96.82184   -0.00099    0.00123          7  0.000e+00
      35092   1462.125      3.286      3.307    28.8172    28.8253   5.706484   5.707489     3.2393     2.7619      38.36   26.04740  -96.82184   -0.00099    0.00121          7  0.000e+00
      35093   1462.167      3.238      3.259    28.8170    28.8257   5.706445   5.707497     3.2381     2.7619      38.44   26.04740  -96.82184   -0.00098    0.00121          7  0.000e+00
      35094   1462.208      3.286      3.307    28.8156    28.8263   5.706437   5.707560     3.2393     2.7631      38.49   26.04740  -96.82184   -0.00096    0.00122          7  0.000e+00
      35095   1462.250      3.238      3.259    28.8148    28.8264   5.706437   5.707560     3.2393     2.7631      38.49   26.04740  -96.82184   -0.00093    0.00122          7  0.000e+00
      35096   1462.292      3.238      3.259    28.8142    28.8268   5.706398   5.707536     3.2393     2.7631      38.49   26.04740  -96.82184   -0.00092    0.00123          7  0.000e+00
      35097   1462.333      3.238      3.259    28.8139    28.8266   5.706351   5.707544     3.2393     2.7619      38.49   26.04740  -96.82184   -0.00091    0.00122          7  0.000e+00
      35098   1462.375      3.238      3.259    28.8138    28.8264   5.706343   5.707576     3.2393     2.7631      38.49   26.04740  -96.82184   -0.00089    0.00125          7  0.000e+00
      35099   1462.417      3.191      3.212    28.8143    28.8263   5.706374   5.707560     3.2393     2.7619      38.49   26.04740  -96.82184   -0.00087    0.00127          7  0.000e+00
      35100   1462.458      3.238      3.259    28.8147    28.8266   5.706460   5.707552     3.2393     2.7619      38.49   26.04740  -96.82184   -0.00084    0.00129          7  0.000e+00
      35101   1462.500      3.238      3.259    28.8152    28.8264   5.706445   5.707576     3.2381     2.7631      38.49   26.04740  -96.82184   -0.00085    0.00132          7  0.000e+00
      35102   1462.542      3.191      3.212    28.8158    28.8264   5.706507   5.707560     3.2393     2.7631      38.49   26.04740  -96.82184   -0.00082    0.00136          7  0.000e+00
      35103   1462.583      3.184      3.205    28.8163    28.8263   5.706531   5.707536     3.2393     2.7619      38.49   26.04740  -96.82184   -0.00080    0.00139          7  0.000e+00
      35104   1462.625      3.191      3.212    28.8161    28.8266   5.706531   5.707512     3.2393     2.7619      38.49   26.04740  -96.82184   -0.00077    0.00142          7  0.000e+00
      35105   1462.667      3.191      3.212    28.8149    28.8268   5.706531   5.707528     3.2393     2.7619      38.49   26.04740  -96.82184   -0.00073    0.00146          7  0.000e+00
      35106   1462.708      3.191      3.212    28.8143    28.8272   5.706492   5.707616     3.2393     2.7619      38.49   26.04740  -96.82184   -0.00070    0.00151          7  0.000e+00
      35107   1462.750      3.191      3.212    28.8129    28.8279   5.706413   5.707631     3.2381     2.7619      38.49   26.04740  -96.82184   -0.00068    0.00156          7  0.000e+00
      35108   1462.792      3.137      3.157    28.8136    28.8281   5.706531   5.707639     3.2381     2.7619      38.49   26.04740  -96.82184   -0.00066    0.00159          7  0.000e+00
      35109   1462.833      3.191      3.212    28.8173    28.8278   5.706680   5.707608     3.2381     2.7619      38.49   26.04740  -96.82184   -0.00064    0.00162          7  0.000e+00
      35110   1462.875      3.137      3.157    28.8200    28.8266   5.706860   5.707552     3.2381     2.7619      38.49   26.04740  -96.82184   -0.00061    0.00164          7  0.000e+00
      35111   1462.917      3.191      3.212    28.8204    28.8261   5.706868   5.707544     3.2381     2.7619      38.46   26.04740  -96.82184   -0.00061    0.00167          7  0.000e+00
      35112   1462.958      3.191      3.212    28.8187    28.8263   5.706789   5.707465     3.2381     2.7619      38.49   26.04740  -96.82184   -0.00060    0.00170          7  0.000e+00
      35113   1463.000      3.137      3.157    28.8168    28.8261   5.706727   5.707520     3.2381     2.7619      38.49   26.04740  -96.82184   -0.00059    0.00172          7  0.000e+00
      35114   1463.042      3.191      3.212    28.8166    28.8263   5.706609   5.707504     3.2381     2.7619      38.49   26.04740  -96.82184   -0.00058    0.00175          7  0.000e+00
      35115   1463.083      3.137      3.157    28.8152    28.8263   5.706578   5.707536     3.2381     2.7619      38.49   26.04740  -96.82184   -0.00057    0.00177          7  0.000e+00
      35116   1463.125      3.191      3.212    28.8175    28.8263   5.706719   5.707552     3.2381     2.7619      38.53   26.04740  -96.82184   -0.00054    0.00179          7  0.000e+00
      35117   1463.167      3.137      3.157    28.8205    28.8261   5.706938   5.707647     3.2381     2.7619      38.61   26.04740  -96.82184   -0.00050    0.00182          7  0.000e+00
      35118   1463.208      3.191      3.212    28.8228    28.8270   5.707071   5.707687     3.2381     2.7619      38.63   26.04740  -96.82184   -0.00049    0.00184          7  0.000e+00
      35119   1463.250      3.191      3.212    28.8244    28.8263   5.707267   5.707679     3.2393     2.7619      38.63   26.04740  -96.82184   -0.00047    0.00184          7  0.000e+00
      35120   1463.292      3.191      3.212    28.8247    28.8255   5.707259   5.707655     3.2393     2.7619      38.63   26.04740  -96.82184   -0.00044    0.00184          7  0.000e+00
      35121   1463.333      3.191      3.212    28.8238    28.8257   5.707126   5.707600     3.2393     2.7619      38.61   26.04740  -96.82184   -0.00042    0.00184          7  0.000e+00
      35122   1463.375      3.191      3.212    28.8220    28.8266   5.707024   5.707663     3.2393     2.7619      38.63   26.04740  -96.82184   -0.00040    0.00184          7  0.000e+00
      35123   1463.417      3.238      3.259    28.8213    28.8264   5.706930   5.707608     3.2393     2.7607      38.63   26.04740  -96.82184   -0.00039    0.00181          7  0.000e+00
      35124   1463.458      3.191      3.212    28.8223    28.8250   5.707048   5.707489     3.2405     2.7619      38.61   26.04740  -96.82184   -0.00035    0.00181          7  0.000e+00
      35125   1463.500      3.238      3.259    28.8245    28.8237   5.707126   5.707425     3.2393     2.7619      38.63   26.04740  -96.82184   -0.00035    0.00179          7  0.000e+00
      35126   1463.542      3.191      3.212    28.8251    28.8233   5.707283   5.707393     3.2393     2.7619      38.63   26.04740  -96.82184   -0.00033    0.00175          7  0.000e+00
      35127   1463.583      3.238      3.259    28.8258    28.8235   5.707259   5.707409     3.2393     2.7607      38.61   26.04740  -96.82184   -0.00033    0.00170          7  0.000e+00
      35128   1463.625      3.238      3.259    28.8258    28.8235   5.707236   5.707362     3.2405     2.7607      38.61   26.04740  -96.82184   -0.00031    0.00164          7  0.000e+00
      35129   1463.667      3.238      3.259    28.8269    28.8235   5.707377   5.707322     3.2405     2.7607      38.63   26.04740  -96.82184   -0.00028    0.00158          7  0.000e+00
      35130   1463.708      3.238      3.259    28.8291    28.8231   5.707565   5.707306     3.2405     2.7607      38.63   26.04740  -96.82184   -0.00026    0.00152          7  0.000e+00
      35131   1463.750      3.285      3.307    28.8330    28.8233   5.707784   5.707314     3.2405     2.7607      38.63   26.04740  -96.82184   -0.00024    0.00146          7  0.000e+00
      35132   1463.792      3.285      3.307    28.8348    28.8240   5.707949   5.707409     3.2405     2.7607      38.63   26.04740  -96.82184   -0.00023    0.00137          7  0.000e+00
      35133   1463.833      3.238      3.259    28.8372    28.8246   5.708160   5.707417     3.2405     2.7607      38.63   26.04740  -96.82184   -0.00019    0.00129          7  0.000e+00
      35134   1463.875      3.285      3.307    28.8385    28.8239   5.708223   5.707441     3.2405     2.7607      38.61   26.04740  -96.82184   -0.00016    0.00120          7  0.000e+00
      35135   1463.917      3.340      3.361    28.8332    28.8242   5.707863   5.707441     3.2418     2.7607      38.63   26.04740  -96.82184   -0.00012    0.00111          7  0.000e+00
      35136   1463.958      3.285      3.307    28.8276    28.8250   5.707393   5.707489     3.2405     2.7607      38.61   26.04740  -96.82184   -0.00011    0.00104          7  0.000e+00
      35137   1464.000      3.340      3.361    28.8256    28.8235   5.707212   5.707211     3.2405     2.7607      38.63   26.04740  -96.82184   -0.00007    0.00096          7  0.000e+00
      35371   1473.750      3.833      3.858    28.8148    28.8141   5.706320   5.706615     3.2393     2.7546      38.36   26.04740  -96.82186   -0.00061   -0.00048          8  0.000e+00
      35372   1473.792      3.536      3.559    28.8164    28.8146   5.706374   5.706544     3.2393     2.7546      38.36   26.04740  -96.82186   -0.00059   -0.00045          8  0.000e+00
      35373   1473.833      3.488      3.511    28.8157    28.8146   5.706319   5.706615     3.2393     2.7546      38.34   26.04740  -96.82186   -0.00058   -0.00042          8  0.000e+00
      35374   1473.875      3.536      3.559    28.8153    28.8150   5.706327   5.706591     3.2393     2.7546      38.34   26.04740  -96.82186   -0.00055   -0.00040          8  0.000e+00
      35375   1473.917      3.434      3.457    28.8157    28.8153   5.706304   5.706591     3.2393     2.7546      38.34   26.04740  -96.82186   -0.00052   -0.00038          8  0.000e+00
