GOMECC/GOMECC-4/1db/rb2103_0321.ros
* Sea-Bird SBE 9 Data File:
* FileName = C:\Users\scs.user.rb\CTD\GOMECC4\data\rb2103_0321.hex
* Software Version Seasave V 7.26.7.107
* Temperature SN = 4799
* Conductivity SN = 3860
* Number of Bytes Per Scan = 41
* Number of Voltage Words = 4
* Number of Scans Averaged by the Deck Unit = 1
* NMEA Latitude = 29 45.48 N
* NMEA Longitude = 087 02.49 W
* NMEA UTC (Time) = Sep 23 2021  20:34:47
* NMEA baud rate = 4800
# nquan = 17
# nvalues = 1596                                  
# units = specified
# name 0 = scan: Scan Count
# name 1 = timeS: Time, Elapsed [seconds]
# name 2 = depSM: Depth [salt water, m]
# name 3 = prDM: Pressure, Digiquartz [db]
# name 4 = t090C: Temperature [ITS-90, deg C]
# name 5 = t190C: Temperature, 2 [ITS-90, deg C]
# name 6 = c0S/m: Conductivity [S/m]
# name 7 = c1S/m: Conductivity, 2 [S/m]
# name 8 = sbeox0V: Oxygen raw, SBE 43 [V]
# name 9 = sbeox1V: Oxygen raw, SBE 43, 2 [V]
# name 10 = altM: Altimeter [m]
# name 11 = latitude: Latitude [deg]
# name 12 = longitude: Longitude [deg]
# name 13 = sbox0dV/dT: Oxygen, SBE 43 [dov/dt]
# name 14 = sbox1dV/dT: Oxygen, SBE 43, 2 [dov/dt]
# name 15 = nbf: Bottles Fired
# name 16 = flag:  0.000e+00
# interval = seconds: 0.0416667
# start_time = Sep 23 2021 20:34:47 [NMEA time, header]
# bad_flag = -9.990e-29
*END*
[from data line 171]
      22137    922.333    178.914    180.215    15.0793    15.0790   4.415683   4.415693     1.9133     1.5910      32.48   29.75820  -87.04232    0.00004   -0.00015          2  0.000e+00
      22138    922.375    178.914    180.215    15.0792    15.0792   4.415640   4.415650     1.9133     1.5910      32.63   29.75820  -87.04232    0.00003   -0.00014          2  0.000e+00
      22139    922.417    178.884    180.185    15.0791    15.0788   4.415654   4.415629     1.9133     1.5897      32.67   29.75820  -87.04232    0.00002   -0.00017          2  0.000e+00
      22140    922.458    178.914    180.215    15.0792    15.0788   4.415612   4.415608     1.9133     1.5910      32.67   29.75820  -87.04232    0.00001   -0.00017          2  0.000e+00
      22141    922.500    178.914    180.215    15.0793    15.0784   4.415647   4.415593     1.9133     1.5910      32.67   29.75820  -87.04232   -0.00002   -0.00018          2  0.000e+00
      22142    922.542    178.853    180.154    15.0790    15.0785   4.415612   4.415622     1.9133     1.5910      32.67   29.75820  -87.04232   -0.00005   -0.00019          2  0.000e+00
      22143    922.583    178.914    180.215    15.0791    15.0784   4.415563   4.415608     1.9133     1.5910      32.67   29.75820  -87.04232   -0.00006   -0.00020          2  0.000e+00
      22144    922.625    178.914    180.215    15.0790    15.0783   4.415528   4.415593     1.9133     1.5910      32.67   29.75820  -87.04232   -0.00007   -0.00020          2  0.000e+00
      22145    922.667    178.914    180.215    15.0788    15.0784   4.415549   4.415622     1.9133     1.5910      32.67   29.75820  -87.04232   -0.00008   -0.00021          2  0.000e+00
      22146    922.708    178.914    180.215    15.0787    15.0783   4.415556   4.415636     1.9133     1.5910      32.67   29.75820  -87.04232   -0.00009   -0.00022          2  0.000e+00
      22147    922.750    178.944    180.246    15.0785    15.0786   4.415584   4.415629     1.9145     1.5910      32.67   29.75820  -87.04232   -0.00008   -0.00022          2  0.000e+00
      22148    922.792    178.914    180.215    15.0780    15.0790   4.415535   4.415657     1.9145     1.5910      32.67   29.75820  -87.04232   -0.00008   -0.00021          2  0.000e+00
      22149    922.833    178.914    180.215    15.0778    15.0792   4.415521   4.415672     1.9133     1.5910      32.67   29.75820  -87.04232   -0.00007   -0.00020          2  0.000e+00
      22150    922.875    178.967    180.268    15.0777    15.0795   4.415485   4.415665     1.9133     1.5910      32.67   29.75820  -87.04232   -0.00008   -0.00021          2  0.000e+00
      22151    922.917    178.914    180.215    15.0777    15.0792   4.415450   4.415700     1.9133     1.5910      32.67   29.75820  -87.04232   -0.00010   -0.00021          2  0.000e+00
      22152    922.958    178.967    180.268    15.0781    15.0792   4.415528   4.415679     1.9133     1.5910      32.67   29.75820  -87.04232   -0.00011   -0.00022          2  0.000e+00
      22153    923.000    178.914    180.215    15.0780    15.0792   4.415499   4.415693     1.9133     1.5910      32.67   29.75820  -87.04232   -0.00010   -0.00023          2  0.000e+00
      22154    923.042    178.944    180.246    15.0783    15.0793   4.415507   4.415707     1.9133     1.5910      32.67   29.75820  -87.04232   -0.00011   -0.00023          2  0.000e+00
      22155    923.083    178.967    180.268    15.0780    15.0794   4.415521   4.415679     1.9133     1.5910      32.67   29.75820  -87.04232   -0.00012   -0.00024          2  0.000e+00
      22156    923.125    178.967    180.268    15.0781    15.0795   4.415549   4.415693     1.9133     1.5897      32.67   29.75820  -87.04232   -0.00012   -0.00025          2  0.000e+00
      22157    923.167    178.967    180.268    15.0780    15.0796   4.415528   4.415707     1.9133     1.5910      32.67   29.75820  -87.04232   -0.00013   -0.00025          2  0.000e+00
      22158    923.208    178.967    180.268    15.0781    15.0799   4.415457   4.415679     1.9145     1.5910      32.67   29.75820  -87.04232   -0.00012   -0.00024          2  0.000e+00
      22159    923.250    178.967    180.268    15.0780    15.0794   4.415464   4.415693     1.9145     1.5910      32.67   29.75820  -87.04232   -0.00012   -0.00023          2  0.000e+00
      22160    923.292    178.967    180.268    15.0778    15.0793   4.415450   4.415679     1.9133     1.5897      32.67   29.75820  -87.04232   -0.00013   -0.00025          2  0.000e+00
      22161    923.333    178.997    180.299    15.0775    15.0790   4.415443   4.415729     1.9145     1.5897      32.63   29.75820  -87.04232   -0.00010   -0.00027          2  0.000e+00
      22162    923.375    179.027    180.329    15.0773    15.0792   4.415443   4.415715     1.9133     1.5910      32.53   29.75820  -87.04232   -0.00011   -0.00028          2  0.000e+00
      22163    923.417    179.027    180.329    15.0771    15.0792   4.415415   4.415679     1.9133     1.5897      32.48   29.75820  -87.04232   -0.00013   -0.00030          2  0.000e+00
      22164    923.458    178.967    180.268    15.0769    15.0788   4.415373   4.415672     1.9145     1.5910      32.48   29.75820  -87.04232   -0.00010   -0.00030          2  0.000e+00
      22165    923.500    179.080    180.383    15.0767    15.0787   4.415338   4.415665     1.9145     1.5910      32.48   29.75820  -87.04232   -0.00008   -0.00029          2  0.000e+00
      22166    923.542    179.027    180.329    15.0764    15.0785   4.415331   4.415643     1.9133     1.5910      32.48   29.75820  -87.04232   -0.00007   -0.00029          2  0.000e+00
      22167    923.583    179.027    180.329    15.0767    15.0781   4.415302   4.415550     1.9133     1.5910      32.48   29.75820  -87.04232   -0.00007   -0.00028          2  0.000e+00
      22168    923.625    179.050    180.352    15.0769    15.0773   4.415345   4.415458     1.9133     1.5910      32.48   29.75820  -87.04232   -0.00008   -0.00028          2  0.000e+00
      22169    923.667    179.080    180.383    15.0765    15.0772   4.415338   4.415444     1.9145     1.5910      32.50   29.75820  -87.04232   -0.00005   -0.00028          2  0.000e+00
      22170    923.708    179.027    180.329    15.0767    15.0773   4.415331   4.415436     1.9145     1.5910      32.48   29.75820  -87.04232   -0.00005   -0.00027          2  0.000e+00
      22171    923.750    179.080    180.383    15.0763    15.0774   4.415331   4.415472     1.9133     1.5910      32.48   29.75820  -87.04232   -0.00004   -0.00025          2  0.000e+00
      22172    923.792    179.080    180.383    15.0763    15.0773   4.415267   4.415486     1.9133     1.5910      32.48   29.75820  -87.04232   -0.00003   -0.00024          2  0.000e+00
      22173    923.833    179.080    180.383    15.0761    15.0775   4.415274   4.415479     1.9133     1.5897      32.48   29.75820  -87.04232   -0.00004   -0.00026          2  0.000e+00
      22174    923.875    179.141    180.444    15.0764    15.0771   4.415317   4.415458     1.9133     1.5910      32.48   29.75820  -87.04232   -0.00005   -0.00024          2  0.000e+00
      22175    923.917    179.111    180.413    15.0761    15.0767   4.415331   4.415451     1.9145     1.5910      32.48   29.75820  -87.04232   -0.00005   -0.00024          2  0.000e+00
      22176    923.958    179.080    180.383    15.0759    15.0768   4.415267   4.415408     1.9133     1.5910      32.48   29.75820  -87.04232   -0.00006   -0.00024          2  0.000e+00
      22177    924.000    179.141    180.444    15.0759    15.0765   4.415281   4.415401     1.9133     1.5910      32.48   29.75820  -87.04232   -0.00005   -0.00025          2  0.000e+00
      22178    924.042    179.141    180.444    15.0761    15.0763   4.415260   4.415351     1.9133     1.5910      32.48   29.75820  -87.04232   -0.00004   -0.00023          2  0.000e+00
      22179    924.083    179.141    180.444    15.0761    15.0762   4.415281   4.415322     1.9145     1.5910      32.48   29.75820  -87.04232   -0.00004   -0.00021          2  0.000e+00
      22180    924.125    179.141    180.444    15.0761    15.0761   4.415317   4.415358     1.9145     1.5910      32.50   29.75820  -87.04232   -0.00001   -0.00020          2  0.000e+00
      22181    924.167    179.194    180.497    15.0763    15.0761   4.415303   4.415394     1.9145     1.5910      32.50   29.75820  -87.04232   -0.00001   -0.00018          2  0.000e+00
      22182    924.208    179.164    180.467    15.0764    15.0762   4.415345   4.415372     1.9133     1.5910      32.48   29.75820  -87.04232    0.00000   -0.00016          2  0.000e+00
      22183    924.250    179.141    180.444    15.0761    15.0766   4.415310   4.415365     1.9133     1.5910      32.48   29.75820  -87.04232    0.00001   -0.00014          2  0.000e+00
      22184    924.292    179.194    180.497    15.0763    15.0765   4.415295   4.415394     1.9133     1.5910      32.48   29.75820  -87.04232   -0.00000   -0.00012          2  0.000e+00
      22185    924.333    179.194    180.497    15.0763    15.0764   4.415288   4.415401     1.9145     1.5910      32.45   29.75820  -87.04232    0.00001   -0.00012          2  0.000e+00
      22186    924.375    179.194    180.497    15.0763    15.0763   4.415352   4.415401     1.9133     1.5910      32.41   29.75820  -87.04232   -0.00001   -0.00012          2  0.000e+00
      22187    924.417    179.194    180.497    15.0763    15.0761   4.415338   4.415379     1.9133     1.5910      32.36   29.75820  -87.04232    0.00000   -0.00012          2  0.000e+00
      22188    924.458    179.194    180.497    15.0764    15.0763   4.415303   4.415365     1.9133     1.5910      32.38   29.75820  -87.04232    0.00001   -0.00012          2  0.000e+00
      22189    924.500    179.164    180.467    15.0767    15.0763   4.415345   4.415344     1.9145     1.5910      32.38   29.75820  -87.04232    0.00003   -0.00010          2  0.000e+00
      22190    924.542    179.247    180.551    15.0766    15.0765   4.415338   4.415387     1.9145     1.5910      32.38   29.75820  -87.04232    0.00004   -0.00008          2  0.000e+00
      22191    924.583    179.194    180.497    15.0765    15.0763   4.415331   4.415429     1.9145     1.5910      32.38   29.75820  -87.04232    0.00005   -0.00008          2  0.000e+00
      22192    924.625    179.247    180.551    15.0766    15.0767   4.415331   4.415387     1.9145     1.5910      32.38   29.75820  -87.04232    0.00006   -0.00008          2  0.000e+00
      22193    924.667    179.194    180.497    15.0765    15.0764   4.415331   4.415394     1.9133     1.5910      32.38   29.75820  -87.04232    0.00005   -0.00006          2  0.000e+00
      22194    924.708    179.247    180.551    15.0763    15.0765   4.415352   4.415401     1.9145     1.5910      32.38   29.75820  -87.04232    0.00007   -0.00006          2  0.000e+00
      22195    924.750    179.194    180.497    15.0763    15.0763   4.415338   4.415401     1.9145     1.5910      32.38   29.75820  -87.04232    0.00008   -0.00004          2  0.000e+00
      22196    924.792    179.224    180.528    15.0764    15.0760   4.415352   4.415351     1.9145     1.5910      32.38   29.75820  -87.04232    0.00008   -0.00003          2  0.000e+00
      22197    924.833    179.247    180.551    15.0763    15.0759   4.415338   4.415358     1.9145     1.5910      32.38   29.75820  -87.04232    0.00009   -0.00003          2  0.000e+00
      22198    924.875    179.247    180.551    15.0764    15.0757   4.415331   4.415308     1.9133     1.5910      32.38   29.75820  -87.04232    0.00008   -0.00001          2  0.000e+00
      22199    924.917    179.194    180.497    15.0765    15.0756   4.415303   4.415322     1.9133     1.5910      32.38   29.75820  -87.04232    0.00008   -0.00001          2  0.000e+00
      22200    924.958    179.307    180.612    15.0761    15.0753   4.415352   4.415294     1.9145     1.5910      32.38   29.75820  -87.04232    0.00011    0.00001          2  0.000e+00
      22201    925.000    179.247    180.551    15.0766    15.0751   4.415338   4.415265     1.9145     1.5910      32.38   29.75820  -87.04232    0.00011    0.00002          2  0.000e+00
      22202    925.042    179.194    180.497    15.0763    15.0753   4.415359   4.415280     1.9145     1.5910      32.38   29.75820  -87.04232    0.00012    0.00002          2  0.000e+00
      22203    925.083    179.277    180.581    15.0766    15.0751   4.415366   4.415287     1.9145     1.5910      32.38   29.75820  -87.04232    0.00014    0.00002          2  0.000e+00
      22204    925.125    179.194    180.497    15.0767    15.0750   4.415394   4.415265     1.9133     1.5910      32.38   29.75820  -87.04232    0.00015    0.00002          2  0.000e+00
      22205    925.167    179.247    180.551    15.0769    15.0756   4.415429   4.415280     1.9145     1.5910      32.36   29.75820  -87.04232    0.00017    0.00003          2  0.000e+00
      22206    925.208    179.247    180.551    15.0765    15.0754   4.415415   4.415265     1.9145     1.5910      32.38   29.75820  -87.04232    0.00017    0.00003          2  0.000e+00
      22207    925.250    179.247    180.551    15.0767    15.0758   4.415380   4.415315     1.9145     1.5910      32.38   29.75820  -87.04232    0.00018    0.00003          2  0.000e+00
      22208    925.292    179.247    180.551    15.0763    15.0761   4.415338   4.415322     1.9145     1.5922      32.38   29.75820  -87.04232    0.00018    0.00005          2  0.000e+00
      22209    925.333    179.224    180.528    15.0766    15.0760   4.415359   4.415358     1.9133     1.5910      32.33   29.75820  -87.04232    0.00019    0.00006          2  0.000e+00
      22210    925.375    179.247    180.551    15.0765    15.0759   4.415338   4.415344     1.9145     1.5910      32.26   29.75820  -87.04232    0.00019    0.00006          2  0.000e+00
      22211    925.417    179.247    180.551    15.0764    15.0758   4.415331   4.415358     1.9145     1.5922      32.23   29.75820  -87.04232    0.00020    0.00008          2  0.000e+00
      22212    925.458    179.194    180.497    15.0763    15.0759   4.415295   4.415365     1.9145     1.5910      32.23   29.75820  -87.04232    0.00020    0.00008          2  0.000e+00
      22213    925.500    179.247    180.551    15.0759    15.0762   4.415232   4.415308     1.9145     1.5910      32.23   29.75820  -87.04232    0.00021    0.00009          2  0.000e+00
      22214    925.542    179.247    180.551    15.0759    15.0763   4.415239   4.415372     1.9133     1.5910      32.23   29.75820  -87.04232    0.00019    0.00009          2  0.000e+00
      22215    925.583    179.194    180.497    15.0759    15.0762   4.415225   4.415351     1.9145     1.5910      32.23   29.75820  -87.04232    0.00019    0.00009          2  0.000e+00
      22216    925.625    179.224    180.528    15.0755    15.0763   4.415239   4.415337     1.9145     1.5922      32.23   29.75820  -87.04232    0.00022    0.00011          2  0.000e+00
      22217    925.667    179.247    180.551    15.0757    15.0760   4.415253   4.415379     1.9145     1.5922      32.23   29.75820  -87.04232    0.00022    0.00013          2  0.000e+00
      22218    925.708    179.194    180.497    15.0756    15.0763   4.415253   4.415351     1.9145     1.5922      32.23   29.75820  -87.04232    0.00022    0.00013          2  0.000e+00
      22219    925.750    179.194    180.497    15.0754    15.0762   4.415253   4.415387     1.9145     1.5922      32.23   29.75820  -87.04232    0.00022    0.00015          2  0.000e+00
      22220    925.792    179.247    180.551    15.0755    15.0759   4.415225   4.415372     1.9145     1.5922      32.23   29.75820  -87.04232    0.00023    0.00017          2  0.000e+00
