GOMECC/GOMECC-4/1db/rb2103_1101.cnv
* Sea-Bird SBE 9 Data File:
* FileName = C:\Users\scs.user.rb\CTD\GOMECC4\data\rb2103_1101.hex
* Software Version Seasave V 7.26.7.107
* Temperature SN = 4799
* Conductivity SN = 3860
* Number of Bytes Per Scan = 41
* Number of Voltage Words = 4
* Number of Scans Averaged by the Deck Unit = 1
* NMEA Latitude = 22 32.38 N
* NMEA Longitude = 086 36.68 W
* NMEA UTC (Time) = Oct 15 2021  05:55:57
* NMEA baud rate = 4800
# nquan = 28
# nvalues = 546                         
# units = specified
# name 0 = scan: Scan Count
# name 1 = timeS: Time, Elapsed [seconds]
# name 2 = depSM: Depth [salt water, m]
# name 3 = prDM: Pressure, Digiquartz [db]
# name 4 = t090C: Temperature [ITS-90, deg C]
# name 5 = t190C: Temperature, 2 [ITS-90, deg C]
# name 6 = c0S/m: Conductivity [S/m]
# name 7 = c1S/m: Conductivity, 2 [S/m]
# name 8 = sbeox0V: Oxygen raw, SBE 43 [V]
# name 9 = sbeox1V: Oxygen raw, SBE 43, 2 [V]
# name 10 = altM: Altimeter [m]
# name 11 = latitude: Latitude [deg]
# name 12 = longitude: Longitude [deg]
# name 13 = sbox0dV/dT: Oxygen, SBE 43 [dov/dt]
# name 14 = sbox1dV/dT: Oxygen, SBE 43, 2 [dov/dt]
# name 15 = sbeox0ML/L: Oxygen, SBE 43 [ml/l], WS = 5
# name 16 = sbeox1ML/L: Oxygen, SBE 43, 2 [ml/l], WS = 5
# name 17 = potemp090C: Potential Temperature [ITS-90, deg C]
# name 18 = potemp190C: Potential Temperature, 2 [ITS-90, deg C]
# name 19 = sal00: Salinity, Practical [PSU]
# name 20 = sal11: Salinity, Practical, 2 [PSU]
# name 21 = sigma-é00: Density [sigma-theta, kg/m^3]
# name 22 = sigma-é11: Density, 2 [sigma-theta, kg/m^3]
# name 23 = avgsvCM: Average Sound Velocity [Chen-Millero, m/s], minP = 20, minS = 20
# name 24 = sbox0Mm/Kg: Oxygen, SBE 43 [umol/kg], WS = 5
# name 25 = sbox1Mm/Kg: Oxygen, SBE 43, 2 [umol/kg], WS = 5
# name 26 = nbin: number of scans per bin
# name 27 = flag: flag
# span 0 =       5517,      64638       
# span 1 =    229.815,   2693.190       
# span 2 =      1.987,    360.409       
# span 3 =      2.000,    363.000       
# span 4 =    12.1244,    29.8860       
# span 5 =    12.1227,    29.8876       
# span 6 =   4.081201,   5.997438       
# span 7 =   4.081011,   5.997790       
# span 8 =     1.7791,     3.1658       
# span 9 =     1.4625,     2.6742       
# span 10 =      10.32,     102.19      
# span 11 =   22.23413,   22.61374      
# span 12 =  -86.84276,  -85.36185      
# span 13 =   -0.01831,    0.01310      
# span 14 =   -0.01624,    0.01486      
# span 15 =     2.7962,     4.3684      
# span 16 =     2.8099,     4.3442      
# span 17 =    12.0762,    29.8837      
# span 18 =    12.0745,    29.8854      
# span 19 =    35.5159,    36.9480      
# span 20 =    35.5156,    36.9505      
# span 21 =    22.3556,    26.9784      
# span 22 =    22.3558,    26.9785      
# span 23 =       0.00,    1545.70      
# span 24 =    121.597,    190.722      
# span 25 =    122.194,    189.655      
# span 26 =         30,         75      
# span 27 = 0.0000e+00, 0.0000e+00      
# interval = decibars: 1                
# start_time = Oct 15 2021 05:55:57 [NMEA time, header]
# bad_flag = -9.990e-29
*END*
[from data line 104]
      10376    432.271    112.261    113.000    22.6324    22.6338   5.311597   5.311975     2.4535     2.0624      84.16   22.54422  -86.61391   -0.00041   -0.00034     3.5323     3.5397    22.6094    22.6108    36.9139    36.9155    25.4990    25.4998    1541.15    153.829    154.151         49 0.0000e+00
      10418    434.023    113.255    114.000    22.6208    22.6196   5.310348   5.310389     2.4522     2.0605     100.40   22.54424  -86.61392   -0.00044    0.00000     3.5306     3.5368    22.5976    22.5964    36.9132    36.9148    25.5019    25.5034    1541.07    153.758    154.024         34 0.0000e+00
      10449    435.313    114.248    115.000    22.5999    22.5973   5.308093   5.308074     2.4500     2.0578     100.00   22.54426  -86.61394   -0.00096   -0.00112     3.5279     3.5326    22.5765    22.5739    36.9132    36.9152    25.5079    25.5102    1540.99    153.639    153.843         30 0.0000e+00
      10480    436.611    115.241    116.000    22.5455    22.5421   5.302973   5.302920     2.4480     2.0555     100.00   22.54428  -86.61395   -0.00144   -0.00187     3.5274     3.5312    22.5219    22.5185    36.9187    36.9212    25.5278    25.5307    1540.91    153.614    153.777         34 0.0000e+00
      10522    438.383    116.234    117.000    22.4676    22.4806   5.295721   5.297347     2.4414     2.0516     100.00   22.54430  -86.61396   -0.00249   -0.00189     3.5199     3.5261    22.4439    22.4569    36.9260    36.9277    25.5557    25.5533    1540.84    153.283    153.553         50 0.0000e+00
      10567    440.241    117.227    118.000    22.1357    22.1430   5.262573   5.263680     2.4306     2.0377     100.00   22.54432  -86.61398   -0.00394   -0.00395     3.5200     3.5163    22.1121    22.1194    36.9480    36.9505    25.6671    25.6669    1540.77    153.268    153.110         35 0.0000e+00
      10625    442.673    119.214    120.000    21.8763    21.8745   5.231855   5.231925     2.4037     2.0123      91.47   22.53724  -86.58663   -0.00951   -0.00984     3.4832     3.4764    21.8525    21.8507    36.9213    36.9232    25.7191    25.7210    1540.11    151.656    151.361         36 0.0000e+00
      10671    444.568    120.207    121.000    21.8061    21.8129   5.224389   5.225462     2.3925     2.0058      95.27   22.54439  -86.61402   -0.00884   -0.00734     3.4649     3.4661    21.7821    21.7889    36.9255    36.9282    25.7432    25.7433    1540.52    150.860    150.912         47 0.0000e+00
      10711    446.254    121.200    122.000    21.7565    21.7549   5.218851   5.218848     2.3856     2.0003     100.07   22.54440  -86.61404   -0.00593   -0.00379     3.4542     3.4576    21.7323    21.7307    36.9220    36.9241    25.7546    25.7566    1540.43    150.391    150.538         34 0.0000e+00
      10744    447.628    122.193    123.000    21.7259    21.7257   5.215255   5.215484     2.3785     1.9948     100.00   22.54443  -86.61405   -0.00463   -0.00348     3.4421     3.4473    21.7016    21.7014    36.9206    36.9227    25.7621    25.7637    1540.35    149.865    150.090         34 0.0000e+00
      10780    449.126    123.186    124.000    21.6977    21.6967   5.211855   5.211975     2.3724     1.9889     100.00   22.54444  -86.61406   -0.00456   -0.00386     3.4318     3.4361    21.6732    21.6722    36.9174    36.9192    25.7676    25.7693    1540.27    149.415    149.602         38 0.0000e+00
      10818    450.721    124.179    125.000    21.6481    21.6478   5.205786   5.206016     2.3669     1.9866     100.00   22.54446  -86.61407   -0.00407   -0.00315     3.4242     3.4345    21.6234    21.6231    36.9111    36.9132    25.7768    25.7784    1540.19    149.082    149.532         38 0.0000e+00
      10857    452.338    125.172    126.000    21.5308    21.5344   5.190797   5.191565     2.3599     1.9800     100.00   22.54448  -86.61409   -0.00378   -0.00249     3.4182     3.4271    21.5060    21.5096    36.8916    36.8946    25.7947    25.7960    1540.11    148.819    149.205         40 0.0000e+00
      10895    453.904    126.165    127.000    21.4240    21.4243   5.176500   5.176952     2.3575     1.9784     100.00   22.54451  -86.61410   -0.00361   -0.00307     3.4212     3.4313    21.3991    21.3998    36.8684    36.8709    25.8068    25.8083    1540.02    148.945    149.386         33 0.0000e+00
      10925    455.172    127.159    128.000    21.3802    21.3791   5.170684   5.170778     2.3602     1.9806     100.00   22.54452  -86.61412   -0.00139   -0.00123     3.4302     3.4397    21.3552    21.3541    36.8590    36.8607    25.8118    25.8134    1539.94    149.336    149.749         31 0.0000e+00
      10963    456.749    128.152    129.000    21.3352    21.3383   5.165218   5.165815     2.3613     1.9808     100.00   22.54454  -86.61414    0.00107    0.00085     3.4361     3.4432    21.3100    21.3131    36.8534    36.8556    25.8201    25.8209    1539.86    149.593    149.903         45 0.0000e+00
      11008    458.607    129.145    130.000    21.2857    21.2884   5.159345   5.159897     2.3591     1.9794     100.00   22.54457  -86.61415    0.00005   -0.00017     3.4353     3.4434    21.2604    21.2630    36.8483    36.8505    25.8300    25.8309    1539.78    149.559    149.908         40 0.0000e+00
      11043    460.094    130.138    131.000    21.2612    21.2610   5.156536   5.156736     2.3567     1.9762     100.00   22.54458  -86.61416   -0.00124   -0.00109     3.4323     3.4384    21.2357    21.2354    36.8466    36.8484    25.8355    25.8370    1539.69    149.426    149.690         34 0.0000e+00
      11076    461.479    131.131    132.000    21.2447    21.2449   5.154748   5.154989     2.3538     1.9727      69.78   22.54460  -86.61419   -0.00168   -0.00199     3.4277     3.4317    21.2190    21.2192    36.8461    36.8478    25.8397    25.8410    1539.61    149.226    149.400         32 0.0000e+00
      11111    462.910    132.124    133.000    21.2099    21.2103   5.151573   5.151920     2.3493     1.9709      99.44   22.54461  -86.61420   -0.00225   -0.00209     3.4211     3.4300    21.1840    21.1845    36.8501    36.8525    25.8525    25.8542    1539.53    148.936    149.323         38 0.0000e+00
      11152    464.629    133.117    134.000    21.0593    21.0728   5.133937   5.135899     2.3399     1.9617     100.00   22.54464  -86.61421   -0.00373   -0.00283     3.4119     3.4180    21.0334    21.0469    36.8373    36.8415    25.8843    25.8837    1539.45    148.529    148.797         43 0.0000e+00
      11192    466.298    134.110    135.000    20.8552    20.8609   5.109630   5.110623     2.3289     1.9515     100.00   22.54466  -86.61422   -0.00595   -0.00554     3.4029     3.4084    20.8293    20.8350    36.8166    36.8197    25.9244    25.9252    1539.37    148.133    148.372         35 0.0000e+00
      11225    467.655    135.104    136.000    20.7983    20.7976   5.103669   5.103856     2.3286     1.9522     100.00   22.54468  -86.61424   -0.00521   -0.00470     3.4065     3.4144    20.7722    20.7715    36.8171    36.8193    25.9404    25.9422    1539.29    148.289    148.633         32 0.0000e+00
      11259    469.084    136.096    137.000    20.7517    20.7513   5.098673   5.098899     2.3321     1.9583     100.00   22.54470  -86.61425   -0.00087   -0.00002     3.4175     3.4319    20.7255    20.7251    36.8165    36.8187    25.9527    25.9544    1539.20    148.763    149.390         38 0.0000e+00
      11301    470.838    137.090    138.000    20.6948    20.6983   5.092832   5.093410     2.3395     1.9672     100.00   22.54473  -86.61427    0.00269    0.00414     3.4374     3.4564    20.6685    20.6719    36.8180    36.8197    25.9693    25.9697    1539.12    149.630    150.455         45 0.0000e+00
      11342    472.548    138.083    139.000    20.6504    20.6526   5.088324   5.088783     2.3508     1.9759      94.75   22.54475  -86.61429    0.00495    0.00505     3.4646     3.4800    20.6238    20.6261    36.8195    36.8213    25.9825    25.9833    1539.04    150.811    151.479         36 0.0000e+00
      11376    473.976    139.076    140.000    20.6046    20.6043   5.083220   5.083436     2.3602     1.9840      85.05   22.54477  -86.61430    0.00653    0.00536     3.4883     3.5025    20.5779    20.5776    36.8172    36.8193    25.9933    25.9950    1538.95    151.840    152.460         34 0.0000e+00
      11411    475.400    140.069    141.000    20.5839    20.5855   5.080842   5.081219     2.3665     1.9900      99.82   22.54479  -86.61431    0.00620    0.00526     3.5035     3.5183    20.5571    20.5586    36.8154    36.8172    25.9976    25.9985    1538.87    152.503    153.147         35 0.0000e+00
      11451    477.063    141.062    142.000    20.5667    20.5682   5.078756   5.079155     2.3688     1.9907     100.00   22.54482  -86.61432    0.00374    0.00321     3.5100     3.5214    20.5397    20.5412    36.8130    36.8150    26.0004    26.0015    1538.79    152.785    153.281         44 0.0000e+00
      11493    478.828    142.055    143.000    20.5400    20.5423   5.075159   5.075789     2.3660     1.9879     100.00   22.54484  -86.61434    0.00053   -0.00016     3.5076     3.5174    20.5129    20.5151    36.8075    36.8096    26.0035    26.0045    1538.70    152.681    153.105         40 0.0000e+00
      11530    480.373    143.048    144.000    20.4240    20.4263   5.060328   5.060883     2.3563     1.9787      99.61   22.54486  -86.61436   -0.00264   -0.00251     3.4946     3.5039    20.3968    20.3991    36.7858    36.7883    26.0183    26.0196    1538.63    152.113    152.516         35 0.0000e+00
      11564    481.811    144.041    145.000    20.3541    20.3547   5.051447   5.051772     2.3408     1.9604     100.00   22.54489  -86.61437   -0.00692   -0.00714     3.4669     3.4664    20.3267    20.3273    36.7735    36.7756    26.0278    26.0293    1538.54    150.904    150.881         34 0.0000e+00
      11600    483.309    145.034    146.000    20.2853    20.2872   5.042792   5.043237     2.3257     1.9484     100.00   22.54490  -86.61438   -0.00996   -0.01043     3.4400     3.4430    20.2578    20.2597    36.7621    36.7641    26.0376    26.0386    1538.46    149.734    149.863         39 0.0000e+00
      11645    485.187    146.027    147.000    20.2483    20.2477   5.038152   5.038327     2.3139     1.9385      96.14   22.54492  -86.61440   -0.00867   -0.00740     3.4177     3.4228    20.2207    20.2200    36.7558    36.7579    26.0428    26.0445    1538.38    148.759    148.980         48 0.0000e+00
      11687    486.914    147.020    148.000    20.1627    20.1638   5.027500   5.027872     2.3056     1.9311     100.13   22.54495  -86.61441   -0.00573   -0.00480     3.4062     3.4112    20.1349    20.1360    36.7426    36.7447    26.0557    26.0570    1538.30    148.258    148.474         34 0.0000e+00
      11718    488.225    148.013    149.000    20.1200    20.1187   5.022335   5.022429     2.3001     1.9243     100.00   22.54498  -86.61442   -0.00473   -0.00430     3.3979     3.3992    20.0920    20.0908    36.7370    36.7389    26.0629    26.0646    1538.22    147.897    147.953         32 0.0000e+00
      11754    489.716    149.006    150.000    20.0346    20.0361   5.012092   5.012510     2.2948     1.9215     100.00   22.54499  -86.61445   -0.00417   -0.00388     3.3929     3.3979    20.0066    20.0081    36.7268    36.7289    26.0778    26.0790    1538.14    147.675    147.892         41 0.0000e+00
      11798    491.532    149.999    151.000    19.9562    19.9593   5.002848   5.003447     2.2896     1.9203     100.00   22.54502  -86.61446   -0.00335   -0.00202     3.3875     3.4003    19.9281    19.9311    36.7186    36.7209    26.0925    26.0934    1538.05    147.437    147.997         44 0.0000e+00
      11838    493.201    150.992    152.000    19.9154    19.9161   4.998054   4.998378     2.2882     1.9172     100.00   22.54504  -86.61446   -0.00226   -0.00111     3.3876     3.3964    19.8871    19.8879    36.7143    36.7164    26.1001    26.1015    1537.98    147.443    147.823         36 0.0000e+00
      11872    494.626    151.985    153.000    19.8619    19.8608   4.991703   4.991817     2.2864     1.9163     100.00   22.54506  -86.61448   -0.00118   -0.00135     3.3878     3.3982    19.8335    19.8324    36.7083    36.7101    26.1097    26.1114    1537.90    147.451    147.901         33 0.0000e+00
      11906    496.021    152.978    154.000    19.8130    19.8129   4.985916   4.986125     2.2835     1.9155     100.00   22.54507  -86.61449   -0.00123   -0.00100     3.3854     3.3998    19.7844    19.7844    36.7028    36.7046    26.1185    26.1199    1537.81    147.345    147.971         36 0.0000e+00
      11949    497.829    153.971    155.000    19.7690    19.7630   4.980609   4.980111     2.2819     1.9137     100.00   22.54509  -86.61451   -0.00160   -0.00062     3.3854     3.3994    19.7403    19.7343    36.6970    36.6981    26.1257    26.1282    1537.73    147.342    147.953         49 0.0000e+00
      11991    499.584    154.964    156.000    19.6182    19.6190   4.962438   4.962819     2.2790     1.9108     100.00   22.54513  -86.61453   -0.00112   -0.00128     3.3899     3.4024    19.5895    19.5903    36.6780    36.6804    26.1509    26.1526    1537.65    147.537    148.079         33 0.0000e+00
      12052    502.111    156.950    158.000    19.5810    19.5817   4.957472   4.957746     2.2790     1.9120      99.18   22.53889  -86.59048   -0.00051    0.00008     3.3936     3.4084    19.5520    19.5527    36.6650    36.6667    26.1500    26.1510    1537.05    147.693    148.339         39 0.0000e+00
      12097    504.007    157.943    159.000    19.5631    19.5625   4.956091   4.956255     2.2792     1.9139      84.83   22.54517  -86.61457    0.00030    0.00068     3.3957     3.4147    19.5338    19.5333    36.6722    36.6737    26.1611    26.1624    1537.40    147.784    148.614         44 0.0000e+00
      12136    505.614    158.936    160.000    19.5325    19.5341   4.952398   4.952775     2.2790     1.9138     100.09   22.54520  -86.61458   -0.00017    0.00055     3.3977     3.4168    19.5032    19.5048    36.6681    36.6699    26.1661    26.1670    1537.33    147.870    148.705         34 0.0000e+00
      12169    507.000    159.929    161.000    19.5190    19.5215   4.950827   4.951303     2.2792     1.9123     100.00   22.54521  -86.61459   -0.00007   -0.00010     3.3995     3.4146    19.4895    19.4920    36.6665    36.6683    26.1684    26.1691    1537.25    147.950    148.606         33 0.0000e+00
      12203    508.435    160.922    162.000    19.4734    19.4787   4.945338   4.946002     2.2782     1.9104     100.00   22.54523  -86.61461   -0.00009   -0.00096     3.4009     3.4131    19.4437    19.4491    36.6590    36.6613    26.1746    26.1750    1537.17    148.011    148.540         37 0.0000e+00
      12243    510.066    161.915    163.000    19.3505    19.3556   4.929968   4.930899     2.2751     1.9068     100.00   22.54525  -86.61462   -0.00098   -0.00161     3.4034     3.4134    19.3208    19.3259    36.6399    36.6432    26.1921    26.1933    1537.08    148.116    148.551         40 0.0000e+00
      12280    511.621    162.908    164.000    19.2716    19.2746   4.920581   4.921102     2.2723     1.9036     100.00   22.54527  -86.61464   -0.00182   -0.00216     3.4032     3.4115    19.2418    19.2447    36.6304    36.6322    26.2054    26.2060    1537.01    148.107    148.466         34 0.0000e+00
      12312    512.943    163.901    165.000    19.2650    19.2647   4.919805   4.920153     2.2719     1.9036     100.00   22.54528  -86.61464   -0.00153   -0.00162     3.4032     3.4125    19.2350    19.2347    36.6293    36.6305    26.2064    26.2073    1536.93    148.105    148.511         31 0.0000e+00
