GOMECC/GOMECC-4/1db/rb2103_0441.ros
* Sea-Bird SBE 9 Data File:
* FileName = C:\Users\scs.user.rb\CTD\GOMECC4\data\rb2103_0441.hex
* Software Version Seasave V 7.26.7.107
* Temperature SN = 4799
* Conductivity SN = 3860
* Number of Bytes Per Scan = 41
* Number of Voltage Words = 4
* Number of Scans Averaged by the Deck Unit = 1
* NMEA Latitude = 28 44.69 N
* NMEA Longitude = 089 59.50 W
* NMEA UTC (Time) = Sep 26 2021  10:10:29
* NMEA baud rate = 4800
# nquan = 17
# nvalues = 1064                                  
# units = specified
# name 0 = scan: Scan Count
# name 1 = timeS: Time, Elapsed [seconds]
# name 2 = depSM: Depth [salt water, m]
# name 3 = prDM: Pressure, Digiquartz [db]
# name 4 = t090C: Temperature [ITS-90, deg C]
# name 5 = t190C: Temperature, 2 [ITS-90, deg C]
# name 6 = c0S/m: Conductivity [S/m]
# name 7 = c1S/m: Conductivity, 2 [S/m]
# name 8 = sbeox0V: Oxygen raw, SBE 43 [V]
# name 9 = sbeox1V: Oxygen raw, SBE 43, 2 [V]
# name 10 = altM: Altimeter [m]
# name 11 = latitude: Latitude [deg]
# name 12 = longitude: Longitude [deg]
# name 13 = sbox0dV/dT: Oxygen, SBE 43 [dov/dt]
# name 14 = sbox1dV/dT: Oxygen, SBE 43, 2 [dov/dt]
# name 15 = nbf: Bottles Fired
# name 16 = flag:  0.000e+00
# interval = seconds: 0.0416667
# start_time = Sep 26 2021 10:10:29 [NMEA time, header]
# bad_flag = -9.990e-29
*END*
[from data line 681]
      22552    939.625      9.882      9.949    28.0544    28.0774   4.850122   4.862179     2.7729     2.3565      38.05   28.74570  -89.99214   -0.02231   -0.01292          6  0.000e+00
      22553    939.667      9.867      9.934    28.0550    28.0712   4.849449   4.852385     2.7729     2.3578      38.02   28.74570  -89.99214   -0.02259   -0.01224          6  0.000e+00
      22554    939.708      9.935     10.002    28.0555    28.0609   4.848637   4.845311     2.7729     2.3590      38.05   28.74570  -89.99214   -0.02282   -0.01153          6  0.000e+00
      22555    939.750      9.920      9.987    28.0570    28.0547   4.848915   4.842191     2.7729     2.3590      38.05   28.74570  -89.99214   -0.02302   -0.01083          6  0.000e+00
      22556    939.792      9.935     10.002    28.0599    28.0506   4.852332   4.839998     2.7729     2.3590      38.02   28.74570  -89.99214   -0.02318   -0.01011          6  0.000e+00
      22557    939.833      9.920      9.987    28.0641    28.0468   4.856709   4.837301     2.7741     2.3602      38.05   28.74570  -89.99214   -0.02329   -0.00938          6  0.000e+00
      22558    939.875      9.882      9.949    28.0678    28.0470   4.860905   4.836931     2.7741     2.3602      38.05   28.74570  -89.99214   -0.02337   -0.00866          6  0.000e+00
      22559    939.917      9.973     10.040    28.0676    28.0462   4.865477   4.837412     2.7741     2.3602      38.05   28.74570  -89.99214   -0.02342   -0.00794          6  0.000e+00
      22560    939.958      9.935     10.002    28.0704    28.0464   4.869111   4.840116     2.7741     2.3602      38.05   28.74570  -89.99214   -0.02344   -0.00722          6  0.000e+00
      22561    940.000      9.920      9.987    28.0758    28.0556   4.870819   4.849834     2.7741     2.3614      38.02   28.74570  -89.99214   -0.02345   -0.00648          6  0.000e+00
      22562    940.042      9.935     10.002    28.0771    28.0630   4.873832   4.858609     2.7741     2.3602      38.05   28.74570  -89.99214   -0.02345   -0.00577          6  0.000e+00
      22563    940.083      9.973     10.040    28.0828    28.0640   4.878071   4.860183     2.7741     2.3602      38.02   28.74570  -89.99214   -0.02342   -0.00506          6  0.000e+00
      22564    940.125      9.935     10.002    28.0852    28.0647   4.877565   4.858223     2.7741     2.3602      37.97   28.74570  -89.99214   -0.02336   -0.00437          6  0.000e+00
      22565    940.167      9.920      9.987    28.0818    28.0618   4.874316   4.852845     2.7741     2.3602      37.97   28.74570  -89.99214   -0.02329   -0.00368          6  0.000e+00
      22566    940.208     10.033     10.101    28.0795    28.0590   4.870453   4.850842     2.7741     2.3602      37.95   28.74570  -89.99214   -0.02320   -0.00300          6  0.000e+00
      22567    940.250      9.995     10.063    28.0766    28.0649   4.868415   4.854766     2.7753     2.3602      37.97   28.74570  -89.99214   -0.02306   -0.00233          6  0.000e+00
      22568    940.292      9.920      9.987    28.0784    28.0763   4.877807   4.860561     2.7753     2.3614      37.97   28.74570  -89.99214   -0.02293   -0.00165          6  0.000e+00
      22569    940.333      9.995     10.063    28.0995    28.0852   4.897164   4.864555     2.7753     2.3614      37.97   28.74570  -89.99214   -0.02277   -0.00100          6  0.000e+00
      22570    940.375     10.033     10.101    28.1151    28.0837   4.908999   4.864399     2.7753     2.3614      37.97   28.74570  -89.99214   -0.02260   -0.00036          6  0.000e+00
      22571    940.417      9.995     10.063    28.1167    28.0811   4.908234   4.865862     2.7766     2.3626      37.97   28.74570  -89.99214   -0.02240    0.00027          6  0.000e+00
      22572    940.458      9.973     10.040    28.1182    28.0802   4.908373   4.869597     2.7766     2.3626      37.97   28.74570  -89.99214   -0.02219    0.00089          6  0.000e+00
      22573    940.500     10.048     10.116    28.1236    28.0820   4.914721   4.873996     2.7778     2.3639      37.97   28.74570  -89.99214   -0.02195    0.00151          6  0.000e+00
      22574    940.542      9.973     10.040    28.1281    28.0821   4.920808   4.876084     2.7778     2.3639      37.97   28.74570  -89.99214   -0.02170    0.00210          6  0.000e+00
      22575    940.583     10.048     10.116    28.1309    28.0815   4.922943   4.875764     2.7778     2.3651      37.97   28.74570  -89.99214   -0.02145    0.00270          6  0.000e+00
      22576    940.625     10.033     10.101    28.1338    28.0809   4.924946   4.875371     2.7778     2.3651      37.97   28.74570  -89.99214   -0.02118    0.00326          6  0.000e+00
      22577    940.667      9.995     10.063    28.1276    28.0850   4.926367   4.877318     2.7790     2.3663      37.97   28.74570  -89.99214   -0.02087    0.00381          6  0.000e+00
      22578    940.708     10.086     10.154    28.1231    28.0877   4.931074   4.880046     2.7802     2.3663      37.97   28.74570  -89.99214   -0.02054    0.00432          6  0.000e+00
      22579    940.750     10.048     10.116    28.1309    28.0939   4.935570   4.887408     2.7814     2.3675      37.97   28.74570  -89.99214   -0.02019    0.00481          6  0.000e+00
      22580    940.792     10.033     10.101    28.1323    28.1083   4.934670   4.904703     2.7814     2.3675      37.97   28.74570  -89.99214   -0.01983    0.00527          6  0.000e+00
      22581    940.833     10.109     10.177    28.1220    28.1290   4.933720   4.925545     2.7827     2.3687      37.97   28.74570  -89.99214   -0.01943    0.00571          6  0.000e+00
      22582    940.875     10.033     10.101    28.1303    28.1426   4.939934   4.940399     2.7839     2.3700      37.97   28.74570  -89.99214   -0.01901    0.00613          6  0.000e+00
      22583    940.917     10.109     10.177    28.1413    28.1507   4.945119   4.947336     2.7839     2.3700      37.97   28.74570  -89.99214   -0.01857    0.00651          6  0.000e+00
      22584    940.958     10.086     10.154    28.1472    28.1551   4.947022   4.950013     2.7851     2.3712      37.97   28.74570  -89.99214   -0.01812    0.00687          6  0.000e+00
      22585    941.000     10.048     10.116    28.1512    28.1566   4.948128   4.950611     2.7851     2.3724      37.97   28.74570  -89.99214   -0.01765    0.00723          6  0.000e+00
      22586    941.042     10.086     10.154    28.1527    28.1562   4.948866   4.950618     2.7863     2.3736      37.97   28.74570  -89.99214   -0.01717    0.00754          6  0.000e+00
      22587    941.083     10.109     10.177    28.1530    28.1568   4.949272   4.951359     2.7875     2.3748      37.97   28.74570  -89.99214   -0.01665    0.00784          6  0.000e+00
      22588    941.125     10.086     10.154    28.1539    28.1586   4.949693   4.952862     2.7888     2.3761      37.97   28.74570  -89.99214   -0.01610    0.00814          6  0.000e+00
      22589    941.167     10.161     10.230    28.1547    28.1599   4.949966   4.953843     2.7900     2.3773      37.97   28.74570  -89.99214   -0.01551    0.00841          6  0.000e+00
      22590    941.208     10.086     10.154    28.1563    28.1606   4.950674   4.954209     2.7912     2.3785      37.97   28.74570  -89.99214   -0.01491    0.00867          6  0.000e+00
      22591    941.250     10.109     10.177    28.1587    28.1619   4.951619   4.954269     2.7924     2.3797      37.97   28.74570  -89.99214   -0.01428    0.00892          6  0.000e+00
      22592    941.292     10.146     10.215    28.1585    28.1647   4.951412   4.954957     2.7924     2.3810      37.97   28.74570  -89.99214   -0.01366    0.00916          6  0.000e+00
      22593    941.333     10.109     10.177    28.1574    28.1641   4.950763   4.955152     2.7937     2.3822      37.97   28.74570  -89.99214   -0.01300    0.00939          6  0.000e+00
      22594    941.375     10.146     10.215    28.1582    28.1623   4.950416   4.954419     2.7949     2.3834      37.97   28.74570  -89.99214   -0.01233    0.00962          6  0.000e+00
      22595    941.417     10.161     10.230    28.1576    28.1606   4.950350   4.953753     2.7961     2.3834      37.97   28.74570  -89.99214   -0.01165    0.00984          6  0.000e+00
      22596    941.458     10.146     10.215    28.1576    28.1597   4.950859   4.953760     2.7961     2.3846      37.97   28.74570  -89.99214   -0.01096    0.01006          6  0.000e+00
      22597    941.500     10.161     10.230    28.1581    28.1599   4.951545   4.954284     2.7961     2.3858      37.97   28.74570  -89.99214   -0.01027    0.01029          6  0.000e+00
      22598    941.542     10.146     10.215    28.1585    28.1608   4.952040   4.955032     2.7973     2.3871      37.97   28.74570  -89.99214   -0.00958    0.01052          6  0.000e+00
      22599    941.583     10.108     10.177    28.1585    28.1608   4.952453   4.955758     2.7973     2.3871      37.97   28.74570  -89.99214   -0.00889    0.01074          6  0.000e+00
      22600    941.625     10.146     10.215    28.1605    28.1603   4.953250   4.956304     2.7985     2.3883      37.97   28.74570  -89.99214   -0.00819    0.01098          6  0.000e+00
      22601    941.667     10.161     10.230    28.1624    28.1605   4.954439   4.956723     2.7985     2.3883      37.95   28.74570  -89.99214   -0.00749    0.01122          6  0.000e+00
      22602    941.708     10.146     10.215    28.1606    28.1612   4.954631   4.957434     2.7998     2.3895      37.97   28.74570  -89.99214   -0.00679    0.01147          6  0.000e+00
      22603    941.750     10.161     10.230    28.1618    28.1628   4.952630   4.958168     2.7985     2.3895      37.97   28.74570  -89.99214   -0.00612    0.01173          6  0.000e+00
      22604    941.792     10.146     10.215    28.1620    28.1667   4.949191   4.958908     2.7985     2.3895      37.97   28.74570  -89.99214   -0.00545    0.01196          6  0.000e+00
      22605    941.833     10.146     10.215    28.1528    28.1695   4.944823   4.959926     2.7985     2.3895      37.97   28.74570  -89.99214   -0.00480    0.01221          6  0.000e+00
      22606    941.875     10.222     10.291    28.1399    28.1715   4.938363   4.960495     2.7985     2.3907      37.97   28.74570  -89.99214   -0.00415    0.01245          6  0.000e+00
      22607    941.917     10.086     10.154    28.1257    28.1706   4.929579   4.960024     2.7985     2.3895      37.95   28.74570  -89.99214   -0.00354    0.01267          6  0.000e+00
      22608    941.958     10.161     10.230    28.1163    28.1667   4.920123   4.958250     2.7973     2.3895      37.97   28.74570  -89.99214   -0.00293    0.01289          6  0.000e+00
      22609    942.000     10.199     10.268    28.1101    28.1647   4.909506   4.955698     2.7973     2.3895      37.97   28.74570  -89.99214   -0.00235    0.01310          6  0.000e+00
      22610    942.042     10.108     10.177    28.1035    28.1615   4.898729   4.954052     2.7973     2.3895      37.97   28.74570  -89.99214   -0.00179    0.01330          6  0.000e+00
      22611    942.083     10.146     10.215    28.0995    28.1586   4.890055   4.953603     2.7961     2.3883      37.95   28.74570  -89.99214   -0.00125    0.01346          6  0.000e+00
      22612    942.125     10.161     10.230    28.0960    28.1581   4.885313   4.953498     2.7949     2.3871      37.92   28.74570  -89.99214   -0.00074    0.01360          6  0.000e+00
      22613    942.167     10.146     10.215    28.0932    28.1594   4.884491   4.952885     2.7937     2.3858      37.88   28.74570  -89.99214   -0.00028    0.01371          6  0.000e+00
      22614    942.208     10.161     10.230    28.0928    28.1599   4.884924   4.949684     2.7924     2.3834      37.85   28.74570  -89.99214    0.00015    0.01377          6  0.000e+00
      22615    942.250     10.146     10.215    28.0932    28.1553   4.885460   4.942558     2.7900     2.3822      37.85   28.74570  -89.99214    0.00053    0.01380          6  0.000e+00
      22616    942.292     10.108     10.177    28.0956    28.1490   4.887764   4.935662     2.7888     2.3810      37.88   28.74570  -89.99214    0.00089    0.01379          6  0.000e+00
      22617    942.333     10.146     10.215    28.0973    28.1448   4.891186   4.934332     2.7875     2.3773      37.88   28.74570  -89.99214    0.00121    0.01371          6  0.000e+00
      22618    942.375     10.108     10.177    28.0982    28.1446   4.892412   4.934855     2.7851     2.3761      37.88   28.74570  -89.99214    0.00149    0.01361          6  0.000e+00
      22619    942.417     10.146     10.215    28.1004    28.1476   4.892772   4.932756     2.7839     2.3736      37.88   28.74570  -89.99214    0.00172    0.01344          6  0.000e+00
      22620    942.458     10.108     10.177    28.1037    28.1490   4.894748   4.930650     2.7827     2.3700      37.88   28.74570  -89.99214    0.00193    0.01322          6  0.000e+00
      22621    942.500     10.146     10.215    28.1077    28.1426   4.898061   4.931726     2.7802     2.3675      37.88   28.74570  -89.99214    0.00208    0.01293          6  0.000e+00
      22622    942.542     10.108     10.177    28.1116    28.1463   4.900552   4.935662     2.7778     2.3651      37.88   28.74570  -89.99214    0.00220    0.01259          6  0.000e+00
      22623    942.583     10.086     10.154    28.1158    28.1522   4.901742   4.939920     2.7766     2.3614      37.88   28.74570  -89.99214    0.00228    0.01216          6  0.000e+00
      22624    942.625     10.108     10.177    28.1175    28.1529   4.902168   4.943171     2.7741     2.3590      37.88   28.74570  -89.99214    0.00233    0.01170          6  0.000e+00
      22625    942.667     10.086     10.154    28.1185    28.1544   4.900882   4.940907     2.7717     2.3553      37.88   28.74570  -89.99214    0.00232    0.01116          6  0.000e+00
      22626    942.708     10.108     10.177    28.1178    28.1547   4.899552   4.936879     2.7692     2.3529      37.88   28.74570  -89.99214    0.00229    0.01058          6  0.000e+00
      22627    942.750     10.086     10.154    28.1154    28.1522   4.899383   4.938105     2.7680     2.3504      37.88   28.74570  -89.99214    0.00222    0.00996          6  0.000e+00
      22628    942.792     10.108     10.177    28.1123    28.1551   4.900493   4.940862     2.7656     2.3468      37.88   28.74570  -89.99214    0.00211    0.00929          6  0.000e+00
      22629    942.833     10.033     10.101    28.1139    28.1571   4.901360   4.938882     2.7631     2.3443      37.88   28.74570  -89.99214    0.00196    0.00857          6  0.000e+00
      22630    942.875     10.108     10.177    28.1184    28.1503   4.901632   4.930860     2.7619     2.3419      37.88   28.74570  -89.99214    0.00178    0.00783          6  0.000e+00
      22631    942.917     10.033     10.101    28.1164    28.1389   4.902624   4.922679     2.7595     2.3382      37.88   28.74570  -89.99214    0.00158    0.00702          6  0.000e+00
      22632    942.958     10.048     10.116    28.1145    28.1315   4.903440   4.914362     2.7570     2.3358      37.88   28.74570  -89.99214    0.00133    0.00621          6  0.000e+00
      22633    943.000     10.086     10.154    28.1116    28.1247   4.903543   4.906744     2.7546     2.3333      37.88   28.74570  -89.99214    0.00104    0.00537          6  0.000e+00
      22634    943.042     10.048     10.116    28.1107    28.1146   4.902720   4.897672     2.7534     2.3309      37.88   28.74570  -89.99214    0.00073    0.00450          6  0.000e+00
      22635    943.083      9.972     10.040    28.1105    28.1019   4.900147   4.890154     2.7509     2.3272      37.88   28.74570  -89.99214    0.00039    0.00361          6  0.000e+00
