GOMECC/GOMECC-4/1db/rb2103_0301.ros
* Sea-Bird SBE 9 Data File:
* FileName = C:\Users\scs.user.rb\CTD\GOMECC4\data\rb2103_0301.hex
* Software Version Seasave V 7.26.7.107
* Temperature SN = 4799
* Conductivity SN = 3860
* Number of Bytes Per Scan = 41
* Number of Voltage Words = 4
* Number of Scans Averaged by the Deck Unit = 1
* NMEA Latitude = 27 00.64 N
* NMEA Longitude = 086 59.98 W
* NMEA UTC (Time) = Sep 22 2021  07:53:47
* NMEA baud rate = 4800
# nquan = 17
# nvalues = 3192                                  
# units = specified
# name 0 = scan: Scan Count
# name 1 = timeS: Time, Elapsed [seconds]
# name 2 = depSM: Depth [salt water, m]
# name 3 = prDM: Pressure, Digiquartz [db]
# name 4 = t090C: Temperature [ITS-90, deg C]
# name 5 = t190C: Temperature, 2 [ITS-90, deg C]
# name 6 = c0S/m: Conductivity [S/m]
# name 7 = c1S/m: Conductivity, 2 [S/m]
# name 8 = sbeox0V: Oxygen raw, SBE 43 [V]
# name 9 = sbeox1V: Oxygen raw, SBE 43, 2 [V]
# name 10 = altM: Altimeter [m]
# name 11 = latitude: Latitude [deg]
# name 12 = longitude: Longitude [deg]
# name 13 = sbox0dV/dT: Oxygen, SBE 43 [dov/dt]
# name 14 = sbox1dV/dT: Oxygen, SBE 43, 2 [dov/dt]
# name 15 = nbf: Bottles Fired
# name 16 = flag:  0.000e+00
# interval = seconds: 0.0416667
# start_time = Sep 22 2021 07:53:47 [NMEA time, header]
# bad_flag = -9.990e-29
*END*
[from data line 852]
     132184   5507.625   1729.462   1748.197     4.2822     4.2828   3.354432   3.354364     1.9170     1.5983     100.00   26.99000  -86.99810 -7.034e-07   -0.00013          7  0.000e+00
     132185   5507.667   1729.524   1748.260     4.2820     4.2826   3.354451   3.354364     1.9170     1.5983     100.00   26.99000  -86.99810    0.00002   -0.00012          7  0.000e+00
     132186   5507.708   1729.462   1748.197     4.2822     4.2829   3.354458   3.354364     1.9158     1.5971     100.00   26.99000  -86.99810    0.00001   -0.00013          7  0.000e+00
     132187   5507.750   1729.524   1748.260     4.2820     4.2826   3.354483   3.354364     1.9158     1.5971     100.00   26.99000  -86.99810    0.00002   -0.00013          7  0.000e+00
     132188   5507.792   1729.524   1748.260     4.2821     4.2827   3.354470   3.354345     1.9158     1.5971     100.00   26.99000  -86.99810    0.00003   -0.00013          7  0.000e+00
     132189   5507.833   1729.462   1748.197     4.2822     4.2829   3.354432   3.354358     1.9158     1.5971     100.00   26.99000  -86.99810    0.00003   -0.00014          7  0.000e+00
     132190   5507.875   1729.408   1748.143     4.2822     4.2827   3.354426   3.354364     1.9158     1.5971     100.00   26.99000  -86.99810    0.00002   -0.00016          7  0.000e+00
     132191   5507.917   1729.547   1748.284     4.2822     4.2826   3.354451   3.354345     1.9158     1.5971     100.00   26.99000  -86.99810    0.00001   -0.00016          7  0.000e+00
     132192   5507.958   1729.462   1748.198     4.2824     4.2828   3.354439   3.354313     1.9158     1.5983     100.00   26.99000  -86.99810    0.00000   -0.00015          7  0.000e+00
     132193   5508.000   1729.462   1748.198     4.2821     4.2829   3.354426   3.354326     1.9158     1.5971     100.00   26.99000  -86.99810   -0.00001   -0.00015          7  0.000e+00
     132194   5508.042   1729.462   1748.198     4.2822     4.2826   3.354451   3.354339     1.9158     1.5971     100.00   26.99000  -86.99810   -0.00002   -0.00017          7  0.000e+00
     132195   5508.083   1729.524   1748.260     4.2822     4.2827   3.354458   3.354377     1.9158     1.5971     100.00   26.99000  -86.99810   -0.00003   -0.00017          7  0.000e+00
     132196   5508.125   1729.408   1748.143     4.2824     4.2828   3.354439   3.354352     1.9158     1.5971     100.00   26.99000  -86.99810   -0.00004   -0.00018          7  0.000e+00
     132197   5508.167   1729.524   1748.261     4.2822     4.2831   3.354432   3.354358     1.9158     1.5983     100.00   26.99000  -86.99810   -0.00005   -0.00018          7  0.000e+00
     132198   5508.208   1729.409   1748.143     4.2822     4.2829   3.354451   3.354364     1.9158     1.5983     100.00   26.99000  -86.99810   -0.00006   -0.00016          7  0.000e+00
     132199   5508.250   1729.463   1748.198     4.2824     4.2829   3.354483   3.354364     1.9170     1.5971     100.00   26.99000  -86.99810   -0.00005   -0.00017          7  0.000e+00
     132200   5508.292   1729.463   1748.198     4.2821     4.2829   3.354439   3.354345     1.9170     1.5983     100.00   26.99000  -86.99810   -0.00005   -0.00015          7  0.000e+00
     132201   5508.333   1729.463   1748.198     4.2822     4.2829   3.354451   3.354339     1.9170     1.5983     100.00   26.99000  -86.99810   -0.00004   -0.00013          7  0.000e+00
     132202   5508.375   1729.463   1748.198     4.2824     4.2829   3.354407   3.354339     1.9170     1.5983     100.00   26.99000  -86.99810   -0.00003   -0.00014          7  0.000e+00
     132203   5508.417   1729.486   1748.222     4.2824     4.2826   3.354420   3.354358     1.9170     1.5983     100.00   26.99000  -86.99810   -0.00001   -0.00012          7  0.000e+00
     132204   5508.458   1729.463   1748.198     4.2822     4.2829   3.354451   3.354320     1.9158     1.5971     100.00   26.99000  -86.99810   -0.00000   -0.00012          7  0.000e+00
     132205   5508.500   1729.409   1748.143     4.2824     4.2829   3.354439   3.354396     1.9158     1.5971     100.00   26.99000  -86.99810    0.00000   -0.00013          7  0.000e+00
     132206   5508.542   1729.463   1748.198     4.2822     4.2826   3.354451   3.354358     1.9170     1.5971     100.00   26.99000  -86.99810    0.00001   -0.00015          7  0.000e+00
     132207   5508.583   1729.463   1748.198     4.2822     4.2829   3.354439   3.354332     1.9170     1.5971     100.00   26.99000  -86.99810    0.00003   -0.00015          7  0.000e+00
     132208   5508.625   1729.409   1748.143     4.2822     4.2828   3.354451   3.354352     1.9170     1.5971     100.00   26.99000  -86.99810    0.00006   -0.00015          7  0.000e+00
     132209   5508.667   1729.463   1748.198     4.2822     4.2828   3.354458   3.354345     1.9158     1.5983     100.00   26.99000  -86.99810    0.00006   -0.00013          7  0.000e+00
     132210   5508.708   1729.463   1748.198     4.2822     4.2829   3.354458   3.354339     1.9158     1.5983     100.00   26.99000  -86.99810    0.00005   -0.00011          7  0.000e+00
     132211   5508.750   1729.463   1748.198     4.2820     4.2828   3.354432   3.354339     1.9158     1.5983     100.00   26.99000  -86.99810    0.00004   -0.00010          7  0.000e+00
     132212   5508.792   1729.463   1748.198     4.2821     4.2829   3.354426   3.354339     1.9158     1.5983     100.00   26.99000  -86.99810    0.00005   -0.00008          7  0.000e+00
     132213   5508.833   1729.409   1748.144     4.2824     4.2828   3.354451   3.354339     1.9158     1.5983     100.00   26.99000  -86.99810    0.00006   -0.00008          7  0.000e+00
     132214   5508.875   1729.525   1748.261     4.2820     4.2827   3.354439   3.354339     1.9158     1.5971     100.00   26.99000  -86.99810    0.00006   -0.00008          7  0.000e+00
     132215   5508.917   1729.425   1748.159     4.2822     4.2826   3.354451   3.354339     1.9158     1.5983     100.00   26.99000  -86.99810    0.00005   -0.00007          7  0.000e+00
     132216   5508.958   1729.463   1748.199     4.2822     4.2826   3.354439   3.354332     1.9158     1.5971     100.00   26.99000  -86.99810    0.00004   -0.00009          7  0.000e+00
     132217   5509.000   1729.463   1748.199     4.2821     4.2827   3.354451   3.354313     1.9158     1.5971     100.00   26.99000  -86.99810    0.00003   -0.00009          7  0.000e+00
     132218   5509.042   1729.409   1748.144     4.2824     4.2828   3.354432   3.354326     1.9158     1.5971     100.00   26.99000  -86.99810    0.00002   -0.00009          7  0.000e+00
     132219   5509.083   1729.525   1748.261     4.2822     4.2827   3.354451   3.354339     1.9158     1.5971     100.00   26.99000  -86.99810    0.00002   -0.00009          7  0.000e+00
     132220   5509.125   1729.409   1748.144     4.2822     4.2829   3.354458   3.354358     1.9158     1.5983     100.00   26.99000  -86.99810    0.00001   -0.00007          7  0.000e+00
     132221   5509.167   1729.525   1748.261     4.2824     4.2828   3.354439   3.354364     1.9158     1.5971     100.00   26.99000  -86.99810   -0.00000   -0.00007          7  0.000e+00
     132222   5509.208   1729.410   1748.144     4.2819     4.2827   3.354426   3.354345     1.9158     1.5971     100.00   26.99000  -86.99810   -0.00001   -0.00007          7  0.000e+00
     132223   5509.250   1729.525   1748.262     4.2820     4.2828   3.354451   3.354358     1.9158     1.5983     100.00   26.99000  -86.99810   -0.00002   -0.00005          7  0.000e+00
     132224   5509.292   1729.464   1748.199     4.2821     4.2827   3.354458   3.354384     1.9170     1.5983     100.00   26.99000  -86.99810   -0.00002   -0.00003          7  0.000e+00
     132225   5509.333   1729.464   1748.199     4.2824     4.2826   3.354439   3.354345     1.9170     1.5983     100.00   26.99000  -86.99810   -0.00001   -0.00001          7  0.000e+00
     132226   5509.375   1729.525   1748.262     4.2819     4.2827   3.354432   3.354352     1.9170     1.5971     100.00   26.99000  -86.99810   -0.00000   -0.00003          7  0.000e+00
     132227   5509.417   1729.425   1748.160     4.2822     4.2828   3.354451   3.354345     1.9170     1.5983     100.00   26.99000  -86.99810    0.00002   -0.00001          7  0.000e+00
     132228   5509.458   1729.526   1748.262     4.2822     4.2826   3.354458   3.354339     1.9158     1.5971     100.00   26.99000  -86.99810    0.00001   -0.00001          7  0.000e+00
     132229   5509.500   1729.464   1748.199     4.2822     4.2826   3.354432   3.354358     1.9170     1.5983     100.00   26.99000  -86.99810    0.00003    0.00001          7  0.000e+00
     132230   5509.542   1729.526   1748.262     4.2820     4.2828   3.354426   3.354345     1.9170     1.5983     100.00   26.99000  -86.99810    0.00006    0.00002          7  0.000e+00
     132231   5509.583   1729.526   1748.262     4.2822     4.2831   3.354451   3.354358     1.9170     1.5983     100.00   26.99000  -86.99810    0.00007    0.00003          7  0.000e+00
     132232   5509.625   1729.464   1748.199     4.2822     4.2829   3.354458   3.354345     1.9158     1.5971     100.00   26.99000  -86.99810    0.00005    0.00001          7  0.000e+00
     132233   5509.667   1729.526   1748.262     4.2820     4.2828   3.354432   3.354358     1.9158     1.5971     100.00   26.99000  -86.99810    0.00006    0.00001          7  0.000e+00
     132234   5509.708   1729.526   1748.262     4.2822     4.2827   3.354426   3.354339     1.9158     1.5983     100.00   26.99000  -86.99810    0.00005    0.00001          7  0.000e+00
     132235   5509.750   1729.526   1748.262     4.2822     4.2829   3.354432   3.354332     1.9170     1.5983     100.00   26.99000  -86.99810    0.00006    0.00001          7  0.000e+00
     132236   5509.792   1729.526   1748.262     4.2820     4.2827   3.354401   3.354339     1.9158     1.5971     100.00   26.99000  -86.99810    0.00005    0.00001          7  0.000e+00
     132237   5509.833   1729.526   1748.262     4.2819     4.2829   3.354420   3.354339     1.9158     1.5983     100.00   26.99000  -86.99810    0.00005    0.00003          7  0.000e+00
     132238   5509.875   1729.526   1748.262     4.2822     4.2829   3.354426   3.354358     1.9158     1.5983     100.00   26.99000  -86.99810    0.00004    0.00005          7  0.000e+00
     132239   5509.917   1729.603   1748.341     4.2822     4.2828   3.354426   3.354345     1.9170     1.5971     100.00   26.99000  -86.99810    0.00005    0.00005          7  0.000e+00
     132240   5509.958   1729.526   1748.262     4.2822     4.2828   3.354426   3.354339     1.9158     1.5971     100.00   26.99000  -86.99810    0.00004    0.00005          7  0.000e+00
     132241   5510.000   1729.526   1748.262     4.2822     4.2829   3.354426   3.354339     1.9158     1.5971     100.00   26.99000  -86.99810    0.00004    0.00005          7  0.000e+00
     132242   5510.042   1729.580   1748.317     4.2820     4.2826   3.354426   3.354358     1.9158     1.5983     100.00   26.99000  -86.99810    0.00003    0.00007          7  0.000e+00
     132243   5510.083   1729.580   1748.317     4.2820     4.2831   3.354407   3.354339     1.9158     1.5971     100.00   26.99000  -86.99810    0.00002    0.00006          7  0.000e+00
     132244   5510.125   1729.580   1748.317     4.2824     4.2826   3.354445   3.354332     1.9158     1.5983     100.00   26.99000  -86.99810    0.00001    0.00006          7  0.000e+00
     132245   5510.167   1729.580   1748.317     4.2820     4.2828   3.354458   3.354377     1.9158     1.5983     100.00   26.99000  -86.99810 -8.792e-07    0.00006          7  0.000e+00
     132246   5510.208   1729.526   1748.263     4.2822     4.2827   3.354458   3.354352     1.9170     1.5983     100.00   26.99000  -86.99810    0.00001    0.00008          7  0.000e+00
     132247   5510.250   1729.642   1748.380     4.2822     4.2828   3.354458   3.354339     1.9170     1.5983     100.00   26.99000  -86.99810    0.00001    0.00008          7  0.000e+00
     132248   5510.292   1729.580   1748.317     4.2824     4.2827   3.354414   3.354339     1.9158     1.5983     100.00   26.99000  -86.99810 1.7584e-07    0.00008          7  0.000e+00
     132249   5510.333   1729.581   1748.318     4.2822     4.2828   3.354439   3.354313     1.9158     1.5983     100.00   26.99000  -86.99810   -0.00001    0.00008          7  0.000e+00
     132250   5510.375   1729.604   1748.341     4.2819     4.2829   3.354439   3.354307     1.9170     1.5983     100.00   26.99000  -86.99810   -0.00001    0.00010          7  0.000e+00
     132251   5510.417   1729.581   1748.318     4.2822     4.2828   3.354426   3.354345     1.9170     1.5983     100.00   26.99000  -86.99810    0.00002    0.00010          7  0.000e+00
     132252   5510.458   1729.642   1748.380     4.2820     4.2829   3.354426   3.354364     1.9170     1.5983     100.00   26.99000  -86.99810    0.00004    0.00010          7  0.000e+00
     132253   5510.500   1729.642   1748.380     4.2819     4.2826   3.354451   3.354339     1.9170     1.5983     100.00   26.99000  -86.99810    0.00006    0.00011          7  0.000e+00
     132254   5510.542   1729.643   1748.380     4.2822     4.2828   3.354458   3.354377     1.9170     1.5983     100.00   26.99000  -86.99810    0.00009    0.00013          7  0.000e+00
     132255   5510.583   1729.581   1748.318     4.2820     4.2826   3.354458   3.354352     1.9170     1.5983     100.00   26.99000  -86.99810    0.00011    0.00015          7  0.000e+00
     132256   5510.625   1729.643   1748.381     4.2822     4.2829   3.354432   3.354358     1.9158     1.5983     100.00   26.99000  -86.99810    0.00012    0.00015          7  0.000e+00
     132257   5510.667   1729.643   1748.381     4.2822     4.2826   3.354426   3.354320     1.9158     1.5983     100.00   26.99000  -86.99810    0.00010    0.00014          7  0.000e+00
     132258   5510.708   1729.643   1748.381     4.2822     4.2829   3.354426   3.354345     1.9170     1.5983     100.00   26.99000  -86.99810    0.00011    0.00014          7  0.000e+00
     132259   5510.750   1729.704   1748.443     4.2819     4.2829   3.354426   3.354345     1.9158     1.5971     100.00   26.99000  -86.99810    0.00010    0.00014          7  0.000e+00
     132260   5510.792   1729.581   1748.318     4.2822     4.2827   3.354451   3.354358     1.9158     1.5983     100.00   26.99000  -86.99810    0.00009    0.00014          7  0.000e+00
     132261   5510.833   1729.705   1748.443     4.2821     4.2828   3.354458   3.354364     1.9158     1.5983     100.00   26.99000  -86.99810    0.00007    0.00014          7  0.000e+00
     132262   5510.875   1729.666   1748.404     4.2822     4.2826   3.354464   3.354364     1.9158     1.5971     100.00   26.99000  -86.99810    0.00006    0.00012          7  0.000e+00
     138434   5768.042   1534.598   1550.499     4.2951     4.2955   3.347320   3.347236     1.9426     1.6227     100.00   26.98922  -86.99824    0.00001 -1.133e-11          8  0.000e+00
     138435   5768.083   1534.537   1550.437     4.2950     4.2958   3.347288   3.347224     1.9426     1.6227     100.00   26.98922  -86.99824    0.00002   -0.00000          8  0.000e+00
     138436   5768.125   1534.483   1550.382     4.2953     4.2962   3.347275   3.347217     1.9426     1.6227     100.00   26.98922  -86.99824    0.00002   -0.00000          8  0.000e+00
     138437   5768.167   1534.421   1550.320     4.2950     4.2955   3.347275   3.347217     1.9426     1.6227     100.00   26.98922  -86.99824    0.00002    0.00001          8  0.000e+00
     138438   5768.208   1534.421   1550.320     4.2949     4.2955   3.347275   3.347217     1.9426     1.6227     100.00   26.98922  -86.99824    0.00003    0.00001          8  0.000e+00
