GOMECC/GOMECC-4/1db/rb2103_0231.cnv
* Sea-Bird SBE 9 Data File:
* FileName = C:\Users\scs.user.rb\CTD\GOMECC4\data\rb2103_0231.hex
* Software Version Seasave V 7.26.7.107
* Temperature SN = 4799
* Conductivity SN = 3860
* Number of Bytes Per Scan = 41
* Number of Voltage Words = 4
* Number of Scans Averaged by the Deck Unit = 1
* NMEA Latitude = 28 51.94 N
* NMEA Longitude = 085 55.30 W
* NMEA UTC (Time) = Sep 21 2021  03:02:09
* NMEA baud rate = 4800
# nquan = 28
# nvalues = 354                         
# units = specified
# name 0 = scan: Scan Count
# name 1 = timeS: Time, Elapsed [seconds]
# name 2 = depSM: Depth [salt water, m]
# name 3 = prDM: Pressure, Digiquartz [db]
# name 4 = t090C: Temperature [ITS-90, deg C]
# name 5 = t190C: Temperature, 2 [ITS-90, deg C]
# name 6 = c0S/m: Conductivity [S/m]
# name 7 = c1S/m: Conductivity, 2 [S/m]
# name 8 = sbeox0V: Oxygen raw, SBE 43 [V]
# name 9 = sbeox1V: Oxygen raw, SBE 43, 2 [V]
# name 10 = altM: Altimeter [m]
# name 11 = latitude: Latitude [deg]
# name 12 = longitude: Longitude [deg]
# name 13 = sbox0dV/dT: Oxygen, SBE 43 [dov/dt]
# name 14 = sbox1dV/dT: Oxygen, SBE 43, 2 [dov/dt]
# name 15 = sbeox0ML/L: Oxygen, SBE 43 [ml/l], WS = 5
# name 16 = sbeox1ML/L: Oxygen, SBE 43, 2 [ml/l], WS = 5
# name 17 = potemp090C: Potential Temperature [ITS-90, deg C]
# name 18 = potemp190C: Potential Temperature, 2 [ITS-90, deg C]
# name 19 = sal00: Salinity, Practical [PSU]
# name 20 = sal11: Salinity, Practical, 2 [PSU]
# name 21 = sigma-é00: Density [sigma-theta, kg/m^3]
# name 22 = sigma-é11: Density, 2 [sigma-theta, kg/m^3]
# name 23 = avgsvCM: Average Sound Velocity [Chen-Millero, m/s], minP = 20, minS = 20
# name 24 = sbox0Mm/Kg: Oxygen, SBE 43 [umol/kg], WS = 5
# name 25 = sbox1Mm/Kg: Oxygen, SBE 43, 2 [umol/kg], WS = 5
# name 26 = nbin: number of scans per bin
# name 27 = flag: flag
# span 0 =      21061,      67767       
# span 1 =    877.497,   2823.570       
# span 2 =      1.986,    245.195       
# span 3 =      2.000,    247.000       
# span 4 =    12.2038,    28.9328       
# span 5 =    12.2064,    28.9534       
# span 6 =   4.084020,   5.782293       
# span 7 =   4.084286,   5.782622       
# span 8 =     1.6770,     3.1373       
# span 9 =     1.3770,     2.6662       
# span 10 =      11.22,     100.82      
# span 11 =   28.85678,   29.05426      
# span 12 =  -86.50484,  -85.91560      
# span 13 =   -0.02971,    0.01900      
# span 14 =   -0.02741,    0.01817      
# span 15 =     2.4858,     4.4300      
# span 16 =     2.5216,     4.4626      
# span 17 =    12.1710,    28.9244      
# span 18 =    12.1748,    28.9449      
# span 19 =    34.6754,    36.5621      
# span 20 =    34.6766,    36.5629      
# span 21 =    21.9970,    26.9632      
# span 22 =    21.9975,    26.9628      
# span 23 =       0.00,    1557.58      
# span 24 =    108.100,    193.292      
# span 25 =    109.659,    194.540      
# span 26 =         30,         70      
# span 27 = 0.0000e+00, 0.0000e+00      
# interval = decibars: 1                
# start_time = Sep 21 2021 03:02:09 [NMEA time, header]
# bad_flag = -9.990e-29
*END*
[from data line 311]
      54921   2288.341     62.567     63.000    24.3277    24.3029   5.402911   5.399645     2.9452     2.5095     100.00   28.85956  -85.92476    0.00596    0.00438     4.3835     4.4037    24.3142    24.2895    36.2298    36.2288    24.4788    24.4854    1521.23    191.089    191.967         52 0.0000e+00
      54973   2290.502     61.574     62.000    24.4443    24.4300   5.414341   5.412373     2.9564     2.5185     100.00   28.85956  -85.92476    0.00626    0.00383     4.3959     4.4132    24.4310    24.4168    36.2220    36.2186    24.4377    24.4395    1521.23    191.636    192.393         50 0.0000e+00
      55023   2292.567     60.581     61.000    24.5365    24.4944   5.423727   5.419750     2.9620     2.5264     100.00   28.85956  -85.92476    0.00382    0.00443     4.3988     4.4247    24.5234    24.4813    36.2184    36.2225    24.4072    24.4230    1521.23    191.771    192.896         51 0.0000e+00
      55076   2294.795     59.588     60.000    24.6235    24.5246   5.432598   5.421604     2.9663     2.5240     100.00   28.85956  -85.92476    0.00226    0.00094     4.3999     4.4165    24.6105    24.5117    36.2153    36.2144    24.3785    24.4076    1521.23    191.824    192.542         55 0.0000e+00
      55128   2296.968     58.596     59.000    24.6747    24.6394   5.436932   5.432297     2.9686     2.5300      93.79   28.85956  -85.92476    0.00146    0.00030     4.3999     4.4209    24.6620    24.6267    36.2068    36.2005    24.3565    24.3623    1521.23    191.828    192.744         49 0.0000e+00
      55177   2299.015     57.602     58.000    24.8047    24.7626   5.450119   5.444507     2.9720     2.5301      91.14   28.85956  -85.92476    0.00118    0.00235     4.3956     4.4114    24.7922    24.7501    36.1990    36.1932    24.3111    24.3194    1521.23    191.647    192.338         49 0.0000e+00
      55227   2301.082     56.609     57.000    25.0228    24.9818   5.470598   5.466700     2.9736     2.5357      99.82   28.85955  -85.92476    0.00147    0.00080     4.3809     4.4068    25.0104    24.9695    36.1796    36.1851    24.2298    24.2449    1521.23    191.024    192.147         53 0.0000e+00
      55283   2303.398     55.616     56.000    25.0563    25.0310   5.473735   5.471835     2.9759     2.5375     100.00   28.85954  -85.92476    0.00034    0.00244     4.3827     4.4064    25.0441    25.0188    36.1765    36.1824    24.2172    24.2296    1521.23    191.102    192.134         45 0.0000e+00
      58188   2424.465     47.672     48.000    27.3101    27.2940   5.688647   5.687407     3.0144     2.5643     100.08   28.88322  -85.99522    0.00083    0.00156     4.2814     4.2984    27.2990    27.2829    35.9873    35.9909    23.3696    23.3775    1522.48    186.843    187.586         62 0.0000e+00
      58205   2425.163     46.679     47.000    27.5855    27.4865   5.710735   5.701724     3.0238     2.5678     100.00   28.85952  -85.92466    0.00296    0.00118     4.2769     4.2901    27.5829    27.4756    35.9129    35.9296    23.2174    23.2641    1521.23    186.671    187.240         63 0.0000e+00
      58263   2427.596     45.686     46.000    27.7490    27.6163   5.725536   5.712004     3.0375     2.5732     100.00   28.85951  -85.92466    0.00657    0.00300     4.2904     4.2928    27.7338    27.6055    35.9013    35.9077    23.1596    23.2062    1521.23    187.272    187.370         60 0.0000e+00
      58331   2430.400     44.693     45.000    27.9976    27.8268   5.746902   5.732495     3.0448     2.5806     100.00   28.85950  -85.92466    0.00283    0.00213     4.2856     4.2922    27.9871    27.8162    35.8604    35.8891    23.0460    23.1234    1521.23    187.083    187.358         67 0.0000e+00
      58394   2433.032     43.700     44.000    28.1813    28.2217   5.759325   5.761965     3.0470     2.5825     100.00   28.85950  -85.92466    0.00173    0.00174     4.2757     4.2709    28.1654    28.2113    35.8125    35.7941    22.9514    22.9215    1521.23    186.666    186.462         67 0.0000e+00
      58460   2435.790     42.707     43.000    28.3251    28.3463   5.766934   5.769164     3.0456     2.5803     100.00   28.85950  -85.92466   -0.00094   -0.00114     4.2639     4.2581    28.3149    28.3360    35.7530    35.7526    22.8574    22.8502    1521.23    186.171    185.917         63 0.0000e+00
      58523   2438.400     41.714     42.000    28.4736    28.4610   5.773672   5.773718     3.0464     2.5839      94.39   28.85950  -85.92466    0.00046    0.00072     4.2554     4.2574    28.4636    28.4509    35.6893    35.6982    22.7604    22.7713    1521.23    185.819    185.903         64 0.0000e+00
      61046   2543.524     34.762     35.000    28.9328    28.9534   5.759967   5.759600     3.1037     2.6324      98.10   28.98888  -86.30999    0.00055   -0.00034     4.3375     4.3355    28.9244    28.9449    35.3283    35.3090    22.3603    22.3390    1528.05    189.493    189.412         36 0.0000e+00
      60835   2534.748     33.769     34.000    28.7683    28.7837   5.732651   5.731836     3.0924     2.6257     100.00   28.85944  -85.92460    0.00075    0.00081     4.3248     4.3289    28.7601    28.7755    35.1846    35.1667    22.2827    22.2641    1521.23    188.935    189.116         59 0.0000e+00
      60898   2537.390     32.776     33.000    28.7619    28.7725   5.718278   5.721914     3.0948     2.6289      84.96   28.85944  -85.92461    0.00054    0.00225     4.3315     4.3365    28.7540    28.7646    35.0914    35.1088    22.2148    22.2244    1521.23    189.239    189.460         68 0.0000e+00
      60963   2540.068     31.783     32.000    28.7062    28.7019   5.698871   5.704912     3.0976     2.6284     100.39   28.85944  -85.92460    0.00196   -0.00063     4.3425     4.3416    28.6985    28.6943    34.9984    35.0434    22.1633    22.1985    1521.23    189.729    189.687         57 0.0000e+00
      61018   2542.377     30.789     31.000    28.6383    28.6145   5.681218   5.679907     3.1029     2.6312     100.00   28.85942  -85.92460    0.00098    0.00130     4.3587     4.3547    28.6306    28.6073    34.9266    34.9237    22.1319    22.1393    1521.23    190.445    190.268         58 0.0000e+00
      61078   2544.885     29.796     30.000    28.5902    28.5867   5.667048   5.666822     3.1065     2.6368     100.00   28.85942  -85.92460    0.00207    0.00167     4.3699     4.3703    28.5830    28.5795    34.8639    34.8646    22.1005    22.1023    1521.23    190.941    190.957         64 0.0000e+00
      61146   2547.713     28.803     29.000    28.5882    28.5880   5.663686   5.664220     3.1084     2.6407     100.00   28.85942  -85.92460    0.00065    0.00132     4.3735     4.3779    28.5813    28.5811    34.8422    34.8461    22.0849    22.0879    1521.23    191.102    191.294         63 0.0000e+00
      61202   2550.033     27.810     28.000    28.5849    28.5869   5.661188   5.663426     3.1096     2.6391     100.00   28.85943  -85.92460    0.00059    0.00065     4.3762     4.3750    28.5782    28.5802    34.8271    34.8318    22.0745    22.0774    1521.23    191.220    191.166         58 0.0000e+00
      61262   2552.550     26.817     27.000    28.5762    28.5794   5.657109   5.658319     3.1091     2.6438     100.00   28.85942  -85.92459    0.00028    0.00051     4.3755     4.3847    28.5698    28.5729    34.8060    34.8121    22.0615    22.0650    1521.23    191.191    191.595         59 0.0000e+00
      61325   2555.149     25.824     26.000    28.5832    28.5808   5.658059   5.657791     3.1093     2.6439      96.93   28.85942  -85.92458   -0.00033    0.00093     4.3749     4.3844    28.5770    28.5746    34.8078    34.8077    22.0604    22.0612    1521.23    191.164    191.582         66 0.0000e+00
      61387   2557.752     24.831     25.000    28.5975    28.5944   5.659029   5.659267     3.1107     2.6438      99.91   28.85942  -85.92458    0.00037   -0.00008     4.3759     4.3827    28.5915    28.5885    34.8043    34.8082    22.0530    22.0569    1521.23    191.212    191.506         58 0.0000e+00
      61444   2560.133     23.837     24.000    28.5955    28.5961   5.657244   5.657986     3.1115     2.6448      81.83   28.85942  -85.92458    0.00070   -0.00013     4.3773     4.3842    28.5898    28.5904    34.7937    34.7984    22.0456    22.0489    1521.23    191.273    191.576         59 0.0000e+00
      61507   2562.736     22.844     23.000    28.5731    28.5779   5.650691   5.652105     3.1117     2.6501      96.88   28.85942  -85.92458    0.00012    0.00230     4.3792     4.3965    28.5675    28.5724    34.7651    34.7713    22.0315    22.0345    1521.23    191.359    192.115         62 0.0000e+00
      61568   2565.309     21.851     22.000    28.5477    28.5680   5.642746   5.649179     3.1120     2.6446     100.02   28.85942  -85.92458   -0.00022   -0.00127     4.3817     4.3863    28.5424    28.5627    34.7385    34.7602    22.0198    22.0294    1521.23    191.469    191.671         63 0.0000e+00
      64634   2693.035     14.899     15.000    28.6639    28.6648   5.665075   5.665408     3.1373     2.6662     100.68   29.05426  -86.50484   -0.00033   -0.00032     4.4233     4.4282    28.6604    28.6612    34.9120    34.9137    22.1473    22.1482    1531.50    193.292    193.508         35 0.0000e+00
      64252   2677.123     13.906     14.000    28.4738    28.4748   5.627553   5.627643     3.1165     2.6477     100.00   28.85934  -85.92450    0.00035   -0.00085     4.3934     4.3967    28.4705    28.4715    34.6798    34.6797    21.9994    21.9990    1521.23    191.984    192.127         54 0.0000e+00
      64311   2679.580     12.912     13.000    28.4778    28.4834   5.628081   5.629029     3.1173     2.6520      96.36   28.85934  -85.92450    0.00068    0.00052     4.3940     4.4043    28.4747    28.4803    34.6809    34.6832    21.9989    21.9987    1521.23    192.013    192.463         56 0.0000e+00
      64361   2681.687     11.919     12.000    28.4706    28.4781   5.627046   5.628262     3.1156     2.6499      90.81   28.85934  -85.92450   -0.00082    0.00075     4.3909     4.3998    28.4677    28.4752    34.6792    34.6822    21.9999    21.9997    1521.23    191.874    192.267         50 0.0000e+00
      64410   2683.700     10.926     11.000    28.4681    28.4709   5.626545   5.627034     3.1167     2.6492      98.49   28.85934  -85.92450   -0.00015   -0.00072     4.3926     4.3985    28.4655    28.4683    34.6778    34.6792    21.9996    21.9997    1521.23    191.951    192.209         46 0.0000e+00
      64456   2685.634      9.932     10.000    28.4687    28.4704   5.626504   5.626870     3.1157     2.6496      71.76   28.85934  -85.92450    0.00039   -0.00015     4.3902     4.3990    28.4663    28.4680    34.6774    34.6787    21.9990    21.9994    1521.23    191.845    192.228         47 0.0000e+00
      64504   2687.613      8.939      9.000    28.4704    28.4710   5.626708   5.626867     3.1165     2.6496      77.44   28.85934  -85.92450   -0.00035    0.00042     4.3911     4.3982    28.4683    28.4689    34.6779    34.6785    21.9987    21.9990    1521.23    191.886    192.195         50 0.0000e+00
      64559   2689.917      7.946      8.000    28.4725    28.4725   5.626942   5.627055     3.1146     2.6497     100.43   28.85934  -85.92450   -0.00011   -0.00060     4.3868     4.3977    28.4706    28.4706    34.6783    34.6790    21.9983    21.9988    1521.23    191.699    192.174         57 0.0000e+00
      64609   2692.017      6.953      7.000    28.4715    28.4725   5.626770   5.627035     3.1165     2.6509     100.00   28.85934  -85.92450    0.00009    0.00071     4.3900     4.3998    28.4698    28.4708    34.6781    34.6792    21.9984    21.9989    1521.23    191.837    192.265         36 0.0000e+00
      64674   2694.716      5.960      6.000    28.4718    28.4724   5.626803   5.626982     3.1196     2.6525     100.00   28.85934  -85.92449    0.00102    0.00065     4.3950     4.4024    28.4703    28.4709    34.6784    34.6792    21.9984    21.9989    1521.23    192.055    192.378         37 0.0000e+00
      64761   2698.323      4.967      5.000    28.4692    28.4695   5.626429   5.626486     3.1200     2.6548     100.00   28.85933  -85.92448   -0.00013    0.00000     4.3956     4.4068    28.4680    28.4683    34.6780    34.6786    21.9989    21.9993    1521.23    192.080    192.572         38 0.0000e+00
      66479   2769.900      3.973      4.000    28.4610    28.4614   5.625271   5.625513     3.1202     2.6517     100.00   28.85930  -85.92442    0.00031   -0.00117     4.3958     4.4006    28.4601    28.4604    34.6766    34.6777    22.0005    22.0011    1521.23    192.091    192.299         37 0.0000e+00
      67572   2815.466      2.980      3.000    28.4598    28.4600   5.625182   5.625381     3.1198     2.6524      84.21   28.85927  -85.92439    0.00035    0.00082     4.3947     4.4017    28.4591    28.4593    34.6770    34.6781    22.0011    22.0018    1521.23    192.042    192.347         32 0.0000e+00
      67767   2823.570      1.986      2.000    28.4590    28.4592   5.625163   5.625359     3.1192     2.6536      65.94   28.85926  -85.92438   -0.00048    0.00060     4.3933     4.4037    28.4585    28.4587    34.6775    34.6787    22.0017    22.0025    1521.23    191.979    192.433         34 0.0000e+00
