GOMECC/GOMECC-4/1db/rb2103_0711.cnv
* Sea-Bird SBE 9 Data File:
* FileName = C:\Users\scs.user.rb\CTD\GOMECC4\data\rb2103_0711.hex
* Software Version Seasave V 7.26.7.107
* Temperature SN = 4799
* Conductivity SN = 3860
* Number of Bytes Per Scan = 41
* Number of Voltage Words = 4
* Number of Scans Averaged by the Deck Unit = 1
* NMEA Latitude = 26 03.51 N
* NMEA Longitude = 094 11.79 W
* NMEA UTC (Time) = Oct 03 2021  22:34:45
* NMEA baud rate = 4800
# nquan = 28
# nvalues = 667                         
# units = specified
# name 0 = scan: Scan Count
# name 1 = timeS: Time, Elapsed [seconds]
# name 2 = depSM: Depth [salt water, m]
# name 3 = prDM: Pressure, Digiquartz [db]
# name 4 = t090C: Temperature [ITS-90, deg C]
# name 5 = t190C: Temperature, 2 [ITS-90, deg C]
# name 6 = c0S/m: Conductivity [S/m]
# name 7 = c1S/m: Conductivity, 2 [S/m]
# name 8 = sbeox0V: Oxygen raw, SBE 43 [V]
# name 9 = sbeox1V: Oxygen raw, SBE 43, 2 [V]
# name 10 = altM: Altimeter [m]
# name 11 = latitude: Latitude [deg]
# name 12 = longitude: Longitude [deg]
# name 13 = sbox0dV/dT: Oxygen, SBE 43 [dov/dt]
# name 14 = sbox1dV/dT: Oxygen, SBE 43, 2 [dov/dt]
# name 15 = sbeox0ML/L: Oxygen, SBE 43 [ml/l], WS = 5
# name 16 = sbeox1ML/L: Oxygen, SBE 43, 2 [ml/l], WS = 5
# name 17 = potemp090C: Potential Temperature [ITS-90, deg C]
# name 18 = potemp190C: Potential Temperature, 2 [ITS-90, deg C]
# name 19 = sal00: Salinity, Practical [PSU]
# name 20 = sal11: Salinity, Practical, 2 [PSU]
# name 21 = sigma-é00: Density [sigma-theta, kg/m^3]
# name 22 = sigma-é11: Density, 2 [sigma-theta, kg/m^3]
# name 23 = avgsvCM: Average Sound Velocity [Chen-Millero, m/s], minP = 20, minS = 20
# name 24 = sbox0Mm/Kg: Oxygen, SBE 43 [umol/kg], WS = 5
# name 25 = sbox1Mm/Kg: Oxygen, SBE 43, 2 [umol/kg], WS = 5
# name 26 = nbin: number of scans per bin
# name 27 = flag: flag
# span 0 =      18024,     245271       
# span 1 =    750.978,  10219.587       
# span 2 =      1.987,   2992.714       
# span 3 =      2.000,   3034.000       
# span 4 =     4.2901,    30.4469       
# span 5 =     4.2908,    30.4409       
# span 6 =   3.352214,   6.119088       
# span 7 =   3.352173,   6.118312       
# span 8 =     1.5664,     3.3277       
# span 9 =     1.2690,     2.8426       
# span 10 =      10.30,     105.13      
# span 11 =   25.96007,   26.84624      
# span 12 =  -97.04922,  -93.84388      
# span 13 =   -0.05326,    0.04843      
# span 14 =   -0.05164,    0.04783      
# span 15 =     2.3905,     4.9399      
# span 16 =     2.4053,     4.9412      
# span 17 =     4.0797,    30.4464      
# span 18 =     4.0808,    30.4404      
# span 19 =    34.9073,    37.1229      
# span 20 =    34.9056,    37.1242      
# span 21 =    22.7257,    27.7593      
# span 22 =    22.7274,    27.7578      
# span 23 =       0.00,    1555.17      
# span 24 =    103.943,    215.456      
# span 25 =    104.590,    215.511      
# span 26 =         30,         80      
# span 27 = 0.0000e+00, 0.0000e+00      
# interval = decibars: 1                
# start_time = Oct 03 2021 22:34:45 [NMEA time, header]
# bad_flag = -9.990e-29
*END*
[from data line 415]
     161152   6714.635   1427.676   1442.000     4.4199     4.4204   3.353482   3.353440     1.9206     1.5982      87.36   26.05890  -94.19654   -0.00005    0.00007     4.4613     4.4796     4.3004     4.3009    34.9631    34.9621    27.7249    27.7240    1502.69    193.866    194.660         38 0.0000e+00
     161189   6716.148   1426.689   1441.000     4.4210     4.4217   3.353541   3.353504     1.9207     1.5980      98.10   26.05890  -94.19654    0.00002   -0.00006     4.4610     4.4783     4.3016     4.3023    34.9632    34.9620    27.7248    27.7237    1502.69    193.852    194.605         34 0.0000e+00
     161333   6722.167   1421.756   1436.000     4.4267     4.4276   3.353816   3.353787     1.9207     1.5986     100.00   26.05882  -94.19625    0.00001    0.00008     4.4574     4.4768     4.3077     4.3086    34.9628    34.9616    27.7238    27.7228    1502.69    193.696    194.542         32 0.0000e+00
     161989   6749.489   1397.086   1411.000     4.4436     4.4440   3.354243   3.354192     1.9205     1.5979     100.00   26.05924  -94.19784   -0.00005   -0.00005     4.4400     4.4577     4.3268     4.3272    34.9623    34.9613    27.7213    27.7205    1502.71    192.941    193.713         30 0.0000e+00
     163571   6815.412   1336.881   1350.000     4.5006     4.5013   3.356507   3.356473     1.9155     1.5934     100.00   26.05878  -94.19621   -0.00009   -0.00005     4.3797     4.3974     4.3888     4.3895    34.9589    34.9578    27.7118    27.7109    1502.68    190.325    191.093         30 0.0000e+00
     163697   6820.664   1331.945   1345.000     4.5058     4.5054   3.356765   3.356654     1.9155     1.5934     100.00   26.05903  -94.19710    0.00005   -0.00004     4.3764     4.3941     4.3944     4.3940    34.9589    34.9580    27.7113    27.7106    1502.70    190.178    190.949         33 0.0000e+00
     164699   6862.410   1293.443   1306.000     4.5401     4.5406   3.358053   3.358010     1.9125     1.5907     100.00   26.05884  -94.19649   -0.00019   -0.00008     4.3390     4.3573     4.4320     4.4325    34.9571    34.9561    27.7057    27.7048    1502.69    188.555    189.351         31 0.0000e+00
     164824   6867.618   1288.507   1301.000     4.5543     4.5553   3.359075   3.359075     1.9120     1.5900     100.00   26.05891  -94.19677   -0.00004   -0.00012     4.3327     4.3499     4.4465     4.4475    34.9566    34.9556    27.7037    27.7028    1502.69    188.284    189.032         30 0.0000e+00
     165364   6890.135   1267.772   1280.000     4.6302     4.6312   3.364729   3.364730     1.9007     1.5781     100.00   26.05882  -94.19643   -0.00057   -0.00077     4.2709     4.2822     4.5236     4.5247    34.9533    34.9522    27.6925    27.6915    1502.69    185.598    186.089         30 0.0000e+00
     165492   6895.447   1262.834   1275.000     4.6435     4.6457   3.365686   3.365771     1.8973     1.5747     100.00   26.05890  -94.19672   -0.00048   -0.00044     4.2542     4.2644     4.5373     4.5394    34.9529    34.9516    27.6907    27.6895    1502.69    184.875    185.319         32 0.0000e+00
     166156   6923.129   1237.159   1249.000     4.6798     4.6812   3.367617   3.367657     1.8905     1.5700     100.00   26.05832  -94.19465   -0.00022   -0.00041     4.2110     4.2277     4.5756     4.5770    34.9502    34.9491    27.6843    27.6833    1502.66    182.999    183.722         30 0.0000e+00
     166311   6929.582   1231.233   1243.000     4.6900     4.6910   3.368268   3.368271     1.8896     1.5691     100.00   26.05844  -94.19517   -0.00020   -0.00024     4.2032     4.2194     4.5863     4.5873    34.9500    34.9490    27.6830    27.6821    1502.67    182.657    183.361         30 0.0000e+00
     167155   6964.760   1198.640   1210.000     4.7292     4.7322   3.370239   3.370328     1.8849     1.5643     100.00   26.05818  -94.19420    0.00005    0.00001     4.1640     4.1782     4.6282     4.6311    34.9482    34.9461    27.6768    27.6748    1502.65    180.957    181.573         30 0.0000e+00
     168575   7023.925   1145.294   1156.000     4.8648     4.8693   3.379569   3.379816     1.8634     1.5457      99.82   26.05707  -94.19030   -0.00047   -0.00029     4.0433     4.0620     4.7675     4.7720    34.9412    34.9399    27.6555    27.6539    1502.59    175.715    176.529         44 0.0000e+00
     168945   7039.324   1142.329   1153.000     4.8725     4.8801   3.379998   3.380563     1.8622     1.5444      94.05   26.05608  -94.18671    0.00000   -0.00021     4.0367     4.0546     4.7754     4.7830    34.9395    34.9381    27.6532    27.6513    1502.53    175.427    176.204         42 0.0000e+00
     171273   7136.338   1139.366   1150.000     4.8969     4.8985   3.382397   3.382465     1.8580     1.5410     100.00   26.05972  -94.19990    0.00016 -6.997e-07     4.0170     4.0374     4.8000     4.8016    34.9435    34.9426    27.6536    27.6527    1502.74    174.574    175.459         43 0.0000e+00
     171379   7140.769   1138.378   1149.000     4.8962     4.8981   3.382196   3.382282     1.8579     1.5409     100.00   26.05882  -94.19664    0.00008   -0.00001     4.0163     4.0367     4.7994     4.8012    34.9423    34.9413    27.6527    27.6518    1502.69    174.543    175.427         75 0.0000e+00
     171451   7143.731   1137.389   1148.000     4.8979     4.8989   3.382293   3.382294     1.8580     1.5410      85.87   26.05882  -94.19664    0.00003    0.00004     4.0162     4.0363     4.8011     4.8021    34.9422    34.9412    27.6524    27.6515    1502.69    174.536    175.413         62 0.0000e+00
     171509   7146.159   1136.401   1147.000     4.9020     4.9040   3.382597   3.382678     1.8583     1.5410     100.82   26.05882  -94.19664    0.00010    0.00000     4.0162     4.0354     4.8053     4.8072    34.9420    34.9409    27.6518    27.6507    1502.69    174.537    175.374         50 0.0000e+00
     171549   7147.819   1135.413   1146.000     4.9021     4.9064   3.382558   3.382859     1.8584     1.5411     100.00   26.05882  -94.19664    0.00006    0.00003     4.0159     4.0349     4.8054     4.8097    34.9420    34.9411    27.6518    27.6506    1502.69    174.524    175.351         36 0.0000e+00
     171584   7149.278   1134.425   1145.000     4.9060     4.9084   3.382882   3.383004     1.8583     1.5410     100.00   26.05882  -94.19664    0.00004    0.00004     4.0147     4.0340     4.8094     4.8118    34.9420    34.9410    27.6514    27.6503    1502.69    174.471    175.313         34 0.0000e+00
     171617   7150.683   1133.437   1144.000     4.9079     4.9091   3.383003   3.383033     1.8584     1.5409     100.00   26.05882  -94.19664    0.00001   -0.00004     4.0142     4.0329     4.8114     4.8126    34.9420    34.9410    27.6511    27.6502    1502.69    174.450    175.263         33 0.0000e+00
     171777   7157.345   1127.509   1138.000     4.9296     4.9318   3.384614   3.384718     1.8573     1.5408     100.00   26.05863  -94.19597   -0.00009    0.00007     4.0050     4.0271     4.8335     4.8356    34.9408    34.9398    27.6476    27.6466    1502.68    174.051    175.010         30 0.0000e+00
     171909   7162.842   1122.568   1133.000     4.9569     4.9596   3.386786   3.386919     1.8546     1.5362     100.00   26.05878  -94.19648   -0.00057   -0.00091     3.9896     4.0038     4.8610     4.8637    34.9400    34.9387    27.6438    27.6425    1502.69    173.384    173.999         32 0.0000e+00
     172035   7168.096   1117.627   1128.000     4.9815     4.9822   3.388713   3.388656     1.8508     1.5318     100.00   26.05864  -94.19599   -0.00068   -0.00079     3.9711     3.9820     4.8859     4.8865    34.9390    34.9377    27.6402    27.6390    1502.68    172.581    173.052         30 0.0000e+00
     172402   7183.393   1103.793   1114.000     5.0483     5.0491   3.393997   3.393988     1.8392     1.5214     100.00   26.05919  -94.19797   -0.00073   -0.00095     3.9160     3.9279     4.9534     4.9542    34.9373    34.9363    27.6311    27.6302    1502.71    170.185    170.705         31 0.0000e+00
     172712   7196.272   1091.934   1102.000     5.0966     5.0976   3.397657   3.397647     1.8317     1.5151     100.00   26.05882  -94.19665   -0.00076   -0.00059     3.8783     3.8927     5.0024     5.0034    34.9351    34.9339    27.6236    27.6225    1502.69    168.550    169.175         30 0.0000e+00
     173204   7216.793   1073.156   1083.000     5.1587     5.1647   3.402208   3.402591     1.8234     1.5080      96.38   26.05844  -94.19530   -0.00006   -0.00008     3.8333     3.8495     5.0659     5.0717    34.9321    34.9306    27.6138    27.6119    1502.67    166.597    167.297         30 0.0000e+00
     173778   7240.723   1051.411   1061.000     5.2529     5.2533   3.409582   3.409532     1.8095     1.4947     100.00   26.05900  -94.19737   -0.00045   -0.00060     3.7645     3.7794     5.1613     5.1616    34.9298    34.9289    27.6007    27.5999    1502.70    163.607    164.254         33 0.0000e+00
     173907   7246.084   1046.469   1056.000     5.2686     5.2707   3.410753   3.410848     1.8062     1.4910      99.80   26.05910  -94.19772   -0.00048   -0.00056     3.7490     3.7611     5.1773     5.1794    34.9294    34.9284    27.5985    27.5974    1502.71    162.932    163.461         31 0.0000e+00
     174221   7259.155   1034.607   1044.000     5.3156     5.3161   3.414338   3.414293     1.7998     1.4860     100.00   26.05898  -94.19729   -0.00043   -0.00037     3.7163     3.7321     5.2251     5.2256    34.9276    34.9266    27.5914    27.5905    1502.70    161.513    162.199         30 0.0000e+00
     174585   7274.350   1020.767   1030.000     5.3946     5.3952   3.420701   3.420654     1.7908     1.4771     100.00   26.05908  -94.19767   -0.00064   -0.00078     3.6707     3.6844     5.3048     5.3054    34.9254    34.9242    27.5801    27.5791    1502.71    159.532    160.127         30 0.0000e+00
     174739   7280.738   1014.835   1024.000     5.4253     5.4273   3.423080   3.423149     1.7853     1.4720      65.76   26.05853  -94.19568   -0.00080   -0.00074     3.6459     3.6593     5.3358     5.3378    34.9237    34.9225    27.5750    27.5738    1502.67    158.458    159.039         30 0.0000e+00
     176530   7355.394    947.598    956.000     5.6952     5.6978   3.443955   3.444108     1.7507     1.4410      89.07   26.05897  -94.19728   -0.00059   -0.00039     3.4707     3.4877     5.6102     5.6127    34.9158    34.9150    27.5353    27.5343    1502.70    150.846    151.587         47 0.0000e+00
     176687   7361.909    945.619    954.000     5.6935     5.6939   3.443410   3.443367     1.7500     1.4406      99.99   26.05624  -94.18742    0.00009   -0.00002     3.4677     3.4856     5.6087     5.6091    34.9122    34.9116    27.5325    27.5320    1502.54    150.717    151.497         38 0.0000e+00
     176939   7372.437    943.642    952.000     5.7064     5.7069   3.444806   3.444760     1.7493     1.4403     100.00   26.05984  -94.20048   -0.00024   -0.00020     3.4630     3.4821     5.6217     5.6222    34.9159    34.9152    27.5339    27.5334    1502.75    150.515    151.344         60 0.0000e+00
     177644   7401.777    941.664    950.000     5.7120     5.7112   3.445095   3.444981     1.7482     1.4394     100.00   26.05845  -94.19551   -0.00004   -0.00006     3.4579     3.4778     5.6274     5.6267    34.9143    34.9138    27.5320    27.5316    1502.67    150.291    151.158         56 0.0000e+00
     178807   7450.260    940.675    949.000     5.7157     5.7159   3.445444   3.445396     1.7476     1.4384     100.00   26.05876  -94.19670    0.00004   -0.00005     3.4552     3.4732     5.6312     5.6314    34.9150    34.9142    27.5320    27.5314    1502.69    150.175    150.955         62 0.0000e+00
     178955   7456.403    939.686    948.000     5.7162     5.7163   3.445448   3.445389     1.7477     1.4386     100.00   26.05876  -94.19670    0.00008    0.00003     3.4549     3.4734     5.6318     5.6319    34.9149    34.9142    27.5319    27.5313    1502.69    150.162    150.963         63 0.0000e+00
     179008   7458.635    938.697    947.000     5.7174     5.7178   3.445507   3.445468     1.7478     1.4392      99.41   26.05876  -94.19670   -0.00001    0.00023     3.4546     3.4752     5.6331     5.6335    34.9149    34.9141    27.5317    27.5310    1502.69    150.150    151.044         49 0.0000e+00
     179056   7460.608    937.708    946.000     5.7197     5.7216   3.445670   3.445770     1.7479     1.4395      82.80   26.05876  -94.19670    0.00007    0.00024     3.4543     3.4756     5.6355     5.6374    34.9149    34.9141    27.5314    27.5305    1502.69    150.137    151.059         46 0.0000e+00
     179097   7462.326    936.719    945.000     5.7234     5.7255   3.445955   3.446092     1.7480     1.4395     100.57   26.05876  -94.19670    0.00009    0.00008     3.4541     3.4747     5.6393     5.6413    34.9149    34.9140    27.5309    27.5300    1502.69    150.129    151.022         34 0.0000e+00
     179156   7464.807    934.741    943.000     5.7329     5.7343   3.446722   3.446769     1.7479     1.4383     100.00   26.05881  -94.19690    0.00003   -0.00034     3.4518     3.4685     5.6489     5.6503    34.9147    34.9137    27.5296    27.5286    1502.69    150.026    150.753         31 0.0000e+00
     179189   7466.172    933.752    942.000     5.7362     5.7376   3.446951   3.447018     1.7478     1.4383     100.00   26.05876  -94.19670   -0.00007   -0.00033     3.4507     3.4677     5.6522     5.6537    34.9144    34.9136    27.5289    27.5282    1502.69    149.980    150.719         34 0.0000e+00
     179620   7484.130    917.927    926.000     5.8235     5.8249   3.454090   3.454132     1.7407     1.4313     100.00   26.05957  -94.19964   -0.00029   -0.00019     3.4115     3.4270     5.7404     5.7419    34.9128    34.9116    27.5167    27.5156    1502.74    148.280    148.951         30 0.0000e+00
     179645   7485.157    916.938    925.000     5.8259     5.8299   3.454188   3.454418     1.7401     1.4306     100.00   26.05876  -94.19670   -0.00024   -0.00021     3.4091     3.4237     5.7429     5.7469    34.9123    34.9107    27.5160    27.5142    1502.69    148.175    148.807         30 0.0000e+00
     179931   7497.091    906.058    914.000     5.8836     5.8846   3.458878   3.458875     1.7320     1.4227     100.00   26.05915  -94.19808   -0.00051   -0.00043     3.3717     3.3851     5.8013     5.8023    34.9113    34.9102    27.5079    27.5069    1502.71    146.551    147.133         30 0.0000e+00
     179959   7498.231    905.068    913.000     5.8841     5.8852   3.458819   3.458830     1.7308     1.4225     100.00   26.05876  -94.19668   -0.00056   -0.00040     3.3673     3.3840     5.8019     5.8030    34.9106    34.9096    27.5072    27.5063    1502.69    146.359    147.085         30 0.0000e+00
     180221   7509.147    895.177    903.000     5.9140     5.9153   3.461102   3.461132     1.7286     1.4209     100.00   26.05920  -94.19826   -0.00031   -0.00006     3.3529     3.3713     5.8326     5.8339    34.9105    34.9095    27.5033    27.5023    1502.72    145.734    146.532         30 0.0000e+00
     180455   7518.933    886.274    894.000     5.9357     5.9375   3.462645   3.462720     1.7265     1.4188      86.39   26.05932  -94.19871   -0.00012   -0.00001     3.3401     3.3578     5.8550     5.8568    34.9100    34.9091    27.5001    27.4991    1502.72    145.178    145.945         30 0.0000e+00
     180482   7520.034    885.284    893.000     5.9380     5.9398   3.462729   3.462801     1.7265     1.4188      97.07   26.05876  -94.19668   -0.00001   -0.00002     3.3394     3.3569     5.8574     5.8592    34.9091    34.9080    27.4990    27.4980    1502.69    145.147    145.908         30 0.0000e+00
