GOMECC/GOMECC-4/1db/rb2103_0632.ros
* Sea-Bird SBE 9 Data File:
* FileName = C:\Users\scs.user.rb\CTD\GOMECC4\data\rb2103_0632.hex
* Software Version Seasave V 7.26.7.107
* Temperature SN = 4799
* Conductivity SN = 3860
* Number of Bytes Per Scan = 41
* Number of Voltage Words = 4
* Number of Scans Averaged by the Deck Unit = 1
* NMEA Latitude = 26 02.83 N
* NMEA Longitude = 096 49.28 W
* NMEA UTC (Time) = Oct 02 2021  18:18:43
* NMEA baud rate = 4800
# nquan = 17
# nvalues = 1463                                  
# units = specified
# name 0 = scan: Scan Count
# name 1 = timeS: Time, Elapsed [seconds]
# name 2 = depSM: Depth [salt water, m]
# name 3 = prDM: Pressure, Digiquartz [db]
# name 4 = t090C: Temperature [ITS-90, deg C]
# name 5 = t190C: Temperature, 2 [ITS-90, deg C]
# name 6 = c0S/m: Conductivity [S/m]
# name 7 = c1S/m: Conductivity, 2 [S/m]
# name 8 = sbeox0V: Oxygen raw, SBE 43 [V]
# name 9 = sbeox1V: Oxygen raw, SBE 43, 2 [V]
# name 10 = altM: Altimeter [m]
# name 11 = latitude: Latitude [deg]
# name 12 = longitude: Longitude [deg]
# name 13 = sbox0dV/dT: Oxygen, SBE 43 [dov/dt]
# name 14 = sbox1dV/dT: Oxygen, SBE 43, 2 [dov/dt]
# name 15 = nbf: Bottles Fired
# name 16 = flag:  0.000e+00
# interval = seconds: 0.0416667
# start_time = Oct 02 2021 18:18:43 [NMEA time, header]
# bad_flag = -9.990e-29
*END*
[from data line 511]
      28643   1193.417     25.198     25.365    29.1739    29.1734   5.829719   5.829658     3.0244     2.5617      16.95   26.04734  -96.82172   -0.00067    0.00022          4  0.000e+00
      28644   1193.458     25.212     25.378    29.1736    29.1736   5.829727   5.829722     3.0244     2.5617      16.95   26.04734  -96.82172   -0.00075    0.00023          4  0.000e+00
      28645   1193.500     25.198     25.365    29.1737    29.1734   5.829695   5.829706     3.0244     2.5617      16.95   26.04734  -96.82172   -0.00084    0.00025          4  0.000e+00
      28646   1193.542     25.212     25.378    29.1735    29.1734   5.829647   5.829658     3.0244     2.5617      16.95   26.04734  -96.82172   -0.00091    0.00026          4  0.000e+00
      28647   1193.583     25.198     25.365    29.1737    29.1736   5.829711   5.829610     3.0244     2.5617      16.95   26.04734  -96.82172   -0.00097    0.00028          4  0.000e+00
      28648   1193.625     25.157     25.324    29.1737    29.1734   5.829727   5.829602     3.0244     2.5617      16.95   26.04734  -96.82172   -0.00104    0.00030          4  0.000e+00
      28649   1193.667     25.212     25.378    29.1739    29.1736   5.829695   5.829634     3.0244     2.5617      16.95   26.04734  -96.82172   -0.00110    0.00030          4  0.000e+00
      28650   1193.708     25.198     25.365    29.1738    29.1736   5.829647   5.829682     3.0244     2.5617      16.95   26.04734  -96.82172   -0.00117    0.00030          4  0.000e+00
      28651   1193.750     25.157     25.324    29.1737    29.1736   5.829640   5.829658     3.0244     2.5617      16.95   26.04734  -96.82172   -0.00123    0.00031          4  0.000e+00
      28652   1193.792     25.198     25.365    29.1735    29.1734   5.829703   5.829682     3.0244     2.5617      16.95   26.04734  -96.82172   -0.00128    0.00031          4  0.000e+00
      28653   1193.833     25.110     25.276    29.1739    29.1734   5.829695   5.829626     3.0244     2.5617      16.95   26.04734  -96.82172   -0.00132    0.00031          4  0.000e+00
      28654   1193.875     25.198     25.365    29.1733    29.1734   5.829719   5.829602     3.0244     2.5617      16.95   26.04734  -96.82172   -0.00136    0.00030          4  0.000e+00
      28655   1193.917     25.157     25.324    29.1737    29.1734   5.829734   5.829562     3.0244     2.5617      16.95   26.04734  -96.82172   -0.00141    0.00029          4  0.000e+00
      28656   1193.958     25.151     25.317    29.1735    29.1734   5.829727   5.829626     3.0232     2.5617      16.95   26.04734  -96.82172   -0.00147    0.00026          4  0.000e+00
      28657   1194.000     25.110     25.276    29.1738    29.1734   5.829695   5.829610     3.0232     2.5617      16.95   26.04734  -96.82172   -0.00152    0.00023          4  0.000e+00
      28658   1194.042     25.151     25.317    29.1739    29.1734   5.829719   5.829602     3.0232     2.5617      16.95   26.04734  -96.82172   -0.00158    0.00020          4  0.000e+00
      28659   1194.083     25.157     25.324    29.1737    29.1734   5.829695   5.829674     3.0232     2.5617      16.95   26.04734  -96.82172   -0.00161    0.00015          4  0.000e+00
      28660   1194.125     25.096     25.262    29.1735    29.1736   5.829711   5.829626     3.0232     2.5629      17.00   26.04734  -96.82172   -0.00165    0.00010          4  0.000e+00
      28661   1194.167     25.157     25.324    29.1737    29.1736   5.829695   5.829674     3.0232     2.5617      17.05   26.04734  -96.82172   -0.00170    0.00004          4  0.000e+00
      28662   1194.208     25.157     25.324    29.1737    29.1736   5.829616   5.829658     3.0232     2.5617      17.05   26.04734  -96.82172   -0.00173   -0.00003          4  0.000e+00
      28663   1194.250     25.096     25.262    29.1737    29.1734   5.829592   5.829650     3.0232     2.5617      17.05   26.04734  -96.82172   -0.00178   -0.00010          4  0.000e+00
      34292   1428.792      3.735      3.760    28.8236    28.8235   5.707354   5.707632     3.2418     2.7570      38.53   26.04738  -96.82182    0.00087    0.00009          5  0.000e+00
      34293   1428.833      3.735      3.760    28.8236    28.8244   5.707409   5.707568     3.2418     2.7582      38.53   26.04738  -96.82182    0.00084    0.00008          5  0.000e+00
      34294   1428.875      3.735      3.760    28.8238    28.8240   5.707315   5.707608     3.2418     2.7582      38.53   26.04738  -96.82182    0.00083    0.00006          5  0.000e+00
      34295   1428.917      3.641      3.664    28.8236    28.8240   5.707354   5.707608     3.2418     2.7570      38.56   26.04738  -96.82182    0.00080    0.00001          5  0.000e+00
      34296   1428.958      3.735      3.760    28.8236    28.8239   5.707377   5.707584     3.2418     2.7570      38.53   26.04738  -96.82182    0.00079   -0.00003          5  0.000e+00
      34297   1429.000      3.735      3.760    28.8239    28.8237   5.707338   5.707592     3.2418     2.7570      38.53   26.04738  -96.82182    0.00076   -0.00008          5  0.000e+00
      34298   1429.042      3.783      3.807    28.8238    28.8235   5.707330   5.707560     3.2418     2.7570      38.53   26.04738  -96.82182    0.00073   -0.00013          5  0.000e+00
      34299   1429.083      3.735      3.760    28.8236    28.8235   5.707330   5.707576     3.2418     2.7558      38.53   26.04738  -96.82182    0.00070   -0.00020          5  0.000e+00
      34300   1429.125      3.783      3.807    28.8236    28.8237   5.707330   5.707592     3.2418     2.7558      38.53   26.04738  -96.82182    0.00065   -0.00026          5  0.000e+00
      34301   1429.167      3.735      3.760    28.8233    28.8237   5.707330   5.707584     3.2418     2.7558      40.71   26.04738  -96.82182    0.00061   -0.00033          5  0.000e+00
      34302   1429.208      3.783      3.807    28.8232    28.8237   5.707330   5.707592     3.2430     2.7558      42.54   26.04738  -96.82182    0.00059   -0.00038          5  0.000e+00
      34303   1429.250      3.783      3.807    28.8235    28.8235   5.707362   5.707584     3.2418     2.7558      42.86   26.04738  -96.82182    0.00056   -0.00044          5  0.000e+00
      34304   1429.292      3.783      3.807    28.8235    28.8237   5.707338   5.707592     3.2418     2.7558      42.74   26.04738  -96.82182    0.00053   -0.00051          5  0.000e+00
      34305   1429.333      3.783      3.807    28.8232    28.8237   5.707330   5.707560     3.2405     2.7558      42.69   26.04738  -96.82182    0.00048   -0.00057          5  0.000e+00
      34306   1429.375      3.783      3.807    28.8231    28.8239   5.707291   5.707576     3.2418     2.7558      42.66   26.04738  -96.82182    0.00046   -0.00063          5  0.000e+00
      34307   1429.417      3.735      3.760    28.8228    28.8240   5.707244   5.707632     3.2418     2.7558      42.66   26.04738  -96.82182    0.00043   -0.00070          5  0.000e+00
      34308   1429.458      3.783      3.807    28.8229    28.8242   5.707268   5.707632     3.2418     2.7558      42.66   26.04738  -96.82182    0.00043   -0.00076          5  0.000e+00
      34309   1429.500      3.783      3.807    28.8232    28.8242   5.707315   5.707608     3.2418     2.7570      42.66   26.04738  -96.82182    0.00042   -0.00081          5  0.000e+00
      34310   1429.542      3.783      3.807    28.8231    28.8244   5.707291   5.707656     3.2418     2.7558      42.66   26.04738  -96.82182    0.00041   -0.00087          5  0.000e+00
      34311   1429.583      3.735      3.760    28.8233    28.8248   5.707315   5.707656     3.2430     2.7558      42.69   26.04738  -96.82182    0.00043   -0.00093          5  0.000e+00
      34312   1429.625      3.783      3.807    28.8232    28.8248   5.707330   5.707632     3.2418     2.7570      42.69   26.04738  -96.82182    0.00042   -0.00097          5  0.000e+00
      34313   1429.667      3.783      3.807    28.8231    28.8246   5.707330   5.707608     3.2430     2.7570      42.69   26.04738  -96.82182    0.00043   -0.00100          5  0.000e+00
      34314   1429.708      3.735      3.760    28.8234    28.8250   5.707330   5.707632     3.2430     2.7570      42.69   26.04738  -96.82182    0.00044   -0.00103          5  0.000e+00
      34315   1429.750      3.783      3.807    28.8233    28.8255   5.707291   5.707672     3.2430     2.7570      42.66   26.04738  -96.82182    0.00044   -0.00107          5  0.000e+00
      34316   1429.792      3.735      3.760    28.8232    28.8259   5.707283   5.707687     3.2430     2.7570      42.69   26.04738  -96.82182    0.00047   -0.00110          5  0.000e+00
      34317   1429.833      3.735      3.760    28.8233    28.8263   5.707315   5.707679     3.2430     2.7582      42.69   26.04738  -96.82182    0.00049   -0.00110          5  0.000e+00
      34318   1429.875      3.735      3.760    28.8233    28.8266   5.707330   5.707727     3.2430     2.7570      42.69   26.04738  -96.82182    0.00052   -0.00113          5  0.000e+00
      34319   1429.917      3.735      3.760    28.8234    28.8264   5.707291   5.707727     3.2430     2.7570      42.69   26.04738  -96.82182    0.00052   -0.00115          5  0.000e+00
      34320   1429.958      3.735      3.760    28.8233    28.8264   5.707283   5.707703     3.2430     2.7570      42.66   26.04738  -96.82182    0.00053   -0.00118          5  0.000e+00
      34321   1430.000      3.688      3.712    28.8228    28.8263   5.707244   5.707695     3.2430     2.7570      42.69   26.04738  -96.82182    0.00054   -0.00120          5  0.000e+00
      34322   1430.042      3.688      3.712    28.8227    28.8264   5.707268   5.707751     3.2418     2.7570      42.69   26.04738  -96.82182    0.00052   -0.00123          5  0.000e+00
      34323   1430.083      3.688      3.712    28.8227    28.8261   5.707213   5.707751     3.2430     2.7570      42.66   26.04738  -96.82182    0.00053   -0.00125          5  0.000e+00
      34324   1430.125      3.640      3.664    28.8223    28.8263   5.707221   5.707727     3.2430     2.7570      40.44   26.04738  -96.82182    0.00053   -0.00126          5  0.000e+00
      34325   1430.167      3.688      3.712    28.8221    28.8261   5.707197   5.707735     3.2430     2.7558      38.41   26.04738  -96.82182    0.00053   -0.00130          5  0.000e+00
      34326   1430.208      3.640      3.664    28.8221    28.8259   5.707150   5.707695     3.2430     2.7558      38.02   26.04738  -96.82182    0.00053   -0.00132          5  0.000e+00
      34327   1430.250      3.640      3.664    28.8221    28.8259   5.707213   5.707687     3.2430     2.7558      38.14   26.04738  -96.82182    0.00053   -0.00136          5  0.000e+00
      34328   1430.292      3.586      3.610    28.8225    28.8257   5.707197   5.707719     3.2418     2.7546      38.22   26.04738  -96.82182    0.00052   -0.00139          5  0.000e+00
      34329   1430.333      3.586      3.610    28.8223    28.8259   5.707220   5.707703     3.2430     2.7546      38.24   26.04738  -96.82182    0.00052   -0.00143          5  0.000e+00
      34330   1430.375      3.586      3.610    28.8225    28.8257   5.707166   5.707695     3.2430     2.7546      38.24   26.04738  -96.82182    0.00052   -0.00147          5  0.000e+00
      34331   1430.417      3.539      3.562    28.8228    28.8257   5.707244   5.707719     3.2430     2.7534      38.22   26.04738  -96.82182    0.00052   -0.00152          5  0.000e+00
      34332   1430.458      3.539      3.562    28.8231    28.8255   5.707244   5.707663     3.2430     2.7534      38.24   26.04738  -96.82182    0.00051   -0.00156          5  0.000e+00
      34333   1430.500      3.539      3.562    28.8230    28.8255   5.707267   5.707632     3.2430     2.7534      38.24   26.04738  -96.82182    0.00051   -0.00159          5  0.000e+00
      34334   1430.542      3.539      3.562    28.8233    28.8255   5.707213   5.707679     3.2430     2.7521      38.22   26.04738  -96.82182    0.00051   -0.00164          5  0.000e+00
      34335   1430.583      3.437      3.460    28.8232    28.8259   5.707189   5.707719     3.2430     2.7521      38.24   26.04738  -96.82182    0.00050   -0.00168          5  0.000e+00
      34336   1430.625      3.491      3.514    28.8235    28.8257   5.707291   5.707703     3.2430     2.7521      38.24   26.04738  -96.82182    0.00052   -0.00172          5  0.000e+00
      34337   1430.667      3.437      3.460    28.8238    28.8261   5.707330   5.707695     3.2430     2.7509      38.24   26.04738  -96.82182    0.00051   -0.00176          5  0.000e+00
      34338   1430.708      3.437      3.460    28.8239    28.8261   5.707330   5.707719     3.2430     2.7521      38.24   26.04738  -96.82182    0.00052   -0.00177          5  0.000e+00
      34339   1430.750      3.390      3.412    28.8242    28.8259   5.707330   5.707703     3.2430     2.7509      38.22   26.04738  -96.82182    0.00053   -0.00180          5  0.000e+00
      34340   1430.792      3.390      3.412    28.8239    28.8259   5.707330   5.707719     3.2418     2.7509      38.24   26.04738  -96.82182    0.00051   -0.00183          5  0.000e+00
      34341   1430.833      3.390      3.412    28.8240    28.8257   5.707291   5.707663     3.2418     2.7509      38.24   26.04738  -96.82182    0.00048   -0.00186          5  0.000e+00
      34342   1430.875      3.343      3.364    28.8240    28.8255   5.707314   5.707632     3.2418     2.7509      38.22   26.04738  -96.82182    0.00046   -0.00188          5  0.000e+00
      34343   1430.917      3.288      3.310    28.8238    28.8257   5.707361   5.707640     3.2418     2.7521      38.24   26.04738  -96.82182    0.00043   -0.00188          5  0.000e+00
      34344   1430.958      3.288      3.310    28.8236    28.8257   5.707307   5.707679     3.2405     2.7521      38.24   26.04738  -96.82182    0.00039   -0.00188          5  0.000e+00
      34345   1431.000      3.288      3.310    28.8239    28.8259   5.707314   5.707679     3.2418     2.7521      38.22   26.04738  -96.82182    0.00037   -0.00187          5  0.000e+00
      34346   1431.042      3.241      3.262    28.8236    28.8259   5.707291   5.707727     3.2405     2.7521      38.22   26.04738  -96.82182    0.00032   -0.00186          5  0.000e+00
      34347   1431.083      3.194      3.215    28.8238    28.8261   5.707283   5.707695     3.2405     2.7521      38.22   26.04738  -96.82182    0.00028   -0.00185          5  0.000e+00
      34348   1431.125      3.194      3.215    28.8235    28.8263   5.707244   5.707759     3.2405     2.7534      38.41   26.04738  -96.82182    0.00024   -0.00184          5  0.000e+00
      34349   1431.167      3.194      3.215    28.8238    28.8261   5.707267   5.707703     3.2405     2.7534      38.58   26.04738  -96.82182    0.00019   -0.00182          5  0.000e+00
      34350   1431.208      3.140      3.160    28.8238    28.8263   5.707314   5.707727     3.2405     2.7534      38.63   26.04738  -96.82182    0.00015   -0.00181          5  0.000e+00
      34351   1431.250      3.194      3.215    28.8240    28.8263   5.707330   5.707727     3.2393     2.7534      38.61   26.04738  -96.82182    0.00009   -0.00179          5  0.000e+00
      34352   1431.292      3.092      3.112    28.8241    28.8261   5.707291   5.707703     3.2393     2.7534      38.61   26.04738  -96.82182    0.00003   -0.00177          5  0.000e+00
      34353   1431.333      3.092      3.112    28.8244    28.8261   5.707353   5.707727     3.2405     2.7546      38.61   26.04738  -96.82182   -0.00001   -0.00172          5  0.000e+00
      34354   1431.375      3.092      3.112    28.8246    28.8264   5.707338   5.707727     3.2405     2.7546      38.61   26.04738  -96.82182   -0.00006   -0.00170          5  0.000e+00
