GOMECC/GOMECC-4/1db/rb2103_0311.ros
* Sea-Bird SBE 9 Data File:
* FileName = C:\Users\scs.user.rb\CTD\GOMECC4\data\rb2103_0311.hex
* Software Version Seasave V 7.26.7.107
* Temperature SN = 4799
* Conductivity SN = 3860
* Number of Bytes Per Scan = 41
* Number of Voltage Words = 4
* Number of Scans Averaged by the Deck Unit = 1
* NMEA Latitude = 30 06.64 N
* NMEA Longitude = 086 47.99 W
* NMEA UTC (Time) = Sep 23 2021  16:01:34
* NMEA baud rate = 4800
# nquan = 17
# nvalues = 1463                                  
# units = specified
# name 0 = scan: Scan Count
# name 1 = timeS: Time, Elapsed [seconds]
# name 2 = depSM: Depth [salt water, m]
# name 3 = prDM: Pressure, Digiquartz [db]
# name 4 = t090C: Temperature [ITS-90, deg C]
# name 5 = t190C: Temperature, 2 [ITS-90, deg C]
# name 6 = c0S/m: Conductivity [S/m]
# name 7 = c1S/m: Conductivity, 2 [S/m]
# name 8 = sbeox0V: Oxygen raw, SBE 43 [V]
# name 9 = sbeox1V: Oxygen raw, SBE 43, 2 [V]
# name 10 = altM: Altimeter [m]
# name 11 = latitude: Latitude [deg]
# name 12 = longitude: Longitude [deg]
# name 13 = sbox0dV/dT: Oxygen, SBE 43 [dov/dt]
# name 14 = sbox1dV/dT: Oxygen, SBE 43, 2 [dov/dt]
# name 15 = nbf: Bottles Fired
# name 16 = flag:  0.000e+00
# interval = seconds: 0.0416667
# start_time = Sep 23 2021 16:01:34 [NMEA time, header]
# bad_flag = -9.990e-29
*END*
      21444    893.458     68.431     68.912    20.7713    20.7800   5.055825   5.055928     2.2454     1.8877      10.21   30.11112  -86.80104    0.00115    0.00092          1  0.000e+00
      21445    893.500     68.491     68.972    20.7708    20.7797   5.055825   5.055928     2.2454     1.8877      10.21   30.11112  -86.80104    0.00116    0.00090          1  0.000e+00
      21446    893.542     68.597     69.079    20.7716    20.7806   5.055825   5.055958     2.2454     1.8877      10.21   30.11112  -86.80104    0.00114    0.00089          1  0.000e+00
      21447    893.583     68.544     69.026    20.7725    20.7809   5.055788   5.055935     2.2454     1.8877      10.18   30.11112  -86.80104    0.00112    0.00087          1  0.000e+00
      21448    893.625     68.491     68.972    20.7732    20.7804   5.055736   5.056018     2.2466     1.8877      10.18   30.11112  -86.80104    0.00112    0.00085          1  0.000e+00
      21449    893.667     68.551     69.033    20.7731    20.7777   5.055542   5.055988     2.2466     1.8877      10.21   30.11112  -86.80104    0.00114    0.00083          1  0.000e+00
      21450    893.708     68.544     69.026    20.7728    20.7774   5.055416   5.055822     2.2454     1.8877      10.21   30.11112  -86.80104    0.00114    0.00081          1  0.000e+00
      21451    893.750     68.544     69.026    20.7748    20.7779   5.055401   5.055800     2.2454     1.8889      10.18   30.11112  -86.80104    0.00112    0.00081          1  0.000e+00
      21452    893.792     68.597     69.079    20.7744    20.7787   5.055304   5.055868     2.2466     1.8889      10.21   30.11112  -86.80104    0.00111    0.00080          1  0.000e+00
      21453    893.833     68.544     69.026    20.7704    20.7790   5.055043   5.055981     2.2466     1.8889      10.18   30.11112  -86.80104    0.00110    0.00079          1  0.000e+00
      21454    893.875     68.551     69.033    20.7660    20.7800   5.054865   5.055981     2.2466     1.8889      10.16   30.11112  -86.80104    0.00111    0.00078          1  0.000e+00
      21455    893.917     68.544     69.026    20.7641    20.7797   5.054656   5.056034     2.2454     1.8877      10.13   30.11112  -86.80104    0.00110    0.00076          1  0.000e+00
      21456    893.958     68.544     69.026    20.7636    20.7797   5.054560   5.056086     2.2454     1.8889      10.13   30.11112  -86.80104    0.00109    0.00075          1  0.000e+00
      21457    894.000     68.544     69.026    20.7648    20.7792   5.054582   5.056102     2.2466     1.8889      10.13   30.11112  -86.80104    0.00109    0.00073          1  0.000e+00
      21458    894.042     68.604     69.087    20.7690    20.7779   5.054783   5.056109     2.2466     1.8877      10.13   30.11112  -86.80104    0.00110    0.00072          1  0.000e+00
      21459    894.083     68.544     69.026    20.7721    20.7770   5.054894   5.056071     2.2466     1.8889      10.13   30.11112  -86.80104    0.00110    0.00071          1  0.000e+00
      21460    894.125     68.544     69.026    20.7745    20.7769   5.054865   5.056026     2.2454     1.8889      10.13   30.11112  -86.80104    0.00108    0.00069          1  0.000e+00
      21461    894.167     68.544     69.026    20.7742    20.7781   5.054813   5.056041     2.2454     1.8877      10.13   30.11112  -86.80104    0.00105    0.00067          1  0.000e+00
      21462    894.208     68.604     69.087    20.7704    20.7783   5.054738   5.055988     2.2454     1.8877      10.13   30.11112  -86.80104    0.00103    0.00066          1  0.000e+00
      21463    894.250     68.544     69.026    20.7676    20.7779   5.054589   5.055973     2.2466     1.8877      10.16   30.11112  -86.80104    0.00103    0.00064          1  0.000e+00
      21464    894.292     68.544     69.026    20.7627    20.7777   5.054441   5.055973     2.2466     1.8877      10.13   30.11112  -86.80104    0.00102    0.00062          1  0.000e+00
      21465    894.333     68.544     69.026    20.7587    20.7772   5.054359   5.055883     2.2454     1.8877      10.16   30.11112  -86.80104    0.00100    0.00060          1  0.000e+00
      21466    894.375     68.491     68.972    20.7576    20.7756   5.054277   5.055785     2.2454     1.8877      10.13   30.11112  -86.80104    0.00097    0.00058          1  0.000e+00
      21467    894.417     68.657     69.140    20.7553    20.7746   5.054344   5.055724     2.2466     1.8889      10.13   30.11112  -86.80104    0.00097    0.00057          1  0.000e+00
      21468    894.458     68.491     68.972    20.7569    20.7751   5.054225   5.055687     2.2466     1.8877      10.13   30.11112  -86.80104    0.00096    0.00057          1  0.000e+00
      21469    894.500     68.597     69.079    20.7541    20.7742   5.053964   5.055611     2.2466     1.8877      10.13   30.11112  -86.80104    0.00096    0.00057          1  0.000e+00
      21470    894.542     68.544     69.026    20.7501    20.7732   5.053689   5.055619     2.2454     1.8877      10.16   30.11112  -86.80104    0.00095    0.00056          1  0.000e+00
      21471    894.583     68.551     69.033    20.7471    20.7719   5.053302   5.055664     2.2466     1.8877      10.16   30.11112  -86.80104    0.00094    0.00055          1  0.000e+00
      21472    894.625     68.544     69.026    20.7431    20.7721   5.052967   5.055589     2.2466     1.8877      10.13   30.11112  -86.80104    0.00093    0.00055          1  0.000e+00
      21473    894.667     68.544     69.026    20.7401    20.7719   5.052751   5.055551     2.2466     1.8877      10.13   30.11112  -86.80104    0.00091    0.00054          1  0.000e+00
      21474    894.708     68.544     69.026    20.7385    20.7705   5.052535   5.055513     2.2466     1.8877      10.13   30.11112  -86.80104    0.00090    0.00054          1  0.000e+00
      21475    894.750     68.551     69.033    20.7365    20.7688   5.052572   5.055475     2.2454     1.8877      10.13   30.11112  -86.80104    0.00088    0.00053          1  0.000e+00
      21476    894.792     68.491     68.972    20.7341    20.7682   5.052699   5.055528     2.2466     1.8877      10.13   30.11112  -86.80104    0.00088    0.00052          1  0.000e+00
      21477    894.833     68.544     69.026    20.7357    20.7686   5.052900   5.055513     2.2466     1.8877      10.13   30.11112  -86.80104    0.00086    0.00051          1  0.000e+00
      21478    894.875     68.544     69.026    20.7423    20.7682   5.053108   5.055536     2.2466     1.8877      10.11   30.11112  -86.80104    0.00085    0.00051          1  0.000e+00
      21479    894.917     68.551     69.033    20.7472    20.7686   5.053473   5.055528     2.2466     1.8889      10.13   30.11112  -86.80104    0.00085    0.00052          1  0.000e+00
      21480    894.958     68.491     68.972    20.7506    20.7673   5.053704   5.055475     2.2466     1.8889      10.13   30.11112  -86.80104    0.00084    0.00052          1  0.000e+00
      21481    895.000     68.544     69.026    20.7536    20.7691   5.053555   5.055490     2.2466     1.8889      10.13   30.11112  -86.80104    0.00084    0.00053          1  0.000e+00
      21482    895.042     68.491     68.972    20.7537    20.7719   5.053317   5.055573     2.2466     1.8889      10.11   30.11112  -86.80104    0.00083    0.00054          1  0.000e+00
      21483    895.083     68.544     69.026    20.7545    20.7734   5.053279   5.055619     2.2466     1.8889      10.13   30.11112  -86.80104    0.00082    0.00055          1  0.000e+00
      21484    895.125     68.491     68.972    20.7545    20.7728   5.053376   5.055664     2.2454     1.8901      10.13   30.11112  -86.80104    0.00079    0.00057          1  0.000e+00
      21485    895.167     68.544     69.026    20.7429    20.7732   5.053533   5.055800     2.2454     1.8901      10.11   30.11112  -86.80104    0.00078    0.00059          1  0.000e+00
      21486    895.208     68.491     68.972    20.7414    20.7741   5.053652   5.055913     2.2466     1.8901      10.11   30.11112  -86.80104    0.00077    0.00061          1  0.000e+00
      21487    895.250     68.491     68.972    20.7496    20.7764   5.053823   5.055966     2.2466     1.8901      10.11   30.11112  -86.80104    0.00076    0.00063          1  0.000e+00
      21488    895.292     68.491     68.972    20.7525    20.7777   5.053964   5.055973     2.2466     1.8901      10.13   30.11112  -86.80104    0.00075    0.00065          1  0.000e+00
      21489    895.333     68.491     68.972    20.7543    20.7776   5.054158   5.055905     2.2466     1.8901      10.13   30.11112  -86.80104    0.00073    0.00067          1  0.000e+00
      21490    895.375     68.491     68.972    20.7569    20.7770   5.054307   5.055913     2.2466     1.8901      10.13   30.11112  -86.80104    0.00072    0.00068          1  0.000e+00
      21491    895.417     68.491     68.972    20.7606    20.7767   5.054515   5.055898     2.2466     1.8901      10.11   30.11112  -86.80104    0.00070    0.00070          1  0.000e+00
      21492    895.458     68.551     69.033    20.7623    20.7772   5.054686   5.055951     2.2466     1.8901      10.11   30.11112  -86.80104    0.00069    0.00071          1  0.000e+00
      21493    895.500     68.430     68.911    20.7652    20.7774   5.054783   5.056109     2.2466     1.8913      10.13   30.11112  -86.80104    0.00069    0.00075          1  0.000e+00
      21494    895.542     68.491     68.972    20.7665    20.7796   5.054872   5.056298     2.2466     1.8901      10.11   30.11112  -86.80104    0.00069    0.00076          1  0.000e+00
      21495    895.583     68.491     68.972    20.7664    20.7829   5.054954   5.056441     2.2466     1.8901      10.11   30.11112  -86.80104    0.00068    0.00077          1  0.000e+00
      21496    895.625     68.438     68.919    20.7648    20.7843   5.055036   5.056569     2.2466     1.8901      10.13   30.11112  -86.80104    0.00068    0.00078          1  0.000e+00
      21497    895.667     68.544     69.026    20.7639    20.7848   5.055044   5.056569     2.2466     1.8901      10.13   30.11112  -86.80104    0.00068    0.00079          1  0.000e+00
      21498    895.708     68.430     68.911    20.7634    20.7845   5.054954   5.056630     2.2466     1.8913      10.11   30.11112  -86.80104    0.00067    0.00081          1  0.000e+00
      21499    895.750     68.430     68.911    20.7620    20.7841   5.054835   5.056652     2.2466     1.8913      10.13   30.11112  -86.80104    0.00067    0.00082          1  0.000e+00
      21500    895.792     68.491     68.972    20.7604    20.7838   5.054776   5.056652     2.2466     1.8913      10.11   30.11112  -86.80104    0.00066    0.00084          1  0.000e+00
      21501    895.833     68.438     68.919    20.7608    20.7843   5.054768   5.056660     2.2466     1.8913      10.13   30.11112  -86.80104    0.00066    0.00084          1  0.000e+00
      21502    895.875     68.491     68.972    20.7620    20.7845   5.054746   5.056682     2.2466     1.8913      10.18   30.11112  -86.80104    0.00065    0.00085          1  0.000e+00
      21503    895.917     68.430     68.911    20.7625    20.7838   5.054820   5.056660     2.2466     1.8913      10.18   30.11112  -86.80104    0.00064    0.00086          1  0.000e+00
      21504    895.958     68.491     68.972    20.7639    20.7827   5.054976   5.056652     2.2466     1.8913      10.18   30.11112  -86.80104    0.00064    0.00088          1  0.000e+00
      21505    896.000     68.377     68.858    20.7655    20.7836   5.055110   5.056675     2.2466     1.8913      10.21   30.11112  -86.80104    0.00063    0.00089          1  0.000e+00
      21506    896.042     68.491     68.972    20.7677    20.7846   5.055237   5.056758     2.2466     1.8913      10.18   30.11112  -86.80104    0.00062    0.00091          1  0.000e+00
      21507    896.083     68.430     68.911    20.7703    20.7860   5.055319   5.056841     2.2466     1.8913      10.18   30.11112  -86.80104    0.00061    0.00092          1  0.000e+00
      21508    896.125     68.430     68.911    20.7720    20.7859   5.055416   5.056796     2.2466     1.8913      10.18   30.11112  -86.80104    0.00060    0.00093          1  0.000e+00
      21509    896.167     68.438     68.919    20.7737    20.7862   5.055408   5.056780     2.2454     1.8913      10.18   30.11112  -86.80104    0.00059    0.00094          1  0.000e+00
      21510    896.208     68.491     68.972    20.7743    20.7856   5.055430   5.056826     2.2466     1.8913      10.21   30.11112  -86.80104    0.00057    0.00094          1  0.000e+00
      21511    896.250     68.430     68.911    20.7751    20.7845   5.055468   5.056818     2.2466     1.8901      10.18   30.11112  -86.80104    0.00056    0.00095          1  0.000e+00
      21512    896.292     68.377     68.858    20.7759    20.7843   5.055482   5.056788     2.2466     1.8913      10.18   30.11112  -86.80104    0.00057    0.00096          1  0.000e+00
      21513    896.333     68.438     68.919    20.7758    20.7852   5.055505   5.056871     2.2466     1.8913      10.18   30.11112  -86.80104    0.00055    0.00098          1  0.000e+00
      21514    896.375     68.491     68.972    20.7761    20.7860   5.055557   5.056901     2.2454     1.8913      10.18   30.11112  -86.80104    0.00054    0.00100          1  0.000e+00
      21515    896.417     68.377     68.858    20.7767    20.7862   5.055594   5.056931     2.2466     1.8913      10.18   30.11112  -86.80104    0.00053    0.00102          1  0.000e+00
      21516    896.458     68.491     68.972    20.7776    20.7864   5.055676   5.056909     2.2466     1.8901      10.21   30.11112  -86.80104    0.00051    0.00102          1  0.000e+00
      21517    896.500     68.430     68.911    20.7777    20.7862   5.055698   5.056969     2.2466     1.8913      10.18   30.11112  -86.80104    0.00051    0.00104          1  0.000e+00
      21518    896.542     68.438     68.919    20.7776    20.7864   5.055758   5.056939     2.2466     1.8901      10.18   30.11112  -86.80104    0.00051    0.00104          1  0.000e+00
      21519    896.583     68.377     68.858    20.7777    20.7862   5.055736   5.056969     2.2454     1.8901      10.18   30.11112  -86.80104    0.00048    0.00103          1  0.000e+00
      21520    896.625     68.430     68.911    20.7775    20.7864   5.055795   5.056954     2.2454     1.8901      10.18   30.11112  -86.80104    0.00045    0.00103          1  0.000e+00
      21521    896.667     68.430     68.911    20.7772    20.7868   5.055788   5.056977     2.2454     1.8901      10.18   30.11112  -86.80104    0.00041    0.00103          1  0.000e+00
      21522    896.708     68.438     68.919    20.7767    20.7862   5.055810   5.056954     2.2466     1.8901      10.18   30.11112  -86.80104    0.00040    0.00103          1  0.000e+00
      21523    896.750     68.430     68.911    20.7771    20.7859   5.055788   5.057007     2.2466     1.8901      10.18   30.11112  -86.80104    0.00040    0.00102          1  0.000e+00
      21524    896.792     68.430     68.911    20.7775    20.7855   5.055862   5.056999     2.2454     1.8901      10.18   30.11112  -86.80104    0.00038    0.00102          1  0.000e+00
      21525    896.833     68.430     68.911    20.7782    20.7862   5.055899   5.057014     2.2454     1.8901      10.21   30.11112  -86.80104    0.00034    0.00101          1  0.000e+00
      21526    896.875     68.438     68.919    20.7788    20.7879   5.055937   5.057030     2.2454     1.8889      10.23   30.11112  -86.80104    0.00031    0.00099          1  0.000e+00
      21527    896.917     68.430     68.911    20.7792    20.7891   5.055952   5.057045     2.2454     1.8901      10.23   30.11112  -86.80104    0.00027    0.00098          1  0.000e+00
      21528    896.958     68.430     68.911    20.7789    20.7883   5.055914   5.056909     2.2466     1.8901      10.23   30.11112  -86.80104    0.00025    0.00097          1  0.000e+00
