GOMECC/GOMECC-4/1db/rb2103_0841.ros
* Sea-Bird SBE 9 Data File:
* FileName = C:\Users\scs.user.rb\CTD\GOMECC4\data\rb2103_0841.hex
* Software Version Seasave V 7.26.7.107
* Temperature SN = 4799
* Conductivity SN = 3860
* Number of Bytes Per Scan = 41
* Number of Voltage Words = 4
* Number of Scans Averaged by the Deck Unit = 1
* NMEA Latitude = 20 43.74 N
* NMEA Longitude = 094 44.99 W
* NMEA UTC (Time) = Oct 07 2021  16:02:53
* NMEA baud rate = 4800
# nquan = 17
# nvalues = 3192                                  
# units = specified
# name 0 = scan: Scan Count
# name 1 = timeS: Time, Elapsed [seconds]
# name 2 = depSM: Depth [salt water, m]
# name 3 = prDM: Pressure, Digiquartz [db]
# name 4 = t090C: Temperature [ITS-90, deg C]
# name 5 = t190C: Temperature, 2 [ITS-90, deg C]
# name 6 = c0S/m: Conductivity [S/m]
# name 7 = c1S/m: Conductivity, 2 [S/m]
# name 8 = sbeox0V: Oxygen raw, SBE 43 [V]
# name 9 = sbeox1V: Oxygen raw, SBE 43, 2 [V]
# name 10 = altM: Altimeter [m]
# name 11 = latitude: Latitude [deg]
# name 12 = longitude: Longitude [deg]
# name 13 = sbox0dV/dT: Oxygen, SBE 43 [dov/dt]
# name 14 = sbox1dV/dT: Oxygen, SBE 43, 2 [dov/dt]
# name 15 = nbf: Bottles Fired
# name 16 = flag:  0.000e+00
# interval = seconds: 0.0416667
# start_time = Oct 07 2021 16:02:53 [NMEA time, header]
# bad_flag = -9.990e-29
*END*
[from data line 2043]
     213662   8902.542    323.228    325.485    11.1615    11.1631   3.972474   3.972478     1.6105     1.3089     100.00   20.72850  -94.75108   -0.00012    0.00002         16  0.000e+00
     213663   8902.583    323.154    325.410    11.1615    11.1630   3.972474   3.972478     1.6105     1.3089     100.00   20.72850  -94.75108   -0.00011    0.00002         16  0.000e+00
     213664   8902.625    323.228    325.485    11.1615    11.1628   3.972494   3.972505     1.6105     1.3089     100.00   20.72850  -94.75108   -0.00012    0.00001         16  0.000e+00
     213665   8902.667    323.174    325.430    11.1615    11.1628   3.972447   3.972478     1.6105     1.3089     100.00   20.72850  -94.75108   -0.00013    0.00001         16  0.000e+00
     213666   8902.708    323.208    325.465    11.1613    11.1626   3.972406   3.972478     1.6105     1.3089     100.00   20.72850  -94.75108   -0.00012    0.00001         16  0.000e+00
     213667   8902.750    323.174    325.430    11.1607    11.1628   3.972400   3.972471     1.6105     1.3089     100.00   20.72850  -94.75108   -0.00011    0.00001         16  0.000e+00
     213668   8902.792    323.174    325.430    11.1605    11.1628   3.972373   3.972471     1.6105     1.3089     100.00   20.72850  -94.75108   -0.00010    0.00001         16  0.000e+00
     213669   8902.833    323.154    325.410    11.1602    11.1628   3.972339   3.972478     1.6105     1.3089     100.00   20.72850  -94.75108   -0.00009    0.00001         16  0.000e+00
     213670   8902.875    323.228    325.485    11.1602    11.1628   3.972305   3.972505     1.6105     1.3089     100.00   20.72850  -94.75108   -0.00008    0.00001         16  0.000e+00
     213671   8902.917    323.174    325.430    11.1598    11.1628   3.972298   3.972478     1.6105     1.3089     100.00   20.72850  -94.75108   -0.00007    0.00001         16  0.000e+00
     213672   8902.958    323.174    325.430    11.1594    11.1626   3.972298   3.972478     1.6105     1.3089     100.00   20.72850  -94.75108   -0.00008    0.00001         16  0.000e+00
     213673   8903.000    323.154    325.410    11.1595    11.1630   3.972298   3.972505     1.6105     1.3089     100.00   20.72850  -94.75108   -0.00008    0.00001         16  0.000e+00
     213674   8903.042    323.126    325.382    11.1599    11.1631   3.972238   3.972478     1.6105     1.3089     100.00   20.72850  -94.75108   -0.00007    0.00001         16  0.000e+00
     213675   8903.083    323.174    325.430    11.1595    11.1633   3.972278   3.972478     1.6105     1.3089     100.00   20.72850  -94.75108   -0.00006    0.00001         16  0.000e+00
     213676   8903.125    323.154    325.410    11.1594    11.1633   3.972218   3.972505     1.6105     1.3089     100.00   20.72850  -94.75108   -0.00005    0.00001         16  0.000e+00
     213677   8903.167    323.174    325.430    11.1594    11.1633   3.972211   3.972512     1.6105     1.3089     100.00   20.72850  -94.75108   -0.00004    0.00001         16  0.000e+00
     213678   8903.208    323.126    325.382    11.1598    11.1630   3.972278   3.972492     1.6105     1.3089     100.00   20.72850  -94.75108   -0.00002    0.00000         16  0.000e+00
     213679   8903.250    323.154    325.410    11.1601    11.1633   3.972346   3.972505     1.6105     1.3089     100.00   20.72850  -94.75108   -0.00001    0.00000         16  0.000e+00
     213680   8903.292    323.126    325.382    11.1606    11.1631   3.972339   3.972512     1.6117     1.3089     100.00   20.72850  -94.75108    0.00000    0.00000         16  0.000e+00
     213681   8903.333    323.174    325.430    11.1610    11.1628   3.972332   3.972492     1.6117     1.3089     100.00   20.72850  -94.75108    0.00002    0.00000         16  0.000e+00
     213682   8903.375    323.106    325.362    11.1610    11.1631   3.972406   3.972471     1.6105     1.3089     100.00   20.72850  -94.75108    0.00001    0.00000         16  0.000e+00
     213683   8903.417    323.079    325.334    11.1612    11.1628   3.972433   3.972471     1.6105     1.3089     100.00   20.72850  -94.75108    0.00000    0.00000         16  0.000e+00
     213684   8903.458    323.174    325.430    11.1614    11.1628   3.972460   3.972430     1.6105     1.3089     100.00   20.72850  -94.75108 -5.275e-07 7.0337e-07         16  0.000e+00
     213685   8903.500    323.079    325.334    11.1616    11.1626   3.972474   3.972403     1.6117     1.3089     100.00   20.72850  -94.75108    0.00001 8.2406e-12         16  0.000e+00
     213686   8903.542    323.154    325.410    11.1614    11.1626   3.972440   3.972423     1.6117     1.3089     100.00   20.72850  -94.75108    0.00002 -7.034e-07         16  0.000e+00
     213687   8903.583    323.079    325.334    11.1617    11.1626   3.972460   3.972444     1.6117     1.3089     100.00   20.72850  -94.75108    0.00003   -0.00000         16  0.000e+00
     213688   8903.625    323.126    325.382    11.1616    11.1625   3.972474   3.972410     1.6105     1.3089     100.00   20.72850  -94.75108    0.00003   -0.00000         16  0.000e+00
     213689   8903.667    323.058    325.314    11.1619    11.1626   3.972413   3.972423     1.6117     1.3089     100.00   20.72850  -94.75108    0.00004   -0.00000         16  0.000e+00
     213690   8903.708    323.126    325.382    11.1616    11.1625   3.972420   3.972396     1.6117     1.3089     100.00   20.72850  -94.75108    0.00005   -0.00000         16  0.000e+00
     213691   8903.750    323.079    325.334    11.1612    11.1625   3.972460   3.972423     1.6117     1.3089     100.00   20.72850  -94.75108    0.00006   -0.00000         16  0.000e+00
     213692   8903.792    323.058    325.314    11.1617    11.1623   3.972440   3.972410     1.6117     1.3089     100.00   20.72850  -94.75108    0.00007   -0.00000         16  0.000e+00
     213693   8903.833    323.126    325.382    11.1615    11.1623   3.972460   3.972362     1.6117     1.3089     100.00   20.72850  -94.75108    0.00008   -0.00001         16  0.000e+00
     213694   8903.875    323.079    325.334    11.1617    11.1623   3.972440   3.972389     1.6117     1.3089     100.00   20.72850  -94.75108    0.00009   -0.00001         16  0.000e+00
     213695   8903.917    323.058    325.314    11.1618    11.1623   3.972460   3.972403     1.6105     1.3089     100.00   20.72850  -94.75108    0.00008   -0.00001         16  0.000e+00
     213696   8903.958    323.079    325.334    11.1621    11.1621   3.972474   3.972382     1.6105     1.3089     100.00   20.72850  -94.75108    0.00007   -0.00001         16  0.000e+00
     213697   8904.000    323.079    325.334    11.1619    11.1623   3.972474   3.972396     1.6105     1.3089     100.00   20.72850  -94.75108    0.00006   -0.00001         16  0.000e+00
     213698   8904.042    323.079    325.334    11.1621    11.1623   3.972494   3.972423     1.6105     1.3089     100.00   20.72850  -94.75108    0.00006   -0.00001         16  0.000e+00
     213699   8904.083    323.058    325.314    11.1619    11.1621   3.972447   3.972416     1.6105     1.3089     100.00   20.72850  -94.75108    0.00005   -0.00001         16  0.000e+00
     213700   8904.125    323.024    325.280    11.1618    11.1621   3.972460   3.972430     1.6105     1.3089     100.00   20.72850  -94.75108    0.00004   -0.00001         16  0.000e+00
     213701   8904.167    323.079    325.334    11.1615    11.1625   3.972494   3.972437     1.6105     1.3089     100.00   20.72850  -94.75108    0.00005   -0.00001         16  0.000e+00
     213702   8904.208    323.058    325.314    11.1615    11.1623   3.972447   3.972416     1.6105     1.3089     100.00   20.72850  -94.75108    0.00004   -0.00001         16  0.000e+00
     213703   8904.250    323.024    325.280    11.1616    11.1623   3.972460   3.972430     1.6105     1.3089     100.00   20.72850  -94.75108    0.00003   -0.00001         16  0.000e+00
     213704   8904.292    323.079    325.334    11.1615    11.1623   3.972474   3.972437     1.6105     1.3089     100.00   20.72850  -94.75108    0.00002   -0.00001         16  0.000e+00
     213705   8904.333    323.058    325.314    11.1616    11.1620   3.972440   3.972396     1.6105     1.3089     100.00   20.72850  -94.75108    0.00002   -0.00001         16  0.000e+00
     213706   8904.375    323.024    325.280    11.1617    11.1623   3.972460   3.972368     1.6105     1.3089     100.00   20.72850  -94.75108    0.00001   -0.00001         16  0.000e+00
     213707   8904.417    323.079    325.334    11.1614    11.1623   3.972474   3.972389     1.6105     1.3089     100.00   20.72850  -94.75108 -1.758e-07   -0.00002         16  0.000e+00
     213708   8904.458    323.058    325.314    11.1615    11.1621   3.972440   3.972382     1.6105     1.3089     100.00   20.72850  -94.75108    0.00001   -0.00002         16  0.000e+00
     213709   8904.500    323.024    325.280    11.1615    11.1626   3.972460   3.972396     1.6105     1.3089     100.00   20.72850  -94.75108    0.00000   -0.00002         16  0.000e+00
     213710   8904.542    323.024    325.280    11.1615    11.1621   3.972494   3.972375     1.6105     1.3089     100.00   20.72850  -94.75108    0.00001   -0.00002         16  0.000e+00
     213711   8904.583    323.024    325.280    11.1615    11.1621   3.972508   3.972403     1.6105     1.3089     100.00   20.72850  -94.75108    0.00002   -0.00002         16  0.000e+00
     213712   8904.625    323.058    325.314    11.1615    11.1623   3.972447   3.972403     1.6105     1.3089     100.00   20.72850  -94.75108    0.00002   -0.00002         16  0.000e+00
     213713   8904.667    323.079    325.334    11.1615    11.1621   3.972460   3.972375     1.6105     1.3089     100.00   20.72850  -94.75108    0.00003   -0.00002         16  0.000e+00
     213714   8904.708    323.024    325.280    11.1615    11.1621   3.972474   3.972389     1.6105     1.3089     100.00   20.72850  -94.75108    0.00002   -0.00002         16  0.000e+00
     213715   8904.750    323.004    325.259    11.1613    11.1620   3.972474   3.972382     1.6105     1.3089     100.00   20.72850  -94.75108    0.00003   -0.00002         16  0.000e+00
     213716   8904.792    323.079    325.334    11.1617    11.1620   3.972474   3.972396     1.6105     1.3089     100.00   20.72850  -94.75108    0.00004   -0.00002         16  0.000e+00
     213717   8904.833    323.024    325.280    11.1615    11.1621   3.972413   3.972423     1.6105     1.3089     100.00   20.72850  -94.75108    0.00004   -0.00002         16  0.000e+00
     213718   8904.875    323.058    325.314    11.1612    11.1625   3.972400   3.972416     1.6105     1.3089     100.00   20.72850  -94.75108    0.00003   -0.00002         16  0.000e+00
     213719   8904.917    323.024    325.280    11.1614    11.1628   3.972400   3.972430     1.6105     1.3089     100.00   20.72850  -94.75108    0.00002   -0.00002         16  0.000e+00
     213720   8904.958    323.079    325.334    11.1613    11.1630   3.972420   3.972437     1.6117     1.3089     100.00   20.72850  -94.75108    0.00004   -0.00002         16  0.000e+00
     213721   8905.000    323.004    325.259    11.1614    11.1633   3.972406   3.972471     1.6105     1.3089     100.00   20.72850  -94.75108    0.00003   -0.00003         16  0.000e+00
     213722   8905.042    323.079    325.334    11.1613    11.1633   3.972400   3.972505     1.6105     1.3089     100.00   20.72850  -94.75108    0.00002   -0.00003         16  0.000e+00
     213723   8905.083    323.024    325.280    11.1614    11.1636   3.972400   3.972478     1.6105     1.3089     100.00   20.72850  -94.75108    0.00002   -0.00003         16  0.000e+00
     213724   8905.125    323.079    325.334    11.1614    11.1635   3.972400   3.972478     1.6105     1.3089     100.00   20.72850  -94.75108    0.00001   -0.00003         16  0.000e+00
     213725   8905.167    323.058    325.314    11.1613    11.1635   3.972420   3.972505     1.6105     1.3089     100.00   20.72850  -94.75108    0.00000   -0.00003         16  0.000e+00
     213726   8905.208    323.079    325.334    11.1610    11.1628   3.972373   3.972451     1.6105     1.3089     100.00   20.72850  -94.75108   -0.00000   -0.00003         16  0.000e+00
     213727   8905.250    323.079    325.334    11.1601    11.1625   3.972339   3.972471     1.6105     1.3089     100.00   20.72850  -94.75108   -0.00001   -0.00003         16  0.000e+00
     213728   8905.292    323.004    325.259    11.1599    11.1621   3.972305   3.972471     1.6117     1.3089     100.00   20.72850  -94.75108    0.00000   -0.00003         16  0.000e+00
     213729   8905.333    323.079    325.334    11.1601    11.1621   3.972319   3.972444     1.6105     1.3089     100.00   20.72850  -94.75108   -0.00000   -0.00003         16  0.000e+00
     213730   8905.375    323.079    325.334    11.1605    11.1626   3.972332   3.972471     1.6117     1.3089     100.00   20.72850  -94.75108    0.00001   -0.00003         16  0.000e+00
     213731   8905.417    323.059    325.314    11.1607    11.1626   3.972352   3.972444     1.6117     1.3089     100.00   20.72850  -94.75108    0.00002   -0.00003         16  0.000e+00
     213732   8905.458    323.127    325.382    11.1601    11.1626   3.972366   3.972492     1.6105     1.3089     100.00   20.72850  -94.75108    0.00001   -0.00002         16  0.000e+00
     213733   8905.500    323.079    325.335    11.1602    11.1631   3.972386   3.972519     1.6105     1.3089     100.00   20.72850  -94.75108    0.00000   -0.00002         16  0.000e+00
     213734   8905.542    323.106    325.362    11.1609    11.1635   3.972400   3.972512     1.6105     1.3089     100.00   20.72850  -94.75108   -0.00001   -0.00002         16  0.000e+00
     213735   8905.583    323.025    325.280    11.1612    11.1633   3.972481   3.972533     1.6093     1.3089     100.00   20.72850  -94.75108   -0.00003   -0.00002         16  0.000e+00
     213736   8905.625    323.127    325.383    11.1617    11.1631   3.972447   3.972553     1.6093     1.3089     100.00   20.72850  -94.75108   -0.00006   -0.00002         16  0.000e+00
     213737   8905.667    323.079    325.335    11.1620    11.1631   3.972460   3.972546     1.6093     1.3089     100.00   20.72850  -94.75108   -0.00008   -0.00002         16  0.000e+00
     213738   8905.708    323.106    325.362    11.1619    11.1633   3.972494   3.972567     1.6105     1.3089     100.00   20.72850  -94.75108   -0.00007   -0.00002         16  0.000e+00
     213739   8905.750    323.127    325.383    11.1620    11.1635   3.972481   3.972587     1.6105     1.3089     100.00   20.72850  -94.75108   -0.00007 1.0301e-11         16  0.000e+00
     213740   8905.792    323.079    325.335    11.1619    11.1638   3.972494   3.972553     1.6105     1.3089     100.00   20.72850  -94.75108   -0.00008 1.0301e-11         16  0.000e+00
     213741   8905.833    323.059    325.314    11.1619    11.1636   3.972508   3.972594     1.6105     1.3089     100.00   20.72850  -94.75108   -0.00009 1.0301e-11         16  0.000e+00
     213742   8905.875    323.127    325.383    11.1620    11.1641   3.972508   3.972574     1.6105     1.3089     100.00   20.72850  -94.75108   -0.00009 1.1331e-11         16  0.000e+00
     213743   8905.917    323.127    325.383    11.1619    11.1636   3.972508   3.972574     1.6105     1.3089     100.00   20.72850  -94.75108   -0.00010 1.0301e-11         16  0.000e+00
     213744   8905.958    323.106    325.362    11.1620    11.1641   3.972508   3.972553     1.6105     1.3089     100.00   20.72850  -94.75108   -0.00010 1.0301e-11         16  0.000e+00
     213745   8906.000    323.127    325.383    11.1619    11.1638   3.972508   3.972580     1.6105     1.3089     100.00   20.72850  -94.75108   -0.00009 1.0301e-11         16  0.000e+00
