GOMECC/GOMECC-4/1db/rb2103_0501.ros
* Sea-Bird SBE 9 Data File:
* FileName = C:\Users\scs.user.rb\CTD\GOMECC4\data\rb2103_0501.hex
* Software Version Seasave V 7.26.7.107
* Temperature SN = 4799
* Conductivity SN = 3860
* Number of Bytes Per Scan = 41
* Number of Voltage Words = 4
* Number of Scans Averaged by the Deck Unit = 1
* NMEA Latitude = 27 52.19 N
* NMEA Longitude = 093 49.83 W
* NMEA UTC (Time) = Sep 27 2021  14:48:27
* NMEA baud rate = 4800
# nquan = 17
# nvalues = 1862                                  
# units = specified
# name 0 = scan: Scan Count
# name 1 = timeS: Time, Elapsed [seconds]
# name 2 = depSM: Depth [salt water, m]
# name 3 = prDM: Pressure, Digiquartz [db]
# name 4 = t090C: Temperature [ITS-90, deg C]
# name 5 = t190C: Temperature, 2 [ITS-90, deg C]
# name 6 = c0S/m: Conductivity [S/m]
# name 7 = c1S/m: Conductivity, 2 [S/m]
# name 8 = sbeox0V: Oxygen raw, SBE 43 [V]
# name 9 = sbeox1V: Oxygen raw, SBE 43, 2 [V]
# name 10 = altM: Altimeter [m]
# name 11 = latitude: Latitude [deg]
# name 12 = longitude: Longitude [deg]
# name 13 = sbox0dV/dT: Oxygen, SBE 43 [dov/dt]
# name 14 = sbox1dV/dT: Oxygen, SBE 43, 2 [dov/dt]
# name 15 = nbf: Bottles Fired
# name 16 = flag:  0.000e+00
# interval = seconds: 0.0416667
# start_time = Sep 27 2021 14:48:27 [NMEA time, header]
# bad_flag = -9.990e-29
*END*
[from data line 86]
      12247    510.250     89.648     90.267    20.7215    20.7402   5.032629   5.034400     2.3871     2.0220       4.62   27.86968  -93.82970   -0.00047   -0.00186          1  0.000e+00
      12248    510.292     89.671     90.290    20.7222    20.7391   5.032770   5.034294     2.3871     2.0220       4.59   27.86968  -93.82970   -0.00051   -0.00181          1  0.000e+00
      12249    510.333     89.671     90.290    20.7259    20.7381   5.033067   5.034234     2.3871     2.0220       4.59   27.86968  -93.82970   -0.00054   -0.00178          1  0.000e+00
      12250    510.375     89.671     90.290    20.7280    20.7374   5.033052   5.034264     2.3871     2.0220       4.57   27.86968  -93.82970   -0.00058   -0.00174          1  0.000e+00
      12251    510.417     89.701     90.321    20.7255    20.7374   5.032599   5.034264     2.3871     2.0220       4.52   27.86968  -93.82970   -0.00061   -0.00169          1  0.000e+00
      12252    510.458     89.671     90.290    20.7216    20.7381   5.032332   5.034212     2.3871     2.0232       4.52   27.86968  -93.82970   -0.00064   -0.00162          1  0.000e+00
      12253    510.500     89.724     90.344    20.7199    20.7374   5.032242   5.034197     2.3871     2.0220       4.52   27.86968  -93.82970   -0.00067   -0.00157          1  0.000e+00
      12254    510.542     89.671     90.290    20.7178    20.7365   5.032116   5.034151     2.3871     2.0232       4.52   27.86968  -93.82970   -0.00070   -0.00150          1  0.000e+00
      12255    510.583     89.762     90.382    20.7159    20.7362   5.031953   5.034084     2.3871     2.0232       4.52   27.86968  -93.82970   -0.00073   -0.00144          1  0.000e+00
      12256    510.625     89.724     90.344    20.7153    20.7358   5.031893   5.034084     2.3871     2.0232       4.52   27.86968  -93.82970   -0.00075   -0.00137          1  0.000e+00
      12257    510.667     89.724     90.343    20.7144    20.7351   5.031938   5.033948     2.3871     2.0232       4.52   27.86968  -93.82970   -0.00078   -0.00131          1  0.000e+00
      12258    510.708     89.724     90.343    20.7169    20.7339   5.032242   5.033865     2.3871     2.0232       4.52   27.86968  -93.82970   -0.00080   -0.00125          1  0.000e+00
      12259    510.750     89.762     90.382    20.7208    20.7330   5.032428   5.033873     2.3871     2.0232       4.52   27.86968  -93.82970   -0.00083   -0.00117          1  0.000e+00
      12260    510.792     89.777     90.397    20.7206    20.7321   5.032317   5.033858     2.3871     2.0232       4.52   27.86968  -93.82970   -0.00086   -0.00111          1  0.000e+00
      12261    510.833     89.777     90.397    20.7187    20.7324   5.032124   5.033888     2.3883     2.0232       4.52   27.86968  -93.82970   -0.00086   -0.00105          1  0.000e+00
      12262    510.875     89.762     90.382    20.7161    20.7326   5.031923   5.033880     2.3883     2.0244       4.52   27.86968  -93.82970   -0.00087   -0.00097          1  0.000e+00
      12263    510.917     89.777     90.397    20.7150    20.7328   5.031849   5.033858     2.3883     2.0232       4.52   27.86968  -93.82970   -0.00088   -0.00091          1  0.000e+00
      12264    510.958     89.777     90.397    20.7139    20.7323   5.031804   5.033745     2.3883     2.0232       4.52   27.86968  -93.82970   -0.00089   -0.00084          1  0.000e+00
      12265    511.000     89.837     90.458    20.7131    20.7319   5.031722   5.033602     2.3883     2.0232       4.52   27.86968  -93.82970   -0.00089   -0.00078          1  0.000e+00
      12266    511.042     89.762     90.382    20.7122    20.7319   5.031618   5.033330     2.3883     2.0232       4.52   27.86968  -93.82970   -0.00090   -0.00071          1  0.000e+00
      12267    511.083     89.837     90.458    20.7117    20.7310   5.031611   5.032961     2.3883     2.0232       4.52   27.86968  -93.82970   -0.00091   -0.00066          1  0.000e+00
      12268    511.125     89.777     90.397    20.7113    20.7263   5.031618   5.032623     2.3883     2.0232       4.52   27.86968  -93.82970   -0.00091   -0.00059          1  0.000e+00
      12269    511.167     89.890     90.511    20.7115    20.7231   5.031566   5.032517     2.3883     2.0232       4.52   27.86968  -93.82970   -0.00092   -0.00054          1  0.000e+00
      12270    511.208     89.815     90.435    20.7118    20.7195   5.031566   5.032434     2.3883     2.0232       4.52   27.86968  -93.82970   -0.00091   -0.00048          1  0.000e+00
      12271    511.250     89.837     90.458    20.7119    20.7175   5.031641   5.032480     2.3883     2.0232       4.52   27.86968  -93.82970   -0.00091   -0.00043          1  0.000e+00
      12272    511.292     89.837     90.458    20.7116    20.7175   5.031596   5.032713     2.3883     2.0232       4.52   27.86968  -93.82970   -0.00091   -0.00038          1  0.000e+00
      12273    511.333     89.890     90.511    20.7108    20.7199   5.031552   5.032924     2.3883     2.0232       4.52   27.86968  -93.82970   -0.00090   -0.00032          1  0.000e+00
      12274    511.375     89.815     90.435    20.7097    20.7206   5.031440   5.032811     2.3883     2.0232       4.44   27.86968  -93.82970   -0.00090   -0.00027          1  0.000e+00
      12275    511.417     89.890     90.511    20.7095    20.7204   5.031403   5.032713     2.3883     2.0232       4.35   27.86968  -93.82970   -0.00089   -0.00023          1  0.000e+00
      12276    511.458     89.890     90.511    20.7083    20.7206   5.031292   5.032615     2.3883     2.0232       4.32   27.86968  -93.82970   -0.00087   -0.00019          1  0.000e+00
      12277    511.500     89.890     90.511    20.7072    20.7199   5.031210   5.032525     2.3883     2.0232       4.32   27.86968  -93.82970   -0.00086   -0.00015          1  0.000e+00
      12278    511.542     89.815     90.435    20.7069    20.7164   5.031158   5.032337     2.3883     2.0232       4.35   27.86968  -93.82970   -0.00084   -0.00011          1  0.000e+00
      12279    511.583     89.951     90.572    20.7069    20.7141   5.031180   5.032133     2.3883     2.0232       4.35   27.86968  -93.82970   -0.00084   -0.00007          1  0.000e+00
      12280    511.625     89.890     90.511    20.7067    20.7138   5.031173   5.032088     2.3883     2.0244       4.35   27.86968  -93.82970   -0.00082   -0.00001          1  0.000e+00
      12281    511.667     89.890     90.511    20.7064    20.7148   5.031150   5.032111     2.3883     2.0244       4.35   27.86968  -93.82970   -0.00080    0.00004          1  0.000e+00
      12282    511.708     89.875     90.496    20.7063    20.7157   5.031084   5.032118     2.3883     2.0232       4.35   27.86968  -93.82970   -0.00078    0.00007          1  0.000e+00
      12283    511.750     89.890     90.511    20.7062    20.7152   5.031113   5.032058     2.3883     2.0232       4.35   27.86968  -93.82970   -0.00076    0.00011          1  0.000e+00
      12284    511.792     89.951     90.572    20.7060    20.7145   5.031113   5.031938     2.3883     2.0232       4.35   27.86968  -93.82970   -0.00076    0.00013          1  0.000e+00
      12285    511.833     89.837     90.458    20.7057    20.7138   5.031113   5.031885     2.3883     2.0232       4.35   27.86968  -93.82970   -0.00074    0.00015          1  0.000e+00
      12286    511.875     89.981     90.602    20.7059    20.7134   5.031128   5.031840     2.3883     2.0232       4.35   27.86968  -93.82970   -0.00071    0.00019          1  0.000e+00
      12287    511.917     89.890     90.511    20.7061    20.7129   5.031113   5.031825     2.3883     2.0232       4.35   27.86968  -93.82970   -0.00071    0.00022          1  0.000e+00
      12288    511.958     89.890     90.511    20.7062    20.7130   5.031113   5.031794     2.3883     2.0232       4.35   27.86968  -93.82970   -0.00070    0.00024          1  0.000e+00
      12289    512.000     89.951     90.572    20.7062    20.7125   5.031113   5.031757     2.3883     2.0232       4.35   27.86968  -93.82970   -0.00070    0.00026          1  0.000e+00
      12290    512.042     89.928     90.549    20.7062    20.7118   5.031091   5.031742     2.3895     2.0232       4.35   27.86968  -93.82970   -0.00066    0.00029          1  0.000e+00
      12291    512.083     89.890     90.511    20.7062    20.7113   5.031069   5.031674     2.3895     2.0232       4.35   27.86968  -93.82970   -0.00063    0.00031          1  0.000e+00
      12292    512.125     89.951     90.572    20.7067    20.7109   5.031128   5.031659     2.3895     2.0232       4.35   27.86968  -93.82970   -0.00059    0.00033          1  0.000e+00
      12293    512.167     89.890     90.511    20.7068    20.7107   5.031165   5.031651     2.3895     2.0232       4.35   27.86968  -93.82970   -0.00057    0.00036          1  0.000e+00
      12348    514.458     89.837     90.457    20.7288    20.7478   5.033201   5.035206     2.3883     2.0232       4.49   27.86968  -93.82968    0.00053   -0.00001          2  0.000e+00
      12349    514.500     89.308     89.924    20.7287    20.7492   5.033178   5.035221     2.3883     2.0232       4.49   27.86968  -93.82968    0.00050   -0.00002          2  0.000e+00
      12350    514.542     89.671     90.290    20.7283    20.7485   5.033149   5.035206     2.3883     2.0232       4.49   27.86968  -93.82968    0.00046   -0.00003          2  0.000e+00
      12351    514.583     89.610     90.229    20.7276    20.7471   5.033179   5.035160     2.3883     2.0232       4.49   27.86968  -93.82968    0.00042   -0.00004          2  0.000e+00
      12352    514.625     89.557     90.176    20.7274    20.7462   5.033216   5.035123     2.3883     2.0232       4.49   27.86968  -93.82968    0.00038   -0.00003          2  0.000e+00
      12353    514.667     89.648     90.267    20.7276    20.7455   5.033156   5.035100     2.3883     2.0232       4.49   27.86968  -93.82968    0.00034   -0.00004          2  0.000e+00
      12354    514.708     89.497     90.115    20.7276    20.7436   5.033149   5.035017     2.3883     2.0232       4.49   27.86968  -93.82968    0.00030   -0.00004          2  0.000e+00
      12355    514.750     89.610     90.229    20.7274    20.7428   5.033171   5.034995     2.3895     2.0232       4.49   27.86968  -93.82968    0.00028   -0.00003          2  0.000e+00
      12356    514.792     89.557     90.176    20.7273    20.7439   5.033208   5.035040     2.3883     2.0220       4.49   27.86968  -93.82968    0.00024   -0.00004          2  0.000e+00
      12357    514.833     89.588     90.206    20.7276    20.7451   5.033201   5.035078     2.3883     2.0232       4.49   27.86968  -93.82968    0.00020   -0.00004          2  0.000e+00
      12358    514.875     89.557     90.176    20.7274    20.7476   5.033179   5.035251     2.3895     2.0232       4.49   27.86968  -93.82968    0.00018   -0.00003          2  0.000e+00
      12359    514.917     89.610     90.229    20.7271    20.7490   5.033179   5.035266     2.3895     2.0232       4.49   27.86968  -93.82968    0.00015   -0.00002          2  0.000e+00
      12360    514.958     89.557     90.176    20.7271    20.7490   5.033156   5.035251     2.3895     2.0232       4.49   27.86968  -93.82968    0.00013   -0.00002          2  0.000e+00
      12361    515.000     89.535     90.153    20.7274    20.7489   5.033201   5.035228     2.3895     2.0232       4.49   27.86968  -93.82968    0.00012   -0.00001          2  0.000e+00
      12362    515.042     89.557     90.176    20.7273    20.7488   5.033186   5.035206     2.3883     2.0232       4.49   27.86968  -93.82968    0.00010    0.00001          2  0.000e+00
      12363    515.083     89.610     90.229    20.7274    20.7485   5.033156   5.035281     2.3895     2.0232       4.49   27.86968  -93.82968    0.00009    0.00002          2  0.000e+00
      12364    515.125     89.557     90.176    20.7274    20.7472   5.033171   5.035266     2.3895     2.0232       4.49   27.86968  -93.82968    0.00008    0.00003          2  0.000e+00
      12365    515.167     89.535     90.153    20.7274    20.7467   5.033179   5.035281     2.3895     2.0232       4.49   27.86968  -93.82968    0.00007    0.00003          2  0.000e+00
      12366    515.208     89.557     90.176    20.7276    20.7458   5.033156   5.035273     2.3895     2.0232       4.49   27.86968  -93.82968    0.00006    0.00004          2  0.000e+00
      12367    515.250     89.557     90.176    20.7276    20.7465   5.033238   5.035251     2.3895     2.0244       4.49   27.86968  -93.82968    0.00005    0.00006          2  0.000e+00
      12368    515.292     89.610     90.229    20.7276    20.7471   5.033268   5.035266     2.3895     2.0244       4.49   27.86968  -93.82968    0.00004    0.00009          2  0.000e+00
      12369    515.333     89.535     90.153    20.7285    20.7467   5.033275   5.035221     2.3895     2.0244       4.49   27.86968  -93.82968    0.00003    0.00011          2  0.000e+00
      12370    515.375     89.557     90.176    20.7292    20.7457   5.033327   5.035221     2.3895     2.0244       4.52   27.86968  -93.82968    0.00002    0.00013          2  0.000e+00
      12371    515.417     89.610     90.229    20.7302    20.7449   5.033416   5.035145     2.3895     2.0244       4.54   27.86968  -93.82968    0.00001    0.00016          2  0.000e+00
      12372    515.458     89.497     90.115    20.7309    20.7447   5.033439   5.035123     2.3895     2.0244       4.57   27.86968  -93.82968   -0.00000    0.00018          2  0.000e+00
      12373    515.500     89.587     90.206    20.7309    20.7448   5.033498   5.035100     2.3883     2.0244       4.54   27.86968  -93.82968   -0.00003    0.00020          2  0.000e+00
      12374    515.542     89.610     90.229    20.7315    20.7444   5.033520   5.035085     2.3895     2.0244       4.57   27.86968  -93.82968   -0.00004    0.00022          2  0.000e+00
      12375    515.583     89.557     90.176    20.7315    20.7439   5.033528   5.035032     2.3895     2.0244       4.57   27.86968  -93.82968   -0.00006    0.00024          2  0.000e+00
      12376    515.625     89.557     90.176    20.7318    20.7442   5.033580   5.035032     2.3895     2.0244       4.54   27.86968  -93.82968   -0.00007    0.00026          2  0.000e+00
      12377    515.667     89.587     90.206    20.7315    20.7449   5.033602   5.035002     2.3883     2.0244       4.57   27.86968  -93.82968   -0.00010    0.00029          2  0.000e+00
      12378    515.708     89.610     90.229    20.7317    20.7451   5.033669   5.034950     2.3895     2.0244       4.54   27.86968  -93.82968   -0.00011    0.00031          2  0.000e+00
      12379    515.750     89.557     90.176    20.7321    20.7448   5.033624   5.034882     2.3895     2.0244       4.54   27.86968  -93.82968   -0.00013    0.00033          2  0.000e+00
      12380    515.792     89.610     90.229    20.7322    20.7432   5.033610   5.034822     2.3895     2.0244       4.54   27.86968  -93.82968   -0.00014    0.00036          2  0.000e+00
      12381    515.833     89.587     90.206    20.7315    20.7422   5.033572   5.034724     2.3895     2.0244       4.54   27.86968  -93.82968   -0.00015    0.00040          2  0.000e+00
      12382    515.875     89.610     90.229    20.7311    20.7407   5.033528   5.034663     2.3895     2.0244       4.57   27.86968  -93.82968   -0.00017    0.00042          2  0.000e+00
      12383    515.917     89.610     90.229    20.7307    20.7407   5.033431   5.034641     2.3895     2.0244       4.54   27.86968  -93.82968   -0.00018    0.00044          2  0.000e+00
      12384    515.958     89.610     90.229    20.7297    20.7409   5.033364   5.034558     2.3895     2.0244       4.54   27.86968  -93.82968   -0.00020    0.00046          2  0.000e+00
