GOMECC/GOMECC-4/1db/rb2103_1341.ros
* Sea-Bird SBE 9 Data File:
* FileName = C:\Users\scs.user.rb\CTD\GOMECC4\data\rb2103_1341.hex
* Software Version Seasave V 7.26.7.107
* Temperature SN = 4799
* Conductivity SN = 3860
* Number of Bytes Per Scan = 41
* Number of Voltage Words = 4
* Number of Scans Averaged by the Deck Unit = 1
* NMEA Latitude = 26 23.19 N
* NMEA Longitude = 083 36.41 W
* NMEA UTC (Time) = Oct 19 2021  23:12:43
* NMEA baud rate = 4800
# nquan = 17
# nvalues = 931                                   
# units = specified
# name 0 = scan: Scan Count
# name 1 = timeS: Time, Elapsed [seconds]
# name 2 = depSM: Depth [salt water, m]
# name 3 = prDM: Pressure, Digiquartz [db]
# name 4 = t090C: Temperature [ITS-90, deg C]
# name 5 = t190C: Temperature, 2 [ITS-90, deg C]
# name 6 = c0S/m: Conductivity [S/m]
# name 7 = c1S/m: Conductivity, 2 [S/m]
# name 8 = sbeox0V: Oxygen raw, SBE 43 [V]
# name 9 = sbeox1V: Oxygen raw, SBE 43, 2 [V]
# name 10 = altM: Altimeter [m]
# name 11 = latitude: Latitude [deg]
# name 12 = longitude: Longitude [deg]
# name 13 = sbox0dV/dT: Oxygen, SBE 43 [dov/dt]
# name 14 = sbox1dV/dT: Oxygen, SBE 43, 2 [dov/dt]
# name 15 = nbf: Bottles Fired
# name 16 = flag:  0.000e+00
# interval = seconds: 0.0416667
# start_time = Oct 19 2021 23:12:43 [NMEA time, header]
# bad_flag = -9.990e-29
*END*
[from data line 852]
      43180   1799.125      3.539      3.562    28.7800    28.7813   5.834768   5.835025     3.1416     2.6532      62.49   26.38464  -83.60872    0.00065    0.00026          7  0.000e+00
      43181   1799.167      3.539      3.562    28.7801    28.7813   5.834753   5.835041     3.1416     2.6532      62.49   26.38464  -83.60872    0.00068    0.00022          7  0.000e+00
      43182   1799.208      3.539      3.562    28.7804    28.7813   5.834824   5.834993     3.1404     2.6545      62.49   26.38464  -83.60872    0.00070    0.00020          7  0.000e+00
      43183   1799.250      3.586      3.610    28.7810    28.7816   5.834966   5.835025     3.1404     2.6545      62.52   26.38464  -83.60872    0.00071    0.00018          7  0.000e+00
      43184   1799.292      3.586      3.610    28.7818    28.7817   5.835037   5.835074     3.1404     2.6545      62.49   26.38464  -83.60872    0.00071    0.00015          7  0.000e+00
      43185   1799.333      3.586      3.610    28.7820    28.7819   5.835093   5.835090     3.1404     2.6545      62.49   26.38464  -83.60872    0.00070    0.00013          7  0.000e+00
      43186   1799.375      3.539      3.562    28.7819    28.7819   5.835093   5.835122     3.1404     2.6545      62.49   26.38464  -83.60872    0.00072    0.00011          7  0.000e+00
      43187   1799.417      3.586      3.610    28.7820    28.7821   5.835093   5.835138     3.1404     2.6545      62.49   26.38464  -83.60872    0.00071    0.00008          7  0.000e+00
      43188   1799.458      3.586      3.610    28.7823    28.7822   5.835101   5.835162     3.1404     2.6545      62.49   26.38464  -83.60872    0.00072    0.00006          7  0.000e+00
      43189   1799.500      3.640      3.664    28.7823    28.7821   5.835164   5.835146     3.1404     2.6557      62.42   26.38464  -83.60872    0.00072    0.00005          7  0.000e+00
      43190   1799.542      3.586      3.610    28.7822    28.7821   5.835077   5.835170     3.1404     2.6557      62.32   26.38464  -83.60872    0.00071    0.00004          7  0.000e+00
      43191   1799.583      3.640      3.664    28.7821    28.7824   5.834982   5.835258     3.1404     2.6557      62.30   26.38464  -83.60872    0.00072    0.00003          7  0.000e+00
      43192   1799.625      3.586      3.610    28.7822    28.7826   5.834990   5.835314     3.1392     2.6557      62.30   26.38464  -83.60872    0.00069    0.00003          7  0.000e+00
      43193   1799.667      3.640      3.664    28.7812    28.7826   5.834879   5.835330     3.1392     2.6557      62.30   26.38464  -83.60872    0.00067    0.00004          7  0.000e+00
      43194   1799.708      3.634      3.657    28.7805    28.7828   5.834824   5.835354     3.1404     2.6557      62.30   26.38464  -83.60872    0.00066    0.00004          7  0.000e+00
      43195   1799.750      3.586      3.610    28.7802    28.7828   5.834769   5.835298     3.1404     2.6557      62.30   26.38464  -83.60872    0.00065    0.00004          7  0.000e+00
      43196   1799.792      3.640      3.664    28.7799    28.7824   5.834784   5.835282     3.1404     2.6557      62.30   26.38464  -83.60872    0.00064    0.00007          7  0.000e+00
      43197   1799.833      3.586      3.610    28.7802    28.7824   5.834674   5.835170     3.1404     2.6545      62.30   26.38464  -83.60872    0.00063    0.00005          7  0.000e+00
      43198   1799.875      3.640      3.664    28.7799    28.7820   5.834721   5.835138     3.1404     2.6557      62.30   26.38464  -83.60872    0.00062    0.00005          7  0.000e+00
      43199   1799.917      3.640      3.664    28.7801    28.7819   5.834682   5.835098     3.1392     2.6545      62.30   26.38464  -83.60872    0.00059    0.00004          7  0.000e+00
      43200   1799.958      3.586      3.610    28.7802    28.7817   5.834705   5.835114     3.1392     2.6557      62.30   26.38464  -83.60872    0.00058    0.00004          7  0.000e+00
      43201   1800.000      3.640      3.664    28.7799    28.7815   5.834745   5.835098     3.1392     2.6557      62.30   26.38464  -83.60872    0.00056    0.00004          7  0.000e+00
      43202   1800.042      3.586      3.610    28.7801    28.7817   5.834713   5.835162     3.1392     2.6557      62.30   26.38464  -83.60872    0.00055    0.00004          7  0.000e+00
      43203   1800.083      3.586      3.610    28.7802    28.7815   5.834753   5.835074     3.1392     2.6545      62.30   26.38464  -83.60872    0.00054    0.00002          7  0.000e+00
      43204   1800.125      3.586      3.610    28.7799    28.7815   5.834753   5.835114     3.1392     2.6557      62.30   26.38464  -83.60872    0.00053 -3.517e-07          7  0.000e+00
      43205   1800.167      3.586      3.610    28.7802    28.7815   5.834753   5.835025     3.1392     2.6557      62.30   26.38464  -83.60872    0.00051   -0.00002          7  0.000e+00
      43206   1800.208      3.586      3.610    28.7803    28.7811   5.834768   5.835017     3.1392     2.6557      62.30   26.38464  -83.60872    0.00052   -0.00002          7  0.000e+00
      43207   1800.250      3.539      3.562    28.7801    28.7813   5.834753   5.835001     3.1392     2.6557      62.32   26.38464  -83.60872    0.00051   -0.00003          7  0.000e+00
      43208   1800.292      3.586      3.610    28.7802    28.7813   5.834753   5.835025     3.1392     2.6557      62.30   26.38464  -83.60872    0.00051   -0.00003          7  0.000e+00
      43209   1800.333      3.539      3.562    28.7801    28.7813   5.834800   5.835001     3.1380     2.6557      62.30   26.38464  -83.60872    0.00050   -0.00004          7  0.000e+00
      43210   1800.375      3.539      3.562    28.7800    28.7813   5.834768   5.834993     3.1392     2.6557      62.30   26.38464  -83.60872    0.00051   -0.00005          7  0.000e+00
      43211   1800.417      3.539      3.562    28.7799    28.7813   5.834768   5.835025     3.1380     2.6557      62.32   26.38464  -83.60872    0.00048   -0.00005          7  0.000e+00
      43212   1800.458      3.491      3.514    28.7801    28.7813   5.834721   5.835065     3.1380     2.6557      62.30   26.38464  -83.60872    0.00047   -0.00006          7  0.000e+00
      43213   1800.500      3.491      3.514    28.7802    28.7813   5.834705   5.835009     3.1380     2.6545      62.30   26.38464  -83.60872    0.00044   -0.00009          7  0.000e+00
      43214   1800.542      3.485      3.508    28.7801    28.7811   5.834753   5.834993     3.1368     2.6545      62.25   26.38464  -83.60872    0.00040   -0.00011          7  0.000e+00
      43215   1800.583      3.491      3.514    28.7801    28.7808   5.834753   5.834953     3.1368     2.6545      62.22   26.38464  -83.60872    0.00036   -0.00014          7  0.000e+00
      43216   1800.625      3.437      3.460    28.7800    28.7806   5.834753   5.834945     3.1368     2.6532      62.25   26.38464  -83.60872    0.00031   -0.00018          7  0.000e+00
      43217   1800.667      3.437      3.460    28.7799    28.7808   5.834768   5.834945     3.1368     2.6532      62.25   26.38464  -83.60872    0.00027   -0.00023          7  0.000e+00
      43218   1800.708      3.437      3.460    28.7798    28.7804   5.834753   5.834945     3.1368     2.6532      62.25   26.38464  -83.60872    0.00023   -0.00027          7  0.000e+00
      43219   1800.750      3.437      3.460    28.7799    28.7806   5.834784   5.834929     3.1368     2.6532      62.25   26.38464  -83.60872    0.00019   -0.00030          7  0.000e+00
      43220   1800.792      3.390      3.412    28.7799    28.7802   5.834745   5.834905     3.1368     2.6532      62.25   26.38464  -83.60872    0.00013   -0.00034          7  0.000e+00
      43221   1800.833      3.390      3.412    28.7800    28.7804   5.834745   5.834929     3.1368     2.6532      62.22   26.38464  -83.60872    0.00009   -0.00037          7  0.000e+00
      43222   1800.875      3.390      3.412    28.7794    28.7806   5.834713   5.834945     3.1368     2.6532      62.22   26.38464  -83.60872    0.00004   -0.00039          7  0.000e+00
      43223   1800.917      3.390      3.412    28.7794    28.7807   5.834650   5.834945     3.1380     2.6520      62.22   26.38464  -83.60872    0.00002   -0.00044          7  0.000e+00
      43224   1800.958      3.336      3.358    28.7792    28.7806   5.834650   5.834905     3.1368     2.6520      62.25   26.38464  -83.60872   -0.00002   -0.00048          7  0.000e+00
      43225   1801.000      3.343      3.365    28.7788    28.7806   5.834658   5.834921     3.1368     2.6520      62.25   26.38464  -83.60872   -0.00008   -0.00050          7  0.000e+00
      43226   1801.042      3.343      3.365    28.7789    28.7802   5.834634   5.834905     3.1380     2.6532      62.25   26.38464  -83.60872   -0.00010   -0.00051          7  0.000e+00
      43227   1801.083      3.343      3.365    28.7790    28.7802   5.834610   5.834825     3.1368     2.6520      62.22   26.38464  -83.60872   -0.00013   -0.00053          7  0.000e+00
      43228   1801.125      3.288      3.310    28.7788    28.7801   5.834610   5.834761     3.1368     2.6520      62.25   26.38464  -83.60872   -0.00019   -0.00055          7  0.000e+00
      43229   1801.167      3.241      3.262    28.7791    28.7799   5.834658   5.834713     3.1380     2.6520      62.25   26.38464  -83.60872   -0.00022   -0.00057          7  0.000e+00
      43230   1801.208      3.288      3.310    28.7790    28.7795   5.834658   5.834664     3.1380     2.6520      62.25   26.38464  -83.60872   -0.00026   -0.00057          7  0.000e+00
      43231   1801.250      3.288      3.310    28.7793    28.7789   5.834658   5.834680     3.1380     2.6520      62.22   26.38464  -83.60872   -0.00029   -0.00057          7  0.000e+00
      43232   1801.292      3.241      3.262    28.7796    28.7789   5.834673   5.834632     3.1380     2.6520      62.25   26.38464  -83.60872   -0.00033   -0.00057          7  0.000e+00
      43233   1801.333      3.241      3.262    28.7796    28.7790   5.834697   5.834680     3.1380     2.6520      62.22   26.38464  -83.60872   -0.00037   -0.00057          7  0.000e+00
      43234   1801.375      3.234      3.256    28.7796    28.7791   5.834705   5.834664     3.1380     2.6520      62.25   26.38464  -83.60872   -0.00040   -0.00056          7  0.000e+00
      43235   1801.417      3.241      3.262    28.7798    28.7797   5.834681   5.834729     3.1380     2.6520      62.25   26.38464  -83.60872   -0.00045   -0.00056          7  0.000e+00
      43236   1801.458      3.194      3.215    28.7796    28.7797   5.834697   5.834753     3.1380     2.6520      62.25   26.38464  -83.60872   -0.00051   -0.00055          7  0.000e+00
      43237   1801.500      3.241      3.262    28.7796    28.7793   5.834705   5.834680     3.1380     2.6520      62.27   26.38464  -83.60872   -0.00055   -0.00054          7  0.000e+00
      43238   1801.542      3.194      3.215    28.7798    28.7790   5.834681   5.834680     3.1380     2.6520      62.32   26.38464  -83.60872   -0.00058   -0.00053          7  0.000e+00
      43239   1801.583      3.194      3.215    28.7796    28.7793   5.834697   5.834664     3.1380     2.6520      62.34   26.38464  -83.60872   -0.00064   -0.00052          7  0.000e+00
      43240   1801.625      3.194      3.215    28.7796    28.7793   5.834721   5.834688     3.1380     2.6520      62.34   26.38464  -83.60872   -0.00067   -0.00052          7  0.000e+00
      43241   1801.667      3.241      3.262    28.7796    28.7793   5.834673   5.834705     3.1392     2.6520      62.32   26.38464  -83.60872   -0.00069   -0.00053          7  0.000e+00
      43242   1801.708      3.140      3.160    28.7796    28.7797   5.834658   5.834737     3.1380     2.6520      62.34   26.38464  -83.60872   -0.00073   -0.00053          7  0.000e+00
      43243   1801.750      3.187      3.208    28.7798    28.7794   5.834705   5.834753     3.1392     2.6532      62.34   26.38464  -83.60872   -0.00077   -0.00051          7  0.000e+00
      43244   1801.792      3.241      3.262    28.7796    28.7795   5.834705   5.834745     3.1380     2.6532      62.32   26.38464  -83.60872   -0.00081   -0.00050          7  0.000e+00
      43245   1801.833      3.194      3.215    28.7796    28.7797   5.834634   5.834785     3.1380     2.6532      62.34   26.38464  -83.60872   -0.00084   -0.00048          7  0.000e+00
      43246   1801.875      3.194      3.215    28.7796    28.7795   5.834729   5.834761     3.1392     2.6545      62.32   26.38464  -83.60872   -0.00086   -0.00044          7  0.000e+00
      43247   1801.917      3.194      3.215    28.7796    28.7795   5.834681   5.834753     3.1392     2.6545      62.32   26.38464  -83.60872   -0.00088   -0.00041          7  0.000e+00
      43248   1801.958      3.194      3.215    28.7794    28.7794   5.834658   5.834753     3.1392     2.6545      62.34   26.38464  -83.60872   -0.00091   -0.00037          7  0.000e+00
      43249   1802.000      3.194      3.215    28.7796    28.7795   5.834705   5.834753     3.1392     2.6557      62.34   26.38464  -83.60872   -0.00093   -0.00032          7  0.000e+00
      43250   1802.042      3.241      3.262    28.7796    28.7795   5.834673   5.834753     3.1392     2.6557      62.34   26.38464  -83.60872   -0.00093   -0.00026          7  0.000e+00
      43251   1802.083      3.194      3.215    28.7796    28.7795   5.834658   5.834745     3.1392     2.6557      62.32   26.38464  -83.60872   -0.00094   -0.00021          7  0.000e+00
      43252   1802.125      3.234      3.256    28.7794    28.7794   5.834673   5.834745     3.1392     2.6557      62.34   26.38464  -83.60872   -0.00094   -0.00016          7  0.000e+00
      43253   1802.167      3.241      3.262    28.7796    28.7795   5.834697   5.834713     3.1392     2.6569      62.34   26.38464  -83.60872   -0.00094   -0.00009          7  0.000e+00
      43254   1802.208      3.241      3.262    28.7798    28.7793   5.834634   5.834737     3.1392     2.6569      62.34   26.38464  -83.60872   -0.00095   -0.00002          7  0.000e+00
      43255   1802.250      3.194      3.215    28.7792    28.7791   5.834626   5.834713     3.1392     2.6569      62.32   26.38464  -83.60872   -0.00094    0.00006          7  0.000e+00
      43256   1802.292      3.241      3.262    28.7794    28.7791   5.834650   5.834705     3.1404     2.6569      62.34   26.38464  -83.60872   -0.00090    0.00013          7  0.000e+00
      43257   1802.333      3.241      3.262    28.7794    28.7789   5.834658   5.834729     3.1404     2.6569      62.34   26.38464  -83.60872   -0.00087    0.00020          7  0.000e+00
      43258   1802.375      3.241      3.262    28.7794    28.7791   5.834634   5.834745     3.1392     2.6569      62.32   26.38464  -83.60872   -0.00086    0.00025          7  0.000e+00
