GOMECC/GOMECC-4/1db/rb2103_1121.cnv
* Sea-Bird SBE 9 Data File:
* FileName = C:\Users\scs.user.rb\CTD\GOMECC4\data\rb2103_1121.hex
* Software Version Seasave V 7.26.7.107
* Temperature SN = 4799
* Conductivity SN = 3860
* Number of Bytes Per Scan = 41
* Number of Voltage Words = 4
* Number of Scans Averaged by the Deck Unit = 1
* NMEA Latitude = 22 15.23 N
* NMEA Longitude = 086 48.60 W
* NMEA UTC (Time) = Oct 15 2021  11:26:45
* NMEA baud rate = 4800
# nquan = 28
# nvalues = 197                         
# units = specified
# name 0 = scan: Scan Count
# name 1 = timeS: Time, Elapsed [seconds]
# name 2 = depSM: Depth [salt water, m]
# name 3 = prDM: Pressure, Digiquartz [db]
# name 4 = t090C: Temperature [ITS-90, deg C]
# name 5 = t190C: Temperature, 2 [ITS-90, deg C]
# name 6 = c0S/m: Conductivity [S/m]
# name 7 = c1S/m: Conductivity, 2 [S/m]
# name 8 = sbeox0V: Oxygen raw, SBE 43 [V]
# name 9 = sbeox1V: Oxygen raw, SBE 43, 2 [V]
# name 10 = altM: Altimeter [m]
# name 11 = latitude: Latitude [deg]
# name 12 = longitude: Longitude [deg]
# name 13 = sbox0dV/dT: Oxygen, SBE 43 [dov/dt]
# name 14 = sbox1dV/dT: Oxygen, SBE 43, 2 [dov/dt]
# name 15 = sbeox0ML/L: Oxygen, SBE 43 [ml/l], WS = 5
# name 16 = sbeox1ML/L: Oxygen, SBE 43, 2 [ml/l], WS = 5
# name 17 = potemp090C: Potential Temperature [ITS-90, deg C]
# name 18 = potemp190C: Potential Temperature, 2 [ITS-90, deg C]
# name 19 = sal00: Salinity, Practical [PSU]
# name 20 = sal11: Salinity, Practical, 2 [PSU]
# name 21 = sigma-é00: Density [sigma-theta, kg/m^3]
# name 22 = sigma-é11: Density, 2 [sigma-theta, kg/m^3]
# name 23 = avgsvCM: Average Sound Velocity [Chen-Millero, m/s], minP = 20, minS = 20
# name 24 = sbox0Mm/Kg: Oxygen, SBE 43 [umol/kg], WS = 5
# name 25 = sbox1Mm/Kg: Oxygen, SBE 43, 2 [umol/kg], WS = 5
# name 26 = nbin: number of scans per bin
# name 27 = flag: flag
# span 0 =       9997,      42279       
# span 1 =    416.480,   1761.587       
# span 2 =      1.987,    126.168       
# span 3 =      2.000,    127.000       
# span 4 =    17.0635,    30.0611       
# span 5 =    17.0640,    30.0663       
# span 6 =   4.647993,   6.131801       
# span 7 =   4.648155,   6.132508       
# span 8 =     2.0972,     3.2422       
# span 9 =     1.7491,     2.7444       
# span 10 =       6.43,     102.81      
# span 11 =   22.23461,   23.15023      
# span 12 =  -90.30618,  -86.73475      
# span 13 =   -0.04969,    0.01717      
# span 14 =   -0.04334,    0.01625      
# span 15 =     3.0187,     4.4920      
# span 16 =     3.0278,     4.4770      
# span 17 =    17.0433,    30.0604      
# span 18 =    17.0438,    30.0656      
# span 19 =    36.2152,    37.6778      
# span 20 =    36.2163,    37.6788      
# span 21 =    23.0110,    26.4968      
# span 22 =    23.0118,    26.4971      
# span 23 =       0.00,    1587.80      
# span 24 =    131.404,    196.101      
# span 25 =    131.802,    195.445      
# span 26 =         30,         75      
# span 27 = 0.0000e+00, 0.0000e+00      
# interval = decibars: 1                
# start_time = Oct 15 2021 11:26:45 [NMEA time, header]
# bad_flag = -9.990e-29
*END*
[from data line 52]
      12327    513.584     54.649     55.000    20.9567    20.9600   5.094647   5.095235     2.2931     1.9257      77.76   22.25398  -86.81030    0.00723    0.00760     3.2917     3.3132    20.9461    20.9495    36.6367    36.6386    25.7553    25.7559    1534.26    143.318    144.253         45 0.0000e+00
      12374    515.561     55.643     56.000    20.8292    20.8321   5.076529   5.076932     2.2932     1.9237      76.74   22.25398  -86.81030    0.00541    0.00513     3.3009     3.3167    20.8184    20.8214    36.5993    36.6000    25.7617    25.7614    1534.13    143.715    144.404         47 0.0000e+00
      12418    517.391     56.636     57.000    20.7894    20.7918   5.071301   5.071760     2.2741     1.9017      75.86   22.25398  -86.81030   -0.00640   -0.00788     3.2643     3.2698    20.7785    20.7809    36.5908    36.5924    25.7661    25.7667    1533.99    142.120    142.361         42 0.0000e+00
      12464    519.287     57.630     58.000    20.6220    20.6297   5.049242   5.050288     2.2573     1.8850      74.81   22.25398  -86.81030   -0.00893   -0.00920     3.2405     3.2418    20.6109    20.6186    36.5553    36.5572    25.7846    25.7839    1533.86    141.082    141.139         50 0.0000e+00
      12512    521.312     58.623     59.000    20.4692    20.4738   5.029919   5.030607     2.2191     1.8489      73.84   22.25398  -86.81030   -0.01322   -0.01295     3.1701     3.1684    20.4580    20.4627    36.5292    36.5308    25.8060    25.8060    1533.72    138.016    137.943         43 0.0000e+00
      12552    522.940     59.616     60.000    20.4270    20.4298   5.025159   5.025619     2.1984     1.8303      73.04   22.25398  -86.81030   -0.01673   -0.01569     3.1297     3.1278    20.4157    20.4185    36.5263    36.5277    25.8153    25.8155    1533.57    136.253    136.174         39 0.0000e+00
      12598    524.856     60.610     61.000    20.3527    20.3563   5.017627   5.018146     2.1809     1.8161      71.90   22.25398  -86.81030   -0.01267   -0.01071     3.0972     3.0993    20.3413    20.3448    36.5286    36.5296    25.8370    25.8368    1533.44    134.837    134.930         54 0.0000e+00
      12648    526.962     61.603     62.000    20.2511    20.2564   5.007243   5.007926     2.1665     1.8040      70.87   22.25398  -86.81030   -0.00781   -0.00673     3.0733     3.0772    20.2395    20.2447    36.5310    36.5321    25.8662    25.8656    1533.30    133.795    133.962         43 0.0000e+00
      12687    528.601     62.597     63.000    20.2277    20.2286   5.004790   5.005055     2.1575     1.7976      69.96   22.25398  -86.81030   -0.00641   -0.00499     3.0560     3.0643    20.2159    20.2168    36.5308    36.5323    25.8724    25.8732    1533.16    133.040    133.401         39 0.0000e+00
      12733    530.481     63.590     64.000    20.2204    20.2221   5.004021   5.004362     2.1518     1.7945      68.91   22.25398  -86.81030   -0.00451   -0.00306     3.0446     3.0578    20.2084    20.2101    36.5305    36.5319    25.8741    25.8747    1533.03    132.543    133.117         51 0.0000e+00
      12781    532.504     64.584     65.000    20.1694    20.1770   4.998275   4.998986     2.1463     1.7896      67.91   22.25398  -86.81030   -0.00279   -0.00188     3.0369     3.0500    20.1572    20.1649    36.5282    36.5290    25.8860    25.8847    1532.91    132.207    132.775         44 0.0000e+00
      12823    534.232     65.577     66.000    20.0315    20.0320   4.985232   4.985480     2.1350     1.7785      66.98   22.25398  -86.81030   -0.00437   -0.00411     3.0194     3.0302    20.0192    20.0196    36.5372    36.5377    25.9297    25.9300    1532.78    131.439    131.907         42 0.0000e+00
      12868    536.112     66.571     67.000    20.0123    20.0160   4.984930   4.985459     2.1334     1.7764      64.35   22.25398  -86.81030   -0.00449   -0.00452     3.0187     3.0278    19.9998    20.0035    36.5532    36.5544    25.9471    25.9470    1532.65    131.404    131.802         41 0.0000e+00
      12902    537.558     67.564     68.000    19.9683    19.9690   4.979346   4.979529     2.1378     1.7817      65.15   22.25398  -86.81030    0.00061    0.00043     3.0311     3.0433    19.9556    19.9564    36.5449    36.5457    25.9525    25.9529    1532.53    131.946    132.476         32 0.0000e+00
      12933    538.833     68.558     69.000    19.9887    19.9881   4.982970   4.983005     2.1364     1.7795      64.22   22.25398  -86.81030    0.00163    0.00177     3.0270     3.0373    19.9759    19.9752    36.5566    36.5575    25.9561    25.9569    1532.41    131.768    132.214         31 0.0000e+00
      12966    540.200     69.551     70.000    20.0005    20.0022   4.985728   4.986050     2.1432     1.7883      63.14   22.25398  -86.81030    0.00118    0.00144     3.0410     3.0573    19.9875    19.9892    36.5687    36.5699    25.9623    25.9627    1532.29    132.376    133.082         35 0.0000e+00
      13000    541.638     70.544     71.000    19.9464    19.9496   4.980187   4.980479     2.1516     1.7973      62.16   22.25398  -86.81030    0.00403    0.00466     3.0628     3.0818    19.9332    19.9364    36.5697    36.5704    25.9774    25.9771    1532.19    133.322    134.147         33 0.0000e+00
      13032    542.961     71.538     72.000    19.9260    19.9272   4.980166   4.980477     2.1560     1.8006      61.26   22.25398  -86.81030    0.00520    0.00561     3.0734     3.0909    19.9126    19.9138    36.5870    36.5885    25.9961    25.9970    1532.06    133.779    134.540         31 0.0000e+00
      13063    544.270     72.531     73.000    19.8859    19.8918   4.976037   4.976808     2.1698     1.8168      60.28   22.25398  -86.81030    0.00542    0.00558     3.1057     3.1313    19.8724    19.8783    36.5875    36.5886    26.0071    26.0065    1531.96    135.186    136.300         33 0.0000e+00
      13099    545.753     73.524     74.000    19.8265    19.8225   4.969491   4.969192     2.1811     1.8262      59.32   22.25398  -86.81030    0.00829    0.00862     3.1342     3.1581    19.8128    19.8088    36.5851    36.5857    26.0211    26.0226    1531.85    136.423    137.462         38 0.0000e+00
      13136    547.280     74.518     75.000    19.7734    19.7768   4.966257   4.966585     2.1894     1.8339      58.21   22.25398  -86.81030    0.00745    0.00690     3.1552     3.1788    19.7596    19.7630    36.6039    36.6037    26.0495    26.0485    1531.75    137.335    138.361         33 0.0000e+00
      13194    549.718     76.505     77.000    19.5773    19.5784   4.943827   4.944106     2.2407     1.8833      56.35   22.25185  -86.80199    0.01654    0.01625     3.2792     3.3087    19.5632    19.5642    36.5874    36.5888    26.0883    26.0891    1531.39    142.725    144.009         30 0.0000e+00
      13226    551.058     77.498     78.000    19.4943    19.4994   4.934240   4.934978     2.2456     1.8853      55.34   22.25398  -86.81030    0.01717    0.01574     3.2958     3.3190    19.4800    19.4852    36.5812    36.5828    26.1056    26.1055    1531.43    143.446    144.454         32 0.0000e+00
      13261    552.508     78.492     79.000    19.3959    19.3994   4.921277   4.921763     2.2373     1.8718      54.22   22.25398  -86.81030    0.00555    0.00281     3.2852     3.2939    19.3815    19.3850    36.5589    36.5599    26.1144    26.1142    1531.32    142.983    143.361         38 0.0000e+00
      13300    554.133     79.485     80.000    19.3316    19.3365   4.913000   4.913679     2.2106     1.8455      53.21   22.25398  -86.81030   -0.00737   -0.01044     3.2324     3.2358    19.3170    19.3219    36.5459    36.5473    26.1212    26.1210    1531.21    140.685    140.834         38 0.0000e+00
      13383    557.590     82.465     83.000    19.0904    19.0911   4.885145   4.885394     2.1679     1.8091      50.43   22.24509  -86.77562   -0.01302   -0.01130     3.1562     3.1654    19.0754    19.0761    36.5185    36.5200    26.1616    26.1626    1530.27    137.362    137.762         30 0.0000e+00
      13425    559.333     83.458     84.000    19.0771    19.0800   4.885240   4.885652     2.1702     1.8170      49.32   22.25398  -86.81030   -0.00567   -0.00271     3.1622     3.1856    19.0620    19.0648    36.5355    36.5364    26.1793    26.1794    1530.78    137.622    138.637         45 0.0000e+00
      13467    561.065     84.452     85.000    18.9686    18.9751   4.873410   4.874120     2.1729     1.8181      48.39   22.25398  -86.81030    0.00072    0.00268     3.1755     3.1946    18.9533    18.9599    36.5313    36.5315    26.2042    26.2026    1530.67    138.197    139.028         33 0.0000e+00
      13520    563.272     86.438     87.000    18.6117    18.6130   4.829478   4.829697     2.1767     1.8193      46.45   22.24742  -86.78470    0.00241    0.00138     3.2082     3.2203    18.5965    18.5976    36.4721    36.4728    26.2495    26.2497    1530.00    139.614    140.138         30 0.0000e+00
      13556    564.772     87.432     88.000    18.5930    18.5952   4.827648   4.828041     2.1645     1.8043      45.47   22.25398  -86.81030   -0.00111   -0.00248     3.1836     3.1868    18.5774    18.5797    36.4753    36.4767    26.2573    26.2578    1530.34    138.540    138.679         35 0.0000e+00
      13591    566.268     88.425     89.000    18.5465    18.5511   4.822265   4.822890     2.1514     1.7926      44.40   22.25398  -86.81030   -0.00744   -0.00864     3.1609     3.1629    18.5308    18.5354    36.4705    36.4717    26.2655    26.2653    1530.24    137.551    137.639         36 0.0000e+00
      13626    567.701     89.418     90.000    18.3454    18.3507   4.798995   4.799674     2.1424     1.7883      43.48   22.25398  -86.81030   -0.00837   -0.00730     3.1500     3.1628    18.3296    18.3349    36.4466    36.4474    26.2980    26.2974    1530.13    137.074    137.632         33 0.0000e+00
      13659    569.063     90.412     91.000    18.3065    18.3084   4.793667   4.794003     2.1340     1.7810      42.55   22.25398  -86.81030   -0.00672   -0.00427     3.1362     3.1496    18.2906    18.2925    36.4391    36.4403    26.3021    26.3026    1530.00    136.473    137.056         32 0.0000e+00
      13690    570.361     91.405     92.000    18.2708    18.2736   4.789158   4.789611     2.1249     1.7708      41.55   22.25398  -86.81030   -0.00642   -0.00542     3.1189     3.1271    18.2548    18.2575    36.4319    36.4334    26.3056    26.3061    1529.89    135.720    136.077         31 0.0000e+00
      13721    571.666     92.398     93.000    18.2050    18.2084   4.781453   4.781774     2.1107     1.7559      40.58   22.25398  -86.81030   -0.00772   -0.00795     3.0891     3.0956    18.1888    18.1921    36.4227    36.4239    26.3151    26.3152    1529.78    134.421    134.706         32 0.0000e+00
      13756    573.111     93.392     94.000    18.1809    18.1820   4.778662   4.778934     2.1012     1.7497      39.54   22.25398  -86.81030   -0.00864   -0.00829     3.0727     3.0823    18.1645    18.1656    36.4214    36.4228    26.3202    26.3209    1529.67    133.709    134.124         37 0.0000e+00
      13792    574.630     94.385     95.000    18.1785    18.1797   4.778658   4.778915     2.0972     1.7491      38.53   22.25398  -86.81030   -0.00636   -0.00529     3.0645     3.0815    18.1620    18.1631    36.4230    36.4242    26.3221    26.3227    1529.56    133.350    134.088         34 0.0000e+00
      13879    578.240     97.365     98.000    18.0532    18.0617   4.764621   4.765080     2.1070     1.7600      35.60   22.24637  -86.78060    0.00264    0.00292     3.0924     3.1140    18.0403    18.0447    36.4057    36.4057    26.3381    26.3370    1528.75    134.560    135.500         34 0.0000e+00
      13921    579.996     98.358     99.000    17.8807    17.8836   4.744461   4.744933     2.1108     1.7620      34.63   22.25398  -86.81030    0.00388    0.00326     3.1158     3.1327    17.8637    17.8665    36.3934    36.3949    26.3737    26.3741    1529.14    135.578    136.314         41 0.0000e+00
      13959    581.580     99.351    100.000    17.8380    17.8404   4.739371   4.739735     2.1108     1.7601      33.64   22.25398  -86.81030    0.00182    0.00078     3.1189     3.1314    17.8208    17.8232    36.3874    36.3883    26.3796    26.3798    1529.03    135.710    136.254         33 0.0000e+00
      14047    585.240    102.331    103.000    17.7540    17.7576   4.729843   4.730288     2.1094     1.7607      30.74   22.25203  -86.80269   -0.00025    0.00038     3.1227     3.1393    17.7363    17.7399    36.3781    36.3787    26.3931    26.3927    1528.59    135.872    136.595         35 0.0000e+00
      14084    586.807    103.324    104.000    17.6761    17.6792   4.721040   4.721477     2.1105     1.7628      29.74   22.25398  -86.81030    0.00028    0.00081     3.1306     3.1497    17.6584    17.6615    36.3723    36.3733    26.4081    26.4081    1528.62    136.214    137.047         37 0.0000e+00
      14121    588.320    104.318    105.000    17.6039    17.6115   4.712582   4.713517     2.1132     1.7660      28.76   22.25398  -86.81030    0.00083    0.00132     3.1421     3.1623    17.5860    17.5936    36.3634    36.3647    26.4190    26.4182    1528.52    136.714    137.595         35 0.0000e+00
      14154    589.693    105.311    106.000    17.5092    17.5133   4.701439   4.701938     2.1144     1.7674      27.84   22.25398  -86.81030    0.00138    0.00178     3.1514     3.1726    17.4912    17.4953    36.3512    36.3519    26.4329    26.4324    1528.42    137.119    138.039         31 0.0000e+00
      14184    590.941    106.304    107.000    17.4588    17.4619   4.695531   4.695972     2.1158     1.7680      26.97   22.25398  -86.81030    0.00120    0.00128     3.1583     3.1777    17.4407    17.4438    36.3448    36.3458    26.4403    26.4404    1528.31    137.417    138.260         30 0.0000e+00
      14215    592.250    107.297    108.000    17.3591    17.3603   4.683691   4.684030     2.1170     1.7678      25.87   22.25398  -86.81030    0.00104    0.00051     3.1681     3.1837    17.3409    17.3421    36.3309    36.3314    26.4539    26.4540    1528.22    137.840    138.522         34 0.0000e+00
      14250    593.721    108.291    109.000    17.3201    17.3214   4.679143   4.679390     2.1164     1.7687      24.87   22.25398  -86.81030    0.00054    0.00007     3.1700     3.1893    17.3017    17.3030    36.3260    36.3270    26.4597    26.4601    1528.11    137.923    138.764         35 0.0000e+00
      14284    595.114    109.284    110.000    17.2912    17.2940   4.675772   4.676170     2.1172     1.7704      24.01   22.25398  -86.81030    0.00013    0.00066     3.1743     3.1959    17.2727    17.2755    36.3222    36.3231    26.4638    26.4638    1528.01    138.108    139.048         32 0.0000e+00
      14316    596.446    110.277    111.000    17.2453    17.2480   4.670390   4.670788     2.1171     1.7705      22.95   22.25398  -86.81030    0.00020    0.00091     3.1774     3.1993    17.2266    17.2294    36.3162    36.3172    26.4703    26.4704    1527.91    138.243    139.198         32 0.0000e+00
      14348    597.802    111.270    112.000    17.2020    17.2075   4.665313   4.666004     2.1148     1.7680      22.02   22.25398  -86.81030   -0.00028   -0.00013     3.1756     3.1962    17.1832    17.1887    36.3104    36.3115    26.4764    26.4759    1527.81    138.165    139.061         34 0.0000e+00
      14382    599.196    112.263    113.000    17.1325    17.1363   4.657149   4.657673     2.1127     1.7668      21.03   22.25398  -86.81030   -0.00137   -0.00119     3.1761     3.1983    17.1136    17.1174    36.3012    36.3024    26.4861    26.4862    1527.71    138.184    139.152         32 0.0000e+00
