GOMECC/GOMECC-4/1db/rb2103_0111.cnv
* Sea-Bird SBE 9 Data File:
* FileName = C:\Users\scs.user.rb\CTD\GOMECC4\data\rb2103_0111.hex
* Software Version Seasave V 7.26.7.107
* Temperature SN = 4799
* Conductivity SN = 3860
* Number of Bytes Per Scan = 41
* Number of Voltage Words = 4
* Number of Scans Averaged by the Deck Unit = 1
* NMEA Latitude = 26 26.63 N
* NMEA Longitude = 085 20.00 W
* NMEA UTC (Time) = Sep 18 2021  04:11:12
* NMEA baud rate = 4800
# nquan = 28
# nvalues = 1113                        
# units = specified
# name 0 = scan: Scan Count
# name 1 = timeS: Time, Elapsed [seconds]
# name 2 = depSM: Depth [salt water, m]
# name 3 = prDM: Pressure, Digiquartz [db]
# name 4 = t090C: Temperature [ITS-90, deg C]
# name 5 = t190C: Temperature, 2 [ITS-90, deg C]
# name 6 = c0S/m: Conductivity [S/m]
# name 7 = c1S/m: Conductivity, 2 [S/m]
# name 8 = sbeox0V: Oxygen raw, SBE 43 [V]
# name 9 = sbeox1V: Oxygen raw, SBE 43, 2 [V]
# name 10 = altM: Altimeter [m]
# name 11 = latitude: Latitude [deg]
# name 12 = longitude: Longitude [deg]
# name 13 = sbox0dV/dT: Oxygen, SBE 43 [dov/dt]
# name 14 = sbox1dV/dT: Oxygen, SBE 43, 2 [dov/dt]
# name 15 = sbeox0ML/L: Oxygen, SBE 43 [ml/l], WS = 5
# name 16 = sbeox1ML/L: Oxygen, SBE 43, 2 [ml/l], WS = 5
# name 17 = potemp090C: Potential Temperature [ITS-90, deg C]
# name 18 = potemp190C: Potential Temperature, 2 [ITS-90, deg C]
# name 19 = sal00: Salinity, Practical [PSU]
# name 20 = sal11: Salinity, Practical, 2 [PSU]
# name 21 = sigma-é00: Density [sigma-theta, kg/m^3]
# name 22 = sigma-é11: Density, 2 [sigma-theta, kg/m^3]
# name 23 = avgsvCM: Average Sound Velocity [Chen-Millero, m/s], minP = 20, minS = 20
# name 24 = sbox0Mm/Kg: Oxygen, SBE 43 [umol/kg], WS = 5
# name 25 = sbox1Mm/Kg: Oxygen, SBE 43, 2 [umol/kg], WS = 5
# name 26 = nbin: number of scans per bin
# name 27 = flag: flag
# span 0 =      12224,     242778       
# span 1 =    509.303,  10115.705       
# span 2 =      1.987,   3268.666       
# span 3 =      2.000,   3316.000       
# span 4 =     4.2943,    29.7991       
# span 5 =     4.2952,    29.7553       
# span 6 =   3.348280,   5.946046       
# span 7 =   3.348210,   5.946389       
# span 8 =     1.6153,     3.2418       
# span 9 =     1.3190,     2.7636       
# span 10 =       9.80,     102.32      
# span 11 =   26.38808,   27.23741      
# span 12 =  -87.89354,  -85.15284      
# span 13 =   -0.03204,    0.02889      
# span 14 =   -0.03239,    0.02498      
# span 15 =     2.5739,     4.7476      
# span 16 =     2.6046,     4.7690      
# span 17 =     4.0798,    29.7986      
# span 18 =     4.0811,    29.7549      
# span 19 =    34.8948,    36.5450      
# span 20 =    34.8935,    36.5451      
# span 21 =    22.3280,    27.7591      
# span 22 =    22.3284,    27.7573      
# span 23 =       0.00,    1547.75      
# span 24 =    111.915,    207.113      
# span 25 =    113.250,    208.029      
# span 26 =         30,         73      
# span 27 = 0.0000e+00, 0.0000e+00      
# interval = decibars: 1                
# start_time = Sep 18 2021 04:11:12 [NMEA time, header]
# bad_flag = -9.990e-29
*END*
[from data line 984]
     215305   8971.013    161.871    163.000    16.7265    16.7239   4.610082   4.609750     1.9323     1.6071     100.00   26.44360  -85.33192    0.00230    0.00232     2.8066     2.8414    16.6997    16.6971    36.2344    36.2338    26.5338    26.5339    1502.64    122.104    123.619         41 0.0000e+00
     215343   8972.599    160.878    162.000    16.7915    16.8069   4.618251   4.619337     1.9355     1.6086     100.00   26.44360  -85.33192    0.00181    0.00146     2.8095     2.8400    16.7648    16.7802    36.2480    36.2436    26.5288    26.5218    1502.64    122.230    123.559         35 0.0000e+00
     215377   8973.984    159.885    161.000    16.8941    16.8906   4.630100   4.629520     1.9399     1.6119     100.00   26.44360  -85.33192    0.00224    0.00133     2.8131     2.8430    16.8675    16.8639    36.2600    36.2580    26.5135    26.5129    1502.64    122.389    123.689         33 0.0000e+00
     215411   8975.419    158.893    160.000    16.9467    16.9577   4.636402   4.637316     1.9450     1.6157     100.00   26.44360  -85.33192    0.00303    0.00211     2.8213     2.8483    16.9201    16.9311    36.2683    36.2664    26.5073    26.5032    1502.64    122.746    123.920         37 0.0000e+00
     215452   8977.137    157.900    159.000    16.9856    16.9799   4.640435   4.639819     1.9491     1.6213     100.00   26.44360  -85.33192    0.00313    0.00294     2.8281     2.8606    16.9592    16.9535    36.2690    36.2687    26.4985    26.4997    1502.64    123.044    124.458         43 0.0000e+00
     215493   8978.841    156.908    158.000    17.0558    17.0457   4.648609   4.647639     1.9523     1.6243     100.00   26.44360  -85.33192    0.00230    0.00267     2.8305     2.8640    17.0293    17.0194    36.2779    36.2783    26.4886    26.4912    1502.64    123.151    124.606         38 0.0000e+00
     215528   8980.275    155.915    157.000    17.1157    17.1177   4.655961   4.656300     1.9560     1.6279     100.00   26.44360  -85.33194    0.00201    0.00205     2.8353     2.8683    17.0894    17.0915    36.2886    36.2897    26.4823    26.4827    1502.64    123.356    124.793         33 0.0000e+00
     215562   8981.704    154.922    156.000    17.1603    17.1545   4.661227   4.660443     1.9604     1.6318     100.00   26.44360  -85.33194    0.00265    0.00247     2.8422     2.8758    17.1342    17.1284    36.2949    36.2932    26.4763    26.4765    1502.64    123.660    125.119         36 0.0000e+00
     215600   8983.281    153.929    155.000    17.2027    17.2104   4.666340   4.667230     1.9629     1.6351     100.00   26.44360  -85.33194    0.00256    0.00249     2.8450     2.8802    17.1767    17.1844    36.3018    36.3026    26.4714    26.4702    1502.64    123.781    125.313         39 0.0000e+00
     215641   8985.004    152.937    154.000    17.2383    17.2535   4.670747   4.671543     1.9667     1.6378     100.00   26.44360  -85.33194    0.00190    0.00196     2.8509     2.8842    17.2124    17.2276    36.3086    36.3019    26.4680    26.4592    1502.64    124.039    125.486         42 0.0000e+00
     215680   8986.615    151.944    153.000    17.3007    17.2938   4.678035   4.677074     1.9692     1.6395     100.00   26.44360  -85.33194    0.00193    0.00144     2.8525     2.8853    17.2750    17.2683    36.3164    36.3152    26.4588    26.4598    1502.64    124.107    125.537         35 0.0000e+00
     215712   8987.975    150.951    152.000    17.3740    17.3783   4.686675   4.687331     1.9714     1.6410     100.00   26.44360  -85.33194    0.00167    0.00110     2.8535     2.8842    17.3483    17.3529    36.3263    36.3275    26.4486    26.4483    1502.64    124.152    125.489         33 0.0000e+00
     215748   8989.474    149.958    151.000    17.4033    17.4052   4.690313   4.690377     1.9750     1.6442     100.00   26.44360  -85.33194    0.00179    0.00136     2.8588     2.8900    17.3777    17.3796    36.3320    36.3309    26.4458    26.4445    1502.64    124.384    125.744         39 0.0000e+00
     215787   8991.086    148.966    150.000    17.4317    17.4278   4.693520   4.693248     1.9791     1.6486     100.00   26.44360  -85.33194    0.00242    0.00218     2.8657     2.8986    17.4052    17.4024    36.3358    36.3359    26.4420    26.4428    1502.64    124.684    126.115         36 0.0000e+00
     215821   8992.513    147.973    149.000    17.4767    17.4872   4.699190   4.700075     1.9824     1.6523     100.00   26.44360  -85.33194    0.00244    0.00269     2.8702     2.9049    17.4525    17.4619    36.3431    36.3433    26.4361    26.4340    1502.64    124.884    126.390         33 0.0000e+00
     215853   8993.835    146.980    148.000    17.5245    17.5265   4.704830   4.704980     1.9872     1.6576     100.00   26.44360  -85.33194    0.00260    0.00297     2.8778     2.9151    17.4993    17.5013    36.3505    36.3501    26.4304    26.4296    1502.64    125.213    126.837         32 0.0000e+00
     215888   8995.291    145.987    147.000    17.5552    17.5566   4.708339   4.708378     1.9936     1.6629     100.00   26.44360  -85.33194    0.00361    0.00360     2.8901     2.9262    17.5302    17.5316    36.3538    36.3529    26.4253    26.4243    1502.64    125.751    127.321         37 0.0000e+00
     215924   8996.807    144.995    146.000    17.5899    17.5886   4.711918   4.711890     1.9961     1.6627      99.98   26.44360  -85.33194    0.00358    0.00279     2.8935     2.9235    17.5650    17.5637    36.3542    36.3551    26.4171    26.4181    1502.64    125.898    127.203         35 0.0000e+00
     215956   8998.145    144.002    145.000    17.6426    17.6428   4.718308   4.718112     1.9945     1.6588     100.00   26.44360  -85.33194    0.00165    0.00003     2.8860     2.9101    17.6179    17.6180    36.3626    36.3608    26.4106    26.4092    1502.64    125.572    126.623         30 0.0000e+00
     215988   8999.455    143.009    144.000    17.6700    17.6705   4.721428   4.721293     1.9900     1.6542     100.00   26.44360  -85.33194   -0.00106   -0.00253     2.8740     2.8969    17.6454    17.6458    36.3655    36.3639    26.4061    26.4048    1502.64    125.049    126.045         33 0.0000e+00
     216023   9000.935    142.016    143.000    17.6818    17.6856   4.722816   4.723162     1.9869     1.6521      97.47   26.44360  -85.33194   -0.00262   -0.00284     2.8657     2.8903    17.6574    17.6612    36.3673    36.3669    26.4045    26.4033    1502.64    124.688    125.761         39 0.0000e+00
     216062   9002.544    141.024    142.000    17.7109    17.7169   4.726198   4.726853     1.9860     1.6523      88.46   26.44360  -85.33194   -0.00185   -0.00119     2.8616     2.8887    17.6866    17.6926    36.3709    36.3712    26.4001    26.3989    1502.64    124.513    125.690         36 0.0000e+00
     216095   9003.903    140.031    141.000    17.7467    17.7806   4.730353   4.734765     1.9885     1.6548     100.06   26.44360  -85.33194   -0.00028    0.00023     2.8610     2.8906    17.7225    17.7564    36.3750    36.3829    26.3944    26.3921    1502.64    124.485    125.775         30 0.0000e+00
     216125   9005.152    139.038    140.000    17.8663    17.8532   4.744865   4.743291     1.9929     1.6602     100.00   26.44360  -85.33194    0.00156    0.00187     2.8676     2.8994    17.8422    17.8291    36.3955    36.3920    26.3805    26.3811    1502.64    124.776    126.158         31 0.0000e+00
     216158   9006.539    138.045    139.000    17.9098    17.9130   4.750287   4.751083     2.0016     1.6698     100.00   26.44360  -85.33194    0.00364    0.00423     2.8834     2.9190    17.8858    17.8890    36.4021    36.4061    26.3748    26.3771    1502.64    125.464    127.013         36 0.0000e+00
     216196   9008.117    137.052    138.000    17.9218    17.9425   4.752470   4.754528     2.0139     1.6829     100.00   26.44360  -85.33194    0.00642    0.00699     2.9097     2.9493    17.8979    17.9186    36.4106    36.4098    26.3783    26.3726    1502.64    126.608    128.331         37 0.0000e+00
     216230   9009.535    136.059    137.000    18.0312    18.0275   4.765664   4.764712     2.0232     1.6925     100.00   26.44360  -85.33194    0.00728    0.00771     2.9236     2.9674    18.0074    18.0037    36.4267    36.4219    26.3635    26.3607    1502.64    127.212    129.120         32 0.0000e+00
     216262   9010.862    135.067    136.000    18.1447    18.1434   4.779353   4.778205     2.0400     1.7108     100.00   26.44360  -85.33194    0.00794    0.00854     2.9537     3.0051    18.1210    18.1197    36.4433    36.4346    26.3479    26.3415    1502.64    128.526    130.764         33 0.0000e+00
     216298   9012.365    134.074    135.000    18.2044    18.2077   4.786022   4.786459     2.0681     1.7355      79.48   26.44360  -85.33194    0.01369    0.01344     3.0112     3.0613    18.1809    18.1841    36.4492    36.4484    26.3374    26.3360    1502.64    131.030    133.211         38 0.0000e+00
     216334   9013.872    133.081    134.000    18.2794    18.2656   4.795429   4.793534     2.0886     1.7532      83.49   26.44360  -85.33194    0.01666    0.01507     3.0531     3.1006    18.2559    18.2421    36.4617    36.4578    26.3281    26.3286    1502.64    132.852    134.920         33 0.0000e+00
     216364   9015.143    132.088    133.000    18.3358    18.3369   4.802748   4.802702     2.1023     1.7630      99.97   26.44360  -85.33194    0.01425    0.01180     3.0794     3.1195    18.3124    18.3136    36.4744    36.4730    26.3237    26.3223    1502.64    133.997    135.743         30 0.0000e+00
     216397   9016.481    131.095    132.000    18.3839    18.3910   4.808434   4.808893     2.1123     1.7708     100.00   26.44360  -85.33194    0.01090    0.00847     3.0983     3.1350    18.3607    18.3678    36.4805    36.4784    26.3162    26.3128    1502.64    134.823    136.418         35 0.0000e+00
     216435   9018.083    130.103    131.000    18.4097    18.4255   4.810895   4.812558     2.1193     1.7745      84.00   26.44360  -85.33194    0.00732    0.00509     3.1118     3.1413    18.3866    18.4024    36.4790    36.4791    26.3085    26.3046    1502.64    135.411    136.696         39 0.0000e+00
     216472   9019.607    129.110    130.000    18.4568    18.4543   4.816130   4.815900     2.1202     1.7744      64.38   26.44360  -85.33194    0.00348    0.00209     3.1104     3.1391    18.4339    18.4314    36.4821    36.4823    26.2989    26.2997    1502.64    135.351    136.601         33 0.0000e+00
     216502   9020.888    128.117    129.000    18.4907    18.4966   4.819751   4.820337     2.1163     1.7702      99.80   26.44360  -85.33194    0.00045   -0.00030     3.0995     3.1256    18.4680    18.4739    36.4838    36.4829    26.2916    26.2895    1502.64    134.878    136.015         30 0.0000e+00
     216533   9022.146    127.124    128.000    18.5299    18.5403   4.823987   4.824967     2.1097     1.7628     100.00   26.44360  -85.33194   -0.00242   -0.00288     3.0816     3.1047    18.5073    18.5177    36.4849    36.4839    26.2825    26.2791    1502.64    134.100    135.107         31 0.0000e+00
     216567   9023.565    126.131    127.000    18.5532    18.5673   4.826788   4.828303     2.1013     1.7539     100.00   26.44360  -85.33194   -0.00492   -0.00534     3.0610     3.0812    18.5308    18.5449    36.4883    36.4887    26.2792    26.2759    1502.64    133.205    134.081         37 0.0000e+00
     216561   9023.331    124.146    125.000    18.5596    18.5772   4.826361   4.828238     2.0943     1.7510      99.96   26.43172  -85.29362   -0.00197   -0.00102     3.0446     3.0728    18.5375    18.5551    36.4744    36.4747    26.2655    26.2612    1501.97    132.489    133.720         34 0.0000e+00
     216923   9038.422    122.160    123.000    18.6585    18.6747   4.836576   4.838391     2.0946     1.7522      84.68   26.42606  -85.27534   -0.00019   -0.00049     3.0384     3.0698    18.6367    18.6529    36.4716    36.4743    26.2374    26.2354    1501.64    132.222    133.591         50 0.0000e+00
     218526   9105.193    118.188    119.000    18.7908    18.7877   4.849037   4.848667     2.0864     1.7449      99.86   26.40196  -85.19760    0.00022   -0.00034     3.0110     3.0432    18.7695    18.7664    36.4505    36.4502    26.1846    26.1852    1500.27    131.034    132.437         42 0.0000e+00
     218994   9124.698    117.195    118.000    18.9189    18.8691   4.866148   4.862123     2.0896     1.7496      92.05   26.44360  -85.33197   -0.00027    0.00049     3.0089     3.0489    18.8977    18.8480    36.5053    36.5115    26.1986    26.2161    1502.64    130.945    132.687         46 0.0000e+00
     219091   9128.738    116.203    117.000    18.9844    18.9575   4.874722   4.871756     2.0902     1.7472      81.66   26.44360  -85.33196    0.00026   -0.00072     3.0059     3.0379    18.9634    18.9366    36.5169    36.5146    26.1906    26.1956    1502.64    130.816    132.208         39 0.0000e+00
     219160   9131.638    115.209    116.000    19.0609    19.0550   4.883724   4.883145     2.0907     1.7477      94.87   26.44360  -85.33196    0.00006    0.00015     3.0020     3.0330    19.0400    19.0341    36.5250    36.5252    26.1770    26.1787    1502.64    130.648    131.998         59 0.0000e+00
     219233   9134.686    114.217    115.000    19.1102    19.1032   4.889359   4.888673     2.0920     1.7481     100.18   26.44360  -85.33197    0.00048    0.00020     3.0013     3.0307    19.0894    19.0825    36.5293    36.5296    26.1675    26.1696    1502.64    130.619    131.900         61 0.0000e+00
     219293   9137.150    113.224    114.000    19.1797    19.1643   4.897383   4.895654     2.0949     1.7508     100.00   26.44360  -85.33197    0.00070    0.00071     3.0030     3.0332    19.1591    19.1437    36.5350    36.5320    26.1539    26.1555    1502.64    130.697    132.012         62 0.0000e+00
     219354   9139.727    112.231    113.000    19.2310    19.2114   4.903114   4.900640     2.0982     1.7517     100.00   26.44359  -85.33197    0.00159    0.00058     3.0066     3.0322    19.2105    19.1909    36.5391    36.5356    26.1437    26.1461    1502.64    130.852    131.970         62 0.0000e+00
     219411   9142.086    111.238    112.000    19.3079    19.3079   4.911668   4.911679     2.0995     1.7555     100.00   26.44358  -85.33196    0.00044    0.00115     3.0046     3.0357    19.2886    19.2875    36.5438    36.5446    26.1270    26.1279    1502.64    130.770    132.123         48 0.0000e+00
     219460   9144.125    110.245    111.000    19.3675    19.3641   4.918010   4.917697     2.1024     1.7566     100.00   26.44358  -85.33196    0.00112    0.00119     3.0067     3.0343    19.3473    19.3439    36.5445    36.5450    26.1123    26.1135    1502.64    130.863    132.064         56 0.0000e+00
     219513   9146.326    109.252    110.000    19.4114    19.4027   4.922600   4.921731     2.1022     1.7558      99.71   26.44358  -85.33196    0.00066   -0.00016     3.0033     3.0294    19.3914    19.3826    36.5447    36.5451    26.1010    26.1035    1502.64    130.716    131.853         44 0.0000e+00
     219554   9148.031    108.259    109.000    19.4676    19.4656   4.928491   4.928120     2.1038     1.7580      99.83   26.44358  -85.33196    0.00010    0.00015     3.0029     3.0313    19.4477    19.4456    36.5450    36.5437    26.0864    26.0860    1502.64    130.702    131.934         42 0.0000e+00
     219600   9149.957    107.266    108.000    19.4905    19.4939   4.930417   4.930679     2.1064     1.7610     100.00   26.44358  -85.33196    0.00121    0.00143     3.0070     3.0362    19.4707    19.4741    36.5414    36.5408    26.0777    26.0764    1502.64    130.879    132.153         46 0.0000e+00
