GOMECC/GOMECC-4/1db/rb2103_0711.ros
* Sea-Bird SBE 9 Data File:
* FileName = C:\Users\scs.user.rb\CTD\GOMECC4\data\rb2103_0711.hex
* Software Version Seasave V 7.26.7.107
* Temperature SN = 4799
* Conductivity SN = 3860
* Number of Bytes Per Scan = 41
* Number of Voltage Words = 4
* Number of Scans Averaged by the Deck Unit = 1
* NMEA Latitude = 26 03.51 N
* NMEA Longitude = 094 11.79 W
* NMEA UTC (Time) = Oct 03 2021  22:34:45
* NMEA baud rate = 4800
# nquan = 17
# nvalues = 3192                                  
# units = specified
# name 0 = scan: Scan Count
# name 1 = timeS: Time, Elapsed [seconds]
# name 2 = depSM: Depth [salt water, m]
# name 3 = prDM: Pressure, Digiquartz [db]
# name 4 = t090C: Temperature [ITS-90, deg C]
# name 5 = t190C: Temperature, 2 [ITS-90, deg C]
# name 6 = c0S/m: Conductivity [S/m]
# name 7 = c1S/m: Conductivity, 2 [S/m]
# name 8 = sbeox0V: Oxygen raw, SBE 43 [V]
# name 9 = sbeox1V: Oxygen raw, SBE 43, 2 [V]
# name 10 = altM: Altimeter [m]
# name 11 = latitude: Latitude [deg]
# name 12 = longitude: Longitude [deg]
# name 13 = sbox0dV/dT: Oxygen, SBE 43 [dov/dt]
# name 14 = sbox1dV/dT: Oxygen, SBE 43, 2 [dov/dt]
# name 15 = nbf: Bottles Fired
# name 16 = flag:  0.000e+00
# interval = seconds: 0.0416667
# start_time = Oct 03 2021 22:34:45 [NMEA time, header]
# bad_flag = -9.990e-29
*END*
[from data line 1788]
     198270   8261.208    446.766    450.182    10.8934    10.8822   3.948088   3.946787     1.5910     1.2918     100.00   26.05858  -94.19688   -0.00001   -0.00013         14  0.000e+00
     198271   8261.250    446.719    450.134    10.8928    10.8819   3.948094   3.946767     1.5897     1.2918     100.00   26.05858  -94.19688   -0.00004   -0.00013         14  0.000e+00
     198272   8261.292    446.719    450.134    10.8931    10.8818   3.948067   3.946767     1.5910     1.2918     100.00   26.05858  -94.19688   -0.00004   -0.00011         14  0.000e+00
     198273   8261.333    446.705    450.120    10.8930    10.8818   3.948061   3.946740     1.5910     1.2918     100.00   26.05858  -94.19688   -0.00003   -0.00010         14  0.000e+00
     198274   8261.375    446.766    450.182    10.8933    10.8818   3.948108   3.946746     1.5910     1.2918     100.00   26.05858  -94.19688   -0.00001   -0.00008         14  0.000e+00
     198275   8261.417    446.664    450.079    10.8938    10.8816   3.948101   3.946685     1.5910     1.2918     100.00   26.05858  -94.19688   -0.00002   -0.00006         14  0.000e+00
     198276   8261.458    446.705    450.120    10.8937    10.8818   3.948040   3.946665     1.5910     1.2918     100.00   26.05858  -94.19688   -0.00002   -0.00006         14  0.000e+00
     198277   8261.500    446.719    450.134    10.8934    10.8816   3.948074   3.946671     1.5910     1.2918     100.00   26.05858  -94.19688   -0.00001   -0.00005         14  0.000e+00
     198278   8261.542    446.719    450.134    10.8928    10.8813   3.948094   3.946719     1.5910     1.2918     100.00   26.05858  -94.19688   -0.00001   -0.00005         14  0.000e+00
     198279   8261.583    446.705    450.120    10.8920    10.8808   3.948020   3.946678     1.5910     1.2930     100.00   26.05858  -94.19688   -0.00001   -0.00003         14  0.000e+00
     198280   8261.625    446.719    450.134    10.8914    10.8808   3.948014   3.946665     1.5910     1.2918     100.00   26.05858  -94.19688   -0.00002   -0.00003         14  0.000e+00
     198281   8261.667    446.665    450.079    10.8920    10.8803   3.947973   3.946671     1.5910     1.2918     100.00   26.05858  -94.19688   -0.00002   -0.00003         14  0.000e+00
     198282   8261.708    446.719    450.134    10.8928    10.8801   3.947926   3.946692     1.5922     1.2918     100.00   26.05858  -94.19688   -0.00000   -0.00003         14  0.000e+00
     198283   8261.750    446.706    450.120    10.8925    10.8796   3.947899   3.946644     1.5910     1.2918     100.00   26.05858  -94.19688   -0.00001   -0.00003         14  0.000e+00
     198284   8261.792    446.665    450.079    10.8916    10.8793   3.947886   3.946637     1.5910     1.2918     100.00   26.05858  -94.19686   -0.00001   -0.00003         14  0.000e+00
     198285   8261.833    446.719    450.134    10.8906    10.8791   3.947805   3.946631     1.5910     1.2918     100.00   26.05858  -94.19686   -0.00002   -0.00003         14  0.000e+00
     198286   8261.875    446.706    450.121    10.8900    10.8791   3.947785   3.946651     1.5910     1.2918     100.00   26.05858  -94.19686   -0.00002   -0.00003         14  0.000e+00
     198287   8261.917    446.665    450.079    10.8888    10.8789   3.947724   3.946637     1.5922     1.2918     100.00   26.05858  -94.19686   -0.00000   -0.00003         14  0.000e+00
     198288   8261.958    446.665    450.079    10.8895    10.8793   3.947684   3.946610     1.5910     1.2918     100.00   26.05858  -94.19686   -0.00001   -0.00003         14  0.000e+00
     198289   8262.000    446.719    450.134    10.8893    10.8799   3.947603   3.946596     1.5922     1.2918     100.00   26.05858  -94.19686    0.00000   -0.00003         14  0.000e+00
     198290   8262.042    446.658    450.073    10.8885    10.8803   3.947603   3.946617     1.5910     1.2918     100.00   26.05858  -94.19686 7.0336e-07   -0.00003         14  0.000e+00
     198291   8262.083    446.719    450.134    10.8882    10.8803   3.947610   3.946562     1.5910     1.2918     100.00   26.05858  -94.19686   -0.00000   -0.00001         14  0.000e+00
     198292   8262.125    446.665    450.080    10.8876    10.8801   3.947556   3.946528     1.5910     1.2918     100.00   26.05858  -94.19686   -0.00001   -0.00001         14  0.000e+00
     198293   8262.167    446.658    450.073    10.8875    10.8803   3.947482   3.946528     1.5910     1.2918     100.00   26.05858  -94.19686   -0.00001   -0.00001         14  0.000e+00
     198294   8262.208    446.720    450.135    10.8876    10.8796   3.947421   3.946528     1.5910     1.2918     100.00   26.05858  -94.19686   -0.00002   -0.00001         14  0.000e+00
     198295   8262.250    446.665    450.080    10.8877    10.8788   3.947428   3.946508     1.5910     1.2918     100.00   26.05858  -94.19686   -0.00002   -0.00001         14  0.000e+00
     198296   8262.292    446.720    450.135    10.8872    10.8776   3.947408   3.946412     1.5910     1.2918     100.00   26.05858  -94.19686   -0.00002   -0.00001         14  0.000e+00
     198297   8262.333    446.658    450.073    10.8852    10.8771   3.947381   3.946412     1.5910     1.2918     100.00   26.05858  -94.19686   -0.00003   -0.00001         14  0.000e+00
     198298   8262.375    446.720    450.135    10.8839    10.8766   3.947341   3.946433     1.5910     1.2918     100.00   26.05858  -94.19686   -0.00002   -0.00001         14  0.000e+00
     198299   8262.417    446.665    450.080    10.8836    10.8773   3.947334   3.946426     1.5910     1.2918     100.00   26.05858  -94.19686   -0.00000    0.00000         14  0.000e+00
     198300   8262.458    446.706    450.121    10.8841    10.8780   3.947334   3.946474     1.5910     1.2918     100.00   26.05858  -94.19686   -0.00000    0.00000         14  0.000e+00
     198301   8262.500    446.618    450.032    10.8851    10.8781   3.947361   3.946494     1.5910     1.2918     100.00   26.05858  -94.19686   -0.00001    0.00000         14  0.000e+00
     198302   8262.542    446.768    450.183    10.8873    10.8785   3.947395   3.946501     1.5910     1.2918     100.00   26.05858  -94.19686   -0.00003    0.00000         14  0.000e+00
     198303   8262.583    446.665    450.080    10.8887    10.8783   3.947401   3.946494     1.5910     1.2918     100.00   26.05858  -94.19686   -0.00003    0.00000         14  0.000e+00
     198304   8262.625    446.659    450.073    10.8890    10.8781   3.947401   3.946515     1.5922     1.2918      81.10   26.05858  -94.19686   -0.00002    0.00001         14  0.000e+00
     198305   8262.667    446.720    450.135    10.8885    10.8781   3.947401   3.946508     1.5922     1.2918      66.35   26.05858  -94.19686   -0.00001    0.00001         14  0.000e+00
     198306   8262.708    446.720    450.135    10.8872    10.8781   3.947428   3.946521     1.5922     1.2918      63.91   26.05858  -94.19686    0.00001    0.00001         14  0.000e+00
     198307   8262.750    446.707    450.121    10.8872    10.8781   3.947435   3.946528     1.5922     1.2918      64.86   26.05858  -94.19686    0.00002    0.00001         14  0.000e+00
     198308   8262.792    446.666    450.080    10.8869    10.8785   3.947435   3.946501     1.5910     1.2918      65.47   26.05858  -94.19686    0.00001    0.00001         14  0.000e+00
     198309   8262.833    446.720    450.135    10.8867    10.8788   3.947435   3.946528     1.5910     1.2918      65.54   26.05858  -94.19686    0.00001    0.00001         14  0.000e+00
     198310   8262.875    446.720    450.135    10.8867    10.8788   3.947462   3.946528     1.5922     1.2918      65.49   26.05858  -94.19686    0.00002    0.00001         14  0.000e+00
     198311   8262.917    446.707    450.122    10.8869    10.8788   3.947469   3.946549     1.5910     1.2918      65.47   26.05858  -94.19686    0.00001    0.00001         14  0.000e+00
     198312   8262.958    446.720    450.135    10.8872    10.8793   3.947442   3.946542     1.5910     1.2918      65.47   26.05858  -94.19686    0.00001    0.00001         14  0.000e+00
     198313   8263.000    446.720    450.135    10.8873    10.8791   3.947435   3.946556     1.5910     1.2918      65.47   26.05858  -94.19686    0.00000    0.00001         14  0.000e+00
     198314   8263.042    446.659    450.074    10.8872    10.8793   3.947462   3.946535     1.5910     1.2918      65.47   26.05858  -94.19686   -0.00000    0.00001         14  0.000e+00
     198315   8263.083    446.768    450.184    10.8870    10.8780   3.947415   3.946487     1.5910     1.2918      65.47   26.05858  -94.19686   -0.00001    0.00001         14  0.000e+00
     198316   8263.125    446.666    450.081    10.8866    10.8763   3.947401   3.946406     1.5910     1.2918      65.45   26.05858  -94.19686   -0.00001    0.00001         14  0.000e+00
     198317   8263.167    446.721    450.135    10.8861    10.8758   3.947401   3.946331     1.5910     1.2918      65.47   26.05858  -94.19686   -0.00002    0.00001         14  0.000e+00
     198318   8263.208    446.707    450.122    10.8857    10.8771   3.947294   3.946317     1.5910     1.2918      65.45   26.05858  -94.19686   -0.00001    0.00001         14  0.000e+00
     198319   8263.250    446.768    450.184    10.8859    10.8785   3.947260   3.946324     1.5910     1.2918      65.47   26.05858  -94.19686    0.00001    0.00001         14  0.000e+00
     198320   8263.292    446.666    450.081    10.8852    10.8788   3.947233   3.946344     1.5910     1.2918      65.45   26.05858  -94.19686    0.00002    0.00001         14  0.000e+00
     198321   8263.333    446.707    450.122    10.8846    10.8788   3.947206   3.946351     1.5910     1.2918      65.47   26.05858  -94.19686    0.00003    0.00001         14  0.000e+00
     198322   8263.375    446.768    450.184    10.8842    10.8788   3.947166   3.946331     1.5910     1.2918      65.47   26.05858  -94.19686    0.00003    0.00001         14  0.000e+00
     198323   8263.417    446.721    450.136    10.8841    10.8776   3.947206   3.946317     1.5910     1.2918      65.47   26.05858  -94.19686    0.00002    0.00001         14  0.000e+00
     198324   8263.458    446.721    450.136    10.8841    10.8776   3.947206   3.946337     1.5910     1.2918      65.47   26.05858  -94.19686    0.00002    0.00001         14  0.000e+00
     198325   8263.500    446.660    450.074    10.8846    10.8776   3.947220   3.946371     1.5910     1.2918      65.47   26.05858  -94.19686    0.00001    0.00001         14  0.000e+00
     198326   8263.542    446.769    450.184    10.8842    10.8771   3.947307   3.946399     1.5910     1.2918      65.47   26.05858  -94.19686    0.00001    0.00001         14  0.000e+00
     198327   8263.583    446.769    450.184    10.8845    10.8766   3.947280   3.946385     1.5910     1.2918      82.74   26.05858  -94.19686    0.00001    0.00001         14  0.000e+00
     198328   8263.625    446.707    450.122    10.8851    10.8766   3.947260   3.946331     1.5910     1.2918      98.58   26.05858  -94.19686    0.00000    0.00001         14  0.000e+00
     198329   8263.667    446.721    450.136    10.8847    10.8764   3.947280   3.946324     1.5910     1.2918     100.00   26.05858  -94.19686   -0.00000    0.00001         14  0.000e+00
     198330   8263.708    446.721    450.136    10.8841    10.8764   3.947300   3.946317     1.5910     1.2918     100.00   26.05858  -94.19686   -0.00001    0.00001         14  0.000e+00
     198331   8263.750    446.769    450.184    10.8844    10.8763   3.947327   3.946290     1.5910     1.2918     100.00   26.05858  -94.19686   -0.00001    0.00001         14  0.000e+00
     198332   8263.792    446.707    450.122    10.8839    10.8748   3.947314   3.946228     1.5910     1.2918      99.98   26.05858  -94.19686   -0.00002    0.00001         14  0.000e+00
     198333   8263.833    446.721    450.136    10.8848    10.8739   3.947347   3.946222     1.5910     1.2918     100.00   26.05858  -94.19686   -0.00002    0.00002         14  0.000e+00
     198334   8263.875    446.769    450.184    10.8857    10.8743   3.947341   3.946215     1.5922     1.2918     100.00   26.05858  -94.19686   -0.00001    0.00002         14  0.000e+00
     198335   8263.917    446.708    450.122    10.8846    10.8751   3.947361   3.946187     1.5910     1.2918     100.00   26.05858  -94.19686   -0.00001    0.00002         14  0.000e+00
     198336   8263.958    446.721    450.136    10.8839    10.8758   3.947341   3.946215     1.5897     1.2918     100.00   26.05858  -94.19686   -0.00003    0.00002         14  0.000e+00
     198337   8264.000    446.769    450.184    10.8855    10.8768   3.947354   3.946187     1.5910     1.2918     100.00   26.05858  -94.19686   -0.00002    0.00002         14  0.000e+00
     198338   8264.042    446.667    450.081    10.8870    10.8776   3.947320   3.946201     1.5910     1.2918     100.00   26.05858  -94.19686   -0.00002    0.00002         14  0.000e+00
     198339   8264.083    446.755    450.171    10.8849    10.8778   3.947294   3.946249     1.5910     1.2918     100.00   26.05858  -94.19686   -0.00003    0.00002         14  0.000e+00
     198340   8264.125    446.769    450.184    10.8862    10.8778   3.947395   3.946249     1.5910     1.2918     100.00   26.05858  -94.19686   -0.00003    0.00002         14  0.000e+00
     198341   8264.167    446.721    450.136    10.8891    10.8778   3.947516   3.946222     1.5910     1.2918     100.00   26.05858  -94.19686   -0.00002    0.00002         14  0.000e+00
     198342   8264.208    446.708    450.123    10.8905    10.8763   3.947542   3.946235     1.5910     1.2918     100.00   26.05858  -94.19686   -0.00000    0.00002         14  0.000e+00
     198343   8264.250    446.769    450.185    10.8927    10.8756   3.947596   3.946228     1.5910     1.2918     100.00   26.05858  -94.19686   -0.00001    0.00002         14  0.000e+00
     203520   8479.958    323.101    325.473    13.6400    13.6425   4.253274   4.253555     1.7070     1.3968     100.00   26.05850  -94.19690    0.00025    0.00025         15  0.000e+00
     203521   8480.000    322.897    325.268    13.6404    13.6429   4.253281   4.253604     1.7070     1.3968     100.00   26.05850  -94.19690    0.00025    0.00026         15  0.000e+00
     203522   8480.042    322.877    325.247    13.6405    13.6434   4.253233   4.253653     1.7070     1.3956     100.00   26.05850  -94.19690    0.00025    0.00024         15  0.000e+00
     203523   8480.083    322.999    325.371    13.6407    13.6437   4.253240   4.253688     1.7057     1.3968     100.00   26.05850  -94.19690    0.00023    0.00025         15  0.000e+00
     203524   8480.125    322.952    325.323    13.6406    13.6439   4.253247   4.253702     1.7070     1.3956     100.00   26.05850  -94.19690    0.00022    0.00023         15  0.000e+00
     203525   8480.167    322.931    325.302    13.6406    13.6442   4.253226   4.253674     1.7057     1.3956     100.00   26.05850  -94.19690    0.00020    0.00023         15  0.000e+00
     203526   8480.208    322.999    325.371    13.6403    13.6441   4.253240   4.253667     1.7057     1.3968     100.00   26.05850  -94.19690    0.00020    0.00024         15  0.000e+00
     203527   8480.250    322.952    325.323    13.6406    13.6441   4.253302   4.253688     1.7057     1.3956     100.00   26.05850  -94.19690    0.00018    0.00023         15  0.000e+00
     203528   8480.292    322.932    325.302    13.6407    13.6437   4.253323   4.253674     1.7057     1.3956     100.00   26.05850  -94.19690    0.00017    0.00023         15  0.000e+00
     203529   8480.333    322.952    325.323    13.6412    13.6439   4.253351   4.253688     1.7057     1.3956     100.00   26.05850  -94.19690    0.00017    0.00022         15  0.000e+00
