GOMECC/GOMECC-4/1db/rb2103_0421.ros
* Sea-Bird SBE 9 Data File:
* FileName = C:\Users\scs.user.rb\CTD\GOMECC4\data\rb2103_0421.hex
* Software Version Seasave V 7.26.7.107
* Temperature SN = 4799
* Conductivity SN = 3860
* Number of Bytes Per Scan = 41
* Number of Voltage Words = 4
* Number of Scans Averaged by the Deck Unit = 1
* NMEA Latitude = 28 14.68 N
* NMEA Longitude = 089 59.18 W
* NMEA UTC (Time) = Sep 26 2021  04:34:16
* NMEA baud rate = 4800
# nquan = 17
# nvalues = 1463                                  
# units = specified
# name 0 = scan: Scan Count
# name 1 = timeS: Time, Elapsed [seconds]
# name 2 = depSM: Depth [salt water, m]
# name 3 = prDM: Pressure, Digiquartz [db]
# name 4 = t090C: Temperature [ITS-90, deg C]
# name 5 = t190C: Temperature, 2 [ITS-90, deg C]
# name 6 = c0S/m: Conductivity [S/m]
# name 7 = c1S/m: Conductivity, 2 [S/m]
# name 8 = sbeox0V: Oxygen raw, SBE 43 [V]
# name 9 = sbeox1V: Oxygen raw, SBE 43, 2 [V]
# name 10 = altM: Altimeter [m]
# name 11 = latitude: Latitude [deg]
# name 12 = longitude: Longitude [deg]
# name 13 = sbox0dV/dT: Oxygen, SBE 43 [dov/dt]
# name 14 = sbox1dV/dT: Oxygen, SBE 43, 2 [dov/dt]
# name 15 = nbf: Bottles Fired
# name 16 = flag:  0.000e+00
# interval = seconds: 0.0416667
# start_time = Sep 26 2021 04:34:16 [NMEA time, header]
# bad_flag = -9.990e-29
*END*
[from data line 937]
      33743   1405.917     34.559     34.794    28.0503    28.0520   5.816686   5.816929     3.1038     2.6422     100.00   28.24588  -89.98770   -0.00152    0.00018          8  0.000e+00
      33744   1405.958     34.559     34.794    28.0506    28.0525   5.816710   5.816977     3.1038     2.6435     100.00   28.24588  -89.98770   -0.00150    0.00024          8  0.000e+00
      33745   1406.000     34.559     34.794    28.0508    28.0523   5.816758   5.817001     3.1038     2.6422     100.00   28.24588  -89.98770   -0.00145    0.00028          8  0.000e+00
      33746   1406.042     34.559     34.794    28.0506    28.0528   5.816702   5.817073     3.1026     2.6422     100.00   28.24588  -89.98770   -0.00143    0.00035          8  0.000e+00
      33747   1406.083     34.612     34.847    28.0506    28.0544   5.816710   5.817161     3.1026     2.6435     100.00   28.24588  -89.98770   -0.00140    0.00041          8  0.000e+00
      33748   1406.125     34.559     34.794    28.0508    28.0554   5.816726   5.817217     3.1026     2.6422     100.00   28.24588  -89.98770   -0.00137    0.00046          8  0.000e+00
      33749   1406.167     34.559     34.794    28.0510    28.0566   5.816726   5.817265     3.1026     2.6422     100.00   28.24588  -89.98770   -0.00134    0.00050          8  0.000e+00
      33750   1406.208     34.559     34.794    28.0508    28.0572   5.816726   5.817313     3.1026     2.6422     100.00   28.24588  -89.98770   -0.00130    0.00055          8  0.000e+00
      33751   1406.250     34.559     34.794    28.0510    28.0581   5.816726   5.817401     3.1026     2.6422     100.00   28.24588  -89.98770   -0.00126    0.00057          8  0.000e+00
      33752   1406.292     34.559     34.794    28.0508    28.0589   5.816758   5.817425     3.1026     2.6422     100.00   28.24588  -89.98770   -0.00122    0.00060          8  0.000e+00
      33753   1406.333     34.559     34.794    28.0508    28.0593   5.816773   5.817530     3.1026     2.6422     100.00   28.24588  -89.98770   -0.00118    0.00064          8  0.000e+00
      33754   1406.375     34.574     34.809    28.0510    28.0598   5.816734   5.817570     3.1013     2.6422     100.00   28.24588  -89.98770   -0.00116    0.00067          8  0.000e+00
      33755   1406.417     34.559     34.794    28.0508    28.0606   5.816758   5.817570     3.1013     2.6422     100.00   28.24588  -89.98770   -0.00115    0.00070          8  0.000e+00
      33756   1406.458     34.559     34.794    28.0510    28.0614   5.816773   5.817674     3.1026     2.6422     100.00   28.24588  -89.98770   -0.00112    0.00072          8  0.000e+00
      33757   1406.500     34.559     34.794    28.0506    28.0627   5.816734   5.817746     3.1026     2.6422     100.00   28.24588  -89.98770   -0.00109    0.00075          8  0.000e+00
      33758   1406.542     34.559     34.794    28.0508    28.0631   5.816726   5.817722     3.1026     2.6422     100.00   28.24588  -89.98770   -0.00105    0.00077          8  0.000e+00
      33759   1406.583     34.559     34.794    28.0508    28.0629   5.816726   5.817746     3.1026     2.6422     100.00   28.24588  -89.98770   -0.00102    0.00080          8  0.000e+00
      33760   1406.625     34.559     34.794    28.0510    28.0637   5.816726   5.817762     3.1026     2.6435     100.00   28.24588  -89.98770   -0.00100    0.00084          8  0.000e+00
      33761   1406.667     34.612     34.847    28.0510    28.0634   5.816686   5.817794     3.1026     2.6435     100.00   28.24588  -89.98770   -0.00098    0.00088          8  0.000e+00
      33762   1406.708     34.559     34.794    28.0510    28.0622   5.816710   5.817666     3.1038     2.6435     100.00   28.24588  -89.98770   -0.00094    0.00092          8  0.000e+00
      33763   1406.750     34.559     34.794    28.0508    28.0612   5.816726   5.817650     3.1038     2.6435     100.00   28.24588  -89.98770   -0.00090    0.00096          8  0.000e+00
      33764   1406.792     34.559     34.794    28.0506    28.0598   5.816686   5.817554     3.1038     2.6447     100.00   28.24588  -89.98770   -0.00085    0.00102          8  0.000e+00
      33765   1406.833     34.559     34.794    28.0508    28.0586   5.816710   5.817449     3.1038     2.6447     100.00   28.24588  -89.98770   -0.00081    0.00107          8  0.000e+00
      33766   1406.875     34.612     34.847    28.0508    28.0579   5.816726   5.817353     3.1026     2.6447     100.00   28.24588  -89.98770   -0.00079    0.00113          8  0.000e+00
      33767   1406.917     34.499     34.733    28.0504    28.0571   5.816647   5.817289     3.1038     2.6447     100.00   28.24588  -89.98770   -0.00076    0.00118          8  0.000e+00
      33768   1406.958     34.612     34.847    28.0502    28.0565   5.816663   5.817177     3.1026     2.6447     100.00   28.24588  -89.98770   -0.00075    0.00123          8  0.000e+00
      33769   1407.000     34.559     34.794    28.0501    28.0551   5.816679   5.817145     3.1038     2.6447     100.00   28.24588  -89.98770   -0.00072    0.00128          8  0.000e+00
      33770   1407.042     34.559     34.794    28.0501    28.0545   5.816679   5.817073     3.1026     2.6447     100.00   28.24588  -89.98770   -0.00071    0.00133          8  0.000e+00
      33771   1407.083     34.612     34.847    28.0501    28.0540   5.816600   5.817049     3.1026     2.6447     100.00   28.24588  -89.98770   -0.00069    0.00138          8  0.000e+00
      33772   1407.125     34.559     34.794    28.0501    28.0535   5.816607   5.816977     3.1026     2.6447     100.00   28.24588  -89.98770   -0.00068    0.00141          8  0.000e+00
      33773   1407.167     34.612     34.847    28.0497    28.0529   5.816584   5.816985     3.1026     2.6447     100.00   28.24588  -89.98770   -0.00066    0.00144          8  0.000e+00
      33774   1407.208     34.559     34.794    28.0499    28.0522   5.816536   5.816929     3.1026     2.6447     100.00   28.24588  -89.98770   -0.00065    0.00147          8  0.000e+00
      33775   1407.250     34.612     34.847    28.0497    28.0520   5.816600   5.816905     3.1026     2.6447     100.00   28.24588  -89.98770   -0.00065    0.00150          8  0.000e+00
      33776   1407.292     34.559     34.794    28.0495    28.0517   5.816584   5.816865     3.1026     2.6435     100.00   28.24588  -89.98770   -0.00064    0.00150          8  0.000e+00
      33777   1407.333     34.612     34.847    28.0497    28.0512   5.816607   5.816857     3.1026     2.6435     100.00   28.24588  -89.98770   -0.00064    0.00149          8  0.000e+00
      33778   1407.375     34.574     34.809    28.0494    28.0513   5.816584   5.816857     3.1026     2.6435     100.00   28.24588  -89.98770   -0.00064    0.00148          8  0.000e+00
      33779   1407.417     34.612     34.847    28.0493    28.0510   5.816576   5.816817     3.1026     2.6435     100.00   28.24588  -89.98770   -0.00064    0.00146          8  0.000e+00
      33780   1407.458     34.559     34.794    28.0493    28.0506   5.816576   5.816841     3.1026     2.6435     100.00   28.24588  -89.98770   -0.00063    0.00145          8  0.000e+00
      33781   1407.500     34.612     34.847    28.0493    28.0505   5.816576   5.816817     3.1038     2.6422     100.00   28.24588  -89.98770   -0.00061    0.00141          8  0.000e+00
      33782   1407.542     34.612     34.847    28.0491    28.0502   5.816536   5.816809     3.1038     2.6435     100.00   28.24588  -89.98770   -0.00059    0.00140          8  0.000e+00
      33783   1407.583     34.559     34.794    28.0491    28.0501   5.816560   5.816769     3.1038     2.6422     100.00   28.24588  -89.98770   -0.00057    0.00136          8  0.000e+00
      33784   1407.625     34.612     34.847    28.0491    28.0503   5.816536   5.816721     3.1038     2.6435     100.00   28.24588  -89.98770   -0.00053    0.00134          8  0.000e+00
      33785   1407.667     34.612     34.847    28.0492    28.0502   5.816560   5.816745     3.1038     2.6435     100.00   28.24588  -89.98770   -0.00049    0.00132          8  0.000e+00
      33786   1407.708     34.612     34.847    28.0491    28.0497   5.816576   5.816761     3.1038     2.6435     100.00   28.24588  -89.98770   -0.00045    0.00129          8  0.000e+00
      33787   1407.750     34.612     34.847    28.0491    28.0499   5.816576   5.816721     3.1038     2.6435     100.00   28.24588  -89.98770   -0.00040    0.00127          8  0.000e+00
      33788   1407.792     34.612     34.847    28.0491    28.0497   5.816576   5.816745     3.1038     2.6435     100.00   28.24588  -89.98770   -0.00036    0.00124          8  0.000e+00
      33789   1407.833     34.559     34.794    28.0491    28.0497   5.816576   5.816721     3.1038     2.6435     100.00   28.24588  -89.98770   -0.00032    0.00121          8  0.000e+00
      33790   1407.875     34.672     34.908    28.0493    28.0497   5.816536   5.816745     3.1038     2.6435     100.00   28.24588  -89.98770   -0.00029    0.00118          8  0.000e+00
      33791   1407.917     34.612     34.847    28.0489    28.0499   5.816489   5.816761     3.1038     2.6435     100.00   28.24588  -89.98770   -0.00026    0.00115          8  0.000e+00
      33792   1407.958     34.612     34.847    28.0491    28.0497   5.816584   5.816761     3.1038     2.6435     100.00   28.24588  -89.98770   -0.00023    0.00112          8  0.000e+00
      33793   1408.000     34.612     34.847    28.0490    28.0499   5.816513   5.816721     3.1050     2.6435     100.00   28.24588  -89.98770   -0.00019    0.00110          8  0.000e+00
      33794   1408.042     34.612     34.847    28.0491    28.0497   5.816552   5.816745     3.1050     2.6435     100.00   28.24588  -89.98770   -0.00014    0.00107          8  0.000e+00
      33795   1408.083     34.672     34.908    28.0489    28.0497   5.816576   5.816721     3.1050     2.6435     100.00   28.24588  -89.98770   -0.00012    0.00105          8  0.000e+00
      33796   1408.125     34.559     34.794    28.0489    28.0497   5.816576   5.816713     3.1050     2.6435     100.00   28.24588  -89.98770   -0.00009    0.00103          8  0.000e+00
      33797   1408.167     34.673     34.908    28.0489    28.0499   5.816608   5.816713     3.1050     2.6435     100.00   28.24588  -89.98770   -0.00006    0.00101          8  0.000e+00
      33798   1408.208     34.612     34.847    28.0489    28.0497   5.816552   5.816713     3.1062     2.6435     100.00   28.24588  -89.98770   -0.00002    0.00099          8  0.000e+00
      33799   1408.250     34.612     34.847    28.0488    28.0497   5.816560   5.816745     3.1062     2.6435     100.00   28.24588  -89.98770    0.00003    0.00097          8  0.000e+00
      33800   1408.292     34.612     34.847    28.0490    28.0499   5.816607   5.816761     3.1062     2.6435     100.00   28.24588  -89.98770    0.00007    0.00095          8  0.000e+00
      33801   1408.333     34.612     34.847    28.0488    28.0497   5.816584   5.816721     3.1074     2.6435     100.00   28.24588  -89.98770    0.00011    0.00092          8  0.000e+00
      33802   1408.375     34.688     34.923    28.0488    28.0499   5.816576   5.816745     3.1074     2.6435     100.00   28.24588  -89.98770    0.00015    0.00090          8  0.000e+00
      33803   1408.417     34.612     34.847    28.0486    28.0499   5.816552   5.816761     3.1074     2.6422     100.00   28.24588  -89.98770    0.00021    0.00085          8  0.000e+00
      33804   1408.458     34.612     34.847    28.0486    28.0499   5.816528   5.816721     3.1074     2.6422     100.00   28.24588  -89.98770    0.00026    0.00081          8  0.000e+00
      33805   1408.500     34.612     34.847    28.0488    28.0499   5.816528   5.816713     3.1074     2.6422     100.00   28.24588  -89.98770    0.00030    0.00076          8  0.000e+00
      33806   1408.542     34.612     34.847    28.0486    28.0501   5.816418   5.816785     3.1074     2.6422     100.00   28.24588  -89.98770    0.00035    0.00073          8  0.000e+00
      33807   1408.583     34.673     34.908    28.0484    28.0501   5.816529   5.816769     3.1074     2.6422     100.00   28.24588  -89.98770    0.00040    0.00071          8  0.000e+00
      33808   1408.625     34.612     34.847    28.0485    28.0499   5.816536   5.816761     3.1087     2.6422     100.00   28.24588  -89.98770    0.00047    0.00068          8  0.000e+00
      33809   1408.667     34.612     34.847    28.0486    28.0499   5.816489   5.816793     3.1074     2.6422     100.00   28.24588  -89.98770    0.00052    0.00065          8  0.000e+00
      33810   1408.708     34.673     34.908    28.0484    28.0497   5.816481   5.816769     3.1074     2.6422     100.00   28.24588  -89.98770    0.00057    0.00062          8  0.000e+00
      33811   1408.750     34.612     34.847    28.0486    28.0495   5.816513   5.816761     3.1074     2.6422     100.00   28.24588  -89.98770    0.00062    0.00059          8  0.000e+00
      33812   1408.792     34.612     34.847    28.0484    28.0495   5.816489   5.816761     3.1074     2.6422     100.00   28.24588  -89.98770    0.00066    0.00056          8  0.000e+00
      33813   1408.833     34.673     34.908    28.0484    28.0494   5.816481   5.816793     3.1074     2.6410     100.00   28.24588  -89.98770    0.00071    0.00051          8  0.000e+00
      33814   1408.875     34.612     34.847    28.0484    28.0493   5.816513   5.816769     3.1074     2.6410     100.00   28.24588  -89.98770    0.00075    0.00046          8  0.000e+00
      33815   1408.917     34.612     34.847    28.0483    28.0492   5.816457   5.816721     3.1062     2.6410     100.00   28.24588  -89.98770    0.00078    0.00041          8  0.000e+00
      33816   1408.958     34.673     34.908    28.0486    28.0494   5.816505   5.816673     3.1062     2.6410     100.00   28.24588  -89.98770    0.00080    0.00036          8  0.000e+00
      33817   1409.000     34.612     34.847    28.0484    28.0491   5.816489   5.816697     3.1062     2.6410     100.00   28.24588  -89.98770    0.00083    0.00032          8  0.000e+00
      33818   1409.042     34.612     34.847    28.0484    28.0492   5.816552   5.816641     3.1062     2.6410     100.00   28.24588  -89.98770    0.00085    0.00027          8  0.000e+00
      33819   1409.083     34.559     34.794    28.0484    28.0493   5.816536   5.816649     3.1062     2.6410     100.00   28.24588  -89.98770    0.00087    0.00022          8  0.000e+00
      33820   1409.125     34.726     34.962    28.0484    28.0490   5.816560   5.816697     3.1062     2.6410     100.00   28.24588  -89.98770    0.00090    0.00015          8  0.000e+00
      33821   1409.167     34.612     34.848    28.0486    28.0491   5.816536   5.816713     3.1074     2.6410     100.00   28.24588  -89.98770    0.00093    0.00010          8  0.000e+00
      33822   1409.208     34.612     34.848    28.0485    28.0490   5.816560   5.816673     3.1074     2.6410     100.00   28.24588  -89.98770    0.00097    0.00006          8  0.000e+00
      33823   1409.250     34.612     34.848    28.0484    28.0493   5.816505   5.816665     3.1074     2.6410     100.00   28.24588  -89.98770    0.00103    0.00001          8  0.000e+00
      33824   1409.292     34.612     34.848    28.0486    28.0490   5.816513   5.816665     3.1074     2.6410     100.00   28.24588  -89.98770    0.00108   -0.00004          8  0.000e+00
      33825   1409.333     34.559     34.794    28.0484    28.0491   5.816528   5.816697     3.1074     2.6410     100.00   28.24588  -89.98770    0.00113   -0.00009          8  0.000e+00
      33826   1409.375     34.688     34.924    28.0484    28.0492   5.816529   5.816713     3.1074     2.6410     100.00   28.24588  -89.98770    0.00119   -0.00014          8  0.000e+00
