GOMECC/GOMECC-4/1db/rb2103_0491.ros
* Sea-Bird SBE 9 Data File:
* FileName = C:\Users\scs.user.rb\CTD\GOMECC4\data\rb2103_0491.hex
* Software Version Seasave V 7.26.7.107
* Temperature SN = 4799
* Conductivity SN = 3860
* Number of Bytes Per Scan = 41
* Number of Voltage Words = 4
* Number of Scans Averaged by the Deck Unit = 1
* NMEA Latitude = 27 55.20 N
* NMEA Longitude = 093 34.74 W
* NMEA UTC (Time) = Sep 27 2021  12:19:13
* NMEA baud rate = 4800
# nquan = 17
# nvalues = 1197                                  
# units = specified
# name 0 = scan: Scan Count
# name 1 = timeS: Time, Elapsed [seconds]
# name 2 = depSM: Depth [salt water, m]
# name 3 = prDM: Pressure, Digiquartz [db]
# name 4 = t090C: Temperature [ITS-90, deg C]
# name 5 = t190C: Temperature, 2 [ITS-90, deg C]
# name 6 = c0S/m: Conductivity [S/m]
# name 7 = c1S/m: Conductivity, 2 [S/m]
# name 8 = sbeox0V: Oxygen raw, SBE 43 [V]
# name 9 = sbeox1V: Oxygen raw, SBE 43, 2 [V]
# name 10 = altM: Altimeter [m]
# name 11 = latitude: Latitude [deg]
# name 12 = longitude: Longitude [deg]
# name 13 = sbox0dV/dT: Oxygen, SBE 43 [dov/dt]
# name 14 = sbox1dV/dT: Oxygen, SBE 43, 2 [dov/dt]
# name 15 = nbf: Bottles Fired
# name 16 = flag:  0.000e+00
# interval = seconds: 0.0416667
# start_time = Sep 27 2021 12:19:13 [NMEA time, header]
# bad_flag = -9.990e-29
*END*
[from data line 1107]
      24922   1038.375      4.435      4.464    28.6724    28.6729   5.785335   5.785383     3.1087     2.6374      69.38   27.92010  -93.57898   -0.00036   -0.00046          9  0.000e+00
      24923   1038.417      4.276      4.305    28.6719    28.6725   5.785351   5.785479     3.1087     2.6374      68.99   27.92010  -93.57898   -0.00036   -0.00047          9  0.000e+00
      24924   1038.458      4.374      4.403    28.6721    28.6728   5.785256   5.785471     3.1087     2.6374      68.94   27.92010  -93.57898   -0.00036   -0.00047          9  0.000e+00
      24925   1038.500      4.389      4.419    28.6719    28.6727   5.785193   5.785415     3.1087     2.6386      68.99   27.92010  -93.57898   -0.00035   -0.00045          9  0.000e+00
      24926   1038.542      4.223      4.251    28.6723    28.6721   5.785177   5.785407     3.1087     2.6386      69.01   27.92010  -93.57898   -0.00035   -0.00044          9  0.000e+00
      24927   1038.583      4.487      4.518    28.6719    28.6722   5.785209   5.785367     3.1087     2.6386      69.01   27.92010  -93.57898   -0.00034   -0.00042          9  0.000e+00
      24928   1038.625      4.276      4.305    28.6719    28.6723   5.785193   5.785391     3.1087     2.6386      69.01   27.92010  -93.57898   -0.00033   -0.00041          9  0.000e+00
      24929   1038.667      4.374      4.403    28.6719    28.6723   5.785177   5.785383     3.1087     2.6386      68.99   27.92010  -93.57898   -0.00033   -0.00039          9  0.000e+00
      24930   1038.708      4.450      4.479    28.6719    28.6722   5.785209   5.785399     3.1087     2.6386      68.99   27.92010  -93.57898   -0.00033   -0.00036          9  0.000e+00
      24931   1038.750      4.276      4.305    28.6719    28.6723   5.785256   5.785335     3.1087     2.6386      69.01   27.92010  -93.57898   -0.00034   -0.00032          9  0.000e+00
      24932   1038.792      4.435      4.464    28.6721    28.6721   5.785201   5.785343     3.1087     2.6398      68.99   27.92010  -93.57898   -0.00034   -0.00027          9  0.000e+00
      24933   1038.833      4.389      4.419    28.6721    28.6723   5.785177   5.785319     3.1099     2.6398      68.99   27.92010  -93.57898   -0.00032   -0.00022          9  0.000e+00
      24934   1038.875      4.321      4.350    28.6721    28.6721   5.785177   5.785311     3.1087     2.6398      68.99   27.92010  -93.57898   -0.00033   -0.00017          9  0.000e+00
      24935   1038.917      4.389      4.419    28.6719    28.6721   5.785146   5.785311     3.1099     2.6398      68.99   27.92010  -93.57898   -0.00030   -0.00012          9  0.000e+00
      24936   1038.958      4.389      4.419    28.6719    28.6721   5.785130   5.785359     3.1099     2.6398      69.01   27.92010  -93.57898   -0.00028   -0.00007          9  0.000e+00
      24937   1039.000      4.261      4.289    28.6717    28.6722   5.785201   5.785399     3.1087     2.6398      69.01   27.92010  -93.57898   -0.00029   -0.00002          9  0.000e+00
      24938   1039.042      4.450      4.479    28.6719    28.6721   5.785193   5.785367     3.1099     2.6398      69.01   27.92010  -93.57898   -0.00027    0.00004          9  0.000e+00
      24939   1039.083      4.321      4.350    28.6718    28.6721   5.785209   5.785319     3.1087     2.6398      69.01   27.92010  -93.57898   -0.00026    0.00011          9  0.000e+00
      24940   1039.125      4.336      4.365    28.6717    28.6722   5.785225   5.785343     3.1087     2.6398      69.01   27.92010  -93.57898   -0.00025    0.00017          9  0.000e+00
      24941   1039.167      4.321      4.350    28.6719    28.6723   5.785193   5.785359     3.1099     2.6386      69.01   27.92010  -93.57898   -0.00021    0.00021          9  0.000e+00
      24942   1039.208      4.389      4.419    28.6721    28.6721   5.785248   5.785359     3.1099     2.6386      68.99   27.92010  -93.57898   -0.00018    0.00026          9  0.000e+00
      24943   1039.250      4.336      4.365    28.6719    28.6722   5.785272   5.785407     3.1099     2.6386      68.67   27.92010  -93.57898   -0.00015    0.00030          9  0.000e+00
      24944   1039.292      4.321      4.350    28.6719    28.6725   5.785240   5.785375     3.1099     2.6386      68.45   27.92010  -93.57898   -0.00012    0.00033          9  0.000e+00
      24945   1039.333      4.389      4.419    28.6717    28.6725   5.785225   5.785359     3.1087     2.6386      68.40   27.92010  -93.57898   -0.00012    0.00037          9  0.000e+00
      24946   1039.375      4.261      4.289    28.6719    28.6723   5.785225   5.785319     3.1087     2.6386      68.42   27.92010  -93.57898   -0.00013    0.00039          9  0.000e+00
      24947   1039.417      4.336      4.365    28.6715    28.6721   5.785193   5.785343     3.1087     2.6386      68.45   27.92010  -93.57898   -0.00013    0.00041          9  0.000e+00
      24948   1039.458      4.389      4.419    28.6717    28.6721   5.785177   5.785319     3.1087     2.6386      68.45   27.92010  -93.57898   -0.00013    0.00043          9  0.000e+00
      24949   1039.500      4.208      4.236    28.6715    28.6723   5.785138   5.785327     3.1087     2.6386      68.45   27.92010  -93.57898   -0.00014    0.00045          9  0.000e+00
      24950   1039.542      4.389      4.419    28.6718    28.6724   5.785130   5.785383     3.1087     2.6386      68.45   27.92010  -93.57898   -0.00014    0.00045          9  0.000e+00
      24951   1039.583      4.261      4.289    28.6717    28.6725   5.785130   5.785407     3.1087     2.6386      68.45   27.92010  -93.57898   -0.00014    0.00045          9  0.000e+00
      24952   1039.625      4.336      4.365    28.6717    28.6725   5.785162   5.785367     3.1087     2.6386      68.45   27.92010  -93.57898   -0.00015    0.00045          9  0.000e+00
      24953   1039.667      4.208      4.236    28.6714    28.6724   5.785177   5.785359     3.1074     2.6386      68.45   27.92010  -93.57898   -0.00017    0.00045          9  0.000e+00
      24954   1039.708      4.276      4.305    28.6717    28.6725   5.785138   5.785319     3.1074     2.6398      68.45   27.92010  -93.57898   -0.00019    0.00047          9  0.000e+00
      24955   1039.750      4.276      4.305    28.6714    28.6725   5.785162   5.785311     3.1062     2.6398      68.45   27.92010  -93.57898   -0.00023    0.00048          9  0.000e+00
      24956   1039.792      4.261      4.289    28.6714    28.6725   5.785075   5.785327     3.1062     2.6398      68.42   27.92010  -93.57898   -0.00026    0.00050          9  0.000e+00
      24957   1039.833      4.336      4.365    28.6714    28.6724   5.785035   5.785383     3.1062     2.6398      68.45   27.92010  -93.57898   -0.00030    0.00051          9  0.000e+00
      24958   1039.875      4.321      4.350    28.6712    28.6725   5.784996   5.785367     3.1050     2.6398      68.45   27.92010  -93.57898   -0.00033    0.00053          9  0.000e+00
      24959   1039.917      4.276      4.305    28.6714    28.6725   5.785028   5.785359     3.1050     2.6398      68.45   27.92010  -93.57898   -0.00037    0.00054          9  0.000e+00
      24960   1039.958      4.170      4.198    28.6710    28.6726   5.785067   5.785391     3.1050     2.6398      68.45   27.92010  -93.57898   -0.00040    0.00055          9  0.000e+00
      24961   1040.000      4.321      4.350    28.6710    28.6725   5.785012   5.785335     3.1050     2.6410      68.42   27.92010  -93.57898   -0.00043    0.00058          9  0.000e+00
      24962   1040.042      4.223      4.251    28.6710    28.6723   5.784988   5.785327     3.1038     2.6398      68.45   27.92010  -93.57898   -0.00048    0.00060          9  0.000e+00
      24963   1040.083      4.261      4.289    28.6712    28.6726   5.784988   5.785311     3.1026     2.6410      68.45   27.92010  -93.57898   -0.00054    0.00061          9  0.000e+00
      24964   1040.125      4.170      4.198    28.6708    28.6727   5.785020   5.785343     3.1038     2.6410      68.42   27.92010  -93.57898   -0.00058    0.00063          9  0.000e+00
      24965   1040.167      4.170      4.198    28.6715    28.6723   5.784996   5.785287     3.1038     2.6410      68.45   27.92010  -93.57898   -0.00063    0.00064          9  0.000e+00
      24966   1040.208      4.261      4.289    28.6710    28.6723   5.785028   5.785295     3.1038     2.6410      68.42   27.92010  -93.57898   -0.00067    0.00066          9  0.000e+00
      24967   1040.250      4.276      4.305    28.6712    28.6721   5.784996   5.785311     3.1038     2.6410      68.18   27.92010  -93.57898   -0.00070    0.00067          9  0.000e+00
      24968   1040.292      4.155      4.183    28.6712    28.6721   5.785020   5.785343     3.1038     2.6410      68.01   27.92010  -93.57898   -0.00074    0.00069          9  0.000e+00
      24969   1040.333      4.223      4.251    28.6712    28.6721   5.785004   5.785303     3.1038     2.6410      67.99   27.92010  -93.57898   -0.00077    0.00071          9  0.000e+00
      24970   1040.375      4.155      4.183    28.6712    28.6721   5.784988   5.785231     3.1038     2.6422      67.99   27.92010  -93.57898   -0.00081    0.00075          9  0.000e+00
      24971   1040.417      4.110      4.137    28.6712    28.6719   5.785059   5.785287     3.1038     2.6422      68.01   27.92010  -93.57898   -0.00084    0.00078          9  0.000e+00
      24972   1040.458      4.170      4.198    28.6712    28.6721   5.785012   5.785239     3.1050     2.6422      68.01   27.92010  -93.57898   -0.00085    0.00082          9  0.000e+00
      24973   1040.500      4.042      4.069    28.6710    28.6719   5.784988   5.785247     3.1050     2.6422      68.01   27.92010  -93.57898   -0.00086    0.00085          9  0.000e+00
      24974   1040.542      4.223      4.251    28.6714    28.6719   5.785020   5.785223     3.1050     2.6422      68.01   27.92010  -93.57898   -0.00087    0.00088          9  0.000e+00
      24975   1040.583      4.095      4.122    28.6710    28.6723   5.784964   5.785247     3.1050     2.6422      68.01   27.92010  -93.57898   -0.00087    0.00091          9  0.000e+00
      24976   1040.625      3.996      4.023    28.6712    28.6721   5.784941   5.785311     3.1050     2.6422      68.01   27.92010  -93.57898   -0.00088    0.00094          9  0.000e+00
      24977   1040.667      4.170      4.198    28.6710    28.6722   5.785012   5.785311     3.1062     2.6422      68.01   27.92010  -93.57898   -0.00087    0.00097          9  0.000e+00
      24978   1040.708      4.095      4.122    28.6712    28.6723   5.785035   5.785239     3.1050     2.6410      68.01   27.92010  -93.57898   -0.00089    0.00098          9  0.000e+00
      24979   1040.750      3.996      4.023    28.6710    28.6721   5.785035   5.785287     3.1050     2.6410      68.01   27.92010  -93.57898   -0.00091    0.00098          9  0.000e+00
      24980   1040.792      4.042      4.069    28.6712    28.6721   5.784996   5.785271     3.1050     2.6410      68.01   27.92010  -93.57898   -0.00093    0.00099          9  0.000e+00
      24981   1040.833      3.996      4.023    28.6712    28.6717   5.785027   5.785263     3.1050     2.6398      68.01   27.92010  -93.57898   -0.00095    0.00098          9  0.000e+00
      24982   1040.875      3.996      4.023    28.6714    28.6719   5.784996   5.785263     3.1050     2.6410      68.01   27.92010  -93.57898   -0.00098    0.00098          9  0.000e+00
      24983   1040.917      4.155      4.183    28.6712    28.6715   5.785020   5.785239     3.1062     2.6398      68.01   27.92010  -93.57898   -0.00100    0.00097          9  0.000e+00
      24984   1040.958      3.996      4.023    28.6714    28.6719   5.785035   5.785255     3.1062     2.6398      68.01   27.92010  -93.57898   -0.00101    0.00095          9  0.000e+00
      24985   1041.000      3.981      4.008    28.6714    28.6719   5.785035   5.785223     3.1062     2.6398      68.01   27.92010  -93.57898   -0.00101    0.00094          9  0.000e+00
      24986   1041.042      3.996      4.023    28.6714    28.6719   5.785035   5.785247     3.1062     2.6398      68.01   27.92010  -93.57898   -0.00103    0.00092          9  0.000e+00
      24987   1041.083      3.891      3.917    28.6717    28.6721   5.785035   5.785295     3.1062     2.6398      68.01   27.92010  -93.57898   -0.00103    0.00090          9  0.000e+00
      24988   1041.125      4.042      4.069    28.6712    28.6719   5.785035   5.785239     3.1062     2.6398      68.01   27.92010  -93.57898   -0.00102    0.00090          9  0.000e+00
      24989   1041.167      3.996      4.023    28.6714    28.6723   5.784996   5.785303     3.1062     2.6398      68.01   27.92010  -93.57898   -0.00102    0.00090          9  0.000e+00
      24990   1041.208      3.815      3.841    28.6710    28.6719   5.785019   5.785239     3.1062     2.6386      68.03   27.92010  -93.57898   -0.00101    0.00089          9  0.000e+00
      24991   1041.250      3.944      3.970    28.6712    28.6719   5.785004   5.785247     3.1074     2.6386      68.60   27.92010  -93.57898   -0.00099    0.00087          9  0.000e+00
      24992   1041.292      3.996      4.023    28.6710    28.6721   5.785020   5.785295     3.1074     2.6386      68.89   27.92010  -93.57898   -0.00097    0.00085          9  0.000e+00
      24993   1041.333      3.928      3.955    28.6712    28.6721   5.784996   5.785271     3.1074     2.6386      68.91   27.92010  -93.57898   -0.00094    0.00083          9  0.000e+00
      24994   1041.375      3.944      3.970    28.6714    28.6719   5.784988   5.785223     3.1062     2.6386      68.89   27.92010  -93.57898   -0.00094    0.00081          9  0.000e+00
      24995   1041.417      3.928      3.955    28.6712    28.6719   5.784988   5.785247     3.1062     2.6386      68.89   27.92010  -93.57898   -0.00093    0.00080          9  0.000e+00
      24996   1041.458      3.944      3.970    28.6712    28.6719   5.785020   5.785279     3.1062     2.6386      68.86   27.92010  -93.57898   -0.00094    0.00078          9  0.000e+00
      24997   1041.500      3.830      3.856    28.6710    28.6719   5.784964   5.785191     3.1062     2.6386      68.89   27.92010  -93.57898   -0.00095    0.00076          9  0.000e+00
      24998   1041.542      3.815      3.841    28.6712    28.6721   5.785012   5.785239     3.1074     2.6386      68.89   27.92010  -93.57898   -0.00094    0.00074          9  0.000e+00
      24999   1041.583      3.944      3.970    28.6710    28.6717   5.784996   5.785223     3.1074     2.6386      68.89   27.92010  -93.57898   -0.00093    0.00072          9  0.000e+00
      25000   1041.625      3.815      3.841    28.6710    28.6719   5.784988   5.785215     3.1074     2.6386      68.89   27.92010  -93.57898   -0.00092    0.00071          9  0.000e+00
      25001   1041.667      3.944      3.970    28.6710    28.6717   5.784988   5.785215     3.1074     2.6386      68.86   27.92010  -93.57898   -0.00091    0.00069          9  0.000e+00
      25002   1041.708      3.777      3.803    28.6710    28.6717   5.784988   5.785247     3.1074     2.6386      68.89   27.92010  -93.57898   -0.00089    0.00067          9  0.000e+00
      25003   1041.750      3.928      3.955    28.6710    28.6717   5.784956   5.785239     3.1074     2.6374      68.89   27.92010  -93.57898   -0.00086    0.00064          9  0.000e+00
      25004   1041.792      3.891      3.917    28.6710    28.6717   5.784972   5.785151     3.1074     2.6386      68.89   27.92010  -93.57898   -0.00083    0.00062          9  0.000e+00
      25005   1041.833      3.762      3.787    28.6710    28.6716   5.784948   5.785191     3.1087     2.6386      68.89   27.92010  -93.57898   -0.00079    0.00060          9  0.000e+00
