GOMECC/GOMECC-4/1db/rb2103_0632.ros
* Sea-Bird SBE 9 Data File:
* FileName = C:\Users\scs.user.rb\CTD\GOMECC4\data\rb2103_0632.hex
* Software Version Seasave V 7.26.7.107
* Temperature SN = 4799
* Conductivity SN = 3860
* Number of Bytes Per Scan = 41
* Number of Voltage Words = 4
* Number of Scans Averaged by the Deck Unit = 1
* NMEA Latitude = 26 02.83 N
* NMEA Longitude = 096 49.28 W
* NMEA UTC (Time) = Oct 02 2021  18:18:43
* NMEA baud rate = 4800
# nquan = 17
# nvalues = 1463                                  
# units = specified
# name 0 = scan: Scan Count
# name 1 = timeS: Time, Elapsed [seconds]
# name 2 = depSM: Depth [salt water, m]
# name 3 = prDM: Pressure, Digiquartz [db]
# name 4 = t090C: Temperature [ITS-90, deg C]
# name 5 = t190C: Temperature, 2 [ITS-90, deg C]
# name 6 = c0S/m: Conductivity [S/m]
# name 7 = c1S/m: Conductivity, 2 [S/m]
# name 8 = sbeox0V: Oxygen raw, SBE 43 [V]
# name 9 = sbeox1V: Oxygen raw, SBE 43, 2 [V]
# name 10 = altM: Altimeter [m]
# name 11 = latitude: Latitude [deg]
# name 12 = longitude: Longitude [deg]
# name 13 = sbox0dV/dT: Oxygen, SBE 43 [dov/dt]
# name 14 = sbox1dV/dT: Oxygen, SBE 43, 2 [dov/dt]
# name 15 = nbf: Bottles Fired
# name 16 = flag:  0.000e+00
# interval = seconds: 0.0416667
# start_time = Oct 02 2021 18:18:43 [NMEA time, header]
# bad_flag = -9.990e-29
*END*
[from data line 341]
      28268   1177.792     25.015     25.181    29.1735    29.1738   5.829545   5.829818     3.0220     2.5568      17.17   26.04734  -96.82172    0.00110    0.00132          3  0.000e+00
      28269   1177.833     25.002     25.167    29.1731    29.1738   5.829537   5.829826     3.0220     2.5568      17.17   26.04734  -96.82172    0.00108    0.00133          3  0.000e+00
      28270   1177.875     24.961     25.126    29.1730    29.1736   5.829537   5.829915     3.0208     2.5568      17.19   26.04734  -96.82172    0.00104    0.00135          3  0.000e+00
      28271   1177.917     25.015     25.181    29.1730    29.1738   5.829434   5.829939     3.0208     2.5568      17.19   26.04734  -96.82172    0.00100    0.00137          3  0.000e+00
      28272   1177.958     25.002     25.167    29.1730    29.1740   5.829363   5.829899     3.0220     2.5568      17.19   26.04734  -96.82172    0.00098    0.00136          3  0.000e+00
      28273   1178.000     25.015     25.181    29.1730    29.1738   5.829489   5.829963     3.0220     2.5568      17.19   26.04734  -96.82172    0.00096    0.00136          3  0.000e+00
      28274   1178.042     25.002     25.167    29.1730    29.1738   5.829537   5.829947     3.0220     2.5568      17.19   26.04734  -96.82172    0.00093    0.00135          3  0.000e+00
      28275   1178.083     25.015     25.181    29.1731    29.1738   5.829545   5.829899     3.0208     2.5568      17.19   26.04734  -96.82172    0.00089    0.00135          3  0.000e+00
      28276   1178.125     25.002     25.167    29.1731    29.1738   5.829434   5.829963     3.0208     2.5568      17.17   26.04734  -96.82172    0.00084    0.00132          3  0.000e+00
      28277   1178.167     25.015     25.181    29.1730    29.1738   5.829466   5.829947     3.0208     2.5568      17.14   26.04734  -96.82172    0.00080    0.00129          3  0.000e+00
      28278   1178.208     25.002     25.167    29.1732    29.1738   5.829529   5.829899     3.0208     2.5568      17.14   26.04734  -96.82172    0.00075    0.00128          3  0.000e+00
      28279   1178.250     25.015     25.181    29.1730    29.1739   5.829545   5.829923     3.0208     2.5568      17.14   26.04734  -96.82172    0.00070    0.00125          3  0.000e+00
      28280   1178.292     25.049     25.215    29.1730    29.1738   5.829473   5.829867     3.0220     2.5568      17.14   26.04734  -96.82172    0.00067    0.00122          3  0.000e+00
      28281   1178.333     24.961     25.126    29.1730    29.1739   5.829545   5.829875     3.0208     2.5568      17.14   26.04734  -96.82172    0.00062    0.00119          3  0.000e+00
      28282   1178.375     25.063     25.228    29.1728    29.1738   5.829513   5.829891     3.0220     2.5568      17.14   26.04734  -96.82172    0.00061    0.00116          3  0.000e+00
      28283   1178.417     25.049     25.215    29.1731    29.1739   5.829568   5.829891     3.0220     2.5568      17.14   26.04734  -96.82172    0.00057    0.00112          3  0.000e+00
      28284   1178.458     25.015     25.181    29.1730    29.1738   5.829521   5.829891     3.0220     2.5568      17.14   26.04734  -96.82172    0.00055    0.00109          3  0.000e+00
      28285   1178.500     25.002     25.167    29.1729    29.1736   5.829521   5.829923     3.0208     2.5568      17.14   26.04734  -96.82172    0.00052    0.00105          3  0.000e+00
      28286   1178.542     25.063     25.228    29.1730    29.1738   5.829505   5.829827     3.0208     2.5568      17.14   26.04734  -96.82172    0.00048    0.00101          3  0.000e+00
      28287   1178.583     25.049     25.215    29.1726    29.1738   5.829529   5.829794     3.0208     2.5556      17.14   26.04734  -96.82172    0.00044    0.00095          3  0.000e+00
      28288   1178.625     25.063     25.228    29.1730    29.1739   5.829505   5.829939     3.0208     2.5556      17.14   26.04734  -96.82172    0.00040    0.00089          3  0.000e+00
      28289   1178.667     25.049     25.215    29.1728    29.1739   5.829497   5.829915     3.0208     2.5543      17.14   26.04734  -96.82172    0.00036    0.00082          3  0.000e+00
      28290   1178.708     25.063     25.228    29.1730    29.1738   5.829521   5.829891     3.0208     2.5543      17.14   26.04734  -96.82172    0.00034    0.00074          3  0.000e+00
      28291   1178.750     25.049     25.215    29.1728    29.1739   5.829505   5.829891     3.0208     2.5543      17.14   26.04734  -96.82172    0.00032    0.00066          3  0.000e+00
      28292   1178.792     25.110     25.276    29.1730    29.1740   5.829529   5.829923     3.0208     2.5531      17.14   26.04734  -96.82172    0.00029    0.00056          3  0.000e+00
      28293   1178.833     25.063     25.228    29.1731    29.1739   5.829545   5.829867     3.0208     2.5531      17.14   26.04734  -96.82172    0.00027    0.00047          3  0.000e+00
      28294   1178.875     25.097     25.262    29.1730    29.1739   5.829537   5.829947     3.0208     2.5531      17.14   26.04734  -96.82172    0.00026    0.00039          3  0.000e+00
      28295   1178.917     25.110     25.276    29.1730    29.1740   5.829505   5.829947     3.0220     2.5519      17.14   26.04734  -96.82172    0.00026    0.00027          3  0.000e+00
      28296   1178.958     25.097     25.262    29.1730    29.1739   5.829458   5.829899     3.0208     2.5519      17.14   26.04734  -96.82172    0.00023    0.00016          3  0.000e+00
      28297   1179.000     25.110     25.276    29.1730    29.1736   5.829450   5.829851     3.0208     2.5531      17.14   26.04734  -96.82172    0.00021    0.00008          3  0.000e+00
      28298   1179.042     25.097     25.262    29.1726    29.1738   5.829220   5.829915     3.0208     2.5531      17.14   26.04734  -96.82172    0.00020   -0.00000          3  0.000e+00
      28299   1179.083     25.158     25.324    29.1724    29.1739   5.829118   5.829899     3.0220     2.5531      17.14   26.04734  -96.82172    0.00021   -0.00008          3  0.000e+00
      28300   1179.125     25.097     25.262    29.1722    29.1738   5.829220   5.829963     3.0208     2.5531      17.07   26.04734  -96.82172    0.00020   -0.00016          3  0.000e+00
      28301   1179.167     25.158     25.324    29.1724    29.1741   5.829292   5.829987     3.0208     2.5531      17.02   26.04734  -96.82172    0.00019   -0.00023          3  0.000e+00
      28302   1179.208     25.151     25.317    29.1724    29.1742   5.829260   5.829947     3.0220     2.5531      17.02   26.04734  -96.82172    0.00020   -0.00029          3  0.000e+00
      28303   1179.250     25.158     25.324    29.1722    29.1739   5.829252   5.829939     3.0220     2.5543      17.02   26.04734  -96.82172    0.00021   -0.00035          3  0.000e+00
      28304   1179.292     25.151     25.317    29.1724    29.1738   5.829363   5.829939     3.0220     2.5543      17.02   26.04734  -96.82172    0.00022   -0.00041          3  0.000e+00
      28305   1179.333     25.212     25.378    29.1726    29.1740   5.829434   5.829899     3.0208     2.5543      17.02   26.04734  -96.82172    0.00023   -0.00046          3  0.000e+00
      28306   1179.375     25.212     25.378    29.1730    29.1739   5.829450   5.829923     3.0220     2.5543      17.02   26.04734  -96.82172    0.00024   -0.00050          3  0.000e+00
      28307   1179.417     25.198     25.365    29.1726    29.1738   5.829402   5.829971     3.0220     2.5543      17.02   26.04734  -96.82172    0.00024   -0.00054          3  0.000e+00
      28308   1179.458     25.212     25.378    29.1724    29.1741   5.829363   5.829947     3.0220     2.5543      17.02   26.04734  -96.82172    0.00025   -0.00059          3  0.000e+00
      28309   1179.500     25.198     25.365    29.1726    29.1734   5.829458   5.829642     3.0220     2.5543      17.02   26.04734  -96.82172    0.00026   -0.00063          3  0.000e+00
      28310   1179.542     25.212     25.378    29.1728    29.1729   5.829529   5.829482     3.0220     2.5556      17.02   26.04734  -96.82172    0.00027   -0.00066          3  0.000e+00
      28311   1179.583     25.245     25.412    29.1731    29.1726   5.829608   5.829490     3.0220     2.5543      17.02   26.04734  -96.82172    0.00027   -0.00071          3  0.000e+00
      28312   1179.625     25.259     25.426    29.1729    29.1727   5.829561   5.829506     3.0220     2.5556      17.02   26.04734  -96.82172    0.00026   -0.00073          3  0.000e+00
      28313   1179.667     25.245     25.412    29.1731    29.1726   5.829505   5.829578     3.0220     2.5556      17.02   26.04734  -96.82172    0.00027   -0.00074          3  0.000e+00
      28314   1179.708     25.259     25.426    29.1728    29.1730   5.829387   5.829562     3.0220     2.5556      17.02   26.04734  -96.82172    0.00026   -0.00075          3  0.000e+00
      28315   1179.750     25.245     25.412    29.1726    29.1731   5.829307   5.829554     3.0220     2.5556      17.02   26.04734  -96.82172    0.00026   -0.00076          3  0.000e+00
      28316   1179.792     25.306     25.474    29.1722    29.1732   5.829300   5.829626     3.0220     2.5543      17.02   26.04734  -96.82172    0.00025   -0.00079          3  0.000e+00
      28317   1179.833     25.245     25.412    29.1724    29.1733   5.829307   5.829682     3.0220     2.5556      17.02   26.04734  -96.82172    0.00025   -0.00080          3  0.000e+00
      28318   1179.875     25.306     25.474    29.1722    29.1734   5.829157   5.829730     3.0208     2.5556      17.02   26.04734  -96.82172    0.00024   -0.00079          3  0.000e+00
      28319   1179.917     25.306     25.474    29.1719    29.1738   5.829134   5.829706     3.0208     2.5556      17.02   26.04734  -96.82172    0.00022   -0.00079          3  0.000e+00
      28320   1179.958     25.300     25.467    29.1724    29.1734   5.829268   5.829698     3.0208     2.5556      17.02   26.04734  -96.82172    0.00021   -0.00078          3  0.000e+00
      28321   1180.000     25.361     25.528    29.1728    29.1734   5.829482   5.829658     3.0208     2.5543      17.02   26.04734  -96.82172    0.00019   -0.00079          3  0.000e+00
      28322   1180.042     25.300     25.467    29.1731    29.1734   5.829545   5.829682     3.0208     2.5543      17.02   26.04734  -96.82172    0.00018   -0.00078          3  0.000e+00
      28323   1180.083     25.361     25.528    29.1733    29.1732   5.829545   5.829698     3.0208     2.5543      17.02   26.04734  -96.82172    0.00015   -0.00076          3  0.000e+00
      28324   1180.125     25.347     25.515    29.1733    29.1732   5.829568   5.829698     3.0208     2.5543      16.92   26.04734  -96.82172    0.00013   -0.00075          3  0.000e+00
      28325   1180.167     25.361     25.528    29.1733    29.1734   5.829553   5.829554     3.0208     2.5543      16.85   26.04734  -96.82172    0.00012   -0.00074          3  0.000e+00
      28531   1188.750     24.961     25.126    29.1728    29.1743   5.829442   5.829490     3.0244     2.5641      17.05   26.04734  -96.82172   -0.00036    0.00057          4  0.000e+00
      28532   1188.792     25.002     25.167    29.1728    29.1728   5.829410   5.829466     3.0244     2.5641      17.07   26.04734  -96.82172   -0.00035    0.00054          4  0.000e+00
      28533   1188.833     24.866     25.031    29.1726    29.1729   5.829363   5.829490     3.0244     2.5653      17.07   26.04734  -96.82172   -0.00034    0.00052          4  0.000e+00
      28534   1188.875     24.948     25.112    29.1726    29.1732   5.829315   5.829506     3.0244     2.5653      17.07   26.04734  -96.82172   -0.00033    0.00051          4  0.000e+00
      28535   1188.917     24.866     25.031    29.1726    29.1733   5.829268   5.829538     3.0244     2.5653      17.05   26.04734  -96.82172   -0.00032    0.00049          4  0.000e+00
      28536   1188.958     24.948     25.112    29.1728    29.1732   5.829355   5.829514     3.0256     2.5653      17.05   26.04734  -96.82172   -0.00030    0.00049          4  0.000e+00
      28537   1189.000     24.866     25.031    29.1725    29.1732   5.829363   5.829506     3.0244     2.5653      17.07   26.04734  -96.82172   -0.00029    0.00048          4  0.000e+00
      28538   1189.042     24.866     25.031    29.1726    29.1729   5.829355   5.829578     3.0244     2.5653      17.07   26.04734  -96.82172   -0.00030    0.00048          4  0.000e+00
      28539   1189.083     24.900     25.065    29.1726    29.1732   5.829284   5.829490     3.0256     2.5653      17.07   26.04734  -96.82172   -0.00027    0.00047          4  0.000e+00
      28540   1189.125     24.866     25.031    29.1726    29.1729   5.829252   5.829562     3.0256     2.5653      17.24   26.04734  -96.82172   -0.00026    0.00047          4  0.000e+00
      28541   1189.167     24.900     25.065    29.1726    29.1734   5.829212   5.829602     3.0256     2.5641      17.39   26.04734  -96.82172   -0.00023    0.00044          4  0.000e+00
      28542   1189.208     24.866     25.031    29.1726    29.1732   5.829276   5.829602     3.0256     2.5653      17.39   26.04734  -96.82172   -0.00023    0.00043          4  0.000e+00
      28543   1189.250     24.853     25.017    29.1726    29.1731   5.829307   5.829562     3.0256     2.5653      17.39   26.04734  -96.82172   -0.00022    0.00042          4  0.000e+00
      28544   1189.292     24.914     25.078    29.1725    29.1732   5.829260   5.829586     3.0256     2.5653      17.36   26.04734  -96.82172   -0.00021    0.00043          4  0.000e+00
      28545   1189.333     24.853     25.017    29.1724    29.1731   5.829252   5.829562     3.0256     2.5653      17.39   26.04734  -96.82172   -0.00018    0.00042          4  0.000e+00
      28546   1189.375     24.812     24.976    29.1726    29.1732   5.829291   5.829514     3.0269     2.5653      17.36   26.04734  -96.82172   -0.00014    0.00043          4  0.000e+00
      28547   1189.417     24.812     24.976    29.1724    29.1732   5.829307   5.829538     3.0269     2.5653      17.36   26.04734  -96.82172   -0.00010    0.00041          4  0.000e+00
      28548   1189.458     24.948     25.112    29.1726    29.1731   5.829299   5.829626     3.0269     2.5653      17.39   26.04734  -96.82172   -0.00006    0.00042          4  0.000e+00
      28549   1189.500     24.866     25.031    29.1724    29.1732   5.829228   5.829538     3.0269     2.5641      17.39   26.04734  -96.82172   -0.00002    0.00039          4  0.000e+00
      28550   1189.542     24.900     25.065    29.1726    29.1731   5.829276   5.829538     3.0269     2.5641      17.39   26.04734  -96.82172    0.00003    0.00035          4  0.000e+00
      28551   1189.583     24.866     25.031    29.1725    29.1732   5.829307   5.829482     3.0269     2.5641      17.39   26.04734  -96.82172    0.00007    0.00032          4  0.000e+00
      28552   1189.625     24.853     25.017    29.1724    29.1732   5.829307   5.829490     3.0281     2.5641      17.36   26.04734  -96.82172    0.00012    0.00030          4  0.000e+00
      28553   1189.667     24.914     25.078    29.1724    29.1731   5.829299   5.829506     3.0281     2.5641      17.36   26.04734  -96.82172    0.00018    0.00027          4  0.000e+00
      28554   1189.708     24.853     25.017    29.1722    29.1732   5.829268   5.829610     3.0281     2.5629      17.39   26.04734  -96.82172    0.00022    0.00022          4  0.000e+00
      28555   1189.750     24.961     25.126    29.1724    29.1729   5.829291   5.829506     3.0281     2.5629      17.39   26.04734  -96.82172    0.00028    0.00016          4  0.000e+00
      28556   1189.792     24.853     25.017    29.1722    29.1730   5.829268   5.829602     3.0281     2.5617      17.39   26.04734  -96.82172    0.00031    0.00009          4  0.000e+00
