GOMECC/GOMECC-4/1db/rb2103_0391.ros
* Sea-Bird SBE 9 Data File:
* FileName = C:\Users\scs.user.rb\CTD\GOMECC4\data\rb2103_0391.hex
* Software Version Seasave V 7.26.7.107
* Temperature SN = 4799
* Conductivity SN = 3860
* Number of Bytes Per Scan = 41
* Number of Voltage Words = 4
* Number of Scans Averaged by the Deck Unit = 1
* NMEA Latitude = 27 44.23 N
* NMEA Longitude = 089 59.91 W
* NMEA UTC (Time) = Sep 25 2021  20:49:51
* NMEA baud rate = 4800
# nquan = 17
# nvalues = 2527                                  
# units = specified
# name 0 = scan: Scan Count
# name 1 = timeS: Time, Elapsed [seconds]
# name 2 = depSM: Depth [salt water, m]
# name 3 = prDM: Pressure, Digiquartz [db]
# name 4 = t090C: Temperature [ITS-90, deg C]
# name 5 = t190C: Temperature, 2 [ITS-90, deg C]
# name 6 = c0S/m: Conductivity [S/m]
# name 7 = c1S/m: Conductivity, 2 [S/m]
# name 8 = sbeox0V: Oxygen raw, SBE 43 [V]
# name 9 = sbeox1V: Oxygen raw, SBE 43, 2 [V]
# name 10 = altM: Altimeter [m]
# name 11 = latitude: Latitude [deg]
# name 12 = longitude: Longitude [deg]
# name 13 = sbox0dV/dT: Oxygen, SBE 43 [dov/dt]
# name 14 = sbox1dV/dT: Oxygen, SBE 43, 2 [dov/dt]
# name 15 = nbf: Bottles Fired
# name 16 = flag:  0.000e+00
# interval = seconds: 0.0416667
# start_time = Sep 25 2021 20:49:51 [NMEA time, header]
# bad_flag = -9.990e-29
*END*
[from data line 2298]
      96443   4018.417      4.176      4.204    28.5413    28.5430   5.856571   5.856844     3.1319     2.6606     100.00   27.74838  -90.00240   -0.00097   -0.00049         18  0.000e+00
      96444   4018.458      4.191      4.219    28.5411    28.5429   5.856587   5.856844     3.1319     2.6606     100.00   27.74838  -90.00240   -0.00097   -0.00047         18  0.000e+00
      96445   4018.500      4.191      4.219    28.5413    28.5426   5.856547   5.856804     3.1319     2.6606     100.00   27.74838  -90.00240   -0.00099   -0.00048         18  0.000e+00
      96446   4018.542      4.229      4.257    28.5411    28.5428   5.856571   5.856796     3.1319     2.6606     100.00   27.74838  -90.00240   -0.00100   -0.00049         18  0.000e+00
      96447   4018.583      4.191      4.219    28.5413    28.5432   5.856587   5.856901     3.1319     2.6606     100.00   27.74838  -90.00240   -0.00102   -0.00047         18  0.000e+00
      96448   4018.625      4.244      4.272    28.5415    28.5434   5.856587   5.856901     3.1331     2.6618     100.00   27.74838  -90.00240   -0.00102   -0.00048         18  0.000e+00
      96449   4018.667      4.176      4.204    28.5415    28.5435   5.856516   5.856852     3.1331     2.6606     100.00   27.74838  -90.00240   -0.00100   -0.00049         18  0.000e+00
      96450   4018.708      4.244      4.272    28.5413    28.5435   5.856595   5.856844     3.1331     2.6618     100.00   27.74838  -90.00240   -0.00099   -0.00048         18  0.000e+00
      96451   4018.750      4.244      4.272    28.5416    28.5434   5.856595   5.856844     3.1331     2.6618     100.00   27.74838  -90.00240   -0.00097   -0.00049         18  0.000e+00
      96452   4018.792      4.289      4.318    28.5415    28.5433   5.856627   5.856844     3.1331     2.6618     100.00   27.74838  -90.00240   -0.00095   -0.00049         18  0.000e+00
      96453   4018.833      4.297      4.325    28.5417    28.5430   5.856595   5.856876     3.1331     2.6618     100.00   27.74838  -90.00240   -0.00093   -0.00050         18  0.000e+00
      96454   4018.875      4.289      4.318    28.5418    28.5429   5.856619   5.856852     3.1343     2.6618     100.00   27.74838  -90.00240   -0.00090   -0.00051         18  0.000e+00
      96455   4018.917      4.297      4.325    28.5415    28.5432   5.856635   5.856844     3.1343     2.6618     100.00   27.74838  -90.00240   -0.00085   -0.00052         18  0.000e+00
      96456   4018.958      4.297      4.325    28.5419    28.5432   5.856595   5.856876     3.1343     2.6630     100.00   27.74838  -90.00240   -0.00080   -0.00051         18  0.000e+00
      96457   4019.000      4.289      4.318    28.5416    28.5430   5.856555   5.856820     3.1343     2.6618     100.00   27.74838  -90.00240   -0.00074   -0.00052         18  0.000e+00
      96458   4019.042      4.357      4.386    28.5417    28.5429   5.856611   5.856828     3.1343     2.6618     100.00   27.74838  -90.00240   -0.00069   -0.00053         18  0.000e+00
      96459   4019.083      4.357      4.386    28.5417    28.5430   5.856595   5.856844     3.1343     2.6630     100.00   27.74838  -90.00240   -0.00062   -0.00052         18  0.000e+00
      96460   4019.125      4.342      4.371    28.5418    28.5432   5.856658   5.856844     3.1343     2.6618     100.00   27.74838  -90.00240   -0.00055   -0.00053         18  0.000e+00
      96461   4019.167      4.357      4.386    28.5420    28.5429   5.856643   5.856844     3.1343     2.6630     100.00   27.74838  -90.00240   -0.00048   -0.00052         18  0.000e+00
      96462   4019.208      4.357      4.386    28.5424    28.5428   5.856563   5.856877     3.1355     2.6618     100.00   27.74838  -90.00240   -0.00039   -0.00053         18  0.000e+00
      96463   4019.250      4.395      4.424    28.5420    28.5430   5.856643   5.856852     3.1355     2.6630     100.00   27.74838  -90.00240   -0.00032   -0.00051         18  0.000e+00
      96464   4019.292      4.410      4.440    28.5422    28.5432   5.856611   5.856844     3.1355     2.6630     100.00   27.74838  -90.00240   -0.00025   -0.00050         18  0.000e+00
      96465   4019.333      4.395      4.424    28.5420    28.5430   5.856658   5.856844     3.1355     2.6618     100.00   27.74838  -90.00240   -0.00016   -0.00048         18  0.000e+00
      96466   4019.375      4.410      4.440    28.5425    28.5433   5.856651   5.856877     3.1355     2.6618     100.00   27.74838  -90.00240   -0.00009   -0.00049         18  0.000e+00
      96467   4019.417      4.410      4.440    28.5424    28.5433   5.856666   5.856852     3.1355     2.6618     100.00   27.74838  -90.00240   -0.00003   -0.00046         18  0.000e+00
      96468   4019.458      4.508      4.538    28.5424    28.5440   5.856682   5.856877     3.1355     2.6618     100.00   27.74838  -90.00240    0.00004   -0.00041         18  0.000e+00
      96469   4019.500      4.410      4.440    28.5424    28.5437   5.856682   5.856965     3.1368     2.6606     100.00   27.74838  -90.00240    0.00011   -0.00042         18  0.000e+00
      96470   4019.542      4.471      4.500    28.5428    28.5441   5.856714   5.856917     3.1355     2.6606     100.00   27.74838  -90.00240    0.00018   -0.00043         18  0.000e+00
      96471   4019.583      4.455      4.485    28.5428    28.5439   5.856698   5.856820     3.1355     2.6606     100.00   27.74838  -90.00240    0.00023   -0.00040         18  0.000e+00
      96472   4019.625      4.471      4.500    28.5426    28.5438   5.856714   5.856828     3.1355     2.6606     100.00   27.74838  -90.00240    0.00028   -0.00039         18  0.000e+00
      96473   4019.667      4.508      4.538    28.5427    28.5439   5.856619   5.856917     3.1355     2.6606     100.00   27.74838  -90.00240    0.00033   -0.00037         18  0.000e+00
      96474   4019.708      4.471      4.500    28.5424    28.5439   5.856659   5.856941     3.1355     2.6606     100.00   27.74838  -90.00240    0.00037   -0.00039         18  0.000e+00
      96475   4019.750      4.523      4.554    28.5424    28.5436   5.856682   5.856901     3.1355     2.6606     100.00   27.74838  -90.00240    0.00042   -0.00039         18  0.000e+00
      96476   4019.792      4.508      4.539    28.5424    28.5435   5.856651   5.856893     3.1355     2.6606     100.00   27.74838  -90.00240    0.00047   -0.00036         18  0.000e+00
      96477   4019.833      4.523      4.554    28.5420    28.5433   5.856595   5.856925     3.1355     2.6606     100.00   27.74838  -90.00240    0.00051   -0.00032         18  0.000e+00
      96478   4019.875      4.471      4.501    28.5419    28.5433   5.856548   5.856901     3.1343     2.6606     100.00   27.74838  -90.00240    0.00054   -0.00032         18  0.000e+00
      96479   4019.917      4.569      4.599    28.5418    28.5434   5.856571   5.856893     3.1343     2.6606     100.00   27.74838  -90.00240    0.00057   -0.00034         18  0.000e+00
      96480   4019.958      4.524      4.554    28.5420    28.5433   5.856659   5.856925     3.1343     2.6606     100.00   27.74838  -90.00240    0.00059   -0.00032         18  0.000e+00
      96481   4020.000      4.508      4.539    28.5420    28.5432   5.856611   5.856901     3.1343     2.6606     100.00   27.74838  -90.00240    0.00062   -0.00030         18  0.000e+00
      96482   4020.042      4.576      4.607    28.5425    28.5434   5.856619   5.856893     3.1343     2.6618     100.00   27.74838  -90.00240    0.00065   -0.00029         18  0.000e+00
      96483   4020.083      4.524      4.554    28.5424    28.5433   5.856635   5.856893     3.1343     2.6618     100.00   27.74838  -90.00240    0.00067   -0.00025         18  0.000e+00
      96484   4020.125      4.508      4.539    28.5422    28.5433   5.856635   5.856925     3.1343     2.6618     100.00   27.74838  -90.00240    0.00070   -0.00023         18  0.000e+00
      96485   4020.167      4.576      4.607    28.5424    28.5432   5.856595   5.856941     3.1343     2.6618     100.00   27.74838  -90.00240    0.00072   -0.00021         18  0.000e+00
      96486   4020.208      4.576      4.607    28.5422    28.5432   5.856627   5.856901     3.1343     2.6618     100.00   27.74838  -90.00240    0.00076   -0.00018         18  0.000e+00
      96487   4020.250      4.569      4.599    28.5422    28.5433   5.856635   5.856925     3.1343     2.6618     100.00   27.74838  -90.00240    0.00081   -0.00016         18  0.000e+00
      96488   4020.292      4.524      4.554    28.5424    28.5432   5.856666   5.856941     3.1343     2.6618     100.00   27.74838  -90.00240    0.00085   -0.00014         18  0.000e+00
      96489   4020.333      4.622      4.653    28.5420    28.5434   5.856643   5.856901     3.1343     2.6618     100.00   27.74838  -90.00240    0.00089   -0.00011         18  0.000e+00
      96490   4020.375      4.576      4.607    28.5420    28.5439   5.856595   5.856997     3.1343     2.6618     100.00   27.74838  -90.00240    0.00093   -0.00010         18  0.000e+00
      96491   4020.417      4.576      4.607    28.5418    28.5441   5.856556   5.856965     3.1343     2.6618     100.00   27.74838  -90.00240    0.00097   -0.00010         18  0.000e+00
      96492   4020.458      4.569      4.599    28.5420    28.5444   5.856611   5.856941     3.1343     2.6618     100.00   27.74838  -90.00240    0.00102   -0.00009         18  0.000e+00
      96493   4020.500      4.576      4.607    28.5419    28.5447   5.856667   5.857013     3.1343     2.6606     100.00   27.74838  -90.00240    0.00106   -0.00010         18  0.000e+00
      96494   4020.542      4.576      4.607    28.5420    28.5444   5.856643   5.856997     3.1343     2.6606     100.00   27.74838  -90.00240    0.00110   -0.00011         18  0.000e+00
      96495   4020.583      4.622      4.653    28.5419    28.5444   5.856635   5.856949     3.1331     2.6618     100.00   27.74838  -90.00240    0.00113   -0.00010         18  0.000e+00
      96496   4020.625      4.524      4.554    28.5419    28.5451   5.856635   5.856973     3.1331     2.6618     100.00   27.74838  -90.00240    0.00115   -0.00010         18  0.000e+00
      96497   4020.667      4.622      4.653    28.5418    28.5455   5.856635   5.857021     3.1331     2.6618     100.00   27.74838  -90.00240    0.00118   -0.00009         18  0.000e+00
      96498   4020.708      4.637      4.668    28.5420    28.5455   5.856706   5.856997     3.1343     2.6630     100.00   27.74838  -90.00240    0.00120   -0.00006         18  0.000e+00
      96499   4020.750      4.576      4.607    28.5419    28.5454   5.856659   5.857021     3.1331     2.6630     100.00   27.74838  -90.00240    0.00121   -0.00004         18  0.000e+00
      96500   4020.792      4.569      4.599    28.5422    28.5454   5.856667   5.857037     3.1331     2.6630     100.00   27.74838  -90.00240    0.00122   -0.00001         18  0.000e+00
      96501   4020.833      4.637      4.668    28.5420    28.5455   5.856682   5.857037     3.1343     2.6618     100.00   27.74838  -90.00240    0.00124   -0.00001         18  0.000e+00
      96502   4020.875      4.576      4.607    28.5420    28.5457   5.856682   5.857069     3.1343     2.6642     100.00   27.74838  -90.00240    0.00127    0.00003         18  0.000e+00
      96503   4020.917      4.622      4.653    28.5422    28.5459   5.856714   5.857085     3.1331     2.6642     100.00   27.74838  -90.00240    0.00126    0.00008         18  0.000e+00
      96504   4020.958      4.637      4.668    28.5424    28.5460   5.856730   5.857045     3.1343     2.6630     100.00   27.74838  -90.00240    0.00126    0.00010         18  0.000e+00
      96505   4021.000      4.569      4.600    28.5435    28.5463   5.856730   5.857037     3.1343     2.6642     100.00   27.74838  -90.00240    0.00127    0.00014         18  0.000e+00
      96506   4021.042      4.637      4.668    28.5435    28.5461   5.856738   5.856997     3.1343     2.6654     100.00   27.74838  -90.00240    0.00127    0.00019         18  0.000e+00
      96507   4021.083      4.577      4.607    28.5428    28.5454   5.856730   5.856949     3.1331     2.6654     100.00   27.74838  -90.00240    0.00124    0.00025         18  0.000e+00
      96508   4021.125      4.622      4.653    28.5429    28.5452   5.856659   5.856941     3.1331     2.6630     100.00   27.74838  -90.00240    0.00121    0.00025         18  0.000e+00
      96509   4021.167      4.637      4.668    28.5433    28.5448   5.856738   5.856941     3.1343     2.6642     100.00   27.74838  -90.00240    0.00120    0.00027         18  0.000e+00
      96510   4021.208      4.637      4.668    28.5437    28.5450   5.856785   5.856941     3.1343     2.6642     100.00   27.74838  -90.00240    0.00118    0.00029         18  0.000e+00
      96511   4021.250      4.569      4.600    28.5437    28.5453   5.856777   5.856941     3.1343     2.6654     100.00   27.74838  -90.00240    0.00116    0.00032         18  0.000e+00
      96512   4021.292      4.637      4.668    28.5435    28.5450   5.856738   5.856973     3.1343     2.6642     100.00   27.74838  -90.00240    0.00114    0.00034         18  0.000e+00
      96513   4021.333      4.622      4.653    28.5435    28.5452   5.856730   5.856949     3.1343     2.6642     100.00   27.74838  -90.00240    0.00111    0.00035         18  0.000e+00
      96514   4021.375      4.577      4.607    28.5435    28.5448   5.856730   5.856941     3.1343     2.6618     100.00   27.74838  -90.00240    0.00109    0.00033         18  0.000e+00
      96515   4021.417      4.637      4.668    28.5440    28.5449   5.856777   5.856973     3.1343     2.6642     100.00   27.74838  -90.00240    0.00107    0.00036         18  0.000e+00
      96516   4021.458      4.569      4.600    28.5442    28.5446   5.856777   5.856989     3.1343     2.6654     100.00   27.74838  -90.00240    0.00104    0.00041         18  0.000e+00
      96517   4021.500      4.637      4.668    28.5439    28.5446   5.856738   5.856989     3.1343     2.6630     100.00   27.74838  -90.00240    0.00102    0.00042         18  0.000e+00
      96518   4021.542      4.577      4.607    28.5436    28.5443   5.856730   5.856949     3.1355     2.6630     100.00   27.74838  -90.00240    0.00101    0.00044         18  0.000e+00
      96519   4021.583      4.622      4.653    28.5435    28.5444   5.856730   5.856901     3.1355     2.6642     100.00   27.74838  -90.00240    0.00100    0.00047         18  0.000e+00
      96520   4021.625      4.577      4.607    28.5435    28.5443   5.856738   5.856925     3.1355     2.6630     100.00   27.74838  -90.00240    0.00097    0.00048         18  0.000e+00
      96521   4021.667      4.471      4.501    28.5435    28.5441   5.856730   5.856901     3.1355     2.6630     100.00   27.74838  -90.00240    0.00096    0.00051         18  0.000e+00
      96522   4021.708      4.735      4.767    28.5433    28.5438   5.856730   5.856893     3.1355     2.6630     100.00   27.74838  -90.00240    0.00095    0.00054         18  0.000e+00
      96523   4021.750      4.577      4.607    28.5431    28.5437   5.856730   5.856893     3.1355     2.6630     100.00   27.74838  -90.00240    0.00093    0.00057         18  0.000e+00
      96524   4021.792      4.622      4.653    28.5433    28.5437   5.856730   5.856925     3.1355     2.6630     100.00   27.74840  -90.00240    0.00092    0.00057         18  0.000e+00
      96525   4021.833      4.577      4.607    28.5431    28.5436   5.856698   5.856973     3.1355     2.6618     100.00   27.74840  -90.00240    0.00090    0.00058         18  0.000e+00
      96526   4021.875      4.577      4.607    28.5431    28.5441   5.856682   5.856917     3.1355     2.6630     100.00   27.74840  -90.00240    0.00088    0.00059         18  0.000e+00
