GOMECC/GOMECC-4/1db/rb2103_0431.ros
* Sea-Bird SBE 9 Data File:
* FileName = C:\Users\scs.user.rb\CTD\GOMECC4\data\rb2103_0431.hex
* Software Version Seasave V 7.26.7.107
* Temperature SN = 4799
* Conductivity SN = 3860
* Number of Bytes Per Scan = 41
* Number of Voltage Words = 4
* Number of Scans Averaged by the Deck Unit = 1
* NMEA Latitude = 28 29.94 N
* NMEA Longitude = 090 00.00 W
* NMEA UTC (Time) = Sep 26 2021  07:09:27
* NMEA baud rate = 4800
# nquan = 17
# nvalues = 931                                   
# units = specified
# name 0 = scan: Scan Count
# name 1 = timeS: Time, Elapsed [seconds]
# name 2 = depSM: Depth [salt water, m]
# name 3 = prDM: Pressure, Digiquartz [db]
# name 4 = t090C: Temperature [ITS-90, deg C]
# name 5 = t190C: Temperature, 2 [ITS-90, deg C]
# name 6 = c0S/m: Conductivity [S/m]
# name 7 = c1S/m: Conductivity, 2 [S/m]
# name 8 = sbeox0V: Oxygen raw, SBE 43 [V]
# name 9 = sbeox1V: Oxygen raw, SBE 43, 2 [V]
# name 10 = altM: Altimeter [m]
# name 11 = latitude: Latitude [deg]
# name 12 = longitude: Longitude [deg]
# name 13 = sbox0dV/dT: Oxygen, SBE 43 [dov/dt]
# name 14 = sbox1dV/dT: Oxygen, SBE 43, 2 [dov/dt]
# name 15 = nbf: Bottles Fired
# name 16 = flag:  0.000e+00
# interval = seconds: 0.0416667
# start_time = Sep 26 2021 07:09:27 [NMEA time, header]
# bad_flag = -9.990e-29
*END*
[from data line 256]
      28998   1208.208     73.989     74.501    19.5393    19.5532   4.913498   4.914291     2.1087     1.7643      21.32   28.49928  -90.00020   -0.00013    0.00035          2  0.000e+00
      28999   1208.250     73.974     74.486    19.5402    19.5523   4.913513   4.914335     2.1087     1.7643      21.32   28.49928  -90.00020   -0.00015    0.00036          2  0.000e+00
      29000   1208.292     74.035     74.547    19.5400    19.5518   4.913454   4.914425     2.1099     1.7643      21.32   28.49928  -90.00020   -0.00015    0.00036          2  0.000e+00
      29001   1208.333     73.974     74.486    19.5397    19.5509   4.913373   4.914529     2.1087     1.7643      21.32   28.49928  -90.00020   -0.00017    0.00034          2  0.000e+00
      29002   1208.375     73.974     74.486    19.5393    19.5518   4.913314   4.914589     2.1087     1.7643      21.32   28.49928  -90.00020   -0.00018    0.00033          2  0.000e+00
      29003   1208.417     73.974     74.486    19.5395    19.5521   4.913248   4.914634     2.1087     1.7643      21.32   28.49928  -90.00020   -0.00020    0.00033          2  0.000e+00
      29004   1208.458     73.974     74.486    19.5399    19.5521   4.913292   4.914611     2.1099     1.7643      21.32   28.49928  -90.00020   -0.00020    0.00033          2  0.000e+00
      29005   1208.500     73.974     74.486    19.5400    19.5516   4.913248   4.914552     2.1099     1.7643      21.32   28.49928  -90.00020   -0.00020    0.00033          2  0.000e+00
      29006   1208.542     74.035     74.547    19.5395    19.5507   4.913292   4.914403     2.1087     1.7643      21.32   28.49928  -90.00020   -0.00020    0.00033          2  0.000e+00
      29007   1208.583     73.929     74.440    19.5392    19.5502   4.913314   4.914134     2.1099     1.7643      21.32   28.49928  -90.00020   -0.00020    0.00033          2  0.000e+00
      31283   1303.417     59.629     60.040    22.7158    22.7077   5.239685   5.239507     2.3541     1.9756      35.56   28.49932  -90.00022    0.00149    0.00203          3  0.000e+00
      31284   1303.458     59.629     60.040    22.7037    22.7066   5.238408   5.239484     2.3541     1.9768      35.56   28.49932  -90.00022    0.00140    0.00194          3  0.000e+00
      31285   1303.500     59.577     59.986    22.6919    22.7036   5.237720   5.239301     2.3529     1.9768      35.56   28.49932  -90.00022    0.00132    0.00185          3  0.000e+00
      31286   1303.542     59.690     60.101    22.6820    22.6962   5.237259   5.238872     2.3516     1.9768      35.56   28.49932  -90.00022    0.00119    0.00176          3  0.000e+00
      31287   1303.583     59.577     59.986    22.6758    22.6879   5.236791   5.238221     2.3529     1.9768      35.53   28.49932  -90.00022    0.00109    0.00167          3  0.000e+00
      31288   1303.625     59.629     60.040    22.6715    22.6832   5.236255   5.237333     2.3529     1.9756      35.56   28.49932  -90.00022    0.00098    0.00155          3  0.000e+00
      31289   1303.667     59.577     59.986    22.6629    22.6647   5.235582   5.235656     2.3553     1.9756      35.56   28.49932  -90.00022    0.00091    0.00144          3  0.000e+00
      31290   1303.708     59.629     60.040    22.6544    22.6452   5.234918   5.233834     2.3541     1.9756      35.56   28.49932  -90.00022    0.00083    0.00133          3  0.000e+00
      31291   1303.750     59.629     60.040    22.6540    22.6375   5.234562   5.232739     2.3529     1.9756      35.56   28.49932  -90.00022    0.00072    0.00121          3  0.000e+00
      31292   1303.792     59.629     60.040    22.6526    22.6313   5.234230   5.232089     2.3529     1.9756      35.56   28.49932  -90.00022    0.00060    0.00109          3  0.000e+00
      31293   1303.833     59.629     60.040    22.6512    22.6281   5.234011   5.231821     2.3529     1.9756      35.56   28.49932  -90.00022    0.00051    0.00098          3  0.000e+00
      31294   1303.875     59.629     60.040    22.6496    22.6369   5.233769   5.232303     2.3529     1.9756      35.56   28.49932  -90.00022    0.00041    0.00086          3  0.000e+00
      31295   1303.917     59.629     60.040    22.6460    22.6492   5.233550   5.233099     2.3529     1.9756      35.56   28.49932  -90.00022    0.00031    0.00076          3  0.000e+00
      31296   1303.958     59.629     60.040    22.6368    22.6565   5.233067   5.233466     2.3529     1.9756      35.56   28.49932  -90.00022    0.00021    0.00064          3  0.000e+00
      31297   1304.000     59.629     60.040    22.6306    22.6486   5.232795   5.232900     2.3529     1.9756      35.53   28.49932  -90.00022    0.00011    0.00053          3  0.000e+00
      31298   1304.042     59.629     60.040    22.6292    22.6292   5.232886   5.231545     2.3529     1.9756      35.43   28.49932  -90.00022    0.00000    0.00041          3  0.000e+00
      31299   1304.083     59.629     60.040    22.6304    22.6144   5.232893   5.230389     2.3529     1.9756      35.38   28.49932  -90.00022   -0.00008    0.00030          3  0.000e+00
      31300   1304.125     59.629     60.040    22.6209    22.6087   5.232622   5.229831     2.3516     1.9756      35.36   28.49932  -90.00022   -0.00019    0.00020          3  0.000e+00
      31301   1304.167     59.690     60.101    22.6094    22.6075   5.231844   5.229639     2.3529     1.9768      35.38   28.49932  -90.00022   -0.00027    0.00011          3  0.000e+00
      31302   1304.208     59.577     59.986    22.6014    22.6050   5.231459   5.229249     2.3529     1.9768      35.38   28.49932  -90.00022   -0.00036    0.00002          3  0.000e+00
      31303   1304.250     59.690     60.101    22.5923    22.5992   5.232184   5.228530     2.3529     1.9768      35.38   28.49932  -90.00022   -0.00045   -0.00007          3  0.000e+00
      31304   1304.292     59.629     60.040    22.6041    22.5923   5.233272   5.227918     2.3516     1.9768      35.38   28.49932  -90.00022   -0.00054   -0.00017          3  0.000e+00
      31305   1304.333     59.629     60.040    22.6242    22.5837   5.233505   5.227183     2.3504     1.9768      35.38   28.49932  -90.00022   -0.00065   -0.00024          3  0.000e+00
      31306   1304.375     59.629     60.040    22.6327    22.5756   5.233263   5.226150     2.3516     1.9768      35.38   28.49932  -90.00022   -0.00075   -0.00032          3  0.000e+00
      31307   1304.417     59.629     60.040    22.6319    22.5665   5.233286   5.225294     2.3529     1.9768      35.38   28.49932  -90.00022   -0.00082   -0.00040          3  0.000e+00
      31308   1304.458     59.629     60.040    22.6336    22.5612   5.233324   5.224934     2.3504     1.9768      35.38   28.49932  -90.00022   -0.00093   -0.00047          3  0.000e+00
      31309   1304.500     59.629     60.040    22.6331    22.5613   5.232992   5.225248     2.3516     1.9768      35.38   28.49932  -90.00022   -0.00104   -0.00055          3  0.000e+00
      31310   1304.542     59.629     60.040    22.6256    22.5674   5.232259   5.226074     2.3516     1.9768      35.38   28.49932  -90.00022   -0.00113   -0.00063          3  0.000e+00
      31311   1304.583     59.629     60.040    22.6194    22.5711   5.231270   5.226610     2.3504     1.9768      35.38   28.49932  -90.00022   -0.00122   -0.00071          3  0.000e+00
      31312   1304.625     59.629     60.040    22.6177    22.5745   5.229933   5.226701     2.3516     1.9768      35.38   28.49932  -90.00022   -0.00125   -0.00079          3  0.000e+00
      31313   1304.667     59.629     60.040    22.6026    22.5763   5.228710   5.226548     2.3504     1.9756      35.38   28.49932  -90.00022   -0.00132   -0.00088          3  0.000e+00
      31314   1304.708     59.576     59.986    22.5892    22.5760   5.227789   5.226388     2.3504     1.9768      35.38   28.49932  -90.00022   -0.00141   -0.00094          3  0.000e+00
      31315   1304.750     59.690     60.101    22.5793    22.5756   5.227094   5.226296     2.3504     1.9756      35.38   28.49932  -90.00022   -0.00146   -0.00102          3  0.000e+00
      31316   1304.792     59.576     59.986    22.5798    22.5763   5.226566   5.226395     2.3504     1.9768      35.38   28.49932  -90.00022   -0.00152   -0.00109          3  0.000e+00
      31317   1304.833     59.629     60.040    22.5775    22.5799   5.226226   5.226778     2.3504     1.9756      35.38   28.49932  -90.00022   -0.00159   -0.00117          3  0.000e+00
      31318   1304.875     59.629     60.040    22.5727    22.5844   5.226075   5.227329     2.3504     1.9756      35.38   28.49932  -90.00022   -0.00165   -0.00123          3  0.000e+00
      31319   1304.917     59.629     60.040    22.5708    22.5886   5.225962   5.227826     2.3504     1.9756      35.38   28.49932  -90.00022   -0.00170   -0.00130          3  0.000e+00
      31320   1304.958     59.576     59.986    22.5676    22.5926   5.226053   5.228178     2.3492     1.9744      35.38   28.49932  -90.00022   -0.00176   -0.00138          3  0.000e+00
      31321   1305.000     59.629     60.040    22.5651    22.5949   5.226762   5.228331     2.3492     1.9744      35.38   28.49932  -90.00022   -0.00182   -0.00144          3  0.000e+00
      31322   1305.042     59.629     60.040    22.5663    22.5962   5.228084   5.228469     2.3492     1.9744      35.41   28.49932  -90.00022   -0.00188   -0.00150          3  0.000e+00
      31323   1305.083     59.629     60.040    22.5750    22.5968   5.228967   5.228392     2.3492     1.9744      35.41   28.49932  -90.00022   -0.00193   -0.00156          3  0.000e+00
      31324   1305.125     59.576     59.986    22.5870    22.5941   5.229390   5.228040     2.3492     1.9744      35.41   28.49932  -90.00022   -0.00197   -0.00162          3  0.000e+00
      31325   1305.167     59.576     59.986    22.5967    22.5915   5.229676   5.227688     2.3480     1.9744      35.41   28.49932  -90.00022   -0.00202   -0.00168          3  0.000e+00
      31326   1305.208     59.629     60.040    22.6003    22.5897   5.229775   5.227428     2.3492     1.9731      35.41   28.49932  -90.00022   -0.00205   -0.00175          3  0.000e+00
      31327   1305.250     59.576     59.986    22.5996    22.5894   5.229948   5.227390     2.3480     1.9731      35.41   28.49932  -90.00022   -0.00210   -0.00183          3  0.000e+00
      31328   1305.292     59.629     60.040    22.6018    22.5927   5.230333   5.227703     2.3492     1.9744      35.41   28.49932  -90.00022   -0.00213   -0.00186          3  0.000e+00
      31329   1305.333     59.576     59.986    22.6060    22.5954   5.231066   5.228339     2.3492     1.9744      35.43   28.49932  -90.00022   -0.00214   -0.00190          3  0.000e+00
      31330   1305.375     59.576     59.986    22.6194    22.5988   5.232350   5.229173     2.3480     1.9731      35.41   28.49932  -90.00022   -0.00216   -0.00195          3  0.000e+00
      31331   1305.417     59.576     59.986    22.6434    22.6098   5.233785   5.230037     2.3480     1.9744      35.41   28.49932  -90.00022   -0.00220   -0.00198          3  0.000e+00
      31332   1305.458     59.629     60.040    22.6634    22.6182   5.234902   5.230971     2.3480     1.9744      35.41   28.49932  -90.00022   -0.00223   -0.00201          3  0.000e+00
      31333   1305.500     59.576     59.986    22.6760    22.6305   5.235612   5.232326     2.3492     1.9744      35.41   28.49932  -90.00022   -0.00223   -0.00204          3  0.000e+00
      31334   1305.542     59.576     59.986    22.6806    22.6429   5.236081   5.233382     2.3492     1.9744      35.41   28.49932  -90.00022   -0.00222   -0.00207          3  0.000e+00
      31335   1305.583     59.576     59.986    22.6783    22.6508   5.236519   5.233864     2.3480     1.9744      35.41   28.49932  -90.00022   -0.00223   -0.00208          3  0.000e+00
      31336   1305.625     59.576     59.986    22.6751    22.6561   5.236610   5.234025     2.3492     1.9744      35.41   28.49932  -90.00022   -0.00222   -0.00208          3  0.000e+00
      31337   1305.667     59.576     59.986    22.6737    22.6560   5.236421   5.234140     2.3480     1.9744      35.41   28.49932  -90.00022   -0.00223   -0.00209          3  0.000e+00
      31338   1305.708     59.576     59.986    22.6717    22.6560   5.236209   5.234569     2.3480     1.9756      35.41   28.49932  -90.00022   -0.00223   -0.00207          3  0.000e+00
      31339   1305.750     59.576     59.986    22.6661    22.6652   5.235884   5.235189     2.3480     1.9756      35.43   28.49932  -90.00022   -0.00223   -0.00206          3  0.000e+00
      31340   1305.792     59.576     59.986    22.6614    22.6738   5.235711   5.235740     2.3480     1.9756      35.41   28.49932  -90.00022   -0.00222   -0.00204          3  0.000e+00
      31341   1305.833     59.576     59.986    22.6618    22.6816   5.235771   5.236260     2.3480     1.9756      35.41   28.49932  -90.00022   -0.00224   -0.00201          3  0.000e+00
      31342   1305.875     59.516     59.925    22.6620    22.6845   5.235900   5.236590     2.3492     1.9756      35.43   28.49932  -90.00022   -0.00223   -0.00197          3  0.000e+00
      31343   1305.917     59.576     59.986    22.6638    22.6879   5.236255   5.236888     2.3492     1.9756      35.41   28.49932  -90.00022   -0.00222   -0.00193          3  0.000e+00
      31344   1305.958     59.576     59.986    22.6693    22.6907   5.236965   5.237256     2.3492     1.9768      35.41   28.49932  -90.00022   -0.00218   -0.00187          3  0.000e+00
      31345   1306.000     59.524     59.933    22.6760    22.6925   5.237811   5.237646     2.3492     1.9768      35.41   28.49932  -90.00022   -0.00215   -0.00181          3  0.000e+00
      31346   1306.042     59.576     59.986    22.6794    22.6953   5.238484   5.238037     2.3480     1.9768      35.46   28.49932  -90.00022   -0.00215   -0.00175          3  0.000e+00
      31347   1306.083     59.576     59.986    22.6836    22.6964   5.238997   5.238474     2.3492     1.9780      35.48   28.49932  -90.00022   -0.00213   -0.00167          3  0.000e+00
      31348   1306.125     59.524     59.933    22.6906    22.6989   5.239458   5.238902     2.3492     1.9768      35.48   28.49932  -90.00022   -0.00211   -0.00159          3  0.000e+00
      31349   1306.167     59.576     59.986    22.6962    22.7018   5.239783   5.239170     2.3492     1.9780      35.48   28.49932  -90.00022   -0.00208   -0.00148          3  0.000e+00
      31350   1306.208     59.524     59.933    22.7022    22.7053   5.239889   5.239255     2.3492     1.9780      35.48   28.49932  -90.00022   -0.00206   -0.00138          3  0.000e+00
      31351   1306.250     59.576     59.986    22.7053    22.7064   5.239964   5.239270     2.3492     1.9780      35.48   28.49932  -90.00022   -0.00205   -0.00130          3  0.000e+00
      31352   1306.292     59.516     59.925    22.7067    22.7050   5.239919   5.239385     2.3504     1.9792      35.48   28.49932  -90.00022   -0.00202   -0.00117          3  0.000e+00
      31353   1306.333     59.576     59.986    22.7072    22.7034   5.239700   5.239730     2.3504     1.9792      35.48   28.49932  -90.00022   -0.00197   -0.00105          3  0.000e+00
      31354   1306.375     59.516     59.925    22.7066    22.7084   5.239390   5.240319     2.3504     1.9792      35.48   28.49932  -90.00022   -0.00191   -0.00094          3  0.000e+00
      31355   1306.417     59.576     59.986    22.7044    22.7148   5.239390   5.240518     2.3504     1.9792      35.48   28.49932  -90.00022   -0.00186   -0.00084          3  0.000e+00
      31356   1306.458     59.516     59.925    22.7063    22.7089   5.239617   5.240396     2.3516     1.9805      35.48   28.49932  -90.00022   -0.00181   -0.00071          3  0.000e+00
