GOMECC/GOMECC-4/1db/rb2103_0861.ros
* Sea-Bird SBE 9 Data File:
* FileName = C:\Users\scs.user.rb\CTD\GOMECC4\data\rb2103_0861.hex
* Software Version Seasave V 7.26.7.107
* Temperature SN = 4799
* Conductivity SN = 3860
* Number of Bytes Per Scan = 41
* Number of Voltage Words = 4
* Number of Scans Averaged by the Deck Unit = 1
* NMEA Latitude = 20 01.19 N
* NMEA Longitude = 093 46.26 W
* NMEA UTC (Time) = Oct 08 2021  06:53:11
* NMEA baud rate = 4800
# nquan = 17
# nvalues = 2128                                  
# units = specified
# name 0 = scan: Scan Count
# name 1 = timeS: Time, Elapsed [seconds]
# name 2 = depSM: Depth [salt water, m]
# name 3 = prDM: Pressure, Digiquartz [db]
# name 4 = t090C: Temperature [ITS-90, deg C]
# name 5 = t190C: Temperature, 2 [ITS-90, deg C]
# name 6 = c0S/m: Conductivity [S/m]
# name 7 = c1S/m: Conductivity, 2 [S/m]
# name 8 = sbeox0V: Oxygen raw, SBE 43 [V]
# name 9 = sbeox1V: Oxygen raw, SBE 43, 2 [V]
# name 10 = altM: Altimeter [m]
# name 11 = latitude: Latitude [deg]
# name 12 = longitude: Longitude [deg]
# name 13 = sbox0dV/dT: Oxygen, SBE 43 [dov/dt]
# name 14 = sbox1dV/dT: Oxygen, SBE 43, 2 [dov/dt]
# name 15 = nbf: Bottles Fired
# name 16 = flag:  0.000e+00
# interval = seconds: 0.0416667
# start_time = Oct 08 2021 06:53:11 [NMEA time, header]
# bad_flag = -9.990e-29
*END*
[from data line 937]
      96128   4005.292    397.321    400.150     9.8745     9.8936   3.835117   3.837073     1.5812     1.2833     100.00   20.02052  -93.77198    0.00006    0.00012          8  0.000e+00
      96129   4005.333    397.274    400.102     9.8768     9.8935   3.835110   3.837067     1.5800     1.2833     100.00   20.02052  -93.77198    0.00006    0.00013          8  0.000e+00
      96130   4005.375    397.322    400.151     9.8774     9.8936   3.835130   3.837067     1.5800     1.2833     100.00   20.02052  -93.77198    0.00005    0.00014          8  0.000e+00
      96131   4005.417    397.294    400.123     9.8787     9.8938   3.835217   3.837040     1.5800     1.2833     100.00   20.02052  -93.77198    0.00004    0.00015          8  0.000e+00
      96132   4005.458    397.274    400.103     9.8808     9.8942   3.835223   3.837053     1.5800     1.2833     100.00   20.02052  -93.77198    0.00003    0.00016          8  0.000e+00
      96133   4005.500    397.322    400.151     9.8828     9.8943   3.835257   3.837087     1.5800     1.2833     100.00   20.02052  -93.77198    0.00003    0.00017          8  0.000e+00
      96134   4005.542    397.274    400.103     9.8842     9.8945   3.835277   3.837080     1.5800     1.2833     100.00   20.02052  -93.77198    0.00002    0.00018          8  0.000e+00
      96135   4005.583    397.295    400.124     9.8832     9.8942   3.835257   3.837094     1.5800     1.2833     100.00   20.02052  -93.77198    0.00001    0.00017          8  0.000e+00
      96136   4005.625    397.322    400.151     9.8822     9.8941   3.835290   3.837100     1.5800     1.2833     100.00   20.02052  -93.77198    0.00000    0.00016          8  0.000e+00
      96137   4005.667    397.275    400.103     9.8815     9.8943   3.835257   3.837073     1.5800     1.2833     100.00   20.02052  -93.77198    0.00001    0.00017          8  0.000e+00
      96138   4005.708    397.322    400.151     9.8794     9.8945   3.835190   3.837114     1.5800     1.2833     100.00   20.02052  -93.77198    0.00001    0.00017          8  0.000e+00
      96139   4005.750    397.295    400.124     9.8781     9.8943   3.835197   3.837154     1.5800     1.2833     100.00   20.02052  -93.77198 -3.517e-07    0.00017          8  0.000e+00
      96140   4005.792    397.275    400.103     9.8776     9.8945   3.835157   3.837141     1.5800     1.2833     100.00   20.02052  -93.77198   -0.00001    0.00016          8  0.000e+00
      96141   4005.833    397.323    400.152     9.8778     9.8945   3.835164   3.837154     1.5812     1.2833     100.00   20.02052  -93.77198    0.00000    0.00015          8  0.000e+00
      96142   4005.875    397.275    400.104     9.8743     9.8942   3.835124   3.837141     1.5812     1.2833     100.00   20.02052  -93.77198    0.00001    0.00015          8  0.000e+00
      96143   4005.917    397.343    400.172     9.8728     9.8942   3.835190   3.837107     1.5812     1.2833     100.00   20.02052  -93.77198    0.00002    0.00016          8  0.000e+00
      96144   4005.958    397.275    400.104     9.8722     9.8941   3.835237   3.837100     1.5800     1.2833     100.00   20.02052  -93.77198    0.00001    0.00015          8  0.000e+00
      96145   4006.000    397.275    400.104     9.8712     9.8942   3.835190   3.837100     1.5800     1.2833     100.00   20.02052  -93.77198    0.00001    0.00014          8  0.000e+00
      96146   4006.042    397.323    400.152     9.8718     9.8944   3.835124   3.837127     1.5800     1.2833     100.00   20.02052  -93.77198   -0.00000    0.00015          8  0.000e+00
      96147   4006.083    397.344    400.173     9.8735     9.8943   3.835077   3.837134     1.5800     1.2845     100.00   20.02052  -93.77198   -0.00001    0.00017          8  0.000e+00
      96148   4006.125    397.276    400.104     9.8767     9.8945   3.835097   3.837134     1.5800     1.2833     100.00   20.02052  -93.77198   -0.00002    0.00018          8  0.000e+00
      96149   4006.167    397.323    400.152     9.8784     9.8940   3.835130   3.837080     1.5800     1.2833     100.00   20.02052  -93.77198   -0.00003    0.00018          8  0.000e+00
      96150   4006.208    397.323    400.152     9.8802     9.8937   3.835164   3.837087     1.5800     1.2833     100.00   20.02052  -93.77198   -0.00003    0.00019          8  0.000e+00
      96151   4006.250    397.344    400.173     9.8805     9.8939   3.835124   3.837046     1.5800     1.2833     100.00   20.02052  -93.77198   -0.00002    0.00020          8  0.000e+00
      96152   4006.292    397.276    400.105     9.8799     9.8940   3.835130   3.837053     1.5800     1.2833     100.00   20.02052  -93.77198   -0.00001    0.00020          8  0.000e+00
      96153   4006.333    397.324    400.153     9.8789     9.8941   3.835164   3.837087     1.5800     1.2833     100.00   20.02052  -93.77198   -0.00002    0.00021          8  0.000e+00
      96154   4006.375    397.371    400.201     9.8797     9.8943   3.835277   3.837121     1.5800     1.2833     100.00   20.02052  -93.77198   -0.00003    0.00021          8  0.000e+00
      96155   4006.417    397.344    400.174     9.8823     9.8947   3.835516   3.837134     1.5800     1.2833     100.00   20.02052  -93.77198   -0.00002    0.00020          8  0.000e+00
      96156   4006.458    397.324    400.153     9.8840     9.8949   3.835702   3.837107     1.5800     1.2833     100.00   20.02052  -93.77198   -0.00003    0.00019          8  0.000e+00
      96157   4006.500    397.324    400.153     9.8837     9.8947   3.835775   3.837147     1.5800     1.2833     100.00   20.02052  -93.77198   -0.00003    0.00018          8  0.000e+00
      96158   4006.542    397.372    400.201     9.8848     9.8950   3.835935   3.837147     1.5800     1.2833     100.00   20.02052  -93.77198   -0.00004    0.00018          8  0.000e+00
      96159   4006.583    397.297    400.126     9.8850     9.8949   3.836088   3.837181     1.5800     1.2833     100.00   20.02052  -93.77198   -0.00005    0.00019          8  0.000e+00
      96160   4006.625    397.372    400.201     9.8881     9.8949   3.836254   3.837201     1.5800     1.2833     100.00   20.02052  -93.77198   -0.00005    0.00019          8  0.000e+00
      96161   4006.667    397.372    400.202     9.8904     9.8950   3.836394   3.837174     1.5800     1.2833     100.00   20.02052  -93.77198   -0.00006    0.00020          8  0.000e+00
      96162   4006.708    397.325    400.154     9.8894     9.8949   3.836427   3.837168     1.5800     1.2833     100.00   20.02052  -93.77198   -0.00007    0.00021          8  0.000e+00
      96163   4006.750    397.400    400.229     9.8901     9.8950   3.836281   3.837188     1.5800     1.2833     100.00   20.02052  -93.77198   -0.00007    0.00021          8  0.000e+00
      96164   4006.792    397.372    400.202     9.8899     9.8949   3.836248   3.837147     1.5800     1.2833     100.00   20.02052  -93.77198   -0.00008    0.00022          8  0.000e+00
      96165   4006.833    397.325    400.154     9.8911     9.8949   3.836454   3.837154     1.5800     1.2833     100.00   20.02052  -93.77198   -0.00009    0.00020          8  0.000e+00
      96166   4006.875    397.427    400.257     9.8925     9.8949   3.836687   3.837168     1.5800     1.2833     100.00   20.02052  -93.77198   -0.00008    0.00021          8  0.000e+00
      96167   4006.917    397.346    400.175     9.8933     9.8949   3.836807   3.837141     1.5800     1.2833     100.00   20.02052  -93.77198   -0.00008    0.00020          8  0.000e+00
      96168   4006.958    397.373    400.202     9.8929     9.8947   3.836833   3.837107     1.5800     1.2833     100.00   20.02052  -93.77198   -0.00007    0.00018          8  0.000e+00
      96169   4007.000    397.373    400.202     9.8911     9.8947   3.836787   3.837154     1.5800     1.2833     100.00   20.02052  -93.77198   -0.00008    0.00019          8  0.000e+00
      96170   4007.042    397.428    400.257     9.8911     9.8947   3.836813   3.837168     1.5800     1.2833     100.00   20.02052  -93.77198   -0.00007    0.00019          8  0.000e+00
      96171   4007.083    397.346    400.175     9.8909     9.8950   3.836807   3.837141     1.5800     1.2833     100.00   20.02052  -93.77198   -0.00006    0.00018          8  0.000e+00
      96172   4007.125    397.373    400.203     9.8905     9.8947   3.836807   3.837154     1.5800     1.2833     100.00   20.02052  -93.77198   -0.00004    0.00016          8  0.000e+00
      96173   4007.167    397.428    400.258     9.8904     9.8949   3.836827   3.837141     1.5800     1.2833     100.00   20.02052  -93.77198   -0.00005    0.00017          8  0.000e+00
      96174   4007.208    397.373    400.203     9.8907     9.8947   3.836833   3.837154     1.5800     1.2821     100.00   20.02052  -93.77198   -0.00006    0.00015          8  0.000e+00
      96175   4007.250    397.401    400.230     9.8923     9.8947   3.836906   3.837168     1.5800     1.2833     100.00   20.02052  -93.77198   -0.00006    0.00014          8  0.000e+00
      96176   4007.292    397.428    400.258     9.8932     9.8949   3.836940   3.837188     1.5800     1.2833     100.00   20.02052  -93.77198   -0.00007    0.00014          8  0.000e+00
      96177   4007.333    397.374    400.203     9.8940     9.8945   3.836933   3.837147     1.5800     1.2833     100.00   20.02052  -93.77198   -0.00007    0.00013          8  0.000e+00
      96178   4007.375    397.428    400.258     9.8935     9.8949   3.836953   3.837181     1.5800     1.2833     100.00   20.02052  -93.77198   -0.00008    0.00011          8  0.000e+00
      96179   4007.417    397.401    400.231     9.8927     9.8949   3.836926   3.837147     1.5800     1.2833     100.00   20.02052  -93.77198   -0.00008    0.00010          8  0.000e+00
      96180   4007.458    397.429    400.258     9.8924     9.8949   3.836900   3.837154     1.5800     1.2833     100.00   20.02052  -93.77198   -0.00009    0.00008          8  0.000e+00
      96181   4007.500    397.429    400.259     9.8917     9.8947   3.836873   3.837195     1.5800     1.2833     100.00   20.02052  -93.77198   -0.00009    0.00007          8  0.000e+00
      96182   4007.542    397.374    400.204     9.8912     9.8945   3.836873   3.837147     1.5800     1.2833     100.00   20.02052  -93.77198   -0.00010    0.00005          8  0.000e+00
      96183   4007.583    397.402    400.231     9.8915     9.8949   3.836893   3.837154     1.5800     1.2833     100.00   20.02052  -93.77198   -0.00010    0.00004          8  0.000e+00
      96184   4007.625    397.429    400.259     9.8920     9.8945   3.836873   3.837141     1.5800     1.2833     100.00   20.02052  -93.77198   -0.00011    0.00004          8  0.000e+00
      96185   4007.667    397.375    400.204     9.8915     9.8943   3.836900   3.837154     1.5800     1.2833     100.00   20.02052  -93.77198   -0.00011    0.00004          8  0.000e+00
      96186   4007.708    397.429    400.259     9.8923     9.8945   3.836953   3.837168     1.5800     1.2833     100.00   20.02052  -93.77198   -0.00010    0.00004          8  0.000e+00
      96187   4007.750    397.402    400.232     9.8927     9.8943   3.836940   3.837114     1.5800     1.2821     100.00   20.02052  -93.77198   -0.00011    0.00002          8  0.000e+00
      96188   4007.792    397.375    400.204     9.8927     9.8942   3.836913   3.837121     1.5800     1.2833     100.00   20.02052  -93.77198   -0.00009    0.00001          8  0.000e+00
      96189   4007.833    397.429    400.259     9.8929     9.8945   3.836853   3.837107     1.5800     1.2833     100.00   20.02052  -93.77198   -0.00010    0.00001          8  0.000e+00
      96190   4007.875    397.375    400.204     9.8920     9.8942   3.836780   3.837100     1.5800     1.2833     100.00   20.02052  -93.77198   -0.00010    0.00001          8  0.000e+00
      96191   4007.917    397.402    400.232     9.8909     9.8945   3.836767   3.837100     1.5800     1.2833     100.00   20.02052  -93.77198   -0.00011    0.00001          8  0.000e+00
      96192   4007.958    397.375    400.205     9.8899     9.8944   3.836767   3.837154     1.5800     1.2833     100.00   20.02052  -93.77198   -0.00011   -0.00001          8  0.000e+00
      96193   4008.000    397.375    400.205     9.8897     9.8945   3.836713   3.837141     1.5800     1.2833     100.00   20.02052  -93.77198   -0.00012   -0.00002          8  0.000e+00
      96194   4008.042    397.403    400.232     9.8907     9.8947   3.836680   3.837134     1.5800     1.2833     100.00   20.02052  -93.77198   -0.00012   -0.00002          8  0.000e+00
      96195   4008.083    397.376    400.205     9.8911     9.8947   3.836634   3.837134     1.5800     1.2833     100.00   20.02052  -93.77198   -0.00013   -0.00002          8  0.000e+00
      96196   4008.125    397.376    400.205     9.8917     9.8947   3.836707   3.837134     1.5800     1.2833     100.00   20.02052  -93.77198   -0.00011   -0.00002          8  0.000e+00
      96197   4008.167    397.328    400.157     9.8922     9.8936   3.836760   3.837053     1.5800     1.2833     100.00   20.02052  -93.77198   -0.00010   -0.00002          8  0.000e+00
      96198   4008.208    397.403    400.233     9.8920     9.8932   3.836793   3.836979     1.5788     1.2833     100.00   20.02052  -93.77198   -0.00010   -0.00002          8  0.000e+00
      96199   4008.250    397.328    400.157     9.8923     9.8921   3.836773   3.836912     1.5800     1.2833     100.00   20.02052  -93.77198   -0.00009   -0.00002          8  0.000e+00
      96200   4008.292    397.376    400.206     9.8919     9.8918   3.836693   3.836898     1.5812     1.2833     100.00   20.02052  -93.77198   -0.00007   -0.00002          8  0.000e+00
      96201   4008.333    397.328    400.158     9.8915     9.8918   3.836634   3.836871     1.5800     1.2833     100.00   20.02052  -93.77198   -0.00008   -0.00002          8  0.000e+00
      96202   4008.375    397.349    400.178     9.8919     9.8914   3.836574   3.836837     1.5800     1.2833      98.51   20.02052  -93.77198   -0.00008   -0.00002          8  0.000e+00
      96203   4008.417    397.329    400.158     9.8893     9.8912   3.836567   3.836878     1.5812     1.2833      97.41   20.02052  -93.77198   -0.00006   -0.00002          8  0.000e+00
      96204   4008.458    397.329    400.158     9.8828     9.8914   3.836587   3.836871     1.5800     1.2833      97.24   20.02052  -93.77198   -0.00007   -0.00002          8  0.000e+00
      96205   4008.500    397.329    400.158     9.8782     9.8914   3.836467   3.836864     1.5800     1.2821      97.31   20.02052  -93.77198   -0.00007   -0.00004          8  0.000e+00
      96206   4008.542    397.349    400.179     9.8827     9.8915   3.836308   3.836891     1.5800     1.2833      97.34   20.02052  -93.77198   -0.00008   -0.00004          8  0.000e+00
      96207   4008.583    397.281    400.110     9.8863     9.8912   3.836155   3.836844     1.5800     1.2833      97.36   20.02052  -93.77198   -0.00008   -0.00004          8  0.000e+00
      96208   4008.625    397.329    400.158     9.8868     9.8914   3.836121   3.836878     1.5800     1.2833      97.36   20.02052  -93.77198   -0.00008   -0.00004          8  0.000e+00
      96209   4008.667    397.282    400.110     9.8861     9.8919   3.836101   3.836918     1.5800     1.2833      97.36   20.02052  -93.77198   -0.00009   -0.00004          8  0.000e+00
      96210   4008.708    397.350    400.179     9.8876     9.8922   3.836135   3.836932     1.5800     1.2833      97.34   20.02052  -93.77198   -0.00009   -0.00003          8  0.000e+00
      96211   4008.750    397.282    400.111     9.8869     9.8929   3.836201   3.836952     1.5800     1.2833      97.36   20.02052  -93.77198   -0.00008   -0.00003          8  0.000e+00
