GOMECC/GOMECC-4/1db/rb2103_0861.cnv
* Sea-Bird SBE 9 Data File:
* FileName = C:\Users\scs.user.rb\CTD\GOMECC4\data\rb2103_0861.hex
* Software Version Seasave V 7.26.7.107
* Temperature SN = 4799
* Conductivity SN = 3860
* Number of Bytes Per Scan = 41
* Number of Voltage Words = 4
* Number of Scans Averaged by the Deck Unit = 1
* NMEA Latitude = 20 01.19 N
* NMEA Longitude = 093 46.26 W
* NMEA UTC (Time) = Oct 08 2021  06:53:11
* NMEA baud rate = 4800
# nquan = 28
# nvalues = 789                         
# units = specified
# name 0 = scan: Scan Count
# name 1 = timeS: Time, Elapsed [seconds]
# name 2 = depSM: Depth [salt water, m]
# name 3 = prDM: Pressure, Digiquartz [db]
# name 4 = t090C: Temperature [ITS-90, deg C]
# name 5 = t190C: Temperature, 2 [ITS-90, deg C]
# name 6 = c0S/m: Conductivity [S/m]
# name 7 = c1S/m: Conductivity, 2 [S/m]
# name 8 = sbeox0V: Oxygen raw, SBE 43 [V]
# name 9 = sbeox1V: Oxygen raw, SBE 43, 2 [V]
# name 10 = altM: Altimeter [m]
# name 11 = latitude: Latitude [deg]
# name 12 = longitude: Longitude [deg]
# name 13 = sbox0dV/dT: Oxygen, SBE 43 [dov/dt]
# name 14 = sbox1dV/dT: Oxygen, SBE 43, 2 [dov/dt]
# name 15 = sbeox0ML/L: Oxygen, SBE 43 [ml/l], WS = 5
# name 16 = sbeox1ML/L: Oxygen, SBE 43, 2 [ml/l], WS = 5
# name 17 = potemp090C: Potential Temperature [ITS-90, deg C]
# name 18 = potemp190C: Potential Temperature, 2 [ITS-90, deg C]
# name 19 = sal00: Salinity, Practical [PSU]
# name 20 = sal11: Salinity, Practical, 2 [PSU]
# name 21 = sigma-é00: Density [sigma-theta, kg/m^3]
# name 22 = sigma-é11: Density, 2 [sigma-theta, kg/m^3]
# name 23 = avgsvCM: Average Sound Velocity [Chen-Millero, m/s], minP = 20, minS = 20
# name 24 = sbox0Mm/Kg: Oxygen, SBE 43 [umol/kg], WS = 5
# name 25 = sbox1Mm/Kg: Oxygen, SBE 43, 2 [umol/kg], WS = 5
# name 26 = nbin: number of scans per bin
# name 27 = flag: flag
# span 0 =      13157,     130211       
# span 1 =    548.166,   5425.421       
# span 2 =      2.981,   1471.674       
# span 3 =      3.000,   1486.000       
# span 4 =     4.3848,    29.6934       
# span 5 =     4.3853,    29.6940       
# span 6 =   3.349845,   5.901504       
# span 7 =   3.349718,   5.901849       
# span 8 =     1.5718,     3.1415       
# span 9 =     1.2747,     2.6576       
# span 10 =      10.95,     102.05      
# span 11 =   19.89638,   20.11993      
# span 12 =  -94.23645,  -93.18923      
# span 13 =   -0.03249,    0.02018      
# span 14 =   -0.03199,    0.02279      
# span 15 =     2.3927,     4.5325      
# span 16 =     2.4097,     4.5586      
# span 17 =     4.2629,    29.6890      
# span 18 =     4.2633,    29.6896      
# span 19 =    34.8782,    36.5212      
# span 20 =    34.8687,    36.5257      
# span 21 =    21.8425,    27.7306      
# span 22 =    21.8364,    27.7298      
# span 23 =       0.00,    1545.60      
# span 24 =    104.055,    196.959      
# span 25 =    104.793,    198.093      
# span 26 =         30,         79      
# span 27 = 0.0000e+00, 0.0000e+00      
# interval = decibars: 1                
# start_time = Oct 08 2021 06:53:11 [NMEA time, header]
# bad_flag = -9.990e-29
*END*
[from data line 467]
      55131   2297.069   1449.962   1464.000     4.3852     4.3856   3.351413   3.351372     1.9345     1.6128      30.34   20.02012  -93.77142   -0.00006   -0.00003     4.5305     4.5560     4.2640     4.2644    34.9647    34.9638    27.7300    27.7292    1495.95    196.871    197.981         53 0.0000e+00
      55266   2302.692   1453.910   1468.000     4.3856     4.3859   3.351675   3.351624     1.9342     1.6127      26.39   20.02052  -93.77330   -0.00008   -0.00003     4.5317     4.5579     4.2640     4.2644    34.9654    34.9644    27.7306    27.7298    1495.97    196.927    198.063         54 0.0000e+00
      55359   2306.591   1456.871   1471.000     4.3848     4.3855   3.351614   3.351596     1.9339     1.6120      23.63   20.01965  -93.76921   -0.00010   -0.00015     4.5322     4.5570     4.2630     4.2637    34.9639    34.9630    27.7295    27.7287    1495.90    196.949    198.024         34 0.0000e+00
      55397   2308.147   1457.857   1472.000     4.3850     4.3855   3.351739   3.351709     1.9337     1.6118      22.62   20.02012  -93.77142   -0.00009   -0.00004     4.5321     4.5565     4.2631     4.2636    34.9648    34.9639    27.7302    27.7295    1495.93    196.944    198.003         38 0.0000e+00
      55434   2309.723   1458.845   1473.000     4.3849     4.3853   3.351770   3.351727     1.9335     1.6118      21.62   20.02012  -93.77142   -0.00008   -0.00011     4.5321     4.5571     4.2629     4.2633    34.9647    34.9638    27.7302    27.7294    1495.93    196.943    198.030         38 0.0000e+00
      55470   2311.197   1459.831   1474.000     4.3850     4.3854   3.351829   3.351785     1.9335     1.6120      20.75   20.02012  -93.77142   -0.00008    0.00002     4.5325     4.5586     4.2629     4.2633    34.9648    34.9639    27.7303    27.7295    1495.93    196.959    198.093         31 0.0000e+00
      55525   2313.481   1461.805   1476.000     4.3861     4.3869   3.351926   3.351912     1.9331     1.6117      51.33   20.01959  -93.76896   -0.00011    0.00001     4.5321     4.5585     4.2638     4.2646    34.9638    34.9629    27.7293    27.7285    1495.89    196.945    198.089         31 0.0000e+00
      55567   2315.269   1462.792   1477.000     4.3858     4.3861   3.352014   3.351941     1.9329     1.6110      20.01   20.02012  -93.77142   -0.00012   -0.00020     4.5319     4.5565     4.2634     4.2637    34.9647    34.9635    27.7301    27.7292    1495.92    196.934    198.002         51 0.0000e+00
      55685   2320.181   1465.753   1480.000     4.3877     4.3884   3.352226   3.352202     1.9325     1.6105      15.10   20.01954  -93.76868   -0.00010   -0.00011     4.5322     4.5557     4.2651     4.2657    34.9636    34.9627    27.7291    27.7282    1495.88    196.947    197.970         34 0.0000e+00
      55853   2327.182   1466.740   1481.000     4.3875     4.3877   3.352326   3.352271     1.9321     1.6103      14.10   20.02012  -93.77142   -0.00005   -0.00007     4.5310     4.5558     4.2647     4.2649    34.9646    34.9638    27.7299    27.7293    1495.91    196.897    197.973         35 0.0000e+00
      56043   2335.102   1467.728   1482.000     4.3885     4.3885   3.352448   3.352381     1.9314     1.6101      13.24   20.02012  -93.77142   -0.00010   -0.00007     4.5291     4.5553     4.2656     4.2656    34.9645    34.9637    27.7297    27.7291    1495.91    196.812    197.953         43 0.0000e+00
      56241   2343.351   1468.713   1483.000     4.3893     4.3891   3.352559   3.352463     1.9305     1.6099      12.36   20.02012  -93.77142   -0.00014   -0.00016     4.5263     4.5549     4.2663     4.2661    34.9645    34.9636    27.7296    27.7289    1495.91    196.689    197.933         44 0.0000e+00
      56430   2351.194   1469.701   1484.000     4.3890     4.3896   3.352581   3.352552     1.9305     1.6092      11.71   20.02010  -93.77142   -0.00005   -0.00010     4.5268     4.5526     4.2659     4.2665    34.9646    34.9636    27.7297    27.7289    1495.91    196.712    197.834         31 0.0000e+00
      56584   2357.617   1470.687   1485.000     4.3894     4.3897   3.352656   3.352609     1.9304     1.6085      10.95   20.02010  -93.77142   -0.00000   -0.00012     4.5271     4.5505     4.2662     4.2665    34.9645    34.9637    27.7297    27.7289    1495.91    196.724    197.744         30 0.0000e+00
      57562   2398.395   1471.674   1486.000     4.3901     4.3905   3.352758   3.352716     1.9300     1.6085      30.68   20.02012  -93.77142   -0.00005    0.00001     4.5258     4.5510     4.2669     4.2672    34.9645    34.9636    27.7295    27.7288    1495.90    196.668    197.762         79 0.0000e+00
      58706   2446.062   1461.805   1476.000     4.3914     4.3925   3.352469   3.352486     1.9315     1.6094      20.89   20.02031  -93.77224    0.00017    0.00008     4.5253     4.5482     4.2691     4.2702    34.9646    34.9636    27.7294    27.7285    1495.91    196.647    197.643         31 0.0000e+00
      58883   2453.410   1454.897   1469.000     4.3936     4.3938   3.352304   3.352239     1.9320     1.6099      27.69   20.01991  -93.77038    0.00011    0.00022     4.5229     4.5464     4.2719     4.2721    34.9638    34.9628    27.7284    27.7276    1495.88    196.541    197.562         34 0.0000e+00
      59006   2458.525   1449.962   1464.000     4.3897     4.3899   3.351777   3.351706     1.9327     1.6105      32.65   20.02000  -93.77080    0.00025    0.00011     4.5231     4.5459     4.2685     4.2687    34.9642    34.9632    27.7291    27.7283    1495.89    196.553    197.544         39 0.0000e+00
      59128   2463.606   1445.027   1459.000     4.3873     4.3877   3.351396   3.351358     1.9340     1.6110      37.96   20.02032  -93.77229    0.00029    0.00013     4.5253     4.5453     4.2665     4.2670    34.9648    34.9638    27.7298    27.7290    1495.91    196.649    197.514         33 0.0000e+00
      59603   2483.411   1426.273   1440.000     4.3924     4.3929   3.351081   3.351043     1.9367     1.6131      57.00   20.02060  -93.77359   -0.00010   -0.00024     4.5236     4.5419     4.2734     4.2739    34.9649    34.9640    27.7292    27.7284    1495.93    196.571    197.369         30 0.0000e+00
      59751   2489.565   1420.350   1434.000     4.3924     4.3931   3.350711   3.350685     1.9366     1.6142      62.94   20.01984  -93.76995    0.00003    0.00016     4.5196     4.5429     4.2739     4.2746    34.9636    34.9625    27.7281    27.7272    1495.88    196.401    197.412         34 0.0000e+00
      60224   2509.272   1401.594   1415.000     4.4114     4.4124   3.351641   3.351643     1.9371     1.6133      81.74   20.02050  -93.77305   -0.00013   -0.00027     4.5079     4.5258     4.2945     4.2955    34.9638    34.9628    27.7261    27.7251    1495.93    195.893    196.670         36 0.0000e+00
      60345   2514.343   1396.658   1410.000     4.4215     4.4228   3.352389   3.352403     1.9366     1.6130      86.31   20.02107  -93.77570   -0.00002    0.00001     4.5017     4.5202     4.3050     4.3063    34.9644    34.9632    27.7254    27.7243    1495.97    195.620    196.428         30 0.0000e+00
      60377   2515.647   1395.671   1409.000     4.4206     4.4215   3.352128   3.352128     1.9360     1.6128      87.82   20.02016  -93.77146   -0.00011   -0.00002     4.4991     4.5190     4.3042     4.3050    34.9628    34.9618    27.7242    27.7233    1495.90    195.509    196.376         36 0.0000e+00
      60496   2520.635   1390.735   1404.000     4.4255     4.4261   3.352372   3.352342     1.9352     1.6121      92.44   20.02040  -93.77259   -0.00008   -0.00018     4.4927     4.5128     4.3095     4.3100    34.9630    34.9620    27.7237    27.7229    1495.92    195.231    196.106         38 0.0000e+00
      61215   2550.601   1362.103   1375.000     4.4302     4.4305   3.351573   3.351522     1.9365     1.6140     100.00   20.02063  -93.77367    0.00028    0.00029     4.4802     4.5029     4.3168     4.3172    34.9629    34.9620    27.7229    27.7221    1495.93    194.688    195.674         31 0.0000e+00
      61247   2551.933   1361.115   1374.000     4.4298     4.4303   3.351431   3.351389     1.9365     1.6139     100.00   20.02017  -93.77148    0.00012    0.00025     4.4794     4.5020     4.3166     4.3170    34.9621    34.9612    27.7223    27.7215    1495.90    194.655    195.634         33 0.0000e+00
      61367   2556.935   1356.178   1369.000     4.4294     4.4298   3.351126   3.351087     1.9375     1.6144     100.00   20.01982  -93.76987    0.00027    0.00005     4.4806     4.5010     4.3166     4.3170    34.9614    34.9605    27.7217    27.7210    1495.87    194.706    195.592         38 0.0000e+00
      61491   2562.094   1351.241   1364.000     4.4301     4.4304   3.351082   3.351035     1.9382     1.6161     100.00   20.02058  -93.77340    0.00013    0.00026     4.4797     4.5046     4.3177     4.3180    34.9627    34.9619    27.7227    27.7219    1495.93    194.669    195.751         37 0.0000e+00
      61638   2568.219   1345.316   1358.000     4.4329     4.4326   3.350927   3.350835     1.9390     1.6165     100.00   20.01960  -93.76884    0.00016    0.00002     4.4790     4.5026     4.3210     4.3207    34.9608    34.9601    27.7208    27.7202    1495.86    194.636    195.662         33 0.0000e+00
      62132   2588.788   1325.565   1338.000     4.4429     4.4432   3.350967   3.350919     1.9387     1.6165     100.00   20.01981  -93.76984    0.00007    0.00039     4.4652     4.4898     4.3328     4.3331    34.9607    34.9597    27.7194    27.7186    1495.87    194.039    195.106         33 0.0000e+00
      62252   2593.812   1320.628   1333.000     4.4425     4.4428   3.350801   3.350753     1.9392     1.6171     100.00   20.02031  -93.77221    0.00005    0.00010     4.4640     4.4889     4.3329     4.3332    34.9616    34.9607    27.7201    27.7194    1495.91    193.983    195.069         35 0.0000e+00
      62522   2605.052   1309.764   1322.000     4.4423     4.4427   3.350280   3.350236     1.9412     1.6180     100.00   20.02008  -93.77112    0.00021    0.00011     4.4650     4.4863     4.3337     4.3341    34.9611    34.9603    27.7196    27.7189    1495.89    194.027    194.953         32 0.0000e+00
      62672   2611.281   1303.838   1316.000     4.4421     4.4424   3.349973   3.349932     1.9421     1.6191     100.00   20.01992  -93.77037    0.00021    0.00007     4.4648     4.4871     4.3340     4.3343    34.9607    34.9599    27.7193    27.7186    1495.88    194.020    194.990         30 0.0000e+00
      63092   2628.792   1290.998   1303.000     4.4448     4.4466   3.349889   3.349971     1.9439     1.6207     100.01   20.02144  -93.77742    0.00005   -0.00006     4.4633     4.4855     4.3379     4.3397    34.9634    34.9624    27.7210    27.7201    1495.99    193.954    194.918         35 0.0000e+00
      63274   2636.386   1290.010   1302.000     4.4479     4.4478   3.349932   3.349849     1.9435     1.6202      66.64   20.02018  -93.77150   -0.00004   -0.00004     4.4612     4.4826     4.3411     4.3410    34.9611    34.9602    27.7188    27.7181    1495.90    193.865    194.792         36 0.0000e+00
      63456   2643.966   1289.023   1301.000     4.4475     4.4468   3.349845   3.349718     1.9431     1.6203      97.19   20.02018  -93.77150   -0.00003    0.00004     4.4593     4.4827     4.3408     4.3401    34.9610    34.9602    27.7187    27.7182    1495.90    193.781    194.800         38 0.0000e+00
      63729   2655.350   1288.035   1300.000     4.4520     4.4526   3.350183   3.350164     1.9424     1.6197      90.84   20.02018  -93.77152    0.00001    0.00001     4.4555     4.4790     4.3453     4.3459    34.9607    34.9599    27.7180    27.7173    1495.90    193.615    194.636         53 0.0000e+00
      64645   2693.508   1284.084   1296.000     4.4694     4.4709   3.351511   3.351542     1.9394     1.6166     100.00   20.02011  -93.77110    0.00007    0.00011     4.4401     4.4621     4.3629     4.3644    34.9600    34.9587    27.7155    27.7144    1495.89    192.946    193.906         36 0.0000e+00
      64752   2697.951   1280.133   1292.000     4.4786     4.4791   3.352232   3.352190     1.9395     1.6164     100.00   20.02076  -93.77417    0.00005   -0.00003     4.4369     4.4581     4.3723     4.3729    34.9607    34.9597    27.7151    27.7142    1495.94    192.810    193.728         31 0.0000e+00
      64782   2699.217   1279.145   1291.000     4.4793     4.4785   3.352152   3.352009     1.9391     1.6156     100.00   20.02020  -93.77154   -0.00010   -0.00023     4.4347     4.4546     4.3732     4.3724    34.9594    34.9586    27.7140    27.7134    1495.90    192.713    193.576         32 0.0000e+00
      65098   2712.394   1267.291   1279.000     4.5116     4.5125   3.354427   3.354436     1.9359     1.6122     100.00   20.02019  -93.77149   -0.00033   -0.00037     4.4122     4.4299     4.4063     4.4071    34.9581    34.9573    27.7093    27.7086    1495.90    191.735    192.503         32 0.0000e+00
      65497   2728.987   1252.473   1264.000     4.5355     4.5366   3.355885   3.355893     1.9294     1.6070     100.00   20.02043  -93.77255   -0.00033   -0.00017     4.3771     4.3979     4.4313     4.4324    34.9574    34.9563    27.7060    27.7050    1495.92    190.213    191.113         31 0.0000e+00
      65629   2734.521   1247.533   1259.000     4.5421     4.5427   3.356174   3.356153     1.9287     1.6059     100.00   20.02007  -93.77084   -0.00016   -0.00024     4.3710     4.3901     4.4383     4.4389    34.9563    34.9554    27.7043    27.7036    1495.89    189.945    190.778         35 0.0000e+00
      65765   2740.151   1242.594   1254.000     4.5452     4.5458   3.356268   3.356255     1.9281     1.6056      95.14   20.02041  -93.77248   -0.00005   -0.00003     4.3656     4.3855     4.4418     4.4424    34.9567    34.9558    27.7043    27.7036    1495.91    189.711    190.577         37 0.0000e+00
      65894   2745.536   1237.654   1249.000     4.5513     4.5509   3.356538   3.356413     1.9280     1.6056     100.00   20.02002  -93.77067    0.00001   -0.00007     4.3617     4.3821     4.4484     4.4479    34.9558    34.9548    27.7028    27.7021    1495.89    189.542    190.429         34 0.0000e+00
      66108   2754.444   1229.750   1241.000     4.5701     4.5703   3.357781   3.357731     1.9256     1.6031      97.84   20.01981  -93.76966   -0.00035   -0.00041     4.3464     4.3655     4.4677     4.4679    34.9546    34.9537    27.6997    27.6990    1495.87    188.878    189.706         31 0.0000e+00
      66213   2758.839   1225.798   1237.000     4.5730     4.5732   3.357957   3.357903     1.9248     1.6025      99.46   20.02042  -93.77249   -0.00021   -0.00021     4.3407     4.3606     4.4710     4.4711    34.9555    34.9547    27.7001    27.6995    1495.91    188.629    189.497         34 0.0000e+00
      66346   2764.394   1220.858   1232.000     4.5778     4.5780   3.358115   3.358060     1.9244     1.6027     100.00   20.02021  -93.77152   -0.00003    0.00009     4.3358     4.3579     4.4762     4.4764    34.9548    34.9540    27.6990    27.6983    1495.90    188.419    189.377         32 0.0000e+00
      66506   2771.035   1214.929   1226.000     4.5977     4.5987   3.359599   3.359559     1.9228     1.6010     100.00   20.02017  -93.77135   -0.00034   -0.00018     4.3242     4.3454     4.4964     4.4974    34.9542    34.9527    27.6963    27.6950    1495.90    187.914    188.834         31 0.0000e+00
