GOMECC/GOMECC-4/1db/rb2103_0431.ros
* Sea-Bird SBE 9 Data File:
* FileName = C:\Users\scs.user.rb\CTD\GOMECC4\data\rb2103_0431.hex
* Software Version Seasave V 7.26.7.107
* Temperature SN = 4799
* Conductivity SN = 3860
* Number of Bytes Per Scan = 41
* Number of Voltage Words = 4
* Number of Scans Averaged by the Deck Unit = 1
* NMEA Latitude = 28 29.94 N
* NMEA Longitude = 090 00.00 W
* NMEA UTC (Time) = Sep 26 2021  07:09:27
* NMEA baud rate = 4800
# nquan = 17
# nvalues = 931                                   
# units = specified
# name 0 = scan: Scan Count
# name 1 = timeS: Time, Elapsed [seconds]
# name 2 = depSM: Depth [salt water, m]
# name 3 = prDM: Pressure, Digiquartz [db]
# name 4 = t090C: Temperature [ITS-90, deg C]
# name 5 = t190C: Temperature, 2 [ITS-90, deg C]
# name 6 = c0S/m: Conductivity [S/m]
# name 7 = c1S/m: Conductivity, 2 [S/m]
# name 8 = sbeox0V: Oxygen raw, SBE 43 [V]
# name 9 = sbeox1V: Oxygen raw, SBE 43, 2 [V]
# name 10 = altM: Altimeter [m]
# name 11 = latitude: Latitude [deg]
# name 12 = longitude: Longitude [deg]
# name 13 = sbox0dV/dT: Oxygen, SBE 43 [dov/dt]
# name 14 = sbox1dV/dT: Oxygen, SBE 43, 2 [dov/dt]
# name 15 = nbf: Bottles Fired
# name 16 = flag:  0.000e+00
# interval = seconds: 0.0416667
# start_time = Sep 26 2021 07:09:27 [NMEA time, header]
# bad_flag = -9.990e-29
*END*
[from data line 766]
      39251   1635.417      9.638      9.703    29.4708    29.3612   5.744521   5.718202     3.1477     2.6740      84.40   28.49944  -90.00024    0.00208    0.00182          6  0.000e+00
      39252   1635.458      9.661      9.726    29.4814    29.3606   5.746564   5.719387     3.1490     2.6740      84.40   28.49944  -90.00024    0.00207    0.00172          6  0.000e+00
      39253   1635.500      9.638      9.703    29.5015    29.3592   5.749991   5.720524     3.1477     2.6740      84.42   28.49944  -90.00024    0.00205    0.00161          6  0.000e+00
      39254   1635.542      9.661      9.726    29.5077    29.3615   5.753695   5.720858     3.1477     2.6740      84.40   28.49944  -90.00024    0.00201    0.00151          6  0.000e+00
      39255   1635.583      9.638      9.703    29.5119    29.3673   5.754520   5.721741     3.1477     2.6728      84.40   28.49944  -90.00024    0.00199    0.00138          6  0.000e+00
      39256   1635.625      9.714      9.779    29.5151    29.3773   5.752303   5.723084     3.1477     2.6728      84.40   28.49944  -90.00024    0.00198    0.00128          6  0.000e+00
      39257   1635.667      9.638      9.703    29.5121    29.3918   5.748859   5.724070     3.1477     2.6728      84.40   28.49944  -90.00024    0.00195    0.00117          6  0.000e+00
      39258   1635.708      9.714      9.779    29.4972    29.4007   5.743978   5.725025     3.1477     2.6728      84.40   28.49944  -90.00024    0.00193    0.00106          6  0.000e+00
      39259   1635.750      9.638      9.703    29.4713    29.3916   5.739932   5.727530     3.1490     2.6716      84.40   28.49944  -90.00024    0.00192    0.00093          6  0.000e+00
      39260   1635.792      9.714      9.779    29.4589    29.3990   5.738801   5.729901     3.1490     2.6716      84.40   28.49944  -90.00024    0.00190    0.00080          6  0.000e+00
      39261   1635.833      9.699      9.764    29.4595    29.4158   5.740836   5.729766     3.1490     2.6716      84.40   28.49944  -90.00024    0.00189    0.00067          6  0.000e+00
      39262   1635.875      9.714      9.779    29.4765    29.4359   5.744348   5.730458     3.1490     2.6716      84.40   28.49944  -90.00024    0.00188    0.00054          6  0.000e+00
      39263   1635.917      9.699      9.764    29.4965    29.4582   5.747609   5.734627     3.1490     2.6728      84.40   28.49944  -90.00024    0.00186    0.00044          6  0.000e+00
      39264   1635.958      9.714      9.779    29.4989    29.4747   5.748953   5.740391     3.1490     2.6728      84.40   28.49944  -90.00024    0.00184    0.00033          6  0.000e+00
      39265   1636.000      9.699      9.764    29.4935    29.5033   5.748395   5.747671     3.1490     2.6728      84.40   28.49944  -90.00024    0.00182    0.00023          6  0.000e+00
      39266   1636.042      9.714      9.779    29.4978    29.5297   5.747649   5.754803     3.1490     2.6740      84.40   28.49944  -90.00024    0.00180    0.00015          6  0.000e+00
      39267   1636.083      9.751      9.817    29.4969    29.5448   5.747845   5.760090     3.1490     2.6740      84.37   28.49944  -90.00024    0.00178    0.00007          6  0.000e+00
      39268   1636.125      9.714      9.779    29.4965    29.5613   5.748065   5.763678     3.1502     2.6740      84.37   28.49944  -90.00024    0.00176    0.00000          6  0.000e+00
      39269   1636.167      9.751      9.817    29.4828    29.5678   5.746611   5.765042     3.1502     2.6752      84.37   28.49944  -90.00024    0.00173   -0.00005          6  0.000e+00
      39270   1636.208      9.774      9.840    29.4741    29.5796   5.746226   5.766590     3.1490     2.6752      84.40   28.49944  -90.00024    0.00169   -0.00010          6  0.000e+00
      39271   1636.250      9.751      9.817    29.4880    29.5953   5.747790   5.769231     3.1502     2.6752      84.37   28.49944  -90.00024    0.00166   -0.00013          6  0.000e+00
      39272   1636.292      9.774      9.840    29.4961    29.6016   5.749111   5.771657     3.1502     2.6764      84.40   28.49944  -90.00024    0.00161   -0.00015          6  0.000e+00
      39273   1636.333      9.751      9.817    29.4963    29.6090   5.749590   5.773645     3.1514     2.6764      84.40   28.49944  -90.00024    0.00157   -0.00016          6  0.000e+00
      39274   1636.375      9.774      9.840    29.4957    29.6092   5.749842   5.774363     3.1526     2.6764      84.37   28.49944  -90.00024    0.00155   -0.00018          6  0.000e+00
      39275   1636.417      9.751      9.817    29.4952    29.6046   5.750494   5.774379     3.1514     2.6764      84.37   28.49944  -90.00024    0.00151   -0.00018          6  0.000e+00
      39276   1636.458      9.827      9.893    29.4959    29.6035   5.751540   5.774499     3.1526     2.6764      84.37   28.49944  -90.00024    0.00149   -0.00019          6  0.000e+00
      39277   1636.500      9.751      9.817    29.4974    29.6034   5.752334   5.774619     3.1526     2.6777      84.40   28.49944  -90.00024    0.00146   -0.00017          6  0.000e+00
      39278   1636.542      9.827      9.893    29.5077    29.6022   5.754552   5.774531     3.1526     2.6764      84.37   28.49944  -90.00024    0.00143   -0.00018          6  0.000e+00
      39279   1636.583      9.812      9.878    29.5388    29.6027   5.758988   5.774706     3.1526     2.6777      84.37   28.49944  -90.00024    0.00139   -0.00016          6  0.000e+00
      39280   1636.625      9.774      9.840    29.5610    29.6053   5.762363   5.774994     3.1526     2.6777      84.37   28.49944  -90.00024    0.00135   -0.00013          6  0.000e+00
      39281   1636.667      9.812      9.878    29.5625    29.6046   5.762961   5.774339     3.1538     2.6777      84.40   28.49944  -90.00024    0.00131   -0.00011          6  0.000e+00
      39282   1636.708      9.827      9.893    29.5572    29.5921   5.763740   5.772727     3.1538     2.6777      84.37   28.49944  -90.00024    0.00126   -0.00010          6  0.000e+00
      41458   1727.375      3.830      3.856    27.8988    27.9847   5.371685   5.390692     3.0635     2.6081      89.96   28.49948  -90.00026   -0.00193   -0.00171          7  0.000e+00
      41459   1727.417      4.011      4.038    27.8975    27.9689   5.371418   5.386290     3.0635     2.6081      89.94   28.49948  -90.00026   -0.00189   -0.00162          7  0.000e+00
      41460   1727.458      4.049      4.076    27.8964    27.9200   5.371143   5.379070     3.0647     2.6093      89.96   28.49948  -90.00026   -0.00184   -0.00150          7  0.000e+00
      41461   1727.500      4.064      4.091    27.8953    27.8769   5.371021   5.372117     3.0647     2.6093      89.94   28.49948  -90.00026   -0.00178   -0.00139          7  0.000e+00
      41462   1727.542      4.177      4.205    27.8957    27.8588   5.370914   5.366506     3.0647     2.6093      89.94   28.49948  -90.00026   -0.00170   -0.00128          7  0.000e+00
      41463   1727.583      3.936      3.962    27.8955    27.8461   5.370776   5.361926     3.0647     2.6093      89.94   28.49948  -90.00026   -0.00162   -0.00117          7  0.000e+00
      41464   1727.625      4.011      4.038    27.8944    27.8471   5.370501   5.360101     3.0647     2.6093      89.94   28.49948  -90.00026   -0.00154   -0.00107          7  0.000e+00
      41465   1727.667      4.049      4.076    27.8940    27.8511   5.370242   5.361694     3.0659     2.6093      89.94   28.49948  -90.00026   -0.00144   -0.00097          7  0.000e+00
      41466   1727.708      4.064      4.091    27.8928    27.8572   5.369997   5.363775     3.0659     2.6093      89.94   28.49948  -90.00026   -0.00134   -0.00087          7  0.000e+00
      41467   1727.750      4.064      4.091    27.8901    27.8660   5.369608   5.363961     3.0659     2.6093      89.94   28.49948  -90.00026   -0.00124   -0.00078          7  0.000e+00
      41468   1727.792      4.049      4.076    27.8873    27.8625   5.369326   5.363659     3.0659     2.6093      89.94   28.49948  -90.00026   -0.00114   -0.00068          7  0.000e+00
      41469   1727.833      4.011      4.038    27.8857    27.8621   5.369058   5.363326     3.0672     2.6093      89.94   28.49948  -90.00026   -0.00100   -0.00058          7  0.000e+00
      41470   1727.875      4.064      4.091    27.8818    27.8578   5.368776   5.362870     3.0659     2.6093      89.94   28.49948  -90.00026   -0.00088   -0.00048          7  0.000e+00
      41471   1727.917      4.049      4.076    27.8767    27.8473   5.368257   5.361439     3.0672     2.6093      89.94   28.49948  -90.00026   -0.00076   -0.00038          7  0.000e+00
      41472   1727.958      4.124      4.152    27.8740    27.8349   5.367379   5.359135     3.0672     2.6093      89.94   28.49948  -90.00026   -0.00065   -0.00030          7  0.000e+00
      41473   1728.000      4.049      4.076    27.8776    27.8276   5.366058   5.357488     3.0672     2.6081      89.94   28.49948  -90.00026   -0.00053   -0.00024          7  0.000e+00
      41474   1728.042      4.124      4.152    27.8805    27.8284   5.364432   5.357124     3.0672     2.6081      89.91   28.49948  -90.00026   -0.00041   -0.00017          7  0.000e+00
      41475   1728.083      4.064      4.091    27.8771    27.8328   5.362783   5.356869     3.0672     2.6081      89.89   28.49948  -90.00026   -0.00029   -0.00011          7  0.000e+00
      41476   1728.125      4.162      4.190    27.8727    27.8260   5.362028   5.356220     3.0672     2.6093      89.87   28.49948  -90.00026   -0.00017   -0.00004          7  0.000e+00
      41477   1728.167      4.064      4.091    27.8718    27.8209   5.362325   5.355555     3.0672     2.6081      89.87   28.49948  -90.00026   -0.00005    0.00002          7  0.000e+00
      41478   1728.208      4.109      4.137    27.8704    27.8234   5.363157   5.355508     3.0672     2.6093      89.87   28.49948  -90.00026    0.00005    0.00009          7  0.000e+00
      41479   1728.250      4.177      4.205    27.8655    27.8234   5.363661   5.355508     3.0672     2.6081      89.87   28.49948  -90.00026    0.00015    0.00013          7  0.000e+00
      41480   1728.292      4.124      4.152    27.8562    27.8179   5.363478   5.355532     3.0672     2.6081      89.87   28.49948  -90.00026    0.00025    0.00018          7  0.000e+00
      41481   1728.333      4.162      4.190    27.8552    27.8264   5.362791   5.355702     3.0684     2.6093      89.87   28.49948  -90.00026    0.00037    0.00025          7  0.000e+00
      41482   1728.375      4.177      4.205    27.8488    27.8351   5.361814   5.355493     3.0684     2.6093      89.87   28.49948  -90.00026    0.00047    0.00031          7  0.000e+00
      41483   1728.417      4.124      4.152    27.8436    27.8399   5.362036   5.355037     3.0684     2.6093      89.89   28.49948  -90.00026    0.00057    0.00037          7  0.000e+00
      41484   1728.458      4.162      4.190    27.8443    27.8417   5.362456   5.355083     3.0684     2.6093      89.87   28.49948  -90.00026    0.00067    0.00044          7  0.000e+00
      41485   1728.500      4.177      4.205    27.8474    27.8409   5.362440   5.355763     3.0672     2.6093      89.89   28.49948  -90.00026    0.00075    0.00050          7  0.000e+00
      41486   1728.542      4.215      4.244    27.8487    27.8404   5.362318   5.356382     3.0672     2.6093      89.89   28.49948  -90.00026    0.00082    0.00056          7  0.000e+00
      41487   1728.583      4.177      4.206    27.8509    27.8348   5.361708   5.356189     3.0672     2.6093      89.87   28.49948  -90.00026    0.00090    0.00064          7  0.000e+00
      41488   1728.625      4.230      4.259    27.8430    27.8292   5.359991   5.355771     3.0672     2.6093      89.87   28.49948  -90.00026    0.00098    0.00072          7  0.000e+00
      41489   1728.667      4.162      4.190    27.8327    27.8302   5.357999   5.355702     3.0672     2.6081      89.87   28.49948  -90.00026    0.00105    0.00077          7  0.000e+00
      41490   1728.708      4.230      4.259    27.8207    27.8338   5.356306   5.355586     3.0672     2.6081      89.89   28.49948  -90.00026    0.00113    0.00083          7  0.000e+00
      41491   1728.750      4.215      4.244    27.8198    27.8322   5.355398   5.355207     3.0672     2.6081      89.87   28.49948  -90.00026    0.00120    0.00089          7  0.000e+00
      41492   1728.792      4.177      4.206    27.8287    27.8312   5.354902   5.354859     3.0672     2.6081      89.87   28.49948  -90.00026    0.00130    0.00096          7  0.000e+00
      41493   1728.833      4.291      4.320    27.8310    27.8339   5.354124   5.354673     3.0672     2.6081      89.87   28.49948  -90.00026    0.00137    0.00102          7  0.000e+00
      41494   1728.875      4.215      4.244    27.8169    27.8360   5.353370   5.354287     3.0672     2.6068      89.89   28.49948  -90.00026    0.00144    0.00107          7  0.000e+00
      41495   1728.917      4.230      4.259    27.8077    27.8268   5.352455   5.353228     3.0672     2.6068      89.87   28.49948  -90.00026    0.00151    0.00110          7  0.000e+00
      41496   1728.958      4.215      4.244    27.8083    27.8188   5.351372   5.352587     3.0672     2.6068      89.87   28.49948  -90.00026    0.00159    0.00115          7  0.000e+00
      41497   1729.000      4.291      4.320    27.8079    27.8207   5.350632   5.352641     3.0659     2.6068      89.87   28.49948  -90.00026    0.00164    0.00118          7  0.000e+00
      41498   1729.042      4.230      4.259    27.8130    27.8234   5.350502   5.352927     3.0659     2.6068      89.84   28.49948  -90.00026    0.00167    0.00121          7  0.000e+00
      41499   1729.083      4.276      4.304    27.8130    27.8303   5.350556   5.353406     3.0647     2.6068      89.79   28.49948  -90.00026    0.00169    0.00124          7  0.000e+00
      41500   1729.125      4.230      4.259    27.8107    27.8359   5.350357   5.353746     3.0647     2.6068      89.82   28.49948  -90.00026    0.00171    0.00127          7  0.000e+00
      41501   1729.167      4.291      4.320    27.8065    27.8305   5.350327   5.353413     3.0647     2.6068      89.82   28.49948  -90.00026    0.00172    0.00129          7  0.000e+00
      41502   1729.208      4.276      4.304    27.8065    27.8254   5.350441   5.352378     3.0647     2.6068      89.82   28.49948  -90.00026    0.00174    0.00130          7  0.000e+00
      41503   1729.250      4.230      4.259    27.8081    27.8155   5.350571   5.350809     3.0647     2.6068      89.82   28.49948  -90.00026    0.00176    0.00131          7  0.000e+00
      41504   1729.292      4.276      4.304    27.8114    27.8013   5.350777   5.349426     3.0647     2.6068      89.79   28.49948  -90.00026    0.00177    0.00133          7  0.000e+00
      41505   1729.333      4.291      4.320    27.8119    27.7939   5.350861   5.348808     3.0635     2.6081      89.82   28.49948  -90.00026    0.00177    0.00136          7  0.000e+00
      41506   1729.375      4.230      4.259    27.8125    27.7944   5.350777   5.348607     3.0635     2.6081      89.82   28.49948  -90.00026    0.00177    0.00139          7  0.000e+00
      41507   1729.417      4.328      4.358    27.8158    27.8001   5.350746   5.348638     3.0635     2.6081      89.82   28.49948  -90.00026    0.00175    0.00141          7  0.000e+00
      41508   1729.458      4.230      4.259    27.8163    27.8040   5.350807   5.348761     3.0635     2.6081      89.79   28.49948  -90.00026    0.00172    0.00144          7  0.000e+00
      41509   1729.500      4.276      4.304    27.8137    27.8016   5.350967   5.348561     3.0635     2.6081      89.82   28.49948  -90.00026    0.00172    0.00145          7  0.000e+00
      41510   1729.542      4.291      4.320    27.8114    27.7949   5.351074   5.347981     3.0635     2.6081      89.82   28.49948  -90.00026    0.00172    0.00146          7  0.000e+00
