GOMECC/GOMECC-4/1db/rb2103_0231.cnv
* Sea-Bird SBE 9 Data File:
* FileName = C:\Users\scs.user.rb\CTD\GOMECC4\data\rb2103_0231.hex
* Software Version Seasave V 7.26.7.107
* Temperature SN = 4799
* Conductivity SN = 3860
* Number of Bytes Per Scan = 41
* Number of Voltage Words = 4
* Number of Scans Averaged by the Deck Unit = 1
* NMEA Latitude = 28 51.94 N
* NMEA Longitude = 085 55.30 W
* NMEA UTC (Time) = Sep 21 2021  03:02:09
* NMEA baud rate = 4800
# nquan = 28
# nvalues = 354                         
# units = specified
# name 0 = scan: Scan Count
# name 1 = timeS: Time, Elapsed [seconds]
# name 2 = depSM: Depth [salt water, m]
# name 3 = prDM: Pressure, Digiquartz [db]
# name 4 = t090C: Temperature [ITS-90, deg C]
# name 5 = t190C: Temperature, 2 [ITS-90, deg C]
# name 6 = c0S/m: Conductivity [S/m]
# name 7 = c1S/m: Conductivity, 2 [S/m]
# name 8 = sbeox0V: Oxygen raw, SBE 43 [V]
# name 9 = sbeox1V: Oxygen raw, SBE 43, 2 [V]
# name 10 = altM: Altimeter [m]
# name 11 = latitude: Latitude [deg]
# name 12 = longitude: Longitude [deg]
# name 13 = sbox0dV/dT: Oxygen, SBE 43 [dov/dt]
# name 14 = sbox1dV/dT: Oxygen, SBE 43, 2 [dov/dt]
# name 15 = sbeox0ML/L: Oxygen, SBE 43 [ml/l], WS = 5
# name 16 = sbeox1ML/L: Oxygen, SBE 43, 2 [ml/l], WS = 5
# name 17 = potemp090C: Potential Temperature [ITS-90, deg C]
# name 18 = potemp190C: Potential Temperature, 2 [ITS-90, deg C]
# name 19 = sal00: Salinity, Practical [PSU]
# name 20 = sal11: Salinity, Practical, 2 [PSU]
# name 21 = sigma-é00: Density [sigma-theta, kg/m^3]
# name 22 = sigma-é11: Density, 2 [sigma-theta, kg/m^3]
# name 23 = avgsvCM: Average Sound Velocity [Chen-Millero, m/s], minP = 20, minS = 20
# name 24 = sbox0Mm/Kg: Oxygen, SBE 43 [umol/kg], WS = 5
# name 25 = sbox1Mm/Kg: Oxygen, SBE 43, 2 [umol/kg], WS = 5
# name 26 = nbin: number of scans per bin
# name 27 = flag: flag
# span 0 =      21061,      67767       
# span 1 =    877.497,   2823.570       
# span 2 =      1.986,    245.195       
# span 3 =      2.000,    247.000       
# span 4 =    12.2038,    28.9328       
# span 5 =    12.2064,    28.9534       
# span 6 =   4.084020,   5.782293       
# span 7 =   4.084286,   5.782622       
# span 8 =     1.6770,     3.1373       
# span 9 =     1.3770,     2.6662       
# span 10 =      11.22,     100.82      
# span 11 =   28.85678,   29.05426      
# span 12 =  -86.50484,  -85.91560      
# span 13 =   -0.02971,    0.01900      
# span 14 =   -0.02741,    0.01817      
# span 15 =     2.4858,     4.4300      
# span 16 =     2.5216,     4.4626      
# span 17 =    12.1710,    28.9244      
# span 18 =    12.1748,    28.9449      
# span 19 =    34.6754,    36.5621      
# span 20 =    34.6766,    36.5629      
# span 21 =    21.9970,    26.9632      
# span 22 =    21.9975,    26.9628      
# span 23 =       0.00,    1557.58      
# span 24 =    108.100,    193.292      
# span 25 =    109.659,    194.540      
# span 26 =         30,         70      
# span 27 = 0.0000e+00, 0.0000e+00      
# interval = decibars: 1                
# start_time = Sep 21 2021 03:02:09 [NMEA time, header]
# bad_flag = -9.990e-29
*END*
[from data line 259]
      45611   1900.424    130.079    131.000    16.8967    16.9058   4.629193   4.630947     2.0092     1.6749     100.05   28.85982  -85.92512    0.00071    0.00003     2.9618     2.9899    16.8751    16.8847    36.2623    36.2670    26.5135    26.5145    1521.23    128.858    130.078         45 0.0000e+00
      45666   1902.726    129.086    130.000    16.9570    16.9929   4.635839   4.640189     2.0004     1.6518      99.99   28.85982  -85.92512   -0.00126   -0.00511     2.9376     2.9262    16.9354    16.9713    36.2659    36.2717    26.5019    26.4977    1521.23    127.805    127.309         68 0.0000e+00
      45727   1905.262    128.094    129.000    17.0059    17.0393   4.641835   4.645474     1.9765     1.6295      99.99   28.85982  -85.92512   -0.00831   -0.01129     2.8789     2.8672    16.9844    17.0178    36.2749    36.2766    26.4970    26.4903    1521.23    125.255    124.745         51 0.0000e+00
      45785   1907.664    127.101    128.000    17.1142    17.0989   4.653524   4.652264     1.9667     1.6219      90.65   28.85982  -85.92510   -0.00619   -0.00417     2.8501     2.8443    17.0929    17.0775    36.2800    36.2828    26.4749    26.4807    1521.23    124.000    123.750         63 0.0000e+00
      45838   1909.896    126.108    127.000    17.1961    17.2549   4.663651   4.670719     1.9531     1.6204      80.45   28.85982  -85.92510   -0.00587   -0.00217     2.8133     2.8310    17.1748    17.2336    36.2952    36.3041    26.4668    26.4593    1521.23    122.401    123.173         45 0.0000e+00
      45897   1912.348    125.116    126.000    17.3118    17.3806   4.677373   4.685390     1.9545     1.6278      99.78   28.85982  -85.92510   -0.00147    0.00180     2.8089     2.8419    17.2906    17.3593    36.3113    36.3194    26.4511    26.4406    1521.23    122.214    123.651         69 0.0000e+00
      45960   1914.945    124.123    125.000    17.4314    17.5322   4.691355   4.701782     1.9590     1.6356      69.80   28.85982  -85.92510    0.00164    0.00326     2.8117     2.8522    17.4103    17.5110    36.3258    36.3261    26.4330    26.4087    1521.23    122.337    124.102         48 0.0000e+00
      46010   1917.026    123.130    124.000    17.8265    17.9105   4.737815   4.748736     1.9847     1.6571      99.23   28.85982  -85.92510    0.00582    0.00595     2.8437     2.8820    17.8052    17.8898    36.3748    36.3872    26.3738    26.3607    1521.23    123.734    125.406         57 0.0000e+00
      46069   1919.508    122.137    123.000    17.8594    17.9878   4.741128   4.758419     2.0017     1.6770     100.00   28.85982  -85.92510    0.01059    0.01015     2.8785     2.9259    17.8382    17.9666    36.3786    36.4049    26.3686    26.3572    1521.23    125.253    127.313         58 0.0000e+00
      46131   1922.073    121.145    122.000    17.9074    18.0712   4.749213   4.769512     2.0081     1.6900      99.97   28.85982  -85.92508    0.00363    0.00579     2.8922     2.9539    17.8878    18.0500    36.4002    36.4299    26.3729    26.3553    1521.23    125.848    128.535         64 0.0000e+00
      46186   1924.383    120.152    121.000    18.1375    18.2076   4.775703   4.783374     2.0187     1.7000     100.00   28.85982  -85.92508    0.00324    0.00469     2.9023     2.9698    18.1145    18.1868    36.4180    36.4305    26.3301    26.3225    1521.23    126.290    129.229         49 0.0000e+00
      46240   1926.645    119.159    120.000    18.2631    18.3012   4.790687   4.795184     2.0464     1.7195     100.00   28.85982  -85.92508    0.00938    0.00704     2.9537     3.0111    18.2421    18.2802    36.4407    36.4457    26.3156    26.3098    1521.23    128.532    131.031         63 0.0000e+00
      46302   1929.226    118.167    119.000    18.2713    18.3443   4.791943   4.800131     2.0608     1.7292     100.00   28.85982  -85.92508    0.00804    0.00531     2.9862     3.0325    18.2508    18.3234    36.4446    36.4499    26.3163    26.3022    1521.23    129.942    131.961         56 0.0000e+00
      46359   1931.590    117.174    118.000    18.3591    18.3907   4.800575   4.805162     2.0666     1.7320      71.35   28.85982  -85.92508    0.00282    0.00174     2.9935     3.0356    18.3384    18.3700    36.4409    36.4517    26.2915    26.2918    1521.23    130.264    132.096         60 0.0000e+00
      46417   1934.009    116.181    117.000    18.4191    18.4046   4.807449   4.806325     2.0697     1.7316     100.36   28.85982  -85.92508    0.00202    0.00039     2.9966     3.0334    18.3989    18.3840    36.4463    36.4500    26.2804    26.2869    1521.23    130.399    132.003         54 0.0000e+00
      46472   1936.305    115.188    116.000    18.4674    18.4716   4.812518   4.813425     2.0678     1.7266      99.94   28.85982  -85.92508   -0.00003   -0.00126     2.9889     3.0170    18.4470    18.4511    36.4473    36.4513    26.2690    26.2710    1521.23    130.067    131.289         59 0.0000e+00
      46534   1938.881    114.196    115.000    18.5031    18.5080   4.816552   4.817117     2.0581     1.7193      74.95   28.85982  -85.92508   -0.00316   -0.00312     2.9645     2.9968    18.4828    18.4878    36.4503    36.4508    26.2622    26.2613    1521.23    129.005    130.412         61 0.0000e+00
      50942   2122.562    103.276    104.000    19.5845    19.5617   4.940304   4.937945     2.1347     1.7858      93.27   28.85714  -85.91733   -0.00029   -0.00052     3.0611     3.0898    19.5654    19.5426    36.5440    36.5426    26.0547    26.0595    1521.09    133.239    134.485         53 0.0000e+00
      50998   2124.883    102.283    103.000    19.5926    19.5574   4.941326   4.938145     2.1331     1.7848      82.24   28.85970  -85.92496   -0.00104   -0.00042     3.0567     3.0867    19.5737    19.5389    36.5447    36.5459    26.0532    26.0623    1521.23    133.045    134.350         51 0.0000e+00
      51056   2127.306    101.290    102.000    19.6064    19.6345   4.942776   4.945549     2.1321     1.7855      99.92   28.85969  -85.92495   -0.00051   -0.00030     3.0535     3.0843    19.5876    19.6157    36.5450    36.5435    26.0498    26.0413    1521.23    132.906    134.251         63 0.0000e+00
      51116   2129.788    100.297    101.000    19.6771    19.6937   4.950590   4.952480     2.1352     1.7913      99.89   28.85968  -85.92494    0.00049    0.00226     3.0562     3.0940    19.6585    19.6751    36.5485    36.5497    26.0338    26.0304    1521.23    133.027    134.672         51 0.0000e+00
      51158   2131.557     99.304    100.000    19.7375    19.7472   4.957115   4.958379     2.1394     1.7933     100.00   28.85968  -85.92494    0.00192    0.00153     3.0604     3.0954    19.7190    19.7287    36.5503    36.5522    26.0192    26.0182    1521.23    133.213    134.735         42 0.0000e+00
      51219   2134.077     98.311     99.000    19.7949    19.8378   4.963848   4.968505     2.1453     1.8004      75.50   28.85968  -85.92494    0.00242    0.00247     3.0690     3.1065    19.7766    19.8195    36.5563    36.5574    26.0086    25.9982    1521.23    133.589    135.220         59 0.0000e+00
      51276   2136.449     97.319     98.000    19.8577    19.8396   4.969467   4.968977     2.1475     1.8007      99.39   28.85968  -85.92493    0.00135    0.00084     3.0700     3.1062    19.8395    19.8214    36.5484    36.5587    25.9860    25.9986    1521.23    133.632    135.208         44 0.0000e+00
      51327   2138.572     96.326     97.000    19.9054    19.9199   4.974112   4.975478     2.1523     1.8047      99.99   28.85968  -85.92492    0.00163    0.00107     3.0768     3.1114    19.8874    19.9019    36.5456    36.5443    25.9712    25.9663    1521.23    133.933    135.440         60 0.0000e+00
      51381   2140.850     95.333     96.000    19.9634    19.9224   4.978967   4.976596     2.1552     1.8053      73.42   28.85968  -85.92492    0.00153    0.00068     3.0791     3.1107    19.9432    19.9046    36.5375    36.5488    25.9502    25.9690    1521.23    134.036    135.408         48 0.0000e+00
      51435   2143.099     94.340     95.000    20.0268    20.0670   4.986887   4.991158     2.1624     1.8119      99.70   28.85968  -85.92492    0.00250    0.00174     3.0904     3.1189    20.0091    20.0492    36.5462    36.5464    25.9393    25.9288    1521.23    134.527    135.772         61 0.0000e+00
      51495   2145.573     93.347     94.000    20.0784    20.1148   4.991159   4.995453     2.1683     1.8220     100.00   28.85968  -85.92492    0.00259    0.00372     3.0994     3.1401    20.0609    20.0972    36.5382    36.5413    25.9194    25.9120    1521.23    134.922    136.695         54 0.0000e+00
      51546   2147.714     92.354     93.000    20.2096    20.2266   5.005138   5.006651     2.1791     1.8327     100.00   28.85967  -85.92492    0.00337    0.00477     3.1142     3.1579    20.1922    20.2092    36.5383    36.5360    25.8844    25.8781    1521.23    135.571    137.474         52 0.0000e+00
      51600   2149.941     91.362     92.000    20.2820    20.3167   5.012577   5.016827     2.1935     1.8468     100.00   28.85966  -85.92490    0.00645    0.00572     3.1403     3.1851    20.2647    20.2995    36.5370    36.5419    25.8640    25.8584    1521.23    136.709    138.661         53 0.0000e+00
      51655   2152.241     90.369     91.000    20.3158    20.3591   5.016896   5.020834     2.2032     1.8542     100.00   28.85966  -85.92490    0.00518    0.00464     3.1583     3.1997    20.2986    20.3419    36.5436    36.5383    25.8599    25.8443    1521.23    137.496    139.299         63 0.0000e+00
      51716   2154.802     89.376     90.000    20.3788    20.4599   5.021844   5.027935     2.2113     1.8637     100.00   28.85966  -85.92490    0.00315    0.00286     3.1728     3.2177    20.3618    20.4429    36.5311    36.5217    25.8334    25.8044    1521.23    138.127    140.088         50 0.0000e+00
      51760   2156.643     88.383     89.000    20.5307    20.5422   5.036474   5.038012     2.2254     1.8795     100.00   28.85966  -85.92490    0.00467    0.00580     3.1918     3.2473    20.5139    20.5254    36.5186    36.5216    25.7829    25.7820    1521.23    138.962    141.380         47 0.0000e+00
      51819   2159.082     87.390     88.000    20.5522    20.5745   5.038779   5.041171     2.2490     1.8969     100.00   28.85966  -85.92490    0.00974    0.00839     3.2400     3.2856    20.5355    20.5578    36.5192    36.5195    25.7775    25.7717    1521.23    141.062    143.050         66 0.0000e+00
      51878   2161.549     86.397     87.000    20.5248    20.6492   5.036122   5.046872     2.2553     1.9018     100.00   28.85966  -85.92490    0.00478    0.00308     3.2534     3.2915    20.5083    20.6327    36.5203    36.5019    25.7857    25.7380    1521.23    141.645    143.308         51 0.0000e+00
      51926   2163.555     85.405     86.000    20.7763    20.7711   5.059602   5.059228     2.2707     1.9207     100.00   28.85966  -85.92488    0.00393    0.00551     3.2759     3.3323    20.7599    20.7549    36.4965    36.4962    25.6993    25.6994    1521.23    142.634    145.093         50 0.0000e+00
      51983   2165.932     84.412     85.000    20.7989    20.8334   5.061733   5.065374     2.3028     1.9438     100.00   28.85966  -85.92488    0.01257    0.00985     3.3370     3.3780    20.7826    20.8171    36.4948    36.4947    25.6918    25.6824    1521.23    145.299    147.084         60 0.0000e+00
      52039   2168.265     83.419     84.000    20.9308    20.9758   5.074783   5.079148     2.3170     1.9600     100.00   28.85965  -85.92488    0.00821    0.00740     3.3582     3.4063    20.9147    20.9596    36.4877    36.4845    25.6503    25.6356    1521.23    146.228    148.324         53 0.0000e+00
      52094   2170.558     82.426     83.000    21.1325    21.1894   5.093201   5.097683     2.3562     2.0021      95.50   28.85964  -85.92488    0.01204    0.01332     3.4276     3.4905    21.1165    21.1733    36.4642    36.4518    25.5771    25.5520    1521.23    149.257    152.001         56 0.0000e+00
      52149   2172.833     81.433     82.000    21.2352    21.2500   5.100618   5.103393     2.3959     2.0354     100.00   28.85964  -85.92488    0.01900    0.01817     3.5037     3.5629    21.2193    21.2341    36.4368    36.4464    25.5279    25.5312    1521.23    152.580    155.156         53 0.0000e+00
      52202   2175.021     80.440     81.000    21.2864    21.3827   5.106502   5.115539     2.4188     2.0632      99.94   28.85964  -85.92487    0.01292    0.01217     3.5476     3.6177    21.2707    21.3669    36.4398    36.4314    25.5160    25.4829    1521.23    154.492    157.553         53 0.0000e+00
      52257   2177.351     79.447     80.000    21.2932    21.4116   5.106723   5.118139     2.4381     2.0828     100.00   28.85964  -85.92486    0.00956    0.01097     3.5866     3.6605    21.2775    21.3959    36.4374    36.4280    25.5123    25.4724    1521.23    156.194    159.418         57 0.0000e+00
      54463   2269.233     72.497     73.000    22.5916    22.6020   5.234296   5.235367     2.7533     2.3499     100.10   28.88703  -86.00651    0.00330    0.00457     4.1388     4.1807    22.5768    22.5873    36.3647    36.3587    25.0939    25.0856    1522.68    180.316    182.144         46 0.0000e+00
      54464   2269.300     71.504     72.000    22.8934    22.9698   5.259093   5.269526     2.7746     2.3779      90.04   28.85958  -85.92478    0.00640    0.00867     4.1599     4.2165    22.8787    22.9550    36.2998    36.3174    24.9548    24.9461    1521.23    181.259    183.727         54 0.0000e+00
      54512   2271.278     70.511     71.000    23.0017    23.0251   5.271606   5.274512     2.8114     2.4071      99.84   28.85957  -85.92478    0.01675    0.01718     4.2265     4.2772    22.9871    23.0105    36.3077    36.3108    24.9295    24.9251    1521.23    184.163    186.374         46 0.0000e+00
      54564   2273.468     69.518     70.000    23.2438    23.2501   5.293437   5.294815     2.8233     2.4168     100.00   28.85956  -85.92478    0.01061    0.00688     4.2302     4.2819    23.2293    23.2356    36.2770    36.2825    24.8358    24.8380    1521.23    184.344    186.597         55 0.0000e+00
      54614   2275.539     68.525     69.000    23.3569    23.4705   5.307255   5.317996     2.8528     2.4486      99.90   28.85956  -85.92476    0.00979    0.01027     4.2787     4.3343    23.3426    23.4561    36.2908    36.2800    24.8131    24.7717    1521.23    186.461    188.890         48 0.0000e+00
      54666   2277.711     67.532     68.000    23.6032    23.7513   5.330533   5.345286     2.8633     2.4653     100.00   28.85956  -85.92476    0.00935    0.01179     4.2810     4.3507    23.5890    23.7371    36.2677    36.2593    24.7232    24.6732    1521.23    186.575    189.622         55 0.0000e+00
      54719   2279.912     66.539     67.000    23.8134    23.8203   5.351414   5.351465     2.8875     2.4691     100.00   28.85956  -85.92476    0.00794    0.00416     4.3114     4.3534    23.7994    23.8062    36.2557    36.2505    24.6520    24.6460    1521.23    187.917    189.747         50 0.0000e+00
      54768   2281.941     65.546     66.000    23.9082    23.9346   5.360876   5.364132     2.9028     2.4779     100.00   28.85956  -85.92476    0.00995    0.00216     4.3343     4.3634    23.8943    23.9207    36.2492    36.2541    24.6189    24.6148    1521.23    188.917    190.189         49 0.0000e+00
      54821   2284.162     64.553     65.000    24.0752    24.0617   5.377781   5.376586     2.9188     2.4928     100.00   28.85956  -85.92476    0.00726    0.00632     4.3537     4.3858    24.0614    24.0480    36.2438    36.2456    24.5650    24.5704    1521.23    189.774    191.174         55 0.0000e+00
