GOMECC/GOMECC-4/1db/rb2103_0551.ros
* Sea-Bird SBE 9 Data File:
* FileName = C:\Users\scs.user.rb\CTD\GOMECC4\data\rb2103_0551.hex
* Software Version Seasave V 7.26.7.107
* Temperature SN = 4799
* Conductivity SN = 3860
* Number of Bytes Per Scan = 41
* Number of Voltage Words = 4
* Number of Scans Averaged by the Deck Unit = 1
* NMEA Latitude = 27 38.90 N
* NMEA Longitude = 094 59.93 W
* NMEA UTC (Time) = Sep 28 2021  16:15:21
* NMEA baud rate = 4800
# nquan = 17
# nvalues = 2660                                  
# units = specified
# name 0 = scan: Scan Count
# name 1 = timeS: Time, Elapsed [seconds]
# name 2 = depSM: Depth [salt water, m]
# name 3 = prDM: Pressure, Digiquartz [db]
# name 4 = t090C: Temperature [ITS-90, deg C]
# name 5 = t190C: Temperature, 2 [ITS-90, deg C]
# name 6 = c0S/m: Conductivity [S/m]
# name 7 = c1S/m: Conductivity, 2 [S/m]
# name 8 = sbeox0V: Oxygen raw, SBE 43 [V]
# name 9 = sbeox1V: Oxygen raw, SBE 43, 2 [V]
# name 10 = altM: Altimeter [m]
# name 11 = latitude: Latitude [deg]
# name 12 = longitude: Longitude [deg]
# name 13 = sbox0dV/dT: Oxygen, SBE 43 [dov/dt]
# name 14 = sbox1dV/dT: Oxygen, SBE 43, 2 [dov/dt]
# name 15 = nbf: Bottles Fired
# name 16 = flag:  0.000e+00
# interval = seconds: 0.0416667
# start_time = Sep 28 2021 16:15:21 [NMEA time, header]
# bad_flag = -9.990e-29
*END*
[from data line 1873]
      72339   3014.083     44.859     45.163    28.1265    28.1196   5.801206   5.801078     3.2295     2.7521     100.00   27.64742  -94.99768   -0.00181    0.00018         15  0.000e+00
      72340   3014.125     44.905     45.209    28.1290    28.1225   5.801442   5.801406     3.2295     2.7521     100.00   27.64742  -94.99768   -0.00180    0.00024         15  0.000e+00
      72341   3014.167     44.852     45.156    28.1251    28.1310   5.801592   5.801829     3.2308     2.7521     100.00   27.64742  -94.99768   -0.00176    0.00031         15  0.000e+00
      72342   3014.208     44.852     45.156    28.1228    28.1389   5.801632   5.802181     3.2308     2.7509     100.00   27.64742  -94.99768   -0.00172    0.00036         15  0.000e+00
      72343   3014.250     44.859     45.164    28.1285    28.1420   5.801742   5.802661     3.2308     2.7521     100.00   27.64742  -94.99768   -0.00167    0.00042         15  0.000e+00
      72344   3014.292     44.852     45.156    28.1318    28.1421   5.801734   5.802821     3.2308     2.7521     100.00   27.64742  -94.99768   -0.00163    0.00047         15  0.000e+00
      72345   3014.333     44.905     45.209    28.1311    28.1395   5.801758   5.802765     3.2320     2.7521     100.00   27.64742  -94.99768   -0.00156    0.00053         15  0.000e+00
      72346   3014.375     44.792     45.095    28.1310    28.1452   5.801884   5.803165     3.2320     2.7509     100.00   27.64742  -94.99768   -0.00150    0.00058         15  0.000e+00
      72347   3014.417     44.920     45.224    28.1324    28.1562   5.802090   5.804133     3.2320     2.7509     100.00   27.64742  -94.99768   -0.00144    0.00062         15  0.000e+00
      72348   3014.458     44.852     45.156    28.1352    28.1636   5.802153   5.804941     3.2320     2.7509     100.00   27.64742  -94.99768   -0.00137    0.00067         15  0.000e+00
      72349   3014.500     44.792     45.095    28.1344    28.1662   5.801908   5.805149     3.2320     2.7521     100.00   27.64742  -94.99768   -0.00130    0.00073         15  0.000e+00
      72350   3014.542     44.860     45.164    28.1332    28.1652   5.801324   5.805061     3.2320     2.7509     100.00   27.64742  -94.99768   -0.00124    0.00076         15  0.000e+00
      72351   3014.583     44.852     45.156    28.1276    28.1592   5.800582   5.804949     3.2320     2.7509     100.00   27.64742  -94.99768   -0.00117    0.00079         15  0.000e+00
      72352   3014.625     44.905     45.209    28.1191    28.1619   5.800141   5.805141     3.2320     2.7521     100.00   27.64742  -94.99768   -0.00110    0.00085         15  0.000e+00
      72353   3014.667     44.792     45.095    28.1156    28.1645   5.800062   5.805213     3.2320     2.7521     100.00   27.64742  -94.99768   -0.00103    0.00091         15  0.000e+00
      72354   3014.708     44.860     45.164    28.1152    28.1676   5.800062   5.805389     3.2320     2.7521     100.00   27.64742  -94.99768   -0.00096    0.00097         15  0.000e+00
      72355   3014.750     44.905     45.209    28.1143    28.1700   5.799991   5.805629     3.2320     2.7521     100.00   27.64742  -94.99768   -0.00089    0.00103         15  0.000e+00
      72356   3014.792     44.852     45.156    28.1132    28.1724   5.799857   5.805901     3.2308     2.7521     100.00   27.64742  -94.99768   -0.00084    0.00109         15  0.000e+00
      72357   3014.833     44.852     45.156    28.1070    28.1739   5.799430   5.806013     3.2320     2.7509     100.00   27.64742  -94.99768   -0.00077    0.00114         15  0.000e+00
      72358   3014.875     44.920     45.225    28.1028    28.1756   5.799012   5.806093     3.2320     2.7521     100.00   27.64742  -94.99768   -0.00071    0.00120         15  0.000e+00
      72359   3014.917     44.852     45.156    28.1017    28.1757   5.799068   5.806013     3.2308     2.7509     100.00   27.64742  -94.99768   -0.00067    0.00124         15  0.000e+00
      72360   3014.958     44.905     45.210    28.1041    28.1726   5.799257   5.805293     3.2308     2.7509     100.00   27.64742  -94.99768   -0.00062    0.00128         15  0.000e+00
      72361   3015.000     44.852     45.156    28.1052    28.1483   5.799336   5.803029     3.2308     2.7509     100.00   27.64742  -94.99768   -0.00056    0.00132         15  0.000e+00
      72362   3015.042     44.920     45.225    28.1057    28.1265   5.799423   5.801006     3.2308     2.7521     100.00   27.64742  -94.99768   -0.00050    0.00138         15  0.000e+00
      72363   3015.083     44.905     45.210    28.1075    28.1146   5.799730   5.800198     3.2308     2.7521     100.00   27.64742  -94.99768   -0.00046    0.00144         15  0.000e+00
      72364   3015.125     44.905     45.210    28.1103    28.1101   5.800078   5.799910     3.2295     2.7521     100.00   27.64742  -94.99768   -0.00043    0.00148         15  0.000e+00
      72365   3015.167     44.905     45.210    28.1147    28.1153   5.800448   5.800446     3.2295     2.7521     100.00   27.64742  -94.99768   -0.00041    0.00153         15  0.000e+00
      72366   3015.208     44.920     45.225    28.1179    28.1240   5.800685   5.801974     3.2308     2.7521     100.00   27.64742  -94.99768   -0.00036    0.00157         15  0.000e+00
      72367   3015.250     44.958     45.263    28.1206    28.1450   5.800945   5.803189     3.2308     2.7521     100.00   27.64742  -94.99768   -0.00032    0.00159         15  0.000e+00
      72368   3015.292     44.905     45.210    28.1224    28.1476   5.801087   5.803493     3.2295     2.7521     100.00   27.64742  -94.99768   -0.00029    0.00161         15  0.000e+00
      72369   3015.333     44.973     45.278    28.1228    28.1527   5.801143   5.803893     3.2295     2.7521     100.00   27.64742  -94.99768   -0.00026    0.00163         15  0.000e+00
      72370   3015.375     44.905     45.210    28.1227    28.1582   5.801119   5.804413     3.2295     2.7521     100.00   27.64742  -94.99768   -0.00023    0.00165         15  0.000e+00
      72371   3015.417     44.958     45.263    28.1233    28.1601   5.801111   5.804509     3.2295     2.7534     100.00   27.64742  -94.99768   -0.00020    0.00166         15  0.000e+00
      72372   3015.458     44.958     45.263    28.1239    28.1564   5.801072   5.804213     3.2295     2.7534     100.00   27.64742  -94.99768   -0.00018    0.00168         15  0.000e+00
      72373   3015.500     44.973     45.278    28.1242    28.1479   5.801024   5.803477     3.2295     2.7534     100.00   27.64742  -94.99768   -0.00017    0.00171         15  0.000e+00
      72374   3015.542     45.019     45.324    28.1253    28.1405   5.800945   5.802837     3.2295     2.7534     100.00   27.64742  -94.99768   -0.00015    0.00172         15  0.000e+00
      72375   3015.583     44.958     45.263    28.1251    28.1372   5.800993   5.802581     3.2308     2.7534     100.00   27.64742  -94.99768   -0.00010    0.00173         15  0.000e+00
      72376   3015.625     45.019     45.324    28.1240    28.1352   5.800977   5.802405     3.2308     2.7534     100.00   27.64742  -94.99768   -0.00006    0.00174         15  0.000e+00
      72377   3015.667     45.026     45.332    28.1234    28.1321   5.800969   5.802069     3.2308     2.7534     100.00   27.64742  -94.99768   -0.00003    0.00175         15  0.000e+00
      72378   3015.708     44.958     45.263    28.1231    28.1288   5.800930   5.801694     3.2295     2.7534     100.00   27.64742  -94.99768   -0.00001    0.00175         15  0.000e+00
      72379   3015.750     45.072     45.377    28.1224    28.1264   5.800780   5.801454     3.2295     2.7534     100.00   27.64742  -94.99768    0.00001    0.00176         15  0.000e+00
      72380   3015.792     45.019     45.324    28.1193    28.1255   5.800440   5.801382     3.2295     2.7534     100.00   27.64742  -94.99768    0.00003    0.00176         15  0.000e+00
      72381   3015.833     45.087     45.393    28.1123    28.1293   5.799920   5.801686     3.2295     2.7534     100.00   27.64742  -94.99768    0.00005    0.00176         15  0.000e+00
      72382   3015.875     45.019     45.324    28.1086    28.1308   5.799778   5.801830     3.2308     2.7534     100.00   27.64742  -94.99768    0.00007    0.00175         15  0.000e+00
      72383   3015.917     45.072     45.377    28.1098    28.1312   5.799667   5.801726     3.2295     2.7534     100.00   27.64742  -94.99768    0.00010    0.00175         15  0.000e+00
      72384   3015.958     45.087     45.393    28.1004    28.1159   5.798886   5.800550     3.2295     2.7534     100.00   27.64742  -94.99768    0.00012    0.00175         15  0.000e+00
      72385   3016.000     45.072     45.377    28.0887    28.0946   5.798279   5.798599     3.2295     2.7534     100.00   27.64742  -94.99768    0.00014    0.00174         15  0.000e+00
      72386   3016.042     45.132     45.438    28.0841    28.0815   5.798090   5.797136     3.2295     2.7534     100.00   27.64742  -94.99768    0.00016    0.00173         15  0.000e+00
      72387   3016.083     45.132     45.438    28.0913    28.0704   5.798524   5.795760     3.2308     2.7521      92.87   27.64742  -94.99768    0.00019    0.00170         15  0.000e+00
      72388   3016.125     45.087     45.393    28.0967    28.0437   5.798752   5.793666     3.2295     2.7521      62.05   27.64742  -94.99768    0.00021    0.00167         15  0.000e+00
      72389   3016.167     45.133     45.438    28.1015    28.0234   5.798815   5.792195     3.2295     2.7521      48.79   27.64742  -94.99768    0.00024    0.00164         15  0.000e+00
      72390   3016.208     45.133     45.438    28.1075    28.0172   5.799794   5.791756     3.2295     2.7521      48.16   27.64742  -94.99768    0.00026    0.00161         15  0.000e+00
      72391   3016.250     45.133     45.438    28.1255    28.0285   5.801608   5.792459     3.2295     2.7521      49.69   27.64742  -94.99768    0.00027    0.00157         15  0.000e+00
      72392   3016.292     45.201     45.507    28.1355    28.0364   5.802366   5.792851     3.2283     2.7521      50.31   27.64742  -94.99768    0.00026    0.00154         15  0.000e+00
      72393   3016.333     45.133     45.439    28.1204    28.0278   5.801261   5.792243     3.2295     2.7521      50.33   27.64742  -94.99768    0.00027    0.00152         15  0.000e+00
      72394   3016.375     45.133     45.439    28.1174    28.0221   5.800512   5.791356     3.2295     2.7521      50.26   27.64742  -94.99768    0.00030    0.00148         15  0.000e+00
      72395   3016.417     45.201     45.507    28.1048    28.0164   5.799107   5.790749     3.2283     2.7521      50.23   27.64742  -94.99768    0.00031    0.00144         15  0.000e+00
      72396   3016.458     45.186     45.492    28.0926    28.0130   5.797253   5.790437     3.2283     2.7509      50.23   27.64742  -94.99768    0.00031    0.00139         15  0.000e+00
      72397   3016.500     45.133     45.439    28.0875    28.0110   5.797072   5.790237     3.2283     2.7509      50.23   27.64742  -94.99768    0.00030    0.00133         15  0.000e+00
      72398   3016.542     45.186     45.492    28.0978    28.0079   5.797734   5.790077     3.2283     2.7509      50.23   27.64742  -94.99768    0.00030    0.00127         15  0.000e+00
      72399   3016.583     45.201     45.507    28.1028    28.0060   5.797419   5.789902     3.2283     2.7497      50.23   27.64742  -94.99768    0.00029    0.00119         15  0.000e+00
      72400   3016.625     45.186     45.492    28.0948    28.0029   5.796251   5.789462     3.2283     2.7497      50.23   27.64742  -94.99768    0.00027    0.00111         15  0.000e+00
      72401   3016.667     45.246     45.553    28.0942    27.9963   5.795825   5.788983     3.2271     2.7485      50.23   27.64742  -94.99768    0.00024    0.00101         15  0.000e+00
      72402   3016.708     45.186     45.492    28.0929    28.0016   5.795565   5.789358     3.2271     2.7485      50.23   27.64742  -94.99768    0.00020    0.00090         15  0.000e+00
      72403   3016.750     45.201     45.507    28.0893    28.0076   5.795249   5.790133     3.2271     2.7485      50.23   27.64742  -94.99768    0.00016    0.00078         15  0.000e+00
      72404   3016.792     45.246     45.553    28.0880    28.0215   5.795407   5.791396     3.2259     2.7473      50.23   27.64742  -94.99768    0.00011    0.00065         15  0.000e+00
      72405   3016.833     45.186     45.492    28.0848    28.0333   5.795715   5.792819     3.2259     2.7473      50.23   27.64742  -94.99768    0.00006    0.00051         15  0.000e+00
      72406   3016.875     45.201     45.507    28.0809    28.0423   5.795707   5.793754     3.2259     2.7460      50.23   27.64742  -94.99768   -0.00001    0.00036         15  0.000e+00
      72407   3016.917     45.246     45.553    28.0766    28.0455   5.795439   5.793978     3.2259     2.7460      50.23   27.64742  -94.99768   -0.00008    0.00021         15  0.000e+00
      72408   3016.958     45.246     45.553    28.0726    28.0401   5.794816   5.793770     3.2247     2.7460      50.23   27.64740  -94.99768   -0.00016    0.00006         15  0.000e+00
      72409   3017.000     45.186     45.492    28.0654    28.0387   5.794288   5.793738     3.2247     2.7448      50.23   27.64740  -94.99768   -0.00023   -0.00010         15  0.000e+00
      72410   3017.042     45.201     45.507    28.0585    28.0318   5.794138   5.793251     3.2247     2.7448      63.54   27.64740  -94.99768   -0.00031   -0.00027         15  0.000e+00
      72411   3017.083     45.246     45.553    28.0557    28.0294   5.794256   5.792683     3.2247     2.7448      92.48   27.64740  -94.99768   -0.00039   -0.00042         15  0.000e+00
      72412   3017.125     45.246     45.553    28.0555    28.0287   5.794311   5.792307     3.2247     2.7436     100.00   27.64740  -94.99768   -0.00047   -0.00058         15  0.000e+00
      72413   3017.167     45.246     45.553    28.0542    28.0271   5.793980   5.792091     3.2234     2.7436     100.00   27.64740  -94.99768   -0.00057   -0.00073         15  0.000e+00
      72414   3017.208     45.201     45.507    28.0488    28.0291   5.793491   5.792187     3.2234     2.7436     100.00   27.64740  -94.99768   -0.00066   -0.00088         15  0.000e+00
      72415   3017.250     45.246     45.553    28.0438    28.0331   5.793065   5.792619     3.2247     2.7436     100.00   27.64740  -94.99768   -0.00074   -0.00103         15  0.000e+00
      72416   3017.292     45.246     45.553    28.0411    28.0379   5.793042   5.793035     3.2234     2.7424      99.98   27.64740  -94.99768   -0.00083   -0.00117         15  0.000e+00
      72417   3017.333     45.201     45.508    28.0396    28.0462   5.793184   5.793746     3.2234     2.7424     100.00   27.64740  -94.99768   -0.00092   -0.00131         15  0.000e+00
      72418   3017.375     45.246     45.553    28.0410    28.0633   5.793531   5.794889     3.2234     2.7424     100.00   27.64740  -94.99768   -0.00101   -0.00143         15  0.000e+00
      72419   3017.417     45.246     45.553    28.0448    28.0730   5.794004   5.795680     3.2234     2.7436     100.00   27.64740  -94.99768   -0.00110   -0.00154         15  0.000e+00
      72420   3017.458     45.186     45.492    28.0495    28.0750   5.794304   5.796008     3.2234     2.7436     100.00   27.64740  -94.99768   -0.00119   -0.00164         15  0.000e+00
      72421   3017.500     45.254     45.561    28.0517    28.0723   5.794461   5.795896     3.2222     2.7436     100.00   27.64740  -94.99768   -0.00131   -0.00173         15  0.000e+00
      72422   3017.542     45.186     45.492    28.0526    28.0686   5.794856   5.795800     3.2222     2.7436     100.00   27.64740  -94.99768   -0.00141   -0.00181         15  0.000e+00
