GOMECC/GOMECC-4/1db/rb2103_0211.ros
* Sea-Bird SBE 9 Data File:
* FileName = C:\Users\scs.user.rb\CTD\GOMECC4\data\rb2103_0211.hex
* Software Version Seasave V 7.26.7.107
* Temperature SN = 4799
* Conductivity SN = 3860
* Number of Bytes Per Scan = 41
* Number of Voltage Words = 4
* Number of Scans Averaged by the Deck Unit = 1
* NMEA Latitude = 29 12.35 N
* NMEA Longitude = 085 38.79 W
* NMEA UTC (Time) = Sep 20 2021  22:02:36
* NMEA baud rate = 4800
# nquan = 17
# nvalues = 1463                                  
# units = specified
# name 0 = scan: Scan Count
# name 1 = timeS: Time, Elapsed [seconds]
# name 2 = depSM: Depth [salt water, m]
# name 3 = prDM: Pressure, Digiquartz [db]
# name 4 = t090C: Temperature [ITS-90, deg C]
# name 5 = t190C: Temperature, 2 [ITS-90, deg C]
# name 6 = c0S/m: Conductivity [S/m]
# name 7 = c1S/m: Conductivity, 2 [S/m]
# name 8 = sbeox0V: Oxygen raw, SBE 43 [V]
# name 9 = sbeox1V: Oxygen raw, SBE 43, 2 [V]
# name 10 = altM: Altimeter [m]
# name 11 = latitude: Latitude [deg]
# name 12 = longitude: Longitude [deg]
# name 13 = sbox0dV/dT: Oxygen, SBE 43 [dov/dt]
# name 14 = sbox1dV/dT: Oxygen, SBE 43, 2 [dov/dt]
# name 15 = nbf: Bottles Fired
# name 16 = flag:  0.000e+00
# interval = seconds: 0.0416667
# start_time = Sep 20 2021 22:02:36 [NMEA time, header]
# bad_flag = -9.990e-29
*END*
[from data line 766]
      25927   1080.250     40.260     40.537    26.1550    26.1636   5.571326   5.571501     2.8828     2.4554      45.32   29.20506  -85.64670    0.00093    0.00046          6  0.000e+00
      25928   1080.292     40.260     40.537    26.1581    26.1625   5.571419   5.571524     2.8828     2.4554      45.32   29.20506  -85.64670    0.00089    0.00050          6  0.000e+00
      25929   1080.333     40.275     40.552    26.1572    26.1623   5.571380   5.571501     2.8828     2.4542      45.32   29.20506  -85.64670    0.00085    0.00052          6  0.000e+00
      25930   1080.375     40.199     40.476    26.1581    26.1627   5.571287   5.571564     2.8816     2.4542      45.32   29.20506  -85.64670    0.00079    0.00052          6  0.000e+00
      25931   1080.417     40.260     40.537    26.1568    26.1623   5.571225   5.571517     2.8816     2.4542      45.32   29.20506  -85.64670    0.00073    0.00055          6  0.000e+00
      25932   1080.458     40.199     40.476    26.1552    26.1601   5.571116   5.571493     2.8828     2.4542      45.32   29.20506  -85.64670    0.00069    0.00057          6  0.000e+00
      25933   1080.500     40.260     40.537    26.1534    26.1590   5.570946   5.571422     2.8816     2.4542      45.32   29.20506  -85.64670    0.00063    0.00059          6  0.000e+00
      25934   1080.542     40.275     40.552    26.1498    26.1605   5.570806   5.571406     2.8816     2.4542      45.32   29.20506  -85.64670    0.00057    0.00059          6  0.000e+00
      25935   1080.583     40.199     40.476    26.1476    26.1637   5.570690   5.571406     2.8816     2.4542      45.32   29.20506  -85.64670    0.00052    0.00059          6  0.000e+00
      25936   1080.625     40.260     40.537    26.1474    26.1637   5.570597   5.571399     2.8816     2.4542      45.32   29.20506  -85.64670    0.00046    0.00059          6  0.000e+00
      25937   1080.667     40.260     40.537    26.1480    26.1625   5.570543   5.571399     2.8816     2.4542      45.32   29.20506  -85.64670    0.00041    0.00059          6  0.000e+00
      25938   1080.708     40.199     40.476    26.1494    26.1621   5.570465   5.571367     2.8816     2.4542      45.32   29.20506  -85.64670    0.00037    0.00058          6  0.000e+00
      25939   1080.750     40.260     40.537    26.1503    26.1647   5.570442   5.571359     2.8816     2.4530      45.32   29.20506  -85.64670    0.00032    0.00056          6  0.000e+00
      25940   1080.792     40.275     40.552    26.1501    26.1652   5.570442   5.571391     2.8816     2.4530      45.32   29.20506  -85.64670    0.00027    0.00054          6  0.000e+00
      25941   1080.833     40.199     40.476    26.1492    26.1645   5.570349   5.571398     2.8816     2.4530      45.32   29.20506  -85.64670    0.00022    0.00051          6  0.000e+00
      25942   1080.875     40.260     40.537    26.1490    26.1628   5.570341   5.571367     2.8816     2.4542      45.32   29.20506  -85.64670    0.00018    0.00049          6  0.000e+00
      25943   1080.917     40.199     40.476    26.1478    26.1618   5.570279   5.571320     2.8828     2.4542      45.32   29.20506  -85.64670    0.00015    0.00049          6  0.000e+00
      25944   1080.958     40.260     40.537    26.1478    26.1607   5.570217   5.571312     2.8828     2.4542      45.32   29.20506  -85.64670    0.00011    0.00047          6  0.000e+00
      25945   1081.000     40.215     40.492    26.1476    26.1605   5.570279   5.571312     2.8828     2.4542      45.32   29.20506  -85.64670    0.00008    0.00047          6  0.000e+00
      25946   1081.042     40.260     40.537    26.1480    26.1612   5.570263   5.571344     2.8828     2.4542      45.32   29.20506  -85.64670    0.00005    0.00047          6  0.000e+00
      25947   1081.083     40.199     40.476    26.1476    26.1605   5.570186   5.571320     2.8828     2.4542      45.32   29.20506  -85.64670    0.00001    0.00047          6  0.000e+00
      25948   1081.125     40.260     40.537    26.1478    26.1597   5.570209   5.571312     2.8840     2.4554      45.32   29.20506  -85.64670   -0.00000    0.00048          6  0.000e+00
      25949   1081.167     40.199     40.476    26.1472    26.1599   5.570209   5.571312     2.8828     2.4542      45.32   29.20506  -85.64670   -0.00002    0.00048          6  0.000e+00
      25950   1081.208     40.260     40.537    26.1469    26.1612   5.570209   5.571344     2.8828     2.4554      45.32   29.20506  -85.64670   -0.00004    0.00049          6  0.000e+00
      25951   1081.250     40.215     40.492    26.1463    26.1637   5.570209   5.571422     2.8828     2.4554      45.32   29.20506  -85.64670   -0.00006    0.00051          6  0.000e+00
      25952   1081.292     40.260     40.537    26.1462    26.1654   5.570139   5.571516     2.8828     2.4554      45.32   29.20506  -85.64670   -0.00008    0.00052          6  0.000e+00
      25953   1081.333     40.199     40.476    26.1463    26.1668   5.570186   5.571540     2.8840     2.4554      45.32   29.20506  -85.64670   -0.00006    0.00051          6  0.000e+00
      25954   1081.375     40.260     40.537    26.1465    26.1683   5.570186   5.571501     2.8840     2.4554      45.32   29.20506  -85.64670   -0.00004    0.00050          6  0.000e+00
      25955   1081.417     40.260     40.537    26.1465    26.1683   5.570163   5.571422     2.8828     2.4554      45.32   29.20506  -85.64670   -0.00005    0.00050          6  0.000e+00
      25956   1081.458     40.215     40.492    26.1467    26.1666   5.570263   5.571296     2.8840     2.4567      45.32   29.20506  -85.64670   -0.00005    0.00050          6  0.000e+00
      25957   1081.500     40.199     40.476    26.1467    26.1663   5.570232   5.571265     2.8828     2.4567      45.32   29.20506  -85.64670   -0.00005    0.00051          6  0.000e+00
      25958   1081.542     40.260     40.537    26.1469    26.1661   5.570240   5.571265     2.8840     2.4567      45.32   29.20506  -85.64670   -0.00004    0.00052          6  0.000e+00
      26222   1092.542     40.033     40.309    26.1682    26.1528   5.571364   5.570534     2.8840     2.4518      45.32   29.20504  -85.64668    0.00096   -0.00147          7  0.000e+00
      26223   1092.583     40.540     40.819    26.1666    26.1517   5.571372   5.570534     2.8840     2.4518      45.32   29.20504  -85.64668    0.00092   -0.00149          7  0.000e+00
      26224   1092.625     40.147     40.423    26.1654    26.1521   5.571566   5.570557     2.8840     2.4518      45.32   29.20504  -85.64668    0.00086   -0.00151          7  0.000e+00
      26225   1092.667     40.200     40.476    26.1675    26.1523   5.571667   5.570573     2.8840     2.4518      45.32   29.20504  -85.64668    0.00080   -0.00153          7  0.000e+00
      26226   1092.708     40.094     40.370    26.1700    26.1523   5.571775   5.570605     2.8840     2.4518      45.32   29.20504  -85.64668    0.00074   -0.00155          7  0.000e+00
      26227   1092.750     40.328     40.606    26.1718    26.1524   5.571985   5.570581     2.8840     2.4518      45.32   29.20504  -85.64668    0.00068   -0.00156          7  0.000e+00
      26228   1092.792     40.260     40.537    26.1729    26.1524   5.572078   5.570573     2.8840     2.4518      45.32   29.20504  -85.64668    0.00064   -0.00156          7  0.000e+00
      26229   1092.833     40.260     40.537    26.1735    26.1521   5.572125   5.570581     2.8840     2.4518      45.32   29.20504  -85.64668    0.00060   -0.00156          7  0.000e+00
      26230   1092.875     40.260     40.537    26.1735    26.1521   5.572171   5.570605     2.8840     2.4518      45.32   29.20504  -85.64668    0.00055   -0.00156          7  0.000e+00
      26231   1092.917     40.260     40.537    26.1731    26.1526   5.572148   5.570691     2.8840     2.4505      45.32   29.20504  -85.64668    0.00051   -0.00157          7  0.000e+00
      26232   1092.958     40.215     40.492    26.1733    26.1519   5.572163   5.570644     2.8840     2.4505      45.32   29.20504  -85.64668    0.00045   -0.00157          7  0.000e+00
      26233   1093.000     40.260     40.537    26.1729    26.1517   5.572109   5.570691     2.8840     2.4505      45.30   29.20504  -85.64668    0.00039   -0.00156          7  0.000e+00
      26234   1093.042     40.200     40.477    26.1722    26.1521   5.571985   5.570675     2.8840     2.4493      45.30   29.20504  -85.64668    0.00032   -0.00157          7  0.000e+00
      26235   1093.083     40.260     40.537    26.1706    26.1521   5.571845   5.570668     2.8840     2.4493      45.30   29.20504  -85.64668    0.00026   -0.00158          7  0.000e+00
      26236   1093.125     40.260     40.537    26.1682    26.1516   5.571675   5.570628     2.8840     2.4493      45.30   29.20504  -85.64668    0.00020   -0.00158          7  0.000e+00
      26237   1093.167     40.147     40.423    26.1624    26.1526   5.571388   5.570691     2.8852     2.4493      45.30   29.20504  -85.64668    0.00016   -0.00157          7  0.000e+00
      26238   1093.208     40.389     40.667    26.1610    26.1537   5.571310   5.570786     2.8840     2.4481      45.30   29.20504  -85.64668    0.00009   -0.00159          7  0.000e+00
      26239   1093.250     40.260     40.537    26.1621    26.1552   5.571481   5.570833     2.8852     2.4481      45.30   29.20504  -85.64668    0.00003   -0.00160          7  0.000e+00
      26240   1093.292     40.200     40.477    26.1648    26.1559   5.571869   5.570919     2.8852     2.4481      45.30   29.20504  -85.64668   -0.00002   -0.00162          7  0.000e+00
      26241   1093.333     40.260     40.537    26.1699    26.1561   5.572101   5.570974     2.8852     2.4481      45.30   29.20504  -85.64668   -0.00007   -0.00163          7  0.000e+00
      26242   1093.375     40.260     40.537    26.1720    26.1568   5.572241   5.571021     2.8852     2.4481      45.30   29.20504  -85.64668   -0.00012   -0.00164          7  0.000e+00
      26243   1093.417     40.215     40.492    26.1736    26.1568   5.572280   5.570998     2.8852     2.4481      45.30   29.20504  -85.64668   -0.00017   -0.00166          7  0.000e+00
      26244   1093.458     40.260     40.537    26.1740    26.1572   5.572280   5.571021     2.8852     2.4481      45.30   29.20504  -85.64668   -0.00022   -0.00168          7  0.000e+00
      26245   1093.500     40.200     40.477    26.1736    26.1577   5.572280   5.570895     2.8852     2.4481      45.30   29.20504  -85.64668   -0.00025   -0.00170          7  0.000e+00
      26246   1093.542     40.260     40.537    26.1740    26.1568   5.572241   5.570856     2.8852     2.4481      45.30   29.20504  -85.64668   -0.00028   -0.00172          7  0.000e+00
      26247   1093.583     40.260     40.537    26.1736    26.1561   5.572194   5.570848     2.8852     2.4493      45.30   29.20504  -85.64668   -0.00032   -0.00172          7  0.000e+00
      26248   1093.625     40.147     40.423    26.1724    26.1550   5.572117   5.570817     2.8852     2.4493      45.30   29.20504  -85.64668   -0.00035   -0.00171          7  0.000e+00
      26249   1093.667     40.328     40.606    26.1722    26.1552   5.571938   5.570809     2.8840     2.4493      45.30   29.20504  -85.64668   -0.00040   -0.00171          7  0.000e+00
      26250   1093.708     40.200     40.477    26.1695    26.1550   5.571698   5.570840     2.8852     2.4493      45.30   29.20504  -85.64668   -0.00044   -0.00170          7  0.000e+00
      26251   1093.750     40.200     40.477    26.1654    26.1550   5.571597   5.570848     2.8840     2.4493      45.30   29.20504  -85.64668   -0.00049   -0.00169          7  0.000e+00
      26252   1093.792     40.260     40.537    26.1628    26.1545   5.571520   5.570778     2.8840     2.4505      45.30   29.20504  -85.64668   -0.00054   -0.00166          7  0.000e+00
      26253   1093.833     40.200     40.477    26.1610    26.1548   5.571427   5.570762     2.8840     2.4505      45.30   29.20504  -85.64668   -0.00060   -0.00164          7  0.000e+00
      26254   1093.875     40.215     40.492    26.1613    26.1539   5.571403   5.570691     2.8840     2.4493      45.30   29.20504  -85.64668   -0.00065   -0.00162          7  0.000e+00
      26255   1093.917     40.260     40.537    26.1615    26.1532   5.571365   5.570699     2.8840     2.4505      45.30   29.20504  -85.64668   -0.00068   -0.00159          7  0.000e+00
      26256   1093.958     40.200     40.477    26.1617    26.1537   5.571458   5.570715     2.8840     2.4505      45.30   29.20504  -85.64668   -0.00072   -0.00155          7  0.000e+00
      26257   1094.000     40.260     40.537    26.1622    26.1541   5.571473   5.570675     2.8840     2.4505      45.30   29.20504  -85.64668   -0.00077   -0.00154          7  0.000e+00
      26258   1094.042     40.200     40.477    26.1640    26.1541   5.571589   5.570699     2.8840     2.4505      45.32   29.20504  -85.64668   -0.00082   -0.00152          7  0.000e+00
      26259   1094.083     40.147     40.423    26.1688    26.1539   5.571838   5.570715     2.8840     2.4518      45.32   29.20504  -85.64668   -0.00085   -0.00146          7  0.000e+00
      26260   1094.125     40.275     40.553    26.1734    26.1537   5.572148   5.570675     2.8840     2.4518      45.30   29.20504  -85.64668   -0.00089   -0.00143          7  0.000e+00
      26261   1094.167     40.200     40.477    26.1747    26.1534   5.572334   5.570699     2.8840     2.4518      45.32   29.20504  -85.64668   -0.00092   -0.00137          7  0.000e+00
      26262   1094.208     40.200     40.477    26.1751    26.1541   5.572574   5.570675     2.8840     2.4518      45.32   29.20504  -85.64668   -0.00095   -0.00133          7  0.000e+00
      26263   1094.250     40.200     40.477    26.1745    26.1545   5.572644   5.570699     2.8828     2.4518      45.30   29.20504  -85.64668   -0.00100   -0.00129          7  0.000e+00
      26264   1094.292     40.200     40.477    26.1760    26.1552   5.572745   5.570746     2.8828     2.4530      45.30   29.20504  -85.64668   -0.00104   -0.00123          7  0.000e+00
      26265   1094.333     40.215     40.492    26.1787    26.1555   5.572924   5.570762     2.8828     2.4530      45.30   29.20504  -85.64668   -0.00107   -0.00117          7  0.000e+00
      26266   1094.375     40.200     40.477    26.1818    26.1563   5.573032   5.570785     2.8828     2.4530      45.30   29.20504  -85.64668   -0.00110   -0.00111          7  0.000e+00
      26267   1094.417     40.200     40.477    26.1834    26.1561   5.573009   5.570801     2.8828     2.4530      45.32   29.20504  -85.64668   -0.00112   -0.00105          7  0.000e+00
      26268   1094.458     40.200     40.477    26.1831    26.1552   5.572978   5.570770     2.8828     2.4542      45.30   29.20504  -85.64668   -0.00115   -0.00097          7  0.000e+00
      26269   1094.500     40.200     40.477    26.1825    26.1554   5.572931   5.570793     2.8828     2.4530      45.30   29.20504  -85.64668   -0.00120   -0.00091          7  0.000e+00
      26270   1094.542     40.147     40.423    26.1831    26.1563   5.572923   5.570833     2.8828     2.4530      45.30   29.20504  -85.64668   -0.00122   -0.00085          7  0.000e+00
      26271   1094.583     40.215     40.492    26.1832    26.1574   5.572745   5.570880     2.8828     2.4530      45.32   29.20504  -85.64668   -0.00124   -0.00079          7  0.000e+00
      26272   1094.625     40.200     40.477    26.1827    26.1581   5.572473   5.570895     2.8816     2.4530      45.30   29.20504  -85.64668   -0.00129   -0.00073          7  0.000e+00
      26273   1094.667     40.200     40.477    26.1781    26.1597   5.572272   5.570966     2.8816     2.4530      45.30   29.20504  -85.64668   -0.00133   -0.00068          7  0.000e+00
      26274   1094.708     40.147     40.423    26.1733    26.1627   5.572016   5.570990     2.8816     2.4530      45.30   29.20504  -85.64668   -0.00136   -0.00062          7  0.000e+00
