GOMECC/GOMECC-4/1db/rb2103_0631.ros
* Sea-Bird SBE 9 Data File:
* FileName = C:\Users\scs.user.rb\CTD\GOMECC4\data\rb2103_0631.hex
* Software Version Seasave V 7.26.7.107
* Temperature SN = 4799
* Conductivity SN = 3860
* Number of Bytes Per Scan = 41
* Number of Voltage Words = 4
* Number of Scans Averaged by the Deck Unit = 1
* NMEA Latitude = 26 03.63 N
* NMEA Longitude = 096 48.43 W
* NMEA UTC (Time) = Sep 30 2021  06:31:03
* NMEA baud rate = 4800
# nquan = 17
# nvalues = 532                                   
# units = specified
# name 0 = scan: Scan Count
# name 1 = timeS: Time, Elapsed [seconds]
# name 2 = depSM: Depth [salt water, m]
# name 3 = prDM: Pressure, Digiquartz [db]
# name 4 = t090C: Temperature [ITS-90, deg C]
# name 5 = t190C: Temperature, 2 [ITS-90, deg C]
# name 6 = c0S/m: Conductivity [S/m]
# name 7 = c1S/m: Conductivity, 2 [S/m]
# name 8 = sbeox0V: Oxygen raw, SBE 43 [V]
# name 9 = sbeox1V: Oxygen raw, SBE 43, 2 [V]
# name 10 = altM: Altimeter [m]
# name 11 = latitude: Latitude [deg]
# name 12 = longitude: Longitude [deg]
# name 13 = sbox0dV/dT: Oxygen, SBE 43 [dov/dt]
# name 14 = sbox1dV/dT: Oxygen, SBE 43, 2 [dov/dt]
# name 15 = nbf: Bottles Fired
# name 16 = flag:  0.000e+00
# interval = seconds: 0.0416667
# start_time = Sep 30 2021 06:31:03 [NMEA time, header]
# bad_flag = -9.990e-29
*END*
[from data line 256]
      15506    646.042     19.858     19.989    29.2844    29.2853   5.864104   5.864391     3.0769     2.6081      23.54   26.06092  -96.80696   -0.00034   -0.00057          2  0.000e+00
      15507    646.083     19.858     19.989    29.2842    29.2853   5.864120   5.864407     3.0781     2.6068      23.52   26.06092  -96.80696   -0.00036   -0.00054          2  0.000e+00
      15508    646.125     19.845     19.976    29.2844    29.2851   5.864144   5.864423     3.0769     2.6081      23.54   26.06092  -96.80696   -0.00038   -0.00049          2  0.000e+00
      15509    646.167     19.906     20.037    29.2844    29.2852   5.864128   5.864375     3.0769     2.6081      23.54   26.06092  -96.80696   -0.00041   -0.00044          2  0.000e+00
      15510    646.208     19.858     19.989    29.2842    29.2853   5.864151   5.864391     3.0781     2.6081      23.54   26.06092  -96.80696   -0.00043   -0.00039          2  0.000e+00
      15511    646.250     19.899     20.030    29.2844    29.2851   5.864128   5.864407     3.0806     2.6081      23.54   26.06092  -96.80696   -0.00041   -0.00034          2  0.000e+00
      15512    646.292     19.953     20.085    29.2842    29.2853   5.864120   5.864383     3.0781     2.6081      23.49   26.06092  -96.80696   -0.00046   -0.00029          2  0.000e+00
      15513    646.333     19.906     20.037    29.2844    29.2853   5.864120   5.864432     3.0769     2.6081      23.39   26.06092  -96.80696   -0.00049   -0.00024          2  0.000e+00
      15514    646.375     19.899     20.030    29.2842    29.2853   5.864151   5.864415     3.0769     2.6081      23.37   26.06092  -96.80696   -0.00053   -0.00019          2  0.000e+00
      15515    646.417     19.906     20.037    29.2844    29.2853   5.864167   5.864440     3.0781     2.6081      23.35   26.06092  -96.80696   -0.00056   -0.00014          2  0.000e+00
      19267    802.750      9.926      9.991    29.2772    29.2777   5.862552   5.862867     3.0879     2.6117      33.16   26.06108  -96.80680    0.00017   -0.00066          3  0.000e+00
      19268    802.792      9.926      9.991    29.2770    29.2775   5.862529   5.862803     3.0867     2.6129      33.16   26.06108  -96.80680    0.00016   -0.00059          3  0.000e+00
      19269    802.833     10.170     10.237    29.2770    29.2774   5.862561   5.862843     3.0879     2.6129      33.16   26.06108  -96.80680    0.00018   -0.00053          3  0.000e+00
      19270    802.875     10.021     10.087    29.2770    29.2775   5.862608   5.862899     3.0879     2.6129      33.16   26.06108  -96.80680    0.00019   -0.00046          3  0.000e+00
      19271    802.917     10.075     10.141    29.2770    29.2775   5.862584   5.862875     3.0879     2.6129      33.16   26.06108  -96.80680    0.00020   -0.00041          3  0.000e+00
      19272    802.958     10.021     10.087    29.2770    29.2774   5.862576   5.862803     3.0879     2.6129      33.16   26.06108  -96.80680    0.00021   -0.00036          3  0.000e+00
      19273    803.000     10.170     10.237    29.2772    29.2770   5.862608   5.862811     3.0879     2.6129      33.16   26.06108  -96.80680    0.00023   -0.00031          3  0.000e+00
      19274    803.042     10.075     10.141    29.2772    29.2770   5.862624   5.862747     3.0879     2.6142      33.16   26.06108  -96.80680    0.00024   -0.00024          3  0.000e+00
      19275    803.083     10.122     10.189    29.2772    29.2768   5.862624   5.862755     3.0879     2.6142      33.16   26.06108  -96.80680    0.00027   -0.00019          3  0.000e+00
      19276    803.125     10.075     10.141    29.2774    29.2768   5.862656   5.862747     3.0879     2.6142      33.16   26.06108  -96.80680    0.00030   -0.00014          3  0.000e+00
      19277    803.167     10.122     10.189    29.2766    29.2770   5.862560   5.862723     3.0879     2.6142      33.16   26.06108  -96.80680    0.00031   -0.00009          3  0.000e+00
      19278    803.208     10.122     10.189    29.2764    29.2768   5.862505   5.862795     3.0879     2.6142      33.16   26.06108  -96.80680    0.00032   -0.00004          3  0.000e+00
      19279    803.250     10.122     10.189    29.2763    29.2772   5.862521   5.862795     3.0879     2.6129      33.16   26.06108  -96.80680    0.00035   -0.00001          3  0.000e+00
      19280    803.292     10.170     10.236    29.2764    29.2770   5.862529   5.862811     3.0879     2.6142      33.14   26.06108  -96.80680    0.00038    0.00004          3  0.000e+00
      19281    803.333     10.122     10.189    29.2764    29.2772   5.862560   5.862779     3.0879     2.6142      32.97   26.06108  -96.80680    0.00040    0.00011          3  0.000e+00
      19282    803.375     10.170     10.236    29.2764    29.2772   5.862576   5.862731     3.0867     2.6142      32.89   26.06108  -96.80680    0.00041    0.00018          3  0.000e+00
      19283    803.417     10.170     10.236    29.2768    29.2772   5.862576   5.862731     3.0879     2.6142      32.89   26.06108  -96.80680    0.00044    0.00023          3  0.000e+00
      19284    803.458     10.170     10.236    29.2766    29.2772   5.862576   5.862763     3.0867     2.6142      32.92   26.06108  -96.80680    0.00046    0.00028          3  0.000e+00
      19285    803.500     10.122     10.189    29.2764    29.2772   5.862576   5.862771     3.0867     2.6142      32.89   26.06108  -96.80680    0.00045    0.00032          3  0.000e+00
      19286    803.542     10.224     10.291    29.2766    29.2774   5.862537   5.862779     3.0867     2.6142      32.92   26.06108  -96.80680    0.00046    0.00039          3  0.000e+00
      19287    803.583     10.170     10.236    29.2766    29.2772   5.862529   5.862771     3.0867     2.6129      32.92   26.06108  -96.80680    0.00046    0.00044          3  0.000e+00
      19288    803.625     10.224     10.291    29.2766    29.2774   5.862529   5.862731     3.0867     2.6129      32.89   26.06108  -96.80680    0.00045    0.00049          3  0.000e+00
      19289    803.667     10.170     10.236    29.2764    29.2772   5.862529   5.862795     3.0867     2.6129      32.89   26.06108  -96.80680    0.00044    0.00054          3  0.000e+00
      19290    803.708     10.224     10.291    29.2764    29.2774   5.862505   5.862827     3.0867     2.6129      32.89   26.06108  -96.80680    0.00044    0.00058          3  0.000e+00
      19291    803.750     10.169     10.236    29.2764    29.2772   5.862450   5.862787     3.0867     2.6117      32.89   26.06108  -96.80680    0.00043    0.00062          3  0.000e+00
      19292    803.792     10.271     10.338    29.2764    29.2774   5.862465   5.862771     3.0867     2.6117      32.89   26.06106  -96.80680    0.00041    0.00065          3  0.000e+00
      19293    803.833     10.224     10.291    29.2764    29.2774   5.862481   5.862771     3.0867     2.6117      32.89   26.06106  -96.80680    0.00039    0.00068          3  0.000e+00
      19294    803.875     10.224     10.291    29.2764    29.2772   5.862481   5.862747     3.0867     2.6117      32.89   26.06106  -96.80680    0.00036    0.00072          3  0.000e+00
      19295    803.917     10.224     10.291    29.2763    29.2774   5.862481   5.862763     3.0879     2.6117      32.89   26.06106  -96.80680    0.00035    0.00075          3  0.000e+00
      19296    803.958     10.224     10.291    29.2761    29.2772   5.862513   5.862731     3.0879     2.6117      32.89   26.06106  -96.80680    0.00035    0.00079          3  0.000e+00
      19297    804.000     10.271     10.338    29.2764    29.2772   5.862529   5.862731     3.0867     2.6117      32.89   26.06106  -96.80680    0.00032    0.00083          3  0.000e+00
      19298    804.042     10.224     10.291    29.2764    29.2772   5.862529   5.862723     3.0879     2.6117      32.92   26.06106  -96.80680    0.00031    0.00085          3  0.000e+00
      19299    804.083     10.271     10.338    29.2763    29.2770   5.862458   5.862755     3.0879     2.6117      32.92   26.06106  -96.80680    0.00030    0.00087          3  0.000e+00
      19300    804.125     10.224     10.291    29.2763    29.2772   5.862465   5.862771     3.0879     2.6117      32.92   26.06106  -96.80680    0.00031    0.00089          3  0.000e+00
      19301    804.167     10.271     10.338    29.2766    29.2772   5.862497   5.862779     3.0879     2.6105      32.92   26.06106  -96.80680    0.00032    0.00089          3  0.000e+00
      19302    804.208     10.271     10.338    29.2764    29.2775   5.862481   5.862771     3.0879     2.6117      32.92   26.06106  -96.80680    0.00031    0.00089          3  0.000e+00
      19303    804.250     10.271     10.338    29.2763    29.2775   5.862442   5.862771     3.0879     2.6117      32.89   26.06106  -96.80680    0.00031    0.00091          3  0.000e+00
      19304    804.292     10.271     10.338    29.2764    29.2774   5.862505   5.862747     3.0879     2.6117      32.89   26.06106  -96.80680    0.00032    0.00092          3  0.000e+00
      19305    804.333     10.271     10.338    29.2764    29.2775   5.862458   5.862763     3.0879     2.6117      32.89   26.06106  -96.80680    0.00031    0.00092          3  0.000e+00
      19306    804.375     10.271     10.338    29.2764    29.2774   5.862434   5.862731     3.0879     2.6117      32.89   26.06106  -96.80680    0.00031    0.00091          3  0.000e+00
      19307    804.417     10.271     10.338    29.2763    29.2774   5.862434   5.862755     3.0879     2.6117      32.87   26.06106  -96.80680    0.00030    0.00089          3  0.000e+00
      19308    804.458     10.271     10.338    29.2761    29.2774   5.862505   5.862747     3.0879     2.6117      32.87   26.06106  -96.80680    0.00030    0.00088          3  0.000e+00
      19309    804.500     10.271     10.338    29.2763    29.2774   5.862458   5.862723     3.0879     2.6117      32.87   26.06106  -96.80680    0.00030    0.00085          3  0.000e+00
      19310    804.542     10.271     10.338    29.2764    29.2774   5.862465   5.862682     3.0867     2.6117      32.87   26.06106  -96.80680    0.00029    0.00081          3  0.000e+00
      19311    804.583     10.271     10.338    29.2763    29.2772   5.862442   5.862707     3.0867     2.6117      32.87   26.06106  -96.80680    0.00028    0.00078          3  0.000e+00
      19312    804.625     10.318     10.386    29.2763    29.2768   5.862465   5.862699     3.0867     2.6117      32.87   26.06106  -96.80680    0.00026    0.00074          3  0.000e+00
      19313    804.667     10.271     10.338    29.2764    29.2768   5.862458   5.862747     3.0867     2.6117      32.87   26.06106  -96.80680    0.00025    0.00069          3  0.000e+00
      19314    804.708     10.271     10.338    29.2763    29.2772   5.862505   5.862771     3.0867     2.6117      32.87   26.06106  -96.80680    0.00023    0.00064          3  0.000e+00
      19315    804.750     10.271     10.338    29.2764    29.2772   5.862529   5.862747     3.0867     2.6117      32.87   26.06106  -96.80680    0.00022    0.00058          3  0.000e+00
      19316    804.792     10.271     10.338    29.2764    29.2774   5.862489   5.862763     3.0867     2.6129      32.87   26.06108  -96.80680    0.00020    0.00054          3  0.000e+00
      19317    804.833     10.169     10.236    29.2764    29.2774   5.862442   5.862771     3.0879     2.6117      32.87   26.06108  -96.80680    0.00021    0.00048          3  0.000e+00
      19318    804.875     10.420     10.488    29.2763    29.2770   5.862505   5.862699     3.0879     2.6129      32.87   26.06108  -96.80680    0.00021    0.00044          3  0.000e+00
      19319    804.917     10.271     10.338    29.2763    29.2772   5.862489   5.862723     3.0879     2.6129      32.87   26.06108  -96.80680    0.00021    0.00040          3  0.000e+00
      19320    804.958     10.271     10.338    29.2764    29.2769   5.862442   5.862723     3.0879     2.6129      32.87   26.06108  -96.80680    0.00021    0.00035          3  0.000e+00
      19321    805.000     10.271     10.338    29.2763    29.2766   5.862465   5.862755     3.0879     2.6129      32.87   26.06108  -96.80680    0.00022    0.00033          3  0.000e+00
      19322    805.042     10.271     10.338    29.2761    29.2764   5.862481   5.862707     3.0867     2.6129      32.87   26.06108  -96.80680    0.00020    0.00030          3  0.000e+00
      19323    805.083     10.271     10.338    29.2763    29.2766   5.862481   5.862674     3.0867     2.6142      32.87   26.06108  -96.80680    0.00018    0.00029          3  0.000e+00
      19324    805.125     10.271     10.338    29.2761    29.2768   5.862442   5.862747     3.0867     2.6129      32.87   26.06108  -96.80680    0.00017    0.00027          3  0.000e+00
      19325    805.167     10.271     10.338    29.2761    29.2768   5.862481   5.862699     3.0867     2.6142      32.87   26.06108  -96.80680    0.00015    0.00027          3  0.000e+00
      19326    805.208     10.271     10.338    29.2759    29.2768   5.862378   5.862755     3.0867     2.6142      32.87   26.06108  -96.80680    0.00013    0.00028          3  0.000e+00
      19327    805.250     10.271     10.338    29.2763    29.2768   5.862442   5.862739     3.0867     2.6142      32.87   26.06108  -96.80680    0.00012    0.00028          3  0.000e+00
      19328    805.292     10.271     10.338    29.2761    29.2768   5.862442   5.862755     3.0867     2.6129      32.87   26.06108  -96.80680    0.00010    0.00026          3  0.000e+00
      19329    805.333     10.223     10.290    29.2763    29.2768   5.862362   5.862731     3.0867     2.6142      32.80   26.06108  -96.80680    0.00007    0.00026          3  0.000e+00
      19330    805.375     10.271     10.338    29.2764    29.2770   5.862410   5.862731     3.0867     2.6142      32.80   26.06108  -96.80680    0.00005    0.00027          3  0.000e+00
      19331    805.417     10.223     10.290    29.2763    29.2770   5.862434   5.862690     3.0867     2.6129      32.80   26.06108  -96.80680    0.00003    0.00027          3  0.000e+00
      19332    805.458     10.271     10.338    29.2764    29.2772   5.862465   5.862747     3.0867     2.6129      32.80   26.06108  -96.80680    0.00002    0.00027          3  0.000e+00
      19333    805.500     10.271     10.338    29.2764    29.2770   5.862481   5.862707     3.0867     2.6129      32.80   26.06108  -96.80680    0.00000    0.00027          3  0.000e+00
      19334    805.542     10.223     10.290    29.2764    29.2772   5.862513   5.862715     3.0879     2.6129      32.80   26.06108  -96.80680    0.00000    0.00026          3  0.000e+00
      19335    805.583     10.271     10.338    29.2766    29.2768   5.862529   5.862755     3.0867     2.6129      32.80   26.06108  -96.80680   -0.00001    0.00026          3  0.000e+00
      19336    805.625     10.223     10.290    29.2764    29.2770   5.862457   5.862731     3.0867     2.6117      32.80   26.06108  -96.80680   -0.00003    0.00024          3  0.000e+00
      19337    805.667     10.270     10.338    29.2768    29.2768   5.862481   5.862731     3.0879     2.6117      32.80   26.06108  -96.80680   -0.00003    0.00022          3  0.000e+00
      19338    805.708     10.216     10.283    29.2764    29.2768   5.862481   5.862723     3.0879     2.6117      32.80   26.06108  -96.80680   -0.00003    0.00020          3  0.000e+00
      19339    805.750     10.223     10.290    29.2764    29.2768   5.862442   5.862755     3.0879     2.6117      32.80   26.06108  -96.80680   -0.00003    0.00017          3  0.000e+00
      19340    805.792     10.223     10.290    29.2763    29.2766   5.862434   5.862707     3.0879     2.6117      32.80   26.06108  -96.80680   -0.00003    0.00015          3  0.000e+00
