GOMECC/GOMECC-4/1db/rb2103_0631.ros
* Sea-Bird SBE 9 Data File:
* FileName = C:\Users\scs.user.rb\CTD\GOMECC4\data\rb2103_0631.hex
* Software Version Seasave V 7.26.7.107
* Temperature SN = 4799
* Conductivity SN = 3860
* Number of Bytes Per Scan = 41
* Number of Voltage Words = 4
* Number of Scans Averaged by the Deck Unit = 1
* NMEA Latitude = 26 03.63 N
* NMEA Longitude = 096 48.43 W
* NMEA UTC (Time) = Sep 30 2021  06:31:03
* NMEA baud rate = 4800
# nquan = 17
# nvalues = 532                                   
# units = specified
# name 0 = scan: Scan Count
# name 1 = timeS: Time, Elapsed [seconds]
# name 2 = depSM: Depth [salt water, m]
# name 3 = prDM: Pressure, Digiquartz [db]
# name 4 = t090C: Temperature [ITS-90, deg C]
# name 5 = t190C: Temperature, 2 [ITS-90, deg C]
# name 6 = c0S/m: Conductivity [S/m]
# name 7 = c1S/m: Conductivity, 2 [S/m]
# name 8 = sbeox0V: Oxygen raw, SBE 43 [V]
# name 9 = sbeox1V: Oxygen raw, SBE 43, 2 [V]
# name 10 = altM: Altimeter [m]
# name 11 = latitude: Latitude [deg]
# name 12 = longitude: Longitude [deg]
# name 13 = sbox0dV/dT: Oxygen, SBE 43 [dov/dt]
# name 14 = sbox1dV/dT: Oxygen, SBE 43, 2 [dov/dt]
# name 15 = nbf: Bottles Fired
# name 16 = flag:  0.000e+00
# interval = seconds: 0.0416667
# start_time = Sep 30 2021 06:31:03 [NMEA time, header]
# bad_flag = -9.990e-29
*END*
[from data line 171]
      15421    642.500     19.954     20.086    29.2836    29.2850   5.864596   5.864874     3.0781     2.6081      23.44   26.06092  -96.80698   -0.00084    0.00100          2  0.000e+00
      15422    642.542     19.947     20.079    29.2836    29.2850   5.864596   5.864882     3.0806     2.6081      23.44   26.06092  -96.80698   -0.00083    0.00095          2  0.000e+00
      15423    642.583     19.907     20.038    29.2836    29.2850   5.864596   5.864841     3.0794     2.6081      23.44   26.06092  -96.80698   -0.00083    0.00089          2  0.000e+00
      15424    642.625     19.907     20.038    29.2836    29.2848   5.864596   5.864858     3.0806     2.6081      23.44   26.06092  -96.80698   -0.00081    0.00084          2  0.000e+00
      15425    642.667     19.947     20.079    29.2836    29.2851   5.864485   5.864914     3.0794     2.6081      23.44   26.06092  -96.80698   -0.00079    0.00078          2  0.000e+00
      15426    642.708     19.859     19.990    29.2834    29.2850   5.864524   5.864890     3.0806     2.6081      23.44   26.06092  -96.80698   -0.00078    0.00072          2  0.000e+00
      15427    642.750     19.954     20.086    29.2834    29.2850   5.864548   5.864914     3.0806     2.6068      23.44   26.06092  -96.80698   -0.00076    0.00066          2  0.000e+00
      15428    642.792     19.846     19.977    29.2835    29.2851   5.864580   5.864882     3.0806     2.6068      23.44   26.06092  -96.80698   -0.00074    0.00058          2  0.000e+00
      15429    642.833     19.907     20.038    29.2827    29.2850   5.864524   5.864914     3.0818     2.6068      23.44   26.06092  -96.80698   -0.00069    0.00052          2  0.000e+00
      15430    642.875     19.907     20.038    29.2822    29.2852   5.864500   5.864930     3.0806     2.6068      23.44   26.06092  -96.80698   -0.00065    0.00046          2  0.000e+00
      15431    642.917     19.846     19.977    29.2811    29.2851   5.864429   5.864890     3.0806     2.6068      23.44   26.06092  -96.80698   -0.00061    0.00042          2  0.000e+00
      15432    642.958     19.907     20.038    29.2805    29.2853   5.864437   5.864938     3.0806     2.6056      23.44   26.06092  -96.80698   -0.00057    0.00035          2  0.000e+00
      15433    643.000     19.859     19.990    29.2803    29.2851   5.864381   5.864898     3.0806     2.6056      23.44   26.06092  -96.80698   -0.00053    0.00029          2  0.000e+00
      15434    643.042     19.805     19.936    29.2799    29.2851   5.864358   5.864882     3.0806     2.6056      23.44   26.06092  -96.80698   -0.00051    0.00023          2  0.000e+00
      15435    643.083     19.900     20.031    29.2805    29.2853   5.864461   5.864841     3.0806     2.6068      23.44   26.06092  -96.80698   -0.00049    0.00020          2  0.000e+00
      15436    643.125     19.859     19.990    29.2809    29.2853   5.864461   5.864833     3.0806     2.6068      23.44   26.06092  -96.80698   -0.00047    0.00017          2  0.000e+00
      15437    643.167     19.859     19.990    29.2812    29.2851   5.864485   5.864890     3.0806     2.6068      23.44   26.06092  -96.80698   -0.00044    0.00014          2  0.000e+00
      15438    643.208     19.798     19.929    29.2814    29.2850   5.864500   5.864817     3.0806     2.6068      23.44   26.06092  -96.80698   -0.00042    0.00012          2  0.000e+00
      15439    643.250     19.859     19.990    29.2816    29.2852   5.864492   5.864785     3.0806     2.6068      23.44   26.06092  -96.80698   -0.00040    0.00009          2  0.000e+00
      15440    643.292     19.805     19.936    29.2820    29.2850   5.864532   5.864857     3.0794     2.6081      23.44   26.06092  -96.80698   -0.00039    0.00008          2  0.000e+00
      15441    643.333     19.846     19.976    29.2822    29.2851   5.864508   5.864906     3.0794     2.6068      28.25   26.06092  -96.80698   -0.00038    0.00005          2  0.000e+00
      15442    643.375     19.805     19.936    29.2822    29.2851   5.864500   5.864890     3.0806     2.6081      55.43   26.06092  -96.80698   -0.00036    0.00004          2  0.000e+00
      15443    643.417     19.805     19.936    29.2822    29.2851   5.864500   5.864882     3.0794     2.6081      67.35   26.06092  -96.80698   -0.00035    0.00003          2  0.000e+00
      15444    643.458     19.798     19.929    29.2823    29.2850   5.864532   5.864882     3.0806     2.6081      67.94   26.06092  -96.80698   -0.00032    0.00002          2  0.000e+00
      15445    643.500     19.805     19.936    29.2822    29.2850   5.864508   5.864865     3.0794     2.6081      66.72   26.06092  -96.80698   -0.00029   -0.00001          2  0.000e+00
      15446    643.542     19.805     19.936    29.2822    29.2850   5.864500   5.864874     3.0806     2.6093      66.28   26.06092  -96.80698   -0.00025   -0.00001          2  0.000e+00
      15447    643.583     19.798     19.929    29.2825    29.2850   5.864532   5.864914     3.0794     2.6081      66.25   26.06092  -96.80698   -0.00024   -0.00002          2  0.000e+00
      15448    643.625     19.805     19.936    29.2823    29.2850   5.864508   5.864857     3.0806     2.6081      66.30   26.06092  -96.80698   -0.00021   -0.00004          2  0.000e+00
      15449    643.667     19.758     19.888    29.2822    29.2850   5.864532   5.864906     3.0794     2.6081      66.35   26.06092  -96.80698   -0.00018   -0.00005          2  0.000e+00
      15450    643.708     19.798     19.929    29.2825    29.2850   5.864477   5.864882     3.0806     2.6081      66.32   26.06092  -96.80698   -0.00015   -0.00006          2  0.000e+00
      15451    643.750     19.805     19.936    29.2829    29.2850   5.864524   5.864841     3.0781     2.6081      66.32   26.06092  -96.80698   -0.00013   -0.00006          2  0.000e+00
      15452    643.792     19.757     19.888    29.2825    29.2851   5.864548   5.864833     3.0806     2.6068      66.32   26.06092  -96.80698   -0.00010   -0.00009          2  0.000e+00
      15453    643.833     19.751     19.881    29.2827    29.2851   5.864548   5.864833     3.0781     2.6081      66.32   26.06092  -96.80698   -0.00010   -0.00009          2  0.000e+00
      15454    643.875     19.805     19.935    29.2827    29.2850   5.864548   5.864817     3.0781     2.6068      66.35   26.06092  -96.80698   -0.00010   -0.00010          2  0.000e+00
      15455    643.917     19.710     19.840    29.2827    29.2851   5.864580   5.864825     3.0806     2.6068      66.35   26.06092  -96.80698   -0.00007   -0.00012          2  0.000e+00
      15456    643.958     19.798     19.929    29.2827    29.2850   5.864524   5.864865     3.0781     2.6056      66.35   26.06092  -96.80698   -0.00007   -0.00015          2  0.000e+00
      15457    644.000     19.757     19.888    29.2827    29.2848   5.864500   5.864841     3.0794     2.6056      66.35   26.06092  -96.80698   -0.00005   -0.00016          2  0.000e+00
      15458    644.042     19.757     19.888    29.2829    29.2851   5.864532   5.864890     3.0794     2.6056      66.32   26.06092  -96.80698   -0.00005   -0.00019          2  0.000e+00
      15459    644.083     19.751     19.881    29.2827    29.2850   5.864548   5.864817     3.0794     2.6056      66.32   26.06092  -96.80698   -0.00004   -0.00020          2  0.000e+00
      15460    644.125     19.757     19.888    29.2825    29.2850   5.864548   5.864785     3.0806     2.6056      66.35   26.06092  -96.80698   -0.00002   -0.00021          2  0.000e+00
      15461    644.167     19.710     19.840    29.2825    29.2851   5.864548   5.864857     3.0781     2.6056      66.32   26.06092  -96.80698   -0.00006   -0.00022          2  0.000e+00
      15462    644.208     19.751     19.881    29.2829    29.2850   5.864548   5.864833     3.0794     2.6056      66.35   26.06092  -96.80698   -0.00005   -0.00023          2  0.000e+00
      15463    644.250     19.757     19.888    29.2829    29.2850   5.864540   5.864793     3.0794     2.6056      66.32   26.06092  -96.80698   -0.00007   -0.00023          2  0.000e+00
      15464    644.292     19.710     19.840    29.2827    29.2851   5.864580   5.864745     3.0794     2.6056      58.61   26.06092  -96.80698   -0.00007   -0.00024          2  0.000e+00
      15465    644.333     19.751     19.881    29.2823    29.2850   5.864484   5.864737     3.0806     2.6056      32.06   26.06092  -96.80698   -0.00008   -0.00024          2  0.000e+00
      15466    644.375     19.710     19.840    29.2823    29.2850   5.864484   5.864592     3.0781     2.6056      22.20   26.06092  -96.80698   -0.00011   -0.00025          2  0.000e+00
      15467    644.417     19.757     19.888    29.2824    29.2851   5.864461   5.863620     3.0806     2.6056      22.15   26.06092  -96.80698   -0.00011   -0.00027          2  0.000e+00
      15468    644.458     19.750     19.881    29.2822    29.2848   5.864524   5.864383     3.0794     2.6056      23.30   26.06092  -96.80698   -0.00012   -0.00029          2  0.000e+00
      15469    644.500     19.710     19.840    29.2820    29.2848   5.864477   5.864737     3.0794     2.6056      23.66   26.06092  -96.80698   -0.00014   -0.00030          2  0.000e+00
      15470    644.542     19.805     19.935    29.2818    29.2848   5.864484   5.864737     3.0806     2.6044      23.64   26.06092  -96.80698   -0.00014   -0.00036          2  0.000e+00
      15471    644.583     19.696     19.826    29.2818    29.2848   5.864500   5.864648     3.0781     2.6044      23.59   26.06092  -96.80698   -0.00017   -0.00039          2  0.000e+00
      15472    644.625     19.710     19.840    29.2816    29.2848   5.864461   5.864632     3.0806     2.6044      23.59   26.06092  -96.80698   -0.00015   -0.00044          2  0.000e+00
      15473    644.667     19.757     19.888    29.2816    29.2846   5.864453   5.864673     3.0781     2.6056      23.59   26.06092  -96.80698   -0.00018   -0.00048          2  0.000e+00
      15474    644.708     19.696     19.826    29.2812    29.2848   5.864484   5.864689     3.0794     2.6056      23.59   26.06092  -96.80698   -0.00018   -0.00053          2  0.000e+00
      15475    644.750     19.757     19.888    29.2812    29.2848   5.864500   5.864673     3.0794     2.6056      23.59   26.06092  -96.80698   -0.00019   -0.00056          2  0.000e+00
      15476    644.792     19.757     19.888    29.2810    29.2848   5.864461   5.864648     3.0806     2.6056      23.59   26.06092  -96.80696   -0.00017   -0.00059          2  0.000e+00
      15477    644.833     19.696     19.826    29.2810    29.2850   5.864484   5.864640     3.0794     2.6056      23.59   26.06092  -96.80696   -0.00017   -0.00064          2  0.000e+00
      15478    644.875     19.757     19.887    29.2816    29.2846   5.864461   5.864528     3.0806     2.6056      23.57   26.06092  -96.80696   -0.00016   -0.00068          2  0.000e+00
      15479    644.917     19.757     19.887    29.2820    29.2844   5.864484   5.864520     3.0794     2.6056      23.59   26.06092  -96.80696   -0.00016   -0.00071          2  0.000e+00
      15480    644.958     19.696     19.826    29.2820    29.2842   5.864532   5.864472     3.0806     2.6056      23.59   26.06092  -96.80696   -0.00016   -0.00076          2  0.000e+00
      15481    645.000     19.757     19.887    29.2824    29.2844   5.864508   5.864480     3.0794     2.6056      23.59   26.06092  -96.80696   -0.00015   -0.00079          2  0.000e+00
      15482    645.042     19.757     19.887    29.2827    29.2846   5.864500   5.864496     3.0806     2.6056      23.59   26.06092  -96.80696   -0.00015   -0.00082          2  0.000e+00
      15483    645.083     19.696     19.826    29.2829    29.2846   5.864500   5.864448     3.0794     2.6056      23.59   26.06092  -96.80696   -0.00014   -0.00087          2  0.000e+00
      15484    645.125     19.757     19.887    29.2829    29.2846   5.864572   5.864407     3.0806     2.6056      23.59   26.06092  -96.80696   -0.00014   -0.00090          2  0.000e+00
      15485    645.167     19.757     19.887    29.2832    29.2846   5.864595   5.864440     3.0794     2.6056      23.57   26.06092  -96.80696   -0.00014   -0.00093          2  0.000e+00
      15486    645.208     19.710     19.840    29.2831    29.2844   5.864548   5.864415     3.0806     2.6056      23.59   26.06092  -96.80696   -0.00013   -0.00094          2  0.000e+00
      15487    645.250     19.798     19.928    29.2834    29.2844   5.864508   5.864496     3.0794     2.6056      23.59   26.06092  -96.80696   -0.00015   -0.00097          2  0.000e+00
      15488    645.292     19.757     19.887    29.2832    29.2846   5.864572   5.864472     3.0794     2.6056      23.59   26.06092  -96.80696   -0.00016   -0.00098          2  0.000e+00
      15489    645.333     19.757     19.887    29.2833    29.2846   5.864595   5.864456     3.0781     2.6056      23.54   26.06092  -96.80696   -0.00019   -0.00099          2  0.000e+00
      15490    645.375     19.750     19.881    29.2834    29.2846   5.864524   5.864415     3.0806     2.6068      23.52   26.06092  -96.80696   -0.00017   -0.00100          2  0.000e+00
      15491    645.417     19.804     19.935    29.2834    29.2850   5.864532   5.864351     3.0794     2.6068      23.54   26.06092  -96.80696   -0.00017   -0.00099          2  0.000e+00
      15492    645.458     19.757     19.887    29.2836    29.2850   5.864580   5.864351     3.0769     2.6068      23.54   26.06092  -96.80696   -0.00020   -0.00099          2  0.000e+00
      15493    645.500     19.750     19.881    29.2834    29.2853   5.864524   5.864319     3.0794     2.6068      23.54   26.06092  -96.80696   -0.00019   -0.00098          2  0.000e+00
      15494    645.542     19.804     19.935    29.2836    29.2850   5.864572   5.864383     3.0794     2.6068      23.54   26.06092  -96.80696   -0.00019   -0.00097          2  0.000e+00
      15495    645.583     19.804     19.935    29.2839    29.2851   5.864595   5.864351     3.0769     2.6068      23.54   26.06092  -96.80696   -0.00021   -0.00096          2  0.000e+00
      15496    645.625     19.750     19.881    29.2838    29.2850   5.864595   5.864383     3.0769     2.6081      23.52   26.06092  -96.80696   -0.00024   -0.00093          2  0.000e+00
      15497    645.667     19.858     19.990    29.2836    29.2853   5.864556   5.864407     3.0769     2.6081      23.54   26.06092  -96.80696   -0.00027   -0.00091          2  0.000e+00
      15498    645.708     19.757     19.887    29.2838    29.2850   5.864476   5.864367     3.0769     2.6068      23.54   26.06092  -96.80696   -0.00029   -0.00090          2  0.000e+00
      15499    645.750     19.798     19.928    29.2836    29.2851   5.864524   5.864359     3.0769     2.6081      23.54   26.06092  -96.80696   -0.00030   -0.00085          2  0.000e+00
      15500    645.792     19.858     19.989    29.2833    29.2853   5.864548   5.864335     3.0769     2.6081      23.54   26.06092  -96.80696   -0.00032   -0.00083          2  0.000e+00
      15501    645.833     19.804     19.935    29.2836    29.2852   5.864508   5.864383     3.0781     2.6081      23.52   26.06092  -96.80696   -0.00033   -0.00078          2  0.000e+00
      15502    645.875     19.845     19.976    29.2836    29.2851   5.864429   5.864367     3.0794     2.6081      23.54   26.06092  -96.80696   -0.00032   -0.00074          2  0.000e+00
      15503    645.917     19.804     19.935    29.2840    29.2851   5.864262   5.864359     3.0794     2.6068      23.52   26.06092  -96.80696   -0.00030   -0.00071          2  0.000e+00
      15504    645.958     19.858     19.989    29.2842    29.2851   5.864144   5.864407     3.0781     2.6081      23.52   26.06092  -96.80696   -0.00030   -0.00066          2  0.000e+00
