GOMECC/GOMECC-4/1db/rb2103_0511.cnv
* Sea-Bird SBE 9 Data File:
* FileName = C:\Users\scs.user.rb\CTD\GOMECC4\data\rb2103_0511.hex
* Software Version Seasave V 7.26.7.107
* Temperature SN = 4799
* Conductivity SN = 3860
* Number of Bytes Per Scan = 41
* Number of Voltage Words = 4
* Number of Scans Averaged by the Deck Unit = 1
* NMEA Latitude = 27 41.47 N
* NMEA Longitude = 094 13.19 W
* NMEA UTC (Time) = Sep 27 2021  19:13:13
* NMEA baud rate = 4800
# nquan = 28
# nvalues = 323                         
# units = specified
# name 0 = scan: Scan Count
# name 1 = timeS: Time, Elapsed [seconds]
# name 2 = depSM: Depth [salt water, m]
# name 3 = prDM: Pressure, Digiquartz [db]
# name 4 = t090C: Temperature [ITS-90, deg C]
# name 5 = t190C: Temperature, 2 [ITS-90, deg C]
# name 6 = c0S/m: Conductivity [S/m]
# name 7 = c1S/m: Conductivity, 2 [S/m]
# name 8 = sbeox0V: Oxygen raw, SBE 43 [V]
# name 9 = sbeox1V: Oxygen raw, SBE 43, 2 [V]
# name 10 = altM: Altimeter [m]
# name 11 = latitude: Latitude [deg]
# name 12 = longitude: Longitude [deg]
# name 13 = sbox0dV/dT: Oxygen, SBE 43 [dov/dt]
# name 14 = sbox1dV/dT: Oxygen, SBE 43, 2 [dov/dt]
# name 15 = sbeox0ML/L: Oxygen, SBE 43 [ml/l], WS = 5
# name 16 = sbeox1ML/L: Oxygen, SBE 43, 2 [ml/l], WS = 5
# name 17 = potemp090C: Potential Temperature [ITS-90, deg C]
# name 18 = potemp190C: Potential Temperature, 2 [ITS-90, deg C]
# name 19 = sal00: Salinity, Practical [PSU]
# name 20 = sal11: Salinity, Practical, 2 [PSU]
# name 21 = sigma-é00: Density [sigma-theta, kg/m^3]
# name 22 = sigma-é11: Density, 2 [sigma-theta, kg/m^3]
# name 23 = avgsvCM: Average Sound Velocity [Chen-Millero, m/s], minP = 20, minS = 20
# name 24 = sbox0Mm/Kg: Oxygen, SBE 43 [umol/kg], WS = 5
# name 25 = sbox1Mm/Kg: Oxygen, SBE 43, 2 [umol/kg], WS = 5
# name 26 = nbin: number of scans per bin
# name 27 = flag: flag
# span 0 =       9619,      55821       
# span 1 =    400.762,   2325.833       
# span 2 =      1.987,    276.964       
# span 3 =      2.000,    279.000       
# span 4 =    13.1683,    29.2874       
# span 5 =    13.1731,    29.2769       
# span 6 =   4.194022,   5.891450       
# span 7 =   4.194278,   5.891224       
# span 8 =     1.7183,     3.2103       
# span 9 =     1.4125,     2.7524       
# span 10 =       9.54,     102.58      
# span 11 =   27.53619,   28.09643      
# span 12 =  -95.59755,  -93.69134      
# span 13 =   -0.04865,    0.03905      
# span 14 =   -0.04460,    0.03632      
# span 15 =     2.5225,     4.8766      
# span 16 =     2.5413,     4.8953      
# span 17 =    13.1294,    29.2848      
# span 18 =    13.1343,    29.2743      
# span 19 =    35.4550,    36.4740      
# span 20 =    35.4596,    36.4755      
# span 21 =    22.4829,    26.9164      
# span 22 =    22.4860,    26.9164      
# span 23 =       0.00,    1545.03      
# span 24 =    109.779,    212.590      
# span 25 =    110.598,    213.412      
# span 26 =         30,         69      
# span 27 = 0.0000e+00, 0.0000e+00      
# interval = decibars: 1                
# start_time = Sep 27 2021 19:13:13 [NMEA time, header]
# bad_flag = -9.990e-29
*END*
[from data line 156]
      17383    724.257    214.457    216.000    15.1859    15.1922   4.428992   4.429709     1.8019     1.4861      72.19   27.69106  -94.21837   -0.00070   -0.00093     2.6096     2.6364    15.1527    15.1589    35.9940    35.9948    26.7047    26.7040    1526.90    113.512    114.679         32 0.0000e+00
      17415    725.571    215.449    217.000    15.1477    15.1484   4.424633   4.424687     1.8005     1.4852      71.06   27.69157  -94.22012   -0.00038   -0.00060     2.6088     2.6366    15.1143    15.1150    35.9892    35.9890    26.7096    26.7093    1526.85    113.479    114.687         30 0.0000e+00
      17545    730.992    220.411    222.000    14.9454    14.9467   4.400953   4.401082     1.7931     1.4790      66.35   27.69127  -94.21913   -0.00122   -0.00125     2.6046     2.6334    14.9116    14.9128    35.9568    35.9568    26.7295    26.7293    1526.49    113.295    114.548         31 0.0000e+00
      17707    737.756    226.364    228.000    14.8314    14.8311   4.388227   4.388207     1.7836     1.4725      60.23   27.69335  -94.22621   -0.00110   -0.00082     2.5902     2.6247    14.7968    14.7965    35.9435    35.9433    26.7447    26.7446    1526.19    112.663    114.167         31 0.0000e+00
      17805    741.844    230.333    232.000    14.6765    14.6764   4.369730   4.369678     1.7755     1.4616      56.41   27.68808  -94.20829   -0.00160   -0.00209     2.5811     2.6062    14.6416    14.6415    35.9135    35.9133    26.7551    26.7550    1525.65    112.270    113.359         30 0.0000e+00
      17840    743.310    231.325    233.000    14.6253    14.6251   4.363897   4.363861     1.7711     1.4578      55.31   27.69156  -94.22012   -0.00291   -0.00351     2.5735     2.5989    14.5903    14.5901    35.9073    35.9071    26.7617    26.7616    1525.76    111.935    113.040         34 0.0000e+00
      17938    747.355    235.294    237.000    14.3202    14.3213   4.328085   4.328179     1.7612     1.4526      51.35   27.68695  -94.20442   -0.00235   -0.00110     2.5690     2.6039    14.2851    14.2862    35.8559    35.8560    26.7878    26.7877    1525.24    111.736    113.258         32 0.0000e+00
      17974    748.881    236.287    238.000    14.3054    14.3057   4.326626   4.326642     1.7613     1.4525      50.32   27.69156  -94.22012   -0.00154   -0.00041     2.5701     2.6047    14.2702    14.2705    35.8566    35.8565    26.7917    26.7916    1525.43    111.784    113.290         33 0.0000e+00
      18072    752.963    240.256    242.000    14.1740    14.1749   4.311225   4.311330     1.7598     1.4500      46.49   27.68942  -94.21284   -0.00029   -0.00042     2.5755     2.6069    14.1384    14.1393    35.8330    35.8332    26.8016    26.8015    1525.03    112.019    113.387         32 0.0000e+00
      18106    754.374    241.248    243.000    14.1468    14.1465   4.308295   4.308244     1.7586     1.4493      45.44   27.69156  -94.22012   -0.00049   -0.00036     2.5744     2.6070    14.1111    14.1108    35.8313    35.8310    26.8062    26.8061    1525.09    111.971    113.387         31 0.0000e+00
      18238    759.881    246.209    248.000    13.9083    13.9089   4.281036   4.281112     1.7489     1.4398      40.59   27.69253  -94.22341   -0.00216   -0.00230     2.5662     2.5967    13.8723    13.8729    35.7967    35.7970    26.8302    26.8303    1524.80    111.611    112.937         30 0.0000e+00
      18721    780.001    264.067    266.000    13.4751    13.4782   4.231568   4.231915     1.7264     1.4205      22.85   27.69012  -94.21519   -0.00069   -0.00058     2.5417     2.5747    13.4373    13.4404    35.7275    35.7278    26.8672    26.8668    1523.49    110.540    111.976         31 0.0000e+00
      18842    785.034    268.035    270.000    13.4063    13.4130   4.222223   4.223039     1.7268     1.4206      18.47   27.67433  -94.16147    0.00038    0.00036     2.5486     2.5803    13.3680    13.3747    35.6970    35.6984    26.8568    26.8565    1522.36    110.840    112.219         38 0.0000e+00
      19100    795.777    270.020    272.000    13.3770    13.3667   4.221041   4.219727     1.7284     1.4220      16.47   27.69365  -94.22722    0.00032    0.00005     2.5542     2.5873    13.3385    13.3282    35.7182    35.7154    26.8806    26.8806    1523.31    111.086    112.523         40 0.0000e+00
      19234    801.380    271.012    273.000    13.3446    13.3450   4.217044   4.216827     1.7293     1.4214      15.41   27.69156  -94.22010    0.00031    0.00017     2.5590     2.5872    13.3060    13.3065    35.7097    35.7095    26.8805    26.8803    1523.13    111.294    112.518         30 0.0000e+00
      19448    810.302    272.996    275.000    13.2900    13.2956   4.213716   4.213984     1.7286     1.4224      13.70   27.71852  -94.31184   -0.00018   -0.00017     2.5593     2.5929    13.2512    13.2568    35.7257    35.7338    26.9057    26.9113    1524.51    111.305    112.767         33 0.0000e+00
      19699    820.753    274.979    277.000    13.1690    13.1731   4.194022   4.194278     1.7210     1.4154      11.07   27.66208  -94.11977   -0.00035   -0.00048     2.5513     2.5830    13.1302    13.1343    35.6482    35.6526    26.8669    26.8698    1521.25    110.957    112.335         30 0.0000e+00
      20196    841.461    276.964    279.000    13.2274    13.2158   4.206226   4.204711     1.7243     1.4173       9.54   27.71848  -94.31167    0.00000    0.00009     2.5543     2.5848    13.1882    13.1767    35.7224    35.7194    26.9164    26.9164    1524.26    111.087    112.413         64 0.0000e+00
      25202   1050.052    275.972    278.000    13.1683    13.1762   4.197207   4.197702     1.7183     1.4125       9.93   27.69156  -94.22003   -0.00012   -0.00017     2.5432     2.5740    13.1294    13.1373    35.6811    35.6816    26.8945    26.8933    1522.77    110.605    111.942         41 0.0000e+00
      24194   1008.054    274.980    277.000    13.1844    13.1849   4.198560   4.198611     1.7198     1.4140      10.89   27.69156  -94.22004    0.00017    0.00024     2.5459     2.5774    13.1456    13.1460    35.6828    35.6827    26.8926    26.8924    1522.77    110.721    112.093         30 0.0000e+00
      24230   1009.529    273.988    276.000    13.1866    13.1861   4.198809   4.198708     1.7204     1.4142      11.73   27.69156  -94.22004    0.00022    0.00009     2.5468     2.5776    13.1479    13.1475    35.6834    35.6829    26.8925    26.8922    1522.77    110.761    112.103         34 0.0000e+00
      24265   1010.997    272.996    275.000    13.1922    13.1927   4.199530   4.199373     1.7207     1.4151      12.65   27.69156  -94.22004    0.00030    0.00030     2.5470     2.5793    13.1537    13.1542    35.6841    35.6834    26.8919    26.8912    1522.77    110.769    112.174         35 0.0000e+00
      24297   1012.321    272.004    274.000    13.2234    13.2171   4.202603   4.202009     1.7212     1.4151      13.56   27.69156  -94.22004    0.00028    0.00035     2.5463     2.5774    13.1850    13.1787    35.6892    35.6875    26.8895    26.8895    1522.77    110.738    112.094         30 0.0000e+00
      24424   1017.632    267.043    269.000    13.3438    13.3435   4.216914   4.216868     1.7262     1.4200      18.54   27.69290  -94.22458    0.00098    0.00103     2.5498     2.5820    13.3058    13.3055    35.7113    35.7111    26.8820    26.8819    1522.84    110.895    112.292         31 0.0000e+00
      24455   1018.906    266.051    268.000    13.3567    13.3609   4.218287   4.218562     1.7273     1.4196      19.52   27.69156  -94.22003    0.00083    0.00074     2.5515     2.5797    13.3188    13.3230    35.7122    35.7109    26.8799    26.8780    1522.77    110.966    112.193         32 0.0000e+00
      24561   1023.339    262.083    264.000    13.4561    13.4639   4.229670   4.230443     1.7276     1.4199      23.43   27.69341  -94.22631    0.00011   -0.00000     2.5450     2.5732    13.4187    13.4264    35.7291    35.7292    26.8726    26.8710    1522.87    110.685    111.913         30 0.0000e+00
      24591   1024.567    261.091    263.000    13.4635    13.4652   4.230294   4.230461     1.7267     1.4188      24.55   27.69156  -94.22002   -0.00055   -0.00051     2.5419     2.5698    13.4261    13.4279    35.7280    35.7279    26.8700    26.8696    1522.77    110.552    111.763         32 0.0000e+00
      24732   1030.450    256.130    258.000    13.5384    13.5414   4.239098   4.239271     1.7266     1.4188      29.53   27.69557  -94.23365    0.00025    0.00015     2.5355     2.5637    13.5016    13.5046    35.7442    35.7433    26.8672    26.8659    1522.99    110.272    111.499         32 0.0000e+00
      24794   1033.052    255.138    257.000    13.5242    13.5270   4.236960   4.237295     1.7263     1.4197      30.80   27.69156  -94.22002   -0.00003    0.00052     2.5353     2.5666    13.4876    13.4904    35.7367    35.7372    26.8640    26.8639    1522.77    110.265    111.627         40 0.0000e+00
      24908   1037.812    254.146    256.000    13.5390    13.5221   4.238559   4.236821     1.7274     1.4193      31.70   27.69156  -94.22002    0.00042    0.00010     2.5369     2.5655    13.5025    13.4856    35.7384    35.7378    26.8623    26.8653    1522.77    110.333    111.576         50 0.0000e+00
      25035   1043.089    253.154    255.000    13.5620    13.5599   4.241228   4.241038     1.7281     1.4207      32.71   27.69156  -94.22002    0.00015    0.00024     2.5371     2.5669    13.5256    13.5235    35.7425    35.7427    26.8607    26.8612    1522.77    110.343    111.637         52 0.0000e+00
      25376   1057.273    250.177    252.000    13.6852    13.6905   4.253854   4.254240     1.7299     1.4223      35.49   27.67466  -94.16251    0.00012    0.00001     2.5338     2.5632    13.6490    13.6543    35.7424    35.7410    26.8336    26.8315    1521.84    110.200    111.480         30 0.0000e+00
      26881   1120.015    248.193    250.000    13.8501    13.8428   4.274884   4.274167     1.7318     1.4242      37.72   27.69598  -94.23500    0.00004    0.00035     2.5274     2.5584    13.8139    13.8067    35.7933    35.7908    26.8401    26.8395    1523.01    109.923    111.272         47 0.0000e+00
      27036   1126.445    247.201    249.000    13.8506    13.8503   4.274364   4.274541     1.7324     1.4250      38.61   27.69158  -94.22004    0.00028    0.00018     2.5287     2.5599    13.8146    13.8143    35.7872    35.7892    26.8349    26.8365    1522.77    109.981    111.338         40 0.0000e+00
      27133   1130.481    245.217    247.000    13.8835    13.8844   4.278448   4.278415     1.7343     1.4267      40.50   27.69366  -94.22713    0.00045    0.00033     2.5308     2.5618    13.8477    13.8486    35.7960    35.7946    26.8348    26.8336    1522.88    110.071    111.420         48 0.0000e+00
      27174   1132.227    244.224    246.000    13.8933    13.8917   4.279292   4.279004     1.7359     1.4282      41.37   27.69158  -94.22004    0.00075    0.00087     2.5340     2.5653    13.8576    13.8560    35.7945    35.7937    26.8315    26.8312    1522.77    110.212    111.574         35 0.0000e+00
      27257   1135.687    241.248    243.000    14.0488    14.0445   4.297369   4.296761     1.7428     1.4337      44.25   27.69410  -94.22869    0.00183    0.00135     2.5409     2.5705    14.0133    14.0090    35.8213    35.8196    26.8195    26.8191    1522.91    110.514    111.800         33 0.0000e+00
      27287   1136.936    240.255    242.000    14.0615    14.0682   4.298712   4.299067     1.7457     1.4368      45.23   27.69157  -94.22004    0.00222    0.00232     2.5470     2.5771    14.0261    14.0328    35.8216    35.8187    26.8168    26.8131    1522.77    110.776    112.086         31 0.0000e+00
      27372   1140.478    237.279    239.000    14.1873    14.1852   4.313379   4.313244     1.7525     1.4412      48.19   27.69257  -94.22342    0.00195    0.00142     2.5554     2.5814    14.1521    14.1500    35.8430    35.8437    26.8066    26.8076    1522.82    111.146    112.275         30 0.0000e+00
      27486   1145.206    233.310    235.000    14.3168    14.3253   4.328347   4.329273     1.7569     1.4458      52.10   27.69355  -94.22674    0.00094    0.00101     2.5573     2.5845    14.2820    14.2905    35.8639    35.8646    26.7950    26.7937    1522.88    111.230    112.411         33 0.0000e+00
      27517   1146.514    232.318    234.000    14.3583    14.3596   4.333127   4.332998     1.7576     1.4467      53.27   27.69156  -94.22004    0.00059    0.00038     2.5563     2.5848    14.3236    14.3249    35.8695    35.8671    26.7903    26.7881    1522.77    111.187    112.424         31 0.0000e+00
      27625   1150.981    228.349    230.000    14.6305    14.6313   4.364593   4.364805     1.7622     1.4501      57.16   27.68962  -94.21336    0.00101    0.00089     2.5504     2.5769    14.5960    14.5968    35.9095    35.9107    26.7620    26.7628    1522.66    110.934    112.083         36 0.0000e+00
      27738   1155.726    224.379    226.000    14.7985    14.7992   4.384705   4.384777     1.7708     1.4592      61.17   27.69451  -94.23000    0.00217    0.00227     2.5601     2.5905    14.7643    14.7650    35.9420    35.9423    26.7507    26.7508    1522.93    111.354    112.676         34 0.0000e+00
      27770   1157.055    223.387    225.000    14.8020    14.8122   4.384686   4.385798     1.7730     1.4610      62.04   27.69158  -94.22004    0.00231    0.00240     2.5650     2.5943    14.7680    14.7782    35.9387    35.9395    26.7472    26.7456    1522.77    111.570    112.842         34 0.0000e+00
      27880   1161.635    219.418    221.000    14.8970    14.9158   4.395807   4.397747     1.7795     1.4677      66.14   27.69381  -94.22763    0.00137    0.00149     2.5740     2.6046    14.8634    14.8821    35.9556    35.9561    26.7394    26.7356    1522.89    111.959    113.295         35 0.0000e+00
      27913   1162.991    218.426    220.000    14.9077    14.9478   4.396348   4.400752     1.7820     1.4701      67.07   27.69158  -94.22004    0.00175    0.00191     2.5792     2.6090    14.8742    14.9142    35.9503    35.9537    26.7327    26.7266    1522.77    112.186    113.485         32 0.0000e+00
      28022   1167.533    214.456    216.000    15.0557    15.0623   4.414516   4.414931     1.7890     1.4751      71.25   27.69435  -94.22946    0.00168    0.00112     2.5859     2.6143    15.0226    15.0292    35.9829    35.9806    26.7253    26.7221    1522.92    112.479    113.716         37 0.0000e+00
      28055   1168.903    213.464    215.000    15.0652    15.0822   4.415395   4.416987     1.7898     1.4755      72.00   27.69158  -94.22004    0.00140    0.00088     2.5871     2.6140    15.0323    15.0493    35.9816    35.9804    26.7219    26.7173    1522.77    112.532    113.704         32 0.0000e+00
      29820   1242.456    208.502    210.000    15.3393    15.3299   4.447211   4.446152     1.8001     1.4840      76.84   27.69274  -94.22395    0.00017   -0.00033     2.5941     2.6208    15.3068    15.2974    36.0214    36.0209    26.6915    26.6932    1522.83    112.842    114.003         47 0.0000e+00
      29944   1247.617    207.510    209.000    15.3413    15.3357   4.447280   4.446655     1.7996     1.4847      78.09   27.69160  -94.22004   -0.00006    0.00019     2.5927     2.6219    15.3089    15.3032    36.0207    36.0202    26.6904    26.6913    1522.77    112.778    114.048         48 0.0000e+00
      30004   1250.120    206.518    208.000    15.3479    15.3447   4.448016   4.447808     1.8001     1.4860      79.08   27.69160  -94.22004   -0.00018    0.00055     2.5930     2.6245    15.3156    15.3124    36.0218    36.0222    26.6897    26.6907    1522.77    112.793    114.165         42 0.0000e+00
