GOMECC/GOMECC-4/1db/rb2103_1221.ros
* Sea-Bird SBE 9 Data File:
* FileName = C:\Users\scs.user.rb\CTD\GOMECC4\data\rb2103_1221.hex
* Software Version Seasave V 7.26.7.107
* Temperature SN = 4799
* Conductivity SN = 3860
* Number of Bytes Per Scan = 41
* Number of Voltage Words = 4
* Number of Scans Averaged by the Deck Unit = 1
* NMEA Latitude = 24 31.02 N
* NMEA Longitude = 080 37.81 W
* NMEA UTC (Time) = Oct 17 2021  20:29:11
* NMEA baud rate = 4800
# nquan = 17
# nvalues = 1995                                  
# units = specified
# name 0 = scan: Scan Count
# name 1 = timeS: Time, Elapsed [seconds]
# name 2 = depSM: Depth [salt water, m]
# name 3 = prDM: Pressure, Digiquartz [db]
# name 4 = t090C: Temperature [ITS-90, deg C]
# name 5 = t190C: Temperature, 2 [ITS-90, deg C]
# name 6 = c0S/m: Conductivity [S/m]
# name 7 = c1S/m: Conductivity, 2 [S/m]
# name 8 = sbeox0V: Oxygen raw, SBE 43 [V]
# name 9 = sbeox1V: Oxygen raw, SBE 43, 2 [V]
# name 10 = altM: Altimeter [m]
# name 11 = latitude: Latitude [deg]
# name 12 = longitude: Longitude [deg]
# name 13 = sbox0dV/dT: Oxygen, SBE 43 [dov/dt]
# name 14 = sbox1dV/dT: Oxygen, SBE 43, 2 [dov/dt]
# name 15 = nbf: Bottles Fired
# name 16 = flag:  0.000e+00
# interval = seconds: 0.0416667
# start_time = Oct 17 2021 20:29:11 [NMEA time, header]
# bad_flag = -9.990e-29
*END*
[from data line 596]
      38436   1601.458    119.520    120.324    22.4361    22.4427   5.271322   5.272117     2.4164     2.0293     100.00   24.52358  -80.61878   -0.00078    0.00020          5  0.000e+00
      38437   1601.500    119.540    120.345    22.4341    22.4372   5.271148   5.271564     2.4164     2.0293     100.00   24.52358  -80.61878   -0.00077    0.00019          5  0.000e+00
      38438   1601.542    119.540    120.345    22.4352    22.4336   5.271087   5.271211     2.4164     2.0293     100.00   24.52358  -80.61878   -0.00076    0.00018          5  0.000e+00
      38439   1601.583    119.567    120.372    22.4338    22.4325   5.270867   5.271072     2.4164     2.0293     100.00   24.52358  -80.61878   -0.00076    0.00016          5  0.000e+00
      38440   1601.625    119.540    120.345    22.4326    22.4325   5.270807   5.271103     2.4164     2.0293     100.00   24.52358  -80.61878   -0.00075    0.00015          5  0.000e+00
      38441   1601.667    119.540    120.345    22.4324    22.4329   5.270776   5.271195     2.4164     2.0293     100.00   24.52358  -80.61878   -0.00075    0.00014          5  0.000e+00
      38442   1601.708    119.588    120.393    22.4320    22.4346   5.270739   5.271380     2.4164     2.0281     100.00   24.52358  -80.61878   -0.00074    0.00011          5  0.000e+00
      38443   1601.750    119.567    120.372    22.4317    22.4382   5.270655   5.271702     2.4151     2.0281     100.00   24.52358  -80.61878   -0.00075    0.00007          5  0.000e+00
      38444   1601.792    119.540    120.345    22.4324    22.4407   5.270701   5.272048     2.4164     2.0293     100.00   24.52358  -80.61878   -0.00073    0.00006          5  0.000e+00
      38445   1601.833    119.588    120.393    22.4318    22.4420   5.270686   5.272309     2.4151     2.0281     100.00   24.52358  -80.61878   -0.00074    0.00003          5  0.000e+00
      38446   1601.875    119.520    120.325    22.4311    22.4427   5.270678   5.272324     2.4164     2.0281     100.00   24.52358  -80.61878   -0.00072    0.00001          5  0.000e+00
      38447   1601.917    119.540    120.345    22.4320    22.4400   5.270845   5.271986     2.4151     2.0281     100.00   24.52358  -80.61878   -0.00074   -0.00000          5  0.000e+00
      38448   1601.958    119.540    120.345    22.4333    22.4377   5.270966   5.271740     2.4164     2.0281     100.00   24.52358  -80.61878   -0.00074   -0.00002          5  0.000e+00
      38449   1602.000    119.588    120.393    22.4352    22.4395   5.271087   5.271994     2.4151     2.0293     100.00   24.52358  -80.61878   -0.00073   -0.00002          5  0.000e+00
      38450   1602.042    119.568    120.373    22.4351    22.4425   5.271155   5.272424     2.4151     2.0293     100.00   24.52358  -80.61878   -0.00075   -0.00002          5  0.000e+00
      38451   1602.083    119.540    120.345    22.4349    22.4471   5.271095   5.272931     2.4164     2.0281     100.00   24.52358  -80.61878   -0.00075   -0.00003          5  0.000e+00
      38452   1602.125    119.540    120.345    22.4357    22.4523   5.270981   5.273484     2.4151     2.0281     100.00   24.52358  -80.61878   -0.00076   -0.00005          5  0.000e+00
      38453   1602.167    119.568    120.373    22.4352    22.4557   5.270814   5.273829     2.4151     2.0281     100.00   24.52358  -80.61878   -0.00077   -0.00005          5  0.000e+00
      38454   1602.208    119.588    120.393    22.4324    22.4575   5.270610   5.273921     2.4164     2.0293     100.00   24.52358  -80.61878   -0.00076   -0.00005          5  0.000e+00
      38455   1602.250    119.541    120.345    22.4297    22.4577   5.270345   5.273975     2.4164     2.0281     100.00   24.52358  -80.61878   -0.00076   -0.00006          5  0.000e+00
      38456   1602.292    119.568    120.373    22.4285    22.4575   5.270216   5.273967     2.4151     2.0281     100.00   24.52358  -80.61878   -0.00077   -0.00008          5  0.000e+00
      38457   1602.333    119.541    120.345    22.4276    22.4568   5.270095   5.274014     2.4164     2.0281     100.00   24.52358  -80.61878   -0.00076   -0.00008          5  0.000e+00
      38458   1602.375    119.541    120.345    22.4260    22.4585   5.269996   5.274052     2.4164     2.0293     100.00   24.52358  -80.61878   -0.00075   -0.00006          5  0.000e+00
      38459   1602.417    119.588    120.393    22.4251    22.4573   5.269981   5.273845     2.4164     2.0281     100.00   24.52358  -80.61878   -0.00074   -0.00006          5  0.000e+00
      38460   1602.458    119.568    120.373    22.4253    22.4496   5.270011   5.272961     2.4164     2.0293     100.00   24.52358  -80.61878   -0.00074   -0.00005          5  0.000e+00
      38461   1602.500    119.541    120.346    22.4253    22.4396   5.269958   5.271917     2.4164     2.0281     100.00   24.52358  -80.61878   -0.00073   -0.00007          5  0.000e+00
      38462   1602.542    119.588    120.393    22.4249    22.4325   5.269905   5.271126     2.4164     2.0281     100.00   24.52358  -80.61878   -0.00072   -0.00007          5  0.000e+00
      38463   1602.583    119.520    120.325    22.4257    22.4290   5.269958   5.270658     2.4164     2.0281     100.00   24.52358  -80.61878   -0.00071   -0.00006          5  0.000e+00
      38464   1602.625    119.588    120.393    22.4274    22.4270   5.270080   5.270458     2.4164     2.0281     100.00   24.52358  -80.61878   -0.00069   -0.00008          5  0.000e+00
      38465   1602.667    119.588    120.393    22.4278    22.4265   5.270170   5.270397     2.4164     2.0281     100.00   24.52358  -80.61878   -0.00068   -0.00008          5  0.000e+00
      38466   1602.708    119.541    120.346    22.4292    22.4258   5.270329   5.270182     2.4164     2.0281     100.00   24.52358  -80.61878   -0.00066   -0.00007          5  0.000e+00
      38467   1602.750    119.622    120.428    22.4301    22.4240   5.270534   5.269928     2.4164     2.0281     100.00   24.52358  -80.61878   -0.00065   -0.00007          5  0.000e+00
      38468   1602.792    119.541    120.346    22.4295    22.4220   5.270526   5.269629     2.4164     2.0281     100.00   24.52360  -80.61878   -0.00063   -0.00007          5  0.000e+00
      38469   1602.833    119.588    120.394    22.4295    22.4204   5.270405   5.269422     2.4164     2.0281     100.00   24.52360  -80.61878   -0.00061   -0.00006          5  0.000e+00
      38470   1602.875    119.568    120.373    22.4287    22.4193   5.270307   5.269283     2.4176     2.0281     100.00   24.52360  -80.61878   -0.00059   -0.00006          5  0.000e+00
      38471   1602.917    119.588    120.394    22.4281    22.4181   5.270186   5.269115     2.4164     2.0281     100.00   24.52360  -80.61878   -0.00059   -0.00005          5  0.000e+00
      38472   1602.958    119.589    120.394    22.4281    22.4177   5.270019   5.269038     2.4164     2.0281     100.00   24.52360  -80.61878   -0.00058   -0.00005          5  0.000e+00
      38473   1603.000    119.541    120.346    22.4264    22.4172   5.269883   5.269030     2.4164     2.0281     100.00   24.52360  -80.61878   -0.00056   -0.00004          5  0.000e+00
      38474   1603.042    119.622    120.428    22.4248    22.4169   5.269678   5.268992     2.4164     2.0269     100.00   24.52360  -80.61878   -0.00054   -0.00006          5  0.000e+00
      38475   1603.083    119.541    120.346    22.4230    22.4165   5.269496   5.268984     2.4151     2.0281     100.00   24.52360  -80.61878   -0.00055   -0.00005          5  0.000e+00
      38476   1603.125    119.589    120.394    22.4225    22.4163   5.269413   5.268984     2.4151     2.0269     100.00   24.52360  -80.61878   -0.00057   -0.00006          5  0.000e+00
      38477   1603.167    119.568    120.373    22.4225    22.4163   5.269337   5.268915     2.4164     2.0269     100.00   24.52360  -80.61878   -0.00054   -0.00007          5  0.000e+00
      38478   1603.208    119.589    120.394    22.4211    22.4160   5.269322   5.268961     2.4164     2.0269     100.00   24.52360  -80.61878   -0.00054   -0.00008          5  0.000e+00
      38479   1603.250    119.589    120.394    22.4213    22.4163   5.269284   5.268915     2.4151     2.0269     100.00   24.52360  -80.61878   -0.00055   -0.00009          5  0.000e+00
      38480   1603.292    119.419    120.223    22.4205    22.4165   5.269239   5.268930     2.4164     2.0269     100.00   24.52360  -80.61878   -0.00055   -0.00011          5  0.000e+00
      38481   1603.333    119.738    120.544    22.4218    22.4162   5.269231   5.268946     2.4151     2.0269     100.00   24.52360  -80.61878   -0.00056   -0.00012          5  0.000e+00
      38482   1603.375    119.541    120.346    22.4212    22.4167   5.269239   5.268969     2.4151     2.0269     100.00   24.52360  -80.61878   -0.00055   -0.00013          5  0.000e+00
      38483   1603.417    119.589    120.394    22.4203    22.4163   5.269201   5.268915     2.4151     2.0269     100.00   24.52360  -80.61878   -0.00056   -0.00015          5  0.000e+00
      38484   1603.458    119.623    120.428    22.4202    22.4160   5.269193   5.268900     2.4151     2.0269     100.00   24.52360  -80.61878   -0.00057   -0.00017          5  0.000e+00
      38485   1603.500    119.541    120.346    22.4202    22.4156   5.269193   5.268861     2.4151     2.0269     100.00   24.52360  -80.61878   -0.00058   -0.00020          5  0.000e+00
      38486   1603.542    119.589    120.394    22.4211    22.4150   5.269193   5.268784     2.4151     2.0269     100.00   24.52360  -80.61878   -0.00058   -0.00022          5  0.000e+00
      38487   1603.583    119.623    120.428    22.4203    22.4149   5.269193   5.268769     2.4151     2.0269     100.00   24.52360  -80.61878   -0.00059   -0.00024          5  0.000e+00
      38488   1603.625    119.589    120.394    22.4209    22.4149   5.269125   5.268769     2.4151     2.0269     100.00   24.52360  -80.61878   -0.00060   -0.00026          5  0.000e+00
      38489   1603.667    119.589    120.394    22.4203    22.4149   5.269133   5.268731     2.4151     2.0256     100.00   24.52360  -80.61878   -0.00060   -0.00030          5  0.000e+00
      38490   1603.708    119.542    120.346    22.4198    22.4145   5.269080   5.268685     2.4151     2.0256     100.00   24.52360  -80.61878   -0.00061   -0.00034          5  0.000e+00
      38491   1603.750    119.623    120.428    22.4195    22.4145   5.269019   5.268708     2.4151     2.0256     100.00   24.52360  -80.61878   -0.00061   -0.00038          5  0.000e+00
      38492   1603.792    119.589    120.394    22.4195    22.4147   5.269011   5.268723     2.4151     2.0256     100.00   24.52360  -80.61876   -0.00061   -0.00042          5  0.000e+00
      38493   1603.833    119.542    120.346    22.4189    22.4147   5.269019   5.268754     2.4151     2.0256     100.00   24.52360  -80.61876   -0.00062   -0.00045          5  0.000e+00
      38494   1603.875    119.623    120.428    22.4179    22.4149   5.268951   5.268700     2.4151     2.0256     100.00   24.52360  -80.61876   -0.00062   -0.00049          5  0.000e+00
      38495   1603.917    119.637    120.442    22.4173    22.4151   5.268860   5.268708     2.4151     2.0256     100.00   24.52360  -80.61876   -0.00062   -0.00052          5  0.000e+00
      38496   1603.958    119.542    120.347    22.4173    22.4145   5.268837   5.268685     2.4139     2.0256     100.00   24.52360  -80.61876   -0.00062   -0.00056          5  0.000e+00
      38497   1604.000    119.637    120.442    22.4178    22.4147   5.268807   5.268708     2.4139     2.0256     100.00   24.52360  -80.61876   -0.00064   -0.00059          5  0.000e+00
      38498   1604.042    119.569    120.374    22.4177    22.4149   5.268799   5.268654     2.4151     2.0244     100.00   24.52360  -80.61876   -0.00063   -0.00064          5  0.000e+00
      38499   1604.083    119.589    120.394    22.4175    22.4150   5.268822   5.268769     2.4139     2.0256     100.00   24.52360  -80.61876   -0.00065   -0.00067          5  0.000e+00
      38500   1604.125    119.589    120.394    22.4168    22.4151   5.268769   5.268777     2.4139     2.0256     100.00   24.52360  -80.61876   -0.00066   -0.00070          5  0.000e+00
      38501   1604.167    119.623    120.429    22.4166    22.4151   5.268784   5.268769     2.4151     2.0256     100.00   24.52360  -80.61876   -0.00066   -0.00073          5  0.000e+00
      38502   1604.208    119.589    120.394    22.4167    22.4153   5.268731   5.268769     2.4151     2.0256     100.00   24.52360  -80.61876   -0.00065   -0.00076          5  0.000e+00
      38503   1604.250    119.589    120.395    22.4168    22.4149   5.268777   5.268731     2.4151     2.0256     100.00   24.52360  -80.61876   -0.00064   -0.00079          5  0.000e+00
      38504   1604.292    119.589    120.395    22.4173    22.4147   5.268799   5.268723     2.4139     2.0244     100.00   24.52360  -80.61876   -0.00065   -0.00084          5  0.000e+00
      41711   1737.917     88.240     88.828    25.5412    25.5460   5.588144   5.588893     2.7253     2.2955     100.00   24.52442  -80.61750    0.00026   -0.00008          6  0.000e+00
      41712   1737.958     88.091     88.678    25.5415    25.5465   5.588229   5.588893     2.7253     2.2955     100.00   24.52442  -80.61750    0.00027   -0.00007          6  0.000e+00
      41713   1738.000     88.288     88.875    25.5429    25.5469   5.588315   5.588901     2.7265     2.2955      97.66   24.52442  -80.61750    0.00027   -0.00007          6  0.000e+00
      41714   1738.042     88.139     88.725    25.5441    25.5473   5.588439   5.588980     2.7253     2.2943      93.31   24.52442  -80.61750    0.00026   -0.00008          6  0.000e+00
      41715   1738.083     88.186     88.773    25.5448    25.5476   5.588548   5.589004     2.7253     2.2943      92.09   24.52442  -80.61750    0.00026   -0.00010          6  0.000e+00
      41716   1738.125     88.139     88.725    25.5458    25.5471   5.588602   5.588964     2.7253     2.2943      92.19   24.52442  -80.61750    0.00027   -0.00011          6  0.000e+00
      41717   1738.167     88.186     88.773    25.5455    25.5460   5.588618   5.588846     2.7253     2.2943      92.36   24.52442  -80.61750    0.00027   -0.00012          6  0.000e+00
      41718   1738.208     88.186     88.773    25.5453    25.5456   5.588548   5.588815     2.7253     2.2943      92.41   24.52442  -80.61750    0.00027   -0.00013          6  0.000e+00
      41719   1738.250     88.186     88.773    25.5444    25.5464   5.588455   5.588917     2.7253     2.2930      92.41   24.52442  -80.61750    0.00026   -0.00016          6  0.000e+00
      41720   1738.292     88.186     88.773    25.5437    25.5467   5.588431   5.588972     2.7253     2.2930      92.41   24.52442  -80.61750    0.00024   -0.00019          6  0.000e+00
      41721   1738.333     88.139     88.725    25.5441    25.5473   5.588431   5.588956     2.7253     2.2930      92.41   24.52442  -80.61750    0.00025   -0.00021          6  0.000e+00
      41722   1738.375     88.044     88.630    25.5446    25.5469   5.588462   5.588988     2.7253     2.2930      92.41   24.52442  -80.61750    0.00025   -0.00024          6  0.000e+00
      41723   1738.417     88.335     88.923    25.5453    25.5471   5.588478   5.588933     2.7253     2.2930      92.41   24.52442  -80.61750    0.00025   -0.00026          6  0.000e+00
      41724   1738.458     88.139     88.725    25.5451    25.5471   5.588579   5.588980     2.7253     2.2930      92.38   24.52442  -80.61750    0.00024   -0.00029          6  0.000e+00
      41725   1738.500     88.186     88.773    25.5451    25.5482   5.588548   5.589067     2.7253     2.2918      92.41   24.52442  -80.61750    0.00022   -0.00032          6  0.000e+00
