GOMECC/GOMECC-4/1db/rb2103_1241.cnv
* Sea-Bird SBE 9 Data File:
* FileName = C:\Users\scs.user.rb\CTD\GOMECC4\data\rb2103_1241.hex
* Software Version Seasave V 7.26.7.107
* Temperature SN = 4799
* Conductivity SN = 3860
* Number of Bytes Per Scan = 41
* Number of Voltage Words = 4
* Number of Scans Averaged by the Deck Unit = 1
* NMEA Latitude = 24 27.99 N
* NMEA Longitude = 082 52.03 W
* NMEA UTC (Time) = Oct 18 2021  12:55:07
* NMEA baud rate = 4800
# nquan = 28
# nvalues = 35                          
# units = specified
# name 0 = scan: Scan Count
# name 1 = timeS: Time, Elapsed [seconds]
# name 2 = depSM: Depth [salt water, m]
# name 3 = prDM: Pressure, Digiquartz [db]
# name 4 = t090C: Temperature [ITS-90, deg C]
# name 5 = t190C: Temperature, 2 [ITS-90, deg C]
# name 6 = c0S/m: Conductivity [S/m]
# name 7 = c1S/m: Conductivity, 2 [S/m]
# name 8 = sbeox0V: Oxygen raw, SBE 43 [V]
# name 9 = sbeox1V: Oxygen raw, SBE 43, 2 [V]
# name 10 = altM: Altimeter [m]
# name 11 = latitude: Latitude [deg]
# name 12 = longitude: Longitude [deg]
# name 13 = sbox0dV/dT: Oxygen, SBE 43 [dov/dt]
# name 14 = sbox1dV/dT: Oxygen, SBE 43, 2 [dov/dt]
# name 15 = sbeox0ML/L: Oxygen, SBE 43 [ml/l], WS = 5
# name 16 = sbeox1ML/L: Oxygen, SBE 43, 2 [ml/l], WS = 5
# name 17 = potemp090C: Potential Temperature [ITS-90, deg C]
# name 18 = potemp190C: Potential Temperature, 2 [ITS-90, deg C]
# name 19 = sal00: Salinity, Practical [PSU]
# name 20 = sal11: Salinity, Practical, 2 [PSU]
# name 21 = sigma-é00: Density [sigma-theta, kg/m^3]
# name 22 = sigma-é11: Density, 2 [sigma-theta, kg/m^3]
# name 23 = avgsvCM: Average Sound Velocity [Chen-Millero, m/s], minP = 20, minS = 20
# name 24 = sbox0Mm/Kg: Oxygen, SBE 43 [umol/kg], WS = 5
# name 25 = sbox1Mm/Kg: Oxygen, SBE 43, 2 [umol/kg], WS = 5
# name 26 = nbin: number of scans per bin
# name 27 = flag: flag
# span 0 =      15732,      28262       
# span 1 =    655.460,   1177.526       
# span 2 =      0.994,     27.819       
# span 3 =      1.000,     28.000       
# span 4 =    28.4408,    29.8018       
# span 5 =    28.4424,    29.8031       
# span 6 =   5.734635,   6.009281       
# span 7 =   5.734977,   6.009614       
# span 8 =     2.9907,     3.1314       
# span 9 =     2.5237,     2.6413       
# span 10 =       6.82,      32.51      
# span 11 =   23.68926,   24.82040      
# span 12 =  -84.07203,  -80.24076      
# span 13 =   -0.00101,    0.00080      
# span 14 =   -0.00165,    0.00212      
# span 15 =     4.1019,     4.2987      
# span 16 =     4.0778,     4.2715      
# span 17 =    28.4401,    29.7986      
# span 18 =    28.4417,    29.7999      
# span 19 =    34.9104,    36.5778      
# span 20 =    34.9116,    36.5792      
# span 21 =    22.0097,    23.0607      
# span 22 =    22.0100,    23.0613      
# span 23 =       0.00,    1568.26      
# span 24 =    179.117,    187.713      
# span 25 =    178.066,    186.526      
# span 26 =         33,         68      
# span 27 = 0.0000e+00, 0.0000e+00      
# interval = decibars: 1                
# start_time = Oct 18 2021 12:55:07 [NMEA time, header]
# bad_flag = -9.990e-29
*END*
      15732    655.460      3.974      4.000    29.3812    29.3807   5.923542   5.923741     3.0812     2.5992      29.93   24.46502  -82.86758    0.00031    0.00082     4.2227     4.1971    29.3802    29.3797    36.0542    36.0558    22.7278    22.7291       0.00    184.395    183.277         58 0.0000e+00
      15785    657.674      4.968      5.000    29.3810    29.3828   5.923594   5.923985     3.0808     2.6000      29.38   24.46500  -82.86758   -0.00034   -0.00014     4.2225     4.1990    29.3797    29.3816    36.0542    36.0555    22.7280    22.7283       0.00    184.385    183.361         41 0.0000e+00
      15829    659.512      5.962      6.000    29.3880    29.3892   5.924266   5.924599     3.0799     2.5966      28.61   24.46500  -82.86757   -0.00045   -0.00030     4.2207     4.1920    29.3865    29.3877    36.0535    36.0549    22.7251    22.7258       0.00    184.309    183.053         46 0.0000e+00
      15901    662.517      6.955      7.000    29.3879    29.3889   5.924338   5.924662     3.0813     2.5939      27.27   24.46500  -82.86756    0.00049   -0.00165     4.2238     4.1873    29.3862    29.3872    36.0536    36.0551    22.7253    22.7261       0.00    184.441    182.851         40 0.0000e+00
      15952    664.641      7.949      8.000    29.3867    29.3878   5.924268   5.924591     3.0805     2.5972      26.42   24.46500  -82.86756   -0.00002    0.00111     4.2229     4.1945    29.3847    29.3858    36.0537    36.0551    22.7259    22.7266       0.00    184.403    183.166         52 0.0000e+00
      16011    667.086      8.942      9.000    29.3863    29.3874   5.924276   5.924602     3.0833     2.5978      25.44   24.46500  -82.86756    0.00058    0.00096     4.2284     4.1962    29.3841    29.3852    36.0537    36.0552    22.7261    22.7268       0.00    184.644    183.238         64 0.0000e+00
      16073    669.672      9.936     10.000    29.3860    29.3870   5.924298   5.924616     3.0815     2.5952      24.56   24.46500  -82.86756    0.00018   -0.00123     4.2258     4.1916    29.3836    29.3845    36.0538    36.0553    22.7264    22.7272       0.00    184.529    183.038         58 0.0000e+00
      16130    672.053     10.929     11.000    29.3843    29.3851   5.924126   5.924427     3.0813     2.5990      23.23   24.46498  -82.86756   -0.00096    0.00116     4.2261     4.1999    29.3816    29.3824    36.0537    36.0552    22.7269    22.7278       0.00    184.542    183.400         59 0.0000e+00
      16190    674.543     11.923     12.000    29.3851    29.3852   5.924268   5.924471     3.0822     2.6002      22.52   24.46498  -82.86756    0.00080    0.00074     4.2281     4.2027    29.3822    29.3822    36.0537    36.0551    22.7267    22.7278       0.00    184.631    183.520         56 0.0000e+00
      16242    676.728     12.916     13.000    29.3881    29.3885   5.924616   5.924887     3.0811     2.6010      21.64   24.46498  -82.86756   -0.00020    0.00019     4.2265     4.2045    29.3849    29.3853    36.0536    36.0552    22.7258    22.7268       0.00    184.559    183.603         55 0.0000e+00
      16302    679.221     13.910     14.000    29.3878    29.3885   5.924622   5.924903     3.0828     2.5993      20.44   24.46498  -82.86756    0.00019   -0.00008     4.2300     4.2016    29.3844    29.3851    36.0535    36.0550    22.7259    22.7267       0.00    184.712    183.474         62 0.0000e+00
      16361    681.648     14.904     15.000    29.3857    29.3873   5.924394   5.924797     3.0826     2.5980      19.65   24.46498  -82.86754    0.00042   -0.00049     4.2303     4.1997    29.3820    29.3836    36.0533    36.0548    22.7265    22.7271       0.00    184.728    183.389         53 0.0000e+00
      16414    683.867     15.897     16.000    29.3859    29.3869   5.924437   5.924778     3.0808     2.5962      18.71   24.46498  -82.86754   -0.00064   -0.00072     4.2276     4.1967    29.3820    29.3830    36.0531    36.0547    22.7264    22.7272       0.00    184.610    183.261         59 0.0000e+00
      16475    686.433     16.891     17.000    29.3860    29.3873   5.924483   5.924864     3.0813     2.5968      17.66   24.46498  -82.86754   -0.00023   -0.00053     4.2290     4.1983    29.3818    29.3831    36.0531    36.0547    22.7264    22.7272       0.00    184.672    183.329         57 0.0000e+00
      16528    688.615     17.884     18.000    29.3865    29.3880   5.924613   5.924989     3.0821     2.5979      16.81   24.46497  -82.86754    0.00050    0.00104     4.2309     4.2009    29.3821    29.3836    36.0533    36.0548    22.7264    22.7271       0.00    184.755    183.445         51 0.0000e+00
      16579    690.767     18.878     19.000    29.3859    29.3868   5.924569   5.924901     3.0830     2.5963      15.83   24.46496  -82.86754    0.00054   -0.00069     4.2330     4.1984    29.3812    29.3822    36.0532    36.0547    22.7267    22.7275       0.00    184.843    183.335         55 0.0000e+00
      16645    693.482     19.871     20.000    29.3864    29.3874   5.924681   5.925012     3.0819     2.5962      14.82   24.46496  -82.86754   -0.00032    0.00010     4.2315     4.1987    29.3815    29.3825    36.0533    36.0548    22.7267    22.7275     728.34    184.781    183.347         68 0.0000e+00
      16700    695.806     20.865     21.000    29.3855    29.3866   5.924642   5.924969     3.0796     2.5965      14.01   24.46496  -82.86754   -0.00075   -0.00003     4.2280     4.1998    29.3804    29.3815    36.0533    36.0547    22.7271    22.7278    1550.73    184.626    183.393         47 0.0000e+00
      16748    697.776     21.858     22.000    29.3867    29.3881   5.924820   5.925178     3.0805     2.5984      13.02   24.46496  -82.86754   -0.00041    0.00042     4.2299     4.2040    29.3814    29.3827    36.0533    36.0548    22.7268    22.7274    1545.76    184.710    183.580         50 0.0000e+00
      16810    700.374     22.852     23.000    29.3865    29.3893   5.924872   5.925380     3.0801     2.5983      11.94   24.46496  -82.86754    0.00022    0.00036     4.2297     4.2041    29.3809    29.3837    36.0533    36.0548    22.7269    22.7271    1545.77    184.700    183.583         67 0.0000e+00
      16876    703.114     23.845     24.000    29.3864    29.3886   5.924926   5.925320     3.0794     2.5968      11.20   24.46496  -82.86754   -0.00101   -0.00031     4.2294     4.2017    29.3805    29.3827    36.0533    36.0548    22.7270    22.7274    1545.77    184.686    183.476         45 0.0000e+00
      16918    704.873     24.839     25.000    29.3855    29.3868   5.924801   5.925151     3.0799     2.5943      10.25   24.46496  -82.86754    0.00033   -0.00109     4.2305     4.1974    29.3793    29.3807    36.0532    36.0547    22.7274    22.7280    1545.77    184.734    183.291         33 0.0000e+00
      20659    860.744     27.819     28.000    29.2117    29.2136   5.890221   5.890622     3.0642     2.5820       6.82   24.32263  -82.38584   -0.00053   -0.00035     4.2117     4.1803    29.2049    29.2067    35.8440    35.8454    22.5968    22.5972    1536.81    183.914    182.543         42 0.0000e+00
      21900    912.466     22.852     23.000    29.4617    29.4629   5.940187   5.940518     3.0909     2.6044      11.93   24.52898  -83.08493    0.00001   -0.00027     4.2459     4.2139    29.4561    29.4573    36.1480    36.1494    22.7873    22.7879    1549.85    185.408    184.012         41 0.0000e+00
      22239    926.567     20.865     21.000    29.4748    29.4760   5.942766   5.943105     3.0950     2.6076      13.90   24.54021  -83.12290    0.00028   -0.00022     4.2517     4.2192    29.4696    29.4708    36.1645    36.1659    22.7976    22.7983    1550.55    185.662    184.243         34 0.0000e+00
      23235    968.092     18.878     19.000    29.3269    29.3277   5.913264   5.913552     3.0812     2.5971      15.47   24.42045  -82.71724   -0.00018    0.00017     4.2317     4.2017    29.3223    29.3230    35.9882    35.9896    22.6877    22.6885    1542.99    184.789    183.478         42 0.0000e+00
      24418   1017.360     12.916     13.000    29.8018    29.8031   6.009281   6.009614     3.1314     2.6413      21.84   24.82040  -84.07203    0.00041    0.00077     4.2987     4.2715    29.7986    29.7999    36.5778    36.5792    23.0607    23.0613    1568.26    187.713    186.526         39 0.0000e+00
      25461   1060.833      8.942      9.000    29.3197    29.3212   5.911987   5.912332     3.0803     2.6008      25.21   24.41954  -82.71437   -0.00092   -0.00001     4.2264     4.2049    29.3175    29.3190    35.9872    35.9884    22.6883    22.6888    1542.93    184.558    183.616         63 0.0000e+00
      25568   1065.277      7.949      8.000    29.3752    29.3759   5.923000   5.923284     3.0861     2.6033      26.45   24.46472  -82.86742    0.00063    0.00034     4.2339     4.2074    29.3732    29.3740    36.0537    36.0550    22.7298    22.7305    1545.79    184.882    183.728         52 0.0000e+00
      25613   1067.166      6.955      7.000    29.3737    29.3752   5.922809   5.923165     3.0845     2.6026      26.99   24.46472  -82.86742   -0.00069   -0.00055     4.2305     4.2058    29.3720    29.3735    36.0538    36.0551    22.7303    22.7307    1545.79    184.736    183.655         40 0.0000e+00
      25652   1068.778      5.962      6.000    29.3723    29.3727   5.922609   5.922875     3.0880     2.6017      27.70   24.46472  -82.86742    0.00011   -0.00063     4.2365     4.2035    29.3708    29.3713    36.0537    36.0552    22.7306    22.7316    1545.79    184.996    183.558         39 0.0000e+00
      25733   1072.157      4.968      5.000    29.3714    29.3725   5.922487   5.922774     3.0897     2.5998      29.16   24.46472  -82.86742    0.00032   -0.00097     4.2391     4.1993    29.3702    29.3713    36.0538    36.0550    22.7309    22.7314    1545.79    185.110    183.371         45 0.0000e+00
      26114   1088.049      2.981      3.000    28.4408    28.4424   5.734635   5.734977     2.9907     2.5237      29.73   23.68926  -80.24076   -0.00048    0.00036     4.1019     4.0778    28.4401    28.4417    34.9104    34.9116    22.0097    22.0100    1496.79    179.117    178.066         36 0.0000e+00
      28223   1175.914      1.987      2.000    29.3745    29.3759   5.922557   5.922874     3.0908     2.6080      31.73   24.46470  -82.86738    0.00007    0.00212     4.2392     4.2139    29.3740    29.3754    36.0529    36.0540    22.7289    22.7293    1545.79    185.116    184.011         35 0.0000e+00
      28262   1177.526      0.994      1.000    29.3737    29.3747   5.922362   5.922698     3.0903     2.6077      32.51   24.46470  -82.86738    0.00070    0.00034     4.2379     4.2128    29.3735    29.3745    36.0524    36.0540    22.7288    22.7296    1545.79    185.061    183.960         43 0.0000e+00
