GOMECC/GOMECC-4/1db/rb2103_0051.ros
* Sea-Bird SBE 9 Data File:
* FileName = C:\Users\scs.user.rb\CTD\GOMECC4\data\rb2103_005.hex
* Software Version Seasave V 7.26.7.107
* Temperature SN = 4799
* Conductivity SN = 3860
* Number of Bytes Per Scan = 41
* Number of Voltage Words = 4
* Number of Scans Averaged by the Deck Unit = 1
* NMEA Latitude = 26 59.47 N
* NMEA Longitude = 079 56.01 W
* NMEA UTC (Time) = Sep 15 2021  02:01:09
* NMEA baud rate = 4800
# nquan = 17
# nvalues = 1729                                  
# units = specified
# name 0 = scan: Scan Count
# name 1 = timeS: Time, Elapsed [seconds]
# name 2 = depSM: Depth [salt water, m]
# name 3 = prDM: Pressure, Digiquartz [db]
# name 4 = t090C: Temperature [ITS-90, deg C]
# name 5 = t190C: Temperature, 2 [ITS-90, deg C]
# name 6 = c0S/m: Conductivity [S/m]
# name 7 = c1S/m: Conductivity, 2 [S/m]
# name 8 = sbeox0V: Oxygen raw, SBE 43 [V]
# name 9 = sbeox1V: Oxygen raw, SBE 43, 2 [V]
# name 10 = altM: Altimeter [m]
# name 11 = latitude: Latitude [deg]
# name 12 = longitude: Longitude [deg]
# name 13 = sbox0dV/dT: Oxygen, SBE 43 [dov/dt]
# name 14 = sbox1dV/dT: Oxygen, SBE 43, 2 [dov/dt]
# name 15 = nbf: Bottles Fired
# name 16 = flag:  0.000e+00
# interval = seconds: 0.0416667
# start_time = Sep 15 2021 02:01:09 [NMEA time, header]
# bad_flag = -9.990e-29
*END*
[from data line 341]
      25452   1060.458    119.145    119.969    14.6127    14.6132   4.354147   4.354241     1.9243     1.6081      32.11   26.99712  -79.93238   -0.00023    0.00038          3  0.000e+00
      25453   1060.500    119.274    120.098    14.6127    14.6130   4.354119   4.354248     1.9243     1.6081      32.11   26.99712  -79.93238   -0.00022    0.00039          3  0.000e+00
      25454   1060.542    119.221    120.045    14.6125    14.6132   4.354133   4.354248     1.9243     1.6081      32.11   26.99712  -79.93238   -0.00019    0.00040          3  0.000e+00
      25455   1060.583    119.221    120.045    14.6125    14.6132   4.354119   4.354227     1.9243     1.6081      32.11   26.99712  -79.93238   -0.00018    0.00041          3  0.000e+00
      25456   1060.625    119.221    120.045    14.6124    14.6132   4.354112   4.354269     1.9243     1.6081      32.11   26.99712  -79.93238   -0.00017    0.00042          3  0.000e+00
      25457   1060.667    119.221    120.045    14.6122    14.6133   4.354049   4.354227     1.9255     1.6081      32.11   26.99712  -79.93238   -0.00013    0.00043          3  0.000e+00
      25458   1060.708    119.274    120.098    14.6127    14.6132   4.354091   4.354213     1.9255     1.6081      32.11   26.99712  -79.93238   -0.00010    0.00043          3  0.000e+00
      25459   1060.750    119.160    119.984    14.6124    14.6130   4.354133   4.354220     1.9243     1.6081      32.11   26.99712  -79.93238   -0.00009    0.00044          3  0.000e+00
      25460   1060.792    119.259    120.083    14.6125    14.6130   4.354119   4.354220     1.9255     1.6081      32.11   26.99712  -79.93238   -0.00006    0.00045          3  0.000e+00
      25461   1060.833    119.221    120.045    14.6127    14.6130   4.354161   4.354156     1.9243     1.6081      32.11   26.99712  -79.93238   -0.00005    0.00045          3  0.000e+00
      25462   1060.875    119.160    119.984    14.6125    14.6127   4.354154   4.354220     1.9243     1.6081      32.11   26.99712  -79.93238   -0.00004    0.00046          3  0.000e+00
      25463   1060.917    119.274    120.098    14.6124    14.6129   4.354168   4.354191     1.9255     1.6081      32.11   26.99712  -79.93238   -0.00001    0.00046          3  0.000e+00
      25464   1060.958    119.221    120.045    14.6125    14.6127   4.354154   4.354120     1.9243     1.6081      32.14   26.99712  -79.93238    0.00000    0.00047          3  0.000e+00
      25465   1061.000    119.160    119.984    14.6124    14.6127   4.354119   4.354184     1.9255     1.6081      32.19   26.99712  -79.93238    0.00003    0.00047          3  0.000e+00
      25466   1061.042    119.221    120.045    14.6124    14.6125   4.354077   4.354184     1.9255     1.6081      32.23   26.99712  -79.93238    0.00004    0.00048          3  0.000e+00
      25467   1061.083    119.221    120.045    14.6125    14.6127   4.354126   4.354177     1.9243     1.6081      32.21   26.99712  -79.93238    0.00006    0.00048          3  0.000e+00
      25468   1061.125    119.206    120.030    14.6124    14.6127   4.354119   4.354177     1.9243     1.6081      32.23   26.99712  -79.93238    0.00007    0.00049          3  0.000e+00
      25469   1061.167    119.221    120.045    14.6125    14.6127   4.354133   4.354142     1.9243     1.6081      32.21   26.99712  -79.93238    0.00008    0.00049          3  0.000e+00
      25470   1061.208    119.221    120.045    14.6124    14.6125   4.354119   4.354163     1.9255     1.6081      32.21   26.99712  -79.93238    0.00011    0.00049          3  0.000e+00
      25471   1061.250    119.274    120.098    14.6124    14.6127   4.354112   4.354149     1.9255     1.6081      32.21   26.99712  -79.93238    0.00012    0.00049          3  0.000e+00
      25472   1061.292    119.221    120.045    14.6125    14.6127   4.354112   4.354113     1.9255     1.6081      32.21   26.99712  -79.93238    0.00013    0.00050          3  0.000e+00
      25473   1061.333    119.221    120.045    14.6122    14.6127   4.354112   4.354149     1.9243     1.6081      32.21   26.99712  -79.93238    0.00013    0.00050          3  0.000e+00
      25474   1061.375    119.160    119.984    14.6124    14.6129   4.354147   4.354205     1.9255     1.6093      32.21   26.99712  -79.93238    0.00014    0.00052          3  0.000e+00
      25475   1061.417    119.274    120.098    14.6124    14.6129   4.354119   4.354220     1.9255     1.6081      32.21   26.99712  -79.93238    0.00015    0.00052          3  0.000e+00
      25476   1061.458    119.221    120.045    14.6122    14.6129   4.354112   4.354156     1.9255     1.6093      32.21   26.99712  -79.93238    0.00016    0.00054          3  0.000e+00
      25477   1061.500    119.206    120.029    14.6122    14.6130   4.354112   4.354191     1.9255     1.6081      32.21   26.99712  -79.93238    0.00017    0.00052          3  0.000e+00
      25478   1061.542    119.221    120.045    14.6124    14.6130   4.354049   4.354184     1.9255     1.6081      32.21   26.99712  -79.93238    0.00018    0.00052          3  0.000e+00
      25479   1061.583    119.221    120.045    14.6124    14.6129   4.354091   4.354205     1.9255     1.6093      32.21   26.99712  -79.93238    0.00019    0.00053          3  0.000e+00
      25480   1061.625    119.221    120.045    14.6121    14.6129   4.354077   4.354241     1.9243     1.6093      32.21   26.99712  -79.93238    0.00019    0.00055          3  0.000e+00
      25481   1061.667    119.221    120.045    14.6121    14.6130   4.354042   4.354220     1.9255     1.6093      32.21   26.99712  -79.93238    0.00020    0.00056          3  0.000e+00
      25482   1061.708    119.274    120.098    14.6122    14.6130   4.354035   4.354184     1.9255     1.6081      32.21   26.99712  -79.93238    0.00021    0.00056          3  0.000e+00
      25483   1061.750    119.221    120.045    14.6121    14.6130   4.354056   4.354205     1.9255     1.6093      32.21   26.99712  -79.93238    0.00021    0.00058          3  0.000e+00
      25484   1061.792    119.221    120.045    14.6121    14.6130   4.354014   4.354220     1.9255     1.6093      32.21   26.99714  -79.93238    0.00022    0.00057          3  0.000e+00
      25485   1061.833    119.259    120.083    14.6119    14.6129   4.354021   4.354213     1.9255     1.6081      32.21   26.99714  -79.93238    0.00023    0.00056          3  0.000e+00
      25486   1061.875    119.221    120.045    14.6117    14.6127   4.353972   4.354213     1.9255     1.6081      32.21   26.99714  -79.93238    0.00024    0.00056          3  0.000e+00
      25487   1061.917    119.274    120.098    14.6119    14.6130   4.354042   4.354220     1.9255     1.6093      32.23   26.99714  -79.93238    0.00025    0.00055          3  0.000e+00
      25488   1061.958    119.274    120.098    14.6119    14.6130   4.354014   4.354241     1.9255     1.6081      32.21   26.99714  -79.93238    0.00025    0.00055          3  0.000e+00
      25489   1062.000    119.221    120.045    14.6119    14.6129   4.354000   4.354227     1.9255     1.6081      32.21   26.99714  -79.93238    0.00026    0.00054          3  0.000e+00
      25490   1062.042    119.274    120.098    14.6119    14.6130   4.354021   4.354241     1.9255     1.6081      32.21   26.99714  -79.93238    0.00027    0.00053          3  0.000e+00
      25491   1062.083    119.274    120.098    14.6119    14.6129   4.354035   4.354255     1.9243     1.6081      32.23   26.99714  -79.93238    0.00026    0.00052          3  0.000e+00
      25492   1062.125    119.221    120.045    14.6121    14.6130   4.354056   4.354220     1.9243     1.6081      32.23   26.99714  -79.93238    0.00025    0.00051          3  0.000e+00
      25493   1062.167    119.259    120.083    14.6125    14.6132   4.354098   4.354241     1.9243     1.6093      32.21   26.99714  -79.93238    0.00023    0.00052          3  0.000e+00
      25494   1062.208    119.327    120.151    14.6132    14.6130   4.354217   4.354227     1.9243     1.6081      32.21   26.99714  -79.93238    0.00024    0.00049          3  0.000e+00
      25495   1062.250    119.221    120.045    14.6131    14.6132   4.354231   4.354220     1.9255     1.6081      32.21   26.99714  -79.93238    0.00025    0.00048          3  0.000e+00
      25496   1062.292    119.327    120.151    14.6131    14.6130   4.354224   4.354262     1.9255     1.6081      32.21   26.99714  -79.93238    0.00025    0.00047          3  0.000e+00
      25497   1062.333    119.274    120.098    14.6127    14.6129   4.354189   4.354198     1.9255     1.6081      32.21   26.99714  -79.93238    0.00026    0.00046          3  0.000e+00
      25498   1062.375    119.274    120.098    14.6125    14.6127   4.354182   4.354234     1.9255     1.6081      32.23   26.99714  -79.93238    0.00026    0.00045          3  0.000e+00
      25499   1062.417    119.327    120.151    14.6131    14.6132   4.354210   4.354276     1.9255     1.6081      32.21   26.99714  -79.93238    0.00027    0.00044          3  0.000e+00
      25500   1062.458    119.274    120.098    14.6144    14.6132   4.354357   4.354312     1.9243     1.6081      32.21   26.99714  -79.93238    0.00026    0.00043          3  0.000e+00
      25501   1062.500    119.327    120.151    14.6152    14.6135   4.354546   4.354326     1.9255     1.6081      32.21   26.99714  -79.93238    0.00026    0.00041          3  0.000e+00
      25502   1062.542    119.259    120.083    14.6158    14.6139   4.354679   4.354411     1.9255     1.6081      32.23   26.99714  -79.93238    0.00027    0.00040          3  0.000e+00
      25503   1062.583    119.327    120.151    14.6161    14.6140   4.354679   4.354468     1.9255     1.6081      32.23   26.99714  -79.93238    0.00027    0.00039          3  0.000e+00
      25504   1062.625    119.327    120.151    14.6156    14.6140   4.354609   4.354440     1.9255     1.6081      32.21   26.99714  -79.93238    0.00027    0.00037          3  0.000e+00
      25505   1062.667    119.327    120.151    14.6152    14.6142   4.354567   4.354468     1.9255     1.6081      32.21   26.99714  -79.93238    0.00029    0.00036          3  0.000e+00
      25506   1062.708    119.327    120.151    14.6156    14.6140   4.354644   4.354418     1.9255     1.6081      32.21   26.99714  -79.93238    0.00030    0.00035          3  0.000e+00
      25507   1062.750    119.327    120.151    14.6158    14.6139   4.354644   4.354376     1.9255     1.6081      32.23   26.99714  -79.93238    0.00030    0.00033          3  0.000e+00
      25508   1062.792    119.327    120.151    14.6159    14.6136   4.354658   4.354390     1.9255     1.6081      32.23   26.99714  -79.93238    0.00030    0.00032          3  0.000e+00
      25509   1062.833    119.387    120.212    14.6158    14.6140   4.354644   4.354461     1.9243     1.6081      32.21   26.99714  -79.93238    0.00029    0.00030          3  0.000e+00
      28304   1179.292    104.160    104.876    15.8725    15.8731   4.502075   4.502288     1.9866     1.6618      47.16   26.99788  -79.93220    0.00023    0.00047          4  0.000e+00
      28305   1179.333    104.462    105.180    15.8728    15.8734   4.502097   4.502295     1.9878     1.6630      47.16   26.99788  -79.93220    0.00023    0.00046          4  0.000e+00
      28306   1179.375    104.296    105.013    15.8728    15.8731   4.502097   4.502237     1.9866     1.6630      47.16   26.99788  -79.93220    0.00022    0.00046          4  0.000e+00
      28307   1179.417    104.439    105.157    15.8732    15.8732   4.502125   4.502252     1.9853     1.6618      47.16   26.99788  -79.93220    0.00018    0.00044          4  0.000e+00
      28308   1179.458    104.349    105.066    15.8730    15.8733   4.502104   4.502201     1.9866     1.6618      47.16   26.99788  -79.93220    0.00016    0.00041          4  0.000e+00
      28309   1179.500    104.386    105.104    15.8732    15.8732   4.502125   4.502237     1.9866     1.6618      47.16   26.99788  -79.93220    0.00015    0.00039          4  0.000e+00
      28310   1179.542    104.409    105.127    15.8728    15.8731   4.502161   4.502288     1.9866     1.6618      47.16   26.99788  -79.93220    0.00013    0.00035          4  0.000e+00
      28311   1179.583    104.326    105.043    15.8730    15.8732   4.502139   4.502237     1.9866     1.6630      47.16   26.99788  -79.93220    0.00011    0.00035          4  0.000e+00
      28312   1179.625    104.409    105.127    15.8733    15.8731   4.502132   4.502273     1.9866     1.6630      47.16   26.99788  -79.93220    0.00009    0.00034          4  0.000e+00
      28313   1179.667    104.409    105.127    15.8735    15.8731   4.502161   4.502237     1.9866     1.6630      47.16   26.99788  -79.93220    0.00007    0.00033          4  0.000e+00
      28314   1179.708    104.386    105.104    15.8733    15.8732   4.502203   4.502223     1.9866     1.6630      47.16   26.99788  -79.93220    0.00005    0.00033          4  0.000e+00
      28315   1179.750    104.349    105.066    15.8735    15.8730   4.502182   4.502223     1.9866     1.6630      47.16   26.99788  -79.93220    0.00005    0.00030          4  0.000e+00
      28316   1179.792    104.386    105.104    15.8733    15.8731   4.502146   4.502194     1.9866     1.6630      47.16   26.99788  -79.93220    0.00003    0.00030          4  0.000e+00
      28317   1179.833    104.409    105.127    15.8733    15.8731   4.502161   4.502180     1.9866     1.6630      47.16   26.99788  -79.93220    0.00003    0.00027          4  0.000e+00
      28318   1179.875    104.386    105.104    15.8735    15.8731   4.502146   4.502245     1.9866     1.6630      47.16   26.99788  -79.93220    0.00001    0.00026          4  0.000e+00
      28319   1179.917    104.349    105.066    15.8735    15.8735   4.502139   4.502230     1.9866     1.6630      47.16   26.99788  -79.93220    0.00000    0.00024          4  0.000e+00
      28320   1179.958    104.492    105.211    15.8733    15.8734   4.502161   4.502273     1.9866     1.6630      47.16   26.99788  -79.93220    0.00000    0.00021          4  0.000e+00
      28321   1180.000    104.349    105.066    15.8737    15.8738   4.502175   4.502360     1.9866     1.6630      47.13   26.99788  -79.93220   -0.00000    0.00020          4  0.000e+00
      28322   1180.042    104.409    105.127    15.8738    15.8739   4.502196   4.502381     1.9866     1.6630      47.11   26.99788  -79.93220   -0.00002    0.00019          4  0.000e+00
      28323   1180.083    104.386    105.104    15.8740    15.8742   4.502239   4.502403     1.9866     1.6630      47.11   26.99788  -79.93220   -0.00004    0.00016          4  0.000e+00
      28324   1180.125    104.409    105.127    15.8742    15.8746   4.502217   4.502496     1.9866     1.6630      47.11   26.99788  -79.93220   -0.00005    0.00015          4  0.000e+00
      28325   1180.167    104.386    105.104    15.8737    15.8754   4.502182   4.502640     1.9866     1.6630      47.11   26.99788  -79.93220   -0.00005    0.00014          4  0.000e+00
      28326   1180.208    104.409    105.127    15.8737    15.8758   4.502146   4.502654     1.9878     1.6630      47.11   26.99788  -79.93220   -0.00002    0.00013          4  0.000e+00
      28327   1180.250    104.386    105.104    15.8735    15.8759   4.502189   4.502647     1.9878     1.6630      47.11   26.99788  -79.93220   -0.00000    0.00011          4  0.000e+00
      28328   1180.292    104.462    105.180    15.8737    15.8755   4.502182   4.502583     1.9878     1.6630      47.13   26.99788  -79.93220    0.00001    0.00010          4  0.000e+00
      28329   1180.333    104.349    105.066    15.8736    15.8751   4.502196   4.502539     1.9866     1.6630      47.11   26.99788  -79.93220    0.00001    0.00009          4  0.000e+00
