GOMECC/GOMECC-4/1db/rb2103_0801.ros
* Sea-Bird SBE 9 Data File:
* FileName = C:\Users\scs.user.rb\CTD\GOMECC4\data\rb2103_0801.hex
* Software Version Seasave V 7.26.7.107
* Temperature SN = 4799
* Conductivity SN = 3860
* Number of Bytes Per Scan = 41
* Number of Voltage Words = 4
* Number of Scans Averaged by the Deck Unit = 1
* NMEA Latitude = 22 16.43 N
* NMEA Longitude = 096 46.23 W
* NMEA UTC (Time) = Oct 06 2021  09:45:19
* NMEA baud rate = 4800
# nquan = 17
# nvalues = 3059                                  
# units = specified
# name 0 = scan: Scan Count
# name 1 = timeS: Time, Elapsed [seconds]
# name 2 = depSM: Depth [salt water, m]
# name 3 = prDM: Pressure, Digiquartz [db]
# name 4 = t090C: Temperature [ITS-90, deg C]
# name 5 = t190C: Temperature, 2 [ITS-90, deg C]
# name 6 = c0S/m: Conductivity [S/m]
# name 7 = c1S/m: Conductivity, 2 [S/m]
# name 8 = sbeox0V: Oxygen raw, SBE 43 [V]
# name 9 = sbeox1V: Oxygen raw, SBE 43, 2 [V]
# name 10 = altM: Altimeter [m]
# name 11 = latitude: Latitude [deg]
# name 12 = longitude: Longitude [deg]
# name 13 = sbox0dV/dT: Oxygen, SBE 43 [dov/dt]
# name 14 = sbox1dV/dT: Oxygen, SBE 43, 2 [dov/dt]
# name 15 = nbf: Bottles Fired
# name 16 = flag:  0.000e+00
# interval = seconds: 0.0416667
# start_time = Oct 06 2021 09:45:19 [NMEA time, header]
# bad_flag = -9.990e-29
*END*
[from data line 1618]
     132248   5510.292    198.573    199.918    15.5144    15.5101   4.467115   4.466552     1.7643     1.4481     100.00   22.27394  -96.77088   -0.00010    0.00006         13  0.000e+00
     132249   5510.333    198.539    199.884    15.5148    15.5106   4.467129   4.466588     1.7643     1.4481     100.00   22.27394  -96.77088   -0.00010    0.00004         13  0.000e+00
     132250   5510.375    198.573    199.918    15.5153    15.5111   4.467136   4.466645     1.7643     1.4481     100.00   22.27394  -96.77088   -0.00010    0.00002         13  0.000e+00
     132251   5510.417    198.539    199.884    15.5157    15.5118   4.467271   4.466695     1.7643     1.4481     100.00   22.27394  -96.77088   -0.00010    0.00002         13  0.000e+00
     132252   5510.458    198.628    199.973    15.5162    15.5114   4.467242   4.466645     1.7643     1.4481     100.00   22.27394  -96.77088   -0.00009    0.00000         13  0.000e+00
     132253   5510.500    198.573    199.919    15.5152    15.5113   4.467115   4.466652     1.7643     1.4481     100.00   22.27394  -96.77088   -0.00009 -5.275e-07         13  0.000e+00
     132254   5510.542    198.594    199.939    15.5142    15.5111   4.467002   4.466616     1.7643     1.4481     100.00   22.27394  -96.77088   -0.00009   -0.00000         13  0.000e+00
     132255   5510.583    198.574    199.919    15.5137    15.5107   4.466896   4.466624     1.7643     1.4493     100.00   22.27394  -96.77088   -0.00009    0.00001         13  0.000e+00
     132256   5510.625    198.594    199.939    15.5132    15.5109   4.466832   4.466631     1.7643     1.4481     100.00   22.27394  -96.77088   -0.00009    0.00001         13  0.000e+00
     132257   5510.667    198.676    200.021    15.5121    15.5114   4.466670   4.466717     1.7643     1.4481     100.00   22.27394  -96.77088   -0.00007    0.00001         13  0.000e+00
     132258   5510.708    198.594    199.939    15.5113    15.5123   4.466578   4.466745     1.7643     1.4481     100.00   22.27394  -96.77088   -0.00005    0.00001         13  0.000e+00
     132259   5510.750    198.628    199.974    15.5105    15.5125   4.466585   4.466745     1.7643     1.4481     100.00   22.27394  -96.77088   -0.00005    0.00000         13  0.000e+00
     132260   5510.792    198.628    199.974    15.5113    15.5125   4.466655   4.466810     1.7643     1.4481     100.00   22.27394  -96.77088   -0.00004    0.00000         13  0.000e+00
     132261   5510.833    198.642    199.987    15.5118    15.5127   4.466783   4.466824     1.7643     1.4481     100.00   22.27394  -96.77088   -0.00004    0.00002         13  0.000e+00
     132262   5510.875    198.676    200.022    15.5128    15.5128   4.466875   4.466824     1.7643     1.4481     100.00   22.27394  -96.77088   -0.00002    0.00002         13  0.000e+00
     132263   5510.917    198.642    199.988    15.5133    15.5127   4.466903   4.466788     1.7643     1.4493     100.00   22.27394  -96.77088 -1.758e-07    0.00003         13  0.000e+00
     132264   5510.958    198.676    200.022    15.5132    15.5132   4.466924   4.466867     1.7643     1.4481     100.00   22.27394  -96.77088    0.00000    0.00003         13  0.000e+00
     132265   5511.000    198.642    199.988    15.5133    15.5143   4.466931   4.466953     1.7643     1.4481     100.00   22.27394  -96.77088    0.00002    0.00003         13  0.000e+00
     132266   5511.042    198.676    200.022    15.5133    15.5144   4.466910   4.466975     1.7643     1.4481     100.00   22.27394  -96.77088    0.00003    0.00003         13  0.000e+00
     132267   5511.083    198.676    200.022    15.5130    15.5144   4.466839   4.466975     1.7643     1.4481     100.00   22.27394  -96.77088    0.00003    0.00002         13  0.000e+00
     132268   5511.125    198.690    200.036    15.5124    15.5142   4.466655   4.466996     1.7643     1.4481     100.00   22.27394  -96.77088    0.00003    0.00002         13  0.000e+00
     132269   5511.167    198.724    200.070    15.5110    15.5144   4.466500   4.466982     1.7643     1.4481     100.00   22.27394  -96.77088    0.00004    0.00002         13  0.000e+00
     132270   5511.208    198.690    200.036    15.5101    15.5140   4.466472   4.466975     1.7643     1.4481     100.00   22.27394  -96.77088    0.00004    0.00002         13  0.000e+00
     132271   5511.250    198.676    200.022    15.5098    15.5138   4.466429   4.466946     1.7643     1.4481     100.00   22.27394  -96.77088    0.00005    0.00002         13  0.000e+00
     132272   5511.292    198.744    200.091    15.5096    15.5133   4.466457   4.466882     1.7643     1.4481     100.00   22.27394  -96.77088    0.00005    0.00001         13  0.000e+00
     132273   5511.333    198.676    200.022    15.5091    15.5127   4.466394   4.466831     1.7643     1.4481     100.00   22.27394  -96.77088    0.00005    0.00001         13  0.000e+00
     132274   5511.375    198.778    200.125    15.5082    15.5127   4.466302   4.466760     1.7643     1.4481     100.00   22.27394  -96.77088    0.00006    0.00001         13  0.000e+00
     132275   5511.417    198.690    200.036    15.5071    15.5123   4.466196   4.466767     1.7643     1.4481     100.00   22.27394  -96.77088    0.00006    0.00001         13  0.000e+00
     132276   5511.458    198.778    200.125    15.5062    15.5125   4.466118   4.466781     1.7643     1.4481     100.00   22.27394  -96.77088    0.00006    0.00000         13  0.000e+00
     132277   5511.500    198.690    200.036    15.5065    15.5120   4.466210   4.466731     1.7643     1.4481     100.00   22.27394  -96.77088    0.00007    0.00000         13  0.000e+00
     132278   5511.542    198.778    200.125    15.5071    15.5118   4.466160   4.466710     1.7643     1.4481     100.00   22.27394  -96.77088    0.00007 7.0337e-07         13  0.000e+00
     132279   5511.583    198.745    200.091    15.5068    15.5118   4.466139   4.466645     1.7643     1.4481     100.00   22.27394  -96.77088    0.00007   -0.00000         13  0.000e+00
     132280   5511.625    198.724    200.071    15.5065    15.5120   4.466132   4.466717     1.7631     1.4481     100.00   22.27394  -96.77088    0.00006   -0.00000         13  0.000e+00
     132281   5511.667    198.779    200.125    15.5065    15.5121   4.466139   4.466746     1.7643     1.4481     100.00   22.27394  -96.77088    0.00006   -0.00001         13  0.000e+00
     132282   5511.708    198.792    200.139    15.5064    15.5125   4.466104   4.466767     1.7643     1.4481     100.00   22.27394  -96.77088    0.00007   -0.00001         13  0.000e+00
     132283   5511.750    198.724    200.071    15.5055    15.5121   4.466005   4.466695     1.7643     1.4481     100.00   22.27394  -96.77088    0.00007   -0.00001         13  0.000e+00
     132284   5511.792    198.792    200.139    15.5045    15.5116   4.465899   4.466609     1.7643     1.4481     100.00   22.27394  -96.77088    0.00007   -0.00001         13  0.000e+00
     132285   5511.833    198.779    200.126    15.5040    15.5107   4.465863   4.466531     1.7656     1.4481     100.00   22.27394  -96.77088    0.00010   -0.00001         13  0.000e+00
     132286   5511.875    198.793    200.139    15.5037    15.5104   4.465729   4.466452     1.7643     1.4481     100.00   22.27394  -96.77088    0.00010   -0.00002         13  0.000e+00
     132287   5511.917    198.779    200.126    15.5031    15.5106   4.465701   4.466495     1.7643     1.4481     100.00   22.27394  -96.77088    0.00010   -0.00002         13  0.000e+00
     132288   5511.958    198.779    200.126    15.5025    15.5111   4.465708   4.466602     1.7643     1.4481     100.00   22.27394  -96.77088    0.00011   -0.00002         13  0.000e+00
     132289   5512.000    198.793    200.139    15.5027    15.5113   4.465687   4.466660     1.7643     1.4481     100.00   22.27394  -96.77088    0.00011   -0.00002         13  0.000e+00
     132290   5512.042    198.779    200.126    15.5027    15.5113   4.465701   4.466638     1.7643     1.4481     100.00   22.27394  -96.77088    0.00011   -0.00002         13  0.000e+00
     132291   5512.083    198.793    200.140    15.5027    15.5109   4.465687   4.466652     1.7643     1.4481     100.00   22.27394  -96.77088    0.00010   -0.00003         13  0.000e+00
     132292   5512.125    198.827    200.174    15.5026    15.5106   4.465701   4.466552     1.7643     1.4469     100.00   22.27394  -96.77088    0.00010   -0.00005         13  0.000e+00
     132293   5512.167    198.793    200.140    15.5025    15.5102   4.465680   4.466452     1.7656     1.4481     100.00   22.27394  -96.77088    0.00012   -0.00005         13  0.000e+00
     132294   5512.208    198.779    200.126    15.5028    15.5099   4.465736   4.466502     1.7643     1.4481     100.00   22.27394  -96.77088    0.00013   -0.00005         13  0.000e+00
     132295   5512.250    198.827    200.174    15.5040    15.5102   4.465835   4.466488     1.7643     1.4481     100.00   22.27394  -96.77088    0.00013   -0.00005         13  0.000e+00
     132296   5512.292    198.793    200.140    15.5042    15.5097   4.465842   4.466480     1.7643     1.4481     100.00   22.27394  -96.77088    0.00013   -0.00005         13  0.000e+00
     132297   5512.333    198.827    200.174    15.5045    15.5097   4.465878   4.466502     1.7643     1.4481     100.00   22.27394  -96.77088    0.00013   -0.00006         13  0.000e+00
     132298   5512.375    198.793    200.140    15.5045    15.5097   4.465870   4.466488     1.7643     1.4481     100.00   22.27394  -96.77088    0.00014   -0.00006         13  0.000e+00
     132299   5512.417    198.827    200.174    15.5045    15.5096   4.465927   4.466445     1.7631     1.4481     100.00   22.27394  -96.77088    0.00010   -0.00006         13  0.000e+00
     132300   5512.458    198.848    200.195    15.5048    15.5094   4.465969   4.466416     1.7631     1.4481     100.00   22.27394  -96.77088    0.00007   -0.00006         13  0.000e+00
     132301   5512.500    198.780    200.126    15.5050    15.5090   4.465984   4.466344     1.7643     1.4469     100.00   22.27394  -96.77088    0.00008   -0.00008         13  0.000e+00
     132302   5512.542    198.827    200.174    15.5048    15.5080   4.465948   4.466237     1.7656     1.4481     100.00   22.27394  -96.77088    0.00010   -0.00008         13  0.000e+00
     132303   5512.583    198.793    200.140    15.5050    15.5073   4.465878   4.466151     1.7643     1.4481     100.00   22.27394  -96.77088    0.00008   -0.00008         13  0.000e+00
     132304   5512.625    198.827    200.174    15.5052    15.5067   4.465955   4.466101     1.7643     1.4481     100.00   22.27394  -96.77088    0.00008   -0.00007         13  0.000e+00
     132305   5512.667    198.848    200.195    15.5053    15.5061   4.465948   4.466036     1.7643     1.4481     100.00   22.27394  -96.77088    0.00008   -0.00007         13  0.000e+00
     132306   5512.708    198.828    200.175    15.5055    15.5060   4.466005   4.466043     1.7643     1.4481     100.00   22.27394  -96.77088    0.00009   -0.00007         13  0.000e+00
     132307   5512.750    198.794    200.140    15.5057    15.5060   4.466047   4.465993     1.7643     1.4481     100.00   22.27394  -96.77088    0.00009   -0.00007         13  0.000e+00
     132308   5512.792    198.780    200.127    15.5057    15.5060   4.466076   4.466007     1.7631     1.4481     100.00   22.27394  -96.77088    0.00007   -0.00007         13  0.000e+00
     132309   5512.833    198.780    200.127    15.5054    15.5060   4.466012   4.466072     1.7643     1.4469     100.00   22.27394  -96.77088    0.00006   -0.00009         13  0.000e+00
     132310   5512.875    198.896    200.243    15.5052    15.5061   4.465977   4.466036     1.7643     1.4481     100.00   22.27394  -96.77088    0.00004   -0.00009         13  0.000e+00
     132311   5512.917    198.828    200.175    15.5047    15.5061   4.465927   4.466072     1.7631     1.4481     100.00   22.27394  -96.77088    0.00001   -0.00009         13  0.000e+00
     132312   5512.958    198.794    200.141    15.5042    15.5063   4.465870   4.466093     1.7656     1.4481     100.00   22.27394  -96.77088    0.00003   -0.00009         13  0.000e+00
     132313   5513.000    198.780    200.127    15.5038    15.5061   4.465835   4.466093     1.7643     1.4481     100.00   22.27394  -96.77088    0.00003   -0.00009         13  0.000e+00
     132314   5513.042    198.848    200.196    15.5038    15.5063   4.465828   4.466036     1.7643     1.4481     100.00   22.27394  -96.77088    0.00003   -0.00007         13  0.000e+00
     132315   5513.083    198.828    200.175    15.5035    15.5063   4.465856   4.466022     1.7643     1.4481     100.00   22.27394  -96.77088    0.00003   -0.00007         13  0.000e+00
     132316   5513.125    198.794    200.141    15.5035    15.5061   4.465814   4.466022     1.7643     1.4481     100.00   22.27394  -96.77088    0.00003   -0.00008         13  0.000e+00
     132317   5513.167    198.781    200.127    15.5035    15.5056   4.465842   4.465957     1.7643     1.4481     100.00   22.27394  -96.77088    0.00004   -0.00006         13  0.000e+00
     132318   5513.208    198.828    200.175    15.5043    15.5051   4.465863   4.465914     1.7643     1.4469     100.00   22.27394  -96.77088    0.00002   -0.00008         13  0.000e+00
     132319   5513.250    198.794    200.141    15.5040    15.5050   4.465899   4.465871     1.7643     1.4481     100.00   22.27394  -96.77088    0.00002   -0.00007         13  0.000e+00
     132320   5513.292    198.781    200.127    15.5042    15.5046   4.465870   4.465835     1.7643     1.4481     100.00   22.27394  -96.77088    0.00002   -0.00006         13  0.000e+00
     132321   5513.333    198.794    200.141    15.5037    15.5046   4.465842   4.465828     1.7643     1.4481     100.00   22.27394  -96.77088    0.00000   -0.00006         13  0.000e+00
     132322   5513.375    198.781    200.128    15.5037    15.5044   4.465828   4.465828     1.7643     1.4469     100.00   22.27394  -96.77088    0.00000   -0.00007         13  0.000e+00
     132323   5513.417    198.795    200.141    15.5037    15.5044   4.465849   4.465828     1.7643     1.4481     100.00   22.27394  -96.77088    0.00001   -0.00007         13  0.000e+00
     132324   5513.458    198.781    200.128    15.5042    15.5044   4.465927   4.465828     1.7643     1.4481     100.00   22.27394  -96.77088    0.00001   -0.00007         13  0.000e+00
     132325   5513.500    198.781    200.128    15.5048    15.5055   4.465998   4.465914     1.7643     1.4481     100.00   22.27394  -96.77088    0.00001   -0.00007         13  0.000e+00
     132326   5513.542    198.747    200.094    15.5050    15.5060   4.466026   4.466029     1.7631     1.4481     100.00   22.27394  -96.77088   -0.00001   -0.00007         13  0.000e+00
     132327   5513.583    198.781    200.128    15.5054    15.5063   4.466076   4.466144     1.7643     1.4481     100.00   22.27394  -96.77088   -0.00001   -0.00007         13  0.000e+00
     132328   5513.625    198.747    200.094    15.5058    15.5070   4.466090   4.466230     1.7643     1.4481     100.00   22.27394  -96.77088   -0.00001   -0.00007         13  0.000e+00
     132329   5513.667    198.781    200.128    15.5062    15.5082   4.466097   4.466215     1.7643     1.4481     100.00   22.27394  -96.77088   -0.00001   -0.00007         13  0.000e+00
     132330   5513.708    198.747    200.094    15.5068    15.5089   4.466182   4.466294     1.7643     1.4481     100.00   22.27394  -96.77088   -0.00002   -0.00006         13  0.000e+00
     132331   5513.750    198.781    200.128    15.5072    15.5094   4.466217   4.466323     1.7643     1.4481     100.00   22.27394  -96.77088   -0.00002   -0.00006         13  0.000e+00
