GOMECC/GOMECC-4/1db/rb2103_0231.cnv
* Sea-Bird SBE 9 Data File:
* FileName = C:\Users\scs.user.rb\CTD\GOMECC4\data\rb2103_0231.hex
* Software Version Seasave V 7.26.7.107
* Temperature SN = 4799
* Conductivity SN = 3860
* Number of Bytes Per Scan = 41
* Number of Voltage Words = 4
* Number of Scans Averaged by the Deck Unit = 1
* NMEA Latitude = 28 51.94 N
* NMEA Longitude = 085 55.30 W
* NMEA UTC (Time) = Sep 21 2021  03:02:09
* NMEA baud rate = 4800
# nquan = 28
# nvalues = 354                         
# units = specified
# name 0 = scan: Scan Count
# name 1 = timeS: Time, Elapsed [seconds]
# name 2 = depSM: Depth [salt water, m]
# name 3 = prDM: Pressure, Digiquartz [db]
# name 4 = t090C: Temperature [ITS-90, deg C]
# name 5 = t190C: Temperature, 2 [ITS-90, deg C]
# name 6 = c0S/m: Conductivity [S/m]
# name 7 = c1S/m: Conductivity, 2 [S/m]
# name 8 = sbeox0V: Oxygen raw, SBE 43 [V]
# name 9 = sbeox1V: Oxygen raw, SBE 43, 2 [V]
# name 10 = altM: Altimeter [m]
# name 11 = latitude: Latitude [deg]
# name 12 = longitude: Longitude [deg]
# name 13 = sbox0dV/dT: Oxygen, SBE 43 [dov/dt]
# name 14 = sbox1dV/dT: Oxygen, SBE 43, 2 [dov/dt]
# name 15 = sbeox0ML/L: Oxygen, SBE 43 [ml/l], WS = 5
# name 16 = sbeox1ML/L: Oxygen, SBE 43, 2 [ml/l], WS = 5
# name 17 = potemp090C: Potential Temperature [ITS-90, deg C]
# name 18 = potemp190C: Potential Temperature, 2 [ITS-90, deg C]
# name 19 = sal00: Salinity, Practical [PSU]
# name 20 = sal11: Salinity, Practical, 2 [PSU]
# name 21 = sigma-é00: Density [sigma-theta, kg/m^3]
# name 22 = sigma-é11: Density, 2 [sigma-theta, kg/m^3]
# name 23 = avgsvCM: Average Sound Velocity [Chen-Millero, m/s], minP = 20, minS = 20
# name 24 = sbox0Mm/Kg: Oxygen, SBE 43 [umol/kg], WS = 5
# name 25 = sbox1Mm/Kg: Oxygen, SBE 43, 2 [umol/kg], WS = 5
# name 26 = nbin: number of scans per bin
# name 27 = flag: flag
# span 0 =      21061,      67767       
# span 1 =    877.497,   2823.570       
# span 2 =      1.986,    245.195       
# span 3 =      2.000,    247.000       
# span 4 =    12.2038,    28.9328       
# span 5 =    12.2064,    28.9534       
# span 6 =   4.084020,   5.782293       
# span 7 =   4.084286,   5.782622       
# span 8 =     1.6770,     3.1373       
# span 9 =     1.3770,     2.6662       
# span 10 =      11.22,     100.82      
# span 11 =   28.85678,   29.05426      
# span 12 =  -86.50484,  -85.91560      
# span 13 =   -0.02971,    0.01900      
# span 14 =   -0.02741,    0.01817      
# span 15 =     2.4858,     4.4300      
# span 16 =     2.5216,     4.4626      
# span 17 =    12.1710,    28.9244      
# span 18 =    12.1748,    28.9449      
# span 19 =    34.6754,    36.5621      
# span 20 =    34.6766,    36.5629      
# span 21 =    21.9970,    26.9632      
# span 22 =    21.9975,    26.9628      
# span 23 =       0.00,    1557.58      
# span 24 =    108.100,    193.292      
# span 25 =    109.659,    194.540      
# span 26 =         30,         70      
# span 27 = 0.0000e+00, 0.0000e+00      
# interval = decibars: 1                
# start_time = Sep 21 2021 03:02:09 [NMEA time, header]
# bad_flag = -9.990e-29
*END*
[from data line 208]
      30274   1261.362    211.460    213.000    13.0937    13.0959   4.185038   4.185387     1.7444     1.4365      45.76   28.86026  -85.92568   -0.00545   -0.00449     2.5933     2.6241    13.0641    13.0669    35.6664    35.6661    26.8964    26.8954    1524.25    112.781    114.124         38 0.0000e+00
      30309   1262.817    212.453    214.000    13.0510    13.0533   4.180164   4.180264     1.7401     1.4328      44.88   28.86026  -85.92568   -0.00377   -0.00326     2.5845     2.6163    13.0213    13.0243    35.6596    35.6593    26.8998    26.8993    1524.16    112.401    113.784         33 0.0000e+00
      30341   1264.176    213.445    215.000    13.0232    13.0245   4.176987   4.177058     1.7358     1.4293      43.82   28.86026  -85.92568   -0.00310   -0.00267     2.5763     2.6091    12.9934    12.9947    35.6550    35.6545    26.9019    26.9012    1524.07    112.045    113.469         33 0.0000e+00
      30376   1265.636    214.437    216.000    12.9959    12.9977   4.173915   4.174048     1.7323     1.4265      42.89   28.86026  -85.92568   -0.00299   -0.00241     2.5695     2.6033    12.9660    12.9678    35.6509    35.6505    26.9042    26.9035    1523.98    111.745    113.219         38 0.0000e+00
      30416   1267.295    215.429    217.000    12.9779    12.9834   4.171876   4.172478     1.7324     1.4282      41.75   28.86026  -85.92568   -0.00175   -0.00112     2.5715     2.6093    12.9478    12.9533    35.6479    35.6486    26.9056    26.9050    1523.89    111.832    113.476         40 0.0000e+00
      30454   1268.862    216.422    218.000    12.9575    12.9607   4.169571   4.169882     1.7345     1.4307      40.86   28.86026  -85.92568    0.00023    0.00100     2.5781     2.6178    12.9274    12.9305    35.6446    35.6446    26.9072    26.9066    1523.79    112.121    113.846         36 0.0000e+00
      30491   1270.396    217.414    219.000    12.9504    12.9533   4.168753   4.169125     1.7391     1.4364      39.79   28.86026  -85.92566    0.00179    0.00229     2.5874     2.6313    12.9202    12.9230    35.6436    35.6441    26.9079    26.9076    1523.70    112.527    114.434         38 0.0000e+00
      30527   1271.937    218.406    220.000    12.9423    12.9450   4.167987   4.168218     1.7453     1.4427      38.89   28.86025  -85.92566    0.00320    0.00357     2.6081     2.6527    12.9119    12.9146    35.6422    35.6427    26.9084    26.9082    1523.62    113.425    115.364         35 0.0000e+00
      30561   1273.345    219.398    221.000    12.9410    12.9430   4.167827   4.168041     1.7511     1.4476      37.87   28.86024  -85.92566    0.00382    0.00387     2.6222     2.6667    12.9104    12.9125    35.6422    35.6424    26.9088    26.9084    1523.53    114.040    115.974         34 0.0000e+00
      30599   1274.898    220.390    222.000    12.9403    12.9410   4.167811   4.167858     1.7560     1.4514      36.87   28.86024  -85.92566    0.00379    0.00324     2.6352     2.6776    12.9096    12.9104    35.6423    35.6421    26.9089    26.9086    1523.44    114.604    116.448         41 0.0000e+00
      30639   1276.597    221.383    223.000    12.9048    12.9131   4.163669   4.164507     1.7588     1.4556      35.85   28.86024  -85.92566    0.00278    0.00251     2.6448     2.6915    12.8740    12.8824    35.6357    35.6358    26.9110    26.9094    1523.35    115.023    117.054         38 0.0000e+00
      30674   1278.056    222.375    224.000    12.8205    12.8233   4.154038   4.154277     1.7611     1.4589      34.90   28.86024  -85.92566    0.00175    0.00248     2.6564     2.7066    12.7898    12.7926    35.6224    35.6220    26.9176    26.9167    1523.27    115.524    117.709         33 0.0000e+00
      30707   1279.427    223.367    225.000    12.7726    12.7755   4.148514   4.148716     1.7592     1.4542      33.92   28.86024  -85.92566    0.00089    0.00105     2.6544     2.6966    12.7418    12.7447    35.6141    35.6135    26.9207    26.9197    1523.18    115.437    117.271         35 0.0000e+00
      30745   1281.009    224.359    226.000    12.7219    12.7230   4.142763   4.142824     1.7522     1.4440      32.86   28.86024  -85.92566   -0.00176   -0.00341     2.6406     2.6717    12.6911    12.6921    35.6062    35.6058    26.9247    26.9242    1523.09    114.835    116.192         40 0.0000e+00
      30784   1282.622    225.352    227.000    12.7017    12.7030   4.140399   4.140454     1.7429     1.4345      31.90   28.86024  -85.92566   -0.00459   -0.00609     2.6188     2.6473    12.6708    12.6721    35.6021    35.6014    26.9256    26.9248    1523.01    113.890    115.130         37 0.0000e+00
      30820   1284.125    226.344    228.000    12.6551    12.6570   4.135101   4.135243     1.7334     1.4250      30.92   28.86024  -85.92566   -0.00576   -0.00601     2.5974     2.6236    12.6240    12.6260    35.5947    35.5942    26.9292    26.9284    1522.92    112.959    114.096         34 0.0000e+00
      30854   1285.530    227.336    229.000    12.6264    12.6280   4.131868   4.131972     1.7233     1.4149      29.97   28.86024  -85.92566   -0.00652   -0.00649     2.5734     2.5975    12.5953    12.5969    35.5902    35.5897    26.9314    26.9306    1522.83    111.916    112.963         35 0.0000e+00
      30890   1287.048    228.328    230.000    12.6023    12.6034   4.129128   4.129179     1.7153     1.4086      28.95   28.86024  -85.92566   -0.00660   -0.00622     2.5547     2.5815    12.5711    12.5722    35.5862    35.5856    26.9331    26.9323    1522.75    111.100    112.268         38 0.0000e+00
      30929   1288.651    229.320    231.000    12.5709    12.5733   4.125556   4.125729     1.7107     1.4055      27.94   28.86024  -85.92566   -0.00479   -0.00396     2.5452     2.5749    12.5396    12.5420    35.5809    35.5803    26.9352    26.9342    1522.66    110.688    111.980         37 0.0000e+00
      30965   1290.155    230.313    232.000    12.5167    12.5193   4.119566   4.119821     1.7075     1.4044      26.95   28.86024  -85.92566   -0.00287   -0.00175     2.5407     2.5755    12.4853    12.4880    35.5740    35.5739    26.9405    26.9399    1522.58    110.491    112.003         36 0.0000e+00
      31001   1291.684    231.305    233.000    12.4432    12.4467   4.111021   4.111237     1.7057     1.4031      26.03   28.86024  -85.92566   -0.00195   -0.00091     2.5407     2.5765    12.4116    12.4157    35.5607    35.5589    26.9448    26.9426    1522.49    110.492    112.046         37 0.0000e+00
      31037   1293.167    232.297    234.000    12.3860    12.3887   4.104646   4.104871     1.7056     1.4033      24.96   28.86024  -85.92566   -0.00101   -0.00050     2.5444     2.5809    12.3546    12.3573    35.5524    35.5520    26.9495    26.9487    1522.41    110.652    112.239         35 0.0000e+00
      31073   1294.661    233.289    235.000    12.3537    12.3558   4.100541   4.101337     1.7060     1.4030      23.99   28.86023  -85.92565   -0.00008   -0.00012     2.5479     2.5819    12.3222    12.3247    35.5471    35.5468    26.9517    26.9507    1522.32    110.802    112.284         36 0.0000e+00
      31109   1296.162    234.281    236.000    12.2112    12.2229   4.086054   4.086826     1.7047     1.4026      22.98   28.86022  -85.92564   -0.00005   -0.00015     2.5517     2.5876    12.1798    12.1915    35.5236    35.5245    26.9612    26.9597    1522.26    110.967    112.526         37 0.0000e+00
      31146   1297.716    235.273    237.000    12.2064    12.2091   4.084231   4.084501     1.7016     1.3993      22.03   28.86022  -85.92564   -0.00101   -0.00073     2.5462     2.5814    12.1749    12.1776    35.5232    35.5232    26.9618    26.9613    1522.15    110.727    112.257         38 0.0000e+00
      31185   1299.315    236.265    238.000    12.2056    12.2064   4.084226   4.084286     1.6972     1.3941      20.95   28.86022  -85.92564   -0.00219   -0.00235     2.5350     2.5671    12.1740    12.1748    35.5235    35.5233    26.9623    26.9620    1522.06    110.239    111.637         34 0.0000e+00
      35761   1490.016    245.195    247.000    12.2038    12.2076   4.084020   4.084413     1.6770     1.3770      11.22   28.85678  -85.91560    0.00017   -0.00007     2.4858     2.5216    12.1710    12.1748    35.5190    35.5189    26.9591    26.9583    1521.05    108.100    109.659         52 0.0000e+00
      35815   1492.253    244.202    246.000    12.2061    12.2124   4.084632   4.085187     1.6778     1.3776      12.22   28.86010  -85.92550    0.00030    0.00005     2.4873     2.5227    12.1734    12.1797    35.5232    35.5230    26.9621    26.9607    1521.23    108.167    109.705         47 0.0000e+00
      35864   1494.304    243.210    245.000    12.2052    12.2190   4.084464   4.085850     1.6789     1.3781      13.17   28.86010  -85.92549    0.00040    0.00029     2.4899     2.5236    12.1726    12.1864    35.5232    35.5231    26.9623    26.9596    1521.23    108.278    109.745         51 0.0000e+00
      35915   1496.413    242.218    244.000    12.2057    12.2230   4.084450   4.086297     1.6796     1.3789      14.17   28.86010  -85.92548    0.00048    0.00025     2.4914     2.5252    12.1733    12.1905    35.5230    35.5246    26.9620    26.9599    1521.23    108.345    109.816         45 0.0000e+00
      35956   1498.138    241.226    243.000    12.2090    12.2211   4.084874   4.086132     1.6800     1.3808      15.10   28.86009  -85.92548    0.00031    0.00069     2.4920     2.5304    12.1767    12.1888    35.5237    35.5251    26.9619    26.9606    1521.23    108.369    110.040         39 0.0000e+00
      35991   1499.567    240.234    242.000    12.2066    12.2111   4.084589   4.085056     1.6802     1.3812      15.97   28.86008  -85.92548    0.00019    0.00078     2.4922     2.5317    12.1745    12.1790    35.5243    35.5246    26.9628    26.9622    1521.23    108.377    110.098         33 0.0000e+00
      36025   1500.999    239.242    241.000    12.2053    12.2074   4.084408   4.084626     1.6814     1.3824      16.99   28.86008  -85.92548    0.00034    0.00057     2.4950     2.5350    12.1733    12.1753    35.5243    35.5244    26.9630    26.9627    1521.23    108.502    110.241         36 0.0000e+00
      36063   1502.602    238.249    240.000    12.2046    12.2070   4.084308   4.084531     1.6827     1.3839      18.06   28.86008  -85.92548    0.00074    0.00081     2.4981     2.5389    12.1727    12.1751    35.5244    35.5243    26.9632    26.9627    1521.23    108.637    110.409         38 0.0000e+00
      36099   1504.070    237.258    239.000    12.2057    12.2081   4.084377   4.084619     1.6835     1.3837      19.00   28.86008  -85.92548    0.00073    0.00067     2.4999     2.5379    12.1739    12.1763    35.5245    35.5246    26.9631    26.9626    1521.23    108.713    110.368         34 0.0000e+00
      36132   1505.456    236.266    238.000    12.2067    12.2089   4.084468   4.084677     1.6841     1.3837      19.99   28.86008  -85.92548    0.00055    0.00007     2.5009     2.5376    12.1751    12.1773    35.5248    35.5248    26.9630    26.9626    1521.23    108.759    110.356         31 0.0000e+00
      36162   1506.690    235.273    237.000    12.2076    12.2092   4.084540   4.084691     1.6851     1.3844      20.88   28.86008  -85.92548    0.00055    0.00005     2.5031     2.5391    12.1761    12.1777    35.5252    35.5251    26.9631    26.9628    1521.23    108.855    110.420         30 0.0000e+00
      36219   1509.101    233.289    235.000    12.2105    12.2130   4.084792   4.085048     1.6864     1.3864      22.91   28.86001  -85.92529    0.00064    0.00066     2.5057     2.5440    12.1793    12.1818    35.5256    35.5258    26.9629    26.9625    1521.23    108.965    110.633         30 0.0000e+00
      36701   1529.174    214.437    216.000    12.9215    12.9329   4.165567   4.166681     1.7467     1.4408      41.72   28.85942  -85.92352    0.00626    0.00484     2.6107     2.6467    12.8917    12.9031    35.6410    35.6409    26.9115    26.9091    1521.20    113.538    115.103         31 0.0000e+00
      37418   1559.022    196.576    198.000    13.2881    13.2545   4.208785   4.205138     1.7782     1.4720      60.28   28.88142  -85.98909   -0.00057   -0.00159     2.6574     2.7068    13.2596    13.2267    35.7230    35.7165    26.9018    26.9034    1522.36    115.573    117.720         31 0.0000e+00
      39740   1655.809    193.599    195.000    13.5661    13.5649   4.239700   4.240000     1.8165     1.5047      63.07   28.87184  -85.96065 7.4571e-07   -0.00004     2.7376     2.7760    13.5383    13.5372    35.7512    35.7544    26.8653    26.8682    1521.86    119.064    120.733         47 0.0000e+00
      39771   1657.074    192.607    194.000    13.5593    13.5583   4.238157   4.238070     1.8154     1.5035      63.72   28.85998  -85.92534    0.00019   -0.00013     2.7361     2.7730    13.5316    13.5306    35.7419    35.7420    26.8589    26.8593    1521.23    118.998    120.605         36 0.0000e+00
      40632   1692.962    167.796    169.000    14.3367    14.3726   4.329325   4.330644     1.8777     1.5590      70.94   28.87494  -85.96992    0.00073    0.00005     2.8302     2.8631    14.3118    14.3475    35.8861    35.8951    26.8068    26.8060    1522.02    123.098    124.529         30 0.0000e+00
      40981   1707.507    164.819    166.000    14.5277    14.5676   4.350684   4.356941     1.8844     1.5647      91.94   28.88382  -85.99632    0.00016    0.00037     2.8313     2.8640    14.5015    14.5428    35.9087    35.9319    26.7830    26.7929    1522.49    123.148    124.571         42 0.0000e+00
      42308   1762.774    163.826    165.000    14.7194    14.7213   4.372305   4.372695     1.8789     1.5615      92.62   28.85993  -85.92525    0.00006   -0.00001     2.8074     2.8458    14.6946    14.6964    35.9265    35.9278    26.7538    26.7544    1521.23    122.111    123.782         39 0.0000e+00
      42584   1774.295    162.834    164.000    14.7509    14.7267   4.375898   4.373370     1.8786     1.5621      93.41   28.85992  -85.92524    0.00022    0.00047     2.8043     2.8464    14.7262    14.7020    35.9315    35.9301    26.7508    26.7550    1521.23    121.979    123.806         52 0.0000e+00
      42635   1776.406    161.841    163.000    14.7651    14.7525   4.377511   4.376153     1.8785     1.5620      94.51   28.85992  -85.92524   -0.00006    0.00016     2.8027     2.8446    14.7405    14.7279    35.9325    35.9316    26.7484    26.7505    1521.23    121.908    123.729         45 0.0000e+00
      45373   1890.481    134.050    135.000    16.7799    16.7540   4.618782   4.613017     2.0030     1.6722     100.10   28.89007  -86.01514   -0.00008    0.00009     2.9557     2.9927    16.7577    16.7318    36.2852    36.2465    26.5619    26.5355    1522.82    128.589    130.198         35 0.0000e+00
      45396   1891.467    133.057    134.000    16.7700    16.7631   4.614854   4.614057     2.0029     1.6708      98.47   28.85984  -85.92512    0.00054    0.00003     2.9565     2.9893    16.7479    16.7410    36.2486    36.2486    26.5333    26.5349    1521.23    128.624    130.050         70 0.0000e+00
      45474   1894.710    132.064    133.000    16.7743    16.7811   4.615010   4.616222     2.0054     1.6742      96.91   28.85984  -85.92512    0.00079    0.00096     2.9618     2.9964    16.7524    16.7591    36.2497    36.2510    26.5330    26.5325    1521.23    128.854    130.359         60 0.0000e+00
