GOMECC/GOMECC-4/1db/rb2103_1291.ros
* Sea-Bird SBE 9 Data File:
* FileName = C:\Users\scs.user.rb\CTD\GOMECC4\data\rb2103_1291.hex
* Software Version Seasave V 7.26.7.107
* Temperature SN = 4799
* Conductivity SN = 3860
* Number of Bytes Per Scan = 41
* Number of Voltage Words = 4
* Number of Scans Averaged by the Deck Unit = 1
* NMEA Latitude = 26 57.28 N
* NMEA Longitude = 082 45.08 W
* NMEA UTC (Time) = Oct 19 2021  09:01:59
* NMEA baud rate = 4800
# nquan = 17
# nvalues = 399                                   
# units = specified
# name 0 = scan: Scan Count
# name 1 = timeS: Time, Elapsed [seconds]
# name 2 = depSM: Depth [salt water, m]
# name 3 = prDM: Pressure, Digiquartz [db]
# name 4 = t090C: Temperature [ITS-90, deg C]
# name 5 = t190C: Temperature, 2 [ITS-90, deg C]
# name 6 = c0S/m: Conductivity [S/m]
# name 7 = c1S/m: Conductivity, 2 [S/m]
# name 8 = sbeox0V: Oxygen raw, SBE 43 [V]
# name 9 = sbeox1V: Oxygen raw, SBE 43, 2 [V]
# name 10 = altM: Altimeter [m]
# name 11 = latitude: Latitude [deg]
# name 12 = longitude: Longitude [deg]
# name 13 = sbox0dV/dT: Oxygen, SBE 43 [dov/dt]
# name 14 = sbox1dV/dT: Oxygen, SBE 43, 2 [dov/dt]
# name 15 = nbf: Bottles Fired
# name 16 = flag:  0.000e+00
# interval = seconds: 0.0416667
# start_time = Oct 19 2021 09:01:59 [NMEA time, header]
# bad_flag = -9.990e-29
*END*
[from data line 171]
      17969    748.667      9.906      9.971    28.5428    28.5417   5.824883   5.824933     3.1270     2.6422      15.65   26.95514  -82.75148    0.00003    0.00077          2  0.000e+00
      17970    748.708      9.906      9.971    28.5427    28.5419   5.824859   5.824965     3.1270     2.6422      15.65   26.95514  -82.75148    0.00006    0.00084          2  0.000e+00
      17971    748.750      9.906      9.971    28.5422    28.5419   5.824859   5.825013     3.1270     2.6422      15.63   26.95514  -82.75148    0.00007    0.00090          2  0.000e+00
      17972    748.792      9.906      9.971    28.5428    28.5420   5.824859   5.825061     3.1270     2.6422      15.63   26.95514  -82.75148    0.00008    0.00094          2  0.000e+00
      17973    748.833      9.852      9.917    28.5417    28.5422   5.824891   5.825077     3.1270     2.6422      15.60   26.95514  -82.75148    0.00009    0.00100          2  0.000e+00
      17974    748.875      9.906      9.971    28.5387    28.5425   5.824835   5.825077     3.1270     2.6422      15.60   26.95514  -82.75148    0.00010    0.00104          2  0.000e+00
      17975    748.917      9.906      9.971    28.5374    28.5428   5.824772   5.825037     3.1270     2.6422      15.63   26.95514  -82.75148    0.00012    0.00110          2  0.000e+00
      17976    748.958      9.906      9.971    28.5393    28.5426   5.824764   5.825101     3.1270     2.6422      15.63   26.95514  -82.75148    0.00013    0.00116          2  0.000e+00
      17977    749.000      9.906      9.971    28.5400    28.5428   5.824796   5.825085     3.1270     2.6422      15.60   26.95514  -82.75148    0.00014    0.00122          2  0.000e+00
      17978    749.042      9.906      9.971    28.5407    28.5423   5.824843   5.825077     3.1270     2.6422      15.63   26.95514  -82.75148    0.00016    0.00127          2  0.000e+00
      17979    749.083      9.804      9.869    28.5407    28.5422   5.824748   5.825037     3.1270     2.6422      15.60   26.95514  -82.75148    0.00015    0.00133          2  0.000e+00
      17980    749.125     10.007     10.074    28.5411    28.5420   5.824749   5.825029     3.1270     2.6422      15.60   26.95514  -82.75148    0.00016    0.00138          2  0.000e+00
      17981    749.167      9.906      9.971    28.5405    28.5421   5.824725   5.824989     3.1270     2.6422      15.60   26.95514  -82.75148    0.00018    0.00144          2  0.000e+00
      17982    749.208      9.906      9.971    28.5407    28.5419   5.824788   5.825013     3.1270     2.6410      15.60   26.95514  -82.75148    0.00019    0.00147          2  0.000e+00
      17983    749.250      9.906      9.971    28.5407    28.5417   5.824780   5.825005     3.1270     2.6410      15.63   26.95514  -82.75148    0.00021    0.00151          2  0.000e+00
      17984    749.292      9.906      9.971    28.5409    28.5415   5.824835   5.825021     3.1270     2.6410      15.60   26.95514  -82.75148    0.00020    0.00153          2  0.000e+00
      17985    749.333      9.906      9.971    28.5413    28.5416   5.824820   5.824989     3.1270     2.6410      15.60   26.95514  -82.75148    0.00022    0.00156          2  0.000e+00
      17986    749.375      9.906      9.971    28.5416    28.5415   5.824812   5.824981     3.1270     2.6398      15.60   26.95514  -82.75148    0.00022    0.00156          2  0.000e+00
      17987    749.417      9.953     10.019    28.5415    28.5415   5.824843   5.824941     3.1270     2.6398      15.60   26.95514  -82.75148    0.00021    0.00156          2  0.000e+00
      17988    749.458      9.906      9.971    28.5415    28.5414   5.824820   5.824965     3.1270     2.6398      15.60   26.95514  -82.75148    0.00021    0.00156          2  0.000e+00
      17989    749.500      9.906      9.971    28.5411    28.5411   5.824772   5.824909     3.1270     2.6398      15.60   26.95514  -82.75148    0.00021    0.00154          2  0.000e+00
      17990    749.542      9.906      9.971    28.5407    28.5406   5.824733   5.824813     3.1270     2.6398      15.63   26.95514  -82.75148    0.00021    0.00153          2  0.000e+00
      17991    749.583      9.906      9.971    28.5405    28.5401   5.824748   5.824749     3.1270     2.6398      15.60   26.95514  -82.75148    0.00020    0.00151          2  0.000e+00
      17992    749.625      9.906      9.971    28.5405    28.5398   5.824764   5.824773     3.1270     2.6386      15.60   26.95514  -82.75148    0.00018    0.00147          2  0.000e+00
      17993    749.667      9.906      9.971    28.5404    28.5398   5.824725   5.824717     3.1270     2.6398      15.60   26.95514  -82.75148    0.00018    0.00145          2  0.000e+00
      17994    749.708      9.906      9.971    28.5404    28.5391   5.824748   5.824653     3.1270     2.6398      15.60   26.95514  -82.75148    0.00016    0.00143          2  0.000e+00
      17995    749.750      9.906      9.971    28.5402    28.5388   5.824764   5.824645     3.1270     2.6398      15.63   26.95514  -82.75148    0.00014    0.00141          2  0.000e+00
      17996    749.792      9.906      9.971    28.5405    28.5387   5.824725   5.824604     3.1270     2.6398      15.63   26.95514  -82.75148    0.00012    0.00138          2  0.000e+00
      17997    749.833      9.906      9.971    28.5407    28.5382   5.824748   5.824524     3.1270     2.6398      15.65   26.95514  -82.75148    0.00010    0.00136          2  0.000e+00
      17998    749.875      9.906      9.971    28.5409    28.5381   5.824804   5.824500     3.1270     2.6398      15.65   26.95514  -82.75148    0.00008    0.00133          2  0.000e+00
      17999    749.917      9.906      9.971    28.5411    28.5372   5.824843   5.824428     3.1282     2.6398      15.65   26.95514  -82.75148    0.00007    0.00131          2  0.000e+00
      18000    749.958      9.906      9.971    28.5411    28.5371   5.824820   5.824404     3.1270     2.6410      15.63   26.95514  -82.75148    0.00005    0.00130          2  0.000e+00
      18001    750.000      9.906      9.971    28.5409    28.5366   5.824843   5.824404     3.1270     2.6398      15.65   26.95514  -82.75148    0.00004    0.00127          2  0.000e+00
      18002    750.042      9.852      9.917    28.5407    28.5361   5.824788   5.824364     3.1270     2.6410      15.65   26.95514  -82.75148    0.00002    0.00126          2  0.000e+00
      18003    750.083      9.906      9.971    28.5409    28.5354   5.824725   5.824308     3.1270     2.6410      15.65   26.95514  -82.75148   -0.00001    0.00125          2  0.000e+00
      18004    750.125      9.906      9.971    28.5405    28.5351   5.824646   5.824300     3.1270     2.6422      15.65   26.95514  -82.75148   -0.00003    0.00125          2  0.000e+00
      18005    750.167      9.906      9.971    28.5404    28.5348   5.824662   5.824308     3.1270     2.6422      15.65   26.95514  -82.75148   -0.00004    0.00125          2  0.000e+00
      18006    750.208      9.852      9.917    28.5394    28.5348   5.824598   5.824308     3.1270     2.6422      15.63   26.95514  -82.75148   -0.00004    0.00126          2  0.000e+00
      18007    750.250      9.906      9.971    28.5393    28.5345   5.824575   5.824340     3.1270     2.6435      15.65   26.95514  -82.75148   -0.00005    0.00127          2  0.000e+00
      18008    750.292      9.852      9.917    28.5389    28.5347   5.824575   5.824356     3.1270     2.6435      15.63   26.95514  -82.75148   -0.00006    0.00129          2  0.000e+00
      18009    750.333      9.906      9.971    28.5387    28.5350   5.824535   5.824356     3.1270     2.6435      15.65   26.95514  -82.75148   -0.00006    0.00128          2  0.000e+00
      18010    750.375      9.852      9.917    28.5387    28.5349   5.824527   5.824316     3.1270     2.6435      15.65   26.95514  -82.75148   -0.00007    0.00130          2  0.000e+00
      18011    750.417      9.906      9.971    28.5387    28.5354   5.824527   5.824308     3.1270     2.6435      15.65   26.95514  -82.75148   -0.00008    0.00129          2  0.000e+00
      18012    750.458      9.852      9.917    28.5380    28.5356   5.824567   5.824340     3.1270     2.6447      15.65   26.95514  -82.75148   -0.00008    0.00130          2  0.000e+00
      18013    750.500      9.852      9.917    28.5380    28.5355   5.824575   5.824356     3.1270     2.6447      15.65   26.95514  -82.75148   -0.00009    0.00130          2  0.000e+00
      18014    750.542      9.852      9.917    28.5380    28.5356   5.824575   5.824356     3.1282     2.6435      15.65   26.95514  -82.75148   -0.00008    0.00130          2  0.000e+00
      18015    750.583      9.906      9.971    28.5383    28.5354   5.824575   5.824316     3.1282     2.6435      15.65   26.95514  -82.75148   -0.00009    0.00131          2  0.000e+00
      18016    750.625      9.852      9.917    28.5383    28.5353   5.824575   5.824308     3.1270     2.6435      15.63   26.95514  -82.75148   -0.00009    0.00131          2  0.000e+00
      18017    750.667      9.852      9.917    28.5385    28.5352   5.824606   5.824340     3.1282     2.6435      15.65   26.95514  -82.75148   -0.00008    0.00130          2  0.000e+00
      18018    750.708      9.804      9.869    28.5387    28.5356   5.824622   5.824356     3.1270     2.6435      15.65   26.95514  -82.75148   -0.00009    0.00130          2  0.000e+00
      18019    750.750      9.852      9.917    28.5391    28.5358   5.824622   5.824316     3.1282     2.6435      15.65   26.95514  -82.75148   -0.00008    0.00129          2  0.000e+00
      18020    750.792      9.852      9.917    28.5396    28.5358   5.824693   5.824380     3.1282     2.6422      15.68   26.95514  -82.75148   -0.00009    0.00127          2  0.000e+00
      18021    750.833      9.852      9.917    28.5402    28.5359   5.824677   5.824428     3.1282     2.6410      15.70   26.95514  -82.75148   -0.00008    0.00122          2  0.000e+00
      18022    750.875      9.852      9.917    28.5400    28.5363   5.824701   5.824444     3.1282     2.6410      15.68   26.95514  -82.75148   -0.00008    0.00118          2  0.000e+00
      18023    750.917      9.852      9.917    28.5396    28.5364   5.824646   5.824380     3.1282     2.6398      15.70   26.95514  -82.75148   -0.00007    0.00112          2  0.000e+00
      18024    750.958      9.804      9.869    28.5393    28.5363   5.824622   5.824428     3.1282     2.6398      15.70   26.95514  -82.75148   -0.00006    0.00105          2  0.000e+00
      18025    751.000      9.852      9.917    28.5396    28.5365   5.824654   5.824412     3.1282     2.6398      15.70   26.95514  -82.75148   -0.00005    0.00101          2  0.000e+00
      18026    751.042      9.804      9.869    28.5394    28.5366   5.824669   5.824404     3.1270     2.6386      15.70   26.95514  -82.75148   -0.00007    0.00092          2  0.000e+00
      18027    751.083      9.852      9.917    28.5396    28.5365   5.824741   5.824404     3.1282     2.6386      15.70   26.95514  -82.75148   -0.00006    0.00084          2  0.000e+00
      18028    751.125      9.804      9.869    28.5398    28.5365   5.824764   5.824436     3.1282     2.6386      15.70   26.95514  -82.75148   -0.00005    0.00076          2  0.000e+00
      18029    751.167      9.852      9.917    28.5405    28.5366   5.824764   5.824412     3.1282     2.6374      15.68   26.95514  -82.75148   -0.00005    0.00066          2  0.000e+00
      18030    751.208      9.804      9.869    28.5411    28.5365   5.824764   5.824436     3.1282     2.6374      15.70   26.95514  -82.75148   -0.00004    0.00055          2  0.000e+00
      18031    751.250      9.804      9.869    28.5413    28.5367   5.824764   5.824412     3.1282     2.6374      15.68   26.95514  -82.75148   -0.00004    0.00045          2  0.000e+00
      18032    751.292      9.852      9.917    28.5409    28.5366   5.824725   5.824436     3.1282     2.6386      15.70   26.95514  -82.75148   -0.00001    0.00037          2  0.000e+00
      18033    751.333      9.804      9.869    28.5405    28.5367   5.824717   5.824452     3.1282     2.6386      15.68   26.95514  -82.75148   -0.00001    0.00029          2  0.000e+00
      18034    751.375      9.804      9.869    28.5407    28.5371   5.824717   5.824412     3.1282     2.6386      15.70   26.95514  -82.75148   -0.00000    0.00020          2  0.000e+00
      18035    751.417      9.804      9.869    28.5405    28.5367   5.824748   5.824364     3.1282     2.6386      15.70   26.95514  -82.75148    0.00002    0.00012          2  0.000e+00
      18036    751.458      9.804      9.869    28.5396    28.5363   5.824654   5.824388     3.1294     2.6386      15.68   26.95514  -82.75148    0.00006    0.00003          2  0.000e+00
      18037    751.500      9.852      9.917    28.5382    28.5358   5.824622   5.824404     3.1282     2.6386      15.70   26.95514  -82.75148    0.00008   -0.00005          2  0.000e+00
      18038    751.542      9.804      9.869    28.5372    28.5356   5.824582   5.824332     3.1282     2.6386      15.70   26.95514  -82.75148    0.00010   -0.00014          2  0.000e+00
      18039    751.583      9.804      9.869    28.5365    28.5354   5.824503   5.824292     3.1270     2.6386      15.68   26.95514  -82.75148    0.00010   -0.00022          2  0.000e+00
      18040    751.625      9.804      9.869    28.5360    28.5359   5.824440   5.824300     3.1282     2.6386      15.70   26.95514  -82.75148    0.00013   -0.00031          2  0.000e+00
      18041    751.667      9.852      9.917    28.5360    28.5356   5.824401   5.824308     3.1282     2.6386      15.68   26.95514  -82.75148    0.00013   -0.00040          2  0.000e+00
      18042    751.708      9.804      9.869    28.5360    28.5353   5.824456   5.824276     3.1270     2.6386      15.68   26.95514  -82.75148    0.00013   -0.00048          2  0.000e+00
      18043    751.750      9.804      9.869    28.5362    28.5348   5.824409   5.824268     3.1270     2.6386      15.68   26.95514  -82.75148    0.00014   -0.00055          2  0.000e+00
      18044    751.792      9.804      9.869    28.5363    28.5348   5.824488   5.824268     3.1282     2.6386      15.63   26.95514  -82.75148    0.00016   -0.00062          2  0.000e+00
      18045    751.833      9.852      9.917    28.5363    28.5347   5.824456   5.824268     3.1282     2.6386      15.63   26.95514  -82.75148    0.00018   -0.00069          2  0.000e+00
      18046    751.875      9.804      9.869    28.5365    28.5347   5.824464   5.824292     3.1282     2.6386      15.63   26.95514  -82.75148    0.00020   -0.00075          2  0.000e+00
      18047    751.917      9.852      9.917    28.5369    28.5354   5.824480   5.824276     3.1270     2.6386      15.63   26.95514  -82.75148    0.00021   -0.00080          2  0.000e+00
      18048    751.958      9.804      9.869    28.5367    28.5355   5.824480   5.824292     3.1282     2.6398      15.63   26.95514  -82.75148    0.00023   -0.00083          2  0.000e+00
      18049    752.000      9.804      9.869    28.5369    28.5359   5.824448   5.824308     3.1282     2.6398      15.63   26.95514  -82.75148    0.00025   -0.00085          2  0.000e+00
      18050    752.042      9.852      9.917    28.5363    28.5363   5.824432   5.824308     3.1270     2.6398      15.63   26.95514  -82.75148    0.00024   -0.00086          2  0.000e+00
      18051    752.083      9.804      9.869    28.5360    28.5360   5.824361   5.824308     3.1270     2.6386      15.63   26.95514  -82.75148    0.00025   -0.00089          2  0.000e+00
      18052    752.125      9.858      9.924    28.5365    28.5358   5.824409   5.824276     3.1282     2.6398      15.63   26.95514  -82.75148    0.00027   -0.00089          2  0.000e+00
