GOMECC/GOMECC-4/1db/rb2103_0861.cnv
* Sea-Bird SBE 9 Data File:
* FileName = C:\Users\scs.user.rb\CTD\GOMECC4\data\rb2103_0861.hex
* Software Version Seasave V 7.26.7.107
* Temperature SN = 4799
* Conductivity SN = 3860
* Number of Bytes Per Scan = 41
* Number of Voltage Words = 4
* Number of Scans Averaged by the Deck Unit = 1
* NMEA Latitude = 20 01.19 N
* NMEA Longitude = 093 46.26 W
* NMEA UTC (Time) = Oct 08 2021  06:53:11
* NMEA baud rate = 4800
# nquan = 28
# nvalues = 789                         
# units = specified
# name 0 = scan: Scan Count
# name 1 = timeS: Time, Elapsed [seconds]
# name 2 = depSM: Depth [salt water, m]
# name 3 = prDM: Pressure, Digiquartz [db]
# name 4 = t090C: Temperature [ITS-90, deg C]
# name 5 = t190C: Temperature, 2 [ITS-90, deg C]
# name 6 = c0S/m: Conductivity [S/m]
# name 7 = c1S/m: Conductivity, 2 [S/m]
# name 8 = sbeox0V: Oxygen raw, SBE 43 [V]
# name 9 = sbeox1V: Oxygen raw, SBE 43, 2 [V]
# name 10 = altM: Altimeter [m]
# name 11 = latitude: Latitude [deg]
# name 12 = longitude: Longitude [deg]
# name 13 = sbox0dV/dT: Oxygen, SBE 43 [dov/dt]
# name 14 = sbox1dV/dT: Oxygen, SBE 43, 2 [dov/dt]
# name 15 = sbeox0ML/L: Oxygen, SBE 43 [ml/l], WS = 5
# name 16 = sbeox1ML/L: Oxygen, SBE 43, 2 [ml/l], WS = 5
# name 17 = potemp090C: Potential Temperature [ITS-90, deg C]
# name 18 = potemp190C: Potential Temperature, 2 [ITS-90, deg C]
# name 19 = sal00: Salinity, Practical [PSU]
# name 20 = sal11: Salinity, Practical, 2 [PSU]
# name 21 = sigma-é00: Density [sigma-theta, kg/m^3]
# name 22 = sigma-é11: Density, 2 [sigma-theta, kg/m^3]
# name 23 = avgsvCM: Average Sound Velocity [Chen-Millero, m/s], minP = 20, minS = 20
# name 24 = sbox0Mm/Kg: Oxygen, SBE 43 [umol/kg], WS = 5
# name 25 = sbox1Mm/Kg: Oxygen, SBE 43, 2 [umol/kg], WS = 5
# name 26 = nbin: number of scans per bin
# name 27 = flag: flag
# span 0 =      13157,     130211       
# span 1 =    548.166,   5425.421       
# span 2 =      2.981,   1471.674       
# span 3 =      3.000,   1486.000       
# span 4 =     4.3848,    29.6934       
# span 5 =     4.3853,    29.6940       
# span 6 =   3.349845,   5.901504       
# span 7 =   3.349718,   5.901849       
# span 8 =     1.5718,     3.1415       
# span 9 =     1.2747,     2.6576       
# span 10 =      10.95,     102.05      
# span 11 =   19.89638,   20.11993      
# span 12 =  -94.23645,  -93.18923      
# span 13 =   -0.03249,    0.02018      
# span 14 =   -0.03199,    0.02279      
# span 15 =     2.3927,     4.5325      
# span 16 =     2.4097,     4.5586      
# span 17 =     4.2629,    29.6890      
# span 18 =     4.2633,    29.6896      
# span 19 =    34.8782,    36.5212      
# span 20 =    34.8687,    36.5257      
# span 21 =    21.8425,    27.7306      
# span 22 =    21.8364,    27.7298      
# span 23 =       0.00,    1545.60      
# span 24 =    104.055,    196.959      
# span 25 =    104.793,    198.093      
# span 26 =         30,         79      
# span 27 = 0.0000e+00, 0.0000e+00      
# interval = decibars: 1                
# start_time = Oct 08 2021 06:53:11 [NMEA time, header]
# bad_flag = -9.990e-29
*END*
[from data line 104]
      18439    768.264    122.212    123.000    17.2933    17.2948   4.674048   4.674362     1.8552     1.5303     100.00   20.01990  -93.77112   -0.00025   -0.00046     2.5833     2.6030    17.2726    17.2740    36.3002    36.3016    26.4469    26.4476    1529.31    112.395    113.256         37 0.0000e+00
      18497    770.671    124.199    125.000    17.1349    17.1359   4.655437   4.655706     1.8523     1.5271      98.22   20.01732  -93.75899   -0.00112   -0.00142     2.5860     2.6040    17.1140    17.1150    36.2779    36.2793    26.4678    26.4687    1528.92    112.513    113.294         30 0.0000e+00
      18532    772.140    125.192    126.000    17.0940    17.0952   4.650882   4.651149     1.8510     1.5263      99.97   20.01992  -93.77112   -0.00114   -0.00102     2.5857     2.6046    17.0730    17.0742    36.2758    36.2771    26.4764    26.4772    1529.02    112.499    113.321         37 0.0000e+00
      18569    773.664    126.185    127.000    17.0234    17.0247   4.642624   4.642905     1.8499     1.5264     100.00   20.01992  -93.77112   -0.00105   -0.00041     2.5874     2.6090    17.0023    17.0036    36.2668    36.2681    26.4865    26.4871    1528.92    112.572    113.510         34 0.0000e+00
      18601    775.007    127.179    128.000    16.9383    16.9389   4.632825   4.633057     1.8512     1.5276      89.49   20.01992  -93.77112   -0.00040    0.00007     2.5959     2.6172    16.9170    16.9177    36.2557    36.2571    26.4984    26.4993    1528.82    112.939    113.868         31 0.0000e+00
      18632    776.296    128.172    129.000    16.8871    16.8881   4.626653   4.626932     1.8533     1.5311      81.08   20.01992  -93.77112    0.00063    0.00106     2.6036     2.6288    16.8658    16.8667    36.2486    36.2503    26.5052    26.5062    1528.72    113.274    114.372         32 0.0000e+00
      18665    777.673    129.165    130.000    16.8324    16.8335   4.620319   4.620573     1.8557     1.5331      99.51   20.01992  -93.77112    0.00148    0.00190     2.6124     2.6370    16.8109    16.8120    36.2420    36.2432    26.5132    26.5139    1528.63    113.658    114.728         35 0.0000e+00
      18701    779.161    130.158    131.000    16.7974    16.7985   4.616236   4.616481     1.8577     1.5358     100.00   20.01992  -93.77112    0.00160    0.00188     2.6194     2.6460    16.7758    16.7769    36.2373    36.2384    26.5180    26.5185    1528.53    113.960    115.119         34 0.0000e+00
      18733    780.481    131.152    132.000    16.7698    16.7713   4.612987   4.613267     1.8596     1.5364     100.00   20.01992  -93.77112    0.00149    0.00140     2.6258     2.6494    16.7480    16.7495    36.2332    36.2343    26.5214    26.5219    1528.43    114.239    115.264         30 0.0000e+00
      18764    781.793    132.145    133.000    16.7097    16.7114   4.605837   4.606183     1.8605     1.5362     100.00   20.01992  -93.77113    0.00126    0.00076     2.6317     2.6525    16.6878    16.6895    36.2241    36.2256    26.5287    26.5294    1528.33    114.494    115.400         33 0.0000e+00
      18797    783.180    133.138    134.000    16.6628    16.6640   4.600430   4.600690     1.8606     1.5366     100.00   20.01992  -93.77114    0.00074    0.00002     2.6349     2.6566    16.6408    16.6420    36.2184    36.2196    26.5354    26.5361    1528.24    114.633    115.578         33 0.0000e+00
      18830    784.559    134.131    135.000    16.6159    16.6181   4.594883   4.595278     1.8608     1.5363     100.00   20.01992  -93.77114    0.00023    0.00013     2.6384     2.6586    16.5938    16.5960    36.2114    36.2129    26.5411    26.5418    1528.14    114.783    115.665         34 0.0000e+00
      18865    786.006    135.125    136.000    16.5464    16.5472   4.586827   4.587036     1.8595     1.5346     100.00   20.01992  -93.77114   -0.00012   -0.00034     2.6397     2.6586    16.5243    16.5251    36.2026    36.2037    26.5508    26.5515    1528.04    114.841    115.660         35 0.0000e+00
      18897    787.353    136.118    137.000    16.5123    16.5133   4.581620   4.582266     1.8571     1.5328     100.00   20.01992  -93.77114   -0.00088   -0.00107     2.6374     2.6579    16.4920    16.4910    36.1958    36.1969    26.5532    26.5543    1527.95    114.740    115.631         30 0.0000e+00
      18928    788.624    137.111    138.000    16.4378    16.4368   4.573956   4.574136     1.8527     1.5281     100.00   20.01992  -93.77114   -0.00187   -0.00172     2.6304     2.6482    16.4154    16.4144    36.1843    36.1851    26.5624    26.5632    1527.85    114.435    115.206         32 0.0000e+00
      18964    790.142    138.104    139.000    16.4301    16.4311   4.572929   4.573121     1.8453     1.5199     100.00   20.01992  -93.77114   -0.00346   -0.00373     2.6146     2.6287    16.4076    16.4085    36.1837    36.1845    26.5637    26.5642    1527.75    113.746    114.362         39 0.0000e+00
      19000    791.635    139.098    140.000    16.4251    16.4264   4.572394   4.572632     1.8398     1.5159     100.00   20.01992  -93.77114   -0.00446   -0.00447     2.6023     2.6191    16.4023    16.4036    36.1831    36.1840    26.5645    26.5649    1527.66    113.213    113.945         32 0.0000e+00
      19057    794.019    141.084    142.000    16.4016    16.4036   4.569316   4.569626     1.8337     1.5093      99.98   20.01673  -93.75619   -0.00270   -0.00255     2.5903     2.6043    16.3786    16.3805    36.1745    36.1756    26.5631    26.5634    1527.23    112.688    113.299         34 0.0000e+00
      19096    795.640    142.077    143.000    16.3712    16.3685   4.566127   4.565844     1.8305     1.5066     100.00   20.01992  -93.77114   -0.00229   -0.00234     2.5844     2.5996    16.3480    16.3454    36.1746    36.1750    26.5707    26.5716    1527.39    112.430    113.091         38 0.0000e+00
      19131    797.080    143.070    144.000    16.2993    16.2986   4.557370   4.557412     1.8246     1.5013     100.00   20.01992  -93.77114   -0.00272   -0.00229     2.5755     2.5903    16.2761    16.2754    36.1621    36.1631    26.5779    26.5788    1527.30    112.042    112.688         30 0.0000e+00
      19190    799.540    145.057    146.000    16.1838    16.1844   4.543596   4.543759     1.8084     1.4859      90.76   20.01727  -93.75874   -0.00581   -0.00557     2.5448     2.5579    16.1603    16.1609    36.1422    36.1431    26.5892    26.5897    1526.91    110.707    111.277         36 0.0000e+00
      19229    801.172    146.050    147.000    16.1726    16.1734   4.542625   4.542791     1.8030     1.4819     100.16   20.01993  -93.77116   -0.00550   -0.00488     2.5332     2.5486    16.1490    16.1498    36.1447    36.1454    26.5940    26.5944    1527.03    110.200    110.870         36 0.0000e+00
      19262    802.542    147.043    148.000    16.1345    16.1359   4.538093   4.538348     1.7998     1.4794     100.00   20.01993  -93.77116   -0.00367   -0.00292     2.5280     2.5443    16.1108    16.1121    36.1384    36.1395    26.5981    26.5986    1526.94    109.974    110.682         30 0.0000e+00
      19291    803.763    148.036    149.000    16.1021    16.1042   4.534238   4.534580     1.7969     1.4763      96.90   20.01994  -93.77116   -0.00268   -0.00215     2.5237     2.5390    16.0782    16.0803    36.1338    36.1350    26.6021    26.6025    1526.85    109.789    110.452         30 0.0000e+00
      19325    805.148    149.030    150.000    16.0591    16.0605   4.529331   4.529571     1.7941     1.4735      73.68   20.01994  -93.77116   -0.00230   -0.00222     2.5196     2.5338    16.0352    16.0365    36.1280    36.1289    26.6076    26.6080    1526.76    109.608    110.227         37 0.0000e+00
      19361    806.679    150.023    151.000    16.0449    16.0459   4.527689   4.527868     1.7922     1.4726     100.59   20.01994  -93.77116   -0.00182   -0.00178     2.5162     2.5328    16.0208    16.0218    36.1258    36.1265    26.6092    26.6095    1526.68    109.462    110.182         34 0.0000e+00
      19420    809.142    152.009    153.000    15.9111    15.9131   4.511961   4.512314     1.7884     1.4697      99.99   20.01830  -93.76350   -0.00128   -0.00066     2.5148     2.5321    15.8868    15.8887    36.1039    36.1053    26.6232    26.6238    1526.39    109.398    110.149         31 0.0000e+00
      19456    810.637    153.002    154.000    15.8792    15.8799   4.508161   4.508329     1.7860     1.4670      63.82   20.01994  -93.77116   -0.00158   -0.00152     2.5118     2.5282    15.8548    15.8555    36.1006    36.1015    26.6281    26.6286    1526.42    109.266    109.979         38 0.0000e+00
      19492    812.138    153.995    155.000    15.8647    15.8664   4.506530   4.506797     1.7835     1.4652     100.33   20.01994  -93.77116   -0.00178   -0.00174     2.5072     2.5245    15.8401    15.8418    36.0988    36.0997    26.6301    26.6303    1526.33    109.066    109.820         33 0.0000e+00
      19523    813.416    154.989    156.000    15.8350    15.8368   4.503081   4.503395     1.7815     1.4639     100.00   20.01994  -93.77116   -0.00164   -0.00125     2.5043     2.5232    15.8103    15.8121    36.0945    36.0957    26.6336    26.6340    1526.25    108.941    109.761         30 0.0000e+00
      19554    814.719    155.982    157.000    15.7859    15.7862   4.497422   4.497544     1.7789     1.4620     100.00   20.01994  -93.77116   -0.00169   -0.00116     2.5013     2.5212    15.7611    15.7614    36.0880    36.0889    26.6398    26.6404    1526.16    108.808    109.677         33 0.0000e+00
      19589    816.178    156.975    158.000    15.7583    15.7588   4.494048   4.494102     1.7768     1.4594     100.00   20.01994  -93.77116   -0.00175   -0.00148     2.4987     2.5171    15.7334    15.7338    36.0838    36.0843    26.6429    26.6432    1526.08    108.698    109.495         35 0.0000e+00
      19623    817.565    157.968    159.000    15.7382    15.7379   4.491821   4.491845     1.7739     1.4568     100.00   20.01994  -93.77116   -0.00174   -0.00178     2.4927     2.5111    15.7132    15.7129    36.0804    36.0809    26.6449    26.6453    1525.99    108.435    109.234         32 0.0000e+00
      19654    818.864    158.961    160.000    15.7321    15.7329   4.491181   4.491320     1.7716     1.4548     100.00   20.01994  -93.77116   -0.00182   -0.00178     2.4880     2.5065    15.7068    15.7077    36.0799    36.0804    26.6459    26.6461    1525.91    108.230    109.034         31 0.0000e+00
      19687    820.247    159.954    161.000    15.7252    15.7261   4.490263   4.490500     1.7696     1.4533     100.00   20.01994  -93.77116   -0.00176   -0.00146     2.4846     2.5033    15.6999    15.7008    36.0785    36.0790    26.6465    26.6467    1525.83    108.082    108.898         35 0.0000e+00
      19722    821.688    160.947    162.000    15.6770    15.6785   4.484484   4.484759     1.7672     1.4504     100.00   20.01994  -93.77116   -0.00157   -0.00142     2.4813     2.4985    15.6515    15.6530    36.0690    36.0701    26.6502    26.6507    1525.75    107.938    108.688         33 0.0000e+00
      19753    823.013    161.940    163.000    15.6097    15.6118   4.476545   4.476912     1.7641     1.4472     100.00   20.01994  -93.77116   -0.00177   -0.00186     2.4779     2.4941    15.5842    15.5863    36.0585    36.0599    26.6574    26.6580    1525.67    107.790    108.495         31 0.0000e+00
      19784    824.311    162.933    164.000    15.5654    15.5664   4.471418   4.471605     1.7610     1.4448     100.00   20.01994  -93.77116   -0.00218   -0.00222     2.4734     2.4908    15.5398    15.5408    36.0523    36.0531    26.6627    26.6631    1525.58    107.592    108.351         33 0.0000e+00
      19819    825.744    163.926    165.000    15.5430    15.5427   4.468791   4.468840     1.7595     1.4444     100.00   20.01994  -93.77116   -0.00207   -0.00160     2.4714     2.4913    15.5172    15.5169    36.0487    36.0494    26.6650    26.6657    1525.50    107.508    108.370         35 0.0000e+00
      19853    827.154    164.920    166.000    15.4954    15.4968   4.463190   4.463450     1.7593     1.4435      95.45   20.01996  -93.77116   -0.00108   -0.00062     2.4740     2.4917    15.4695    15.4709    36.0412    36.0423    26.6700    26.6706    1525.42    107.617    108.389         32 0.0000e+00
      19885    828.501    165.913    167.000    15.4494    15.4508   4.457816   4.458066     1.7580     1.4424      96.00   20.01995  -93.77116   -0.00049   -0.00062     2.4736     2.4916    15.4234    15.4248    36.0343    36.0352    26.6751    26.6755    1525.34    107.601    108.382         33 0.0000e+00
      19918    829.865    166.906    168.000    15.4115    15.4125   4.453398   4.453601     1.7564     1.4422      99.97   20.01995  -93.77116   -0.00078   -0.00060     2.4723     2.4934    15.3854    15.3864    36.0285    36.0295    26.6792    26.6797    1525.26    107.545    108.462         33 0.0000e+00
      19950    831.212    167.899    169.000    15.3701    15.3709   4.448618   4.448793     1.7556     1.4408     100.00   20.01996  -93.77116   -0.00100   -0.00050     2.4730     2.4923    15.3439    15.3447    36.0227    36.0237    26.6841    26.6846    1525.18    107.576    108.411         31 0.0000e+00
      19983    832.570    168.892    170.000    15.3126    15.3133   4.441892   4.442101     1.7542     1.4398     100.00   20.01995  -93.77116   -0.00087   -0.00077     2.4731     2.4931    15.2863    15.2870    36.0140    36.0153    26.6903    26.6911    1525.10    107.577    108.448         34 0.0000e+00
      20017    833.993    169.885    171.000    15.2719    15.2731   4.437247   4.437464     1.7525     1.4387      83.48   20.01996  -93.77116   -0.00099   -0.00080     2.4716     2.4928    15.2455    15.2467    36.0087    36.0096    26.6954    26.6958    1525.02    107.510    108.433         34 0.0000e+00
      20050    835.371    170.878    172.000    15.2071    15.2093   4.429424   4.429817     1.7510     1.4373      99.95   20.01996  -93.77116   -0.00112   -0.00080     2.4719     2.4928    15.1806    15.1828    35.9966    35.9982    26.7005    26.7013    1524.94    107.524    108.433         33 0.0000e+00
      20083    836.764    171.871    173.000    15.1036    15.1047   4.417459   4.417671     1.7484     1.4352      93.55   20.01996  -93.77116   -0.00129   -0.00113     2.4719     2.4931    15.0771    15.0781    35.9823    35.9833    26.7126    26.7131    1524.86    107.522    108.446         34 0.0000e+00
      20116    838.132    172.864    174.000    15.0807    15.0814   4.414827   4.414950     1.7459     1.4328     100.03   20.01996  -93.77118   -0.00174   -0.00153     2.4675     2.4886    15.0541    15.0547    35.9790    35.9795    26.7151    26.7153    1524.78    107.332    108.250         31 0.0000e+00
      20146    839.388    173.857    175.000    15.0550    15.0592   4.411784   4.412357     1.7445     1.4312      79.64   20.01996  -93.77118   -0.00166   -0.00156     2.4657     2.4859    15.0283    15.0324    35.9744    35.9758    26.7173    26.7174    1524.70    107.254    108.130         30 0.0000e+00
      20179    840.733    174.850    176.000    15.0116    15.0133   4.406779   4.407072     1.7428     1.4296      93.48   20.01996  -93.77118   -0.00135   -0.00131     2.4644     2.4843    14.9847    14.9865    35.9682    35.9693    26.7222    26.7226    1524.62    107.198    108.063         36 0.0000e+00
      20218    842.363    175.843    177.000    14.9665    14.9680   4.401561   4.401810     1.7408     1.4272     100.20   20.01996  -93.77118   -0.00124   -0.00138     2.4626     2.4808    14.9395    14.9410    35.9616    35.9625    26.7271    26.7274    1524.55    107.117    107.910         38 0.0000e+00
