GOMECC/GOMECC-4/1db/rb2103_0661.ros
* Sea-Bird SBE 9 Data File:
* FileName = C:\Users\scs.user.rb\CTD\GOMECC4\data\rb2103_0661.hex
* Software Version Seasave V 7.26.7.107
* Temperature SN = 4799
* Conductivity SN = 3860
* Number of Bytes Per Scan = 41
* Number of Voltage Words = 4
* Number of Scans Averaged by the Deck Unit = 1
* NMEA Latitude = 26 03.55 N
* NMEA Longitude = 096 04.91 W
* NMEA UTC (Time) = Oct 02 2021  23:29:35
* NMEA baud rate = 4800
# nquan = 17
# nvalues = 3059                                  
# units = specified
# name 0 = scan: Scan Count
# name 1 = timeS: Time, Elapsed [seconds]
# name 2 = depSM: Depth [salt water, m]
# name 3 = prDM: Pressure, Digiquartz [db]
# name 4 = t090C: Temperature [ITS-90, deg C]
# name 5 = t190C: Temperature, 2 [ITS-90, deg C]
# name 6 = c0S/m: Conductivity [S/m]
# name 7 = c1S/m: Conductivity, 2 [S/m]
# name 8 = sbeox0V: Oxygen raw, SBE 43 [V]
# name 9 = sbeox1V: Oxygen raw, SBE 43, 2 [V]
# name 10 = altM: Altimeter [m]
# name 11 = latitude: Latitude [deg]
# name 12 = longitude: Longitude [deg]
# name 13 = sbox0dV/dT: Oxygen, SBE 43 [dov/dt]
# name 14 = sbox1dV/dT: Oxygen, SBE 43, 2 [dov/dt]
# name 15 = nbf: Bottles Fired
# name 16 = flag:  0.000e+00
# interval = seconds: 0.0416667
# start_time = Oct 02 2021 23:29:35 [NMEA time, header]
# bad_flag = -9.990e-29
*END*
[from data line 596]
      61723   2571.750    595.248    600.014     7.2216     7.2222   3.569710   3.569730     1.6313     1.3346     100.00   26.05958  -96.08160    0.00005    0.00013          5  0.000e+00
      61724   2571.792    595.248    600.014     7.2217     7.2219   3.569710   3.569703     1.6325     1.3346     100.00   26.05958  -96.08160    0.00006    0.00014          5  0.000e+00
      61725   2571.833    595.200    599.966     7.2219     7.2223   3.569710   3.569697     1.6313     1.3346     100.00   26.05958  -96.08160    0.00004    0.00015          5  0.000e+00
      61726   2571.875    595.275    600.042     7.2219     7.2220   3.569684   3.569697     1.6313     1.3346     100.00   26.05958  -96.08160    0.00002    0.00017          5  0.000e+00
      61727   2571.917    595.248    600.015     7.2216     7.2220   3.569723   3.569697     1.6313     1.3346     100.00   26.05958  -96.08160    0.00002    0.00017          5  0.000e+00
      61728   2571.958    595.200    599.966     7.2219     7.2219   3.569691   3.569703     1.6313     1.3346     100.00   26.05958  -96.08160    0.00000    0.00017          5  0.000e+00
      61729   2572.000    595.200    599.967     7.2217     7.2219   3.569723   3.569671     1.6313     1.3346     100.00   26.05958  -96.08160   -0.00001    0.00017          5  0.000e+00
      61730   2572.042    595.248    600.015     7.2219     7.2217   3.569691   3.569690     1.6325     1.3346     100.00   26.05958  -96.08160   -0.00002    0.00017          5  0.000e+00
      61731   2572.083    595.200    599.967     7.2219     7.2215   3.569697   3.569697     1.6313     1.3346     100.00   26.05958  -96.08160   -0.00002    0.00019          5  0.000e+00
      61732   2572.125    595.201    599.967     7.2219     7.2216   3.569730   3.569723     1.6313     1.3346     100.00   26.05958  -96.08160   -0.00003    0.00020          5  0.000e+00
      61733   2572.167    595.248    600.015     7.2219     7.2217   3.569691   3.569703     1.6313     1.3346     100.00   26.05958  -96.08160   -0.00005    0.00020          5  0.000e+00
      61734   2572.208    595.201    599.967     7.2219     7.2215   3.569723   3.569651     1.6313     1.3346     100.00   26.05958  -96.08160   -0.00007    0.00020          5  0.000e+00
      61735   2572.250    595.201    599.967     7.2217     7.2216   3.569665   3.569703     1.6313     1.3346     100.00   26.05958  -96.08160   -0.00009    0.00022          5  0.000e+00
      61736   2572.292    595.228    599.995     7.2217     7.2215   3.569691   3.569684     1.6325     1.3346     100.00   26.05958  -96.08160   -0.00009    0.00023          5  0.000e+00
      61737   2572.333    595.201    599.967     7.2220     7.2215   3.569730   3.569730     1.6325     1.3346     100.00   26.05958  -96.08160   -0.00008    0.00025          5  0.000e+00
      61738   2572.375    595.249    600.015     7.2220     7.2218   3.569665   3.569717     1.6313     1.3333     100.00   26.05958  -96.08160   -0.00009    0.00023          5  0.000e+00
      61739   2572.417    595.201    599.967     7.2219     7.2214   3.569691   3.569697     1.6313     1.3333     100.00   26.05958  -96.08160   -0.00010    0.00023          5  0.000e+00
      61740   2572.458    595.249    600.015     7.2219     7.2217   3.569710   3.569697     1.6325     1.3346     100.00   26.05958  -96.08160   -0.00008    0.00024          5  0.000e+00
      61741   2572.500    595.201    599.967     7.2220     7.2215   3.569684   3.569671     1.6313     1.3346     100.00   26.05958  -96.08160   -0.00008    0.00026          5  0.000e+00
      61742   2572.542    595.201    599.967     7.2219     7.2216   3.569723   3.569690     1.6313     1.3333     100.00   26.05958  -96.08160   -0.00008    0.00026          5  0.000e+00
      61743   2572.583    595.249    600.016     7.2222     7.2215   3.569742   3.569677     1.6313     1.3346     100.00   26.05958  -96.08160   -0.00008    0.00027          5  0.000e+00
      61744   2572.625    595.201    599.967     7.2220     7.2217   3.569742   3.569690     1.6313     1.3346     100.00   26.05958  -96.08160   -0.00010    0.00029          5  0.000e+00
      61745   2572.667    595.201    599.968     7.2220     7.2216   3.569717   3.569697     1.6313     1.3346     100.00   26.05958  -96.08160   -0.00010    0.00029          5  0.000e+00
      61746   2572.708    595.249    600.016     7.2224     7.2215   3.569755   3.569697     1.6325     1.3346     100.00   26.05958  -96.08160   -0.00010    0.00029          5  0.000e+00
      61747   2572.750    595.229    599.995     7.2224     7.2214   3.569794   3.569677     1.6325     1.3346     100.00   26.05958  -96.08160   -0.00008    0.00030          5  0.000e+00
      61748   2572.792    595.249    600.016     7.2225     7.2216   3.569801   3.569638     1.6325     1.3346     100.00   26.05958  -96.08160   -0.00006    0.00032          5  0.000e+00
      61749   2572.833    595.249    600.016     7.2225     7.2212   3.569801   3.569684     1.6313     1.3333     100.00   26.05958  -96.08160   -0.00006    0.00030          5  0.000e+00
      61750   2572.875    595.249    600.016     7.2225     7.2215   3.569781   3.569697     1.6313     1.3333     100.00   26.05958  -96.08160   -0.00006    0.00028          5  0.000e+00
      61751   2572.917    595.249    600.016     7.2229     7.2214   3.569775   3.569697     1.6313     1.3346     100.00   26.05958  -96.08160   -0.00006    0.00028          5  0.000e+00
      61752   2572.958    595.250    600.016     7.2227     7.2211   3.569775   3.569671     1.6325     1.3346     100.00   26.05958  -96.08160   -0.00004    0.00028          5  0.000e+00
      61753   2573.000    595.250    600.016     7.2227     7.2210   3.569814   3.569664     1.6313     1.3346     100.00   26.05958  -96.08160   -0.00006    0.00027          5  0.000e+00
      61754   2573.042    595.250    600.016     7.2227     7.2210   3.569788   3.569664     1.6313     1.3346     100.00   26.05958  -96.08160   -0.00008    0.00027          5  0.000e+00
      61755   2573.083    595.304    600.071     7.2225     7.2211   3.569775   3.569618     1.6325     1.3346     100.00   26.05958  -96.08160   -0.00008    0.00027          5  0.000e+00
      61756   2573.125    595.250    600.016     7.2227     7.2212   3.569775   3.569645     1.6325     1.3346     100.00   26.05958  -96.08160   -0.00006    0.00026          5  0.000e+00
      61757   2573.167    595.202    599.968     7.2225     7.2215   3.569775   3.569664     1.6325     1.3333     100.00   26.05958  -96.08160   -0.00006    0.00024          5  0.000e+00
      61758   2573.208    595.380    600.147     7.2227     7.2214   3.569794   3.569671     1.6325     1.3346     100.00   26.05958  -96.08160   -0.00004    0.00024          5  0.000e+00
      61759   2573.250    595.305    600.072     7.2227     7.2214   3.569781   3.569690     1.6325     1.3333     100.00   26.05958  -96.08160   -0.00004    0.00022          5  0.000e+00
      61760   2573.292    595.305    600.072     7.2225     7.2214   3.569775   3.569697     1.6313     1.3333     100.00   26.05958  -96.08160   -0.00006    0.00019          5  0.000e+00
      61761   2573.333    595.305    600.072     7.2229     7.2215   3.569775   3.569697     1.6313     1.3346     100.00   26.05958  -96.08160   -0.00006    0.00019          5  0.000e+00
      61762   2573.375    595.353    600.120     7.2229     7.2218   3.569775   3.569723     1.6313     1.3346     100.00   26.05958  -96.08160   -0.00006    0.00019          5  0.000e+00
      61763   2573.417    595.305    600.072     7.2230     7.2217   3.569820   3.569703     1.6313     1.3346     100.00   26.05958  -96.08160   -0.00007    0.00018          5  0.000e+00
      61764   2573.458    595.353    600.120     7.2227     7.2219   3.569788   3.569651     1.6313     1.3333     100.00   26.05958  -96.08160   -0.00009    0.00016          5  0.000e+00
      61765   2573.500    595.353    600.120     7.2231     7.2216   3.569794   3.569677     1.6313     1.3333     100.00   26.05958  -96.08160   -0.00009    0.00013          5  0.000e+00
      61766   2573.542    595.353    600.120     7.2229     7.2217   3.569781   3.569697     1.6313     1.3333     100.00   26.05958  -96.08160   -0.00010    0.00011          5  0.000e+00
      61767   2573.583    595.305    600.072     7.2227     7.2217   3.569794   3.569697     1.6313     1.3346     100.00   26.05958  -96.08160   -0.00012    0.00011          5  0.000e+00
      61768   2573.625    595.380    600.148     7.2230     7.2218   3.569801   3.569697     1.6325     1.3346     100.00   26.05958  -96.08160   -0.00010    0.00012          5  0.000e+00
      61769   2573.667    595.408    600.176     7.2227     7.2219   3.569820   3.569697     1.6313     1.3346     100.00   26.05958  -96.08160   -0.00010    0.00013          5  0.000e+00
      61770   2573.708    595.408    600.176     7.2229     7.2219   3.569807   3.569697     1.6313     1.3346     100.00   26.05958  -96.08160   -0.00012    0.00012          5  0.000e+00
      61771   2573.750    595.353    600.121     7.2229     7.2217   3.569801   3.569723     1.6325     1.3346     100.00   26.05958  -96.08160   -0.00010    0.00012          5  0.000e+00
      61772   2573.792    595.408    600.176     7.2225     7.2219   3.569801   3.569710     1.6313     1.3346     100.00   26.05958  -96.08160   -0.00011    0.00011          5  0.000e+00
      61773   2573.833    595.408    600.176     7.2227     7.2219   3.569781   3.569704     1.6313     1.3333     100.00   26.05958  -96.08160   -0.00013    0.00009          5  0.000e+00
      61774   2573.875    595.408    600.176     7.2225     7.2217   3.569775   3.569671     1.6313     1.3333     100.00   26.05958  -96.08160   -0.00013    0.00006          5  0.000e+00
      61775   2573.917    595.456    600.224     7.2224     7.2213   3.569749   3.569690     1.6313     1.3333     100.00   26.05958  -96.08160   -0.00015    0.00004          5  0.000e+00
      61776   2573.958    595.408    600.176     7.2220     7.2214   3.569762   3.569697     1.6313     1.3333     100.00   26.05958  -96.08160   -0.00014    0.00001          5  0.000e+00
      61777   2574.000    595.456    600.224     7.2225     7.2215   3.569749   3.569743     1.6325     1.3346     100.00   26.05958  -96.08160   -0.00012    0.00003          5  0.000e+00
      61778   2574.042    595.429    600.197     7.2222     7.2218   3.569743   3.569710     1.6313     1.3346     100.00   26.05958  -96.08160   -0.00014    0.00002          5  0.000e+00
      61779   2574.083    595.504    600.273     7.2219     7.2219   3.569743   3.569723     1.6313     1.3346     100.00   26.05958  -96.08160   -0.00014    0.00003          5  0.000e+00
      61780   2574.125    595.456    600.225     7.2222     7.2215   3.569717   3.569704     1.6325     1.3346     100.00   26.05958  -96.08160   -0.00012    0.00002          5  0.000e+00
      61781   2574.167    595.456    600.225     7.2217     7.2215   3.569710   3.569697     1.6313     1.3346     100.00   26.05958  -96.08160   -0.00011    0.00001          5  0.000e+00
      61782   2574.208    595.456    600.225     7.2214     7.2216   3.569658   3.569723     1.6313     1.3346     100.00   26.05958  -96.08160   -0.00011    0.00002          5  0.000e+00
      61783   2574.250    595.504    600.273     7.2216     7.2214   3.569665   3.569684     1.6313     1.3333     100.00   26.05958  -96.08160   -0.00013 -7.034e-07          5  0.000e+00
      61784   2574.292    595.504    600.273     7.2216     7.2217   3.569678   3.569690     1.6325     1.3333     100.00   26.05958  -96.08160   -0.00010   -0.00003          5  0.000e+00
      61785   2574.333    595.504    600.273     7.2214     7.2213   3.569678   3.569697     1.6313     1.3333     100.00   26.05958  -96.08160   -0.00010   -0.00003          5  0.000e+00
      61786   2574.375    595.504    600.273     7.2214     7.2209   3.569678   3.569651     1.6313     1.3333     100.00   26.05958  -96.08160   -0.00010   -0.00006          5  0.000e+00
      61787   2574.417    595.504    600.273     7.2214     7.2209   3.569678   3.569632     1.6325     1.3333     100.00   26.05958  -96.08160   -0.00009   -0.00008          5  0.000e+00
      61788   2574.458    595.532    600.301     7.2214     7.2207   3.569697   3.569586     1.6313     1.3346     100.00   26.05958  -96.08160   -0.00009   -0.00007          5  0.000e+00
      61789   2574.500    595.504    600.273     7.2211     7.2208   3.569659   3.569592     1.6313     1.3333     100.00   26.05958  -96.08160   -0.00009   -0.00010          5  0.000e+00
      61790   2574.542    595.559    600.329     7.2216     7.2207   3.569665   3.569599     1.6313     1.3346     100.00   26.05958  -96.08160   -0.00008   -0.00011          5  0.000e+00
      61791   2574.583    595.504    600.274     7.2214     7.2207   3.569697   3.569599     1.6313     1.3333     100.00   26.05958  -96.08160   -0.00009   -0.00011          5  0.000e+00
      65980   2749.125    496.360    500.215     8.2540     8.2531   3.668157   3.668105     1.5995     1.3040     100.00   26.05964  -96.08156    0.00004    0.00001          6  0.000e+00
      65981   2749.167    496.613    500.470     8.2539     8.2531   3.668144   3.668092     1.6007     1.3040     100.00   26.05964  -96.08156    0.00004    0.00001          6  0.000e+00
      65982   2749.208    496.415    500.270     8.2537     8.2532   3.668170   3.668105     1.5995     1.3040     100.00   26.05964  -96.08156    0.00003    0.00001          6  0.000e+00
      65983   2749.250    496.510    500.367     8.2539     8.2530   3.668150   3.668039     1.5995     1.3040     100.00   26.05964  -96.08156    0.00002    0.00001          6  0.000e+00
      65984   2749.292    496.463    500.319     8.2537     8.2524   3.668124   3.668066     1.5995     1.3040     100.00   26.05964  -96.08156    0.00001    0.00000          6  0.000e+00
      65985   2749.333    496.463    500.319     8.2538     8.2523   3.668137   3.668086     1.5995     1.3040     100.00   26.05964  -96.08156   -0.00001    0.00000          6  0.000e+00
      65986   2749.375    496.415    500.270     8.2537     8.2518   3.668124   3.667986     1.6020     1.3040     100.00   26.05964  -96.08156    0.00005 -5.275e-07          6  0.000e+00
      65987   2749.417    496.415    500.271     8.2534     8.2514   3.668059   3.667999     1.6007     1.3040     100.00   26.05964  -96.08156    0.00007   -0.00000          6  0.000e+00
      65988   2749.458    496.511    500.367     8.2530     8.2516   3.668026   3.667993     1.6007     1.3040     100.00   26.05964  -96.08156    0.00010   -0.00001          6  0.000e+00
      65989   2749.500    496.463    500.319     8.2525     8.2516   3.668013   3.668006     1.5995     1.3040     100.00   26.05964  -96.08156    0.00008    0.00001          6  0.000e+00
      65990   2749.542    496.415    500.271     8.2524     8.2518   3.667993   3.667966     1.5995     1.3040     100.00   26.05964  -96.08156    0.00007    0.00001          6  0.000e+00
      65991   2749.583    496.416    500.271     8.2525     8.2516   3.668007   3.667927     1.5995     1.3040     100.00   26.05964  -96.08156    0.00006    0.00001          6  0.000e+00
      65992   2749.625    496.416    500.271     8.2524     8.2518   3.667993   3.667940     1.5995     1.3040     100.00   26.05964  -96.08156    0.00004    0.00000          6  0.000e+00
      65993   2749.667    496.416    500.271     8.2524     8.2514   3.667980   3.667953     1.5995     1.3040     100.00   26.05964  -96.08156    0.00003    0.00000          6  0.000e+00
      65994   2749.708    496.416    500.271     8.2526     8.2518   3.667961   3.667953     1.6007     1.3040     100.00   26.05964  -96.08156    0.00004 -7.034e-07          6  0.000e+00
