GOMECC/GOMECC-4/1db/rb2103_0011.ros
* Sea-Bird SBE 9 Data File:
* FileName = C:\Users\scs.user.rb\CTD\GOMECC4\data\rb1203_001.hex
* Software Version Seasave V 7.26.7.107
* Temperature SN = 4799
* Conductivity SN = 3860
* Number of Bytes Per Scan = 41
* Number of Voltage Words = 4
* Number of Scans Averaged by the Deck Unit = 1
* NMEA Latitude = 26 59.84 N
* NMEA Longitude = 079 37.07 W
* NMEA UTC (Time) = Sep 14 2021  14:55:20
* NMEA baud rate = 4800
# nquan = 17
# nvalues = 2394                                  
# units = specified
# name 0 = scan: Scan Count
# name 1 = timeS: Time, Elapsed [seconds]
# name 2 = depSM: Depth [salt water, m]
# name 3 = prDM: Pressure, Digiquartz [db]
# name 4 = t090C: Temperature [ITS-90, deg C]
# name 5 = t190C: Temperature, 2 [ITS-90, deg C]
# name 6 = c0S/m: Conductivity [S/m]
# name 7 = c1S/m: Conductivity, 2 [S/m]
# name 8 = sbeox0V: Oxygen raw, SBE 43 [V]
# name 9 = sbeox1V: Oxygen raw, SBE 43, 2 [V]
# name 10 = altM: Altimeter [m]
# name 11 = latitude: Latitude [deg]
# name 12 = longitude: Longitude [deg]
# name 13 = sbox0dV/dT: Oxygen, SBE 43 [dov/dt]
# name 14 = sbox1dV/dT: Oxygen, SBE 43, 2 [dov/dt]
# name 15 = nbf: Bottles Fired
# name 16 = flag:  0.000e+00
# interval = seconds: 0.0416667
# start_time = Sep 14 2021 14:55:20 [NMEA time, header]
# bad_flag = -9.990e-29
*END*
[from data line 1107]
      81778   3407.375    169.380    170.572    20.4129    20.4092   5.055850   5.055689     2.2979     1.9389     100.00   27.00378  -79.62846   -0.00019    0.00060          9  0.000e+00
      81779   3407.417    169.441    170.633    20.4130    20.4093   5.055910   5.055689     2.2979     1.9389     100.00   27.00378  -79.62846   -0.00017    0.00058          9  0.000e+00
      81780   3407.458    169.494    170.686    20.4123    20.4091   5.055858   5.055689     2.2979     1.9389     100.00   27.00378  -79.62846   -0.00013    0.00056          9  0.000e+00
      81781   3407.500    169.380    170.572    20.4117    20.4091   5.055739   5.055689     2.2979     1.9402     100.00   27.00378  -79.62846   -0.00010    0.00056          9  0.000e+00
      81782   3407.542    169.441    170.633    20.4117    20.4092   5.055739   5.055689     2.2979     1.9402     100.00   27.00378  -79.62846   -0.00006    0.00055          9  0.000e+00
      81783   3407.583    169.441    170.633    20.4130    20.4093   5.055865   5.055696     2.2967     1.9402     100.00   27.00378  -79.62846   -0.00006    0.00054          9  0.000e+00
      81784   3407.625    169.441    170.633    20.4125    20.4094   5.055917   5.055727     2.2967     1.9402     100.00   27.00378  -79.62846   -0.00006    0.00054          9  0.000e+00
      81785   3407.667    169.494    170.686    20.4117    20.4094   5.055761   5.055696     2.2979     1.9402     100.00   27.00378  -79.62846   -0.00002    0.00053          9  0.000e+00
      81786   3407.708    169.380    170.572    20.4108    20.4097   5.055672   5.055749     2.2979     1.9402     100.00   27.00378  -79.62846    0.00002    0.00052          9  0.000e+00
      81787   3407.750    169.441    170.633    20.4108    20.4103   5.055635   5.055862     2.2979     1.9389     100.00   27.00378  -79.62846    0.00004    0.00049          9  0.000e+00
      81788   3407.792    169.441    170.633    20.4111    20.4110   5.055649   5.055900     2.2967     1.9402     100.00   27.00378  -79.62846    0.00004    0.00048          9  0.000e+00
      81789   3407.833    169.441    170.633    20.4111    20.4113   5.055687   5.055930     2.2979     1.9402     100.00   27.00378  -79.62846    0.00006    0.00047          9  0.000e+00
      81790   3407.875    169.441    170.633    20.4117    20.4114   5.055702   5.055983     2.2979     1.9402     100.00   27.00378  -79.62846    0.00008    0.00046          9  0.000e+00
      81791   3407.917    169.441    170.633    20.4114    20.4117   5.055739   5.055953     2.2979     1.9402     100.00   27.00378  -79.62846    0.00011    0.00043          9  0.000e+00
      81792   3407.958    169.441    170.633    20.4114    20.4116   5.055716   5.055945     2.2979     1.9402     100.00   27.00378  -79.62846    0.00013    0.00042          9  0.000e+00
      81793   3408.000    169.441    170.633    20.4121    20.4115   5.055769   5.055968     2.2967     1.9402     100.00   27.00378  -79.62846    0.00013    0.00041          9  0.000e+00
      81794   3408.042    169.441    170.633    20.4129    20.4114   5.055880   5.055953     2.2967     1.9402     100.00   27.00378  -79.62846    0.00013    0.00038          9  0.000e+00
      81795   3408.083    169.441    170.633    20.4132    20.4115   5.055947   5.055968     2.2979     1.9389     100.00   27.00378  -79.62846    0.00016    0.00034          9  0.000e+00
      81796   3408.125    169.494    170.687    20.4132    20.4114   5.055932   5.055915     2.2979     1.9402     100.00   27.00378  -79.62846    0.00020    0.00033          9  0.000e+00
      81797   3408.167    169.456    170.649    20.4129    20.4112   5.055984   5.055908     2.2979     1.9402     100.00   27.00378  -79.62846    0.00022    0.00031          9  0.000e+00
      81798   3408.208    169.441    170.633    20.4129    20.4110   5.055910   5.055870     2.2979     1.9402     100.00   27.00378  -79.62846    0.00024    0.00029          9  0.000e+00
      81799   3408.250    169.441    170.633    20.4129    20.4106   5.055910   5.055885     2.2979     1.9402      99.90   27.00378  -79.62846    0.00026    0.00028          9  0.000e+00
      81800   3408.292    169.494    170.687    20.4129    20.4106   5.055910   5.055900     2.2979     1.9402      83.93   27.00378  -79.62846    0.00030    0.00026          9  0.000e+00
      81801   3408.333    169.494    170.687    20.4125    20.4108   5.055850   5.055900     2.2979     1.9402      72.19   27.00378  -79.62846    0.00032    0.00024          9  0.000e+00
      81802   3408.375    169.494    170.687    20.4127    20.4108   5.055865   5.055900     2.2991     1.9402      70.16   27.00378  -79.62846    0.00036    0.00022          9  0.000e+00
      81803   3408.417    169.494    170.687    20.4125    20.4112   5.055843   5.055930     2.2979     1.9402      70.99   27.00378  -79.62846    0.00039    0.00020          9  0.000e+00
      81804   3408.458    169.494    170.687    20.4123    20.4110   5.055836   5.055923     2.2979     1.9402      71.55   27.00378  -79.62846    0.00041    0.00018          9  0.000e+00
      81805   3408.500    169.547    170.740    20.4121    20.4110   5.055865   5.055938     2.2979     1.9402      71.65   27.00378  -79.62846    0.00043    0.00016          9  0.000e+00
      81806   3408.542    169.441    170.633    20.4127    20.4110   5.055903   5.055945     2.2979     1.9402      71.60   27.00378  -79.62846    0.00045    0.00013          9  0.000e+00
      81807   3408.583    169.547    170.740    20.4130    20.4108   5.055917   5.055878     2.2979     1.9402      71.58   27.00378  -79.62846    0.00046    0.00013          9  0.000e+00
      81808   3408.625    169.547    170.740    20.4121    20.4112   5.055821   5.055885     2.2979     1.9402      71.58   27.00378  -79.62846    0.00046    0.00011          9  0.000e+00
      81809   3408.667    169.494    170.687    20.4118    20.4108   5.055791   5.055930     2.2979     1.9402      71.58   27.00378  -79.62846    0.00047    0.00010          9  0.000e+00
      81810   3408.708    169.547    170.740    20.4117    20.4108   5.055791   5.055908     2.2991     1.9402      71.58   27.00378  -79.62846    0.00049    0.00009          9  0.000e+00
      81811   3408.750    169.547    170.740    20.4111    20.4110   5.055694   5.055961     2.2979     1.9402      71.58   27.00378  -79.62846    0.00051    0.00008          9  0.000e+00
      81812   3408.792    169.495    170.687    20.4106    20.4112   5.055620   5.055961     2.2991     1.9402      71.58   27.00378  -79.62846    0.00053    0.00006          9  0.000e+00
      81813   3408.833    169.548    170.740    20.4102    20.4114   5.055590   5.056006     2.2979     1.9402      71.58   27.00378  -79.62846    0.00053    0.00005          9  0.000e+00
      81814   3408.875    169.548    170.740    20.4102    20.4115   5.055582   5.055991     2.2979     1.9402      71.58   27.00378  -79.62846    0.00053    0.00004          9  0.000e+00
      81815   3408.917    169.608    170.801    20.4108    20.4117   5.055642   5.056051     2.2991     1.9402      71.58   27.00378  -79.62846    0.00055    0.00003          9  0.000e+00
      81816   3408.958    169.548    170.740    20.4106    20.4122   5.055635   5.056096     2.2991     1.9402      71.60   27.00378  -79.62846    0.00057    0.00002          9  0.000e+00
      81817   3409.000    169.608    170.801    20.4106    20.4122   5.055627   5.056112     2.2991     1.9402      71.58   27.00378  -79.62846    0.00058    0.00001          9  0.000e+00
      81818   3409.042    169.548    170.740    20.4108    20.4126   5.055612   5.056142     2.2979     1.9402      71.58   27.00378  -79.62846    0.00057    0.00002          9  0.000e+00
      81819   3409.083    169.608    170.802    20.4108    20.4122   5.055649   5.056104     2.2991     1.9402      71.58   27.00378  -79.62846    0.00058    0.00001          9  0.000e+00
      81820   3409.125    169.548    170.741    20.4113    20.4124   5.055694   5.056134     2.2991     1.9402      71.60   27.00378  -79.62846    0.00060    0.00000          9  0.000e+00
      81821   3409.167    169.608    170.802    20.4108    20.4124   5.055672   5.056119     2.2991     1.9402      71.58   27.00378  -79.62846    0.00061    0.00001          9  0.000e+00
      81822   3409.208    169.608    170.802    20.4104    20.4120   5.055635   5.056081     2.2991     1.9402      71.62   27.00378  -79.62846    0.00062   -0.00000          9  0.000e+00
      81823   3409.250    169.661    170.855    20.4104    20.4122   5.055545   5.056036     2.2991     1.9402      87.18   27.00378  -79.62846    0.00062   -0.00001          9  0.000e+00
      81824   3409.292    169.548    170.741    20.4101    20.4117   5.055530   5.056028     2.2991     1.9389      99.27   27.00378  -79.62846    0.00061   -0.00002          9  0.000e+00
      81825   3409.333    169.608    170.802    20.4095    20.4118   5.055508   5.055991     2.2991     1.9389     100.00   27.00378  -79.62846    0.00062   -0.00003          9  0.000e+00
      81826   3409.375    169.608    170.802    20.4092    20.4117   5.055434   5.055991     2.3004     1.9402     100.00   27.00378  -79.62846    0.00065   -0.00003          9  0.000e+00
      81827   3409.417    169.661    170.855    20.4088    20.4115   5.055411   5.056051     2.3004     1.9402     100.00   27.00378  -79.62846    0.00066   -0.00002          9  0.000e+00
      81828   3409.458    169.548    170.741    20.4078    20.4117   5.055314   5.056036     2.2991     1.9389     100.00   27.00378  -79.62846    0.00065   -0.00003          9  0.000e+00
      81829   3409.500    169.722    170.916    20.4072    20.4117   5.055210   5.056029     2.3004     1.9402     100.00   27.00378  -79.62846    0.00068   -0.00002          9  0.000e+00
      81830   3409.542    169.548    170.741    20.4072    20.4117   5.055195   5.056059     2.3004     1.9402     100.00   27.00378  -79.62846    0.00070   -0.00002          9  0.000e+00
      81831   3409.583    169.661    170.855    20.4076    20.4122   5.055233   5.056096     2.3004     1.9389     100.00   27.00378  -79.62846    0.00072   -0.00003          9  0.000e+00
      81832   3409.625    169.662    170.855    20.4071    20.4119   5.055210   5.056013     2.3004     1.9389     100.00   27.00378  -79.62846    0.00072   -0.00004          9  0.000e+00
      81833   3409.667    169.609    170.802    20.4068    20.4112   5.055136   5.055983     2.3004     1.9402     100.00   27.00378  -79.62846    0.00073   -0.00003          9  0.000e+00
      81834   3409.708    169.662    170.855    20.4066    20.4103   5.055136   5.055900     2.3004     1.9402     100.00   27.00378  -79.62846    0.00074   -0.00002          9  0.000e+00
      81835   3409.750    169.662    170.855    20.4069    20.4099   5.055121   5.055795     2.3004     1.9402     100.00   27.00378  -79.62846    0.00076   -0.00001          9  0.000e+00
      81836   3409.792    169.662    170.855    20.4068    20.4096   5.055114   5.055742     2.3004     1.9402     100.00   27.00380  -79.62848    0.00078   -0.00000          9  0.000e+00
      81837   3409.833    169.662    170.855    20.4066    20.4096   5.055084   5.055734     2.3004     1.9402     100.00   27.00380  -79.62848    0.00079    0.00000          9  0.000e+00
      81838   3409.875    169.609    170.802    20.4059    20.4100   5.055076   5.055757     2.3004     1.9402     100.00   27.00380  -79.62848    0.00081    0.00001          9  0.000e+00
      81839   3409.917    169.662    170.855    20.4059    20.4099   5.055039   5.055840     2.3004     1.9402     100.00   27.00380  -79.62848    0.00082    0.00002          9  0.000e+00
      81840   3409.958    169.609    170.802    20.4060    20.4103   5.055076   5.055795     2.3004     1.9402     100.00   27.00380  -79.62848    0.00083    0.00003          9  0.000e+00
      81841   3410.000    169.722    170.916    20.4059    20.4103   5.055047   5.055817     2.3004     1.9402     100.00   27.00380  -79.62848    0.00084    0.00004          9  0.000e+00
      81842   3410.042    169.662    170.855    20.4045    20.4104   5.054875   5.055855     2.3004     1.9402     100.00   27.00380  -79.62848    0.00085    0.00004          9  0.000e+00
      81843   3410.083    169.722    170.916    20.4045    20.4101   5.054823   5.055825     2.3004     1.9402     100.00   27.00380  -79.62848    0.00086    0.00005          9  0.000e+00
      81844   3410.125    169.632    170.825    20.4048    20.4103   5.054846   5.055878     2.3004     1.9402     100.00   27.00380  -79.62848    0.00087    0.00006          9  0.000e+00
      81845   3410.167    169.662    170.856    20.4052    20.4103   5.054942   5.055870     2.3016     1.9402     100.00   27.00380  -79.62848    0.00089    0.00009          9  0.000e+00
      81846   3410.208    169.722    170.917    20.4055    20.4103   5.054920   5.055885     2.3016     1.9402     100.00   27.00380  -79.62848    0.00091    0.00010          9  0.000e+00
      81847   3410.250    169.609    170.802    20.4045    20.4103   5.054868   5.055832     2.3004     1.9402     100.00   27.00380  -79.62848    0.00092    0.00010          9  0.000e+00
      81848   3410.292    169.722    170.917    20.4038    20.4101   5.054734   5.055825     2.3004     1.9402     100.00   27.00380  -79.62848    0.00092    0.00011          9  0.000e+00
      81849   3410.333    169.662    170.856    20.4041    20.4103   5.054756   5.055787     2.3004     1.9402     100.00   27.00380  -79.62848    0.00092    0.00012          9  0.000e+00
      81850   3410.375    169.722    170.917    20.4050    20.4103   5.054823   5.055863     2.3004     1.9402     100.00   27.00380  -79.62848    0.00092    0.00013          9  0.000e+00
      81851   3410.417    169.723    170.917    20.4050    20.4103   5.054920   5.055900     2.3004     1.9402     100.00   27.00380  -79.62848    0.00092    0.00014          9  0.000e+00
      81852   3410.458    169.662    170.856    20.4045    20.4103   5.054853   5.055870     2.3004     1.9402     100.00   27.00380  -79.62848    0.00092    0.00015          9  0.000e+00
      81853   3410.500    169.723    170.917    20.4045    20.4103   5.054823   5.055885     2.3004     1.9402     100.00   27.00380  -79.62848    0.00092    0.00015          9  0.000e+00
      81854   3410.542    169.723    170.917    20.4041    20.4103   5.054823   5.055832     2.3004     1.9402     100.00   27.00380  -79.62848    0.00091    0.00016          9  0.000e+00
      81855   3410.583    169.723    170.917    20.4039    20.4100   5.054801   5.055825     2.3004     1.9402     100.00   27.00380  -79.62848    0.00091    0.00017          9  0.000e+00
      81856   3410.625    169.662    170.856    20.4043    20.4101   5.054779   5.055817     2.3004     1.9402     100.00   27.00380  -79.62848    0.00092    0.00018          9  0.000e+00
      81857   3410.667    169.723    170.917    20.4041    20.4101   5.054808   5.055878     2.3004     1.9402     100.00   27.00380  -79.62848    0.00091    0.00019          9  0.000e+00
      81858   3410.708    169.723    170.917    20.4052    20.4101   5.054883   5.055870     2.2991     1.9402     100.00   27.00380  -79.62848    0.00089    0.00020          9  0.000e+00
      81859   3410.750    169.723    170.917    20.4053    20.4101   5.054935   5.055885     2.3004     1.9414     100.00   27.00380  -79.62848    0.00090    0.00022          9  0.000e+00
      81860   3410.792    169.723    170.917    20.4059    20.4103   5.055039   5.055870     2.3004     1.9414     100.00   27.00380  -79.62848    0.00089    0.00025          9  0.000e+00
      81861   3410.833    169.776    170.970    20.4060    20.4101   5.054994   5.055885     2.3004     1.9414     100.00   27.00380  -79.62848    0.00090    0.00027          9  0.000e+00
