GOMECC/GOMECC-4/1db/rb2103_0241.ros
* Sea-Bird SBE 9 Data File:
* FileName = C:\Users\scs.user.rb\CTD\GOMECC4\data\rb2103_0241.hex
* Software Version Seasave V 7.26.7.107
* Temperature SN = 4799
* Conductivity SN = 3860
* Number of Bytes Per Scan = 41
* Number of Voltage Words = 4
* Number of Scans Averaged by the Deck Unit = 1
* NMEA Latitude = 28 41.35 N
* NMEA Longitude = 086 03.85 W
* NMEA UTC (Time) = Sep 21 2021  05:37:15
* NMEA baud rate = 4800
# nquan = 17
# nvalues = 1729                                  
# units = specified
# name 0 = scan: Scan Count
# name 1 = timeS: Time, Elapsed [seconds]
# name 2 = depSM: Depth [salt water, m]
# name 3 = prDM: Pressure, Digiquartz [db]
# name 4 = t090C: Temperature [ITS-90, deg C]
# name 5 = t190C: Temperature, 2 [ITS-90, deg C]
# name 6 = c0S/m: Conductivity [S/m]
# name 7 = c1S/m: Conductivity, 2 [S/m]
# name 8 = sbeox0V: Oxygen raw, SBE 43 [V]
# name 9 = sbeox1V: Oxygen raw, SBE 43, 2 [V]
# name 10 = altM: Altimeter [m]
# name 11 = latitude: Latitude [deg]
# name 12 = longitude: Longitude [deg]
# name 13 = sbox0dV/dT: Oxygen, SBE 43 [dov/dt]
# name 14 = sbox1dV/dT: Oxygen, SBE 43, 2 [dov/dt]
# name 15 = nbf: Bottles Fired
# name 16 = flag:  0.000e+00
# interval = seconds: 0.0416667
# start_time = Sep 21 2021 05:37:15 [NMEA time, header]
# bad_flag = -9.990e-29
*END*
[from data line 1618]
      58751   2447.917      4.485      4.515    28.3396    28.3407   5.623871   5.624091     3.1172     2.6520     100.00   28.68920  -86.06296    0.00026   -0.00047         13  0.000e+00
      58752   2447.958      4.485      4.515    28.3399    28.3407   5.623847   5.624091     3.1172     2.6520     100.00   28.68920  -86.06296    0.00022   -0.00041         13  0.000e+00
      58753   2448.000      4.470      4.500    28.3396    28.3407   5.623801   5.624090     3.1172     2.6532     100.00   28.68920  -86.06296    0.00017   -0.00036         13  0.000e+00
      58754   2448.042      4.538      4.568    28.3398    28.3407   5.623894   5.624091     3.1184     2.6532     100.00   28.68920  -86.06296    0.00016   -0.00029         13  0.000e+00
      58755   2448.083      4.470      4.500    28.3397    28.3405   5.623863   5.624091     3.1172     2.6532     100.00   28.68920  -86.06296    0.00013   -0.00024         13  0.000e+00
      58756   2448.125      4.485      4.515    28.3398    28.3407   5.623871   5.624122     3.1172     2.6532     100.00   28.68920  -86.06296    0.00008   -0.00019         13  0.000e+00
      58757   2448.167      4.538      4.568    28.3397    28.3407   5.623886   5.624098     3.1172     2.6532     100.00   28.68920  -86.06296    0.00005   -0.00014         13  0.000e+00
      58758   2448.208      4.470      4.500    28.3394    28.3405   5.623886   5.624122     3.1184     2.6532     100.00   28.68920  -86.06296    0.00004   -0.00009         13  0.000e+00
      58759   2448.250      4.538      4.568    28.3394    28.3407   5.623886   5.624106     3.1184     2.6532     100.00   28.68920  -86.06296    0.00002   -0.00005         13  0.000e+00
      58760   2448.292      4.523      4.553    28.3394    28.3407   5.623847   5.624122     3.1184     2.6532     100.00   28.68920  -86.06296    0.00001   -0.00000         13  0.000e+00
      58761   2448.333      4.485      4.515    28.3394    28.3405   5.623871   5.624067     3.1184     2.6532     100.00   28.68920  -86.06296   -0.00000    0.00004         13  0.000e+00
      58762   2448.375      4.538      4.568    28.3394    28.3405   5.623816   5.624075     3.1184     2.6520     100.00   28.68920  -86.06296   -0.00004    0.00007         13  0.000e+00
      58763   2448.417      4.523      4.553    28.3394    28.3407   5.623824   5.624122     3.1184     2.6532     100.00   28.68920  -86.06296   -0.00007    0.00011         13  0.000e+00
      58764   2448.458      4.538      4.568    28.3394    28.3405   5.623871   5.624098     3.1172     2.6532     100.00   28.68920  -86.06296   -0.00010    0.00015         13  0.000e+00
      58765   2448.500      4.523      4.553    28.3394    28.3407   5.623847   5.624122     3.1172     2.6532     100.00   28.68920  -86.06296   -0.00014    0.00019         13  0.000e+00
      58766   2448.542      4.538      4.568    28.3396    28.3405   5.623840   5.624106     3.1172     2.6532     100.00   28.68920  -86.06296   -0.00017    0.00025         13  0.000e+00
      58767   2448.583      4.485      4.515    28.3396    28.3407   5.623840   5.624154     3.1172     2.6532     100.00   28.68920  -86.06296   -0.00020    0.00031         13  0.000e+00
      58768   2448.625      4.576      4.606    28.3396    28.3407   5.623910   5.624106     3.1172     2.6532      87.77   28.68920  -86.06296   -0.00023    0.00036         13  0.000e+00
      58769   2448.667      4.485      4.515    28.3396    28.3407   5.623894   5.624122     3.1160     2.6532      45.96   28.68920  -86.06296   -0.00028    0.00042         13  0.000e+00
      58770   2448.708      4.636      4.667    28.3396    28.3405   5.623886   5.624098     3.1172     2.6532      29.28   28.68920  -86.06296   -0.00032    0.00049         13  0.000e+00
      58771   2448.750      4.538      4.568    28.3394    28.3407   5.623847   5.624122     3.1172     2.6532      28.89   28.68920  -86.06296   -0.00035    0.00055         13  0.000e+00
      58772   2448.792      4.538      4.568    28.3396    28.3409   5.623840   5.624106     3.1160     2.6532      30.96   28.68920  -86.06296   -0.00040    0.00062         13  0.000e+00
      58773   2448.833      4.523      4.553    28.3394    28.3407   5.623801   5.624154     3.1172     2.6520      31.75   28.68920  -86.06296   -0.00041    0.00067         13  0.000e+00
      58774   2448.875      4.591      4.622    28.3397    28.3409   5.623894   5.624106     3.1160     2.6520      31.75   28.68920  -86.06296   -0.00045    0.00072         13  0.000e+00
      58775   2448.917      4.523      4.553    28.3394    28.3407   5.623863   5.624091     3.1160     2.6508      31.65   28.68920  -86.06296   -0.00048    0.00076         13  0.000e+00
      58776   2448.958      4.591      4.622    28.3392    28.3407   5.623770   5.624122     3.1172     2.6508      31.60   28.68920  -86.06296   -0.00049    0.00080         13  0.000e+00
      58777   2449.000      4.538      4.568    28.3387    28.3409   5.623770   5.624138     3.1160     2.6508      31.60   28.68920  -86.06296   -0.00052    0.00083         13  0.000e+00
      58778   2449.042      4.576      4.607    28.3390    28.3407   5.623754   5.624138     3.1160     2.6508      31.60   28.68920  -86.06296   -0.00055    0.00087         13  0.000e+00
      58779   2449.083      4.538      4.569    28.3387    28.3405   5.623746   5.624067     3.1160     2.6508      31.60   28.68920  -86.06296   -0.00058    0.00091         13  0.000e+00
      58780   2449.125      4.523      4.553    28.3383    28.3407   5.623707   5.624075     3.1172     2.6508      31.62   28.68920  -86.06296   -0.00061    0.00094         13  0.000e+00
      58781   2449.167      4.591      4.622    28.3388    28.3409   5.623731   5.624122     3.1172     2.6508      31.62   28.68920  -86.06296   -0.00062    0.00098         13  0.000e+00
      58782   2449.208      4.591      4.622    28.3387    28.3409   5.623816   5.624138     3.1172     2.6508      31.62   28.68920  -86.06296   -0.00063    0.00102         13  0.000e+00
      58783   2449.250      4.523      4.553    28.3390    28.3407   5.623731   5.624098     3.1172     2.6508      31.60   28.68920  -86.06296   -0.00064    0.00104         13  0.000e+00
      58784   2449.292      4.538      4.569    28.3389    28.3407   5.623731   5.624122     3.1172     2.6520      31.62   28.68920  -86.06296   -0.00065    0.00108         13  0.000e+00
      58785   2449.333      4.576      4.607    28.3388    28.3407   5.623816   5.624106     3.1160     2.6520      31.60   28.68920  -86.06296   -0.00067    0.00112         13  0.000e+00
      58786   2449.375      4.538      4.569    28.3393    28.3409   5.623801   5.624154     3.1172     2.6520      31.60   28.68920  -86.06296   -0.00068    0.00116         13  0.000e+00
      58787   2449.417      4.591      4.622    28.3391    28.3407   5.623863   5.624106     3.1172     2.6532      31.60   28.68920  -86.06296   -0.00069    0.00121         13  0.000e+00
      58788   2449.458      4.523      4.553    28.3394    28.3409   5.623847   5.624091     3.1172     2.6532      31.60   28.68920  -86.06296   -0.00070    0.00127         13  0.000e+00
      58789   2449.500      4.538      4.569    28.3393    28.3407   5.623770   5.624091     3.1172     2.6532      31.60   28.68920  -86.06296   -0.00072    0.00130         13  0.000e+00
      58790   2449.542      4.576      4.607    28.3394    28.3409   5.623746   5.624122     3.1172     2.6532      31.62   28.68920  -86.06296   -0.00073    0.00134         13  0.000e+00
      58791   2449.583      4.538      4.569    28.3393    28.3407   5.623847   5.624138     3.1172     2.6532      31.62   28.68920  -86.06296   -0.00073    0.00137         13  0.000e+00
      58792   2449.625      4.591      4.622    28.3396    28.3409   5.623847   5.624138     3.1172     2.6545      58.39   28.68920  -86.06296   -0.00074    0.00142         13  0.000e+00
      58793   2449.667      4.523      4.553    28.3393    28.3407   5.623840   5.624098     3.1172     2.6545      93.99   28.68920  -86.06296   -0.00075    0.00147         13  0.000e+00
      58794   2449.708      4.538      4.569    28.3391    28.3409   5.623871   5.624122     3.1172     2.6545     100.00   28.68920  -86.06296   -0.00074    0.00150         13  0.000e+00
      58795   2449.750      4.523      4.553    28.3390    28.3407   5.623816   5.624098     3.1172     2.6545     100.00   28.68920  -86.06296   -0.00072    0.00153         13  0.000e+00
      58796   2449.792      4.591      4.622    28.3389    28.3411   5.623793   5.624091     3.1160     2.6545     100.00   28.68920  -86.06296   -0.00073    0.00155         13  0.000e+00
      58797   2449.833      4.538      4.569    28.3392    28.3409   5.623793   5.624154     3.1160     2.6545     100.00   28.68920  -86.06296   -0.00073    0.00158         13  0.000e+00
      58798   2449.875      4.523      4.554    28.3391    28.3407   5.623824   5.624146     3.1160     2.6545      99.98   28.68920  -86.06296   -0.00073    0.00160         13  0.000e+00
      58799   2449.917      4.591      4.622    28.3391    28.3407   5.623840   5.624067     3.1160     2.6545     100.00   28.68920  -86.06296   -0.00071    0.00162         13  0.000e+00
      58800   2449.958      4.523      4.554    28.3392    28.3409   5.623801   5.624114     3.1160     2.6545     100.00   28.68920  -86.06296   -0.00070    0.00164         13  0.000e+00
      58801   2450.000      4.591      4.622    28.3393    28.3407   5.623754   5.624138     3.1160     2.6545     100.00   28.68920  -86.06296   -0.00068    0.00165         13  0.000e+00
      58802   2450.042      4.538      4.569    28.3392    28.3409   5.623816   5.624138     3.1160     2.6545     100.00   28.68920  -86.06296   -0.00066    0.00167         13  0.000e+00
      58803   2450.083      4.576      4.607    28.3393    28.3405   5.623801   5.624138     3.1160     2.6545     100.00   28.68920  -86.06296   -0.00063    0.00168         13  0.000e+00
      58804   2450.125      4.538      4.569    28.3392    28.3407   5.623863   5.624138     3.1160     2.6545     100.00   28.68920  -86.06296   -0.00061    0.00169         13  0.000e+00
      58805   2450.167      4.523      4.554    28.3391    28.3407   5.623816   5.624106     3.1160     2.6545     100.00   28.68920  -86.06296   -0.00060    0.00170         13  0.000e+00
      58806   2450.208      4.591      4.622    28.3391    28.3407   5.623793   5.624091     3.1160     2.6545     100.00   28.68920  -86.06296   -0.00059    0.00173         13  0.000e+00
      58807   2450.250      4.538      4.569    28.3390    28.3407   5.623824   5.624051     3.1160     2.6545     100.00   28.68920  -86.06296   -0.00058    0.00176         13  0.000e+00
      58808   2450.292      4.576      4.607    28.3393    28.3407   5.623840   5.624114     3.1160     2.6545     100.00   28.68920  -86.06296   -0.00057    0.00178         13  0.000e+00
      58809   2450.333      4.538      4.569    28.3392    28.3407   5.623801   5.624098     3.1160     2.6545     100.00   28.68920  -86.06296   -0.00058    0.00180         13  0.000e+00
      58810   2450.375      4.576      4.607    28.3391    28.3405   5.623863   5.624122     3.1160     2.6545     100.00   28.68920  -86.06296   -0.00057    0.00182         13  0.000e+00
      58811   2450.417      4.538      4.569    28.3392    28.3407   5.623840   5.624169     3.1148     2.6532     100.00   28.68920  -86.06296   -0.00059    0.00182         13  0.000e+00
      58812   2450.458      4.538      4.569    28.3391    28.3407   5.623801   5.624114     3.1148     2.6532     100.00   28.68920  -86.06296   -0.00061    0.00182         13  0.000e+00
      58813   2450.500      4.576      4.607    28.3393    28.3407   5.623863   5.624091     3.1148     2.6532     100.00   28.68920  -86.06296   -0.00063    0.00182         13  0.000e+00
      58814   2450.542      4.485      4.516    28.3392    28.3407   5.623847   5.624091     3.1148     2.6532     100.00   28.68920  -86.06296   -0.00065    0.00180         13  0.000e+00
      58815   2450.583      4.636      4.668    28.3393    28.3405   5.623840   5.624122     3.1148     2.6532     100.00   28.68920  -86.06296   -0.00066    0.00178         13  0.000e+00
      58816   2450.625      4.591      4.622    28.3392    28.3409   5.623840   5.624098     3.1148     2.6532     100.00   28.68920  -86.06296   -0.00068    0.00176         13  0.000e+00
      58817   2450.667      4.538      4.569    28.3394    28.3409   5.623840   5.624122     3.1148     2.6532     100.00   28.68920  -86.06296   -0.00070    0.00174         13  0.000e+00
      58818   2450.708      4.523      4.554    28.3391    28.3407   5.623871   5.624138     3.1160     2.6520     100.00   28.68920  -86.06296   -0.00069    0.00169         13  0.000e+00
      58819   2450.750      4.538      4.569    28.3394    28.3407   5.623847   5.624138     3.1148     2.6520     100.00   28.68920  -86.06296   -0.00072    0.00163         13  0.000e+00
      58820   2450.792      4.576      4.607    28.3391    28.3405   5.623840   5.624162     3.1148     2.6520     100.00   28.68920  -86.06296   -0.00074    0.00157         13  0.000e+00
      58821   2450.833      4.538      4.569    28.3392    28.3407   5.623840   5.624106     3.1148     2.6508     100.00   28.68920  -86.06296   -0.00077    0.00149         13  0.000e+00
      58822   2450.875      4.538      4.569    28.3391    28.3407   5.623840   5.624122     3.1148     2.6508     100.00   28.68920  -86.06296   -0.00078    0.00141         13  0.000e+00
      58823   2450.917      4.576      4.607    28.3394    28.3407   5.623801   5.624098     3.1148     2.6508     100.00   28.68920  -86.06296   -0.00080    0.00132         13  0.000e+00
      58824   2450.958      4.485      4.516    28.3391    28.3407   5.623863   5.624091     3.1148     2.6496     100.00   28.68920  -86.06296   -0.00081    0.00122         13  0.000e+00
      58825   2451.000      4.576      4.607    28.3393    28.3407   5.623816   5.624051     3.1148     2.6496     100.00   28.68920  -86.06296   -0.00084    0.00112         13  0.000e+00
      58826   2451.042      4.538      4.569    28.3394    28.3407   5.623824   5.624075     3.1148     2.6496     100.00   28.68920  -86.06296   -0.00085    0.00100         13  0.000e+00
      58827   2451.083      4.538      4.569    28.3391    28.3407   5.623801   5.624122     3.1148     2.6484     100.00   28.68920  -86.06296   -0.00087    0.00088         13  0.000e+00
      58828   2451.125      4.523      4.554    28.3392    28.3407   5.623824   5.624067     3.1148     2.6484     100.00   28.68920  -86.06296   -0.00088    0.00075         13  0.000e+00
      58829   2451.167      4.538      4.569    28.3393    28.3407   5.623801   5.624075     3.1160     2.6484     100.00   28.68920  -86.06296   -0.00088    0.00063         13  0.000e+00
      58830   2451.208      4.523      4.554    28.3392    28.3405   5.623824   5.624122     3.1148     2.6484     100.00   28.68920  -86.06296   -0.00090    0.00051         13  0.000e+00
      58831   2451.250      4.538      4.569    28.3394    28.3405   5.623801   5.624067     3.1160     2.6484     100.00   28.68920  -86.06296   -0.00091    0.00038         13  0.000e+00
      58832   2451.292      4.486      4.516    28.3391    28.3407   5.623684   5.624114     3.1160     2.6484     100.00   28.68920  -86.06296   -0.00091    0.00026         13  0.000e+00
      58833   2451.333      4.523      4.554    28.3394    28.3407   5.623684   5.624098     3.1160     2.6484     100.00   28.68920  -86.06296   -0.00090    0.00015         13  0.000e+00
      58834   2451.375      4.486      4.516    28.3391    28.3407   5.623801   5.624091     3.1160     2.6484     100.00   28.68920  -86.06296   -0.00090    0.00005         13  0.000e+00
