GOMECC/GOMECC-4/1db/rb2103_1291.ros
* Sea-Bird SBE 9 Data File:
* FileName = C:\Users\scs.user.rb\CTD\GOMECC4\data\rb2103_1291.hex
* Software Version Seasave V 7.26.7.107
* Temperature SN = 4799
* Conductivity SN = 3860
* Number of Bytes Per Scan = 41
* Number of Voltage Words = 4
* Number of Scans Averaged by the Deck Unit = 1
* NMEA Latitude = 26 57.28 N
* NMEA Longitude = 082 45.08 W
* NMEA UTC (Time) = Oct 19 2021  09:01:59
* NMEA baud rate = 4800
# nquan = 17
# nvalues = 399                                   
# units = specified
# name 0 = scan: Scan Count
# name 1 = timeS: Time, Elapsed [seconds]
# name 2 = depSM: Depth [salt water, m]
# name 3 = prDM: Pressure, Digiquartz [db]
# name 4 = t090C: Temperature [ITS-90, deg C]
# name 5 = t190C: Temperature, 2 [ITS-90, deg C]
# name 6 = c0S/m: Conductivity [S/m]
# name 7 = c1S/m: Conductivity, 2 [S/m]
# name 8 = sbeox0V: Oxygen raw, SBE 43 [V]
# name 9 = sbeox1V: Oxygen raw, SBE 43, 2 [V]
# name 10 = altM: Altimeter [m]
# name 11 = latitude: Latitude [deg]
# name 12 = longitude: Longitude [deg]
# name 13 = sbox0dV/dT: Oxygen, SBE 43 [dov/dt]
# name 14 = sbox1dV/dT: Oxygen, SBE 43, 2 [dov/dt]
# name 15 = nbf: Bottles Fired
# name 16 = flag:  0.000e+00
# interval = seconds: 0.0416667
# start_time = Oct 19 2021 09:01:59 [NMEA time, header]
# bad_flag = -9.990e-29
*END*
[from data line 86]
      15587    649.417     21.897     22.044    28.5127    28.5147   5.822242   5.822600     3.1270     2.6349       4.05   26.95504  -82.75144    0.00051    0.00036          1  0.000e+00
      15588    649.458     21.803     21.948    28.5125    28.5144   5.822242   5.822600     3.1270     2.6349       4.08   26.95504  -82.75144    0.00056    0.00028          1  0.000e+00
      15589    649.500     21.891     22.037    28.5123    28.5145   5.822242   5.822560     3.1282     2.6349       4.05   26.95504  -82.75144    0.00062    0.00019          1  0.000e+00
      15590    649.542     21.850     21.996    28.5125    28.5146   5.822242   5.822584     3.1270     2.6349       4.05   26.95504  -82.75144    0.00065    0.00011          1  0.000e+00
      15591    649.583     21.850     21.996    28.5124    28.5144   5.822242   5.822560     3.1270     2.6361       4.05   26.95504  -82.75144    0.00068    0.00004          1  0.000e+00
      15592    649.625     21.843     21.989    28.5123    28.5145   5.822202   5.822584     3.1270     2.6361       4.05   26.95504  -82.75144    0.00071   -0.00003          1  0.000e+00
      15593    649.667     21.850     21.996    28.5125    28.5144   5.822202   5.822560     3.1270     2.6361       4.05   26.95504  -82.75144    0.00074   -0.00010          1  0.000e+00
      15594    649.708     21.803     21.948    28.5123    28.5145   5.822234   5.822600     3.1270     2.6361       4.05   26.95504  -82.75144    0.00075   -0.00018          1  0.000e+00
      15595    649.750     21.843     21.989    28.5125    28.5144   5.822242   5.822600     3.1270     2.6361       4.08   26.95504  -82.75144    0.00076   -0.00025          1  0.000e+00
      15596    649.792     21.850     21.996    28.5125    28.5145   5.822202   5.822560     3.1270     2.6349       4.10   26.95504  -82.75144    0.00075   -0.00034          1  0.000e+00
      15597    649.833     21.803     21.948    28.5123    28.5144   5.822226   5.822584     3.1270     2.6361       4.13   26.95504  -82.75144    0.00074   -0.00041          1  0.000e+00
      15598    649.875     21.843     21.989    28.5125    28.5146   5.822242   5.822560     3.1270     2.6361       4.13   26.95504  -82.75144    0.00073   -0.00048          1  0.000e+00
      15599    649.917     21.850     21.996    28.5123    28.5143   5.822202   5.822625     3.1270     2.6361       4.13   26.95504  -82.75144    0.00071   -0.00056          1  0.000e+00
      15600    649.958     21.803     21.948    28.5123    28.5146   5.822266   5.822576     3.1270     2.6361       4.13   26.95504  -82.75144    0.00070   -0.00062          1  0.000e+00
      15601    650.000     21.843     21.989    28.5124    28.5145   5.822218   5.822552     3.1258     2.6361       4.13   26.95504  -82.75144    0.00067   -0.00067          1  0.000e+00
      15602    650.042     21.803     21.948    28.5123    28.5146   5.822194   5.822584     3.1258     2.6361       4.13   26.95504  -82.75144    0.00064   -0.00073          1  0.000e+00
      15603    650.083     21.803     21.948    28.5125    28.5143   5.822194   5.822528     3.1258     2.6361       4.13   26.95504  -82.75144    0.00060   -0.00079          1  0.000e+00
      15604    650.125     21.850     21.996    28.5123    28.5146   5.822226   5.822536     3.1258     2.6361       4.13   26.95504  -82.75144    0.00057   -0.00085          1  0.000e+00
      15605    650.167     21.796     21.941    28.5123    28.5146   5.822218   5.822600     3.1258     2.6374       4.13   26.95504  -82.75144    0.00054   -0.00089          1  0.000e+00
      15606    650.208     21.803     21.948    28.5122    28.5145   5.822234   5.822600     3.1245     2.6361       4.13   26.95504  -82.75144    0.00048   -0.00093          1  0.000e+00
      15607    650.250     21.803     21.948    28.5123    28.5146   5.822242   5.822600     3.1245     2.6374       4.13   26.95504  -82.75144    0.00045   -0.00096          1  0.000e+00
      15608    650.292     21.843     21.989    28.5121    28.5145   5.822202   5.822560     3.1233     2.6374       4.13   26.95504  -82.75144    0.00040   -0.00097          1  0.000e+00
      15609    650.333     21.803     21.948    28.5123    28.5146   5.822226   5.822552     3.1245     2.6386       4.13   26.95504  -82.75144    0.00036   -0.00096          1  0.000e+00
      15610    650.375     21.803     21.948    28.5121    28.5146   5.822202   5.822552     3.1233     2.6386       4.13   26.95504  -82.75144    0.00031   -0.00093          1  0.000e+00
      15611    650.417     21.796     21.941    28.5122    28.5145   5.822226   5.822584     3.1233     2.6398       4.13   26.95504  -82.75144    0.00026   -0.00088          1  0.000e+00
      15612    650.458     21.803     21.948    28.5123    28.5146   5.822242   5.822600     3.1233     2.6398       4.13   26.95504  -82.75144    0.00021   -0.00084          1  0.000e+00
      15613    650.500     21.803     21.948    28.5121    28.5147   5.822202   5.822560     3.1221     2.6398       4.13   26.95504  -82.75144    0.00014   -0.00080          1  0.000e+00
      15614    650.542     21.796     21.941    28.5121    28.5148   5.822194   5.822552     3.1221     2.6410       4.13   26.95504  -82.75144    0.00009   -0.00073          1  0.000e+00
      15615    650.583     21.803     21.948    28.5123    28.5145   5.822194   5.822600     3.1209     2.6410       4.13   26.95504  -82.75144    0.00000   -0.00067          1  0.000e+00
      15616    650.625     21.803     21.948    28.5117    28.5148   5.822202   5.822568     3.1209     2.6410       4.13   26.95504  -82.75144   -0.00006   -0.00061          1  0.000e+00
      15617    650.667     21.796     21.941    28.5122    28.5144   5.822234   5.822584     3.1209     2.6410       4.13   26.95504  -82.75144   -0.00015   -0.00056          1  0.000e+00
      15618    650.708     21.850     21.996    28.5119    28.5147   5.822202   5.822560     3.1209     2.6410       4.13   26.95504  -82.75144   -0.00021   -0.00048          1  0.000e+00
      15619    650.750     21.749     21.894    28.5119    28.5146   5.822226   5.822624     3.1209     2.6410       4.13   26.95504  -82.75144   -0.00027   -0.00040          1  0.000e+00
      15620    650.792     21.803     21.948    28.5123    28.5145   5.822274   5.822536     3.1209     2.6422       4.15   26.95504  -82.75144   -0.00033   -0.00031          1  0.000e+00
      15621    650.833     21.796     21.941    28.5121    28.5148   5.822250   5.822576     3.1209     2.6422       4.15   26.95504  -82.75144   -0.00039   -0.00022          1  0.000e+00
      15622    650.875     21.803     21.948    28.5124    28.5144   5.822242   5.822560     3.1209     2.6422       4.15   26.95504  -82.75144   -0.00045   -0.00013          1  0.000e+00
      15623    650.917     21.803     21.948    28.5123    28.5143   5.822202   5.822552     3.1209     2.6422       4.15   26.95504  -82.75144   -0.00050   -0.00005          1  0.000e+00
      15624    650.958     21.796     21.941    28.5123    28.5144   5.822226   5.822552     3.1209     2.6422       4.15   26.95504  -82.75144   -0.00056    0.00002          1  0.000e+00
      15625    651.000     21.803     21.948    28.5123    28.5140   5.822202   5.822584     3.1209     2.6422       4.15   26.95504  -82.75144   -0.00059    0.00009          1  0.000e+00
      15626    651.042     21.803     21.948    28.5125    28.5142   5.822226   5.822576     3.1209     2.6422       4.15   26.95504  -82.75144   -0.00064    0.00016          1  0.000e+00
      15627    651.083     21.796     21.941    28.5122    28.5143   5.822242   5.822592     3.1209     2.6422       4.15   26.95504  -82.75144   -0.00069    0.00023          1  0.000e+00
      15628    651.125     21.803     21.948    28.5123    28.5142   5.822250   5.822560     3.1209     2.6422       4.15   26.95504  -82.75144   -0.00074    0.00030          1  0.000e+00
      15629    651.167     21.850     21.996    28.5123    28.5140   5.822242   5.822584     3.1209     2.6422       4.15   26.95504  -82.75144   -0.00079    0.00036          1  0.000e+00
      15630    651.208     21.796     21.941    28.5123    28.5143   5.822242   5.822560     3.1221     2.6422       4.15   26.95504  -82.75144   -0.00082    0.00043          1  0.000e+00
      15631    651.250     21.803     21.948    28.5121    28.5140   5.822202   5.822552     3.1221     2.6422       4.15   26.95504  -82.75144   -0.00084    0.00049          1  0.000e+00
      15632    651.292     21.803     21.948    28.5124    28.5143   5.822266   5.822552     3.1221     2.6422       4.15   26.95504  -82.75144   -0.00087    0.00056          1  0.000e+00
      15633    651.333     21.843     21.989    28.5123    28.5144   5.822250   5.822552     3.1221     2.6422       4.15   26.95504  -82.75144   -0.00090    0.00062          1  0.000e+00
      17931    747.083      9.757      9.822    28.5435    28.5378   5.825057   5.824596     3.1270     2.6374      15.70   26.95514  -82.75148   -0.00041   -0.00093          2  0.000e+00
      17932    747.125      9.852      9.917    28.5433    28.5376   5.825088   5.824628     3.1282     2.6374      15.70   26.95514  -82.75148   -0.00040   -0.00091          2  0.000e+00
      17933    747.167      9.757      9.822    28.5435    28.5382   5.825136   5.824677     3.1270     2.6374      15.70   26.95514  -82.75148   -0.00042   -0.00089          2  0.000e+00
      17934    747.208      9.852      9.917    28.5435    28.5388   5.825112   5.824693     3.1270     2.6374      15.70   26.95514  -82.75148   -0.00043   -0.00087          2  0.000e+00
      17935    747.250      9.852      9.917    28.5435    28.5391   5.825065   5.824693     3.1282     2.6374      15.70   26.95514  -82.75148   -0.00042   -0.00083          2  0.000e+00
      17936    747.292      9.804      9.869    28.5435    28.5393   5.825057   5.824693     3.1282     2.6374      15.70   26.95514  -82.75148   -0.00042   -0.00079          2  0.000e+00
      17937    747.333      9.852      9.917    28.5433    28.5393   5.825057   5.824765     3.1282     2.6374      15.70   26.95514  -82.75148   -0.00041   -0.00075          2  0.000e+00
      17938    747.375      9.804      9.869    28.5433    28.5393   5.825088   5.824717     3.1282     2.6374      15.70   26.95514  -82.75148   -0.00039   -0.00071          2  0.000e+00
      17939    747.417      9.852      9.917    28.5431    28.5394   5.825065   5.824741     3.1282     2.6374      15.70   26.95514  -82.75148   -0.00038   -0.00066          2  0.000e+00
      17940    747.458      9.852      9.917    28.5435    28.5397   5.825017   5.824813     3.1282     2.6374      15.70   26.95514  -82.75148   -0.00036   -0.00064          2  0.000e+00
      17941    747.500      9.804      9.869    28.5435    28.5401   5.825041   5.824837     3.1270     2.6374      15.70   26.95514  -82.75148   -0.00036   -0.00061          2  0.000e+00
      17942    747.542      9.804      9.869    28.5433    28.5400   5.825088   5.824797     3.1282     2.6374      15.70   26.95514  -82.75148   -0.00033   -0.00060          2  0.000e+00
      17943    747.583      9.757      9.822    28.5435    28.5402   5.825104   5.824821     3.1282     2.6386      15.70   26.95514  -82.75148   -0.00031   -0.00057          2  0.000e+00
      17944    747.625      9.953     10.019    28.5433    28.5401   5.825065   5.824797     3.1282     2.6386      15.70   26.95514  -82.75148   -0.00029   -0.00055          2  0.000e+00
      17945    747.667      9.804      9.869    28.5433    28.5397   5.825088   5.824821     3.1282     2.6386      15.70   26.95514  -82.75148   -0.00027   -0.00054          2  0.000e+00
      17946    747.708      9.852      9.917    28.5436    28.5397   5.825104   5.824797     3.1282     2.6398      15.70   26.95514  -82.75148   -0.00024   -0.00051          2  0.000e+00
      17947    747.750      9.804      9.869    28.5435    28.5394   5.825065   5.824717     3.1282     2.6398      15.70   26.95514  -82.75148   -0.00022   -0.00048          2  0.000e+00
      17948    747.792      9.852      9.917    28.5431    28.5392   5.825017   5.824693     3.1282     2.6398      15.65   26.95514  -82.75148   -0.00020   -0.00045          2  0.000e+00
      17949    747.833      9.852      9.917    28.5433    28.5387   5.824962   5.824725     3.1282     2.6410      15.65   26.95514  -82.75148   -0.00018   -0.00042          2  0.000e+00
      17950    747.875      9.804      9.869    28.5429    28.5380   5.824993   5.824701     3.1270     2.6410      15.65   26.95514  -82.75148   -0.00017   -0.00040          2  0.000e+00
      17951    747.917      9.852      9.917    28.5429    28.5384   5.825009   5.824725     3.1282     2.6410      15.65   26.95514  -82.75148   -0.00015   -0.00035          2  0.000e+00
      17952    747.958      9.852      9.917    28.5425    28.5387   5.824930   5.824741     3.1282     2.6422      15.65   26.95514  -82.75148   -0.00013   -0.00031          2  0.000e+00
      17953    748.000      9.852      9.917    28.5426    28.5393   5.824978   5.824741     3.1282     2.6422      15.65   26.95514  -82.75148   -0.00010   -0.00025          2  0.000e+00
      17954    748.042      9.852      9.917    28.5424    28.5401   5.824962   5.824813     3.1282     2.6422      15.65   26.95514  -82.75148   -0.00008   -0.00019          2  0.000e+00
      17955    748.083      9.852      9.917    28.5425    28.5400   5.824954   5.824869     3.1270     2.6422      15.65   26.95514  -82.75148   -0.00007   -0.00013          2  0.000e+00
      17956    748.125      9.804      9.869    28.5426    28.5400   5.824993   5.824885     3.1282     2.6435      15.65   26.95514  -82.75148   -0.00005   -0.00006          2  0.000e+00
      17957    748.167      9.906      9.971    28.5424    28.5406   5.825009   5.824917     3.1270     2.6422      15.65   26.95514  -82.75148   -0.00005    0.00001          2  0.000e+00
      17958    748.208      9.852      9.917    28.5427    28.5411   5.825009   5.824965     3.1270     2.6422      15.65   26.95514  -82.75148   -0.00004    0.00009          2  0.000e+00
      17959    748.250      9.852      9.917    28.5428    28.5404   5.824930   5.824869     3.1270     2.6422      15.65   26.95514  -82.75148   -0.00003    0.00014          2  0.000e+00
      17960    748.292      9.852      9.917    28.5426    28.5398   5.824938   5.824853     3.1270     2.6422      15.65   26.95514  -82.75148   -0.00003    0.00021          2  0.000e+00
      17961    748.333      9.852      9.917    28.5425    28.5397   5.824954   5.824837     3.1270     2.6422      15.65   26.95514  -82.75148   -0.00002    0.00028          2  0.000e+00
      17962    748.375      9.906      9.971    28.5428    28.5406   5.824954   5.824909     3.1270     2.6422      15.65   26.95514  -82.75148   -0.00003    0.00033          2  0.000e+00
      17963    748.417      9.804      9.869    28.5428    28.5409   5.824954   5.824933     3.1270     2.6422      15.65   26.95514  -82.75148   -0.00002    0.00040          2  0.000e+00
      17964    748.458      9.906      9.971    28.5427    28.5412   5.824954   5.824933     3.1270     2.6422      15.65   26.95514  -82.75148   -0.00001    0.00047          2  0.000e+00
      17965    748.500      9.906      9.971    28.5428    28.5411   5.824994   5.824965     3.1270     2.6422      15.65   26.95514  -82.75148   -0.00000    0.00053          2  0.000e+00
      17966    748.542      9.852      9.917    28.5426    28.5415   5.824962   5.824981     3.1270     2.6422      15.65   26.95514  -82.75148    0.00000    0.00058          2  0.000e+00
      17967    748.583      9.906      9.971    28.5427    28.5412   5.824994   5.824869     3.1270     2.6422      15.65   26.95514  -82.75148    0.00001    0.00065          2  0.000e+00
