GOMECC/GOMECC-4/1db/rb2103_1111.ros
* Sea-Bird SBE 9 Data File:
* FileName = C:\Users\scs.user.rb\CTD\GOMECC4\data\rb2103_1111.hex
* Software Version Seasave V 7.26.7.107
* Temperature SN = 4799
* Conductivity SN = 3860
* Number of Bytes Per Scan = 41
* Number of Voltage Words = 4
* Number of Scans Averaged by the Deck Unit = 1
* NMEA Latitude = 22 20.89 N
* NMEA Longitude = 086 44.62 W
* NMEA UTC (Time) = Oct 15 2021  09:40:26
* NMEA baud rate = 4800
# nquan = 17
# nvalues = 1463                                  
# units = specified
# name 0 = scan: Scan Count
# name 1 = timeS: Time, Elapsed [seconds]
# name 2 = depSM: Depth [salt water, m]
# name 3 = prDM: Pressure, Digiquartz [db]
# name 4 = t090C: Temperature [ITS-90, deg C]
# name 5 = t190C: Temperature, 2 [ITS-90, deg C]
# name 6 = c0S/m: Conductivity [S/m]
# name 7 = c1S/m: Conductivity, 2 [S/m]
# name 8 = sbeox0V: Oxygen raw, SBE 43 [V]
# name 9 = sbeox1V: Oxygen raw, SBE 43, 2 [V]
# name 10 = altM: Altimeter [m]
# name 11 = latitude: Latitude [deg]
# name 12 = longitude: Longitude [deg]
# name 13 = sbox0dV/dT: Oxygen, SBE 43 [dov/dt]
# name 14 = sbox1dV/dT: Oxygen, SBE 43, 2 [dov/dt]
# name 15 = nbf: Bottles Fired
# name 16 = flag:  0.000e+00
# interval = seconds: 0.0416667
# start_time = Oct 15 2021 09:40:26 [NMEA time, header]
# bad_flag = -9.990e-29
*END*
[from data line 1362]
      45850   1910.375      3.270      3.291    28.9890    28.9880   5.907347   5.907395     3.1245     2.6410     100.00   22.34970  -86.74110    0.00125    0.00151         11  0.000e+00
      45851   1910.417      3.223      3.243    28.9890    28.9883   5.907379   5.907363     3.1233     2.6410     100.00   22.34970  -86.74110    0.00122    0.00156         11  0.000e+00
      45852   1910.458      3.270      3.291    28.9885    28.9877   5.907284   5.907355     3.1245     2.6410     100.00   22.34970  -86.74110    0.00122    0.00162         11  0.000e+00
      45853   1910.500      3.270      3.291    28.9886    28.9877   5.907315   5.907290     3.1233     2.6398     100.00   22.34970  -86.74110    0.00119    0.00164         11  0.000e+00
      45854   1910.542      3.270      3.291    28.9885    28.9871   5.907308   5.907322     3.1221     2.6398     100.00   22.34970  -86.74110    0.00113    0.00166         11  0.000e+00
      45855   1910.583      3.270      3.291    28.9883    28.9870   5.907260   5.907282     3.1233     2.6410     100.00   22.34970  -86.74110    0.00108    0.00170         11  0.000e+00
      45856   1910.625      3.270      3.291    28.9882    28.9868   5.907284   5.907298     3.1221     2.6398     100.00   22.34970  -86.74110    0.00102    0.00171         11  0.000e+00
      45857   1910.667      3.318      3.339    28.9885    28.9868   5.907300   5.907266     3.1233     2.6398     100.00   22.34970  -86.74110    0.00098    0.00173         11  0.000e+00
      45858   1910.708      3.270      3.291    28.9879    28.9868   5.907180   5.907298     3.1233     2.6410     100.00   22.34970  -86.74110    0.00093    0.00176         11  0.000e+00
      45859   1910.750      3.318      3.339    28.9866    28.9866   5.907149   5.907298     3.1221     2.6410     100.00   22.34970  -86.74110    0.00086    0.00179         11  0.000e+00
      45860   1910.792      3.318      3.339    28.9863    28.9869   5.907037   5.907274     3.1221     2.6410     100.00   22.34970  -86.74108    0.00080    0.00181         11  0.000e+00
      45861   1910.833      3.271      3.291    28.9865    28.9873   5.907109   5.907339     3.1221     2.6410     100.00   22.34970  -86.74108    0.00075    0.00182         11  0.000e+00
      45862   1910.875      3.318      3.339    28.9873    28.9882   5.907148   5.907387     3.1221     2.6410     100.00   22.34970  -86.74108    0.00068    0.00183         11  0.000e+00
      45863   1910.917      3.318      3.339    28.9878    28.9881   5.907220   5.907476     3.1221     2.6410     100.00   22.34970  -86.74108    0.00061    0.00183         11  0.000e+00
      45864   1910.958      3.318      3.339    28.9879    28.9895   5.907284   5.907540     3.1221     2.6410     100.00   22.34970  -86.74108    0.00054    0.00183         11  0.000e+00
      45865   1911.000      3.271      3.291    28.9876    28.9903   5.907220   5.907613     3.1221     2.6410     100.00   22.34970  -86.74108    0.00047    0.00183         11  0.000e+00
      45866   1911.042      3.365      3.387    28.9871    28.9906   5.907085   5.907645     3.1209     2.6410     100.00   22.34970  -86.74108    0.00038    0.00185         11  0.000e+00
      45867   1911.083      3.318      3.339    28.9866    28.9907   5.907053   5.907653     3.1221     2.6410     100.00   22.34970  -86.74108    0.00033    0.00186         11  0.000e+00
      45868   1911.125      3.318      3.339    28.9863    28.9899   5.907085   5.907532     3.1221     2.6410     100.00   22.34970  -86.74108    0.00026    0.00187         11  0.000e+00
      45869   1911.167      3.318      3.339    28.9866    28.9879   5.907061   5.907355     3.1221     2.6398     100.00   22.34970  -86.74108    0.00021    0.00186         11  0.000e+00
      45870   1911.208      3.318      3.339    28.9863    28.9862   5.907005   5.907226     3.1221     2.6398     100.00   22.34970  -86.74108    0.00015    0.00185         11  0.000e+00
      45871   1911.250      3.318      3.339    28.9865    28.9855   5.907037   5.907137     3.1221     2.6398     100.00   22.34970  -86.74108    0.00010    0.00184         11  0.000e+00
      45872   1911.292      3.318      3.339    28.9866    28.9856   5.907085   5.907194     3.1221     2.6398     100.00   22.34970  -86.74108    0.00002    0.00183         11  0.000e+00
      45873   1911.333      3.372      3.394    28.9865    28.9860   5.907061   5.907202     3.1221     2.6398     100.00   22.34970  -86.74108   -0.00003    0.00182         11  0.000e+00
      45874   1911.375      3.318      3.339    28.9868    28.9864   5.907085   5.907210     3.1221     2.6386     100.00   22.34970  -86.74108   -0.00009    0.00179         11  0.000e+00
      45875   1911.417      3.373      3.394    28.9869    28.9853   5.907133   5.907129     3.1221     2.6386     100.00   22.34970  -86.74108   -0.00014    0.00175         11  0.000e+00
      45876   1911.458      3.318      3.339    28.9870    28.9845   5.907109   5.907081     3.1209     2.6386     100.00   22.34970  -86.74108   -0.00022    0.00172         11  0.000e+00
      45877   1911.500      3.373      3.394    28.9866    28.9838   5.907133   5.907000     3.1221     2.6386     100.00   22.34970  -86.74108   -0.00026    0.00168         11  0.000e+00
      45878   1911.542      3.319      3.339    28.9867    28.9840   5.907109   5.907000     3.1209     2.6386     100.00   22.34970  -86.74108   -0.00031    0.00165         11  0.000e+00
      45879   1911.583      3.373      3.394    28.9872    28.9843   5.907133   5.907057     3.1209     2.6386     100.00   22.34970  -86.74108   -0.00037    0.00161         11  0.000e+00
      45880   1911.625      3.319      3.339    28.9870    28.9847   5.907188   5.907105     3.1221     2.6386     100.00   22.34970  -86.74108   -0.00041    0.00157         11  0.000e+00
      45881   1911.667      3.373      3.394    28.9872    28.9849   5.907156   5.907145     3.1221     2.6386     100.00   22.34970  -86.74108   -0.00045    0.00155         11  0.000e+00
      45882   1911.708      3.373      3.394    28.9873    28.9842   5.907180   5.907057     3.1209     2.6374     100.00   22.34970  -86.74108   -0.00050    0.00151         11  0.000e+00
      45883   1911.750      3.373      3.394    28.9874    28.9832   5.907156   5.906903     3.1209     2.6374     100.00   22.34970  -86.74108   -0.00054    0.00147         11  0.000e+00
      45884   1911.792      3.373      3.394    28.9872    28.9829   5.907220   5.906871     3.1209     2.6374     100.00   22.34970  -86.74108   -0.00059    0.00143         11  0.000e+00
      45885   1911.833      3.319      3.340    28.9875    28.9825   5.907212   5.906879     3.1209     2.6374     100.00   22.34970  -86.74108   -0.00065    0.00139         11  0.000e+00
      45886   1911.875      3.413      3.435    28.9870    28.9829   5.907204   5.906903     3.1209     2.6374     100.00   22.34970  -86.74108   -0.00068    0.00135         11  0.000e+00
      45887   1911.917      3.373      3.394    28.9874    28.9836   5.907156   5.906919     3.1209     2.6386     100.00   22.34970  -86.74108   -0.00072    0.00132         11  0.000e+00
      45888   1911.958      3.373      3.394    28.9873    28.9829   5.907180   5.906887     3.1209     2.6386     100.00   22.34970  -86.74108   -0.00076    0.00130         11  0.000e+00
      45889   1912.000      3.373      3.394    28.9874    28.9818   5.907196   5.906831     3.1197     2.6386     100.00   22.34970  -86.74108   -0.00081    0.00127         11  0.000e+00
      45890   1912.042      3.373      3.394    28.9872    28.9812   5.907156   5.906718     3.1209     2.6386     100.00   22.34970  -86.74108   -0.00082    0.00125         11  0.000e+00
      45891   1912.083      3.420      3.442    28.9871    28.9810   5.907149   5.906670     3.1209     2.6386     100.00   22.34970  -86.74108   -0.00085    0.00120         11  0.000e+00
      45892   1912.125      3.373      3.394    28.9874    28.9806   5.907188   5.906645     3.1209     2.6398     100.00   22.34970  -86.74108   -0.00089    0.00117         11  0.000e+00
      45893   1912.167      3.373      3.394    28.9876    28.9803   5.907204   5.906637     3.1209     2.6398     100.00   22.34970  -86.74108   -0.00090    0.00114         11  0.000e+00
      45894   1912.208      3.421      3.442    28.9871    28.9803   5.907196   5.906589     3.1197     2.6398     100.00   22.34970  -86.74108   -0.00093    0.00111         11  0.000e+00
      45895   1912.250      3.421      3.442    28.9874    28.9804   5.907196   5.906581     3.1209     2.6398     100.00   22.34970  -86.74108   -0.00096    0.00108         11  0.000e+00
      45896   1912.292      3.414      3.435    28.9876    28.9805   5.907125   5.906686     3.1209     2.6410     100.00   22.34970  -86.74108   -0.00097    0.00106         11  0.000e+00
      45897   1912.333      3.421      3.442    28.9876    28.9812   5.907212   5.906766     3.1209     2.6410     100.00   22.34970  -86.74108   -0.00099    0.00104         11  0.000e+00
      45898   1912.375      3.373      3.395    28.9881    28.9810   5.907252   5.906710     3.1209     2.6422     100.00   22.34970  -86.74108   -0.00102    0.00104         11  0.000e+00
      45899   1912.417      3.421      3.442    28.9883    28.9812   5.907212   5.906670     3.1197     2.6422     100.00   22.34970  -86.74108   -0.00106    0.00104         11  0.000e+00
      45900   1912.458      3.421      3.442    28.9883    28.9805   5.907300   5.906678     3.1209     2.6422     100.00   22.34970  -86.74108   -0.00107    0.00101         11  0.000e+00
      45901   1912.500      3.421      3.442    28.9886    28.9806   5.907308   5.906670     3.1209     2.6422     100.00   22.34970  -86.74108   -0.00107    0.00098         11  0.000e+00
      45902   1912.542      3.421      3.442    28.9883    28.9808   5.907260   5.906645     3.1209     2.6422     100.00   22.34970  -86.74108   -0.00107    0.00095         11  0.000e+00
      45903   1912.583      3.373      3.395    28.9879    28.9812   5.907212   5.906670     3.1209     2.6422     100.00   22.34970  -86.74108   -0.00110    0.00092         11  0.000e+00
      45904   1912.625      3.421      3.442    28.9877    28.9818   5.907204   5.906782     3.1209     2.6422     100.00   22.34970  -86.74108   -0.00110    0.00089         11  0.000e+00
      45905   1912.667      3.421      3.442    28.9876    28.9819   5.907204   5.906823     3.1209     2.6422     100.00   22.34970  -86.74108   -0.00110    0.00087         11  0.000e+00
      45906   1912.708      3.414      3.436    28.9876    28.9819   5.907157   5.906863     3.1209     2.6410     100.00   22.34970  -86.74108   -0.00110    0.00083         11  0.000e+00
      45907   1912.750      3.421      3.443    28.9875    28.9823   5.907149   5.906791     3.1209     2.6410     100.00   22.34970  -86.74108   -0.00110    0.00079         11  0.000e+00
      45908   1912.792      3.421      3.443    28.9870    28.9821   5.907188   5.906847     3.1209     2.6410     100.00   22.34970  -86.74108   -0.00110    0.00075         11  0.000e+00
      45909   1912.833      3.374      3.395    28.9874    28.9825   5.907156   5.906791     3.1209     2.6410     100.00   22.34970  -86.74108   -0.00111    0.00070         11  0.000e+00
      45910   1912.875      3.421      3.443    28.9873    28.9825   5.907188   5.906887     3.1209     2.6410     100.00   22.34970  -86.74108   -0.00113    0.00067         11  0.000e+00
      45911   1912.917      3.374      3.395    28.9872    28.9830   5.907156   5.906887     3.1209     2.6410     100.00   22.34970  -86.74108   -0.00114    0.00064         11  0.000e+00
      45912   1912.958      3.374      3.395    28.9870    28.9832   5.907149   5.906903     3.1209     2.6410     100.00   22.34970  -86.74108   -0.00113    0.00063         11  0.000e+00
      45913   1913.000      3.374      3.395    28.9869    28.9834   5.907109   5.906960     3.1221     2.6410     100.00   22.34970  -86.74108   -0.00111    0.00062         11  0.000e+00
      45914   1913.042      3.374      3.395    28.9868    28.9835   5.907101   5.907000     3.1221     2.6398     100.00   22.34970  -86.74108   -0.00110    0.00058         11  0.000e+00
      45915   1913.083      3.421      3.443    28.9872    28.9834   5.907101   5.906944     3.1209     2.6398     100.00   22.34970  -86.74108   -0.00111    0.00055         11  0.000e+00
      45916   1913.125      3.367      3.388    28.9872    28.9834   5.907133   5.906928     3.1221     2.6386     100.00   22.34970  -86.74108   -0.00109    0.00050         11  0.000e+00
      45917   1913.167      3.320      3.341    28.9871    28.9827   5.907149   5.906879     3.1221     2.6386     100.00   22.34970  -86.74108   -0.00108    0.00045         11  0.000e+00
      45918   1913.208      3.374      3.395    28.9865    28.9825   5.907109   5.906799     3.1221     2.6374     100.00   22.34970  -86.74108   -0.00107    0.00038         11  0.000e+00
      45919   1913.250      3.374      3.395    28.9859    28.9825   5.907029   5.906782     3.1209     2.6374     100.00   22.34970  -86.74108   -0.00108    0.00033         11  0.000e+00
      45920   1913.292      3.320      3.341    28.9855    28.9825   5.906966   5.906839     3.1221     2.6361     100.00   22.34970  -86.74108   -0.00107    0.00026         11  0.000e+00
      45921   1913.333      3.374      3.395    28.9848    28.9825   5.906958   5.906839     3.1221     2.6374     100.00   22.34970  -86.74108   -0.00106    0.00021         11  0.000e+00
      45922   1913.375      3.320      3.341    28.9839    28.9827   5.906918   5.906815     3.1221     2.6361     100.00   22.34970  -86.74108   -0.00103    0.00014         11  0.000e+00
      45923   1913.417      3.320      3.341    28.9827    28.9829   5.906838   5.906863     3.1221     2.6361     100.00   22.34970  -86.74108   -0.00100    0.00005         11  0.000e+00
      45924   1913.458      3.320      3.341    28.9828    28.9827   5.906767   5.906879     3.1221     2.6361     100.00   22.34970  -86.74108   -0.00097   -0.00001         11  0.000e+00
      45925   1913.500      3.320      3.341    28.9830    28.9827   5.906759   5.906863     3.1221     2.6361     100.00   22.34970  -86.74108   -0.00094   -0.00008         11  0.000e+00
      45926   1913.542      3.320      3.341    28.9834    28.9827   5.906727   5.906871     3.1221     2.6349     100.00   22.34970  -86.74108   -0.00093   -0.00018         11  0.000e+00
      45927   1913.583      3.273      3.293    28.9833    28.9827   5.906679   5.906863     3.1221     2.6349     100.00   22.34970  -86.74108   -0.00090   -0.00028         11  0.000e+00
      45928   1913.625      3.374      3.396    28.9824    28.9838   5.906632   5.906944     3.1233     2.6349     100.00   22.34970  -86.74108   -0.00085   -0.00038         11  0.000e+00
      45929   1913.667      3.320      3.341    28.9817    28.9838   5.906616   5.907008     3.1221     2.6349     100.00   22.34970  -86.74108   -0.00082   -0.00048         11  0.000e+00
      45930   1913.708      3.273      3.294    28.9816    28.9845   5.906616   5.907008     3.1221     2.6349     100.00   22.34970  -86.74108   -0.00078   -0.00058         11  0.000e+00
      45931   1913.750      3.320      3.341    28.9813    28.9847   5.906624   5.907016     3.1221     2.6349     100.00   22.34970  -86.74108   -0.00075   -0.00067         11  0.000e+00
      45932   1913.792      3.273      3.294    28.9815    28.9846   5.906584   5.907024     3.1233     2.6349     100.00   22.34970  -86.74108   -0.00070   -0.00075         11  0.000e+00
      45933   1913.833      3.320      3.341    28.9816    28.9847   5.906608   5.907048     3.1233     2.6361     100.00   22.34970  -86.74108   -0.00065   -0.00081         11  0.000e+00
