GOMECC/GOMECC-4/1db/rb2103_0451.ros
* Sea-Bird SBE 9 Data File:
* FileName = C:\Users\scs.user.rb\CTD\GOMECC4\data\rb2103_0451.hex
* Software Version Seasave V 7.26.7.107
* Temperature SN = 4799
* Conductivity SN = 3860
* Number of Bytes Per Scan = 41
* Number of Voltage Words = 4
* Number of Scans Averaged by the Deck Unit = 1
* NMEA Latitude = 28 56.09 N
* NMEA Longitude = 090 07.39 W
* NMEA UTC (Time) = Sep 26 2021  12:09:32
* NMEA baud rate = 4800
# nquan = 17
# nvalues = 931                                   
# units = specified
# name 0 = scan: Scan Count
# name 1 = timeS: Time, Elapsed [seconds]
# name 2 = depSM: Depth [salt water, m]
# name 3 = prDM: Pressure, Digiquartz [db]
# name 4 = t090C: Temperature [ITS-90, deg C]
# name 5 = t190C: Temperature, 2 [ITS-90, deg C]
# name 6 = c0S/m: Conductivity [S/m]
# name 7 = c1S/m: Conductivity, 2 [S/m]
# name 8 = sbeox0V: Oxygen raw, SBE 43 [V]
# name 9 = sbeox1V: Oxygen raw, SBE 43, 2 [V]
# name 10 = altM: Altimeter [m]
# name 11 = latitude: Latitude [deg]
# name 12 = longitude: Longitude [deg]
# name 13 = sbox0dV/dT: Oxygen, SBE 43 [dov/dt]
# name 14 = sbox1dV/dT: Oxygen, SBE 43, 2 [dov/dt]
# name 15 = nbf: Bottles Fired
# name 16 = flag:  0.000e+00
# interval = seconds: 0.0416667
# start_time = Sep 26 2021 12:09:32 [NMEA time, header]
# bad_flag = -9.990e-29
*END*
[from data line 256]
      22110    921.208     21.394     21.540    28.3838    28.3855   5.391513   5.391865     1.9023     1.5543       4.03   28.93788  -90.12792    0.00013   -0.00006          2  0.000e+00
      22111    921.250     21.341     21.487    28.3836    28.3855   5.391490   5.391826     1.9023     1.5543       3.91   28.93788  -90.12792    0.00014   -0.00005          2  0.000e+00
      22112    921.292     21.454     21.601    28.3834    28.3853   5.391422   5.391849     1.9023     1.5556       3.88   28.93788  -90.12792    0.00016   -0.00002          2  0.000e+00
      22113    921.333     21.371     21.517    28.3834    28.3853   5.391399   5.391795     1.9011     1.5543       3.88   28.93788  -90.12792    0.00016   -0.00001          2  0.000e+00
      22114    921.375     21.394     21.540    28.3834    28.3853   5.391399   5.391772     1.9023     1.5543       3.88   28.93788  -90.12792    0.00017    0.00001          2  0.000e+00
      22115    921.417     21.341     21.487    28.3834    28.3852   5.391429   5.391772     1.9023     1.5543       3.91   28.93788  -90.12792    0.00017    0.00002          2  0.000e+00
      22116    921.458     21.394     21.540    28.3834    28.3855   5.391513   5.391772     1.9023     1.5543       3.91   28.93788  -90.12792    0.00019    0.00003          2  0.000e+00
      22117    921.500     21.371     21.517    28.3837    28.3855   5.391498   5.391842     1.9023     1.5543       3.91   28.93788  -90.12792    0.00019    0.00004          2  0.000e+00
      22118    921.542     21.394     21.540    28.3838    28.3855   5.391513   5.391826     1.9011     1.5543       3.91   28.93788  -90.12792    0.00019    0.00006          2  0.000e+00
      22119    921.583     21.394     21.540    28.3836    28.3855   5.391567   5.391888     1.9023     1.5543       3.88   28.93788  -90.12792    0.00018    0.00007          2  0.000e+00
      24524   1021.792     14.566     14.665    26.9126    26.9071   4.403039   4.400683     3.2735     2.7973      10.33   28.93798  -90.12862    0.00087   -0.00051          3  0.000e+00
      24525   1021.833     14.679     14.779    26.9126    26.9109   4.403679   4.402150     3.2735     2.7973      10.35   28.93798  -90.12862    0.00090   -0.00050          3  0.000e+00
      24526   1021.875     14.755     14.855    26.9135    26.9143   4.403517   4.403647     3.2735     2.7961      10.33   28.93798  -90.12862    0.00093   -0.00050          3  0.000e+00
      24527   1021.917     14.679     14.779    26.9127    26.9168   4.403243   4.404402     3.2735     2.7961      10.33   28.93798  -90.12862    0.00096   -0.00051          3  0.000e+00
      24528   1021.958     14.589     14.688    26.9117    26.9159   4.402954   4.403946     3.2735     2.7961      10.35   28.93798  -90.12862    0.00098   -0.00051          3  0.000e+00
      24529   1022.000     14.793     14.893    26.9120    26.9151   4.402715   4.403825     3.2747     2.7949      10.43   28.93798  -90.12862    0.00103   -0.00053          3  0.000e+00
      24530   1022.042     14.732     14.832    26.9126    26.9168   4.402638   4.404259     3.2747     2.7949      10.45   28.93798  -90.12862    0.00107   -0.00053          3  0.000e+00
      24531   1022.083     14.702     14.802    26.9122    26.9153   4.402483   4.403718     3.2747     2.7949      10.45   28.93798  -90.12862    0.00109   -0.00053          3  0.000e+00
      24532   1022.125     14.732     14.832    26.9112    26.9146   4.402174   4.403219     3.2747     2.7949      10.45   28.93798  -90.12862    0.00111   -0.00052          3  0.000e+00
      24533   1022.167     14.732     14.832    26.9098    26.9133   4.401689   4.402606     3.2747     2.7949      10.45   28.93798  -90.12862    0.00115   -0.00052          3  0.000e+00
      24534   1022.208     14.641     14.741    26.9091    26.9092   4.401330   4.401067     3.2747     2.7949      10.45   28.93798  -90.12862    0.00118   -0.00051          3  0.000e+00
      24535   1022.250     14.679     14.779    26.9087    26.9060   4.401260   4.399393     3.2747     2.7937      10.45   28.93798  -90.12862    0.00120   -0.00051          3  0.000e+00
      24536   1022.292     14.702     14.802    26.9089    26.9040   4.401197   4.398282     3.2747     2.7937      10.45   28.93798  -90.12862    0.00121   -0.00053          3  0.000e+00
      24537   1022.333     14.679     14.779    26.9087    26.9014   4.401183   4.397114     3.2759     2.7937      10.45   28.93798  -90.12862    0.00124   -0.00055          3  0.000e+00
      24538   1022.375     14.732     14.832    26.9084    26.8990   4.401105   4.396153     3.2747     2.7937      10.45   28.93798  -90.12862    0.00127   -0.00056          3  0.000e+00
      24539   1022.417     14.702     14.802    26.9086    26.8983   4.400958   4.395804     3.2747     2.7949      10.45   28.93798  -90.12862    0.00129   -0.00056          3  0.000e+00
      24540   1022.458     14.679     14.779    26.9082    26.9000   4.400944   4.396772     3.2747     2.7937      10.45   28.93798  -90.12862    0.00132   -0.00058          3  0.000e+00
      24541   1022.500     14.702     14.802    26.9087    26.9045   4.401063   4.398382     3.2747     2.7949      10.45   28.93798  -90.12862    0.00134   -0.00059          3  0.000e+00
      24542   1022.542     14.732     14.832    26.9087    26.9069   4.401162   4.399564     3.2747     2.7949      10.45   28.93798  -90.12862    0.00136   -0.00060          3  0.000e+00
      24543   1022.583     14.679     14.779    26.9093    26.9093   4.401154   4.400277     3.2735     2.7949      10.45   28.93798  -90.12862    0.00135   -0.00060          3  0.000e+00
      24544   1022.625     14.702     14.802    26.9093    26.9096   4.401253   4.400690     3.2747     2.7961      10.45   28.93798  -90.12862    0.00137   -0.00061          3  0.000e+00
      24545   1022.667     14.732     14.832    26.9096    26.9117   4.401351   4.401616     3.2747     2.7961      10.45   28.93798  -90.12862    0.00139   -0.00061          3  0.000e+00
      24546   1022.708     14.679     14.779    26.9096    26.9153   4.401394   4.403148     3.2747     2.7961      10.45   28.93798  -90.12862    0.00140   -0.00061          3  0.000e+00
      24547   1022.750     14.702     14.802    26.9098    26.9138   4.401499   4.402742     3.2747     2.7961      10.45   28.93798  -90.12862    0.00142   -0.00061          3  0.000e+00
      24548   1022.792     14.679     14.779    26.9102    26.9084   4.401661   4.400868     3.2747     2.7961      10.45   28.93798  -90.12862    0.00143   -0.00063          3  0.000e+00
      24549   1022.833     14.702     14.802    26.9102    26.9058   4.401738   4.399386     3.2735     2.7973      10.45   28.93798  -90.12862    0.00143   -0.00061          3  0.000e+00
      24550   1022.875     14.732     14.832    26.9106    26.9031   4.401801   4.398161     3.2747     2.7961      10.45   28.93798  -90.12862    0.00144   -0.00062          3  0.000e+00
      24551   1022.917     14.679     14.779    26.9106    26.9007   4.401851   4.397264     3.2747     2.7961      10.45   28.93798  -90.12862    0.00145   -0.00064          3  0.000e+00
      24552   1022.958     14.755     14.855    26.9108    26.9009   4.401829   4.397072     3.2747     2.7961      10.43   28.93798  -90.12862    0.00146   -0.00065          3  0.000e+00
      24553   1023.000     14.679     14.779    26.9106    26.9020   4.401710   4.397613     3.2747     2.7973      10.38   28.93798  -90.12862    0.00146   -0.00065          3  0.000e+00
      24554   1023.042     14.702     14.802    26.9096    26.9047   4.401358   4.398581     3.2747     2.7973      10.35   28.93798  -90.12862    0.00147   -0.00063          3  0.000e+00
      24555   1023.083     14.732     14.832    26.9083    26.9056   4.400641   4.399073     3.2747     2.7961      10.35   28.93798  -90.12862    0.00147   -0.00062          3  0.000e+00
      24556   1023.125     14.732     14.832    26.9056    26.9043   4.399488   4.398745     3.2747     2.7961      10.38   28.93798  -90.12862    0.00149   -0.00063          3  0.000e+00
      24557   1023.167     14.702     14.802    26.9042    26.9034   4.398750   4.398446     3.2747     2.7973      10.38   28.93798  -90.12862    0.00151   -0.00063          3  0.000e+00
      24558   1023.208     14.732     14.832    26.9035    26.9040   4.398526   4.398396     3.2747     2.7973      10.35   28.93798  -90.12862    0.00153   -0.00060          3  0.000e+00
      24559   1023.250     14.702     14.802    26.9039    26.9018   4.398329   4.397684     3.2747     2.7973      10.35   28.93798  -90.12862    0.00153   -0.00057          3  0.000e+00
      24560   1023.292     14.732     14.832    26.9039    26.9009   4.398329   4.396765     3.2735     2.7985      10.35   28.93798  -90.12862    0.00153   -0.00055          3  0.000e+00
      24561   1023.333     14.732     14.832    26.9044    26.8988   4.398603   4.395861     3.2735     2.7985      10.35   28.93798  -90.12862    0.00153   -0.00050          3  0.000e+00
      24562   1023.375     14.702     14.802    26.9046    26.8977   4.398940   4.395576     3.2735     2.7985      10.35   28.93798  -90.12862    0.00153   -0.00048          3  0.000e+00
      24563   1023.417     14.732     14.832    26.9051    26.8992   4.399165   4.396153     3.2735     2.7998      10.35   28.93798  -90.12862    0.00152   -0.00042          3  0.000e+00
      24564   1023.458     14.732     14.832    26.9050    26.9020   4.399130   4.397456     3.2747     2.7998      10.38   28.93798  -90.12862    0.00154   -0.00037          3  0.000e+00
      24565   1023.500     14.702     14.802    26.9049    26.9045   4.398989   4.398816     3.2747     2.7998      10.38   28.93798  -90.12862    0.00153   -0.00033          3  0.000e+00
      24566   1023.542     14.793     14.893    26.9051    26.9091   4.398954   4.400569     3.2735     2.7998      10.35   28.93798  -90.12862    0.00152   -0.00029          3  0.000e+00
      24567   1023.583     14.702     14.802    26.9049    26.9144   4.398954   4.402670     3.2747     2.8010      10.35   28.93798  -90.12862    0.00152   -0.00023          3  0.000e+00
      24568   1023.625     14.732     14.832    26.9047    26.9182   4.398891   4.404274     3.2747     2.8010      10.38   28.93798  -90.12862    0.00152   -0.00018          3  0.000e+00
      24569   1023.667     14.732     14.832    26.9039    26.9202   4.398533   4.405207     3.2747     2.8010      10.35   28.93798  -90.12862    0.00151   -0.00014          3  0.000e+00
      24570   1023.708     14.755     14.855    26.9029    26.9196   4.397991   4.405250     3.2747     2.8022      10.38   28.93798  -90.12862    0.00150   -0.00009          3  0.000e+00
      24571   1023.750     14.732     14.832    26.9024    26.9189   4.397682   4.404573     3.2747     2.8022      10.35   28.93798  -90.12862    0.00147   -0.00003          3  0.000e+00
      24572   1023.792     14.755     14.855    26.9018    26.9168   4.397457   4.403547     3.2747     2.8022      10.35   28.93798  -90.12862    0.00146    0.00000          3  0.000e+00
      24573   1023.833     14.732     14.832    26.9012    26.9150   4.397232   4.402506     3.2747     2.8034      10.38   28.93798  -90.12862    0.00142    0.00006          3  0.000e+00
      24574   1023.875     14.732     14.832    26.9011    26.9123   4.397232   4.401424     3.2747     2.8046      10.35   28.93798  -90.12862    0.00140    0.00012          3  0.000e+00
      24575   1023.917     14.755     14.855    26.9011    26.9087   4.397296   4.400433     3.2759     2.8034      10.38   28.93798  -90.12862    0.00140    0.00017          3  0.000e+00
      24576   1023.958     14.793     14.893    26.9011    26.9107   4.397268   4.401110     3.2759     2.8046      10.38   28.93798  -90.12862    0.00138    0.00023          3  0.000e+00
      24577   1024.000     14.755     14.855    26.9006    26.9176   4.397078   4.403276     3.2747     2.8046      10.38   28.93798  -90.12862    0.00134    0.00029          3  0.000e+00
      24578   1024.042     14.732     14.832    26.9004    26.9217   4.396993   4.405271     3.2747     2.8046      10.38   28.93798  -90.12862    0.00132    0.00035          3  0.000e+00
      24579   1024.083     14.732     14.832    26.9004    26.9243   4.397127   4.406804     3.2759     2.8046      10.38   28.93798  -90.12862    0.00129    0.00041          3  0.000e+00
      24580   1024.125     14.755     14.855    26.9006    26.9270   4.397232   4.407730     3.2759     2.8059      10.38   28.93798  -90.12862    0.00128    0.00048          3  0.000e+00
      24581   1024.167     14.793     14.893    26.9008    26.9260   4.397506   4.406839     3.2759     2.8059      10.40   28.93798  -90.12862    0.00125    0.00055          3  0.000e+00
      24582   1024.208     14.732     14.832    26.9022    26.9204   4.398357   4.404102     3.2759     2.8059      10.38   28.93798  -90.12862    0.00121    0.00061          3  0.000e+00
      24583   1024.250     14.815     14.916    26.9035    26.9122   4.399235   4.400554     3.2759     2.8059      10.38   28.93798  -90.12862    0.00120    0.00067          3  0.000e+00
      24584   1024.292     14.732     14.832    26.9047    26.9041   4.399981   4.397620     3.2747     2.8071      10.38   28.93798  -90.12862    0.00116    0.00075          3  0.000e+00
      24585   1024.333     14.815     14.916    26.9068    26.9003   4.399706   4.396117     3.2747     2.8059      10.38   28.93798  -90.12862    0.00112    0.00080          3  0.000e+00
      24586   1024.375     14.732     14.832    26.9049    26.8990   4.398757   4.395797     3.2759     2.8071      10.38   28.93798  -90.12862    0.00112    0.00089          3  0.000e+00
      24587   1024.417     14.793     14.893    26.9033    26.8990   4.398125   4.396068     3.2759     2.8071      10.38   28.93798  -90.12862    0.00110    0.00098          3  0.000e+00
      24588   1024.458     14.755     14.855    26.9018    26.9000   4.397633   4.396502     3.2759     2.8083      10.38   28.93798  -90.12862    0.00107    0.00108          3  0.000e+00
      24589   1024.500     14.793     14.893    26.9011    26.9040   4.397113   4.397919     3.2759     2.8083      10.38   28.93798  -90.12862    0.00106    0.00119          3  0.000e+00
      24590   1024.542     14.755     14.855    26.9004    26.9069   4.396754   4.399564     3.2759     2.8083      10.38   28.93798  -90.12862    0.00105    0.00131          3  0.000e+00
      24591   1024.583     14.793     14.893    26.8999    26.9093   4.396600   4.400455     3.2759     2.8071      10.38   28.93798  -90.12862    0.00106    0.00140          3  0.000e+00
      24592   1024.625     14.793     14.893    26.8995    26.9116   4.396572   4.401352     3.2759     2.8071      10.38   28.93798  -90.12862    0.00105    0.00149          3  0.000e+00
      24593   1024.667     14.755     14.855    26.8991    26.9142   4.396572   4.402499     3.2759     2.8083      10.38   28.93798  -90.12862    0.00103    0.00161          3  0.000e+00
      24594   1024.708     14.793     14.893    26.8989    26.9162   4.396572   4.403461     3.2747     2.8071      10.38   28.93798  -90.12862    0.00100    0.00171          3  0.000e+00
      24595   1024.750     14.755     14.855    26.8986    26.9177   4.396340   4.404202     3.2759     2.8071      10.38   28.93798  -90.12862    0.00098    0.00181          3  0.000e+00
      24596   1024.792     14.845     14.946    26.8986    26.9182   4.396066   4.404566     3.2759     2.8071      10.38   28.93798  -90.12864    0.00096    0.00191          3  0.000e+00
      24597   1024.833     14.732     14.832    26.8987    26.9209   4.395939   4.405278     3.2759     2.8059      10.38   28.93798  -90.12864    0.00096    0.00199          3  0.000e+00
