GOMECC/GOMECC-4/1db/rb2103_0731.cnv
* Sea-Bird SBE 9 Data File:
* FileName = C:\Users\scs.user.rb\CTD\GOMECC4\data\rb2103_0731.hex
* Software Version Seasave V 7.26.7.107
* Temperature SN = 4799
* Conductivity SN = 3860
* Number of Bytes Per Scan = 41
* Number of Voltage Words = 4
* Number of Scans Averaged by the Deck Unit = 1
* NMEA Latitude = 26 03.44 N
* NMEA Longitude = 093 15.71 W
* NMEA UTC (Time) = Oct 04 2021  10:15:47
* NMEA baud rate = 4800
# nquan = 28
# nvalues = 968                         
# units = specified
# name 0 = scan: Scan Count
# name 1 = timeS: Time, Elapsed [seconds]
# name 2 = depSM: Depth [salt water, m]
# name 3 = prDM: Pressure, Digiquartz [db]
# name 4 = t090C: Temperature [ITS-90, deg C]
# name 5 = t190C: Temperature, 2 [ITS-90, deg C]
# name 6 = c0S/m: Conductivity [S/m]
# name 7 = c1S/m: Conductivity, 2 [S/m]
# name 8 = sbeox0V: Oxygen raw, SBE 43 [V]
# name 9 = sbeox1V: Oxygen raw, SBE 43, 2 [V]
# name 10 = altM: Altimeter [m]
# name 11 = latitude: Latitude [deg]
# name 12 = longitude: Longitude [deg]
# name 13 = sbox0dV/dT: Oxygen, SBE 43 [dov/dt]
# name 14 = sbox1dV/dT: Oxygen, SBE 43, 2 [dov/dt]
# name 15 = sbeox0ML/L: Oxygen, SBE 43 [ml/l], WS = 5
# name 16 = sbeox1ML/L: Oxygen, SBE 43, 2 [ml/l], WS = 5
# name 17 = potemp090C: Potential Temperature [ITS-90, deg C]
# name 18 = potemp190C: Potential Temperature, 2 [ITS-90, deg C]
# name 19 = sal00: Salinity, Practical [PSU]
# name 20 = sal11: Salinity, Practical, 2 [PSU]
# name 21 = sigma-é00: Density [sigma-theta, kg/m^3]
# name 22 = sigma-é11: Density, 2 [sigma-theta, kg/m^3]
# name 23 = avgsvCM: Average Sound Velocity [Chen-Millero, m/s], minP = 20, minS = 20
# name 24 = sbox0Mm/Kg: Oxygen, SBE 43 [umol/kg], WS = 5
# name 25 = sbox1Mm/Kg: Oxygen, SBE 43, 2 [umol/kg], WS = 5
# name 26 = nbin: number of scans per bin
# name 27 = flag: flag
# span 0 =      13404,     219014       
# span 1 =    558.470,   9125.533       
# span 2 =      2.980,   3088.686       
# span 3 =      3.000,   3132.000       
# span 4 =     4.3159,    28.9724       
# span 5 =     4.3168,    28.9681       
# span 6 =   3.357952,   5.878144       
# span 7 =   3.357893,   5.875901       
# span 8 =     1.5742,     3.2318       
# span 9 =     1.2766,     2.7665       
# span 10 =       9.35,     102.48      
# span 11 =   25.90704,   26.11278      
# span 12 =  -93.45430,  -92.71786      
# span 13 =   -0.03513,    0.03222      
# span 14 =   -0.03932,    0.03294      
# span 15 =     2.4559,     4.8618      
# span 16 =     2.4713,     4.8791      
# span 17 =     4.0832,    28.9642      
# span 18 =     4.0844,    28.9598      
# span 19 =    30.8219,    36.5307      
# span 20 =    34.9062,    36.5317      
# span 21 =    19.9650,    27.7607      
# span 22 =    22.5999,    27.7592      
# span 23 =       0.00,    1586.82      
# span 24 =    106.786,    211.982      
# span 25 =    107.457,    212.741      
# span 26 =         30,         71      
# span 27 = 0.0000e+00, 0.0000e+00      
# interval = decibars: 1                
# start_time = Oct 04 2021 10:15:47 [NMEA time, header]
# bad_flag = -9.990e-29
*END*
[from data line 415]
      68601   2858.343   2017.877   2041.000     4.3275     4.3283   3.370393   3.370356     1.8709     1.5542     100.00   26.05815  -93.26398   -0.00014   -0.00001     4.6344     4.6620     4.1510     4.1518    34.9709    34.9696    27.7471    27.7460    1498.91    201.383    202.584         31 0.0000e+00
      68724   2863.459   2022.797   2046.000     4.3265     4.3273   3.370465   3.370412     1.8707     1.5539     100.00   26.05769  -93.26234   -0.00006   -0.00013     4.6368     4.6641     4.1496     4.1503    34.9704    34.9690    27.7469    27.7457    1498.89    201.488    202.675         33 0.0000e+00
      68760   2864.961   2023.781   2047.000     4.3267     4.3274   3.370548   3.370508     1.8707     1.5537     100.00   26.05806  -93.26366   -0.00007   -0.00011     4.6371     4.6639     4.1496     4.1503    34.9708    34.9695    27.7471    27.7461    1498.91    201.502    202.667         34 0.0000e+00
      68884   2870.112   2028.700   2052.000     4.3270     4.3278   3.370771   3.370738     1.8704     1.5531     100.00   26.05794  -93.26324   -0.00009   -0.00006     4.6390     4.6639     4.1495     4.1503    34.9706    34.9694    27.7471    27.7460    1498.91    201.585    202.668         33 0.0000e+00
      68916   2871.448   2029.684   2053.000     4.3271     4.3278   3.370833   3.370787     1.8699     1.5530     100.00   26.05806  -93.26366   -0.00012   -0.00002     4.6376     4.6642     4.1494     4.1501    34.9708    34.9696    27.7472    27.7461    1498.92    201.525    202.679         30 0.0000e+00
      69071   2877.936   2035.587   2059.000     4.3272     4.3280   3.371091   3.371042     1.8693     1.5523     100.00   26.05805  -93.26363   -0.00011   -0.00005     4.6386     4.6647     4.1489     4.1497    34.9709    34.9696    27.7473    27.7462    1498.93    201.568    202.702         32 0.0000e+00
      69413   2892.186   2048.377   2072.000     4.3281     4.3288   3.371669   3.371623     1.8672     1.5505      77.10   26.05788  -93.26295   -0.00016   -0.00016     4.6380     4.6649     4.1485     4.1492    34.9707    34.9693    27.7472    27.7461    1498.94    201.539    202.708         31 0.0000e+00
      69573   2898.848   2054.280   2078.000     4.3257     4.3266   3.371715   3.371690     1.8666     1.5495     100.00   26.05802  -93.26347   -0.00009   -0.00015     4.6393     4.6642     4.1455     4.1464    34.9709    34.9696    27.7477    27.7466    1498.96    201.597    202.680         30 0.0000e+00
      70076   2919.791   2072.971   2097.000     4.3239     4.3246   3.372374   3.372316     1.8651     1.5482     100.00   26.05826  -93.26433   -0.00010   -0.00005     4.6451     4.6703     4.1418     4.1425    34.9716    34.9702    27.7486    27.7474    1499.00    201.848    202.945         32 0.0000e+00
      70204   2925.113   2077.889   2102.000     4.3234     4.3241   3.372497   3.372448     1.8643     1.5479     100.00   26.05797  -93.26329   -0.00016   -0.00005     4.6447     4.6722     4.1409     4.1415    34.9712    34.9699    27.7484    27.7473    1498.99    201.831    203.028         31 0.0000e+00
      70390   2932.885   2084.775   2109.000     4.3225     4.3234   3.372699   3.372669     1.8636     1.5470     100.00   26.05798  -93.26333   -0.00006   -0.00003     4.6465     4.6724     4.1392     4.1401    34.9713    34.9700    27.7487    27.7475    1499.00    201.908    203.037         30 0.0000e+00
      70520   2938.273   2089.693   2114.000     4.3223     4.3231   3.372855   3.372814     1.8632     1.5467     100.00   26.05773  -93.26244   -0.00006   -0.00006     4.6478     4.6744     4.1385     4.1393    34.9710    34.9697    27.7485    27.7474    1499.00    201.966    203.123         30 0.0000e+00
      70551   2939.602   2090.677   2115.000     4.3223     4.3231   3.372932   3.372897     1.8631     1.5469     100.00   26.05808  -93.26370   -0.00003   -0.00003     4.6481     4.6758     4.1384     4.1392    34.9714    34.9702    27.7489    27.7478    1499.02    201.979    203.183         31 0.0000e+00
      70734   2947.229   2097.562   2122.000     4.3229     4.3236   3.373272   3.373229     1.8619     1.5458      80.05   26.05808  -93.26369   -0.00014   -0.00004     4.6473     4.6748     4.1383     4.1390    34.9715    34.9703    27.7489    27.7479    1499.04    201.946    203.141         30 0.0000e+00
      71052   2960.453   2109.364   2134.000     4.3179     4.3189   3.373339   3.373325     1.8611     1.5446      85.45   26.05824  -93.26419    0.00002    0.00002     4.6518     4.6778     4.1321     4.1332    34.9719    34.9707    27.7499    27.7488    1499.07    202.138    203.270         32 0.0000e+00
      71627   2984.411   2131.001   2156.000     4.3169     4.3177   3.374089   3.374045     1.8591     1.5432      61.17   26.05768  -93.26223   -0.00020   -0.00000     4.6572     4.6850     4.1289     4.1297    34.9715    34.9701    27.7499    27.7488    1499.08    202.376    203.581         31 0.0000e+00
      71660   2985.791   2131.984   2157.000     4.3170     4.3179   3.374185   3.374150     1.8588     1.5429      96.92   26.05810  -93.26372   -0.00022   -0.00008     4.6564     4.6840     4.1289     4.1298    34.9721    34.9707    27.7504    27.7492    1499.11    202.340    203.539         32 0.0000e+00
      71815   2992.232   2137.884   2163.000     4.3175     4.3183   3.374468   3.374428     1.8584     1.5421     100.00   26.05813  -93.26381   -0.00006   -0.00011     4.6582     4.6844     4.1287     4.1296    34.9721    34.9707    27.7504    27.7492    1499.12    202.420    203.557         30 0.0000e+00
      72155   3006.426   2150.668   2176.000     4.3167     4.3176   3.374915   3.374873     1.8561     1.5397     100.00   26.05802  -93.26338   -0.00012   -0.00025     4.6571     4.6817     4.1267     4.1276    34.9720    34.9706    27.7506    27.7494    1499.14    202.370    203.441         30 0.0000e+00
      72186   3007.723   2151.651   2177.000     4.3166     4.3175   3.374951   3.374926     1.8561     1.5397     100.00   26.05812  -93.26374   -0.00006   -0.00012     4.6576     4.6820     4.1264     4.1274    34.9722    34.9709    27.7507    27.7496    1499.15    202.391    203.452         30 0.0000e+00
      72525   3021.825   2164.434   2190.000     4.3159     4.3168   3.375420   3.375377     1.8548     1.5387     100.00   26.05805  -93.26352   -0.00017   -0.00019     4.6604     4.6857     4.1244     4.1253    34.9723    34.9709    27.7510    27.7498    1499.18    202.512    203.613         31 0.0000e+00
      72737   3030.667   2172.301   2198.000     4.3163     4.3171   3.375770   3.375717     1.8539     1.5373     100.00   26.05795  -93.26314   -0.00012   -0.00021     4.6611     4.6844     4.1240     4.1248    34.9723    34.9708    27.7511    27.7498    1499.19    202.545    203.558         30 0.0000e+00
      73131   3047.100   2187.048   2213.000     4.3162     4.3171   3.376373   3.376336     1.8516     1.5354     100.00   26.05809  -93.26362   -0.00019   -0.00018     4.6611     4.6851     4.1224     4.1232    34.9725    34.9712    27.7514    27.7503    1499.23    202.543    203.586         30 0.0000e+00
      73317   3054.818   2193.931   2220.000     4.3165     4.3174   3.376666   3.376627     1.8509     1.5344     100.00   26.05801  -93.26332   -0.00006   -0.00014     4.6623     4.6846     4.1219     4.1228    34.9724    34.9709    27.7514    27.7501    1499.24    202.595    203.564         31 0.0000e+00
      73476   3061.448   2199.829   2226.000     4.3165     4.3174   3.376931   3.376892     1.8498     1.5338     100.00   26.05823  -93.26409   -0.00014   -0.00016     4.6611     4.6856     4.1213     4.1222    34.9727    34.9712    27.7517    27.7505    1499.27    202.545    203.610         30 0.0000e+00
      73688   3070.286   2207.694   2234.000     4.3170     4.3179   3.377275   3.377240     1.8488     1.5325      74.23   26.05809  -93.26360   -0.00008   -0.00030     4.6621     4.6845     4.1210     4.1219    34.9725    34.9711    27.7516    27.7504    1499.28    202.585    203.561         31 0.0000e+00
      74030   3084.555   2220.473   2247.000     4.3182     4.3191   3.377918   3.377880     1.8470     1.5311     100.00   26.05825  -93.26419   -0.00008   -0.00001     4.6620     4.6861     4.1208     4.1217    34.9727    34.9714    27.7518    27.7506    1499.33    202.585    203.632         31 0.0000e+00
      74158   3089.882   2225.388   2252.000     4.3185     4.3195   3.378129   3.378089     1.8462     1.5299     100.00   26.05803  -93.26338   -0.00014   -0.00029     4.6618     4.6837     4.1206     4.1215    34.9725    34.9711    27.7517    27.7504    1499.32    202.576    203.526         30 0.0000e+00
      74189   3091.163   2226.371   2253.000     4.3185     4.3195   3.378178   3.378141     1.8462     1.5297     100.00   26.05814  -93.26378   -0.00008   -0.00032     4.6624     4.6833     4.1205     4.1215    34.9727    34.9712    27.7518    27.7505    1499.33    202.602    203.508         30 0.0000e+00
      74315   3096.417   2231.286   2258.000     4.3190     4.3199   3.378395   3.378355     1.8452     1.5298     100.00   26.05799  -93.26319   -0.00021    0.00011     4.6614     4.6869     4.1204     4.1213    34.9724    34.9710    27.7516    27.7503    1499.34    202.559    203.666         30 0.0000e+00
      74347   3097.751   2232.269   2259.000     4.3190     4.3199   3.378457   3.378417     1.8450     1.5294     100.00   26.05816  -93.26380   -0.00019   -0.00004     4.6611     4.6857     4.1203     4.1213    34.9727    34.9712    27.7518    27.7505    1499.35    202.545    203.612         33 0.0000e+00
      74475   3103.097   2237.184   2264.000     4.3193     4.3202   3.378679   3.378637     1.8438     1.5287     100.00   26.05810  -93.26358   -0.00034   -0.00011     4.6589     4.6853     4.1202     4.1210    34.9726    34.9712    27.7517    27.7505    1499.36    202.450    203.597         30 0.0000e+00
      74713   3112.998   2246.030   2273.000     4.3200     4.3208   3.379091   3.379048     1.8426     1.5264     100.00   26.05814  -93.26374   -0.00012   -0.00028     4.6595     4.6805     4.1199     4.1206    34.9726    34.9713    27.7517    27.7506    1499.39    202.474    203.388         31 0.0000e+00
      74744   3114.288   2247.013   2274.000     4.3200     4.3206   3.379144   3.379081     1.8426     1.5263     100.00   26.05816  -93.26380   -0.00006   -0.00036     4.6601     4.6809     4.1197     4.1204    34.9727    34.9713    27.7519    27.7507    1499.39    202.500    203.406         30 0.0000e+00
      74870   3119.540   2251.927   2279.000     4.3198     4.3207   3.379332   3.379285     1.8423     1.5263      89.08   26.05814  -93.26376   -0.00008   -0.00004     4.6619     4.6836     4.1191     4.1200    34.9728    34.9713    27.7520    27.7508    1499.40    202.578    203.521         31 0.0000e+00
      74902   3120.862   2252.910   2280.000     4.3199     4.3208   3.379373   3.379332     1.8419     1.5262     100.24   26.05816  -93.26382   -0.00011   -0.00005     4.6608     4.6840     4.1191     4.1199    34.9727    34.9713    27.7520    27.7508    1499.41    202.530    203.539         31 0.0000e+00
      75056   3127.289   2258.807   2286.000     4.3202     4.3211   3.379623   3.379571     1.8412     1.5250     100.00   26.05796  -93.26310   -0.00006   -0.00011     4.6613     4.6823     4.1188     4.1196    34.9725    34.9710    27.7518    27.7506    1499.41    202.553    203.464         32 0.0000e+00
      75088   3128.640   2259.790   2287.000     4.3201     4.3210   3.379675   3.379628     1.8409     1.5249     100.00   26.05816  -93.26382   -0.00005   -0.00007     4.6610     4.6824     4.1185     4.1194    34.9728    34.9713    27.7521    27.7508    1499.43    202.539    203.468         30 0.0000e+00
      75242   3135.031   2265.687   2293.000     4.3208     4.3217   3.379960   3.379918     1.8401     1.5241     100.00   26.05808  -93.26350   -0.00013   -0.00018     4.6611     4.6824     4.1186     4.1195    34.9727    34.9712    27.7520    27.7507    1499.44    202.544    203.470         31 0.0000e+00
      75396   3141.467   2271.583   2299.000     4.3212     4.3222   3.380220   3.380171     1.8390     1.5238     100.00   26.05791  -93.26284   -0.00021   -0.00000     4.6600     4.6844     4.1184     4.1193    34.9725    34.9709    27.7518    27.7505    1499.44    202.497    203.558         33 0.0000e+00
      75431   3142.904   2272.566   2300.000     4.3214     4.3223   3.380314   3.380264     1.8389     1.5238      65.15   26.05818  -93.26382   -0.00012   -0.00001     4.6602     4.6851     4.1185     4.1194    34.9729    34.9714    27.7522    27.7509    1499.46    202.504    203.585         32 0.0000e+00
      75583   3149.262   2278.463   2306.000     4.3214     4.3223   3.380535   3.380489     1.8381     1.5226     100.00   26.05810  -93.26355   -0.00018   -0.00033     4.6603     4.6831     4.1178     4.1187    34.9728    34.9713    27.7522    27.7508    1499.48    202.508    203.501         34 0.0000e+00
      75617   3150.651   2279.446   2307.000     4.3215     4.3224   3.380595   3.380548     1.8378     1.5224     100.00   26.05818  -93.26384   -0.00020   -0.00029     4.6597     4.6828     4.1178     4.1187    34.9729    34.9714    27.7522    27.7509    1499.48    202.483    203.487         31 0.0000e+00
      75742   3155.854   2284.359   2312.000     4.3219     4.3227   3.380818   3.380769     1.8374     1.5216      72.57   26.05818  -93.26385   -0.00005   -0.00011     4.6612     4.6824     4.1177     4.1185    34.9728    34.9714    27.7522    27.7510    1499.50    202.549    203.468         36 0.0000e+00
      75899   3162.402   2290.256   2318.000     4.3217     4.3226   3.381028   3.380981     1.8365     1.5208     100.00   26.05806  -93.26340   -0.00009   -0.00014     4.6608     4.6824     4.1169     4.1177    34.9726    34.9712    27.7521    27.7509    1499.51    202.531    203.469         37 0.0000e+00
      76055   3168.907   2296.152   2324.000     4.3219     4.3228   3.381268   3.381226     1.8358     1.5200     100.00   26.05794  -93.26294   -0.00011   -0.00018     4.6618     4.6825     4.1164     4.1173    34.9726    34.9711    27.7521    27.7508    1499.52    202.576    203.473         30 0.0000e+00
      76242   3176.713   2303.030   2331.000     4.3224     4.3232   3.381597   3.381558     1.8350     1.5191     100.00   26.05807  -93.26337   -0.00008   -0.00004     4.6624     4.6823     4.1162     4.1170    34.9727    34.9713    27.7522    27.7510    1499.54    202.600    203.466         30 0.0000e+00
      76688   3195.301   2319.734   2348.000     4.3230     4.3239   3.382307   3.382273     1.8326     1.5176     100.00   26.05792  -93.26289   -0.00006   -0.00009     4.6625     4.6860     4.1150     4.1159    34.9725    34.9712    27.7522    27.7511    1499.59    202.606    203.626         31 0.0000e+00
      76720   3196.645   2320.717   2349.000     4.3230     4.3240   3.382396   3.382356     1.8326     1.5177     100.00   26.05819  -93.26385   -0.00006   -0.00009     4.6630     4.6868     4.1149     4.1158    34.9731    34.9717    27.7527    27.7514    1499.61    202.628    203.662         31 0.0000e+00
      76845   3201.833   2325.630   2354.000     4.3234     4.3244   3.382623   3.382584     1.8317     1.5165     100.00   26.05820  -93.26386   -0.00019   -0.00032     4.6624     4.6847     4.1148     4.1158    34.9730    34.9716    27.7526    27.7514    1499.62    202.602    203.570         31 0.0000e+00
      78385   3266.003   2387.520   2417.000     4.3267     4.3277   3.385381   3.385348     1.8228     1.5080     100.00   26.05809  -93.26337   -0.00008   -0.00018     4.6625     4.6835     4.1114     4.1124    34.9730    34.9716    27.7530    27.7517    1499.82    202.603    203.517         30 0.0000e+00
