GOMECC/GOMECC-4/1db/rb2103_1391.ros
* Sea-Bird SBE 9 Data File:
* FileName = C:\Users\scs.user.rb\CTD\GOMECC4\data\rb2103_1391.hex
* Software Version Seasave V 7.26.7.107
* Temperature SN = 4799
* Conductivity SN = 3860
* Number of Bytes Per Scan = 41
* Number of Voltage Words = 4
* Number of Scans Averaged by the Deck Unit = 1
* NMEA Latitude = 25 44.68 N
* NMEA Longitude = 084 35.32 W
* NMEA UTC (Time) = Oct 20 2021  10:34:58
* NMEA baud rate = 4800
# nquan = 17
# nvalues = 2128                                  
# units = specified
# name 0 = scan: Scan Count
# name 1 = timeS: Time, Elapsed [seconds]
# name 2 = depSM: Depth [salt water, m]
# name 3 = prDM: Pressure, Digiquartz [db]
# name 4 = t090C: Temperature [ITS-90, deg C]
# name 5 = t190C: Temperature, 2 [ITS-90, deg C]
# name 6 = c0S/m: Conductivity [S/m]
# name 7 = c1S/m: Conductivity, 2 [S/m]
# name 8 = sbeox0V: Oxygen raw, SBE 43 [V]
# name 9 = sbeox1V: Oxygen raw, SBE 43, 2 [V]
# name 10 = altM: Altimeter [m]
# name 11 = latitude: Latitude [deg]
# name 12 = longitude: Longitude [deg]
# name 13 = sbox0dV/dT: Oxygen, SBE 43 [dov/dt]
# name 14 = sbox1dV/dT: Oxygen, SBE 43, 2 [dov/dt]
# name 15 = nbf: Bottles Fired
# name 16 = flag:  0.000e+00
# interval = seconds: 0.0416667
# start_time = Oct 20 2021 10:34:58 [NMEA time, header]
# bad_flag = -9.990e-29
*END*
[from data line 1703]
      56840   2368.292     24.589     24.751    28.3213    28.3230   5.740480   5.741281     3.1209     2.6374     100.00   25.74490  -84.58870   -0.00006    0.00034         13  0.000e+00
      56841   2368.333     24.589     24.751    28.3213    28.3245   5.740598   5.741862     3.1209     2.6374     100.00   25.74490  -84.58870   -0.00004    0.00034         13  0.000e+00
      56842   2368.375     24.630     24.792    28.3202    28.3256   5.740457   5.742221     3.1209     2.6374      98.75   25.74490  -84.58870   -0.00003    0.00034         13  0.000e+00
      56843   2368.417     24.636     24.799    28.3200    28.3263   5.740245   5.742324     3.1209     2.6374      97.02   25.74490  -84.58870   -0.00002    0.00034         13  0.000e+00
      56844   2368.458     24.576     24.737    28.3196    28.3269   5.740103   5.742364     3.1209     2.6374      96.61   25.74490  -84.58870   -0.00002    0.00034         13  0.000e+00
      56845   2368.500     24.637     24.799    28.3191    28.3267   5.740056   5.742412     3.1209     2.6374      96.68   25.74490  -84.58870    0.00001    0.00034         13  0.000e+00
      56846   2368.542     24.637     24.799    28.3189    28.3272   5.740017   5.742500     3.1209     2.6374      96.75   25.74490  -84.58870    0.00003    0.00034         13  0.000e+00
      56847   2368.583     24.630     24.792    28.3189    28.3273   5.739985   5.742619     3.1209     2.6374      96.75   25.74490  -84.58870    0.00004    0.00033         13  0.000e+00
      56848   2368.625     24.684     24.847    28.3191    28.3276   5.739962   5.742699     3.1209     2.6374      96.75   25.74490  -84.58870    0.00004    0.00033         13  0.000e+00
      56849   2368.667     24.637     24.799    28.3200    28.3278   5.740417   5.742675     3.1221     2.6386      96.75   25.74490  -84.58870    0.00008    0.00035         13  0.000e+00
      56850   2368.708     24.677     24.840    28.3222    28.3277   5.741148   5.742699     3.1209     2.6374      96.75   25.74490  -84.58870    0.00009    0.00035         13  0.000e+00
      56851   2368.750     24.684     24.847    28.3244    28.3280   5.741651   5.742738     3.1209     2.6386      96.75   25.74490  -84.58870    0.00011    0.00037         13  0.000e+00
      56852   2368.792     24.677     24.840    28.3248    28.3278   5.741832   5.742683     3.1209     2.6386      96.75   25.74490  -84.58870    0.00013    0.00038         13  0.000e+00
      56853   2368.833     24.684     24.847    28.3248    28.3280   5.741816   5.742699     3.1209     2.6386      96.78   25.74490  -84.58870    0.00015    0.00038         13  0.000e+00
      56854   2368.875     24.684     24.847    28.3248    28.3276   5.741777   5.742595     3.1209     2.6386      96.75   25.74490  -84.58870    0.00017    0.00038         13  0.000e+00
      56855   2368.917     24.725     24.888    28.3248    28.3273   5.741824   5.742492     3.1209     2.6386      96.75   25.74490  -84.58870    0.00020    0.00037         13  0.000e+00
      56856   2368.958     24.684     24.847    28.3248    28.3273   5.741737   5.742508     3.1209     2.6386      96.75   25.74490  -84.58870    0.00022    0.00037         13  0.000e+00
      56857   2369.000     24.738     24.901    28.3240    28.3276   5.741643   5.742667     3.1209     2.6386      96.75   25.74490  -84.58870    0.00024    0.00036         13  0.000e+00
      56858   2369.042     24.678     24.840    28.3244    28.3280   5.741824   5.742770     3.1209     2.6386      96.75   25.74490  -84.58870    0.00026    0.00036         13  0.000e+00
      56859   2369.083     24.739     24.901    28.3248    28.3280   5.741973   5.742731     3.1209     2.6386      96.78   25.74490  -84.58870    0.00029    0.00033         13  0.000e+00
      56860   2369.125     24.779     24.942    28.3253    28.3282   5.742099   5.742675     3.1209     2.6386      96.75   25.74490  -84.58870    0.00031    0.00031         13  0.000e+00
      56861   2369.167     24.739     24.902    28.3257    28.3283   5.742177   5.742667     3.1209     2.6386      96.78   25.74490  -84.58870    0.00033    0.00028         13  0.000e+00
      56862   2369.208     24.739     24.902    28.3260    28.3274   5.742177   5.742547     3.1209     2.6386      96.75   25.74490  -84.58870    0.00035    0.00026         13  0.000e+00
      56863   2369.250     24.779     24.943    28.3259    28.3267   5.742209   5.742340     3.1209     2.6386      96.75   25.74490  -84.58870    0.00037    0.00023         13  0.000e+00
      56864   2369.292     24.739     24.902    28.3255    28.3260   5.742201   5.742038     3.1209     2.6374      96.78   25.74490  -84.58870    0.00038    0.00018         13  0.000e+00
      56865   2369.333     24.786     24.949    28.3251    28.3255   5.742177   5.741767     3.1197     2.6374      97.70   25.74490  -84.58870    0.00038    0.00013         13  0.000e+00
      59226   2467.708     14.832     14.929    28.2851    28.2876   5.729198   5.728747     3.1172     2.6410     100.00   25.74506  -84.58870   -0.00035    0.00096         14  0.000e+00
      59227   2467.750     14.886     14.984    28.2848    28.2871   5.729159   5.728755     3.1172     2.6410     100.00   25.74506  -84.58870   -0.00036    0.00097         14  0.000e+00
      59228   2467.792     14.730     14.827    28.2850    28.2878   5.729222   5.728731     3.1172     2.6398     100.00   25.74506  -84.58870   -0.00037    0.00097         14  0.000e+00
      59229   2467.833     14.933     15.031    28.2850    28.2877   5.729245   5.728755     3.1160     2.6398     100.00   25.74506  -84.58870   -0.00039    0.00096         14  0.000e+00
      59230   2467.875     14.886     14.984    28.2848    28.2881   5.729175   5.728771     3.1172     2.6398     100.00   25.74506  -84.58870   -0.00040    0.00095         14  0.000e+00
      59231   2467.917     14.785     14.882    28.2852    28.2876   5.729198   5.728731     3.1172     2.6398     100.00   25.74506  -84.58870   -0.00042    0.00095         14  0.000e+00
      59232   2467.958     14.832     14.929    28.2848    28.2877   5.729238   5.728755     3.1172     2.6398     100.00   25.74506  -84.58870   -0.00043    0.00094         14  0.000e+00
      59233   2468.000     14.785     14.882    28.2852    28.2878   5.729245   5.728699     3.1172     2.6398     100.00   25.74506  -84.58870   -0.00045    0.00093         14  0.000e+00
      59234   2468.042     14.785     14.882    28.2850    28.2877   5.729206   5.728707     3.1172     2.6398     100.00   25.74506  -84.58870   -0.00047    0.00092         14  0.000e+00
      59235   2468.083     14.785     14.882    28.2850    28.2880   5.729198   5.728723     3.1172     2.6386     100.00   25.74506  -84.58870   -0.00050    0.00089         14  0.000e+00
      59236   2468.125     14.832     14.929    28.2852    28.2878   5.729159   5.728652     3.1184     2.6398     100.00   25.74506  -84.58870   -0.00050    0.00088         14  0.000e+00
      59237   2468.167     14.785     14.882    28.2851    28.2882   5.729128   5.728699     3.1184     2.6398     100.00   25.74506  -84.58870   -0.00050    0.00087         14  0.000e+00
      59238   2468.208     14.785     14.882    28.2850    28.2881   5.729104   5.728723     3.1184     2.6398     100.00   25.74506  -84.58870   -0.00050    0.00086         14  0.000e+00
      59239   2468.250     14.785     14.882    28.2853    28.2882   5.729065   5.728684     3.1184     2.6386     100.00   25.74506  -84.58870   -0.00051    0.00082         14  0.000e+00
      59240   2468.292     14.832     14.929    28.2852    28.2880   5.729128   5.728707     3.1184     2.6386     100.00   25.74506  -84.58870   -0.00051    0.00081         14  0.000e+00
      59241   2468.333     14.785     14.882    28.2852    28.2881   5.729151   5.728684     3.1184     2.6386     100.00   25.74506  -84.58870   -0.00051    0.00078         14  0.000e+00
      59242   2468.375     14.785     14.882    28.2850    28.2882   5.729151   5.728747     3.1184     2.6386      90.23   25.74506  -84.58870   -0.00053    0.00077         14  0.000e+00
      59243   2468.417     14.731     14.827    28.2849    28.2881   5.729088   5.728731     3.1184     2.6386      67.79   25.74506  -84.58870   -0.00053    0.00075         14  0.000e+00
      59244   2468.458     14.785     14.882    28.2850    28.2880   5.729026   5.728684     3.1184     2.6386      60.63   25.74506  -84.58870   -0.00053    0.00074         14  0.000e+00
      59245   2468.500     14.785     14.882    28.2846    28.2882   5.729041   5.728676     3.1184     2.6386      60.98   25.74506  -84.58870   -0.00053    0.00073         14  0.000e+00
      59246   2468.542     14.785     14.882    28.2848    28.2883   5.729088   5.728707     3.1184     2.6386      61.95   25.74506  -84.58870   -0.00053    0.00071         14  0.000e+00
      59247   2468.583     14.785     14.882    28.2846    28.2889   5.729065   5.728795     3.1197     2.6374      62.22   25.74506  -84.58870   -0.00051    0.00068         14  0.000e+00
      59248   2468.625     14.785     14.882    28.2849    28.2893   5.729057   5.728962     3.1197     2.6386      62.17   25.74506  -84.58870   -0.00051    0.00067         14  0.000e+00
      59249   2468.667     14.785     14.882    28.2848    28.2894   5.729104   5.729010     3.1197     2.6374      62.15   25.74506  -84.58870   -0.00051    0.00064         14  0.000e+00
      59250   2468.708     14.683     14.780    28.2852    28.2893   5.729143   5.728970     3.1197     2.6374      62.12   25.74506  -84.58870   -0.00049    0.00061         14  0.000e+00
      59251   2468.750     14.832     14.929    28.2850    28.2887   5.729041   5.728890     3.1197     2.6374      62.12   25.74506  -84.58870   -0.00049    0.00058         14  0.000e+00
      59252   2468.792     14.785     14.882    28.2848    28.2886   5.729081   5.728898     3.1197     2.6374      62.12   25.74506  -84.58870   -0.00049    0.00055         14  0.000e+00
      59253   2468.833     14.785     14.882    28.2850    28.2883   5.729065   5.728914     3.1209     2.6361      62.12   25.74506  -84.58870   -0.00048    0.00050         14  0.000e+00
      59254   2468.875     14.785     14.882    28.2849    28.2889   5.729088   5.728946     3.1197     2.6361      62.12   25.74506  -84.58870   -0.00048    0.00044         14  0.000e+00
      59255   2468.917     14.785     14.882    28.2846    28.2883   5.729151   5.728922     3.1209     2.6361      62.15   25.74506  -84.58870   -0.00047    0.00038         14  0.000e+00
      59256   2468.958     14.737     14.834    28.2846    28.2884   5.729081   5.729081     3.1209     2.6361      62.12   25.74506  -84.58870   -0.00045    0.00032         14  0.000e+00
      59257   2469.000     14.785     14.882    28.2846    28.2887   5.729057   5.729145     3.1209     2.6361      62.15   25.74506  -84.58870   -0.00044    0.00025         14  0.000e+00
      59258   2469.042     14.785     14.882    28.2846    28.2886   5.729057   5.729145     3.1209     2.6361      62.12   25.74506  -84.58870   -0.00042    0.00019         14  0.000e+00
      59259   2469.083     14.785     14.882    28.2848    28.2891   5.729088   5.729360     3.1209     2.6349      62.12   25.74506  -84.58870   -0.00039    0.00011         14  0.000e+00
      59260   2469.125     14.785     14.882    28.2852    28.2909   5.729104   5.729917     3.1209     2.6349      62.12   25.74506  -84.58870   -0.00038    0.00003         14  0.000e+00
      59261   2469.167     14.738     14.834    28.2848    28.2930   5.729010   5.730506     3.1209     2.6349      62.15   25.74506  -84.58870   -0.00037   -0.00004         14  0.000e+00
      59262   2469.208     14.832     14.930    28.2848    28.2933   5.729073   5.730864     3.1209     2.6349      62.12   25.74506  -84.58870   -0.00036   -0.00014         14  0.000e+00
      59263   2469.250     14.738     14.834    28.2848    28.2937   5.728994   5.731007     3.1209     2.6349      62.12   25.74506  -84.58870   -0.00035   -0.00023         14  0.000e+00
      59264   2469.292     14.832     14.930    28.2850    28.2941   5.728994   5.730959     3.1221     2.6349      62.15   25.74506  -84.58870   -0.00032   -0.00033         14  0.000e+00
      59265   2469.333     14.785     14.882    28.2846    28.2941   5.729010   5.730967     3.1221     2.6361      70.26   25.74506  -84.58870   -0.00028   -0.00039         14  0.000e+00
      59266   2469.375     14.785     14.882    28.2848    28.2941   5.728939   5.731118     3.1209     2.6349      93.36   25.74506  -84.58870   -0.00026   -0.00046         14  0.000e+00
      59267   2469.417     14.738     14.834    28.2842    28.2948   5.728916   5.731238     3.1221     2.6361     100.00   25.74506  -84.58870   -0.00021   -0.00054         14  0.000e+00
      59268   2469.458     14.832     14.930    28.2842    28.2952   5.728963   5.731365     3.1221     2.6361     100.00   25.74506  -84.58870   -0.00017   -0.00061         14  0.000e+00
      59269   2469.500     14.738     14.834    28.2842    28.2956   5.728861   5.731405     3.1221     2.6361     100.00   25.74506  -84.58870   -0.00013   -0.00067         14  0.000e+00
      59270   2469.542     14.785     14.882    28.2842    28.2956   5.728853   5.731437     3.1221     2.6349     100.00   25.74506  -84.58870   -0.00009   -0.00076         14  0.000e+00
      59271   2469.583     14.785     14.882    28.2842    28.2958   5.728829   5.731524     3.1221     2.6361     100.00   25.74506  -84.58870   -0.00003   -0.00082         14  0.000e+00
      59272   2469.625     14.832     14.930    28.2842    28.2956   5.728782   5.731453     3.1221     2.6349     100.00   25.74506  -84.58870    0.00002   -0.00089         14  0.000e+00
      59273   2469.667     14.785     14.882    28.2850    28.2956   5.728665   5.731476     3.1221     2.6349     100.00   25.74506  -84.58870    0.00006   -0.00097         14  0.000e+00
      59274   2469.708     14.785     14.882    28.2857    28.2954   5.728641   5.731460     3.1221     2.6349     100.00   25.74506  -84.58870    0.00012   -0.00104         14  0.000e+00
      59275   2469.750     14.785     14.882    28.2857    28.2960   5.728602   5.731596     3.1209     2.6349     100.00   25.74506  -84.58870    0.00016   -0.00111         14  0.000e+00
      59276   2469.792     14.785     14.882    28.2857    28.2961   5.728586   5.731643     3.1209     2.6349     100.00   25.74506  -84.58870    0.00019   -0.00118         14  0.000e+00
      59277   2469.833     14.832     14.930    28.2859    28.2956   5.728586   5.731389     3.1209     2.6349     100.00   25.74506  -84.58870    0.00023   -0.00123         14  0.000e+00
      59278   2469.875     14.785     14.882    28.2864    28.2950   5.728617   5.731198     3.1209     2.6349     100.00   25.74506  -84.58870    0.00027   -0.00130         14  0.000e+00
      59279   2469.917     14.785     14.882    28.2868    28.2948   5.728735   5.731166     3.1221     2.6349     100.00   25.74506  -84.58870    0.00032   -0.00135         14  0.000e+00
      59280   2469.958     14.833     14.930    28.2872    28.2948   5.728853   5.731198     3.1209     2.6349     100.00   25.74506  -84.58870    0.00038   -0.00140         14  0.000e+00
      59281   2470.000     14.785     14.882    28.2878    28.2952   5.729151   5.731317     3.1209     2.6349     100.00   25.74506  -84.58870    0.00042   -0.00145         14  0.000e+00
      59282   2470.042     14.833     14.930    28.2894    28.2950   5.729630   5.731317     3.1197     2.6349     100.00   25.74506  -84.58870    0.00044   -0.00150         14  0.000e+00
      59283   2470.083     14.785     14.882    28.2907    28.2950   5.730007   5.731269     3.1209     2.6349     100.00   25.74506  -84.58870    0.00049   -0.00155         14  0.000e+00
