GOMECC/GOMECC-4/1db/rb2103_0991.ros
* Sea-Bird SBE 9 Data File:
* FileName = C:\Users\scs.user.rb\CTD\GOMECC4\data\rb2103_0991.hex
* Software Version Seasave V 7.26.7.107
* Temperature SN = 4799
* Conductivity SN = 3860
* Number of Bytes Per Scan = 41
* Number of Voltage Words = 4
* Number of Scans Averaged by the Deck Unit = 1
* NMEA Latitude = 21 55.59 N
* NMEA Longitude = 088 00.01 W
* NMEA UTC (Time) = Oct 12 2021  09:32:54
* NMEA baud rate = 4800
# nquan = 17
# nvalues = 399                                   
# units = specified
# name 0 = scan: Scan Count
# name 1 = timeS: Time, Elapsed [seconds]
# name 2 = depSM: Depth [salt water, m]
# name 3 = prDM: Pressure, Digiquartz [db]
# name 4 = t090C: Temperature [ITS-90, deg C]
# name 5 = t190C: Temperature, 2 [ITS-90, deg C]
# name 6 = c0S/m: Conductivity [S/m]
# name 7 = c1S/m: Conductivity, 2 [S/m]
# name 8 = sbeox0V: Oxygen raw, SBE 43 [V]
# name 9 = sbeox1V: Oxygen raw, SBE 43, 2 [V]
# name 10 = altM: Altimeter [m]
# name 11 = latitude: Latitude [deg]
# name 12 = longitude: Longitude [deg]
# name 13 = sbox0dV/dT: Oxygen, SBE 43 [dov/dt]
# name 14 = sbox1dV/dT: Oxygen, SBE 43, 2 [dov/dt]
# name 15 = nbf: Bottles Fired
# name 16 = flag:  0.000e+00
# interval = seconds: 0.0416667
# start_time = Oct 12 2021 09:32:54 [NMEA time, header]
# bad_flag = -9.990e-29
*END*
[from data line 86]
      14111    587.917     19.977     20.103    27.5704    27.6487   5.782929   5.791933     3.3236     2.8205       3.93   21.92660  -88.00016    0.00091   -0.00030          1  0.000e+00
      14112    587.958     19.916     20.042    27.5589    27.6486   5.783095   5.791901     3.3248     2.8205       3.93   21.92660  -88.00016    0.00100   -0.00034          1  0.000e+00
      14113    588.000     19.977     20.103    27.5622    27.6492   5.783418   5.791925     3.3248     2.8193       3.91   21.92660  -88.00016    0.00108   -0.00040          1  0.000e+00
      14114    588.042     19.923     20.049    27.5535    27.6505   5.783457   5.791933     3.3248     2.8205       3.93   21.92660  -88.00016    0.00116   -0.00044          1  0.000e+00
      14115    588.083     19.977     20.103    27.5640    27.6512   5.783449   5.791861     3.3236     2.8205       3.93   21.92660  -88.00016    0.00121   -0.00048          1  0.000e+00
      14116    588.125     19.916     20.042    27.5763    27.6508   5.783851   5.791805     3.3248     2.8193       3.93   21.92660  -88.00016    0.00129   -0.00053          1  0.000e+00
      14117    588.167     19.923     20.049    27.5792    27.6509   5.784150   5.791757     3.3248     2.8193       3.93   21.92660  -88.00016    0.00134   -0.00060          1  0.000e+00
      14118    588.208     19.923     20.049    27.5582    27.6481   5.783780   5.791709     3.3236     2.8193       3.93   21.92660  -88.00016    0.00138   -0.00067          1  0.000e+00
      14119    588.250     19.963     20.089    27.5445    27.6444   5.783205   5.791629     3.3236     2.8193       3.93   21.92660  -88.00016    0.00144   -0.00074          1  0.000e+00
      14120    588.292     19.923     20.049    27.5347    27.6429   5.782756   5.791533     3.3236     2.8193       3.93   21.92660  -88.00016    0.00147   -0.00080          1  0.000e+00
      14121    588.333     19.923     20.049    27.5447    27.6394   5.782677   5.791509     3.3236     2.8193       3.93   21.92660  -88.00016    0.00149   -0.00087          1  0.000e+00
      14122    588.375     19.963     20.089    27.5452    27.6372   5.782937   5.791509     3.3236     2.8193       3.93   21.92660  -88.00016    0.00152   -0.00093          1  0.000e+00
      14123    588.417     19.923     20.049    27.5416    27.6389   5.783237   5.791437     3.3236     2.8193       3.93   21.92660  -88.00016    0.00155   -0.00099          1  0.000e+00
      14124    588.458     19.923     20.049    27.5400    27.6426   5.783410   5.791485     3.3236     2.8193       3.93   21.92660  -88.00016    0.00158   -0.00105          1  0.000e+00
      14125    588.500     19.963     20.089    27.5458    27.6446   5.783520   5.791509     3.3236     2.8193       3.93   21.92660  -88.00016    0.00161   -0.00109          1  0.000e+00
      14126    588.542     19.923     20.049    27.5743    27.6446   5.783614   5.791477     3.3236     2.8193       3.93   21.92660  -88.00016    0.00162   -0.00115          1  0.000e+00
      14127    588.583     19.923     20.049    27.6201    27.6437   5.783826   5.791469     3.3223     2.8205       3.93   21.92660  -88.00016    0.00162   -0.00119          1  0.000e+00
      14128    588.625     19.963     20.089    27.6436    27.6420   5.784236   5.791389     3.3223     2.8193       3.93   21.92660  -88.00016    0.00162   -0.00124          1  0.000e+00
      14129    588.667     19.923     20.049    27.6298    27.6400   5.784709   5.791437     3.3223     2.8193       3.96   21.92660  -88.00016    0.00161   -0.00129          1  0.000e+00
      14130    588.708     19.923     20.049    27.6183    27.6391   5.785009   5.791429     3.3223     2.8193       3.96   21.92660  -88.00016    0.00160   -0.00134          1  0.000e+00
      14131    588.750     19.916     20.042    27.6381    27.6367   5.785237   5.791421     3.3223     2.8193       3.93   21.92660  -88.00016    0.00159   -0.00138          1  0.000e+00
      14132    588.792     19.923     20.049    27.6478    27.6345   5.785694   5.791445     3.3223     2.8181       3.93   21.92660  -88.00016    0.00158   -0.00144          1  0.000e+00
      14133    588.833     19.923     20.049    27.6615    27.6337   5.786356   5.791389     3.3211     2.8181       3.96   21.92660  -88.00016    0.00155   -0.00151          1  0.000e+00
      14134    588.875     19.963     20.089    27.6527    27.6338   5.786782   5.791405     3.3223     2.8181       3.93   21.92660  -88.00016    0.00153   -0.00157          1  0.000e+00
      14135    588.917     19.923     20.049    27.6376    27.6339   5.786758   5.791421     3.3211     2.8168       3.93   21.92660  -88.00016    0.00150   -0.00165          1  0.000e+00
      14136    588.958     19.923     20.049    27.6221    27.6348   5.786585   5.791373     3.3223     2.8168       3.93   21.92660  -88.00016    0.00148   -0.00172          1  0.000e+00
      14137    589.000     19.963     20.089    27.6311    27.6347   5.786609   5.791333     3.3223     2.8168       3.96   21.92660  -88.00016    0.00147   -0.00179          1  0.000e+00
      14138    589.042     19.875     20.001    27.6307    27.6330   5.786632   5.791325     3.3211     2.8156       3.96   21.92660  -88.00016    0.00143   -0.00188          1  0.000e+00
      14139    589.083     19.923     20.049    27.6124    27.6304   5.786704   5.791317     3.3223     2.8156       3.93   21.92660  -88.00016    0.00141   -0.00197          1  0.000e+00
      14140    589.125     19.963     20.089    27.6009    27.6310   5.786830   5.791245     3.3223     2.8156       3.93   21.92660  -88.00016    0.00137   -0.00205          1  0.000e+00
      14141    589.167     19.923     20.049    27.5868    27.6341   5.787264   5.791229     3.3223     2.8156       3.93   21.92660  -88.00016    0.00133   -0.00212          1  0.000e+00
      14142    589.208     19.923     20.049    27.5905    27.6365   5.787847   5.791229     3.3211     2.8156       3.93   21.92660  -88.00016    0.00129   -0.00218          1  0.000e+00
      14143    589.250     19.923     20.049    27.6058    27.6376   5.788399   5.791229     3.3211     2.8156       3.93   21.92660  -88.00016    0.00125   -0.00225          1  0.000e+00
      14144    589.292     19.916     20.042    27.6084    27.6380   5.788706   5.791229     3.3211     2.8156       3.93   21.92660  -88.00016    0.00121   -0.00231          1  0.000e+00
      14145    589.333     19.923     20.049    27.6027    27.6374   5.788841   5.791157     3.3211     2.8156       3.96   21.92660  -88.00016    0.00115   -0.00238          1  0.000e+00
      14146    589.375     19.977     20.103    27.5958    27.6343   5.788943   5.791062     3.3211     2.8156       3.96   21.92660  -88.00016    0.00111   -0.00243          1  0.000e+00
      14147    589.417     19.916     20.042    27.5854    27.6293   5.788778   5.790966     3.3211     2.8168       3.96   21.92660  -88.00016    0.00106   -0.00248          1  0.000e+00
      14148    589.458     19.977     20.103    27.5896    27.6259   5.788581   5.790870     3.3211     2.8168       3.96   21.92660  -88.00016    0.00100   -0.00252          1  0.000e+00
      14149    589.500     19.875     20.001    27.6060    27.6266   5.788557   5.790806     3.3199     2.8168       3.96   21.92660  -88.00016    0.00092   -0.00257          1  0.000e+00
      14150    589.542     19.963     20.089    27.6042    27.6328   5.788935   5.790798     3.3211     2.8181       3.96   21.92660  -88.00016    0.00085   -0.00259          1  0.000e+00
      14151    589.583     19.923     20.049    27.6077    27.6374   5.789842   5.790870     3.3211     2.8181       3.96   21.92660  -88.00016    0.00081   -0.00261          1  0.000e+00
      14152    589.625     19.923     20.049    27.6398    27.6404   5.791300   5.790854     3.3211     2.8181       3.96   21.92660  -88.00016    0.00076   -0.00263          1  0.000e+00
      14153    589.667     19.963     20.089    27.6669    27.6440   5.792498   5.790918     3.3211     2.8193       3.96   21.92660  -88.00016    0.00069   -0.00264          1  0.000e+00
      14154    589.708     19.923     20.049    27.6782    27.6499   5.793247   5.791045     3.3211     2.8193       3.93   21.92660  -88.00016    0.00064   -0.00264          1  0.000e+00
      14155    589.750     19.923     20.049    27.6842    27.6534   5.793815   5.791157     3.3211     2.8193       3.96   21.92660  -88.00016    0.00057   -0.00263          1  0.000e+00
      14156    589.792     19.963     20.089    27.6888    27.6526   5.794359   5.791213     3.3223     2.8193       3.96   21.92660  -88.00016    0.00054   -0.00261          1  0.000e+00
      14157    589.833     19.923     20.049    27.6910    27.6490   5.794699   5.791301     3.3223     2.8193       3.96   21.92660  -88.00016    0.00050   -0.00259          1  0.000e+00
      16653    693.833      9.660      9.721    29.2307    29.2301   5.956683   5.956911     3.1563     2.6691      13.72   21.92664  -88.00018    0.00021    0.00066          2  0.000e+00
      16654    693.875      9.809      9.871    29.2303    29.2307   5.956675   5.956927     3.1563     2.6691      13.70   21.92664  -88.00018    0.00030    0.00065          2  0.000e+00
      16655    693.917      9.660      9.721    29.2305    29.2306   5.956699   5.956911     3.1563     2.6691      13.70   21.92664  -88.00018    0.00039    0.00066          2  0.000e+00
      16656    693.958      9.857      9.919    29.2297    29.2310   5.956667   5.956911     3.1563     2.6691      13.70   21.92664  -88.00018    0.00048    0.00066          2  0.000e+00
      16657    694.000      9.762      9.823    29.2301    29.2308   5.956691   5.956887     3.1575     2.6703      13.70   21.92664  -88.00018    0.00059    0.00067          2  0.000e+00
      16658    694.042      9.809      9.871    29.2303    29.2308   5.956635   5.956935     3.1575     2.6703      13.72   21.92664  -88.00018    0.00070    0.00069          2  0.000e+00
      16659    694.083      9.809      9.871    29.2305    29.2310   5.956683   5.956935     3.1575     2.6703      13.72   21.92664  -88.00018    0.00081    0.00069          2  0.000e+00
      16660    694.125      9.762      9.823    29.2307    29.2310   5.956683   5.956951     3.1575     2.6716      13.72   21.92664  -88.00018    0.00090    0.00073          2  0.000e+00
      16661    694.167      9.809      9.871    29.2307    29.2306   5.956731   5.956919     3.1575     2.6716      13.72   21.92664  -88.00018    0.00097    0.00076          2  0.000e+00
      16662    694.208      9.809      9.871    29.2305    29.2307   5.956715   5.956927     3.1575     2.6716      13.72   21.92664  -88.00018    0.00106    0.00080          2  0.000e+00
      16663    694.250      9.762      9.823    29.2305    29.2306   5.956667   5.956951     3.1575     2.6716      13.72   21.92664  -88.00018    0.00114    0.00083          2  0.000e+00
      16664    694.292      9.809      9.871    29.2305    29.2310   5.956659   5.956919     3.1587     2.6716      13.70   21.92664  -88.00018    0.00122    0.00087          2  0.000e+00
      16665    694.333      9.762      9.823    29.2307    29.2310   5.956691   5.956927     3.1575     2.6716      13.70   21.92664  -88.00018    0.00130    0.00090          2  0.000e+00
      16666    694.375      9.809      9.871    29.2305    29.2308   5.956707   5.956951     3.1575     2.6716      13.72   21.92664  -88.00018    0.00135    0.00093          2  0.000e+00
      16667    694.417      9.857      9.919    29.2307    29.2306   5.956683   5.956935     3.1575     2.6716      13.70   21.92664  -88.00018    0.00140    0.00096          2  0.000e+00
      16668    694.458      9.762      9.823    29.2303    29.2304   5.956699   5.956911     3.1575     2.6716      13.70   21.92664  -88.00018    0.00145    0.00097          2  0.000e+00
      16669    694.500      9.809      9.871    29.2307    29.2305   5.956707   5.956870     3.1575     2.6703      13.70   21.92664  -88.00018    0.00150    0.00096          2  0.000e+00
      16670    694.542      9.762      9.823    29.2307    29.2302   5.956667   5.956878     3.1575     2.6703      13.70   21.92664  -88.00018    0.00155    0.00097          2  0.000e+00
      16671    694.583      9.809      9.871    29.2307    29.2302   5.956659   5.956903     3.1575     2.6703      13.70   21.92664  -88.00018    0.00159    0.00094          2  0.000e+00
      16672    694.625      9.809      9.871    29.2305    29.2301   5.956731   5.956870     3.1575     2.6703      13.70   21.92664  -88.00018    0.00164    0.00095          2  0.000e+00
      16673    694.667      9.809      9.871    29.2303    29.2302   5.956731   5.956879     3.1575     2.6703      13.70   21.92664  -88.00018    0.00168    0.00094          2  0.000e+00
      16674    694.708      9.809      9.871    29.2305    29.2301   5.956707   5.956862     3.1575     2.6703      13.70   21.92664  -88.00018    0.00173    0.00092          2  0.000e+00
      16675    694.750      9.809      9.871    29.2305    29.2304   5.956707   5.956879     3.1575     2.6716      13.70   21.92664  -88.00018    0.00177    0.00093          2  0.000e+00
      16676    694.792      9.809      9.871    29.2307    29.2305   5.956667   5.956976     3.1563     2.6703      13.70   21.92664  -88.00018    0.00178    0.00091          2  0.000e+00
      16677    694.833      9.809      9.871    29.2305    29.2308   5.956691   5.956935     3.1575     2.6703      13.70   21.92664  -88.00018    0.00180    0.00090          2  0.000e+00
      16678    694.875      9.762      9.823    29.2307    29.2310   5.956739   5.956927     3.1575     2.6703      13.70   21.92664  -88.00018    0.00182    0.00088          2  0.000e+00
      16679    694.917      9.809      9.871    29.2305    29.2308   5.956731   5.956911     3.1563     2.6703      13.70   21.92664  -88.00018    0.00182    0.00086          2  0.000e+00
      16680    694.958      9.809      9.871    29.2307    29.2308   5.956675   5.956911     3.1563     2.6703      13.70   21.92664  -88.00018    0.00183    0.00086          2  0.000e+00
      16681    695.000      9.809      9.871    29.2307    29.2306   5.956691   5.956959     3.1563     2.6703      13.70   21.92664  -88.00018    0.00183    0.00086          2  0.000e+00
      16682    695.042      9.809      9.871    29.2309    29.2308   5.956707   5.957000     3.1563     2.6703      13.70   21.92664  -88.00018    0.00181    0.00085          2  0.000e+00
      16683    695.083      9.809      9.871    29.2309    29.2312   5.956739   5.956984     3.1575     2.6703      13.70   21.92664  -88.00018    0.00181    0.00085          2  0.000e+00
      16684    695.125      9.809      9.871    29.2316    29.2313   5.956755   5.957000     3.1575     2.6703      13.70   21.92664  -88.00018    0.00180    0.00084          2  0.000e+00
      16685    695.167      9.809      9.871    29.2318    29.2312   5.956715   5.957008     3.1575     2.6703      13.70   21.92664  -88.00018    0.00178    0.00084          2  0.000e+00
      16686    695.208      9.809      9.871    29.2318    29.2310   5.956795   5.957024     3.1575     2.6691      13.70   21.92664  -88.00018    0.00177    0.00082          2  0.000e+00
      16687    695.250      9.809      9.871    29.2314    29.2310   5.956731   5.956976     3.1575     2.6691      13.70   21.92664  -88.00018    0.00174    0.00079          2  0.000e+00
      16688    695.292      9.809      9.871    29.2309    29.2310   5.956707   5.957032     3.1575     2.6691      13.70   21.92664  -88.00018    0.00171    0.00077          2  0.000e+00
      16689    695.333      9.809      9.871    29.2307    29.2312   5.956739   5.957000     3.1575     2.6691      13.70   21.92664  -88.00018    0.00168    0.00074          2  0.000e+00
