GOMECC/GOMECC-4/1db/rb2103_0741.cnv
* Sea-Bird SBE 9 Data File:
* FileName = C:\Users\scs.user.rb\CTD\GOMECC4\data\rb2103_0741.hex
* Software Version Seasave V 7.26.7.107
* Temperature SN = 4799
* Conductivity SN = 3860
* Number of Bytes Per Scan = 41
* Number of Voltage Words = 4
* Number of Scans Averaged by the Deck Unit = 1
* NMEA Latitude = 24 59.96 N
* NMEA Longitude = 093 24.95 W
* NMEA UTC (Time) = Oct 04 2021  19:58:51
* NMEA baud rate = 4800
# nquan = 28
# nvalues = 1594                        
# units = specified
# name 0 = scan: Scan Count
# name 1 = timeS: Time, Elapsed [seconds]
# name 2 = depSM: Depth [salt water, m]
# name 3 = prDM: Pressure, Digiquartz [db]
# name 4 = t090C: Temperature [ITS-90, deg C]
# name 5 = t190C: Temperature, 2 [ITS-90, deg C]
# name 6 = c0S/m: Conductivity [S/m]
# name 7 = c1S/m: Conductivity, 2 [S/m]
# name 8 = sbeox0V: Oxygen raw, SBE 43 [V]
# name 9 = sbeox1V: Oxygen raw, SBE 43, 2 [V]
# name 10 = altM: Altimeter [m]
# name 11 = latitude: Latitude [deg]
# name 12 = longitude: Longitude [deg]
# name 13 = sbox0dV/dT: Oxygen, SBE 43 [dov/dt]
# name 14 = sbox1dV/dT: Oxygen, SBE 43, 2 [dov/dt]
# name 15 = sbeox0ML/L: Oxygen, SBE 43 [ml/l], WS = 5
# name 16 = sbeox1ML/L: Oxygen, SBE 43, 2 [ml/l], WS = 5
# name 17 = potemp090C: Potential Temperature [ITS-90, deg C]
# name 18 = potemp190C: Potential Temperature, 2 [ITS-90, deg C]
# name 19 = sal00: Salinity, Practical [PSU]
# name 20 = sal11: Salinity, Practical, 2 [PSU]
# name 21 = sigma-é00: Density [sigma-theta, kg/m^3]
# name 22 = sigma-é11: Density, 2 [sigma-theta, kg/m^3]
# name 23 = avgsvCM: Average Sound Velocity [Chen-Millero, m/s], minP = 20, minS = 20
# name 24 = sbox0Mm/Kg: Oxygen, SBE 43 [umol/kg], WS = 5
# name 25 = sbox1Mm/Kg: Oxygen, SBE 43, 2 [umol/kg], WS = 5
# name 26 = nbin: number of scans per bin
# name 27 = flag: flag
# span 0 =      16226,     270780       
# span 1 =    676.025,  11282.445       
# span 2 =      0.993,   3653.156       
# span 3 =      1.000,   3709.000       
# span 4 =     4.2913,    29.4663       
# span 5 =     4.2918,    29.4713       
# span 6 =   3.350044,   5.960075       
# span 7 =   3.350006,   5.960622       
# span 8 =     1.5694,     3.3499       
# span 9 =     1.2722,     2.8635       
# span 10 =       9.94,     104.52      
# span 11 =   24.55804,   25.09790      
# span 12 =  -93.78475,  -91.76750      
# span 13 =   -0.03304,    0.04357      
# span 14 =   -0.03199,    0.03543      
# span 15 =     2.4257,     4.9616      
# span 16 =     2.4396,     4.9652      
# span 17 =     4.0772,    29.4653      
# span 18 =     4.0784,    29.4703      
# span 19 =    34.9112,    36.6592      
# span 20 =    34.9098,    36.6604      
# span 21 =    22.4246,    27.7594      
# span 22 =    22.4238,    27.7581      
# span 23 =       0.00,    1545.87      
# span 24 =    105.470,    216.433      
# span 25 =    106.073,    216.591      
# span 26 =         30,         75      
# span 27 = 0.0000e+00, 0.0000e+00      
# interval = decibars: 1                
# start_time = Oct 04 2021 19:58:51 [NMEA time, header]
# bad_flag = -9.990e-29
*END*
[from data line 156]
      24432   1017.938    191.669    193.000    18.4455    18.4489   4.816917   4.817394     2.0455     1.7005      99.99   24.99750  -93.40794   -0.00144   -0.00290     2.9683     2.9825    18.4115    18.4149    36.4738    36.4748    26.2980    26.2979    1534.79    129.167    129.783         36 0.0000e+00
      24470   1019.532    192.662    194.000    18.3958    18.3985   4.811489   4.811885     2.0405     1.6970     100.00   24.99954  -93.41556   -0.00261   -0.00300     2.9603     2.9772    18.3617    18.3644    36.4722    36.4732    26.3096    26.3096    1534.85    128.817    129.553         36 0.0000e+00
      24503   1020.917    193.654    195.000    18.3513    18.3536   4.806641   4.806979     2.0399     1.7003     100.00   24.99954  -93.41556   -0.00262   -0.00142     2.9622     2.9882    18.3171    18.3193    36.4700    36.4709    26.3192    26.3193    1534.78    128.899    130.031         30 0.0000e+00
      24561   1023.313    195.640    197.000    18.2682    18.2700   4.796897   4.797183     2.0622     1.7230      99.99   24.99701  -93.40610    0.00614    0.00751     3.0182     3.0499    18.2337    18.2355    36.4588    36.4596    26.3312    26.3314    1534.49    131.332    132.715         33 0.0000e+00
      24597   1024.834    196.632    198.000    18.2547    18.2563   4.795717   4.795977     2.0669     1.7251     100.00   24.99954  -93.41556    0.00743    0.00691     3.0299     3.0563    18.2200    18.2216    36.4616    36.4624    26.3370    26.3373    1534.58    131.841    132.993         36 0.0000e+00
      24633   1026.346    197.625    199.000    18.2341    18.2364   4.793497   4.793817     2.0728     1.7306     100.00   24.99954  -93.41556    0.00425    0.00303     3.0449     3.0715    18.1993    18.2016    36.4605    36.4612    26.3414    26.3414    1534.51    132.496    133.651         36 0.0000e+00
      24667   1027.767    198.618    200.000    18.1866    18.1895   4.788177   4.788575     2.0819     1.7399      89.00   24.99953  -93.41556    0.00427    0.00373     3.0688     3.0976    18.1517    18.1546    36.4569    36.4577    26.3506    26.3505    1534.45    133.536    134.787         31 0.0000e+00
      24753   1031.353    201.595    203.000    18.0607    18.0649   4.773049   4.773616     2.0967     1.7562      99.98   24.99545  -93.40033    0.00372    0.00411     3.1118     3.1470    18.0254    18.0296    36.4364    36.4376    26.3659    26.3658    1534.00    135.402    136.934         38 0.0000e+00
      24799   1033.254    202.588    204.000    18.0074    18.0119   4.767037   4.767639     2.1052     1.7623      81.73   24.99952  -93.41556    0.00409    0.00373     3.1349     3.1659    17.9721    17.9765    36.4338    36.4350    26.3777    26.3775    1534.18    136.407    137.757         43 0.0000e+00
      24916   1038.134    206.558    208.000    17.7209    17.7222   4.732107   4.732281     2.0865     1.7366      99.99   24.99672  -93.40509   -0.00460   -0.00594     3.1108     3.1217    17.6852    17.6865    36.3844    36.3853    26.4105    26.4109    1533.74    135.351    135.827         39 0.0000e+00
      24960   1039.973    207.551    209.000    17.7057    17.7073   4.730394   4.730640     2.0720     1.7254      71.63   24.99952  -93.41556   -0.00860   -0.00914     3.0815     3.0954    17.6699    17.6714    36.3858    36.3866    26.4157    26.4158    1533.85    134.078    134.685         42 0.0000e+00
      25082   1045.051    211.521    213.000    17.4475    17.4549   4.698749   4.699731     2.0409     1.6965      99.99   24.99824  -93.41080   -0.00571   -0.00475     3.0283     3.0397    17.4114    17.4187    36.3408    36.3428    26.4443    26.4440    1533.50    131.758    132.258         38 0.0000e+00
      25122   1046.698    212.514    214.000    17.3712    17.3752   4.689504   4.690056     2.0088     1.6628     100.00   24.99952  -93.41556   -0.01459   -0.01561     2.9607     2.9613    17.3350    17.3390    36.3292    36.3304    26.4541    26.4540    1533.51    128.817    128.841         38 0.0000e+00
      25211   1050.398    215.491    217.000    17.1904    17.1925   4.667423   4.667816     1.9451     1.6036      99.98   24.99559  -93.40090   -0.01688   -0.01582     2.8229     2.8219    17.1539    17.1561    36.2962    36.2970    26.4722    26.4723    1533.07    122.818    122.773         36 0.0000e+00
      25254   1052.211    216.484    218.000    17.1639    17.1659   4.664672   4.664971     1.9267     1.5893     100.00   24.99952  -93.41556   -0.01442   -0.01288     2.7861     2.7897    17.1274    17.1293    36.2974    36.2983    26.4799    26.4801    1533.24    121.216    121.374         40 0.0000e+00
      25336   1055.636    219.461    221.000    17.0961    17.0970   4.656455   4.656665     1.9187     1.5889      99.98   24.99385  -93.39441   -0.00249   -0.00039     2.7733     2.7942    17.0592    17.0600    36.2847    36.2854    26.4863    26.4866    1532.68    120.658    121.568         35 0.0000e+00
      25382   1057.536    220.454    222.000    17.0786    17.0808   4.654744   4.655059     1.9163     1.5861     100.00   24.99952  -93.41558    0.00019    0.00138     2.7684     2.7879    17.0415    17.0437    36.2858    36.2866    26.4917    26.4917    1532.97    120.444    121.295         42 0.0000e+00
      25417   1058.983    221.446    223.000    17.0602    17.0626   4.652738   4.653053     1.9121     1.5823     100.00   24.99952  -93.41558   -0.00177   -0.00172     2.7602     2.7795    17.0229    17.0253    36.2844    36.2850    26.4951    26.4950    1532.90    120.089    120.930         30 0.0000e+00
      25474   1061.394    223.431    225.000    16.9545    16.9564   4.640373   4.640677     1.9177     1.5890     100.00   24.99898  -93.41358    0.00036    0.00086     2.7804     2.8035    16.9170    16.9190    36.2703    36.2712    26.5095    26.5097    1532.73    120.964    121.972         31 0.0000e+00
      25506   1062.717    224.424    226.000    16.9344    16.9375   4.638054   4.638472     1.9159     1.5851     100.00   24.99952  -93.41560    0.00169    0.00156     2.7777     2.7949    16.8968    16.8999    36.2679    36.2688    26.5126    26.5125    1532.70    120.848    121.597         33 0.0000e+00
      25543   1064.240    225.416    227.000    16.8314    16.8375   4.626032   4.626808     1.9164     1.5874     100.00   24.99952  -93.41560   -0.00022   -0.00065     2.7854     2.8069    16.7938    16.7999    36.2547    36.2560    26.5270    26.5266    1532.63    121.181    122.118         38 0.0000e+00
      25577   1065.684    226.409    228.000    16.7229    16.7284   4.613079   4.613807     1.9324     1.6058     100.00   24.99952  -93.41560    0.00203    0.00272     2.8297     2.8607    16.6853    16.6908    36.2384    36.2398    26.5403    26.5400    1532.57    123.107    124.458         31 0.0000e+00
      25607   1066.937    227.401    229.000    16.6383    16.6426   4.602823   4.603327     1.9443     1.6168     100.00   24.99952  -93.41560    0.00904    0.01019     2.8616     2.8931    16.6007    16.6050    36.2239    36.2244    26.5492    26.5486    1532.51    124.491    125.866         30 0.0000e+00
      25638   1068.203    228.394    230.000    16.5636    16.5670   4.593756   4.594267     1.9433     1.6126      73.13   24.99952  -93.41560    0.00838    0.00806     2.8660     2.8885    16.5259    16.5294    36.2110    36.2124    26.5569    26.5572    1532.43    124.684    125.662         31 0.0000e+00
      25671   1069.589    229.386    231.000    16.5465    16.5486   4.591682   4.592001     1.9272     1.5931      86.77   24.99952  -93.41560   -0.00057   -0.00274     2.8297     2.8401    16.5087    16.5108    36.2077    36.2086    26.5584    26.5586    1532.36    123.106    123.560         35 0.0000e+00
      25706   1071.048    230.378    232.000    16.5193    16.5206   4.588408   4.588619     1.9118     1.5799     100.25   24.99952  -93.41560   -0.00940   -0.01091     2.7956     2.8082    16.4814    16.4827    36.2030    36.2037    26.5613    26.5615    1532.29    121.621    122.170         34 0.0000e+00
      25738   1072.382    231.371    233.000    16.5095    16.5112   4.587231   4.587506     1.9029     1.5732     100.00   24.99952  -93.41560   -0.01017   -0.00940     2.7757     2.7918    16.4714    16.4732    36.2011    36.2019    26.5621    26.5623    1532.22    120.757    121.456         31 0.0000e+00
      25829   1076.180    234.349    236.000    16.2983    16.3000   4.562044   4.562326     1.8762     1.5464     100.01   25.00129  -93.42221   -0.00645   -0.00638     2.7267     2.7360    16.2601    16.2618    36.1680    36.1689    26.5862    26.5865    1532.13    118.620    119.026         32 0.0000e+00
      26261   1094.159    251.219    253.000    15.6635    15.6655   4.487184   4.487463     1.7929     1.4745     100.00   24.99982  -93.41670   -0.00319   -0.00256     2.5719     2.5911    15.6237    15.6256    36.0690    36.0697    26.6565    26.6566    1530.88    111.878    112.713         32 0.0000e+00
      26630   1109.535    266.104    268.000    15.1298    15.1310   4.424786   4.424956     1.7660     1.4497      88.34   24.99937  -93.41502   -0.00323   -0.00333     2.5427     2.5600    15.0886    15.0897    35.9861    35.9866    26.7129    26.7130    1529.87    110.602    111.356         35 0.0000e+00
      26773   1115.508    272.057    274.000    14.9594    14.9606   4.404724   4.404924     1.7556     1.4417      88.58   24.99782  -93.40925   -0.00144   -0.00104     2.5291     2.5503    14.9175    14.9188    35.9566    35.9573    26.7279    26.7282    1529.39    110.009    110.933         41 0.0000e+00
      26924   1121.782    278.011    280.000    14.8668    14.8683   4.394278   4.394487     1.7512     1.4363     100.00   24.99931  -93.41481   -0.00062   -0.00116     2.5255     2.5427    14.8243    14.8257    35.9443    35.9448    26.7391    26.7392    1529.10    109.851    110.601         31 0.0000e+00
      27070   1127.890    283.964    286.000    14.6612    14.6638   4.370242   4.370584     1.7431     1.4315      99.99   24.99707  -93.40645   -0.00179   -0.00159     2.5197     2.5433    14.6181    14.6207    35.9098    35.9105    26.7574    26.7574    1528.60    109.596    110.623         31 0.0000e+00
      27104   1129.288    284.956    287.000    14.6289    14.6306   4.366811   4.367040     1.7418     1.4295     100.00   24.99952  -93.41560   -0.00186   -0.00132     2.5183     2.5400    14.5857    14.5874    35.9086    35.9091    26.7637    26.7637    1528.68    109.538    110.478         30 0.0000e+00
      29877   1244.833    395.060    398.000    11.7585    11.7597   4.041758   4.041882     1.6484     1.3460     100.00   24.99910  -93.41403   -0.00058   -0.00049     2.4845     2.5068    11.7066    11.7078    35.4638    35.4638    27.0055    27.0053    1522.58    108.042    109.009         32 0.0000e+00
      30025   1251.003    401.010    404.000    11.5984    11.5998   4.024120   4.024259     1.6484     1.3463     100.00   24.99958  -93.41581    0.00018    0.00015     2.4962     2.5192    11.5461    11.5476    35.4406    35.4406    27.0177    27.0174    1522.32    108.548    109.549         37 0.0000e+00
      30173   1257.184    406.960    410.000    11.4203    11.4226   4.004379   4.004638     1.6442     1.3416     100.00   24.99903  -93.41376   -0.00067   -0.00072     2.4976     2.5180    11.3678    11.3701    35.4131    35.4134    27.0296    27.0294    1521.99    108.608    109.495         31 0.0000e+00
      30424   1267.645    416.876    420.000    11.2186    11.2206   3.982350   3.982553     1.6341     1.3321     100.00   24.99827  -93.41093   -0.00079   -0.00082     2.4859     2.5053    11.1654    11.1674    35.3832    35.3833    27.0438    27.0435    1521.45    108.099    108.941         33 0.0000e+00
      30601   1274.999    423.816    427.000    11.0704    11.0723   3.966283   3.966464     1.6234     1.3231     100.00   24.99868  -93.41247   -0.00154   -0.00131     2.4681     2.4897    11.0168    11.0187    35.3625    35.3625    27.0549    27.0545    1521.14    107.320    108.259         31 0.0000e+00
      30776   1282.286    430.757    434.000    10.9234    10.9254   3.950433   3.950602     1.6175     1.3180     100.00   24.99901  -93.41369   -0.00080   -0.00084     2.4631     2.4854    10.8693    10.8713    35.3425    35.3423    27.0661    27.0655    1520.83    107.105    108.072         34 0.0000e+00
      30952   1289.642    437.697    441.000    10.8159    10.8174   3.938952   3.939087     1.6146     1.3151      99.10   24.99984  -93.41681   -0.00029   -0.00023     2.4639     2.4856    10.7613    10.7628    35.3281    35.3280    27.0744    27.0740    1520.55    107.136    108.079         31 0.0000e+00
      31204   1300.107    447.612    451.000    10.5952    10.5962   3.915067   3.915146     1.6092     1.3105     100.00   24.99958  -93.41584   -0.00048   -0.00030     2.4659     2.4882    10.5400    10.5411    35.2963    35.2961    27.0891    27.0887    1520.08    107.222    108.194         30 0.0000e+00
      31351   1306.234    453.560    457.000    10.5371    10.5381   3.908895   3.908968     1.6079     1.3089     100.00   24.99921  -93.41447   -0.00028   -0.00036     2.4676     2.4887    10.4814    10.4824    35.2874    35.2871    27.0925    27.0921    1519.79    107.297    108.213         35 0.0000e+00
      31504   1312.636    459.508    463.000    10.4183    10.4195   3.896243   3.896354     1.6063     1.3081     100.00   24.99972  -93.41637   -0.00025   -0.00024     2.4724     2.4953    10.3623    10.3635    35.2718    35.2717    27.1013    27.1011    1519.55    107.506    108.499         31 0.0000e+00
      31653   1318.821    465.456    469.000    10.3125    10.3139   3.884978   3.885118     1.6061     1.3075     100.00   24.99968  -93.41623   -0.00019   -0.00033     2.4806     2.5021    10.2561    10.2575    35.2574    35.2574    27.1087    27.1085    1519.29    107.860    108.795         30 0.0000e+00
      32204   1341.782    487.264    491.000     9.9181     9.9202   3.843424   3.843577     1.5887     1.2916      94.83   24.99974  -93.41645   -0.00103   -0.00090     2.4632     2.4842     9.8604     9.8625    35.2071    35.2069    27.1377    27.1371    1518.34    107.098    108.013         30 0.0000e+00
      32400   1349.967    495.194    499.000     9.8114     9.8122   3.832141   3.832184     1.5788     1.2819     100.00   24.99814  -93.41050   -0.00140   -0.00141     2.4443     2.4638     9.7531     9.7539    35.1912    35.1908    27.1433    27.1429    1517.90    106.280    107.123         33 0.0000e+00
      32434   1351.378    496.185    500.000     9.7975     9.7988   3.830840   3.830921     1.5778     1.2811     100.00   24.99952  -93.41564   -0.00111   -0.00102     2.4425     2.4622     9.7392     9.7405    35.1912    35.1908    27.1458    27.1452    1517.95    106.199    107.056         30 0.0000e+00
      32577   1357.327    502.132    506.000     9.7097     9.7103   3.821556   3.821597     1.5770     1.2810     100.00   24.99901  -93.41374   -0.00010    0.00008     2.4476     2.4692     9.6510     9.6516    35.1789    35.1784    27.1510    27.1506    1517.67    106.419    107.358         32 0.0000e+00
      32751   1364.602    509.070    513.000     9.6355     9.6377   3.813975   3.814173     1.5799     1.2840     100.00   24.99987  -93.41694    0.00056    0.00052     2.4627     2.4853     9.5762     9.5784    35.1699    35.1699    27.1566    27.1562    1517.44    107.077    108.058         33 0.0000e+00
      32922   1371.712    516.007    520.000     9.4762     9.4776   3.796995   3.797104     1.5787     1.2823      99.99   24.99768  -93.40878   -0.00008   -0.00025     2.4717     2.4923     9.4167     9.4181    35.1466    35.1464    27.1648    27.1644    1517.02    107.468    108.361         30 0.0000e+00
