GOMECC/GOMECC-4/1db/rb2103_1341.ros
* Sea-Bird SBE 9 Data File:
* FileName = C:\Users\scs.user.rb\CTD\GOMECC4\data\rb2103_1341.hex
* Software Version Seasave V 7.26.7.107
* Temperature SN = 4799
* Conductivity SN = 3860
* Number of Bytes Per Scan = 41
* Number of Voltage Words = 4
* Number of Scans Averaged by the Deck Unit = 1
* NMEA Latitude = 26 23.19 N
* NMEA Longitude = 083 36.41 W
* NMEA UTC (Time) = Oct 19 2021  23:12:43
* NMEA baud rate = 4800
# nquan = 17
# nvalues = 931                                   
# units = specified
# name 0 = scan: Scan Count
# name 1 = timeS: Time, Elapsed [seconds]
# name 2 = depSM: Depth [salt water, m]
# name 3 = prDM: Pressure, Digiquartz [db]
# name 4 = t090C: Temperature [ITS-90, deg C]
# name 5 = t190C: Temperature, 2 [ITS-90, deg C]
# name 6 = c0S/m: Conductivity [S/m]
# name 7 = c1S/m: Conductivity, 2 [S/m]
# name 8 = sbeox0V: Oxygen raw, SBE 43 [V]
# name 9 = sbeox1V: Oxygen raw, SBE 43, 2 [V]
# name 10 = altM: Altimeter [m]
# name 11 = latitude: Latitude [deg]
# name 12 = longitude: Longitude [deg]
# name 13 = sbox0dV/dT: Oxygen, SBE 43 [dov/dt]
# name 14 = sbox1dV/dT: Oxygen, SBE 43, 2 [dov/dt]
# name 15 = nbf: Bottles Fired
# name 16 = flag:  0.000e+00
# interval = seconds: 0.0416667
# start_time = Oct 19 2021 23:12:43 [NMEA time, header]
# bad_flag = -9.990e-29
*END*
[from data line 596]
      35280   1469.958     20.226     20.360    28.7904    28.7898   5.837041   5.836935     3.1319     2.6471      46.28   26.38442  -83.60872   -0.00046    0.00005          5  0.000e+00
      35281   1470.000     20.226     20.360    28.7903    28.7902   5.837025   5.836951     3.1319     2.6484      46.28   26.38442  -83.60872   -0.00049    0.00008          5  0.000e+00
      35282   1470.042     20.267     20.401    28.7901    28.7898   5.836985   5.836927     3.1319     2.6471      46.28   26.38442  -83.60872   -0.00053    0.00009          5  0.000e+00
      35283   1470.083     20.226     20.360    28.7901    28.7896   5.836930   5.836879     3.1319     2.6484      46.28   26.38442  -83.60872   -0.00055    0.00011          5  0.000e+00
      35284   1470.125     20.274     20.408    28.7899    28.7898   5.836922   5.836919     3.1319     2.6471      46.28   26.38442  -83.60872   -0.00056    0.00012          5  0.000e+00
      35285   1470.167     20.267     20.401    28.7903    28.7900   5.836954   5.836919     3.1331     2.6471      46.28   26.38442  -83.60872   -0.00058    0.00011          5  0.000e+00
      35286   1470.208     20.273     20.408    28.7903    28.7902   5.836969   5.836951     3.1319     2.6471      46.28   26.38442  -83.60872   -0.00061    0.00010          5  0.000e+00
      35287   1470.250     20.273     20.408    28.7901    28.7900   5.836898   5.836967     3.1319     2.6471      46.28   26.38442  -83.60872   -0.00065    0.00010          5  0.000e+00
      35288   1470.292     20.314     20.449    28.7899    28.7902   5.836906   5.837000     3.1319     2.6471      46.28   26.38442  -83.60872   -0.00068    0.00009          5  0.000e+00
      35289   1470.333     20.273     20.408    28.7899    28.7902   5.836954   5.836959     3.1319     2.6471      46.28   26.38442  -83.60872   -0.00070    0.00008          5  0.000e+00
      35290   1470.375     20.321     20.455    28.7903    28.7904   5.836969   5.836992     3.1319     2.6471      46.28   26.38442  -83.60872   -0.00071    0.00007          5  0.000e+00
      35291   1470.417     20.273     20.408    28.7903    28.7902   5.837001   5.837016     3.1319     2.6471      46.28   26.38442  -83.60872   -0.00073    0.00008          5  0.000e+00
      35292   1470.458     20.314     20.449    28.7904    28.7906   5.837017   5.837040     3.1319     2.6471      46.28   26.38442  -83.60872   -0.00074    0.00007          5  0.000e+00
      35293   1470.500     20.321     20.455    28.7901    28.7906   5.836977   5.837056     3.1331     2.6471      46.18   26.38442  -83.60872   -0.00074    0.00008          5  0.000e+00
      35294   1470.542     20.321     20.455    28.7899    28.7906   5.836969   5.837040     3.1319     2.6471      46.08   26.38442  -83.60872   -0.00075    0.00009          5  0.000e+00
      35295   1470.583     20.368     20.503    28.7899    28.7904   5.836938   5.837016     3.1331     2.6484      46.06   26.38442  -83.60872   -0.00074    0.00012          5  0.000e+00
      35296   1470.625     20.321     20.455    28.7903    28.7906   5.836922   5.837080     3.1331     2.6484      46.06   26.38442  -83.60872   -0.00072    0.00014          5  0.000e+00
      35297   1470.667     20.375     20.510    28.7901    28.7906   5.836851   5.837064     3.1331     2.6484      46.06   26.38442  -83.60872   -0.00069    0.00017          5  0.000e+00
      35298   1470.708     20.314     20.449    28.7901    28.7904   5.836898   5.837056     3.1331     2.6484      46.06   26.38442  -83.60872   -0.00067    0.00020          5  0.000e+00
      35299   1470.750     20.375     20.510    28.7899    28.7904   5.836882   5.837008     3.1331     2.6484      46.08   26.38442  -83.60872   -0.00064    0.00021          5  0.000e+00
      35300   1470.792     20.375     20.510    28.7899    28.7902   5.836874   5.837040     3.1331     2.6484      46.06   26.38442  -83.60872   -0.00062    0.00024          5  0.000e+00
      35301   1470.833     20.321     20.455    28.7899    28.7902   5.836874   5.837024     3.1343     2.6484      46.08   26.38442  -83.60872   -0.00059    0.00026          5  0.000e+00
      35302   1470.875     20.368     20.503    28.7901    28.7906   5.836874   5.837040     3.1343     2.6484      46.08   26.38442  -83.60872   -0.00054    0.00029          5  0.000e+00
      35303   1470.917     20.375     20.510    28.7899    28.7902   5.836946   5.837056     3.1331     2.6484      46.06   26.38442  -83.60872   -0.00052    0.00032          5  0.000e+00
      35304   1470.958     20.375     20.510    28.7901    28.7907   5.836898   5.837080     3.1343     2.6484      46.08   26.38442  -83.60872   -0.00049    0.00034          5  0.000e+00
      35305   1471.000     20.368     20.503    28.7897    28.7906   5.836914   5.837096     3.1343     2.6484      46.08   26.38442  -83.60872   -0.00046    0.00037          5  0.000e+00
      35306   1471.042     20.375     20.510    28.7897    28.7907   5.836851   5.837136     3.1331     2.6484      46.06   26.38442  -83.60872   -0.00043    0.00040          5  0.000e+00
      35307   1471.083     20.375     20.510    28.7897    28.7910   5.836930   5.837112     3.1343     2.6484      46.08   26.38442  -83.60872   -0.00040    0.00043          5  0.000e+00
      35308   1471.125     20.416     20.551    28.7897    28.7910   5.836867   5.837176     3.1343     2.6484      46.08   26.38442  -83.60872   -0.00037    0.00045          5  0.000e+00
      35309   1471.167     20.321     20.455    28.7895    28.7913   5.836898   5.837216     3.1343     2.6484      46.08   26.38442  -83.60872   -0.00034    0.00048          5  0.000e+00
      35310   1471.208     20.422     20.558    28.7897    28.7911   5.836851   5.837168     3.1343     2.6484      46.08   26.38442  -83.60872   -0.00032    0.00051          5  0.000e+00
      35311   1471.250     20.321     20.455    28.7895    28.7911   5.836827   5.837152     3.1355     2.6484      46.06   26.38442  -83.60872   -0.00027    0.00053          5  0.000e+00
      35312   1471.292     20.463     20.598    28.7897    28.7911   5.836827   5.837152     3.1343     2.6484      46.06   26.38442  -83.60872   -0.00024    0.00056          5  0.000e+00
      35313   1471.333     20.375     20.510    28.7895    28.7910   5.836867   5.837152     3.1343     2.6471      46.08   26.38442  -83.60872   -0.00019    0.00057          5  0.000e+00
      35314   1471.375     20.375     20.510    28.7893    28.7910   5.836795   5.837168     3.1343     2.6471      46.06   26.38442  -83.60872   -0.00017    0.00058          5  0.000e+00
      35315   1471.417     20.415     20.551    28.7895    28.7910   5.836819   5.837192     3.1355     2.6471      46.08   26.38442  -83.60872   -0.00010    0.00059          5  0.000e+00
      35316   1471.458     20.375     20.510    28.7893    28.7910   5.836859   5.837160     3.1355     2.6471      46.06   26.38442  -83.60872   -0.00004    0.00060          5  0.000e+00
      35317   1471.500     20.375     20.510    28.7895    28.7910   5.836874   5.837152     3.1355     2.6471      46.03   26.38442  -83.60872    0.00003    0.00059          5  0.000e+00
      35318   1471.542     20.415     20.551    28.7895    28.7909   5.836874   5.837152     3.1355     2.6471      46.01   26.38442  -83.60872    0.00009    0.00059          5  0.000e+00
      35319   1471.583     20.321     20.455    28.7897    28.7911   5.836874   5.837168     3.1355     2.6471      46.01   26.38442  -83.60872    0.00014    0.00058          5  0.000e+00
      35320   1471.625     20.422     20.557    28.7897    28.7910   5.836914   5.837120     3.1355     2.6459      46.01   26.38442  -83.60872    0.00018    0.00056          5  0.000e+00
      35321   1471.667     20.368     20.503    28.7897    28.7910   5.836851   5.837104     3.1355     2.6471      46.01   26.38442  -83.60872    0.00023    0.00053          5  0.000e+00
      35322   1471.708     20.375     20.510    28.7897    28.7907   5.836859   5.837104     3.1355     2.6459      46.01   26.38442  -83.60872    0.00027    0.00049          5  0.000e+00
      35323   1471.750     20.375     20.510    28.7899    28.7906   5.836914   5.837064     3.1355     2.6459      46.01   26.38442  -83.60872    0.00030    0.00045          5  0.000e+00
      35324   1471.792     20.321     20.455    28.7899    28.7909   5.836882   5.837104     3.1355     2.6459      46.01   26.38442  -83.60872    0.00033    0.00041          5  0.000e+00
      35325   1471.833     20.415     20.551    28.7899    28.7910   5.836906   5.837176     3.1355     2.6471      46.01   26.38442  -83.60872    0.00035    0.00038          5  0.000e+00
      35326   1471.875     20.321     20.455    28.7899    28.7913   5.836922   5.837232     3.1355     2.6471      46.01   26.38442  -83.60872    0.00038    0.00034          5  0.000e+00
      35327   1471.917     20.375     20.510    28.7899    28.7917   5.836922   5.837248     3.1355     2.6471      46.01   26.38442  -83.60872    0.00040    0.00030          5  0.000e+00
      35328   1471.958     20.368     20.503    28.7901    28.7917   5.836890   5.837208     3.1368     2.6471      46.01   26.38442  -83.60872    0.00044    0.00025          5  0.000e+00
      35329   1472.000     20.321     20.455    28.7901    28.7915   5.836946   5.837176     3.1355     2.6459      46.01   26.38442  -83.60872    0.00047    0.00019          5  0.000e+00
      35330   1472.042     20.321     20.455    28.7903    28.7915   5.836969   5.837224     3.1355     2.6459      46.01   26.38442  -83.60872    0.00049    0.00013          5  0.000e+00
      35331   1472.083     20.314     20.448    28.7904    28.7913   5.837080   5.837176     3.1368     2.6459      46.01   26.38442  -83.60872    0.00053    0.00007          5  0.000e+00
      35332   1472.125     20.321     20.455    28.7908    28.7913   5.837143   5.837184     3.1368     2.6459      46.01   26.38442  -83.60872    0.00056    0.00000          5  0.000e+00
      35333   1472.167     20.321     20.455    28.7913    28.7911   5.837159   5.837160     3.1368     2.6459      46.01   26.38442  -83.60872    0.00060   -0.00008          5  0.000e+00
      35334   1472.208     20.321     20.455    28.7913    28.7913   5.837159   5.837200     3.1368     2.6459      46.01   26.38442  -83.60872    0.00063   -0.00014          5  0.000e+00
      35335   1472.250     20.314     20.448    28.7910    28.7910   5.837159   5.837128     3.1368     2.6459      46.01   26.38442  -83.60872    0.00067   -0.00021          5  0.000e+00
      35336   1472.292     20.321     20.455    28.7912    28.7910   5.837088   5.837136     3.1380     2.6459      46.01   26.38442  -83.60872    0.00072   -0.00027          5  0.000e+00
      35337   1472.333     20.273     20.407    28.7908    28.7909   5.837025   5.837080     3.1368     2.6459      46.01   26.38442  -83.60872    0.00075   -0.00034          5  0.000e+00
      35338   1472.375     20.314     20.448    28.7910    28.7907   5.837056   5.837088     3.1368     2.6459      45.98   26.38442  -83.60872    0.00078   -0.00040          5  0.000e+00
      35339   1472.417     20.226     20.360    28.7906    28.7913   5.837025   5.837152     3.1380     2.6459      46.01   26.38442  -83.60872    0.00083   -0.00045          5  0.000e+00
      35340   1472.458     20.273     20.407    28.7906    28.7917   5.837048   5.837224     3.1380     2.6459      46.01   26.38442  -83.60872    0.00089   -0.00052          5  0.000e+00
      35341   1472.500     20.314     20.448    28.7906    28.7919   5.837064   5.837208     3.1380     2.6471      46.06   26.38442  -83.60872    0.00096   -0.00055          5  0.000e+00
      35342   1472.542     20.226     20.360    28.7912    28.7915   5.837135   5.837232     3.1380     2.6471      46.13   26.38442  -83.60872    0.00102   -0.00058          5  0.000e+00
      35343   1472.583     20.273     20.407    28.7913    28.7917   5.837159   5.837208     3.1380     2.6471      46.15   26.38442  -83.60872    0.00108   -0.00061          5  0.000e+00
      35344   1472.625     20.124     20.258    28.7912    28.7917   5.837159   5.837248     3.1380     2.6471      46.15   26.38442  -83.60872    0.00114   -0.00063          5  0.000e+00
      35345   1472.667     20.368     20.503    28.7912    28.7919   5.837088   5.837248     3.1380     2.6471      46.13   26.38442  -83.60872    0.00118   -0.00064          5  0.000e+00
      35346   1472.708     20.226     20.360    28.7908    28.7922   5.837064   5.837392     3.1380     2.6484      46.15   26.38442  -83.60872    0.00122   -0.00064          5  0.000e+00
      35347   1472.750     20.226     20.360    28.7908    28.7926   5.837096   5.837473     3.1380     2.6484      46.15   26.38442  -83.60872    0.00125   -0.00062          5  0.000e+00
      35348   1472.792     20.219     20.353    28.7910    28.7926   5.837112   5.837433     3.1380     2.6484      46.15   26.38442  -83.60872    0.00129   -0.00060          5  0.000e+00
      39853   1660.500     10.476     10.546    28.7667    28.7684   5.832827   5.833081     3.1380     2.6545      55.70   26.38448  -83.60870    0.00063    0.00074          6  0.000e+00
      39854   1660.542     10.476     10.546    28.7666    28.7682   5.832803   5.833081     3.1380     2.6557      55.70   26.38448  -83.60870    0.00070    0.00088          6  0.000e+00
      39855   1660.583     10.375     10.443    28.7667    28.7681   5.832826   5.833089     3.1380     2.6557      55.68   26.38448  -83.60870    0.00078    0.00102          6  0.000e+00
      39856   1660.625     10.429     10.498    28.7667    28.7682   5.832732   5.833089     3.1380     2.6557      55.68   26.38448  -83.60870    0.00085    0.00116          6  0.000e+00
      39857   1660.667     10.429     10.498    28.7666    28.7682   5.832795   5.833089     3.1380     2.6557      55.68   26.38448  -83.60870    0.00092    0.00131          6  0.000e+00
      39858   1660.708     10.429     10.498    28.7667    28.7680   5.832803   5.833089     3.1380     2.6557      55.68   26.38448  -83.60870    0.00097    0.00145          6  0.000e+00
      39859   1660.750     10.375     10.443    28.7667    28.7683   5.832755   5.833121     3.1368     2.6557      55.68   26.38448  -83.60870    0.00101    0.00160          6  0.000e+00
      39860   1660.792     10.375     10.443    28.7668    28.7682   5.832732   5.833097     3.1368     2.6557      55.68   26.38448  -83.60870    0.00107    0.00175          6  0.000e+00
      39861   1660.833     10.429     10.498    28.7667    28.7682   5.832779   5.833081     3.1380     2.6557      55.68   26.38448  -83.60870    0.00113    0.00190          6  0.000e+00
      39862   1660.875     10.375     10.443    28.7667    28.7682   5.832795   5.833049     3.1380     2.6557      55.68   26.38448  -83.60870    0.00117    0.00205          6  0.000e+00
      39863   1660.917     10.375     10.443    28.7672    28.7683   5.832779   5.833113     3.1368     2.6569      55.70   26.38448  -83.60870    0.00119    0.00219          6  0.000e+00
      39864   1660.958     10.280     10.348    28.7670    28.7684   5.832787   5.833065     3.1368     2.6557      55.68   26.38448  -83.60870    0.00121    0.00232          6  0.000e+00
      39865   1661.000     10.429     10.498    28.7669    28.7682   5.832795   5.833113     3.1380     2.6557      55.68   26.38448  -83.60870    0.00125    0.00245          6  0.000e+00
      39866   1661.042     10.327     10.396    28.7670    28.7684   5.832795   5.833097     3.1368     2.6569      55.68   26.38448  -83.60870    0.00126    0.00259          6  0.000e+00
      39867   1661.083     10.375     10.443    28.7670    28.7683   5.832819   5.833089     3.1368     2.6569      55.68   26.38448  -83.60870    0.00127    0.00271          6  0.000e+00
