GOMECC/GOMECC-4/1db/rb2103_0171.cnv
* Sea-Bird SBE 9 Data File:
* FileName = C:\Users\scs.user.rb\CTD\GOMECC4\data\rb2103_0171.hex
* Software Version Seasave V 7.26.7.107
* Temperature SN = 4799
* Conductivity SN = 3860
* Number of Bytes Per Scan = 41
* Number of Voltage Words = 4
* Number of Scans Averaged by the Deck Unit = 1
* NMEA Latitude = 27 46.70 N
* NMEA Longitude = 083 19.94 W
* NMEA UTC (Time) = Sep 19 2021  10:40:02
* NMEA baud rate = 4800
# nquan = 28
# nvalues = 22                          
# units = specified
# name 0 = scan: Scan Count
# name 1 = timeS: Time, Elapsed [seconds]
# name 2 = depSM: Depth [salt water, m]
# name 3 = prDM: Pressure, Digiquartz [db]
# name 4 = t090C: Temperature [ITS-90, deg C]
# name 5 = t190C: Temperature, 2 [ITS-90, deg C]
# name 6 = c0S/m: Conductivity [S/m]
# name 7 = c1S/m: Conductivity, 2 [S/m]
# name 8 = sbeox0V: Oxygen raw, SBE 43 [V]
# name 9 = sbeox1V: Oxygen raw, SBE 43, 2 [V]
# name 10 = altM: Altimeter [m]
# name 11 = latitude: Latitude [deg]
# name 12 = longitude: Longitude [deg]
# name 13 = sbox0dV/dT: Oxygen, SBE 43 [dov/dt]
# name 14 = sbox1dV/dT: Oxygen, SBE 43, 2 [dov/dt]
# name 15 = sbeox0ML/L: Oxygen, SBE 43 [ml/l], WS = 5
# name 16 = sbeox1ML/L: Oxygen, SBE 43, 2 [ml/l], WS = 5
# name 17 = potemp090C: Potential Temperature [ITS-90, deg C]
# name 18 = potemp190C: Potential Temperature, 2 [ITS-90, deg C]
# name 19 = sal00: Salinity, Practical [PSU]
# name 20 = sal11: Salinity, Practical, 2 [PSU]
# name 21 = sigma-é00: Density [sigma-theta, kg/m^3]
# name 22 = sigma-é11: Density, 2 [sigma-theta, kg/m^3]
# name 23 = avgsvCM: Average Sound Velocity [Chen-Millero, m/s], minP = 20, minS = 20
# name 24 = sbox0Mm/Kg: Oxygen, SBE 43 [umol/kg], WS = 5
# name 25 = sbox1Mm/Kg: Oxygen, SBE 43, 2 [umol/kg], WS = 5
# name 26 = nbin: number of scans per bin
# name 27 = flag: flag
# span 0 =       7341,      19080       
# span 1 =    305.846,    794.975       
# span 2 =      2.980,     16.886       
# span 3 =      3.000,     17.000       
# span 4 =    29.3513,    29.5172       
# span 5 =    29.3524,    29.6199       
# span 6 =   5.924516,   5.983365       
# span 7 =   5.924794,   5.979180       
# span 8 =     3.1198,     3.1408       
# span 9 =     2.6487,     2.6739       
# span 10 =      15.21,      28.21      
# span 11 =   27.77824,   28.01354      
# span 12 =  -84.03825,  -83.33232      
# span 13 =   -0.00068,    0.00111      
# span 14 =   -0.00133,    0.00259      
# span 15 =     4.2902,     4.3049      
# span 16 =     4.2974,     4.3266      
# span 17 =    29.3505,    29.5143      
# span 18 =    29.3517,    29.6170      
# span 19 =    36.0829,    36.2242      
# span 20 =    36.0846,    36.3647      
# span 21 =    22.7583,    22.8219      
# span 22 =    22.7587,    22.9164      
# span 23 =       0.00,    1559.30      
# span 24 =    187.336,    187.978      
# span 25 =    187.652,    188.923      
# span 26 =         37,         74      
# span 27 = 0.0000e+00, 0.0000e+00      
# interval = decibars: 1                
# start_time = Sep 19 2021 10:40:02 [NMEA time, header]
# bad_flag = -9.990e-29
*END*
       7341    305.846      4.967      5.000    29.3635    29.3632   5.926419   5.926550     3.1234     2.6523      26.66   27.77836  -83.33242    0.00038   -0.00052     4.2992     4.3035    29.3623    29.3620    36.0870    36.0881    22.7584    22.7594       0.00    187.729    187.919         37 0.0000e+00
       7455    310.596      5.960      6.000    29.3651    29.3706   5.926801   5.927835     3.1234     2.6505      25.67   27.77836  -83.33242   -0.00015   -0.00092     4.2995     4.2999    29.3637    29.3692    36.0873    36.0904    22.7583    22.7587       0.00    187.743    187.760         46 0.0000e+00
       7660    319.114      7.947      8.000    29.3861    29.3878   5.931218   5.931577     3.1262     2.6505      23.88   27.80293  -83.40612    0.00023    0.00009     4.3049     4.3008    29.3841    29.3858    36.1170    36.1186    22.7786    22.7792       0.00    187.978    187.799         53 0.0000e+00
       7715    321.414      8.940      9.000    29.3751    29.3769   5.928593   5.929015     3.1247     2.6518      22.81   27.77836  -83.33242    0.00017    0.00176     4.3026     4.3036    29.3729    29.3747    36.0920    36.0934    22.7586    22.7591       0.00    187.877    187.924         62 0.0000e+00
       7766    323.562      9.933     10.000    29.3735    29.3746   5.928327   5.928090     3.1224     2.6513      21.94   27.77836  -83.33242   -0.00015   -0.00014     4.2990     4.3031    29.3711    29.3722    36.0919    36.0931    22.7591    22.7597       0.00    187.722    187.901         46 0.0000e+00
       7817    325.667     10.927     11.000    29.3745    29.3605   5.928472   5.926395     3.1233     2.6511      20.94   27.77836  -83.33242   -0.00039    0.00030     4.3010     4.3044    29.3718    29.3578    36.0929    36.0872    22.7597    22.7602       0.00    187.810    187.958         58 0.0000e+00
       7877    328.178     11.920     12.000    29.3745    29.3740   5.928752   5.928813     3.1222     2.6504      19.92   27.77836  -83.33242   -0.00006   -0.00084     4.2996     4.3023    29.3716    29.3711    36.0926    36.0933    22.7596    22.7603       0.00    187.747    187.865         55 0.0000e+00
       7927    330.252     12.913     13.000    29.3810    29.3809   5.929968   5.929975     3.1207     2.6487      19.06   27.77836  -83.33242   -0.00068   -0.00033     4.2969     4.2989    29.3779    29.3777    36.0957    36.0968    22.7597    22.7606       0.00    187.627    187.717         51 0.0000e+00
       7979    332.401     13.907     14.000    29.3802    29.3878   5.929968   5.931461     3.1209     2.6509      18.10   27.77836  -83.33242   -0.00019    0.00015     4.2978     4.3033    29.3768    29.3844    36.0960    36.1006    22.7603    22.7612       0.00    187.670    187.909         49 0.0000e+00
       8026    334.378     14.900     15.000    29.3927    29.3943   5.932213   5.932736     3.1220     2.6506      17.09   27.77836  -83.33242    0.00011    0.00061     4.2992     4.3026    29.3890    29.3906    36.1018    36.1041    22.7605    22.7617       0.00    187.729    187.877         48 0.0000e+00
       8078    336.550     15.893     16.000    29.3928    29.3917   5.932231   5.931984     3.1233     2.6541      16.09   27.77836  -83.33242    0.00095    0.00035     4.3026     4.3096    29.3890    29.3878    36.1019    36.1023    22.7606    22.7614       0.00    187.877    188.181         49 0.0000e+00
       8129    338.656     16.886     17.000    29.4936    29.4932   5.952041   5.952061     3.1281     2.6592      15.21   27.77836  -83.33242    0.00111    0.00259     4.3021     4.3124    29.4894    29.4890    36.1613    36.1619    22.7713    22.7718       0.00    187.853    188.303         39 0.0000e+00
      16546    689.374     11.893     12.000    29.5172    29.6199   5.983365   5.979180     3.1408     2.6739      19.73   28.01354  -84.03825    0.00100    0.00089     4.2994     4.3266    29.5143    29.6170    36.2242    36.3647    22.8219    22.9164    1559.30    187.736    188.923         50 0.0000e+00
      16481    686.659     10.927     11.000    29.4176    29.3966   5.938480   5.933759     3.1198     2.6506      20.40   27.77824  -83.33236   -0.00028   -0.00002     4.2902     4.3003    29.4149    29.3939    36.1274    36.1106    22.7711    22.7655    1546.20    187.336    187.776         68 0.0000e+00
      16559    689.911      9.933     10.000    29.3937    29.3902   5.932857   5.931949     3.1232     2.6540      21.40   27.77824  -83.33236    0.00088    0.00087     4.2986     4.3075    29.3912    29.3877    36.1079    36.1057    22.7644    22.7639    1546.20    187.701    188.091         66 0.0000e+00
      16639    693.239      8.940      9.000    29.3815    29.3751   5.930388   5.929370     3.1230     2.6505      22.30   27.77824  -83.33236   -0.00012   -0.00133     4.2987     4.3009    29.3793    29.3729    36.0992    36.0971    22.7619    22.7625    1546.20    187.709    187.802         70 0.0000e+00
      16719    696.584      7.947      8.000    29.3712    29.3659   5.928379   5.927463     3.1210     2.6511      23.31   27.77824  -83.33236   -0.00054   -0.00005     4.2957     4.3023    29.3692    29.3639    36.0936    36.0914    22.7611    22.7612    1546.20    187.576    187.865         71 0.0000e+00
      16797    699.847      6.953      7.000    29.3677    29.3604   5.927717   5.926474     3.1222     2.6504      24.26   27.77824  -83.33236    0.00052    0.00042     4.2974     4.3010    29.3660    29.3587    36.0919    36.0890    22.7609    22.7612    1546.20    187.650    187.808         69 0.0000e+00
      16866    702.724      5.960      6.000    29.3569    29.3556   5.925772   5.925537     3.1214     2.6513      25.22   27.77824  -83.33236   -0.00041   -0.00035     4.2966     4.3026    29.3554    29.3542    36.0871    36.0864    22.7608    22.7608    1546.20    187.616    187.879         74 0.0000e+00
      16942    705.886      4.967      5.000    29.3523    29.3530   5.924755   5.925030     3.1207     2.6522      26.21   27.77824  -83.33236   -0.00008    0.00059     4.2951     4.3041    29.3511    29.3518    36.0838    36.0852    22.7599    22.7607    1546.20    187.552    187.943         68 0.0000e+00
      17544    730.945      3.973      4.000    29.3517    29.3542   5.924516   5.925100     3.1217     2.6499      27.19   27.77824  -83.33235    0.00007   -0.00017     4.2965     4.2988    29.3507    29.3532    36.0829    36.0851    22.7593    22.7601    1546.20    187.612    187.714         38 0.0000e+00
      19080    794.975      2.980      3.000    29.3513    29.3524   5.924591   5.924794     3.1220     2.6494      28.21   27.77824  -83.33232    0.00075   -0.00093     4.2966     4.2974    29.3505    29.3517    36.0841    36.0846    22.7603    22.7603    1546.20    187.618    187.652         39 0.0000e+00
