GOMECC/GOMECC-4/1db/rb2103_0231.ros
* Sea-Bird SBE 9 Data File:
* FileName = C:\Users\scs.user.rb\CTD\GOMECC4\data\rb2103_0231.hex
* Software Version Seasave V 7.26.7.107
* Temperature SN = 4799
* Conductivity SN = 3860
* Number of Bytes Per Scan = 41
* Number of Voltage Words = 4
* Number of Scans Averaged by the Deck Unit = 1
* NMEA Latitude = 28 51.94 N
* NMEA Longitude = 085 55.30 W
* NMEA UTC (Time) = Sep 21 2021  03:02:09
* NMEA baud rate = 4800
# nquan = 17
# nvalues = 1729                                  
# units = specified
# name 0 = scan: Scan Count
# name 1 = timeS: Time, Elapsed [seconds]
# name 2 = depSM: Depth [salt water, m]
# name 3 = prDM: Pressure, Digiquartz [db]
# name 4 = t090C: Temperature [ITS-90, deg C]
# name 5 = t190C: Temperature, 2 [ITS-90, deg C]
# name 6 = c0S/m: Conductivity [S/m]
# name 7 = c1S/m: Conductivity, 2 [S/m]
# name 8 = sbeox0V: Oxygen raw, SBE 43 [V]
# name 9 = sbeox1V: Oxygen raw, SBE 43, 2 [V]
# name 10 = altM: Altimeter [m]
# name 11 = latitude: Latitude [deg]
# name 12 = longitude: Longitude [deg]
# name 13 = sbox0dV/dT: Oxygen, SBE 43 [dov/dt]
# name 14 = sbox1dV/dT: Oxygen, SBE 43, 2 [dov/dt]
# name 15 = nbf: Bottles Fired
# name 16 = flag:  0.000e+00
# interval = seconds: 0.0416667
# start_time = Sep 21 2021 03:02:09 [NMEA time, header]
# bad_flag = -9.990e-29
*END*
[from data line 1703]
      66890   2787.042      4.170      4.198    28.4646    28.4659   5.625886   5.626148     3.1209     2.6545     100.00   28.85930  -85.92442   -0.00002    0.00006         13  0.000e+00
      66891   2787.083      4.155      4.183    28.4647    28.4662   5.625909   5.626133     3.1209     2.6545     100.00   28.85930  -85.92442    0.00003    0.00006         13  0.000e+00
      66892   2787.125      4.170      4.198    28.4647    28.4663   5.625956   5.626148     3.1209     2.6545     100.00   28.85930  -85.92442    0.00009    0.00008         13  0.000e+00
      66893   2787.167      4.155      4.183    28.4646    28.4662   5.625932   5.626164     3.1209     2.6545     100.00   28.85930  -85.92442    0.00014    0.00010         13  0.000e+00
      66894   2787.208      4.170      4.198    28.4647    28.4668   5.625924   5.626070     3.1209     2.6545     100.00   28.85930  -85.92442    0.00020    0.00012         13  0.000e+00
      66895   2787.250      4.170      4.198    28.4647    28.4665   5.625956   5.626133     3.1209     2.6532     100.00   28.85930  -85.92442    0.00025    0.00012         13  0.000e+00
      66896   2787.292      4.155      4.183    28.4649    28.4664   5.626002   5.626093     3.1209     2.6532     100.00   28.85930  -85.92442    0.00031    0.00012         13  0.000e+00
      66897   2787.333      4.170      4.198    28.4649    28.4661   5.625979   5.626109     3.1221     2.6532     100.00   28.85930  -85.92442    0.00038    0.00014         13  0.000e+00
      66898   2787.375      4.064      4.091    28.4649    28.4661   5.626002   5.626125     3.1209     2.6532     100.00   28.85930  -85.92442    0.00043    0.00016         13  0.000e+00
      66899   2787.417      4.268      4.297    28.4651    28.4657   5.626018   5.626125     3.1209     2.6532     100.00   28.85930  -85.92442    0.00048    0.00019         13  0.000e+00
      66900   2787.458      4.230      4.259    28.4651    28.4659   5.625979   5.626125     3.1221     2.6532     100.00   28.85930  -85.92442    0.00055    0.00021         13  0.000e+00
      66901   2787.500      4.155      4.183    28.4649    28.4657   5.626041   5.626125     3.1221     2.6520     100.00   28.85930  -85.92442    0.00062    0.00021         13  0.000e+00
      66902   2787.542      4.170      4.198    28.4653    28.4655   5.626026   5.626085     3.1221     2.6520     100.00   28.85930  -85.92442    0.00067    0.00022         13  0.000e+00
      66903   2787.583      4.230      4.259    28.4651    28.4656   5.626018   5.626117     3.1221     2.6520     100.00   28.85930  -85.92442    0.00074    0.00023         13  0.000e+00
      66904   2787.625      4.155      4.183    28.4655    28.4653   5.625979   5.626125     3.1221     2.6520     100.00   28.85930  -85.92442    0.00078    0.00024         13  0.000e+00
      66905   2787.667      4.230      4.259    28.4655    28.4657   5.625971   5.626125     3.1221     2.6520     100.00   28.85930  -85.92442    0.00083    0.00025         13  0.000e+00
      66906   2787.708      4.215      4.244    28.4649    28.4657   5.626002   5.626149     3.1221     2.6520     100.00   28.85930  -85.92442    0.00088    0.00026         13  0.000e+00
      66907   2787.750      4.230      4.259    28.4647    28.4659   5.625979   5.626133     3.1221     2.6520     100.00   28.85930  -85.92442    0.00094    0.00027         13  0.000e+00
      66908   2787.792      4.230      4.259    28.4647    28.4657   5.625932   5.626125     3.1209     2.6520     100.00   28.85930  -85.92442    0.00097    0.00029         13  0.000e+00
      66909   2787.833      4.215      4.244    28.4640    28.4656   5.625886   5.626125     3.1209     2.6520     100.00   28.85930  -85.92442    0.00101    0.00030         13  0.000e+00
      66910   2787.875      4.230      4.259    28.4642    28.4657   5.625909   5.626085     3.1209     2.6520     100.00   28.85930  -85.92442    0.00106    0.00030         13  0.000e+00
      66911   2787.917      4.215      4.244    28.4640    28.4654   5.625886   5.626109     3.1209     2.6520     100.00   28.85930  -85.92442    0.00108    0.00030         13  0.000e+00
      66912   2787.958      4.230      4.259    28.4635    28.4653   5.625839   5.626093     3.1209     2.6520     100.00   28.85930  -85.92442    0.00111    0.00030         13  0.000e+00
      66913   2788.000      4.230      4.259    28.4637    28.4655   5.625792   5.626141     3.1209     2.6520     100.00   28.85930  -85.92442    0.00113    0.00028         13  0.000e+00
      66914   2788.042      4.268      4.297    28.4638    28.4657   5.625815   5.626133     3.1209     2.6520     100.00   28.85930  -85.92442    0.00115    0.00026         13  0.000e+00
      66915   2788.083      4.230      4.259    28.4633    28.4653   5.625761   5.626085     3.1209     2.6520     100.00   28.85930  -85.92442    0.00118    0.00025         13  0.000e+00
