GOMECC/GOMECC-4/1db/rb2103_0991.ros
* Sea-Bird SBE 9 Data File:
* FileName = C:\Users\scs.user.rb\CTD\GOMECC4\data\rb2103_0991.hex
* Software Version Seasave V 7.26.7.107
* Temperature SN = 4799
* Conductivity SN = 3860
* Number of Bytes Per Scan = 41
* Number of Voltage Words = 4
* Number of Scans Averaged by the Deck Unit = 1
* NMEA Latitude = 21 55.59 N
* NMEA Longitude = 088 00.01 W
* NMEA UTC (Time) = Oct 12 2021  09:32:54
* NMEA baud rate = 4800
# nquan = 17
# nvalues = 399                                   
# units = specified
# name 0 = scan: Scan Count
# name 1 = timeS: Time, Elapsed [seconds]
# name 2 = depSM: Depth [salt water, m]
# name 3 = prDM: Pressure, Digiquartz [db]
# name 4 = t090C: Temperature [ITS-90, deg C]
# name 5 = t190C: Temperature, 2 [ITS-90, deg C]
# name 6 = c0S/m: Conductivity [S/m]
# name 7 = c1S/m: Conductivity, 2 [S/m]
# name 8 = sbeox0V: Oxygen raw, SBE 43 [V]
# name 9 = sbeox1V: Oxygen raw, SBE 43, 2 [V]
# name 10 = altM: Altimeter [m]
# name 11 = latitude: Latitude [deg]
# name 12 = longitude: Longitude [deg]
# name 13 = sbox0dV/dT: Oxygen, SBE 43 [dov/dt]
# name 14 = sbox1dV/dT: Oxygen, SBE 43, 2 [dov/dt]
# name 15 = nbf: Bottles Fired
# name 16 = flag:  0.000e+00
# interval = seconds: 0.0416667
# start_time = Oct 12 2021 09:32:54 [NMEA time, header]
# bad_flag = -9.990e-29
*END*
[from data line 171]
      16691    695.417      9.809      9.871    29.2305    29.2320   5.956739   5.957105     3.1575     2.6703      13.72   21.92664  -88.00018    0.00163    0.00073          2  0.000e+00
      16692    695.458      9.809      9.871    29.2305    29.2319   5.956731   5.957073     3.1587     2.6703      13.72   21.92664  -88.00018    0.00161    0.00074          2  0.000e+00
      16693    695.500      9.809      9.871    29.2309    29.2319   5.956747   5.957056     3.1575     2.6703      13.72   21.92664  -88.00018    0.00159    0.00075          2  0.000e+00
      16694    695.542      9.809      9.871    29.2316    29.2319   5.956787   5.957032     3.1575     2.6703      13.72   21.92664  -88.00018    0.00156    0.00075          2  0.000e+00
      16695    695.583      9.809      9.871    29.2316    29.2319   5.956763   5.957081     3.1587     2.6703      13.72   21.92664  -88.00018    0.00154    0.00074          2  0.000e+00
      16696    695.625      9.809      9.871    29.2318    29.2317   5.956787   5.956992     3.1587     2.6716      13.70   21.92664  -88.00018    0.00153    0.00075          2  0.000e+00
      16697    695.667      9.809      9.871    29.2316    29.2319   5.956835   5.957048     3.1587     2.6716      13.72   21.92664  -88.00018    0.00151    0.00076          2  0.000e+00
      16698    695.708      9.809      9.871    29.2312    29.2317   5.956811   5.956911     3.1587     2.6716      13.72   21.92664  -88.00018    0.00152    0.00076          2  0.000e+00
      16699    695.750      9.809      9.871    29.2312    29.2318   5.956819   5.956984     3.1575     2.6716      13.72   21.92664  -88.00018    0.00150    0.00077          2  0.000e+00
      16700    695.792      9.809      9.871    29.2309    29.2321   5.956803   5.957048     3.1575     2.6716      13.72   21.92664  -88.00018    0.00148    0.00075          2  0.000e+00
      16701    695.833      9.809      9.871    29.2310    29.2319   5.956731   5.957016     3.1575     2.6716      13.72   21.92664  -88.00018    0.00146    0.00073          2  0.000e+00
      16702    695.875      9.809      9.871    29.2307    29.2317   5.956707   5.956984     3.1575     2.6716      13.72   21.92664  -88.00018    0.00144    0.00072          2  0.000e+00
      16703    695.917      9.857      9.919    29.2309    29.2319   5.956667   5.957000     3.1563     2.6703      13.72   21.92664  -88.00018    0.00140    0.00068          2  0.000e+00
      16704    695.958      9.762      9.823    29.2307    29.2317   5.956659   5.957008     3.1563     2.6703      13.72   21.92664  -88.00018    0.00138    0.00066          2  0.000e+00
      16705    696.000      9.809      9.871    29.2307    29.2313   5.956635   5.957024     3.1563     2.6703      13.72   21.92664  -88.00018    0.00136    0.00062          2  0.000e+00
      16706    696.042      9.809      9.871    29.2299    29.2310   5.956651   5.956935     3.1563     2.6703      13.72   21.92664  -88.00018    0.00133    0.00060          2  0.000e+00
      16707    696.083      9.809      9.871    29.2301    29.2307   5.956619   5.956927     3.1563     2.6703      13.70   21.92664  -88.00018    0.00131    0.00058          2  0.000e+00
      16708    696.125      9.809      9.871    29.2299    29.2308   5.956612   5.956951     3.1563     2.6703      13.72   21.92664  -88.00018    0.00128    0.00055          2  0.000e+00
      16709    696.167      9.857      9.919    29.2288    29.2306   5.956540   5.956887     3.1551     2.6703      13.70   21.92664  -88.00018    0.00122    0.00055          2  0.000e+00
      16710    696.208      9.762      9.823    29.2285    29.2306   5.956548   5.956911     3.1563     2.6691      13.72   21.92664  -88.00018    0.00117    0.00052          2  0.000e+00
      16711    696.250      9.809      9.871    29.2297    29.2310   5.956612   5.956984     3.1551     2.6691      13.72   21.92664  -88.00018    0.00113    0.00050          2  0.000e+00
      16712    696.292      9.809      9.871    29.2307    29.2308   5.956611   5.956967     3.1551     2.6691      13.72   21.92664  -88.00018    0.00108    0.00047          2  0.000e+00
      16713    696.333      9.809      9.871    29.2310    29.2308   5.956611   5.956903     3.1551     2.6691      13.72   21.92664  -88.00018    0.00104    0.00047          2  0.000e+00
      16714    696.375      9.762      9.823    29.2310    29.2309   5.956572   5.956903     3.1551     2.6691      13.72   21.92664  -88.00018    0.00099    0.00046          2  0.000e+00
      16715    696.417      9.809      9.871    29.2312    29.2308   5.956564   5.956927     3.1551     2.6691      13.70   21.92664  -88.00018    0.00092    0.00044          2  0.000e+00
      16716    696.458      9.809      9.871    29.2310    29.2308   5.956564   5.956911     3.1563     2.6691      13.70   21.92664  -88.00018    0.00088    0.00043          2  0.000e+00
      16717    696.500      9.809      9.871    29.2309    29.2306   5.956564   5.956911     3.1563     2.6691      13.70   21.92664  -88.00018    0.00083    0.00041          2  0.000e+00
      16718    696.542      9.762      9.823    29.2309    29.2306   5.956540   5.956887     3.1551     2.6691      13.72   21.92664  -88.00018    0.00078    0.00041          2  0.000e+00
      16719    696.583      9.809      9.871    29.2299    29.2308   5.956516   5.956903     3.1551     2.6691      13.70   21.92664  -88.00018    0.00073    0.00040          2  0.000e+00
      16720    696.625      9.809      9.871    29.2281    29.2306   5.956516   5.956870     3.1551     2.6691      13.70   21.92664  -88.00018    0.00066    0.00038          2  0.000e+00
      16721    696.667      9.762      9.823    29.2276    29.2307   5.956444   5.956838     3.1563     2.6679      13.70   21.92664  -88.00018    0.00061    0.00034          2  0.000e+00
      16722    696.708      9.809      9.871    29.2273    29.2302   5.956452   5.956854     3.1563     2.6691      13.70   21.92664  -88.00018    0.00056    0.00032          2  0.000e+00
      16723    696.750      9.809      9.871    29.2272    29.2304   5.956468   5.956911     3.1551     2.6691      13.72   21.92664  -88.00018    0.00050    0.00028          2  0.000e+00
      16724    696.792      9.762      9.823    29.2276    29.2299   5.956476   5.956878     3.1551     2.6691      13.70   21.92664  -88.00018    0.00043    0.00024          2  0.000e+00
      16725    696.833      9.762      9.823    29.2273    29.2301   5.956436   5.956862     3.1551     2.6691      13.72   21.92664  -88.00018    0.00036    0.00020          2  0.000e+00
      16726    696.875      9.809      9.871    29.2270    29.2301   5.956492   5.956879     3.1551     2.6691      13.70   21.92664  -88.00018    0.00029    0.00014          2  0.000e+00
      16727    696.917      9.762      9.823    29.2270    29.2301   5.956396   5.956830     3.1551     2.6691      13.70   21.92664  -88.00018    0.00021    0.00010          2  0.000e+00
      16728    696.958      9.809      9.871    29.2266    29.2302   5.956436   5.956830     3.1563     2.6691      13.70   21.92664  -88.00018    0.00017    0.00004          2  0.000e+00
      16729    697.000      9.762      9.823    29.2264    29.2301   5.956428   5.956854     3.1551     2.6691      13.70   21.92664  -88.00018    0.00010   -0.00000          2  0.000e+00
      16730    697.042      9.762      9.823    29.2266    29.2299   5.956428   5.956822     3.1563     2.6691      13.72   21.92664  -88.00018    0.00006   -0.00005          2  0.000e+00
      16731    697.083      9.762      9.823    29.2272    29.2301   5.956420   5.956862     3.1563     2.6691      13.72   21.92664  -88.00018    0.00002   -0.00009          2  0.000e+00
      16732    697.125      9.809      9.871    29.2274    29.2304   5.956372   5.956830     3.1563     2.6691      13.72   21.92664  -88.00018   -0.00002   -0.00013          2  0.000e+00
      16733    697.167      9.762      9.823    29.2273    29.2299   5.956404   5.956814     3.1551     2.6691      13.70   21.92664  -88.00018   -0.00008   -0.00018          2  0.000e+00
      16734    697.208      9.809      9.871    29.2270    29.2286   5.956372   5.956757     3.1563     2.6691      13.70   21.92664  -88.00018   -0.00013   -0.00022          2  0.000e+00
      16735    697.250      9.762      9.823    29.2266    29.2274   5.956404   5.956790     3.1563     2.6691      13.70   21.92664  -88.00018   -0.00015   -0.00026          2  0.000e+00
      16736    697.292      9.762      9.823    29.2263    29.2278   5.956428   5.956790     3.1563     2.6691      13.70   21.92664  -88.00018   -0.00018   -0.00029          2  0.000e+00
      16737    697.333      9.762      9.823    29.2263    29.2289   5.956340   5.956806     3.1563     2.6691      13.70   21.92664  -88.00018   -0.00022   -0.00032          2  0.000e+00
      16738    697.375      9.762      9.823    29.2260    29.2295   5.956348   5.956741     3.1563     2.6691      13.70   21.92664  -88.00018   -0.00025   -0.00035          2  0.000e+00
      16739    697.417      9.809      9.871    29.2274    29.2297   5.956404   5.956692     3.1551     2.6691      13.72   21.92664  -88.00018   -0.00030   -0.00037          2  0.000e+00
      16740    697.458      9.762      9.823    29.2292    29.2297   5.956452   5.956741     3.1551     2.6691      13.75   21.92664  -88.00018   -0.00034   -0.00040          2  0.000e+00
      16741    697.500      9.762      9.823    29.2301    29.2293   5.956500   5.956765     3.1563     2.6679      13.75   21.92664  -88.00018   -0.00037   -0.00043          2  0.000e+00
      16742    697.542      9.762      9.823    29.2305    29.2290   5.956524   5.956709     3.1551     2.6679      13.75   21.92664  -88.00018   -0.00040   -0.00045          2  0.000e+00
      16743    697.583      9.762      9.823    29.2303    29.2286   5.956484   5.956741     3.1563     2.6679      13.75   21.92664  -88.00018   -0.00041   -0.00048          2  0.000e+00
      16744    697.625      9.762      9.823    29.2299    29.2288   5.956500   5.956741     3.1563     2.6679      13.75   21.92664  -88.00018   -0.00042   -0.00050          2  0.000e+00
      16745    697.667      9.762      9.823    29.2299    29.2289   5.956548   5.956684     3.1563     2.6679      13.75   21.92664  -88.00018   -0.00043   -0.00053          2  0.000e+00
      16746    697.708      9.762      9.823    29.2297    29.2282   5.956564   5.956668     3.1563     2.6679      13.75   21.92664  -88.00018   -0.00044   -0.00055          2  0.000e+00
      16747    697.750      9.762      9.823    29.2294    29.2278   5.956564   5.956717     3.1563     2.6679      13.75   21.92664  -88.00018   -0.00045   -0.00057          2  0.000e+00
      16748    697.792      9.762      9.823    29.2285    29.2280   5.956524   5.956717     3.1563     2.6679      13.75   21.92664  -88.00018   -0.00046   -0.00059          2  0.000e+00
      16749    697.833      9.762      9.823    29.2286    29.2281   5.956524   5.956644     3.1563     2.6679      13.75   21.92664  -88.00018   -0.00047   -0.00062          2  0.000e+00
      16750    697.875      9.809      9.871    29.2277    29.2282   5.956444   5.956709     3.1575     2.6691      13.75   21.92664  -88.00018   -0.00046   -0.00062          2  0.000e+00
      16751    697.917      9.708      9.769    29.2272    29.2288   5.956372   5.956717     3.1575     2.6691      13.75   21.92664  -88.00018   -0.00045   -0.00062          2  0.000e+00
      16752    697.958      9.762      9.823    29.2270    29.2286   5.956404   5.956692     3.1575     2.6691      13.75   21.92664  -88.00018   -0.00044   -0.00062          2  0.000e+00
      16753    698.000      9.809      9.871    29.2263    29.2284   5.956420   5.956709     3.1575     2.6679      13.75   21.92664  -88.00018   -0.00044   -0.00066          2  0.000e+00
      16754    698.042      9.762      9.823    29.2261    29.2286   5.956300   5.956717     3.1575     2.6679      13.75   21.92664  -88.00018   -0.00043   -0.00070          2  0.000e+00
      16755    698.083      9.762      9.823    29.2253    29.2293   5.956244   5.956733     3.1575     2.6679      13.75   21.92664  -88.00018   -0.00043   -0.00073          2  0.000e+00
      16756    698.125      9.762      9.823    29.2244    29.2292   5.956149   5.956757     3.1575     2.6667      13.75   21.92664  -88.00018   -0.00042   -0.00079          2  0.000e+00
      16757    698.167      9.762      9.823    29.2242    29.2284   5.956125   5.956741     3.1563     2.6667      13.75   21.92664  -88.00018   -0.00041   -0.00082          2  0.000e+00
      16758    698.208      9.762      9.823    29.2240    29.2278   5.956085   5.956757     3.1563     2.6654      13.75   21.92664  -88.00018   -0.00041   -0.00087          2  0.000e+00
      16759    698.250      9.809      9.871    29.2240    29.2282   5.956077   5.956838     3.1563     2.6654      13.75   21.92664  -88.00018   -0.00040   -0.00092          2  0.000e+00
      16760    698.292      9.762      9.823    29.2239    29.2284   5.956037   5.956765     3.1563     2.6654      13.75   21.92664  -88.00018   -0.00040   -0.00095          2  0.000e+00
      16761    698.333      9.762      9.823    29.2246    29.2293   5.956077   5.956757     3.1563     2.6654      13.75   21.92664  -88.00018   -0.00039   -0.00098          2  0.000e+00
      16762    698.375      9.762      9.823    29.2248    29.2295   5.956045   5.956765     3.1551     2.6654      13.75   21.92664  -88.00018   -0.00040   -0.00101          2  0.000e+00
      16763    698.417      9.762      9.823    29.2251    29.2294   5.956061   5.956781     3.1563     2.6654      13.75   21.92664  -88.00018   -0.00039   -0.00104          2  0.000e+00
      16764    698.458      9.809      9.871    29.2253    29.2295   5.956077   5.956765     3.1551     2.6654      13.75   21.92664  -88.00018   -0.00038   -0.00106          2  0.000e+00
      16765    698.500      9.762      9.823    29.2255    29.2295   5.956109   5.956781     3.1563     2.6654      13.72   21.92664  -88.00018   -0.00037   -0.00108          2  0.000e+00
      16766    698.542      9.762      9.823    29.2257    29.2295   5.956173   5.956733     3.1563     2.6654      13.75   21.92664  -88.00018   -0.00036   -0.00110          2  0.000e+00
      16767    698.583      9.809      9.871    29.2255    29.2297   5.956173   5.956822     3.1563     2.6654      13.72   21.92664  -88.00018   -0.00035   -0.00112          2  0.000e+00
      16768    698.625      9.762      9.823    29.2255    29.2293   5.956173   5.956806     3.1563     2.6654      13.72   21.92664  -88.00018   -0.00034   -0.00114          2  0.000e+00
      16769    698.667      9.809      9.871    29.2251    29.2301   5.956173   5.956733     3.1563     2.6654      13.72   21.92664  -88.00018   -0.00033   -0.00117          2  0.000e+00
      16770    698.708      9.762      9.823    29.2239    29.2298   5.956101   5.956749     3.1563     2.6654      13.75   21.92664  -88.00018   -0.00032   -0.00120          2  0.000e+00
      16771    698.750      9.809      9.871    29.2240    29.2299   5.956077   5.956781     3.1563     2.6654      13.75   21.92664  -88.00018   -0.00031   -0.00123          2  0.000e+00
      16772    698.792      9.762      9.823    29.2240    29.2297   5.956085   5.956765     3.1551     2.6667      13.75   21.92664  -88.00018   -0.00032   -0.00124          2  0.000e+00
      16773    698.833      9.809      9.871    29.2239    29.2288   5.956045   5.956741     3.1551     2.6667      13.75   21.92664  -88.00018   -0.00032   -0.00125          2  0.000e+00
      16774    698.875      9.762      9.823    29.2242    29.2284   5.956029   5.956717     3.1551     2.6667      13.75   21.92664  -88.00018   -0.00033   -0.00126          2  0.000e+00
