GOMECC/GOMECC-4/1db/rb2103_0101.ros
* Sea-Bird SBE 9 Data File:
* FileName = C:\Users\scs.user.rb\CTD\GOMECC4\data\rb2103_0101.hex
* Software Version Seasave V 7.26.7.107
* Temperature SN = 4799
* Conductivity SN = 3860
* Number of Bytes Per Scan = 41
* Number of Voltage Words = 4
* Number of Scans Averaged by the Deck Unit = 1
* NMEA Latitude = 26 13.28 N
* NMEA Longitude = 085 39.93 W
* NMEA UTC (Time) = Sep 17 2021  22:10:49
* NMEA baud rate = 4800
# nquan = 17
# nvalues = 3192                                  
# units = specified
# name 0 = scan: Scan Count
# name 1 = timeS: Time, Elapsed [seconds]
# name 2 = depSM: Depth [salt water, m]
# name 3 = prDM: Pressure, Digiquartz [db]
# name 4 = t090C: Temperature [ITS-90, deg C]
# name 5 = t190C: Temperature, 2 [ITS-90, deg C]
# name 6 = c0S/m: Conductivity [S/m]
# name 7 = c1S/m: Conductivity, 2 [S/m]
# name 8 = sbeox0V: Oxygen raw, SBE 43 [V]
# name 9 = sbeox1V: Oxygen raw, SBE 43, 2 [V]
# name 10 = altM: Altimeter [m]
# name 11 = latitude: Latitude [deg]
# name 12 = longitude: Longitude [deg]
# name 13 = sbox0dV/dT: Oxygen, SBE 43 [dov/dt]
# name 14 = sbox1dV/dT: Oxygen, SBE 43, 2 [dov/dt]
# name 15 = nbf: Bottles Fired
# name 16 = flag:  0.000e+00
# interval = seconds: 0.0416667
# start_time = Sep 17 2021 22:10:49 [NMEA time, header]
# bad_flag = -9.990e-29
*END*
[from data line 1788]
     209032   8709.625    370.872    373.643    10.8154    10.8156   3.934704   3.934768     1.6777     1.3773     100.00   26.21924  -85.66104   -0.00007   -0.00045         14  0.000e+00
     209033   8709.667    370.872    373.643    10.8154    10.8158   3.934718   3.934700     1.6777     1.3773     100.00   26.21924  -85.66104   -0.00007   -0.00045         14  0.000e+00
     209034   8709.708    370.819    373.589    10.8153    10.8159   3.934704   3.934700     1.6777     1.3773     100.00   26.21924  -85.66104   -0.00008   -0.00046         14  0.000e+00
     209035   8709.750    370.872    373.643    10.8155    10.8160   3.934698   3.934714     1.6777     1.3773     100.00   26.21924  -85.66104   -0.00011   -0.00046         14  0.000e+00
     209036   8709.792    370.827    373.597    10.8154    10.8158   3.934718   3.934734     1.6777     1.3773     100.00   26.21924  -85.66102   -0.00012   -0.00044         14  0.000e+00
     209037   8709.833    370.819    373.589    10.8156    10.8160   3.934751   3.934720     1.6777     1.3773     100.00   26.21924  -85.66102   -0.00014   -0.00044         14  0.000e+00
     209038   8709.875    370.819    373.589    10.8158    10.8161   3.934738   3.934714     1.6777     1.3773     100.00   26.21924  -85.66102   -0.00015   -0.00043         14  0.000e+00
     209039   8709.917    370.819    373.589    10.8159    10.8161   3.934731   3.934714     1.6777     1.3773     100.00   26.21924  -85.66102   -0.00016   -0.00043         14  0.000e+00
     209040   8709.958    370.819    373.589    10.8157    10.8158   3.934751   3.934734     1.6777     1.3773     100.00   26.21924  -85.66102   -0.00019   -0.00042         14  0.000e+00
     209041   8710.000    370.819    373.589    10.8158    10.8161   3.934785   3.934748     1.6777     1.3773     100.00   26.21924  -85.66102   -0.00020   -0.00043         14  0.000e+00
     209042   8710.042    370.758    373.528    10.8159    10.8163   3.934798   3.934768     1.6777     1.3773     100.00   26.21924  -85.66102   -0.00021   -0.00043         14  0.000e+00
     209043   8710.083    370.827    373.597    10.8161    10.8163   3.934798   3.934782     1.6777     1.3773     100.00   26.21924  -85.66102   -0.00022   -0.00042         14  0.000e+00
     209044   8710.125    370.758    373.528    10.8161    10.8165   3.934819   3.934782     1.6777     1.3773     100.00   26.21924  -85.66102   -0.00023   -0.00040         14  0.000e+00
     209045   8710.167    370.759    373.528    10.8163    10.8163   3.934832   3.934782     1.6777     1.3773     100.00   26.21924  -85.66102   -0.00024   -0.00039         14  0.000e+00
     209046   8710.208    370.819    373.589    10.8163    10.8166   3.934805   3.934802     1.6777     1.3773     100.00   26.21924  -85.66102   -0.00025   -0.00039         14  0.000e+00
     209047   8710.250    370.705    373.475    10.8163    10.8166   3.934798   3.934816     1.6777     1.3785     100.00   26.21924  -85.66102   -0.00026   -0.00038         14  0.000e+00
     209048   8710.292    370.759    373.528    10.8161    10.8166   3.934798   3.934789     1.6777     1.3773     100.00   26.21924  -85.66102   -0.00026   -0.00037         14  0.000e+00
     209049   8710.333    370.766    373.536    10.8161    10.8165   3.934798   3.934802     1.6764     1.3773     100.00   26.21924  -85.66102   -0.00029   -0.00035         14  0.000e+00
     209050   8710.375    370.705    373.475    10.8161    10.8165   3.934798   3.934789     1.6777     1.3773     100.00   26.21924  -85.66102   -0.00030   -0.00034         14  0.000e+00
     209051   8710.417    370.759    373.528    10.8164    10.8166   3.934819   3.934802     1.6777     1.3773     100.00   26.21924  -85.66102   -0.00029   -0.00033         14  0.000e+00
     209052   8710.458    370.706    373.475    10.8167    10.8166   3.934886   3.934816     1.6777     1.3773     100.00   26.21924  -85.66102   -0.00030   -0.00032         14  0.000e+00
     209053   8710.500    370.706    373.475    10.8171    10.8169   3.934926   3.934816     1.6777     1.3773     100.00   26.21924  -85.66102   -0.00029   -0.00031         14  0.000e+00
     209054   8710.542    370.706    373.475    10.8171    10.8170   3.934886   3.934816     1.6764     1.3773     100.00   26.21924  -85.66102   -0.00030   -0.00031         14  0.000e+00
     209055   8710.583    370.706    373.475    10.8171    10.8173   3.934892   3.934836     1.6777     1.3773     100.00   26.21924  -85.66102   -0.00029   -0.00028         14  0.000e+00
     209056   8710.625    370.652    373.421    10.8167    10.8171   3.934892   3.934850     1.6777     1.3773     100.00   26.21924  -85.66102   -0.00028   -0.00025         14  0.000e+00
     209057   8710.667    370.645    373.414    10.8169    10.8171   3.934926   3.934850     1.6764     1.3773     100.00   26.21924  -85.66102   -0.00030   -0.00024         14  0.000e+00
     209058   8710.708    370.706    373.475    10.8169    10.8168   3.934940   3.934823     1.6777     1.3773     100.00   26.21924  -85.66102   -0.00029   -0.00025         14  0.000e+00
     209059   8710.750    370.645    373.414    10.8168    10.8170   3.934886   3.934816     1.6777     1.3773     100.00   26.21924  -85.66102   -0.00028   -0.00023         14  0.000e+00
     209060   8710.792    370.645    373.414    10.8167    10.8170   3.934872   3.934836     1.6777     1.3773     100.00   26.21924  -85.66102   -0.00027   -0.00022         14  0.000e+00
     209061   8710.833    370.645    373.414    10.8167    10.8168   3.934812   3.934823     1.6777     1.3773     100.00   26.21924  -85.66102   -0.00026   -0.00019         14  0.000e+00
     209062   8710.875    370.599    373.368    10.8166    10.8169   3.934852   3.934816     1.6777     1.3773     100.00   26.21924  -85.66102   -0.00025   -0.00018         14  0.000e+00
     209063   8710.917    370.645    373.414    10.8169    10.8171   3.934872   3.934816     1.6764     1.3773     100.00   26.21924  -85.66102   -0.00025   -0.00018         14  0.000e+00
     209064   8710.958    370.592    373.360    10.8173    10.8170   3.934919   3.934816     1.6764     1.3785     100.00   26.21924  -85.66102   -0.00027   -0.00017         14  0.000e+00
     209065   8711.000    370.645    373.414    10.8171    10.8171   3.934913   3.934836     1.6764     1.3785     100.00   26.21924  -85.66102   -0.00029   -0.00014         14  0.000e+00
     209066   8711.042    370.592    373.360    10.8174    10.8170   3.934926   3.934850     1.6764     1.3785     100.00   26.21924  -85.66102   -0.00031   -0.00013         14  0.000e+00
     209067   8711.083    370.592    373.360    10.8174    10.8173   3.934913   3.934822     1.6764     1.3773     100.00   26.21924  -85.66102   -0.00033   -0.00012         14  0.000e+00
     209068   8711.125    370.531    373.299    10.8173    10.8170   3.934906   3.934761     1.6764     1.3785     100.00   26.21924  -85.66102   -0.00034   -0.00009         14  0.000e+00
     209069   8711.167    370.600    373.368    10.8171    10.8168   3.934906   3.934823     1.6764     1.3773     100.00   26.21924  -85.66102   -0.00034   -0.00007         14  0.000e+00
     209070   8711.208    370.592    373.360    10.8174    10.8166   3.934906   3.934823     1.6764     1.3785     100.00   26.21924  -85.66102   -0.00034   -0.00004         14  0.000e+00
     209071   8711.250    370.531    373.299    10.8173    10.8170   3.934946   3.934816     1.6764     1.3773     100.00   26.21924  -85.66102   -0.00034   -0.00005         14  0.000e+00
     209072   8711.292    370.531    373.299    10.8173    10.8169   3.934966   3.934836     1.6777     1.3785     100.00   26.21924  -85.66102   -0.00032   -0.00002         14  0.000e+00
     209073   8711.333    370.531    373.299    10.8174    10.8168   3.934919   3.934822     1.6764     1.3785     100.00   26.21924  -85.66102   -0.00032    0.00001         14  0.000e+00
     209074   8711.375    370.531    373.299    10.8171    10.8168   3.934906   3.934816     1.6777     1.3785     100.00   26.21924  -85.66102   -0.00032    0.00005         14  0.000e+00
     209075   8711.417    370.531    373.299    10.8176    10.8168   3.934926   3.934788     1.6764     1.3773     100.00   26.21924  -85.66102   -0.00034    0.00004         14  0.000e+00
     209076   8711.458    370.539    373.307    10.8171    10.8168   3.934939   3.934857     1.6764     1.3785     100.00   26.21924  -85.66102   -0.00033    0.00007         14  0.000e+00
     209077   8711.500    370.532    373.299    10.8173    10.8168   3.934939   3.934857     1.6764     1.3785     100.00   26.21924  -85.66102   -0.00035    0.00008         14  0.000e+00
     209078   8711.542    370.478    373.246    10.8173    10.8168   3.934939   3.934850     1.6764     1.3785     100.00   26.21924  -85.66102   -0.00037    0.00011         14  0.000e+00
     209079   8711.583    370.532    373.299    10.8173    10.8171   3.934939   3.934822     1.6764     1.3773     100.00   26.21924  -85.66102   -0.00038    0.00011         14  0.000e+00
     209080   8711.625    370.478    373.246    10.8173    10.8170   3.934886   3.934836     1.6777     1.3773     100.00   26.21924  -85.66102   -0.00036    0.00012         14  0.000e+00
     209081   8711.667    370.478    373.246    10.8171    10.8171   3.934892   3.934870     1.6789     1.3785     100.00   26.21924  -85.66102   -0.00034    0.00014         14  0.000e+00
     209082   8711.708    370.479    373.246    10.8171    10.8169   3.934906   3.934829     1.6777     1.3773     100.00   26.21924  -85.66102   -0.00032    0.00013         14  0.000e+00
     209083   8711.750    370.486    373.254    10.8171    10.8170   3.934906   3.934863     1.6777     1.3785     100.00   26.21924  -85.66102   -0.00030    0.00016         14  0.000e+00
     209084   8711.792    370.479    373.246    10.8171    10.8171   3.934926   3.934857     1.6777     1.3785     100.00   26.21924  -85.66102   -0.00027    0.00017         14  0.000e+00
     209085   8711.833    370.479    373.246    10.8173    10.8173   3.934939   3.934870     1.6777     1.3773     100.00   26.21924  -85.66102   -0.00025    0.00019         14  0.000e+00
     209086   8711.875    370.532    373.300    10.8173    10.8173   3.934926   3.934857     1.6777     1.3785     100.00   26.21924  -85.66102   -0.00025    0.00020         14  0.000e+00
     209087   8711.917    370.425    373.192    10.8173    10.8171   3.934906   3.934870     1.6777     1.3785     100.00   26.21924  -85.66102   -0.00023    0.00021         14  0.000e+00
     209088   8711.958    370.479    373.246    10.8171    10.8170   3.934879   3.934857     1.6777     1.3773     100.00   26.21924  -85.66102   -0.00020    0.00022         14  0.000e+00
     209089   8712.000    370.426    373.192    10.8169    10.8168   3.934892   3.934850     1.6777     1.3785     100.00   26.21924  -85.66102   -0.00020    0.00023         14  0.000e+00
     209090   8712.042    370.479    373.246    10.8167    10.8170   3.934906   3.934850     1.6777     1.3773     100.00   26.21924  -85.66102   -0.00019    0.00023         14  0.000e+00
     209091   8712.083    370.479    373.246    10.8169    10.8169   3.934906   3.934870     1.6777     1.3785     100.00   26.21924  -85.66102   -0.00019    0.00024         14  0.000e+00
     209092   8712.125    370.426    373.193    10.8167    10.8170   3.934879   3.934856     1.6777     1.3773     100.00   26.21924  -85.66102   -0.00016    0.00023         14  0.000e+00
     209093   8712.167    370.479    373.246    10.8168    10.8170   3.934892   3.934822     1.6777     1.3773     100.00   26.21924  -85.66102   -0.00016    0.00023         14  0.000e+00
     209094   8712.208    370.426    373.193    10.8169    10.8170   3.934906   3.934863     1.6777     1.3773     100.00   26.21924  -85.66102   -0.00015    0.00024         14  0.000e+00
     209095   8712.250    370.479    373.246    10.8171    10.8168   3.934926   3.934829     1.6777     1.3773     100.00   26.21924  -85.66102   -0.00013    0.00023         14  0.000e+00
     209096   8712.292    370.426    373.193    10.8173    10.8169   3.934886   3.934816     1.6777     1.3773     100.00   26.21924  -85.66102   -0.00012    0.00023         14  0.000e+00
     209097   8712.333    370.426    373.193    10.8173    10.8170   3.934919   3.934836     1.6777     1.3785     100.00   26.21924  -85.66102   -0.00012    0.00024         14  0.000e+00
     209098   8712.375    370.426    373.193    10.8171    10.8170   3.934913   3.934795     1.6764     1.3773     100.00   26.21924  -85.66102   -0.00013    0.00023         14  0.000e+00
     209099   8712.417    370.479    373.246    10.8169    10.8170   3.934926   3.934857     1.6777     1.3773     100.00   26.21924  -85.66102   -0.00012    0.00023         14  0.000e+00
     209100   8712.458    370.426    373.193    10.8169    10.8170   3.934913   3.934829     1.6777     1.3773     100.00   26.21924  -85.66102   -0.00012    0.00022         14  0.000e+00
     209101   8712.500    370.426    373.193    10.8167    10.8173   3.934879   3.934836     1.6777     1.3773     100.00   26.21924  -85.66102   -0.00011    0.00022         14  0.000e+00
     209102   8712.542    370.426    373.193    10.8168    10.8170   3.934913   3.934850     1.6777     1.3773     100.00   26.21924  -85.66102   -0.00010    0.00021         14  0.000e+00
     209103   8712.583    370.487    373.254    10.8173    10.8171   3.934906   3.934850     1.6777     1.3773     100.00   26.21924  -85.66102   -0.00010    0.00020         14  0.000e+00
     209104   8712.625    370.426    373.193    10.8169    10.8170   3.934879   3.934850     1.6777     1.3785     100.00   26.21924  -85.66102   -0.00009    0.00022         14  0.000e+00
     209105   8712.667    370.426    373.193    10.8169    10.8171   3.934872   3.934822     1.6777     1.3773     100.00   26.21924  -85.66102   -0.00008    0.00021         14  0.000e+00
     212756   8864.792    307.833    310.085    12.2467    12.2467   4.092496   4.092425     1.7338     1.4298     100.00   26.21906  -85.66074    0.00003    0.00025         15  0.000e+00
     212757   8864.833    308.227    310.483    12.2468    12.2469   4.092414   4.092370     1.7338     1.4286     100.00   26.21906  -85.66074    0.00003    0.00024         15  0.000e+00
     212758   8864.875    308.227    310.483    12.2459    12.2469   4.092380   4.092432     1.7338     1.4286     100.00   26.21906  -85.66074    0.00003    0.00025         15  0.000e+00
     212759   8864.917    308.113    310.368    12.2454    12.2470   4.092325   4.092432     1.7338     1.4298     100.00   26.21906  -85.66074    0.00001    0.00025         15  0.000e+00
     212760   8864.958    308.174    310.429    12.2449    12.2470   4.092284   4.092425     1.7338     1.4286     100.00   26.21906  -85.66074    0.00001    0.00024         15  0.000e+00
     212761   8865.000    308.114    310.368    12.2447    12.2469   4.092244   4.092480     1.7338     1.4286     100.00   26.21906  -85.66074    0.00001    0.00023         15  0.000e+00
     212762   8865.042    308.227    310.483    12.2444    12.2472   4.092237   4.092467     1.7338     1.4286     100.00   26.21906  -85.66074    0.00001    0.00021         15  0.000e+00
     212763   8865.083    308.174    310.429    12.2442    12.2467   4.092257   4.092432     1.7338     1.4286     100.00   26.21906  -85.66074    0.00001    0.00020         15  0.000e+00
     212764   8865.125    308.174    310.429    12.2444    12.2469   4.092216   4.092446     1.7338     1.4286     100.00   26.21906  -85.66074    0.00001    0.00019         15  0.000e+00
     212765   8865.167    308.235    310.490    12.2445    12.2469   4.092203   4.092460     1.7338     1.4298     100.00   26.21906  -85.66074    0.00001    0.00021         15  0.000e+00
