GOMECC/GOMECC-4/1db/rb2103_1301.ros
* Sea-Bird SBE 9 Data File:
* FileName = C:\Users\scs.user.rb\CTD\GOMECC4\data\rb2103_1301.hex
* Software Version Seasave V 7.26.7.107
* Temperature SN = 4799
* Conductivity SN = 3860
* Number of Bytes Per Scan = 41
* Number of Voltage Words = 4
* Number of Scans Averaged by the Deck Unit = 1
* NMEA Latitude = 26 52.73 N
* NMEA Longitude = 082 53.32 W
* NMEA UTC (Time) = Oct 19 2021  07:34:17
* NMEA baud rate = 4800
# nquan = 17
# nvalues = 532                                   
# units = specified
# name 0 = scan: Scan Count
# name 1 = timeS: Time, Elapsed [seconds]
# name 2 = depSM: Depth [salt water, m]
# name 3 = prDM: Pressure, Digiquartz [db]
# name 4 = t090C: Temperature [ITS-90, deg C]
# name 5 = t190C: Temperature, 2 [ITS-90, deg C]
# name 6 = c0S/m: Conductivity [S/m]
# name 7 = c1S/m: Conductivity, 2 [S/m]
# name 8 = sbeox0V: Oxygen raw, SBE 43 [V]
# name 9 = sbeox1V: Oxygen raw, SBE 43, 2 [V]
# name 10 = altM: Altimeter [m]
# name 11 = latitude: Latitude [deg]
# name 12 = longitude: Longitude [deg]
# name 13 = sbox0dV/dT: Oxygen, SBE 43 [dov/dt]
# name 14 = sbox1dV/dT: Oxygen, SBE 43, 2 [dov/dt]
# name 15 = nbf: Bottles Fired
# name 16 = flag:  0.000e+00
# interval = seconds: 0.0416667
# start_time = Oct 19 2021 07:34:17 [NMEA time, header]
# bad_flag = -9.990e-29
*END*
[from data line 511]
      16398    683.208      3.850      3.875    28.5838    28.5871   5.832652   5.833209     3.1038     2.6215      27.20   26.87896  -82.88868    0.00110    0.00005          4  0.000e+00
      16399    683.250      3.803      3.828    28.5834    28.5873   5.832605   5.833193     3.1038     2.6215      27.20   26.87896  -82.88868    0.00112    0.00006          4  0.000e+00
      16400    683.292      3.803      3.828    28.5830    28.5874   5.832494   5.833217     3.1038     2.6215      27.20   26.87896  -82.88868    0.00114    0.00008          4  0.000e+00
      16401    683.333      3.850      3.875    28.5815    28.5877   5.832336   5.833225     3.1038     2.6215      27.20   26.87896  -82.88868    0.00116    0.00008          4  0.000e+00
      16402    683.375      3.850      3.875    28.5813    28.5884   5.832312   5.833265     3.1038     2.6215      27.23   26.87896  -82.88868    0.00118    0.00008          4  0.000e+00
      16403    683.417      3.850      3.875    28.5819    28.5886   5.832462   5.833281     3.1038     2.6203      27.20   26.87896  -82.88868    0.00120    0.00006          4  0.000e+00
      16404    683.458      3.850      3.875    28.5821    28.5889   5.832486   5.833313     3.1038     2.6203      27.20   26.87896  -82.88868    0.00122    0.00003          4  0.000e+00
      16405    683.500      3.904      3.930    28.5824    28.5891   5.832462   5.833329     3.1038     2.6203      27.23   26.87896  -82.88868    0.00124   -0.00001          4  0.000e+00
      16406    683.542      3.850      3.875    28.5819    28.5887   5.832494   5.833329     3.1038     2.6203      27.20   26.87896  -82.88868    0.00126   -0.00002          4  0.000e+00
      16407    683.583      3.904      3.930    28.5815    28.5891   5.832470   5.833329     3.1038     2.6203      27.20   26.87896  -82.88868    0.00127   -0.00006          4  0.000e+00
      16408    683.625      3.850      3.875    28.5813    28.5887   5.832478   5.833361     3.1038     2.6203      27.20   26.87896  -82.88868    0.00129   -0.00009          4  0.000e+00
      16409    683.667      3.904      3.930    28.5812    28.5889   5.832502   5.833297     3.1038     2.6203      27.20   26.87896  -82.88868    0.00129   -0.00011          4  0.000e+00
      16410    683.708      3.897      3.923    28.5812    28.5887   5.832470   5.833273     3.1038     2.6203      27.20   26.87896  -82.88868    0.00130   -0.00013          4  0.000e+00
      16411    683.750      3.904      3.930    28.5817    28.5889   5.832510   5.833281     3.1038     2.6190      27.23   26.87896  -82.88868    0.00131   -0.00016          4  0.000e+00
      16412    683.792      3.951      3.977    28.5823    28.5889   5.832478   5.833353     3.1038     2.6190      27.20   26.87896  -82.88868    0.00131   -0.00019          4  0.000e+00
      16413    683.833      3.904      3.930    28.5824    28.5888   5.832565   5.833305     3.1038     2.6190      27.20   26.87896  -82.88868    0.00130   -0.00022          4  0.000e+00
      16414    683.875      3.904      3.930    28.5830    28.5886   5.832581   5.833281     3.1038     2.6178      27.20   26.87896  -82.88868    0.00131   -0.00027          4  0.000e+00
      16415    683.917      3.904      3.930    28.5830    28.5886   5.832629   5.833313     3.1050     2.6178      27.20   26.87896  -82.88868    0.00132   -0.00032          4  0.000e+00
      16416    683.958      3.904      3.930    28.5830    28.5886   5.832613   5.833289     3.1050     2.6178      27.20   26.87896  -82.88868    0.00133   -0.00037          4  0.000e+00
      16417    684.000      3.904      3.930    28.5836    28.5884   5.832605   5.833305     3.1050     2.6178      27.20   26.87896  -82.88868    0.00134   -0.00039          4  0.000e+00
      16418    684.042      3.904      3.930    28.5837    28.5884   5.832621   5.833289     3.1050     2.6178      27.13   26.87896  -82.88868    0.00134   -0.00042          4  0.000e+00
