GOMECC/GOMECC-4/1db/rb2103_0171.ros
* Sea-Bird SBE 9 Data File:
* FileName = C:\Users\scs.user.rb\CTD\GOMECC4\data\rb2103_0171.hex
* Software Version Seasave V 7.26.7.107
* Temperature SN = 4799
* Conductivity SN = 3860
* Number of Bytes Per Scan = 41
* Number of Voltage Words = 4
* Number of Scans Averaged by the Deck Unit = 1
* NMEA Latitude = 27 46.70 N
* NMEA Longitude = 083 19.94 W
* NMEA UTC (Time) = Sep 19 2021  10:40:02
* NMEA baud rate = 4800
# nquan = 17
# nvalues = 532                                   
# units = specified
# name 0 = scan: Scan Count
# name 1 = timeS: Time, Elapsed [seconds]
# name 2 = depSM: Depth [salt water, m]
# name 3 = prDM: Pressure, Digiquartz [db]
# name 4 = t090C: Temperature [ITS-90, deg C]
# name 5 = t190C: Temperature, 2 [ITS-90, deg C]
# name 6 = c0S/m: Conductivity [S/m]
# name 7 = c1S/m: Conductivity, 2 [S/m]
# name 8 = sbeox0V: Oxygen raw, SBE 43 [V]
# name 9 = sbeox1V: Oxygen raw, SBE 43, 2 [V]
# name 10 = altM: Altimeter [m]
# name 11 = latitude: Latitude [deg]
# name 12 = longitude: Longitude [deg]
# name 13 = sbox0dV/dT: Oxygen, SBE 43 [dov/dt]
# name 14 = sbox1dV/dT: Oxygen, SBE 43, 2 [dov/dt]
# name 15 = nbf: Bottles Fired
# name 16 = flag:  0.000e+00
# interval = seconds: 0.0416667
# start_time = Sep 19 2021 10:40:02 [NMEA time, header]
# bad_flag = -9.990e-29
*END*
[from data line 86]
      12595    524.750     27.876     28.064    29.5158    29.5174   5.961047   5.961439     3.0647     2.5958       4.13   27.77830  -83.33240   -0.00073   -0.00201          1  0.000e+00
      12596    524.792     27.899     28.087    29.5156    29.5173   5.961079   5.961472     3.0659     2.5958       4.13   27.77830  -83.33240   -0.00065   -0.00206          1  0.000e+00
      12597    524.833     27.899     28.087    29.5155    29.5171   5.961055   5.961447     3.0659     2.5958       4.13   27.77830  -83.33240   -0.00056   -0.00210          1  0.000e+00
      12598    524.875     27.899     28.087    29.5154    29.5171   5.961079   5.961464     3.0659     2.5958       4.13   27.77830  -83.33240   -0.00046   -0.00213          1  0.000e+00
      12599    524.917     27.846     28.034    29.5156    29.5173   5.961095   5.961480     3.0659     2.5971       4.13   27.77830  -83.33240   -0.00037   -0.00213          1  0.000e+00
      12600    524.958     27.899     28.087    29.5153    29.5173   5.961127   5.961488     3.0672     2.5971       4.13   27.77830  -83.33240   -0.00025   -0.00214          1  0.000e+00
      12601    525.000     27.899     28.087    29.5156    29.5171   5.961071   5.961488     3.0659     2.5971       4.13   27.77830  -83.33240   -0.00017   -0.00212          1  0.000e+00
      12602    525.042     27.846     28.034    29.5154    29.5171   5.961103   5.961472     3.0659     2.5983       4.13   27.77830  -83.33240   -0.00010   -0.00208          1  0.000e+00
      12603    525.083     27.899     28.087    29.5153    29.5173   5.961063   5.961447     3.0659     2.5983       4.13   27.77830  -83.33240   -0.00002   -0.00205          1  0.000e+00
      12604    525.125     27.899     28.087    29.5153    29.5173   5.961047   5.961472     3.0659     2.5983       4.13   27.77830  -83.33240    0.00006   -0.00199          1  0.000e+00
      12605    525.167     27.846     28.034    29.5153    29.5171   5.961079   5.961472     3.0659     2.5995       4.13   27.77830  -83.33240    0.00016   -0.00191          1  0.000e+00
      12606    525.208     27.876     28.064    29.5150    29.5171   5.961055   5.961480     3.0672     2.5995       4.13   27.77830  -83.33240    0.00026   -0.00183          1  0.000e+00
      12607    525.250     27.899     28.087    29.5149    29.5171   5.961047   5.961488     3.0672     2.6007       4.13   27.77830  -83.33240    0.00036   -0.00174          1  0.000e+00
      12608    525.292     27.899     28.087    29.5153    29.5171   5.961047   5.961488     3.0672     2.6007       4.13   27.77830  -83.33240    0.00046   -0.00164          1  0.000e+00
      12609    525.333     27.846     28.034    29.5151    29.5173   5.961007   5.961512     3.0659     2.6007       4.13   27.77830  -83.33240    0.00054   -0.00154          1  0.000e+00
      12610    525.375     27.899     28.087    29.5151    29.5174   5.961071   5.961423     3.0659     2.6020       4.13   27.77830  -83.33240    0.00060   -0.00142          1  0.000e+00
      12611    525.417     27.846     28.034    29.5151    29.5174   5.961055   5.961423     3.0659     2.6020       4.13   27.77830  -83.33240    0.00068   -0.00130          1  0.000e+00
      12612    525.458     27.899     28.087    29.5153    29.5173   5.961007   5.961423     3.0659     2.6020       4.13   27.77830  -83.33240    0.00076   -0.00118          1  0.000e+00
      12613    525.500     27.899     28.087    29.5153    29.5174   5.960999   5.961504     3.0659     2.6020       4.13   27.77830  -83.33240    0.00083   -0.00106          1  0.000e+00
      12614    525.542     27.846     28.034    29.5154    29.5174   5.961031   5.961464     3.0659     2.6020       4.13   27.77830  -83.33240    0.00089   -0.00093          1  0.000e+00
      12615    525.583     27.899     28.087    29.5154    29.5174   5.961007   5.961439     3.0659     2.6020       4.13   27.77830  -83.33240    0.00095   -0.00083          1  0.000e+00
      12616    525.625     27.899     28.087    29.5155    29.5174   5.961031   5.961423     3.0659     2.6007       4.13   27.77830  -83.33240    0.00102   -0.00074          1  0.000e+00
      12617    525.667     27.876     28.064    29.5156    29.5174   5.960999   5.961431     3.0659     2.6007       4.13   27.77830  -83.33240    0.00108   -0.00064          1  0.000e+00
      12618    525.708     27.899     28.087    29.5153    29.5173   5.961031   5.961472     3.0647     2.6007       4.13   27.77830  -83.33240    0.00111   -0.00057          1  0.000e+00
      12619    525.750     27.899     28.087    29.5155    29.5174   5.961079   5.961512     3.0647     2.6007       4.15   27.77830  -83.33240    0.00114   -0.00050          1  0.000e+00
      12620    525.792     27.846     28.034    29.5153    29.5174   5.961023   5.961455     3.0659     2.6007       4.13   27.77832  -83.33240    0.00119   -0.00042          1  0.000e+00
      12621    525.833     27.899     28.087    29.5153    29.5174   5.960999   5.961399     3.0647     2.6007       4.13   27.77832  -83.33240    0.00120   -0.00036          1  0.000e+00
      12622    525.875     27.899     28.087    29.5151    29.5174   5.961031   5.961464     3.0659     2.5995       4.15   27.77832  -83.33240    0.00122   -0.00032          1  0.000e+00
      12623    525.917     27.899     28.087    29.5153    29.5174   5.961047   5.961472     3.0659     2.5995       4.13   27.77832  -83.33240    0.00125   -0.00030          1  0.000e+00
      12624    525.958     27.899     28.087    29.5151    29.5173   5.961047   5.961480     3.0672     2.5995       4.13   27.77832  -83.33240    0.00130   -0.00027          1  0.000e+00
      12625    526.000     27.899     28.087    29.5151    29.5174   5.961079   5.961488     3.0672     2.5995       4.15   27.77832  -83.33240    0.00134   -0.00025          1  0.000e+00
      12626    526.042     27.846     28.034    29.5149    29.5176   5.961055   5.961472     3.0672     2.5995       4.15   27.77832  -83.33240    0.00136   -0.00022          1  0.000e+00
      12627    526.083     27.899     28.087    29.5153    29.5174   5.961079   5.961447     3.0659     2.5995       4.13   27.77832  -83.33240    0.00137   -0.00021          1  0.000e+00
      12628    526.125     27.899     28.087    29.5153    29.5173   5.961055   5.961439     3.0659     2.5995       4.13   27.77832  -83.33240    0.00137   -0.00020          1  0.000e+00
      12629    526.167     27.876     28.064    29.5155    29.5174   5.961047   5.961512     3.0659     2.5995       4.13   27.77832  -83.33240    0.00136   -0.00020          1  0.000e+00
      12630    526.208     27.959     28.148    29.5153    29.5173   5.961047   5.961488     3.0659     2.5995       4.13   27.77832  -83.33240    0.00136   -0.00019          1  0.000e+00
      12631    526.250     27.899     28.087    29.5154    29.5173   5.961071   5.961407     3.0672     2.5995       4.15   27.77832  -83.33240    0.00138   -0.00018          1  0.000e+00
      12632    526.292     27.899     28.087    29.5151    29.5174   5.961055   5.961464     3.0672     2.5995       4.13   27.77832  -83.33240    0.00139   -0.00015          1  0.000e+00
      12633    526.333     27.899     28.087    29.5153    29.5173   5.961047   5.961472     3.0672     2.5995       4.13   27.77832  -83.33240    0.00141   -0.00013          1  0.000e+00
      12634    526.375     27.959     28.148    29.5154    29.5173   5.961047   5.961480     3.0672     2.5995       4.13   27.77832  -83.33240    0.00142   -0.00010          1  0.000e+00
      12635    526.417     27.899     28.087    29.5153    29.5174   5.961047   5.961520     3.0672     2.5995       4.13   27.77832  -83.33240    0.00143   -0.00007          1  0.000e+00
      12636    526.458     27.899     28.087    29.5153    29.5173   5.961079   5.961464     3.0659     2.5995       4.13   27.77832  -83.33240    0.00141   -0.00003          1  0.000e+00
      12637    526.500     27.959     28.148    29.5153    29.5174   5.961055   5.961496     3.0672     2.5995       4.13   27.77832  -83.33240    0.00142    0.00002          1  0.000e+00
      12638    526.542     27.899     28.087    29.5153    29.5173   5.961079   5.961455     3.0672     2.5995       4.13   27.77832  -83.33240    0.00143    0.00006          1  0.000e+00
      12639    526.583     27.899     28.087    29.5154    29.5173   5.961095   5.961472     3.0672     2.5995       4.13   27.77832  -83.33240    0.00143    0.00011          1  0.000e+00
      12640    526.625     27.936     28.125    29.5154    29.5174   5.961095   5.961512     3.0684     2.5995       4.13   27.77832  -83.33240    0.00146    0.00016          1  0.000e+00
      12641    526.667     27.959     28.148    29.5154    29.5173   5.961055   5.961456     3.0684     2.5995       4.15   27.77832  -83.33240    0.00148    0.00019          1  0.000e+00
      15509    646.167     14.300     14.396    29.4289    29.4327   5.940504   5.941384     3.1221     2.6471      16.87   27.77826  -83.33238    0.00002    0.00172          2  0.000e+00
      15510    646.208     14.882     14.982    29.4285    29.4322   5.940408   5.941400     3.1221     2.6471      16.87   27.77826  -83.33238    0.00006    0.00175          2  0.000e+00
      15511    646.250     14.859     14.959    29.4287    29.4322   5.940464   5.941586     3.1209     2.6471      16.87   27.77826  -83.33238    0.00007    0.00180          2  0.000e+00
      15512    646.292     14.799     14.898    29.4288    29.4329   5.940496   5.941869     3.1209     2.6471      16.87   27.77826  -83.33238    0.00009    0.00184          2  0.000e+00
      15513    646.333     14.769     14.868    29.4291    29.4337   5.940560   5.941950     3.1221     2.6471      16.87   27.77826  -83.33238    0.00012    0.00188          2  0.000e+00
      15514    646.375     14.799     14.898    29.4296    29.4354   5.940520   5.941828     3.1221     2.6484      16.87   27.77826  -83.33238    0.00015    0.00194          2  0.000e+00
      15515    646.417     14.799     14.898    29.4290    29.4376   5.940456   5.941796     3.1233     2.6484      16.87   27.77826  -83.33238    0.00020    0.00199          2  0.000e+00
      15516    646.458     14.769     14.868    29.4284    29.4392   5.940369   5.941764     3.1221     2.6484      16.87   27.77826  -83.33238    0.00025    0.00204          2  0.000e+00
      15517    646.500     14.799     14.898    29.4281    29.4398   5.940305   5.941820     3.1221     2.6484      16.87   27.77826  -83.33238    0.00030    0.00209          2  0.000e+00
      15518    646.542     14.769     14.868    29.4283    29.4372   5.940297   5.942063     3.1233     2.6484      16.87   27.77826  -83.33238    0.00037    0.00213          2  0.000e+00
      15519    646.583     14.799     14.898    29.4288    29.4378   5.940472   5.942362     3.1221     2.6484      16.87   27.77826  -83.33238    0.00041    0.00217          2  0.000e+00
      15520    646.625     14.746     14.845    29.4292    29.4387   5.940871   5.942564     3.1221     2.6484      16.87   27.77826  -83.33238    0.00046    0.00221          2  0.000e+00
      15521    646.667     14.769     14.868    29.4307    29.4382   5.941190   5.942515     3.1221     2.6471      16.87   27.77826  -83.33238    0.00051    0.00221          2  0.000e+00
      15522    646.708     14.799     14.898    29.4322    29.4391   5.941309   5.942257     3.1221     2.6471      16.87   27.77826  -83.33238    0.00056    0.00221          2  0.000e+00
      15523    646.750     14.746     14.845    29.4333    29.4415   5.941349   5.942224     3.1221     2.6471      16.85   27.77826  -83.33238    0.00061    0.00221          2  0.000e+00
      15524    646.792     14.822     14.921    29.4338    29.4417   5.941429   5.942370     3.1233     2.6471      16.85   27.77826  -83.33238    0.00067    0.00220          2  0.000e+00
      15525    646.833     14.746     14.845    29.4348    29.4409   5.941429   5.942685     3.1233     2.6459      16.85   27.77826  -83.33238    0.00074    0.00217          2  0.000e+00
      15526    646.875     14.769     14.868    29.4348    29.4415   5.941485   5.942976     3.1233     2.6459      16.85   27.77826  -83.33238    0.00080    0.00214          2  0.000e+00
      15527    646.917     14.799     14.898    29.4348    29.4432   5.941485   5.943129     3.1233     2.6447      16.85   27.77826  -83.33238    0.00087    0.00209          2  0.000e+00
      15528    646.958     14.746     14.845    29.4349    29.4493   5.941532   5.943162     3.1233     2.6447      16.85   27.77826  -83.33238    0.00093    0.00202          2  0.000e+00
      15529    647.000     14.769     14.868    29.4361    29.4560   5.941532   5.943113     3.1233     2.6447      16.85   27.77826  -83.33238    0.00100    0.00195          2  0.000e+00
      15530    647.042     14.746     14.845    29.4366    29.4589   5.941692   5.942959     3.1233     2.6435      16.85   27.77826  -83.33238    0.00106    0.00186          2  0.000e+00
      15531    647.083     14.746     14.845    29.4362    29.4589   5.941796   5.943064     3.1233     2.6435      16.85   27.77826  -83.33238    0.00111    0.00176          2  0.000e+00
      15532    647.125     14.769     14.868    29.4357    29.4587   5.941867   5.943170     3.1233     2.6422      16.85   27.77826  -83.33238    0.00115    0.00165          2  0.000e+00
      15533    647.167     14.746     14.845    29.4355    29.4565   5.942051   5.943275     3.1245     2.6410      16.85   27.77826  -83.33238    0.00121    0.00153          2  0.000e+00
      15534    647.208     14.769     14.868    29.4362    29.4513   5.942234   5.943339     3.1245     2.6422      16.85   27.77826  -83.33238    0.00128    0.00143          2  0.000e+00
      15535    647.250     14.746     14.845    29.4379    29.4450   5.942330   5.943412     3.1245     2.6410      16.85   27.77826  -83.33238    0.00133    0.00131          2  0.000e+00
      15536    647.292     14.746     14.845    29.4384    29.4385   5.942441   5.943445     3.1245     2.6410      16.85   27.77826  -83.33238    0.00139    0.00119          2  0.000e+00
      15537    647.333     14.769     14.868    29.4390    29.4415   5.942545   5.943412     3.1245     2.6398      16.85   27.77826  -83.33238    0.00145    0.00106          2  0.000e+00
      15538    647.375     14.746     14.845    29.4407    29.4450   5.942585   5.943647     3.1245     2.6398      16.85   27.77826  -83.33238    0.00151    0.00094          2  0.000e+00
      15539    647.417     14.746     14.845    29.4414    29.4487   5.942641   5.943954     3.1245     2.6398      16.85   27.77826  -83.33238    0.00155    0.00082          2  0.000e+00
      15540    647.458     14.716     14.815    29.4445    29.4506   5.942641   5.944625     3.1258     2.6410      16.85   27.77826  -83.33238    0.00160    0.00071          2  0.000e+00
      15541    647.500     14.746     14.845    29.4466    29.4472   5.942696   5.945708     3.1245     2.6398      16.85   27.77826  -83.33238    0.00163    0.00059          2  0.000e+00
      15542    647.542     14.716     14.815    29.4467    29.4447   5.942728   5.946492     3.1245     2.6410      16.85   27.77826  -83.33238    0.00167    0.00050          2  0.000e+00
      15543    647.583     14.746     14.845    29.4464    29.4493   5.942760   5.947074     3.1245     2.6410      16.85   27.77826  -83.33238    0.00170    0.00040          2  0.000e+00
      15544    647.625     14.693     14.792    29.4449    29.4565   5.942704   5.947745     3.1245     2.6410      16.85   27.77826  -83.33238    0.00171    0.00031          2  0.000e+00
      15545    647.667     14.769     14.868    29.4438    29.4599   5.942744   5.948190     3.1245     2.6410      16.85   27.77826  -83.33238    0.00172    0.00022          2  0.000e+00
