GOMECC/GOMECC-4/1db/rb2103_0321.ros
* Sea-Bird SBE 9 Data File:
* FileName = C:\Users\scs.user.rb\CTD\GOMECC4\data\rb2103_0321.hex
* Software Version Seasave V 7.26.7.107
* Temperature SN = 4799
* Conductivity SN = 3860
* Number of Bytes Per Scan = 41
* Number of Voltage Words = 4
* Number of Scans Averaged by the Deck Unit = 1
* NMEA Latitude = 29 45.48 N
* NMEA Longitude = 087 02.49 W
* NMEA UTC (Time) = Sep 23 2021  20:34:47
* NMEA baud rate = 4800
# nquan = 17
# nvalues = 1596                                  
# units = specified
# name 0 = scan: Scan Count
# name 1 = timeS: Time, Elapsed [seconds]
# name 2 = depSM: Depth [salt water, m]
# name 3 = prDM: Pressure, Digiquartz [db]
# name 4 = t090C: Temperature [ITS-90, deg C]
# name 5 = t190C: Temperature, 2 [ITS-90, deg C]
# name 6 = c0S/m: Conductivity [S/m]
# name 7 = c1S/m: Conductivity, 2 [S/m]
# name 8 = sbeox0V: Oxygen raw, SBE 43 [V]
# name 9 = sbeox1V: Oxygen raw, SBE 43, 2 [V]
# name 10 = altM: Altimeter [m]
# name 11 = latitude: Latitude [deg]
# name 12 = longitude: Longitude [deg]
# name 13 = sbox0dV/dT: Oxygen, SBE 43 [dov/dt]
# name 14 = sbox1dV/dT: Oxygen, SBE 43, 2 [dov/dt]
# name 15 = nbf: Bottles Fired
# name 16 = flag:  0.000e+00
# interval = seconds: 0.0416667
# start_time = Sep 23 2021 20:34:47 [NMEA time, header]
# bad_flag = -9.990e-29
*END*
[from data line 852]
      36988   1541.125     79.954     80.516    19.9056    19.9025   4.963741   4.963829     2.1575     1.8022     100.00   29.75830  -87.04276   -0.00140   -0.00082          7  0.000e+00
      36989   1541.167     79.954     80.516    19.9064    19.9025   4.963675   4.963806     2.1575     1.8022     100.00   29.75830  -87.04276   -0.00139   -0.00081          7  0.000e+00
      36990   1541.208     80.014     80.577    19.9073    19.9025   4.963697   4.963761     2.1575     1.8022     100.00   29.75830  -87.04276   -0.00135   -0.00079          7  0.000e+00
      36991   1541.250     79.954     80.516    19.9071    19.9011   4.963741   4.963754     2.1575     1.8022     100.00   29.75830  -87.04276   -0.00132   -0.00078          7  0.000e+00
      36992   1541.292     79.954     80.516    19.9066    19.9002   4.963756   4.963664     2.1575     1.8022     100.00   29.75830  -87.04276   -0.00130   -0.00078          7  0.000e+00
      36993   1541.333     80.014     80.577    19.9059    19.8994   4.963815   4.963567     2.1575     1.8022     100.00   29.75830  -87.04276   -0.00127   -0.00077          7  0.000e+00
      36994   1541.375     80.014     80.577    19.9069    19.8986   4.963867   4.963417     2.1575     1.8022     100.00   29.75830  -87.04276   -0.00125   -0.00075          7  0.000e+00
      36995   1541.417     79.954     80.516    19.9083    19.8950   4.963926   4.963125     2.1575     1.8022     100.00   29.75830  -87.04276   -0.00122   -0.00075          7  0.000e+00
      36996   1541.458     80.067     80.630    19.9088    19.8897   4.963985   4.962639     2.1575     1.8022     100.00   29.75830  -87.04276   -0.00118   -0.00075          7  0.000e+00
      36997   1541.500     80.014     80.577    19.9090    19.8860   4.964066   4.962309     2.1575     1.8022     100.00   29.75830  -87.04276   -0.00114   -0.00074          7  0.000e+00
      36998   1541.542     80.014     80.577    19.9095    19.8850   4.964177   4.962249     2.1587     1.8022     100.00   29.75830  -87.04276   -0.00108   -0.00074          7  0.000e+00
      36999   1541.583     80.014     80.577    19.9101    19.8842   4.964243   4.962189     2.1587     1.8022     100.00   29.75830  -87.04276   -0.00102   -0.00073          7  0.000e+00
      37000   1541.625     79.954     80.516    19.9106    19.8841   4.964302   4.962144     2.1575     1.8022     100.00   29.75830  -87.04276   -0.00098   -0.00073          7  0.000e+00
      37001   1541.667     80.067     80.630    19.9116    19.8841   4.964362   4.962137     2.1575     1.8022     100.00   29.75830  -87.04276   -0.00092   -0.00070          7  0.000e+00
      37002   1541.708     80.014     80.577    19.9122    19.8829   4.964472   4.962100     2.1587     1.8034     100.00   29.75830  -87.04276   -0.00086   -0.00068          7  0.000e+00
      37003   1541.750     80.014     80.577    19.9123    19.8839   4.964472   4.962182     2.1587     1.8022     100.00   29.75830  -87.04276   -0.00080   -0.00067          7  0.000e+00
      37004   1541.792     80.067     80.630    19.9062    19.8841   4.964177   4.962182     2.1587     1.8034     100.00   29.75830  -87.04276   -0.00074   -0.00064          7  0.000e+00
      37005   1541.833     80.052     80.615    19.8966    19.8811   4.963645   4.962017     2.1575     1.8022     100.00   29.75830  -87.04276   -0.00069   -0.00063          7  0.000e+00
      37006   1541.875     80.067     80.630    19.8942    19.8784   4.963165   4.961778     2.1575     1.8034     100.00   29.75830  -87.04276   -0.00065   -0.00061          7  0.000e+00
      37007   1541.917     80.067     80.630    19.8892    19.8767   4.962737   4.961561     2.1587     1.8034     100.00   29.75830  -87.04276   -0.00058   -0.00056          7  0.000e+00
      37008   1541.958     80.014     80.577    19.8860    19.8757   4.962382   4.961441     2.1587     1.8034     100.00   29.75830  -87.04276   -0.00052   -0.00051          7  0.000e+00
      37009   1542.000     80.067     80.630    19.8846    19.8753   4.962168   4.961418     2.1587     1.8034     100.00   29.75830  -87.04276   -0.00045   -0.00047          7  0.000e+00
      37010   1542.042     80.067     80.630    19.8827    19.8749   4.961976   4.961359     2.1575     1.8034     100.00   29.75830  -87.04276   -0.00040   -0.00044          7  0.000e+00
      37011   1542.083     80.067     80.630    19.8812    19.8749   4.961865   4.961344     2.1587     1.8034     100.00   29.75830  -87.04276   -0.00033   -0.00041          7  0.000e+00
      37012   1542.125     80.128     80.691    19.8827    19.8744   4.961961   4.961344     2.1587     1.8034     100.00   29.75830  -87.04276   -0.00028   -0.00037          7  0.000e+00
      37013   1542.167     80.067     80.630    19.8839    19.8742   4.962094   4.961306     2.1587     1.8034     100.00   29.75830  -87.04276   -0.00023   -0.00034          7  0.000e+00
      37014   1542.208     80.067     80.630    19.8855    19.8740   4.962035   4.961254     2.1600     1.8046     100.00   29.75830  -87.04276   -0.00016   -0.00029          7  0.000e+00
      37015   1542.250     80.067     80.630    19.8890    19.8737   4.962485   4.961254     2.1587     1.8046     100.00   29.75830  -87.04276   -0.00011   -0.00025          7  0.000e+00
      37016   1542.292     80.128     80.691    19.8931    19.8737   4.962825   4.961261     2.1587     1.8046     100.00   29.75830  -87.04276   -0.00006   -0.00020          7  0.000e+00
      37017   1542.333     80.067     80.630    19.8942    19.8743   4.962943   4.961224     2.1587     1.8046     100.00   29.75830  -87.04276   -0.00000   -0.00015          7  0.000e+00
      37018   1542.375     80.128     80.691    19.8927    19.8744   4.962899   4.961216     2.1587     1.8046     100.00   29.75830  -87.04276    0.00005   -0.00010          7  0.000e+00
      37019   1542.417     80.067     80.630    19.8913    19.8739   4.962796   4.961171     2.1587     1.8046     100.00   29.75830  -87.04276    0.00010   -0.00005          7  0.000e+00
      37020   1542.458     80.128     80.691    19.8900    19.8740   4.962759   4.961142     2.1587     1.8046     100.00   29.75830  -87.04276    0.00016   -0.00000          7  0.000e+00
      37021   1542.500     80.067     80.630    19.8909    19.8737   4.962847   4.961134     2.1587     1.8046     100.00   29.75830  -87.04276    0.00021    0.00005          7  0.000e+00
      37022   1542.542     80.128     80.691    19.8931    19.8737   4.962973   4.961164     2.1587     1.8046     100.00   29.75830  -87.04276    0.00025    0.00010          7  0.000e+00
      37023   1542.583     80.128     80.691    19.8949    19.8735   4.963128   4.961142     2.1600     1.8046     100.00   29.75830  -87.04276    0.00030    0.00015          7  0.000e+00
      37024   1542.625     80.067     80.630    19.8958    19.8732   4.963084   4.961089     2.1587     1.8046     100.00   29.75830  -87.04276    0.00034    0.00019          7  0.000e+00
      37025   1542.667     80.128     80.691    19.8948    19.8732   4.962929   4.961119     2.1587     1.8046     100.00   29.75830  -87.04276    0.00037    0.00023          7  0.000e+00
      37026   1542.708     80.128     80.691    19.8937    19.8731   4.962788   4.961164     2.1587     1.8046     100.00   29.75830  -87.04276    0.00041    0.00027          7  0.000e+00
      37027   1542.750     80.067     80.630    19.8930    19.8733   4.962759   4.961112     2.1600     1.8046     100.00   29.75830  -87.04276    0.00046    0.00030          7  0.000e+00
      37028   1542.792     80.128     80.691    19.8914    19.8732   4.962663   4.961097     2.1600     1.8046     100.00   29.75830  -87.04276    0.00052    0.00034          7  0.000e+00
      37029   1542.833     80.128     80.691    19.8893    19.8731   4.962478   4.961119     2.1587     1.8046     100.00   29.75830  -87.04276    0.00055    0.00037          7  0.000e+00
      37030   1542.875     80.128     80.691    19.8867    19.8733   4.962360   4.961157     2.1587     1.8046     100.00   29.75830  -87.04276    0.00057    0.00039          7  0.000e+00
      37031   1542.917     80.128     80.691    19.8867    19.8732   4.962367   4.961142     2.1587     1.8046     100.00   29.75830  -87.04276    0.00059    0.00042          7  0.000e+00
      37032   1542.958     80.067     80.630    19.8872    19.8735   4.962412   4.961164     2.1600     1.8046     100.00   29.75830  -87.04276    0.00062    0.00045          7  0.000e+00
      37033   1543.000     80.128     80.691    19.8883    19.8732   4.962404   4.961201     2.1600     1.8046     100.00   29.75830  -87.04276    0.00066    0.00048          7  0.000e+00
      37034   1543.042     80.128     80.691    19.8885    19.8732   4.962352   4.961216     2.1587     1.8046     100.00   29.75830  -87.04276    0.00069    0.00051          7  0.000e+00
      37035   1543.083     80.067     80.630    19.8874    19.8738   4.962271   4.961239     2.1587     1.8034     100.00   29.75830  -87.04276    0.00072    0.00052          7  0.000e+00
      37036   1543.125     80.128     80.691    19.8867    19.8737   4.962286   4.961254     2.1587     1.8034     100.00   29.75830  -87.04276    0.00074    0.00053          7  0.000e+00
      37037   1543.167     80.067     80.630    19.8869    19.8737   4.962264   4.961284     2.1587     1.8034     100.00   29.75830  -87.04276    0.00075    0.00054          7  0.000e+00
      37038   1543.208     80.128     80.691    19.8865    19.8740   4.962234   4.961329     2.1587     1.8034     100.00   29.75830  -87.04276    0.00077    0.00055          7  0.000e+00
      37039   1543.250     80.067     80.630    19.8857    19.8741   4.962153   4.961344     2.1587     1.8034     100.00   29.75830  -87.04276    0.00078    0.00056          7  0.000e+00
      37040   1543.292     80.128     80.691    19.8848    19.8746   4.961998   4.961396     2.1587     1.8034     100.00   29.75830  -87.04276    0.00078    0.00056          7  0.000e+00
      37041   1543.333     80.067     80.630    19.8843    19.8749   4.961961   4.961486     2.1587     1.8034     100.00   29.75830  -87.04276    0.00077    0.00055          7  0.000e+00
      37042   1543.375     80.067     80.630    19.8834    19.8755   4.961909   4.961598     2.1587     1.8022     100.00   29.75830  -87.04276    0.00079    0.00052          7  0.000e+00
      37043   1543.417     80.067     80.630    19.8843    19.8758   4.961917   4.961658     2.1587     1.8022     100.00   29.75830  -87.04276    0.00080    0.00050          7  0.000e+00
      37044   1543.458     80.128     80.691    19.8846    19.8762   4.961983   4.961673     2.1587     1.8022     100.00   29.75830  -87.04276    0.00081    0.00049          7  0.000e+00
      37045   1543.500     80.067     80.630    19.8855    19.8767   4.961968   4.961740     2.1587     1.8022     100.00   29.75830  -87.04276    0.00081    0.00047          7  0.000e+00
      37046   1543.542     80.067     80.630    19.8860    19.8771   4.962050   4.961785     2.1587     1.8022     100.00   29.75830  -87.04276    0.00080    0.00044          7  0.000e+00
      37047   1543.583     80.067     80.630    19.8862    19.8772   4.962153   4.961830     2.1587     1.8022     100.00   29.75830  -87.04276    0.00079    0.00042          7  0.000e+00
      37048   1543.625     80.014     80.577    19.8871    19.8772   4.962175   4.961905     2.1587     1.8022     100.00   29.75830  -87.04276    0.00080    0.00039          7  0.000e+00
      37049   1543.667     80.067     80.630    19.8876    19.8775   4.962264   4.961830     2.1575     1.8022     100.00   29.75830  -87.04276    0.00079    0.00037          7  0.000e+00
      37050   1543.708     80.067     80.630    19.8880    19.8777   4.962360   4.961860     2.1587     1.8022     100.00   29.75830  -87.04276    0.00079    0.00034          7  0.000e+00
      37051   1543.750     80.067     80.630    19.8892    19.8777   4.962448   4.961913     2.1575     1.8010     100.00   29.75830  -87.04276    0.00076    0.00030          7  0.000e+00
      37052   1543.792     80.067     80.630    19.8921    19.8783   4.962655   4.961950     2.1587     1.8010     100.00   29.75830  -87.04276    0.00075    0.00026          7  0.000e+00
      37053   1543.833     80.014     80.577    19.8941    19.8784   4.962773   4.961868     2.1575     1.8010     100.00   29.75830  -87.04276    0.00072    0.00021          7  0.000e+00
      37054   1543.875     80.014     80.577    19.8942    19.8789   4.962825   4.961905     2.1575     1.8022     100.00   29.75830  -87.04276    0.00071    0.00019          7  0.000e+00
      37055   1543.917     80.014     80.577    19.8928    19.8790   4.962685   4.961927     2.1575     1.8022     100.00   29.75830  -87.04276    0.00068    0.00017          7  0.000e+00
      37056   1543.958     80.067     80.630    19.8913    19.8795   4.962640   4.961927     2.1575     1.8010     100.00   29.75830  -87.04276    0.00066    0.00013          7  0.000e+00
      37057   1544.000     80.014     80.577    19.8928    19.8798   4.962692   4.961920     2.1575     1.8010     100.00   29.75830  -87.04276    0.00063    0.00010          7  0.000e+00
      37058   1544.042     80.014     80.577    19.8925    19.8795   4.962803   4.961920     2.1575     1.8010     100.00   29.75830  -87.04276    0.00060    0.00006          7  0.000e+00
      37059   1544.083     80.014     80.577    19.8925    19.8800   4.962773   4.961927     2.1563     1.7998     100.00   29.75830  -87.04276    0.00055    0.00002          7  0.000e+00
      37060   1544.125     80.014     80.577    19.8934    19.8809   4.962781   4.961987     2.1563     1.8010     100.00   29.75830  -87.04276    0.00050   -0.00002          7  0.000e+00
      37061   1544.167     80.014     80.577    19.8935    19.8821   4.962995   4.962070     2.1563     1.7998     100.00   29.75830  -87.04276    0.00046   -0.00007          7  0.000e+00
      37062   1544.208     79.954     80.516    19.8963    19.8819   4.963202   4.962122     2.1563     1.7998     100.00   29.75830  -87.04276    0.00041   -0.00013          7  0.000e+00
      37063   1544.250     80.014     80.577    19.8998    19.8815   4.963283   4.962032     2.1563     1.7998     100.00   29.75830  -87.04276    0.00038   -0.00016          7  0.000e+00
      37064   1544.292     80.014     80.577    19.9000    19.8811   4.963357   4.962032     2.1551     1.7998     100.00   29.75830  -87.04276    0.00032   -0.00022          7  0.000e+00
      37065   1544.333     79.954     80.516    19.8991    19.8819   4.963409   4.962115     2.1563     1.7998     100.00   29.75830  -87.04276    0.00027   -0.00027          7  0.000e+00
      37066   1544.375     79.954     80.516    19.9008    19.8838   4.963497   4.962227     2.1551     1.7998     100.00   29.75830  -87.04276    0.00021   -0.00032          7  0.000e+00
      39652   1652.125     59.747     60.164    23.1772    23.1657   5.294183   5.293743     2.7167     2.3114     100.00   29.75830  -87.04286    0.00014    0.00108          8  0.000e+00
      39653   1652.167     59.860     60.278    23.1791    23.1660   5.294221   5.293820     2.7167     2.3114     100.00   29.75830  -87.04286    0.00012    0.00109          8  0.000e+00
      39654   1652.208     60.080     60.499    23.1772    23.1664   5.294183   5.293873     2.7167     2.3114     100.00   29.75830  -87.04286    0.00008    0.00111          8  0.000e+00
      39655   1652.250     59.974     60.392    23.1757    23.1669   5.294145   5.293850     2.7167     2.3114     100.00   29.75830  -87.04286    0.00006    0.00113          8  0.000e+00
      39656   1652.292     60.027     60.446    23.1763    23.1667   5.294031   5.293804     2.7167     2.3101     100.00   29.75830  -87.04286    0.00004    0.00111          8  0.000e+00
