GOMECC/GOMECC-4/1db/rb2103_0281.cnv
* Sea-Bird SBE 9 Data File:
* FileName = C:\Users\scs.user.rb\CTD\GOMECC4\data\rb2103_0281.hex
* Software Version Seasave V 7.26.7.107
* Temperature SN = 4799
* Conductivity SN = 3860
* Number of Bytes Per Scan = 41
* Number of Voltage Words = 4
* Number of Scans Averaged by the Deck Unit = 1
* NMEA Latitude = 27 59.98 N
* NMEA Longitude = 086 37.19 W
* NMEA UTC (Time) = Sep 21 2021  18:09:14
* NMEA baud rate = 4800
# nquan = 28
# nvalues = 490                         
# units = specified
# name 0 = scan: Scan Count
# name 1 = timeS: Time, Elapsed [seconds]
# name 2 = depSM: Depth [salt water, m]
# name 3 = prDM: Pressure, Digiquartz [db]
# name 4 = t090C: Temperature [ITS-90, deg C]
# name 5 = t190C: Temperature, 2 [ITS-90, deg C]
# name 6 = c0S/m: Conductivity [S/m]
# name 7 = c1S/m: Conductivity, 2 [S/m]
# name 8 = sbeox0V: Oxygen raw, SBE 43 [V]
# name 9 = sbeox1V: Oxygen raw, SBE 43, 2 [V]
# name 10 = altM: Altimeter [m]
# name 11 = latitude: Latitude [deg]
# name 12 = longitude: Longitude [deg]
# name 13 = sbox0dV/dT: Oxygen, SBE 43 [dov/dt]
# name 14 = sbox1dV/dT: Oxygen, SBE 43, 2 [dov/dt]
# name 15 = sbeox0ML/L: Oxygen, SBE 43 [ml/l], WS = 5
# name 16 = sbeox1ML/L: Oxygen, SBE 43, 2 [ml/l], WS = 5
# name 17 = potemp090C: Potential Temperature [ITS-90, deg C]
# name 18 = potemp190C: Potential Temperature, 2 [ITS-90, deg C]
# name 19 = sal00: Salinity, Practical [PSU]
# name 20 = sal11: Salinity, Practical, 2 [PSU]
# name 21 = sigma-é00: Density [sigma-theta, kg/m^3]
# name 22 = sigma-é11: Density, 2 [sigma-theta, kg/m^3]
# name 23 = avgsvCM: Average Sound Velocity [Chen-Millero, m/s], minP = 20, minS = 20
# name 24 = sbox0Mm/Kg: Oxygen, SBE 43 [umol/kg], WS = 5
# name 25 = sbox1Mm/Kg: Oxygen, SBE 43, 2 [umol/kg], WS = 5
# name 26 = nbin: number of scans per bin
# name 27 = flag: flag
# span 0 =       8833,     244859       
# span 1 =    367.993,  10202.431       
# span 2 =      1.987,   2960.940       
# span 3 =      2.000,   3002.000       
# span 4 =     4.2925,    29.6213       
# span 5 =     4.2932,    29.6168       
# span 6 =   3.347456,   5.818821       
# span 7 =   3.347395,   5.819306       
# span 8 =     1.6217,     3.2462       
# span 9 =     1.3250,     2.7570       
# span 10 =       2.90,     104.05      
# span 11 =   27.99305,   28.89505      
# span 12 =  -89.39515,  -86.60354      
# span 13 =   -0.03904,    0.03345      
# span 14 =   -0.03639,    0.03871      
# span 15 =     2.5698,     4.6649      
# span 16 =     2.5950,     4.6974      
# span 17 =     4.0816,    29.6206      
# span 18 =     4.0826,    29.6160      
# span 19 =    33.1801,    36.4858      
# span 20 =    33.1971,    36.4847      
# span 21 =    20.8504,    27.7580      
# span 22 =    20.8641,    27.7564      
# span 23 =       0.00,    1548.99      
# span 24 =    111.735,    202.706      
# span 25 =    112.830,    204.121      
# span 26 =         30,         78      
# span 27 = 0.0000e+00, 0.0000e+00      
# interval = decibars: 1                
# start_time = Sep 21 2021 18:09:14 [NMEA time, header]
# bad_flag = -9.990e-29
*END*
[from data line 259]
     134263   5594.245   1876.855   1898.000     4.2941     4.2949   3.361599   3.361529     1.8891     1.5726     100.05   27.99896  -86.62042    0.00009    0.00008     4.6255     4.6599     4.1324     4.1331    34.9705    34.9689    27.7487    27.7474    1500.92    200.996    202.493         51 0.0000e+00
     134337   5597.348   1874.886   1896.000     4.2935     4.2944   3.361447   3.361395     1.8896     1.5726     100.00   27.99883  -86.62002    0.00016   -0.00001     4.6266     4.6586     4.1320     4.1329    34.9703    34.9687    27.7487    27.7473    1500.91    201.044    202.437         31 0.0000e+00
     134370   5598.690   1873.902   1895.000     4.2935     4.2944   3.361430   3.361371     1.8898     1.5723     100.00   27.99896  -86.62042    0.00023   -0.00005     4.6266     4.6569     4.1321     4.1330    34.9706    34.9689    27.7489    27.7475    1500.92    201.047    202.363         32 0.0000e+00
     139101   5795.820   1688.742   1707.000     4.3044     4.3052   3.354637   3.354573     1.9146     1.5961      96.81   27.99898  -86.62103    0.00003    0.00012     4.6095     4.6426     4.1612     4.1619    34.9694    34.9679    27.7448    27.7435    1500.93    200.303    201.740         36 0.0000e+00
     139174   5798.857   1687.756   1706.000     4.3034     4.3043   3.354486   3.354435     1.9147     1.5960      99.90   27.99882  -86.62054    0.00002   -0.00004     4.6093     4.6417     4.1603     4.1612    34.9692    34.9676    27.7447    27.7434    1500.92    200.292    201.704         57 0.0000e+00
     139256   5802.286   1686.771   1705.000     4.3031     4.3043   3.354420   3.354392     1.9147     1.5963     100.00   27.99880  -86.62054    0.00002    0.00010     4.6088     4.6426     4.1601     4.1612    34.9692    34.9677    27.7448    27.7434    1500.92    200.274    201.743         46 0.0000e+00
     139344   5805.970   1685.785   1704.000     4.3036     4.3050   3.354425   3.354414     1.9150     1.5970     100.00   27.99880  -86.62054    0.00006    0.00017     4.6094     4.6445     4.1607     4.1621    34.9692    34.9676    27.7447    27.7433    1500.92    200.299    201.826         39 0.0000e+00
     139430   5809.555   1684.800   1703.000     4.3039     4.3050   3.354397   3.354366     1.9150     1.5971      97.31   27.99880  -86.62054    0.00005    0.00005     4.6088     4.6445     4.1611     4.1622    34.9690    34.9675    27.7445    27.7432    1500.92    200.272    201.824         45 0.0000e+00
     139513   5812.998   1683.815   1702.000     4.3048     4.3054   3.354433   3.354359     1.9152     1.5968      83.91   27.99880  -86.62054    0.00007   -0.00007     4.6089     4.6428     4.1620     4.1626    34.9690    34.9676    27.7444    27.7432    1500.92    200.276    201.750         51 0.0000e+00
     139606   5816.877   1682.830   1701.000     4.3051     4.3050   3.354417   3.354290     1.9152     1.5961      98.35   27.99880  -86.62054   -0.00002   -0.00022     4.6080     4.6392     4.1625     4.1624    34.9689    34.9676    27.7443    27.7433    1500.92    200.239    201.596         54 0.0000e+00
     140106   5837.716   1681.844   1700.000     4.3051     4.3056   3.354380   3.354301     1.9152     1.5968     100.00   27.99879  -86.62055    0.00003 -5.472e-07     4.6074     4.6415     4.1625     4.1630    34.9690    34.9676    27.7444    27.7432    1500.92    200.212    201.694         46 0.0000e+00
     141208   5883.633   1680.859   1699.000     4.3054     4.3060   3.354355   3.354291     1.9160     1.5973     100.00   27.99876  -86.62058    0.00013    0.00007     4.6101     4.6429     4.1629     4.1635    34.9690    34.9675    27.7443    27.7431    1500.92    200.330    201.755         30 0.0000e+00
     141372   5890.442   1679.874   1698.000     4.3053     4.3061   3.354318   3.354257     1.9160     1.5977     100.00   27.99876  -86.62059    0.00005    0.00012     4.6095     4.6439     4.1629     4.1637    34.9691    34.9675    27.7444    27.7431    1500.92    200.302    201.799         61 0.0000e+00
     141430   5892.893   1678.888   1697.000     4.3051     4.3060   3.354261   3.354214     1.9162     1.5980     100.00   27.99876  -86.62059    0.00003    0.00020     4.6095     4.6444     4.1629     4.1637    34.9691    34.9676    27.7444    27.7431    1500.92    200.306    201.821         46 0.0000e+00
     141480   5894.948   1677.903   1696.000     4.3051     4.3058   3.354206   3.354149     1.9163     1.5980     100.00   27.99876  -86.62060    0.00006    0.00001     4.6093     4.6438     4.1629     4.1636    34.9690    34.9675    27.7443    27.7431    1500.92    200.294    201.793         50 0.0000e+00
     141521   5896.680   1676.917   1695.000     4.3049     4.3058   3.354157   3.354111     1.9164     1.5979     100.00   27.99876  -86.62060    0.00007   -0.00006     4.6091     4.6427     4.1628     4.1637    34.9690    34.9675    27.7443    27.7431    1500.92    200.286    201.746         35 0.0000e+00
     141554   5898.027   1675.932   1694.000     4.3050     4.3059   3.354117   3.354070     1.9167     1.5982     100.00   27.99875  -86.62060    0.00008    0.00004     4.6098     4.6436     4.1630     4.1639    34.9690    34.9675    27.7443    27.7430    1500.92    200.317    201.787         30 0.0000e+00
     146219   6092.404   1491.585   1507.000     4.3270     4.3277   3.348434   3.348365     1.9388     1.6191      95.22   28.00090  -86.62756    0.00025    0.00021     4.5794     4.6144     4.2025     4.2031    34.9700    34.9685    27.7409    27.7397    1501.04    198.994    200.516         32 0.0000e+00
     146274   6094.695   1490.598   1506.000     4.3259     4.3268   3.348058   3.348017     1.9389     1.6191      70.95   27.99868  -86.62070    0.00008    0.00000     4.5795     4.6140     4.2015     4.2023    34.9672    34.9658    27.7387    27.7376    1500.92    198.999    200.500         37 0.0000e+00
     146343   6097.564   1489.612   1505.000     4.3259     4.3265   3.348018   3.347954     1.9389     1.6195      97.30   27.99868  -86.62070    0.00004    0.00010     4.5790     4.6152     4.2015     4.2022    34.9672    34.9658    27.7388    27.7376    1500.92    198.977    200.553         32 0.0000e+00
     146431   6101.237   1488.626   1504.000     4.3258     4.3260   3.347964   3.347861     1.9391     1.6196     100.00   27.99868  -86.62070    0.00004    0.00012     4.5790     4.6150     4.2015     4.2018    34.9672    34.9657    27.7388    27.7375    1500.92    198.980    200.541         44 0.0000e+00
     146523   6105.100   1487.640   1503.000     4.3268     4.3275   3.348007   3.347941     1.9392     1.6201      87.66   27.99868  -86.62070    0.00003    0.00008     4.5787     4.6164     4.2026     4.2033    34.9671    34.9656    27.7386    27.7373    1500.92    198.966    200.603         37 0.0000e+00
     146611   6108.746   1486.653   1502.000     4.3275     4.3283   3.348026   3.347973     1.9391     1.6200      96.06   27.99868  -86.62070   -0.00003   -0.00002     4.5776     4.6153     4.2035     4.2042    34.9670    34.9656    27.7384    27.7372    1500.92    198.919    200.556         60 0.0000e+00
     146701   6112.506   1485.667   1501.000     4.3280     4.3284   3.348024   3.347940     1.9391     1.6201      92.06   27.99869  -86.62070 -9.724e-07    0.00002     4.5769     4.6149     4.2040     4.2044    34.9670    34.9656    27.7384    27.7372    1500.92    198.889    200.538         47 0.0000e+00
     147671   6152.901   1484.681   1500.000     4.3285     4.3286   3.348024   3.347922     1.9393     1.6196     100.79   27.99869  -86.62070    0.00006   -0.00014     4.5772     4.6123     4.2046     4.2047    34.9670    34.9657    27.7383    27.7372    1500.92    198.901    200.427         55 0.0000e+00
     150190   6257.879   1483.695   1499.000     4.3286     4.3295   3.347999   3.347945     1.9402     1.6209     100.00   27.99870  -86.62070    0.00017    0.00017     4.5798     4.6169     4.2048     4.2056    34.9670    34.9655    27.7383    27.7370    1500.92    199.016    200.626         70 0.0000e+00
     150313   6263.007   1482.708   1498.000     4.3286     4.3295   3.347948   3.347912     1.9404     1.6214     100.00   27.99870  -86.62070    0.00007    0.00020     4.5800     4.6183     4.2048     4.2058    34.9670    34.9656    27.7382    27.7370    1500.92    199.020    200.687         49 0.0000e+00
     150353   6264.646   1481.722   1497.000     4.3284     4.3291   3.347889   3.347833     1.9405     1.6213     100.00   27.99870  -86.62070    0.00010    0.00011     4.5797     4.6173     4.2048     4.2054    34.9670    34.9656    27.7382    27.7371    1500.92    199.010    200.643         33 0.0000e+00
     150384   6265.966   1480.736   1496.000     4.3287     4.3294   3.347870   3.347813     1.9405     1.6214     100.00   27.99870  -86.62070    0.00002   -0.00000     4.5791     4.6172     4.2051     4.2059    34.9669    34.9655    27.7382    27.7370    1500.92    198.985    200.641         31 0.0000e+00
     155166   6465.214   1293.256   1306.000     4.4240     4.4251   3.348068   3.348050     1.9454     1.6250     100.00   27.99929  -86.62239   -0.00008   -0.00007     4.4735     4.5068     4.3170     4.3181    34.9625    34.9611    27.7225    27.7213    1500.95    194.395    195.846         36 0.0000e+00
     155237   6468.160   1292.269   1305.000     4.4217     4.4208   3.347754   3.347580     1.9444     1.6243     100.00   27.99872  -86.62064   -0.00028   -0.00036     4.4694     4.5042     4.3149     4.3139    34.9617    34.9606    27.7221    27.7214    1500.92    194.221    195.731         46 0.0000e+00
     155315   6471.435   1291.282   1304.000     4.4206     4.4228   3.347627   3.347703     1.9440     1.6251     100.00   27.99872  -86.62064   -0.00014    0.00019     4.4677     4.5064     4.3138     4.3160    34.9619    34.9604    27.7224    27.7210    1500.92    194.148    195.829         57 0.0000e+00
     155397   6474.824   1290.295   1303.000     4.4191     4.4197   3.347456   3.347395     1.9443     1.6252      77.73   27.99872  -86.62064    0.00005    0.00002     4.4684     4.5065     4.3124     4.3130    34.9619    34.9606    27.7226    27.7215    1500.92    194.177    195.831         57 0.0000e+00
     155478   6478.228   1289.308   1302.000     4.4202     4.4204   3.347500   3.347410     1.9451     1.6257      99.46   27.99872  -86.62064    0.00021    0.00014     4.4704     4.5080     4.3136     4.3139    34.9618    34.9605    27.7224    27.7213    1500.92    194.263    195.898         63 0.0000e+00
     155560   6481.609   1288.320   1301.000     4.4211     4.4223   3.347540   3.347540     1.9450     1.6261     100.00   27.99872  -86.62064    0.00000    0.00013     4.4696     4.5086     4.3146     4.3158    34.9617    34.9605    27.7222    27.7211    1500.92    194.228    195.925         73 0.0000e+00
     156100   6504.139   1287.333   1300.000     4.4294     4.4326   3.348205   3.348326     1.9442     1.6251      97.88   27.99872  -86.62065   -0.00001    0.00010     4.4648     4.5028     4.3229     4.3261    34.9613    34.9595    27.7209    27.7192    1500.92    194.021    195.673         55 0.0000e+00
     157094   6545.540   1286.346   1299.000     4.4321     4.4333   3.348397   3.348394     1.9427     1.6230     100.03   27.99872  -86.62065    0.00009    0.00003     4.4585     4.4939     4.3257     4.3269    34.9612    34.9599    27.7206    27.7194    1500.92    193.746    195.286         43 0.0000e+00
     157156   6548.143   1285.359   1298.000     4.4316     4.4330   3.348326   3.348330     1.9427     1.6229      75.89   27.99872  -86.62064    0.00000   -0.00006     4.4579     4.4928     4.3253     4.3267    34.9614    34.9600    27.7208    27.7195    1500.92    193.722    195.236         63 0.0000e+00
     157217   6550.657   1284.372   1297.000     4.4327     4.4337   3.348359   3.348336     1.9430     1.6235     100.53   27.99872  -86.62064    0.00005    0.00019     4.4582     4.4946     4.3264     4.3275    34.9612    34.9598    27.7205    27.7193    1500.92    193.735    195.316         54 0.0000e+00
     157266   6552.715   1283.384   1296.000     4.4327     4.4338   3.348321   3.348309     1.9432     1.6238     100.00   27.99872  -86.62064    0.00010    0.00026     4.4585     4.4952     4.3265     4.3276    34.9612    34.9599    27.7205    27.7194    1500.92    193.746    195.342         46 0.0000e+00
     157311   6554.580   1282.397   1295.000     4.4335     4.4346   3.348342   3.348323     1.9435     1.6237     100.00   27.99872  -86.62064    0.00019    0.00004     4.4591     4.4943     4.3274     4.3285    34.9611    34.9597    27.7203    27.7191    1500.92    193.770    195.302         43 0.0000e+00
     157349   6556.186   1281.410   1294.000     4.4349     4.4361   3.348423   3.348417     1.9437     1.6234     100.00   27.99872  -86.62064    0.00014   -0.00006     4.4588     4.4922     4.3289     4.3301    34.9611    34.9597    27.7201    27.7189    1500.92    193.760    195.210         35 0.0000e+00
     157384   6557.608   1280.422   1293.000     4.4367     4.4379   3.348543   3.348533     1.9437     1.6231     100.00   27.99872  -86.62064    0.00007   -0.00021     4.4580     4.4902     4.3308     4.3320    34.9609    34.9596    27.7198    27.7187    1500.92    193.725    195.123         34 0.0000e+00
     157416   6558.964   1279.435   1292.000     4.4395     4.4407   3.348720   3.348726     1.9436     1.6234     100.00   27.99872  -86.62064    0.00002   -0.00014     4.4570     4.4904     4.3337     4.3349    34.9607    34.9595    27.7193    27.7182    1500.92    193.681    195.134         30 0.0000e+00
     164441   6851.680    997.883   1007.000     5.0560     5.0595   3.390174   3.390301     1.8533     1.5399     100.01   28.00030  -86.62544   -0.00028   -0.00021     3.9098     3.9416     4.9709     4.9744    34.9362    34.9346    27.6282    27.6265    1501.00    169.915    171.299         32 0.0000e+00
     164494   6853.887    996.895   1006.000     5.0540     5.0554   3.389708   3.389721     1.8524     1.5394      99.58   27.99874  -86.62060   -0.00032   -0.00013     3.9065     3.9401     4.9691     4.9704    34.9353    34.9341    27.6276    27.6265    1500.92    169.772    171.233         54 0.0000e+00
     164551   6856.254    995.906   1005.000     5.0529     5.0561   3.389551   3.389775     1.8519     1.5394     100.00   27.99874  -86.62060   -0.00021   -0.00005     3.9045     3.9395     4.9680     4.9712    34.9352    34.9343    27.6277    27.6266    1500.92    169.689    171.206         60 0.0000e+00
     164623   6859.246    994.918   1004.000     5.0507     5.0577   3.389332   3.389834     1.8520     1.5394     100.00   27.99874  -86.62060   -0.00002   -0.00002     3.9045     3.9389     4.9660     4.9729    34.9354    34.9339    27.6281    27.6261    1500.92    169.685    171.182         61 0.0000e+00
     164702   6862.546    993.929   1003.000     5.0527     5.0702   3.389485   3.390807     1.8525     1.5391     100.00   27.99874  -86.62060    0.00012   -0.00006     3.9054     3.9360     4.9680     4.9854    34.9355    34.9327    27.6279    27.6236    1500.92    169.728    171.055         71 0.0000e+00
     164777   6865.647    992.940   1002.000     5.0917     5.0824   3.392768   3.392047     1.8529     1.5384      90.90   27.99874  -86.62060    0.00018   -0.00021     3.9023     3.9312     5.0068     4.9976    34.9333    34.9323    27.6216    27.6219    1500.92    169.591    170.847         72 0.0000e+00
     164856   6868.960    991.952   1001.000     5.0945     5.1050   3.392894   3.393768     1.8498     1.5360      99.86   27.99874  -86.62060   -0.00079   -0.00063     3.8907     3.9196     5.0097     5.0201    34.9342    34.9315    27.6220    27.6186    1500.92    169.087    170.346         65 0.0000e+00
