GOMECC/GOMECC-4/1db/rb2103_0851.ros
* Sea-Bird SBE 9 Data File:
* FileName = C:\Users\scs.user.rb\CTD\GOMECC4\data\rb2103_0851.hex
* Software Version Seasave V 7.26.7.107
* Temperature SN = 4799
* Conductivity SN = 3860
* Number of Bytes Per Scan = 41
* Number of Voltage Words = 4
* Number of Scans Averaged by the Deck Unit = 1
* NMEA Latitude = 20 36.04 N
* NMEA Longitude = 094 17.37 W
* NMEA UTC (Time) = Oct 07 2021  22:53:37
* NMEA baud rate = 4800
# nquan = 17
# nvalues = 3059                                  
# units = specified
# name 0 = scan: Scan Count
# name 1 = timeS: Time, Elapsed [seconds]
# name 2 = depSM: Depth [salt water, m]
# name 3 = prDM: Pressure, Digiquartz [db]
# name 4 = t090C: Temperature [ITS-90, deg C]
# name 5 = t190C: Temperature, 2 [ITS-90, deg C]
# name 6 = c0S/m: Conductivity [S/m]
# name 7 = c1S/m: Conductivity, 2 [S/m]
# name 8 = sbeox0V: Oxygen raw, SBE 43 [V]
# name 9 = sbeox1V: Oxygen raw, SBE 43, 2 [V]
# name 10 = altM: Altimeter [m]
# name 11 = latitude: Latitude [deg]
# name 12 = longitude: Longitude [deg]
# name 13 = sbox0dV/dT: Oxygen, SBE 43 [dov/dt]
# name 14 = sbox1dV/dT: Oxygen, SBE 43, 2 [dov/dt]
# name 15 = nbf: Bottles Fired
# name 16 = flag:  0.000e+00
# interval = seconds: 0.0416667
# start_time = Oct 07 2021 22:53:37 [NMEA time, header]
# bad_flag = -9.990e-29
*END*
[from data line 2639]
     151319   6304.917     29.636     29.821    29.3988    29.4005   5.981650   5.981837     3.1538     2.6630     100.00   20.60058  -94.29118   -0.00028   -0.00031         20  0.000e+00
     151320   6304.958     29.676     29.862    29.3988    29.4005   5.981642   5.981805     3.1538     2.6642     100.00   20.60058  -94.29118   -0.00030   -0.00029         20  0.000e+00
     151321   6305.000     29.690     29.875    29.3990    29.4005   5.981666   5.981829     3.1551     2.6654     100.00   20.60058  -94.29118   -0.00029   -0.00023         20  0.000e+00
     151322   6305.042     29.690     29.876    29.3990    29.4003   5.981650   5.981805     3.1551     2.6642     100.00   20.60058  -94.29118   -0.00028   -0.00019         20  0.000e+00
     151323   6305.083     29.676     29.862    29.3992    29.4005   5.981706   5.981829     3.1551     2.6630     100.00   20.60058  -94.29118   -0.00028   -0.00016         20  0.000e+00
     151324   6305.125     29.636     29.821    29.3993    29.4005   5.981770   5.981805     3.1551     2.6654     100.00   20.60058  -94.29118   -0.00028   -0.00011         20  0.000e+00
     151325   6305.167     29.676     29.862    29.3993    29.4005   5.981674   5.981829     3.1551     2.6630     100.00   20.60058  -94.29118   -0.00027   -0.00009         20  0.000e+00
     151326   6305.208     29.690     29.876    29.3993    29.4005   5.981666   5.981870     3.1563     2.6642     100.00   20.60058  -94.29118   -0.00025   -0.00006         20  0.000e+00
     151327   6305.250     29.690     29.876    29.3993    29.4005   5.981722   5.981886     3.1551     2.6630     100.00   20.60058  -94.29118   -0.00025   -0.00006         20  0.000e+00
     151328   6305.292     29.629     29.814    29.3991    29.4007   5.981698   5.981854     3.1551     2.6630     100.00   20.60058  -94.29118   -0.00025   -0.00006         20  0.000e+00
     151329   6305.333     29.690     29.876    29.3994    29.4005   5.981714   5.981846     3.1563     2.6630     100.00   20.60058  -94.29118   -0.00025   -0.00007         20  0.000e+00
     151330   6305.375     29.636     29.821    29.3993    29.4007   5.981698   5.981846     3.1563     2.6618     100.00   20.60058  -94.29118   -0.00023   -0.00009         20  0.000e+00
     151331   6305.417     29.677     29.862    29.3995    29.4003   5.981690   5.981846     3.1563     2.6618     100.00   20.60058  -94.29118   -0.00022   -0.00011         20  0.000e+00
     151332   6305.458     29.636     29.821    29.3997    29.4004   5.981754   5.981846     3.1563     2.6618     100.00   20.60058  -94.29118   -0.00021   -0.00012         20  0.000e+00
     151333   6305.500     29.636     29.821    29.3995    29.4005   5.981706   5.981878     3.1563     2.6618     100.00   20.60058  -94.29118   -0.00019   -0.00018         20  0.000e+00
     151334   6305.542     29.677     29.862    29.3995    29.4007   5.981690   5.981886     3.1563     2.6618     100.00   20.60058  -94.29118   -0.00018   -0.00023         20  0.000e+00
     151335   6305.583     29.636     29.821    29.3995    29.4007   5.981754   5.981886     3.1563     2.6606     100.00   20.60058  -94.29118   -0.00015   -0.00026         20  0.000e+00
     151336   6305.625     29.629     29.815    29.3991    29.4009   5.981706   5.981854     3.1563     2.6606     100.00   20.60058  -94.29118   -0.00012   -0.00031         20  0.000e+00
     151337   6305.667     29.636     29.821    29.3993    29.4007   5.981690   5.981918     3.1563     2.6606     100.00   20.60058  -94.29118   -0.00010   -0.00038         20  0.000e+00
     151338   6305.708     29.690     29.876    29.3991    29.4007   5.981602   5.981902     3.1563     2.6606     100.00   20.60058  -94.29118   -0.00007   -0.00043         20  0.000e+00
     151339   6305.750     29.629     29.815    29.3993    29.4007   5.981658   5.981894     3.1563     2.6606     100.00   20.60058  -94.29118   -0.00005   -0.00049         20  0.000e+00
     153775   6407.250      9.802      9.862    29.3886    29.3914   5.979800   5.980157     3.1600     2.6716      61.20   20.60056  -94.29130   -0.00084   -0.00069         21  0.000e+00
     153776   6407.292      9.903      9.965    29.3886    29.3908   5.979800   5.980100     3.1587     2.6728      94.51   20.60056  -94.29130   -0.00091   -0.00068         21  0.000e+00
     153777   6407.333      9.856      9.917    29.3886    29.3912   5.979784   5.980108     3.1600     2.6728     100.00   20.60056  -94.29130   -0.00096   -0.00067         21  0.000e+00
     153778   6407.375      9.856      9.917    29.3884    29.3908   5.979808   5.980124     3.1587     2.6716     100.00   20.60056  -94.29130   -0.00101   -0.00068         21  0.000e+00
     153779   6407.417      9.903      9.965    29.3884    29.3908   5.979784   5.980051     3.1600     2.6716     100.00   20.60056  -94.29130   -0.00106   -0.00068         21  0.000e+00
     153780   6407.458      9.849      9.910    29.3884    29.3905   5.979800   5.980027     3.1587     2.6716     100.00   20.60056  -94.29130   -0.00112   -0.00069         21  0.000e+00
     153781   6407.500      9.856      9.917    29.3886    29.3905   5.979816   5.980059     3.1587     2.6728      99.98   20.60056  -94.29130   -0.00119   -0.00068         21  0.000e+00
     153782   6407.542      9.903      9.965    29.3887    29.3905   5.979824   5.980035     3.1587     2.6728     100.00   20.60056  -94.29130   -0.00123   -0.00066         21  0.000e+00
     153783   6407.583      9.802      9.863    29.3886    29.3903   5.979776   5.980027     3.1600     2.6728     100.00   20.60056  -94.29130   -0.00128   -0.00065         21  0.000e+00
     153784   6407.625      9.903      9.965    29.3886    29.3903   5.979808   5.980059     3.1587     2.6728     100.00   20.60056  -94.29130   -0.00132   -0.00065         21  0.000e+00
     153785   6407.667      9.856      9.917    29.3884    29.3905   5.979784   5.980035     3.1600     2.6740     100.00   20.60056  -94.29130   -0.00136   -0.00064         21  0.000e+00
     153786   6407.708      9.903      9.965    29.3886    29.3905   5.979872   5.980100     3.1600     2.6740     100.00   20.60056  -94.29130   -0.00139   -0.00062         21  0.000e+00
     153787   6407.750      9.856      9.917    29.3884    29.3907   5.979808   5.980084     3.1600     2.6740     100.00   20.60056  -94.29130   -0.00143   -0.00061         21  0.000e+00
     153788   6407.792      9.897      9.958    29.3888    29.3907   5.979848   5.980035     3.1600     2.6740     100.00   20.60056  -94.29130   -0.00145   -0.00060         21  0.000e+00
     153789   6407.833      9.903      9.965    29.3886    29.3907   5.979824   5.980059     3.1600     2.6740     100.00   20.60056  -94.29130   -0.00147   -0.00056         21  0.000e+00
     153790   6407.875      9.903      9.965    29.3886    29.3909   5.979816   5.980108     3.1600     2.6740     100.00   20.60056  -94.29130   -0.00149   -0.00053         21  0.000e+00
     153791   6407.917      9.903      9.965    29.3887    29.3908   5.979784   5.980084     3.1600     2.6740     100.00   20.60056  -94.29130   -0.00151   -0.00050         21  0.000e+00
     153792   6407.958      9.856      9.917    29.3884    29.3909   5.979800   5.980076     3.1600     2.6740     100.00   20.60056  -94.29130   -0.00153   -0.00047         21  0.000e+00
     153793   6408.000      9.951     10.013    29.3888    29.3907   5.979856   5.980076     3.1612     2.6740     100.00   20.60056  -94.29130   -0.00153   -0.00042         21  0.000e+00
     153794   6408.042      9.856      9.917    29.3886    29.3911   5.979872   5.980075     3.1600     2.6740     100.00   20.60056  -94.29130   -0.00155   -0.00038         21  0.000e+00
     153795   6408.083      9.904      9.965    29.3890    29.3911   5.979832   5.980076     3.1612     2.6752     100.00   20.60056  -94.29130   -0.00154   -0.00031         21  0.000e+00
     153796   6408.125      9.904      9.965    29.3888    29.3908   5.979816   5.980108     3.1612     2.6752     100.00   20.60056  -94.29130   -0.00154   -0.00024         21  0.000e+00
     153797   6408.167      9.951     10.013    29.3890    29.3912   5.979784   5.980084     3.1612     2.6752     100.00   20.60056  -94.29130   -0.00154   -0.00018         21  0.000e+00
     153798   6408.208      9.951     10.013    29.3888    29.3911   5.979808   5.980108     3.1612     2.6764     100.00   20.60056  -94.29130   -0.00153   -0.00009         21  0.000e+00
     153799   6408.250      9.904      9.965    29.3889    29.3911   5.979816   5.980124     3.1612     2.6764     100.00   20.60056  -94.29130   -0.00153   -0.00001         21  0.000e+00
     153800   6408.292      9.904      9.965    29.3886    29.3911   5.979856   5.980124     3.1612     2.6764     100.00   20.60056  -94.29130   -0.00152    0.00007         21  0.000e+00
     153801   6408.333      9.951     10.013    29.3888    29.3911   5.979832   5.980084     3.1612     2.6764     100.00   20.60056  -94.29130   -0.00150    0.00016         21  0.000e+00
     153802   6408.375      9.951     10.013    29.3888    29.3911   5.979816   5.980108     3.1612     2.6764     100.00   20.60056  -94.29130   -0.00147    0.00024         21  0.000e+00
     153803   6408.417      9.904      9.965    29.3888    29.3911   5.979856   5.980084     3.1612     2.6764     100.00   20.60056  -94.29130   -0.00145    0.00030         21  0.000e+00
     153804   6408.458      9.951     10.013    29.3888    29.3911   5.979832   5.980108     3.1612     2.6764     100.00   20.60056  -94.29130   -0.00142    0.00037         21  0.000e+00
     153805   6408.500      9.951     10.013    29.3888    29.3909   5.979848   5.980124     3.1612     2.6764     100.00   20.60056  -94.29130   -0.00139    0.00043         21  0.000e+00
     153806   6408.542      9.951     10.013    29.3886    29.3911   5.979864   5.980084     3.1612     2.6764     100.00   20.60056  -94.29130   -0.00136    0.00049         21  0.000e+00
     153807   6408.583      9.951     10.013    29.3888    29.3909   5.979832   5.980076     3.1624     2.6764     100.00   20.60056  -94.29130   -0.00130    0.00055         21  0.000e+00
     153808   6408.625      9.951     10.013    29.3889    29.3908   5.979816   5.980035     3.1624     2.6764     100.00   20.60056  -94.29130   -0.00125    0.00062         21  0.000e+00
     153809   6408.667      9.951     10.013    29.3890    29.3908   5.979784   5.980027     3.1624     2.6764     100.00   20.60056  -94.29130   -0.00118    0.00068         21  0.000e+00
     153810   6408.708      9.951     10.013    29.3888    29.3907   5.979848   5.980059     3.1624     2.6764     100.00   20.60056  -94.29130   -0.00113    0.00072         21  0.000e+00
     153811   6408.750      9.951     10.013    29.3888    29.3907   5.979824   5.980076     3.1624     2.6752     100.00   20.60056  -94.29130   -0.00106    0.00076         21  0.000e+00
     153812   6408.792      9.951     10.013    29.3890    29.3909   5.979856   5.980035     3.1624     2.6752     100.00   20.60056  -94.29130   -0.00101    0.00080         21  0.000e+00
     153813   6408.833      9.951     10.013    29.3888    29.3908   5.979832   5.980100     3.1624     2.6740     100.00   20.60056  -94.29130   -0.00096    0.00080         21  0.000e+00
     153814   6408.875      9.951     10.013    29.3888    29.3907   5.979784   5.980051     3.1636     2.6740     100.00   20.60056  -94.29130   -0.00089    0.00081         21  0.000e+00
     153815   6408.917      9.999     10.061    29.3890    29.3907   5.979840   5.980100     3.1624     2.6740     100.00   20.60056  -94.29130   -0.00083    0.00081         21  0.000e+00
     153816   6408.958      9.952     10.013    29.3887    29.3911   5.979792   5.980084     3.1624     2.6728     100.00   20.60056  -94.29130   -0.00078    0.00080         21  0.000e+00
     153817   6409.000     10.006     10.068    29.3886    29.3909   5.979808   5.980108     3.1624     2.6740     100.00   20.60056  -94.29130   -0.00072    0.00080         21  0.000e+00
     153818   6409.042      9.952     10.013    29.3888    29.3907   5.979816   5.980124     3.1636     2.6728     100.00   20.60056  -94.29130   -0.00066    0.00079         21  0.000e+00
     153819   6409.083      9.952     10.013    29.3886    29.3908   5.979816   5.980084     3.1624     2.6740     100.00   20.60056  -94.29130   -0.00061    0.00079         21  0.000e+00
     153820   6409.125      9.952     10.013    29.3890    29.3907   5.979824   5.980076     3.1636     2.6740     100.00   20.60056  -94.29130   -0.00055    0.00080         21  0.000e+00
     153821   6409.167     10.006     10.068    29.3886    29.3908   5.979848   5.980108     3.1624     2.6740     100.00   20.60056  -94.29130   -0.00049    0.00080         21  0.000e+00
     153822   6409.208      9.952     10.013    29.3890    29.3907   5.979864   5.980124     3.1636     2.6740     100.00   20.60056  -94.29130   -0.00044    0.00080         21  0.000e+00
     153823   6409.250      9.952     10.013    29.3890    29.3908   5.979832   5.980084     3.1624     2.6740     100.00   20.60056  -94.29130   -0.00040    0.00080         21  0.000e+00
     153824   6409.292      9.999     10.061    29.3890    29.3907   5.979776   5.980108     3.1636     2.6740     100.00   20.60056  -94.29130   -0.00034    0.00081         21  0.000e+00
     153825   6409.333      9.952     10.014    29.3889    29.3907   5.979840   5.980084     3.1636     2.6740     100.00   20.60056  -94.29130   -0.00028    0.00081         21  0.000e+00
     153826   6409.375      9.952     10.014    29.3890    29.3908   5.979872   5.980076     3.1636     2.6752     100.00   20.60056  -94.29130   -0.00022    0.00083         21  0.000e+00
     153827   6409.417     10.006     10.068    29.3890    29.3907   5.979864   5.980076     3.1636     2.6752     100.00   20.60056  -94.29130   -0.00017    0.00086         21  0.000e+00
     153828   6409.458      9.952     10.014    29.3890    29.3907   5.979864   5.980076     3.1636     2.6752     100.00   20.60056  -94.29130   -0.00013    0.00090         21  0.000e+00
     153829   6409.500      9.952     10.014    29.3888    29.3908   5.979832   5.980076     3.1636     2.6752     100.00   20.60056  -94.29130   -0.00007    0.00093         21  0.000e+00
     153830   6409.542      9.952     10.014    29.3888    29.3909   5.979824   5.980108     3.1636     2.6752     100.00   20.60056  -94.29130   -0.00003    0.00097         21  0.000e+00
     153831   6409.583      9.952     10.014    29.3886    29.3908   5.979848   5.980124     3.1636     2.6752     100.00   20.60056  -94.29130    0.00003    0.00100         21  0.000e+00
     153832   6409.625      9.898      9.959    29.3890    29.3912   5.979832   5.980157     3.1636     2.6764     100.00   20.60056  -94.29130    0.00008    0.00105         21  0.000e+00
     153833   6409.667     10.054     10.116    29.3889    29.3911   5.979856   5.980173     3.1636     2.6752     100.00   20.60056  -94.29130    0.00014    0.00109         21  0.000e+00
     153834   6409.708      9.952     10.014    29.3888    29.3911   5.979864   5.980173     3.1636     2.6764     100.00   20.60056  -94.29130    0.00018    0.00112         21  0.000e+00
     153835   6409.750      9.952     10.014    29.3890    29.3911   5.979832   5.980205     3.1636     2.6764     100.00   20.60056  -94.29130    0.00024    0.00115         21  0.000e+00
     153836   6409.792      9.952     10.014    29.3888    29.3911   5.979824   5.980148     3.1636     2.6764     100.00   20.60056  -94.29130    0.00028    0.00118         21  0.000e+00
     153837   6409.833      9.905      9.966    29.3886    29.3911   5.979816   5.980124     3.1636     2.6764     100.00   20.60056  -94.29130    0.00033    0.00121         21  0.000e+00
