GOMECC/GOMECC-4/1db/rb2103_1221.ros
* Sea-Bird SBE 9 Data File:
* FileName = C:\Users\scs.user.rb\CTD\GOMECC4\data\rb2103_1221.hex
* Software Version Seasave V 7.26.7.107
* Temperature SN = 4799
* Conductivity SN = 3860
* Number of Bytes Per Scan = 41
* Number of Voltage Words = 4
* Number of Scans Averaged by the Deck Unit = 1
* NMEA Latitude = 24 31.02 N
* NMEA Longitude = 080 37.81 W
* NMEA UTC (Time) = Oct 17 2021  20:29:11
* NMEA baud rate = 4800
# nquan = 17
# nvalues = 1995                                  
# units = specified
# name 0 = scan: Scan Count
# name 1 = timeS: Time, Elapsed [seconds]
# name 2 = depSM: Depth [salt water, m]
# name 3 = prDM: Pressure, Digiquartz [db]
# name 4 = t090C: Temperature [ITS-90, deg C]
# name 5 = t190C: Temperature, 2 [ITS-90, deg C]
# name 6 = c0S/m: Conductivity [S/m]
# name 7 = c1S/m: Conductivity, 2 [S/m]
# name 8 = sbeox0V: Oxygen raw, SBE 43 [V]
# name 9 = sbeox1V: Oxygen raw, SBE 43, 2 [V]
# name 10 = altM: Altimeter [m]
# name 11 = latitude: Latitude [deg]
# name 12 = longitude: Longitude [deg]
# name 13 = sbox0dV/dT: Oxygen, SBE 43 [dov/dt]
# name 14 = sbox1dV/dT: Oxygen, SBE 43, 2 [dov/dt]
# name 15 = nbf: Bottles Fired
# name 16 = flag:  0.000e+00
# interval = seconds: 0.0416667
# start_time = Oct 17 2021 20:29:11 [NMEA time, header]
# bad_flag = -9.990e-29
*END*
      29970   1248.708    234.354    235.998    13.5407    13.5180   4.240164   4.237787     1.8950     1.5678      11.31   24.52194  -80.62148   -0.00004    0.00034          1  0.000e+00
      29971   1248.750    234.069    235.711    13.5502    13.5338   4.240627   4.239323     1.8938     1.5665      11.33   24.52194  -80.62148   -0.00005    0.00034          1  0.000e+00
      29972   1248.792    234.069    235.711    13.5400    13.5424   4.239506   4.240508     1.8938     1.5665      11.33   24.52194  -80.62146   -0.00005    0.00035          1  0.000e+00
      29973   1248.833    234.259    235.902    13.5246    13.5433   4.237685   4.240579     1.8926     1.5665      11.33   24.52194  -80.62146   -0.00006    0.00033          1  0.000e+00
      29974   1248.875    234.069    235.711    13.5041    13.5427   4.235657   4.240768     1.8926     1.5665      11.33   24.52194  -80.62146   -0.00008    0.00032          1  0.000e+00
      29975   1248.917    234.157    235.800    13.4897    13.5729   4.233961   4.244116     1.8926     1.5665      11.33   24.52194  -80.62146   -0.00010    0.00032          1  0.000e+00
      29976   1248.958    234.123    235.765    13.4785    13.6155   4.232633   4.248665     1.8913     1.5665      11.33   24.52194  -80.62146   -0.00014    0.00033          1  0.000e+00
      29977   1249.000    234.110    235.752    13.4704    13.6325   4.231678   4.250090     1.8901     1.5665      11.38   24.52194  -80.62146   -0.00020    0.00031          1  0.000e+00
      29978   1249.042    234.123    235.765    13.4666    13.6106   4.231346   4.247794     1.8901     1.5665      11.40   24.52194  -80.62146   -0.00023    0.00032          1  0.000e+00
      29979   1249.083    234.157    235.800    13.4692    13.5879   4.231768   4.245449     1.8901     1.5665      11.43   24.52194  -80.62146   -0.00029    0.00032          1  0.000e+00
      29980   1249.125    234.069    235.711    13.4857    13.5856   4.233221   4.245267     1.8889     1.5653      11.40   24.52194  -80.62146   -0.00036    0.00029          1  0.000e+00
      29981   1249.167    234.157    235.800    13.4877    13.5978   4.233345   4.245934     1.8889     1.5653      11.43   24.52194  -80.62146   -0.00042    0.00026          1  0.000e+00
      29982   1249.208    234.069    235.711    13.4753    13.5828   4.232217   4.244052     1.8889     1.5653      11.43   24.52194  -80.62146   -0.00049    0.00023          1  0.000e+00
      29983   1249.250    234.110    235.752    13.4688    13.5522   4.231353   4.240859     1.8889     1.5653      11.43   24.52194  -80.62146   -0.00055    0.00019          1  0.000e+00
      29984   1249.292    234.123    235.765    13.4615    13.5356   4.230612   4.239098     1.8877     1.5653      11.43   24.52194  -80.62146   -0.00062    0.00016          1  0.000e+00
      29985   1249.333    234.069    235.711    13.4581    13.5326   4.230197   4.238860     1.8877     1.5641      11.40   24.52194  -80.62146   -0.00070    0.00013          1  0.000e+00
      29986   1249.375    234.110    235.752    13.4571    13.5328   4.230045   4.238761     1.8877     1.5653      11.43   24.52194  -80.62146   -0.00077    0.00012          1  0.000e+00
      29987   1249.417    234.123    235.765    13.4590    13.5233   4.230239   4.237744     1.8864     1.5641      11.43   24.52194  -80.62146   -0.00087    0.00009          1  0.000e+00
      29988   1249.458    234.110    235.752    13.4603    13.5155   4.230398   4.236860     1.8864     1.5641      11.40   24.52194  -80.62146   -0.00096    0.00004          1  0.000e+00
      29989   1249.500    234.123    235.765    13.4592    13.5122   4.230343   4.236376     1.8864     1.5641      11.43   24.52194  -80.62146   -0.00105   -0.00001          1  0.000e+00
      29990   1249.542    234.055    235.697    13.4594    13.5095   4.230363   4.236082     1.8852     1.5629      11.40   24.52194  -80.62146   -0.00113   -0.00007          1  0.000e+00
      29991   1249.583    234.123    235.765    13.4599    13.5121   4.230460   4.236131     1.8852     1.5629      11.43   24.52194  -80.62146   -0.00123   -0.00013          1  0.000e+00
      29992   1249.625    234.110    235.752    13.4624    13.5126   4.230654   4.236383     1.8852     1.5629      11.40   24.52194  -80.62146   -0.00133   -0.00020          1  0.000e+00
      29993   1249.667    234.069    235.711    13.4678    13.5119   4.231152   4.236376     1.8840     1.5629      11.43   24.52194  -80.62146   -0.00143   -0.00024          1  0.000e+00
      29994   1249.708    234.110    235.752    13.4724    13.5118   4.231574   4.236348     1.8840     1.5617      11.43   24.52194  -80.62146   -0.00152   -0.00032          1  0.000e+00
      29995   1249.750    234.069    235.711    13.4713    13.5115   4.231394   4.236320     1.8840     1.5617      11.40   24.52194  -80.62146   -0.00163   -0.00040          1  0.000e+00
      29996   1249.792    234.069    235.711    13.4673    13.5080   4.230993   4.235794     1.8828     1.5617      11.43   24.52194  -80.62146   -0.00175   -0.00047          1  0.000e+00
      29997   1249.833    234.157    235.800    13.4665    13.5016   4.231007   4.235009     1.8828     1.5617      11.43   24.52194  -80.62146   -0.00187   -0.00055          1  0.000e+00
      29998   1249.875    234.021    235.663    13.4740    13.4930   4.231775   4.234181     1.8828     1.5617      11.43   24.52194  -80.62146   -0.00197   -0.00062          1  0.000e+00
      29999   1249.917    234.110    235.752    13.4782    13.4915   4.232058   4.233943     1.8828     1.5617      11.40   24.52194  -80.62146   -0.00208   -0.00068          1  0.000e+00
      30000   1249.958    234.123    235.765    13.4726    13.4918   4.231519   4.234020     1.8816     1.5604      11.43   24.52194  -80.62146   -0.00220   -0.00076          1  0.000e+00
      30001   1250.000    234.110    235.752    13.4680    13.4922   4.230951   4.234020     1.8816     1.5604      11.45   24.52194  -80.62146   -0.00233   -0.00085          1  0.000e+00
      30002   1250.042    234.069    235.711    13.4647    13.4905   4.230716   4.233761     1.8816     1.5604      11.48   24.52194  -80.62146   -0.00245   -0.00094          1  0.000e+00
      30003   1250.083    234.110    235.752    13.4678    13.4909   4.230924   4.233901     1.8803     1.5592      11.48   24.52194  -80.62146   -0.00258   -0.00102          1  0.000e+00
      30004   1250.125    234.069    235.711    13.4673    13.5002   4.230896   4.234932     1.8803     1.5592      11.48   24.52194  -80.62146   -0.00271   -0.00112          1  0.000e+00
      30005   1250.167    234.157    235.800    13.4642    13.5122   4.230585   4.236187     1.8803     1.5592      11.48   24.52194  -80.62146   -0.00283   -0.00122          1  0.000e+00
      30006   1250.208    234.069    235.711    13.4615    13.5203   4.230183   4.236987     1.8803     1.5592      11.48   24.52194  -80.62146   -0.00296   -0.00130          1  0.000e+00
      30007   1250.250    234.110    235.752    13.4603    13.5235   4.230170   4.237506     1.8791     1.5580      11.48   24.52194  -80.62146   -0.00309   -0.00141          1  0.000e+00
      30008   1250.292    234.123    235.765    13.4708    13.5280   4.231498   4.237962     1.8803     1.5580      11.48   24.52194  -80.62146   -0.00320   -0.00150          1  0.000e+00
      30009   1250.333    234.171    235.813    13.4869    13.5274   4.233082   4.237842     1.8803     1.5580      11.48   24.52194  -80.62146   -0.00331   -0.00159          1  0.000e+00
      30010   1250.375    234.055    235.697    13.4920    13.5136   4.233518   4.236376     1.8791     1.5580      11.48   24.52194  -80.62146   -0.00344   -0.00168          1  0.000e+00
      30011   1250.417    234.123    235.765    13.4817    13.4944   4.232487   4.234287     1.8779     1.5568      11.48   24.52194  -80.62146   -0.00357   -0.00178          1  0.000e+00
      30012   1250.458    234.110    235.752    13.4743    13.4857   4.231802   4.233031     1.8779     1.5568      11.48   24.52194  -80.62146   -0.00370   -0.00188          1  0.000e+00
      30013   1250.500    234.123    235.765    13.4812    13.4851   4.232384   4.232968     1.8779     1.5568      11.48   24.52194  -80.62146   -0.00383   -0.00198          1  0.000e+00
      30014   1250.542    234.110    235.752    13.4881    13.4938   4.232972   4.234125     1.8779     1.5556      11.48   24.52194  -80.62146   -0.00394   -0.00209          1  0.000e+00
      30015   1250.583    234.123    235.765    13.4849    13.5151   4.232736   4.236489     1.8779     1.5556      11.48   24.52194  -80.62146   -0.00404   -0.00220          1  0.000e+00
      30016   1250.625    234.110    235.752    13.4787    13.5317   4.232010   4.238432     1.8779     1.5556      11.48   24.52194  -80.62146   -0.00413   -0.00230          1  0.000e+00
      30017   1250.667    234.171    235.813    13.4750    13.5458   4.231754   4.239603     1.8767     1.5556      11.48   24.52194  -80.62146   -0.00426   -0.00240          1  0.000e+00
      30018   1250.708    234.110    235.752    13.4931    13.5494   4.233186   4.240101     1.8767     1.5543      11.48   24.52194  -80.62146   -0.00438   -0.00252          1  0.000e+00
      30019   1250.750    234.171    235.813    13.5157    13.5484   4.235581   4.239898     1.8767     1.5543      11.48   24.52194  -80.62146   -0.00449   -0.00263          1  0.000e+00
      30020   1250.792    234.069    235.711    13.5309    13.5313   4.237456   4.238137     1.8767     1.5543      11.48   24.52196  -80.62146   -0.00460   -0.00272          1  0.000e+00
      30021   1250.833    234.157    235.800    13.5402    13.5158   4.238301   4.236608     1.8767     1.5543      11.48   24.52196  -80.62146   -0.00471   -0.00283          1  0.000e+00
      30022   1250.875    234.123    235.765    13.5380    13.5107   4.238142   4.235808     1.8755     1.5531      11.48   24.52196  -80.62146   -0.00483   -0.00294          1  0.000e+00
      30023   1250.917    234.157    235.799    13.5281    13.5056   4.237332   4.235353     1.8755     1.5531      11.48   24.52196  -80.62146   -0.00494   -0.00306          1  0.000e+00
      30024   1250.958    234.171    235.813    13.5201    13.5073   4.236460   4.235472     1.8755     1.5531      11.48   24.52196  -80.62146   -0.00505   -0.00317          1  0.000e+00
      30025   1251.000    234.110    235.752    13.5110    13.5110   4.235643   4.235850     1.8755     1.5531      11.38   24.52196  -80.62146   -0.00515   -0.00328          1  0.000e+00
      30026   1251.042    234.171    235.813    13.5105    13.5136   4.235664   4.236194     1.8755     1.5519      11.36   24.52196  -80.62146   -0.00525   -0.00340          1  0.000e+00
      30027   1251.083    234.110    235.752    13.5174    13.5164   4.236203   4.236362     1.8742     1.5519      11.33   24.52196  -80.62146   -0.00535   -0.00351          1  0.000e+00
      30028   1251.125    234.171    235.813    13.5166    13.5169   4.236141   4.236440     1.8742     1.5519      11.33   24.52196  -80.62146   -0.00546   -0.00363          1  0.000e+00
      30029   1251.167    234.157    235.799    13.5127    13.5163   4.235934   4.236327     1.8742     1.5507      11.33   24.52196  -80.62146   -0.00556   -0.00373          1  0.000e+00
      30030   1251.208    234.171    235.813    13.5129    13.5124   4.235885   4.235893     1.8742     1.5507      11.36   24.52196  -80.62146   -0.00565   -0.00384          1  0.000e+00
      30031   1251.250    234.157    235.799    13.5153    13.5087   4.236183   4.235542     1.8730     1.5507      11.36   24.52196  -80.62146   -0.00575   -0.00395          1  0.000e+00
      30032   1251.292    234.171    235.813    13.5211    13.5078   4.236723   4.235451     1.8730     1.5507      11.36   24.52196  -80.62146   -0.00585   -0.00406          1  0.000e+00
      30033   1251.333    234.171    235.813    13.5246    13.5094   4.236930   4.235549     1.8730     1.5495      11.36   24.52196  -80.62146   -0.00594   -0.00419          1  0.000e+00
      30034   1251.375    234.157    235.799    13.5213    13.5094   4.236480   4.235500     1.8730     1.5495      11.33   24.52196  -80.62146   -0.00601   -0.00431          1  0.000e+00
      30035   1251.417    234.171    235.813    13.5118    13.5073   4.235691   4.235331     1.8730     1.5495      11.36   24.52196  -80.62146   -0.00609   -0.00442          1  0.000e+00
      30036   1251.458    234.157    235.799    13.5071    13.5048   4.235338   4.234960     1.8730     1.5495      11.36   24.52196  -80.62146   -0.00616   -0.00453          1  0.000e+00
      30037   1251.500    234.171    235.813    13.5095    13.4976   4.235525   4.234160     1.8730     1.5482      11.33   24.52196  -80.62146   -0.00621   -0.00463          1  0.000e+00
      30038   1251.542    234.157    235.799    13.5127    13.4897   4.235726   4.233466     1.8718     1.5482      11.36   24.52196  -80.62146   -0.00629   -0.00473          1  0.000e+00
      30039   1251.583    234.171    235.813    13.5120    13.4912   4.235719   4.233592     1.8718     1.5482      11.36   24.52196  -80.62146   -0.00636   -0.00482          1  0.000e+00
      30040   1251.625    234.205    235.847    13.5120    13.4979   4.235588   4.234230     1.8718     1.5482      11.36   24.52196  -80.62146   -0.00643   -0.00493          1  0.000e+00
      30041   1251.667    234.171    235.813    13.5040    13.5012   4.234902   4.234602     1.8718     1.5482      11.33   24.52196  -80.62146   -0.00649   -0.00503          1  0.000e+00
      30042   1251.708    234.205    235.847    13.4950    13.5008   4.234183   4.234637     1.8718     1.5482      11.36   24.52196  -80.62146   -0.00654   -0.00512          1  0.000e+00
      30043   1251.750    234.171    235.813    13.4919    13.5006   4.233740   4.234525     1.8718     1.5470      11.36   24.52196  -80.62146   -0.00657   -0.00523          1  0.000e+00
      30044   1251.792    234.157    235.799    13.4946    13.5002   4.233837   4.234427     1.8718     1.5470      11.36   24.52196  -80.62144   -0.00661   -0.00531          1  0.000e+00
      30045   1251.833    234.218    235.861    13.4987    13.4948   4.234010   4.233838     1.8718     1.5470      11.33   24.52196  -80.62144   -0.00665   -0.00541          1  0.000e+00
      30046   1251.875    234.171    235.813    13.4999    13.4856   4.234169   4.232905     1.8718     1.5482      11.33   24.52196  -80.62144   -0.00666   -0.00548          1  0.000e+00
      30047   1251.917    234.205    235.847    13.5055    13.4801   4.234695   4.232211     1.8718     1.5470      11.36   24.52196  -80.62144   -0.00668   -0.00554          1  0.000e+00
      30048   1251.958    234.218    235.861    13.5057    13.4750   4.234882   4.231608     1.8706     1.5470      11.36   24.52196  -80.62144   -0.00671   -0.00562          1  0.000e+00
      30049   1252.000    234.205    235.847    13.5043    13.4709   4.234812   4.231146     1.8706     1.5458      11.33   24.52196  -80.62144   -0.00674   -0.00571          1  0.000e+00
      30050   1252.042    234.218    235.861    13.5055    13.4714   4.234889   4.231160     1.8706     1.5470      11.28   24.52196  -80.62144   -0.00676   -0.00578          1  0.000e+00
      30051   1252.083    234.157    235.799    13.5078    13.4708   4.235048   4.231139     1.8706     1.5458      11.28   24.52196  -80.62144   -0.00677   -0.00585          1  0.000e+00
      30052   1252.125    234.273    235.916    13.5055    13.4691   4.234688   4.231005     1.8706     1.5458      11.31   24.52196  -80.62144   -0.00677   -0.00593          1  0.000e+00
      30053   1252.167    234.205    235.847    13.5002    13.4688   4.234259   4.230893     1.8706     1.5458      11.31   24.52196  -80.62144   -0.00677   -0.00599          1  0.000e+00
      30054   1252.208    234.218    235.861    13.5013    13.4669   4.234328   4.230781     1.8694     1.5458      11.31   24.52196  -80.62144   -0.00678   -0.00605          1  0.000e+00
