GOMECC/GOMECC-4/1db/rb2103_0501.ros
* Sea-Bird SBE 9 Data File:
* FileName = C:\Users\scs.user.rb\CTD\GOMECC4\data\rb2103_0501.hex
* Software Version Seasave V 7.26.7.107
* Temperature SN = 4799
* Conductivity SN = 3860
* Number of Bytes Per Scan = 41
* Number of Voltage Words = 4
* Number of Scans Averaged by the Deck Unit = 1
* NMEA Latitude = 27 52.19 N
* NMEA Longitude = 093 49.83 W
* NMEA UTC (Time) = Sep 27 2021  14:48:27
* NMEA baud rate = 4800
# nquan = 17
# nvalues = 1862                                  
# units = specified
# name 0 = scan: Scan Count
# name 1 = timeS: Time, Elapsed [seconds]
# name 2 = depSM: Depth [salt water, m]
# name 3 = prDM: Pressure, Digiquartz [db]
# name 4 = t090C: Temperature [ITS-90, deg C]
# name 5 = t190C: Temperature, 2 [ITS-90, deg C]
# name 6 = c0S/m: Conductivity [S/m]
# name 7 = c1S/m: Conductivity, 2 [S/m]
# name 8 = sbeox0V: Oxygen raw, SBE 43 [V]
# name 9 = sbeox1V: Oxygen raw, SBE 43, 2 [V]
# name 10 = altM: Altimeter [m]
# name 11 = latitude: Latitude [deg]
# name 12 = longitude: Longitude [deg]
# name 13 = sbox0dV/dT: Oxygen, SBE 43 [dov/dt]
# name 14 = sbox1dV/dT: Oxygen, SBE 43, 2 [dov/dt]
# name 15 = nbf: Bottles Fired
# name 16 = flag:  0.000e+00
# interval = seconds: 0.0416667
# start_time = Sep 27 2021 14:48:27 [NMEA time, header]
# bad_flag = -9.990e-29
*END*
[from data line 681]
      15845    660.167     69.484     69.961    22.0896    22.0991   5.169565   5.170638     2.7961     2.3858      23.52   27.86960  -93.82946    0.00011   -0.00064          6  0.000e+00
      15846    660.208     69.424     69.900    22.0894    22.0998   5.169542   5.170638     2.7973     2.3858      23.52   27.86960  -93.82946    0.00013   -0.00066          6  0.000e+00
      15847    660.250     69.484     69.961    22.0890    22.1006   5.169520   5.170714     2.7973     2.3858      23.49   27.86960  -93.82946    0.00016   -0.00067          6  0.000e+00
      15848    660.292     69.371     69.846    22.0882    22.1015   5.169384   5.170790     2.7961     2.3858      23.49   27.86960  -93.82946    0.00016   -0.00069          6  0.000e+00
      15849    660.333     69.492     69.968    22.0866    22.1024   5.169302   5.170843     2.7961     2.3871      23.49   27.86960  -93.82946    0.00017   -0.00068          6  0.000e+00
      15850    660.375     69.484     69.961    22.0864    22.1020   5.169196   5.170744     2.7973     2.3871      23.54   27.86960  -93.82946    0.00019   -0.00068          6  0.000e+00
      15851    660.417     69.424     69.900    22.0859    22.0984   5.169144   5.170356     2.7985     2.3871      23.57   27.86960  -93.82946    0.00023   -0.00068          6  0.000e+00
      15852    660.458     69.484     69.961    22.0846    22.0952   5.169084   5.169952     2.7973     2.3871      23.59   27.86960  -93.82946    0.00025   -0.00067          6  0.000e+00
      15853    660.500     69.484     69.961    22.0834    22.0925   5.169016   5.169701     2.7985     2.3871      23.59   27.86960  -93.82946    0.00029   -0.00067          6  0.000e+00
      15854    660.542     69.431     69.907    22.0824    22.0897   5.168971   5.169534     2.7985     2.3871      23.57   27.86960  -93.82946    0.00032   -0.00065          6  0.000e+00
      15855    660.583     69.484     69.961    22.0823    22.0875   5.168926   5.169351     2.7973     2.3883      23.57   27.86960  -93.82946    0.00034   -0.00063          6  0.000e+00
      15856    660.625     69.424     69.900    22.0816    22.0867   5.168964   5.169237     2.7973     2.3871      23.57   27.86960  -93.82946    0.00036   -0.00062          6  0.000e+00
      15857    660.667     69.484     69.961    22.0813    22.0865   5.168934   5.169099     2.7985     2.3871      23.59   27.86960  -93.82946    0.00039   -0.00062          6  0.000e+00
      15858    660.708     69.484     69.961    22.0810    22.0856   5.168881   5.169016     2.7985     2.3883      23.57   27.86960  -93.82946    0.00042   -0.00058          6  0.000e+00
      15859    660.750     69.484     69.961    22.0796    22.0833   5.168821   5.168863     2.7973     2.3883      23.57   27.86960  -93.82946    0.00044   -0.00054          6  0.000e+00
      15860    660.792     69.431     69.907    22.0794    22.0815   5.168791   5.168780     2.7973     2.3883      23.57   27.86962  -93.82944    0.00045   -0.00050          6  0.000e+00
      15861    660.833     69.484     69.961    22.0788    22.0794   5.168723   5.168711     2.7973     2.3883      23.59   27.86962  -93.82944    0.00046   -0.00046          6  0.000e+00
      15862    660.875     69.484     69.961    22.0781    22.0782   5.168633   5.168696     2.7973     2.3883      23.57   27.86962  -93.82944    0.00048   -0.00043          6  0.000e+00
      15863    660.917     69.484     69.961    22.0775    22.0780   5.168565   5.168627     2.7985     2.3895      23.59   27.86962  -93.82944    0.00050   -0.00037          6  0.000e+00
      15864    660.958     69.484     69.961    22.0762    22.0774   5.168468   5.168597     2.7985     2.3895      23.57   27.86962  -93.82944    0.00055   -0.00031          6  0.000e+00
      15865    661.000     69.492     69.968    22.0751    22.0776   5.168408   5.168506     2.7985     2.3895      23.57   27.86962  -93.82944    0.00058   -0.00026          6  0.000e+00
      15866    661.042     69.484     69.961    22.0739    22.0767   5.168250   5.168445     2.7985     2.3895      23.57   27.86962  -93.82944    0.00062   -0.00020          6  0.000e+00
      15867    661.083     69.484     69.961    22.0733    22.0760   5.168182   5.168437     2.7985     2.3895      23.57   27.86962  -93.82944    0.00066   -0.00015          6  0.000e+00
      15868    661.125     69.537     70.014    22.0725    22.0754   5.168145   5.168361     2.7985     2.3907      23.57   27.86962  -93.82944    0.00071   -0.00008          6  0.000e+00
      15869    661.167     69.484     69.961    22.0721    22.0753   5.168069   5.168384     2.7985     2.3907      23.57   27.86962  -93.82944    0.00075   -0.00001          6  0.000e+00
      15870    661.208     69.484     69.961    22.0720    22.0754   5.168070   5.168300     2.7985     2.3907      23.57   27.86962  -93.82944    0.00079    0.00006          6  0.000e+00
      15871    661.250     69.492     69.968    22.0720    22.0762   5.168024   5.168315     2.7985     2.3907      23.59   27.86962  -93.82944    0.00083    0.00013          6  0.000e+00
      15872    661.292     69.537     70.014    22.0716    22.0757   5.168039   5.168247     2.7985     2.3907      23.59   27.86962  -93.82944    0.00087    0.00020          6  0.000e+00
      15873    661.333     69.484     69.961    22.0714    22.0742   5.168017   5.168186     2.7985     2.3907      23.57   27.86962  -93.82944    0.00091    0.00027          6  0.000e+00
      15874    661.375     69.537     70.014    22.0713    22.0739   5.167994   5.168209     2.7985     2.3907      23.54   27.86962  -93.82944    0.00094    0.00034          6  0.000e+00
      15875    661.417     69.537     70.014    22.0711    22.0737   5.167972   5.168209     2.7985     2.3907      23.49   27.86962  -93.82944    0.00098    0.00041          6  0.000e+00
      15876    661.458     69.492     69.968    22.0711    22.0737   5.167964   5.168216     2.7985     2.3907      23.49   27.86962  -93.82944    0.00102    0.00047          6  0.000e+00
      15877    661.500     69.537     70.014    22.0712    22.0740   5.167949   5.168155     2.7985     2.3907      23.49   27.86962  -93.82944    0.00105    0.00054          6  0.000e+00
      15878    661.542     69.537     70.014    22.0709    22.0740   5.167897   5.168155     2.7998     2.3907      23.49   27.86962  -93.82944    0.00111    0.00060          6  0.000e+00
      15879    661.583     69.537     70.014    22.0700    22.0735   5.167844   5.168110     2.7998     2.3895      23.49   27.86962  -93.82944    0.00114    0.00063          6  0.000e+00
      15880    661.625     69.537     70.014    22.0697    22.0731   5.167799   5.168125     2.7998     2.3895      23.49   27.86962  -93.82944    0.00117    0.00066          6  0.000e+00
      15881    661.667     69.537     70.014    22.0688    22.0728   5.167716   5.168102     2.7998     2.3895      23.49   27.86962  -93.82944    0.00122    0.00069          6  0.000e+00
      15882    661.708     69.545     70.021    22.0682    22.0728   5.167671   5.168117     2.7998     2.3895      23.49   27.86962  -93.82944    0.00127    0.00071          6  0.000e+00
      15883    661.750     69.598     70.075    22.0679    22.0733   5.167596   5.168102     2.7998     2.3883      23.49   27.86962  -93.82944    0.00130    0.00072          6  0.000e+00
      15884    661.792     69.484     69.961    22.0680    22.0741   5.167581   5.168094     2.7998     2.3883      23.49   27.86962  -93.82944    0.00133    0.00073          6  0.000e+00
      15885    661.833     69.598     70.075    22.0677    22.0738   5.167626   5.168155     2.7998     2.3871      23.49   27.86962  -93.82944    0.00135    0.00072          6  0.000e+00
      15886    661.875     69.537     70.014    22.0677    22.0737   5.167596   5.168132     2.7998     2.3871      23.49   27.86962  -93.82944    0.00138    0.00071          6  0.000e+00
      15887    661.917     69.598     70.075    22.0681    22.0729   5.167581   5.168033     2.7998     2.3871      23.49   27.86962  -93.82944    0.00138    0.00070          6  0.000e+00
      15888    661.958     69.598     70.075    22.0679    22.0723   5.167581   5.168011     2.7998     2.3858      23.49   27.86962  -93.82944    0.00138    0.00067          6  0.000e+00
      15889    662.000     69.537     70.014    22.0677    22.0715   5.167559   5.167995     2.7998     2.3858      23.49   27.86962  -93.82944    0.00140    0.00065          6  0.000e+00
      15890    662.042     69.537     70.014    22.0674    22.0714   5.167536   5.167973     2.7998     2.3858      23.49   27.86962  -93.82944    0.00141    0.00062          6  0.000e+00
      15891    662.083     69.650     70.128    22.0674    22.0710   5.167536   5.167927     2.7998     2.3858      23.49   27.86962  -93.82944    0.00142    0.00060          6  0.000e+00
      15892    662.125     69.537     70.014    22.0675    22.0712   5.167491   5.167950     2.7998     2.3858      23.49   27.86962  -93.82944    0.00144    0.00057          6  0.000e+00
      15893    662.167     69.598     70.075    22.0672    22.0719   5.167484   5.167950     2.7998     2.3846      23.49   27.86962  -93.82944    0.00145    0.00055          6  0.000e+00
      15894    662.208     69.598     70.075    22.0674    22.0721   5.167521   5.167896     2.7998     2.3846      23.49   27.86962  -93.82944    0.00146    0.00052          6  0.000e+00
      15895    662.250     69.537     70.014    22.0674    22.0715   5.167499   5.167881     2.7998     2.3846      23.49   27.86962  -93.82944    0.00146    0.00048          6  0.000e+00
      15896    662.292     69.650     70.128    22.0672    22.0712   5.167514   5.167843     2.7998     2.3846      23.49   27.86962  -93.82944    0.00147    0.00044          6  0.000e+00
      15897    662.333     69.598     70.075    22.0674    22.0707   5.167529   5.167889     2.7998     2.3858      23.49   27.86962  -93.82944    0.00149    0.00042          6  0.000e+00
      15898    662.375     69.598     70.075    22.0674    22.0703   5.167469   5.167889     2.7998     2.3858      23.44   27.86962  -93.82944    0.00150    0.00040          6  0.000e+00
      15899    662.417     69.598     70.075    22.0672    22.0705   5.167476   5.167881     2.7998     2.3858      23.42   27.86962  -93.82944    0.00152    0.00038          6  0.000e+00
      15900    662.458     69.598     70.075    22.0674    22.0705   5.167536   5.167881     2.7998     2.3846      23.39   27.86962  -93.82944    0.00152    0.00034          6  0.000e+00
      15901    662.500     69.598     70.075    22.0672    22.0709   5.167536   5.167866     2.7998     2.3846      23.39   27.86962  -93.82944    0.00153    0.00030          6  0.000e+00
      15902    662.542     69.598     70.075    22.0670    22.0707   5.167469   5.167874     2.7985     2.3846      23.39   27.86962  -93.82944    0.00151    0.00027          6  0.000e+00
      15903    662.583     69.650     70.128    22.0670    22.0705   5.167476   5.167843     2.7985     2.3846      23.39   27.86962  -93.82944    0.00151    0.00023          6  0.000e+00
      15904    662.625     69.598     70.075    22.0672    22.0705   5.167476   5.167858     2.7985     2.3846      23.39   27.86962  -93.82944    0.00149    0.00020          6  0.000e+00
      15905    662.667     69.598     70.075    22.0670    22.0703   5.167453   5.167843     2.7998     2.3846      23.39   27.86962  -93.82944    0.00149    0.00016          6  0.000e+00
      15906    662.708     69.598     70.075    22.0670    22.0703   5.167476   5.167797     2.7998     2.3846      23.39   27.86962  -93.82944    0.00149    0.00013          6  0.000e+00
      15907    662.750     69.598     70.075    22.0668    22.0703   5.167491   5.167820     2.7998     2.3858      23.39   27.86962  -93.82944    0.00149    0.00011          6  0.000e+00
      15908    662.792     69.650     70.128    22.0674    22.0703   5.167476   5.167820     2.7998     2.3846      23.39   27.86962  -93.82944    0.00148    0.00008          6  0.000e+00
      15909    662.833     69.545     70.021    22.0674    22.0701   5.167521   5.167828     2.7998     2.3858      23.39   27.86962  -93.82944    0.00147    0.00006          6  0.000e+00
      15910    662.875     69.650     70.128    22.0678    22.0701   5.167499   5.167797     2.7985     2.3846      23.39   27.86962  -93.82944    0.00145    0.00003          6  0.000e+00
      15911    662.917     69.598     70.075    22.0675    22.0700   5.167491   5.167790     2.7985     2.3846      23.39   27.86962  -93.82944    0.00142    0.00000          6  0.000e+00
      15912    662.958     69.598     70.075    22.0677    22.0699   5.167514   5.167813     2.7985     2.3846      23.39   27.86962  -93.82944    0.00139   -0.00003          6  0.000e+00
      15913    663.000     69.650     70.128    22.0676    22.0696   5.167499   5.167797     2.7985     2.3846      23.39   27.86962  -93.82944    0.00136   -0.00006          6  0.000e+00
      15914    663.042     69.597     70.075    22.0675    22.0698   5.167521   5.167820     2.7985     2.3846      23.39   27.86962  -93.82944    0.00133   -0.00009          6  0.000e+00
      15915    663.083     69.597     70.075    22.0675    22.0696   5.167491   5.167767     2.7985     2.3846      23.39   27.86962  -93.82944    0.00128   -0.00012          6  0.000e+00
      15916    663.125     69.597     70.075    22.0672    22.0698   5.167484   5.167797     2.7985     2.3846      23.39   27.86962  -93.82944    0.00125   -0.00014          6  0.000e+00
      15917    663.167     69.650     70.128    22.0675    22.0692   5.167491   5.167767     2.7985     2.3846      23.39   27.86962  -93.82944    0.00122   -0.00017          6  0.000e+00
      15918    663.208     69.598     70.075    22.0672    22.0692   5.167453   5.167714     2.7985     2.3846      23.39   27.86962  -93.82944    0.00117   -0.00020          6  0.000e+00
      15919    663.250     69.537     70.014    22.0670    22.0693   5.167468   5.167729     2.7973     2.3846      23.39   27.86962  -93.82944    0.00111   -0.00022          6  0.000e+00
      15920    663.292     69.650     70.128    22.0672    22.0696   5.167454   5.167775     2.7985     2.3846      23.39   27.86962  -93.82944    0.00108   -0.00025          6  0.000e+00
      15921    663.333     69.598     70.075    22.0668    22.0691   5.167514   5.167759     2.7973     2.3846      23.39   27.86962  -93.82944    0.00102   -0.00027          6  0.000e+00
      15922    663.375     69.537     70.014    22.0670    22.0692   5.167499   5.167752     2.7973     2.3858      23.39   27.86962  -93.82944    0.00096   -0.00029          6  0.000e+00
      15923    663.417     69.650     70.128    22.0668    22.0690   5.167514   5.167737     2.7973     2.3846      23.42   27.86962  -93.82944    0.00091   -0.00033          6  0.000e+00
      15924    663.458     69.598     70.075    22.0672    22.0693   5.167589   5.167744     2.7973     2.3858      23.42   27.86962  -93.82944    0.00087   -0.00036          6  0.000e+00
      15925    663.500     69.598     70.075    22.0672    22.0692   5.167619   5.167775     2.7973     2.3858      23.42   27.86962  -93.82944    0.00081   -0.00038          6  0.000e+00
      15926    663.542     69.545     70.021    22.0674    22.0691   5.167589   5.167759     2.7973     2.3858      23.42   27.86962  -93.82944    0.00077   -0.00040          6  0.000e+00
      15927    663.583     69.597     70.075    22.0675    22.0694   5.167559   5.167775     2.7973     2.3858      23.42   27.86962  -93.82944    0.00073   -0.00043          6  0.000e+00
      15928    663.625     69.597     70.075    22.0675    22.0694   5.167506   5.167820     2.7973     2.3858      23.42   27.86962  -93.82944    0.00069   -0.00045          6  0.000e+00
