GOMECC/GOMECC-4/1db/rb2103_0781.cnv
* Sea-Bird SBE 9 Data File:
* FileName = C:\Users\scs.user.rb\CTD\GOMECC4\data\rb2103_0781.hex
* Software Version Seasave V 7.26.7.107
* Temperature SN = 4799
* Conductivity SN = 3860
* Number of Bytes Per Scan = 41
* Number of Voltage Words = 4
* Number of Scans Averaged by the Deck Unit = 1
* NMEA Latitude = 22 16.52 N
* NMEA Longitude = 097 27.17 W
* NMEA UTC (Time) = Oct 06 2021  03:00:19
* NMEA baud rate = 4800
# nquan = 28
# nvalues = 91                          
# units = specified
# name 0 = scan: Scan Count
# name 1 = timeS: Time, Elapsed [seconds]
# name 2 = depSM: Depth [salt water, m]
# name 3 = prDM: Pressure, Digiquartz [db]
# name 4 = t090C: Temperature [ITS-90, deg C]
# name 5 = t190C: Temperature, 2 [ITS-90, deg C]
# name 6 = c0S/m: Conductivity [S/m]
# name 7 = c1S/m: Conductivity, 2 [S/m]
# name 8 = sbeox0V: Oxygen raw, SBE 43 [V]
# name 9 = sbeox1V: Oxygen raw, SBE 43, 2 [V]
# name 10 = altM: Altimeter [m]
# name 11 = latitude: Latitude [deg]
# name 12 = longitude: Longitude [deg]
# name 13 = sbox0dV/dT: Oxygen, SBE 43 [dov/dt]
# name 14 = sbox1dV/dT: Oxygen, SBE 43, 2 [dov/dt]
# name 15 = sbeox0ML/L: Oxygen, SBE 43 [ml/l], WS = 5
# name 16 = sbeox1ML/L: Oxygen, SBE 43, 2 [ml/l], WS = 5
# name 17 = potemp090C: Potential Temperature [ITS-90, deg C]
# name 18 = potemp190C: Potential Temperature, 2 [ITS-90, deg C]
# name 19 = sal00: Salinity, Practical [PSU]
# name 20 = sal11: Salinity, Practical, 2 [PSU]
# name 21 = sigma-é00: Density [sigma-theta, kg/m^3]
# name 22 = sigma-é11: Density, 2 [sigma-theta, kg/m^3]
# name 23 = avgsvCM: Average Sound Velocity [Chen-Millero, m/s], minP = 20, minS = 20
# name 24 = sbox0Mm/Kg: Oxygen, SBE 43 [umol/kg], WS = 5
# name 25 = sbox1Mm/Kg: Oxygen, SBE 43, 2 [umol/kg], WS = 5
# name 26 = nbin: number of scans per bin
# name 27 = flag: flag
# span 0 =      11192,      36855       
# span 1 =    466.309,   1535.567       
# span 2 =      0.994,     64.584       
# span 3 =      1.000,     65.000       
# span 4 =    23.7526,    29.8156       
# span 5 =    23.7525,    29.8166       
# span 6 =   5.341347,   6.023735       
# span 7 =   5.341453,   6.023997       
# span 8 =     3.0466,     3.3710       
# span 9 =     2.5977,     2.8853       
# span 10 =       8.21,      70.40      
# span 11 =   22.18639,   22.47236      
# span 12 =  -98.31501,  -97.06385      
# span 13 =   -0.02292,    0.04070      
# span 14 =   -0.02175,    0.03490      
# span 15 =     4.3210,     5.0306      
# span 16 =     4.3002,     5.0381      
# span 17 =    23.7396,    29.8129      
# span 18 =    23.7395,    29.8139      
# span 19 =    36.1036,    36.5674      
# span 20 =    35.2997,    36.5685      
# span 21 =    22.7382,    24.7503      
# span 22 =    22.1042,    24.7630      
# span 23 =       0.00,    1557.35      
# span 24 =    188.670,    219.370      
# span 25 =    187.762,    219.699      
# span 26 =         30,         71      
# span 27 = 0.0000e+00, 0.0000e+00      
# interval = decibars: 1                
# start_time = Oct 06 2021 03:00:19 [NMEA time, header]
# bad_flag = -9.990e-29
*END*
[from data line 52]
      14973    623.843     56.636     57.000    24.4614    24.4567   5.422093   5.421890     3.1361     2.6762      15.97   22.27544  -97.45344   -0.00480   -0.00313     4.7415     4.7474    24.4492    24.4444    36.2682    36.2705    24.4672    24.4704    1545.04    206.700    206.954         59 0.0000e+00
      15170    632.059     58.623     59.000    24.2045    24.2097   5.388794   5.389028     3.0902     2.6373      13.71   22.22151  -97.21754   -0.00112   -0.00067     4.6751     4.6831    24.1919    24.1972    36.1857    36.1949    24.4716    24.4778    1540.94    203.790    204.141         40 0.0000e+00
      15308    637.801     59.617     60.000    24.1663    24.1624   5.391985   5.391821     3.1041     2.6507      12.93   22.27544  -97.45346    0.00066    0.00078     4.7077     4.7190    24.1536    24.1496    36.2786    36.2808    24.5639    24.5667    1544.54    205.206    205.698         31 0.0000e+00
      15404    641.791     60.610     61.000    24.0019    23.9900   5.374542   5.373551     3.0984     2.6455      12.02   22.27545  -97.45346   -0.00139   -0.00186     4.7108     4.7224    23.9890    23.9771    36.2802    36.2823    24.6142    24.6193    1544.36    205.331    205.834         44 0.0000e+00
      15513    646.341     61.603     62.000    23.8526    23.8475   5.358348   5.357680     3.0735     2.6215      11.10   22.27546  -97.45346   -0.00386   -0.00444     4.6760     4.6829    23.8396    23.8345    36.2791    36.2817    24.6578    24.6613    1544.22    203.804    204.106         30 0.0000e+00
      15634    651.373     62.597     63.000    23.8072    23.8097   5.353912   5.354375     3.0541     2.6112      10.09   22.27546  -97.45346   -0.00278   -0.00117     4.6414     4.6632    23.7939    23.7964    36.2811    36.2823    24.6728    24.6730    1544.04    202.294    203.243         42 0.0000e+00
      16671    694.563     64.584     65.000    23.8936    23.8582   5.372336   5.368929     3.0677     2.6189       8.21   22.34765  -97.76932   -0.00036    0.00037     4.6642     4.6793    23.8799    23.8445    36.3988    36.4018    24.7503    24.7630    1548.74    203.289    203.943         61 0.0000e+00
      18244    760.105     61.603     62.000    23.7526    23.7525   5.341347   5.341453     3.0466     2.5977      10.61   22.22282  -97.22318    0.00039   -0.00029     4.6291     4.6356    23.7396    23.7395    36.1951    36.1959    24.6138    24.6144    1540.06    201.760    202.040         39 0.0000e+00
      18411    767.094     60.610     61.000    23.8344    23.8200   5.356816   5.355448     3.0533     2.6059      11.73   22.27548  -97.45354   -0.00045    0.00077     4.6369     4.6495    23.8215    23.8072    36.2802    36.2831    24.6640    24.6705    1543.71    202.098    202.649         30 0.0000e+00
      18531    772.089     59.616     60.000    23.8932    23.8608   5.363664   5.359896     3.0601     2.6107      12.71   22.27548  -97.45354    0.00120    0.00141     4.6442     4.6562    23.8834    23.8482    36.2796    36.2841    24.6452    24.6590    1543.71    202.422    202.941         30 0.0000e+00
      18741    780.850     57.630     58.000    23.9889    23.9444   5.368041   5.362596     3.0678     2.6189      14.55   22.24096  -97.30251    0.00286    0.00289     4.6514     4.6659    23.9767    23.9321    36.2190    36.2305    24.5649    24.5885    1541.32    202.743    203.372         61 0.0000e+00
      18920    788.311     56.636     57.000    24.2180    24.1540   5.396765   5.389726     3.0906     2.6338      15.65   22.27548  -97.45354   -0.00027   -0.00034     4.6755     4.6806    24.2068    24.1419    36.2735    36.2737    24.5440    24.5637    1543.71    203.807    204.027         58 0.0000e+00
      20838    868.218     52.662     53.000    24.9120    24.9690   5.486615   5.492454     3.2124     2.7423      19.93   22.38491  -97.93237    0.00093    0.00210     4.8540     4.8515    24.9005    24.9576    36.4655    36.4632    24.5016    24.4826    1551.29    211.618    211.517         32 0.0000e+00
      20819    867.431     51.669     52.000    24.9517    25.0391   5.478299   5.486523     3.2174     2.7516      20.58   22.27548  -97.45360    0.00583    0.00431     4.8554     4.8602    24.9404    25.0277    36.2958    36.2869    24.3390    24.3056    1543.71    211.692    211.905         30 0.0000e+00
      21168    881.952     49.682     50.000    26.0030    26.0407   5.605651   5.611007     3.3286     2.8534      22.90   22.38283  -97.92325    0.00594    0.00215     4.9778     4.9956    25.9873    26.0295    36.4750    36.4801    24.1726    24.1641    1551.15    217.086    217.866         36 0.0000e+00
      21230    884.561     47.695     48.000    26.2884    26.3353   5.623479   5.628259     3.3481     2.8622      24.49   22.25859  -97.37971    0.00069    0.00153     4.9845     4.9832    26.2795    26.3245    36.2935    36.2946    23.9196    23.9069    1542.54    217.405    217.352         66 0.0000e+00
      21418    892.394     45.708     46.000    26.7988    26.6556   5.677904   5.660702     3.3631     2.8659      26.31   22.24195  -97.30693    0.00201    0.00147     4.9657     4.9618    26.7962    26.6452    36.2691    36.2577    23.7333    23.7708    1541.39    216.619    216.443         39 0.0000e+00
      22323    930.074     44.714     45.000    28.4264    28.5385   5.852881   5.866136     3.2411     2.7491      27.40   22.27548  -97.45367   -0.00086   -0.00178     4.6095     4.5800    28.3992    28.5277    36.2873    36.2812    23.2266    23.1791    1543.71    201.183    199.906         50 0.0000e+00
      22786    949.379     43.720     44.000    29.1248    29.2204   5.928818   5.939541     3.1904     2.6912      28.35   22.27548  -97.45368    0.00140   -0.00049     4.4549     4.4083    29.1117    29.2097    36.2737    36.2734    22.9823    22.9491    1543.71    194.486    192.458         45 0.0000e+00
      23139    964.091     40.740     41.000    29.2487    29.2147   5.932559   5.926722     3.1627     2.6755      31.09   22.21370  -97.18333   -0.00163    0.00069     4.3902     4.3720    29.2387    29.2049    36.1561    36.1588    22.8367    22.8577    1539.43    191.675    190.879         41 0.0000e+00
      23442    976.717     38.753     39.000    29.4541    29.4528   5.963372   5.963265     3.1574     2.6717      33.10   22.28773  -97.50720   -0.00249   -0.00144     4.3671     4.3499    29.4446    29.4432    36.2725    36.2723    22.8730    22.8733    1544.56    190.676    189.925         50 0.0000e+00
      23546    981.026     37.759     38.000    29.4684    29.4925   5.963432   5.966169     3.1496     2.6645      34.07   22.27550  -97.45370   -0.00090   -0.00095     4.3511     4.3317    29.4591    29.4832    36.2523    36.2533    22.8498    22.8424    1543.71    189.977    189.134         46 0.0000e+00
      23646    985.204     35.772     36.000    29.4016    29.4151   5.944572   5.947033     3.1347     2.6504      35.68   22.18639  -97.06385   -0.00054   -0.00158     4.3248     4.3048    29.3927    29.4063    36.1036    36.1313    22.7382    22.7570    1537.53    188.834    187.960         41 0.0000e+00
      24851   1035.434     34.779     35.000    29.5449    29.5527   5.971030   5.972166     3.1436     2.6558      37.03   22.27552  -97.45373   -0.00001   -0.00040     4.3331     4.3086    29.5363    29.5440    36.2476    36.2486    22.8201    22.8183    1543.71    189.197    188.129         36 0.0000e+00
      25652   1068.808     32.791     33.000    29.6863    29.6930   5.998734   5.999552     3.1585     2.6713      39.17   22.37609  -97.89380    0.00111    0.00012     4.3523     4.3335    29.6781    29.6849    36.4112    36.4119    22.9202    22.9184    1550.68    190.037    189.215         51 0.0000e+00
      26081   1086.662     27.823     28.000    29.4932    29.4938   5.958769   5.959022     3.1378     2.6537      43.54   22.22479  -97.23193   -0.00069   -0.00089     4.3210     4.3015    29.4864    29.4869    36.1645    36.1658    22.7618    22.7626    1540.20    188.670    187.819         36 0.0000e+00
      27265   1136.002     24.842     25.000    29.5615    29.5623   5.972333   5.972641     3.1479     2.6644      46.63   22.27550  -97.45379    0.00105    0.00014     4.3345     4.3198    29.5553    29.5562    36.2470    36.2484    22.8132    22.8140    1543.71    189.260    188.617         31 0.0000e+00
      28174   1173.856     21.861     22.000    29.5336    29.5362   5.966771   5.967152     3.1453     2.6604      49.40   22.25588  -97.36798    0.00025   -0.00079     4.3294     4.3113    29.5282    29.5308    36.2153    36.2165    22.7936    22.7937    1542.35    189.037    188.248         46 0.0000e+00
      29319   1221.598     15.899     16.000    29.6851    29.6859   5.996917   5.997197     3.1615     2.6784      55.56   22.36877  -97.86183    0.00028    0.00017     4.3486     4.3388    29.6811    29.6820    36.3987    36.4000    22.9080    22.9086    1550.17    189.876    189.450         41 0.0000e+00
      30213   1258.815     14.906     15.000    29.5595    29.5608   5.971693   5.971987     3.1494     2.6630      56.35   22.27550  -97.45379   -0.00011   -0.00104     4.3321     4.3121    29.5558    29.5571    36.2470    36.2481    22.8130    22.8134    1543.71    189.156    188.283         33 0.0000e+00
      32043   1335.101     10.931     11.000    29.8156    29.8166   6.023735   6.023997     3.1775     2.6866      60.86   22.47236  -98.31501   -0.00015   -0.00068     4.3690     4.3484    29.8129    29.8139    36.5674    36.5685    23.0161    23.0166    1557.35    190.769    189.869         44 0.0000e+00
      32397   1349.821      8.943      9.000    29.7808    29.7819   6.016531   6.016819     3.1751     2.6855      62.80   22.44551  -98.19751    0.00051    0.00035     4.3653     4.3464    29.7786    29.7797    36.5237    36.5248    22.9881    22.9886    1555.49    190.605    189.780         33 0.0000e+00
      32774   1365.537      6.956      7.000    29.7730    29.7745   6.014793   6.015113     3.1760     2.6867      64.92   22.43909  -98.16935   -0.00012    0.00024     4.3662     4.3480    29.7713    29.7727    36.5131    36.5142    22.9810    22.9814    1555.05    190.644    189.849         39 0.0000e+00
      32691   1362.065      5.963      6.000    29.5547    29.5560   5.970769   5.971072     3.1521     2.6674      65.11   22.27552  -97.45376   -0.00043    0.00005     4.3326     4.3164    29.5533    29.5545    36.2470    36.2481    22.8139    22.8143    1543.71    189.179    188.468         43 0.0000e+00
      32922   1371.715      4.969      5.000    29.5507    29.5536   5.970283   5.970770     3.1528     2.6654      66.24   22.27552  -97.45374    0.00019   -0.00007     4.3337     4.3122    29.5495    29.5524    36.2469    36.2481    22.8151    22.8150    1543.71    189.224    188.286         30 0.0000e+00
      33935   1413.919      3.975      4.000    29.5529    29.5535   5.970480   5.970731     3.1511     2.6678      66.89   22.27552  -97.45377   -0.00009   -0.00047     4.3300     4.3165    29.5520    29.5525    36.2469    36.2482    22.8143    22.8151    1543.71    189.065    188.473         43 0.0000e+00
      36299   1512.397      2.981      3.000    29.5545    29.5557   5.970633   5.970934     3.1542     2.6668      67.98   22.27554  -97.45383    0.00093   -0.00057     4.3349     4.3138    29.5538    29.5550    36.2471    36.2482    22.8138    22.8142    1543.71    189.278    188.358         40 0.0000e+00
      36755   1531.433      1.988      2.000    29.5549    29.5571   5.970545   5.971017     3.1534     2.6603      68.97   22.27554  -97.45386    0.00056   -0.00267     4.3332     4.3002    29.5544    29.5566    36.2465    36.2481    22.8131    22.8136    1543.71    189.204    187.762         33 0.0000e+00
      36855   1535.567      0.994      1.000    29.5496    29.5405   5.962896   5.827794     3.1529     2.6661      70.40   22.27554  -97.45386    0.00092    0.00048     4.3327     4.3352    29.5543    29.5403    36.1947    35.2997    22.7743    22.1042    1543.71    189.191    189.442         44 0.0000e+00
