GOMECC/GOMECC-4/1db/rb2103_0871.ros
* Sea-Bird SBE 9 Data File:
* FileName = C:\Users\scs.user.rb\CTD\GOMECC4\data\rb2103_0871.hex
* Software Version Seasave V 7.26.7.107
* Temperature SN = 4799
* Conductivity SN = 3860
* Number of Bytes Per Scan = 41
* Number of Voltage Words = 4
* Number of Scans Averaged by the Deck Unit = 1
* NMEA Latitude = 19 36.52 N
* NMEA Longitude = 093 30.02 W
* NMEA UTC (Time) = Oct 08 2021  13:21:27
* NMEA baud rate = 4800
# nquan = 17
# nvalues = 2527                                  
# units = specified
# name 0 = scan: Scan Count
# name 1 = timeS: Time, Elapsed [seconds]
# name 2 = depSM: Depth [salt water, m]
# name 3 = prDM: Pressure, Digiquartz [db]
# name 4 = t090C: Temperature [ITS-90, deg C]
# name 5 = t190C: Temperature, 2 [ITS-90, deg C]
# name 6 = c0S/m: Conductivity [S/m]
# name 7 = c1S/m: Conductivity, 2 [S/m]
# name 8 = sbeox0V: Oxygen raw, SBE 43 [V]
# name 9 = sbeox1V: Oxygen raw, SBE 43, 2 [V]
# name 10 = altM: Altimeter [m]
# name 11 = latitude: Latitude [deg]
# name 12 = longitude: Longitude [deg]
# name 13 = sbox0dV/dT: Oxygen, SBE 43 [dov/dt]
# name 14 = sbox1dV/dT: Oxygen, SBE 43, 2 [dov/dt]
# name 15 = nbf: Bottles Fired
# name 16 = flag:  0.000e+00
# interval = seconds: 0.0416667
# start_time = Oct 08 2021 13:21:27 [NMEA time, header]
# bad_flag = -9.990e-29
*END*
[from data line 1788]
      94922   3955.042     39.692     39.939    22.7895    22.8185   5.248058   5.251075     2.7912     2.3663     100.00   19.60878  -93.50038   -0.00024   -0.00062         14  0.000e+00
      94923   3955.083     39.644     39.891    22.7920    22.8174   5.248277   5.250868     2.7900     2.3663     100.00   19.60878  -93.50038   -0.00023   -0.00067         14  0.000e+00
      94924   3955.125     39.665     39.912    22.7953    22.8154   5.248481   5.250715     2.7912     2.3663     100.00   19.60878  -93.50038   -0.00021   -0.00072         14  0.000e+00
      94925   3955.167     39.645     39.891    22.7961    22.8138   5.248738   5.250446     2.7912     2.3663     100.00   19.60878  -93.50038   -0.00018   -0.00076         14  0.000e+00
      94926   3955.208     39.645     39.891    22.7971    22.8113   5.248897   5.250262     2.7900     2.3663     100.00   19.60878  -93.50038   -0.00017   -0.00081         14  0.000e+00
      94927   3955.250     39.665     39.912    22.7982    22.8094   5.249026   5.250278     2.7912     2.3663     100.00   19.60878  -93.50038   -0.00015   -0.00085         14  0.000e+00
      94928   3955.292     39.645     39.891    22.8010    22.8108   5.249389   5.250554     2.7912     2.3663     100.00   19.60878  -93.50038   -0.00012   -0.00090         14  0.000e+00
      94929   3955.333     39.645     39.891    22.8078    22.8140   5.249729   5.250807     2.7912     2.3663     100.00   19.60878  -93.50038   -0.00010   -0.00094         14  0.000e+00
      94930   3955.375     39.665     39.912    22.8118    22.8174   5.250001   5.251052     2.7900     2.3675     100.00   19.60878  -93.50038   -0.00009   -0.00097         14  0.000e+00
      94931   3955.417     39.645     39.891    22.8129    22.8188   5.250228   5.251213     2.7912     2.3675     100.00   19.60878  -93.50038   -0.00007   -0.00099         14  0.000e+00
      94932   3955.458     39.645     39.891    22.8085    22.8203   5.250448   5.251320     2.7912     2.3663     100.00   19.60878  -93.50038   -0.00004   -0.00102         14  0.000e+00
      94933   3955.500     39.516     39.762    22.8057    22.8211   5.250705   5.251366     2.7912     2.3675     100.00   19.60878  -93.50038   -0.00001   -0.00102         14  0.000e+00
      94934   3955.542     39.747     39.994    22.8131    22.8222   5.250970   5.251481     2.7912     2.3675     100.00   19.60878  -93.50038    0.00001   -0.00103         14  0.000e+00
      94935   3955.583     39.645     39.892    22.8163    22.8228   5.251128   5.251543     2.7900     2.3675     100.00   19.60878  -93.50038 7.0338e-07   -0.00104         14  0.000e+00
      94936   3955.625     39.645     39.892    22.8202    22.8231   5.251166   5.251589     2.7912     2.3663      82.95   19.60878  -93.50038    0.00003   -0.00106         14  0.000e+00
      94937   3955.667     39.665     39.912    22.8233    22.8231   5.251128   5.251635     2.7912     2.3663      67.42   19.60878  -93.50038    0.00005   -0.00108         14  0.000e+00
      94938   3955.708     39.645     39.892    22.8248    22.8236   5.251189   5.251650     2.7900     2.3675      64.47   19.60878  -93.50038    0.00006   -0.00108         14  0.000e+00
      94939   3955.750     39.598     39.844    22.8228    22.8241   5.251234   5.251673     2.7900     2.3663      65.37   19.60878  -93.50038    0.00005   -0.00110         14  0.000e+00
      94940   3955.792     39.665     39.912    22.8212    22.8243   5.251219   5.251719     2.7912     2.3675      66.01   19.60878  -93.50038    0.00008   -0.00110         14  0.000e+00
      94941   3955.833     39.645     39.892    22.8217    22.8245   5.251174   5.251826     2.7900     2.3675      66.11   19.60878  -93.50038    0.00008   -0.00110         14  0.000e+00
      94942   3955.875     39.645     39.892    22.8226    22.8253   5.251113   5.251826     2.7912     2.3663      66.06   19.60878  -93.50038    0.00009   -0.00112         14  0.000e+00
      94943   3955.917     39.666     39.912    22.8195    22.8236   5.250985   5.251458     2.7900     2.3663      66.03   19.60878  -93.50038    0.00008   -0.00113         14  0.000e+00
      94944   3955.958     39.645     39.892    22.8103    22.8167   5.250811   5.250615     2.7900     2.3663      66.03   19.60878  -93.50038    0.00007   -0.00114         14  0.000e+00
      94945   3956.000     39.693     39.940    22.8090    22.8138   5.250637   5.250347     2.7900     2.3663      66.03   19.60878  -93.50038    0.00006   -0.00116         14  0.000e+00
      94946   3956.042     39.666     39.912    22.8101    22.8154   5.250531   5.250661     2.7900     2.3663      66.03   19.60878  -93.50038    0.00005   -0.00117         14  0.000e+00
      94947   3956.083     39.645     39.892    22.8116    22.8190   5.250440   5.251228     2.7900     2.3663      66.03   19.60878  -93.50038    0.00006   -0.00118         14  0.000e+00
      94948   3956.125     39.693     39.940    22.8101    22.8224   5.250259   5.251681     2.7900     2.3663      66.03   19.60878  -93.50038    0.00005   -0.00119         14  0.000e+00
      94949   3956.167     39.666     39.913    22.8096    22.8245   5.250069   5.251849     2.7900     2.3663      66.03   19.60878  -93.50038    0.00004   -0.00120         14  0.000e+00
      94950   3956.208     39.693     39.940    22.8137    22.8261   5.250122   5.251903     2.7900     2.3675      66.03   19.60878  -93.50038    0.00003   -0.00119         14  0.000e+00
      94951   3956.250     39.693     39.940    22.8198    22.8267   5.250485   5.252003     2.7900     2.3675      66.03   19.60878  -93.50038    0.00003   -0.00118         14  0.000e+00
      94952   3956.292     39.666     39.913    22.8237    22.8274   5.250788   5.252041     2.7900     2.3675      66.03   19.60878  -93.50038    0.00002   -0.00117         14  0.000e+00
      94953   3956.333     39.747     39.994    22.8172    22.8278   5.250886   5.252003     2.7900     2.3675      66.03   19.60878  -93.50038    0.00001   -0.00116         14  0.000e+00
      94954   3956.375     39.646     39.892    22.8121    22.8277   5.250599   5.251995     2.7900     2.3675      66.03   19.60878  -93.50038    0.00002   -0.00115         14  0.000e+00
      94955   3956.417     39.761     40.008    22.8062    22.8266   5.250175   5.251796     2.7900     2.3687      66.03   19.60878  -93.50038    0.00001   -0.00112         14  0.000e+00
      94956   3956.458     39.693     39.940    22.8046    22.8220   5.249903   5.251336     2.7900     2.3687      66.03   19.60878  -93.50038   -0.00000   -0.00108         14  0.000e+00
      94957   3956.500     39.747     39.995    22.8005    22.8174   5.249850   5.250883     2.7900     2.3687      66.03   19.60878  -93.50038   -0.00001   -0.00107         14  0.000e+00
      94958   3956.542     39.714     39.961    22.8056    22.8146   5.249820   5.250738     2.7900     2.3687      66.01   19.60878  -93.50038   -0.00002   -0.00106         14  0.000e+00
      94959   3956.583     39.748     39.995    22.8065    22.8160   5.249812   5.250692     2.7900     2.3700      84.13   19.60878  -93.50038   -0.00003   -0.00103         14  0.000e+00
      94960   3956.625     39.748     39.995    22.8030    22.8162   5.249510   5.250615     2.7900     2.3700      98.97   19.60878  -93.50038   -0.00004   -0.00100         14  0.000e+00
      94961   3956.667     39.748     39.995    22.7966    22.8138   5.249049   5.250462     2.7900     2.3700     100.00   19.60878  -93.50038   -0.00005   -0.00095         14  0.000e+00
      94962   3956.708     39.761     40.008    22.7929    22.8112   5.248701   5.250385     2.7900     2.3700     100.00   19.60878  -93.50038   -0.00005   -0.00090         14  0.000e+00
      94963   3956.750     39.748     39.995    22.7925    22.8121   5.248398   5.250377     2.7900     2.3700     100.00   19.60878  -93.50038   -0.00005   -0.00085         14  0.000e+00
      94964   3956.792     39.795     40.043    22.7929    22.8102   5.248391   5.250247     2.7900     2.3700      99.98   19.60878  -93.50036   -0.00004   -0.00081         14  0.000e+00
      94965   3956.833     39.761     40.009    22.7938    22.8072   5.248640   5.249649     2.7900     2.3700     100.00   19.60878  -93.50036   -0.00004   -0.00076         14  0.000e+00
      94966   3956.875     39.795     40.043    22.8026    22.7936   5.249094   5.248208     2.7900     2.3700     100.00   19.60878  -93.50036   -0.00003   -0.00071         14  0.000e+00
      94967   3956.917     39.795     40.043    22.8000    22.7809   5.249071   5.246944     2.7900     2.3712     100.00   19.60878  -93.50036   -0.00004   -0.00064         14  0.000e+00
      94968   3956.958     39.816     40.063    22.7970    22.7723   5.248754   5.246139     2.7900     2.3700     100.00   19.60878  -93.50036   -0.00005   -0.00060         14  0.000e+00
      94969   3957.000     39.795     40.043    22.7950    22.7666   5.248640   5.245672     2.7900     2.3700     100.00   19.60878  -93.50036   -0.00006   -0.00055         14  0.000e+00
      94970   3957.042     39.843     40.091    22.7929    22.7618   5.248429   5.245212     2.7900     2.3700     100.00   19.60878  -93.50036   -0.00005   -0.00048         14  0.000e+00
      94971   3957.083     39.762     40.009    22.7890    22.7571   5.247967   5.244737     2.7900     2.3712     100.00   19.60878  -93.50036   -0.00006   -0.00040         14  0.000e+00
      94972   3957.125     39.843     40.091    22.7822    22.7529   5.246757   5.244316     2.7900     2.3700     100.00   19.60878  -93.50036   -0.00004   -0.00034         14  0.000e+00
      94973   3957.167     39.843     40.091    22.7633    22.7491   5.245018   5.243894     2.7900     2.3700     100.00   19.60878  -93.50036   -0.00003   -0.00027         14  0.000e+00
      94974   3957.208     39.863     40.111    22.7547    22.7448   5.244134   5.243327     2.7900     2.3712     100.00   19.60878  -93.50036   -0.00004   -0.00019         14  0.000e+00
      94975   3957.250     39.843     40.091    22.7545    22.7391   5.244255   5.242423     2.7900     2.3712     100.00   19.60878  -93.50036   -0.00003   -0.00010         14  0.000e+00
      94976   3957.292     39.843     40.091    22.7547    22.7313   5.244436   5.241420     2.7900     2.3712     100.00   19.60878  -93.50036   -0.00004   -0.00002         14  0.000e+00
      94977   3957.333     39.863     40.111    22.7534    22.7244   5.244278   5.240815     2.7900     2.3712     100.00   19.60878  -93.50036   -0.00002    0.00007         14  0.000e+00
      94978   3957.375     39.897     40.145    22.7538    22.7255   5.243786   5.241091     2.7900     2.3712     100.00   19.60878  -93.50036   -0.00001    0.00015         14  0.000e+00
      94979   3957.417     39.843     40.091    22.7436    22.7320   5.243318   5.241803     2.7900     2.3712     100.00   19.60878  -93.50036 -5.275e-07    0.00023         14  0.000e+00
      94980   3957.458     39.911     40.159    22.7671    22.7355   5.244262   5.242186     2.7900     2.3712     100.00   19.60878  -93.50036   -0.00001    0.00032         14  0.000e+00
      94981   3957.500     39.843     40.091    22.7826    22.7375   5.245721   5.242255     2.7912     2.3712     100.00   19.60878  -93.50036    0.00002    0.00038         14  0.000e+00
      94982   3957.542     39.945     40.193    22.7839    22.7375   5.246848   5.241933     2.7900     2.3712     100.00   19.60878  -93.50036    0.00002    0.00045         14  0.000e+00
      94983   3957.583     39.898     40.146    22.7853    22.7314   5.248247   5.241405     2.7912     2.3712     100.00   19.60878  -93.50036    0.00003    0.00051         14  0.000e+00
      94984   3957.625     39.911     40.159    22.8005    22.7302   5.249450   5.241657     2.7912     2.3712     100.00   19.60878  -93.50036    0.00004    0.00058         14  0.000e+00
      94985   3957.667     39.898     40.146    22.8039    22.7362   5.249979   5.242347     2.7912     2.3712     100.00   19.60878  -93.50036    0.00005    0.00064         14  0.000e+00
      94986   3957.708     39.898     40.146    22.8097    22.7405   5.250334   5.242783     2.7912     2.3712     100.00   19.60878  -93.50036    0.00007    0.00071         14  0.000e+00
      94987   3957.750     39.911     40.160    22.8134    22.7427   5.250614   5.242998     2.7900     2.3712     100.00   19.60878  -93.50036    0.00006    0.00077         14  0.000e+00
      94988   3957.792     39.945     40.194    22.8158    22.7436   5.250712   5.243205     2.7900     2.3712     100.00   19.60878  -93.50036    0.00005    0.00083         14  0.000e+00
      94989   3957.833     39.898     40.146    22.8138    22.7440   5.250660   5.243197     2.7912     2.3712     100.00   19.60878  -93.50036    0.00006    0.00090         14  0.000e+00
      94990   3957.875     39.911     40.160    22.8133    22.7437   5.250440   5.243182     2.7912     2.3712     100.00   19.60878  -93.50036    0.00007    0.00094         14  0.000e+00
      94991   3957.917     39.945     40.194    22.8069    22.7428   5.249812   5.243113     2.7912     2.3712     100.00   19.60878  -93.50036    0.00008    0.00099         14  0.000e+00
      94992   3957.958     39.945     40.194    22.8026    22.7418   5.249268   5.243029     2.7912     2.3712     100.00   19.60878  -93.50036    0.00009    0.00103         14  0.000e+00
      94993   3958.000     39.912     40.160    22.8044    22.7409   5.249185   5.242868     2.7900     2.3712     100.00   19.60878  -93.50036    0.00008    0.00107         14  0.000e+00
      94994   3958.042     39.898     40.146    22.8039    22.7398   5.248572   5.242722     2.7912     2.3712     100.00   19.60878  -93.50036    0.00009    0.00112         14  0.000e+00
      94995   3958.083     39.946     40.194    22.7774    22.7389   5.246720   5.242669     2.7912     2.3712     100.00   19.60878  -93.50036    0.00010    0.00116         14  0.000e+00
      96824   4034.292     29.067     29.247    25.5107    25.5301   5.534136   5.536104     3.0317     2.5751     100.00   19.60876  -93.50036    0.00209    0.00065         15  0.000e+00
      96825   4034.333     29.853     30.038    25.5130    25.5237   5.534183   5.535398     3.0317     2.5751     100.00   19.60876  -93.50036    0.00206    0.00064         15  0.000e+00
      96826   4034.375     29.467     29.649    25.5168    25.5117   5.534554   5.534285     3.0317     2.5751     100.00   19.60876  -93.50036    0.00203    0.00063         15  0.000e+00
      96827   4034.417     29.555     29.738    25.5237    25.5031   5.535165   5.533407     3.0317     2.5751     100.00   19.60876  -93.50036    0.00200    0.00060         15  0.000e+00
      96828   4034.458     29.616     29.799    25.5247    25.4979   5.535358   5.532835     3.0317     2.5763     100.00   19.60876  -93.50036    0.00197    0.00058         15  0.000e+00
      96829   4034.500     29.555     29.738    25.5234    25.4948   5.535234   5.532616     3.0317     2.5763     100.00   19.60876  -93.50036    0.00192    0.00056         15  0.000e+00
      96830   4034.542     29.562     29.745    25.5233    25.4962   5.535188   5.532851     3.0317     2.5763     100.00   19.60876  -93.50036    0.00186    0.00055         15  0.000e+00
      96831   4034.583     29.562     29.745    25.5249    25.4979   5.535234   5.533149     3.0305     2.5763     100.00   19.60876  -93.50036    0.00179    0.00053         15  0.000e+00
      96832   4034.625     29.555     29.738    25.5283    25.4989   5.535373   5.533180     3.0317     2.5763     100.00   19.60876  -93.50036    0.00174    0.00049         15  0.000e+00
      96833   4034.667     29.562     29.745    25.5273    25.4995   5.535520   5.533243     3.0305     2.5763     100.00   19.60876  -93.50036    0.00168    0.00045         15  0.000e+00
