GOMECC/GOMECC-4/1db/rb2103_0441.ros
* Sea-Bird SBE 9 Data File:
* FileName = C:\Users\scs.user.rb\CTD\GOMECC4\data\rb2103_0441.hex
* Software Version Seasave V 7.26.7.107
* Temperature SN = 4799
* Conductivity SN = 3860
* Number of Bytes Per Scan = 41
* Number of Voltage Words = 4
* Number of Scans Averaged by the Deck Unit = 1
* NMEA Latitude = 28 44.69 N
* NMEA Longitude = 089 59.50 W
* NMEA UTC (Time) = Sep 26 2021  10:10:29
* NMEA baud rate = 4800
# nquan = 17
# nvalues = 1064                                  
# units = specified
# name 0 = scan: Scan Count
# name 1 = timeS: Time, Elapsed [seconds]
# name 2 = depSM: Depth [salt water, m]
# name 3 = prDM: Pressure, Digiquartz [db]
# name 4 = t090C: Temperature [ITS-90, deg C]
# name 5 = t190C: Temperature, 2 [ITS-90, deg C]
# name 6 = c0S/m: Conductivity [S/m]
# name 7 = c1S/m: Conductivity, 2 [S/m]
# name 8 = sbeox0V: Oxygen raw, SBE 43 [V]
# name 9 = sbeox1V: Oxygen raw, SBE 43, 2 [V]
# name 10 = altM: Altimeter [m]
# name 11 = latitude: Latitude [deg]
# name 12 = longitude: Longitude [deg]
# name 13 = sbox0dV/dT: Oxygen, SBE 43 [dov/dt]
# name 14 = sbox1dV/dT: Oxygen, SBE 43, 2 [dov/dt]
# name 15 = nbf: Bottles Fired
# name 16 = flag:  0.000e+00
# interval = seconds: 0.0416667
# start_time = Sep 26 2021 10:10:29 [NMEA time, header]
# bad_flag = -9.990e-29
*END*
[from data line 341]
      17393    724.667     29.740     29.943    28.2820    28.2833   5.669961   5.670064     2.6850     2.2625      18.68   28.74556  -89.99186   -0.00004    0.00074          3  0.000e+00
      17394    724.708     29.854     30.057    28.2820    28.2826   5.669969   5.669977     2.6862     2.2625      18.68   28.74556  -89.99186   -0.00000    0.00079          3  0.000e+00
      17395    724.750     29.801     30.004    28.2819    28.2810   5.669930   5.669921     2.6850     2.2625      18.68   28.74556  -89.99186    0.00002    0.00083          3  0.000e+00
      17396    724.792     29.854     30.057    28.2819    28.2795   5.669922   5.669842     2.6862     2.2625      18.68   28.74556  -89.99186    0.00006    0.00086          3  0.000e+00
      17397    724.833     29.854     30.057    28.2816    28.2785   5.669922   5.669826     2.6850     2.2625      18.68   28.74556  -89.99186    0.00007    0.00089          3  0.000e+00
      17398    724.875     29.801     30.004    28.2817    28.2772   5.669883   5.669779     2.6850     2.2625      18.68   28.74556  -89.99186    0.00008    0.00092          3  0.000e+00
      17399    724.917     29.801     30.004    28.2815    28.2765   5.669836   5.669700     2.6862     2.2625      18.68   28.74556  -89.99186    0.00010    0.00095          3  0.000e+00
      17400    724.958     29.854     30.057    28.2813    28.2762   5.669860   5.669716     2.6850     2.2625      18.68   28.74556  -89.99186    0.00012    0.00098          3  0.000e+00
      17401    725.000     29.831     30.035    28.2809    28.2768   5.669805   5.669692     2.6850     2.2625      18.68   28.74556  -89.99186    0.00015    0.00101          3  0.000e+00
      17402    725.042     29.854     30.057    28.2808    28.2784   5.669813   5.669708     2.6850     2.2625      18.68   28.74556  -89.99186    0.00015    0.00102          3  0.000e+00
      17403    725.083     29.854     30.057    28.2805    28.2797   5.669829   5.669795     2.6850     2.2625      18.66   28.74556  -89.99186    0.00016    0.00103          3  0.000e+00
      17404    725.125     29.854     30.057    28.2802    28.2810   5.669758   5.669826     2.6850     2.2625      18.63   28.74556  -89.99186    0.00017    0.00104          3  0.000e+00
      17405    725.167     29.854     30.057    28.2802    28.2820   5.669805   5.669921     2.6838     2.2625      18.61   28.74556  -89.99186    0.00018    0.00105          3  0.000e+00
      17406    725.208     29.854     30.057    28.2798    28.2828   5.669719   5.669961     2.6838     2.2625      18.61   28.74556  -89.99186    0.00018    0.00105          3  0.000e+00
      17407    725.250     29.854     30.057    28.2795    28.2834   5.669790   5.669985     2.6850     2.2613      18.61   28.74556  -89.99186    0.00019    0.00104          3  0.000e+00
      17408    725.292     29.854     30.057    28.2795    28.2832   5.669790   5.670001     2.6850     2.2625      18.61   28.74556  -89.99186    0.00022    0.00105          3  0.000e+00
      17409    725.333     29.854     30.057    28.2791    28.2834   5.669680   5.670080     2.6850     2.2613      18.61   28.74556  -89.99186    0.00023    0.00104          3  0.000e+00
      17410    725.375     29.914     30.118    28.2791    28.2838   5.669672   5.670104     2.6838     2.2613      18.61   28.74556  -89.99186    0.00023    0.00101          3  0.000e+00
      17411    725.417     29.854     30.057    28.2789    28.2835   5.669688   5.670064     2.6850     2.2613      18.61   28.74556  -89.99186    0.00026    0.00098          3  0.000e+00
      17412    725.458     29.854     30.057    28.2786    28.2834   5.669649   5.670080     2.6850     2.2613      18.61   28.74556  -89.99186    0.00029    0.00094          3  0.000e+00
      17413    725.500     29.914     30.118    28.2786    28.2835   5.669641   5.670096     2.6862     2.2613      18.61   28.74556  -89.99186    0.00033    0.00093          3  0.000e+00
      17414    725.542     29.801     30.004    28.2784    28.2833   5.669672   5.670135     2.6850     2.2613      18.61   28.74556  -89.99186    0.00036    0.00090          3  0.000e+00
      17415    725.583     29.914     30.118    28.2789    28.2835   5.669688   5.670080     2.6850     2.2601      18.61   28.74556  -89.99186    0.00039    0.00085          3  0.000e+00
      17416    725.625     29.914     30.118    28.2789    28.2834   5.669649   5.670080     2.6850     2.2601      18.61   28.74556  -89.99186    0.00042    0.00080          3  0.000e+00
      17417    725.667     29.831     30.035    28.2786    28.2832   5.669672   5.670096     2.6850     2.2601      18.61   28.74556  -89.99186    0.00045    0.00076          3  0.000e+00
      17418    725.708     29.914     30.118    28.2784    28.2833   5.669688   5.670104     2.6862     2.2601      18.61   28.74556  -89.99186    0.00047    0.00073          3  0.000e+00
      17419    725.750     29.854     30.057    28.2784    28.2828   5.669649   5.670064     2.6862     2.2601      18.61   28.74556  -89.99186    0.00050    0.00070          3  0.000e+00
      17420    725.792     29.914     30.118    28.2782    28.2831   5.669641   5.670056     2.6862     2.2601      18.61   28.74556  -89.99186    0.00055    0.00066          3  0.000e+00
      17421    725.833     29.854     30.057    28.2780    28.2830   5.669641   5.670040     2.6862     2.2601      18.61   28.74556  -89.99186    0.00058    0.00061          3  0.000e+00
      17422    725.875     29.914     30.118    28.2778    28.2836   5.669641   5.670119     2.6862     2.2601      18.61   28.74556  -89.99186    0.00059    0.00056          3  0.000e+00
      17423    725.917     29.914     30.118    28.2780    28.2841   5.669610   5.670183     2.6862     2.2601      18.61   28.74556  -89.99186    0.00060    0.00051          3  0.000e+00
      17424    725.958     29.854     30.057    28.2778    28.2842   5.669594   5.670199     2.6862     2.2589      18.61   28.74556  -89.99186    0.00060    0.00044          3  0.000e+00
      17425    726.000     29.914     30.118    28.2775    28.2841   5.669626   5.670262     2.6862     2.2589      18.61   28.74556  -89.99186    0.00061    0.00037          3  0.000e+00
      17426    726.042     29.854     30.057    28.2775    28.2849   5.669602   5.670238     2.6862     2.2589      18.61   28.74556  -89.99186    0.00062    0.00030          3  0.000e+00
      17427    726.083     29.914     30.118    28.2773    28.2847   5.669594   5.670207     2.6862     2.2589      18.58   28.74556  -89.99186    0.00063    0.00023          3  0.000e+00
      17428    726.125     29.914     30.118    28.2773    28.2848   5.669594   5.670159     2.6862     2.2589      18.56   28.74556  -89.99186    0.00061    0.00018          3  0.000e+00
      17429    726.167     29.914     30.118    28.2776    28.2845   5.669626   5.670112     2.6862     2.2589      18.56   28.74556  -89.99186    0.00062    0.00011          3  0.000e+00
      17430    726.208     29.914     30.118    28.2776    28.2841   5.669571   5.670104     2.6862     2.2576      18.53   28.74556  -89.99186    0.00062    0.00004          3  0.000e+00
      17431    726.250     29.914     30.118    28.2776    28.2827   5.669579   5.670017     2.6850     2.2589      18.56   28.74556  -89.99186    0.00059   -0.00001          3  0.000e+00
      17432    726.292     29.914     30.118    28.2780    28.2819   5.669626   5.669969     2.6862     2.2589      18.53   28.74556  -89.99186    0.00057   -0.00008          3  0.000e+00
      17433    726.333     29.854     30.057    28.2780    28.2818   5.669641   5.670032     2.6862     2.2589      18.56   28.74556  -89.99186    0.00058   -0.00013          3  0.000e+00
      17434    726.375     29.891     30.095    28.2784    28.2824   5.669672   5.670056     2.6862     2.2589      18.53   28.74556  -89.99186    0.00056   -0.00018          3  0.000e+00
      17435    726.417     29.854     30.057    28.2793    28.2825   5.669688   5.670056     2.6850     2.2576      18.56   28.74556  -89.99186    0.00054   -0.00025          3  0.000e+00
      17436    726.458     29.801     30.004    28.2800    28.2830   5.669688   5.670080     2.6850     2.2576      18.56   28.74556  -89.99186    0.00050   -0.00031          3  0.000e+00
      17437    726.500     29.801     30.004    28.2806    28.2836   5.669790   5.670167     2.6850     2.2589      18.56   28.74556  -89.99186    0.00049   -0.00036          3  0.000e+00
      17438    726.542     29.801     30.004    28.2813    28.2843   5.669860   5.670222     2.6838     2.2589      18.56   28.74556  -89.99186    0.00045   -0.00041          3  0.000e+00
      17439    726.583     29.801     30.004    28.2819    28.2851   5.669907   5.670309     2.6838     2.2589      18.53   28.74556  -89.99186    0.00041   -0.00046          3  0.000e+00
      17440    726.625     29.740     29.943    28.2826    28.2863   5.670016   5.670404     2.6838     2.2589      18.53   28.74556  -89.99186    0.00039   -0.00050          3  0.000e+00
      17441    726.667     29.801     30.004    28.2833    28.2869   5.670055   5.670452     2.6838     2.2576      18.56   28.74556  -89.99186    0.00036   -0.00057          3  0.000e+00
      17442    726.708     29.740     29.943    28.2842    28.2875   5.670126   5.670507     2.6825     2.2576      18.53   28.74556  -89.99186    0.00030   -0.00063          3  0.000e+00
      17443    726.750     29.740     29.943    28.2855    28.2885   5.670180   5.670555     2.6825     2.2576      18.56   28.74556  -89.99186    0.00027   -0.00068          3  0.000e+00
      17444    726.792     29.740     29.943    28.2866    28.2889   5.670266   5.670602     2.6825     2.2576      18.56   28.74556  -89.99188    0.00023   -0.00072          3  0.000e+00
      17445    726.833     29.740     29.943    28.2881    28.2898   5.670360   5.670682     2.6813     2.2576      18.56   28.74556  -89.99188    0.00018   -0.00076          3  0.000e+00
      17446    726.875     29.687     29.890    28.2892    28.2906   5.670524   5.670697     2.6813     2.2589      18.53   28.74556  -89.99188    0.00011   -0.00079          3  0.000e+00
      17447    726.917     29.740     29.943    28.2910    28.2918   5.670641   5.670769     2.6813     2.2589      18.53   28.74556  -89.99188    0.00005   -0.00083          3  0.000e+00
      17448    726.958     29.740     29.943    28.2923    28.2937   5.670735   5.670903     2.6813     2.2576      18.56   28.74556  -89.99188   -0.00000   -0.00089          3  0.000e+00
      17449    727.000     29.612     29.814    28.2932    28.2945   5.670829   5.670943     2.6813     2.2589      18.56   28.74556  -89.99188   -0.00007   -0.00093          3  0.000e+00
      17450    727.042     29.801     30.004    28.2941    28.2958   5.670883   5.671038     2.6801     2.2589      18.56   28.74556  -89.99188   -0.00015   -0.00097          3  0.000e+00
      19536    813.958     20.003     20.139    28.7556    28.7518   5.623591   5.608369     2.9170     2.4713      28.35   28.74558  -89.99200    0.00083    0.00033          4  0.000e+00
      19537    814.000     19.610     19.744    28.7549    28.7518   5.623350   5.608597     2.9170     2.4713      28.33   28.74558  -89.99200    0.00083    0.00029          4  0.000e+00
      19538    814.042     19.837     19.972    28.7542    28.7521   5.623319   5.608558     2.9170     2.4713      28.35   28.74558  -89.99200    0.00083    0.00025          4  0.000e+00
      19539    814.083     19.807     19.942    28.7547    28.7518   5.623396   5.608345     2.9170     2.4701      28.35   28.74558  -89.99200    0.00083    0.00021          4  0.000e+00
      19540    814.125     19.777     19.911    28.7555    28.7516   5.623451   5.607809     2.9170     2.4701      28.42   28.74558  -89.99200    0.00082    0.00016          4  0.000e+00
      19541    814.167     19.777     19.911    28.7545    28.7503   5.623638   5.606666     2.9170     2.4689      28.45   28.74558  -89.99200    0.00082    0.00010          4  0.000e+00
      19542    814.208     19.807     19.942    28.7533    28.7501   5.624012   5.605341     2.9170     2.4689      28.45   28.74558  -89.99200    0.00082    0.00004          4  0.000e+00
      19543    814.250     19.837     19.972    28.7520    28.7490   5.624323   5.604293     2.9158     2.4676      28.45   28.74558  -89.99200    0.00080   -0.00005          4  0.000e+00
      19544    814.292     19.837     19.972    28.7521    28.7486   5.624534   5.603828     2.9158     2.4676      28.45   28.74558  -89.99200    0.00079   -0.00011          4  0.000e+00
      19545    814.333     19.777     19.911    28.7525    28.7492   5.624580   5.603915     2.9158     2.4664      28.42   28.74558  -89.99200    0.00077   -0.00019          4  0.000e+00
      19546    814.375     19.807     19.942    28.7529    28.7492   5.624541   5.603781     2.9158     2.4664      28.45   28.74558  -89.99200    0.00076   -0.00027          4  0.000e+00
      19547    814.417     19.837     19.972    28.7529    28.7486   5.624635   5.603071     2.9158     2.4664      28.45   28.74558  -89.99200    0.00075   -0.00035          4  0.000e+00
      19548    814.458     19.837     19.972    28.7525    28.7484   5.624728   5.602457     2.9158     2.4664      28.45   28.74558  -89.99200    0.00074   -0.00043          4  0.000e+00
      19549    814.500     19.837     19.972    28.7521    28.7490   5.624689   5.602425     2.9158     2.4652      28.45   28.74558  -89.99200    0.00072   -0.00052          4  0.000e+00
      19550    814.542     19.746     19.881    28.7520    28.7496   5.624674   5.603071     2.9145     2.4664      28.45   28.74558  -89.99200    0.00070   -0.00060          4  0.000e+00
      19551    814.583     19.837     19.972    28.7518    28.7497   5.624604   5.603741     2.9158     2.4652      28.45   28.74558  -89.99200    0.00069   -0.00069          4  0.000e+00
      19552    814.625     19.837     19.972    28.7518    28.7496   5.624471   5.603978     2.9158     2.4664      28.42   28.74558  -89.99200    0.00068   -0.00076          4  0.000e+00
      19553    814.667     19.807     19.942    28.7516    28.7496   5.624300   5.604198     2.9158     2.4664      28.45   28.74558  -89.99200    0.00067   -0.00084          4  0.000e+00
      19554    814.708     19.837     19.972    28.7521    28.7499   5.624284   5.604214     2.9158     2.4664      28.45   28.74558  -89.99200    0.00066   -0.00091          4  0.000e+00
      19555    814.750     19.837     19.972    28.7521    28.7505   5.624269   5.604317     2.9145     2.4664      28.45   28.74558  -89.99200    0.00064   -0.00098          4  0.000e+00
      19556    814.792     19.837     19.972    28.7518    28.7507   5.624191   5.604569     2.9145     2.4664      28.45   28.74558  -89.99200    0.00062   -0.00106          4  0.000e+00
      19557    814.833     19.807     19.942    28.7520    28.7503   5.624097   5.604372     2.9158     2.4664      28.45   28.74558  -89.99200    0.00059   -0.00113          4  0.000e+00
      19558    814.875     19.837     19.972    28.7518    28.7494   5.624035   5.603781     2.9145     2.4664      28.45   28.74558  -89.99200    0.00055   -0.00120          4  0.000e+00
      19559    814.917     19.837     19.972    28.7518    28.7486   5.623887   5.603150     2.9158     2.4664      28.45   28.74558  -89.99200    0.00053   -0.00125          4  0.000e+00
      19560    814.958     19.807     19.942    28.7521    28.7483   5.623801   5.602874     2.9145     2.4664      28.45   28.74558  -89.99200    0.00048   -0.00130          4  0.000e+00
      19561    815.000     19.890     20.025    28.7521    28.7479   5.623576   5.602882     2.9145     2.4664      28.45   28.74558  -89.99200    0.00042   -0.00135          4  0.000e+00
