GOMECC/GOMECC-4/1db/rb2103_1151.ros
* Sea-Bird SBE 9 Data File:
* FileName = C:\Users\scs.user.rb\CTD\GOMECC4\data\rb2103_1151.hex
* Software Version Seasave V 7.26.7.107
* Temperature SN = 4799
* Conductivity SN = 3860
* Number of Bytes Per Scan = 41
* Number of Voltage Words = 4
* Number of Scans Averaged by the Deck Unit = 1
* NMEA Latitude = 21 56.87 N
* NMEA Longitude = 086 59.51 W
* NMEA UTC (Time) = Oct 15 2021  16:29:06
* NMEA baud rate = 4800
# nquan = 17
# nvalues = 1197                                  
# units = specified
# name 0 = scan: Scan Count
# name 1 = timeS: Time, Elapsed [seconds]
# name 2 = depSM: Depth [salt water, m]
# name 3 = prDM: Pressure, Digiquartz [db]
# name 4 = t090C: Temperature [ITS-90, deg C]
# name 5 = t190C: Temperature, 2 [ITS-90, deg C]
# name 6 = c0S/m: Conductivity [S/m]
# name 7 = c1S/m: Conductivity, 2 [S/m]
# name 8 = sbeox0V: Oxygen raw, SBE 43 [V]
# name 9 = sbeox1V: Oxygen raw, SBE 43, 2 [V]
# name 10 = altM: Altimeter [m]
# name 11 = latitude: Latitude [deg]
# name 12 = longitude: Longitude [deg]
# name 13 = sbox0dV/dT: Oxygen, SBE 43 [dov/dt]
# name 14 = sbox1dV/dT: Oxygen, SBE 43, 2 [dov/dt]
# name 15 = nbf: Bottles Fired
# name 16 = flag:  0.000e+00
# interval = seconds: 0.0416667
# start_time = Oct 15 2021 16:29:06 [NMEA time, header]
# bad_flag = -9.990e-29
*END*
[from data line 256]
      26437   1101.500     22.548     22.690    23.6369    23.6365   5.375680   5.375507     2.7436     2.3199       7.35   21.94892  -86.99292    0.00088    0.00088          2  0.000e+00
      26438   1101.542     22.589     22.731    23.6375    23.6360   5.375719   5.375530     2.7436     2.3199       7.33   21.94892  -86.99292    0.00090    0.00092          2  0.000e+00
      26439   1101.583     22.548     22.690    23.6383    23.6358   5.375680   5.375507     2.7436     2.3199       7.35   21.94892  -86.99292    0.00092    0.00096          2  0.000e+00
      26440   1101.625     22.501     22.643    23.6385    23.6360   5.375634   5.375569     2.7436     2.3187       7.33   21.94892  -86.99292    0.00094    0.00096          2  0.000e+00
      26441   1101.667     22.589     22.731    23.6391    23.6362   5.375596   5.375522     2.7436     2.3199       7.30   21.94892  -86.99292    0.00095    0.00100          2  0.000e+00
      26442   1101.708     22.548     22.690    23.6380    23.6364   5.375550   5.375569     2.7436     2.3187       7.30   21.94892  -86.99292    0.00097    0.00102          2  0.000e+00
      26443   1101.750     22.541     22.684    23.6377    23.6365   5.375543   5.375553     2.7436     2.3187       7.28   21.94892  -86.99292    0.00098    0.00102          2  0.000e+00
      26444   1101.792     22.548     22.690    23.6380    23.6362   5.375535   5.375507     2.7436     2.3187       7.28   21.94892  -86.99292    0.00100    0.00104          2  0.000e+00
      26445   1101.833     22.595     22.738    23.6383    23.6357   5.375573   5.375460     2.7436     2.3175       7.28   21.94892  -86.99292    0.00101    0.00104          2  0.000e+00
      26446   1101.875     22.589     22.731    23.6382    23.6357   5.375520   5.375483     2.7436     2.3175       7.30   21.94892  -86.99292    0.00102    0.00104          2  0.000e+00
      26673   1111.333     22.649     22.792    23.6453    23.6460   5.376238   5.376405     2.7411     2.3175       7.23   21.94892  -86.99292    0.00016    0.00129          3  0.000e+00
      26674   1111.375     22.439     22.581    23.6444    23.6462   5.376253   5.376420     2.7411     2.3187       7.23   21.94892  -86.99292    0.00018    0.00128          3  0.000e+00
      26675   1111.417     22.649     22.792    23.6439    23.6460   5.376284   5.376436     2.7411     2.3175       7.23   21.94892  -86.99292    0.00019    0.00125          3  0.000e+00
      26676   1111.458     22.595     22.738    23.6439    23.6459   5.376261   5.376405     2.7411     2.3187       7.23   21.94892  -86.99292    0.00021    0.00124          3  0.000e+00
      26677   1111.500     22.541     22.683    23.6440    23.6457   5.376253   5.376350     2.7411     2.3187       7.23   21.94892  -86.99292    0.00021    0.00123          3  0.000e+00
      26678   1111.542     22.595     22.738    23.6447    23.6455   5.376253   5.376343     2.7411     2.3175       7.23   21.94892  -86.99292    0.00022    0.00120          3  0.000e+00
      26679   1111.583     22.548     22.690    23.6451    23.6455   5.376253   5.376381     2.7411     2.3187       7.23   21.94892  -86.99292    0.00022    0.00119          3  0.000e+00
      26680   1111.625     22.588     22.731    23.6458    23.6452   5.376253   5.376351     2.7411     2.3187       7.23   21.94892  -86.99292    0.00022    0.00119          3  0.000e+00
      26681   1111.667     22.548     22.690    23.6471    23.6453   5.376322   5.376412     2.7411     2.3187       7.23   21.94892  -86.99292    0.00022    0.00119          3  0.000e+00
      26682   1111.708     22.446     22.588    23.6482    23.6453   5.376345   5.376335     2.7411     2.3175       7.23   21.94892  -86.99292    0.00021    0.00118          3  0.000e+00
      26683   1111.750     22.690     22.833    23.6485    23.6448   5.376345   5.376296     2.7411     2.3187       7.23   21.94892  -86.99292    0.00021    0.00118          3  0.000e+00
      26684   1111.792     22.595     22.738    23.6483    23.6444   5.376414   5.376327     2.7411     2.3175       7.23   21.94892  -86.99290    0.00022    0.00116          3  0.000e+00
      26685   1111.833     22.541     22.683    23.6478    23.6444   5.376437   5.376273     2.7411     2.3187       7.23   21.94892  -86.99290    0.00024    0.00116          3  0.000e+00
      26686   1111.875     22.548     22.690    23.6489    23.6441   5.376459   5.376258     2.7411     2.3175       7.23   21.94892  -86.99290    0.00025    0.00114          3  0.000e+00
      26687   1111.917     22.595     22.738    23.6499    23.6439   5.376475   5.376258     2.7411     2.3175       7.23   21.94892  -86.99290    0.00026    0.00111          3  0.000e+00
      26688   1111.958     22.588     22.731    23.6492    23.6439   5.376543   5.376281     2.7411     2.3175       7.23   21.94892  -86.99290    0.00026    0.00109          3  0.000e+00
      26689   1112.000     22.548     22.690    23.6497    23.6441   5.376597   5.376296     2.7411     2.3175       7.23   21.94892  -86.99290    0.00025    0.00107          3  0.000e+00
      26690   1112.042     22.595     22.738    23.6513    23.6437   5.376612   5.376265     2.7411     2.3175       7.23   21.94892  -86.99290    0.00027    0.00105          3  0.000e+00
      26691   1112.083     22.541     22.683    23.6523    23.6443   5.376543   5.376320     2.7411     2.3175       7.23   21.94892  -86.99290    0.00028    0.00102          3  0.000e+00
      26692   1112.125     22.595     22.738    23.6538    23.6444   5.376620   5.376312     2.7411     2.3175       7.25   21.94892  -86.99290    0.00029    0.00100          3  0.000e+00
      26693   1112.167     22.541     22.683    23.6556    23.6443   5.376620   5.376296     2.7411     2.3175       7.23   21.94892  -86.99290    0.00031    0.00097          3  0.000e+00
      26694   1112.208     22.548     22.690    23.6544    23.6444   5.376612   5.376265     2.7411     2.3187       7.23   21.94892  -86.99290    0.00032    0.00096          3  0.000e+00
      26695   1112.250     22.595     22.738    23.6516    23.6441   5.376643   5.376289     2.7411     2.3175       7.23   21.94892  -86.99290    0.00033    0.00094          3  0.000e+00
      26696   1112.292     22.588     22.731    23.6497    23.6444   5.376658   5.376265     2.7411     2.3175       7.23   21.94892  -86.99290    0.00035    0.00091          3  0.000e+00
      26697   1112.333     22.595     22.738    23.6488    23.6444   5.376719   5.376281     2.7411     2.3175       7.23   21.94892  -86.99290    0.00034    0.00088          3  0.000e+00
      26698   1112.375     22.548     22.690    23.6483    23.6446   5.376605   5.376296     2.7411     2.3175       7.23   21.94892  -86.99290    0.00035    0.00087          3  0.000e+00
      26699   1112.417     22.541     22.683    23.6480    23.6448   5.376597   5.376366     2.7399     2.3175       7.23   21.94892  -86.99290    0.00035    0.00086          3  0.000e+00
      26700   1112.458     22.595     22.738    23.6481    23.6452   5.376643   5.376351     2.7411     2.3175       7.23   21.94892  -86.99290    0.00036    0.00085          3  0.000e+00
      26701   1112.500     22.595     22.738    23.6487    23.6452   5.376658   5.376343     2.7411     2.3175       7.23   21.94892  -86.99290    0.00037    0.00083          3  0.000e+00
      26702   1112.542     22.541     22.683    23.6494    23.6452   5.376658   5.376374     2.7411     2.3175       7.23   21.94892  -86.99290    0.00039    0.00082          3  0.000e+00
      26703   1112.583     22.595     22.738    23.6506    23.6455   5.376620   5.376420     2.7411     2.3175       7.23   21.94892  -86.99290    0.00040    0.00081          3  0.000e+00
      26704   1112.625     22.541     22.683    23.6512    23.6453   5.376643   5.376296     2.7411     2.3187       7.23   21.94892  -86.99290    0.00040    0.00081          3  0.000e+00
      26705   1112.667     22.595     22.738    23.6522    23.6455   5.376620   5.376351     2.7411     2.3187       7.23   21.94892  -86.99290    0.00041    0.00081          3  0.000e+00
      26706   1112.708     22.595     22.738    23.6519    23.6455   5.376673   5.376420     2.7411     2.3175       7.23   21.94892  -86.99290    0.00040    0.00078          3  0.000e+00
      26707   1112.750     22.588     22.731    23.6503    23.6459   5.376666   5.376366     2.7411     2.3187       7.23   21.94892  -86.99290    0.00042    0.00078          3  0.000e+00
      26708   1112.792     22.548     22.690    23.6488    23.6457   5.376658   5.376381     2.7424     2.3175       7.23   21.94892  -86.99290    0.00043    0.00075          3  0.000e+00
      26709   1112.833     22.595     22.738    23.6478    23.6459   5.376589   5.376389     2.7424     2.3187       7.23   21.94892  -86.99290    0.00044    0.00073          3  0.000e+00
      26710   1112.875     22.588     22.731    23.6474    23.6458   5.376528   5.376389     2.7424     2.3187       7.23   21.94892  -86.99290    0.00045    0.00071          3  0.000e+00
      26711   1112.917     22.548     22.690    23.6472    23.6455   5.376521   5.376320     2.7411     2.3187       7.23   21.94892  -86.99290    0.00044    0.00069          3  0.000e+00
      26712   1112.958     22.636     22.779    23.6471    23.6453   5.376482   5.376366     2.7424     2.3187       7.23   21.94892  -86.99290    0.00045    0.00067          3  0.000e+00
      26713   1113.000     22.595     22.738    23.6473    23.6453   5.376444   5.376389     2.7411     2.3175       7.23   21.94892  -86.99290    0.00044    0.00063          3  0.000e+00
      26714   1113.042     22.548     22.690    23.6478    23.6457   5.376368   5.376389     2.7411     2.3187       7.23   21.94892  -86.99290    0.00043    0.00059          3  0.000e+00
      26715   1113.083     22.588     22.731    23.6471    23.6460   5.376307   5.376389     2.7411     2.3175       7.23   21.94892  -86.99290    0.00042    0.00055          3  0.000e+00
      26716   1113.125     22.595     22.738    23.6460    23.6460   5.376261   5.376451     2.7424     2.3175       7.23   21.94892  -86.99290    0.00043    0.00051          3  0.000e+00
      26717   1113.167     22.595     22.738    23.6451    23.6460   5.376253   5.376443     2.7411     2.3175       7.23   21.94892  -86.99290    0.00042    0.00047          3  0.000e+00
      26718   1113.208     22.588     22.731    23.6450    23.6460   5.376253   5.376436     2.7411     2.3187       7.23   21.94892  -86.99290    0.00041    0.00044          3  0.000e+00
      26719   1113.250     22.595     22.738    23.6449    23.6460   5.376253   5.376436     2.7411     2.3187       7.23   21.94892  -86.99290    0.00040    0.00042          3  0.000e+00
      26720   1113.292     22.595     22.738    23.6451    23.6460   5.376284   5.376366     2.7411     2.3187       7.23   21.94892  -86.99290    0.00039    0.00039          3  0.000e+00
      26721   1113.333     22.588     22.731    23.6449    23.6453   5.376230   5.376443     2.7411     2.3187       7.23   21.94892  -86.99290    0.00038    0.00036          3  0.000e+00
      26722   1113.375     22.595     22.738    23.6451    23.6459   5.376169   5.376443     2.7411     2.3175       7.23   21.94892  -86.99290    0.00036    0.00031          3  0.000e+00
      26723   1113.417     22.588     22.731    23.6448    23.6457   5.376162   5.376397     2.7411     2.3175       7.23   21.94892  -86.99290    0.00035    0.00026          3  0.000e+00
      26724   1113.458     22.649     22.792    23.6446    23.6455   5.376192   5.376358     2.7411     2.3187       7.23   21.94892  -86.99290    0.00034    0.00023          3  0.000e+00
      26725   1113.500     22.595     22.738    23.6446    23.6452   5.376207   5.376343     2.7411     2.3187       7.23   21.94892  -86.99290    0.00033    0.00020          3  0.000e+00
      26726   1113.542     22.588     22.731    23.6456    23.6448   5.376276   5.376304     2.7411     2.3187       7.23   21.94892  -86.99290    0.00031    0.00017          3  0.000e+00
      26727   1113.583     22.595     22.738    23.6459    23.6448   5.376200   5.376296     2.7411     2.3175       7.23   21.94892  -86.99290    0.00030    0.00011          3  0.000e+00
      26728   1113.625     22.595     22.738    23.6463    23.6446   5.376192   5.376296     2.7411     2.3187       7.23   21.94892  -86.99290    0.00028    0.00008          3  0.000e+00
      26729   1113.667     22.636     22.779    23.6453    23.6448   5.376207   5.376327     2.7411     2.3187       7.23   21.94892  -86.99290    0.00027    0.00006          3  0.000e+00
      26730   1113.708     22.595     22.738    23.6442    23.6448   5.376169   5.376343     2.7411     2.3187       7.20   21.94892  -86.99290    0.00026    0.00002          3  0.000e+00
      26731   1113.750     22.588     22.731    23.6447    23.6448   5.376230   5.376343     2.7411     2.3187       7.20   21.94892  -86.99290    0.00024    0.00000          3  0.000e+00
      26732   1113.792     22.595     22.738    23.6456    23.6446   5.376253   5.376343     2.7411     2.3175       7.20   21.94892  -86.99292    0.00022   -0.00004          3  0.000e+00
      26733   1113.833     22.595     22.738    23.6465    23.6443   5.376284   5.376343     2.7411     2.3175       7.20   21.94892  -86.99292    0.00021   -0.00008          3  0.000e+00
      26734   1113.875     22.636     22.779    23.6460    23.6444   5.376360   5.376343     2.7411     2.3175       7.20   21.94892  -86.99292    0.00019   -0.00012          3  0.000e+00
      26735   1113.917     22.595     22.738    23.6451    23.6446   5.376314   5.376343     2.7411     2.3162       7.20   21.94892  -86.99292    0.00018   -0.00015          3  0.000e+00
      26736   1113.958     22.595     22.738    23.6449    23.6446   5.376261   5.376343     2.7424     2.3175       7.20   21.94892  -86.99292    0.00018   -0.00018          3  0.000e+00
      26737   1114.000     22.636     22.779    23.6457    23.6448   5.376322   5.376374     2.7411     2.3175       7.20   21.94892  -86.99292    0.00018   -0.00020          3  0.000e+00
      26738   1114.042     22.595     22.738    23.6465    23.6448   5.376368   5.376389     2.7411     2.3162       7.20   21.94892  -86.99292    0.00016   -0.00024          3  0.000e+00
      26739   1114.083     22.547     22.690    23.6463    23.6452   5.376383   5.376350     2.7411     2.3162       7.20   21.94892  -86.99292    0.00014   -0.00027          3  0.000e+00
      26740   1114.125     22.635     22.779    23.6467    23.6448   5.376421   5.376343     2.7411     2.3162       7.20   21.94892  -86.99292    0.00012   -0.00029          3  0.000e+00
      26741   1114.167     22.595     22.738    23.6476    23.6448   5.376398   5.376374     2.7411     2.3162       7.20   21.94892  -86.99292    0.00010   -0.00031          3  0.000e+00
      26742   1114.208     22.588     22.731    23.6473    23.6450   5.376414   5.376351     2.7411     2.3162       7.20   21.94892  -86.99292    0.00008   -0.00035          3  0.000e+00
      26743   1114.250     22.649     22.792    23.6465    23.6453   5.376360   5.376382     2.7411     2.3162       7.20   21.94892  -86.99292    0.00006   -0.00037          3  0.000e+00
      26744   1114.292     22.595     22.738    23.6469    23.6455   5.376345   5.376389     2.7411     2.3162       7.20   21.94892  -86.99292    0.00004   -0.00039          3  0.000e+00
      26745   1114.333     22.588     22.731    23.6469    23.6455   5.376345   5.376389     2.7411     2.3162       7.20   21.94892  -86.99292    0.00002   -0.00041          3  0.000e+00
      26746   1114.375     22.595     22.738    23.6462    23.6457   5.376276   5.376420     2.7411     2.3162       7.20   21.94892  -86.99292    0.00002   -0.00042          3  0.000e+00
