GOMECC/GOMECC-4/1db/rb2103_1011.ros
* Sea-Bird SBE 9 Data File:
* FileName = C:\Users\scs.user.rb\CTD\GOMECC4\data\rb2103_1011.hex
* Software Version Seasave V 7.26.7.107
* Temperature SN = 4799
* Conductivity SN = 3860
* Number of Bytes Per Scan = 41
* Number of Voltage Words = 4
* Number of Scans Averaged by the Deck Unit = 1
* NMEA Latitude = 23 09.37 N
* NMEA Longitude = 088 00.06 W
* NMEA UTC (Time) = Oct 12 2021  18:34:17
* NMEA baud rate = 4800
# nquan = 17
# nvalues = 1064                                  
# units = specified
# name 0 = scan: Scan Count
# name 1 = timeS: Time, Elapsed [seconds]
# name 2 = depSM: Depth [salt water, m]
# name 3 = prDM: Pressure, Digiquartz [db]
# name 4 = t090C: Temperature [ITS-90, deg C]
# name 5 = t190C: Temperature, 2 [ITS-90, deg C]
# name 6 = c0S/m: Conductivity [S/m]
# name 7 = c1S/m: Conductivity, 2 [S/m]
# name 8 = sbeox0V: Oxygen raw, SBE 43 [V]
# name 9 = sbeox1V: Oxygen raw, SBE 43, 2 [V]
# name 10 = altM: Altimeter [m]
# name 11 = latitude: Latitude [deg]
# name 12 = longitude: Longitude [deg]
# name 13 = sbox0dV/dT: Oxygen, SBE 43 [dov/dt]
# name 14 = sbox1dV/dT: Oxygen, SBE 43, 2 [dov/dt]
# name 15 = nbf: Bottles Fired
# name 16 = flag:  0.000e+00
# interval = seconds: 0.0416667
# start_time = Oct 12 2021 18:34:17 [NMEA time, header]
# bad_flag = -9.990e-29
*END*
      17821    742.500     72.117     72.588    21.6755    21.6739   5.173045   5.173130     2.0562     1.7033       7.25   23.15654  -88.00124   -0.00016   -0.00010          1  0.000e+00
      17822    742.542     72.666     73.140    21.6751    21.6743   5.173061   5.173153     2.0562     1.7033       7.28   23.15654  -88.00124   -0.00015   -0.00009          1  0.000e+00
      17823    742.583     72.612     73.085    21.6757    21.6748   5.173076   5.173183     2.0562     1.7033       7.28   23.15654  -88.00124   -0.00013   -0.00008          1  0.000e+00
      17824    742.625     72.517     72.990    21.6760    21.6752   5.173076   5.173199     2.0562     1.7033       7.25   23.15654  -88.00124   -0.00014   -0.00007          1  0.000e+00
      17825    742.667     72.564     73.038    21.6757    21.6756   5.173106   5.173168     2.0549     1.7033       7.28   23.15654  -88.00124   -0.00016   -0.00006          1  0.000e+00
      17826    742.708     72.517     72.990    21.6759    21.6757   5.173091   5.173252     2.0549     1.7033       7.25   23.15654  -88.00124   -0.00018   -0.00005          1  0.000e+00
      17827    742.750     72.517     72.990    21.6763    21.6757   5.173106   5.173244     2.0562     1.7045       7.28   23.15654  -88.00124   -0.00017   -0.00002          1  0.000e+00
      17828    742.792     72.510     72.983    21.6759    21.6761   5.173091   5.173244     2.0562     1.7033       7.25   23.15654  -88.00124   -0.00018   -0.00003          1  0.000e+00
      17829    742.833     72.517     72.990    21.6759    21.6763   5.173076   5.173275     2.0549     1.7033       7.23   23.15654  -88.00124   -0.00020   -0.00004          1  0.000e+00
      17830    742.875     72.510     72.983    21.6757    21.6761   5.173076   5.173320     2.0549     1.7033       7.23   23.15654  -88.00124   -0.00022   -0.00004          1  0.000e+00
      17831    742.917     72.517     72.990    21.6757    21.6759   5.173046   5.173290     2.0549     1.7033       7.23   23.15654  -88.00124   -0.00024   -0.00003          1  0.000e+00
      17832    742.958     72.517     72.990    21.6759    21.6761   5.173038   5.173282     2.0549     1.7033       7.25   23.15654  -88.00124   -0.00024   -0.00002          1  0.000e+00
      17833    743.000     72.510     72.983    21.6755    21.6763   5.173061   5.173282     2.0549     1.7033       7.23   23.15654  -88.00124   -0.00024   -0.00003          1  0.000e+00
      17834    743.042     72.517     72.990    21.6757    21.6759   5.173076   5.173282     2.0549     1.7033       7.23   23.15654  -88.00124   -0.00026   -0.00002          1  0.000e+00
      17835    743.083     72.517     72.990    21.6755    21.6757   5.173076   5.173282     2.0549     1.7033       7.23   23.15654  -88.00124   -0.00026   -0.00001          1  0.000e+00
      17836    743.125     72.510     72.983    21.6755    21.6758   5.173076   5.173313     2.0549     1.7033       7.23   23.15654  -88.00124   -0.00028   -0.00002          1  0.000e+00
      17837    743.167     72.463     72.935    21.6759    21.6761   5.173143   5.173328     2.0549     1.7033       7.23   23.15654  -88.00124   -0.00030   -0.00001          1  0.000e+00
      17838    743.208     72.510     72.983    21.6761    21.6763   5.173098   5.173328     2.0549     1.7033       7.23   23.15654  -88.00124   -0.00030   -0.00002          1  0.000e+00
      17839    743.250     72.517     72.990    21.6759    21.6761   5.173143   5.173389     2.0549     1.7033       7.23   23.15654  -88.00124   -0.00032   -0.00001          1  0.000e+00
      17840    743.292     72.463     72.935    21.6759    21.6763   5.173166   5.173412     2.0549     1.7033       7.23   23.15654  -88.00124   -0.00033   -0.00001          1  0.000e+00
      17841    743.333     72.510     72.983    21.6760    21.6763   5.173196   5.173412     2.0549     1.7033       7.25   23.15654  -88.00124   -0.00035    0.00000          1  0.000e+00
      17842    743.375     72.517     72.990    21.6759    21.6764   5.173173   5.173412     2.0549     1.7033       7.23   23.15654  -88.00124   -0.00037    0.00001          1  0.000e+00
      17843    743.417     72.463     72.935    21.6759    21.6768   5.173166   5.173480     2.0537     1.7033       7.23   23.15654  -88.00124   -0.00040    0.00002          1  0.000e+00
      17844    743.458     72.463     72.935    21.6759    21.6768   5.173196   5.173534     2.0549     1.7033       7.23   23.15654  -88.00124   -0.00041    0.00003          1  0.000e+00
      17845    743.500     72.463     72.935    21.6757    21.6777   5.173173   5.173541     2.0537     1.7033       7.23   23.15654  -88.00124   -0.00043    0.00004          1  0.000e+00
      17846    743.542     72.510     72.983    21.6759    21.6780   5.173166   5.173541     2.0549     1.7033       7.25   23.15654  -88.00124   -0.00042    0.00004          1  0.000e+00
      17847    743.583     72.463     72.935    21.6760    21.6777   5.173234   5.173503     2.0537     1.7033       7.23   23.15654  -88.00124   -0.00045    0.00005          1  0.000e+00
      17848    743.625     72.463     72.935    21.6775    21.6775   5.173249   5.173534     2.0537     1.7033       7.25   23.15654  -88.00124   -0.00048    0.00006          1  0.000e+00
      17849    743.667     72.463     72.935    21.6785    21.6780   5.173286   5.173541     2.0549     1.7033       7.23   23.15654  -88.00124   -0.00049    0.00007          1  0.000e+00
      17850    743.708     72.463     72.935    21.6776    21.6779   5.173234   5.173602     2.0549     1.7033       7.23   23.15654  -88.00124   -0.00048    0.00008          1  0.000e+00
      17851    743.750     72.463     72.935    21.6765    21.6780   5.173211   5.173602     2.0537     1.7033       7.23   23.15654  -88.00124   -0.00051    0.00009          1  0.000e+00
      17852    743.792     72.415     72.888    21.6760    21.6779   5.173241   5.173587     2.0537     1.7033       7.25   23.15654  -88.00124   -0.00052    0.00010          1  0.000e+00
      17853    743.833     72.361     72.833    21.6760    21.6777   5.173188   5.173556     2.0549     1.7033       7.28   23.15654  -88.00124   -0.00053    0.00010          1  0.000e+00
      17854    743.875     72.564     73.038    21.6764    21.6784   5.173196   5.173602     2.0537     1.7033       7.30   23.15654  -88.00124   -0.00055    0.00011          1  0.000e+00
      17855    743.917     72.463     72.935    21.6764    21.6780   5.173211   5.173557     2.0537     1.7033       7.28   23.15654  -88.00124   -0.00058    0.00014          1  0.000e+00
      17856    743.958     72.415     72.888    21.6764    21.6775   5.173173   5.173541     2.0537     1.7033       7.30   23.15654  -88.00124   -0.00060    0.00016          1  0.000e+00
      17857    744.000     72.415     72.888    21.6760    21.6774   5.173196   5.173541     2.0537     1.7033       7.28   23.15654  -88.00124   -0.00061    0.00017          1  0.000e+00
      17858    744.042     72.463     72.936    21.6761    21.6772   5.173211   5.173541     2.0537     1.7033       7.30   23.15654  -88.00124   -0.00063    0.00018          1  0.000e+00
      17859    744.083     72.463     72.936    21.6762    21.6770   5.173211   5.173579     2.0549     1.7033       7.30   23.15654  -88.00124   -0.00062    0.00019          1  0.000e+00
      17860    744.125     72.415     72.888    21.6767    21.6775   5.173211   5.173518     2.0537     1.7033       7.28   23.15654  -88.00124   -0.00064    0.00020          1  0.000e+00
      17861    744.167     72.415     72.888    21.6773    21.6775   5.173233   5.173503     2.0537     1.7033       7.28   23.15654  -88.00124   -0.00064    0.00021          1  0.000e+00
      17862    744.208     72.415     72.888    21.6776    21.6773   5.173249   5.173465     2.0537     1.7033       7.28   23.15654  -88.00124   -0.00066    0.00022          1  0.000e+00
      17863    744.250     72.463     72.936    21.6778    21.6777   5.173279   5.173518     2.0537     1.7033       7.28   23.15654  -88.00124   -0.00066    0.00023          1  0.000e+00
      17864    744.292     72.361     72.833    21.6776    21.6777   5.173324   5.173518     2.0537     1.7033       7.28   23.15654  -88.00124   -0.00068    0.00024          1  0.000e+00
      17865    744.333     72.415     72.888    21.6776    21.6774   5.173309   5.173534     2.0537     1.7033       7.28   23.15654  -88.00124   -0.00069    0.00025          1  0.000e+00
      17866    744.375     72.415     72.888    21.6773    21.6777   5.173256   5.173518     2.0537     1.7033       7.30   23.15654  -88.00124   -0.00071    0.00026          1  0.000e+00
      17867    744.417     72.415     72.888    21.6771    21.6775   5.173279   5.173534     2.0537     1.7033       7.28   23.15654  -88.00124   -0.00071    0.00027          1  0.000e+00
      17868    744.458     72.415     72.888    21.6770    21.6779   5.173294   5.173503     2.0537     1.7033       7.28   23.15654  -88.00124   -0.00070    0.00027          1  0.000e+00
      17869    744.500     72.415     72.888    21.6764    21.6779   5.173256   5.173534     2.0537     1.7033       7.28   23.15654  -88.00124   -0.00072    0.00028          1  0.000e+00
      17870    744.542     72.416     72.888    21.6760    21.6784   5.173218   5.173541     2.0537     1.7021       7.28   23.15654  -88.00124   -0.00073    0.00028          1  0.000e+00
      17871    744.583     72.361     72.833    21.6767    21.6789   5.173211   5.173572     2.0537     1.7021       7.28   23.15654  -88.00124   -0.00074    0.00027          1  0.000e+00
      17872    744.625     72.416     72.888    21.6767    21.6791   5.173211   5.173556     2.0537     1.7021       7.28   23.15654  -88.00124   -0.00075    0.00026          1  0.000e+00
      17873    744.667     72.416     72.888    21.6764    21.6788   5.173143   5.173503     2.0537     1.7021       7.28   23.15654  -88.00124   -0.00076    0.00025          1  0.000e+00
      17874    744.708     72.416     72.888    21.6764    21.6788   5.173121   5.173534     2.0537     1.7021       7.28   23.15654  -88.00124   -0.00077    0.00023          1  0.000e+00
      17875    744.750     72.368     72.840    21.6759    21.6786   5.173151   5.173503     2.0537     1.7021       7.28   23.15654  -88.00124   -0.00078    0.00020          1  0.000e+00
      17876    744.792     72.361     72.833    21.6755    21.6784   5.173166   5.173526     2.0537     1.7021       7.28   23.15654  -88.00124   -0.00079    0.00018          1  0.000e+00
      17877    744.833     72.416     72.888    21.6753    21.6784   5.173196   5.173518     2.0537     1.7021       7.33   23.15654  -88.00124   -0.00079    0.00015          1  0.000e+00
      17878    744.875     72.368     72.840    21.6756    21.6786   5.173241   5.173496     2.0537     1.7021       7.35   23.15654  -88.00124   -0.00080    0.00015          1  0.000e+00
      17879    744.917     72.416     72.888    21.6769    21.6786   5.173346   5.173534     2.0537     1.7021       7.35   23.15654  -88.00124   -0.00081    0.00014          1  0.000e+00
      17880    744.958     72.416     72.888    21.6789    21.6782   5.173384   5.173572     2.0537     1.7009       7.35   23.15654  -88.00124   -0.00081    0.00010          1  0.000e+00
      17881    745.000     72.368     72.840    21.6797    21.6777   5.173451   5.173549     2.0549     1.7021       7.35   23.15654  -88.00124   -0.00080    0.00008          1  0.000e+00
      17882    745.042     72.361     72.833    21.6787    21.6772   5.173406   5.173579     2.0537     1.7009       7.35   23.15654  -88.00124   -0.00080    0.00004          1  0.000e+00
      17883    745.083     72.416     72.888    21.6774    21.6764   5.173384   5.173617     2.0537     1.7021       7.33   23.15654  -88.00124   -0.00081    0.00001          1  0.000e+00
      17884    745.125     72.361     72.834    21.6769    21.6764   5.173384   5.173602     2.0549     1.7009       7.35   23.15654  -88.00124   -0.00079   -0.00003          1  0.000e+00
      17885    745.167     72.368     72.840    21.6789    21.6773   5.173346   5.173549     2.0537     1.7009       7.35   23.15654  -88.00124   -0.00080   -0.00007          1  0.000e+00
      17886    745.208     72.416     72.888    21.6794    21.6786   5.173271   5.173541     2.0537     1.7009       7.35   23.15654  -88.00124   -0.00080   -0.00011          1  0.000e+00
      17887    745.250     72.362     72.834    21.6780    21.6791   5.173279   5.173518     2.0537     1.7021       7.35   23.15654  -88.00124   -0.00080   -0.00013          1  0.000e+00
      17888    745.292     72.416     72.888    21.6773    21.6786   5.173226   5.173496     2.0537     1.7009       7.35   23.15654  -88.00124   -0.00080   -0.00017          1  0.000e+00
      17889    745.333     72.362     72.834    21.6773    21.6784   5.173211   5.173496     2.0537     1.7021       7.33   23.15654  -88.00124   -0.00080   -0.00019          1  0.000e+00
      17890    745.375     72.368     72.840    21.6767    21.6774   5.173173   5.173503     2.0537     1.7009       7.35   23.15654  -88.00124   -0.00080   -0.00023          1  0.000e+00
      17891    745.417     72.416     72.888    21.6759    21.6772   5.173196   5.173534     2.0537     1.7021       7.35   23.15654  -88.00124   -0.00080   -0.00025          1  0.000e+00
      17892    745.458     72.362     72.834    21.6750    21.6766   5.173173   5.173518     2.0537     1.7021       7.35   23.15654  -88.00124   -0.00079   -0.00027          1  0.000e+00
      17893    745.500     72.368     72.840    21.6745    21.6764   5.173098   5.173534     2.0537     1.7021       7.35   23.15654  -88.00124   -0.00077   -0.00030          1  0.000e+00
      17894    745.542     72.416     72.888    21.6745    21.6767   5.173076   5.173572     2.0537     1.7021       7.35   23.15654  -88.00124   -0.00077   -0.00030          1  0.000e+00
      17895    745.583     72.368     72.840    21.6739    21.6772   5.173046   5.173526     2.0537     1.7021       7.35   23.15654  -88.00124   -0.00076   -0.00032          1  0.000e+00
      17896    745.625     72.416     72.888    21.6737    21.6775   5.173038   5.173564     2.0537     1.7021       7.35   23.15654  -88.00124   -0.00076   -0.00032          1  0.000e+00
      17897    745.667     72.362     72.834    21.6737    21.6777   5.173061   5.173625     2.0537     1.7021       7.35   23.15654  -88.00124   -0.00075   -0.00033          1  0.000e+00
      17898    745.708     72.368     72.841    21.6740    21.6779   5.173046   5.173625     2.0537     1.7021       7.35   23.15654  -88.00124   -0.00074   -0.00035          1  0.000e+00
      17899    745.750     72.416     72.888    21.6745    21.6784   5.173068   5.173656     2.0537     1.7021       7.35   23.15654  -88.00124   -0.00074   -0.00037          1  0.000e+00
      17900    745.792     72.369     72.841    21.6750    21.6786   5.173106   5.173709     2.0537     1.7021       7.35   23.15654  -88.00124   -0.00073   -0.00039          1  0.000e+00
      17901    745.833     72.416     72.888    21.6745    21.6791   5.173091   5.173716     2.0537     1.7021       7.37   23.15654  -88.00124   -0.00072   -0.00041          1  0.000e+00
      17902    745.875     72.362     72.834    21.6743    21.6797   5.173173   5.173716     2.0537     1.7021       7.35   23.15654  -88.00124   -0.00071   -0.00043          1  0.000e+00
      17903    745.917     72.369     72.841    21.6743    21.6803   5.173173   5.173678     2.0549     1.7021       7.37   23.15654  -88.00124   -0.00068   -0.00043          1  0.000e+00
      17904    745.958     72.416     72.888    21.6764    21.6807   5.173264   5.173800     2.0549     1.7021       7.35   23.15654  -88.00124   -0.00065   -0.00043          1  0.000e+00
      17905    746.000     72.416     72.888    21.6799    21.6803   5.173361   5.173816     2.0549     1.7021       7.37   23.15654  -88.00124   -0.00062   -0.00045          1  0.000e+00
