GOMECC/GOMECC-4/1db/rb2103_1231.ros
* Sea-Bird SBE 9 Data File:
* FileName = C:\Users\scs.user.rb\CTD\GOMECC4\data\rb2103_1231.hex
* Software Version Seasave V 7.26.7.107
* Temperature SN = 4799
* Conductivity SN = 3860
* Number of Bytes Per Scan = 41
* Number of Voltage Words = 4
* Number of Scans Averaged by the Deck Unit = 1
* NMEA Latitude = 24 44.12 N
* NMEA Longitude = 080 37.33 W
* NMEA UTC (Time) = Oct 17 2021  22:52:18
* NMEA baud rate = 4800
# nquan = 17
# nvalues = 1729                                  
# units = specified
# name 0 = scan: Scan Count
# name 1 = timeS: Time, Elapsed [seconds]
# name 2 = depSM: Depth [salt water, m]
# name 3 = prDM: Pressure, Digiquartz [db]
# name 4 = t090C: Temperature [ITS-90, deg C]
# name 5 = t190C: Temperature, 2 [ITS-90, deg C]
# name 6 = c0S/m: Conductivity [S/m]
# name 7 = c1S/m: Conductivity, 2 [S/m]
# name 8 = sbeox0V: Oxygen raw, SBE 43 [V]
# name 9 = sbeox1V: Oxygen raw, SBE 43, 2 [V]
# name 10 = altM: Altimeter [m]
# name 11 = latitude: Latitude [deg]
# name 12 = longitude: Longitude [deg]
# name 13 = sbox0dV/dT: Oxygen, SBE 43 [dov/dt]
# name 14 = sbox1dV/dT: Oxygen, SBE 43, 2 [dov/dt]
# name 15 = nbf: Bottles Fired
# name 16 = flag:  0.000e+00
# interval = seconds: 0.0416667
# start_time = Oct 17 2021 22:52:18 [NMEA time, header]
# bad_flag = -9.990e-29
*END*
[from data line 1618]
      53113   2213.000      3.010      3.030    29.7446    29.7445   5.896361   5.896549     3.1770     2.6874     100.00   24.73546  -80.62330   -0.00069    0.00092         13  0.000e+00
      53114   2213.042      2.915      2.934    29.7445    29.7447   5.896377   5.896557     3.1770     2.6874     100.00   24.73546  -80.62330   -0.00072    0.00095         13  0.000e+00
      53115   2213.083      2.963      2.982    29.7449    29.7444   5.896377   5.896557     3.1770     2.6874     100.00   24.73546  -80.62330   -0.00076    0.00098         13  0.000e+00
      53116   2213.125      3.010      3.030    29.7454    29.7445   5.896377   5.896525     3.1770     2.6874     100.00   24.73546  -80.62330   -0.00079    0.00101         13  0.000e+00
      53117   2213.167      2.963      2.982    29.7459    29.7445   5.896448   5.896509     3.1770     2.6874     100.00   24.73546  -80.62330   -0.00082    0.00104         13  0.000e+00
      53118   2213.208      2.963      2.982    29.7457    29.7444   5.896472   5.896509     3.1783     2.6874     100.00   24.73546  -80.62330   -0.00083    0.00107         13  0.000e+00
      53119   2213.250      2.963      2.982    29.7459    29.7442   5.896440   5.896469     3.1770     2.6874     100.00   24.73546  -80.62330   -0.00086    0.00109         13  0.000e+00
      53120   2213.292      2.956      2.975    29.7461    29.7438   5.896504   5.896501     3.1783     2.6862     100.00   24.73546  -80.62330   -0.00087    0.00111         13  0.000e+00
      53121   2213.333      2.963      2.982    29.7459    29.7440   5.896528   5.896469     3.1783     2.6862     100.00   24.73546  -80.62330   -0.00088    0.00110         13  0.000e+00
      53122   2213.375      3.010      3.030    29.7459    29.7436   5.896528   5.896388     3.1783     2.6862     100.00   24.73546  -80.62330   -0.00087    0.00109         13  0.000e+00
      53123   2213.417      2.963      2.982    29.7459    29.7433   5.896528   5.896364     3.1783     2.6862     100.00   24.73546  -80.62330   -0.00088    0.00108         13  0.000e+00
      53124   2213.458      2.963      2.982    29.7461    29.7428   5.896528   5.896396     3.1783     2.6874     100.00   24.73546  -80.62330   -0.00089    0.00108         13  0.000e+00
      53125   2213.500      2.963      2.982    29.7463    29.7425   5.896528   5.896340     3.1783     2.6874     100.00   24.73546  -80.62330   -0.00089    0.00105         13  0.000e+00
      53126   2213.542      2.963      2.982    29.7460    29.7423   5.896528   5.896243     3.1783     2.6862     100.00   24.73546  -80.62330   -0.00090    0.00100         13  0.000e+00
      53127   2213.583      3.010      3.030    29.7459    29.7420   5.896528   5.896251     3.1795     2.6862     100.00   24.73546  -80.62330   -0.00089    0.00096         13  0.000e+00
      53128   2213.625      2.963      2.982    29.7459    29.7421   5.896480   5.896308     3.1783     2.6862     100.00   24.73546  -80.62330   -0.00091    0.00091         13  0.000e+00
      53129   2213.667      2.956      2.975    29.7456    29.7423   5.896440   5.896316     3.1795     2.6862     100.00   24.73546  -80.62330   -0.00092    0.00086         13  0.000e+00
      53130   2213.708      3.010      3.030    29.7453    29.7425   5.896425   5.896316     3.1795     2.6862     100.00   24.73546  -80.62330   -0.00092    0.00081         13  0.000e+00
      53131   2213.750      2.963      2.982    29.7450    29.7425   5.896425   5.896388     3.1795     2.6862     100.00   24.73546  -80.62330   -0.00092    0.00076         13  0.000e+00
      53132   2213.792      2.963      2.982    29.7445    29.7425   5.896353   5.896372     3.1795     2.6862     100.00   24.73546  -80.62330   -0.00093    0.00070         13  0.000e+00
      53133   2213.833      3.010      3.030    29.7446    29.7421   5.896361   5.896292     3.1795     2.6862     100.00   24.73546  -80.62330   -0.00093    0.00067         13  0.000e+00
      53134   2213.875      2.916      2.934    29.7448    29.7419   5.896417   5.896267     3.1795     2.6862     100.00   24.73546  -80.62330   -0.00094    0.00063         13  0.000e+00
      53135   2213.917      3.010      3.030    29.7452    29.7419   5.896425   5.896267     3.1795     2.6862     100.00   24.73546  -80.62330   -0.00094    0.00060         13  0.000e+00
      53136   2213.958      2.963      2.982    29.7454    29.7416   5.896456   5.896195     3.1795     2.6862     100.00   24.73546  -80.62330   -0.00095    0.00056         13  0.000e+00
      53137   2214.000      3.010      3.030    29.7455    29.7414   5.896512   5.896171     3.1783     2.6850     100.00   24.73546  -80.62330   -0.00095    0.00050         13  0.000e+00
      53138   2214.042      2.956      2.975    29.7457    29.7410   5.896528   5.896139     3.1783     2.6850     100.00   24.73546  -80.62330   -0.00096    0.00045         13  0.000e+00
      53139   2214.083      2.963      2.982    29.7461    29.7402   5.896528   5.896082     3.1783     2.6850     100.00   24.73546  -80.62330   -0.00096    0.00039         13  0.000e+00
      53140   2214.125      2.963      2.982    29.7461    29.7404   5.896599   5.896147     3.1795     2.6838     100.00   24.73546  -80.62330   -0.00095    0.00033         13  0.000e+00
      53141   2214.167      2.963      2.982    29.7464    29.7407   5.896584   5.896203     3.1795     2.6838     100.00   24.73546  -80.62330   -0.00093    0.00028         13  0.000e+00
      53142   2214.208      3.010      3.030    29.7461    29.7410   5.896576   5.896219     3.1795     2.6838     100.00   24.73546  -80.62330   -0.00092    0.00022         13  0.000e+00
      53143   2214.250      2.963      2.982    29.7465    29.7412   5.896607   5.896219     3.1795     2.6838     100.00   24.73546  -80.62330   -0.00090    0.00017         13  0.000e+00
      53144   2214.292      2.963      2.982    29.7466    29.7414   5.896623   5.896251     3.1795     2.6838     100.00   24.73546  -80.62330   -0.00088    0.00011         13  0.000e+00
      53145   2214.333      2.963      2.982    29.7466    29.7418   5.896584   5.896340     3.1795     2.6838     100.00   24.73546  -80.62330   -0.00087    0.00006         13  0.000e+00
      53146   2214.375      3.010      3.030    29.7468    29.7421   5.896607   5.896364     3.1795     2.6825     100.00   24.73546  -80.62330   -0.00085   -0.00001         13  0.000e+00
      53147   2214.417      2.956      2.975    29.7463    29.7427   5.896584   5.896396     3.1795     2.6825     100.00   24.73546  -80.62330   -0.00083   -0.00009         13  0.000e+00
      53148   2214.458      2.963      2.982    29.7459    29.7432   5.896496   5.896453     3.1795     2.6825     100.00   24.73546  -80.62330   -0.00081   -0.00016         13  0.000e+00
      53149   2214.500      2.963      2.982    29.7452    29.7432   5.896433   5.896420     3.1795     2.6813     100.00   24.73546  -80.62330   -0.00080   -0.00024         13  0.000e+00
      53150   2214.542      2.916      2.935    29.7443    29.7436   5.896353   5.896453     3.1795     2.6813     100.00   24.73546  -80.62330   -0.00078   -0.00035         13  0.000e+00
      53151   2214.583      3.010      3.030    29.7441    29.7438   5.896218   5.896461     3.1795     2.6813     100.00   24.73546  -80.62330   -0.00076   -0.00045         13  0.000e+00
      53152   2214.625      3.010      3.030    29.7433    29.7441   5.896226   5.896533     3.1795     2.6801     100.00   24.73546  -80.62330   -0.00074   -0.00057         13  0.000e+00
      53153   2214.667      2.916      2.935    29.7428    29.7444   5.896123   5.896525     3.1795     2.6801     100.00   24.73546  -80.62330   -0.00072   -0.00067         13  0.000e+00
      53154   2214.708      3.011      3.030    29.7426    29.7444   5.896123   5.896541     3.1795     2.6801     100.00   24.73546  -80.62330   -0.00070   -0.00077         13  0.000e+00
      53155   2214.750      2.963      2.982    29.7422    29.7445   5.896139   5.896557     3.1795     2.6801     100.00   24.73546  -80.62330   -0.00068   -0.00087         13  0.000e+00
      53156   2214.792      2.956      2.976    29.7420    29.7447   5.896139   5.896557     3.1795     2.6801     100.00   24.73546  -80.62330   -0.00066   -0.00097         13  0.000e+00
      53157   2214.833      2.963      2.982    29.7417    29.7447   5.896099   5.896630     3.1783     2.6801     100.00   24.73546  -80.62330   -0.00067   -0.00106         13  0.000e+00
      53158   2214.875      2.963      2.982    29.7420    29.7447   5.896123   5.896582     3.1795     2.6801     100.00   24.73546  -80.62330   -0.00063   -0.00115         13  0.000e+00
      53159   2214.917      2.963      2.982    29.7420    29.7447   5.896139   5.896630     3.1795     2.6801     100.00   24.73546  -80.62330   -0.00061   -0.00125         13  0.000e+00
      53160   2214.958      2.963      2.982    29.7420    29.7447   5.896178   5.896582     3.1795     2.6813     100.00   24.73546  -80.62330   -0.00059   -0.00132         13  0.000e+00
      53161   2215.000      2.963      2.982    29.7420    29.7449   5.896043   5.896590     3.1795     2.6801     100.00   24.73546  -80.62330   -0.00055   -0.00141         13  0.000e+00
      53162   2215.042      2.963      2.982    29.7414    29.7451   5.895996   5.896638     3.1795     2.6813     100.00   24.73546  -80.62330   -0.00051   -0.00148         13  0.000e+00
      53163   2215.083      2.963      2.982    29.7409    29.7453   5.896027   5.896614     3.1795     2.6813     100.00   24.73546  -80.62330   -0.00047   -0.00155         13  0.000e+00
      53164   2215.125      2.963      2.982    29.7409    29.7453   5.895932   5.896638     3.1795     2.6801     100.00   24.73546  -80.62330   -0.00042   -0.00162         13  0.000e+00
      53165   2215.167      2.956      2.976    29.7413    29.7454   5.895972   5.896654     3.1795     2.6801     100.00   24.73546  -80.62330   -0.00038   -0.00171         13  0.000e+00
      53166   2215.208      2.963      2.982    29.7416    29.7458   5.895996   5.896614     3.1795     2.6801     100.00   24.73546  -80.62330   -0.00034   -0.00177         13  0.000e+00
      53167   2215.250      2.963      2.982    29.7415    29.7455   5.896027   5.896638     3.1795     2.6801     100.00   24.73546  -80.62330   -0.00029   -0.00183         13  0.000e+00
      53168   2215.292      2.963      2.982    29.7417    29.7457   5.896075   5.896654     3.1807     2.6801     100.00   24.73546  -80.62330   -0.00023   -0.00190         13  0.000e+00
      53169   2215.333      2.963      2.982    29.7422    29.7454   5.896123   5.896614     3.1795     2.6789     100.00   24.73546  -80.62330   -0.00018   -0.00197         13  0.000e+00
      53170   2215.375      2.963      2.982    29.7424    29.7454   5.896139   5.896678     3.1807     2.6801     100.00   24.73546  -80.62330   -0.00012   -0.00203         13  0.000e+00
      53171   2215.417      3.011      3.030    29.7430    29.7459   5.896139   5.896662     3.1795     2.6801     100.00   24.73546  -80.62330   -0.00007   -0.00207         13  0.000e+00
      53172   2215.458      2.963      2.982    29.7432    29.7457   5.896210   5.896727     3.1795     2.6801     100.00   24.73546  -80.62330   -0.00003   -0.00211         13  0.000e+00
      53173   2215.500      2.963      2.982    29.7431    29.7457   5.896194   5.896678     3.1795     2.6801     100.00   24.73546  -80.62330    0.00002   -0.00214         13  0.000e+00
      53174   2215.542      2.957      2.976    29.7428    29.7457   5.896218   5.896686     3.1795     2.6801     100.00   24.73546  -80.62330    0.00007   -0.00217         13  0.000e+00
      53175   2215.583      3.011      3.030    29.7428    29.7455   5.896162   5.896630     3.1795     2.6801     100.00   24.73546  -80.62330    0.00012   -0.00219         13  0.000e+00
      53176   2215.625      2.963      2.982    29.7425    29.7453   5.896099   5.896638     3.1795     2.6801     100.00   24.73546  -80.62330    0.00015   -0.00220         13  0.000e+00
      53177   2215.667      2.963      2.982    29.7426    29.7447   5.896234   5.896549     3.1795     2.6813     100.00   24.73546  -80.62330    0.00019   -0.00219         13  0.000e+00
      53178   2215.708      3.011      3.030    29.7432    29.7441   5.896282   5.896437     3.1795     2.6813     100.00   24.73546  -80.62330    0.00022   -0.00219         13  0.000e+00
      53179   2215.750      2.963      2.982    29.7433    29.7438   5.896282   5.896340     3.1795     2.6813     100.00   24.73546  -80.62330    0.00025   -0.00218         13  0.000e+00
      53180   2215.792      3.011      3.030    29.7434    29.7434   5.896282   5.896316     3.1795     2.6813     100.00   24.73546  -80.62330    0.00029   -0.00218         13  0.000e+00
      53181   2215.833      2.963      2.982    29.7435    29.7428   5.896353   5.896275     3.1783     2.6813     100.00   24.73546  -80.62330    0.00030   -0.00218         13  0.000e+00
      53182   2215.875      2.963      2.982    29.7443    29.7428   5.896337   5.896340     3.1795     2.6813     100.00   24.73546  -80.62330    0.00034   -0.00216         13  0.000e+00
      53183   2215.917      3.011      3.030    29.7444    29.7425   5.896369   5.896324     3.1795     2.6813     100.00   24.73546  -80.62330    0.00037   -0.00214         13  0.000e+00
      53184   2215.958      2.963      2.983    29.7445    29.7428   5.896337   5.896316     3.1795     2.6813     100.00   24.73546  -80.62330    0.00039   -0.00214         13  0.000e+00
      53185   2216.000      2.963      2.983    29.7446    29.7428   5.896369   5.896429     3.1795     2.6825     100.00   24.73546  -80.62330    0.00041   -0.00211         13  0.000e+00
      53186   2216.042      3.011      3.030    29.7446    29.7434   5.896409   5.896461     3.1795     2.6825     100.00   24.73546  -80.62330    0.00043   -0.00208         13  0.000e+00
      53187   2216.083      2.963      2.983    29.7447    29.7438   5.896353   5.896461     3.1795     2.6825     100.00   24.73546  -80.62330    0.00045   -0.00207         13  0.000e+00
      53188   2216.125      2.963      2.983    29.7448    29.7440   5.896369   5.896461     3.1807     2.6825     100.00   24.73546  -80.62330    0.00048   -0.00206         13  0.000e+00
      53189   2216.167      3.011      3.030    29.7445    29.7444   5.896377   5.896533     3.1807     2.6838     100.00   24.73546  -80.62330    0.00052   -0.00203         13  0.000e+00
      53190   2216.208      2.963      2.983    29.7441    29.7444   5.896305   5.896525     3.1807     2.6838     100.00   24.73546  -80.62330    0.00055   -0.00200         13  0.000e+00
      53191   2216.250      2.963      2.983    29.7436    29.7441   5.896242   5.896541     3.1807     2.6838     100.00   24.73546  -80.62330    0.00057   -0.00197         13  0.000e+00
      53192   2216.292      2.957      2.976    29.7435    29.7446   5.896234   5.896525     3.1807     2.6838     100.00   24.73546  -80.62330    0.00060   -0.00194         13  0.000e+00
      53193   2216.333      3.011      3.030    29.7430    29.7444   5.896274   5.896582     3.1807     2.6850     100.00   24.73546  -80.62330    0.00063   -0.00189         13  0.000e+00
      53194   2216.375      2.963      2.983    29.7427    29.7445   5.896170   5.896533     3.1819     2.6838     100.00   24.73546  -80.62330    0.00067   -0.00186         13  0.000e+00
      53195   2216.417      2.916      2.935    29.7426    29.7441   5.896139   5.896477     3.1819     2.6850     100.00   24.73546  -80.62330    0.00072   -0.00181         13  0.000e+00
      53196   2216.458      3.011      3.030    29.7424    29.7444   5.896099   5.896493     3.1819     2.6850     100.00   24.73546  -80.62330    0.00076   -0.00176         13  0.000e+00
