GOMECC/GOMECC-4/1db/rb2103_0301.ros
* Sea-Bird SBE 9 Data File:
* FileName = C:\Users\scs.user.rb\CTD\GOMECC4\data\rb2103_0301.hex
* Software Version Seasave V 7.26.7.107
* Temperature SN = 4799
* Conductivity SN = 3860
* Number of Bytes Per Scan = 41
* Number of Voltage Words = 4
* Number of Scans Averaged by the Deck Unit = 1
* NMEA Latitude = 27 00.64 N
* NMEA Longitude = 086 59.98 W
* NMEA UTC (Time) = Sep 22 2021  07:53:47
* NMEA baud rate = 4800
# nquan = 17
# nvalues = 3192                                  
# units = specified
# name 0 = scan: Scan Count
# name 1 = timeS: Time, Elapsed [seconds]
# name 2 = depSM: Depth [salt water, m]
# name 3 = prDM: Pressure, Digiquartz [db]
# name 4 = t090C: Temperature [ITS-90, deg C]
# name 5 = t190C: Temperature, 2 [ITS-90, deg C]
# name 6 = c0S/m: Conductivity [S/m]
# name 7 = c1S/m: Conductivity, 2 [S/m]
# name 8 = sbeox0V: Oxygen raw, SBE 43 [V]
# name 9 = sbeox1V: Oxygen raw, SBE 43, 2 [V]
# name 10 = altM: Altimeter [m]
# name 11 = latitude: Latitude [deg]
# name 12 = longitude: Longitude [deg]
# name 13 = sbox0dV/dT: Oxygen, SBE 43 [dov/dt]
# name 14 = sbox1dV/dT: Oxygen, SBE 43, 2 [dov/dt]
# name 15 = nbf: Bottles Fired
# name 16 = flag:  0.000e+00
# interval = seconds: 0.0416667
# start_time = Sep 22 2021 07:53:47 [NMEA time, header]
# bad_flag = -9.990e-29
*END*
[from data line 2128]
     187534   7813.875    139.369    140.339    22.2598    22.2541   5.208663   5.207929     2.6215     2.2161     100.00   26.98054  -86.99828   -0.00028   -0.00128         17  0.000e+00
     187535   7813.917    139.203    140.172    22.2590    22.2519   5.208610   5.207792     2.6215     2.2161     100.00   26.98054  -86.99828   -0.00027   -0.00123         17  0.000e+00
     187536   7813.958    139.089    140.057    22.2582    22.2505   5.208467   5.207693     2.6215     2.2173     100.00   26.98054  -86.99828   -0.00024   -0.00120         17  0.000e+00
     187537   7814.000    139.089    140.057    22.2569    22.2486   5.208361   5.207532     2.6215     2.2161     100.00   26.98054  -86.99828   -0.00020   -0.00117         17  0.000e+00
     187538   7814.042    139.097    140.065    22.2549    22.2465   5.208203   5.207395     2.6215     2.2161     100.00   26.98054  -86.99828   -0.00017   -0.00112         17  0.000e+00
     187539   7814.083    139.142    140.111    22.2541    22.2446   5.208127   5.207234     2.6215     2.2161     100.00   26.98054  -86.99828   -0.00013   -0.00107         17  0.000e+00
     187540   7814.125    139.142    140.111    22.2531    22.2425   5.208022   5.207028     2.6227     2.2173     100.00   26.98054  -86.99828   -0.00008   -0.00102         17  0.000e+00
     187541   7814.167    139.142    140.111    22.2523    22.2403   5.207992   5.206906     2.6215     2.2173     100.00   26.98054  -86.99828   -0.00005   -0.00096         17  0.000e+00
     187542   7814.208    139.089    140.057    22.2520    22.2394   5.207992   5.206829     2.6215     2.2173     100.00   26.98054  -86.99828   -0.00001   -0.00089         17  0.000e+00
     187543   7814.250    139.150    140.118    22.2517    22.2393   5.207894   5.206807     2.6203     2.2173     100.00   26.98054  -86.99828   -0.00001   -0.00082         17  0.000e+00
     187544   7814.292    139.142    140.111    22.2511    22.2377   5.207864   5.206608     2.6215     2.2173     100.00   26.98054  -86.99828    0.00001   -0.00074         17  0.000e+00
     187545   7814.333    139.089    140.057    22.2505    22.2363   5.207826   5.206509     2.6215     2.2173     100.00   26.98054  -86.99828    0.00003   -0.00067         17  0.000e+00
     187546   7814.375    139.142    140.111    22.2502    22.2357   5.207720   5.206432     2.6215     2.2173     100.00   26.98054  -86.99828    0.00005   -0.00063         17  0.000e+00
     187547   7814.417    139.142    140.111    22.2499    22.2352   5.207751   5.206379     2.6215     2.2173     100.00   26.98054  -86.99828    0.00006   -0.00057         17  0.000e+00
     187548   7814.458    139.142    140.111    22.2495    22.2350   5.207705   5.206532     2.6215     2.2173     100.00   26.98054  -86.99828    0.00008   -0.00047         17  0.000e+00
     187549   7814.500    139.150    140.118    22.2489    22.2345   5.207690   5.206585     2.6203     2.2173     100.00   26.98054  -86.99828    0.00008   -0.00041         17  0.000e+00
     187550   7814.542    139.089    140.057    22.2486    22.2337   5.207653   5.206555     2.6203     2.2161     100.00   26.98054  -86.99828    0.00008   -0.00037         17  0.000e+00
     187551   7814.583    139.203    140.172    22.2489    22.2336   5.207645   5.206478     2.6203     2.2161     100.00   26.98054  -86.99828    0.00009   -0.00032         17  0.000e+00
     187552   7814.625    139.090    140.057    22.2483    22.2334   5.207607   5.206425     2.6203     2.2173     100.00   26.98054  -86.99828    0.00009   -0.00026         17  0.000e+00
     187553   7814.667    139.203    140.172    22.2483    22.2330   5.207630   5.206455     2.6215     2.2173     100.00   26.98054  -86.99828    0.00011   -0.00020         17  0.000e+00
     187554   7814.708    139.150    140.118    22.2481    22.2327   5.207607   5.206425     2.6215     2.2161     100.00   26.98054  -86.99828    0.00013   -0.00015         17  0.000e+00
     187555   7814.750    139.090    140.058    22.2483    22.2329   5.207600   5.206440     2.6215     2.2161     100.00   26.98054  -86.99828    0.00015   -0.00012         17  0.000e+00
     187556   7814.792    139.143    140.111    22.2483    22.2330   5.207638   5.206425     2.6203     2.2161     100.00   26.98054  -86.99828    0.00015   -0.00009         17  0.000e+00
     187557   7814.833    139.143    140.111    22.2483    22.2327   5.207675   5.206379     2.6215     2.2161     100.00   26.98054  -86.99828    0.00017   -0.00005         17  0.000e+00
     187558   7814.875    139.090    140.058    22.2487    22.2327   5.207720   5.206402     2.6215     2.2161     100.00   26.98054  -86.99828    0.00019   -0.00002         17  0.000e+00
     187559   7814.917    139.203    140.172    22.2497    22.2327   5.207736   5.206417     2.6215     2.2161     100.00   26.98054  -86.99828    0.00019    0.00001         17  0.000e+00
     187560   7814.958    139.090    140.058    22.2506    22.2322   5.207758   5.206379     2.6203     2.2161     100.00   26.98054  -86.99828    0.00019    0.00005         17  0.000e+00
     187561   7815.000    139.143    140.111    22.2512    22.2323   5.207841   5.206333     2.6203     2.2149     100.00   26.98054  -86.99828    0.00020    0.00007         17  0.000e+00
     187562   7815.042    139.143    140.111    22.2518    22.2323   5.207826   5.206325     2.6203     2.2149     100.00   26.98054  -86.99828    0.00020    0.00007         17  0.000e+00
     187563   7815.083    139.143    140.111    22.2522    22.2318   5.207886   5.206287     2.6203     2.2149     100.00   26.98054  -86.99828    0.00020    0.00007         17  0.000e+00
     187564   7815.125    139.150    140.119    22.2527    22.2320   5.207939   5.206348     2.6203     2.2149     100.00   26.98054  -86.99828    0.00019    0.00007         17  0.000e+00
     187565   7815.167    139.143    140.111    22.2531    22.2322   5.207977   5.206310     2.6203     2.2149     100.00   26.98054  -86.99828    0.00019    0.00007         17  0.000e+00
     187566   7815.208    139.090    140.058    22.2539    22.2329   5.208082   5.206348     2.6203     2.2149     100.00   26.98054  -86.99828    0.00020    0.00008         17  0.000e+00
     187567   7815.250    139.143    140.111    22.2549    22.2329   5.208188   5.206432     2.6203     2.2137     100.00   26.98054  -86.99828    0.00020    0.00006         17  0.000e+00
     187568   7815.292    139.090    140.058    22.2567    22.2327   5.208301   5.206455     2.6190     2.2137     100.00   26.98054  -86.99828    0.00019    0.00005         17  0.000e+00
     187569   7815.333    139.143    140.111    22.2592    22.2339   5.208633   5.206425     2.6190     2.2137     100.00   26.98054  -86.99828    0.00016    0.00004         17  0.000e+00
     187570   7815.375    139.097    140.065    22.2630    22.2354   5.208987   5.206577     2.6190     2.2137     100.00   26.98054  -86.99828    0.00013    0.00003         17  0.000e+00
     187571   7815.417    139.143    140.111    22.2641    22.2375   5.209145   5.206761     2.6190     2.2125     100.00   26.98054  -86.99828    0.00010    0.00001         17  0.000e+00
     187572   7815.458    139.090    140.058    22.2634    22.2399   5.209070   5.206967     2.6190     2.2125     100.00   26.98054  -86.99828    0.00007   -0.00004         17  0.000e+00
     187573   7815.500    139.143    140.111    22.2622    22.2421   5.209002   5.207082     2.6190     2.2125     100.00   26.98054  -86.99828    0.00004   -0.00006         17  0.000e+00
     187574   7815.542    139.090    140.058    22.2619    22.2434   5.208957   5.207265     2.6190     2.2125     100.00   26.98054  -86.99828   -0.00000   -0.00008         17  0.000e+00
     187575   7815.583    139.098    140.066    22.2627    22.2453   5.208949   5.207425     2.6178     2.2112     100.00   26.98054  -86.99828   -0.00005   -0.00014         17  0.000e+00
     187576   7815.625    139.090    140.058    22.2629    22.2466   5.208949   5.207486     2.6190     2.2112     100.00   26.98054  -86.99828   -0.00008   -0.00017         17  0.000e+00
     187577   7815.667    139.090    140.058    22.2636    22.2477   5.209047   5.207593     2.6190     2.2112     100.00   26.98054  -86.99828   -0.00010   -0.00023         17  0.000e+00
     187578   7815.708    139.143    140.111    22.2648    22.2484   5.209175   5.207654     2.6190     2.2100     100.00   26.98054  -86.99828   -0.00013   -0.00030         17  0.000e+00
     187579   7815.750    139.037    140.005    22.2656    22.2495   5.209303   5.207761     2.6178     2.2100     100.00   26.98054  -86.99828   -0.00017   -0.00036         17  0.000e+00
     187580   7815.792    139.098    140.066    22.2667    22.2501   5.209341   5.207830     2.6178     2.2088     100.00   26.98052  -86.99828   -0.00022   -0.00043         17  0.000e+00
     187581   7815.833    139.090    140.058    22.2664    22.2516   5.209341   5.207906     2.6178     2.2100     100.00   26.98052  -86.99828   -0.00026   -0.00047         17  0.000e+00
     187582   7815.875    139.143    140.111    22.2678    22.2535   5.209401   5.208090     2.6178     2.2088     100.00   26.98052  -86.99828   -0.00030   -0.00055         17  0.000e+00
     187583   7815.917    139.037    140.005    22.2698    22.2553   5.209582   5.208174     2.6178     2.2076     100.00   26.98052  -86.99828   -0.00034   -0.00064         17  0.000e+00
     187584   7815.958    139.090    140.058    22.2696    22.2560   5.209673   5.208258     2.6178     2.2076     100.00   26.98052  -86.99828   -0.00038   -0.00073         17  0.000e+00
     187585   7816.000    139.037    140.005    22.2679    22.2570   5.209552   5.208342     2.6178     2.2076     100.00   26.98052  -86.99828   -0.00042   -0.00082         17  0.000e+00
     187586   7816.042    139.098    140.066    22.2669    22.2576   5.209416   5.208426     2.6178     2.2076     100.00   26.98052  -86.99828   -0.00046   -0.00091         17  0.000e+00
     187587   7816.083    139.090    140.058    22.2669    22.2587   5.209409   5.208518     2.6166     2.2063     100.00   26.98052  -86.99828   -0.00051   -0.00101         17  0.000e+00
     187588   7816.125    139.037    140.005    22.2676    22.2592   5.209492   5.208563     2.6166     2.2063     100.00   26.98052  -86.99828   -0.00057   -0.00113         17  0.000e+00
     187589   7816.167    139.090    140.058    22.2695    22.2605   5.209703   5.208678     2.6166     2.2051     100.00   26.98052  -86.99828   -0.00062   -0.00126         17  0.000e+00
     187590   7816.208    139.090    140.058    22.2722    22.2613   5.209967   5.208739     2.6166     2.2051     100.00   26.98052  -86.99828   -0.00066   -0.00138         17  0.000e+00
     187591   7816.250    139.037    140.005    22.2745    22.2621   5.210193   5.208823     2.6166     2.2051     100.00   26.98052  -86.99828   -0.00071   -0.00151         17  0.000e+00
     187592   7816.292    139.037    140.005    22.2760    22.2626   5.210321   5.208907     2.6154     2.2051     100.00   26.98052  -86.99828   -0.00077   -0.00165         17  0.000e+00
     187593   7816.333    139.090    140.058    22.2768    22.2631   5.210366   5.208930     2.6154     2.2039     100.00   26.98052  -86.99828   -0.00082   -0.00179         17  0.000e+00
     187594   7816.375    139.037    140.005    22.2772    22.2633   5.210449   5.208991     2.6154     2.2039     100.00   26.98052  -86.99828   -0.00089   -0.00194         17  0.000e+00
     187595   7816.417    139.090    140.058    22.2772    22.2636   5.210464   5.209014     2.6154     2.2027     100.00   26.98052  -86.99828   -0.00095   -0.00211         17  0.000e+00
     187596   7816.458    138.977    139.944    22.2774    22.2644   5.210464   5.209144     2.6154     2.2027     100.00   26.98052  -86.99828   -0.00101   -0.00227         17  0.000e+00
     187597   7816.500    139.098    140.066    22.2781    22.2658   5.210532   5.209320     2.6154     2.2027     100.00   26.98052  -86.99828   -0.00107   -0.00243         17  0.000e+00
     187598   7816.542    139.037    140.005    22.2781    22.2678   5.210487   5.209526     2.6154     2.2027     100.00   26.98052  -86.99828   -0.00113   -0.00257         17  0.000e+00
     187599   7816.583    139.037    140.005    22.2765    22.2696   5.210336   5.209771     2.6142     2.2027     100.00   26.98052  -86.99828   -0.00120   -0.00272         17  0.000e+00
     187600   7816.625    139.090    140.058    22.2754    22.2724   5.210261   5.210000     2.6142     2.2027     100.00   26.98052  -86.99828   -0.00127   -0.00287         17  0.000e+00
     187601   7816.667    139.037    140.005    22.2753    22.2740   5.210283   5.210252     2.6142     2.2015     100.00   26.98052  -86.99828   -0.00135   -0.00302         17  0.000e+00
     187602   7816.708    139.037    140.005    22.2754    22.2762   5.210231   5.210443     2.6142     2.2027     100.00   26.98052  -86.99828   -0.00141   -0.00316         17  0.000e+00
     187603   7816.750    139.037    140.005    22.2751    22.2783   5.210276   5.210558     2.6142     2.2015     100.00   26.98052  -86.99828   -0.00148   -0.00330         17  0.000e+00
     187604   7816.792    139.038    140.005    22.2761    22.2797   5.210389   5.210672     2.6142     2.2015     100.00   26.98052  -86.99828   -0.00153   -0.00344         17  0.000e+00
     187605   7816.833    139.038    140.005    22.2776    22.2799   5.210555   5.210741     2.6142     2.2015     100.00   26.98052  -86.99828   -0.00159   -0.00357         17  0.000e+00
     187606   7816.875    139.038    140.005    22.2791    22.2799   5.210728   5.210756     2.6142     2.2015     100.00   26.98052  -86.99828   -0.00165   -0.00370         17  0.000e+00
     187607   7816.917    139.038    140.005    22.2800    22.2799   5.210773   5.210718     2.6129     2.2015     100.00   26.98052  -86.99828   -0.00173   -0.00382         17  0.000e+00
     187608   7816.958    139.038    140.005    22.2806    22.2794   5.210841   5.210672     2.6142     2.2015     100.00   26.98052  -86.99828   -0.00179   -0.00394         17  0.000e+00
     187609   7817.000    139.038    140.005    22.2811    22.2788   5.210864   5.210626     2.6142     2.2015     100.00   26.98052  -86.99828   -0.00185   -0.00404         17  0.000e+00
     187610   7817.042    139.038    140.005    22.2809    22.2783   5.210856   5.210519     2.6142     2.2015     100.00   26.98052  -86.99828   -0.00190   -0.00415         17  0.000e+00
     187611   7817.083    139.091    140.059    22.2798    22.2774   5.210766   5.210458     2.6142     2.2015     100.00   26.98052  -86.99828   -0.00193   -0.00425         17  0.000e+00
     187612   7817.125    138.977    139.944    22.2793    22.2770   5.210698   5.210451     2.6142     2.2015     100.00   26.98052  -86.99828   -0.00197   -0.00433         17  0.000e+00
     187613   7817.167    139.098    140.066    22.2791    22.2765   5.210653   5.210382     2.6129     2.2015     100.00   26.98052  -86.99828   -0.00202   -0.00441         17  0.000e+00
     187614   7817.208    139.038    140.005    22.2784    22.2760   5.210608   5.210359     2.6142     2.2027     100.00   26.98052  -86.99828   -0.00204   -0.00447         17  0.000e+00
     187615   7817.250    139.038    140.005    22.2779    22.2758   5.210562   5.210328     2.6142     2.2027     100.00   26.98052  -86.99828   -0.00209   -0.00453         17  0.000e+00
     187616   7817.292    139.038    140.005    22.2770    22.2756   5.210525   5.210321     2.6117     2.2027     100.00   26.98052  -86.99828   -0.00215   -0.00458         17  0.000e+00
     187617   7817.333    139.091    140.059    22.2760    22.2753   5.210351   5.210252     2.6129     2.2027     100.00   26.98052  -86.99828   -0.00219   -0.00463         17  0.000e+00
