GOMECC/GOMECC-4/1db/rb2103_0101.ros
* Sea-Bird SBE 9 Data File:
* FileName = C:\Users\scs.user.rb\CTD\GOMECC4\data\rb2103_0101.hex
* Software Version Seasave V 7.26.7.107
* Temperature SN = 4799
* Conductivity SN = 3860
* Number of Bytes Per Scan = 41
* Number of Voltage Words = 4
* Number of Scans Averaged by the Deck Unit = 1
* NMEA Latitude = 26 13.28 N
* NMEA Longitude = 085 39.93 W
* NMEA UTC (Time) = Sep 17 2021  22:10:49
* NMEA baud rate = 4800
# nquan = 17
# nvalues = 3192                                  
# units = specified
# name 0 = scan: Scan Count
# name 1 = timeS: Time, Elapsed [seconds]
# name 2 = depSM: Depth [salt water, m]
# name 3 = prDM: Pressure, Digiquartz [db]
# name 4 = t090C: Temperature [ITS-90, deg C]
# name 5 = t190C: Temperature, 2 [ITS-90, deg C]
# name 6 = c0S/m: Conductivity [S/m]
# name 7 = c1S/m: Conductivity, 2 [S/m]
# name 8 = sbeox0V: Oxygen raw, SBE 43 [V]
# name 9 = sbeox1V: Oxygen raw, SBE 43, 2 [V]
# name 10 = altM: Altimeter [m]
# name 11 = latitude: Latitude [deg]
# name 12 = longitude: Longitude [deg]
# name 13 = sbox0dV/dT: Oxygen, SBE 43 [dov/dt]
# name 14 = sbox1dV/dT: Oxygen, SBE 43, 2 [dov/dt]
# name 15 = nbf: Bottles Fired
# name 16 = flag:  0.000e+00
# interval = seconds: 0.0416667
# start_time = Sep 17 2021 22:10:49 [NMEA time, header]
# bad_flag = -9.990e-29
*END*
[from data line 3149]
     240587  10024.417      5.532      5.569    29.9407    29.9608   5.925556   5.931383     3.1697     2.6923     100.00   26.21816  -85.65900    0.00006    0.00256         24  0.000e+00
     240588  10024.458      5.525      5.561    29.9403    29.9610   5.925524   5.931512     3.1697     2.6923     100.00   26.21816  -85.65900    0.00009    0.00254         24  0.000e+00
     240589  10024.500      5.532      5.569    29.9398    29.9614   5.925453   5.931585     3.1685     2.6911      93.60   26.21816  -85.65900    0.00009    0.00249         24  0.000e+00
     240590  10024.542      5.532      5.569    29.9398    29.9613   5.925532   5.931617     3.1685     2.6911      77.95   26.21816  -85.65900    0.00010    0.00245         24  0.000e+00
     240591  10024.583      5.525      5.561    29.9394    29.9608   5.925524   5.931601     3.1685     2.6911      72.43   26.21816  -85.65900    0.00012    0.00243         24  0.000e+00
     240592  10024.625      5.532      5.569    29.9394    29.9602   5.925484   5.931560     3.1685     2.6911      72.55   26.21816  -85.65900    0.00012    0.00240         24  0.000e+00
     240593  10024.667      5.532      5.569    29.9398    29.9606   5.925476   5.931512     3.1685     2.6899      73.33   26.21816  -85.65900    0.00011    0.00235         24  0.000e+00
     240594  10024.708      5.532      5.569    29.9398    29.9605   5.925405   5.931464     3.1673     2.6899      73.58   26.21816  -85.65900    0.00009    0.00231         24  0.000e+00
     240595  10024.750      5.525      5.561    29.9400    29.9604   5.925269   5.931488     3.1673     2.6899      73.55   26.21816  -85.65900    0.00007    0.00226         24  0.000e+00
     240596  10024.792      5.532      5.569    29.9396    29.9593   5.925230   5.931464     3.1673     2.6911      73.53   26.21816  -85.65900    0.00005    0.00223         24  0.000e+00
     240597  10024.833      5.532      5.569    29.9398    29.9582   5.925118   5.931528     3.1673     2.6911      73.50   26.21816  -85.65900    0.00003    0.00220         24  0.000e+00
     240598  10024.875      5.525      5.561    29.9396    29.9583   5.924975   5.931585     3.1661     2.6899      73.50   26.21816  -85.65900   -0.00000    0.00216         24  0.000e+00
     240599  10024.917      5.532      5.569    29.9394    29.9595   5.924903   5.931649     3.1661     2.6899      73.50   26.21816  -85.65900   -0.00004    0.00211         24  0.000e+00
     240600  10024.958      5.532      5.569    29.9396    29.9606   5.924895   5.931722     3.1661     2.6911      73.50   26.21816  -85.65900   -0.00006    0.00208         24  0.000e+00
     240601  10025.000      5.525      5.561    29.9389    29.9608   5.924776   5.931706     3.1661     2.6911      73.53   26.21816  -85.65900   -0.00009    0.00204         24  0.000e+00
     240602  10025.042      5.532      5.569    29.9381    29.9608   5.924815   5.931730     3.1661     2.6911      73.53   26.21816  -85.65900   -0.00013    0.00201         24  0.000e+00
     240603  10025.083      5.532      5.569    29.9381    29.9603   5.924847   5.931746     3.1636     2.6899      73.50   26.21816  -85.65900   -0.00018    0.00194         24  0.000e+00
     240604  10025.125      5.532      5.569    29.9379    29.9608   5.924776   5.931746     3.1636     2.6886      73.50   26.21816  -85.65900   -0.00023    0.00186         24  0.000e+00
     240605  10025.167      5.577      5.614    29.9374    29.9599   5.924640   5.931674     3.1636     2.6886      73.50   26.21816  -85.65900   -0.00028    0.00177         24  0.000e+00
     240606  10025.208      5.532      5.568    29.9376    29.9580   5.924600   5.931682     3.1648     2.6886      73.53   26.21816  -85.65900   -0.00031    0.00168         24  0.000e+00
     240607  10025.250      5.532      5.568    29.9376    29.9574   5.924561   5.931698     3.1648     2.6874      73.50   26.21816  -85.65900   -0.00036    0.00158         24  0.000e+00
     240608  10025.292      5.525      5.561    29.9375    29.9578   5.924593   5.931641     3.1636     2.6874      73.50   26.21816  -85.65900   -0.00041    0.00147         24  0.000e+00
     240609  10025.333      5.585      5.622    29.9376    29.9591   5.924561   5.931528     3.1636     2.6874      73.53   26.21816  -85.65900   -0.00045    0.00137         24  0.000e+00
     240610  10025.375      5.532      5.568    29.9375    29.9606   5.924624   5.931504     3.1636     2.6874      73.50   26.21816  -85.65900   -0.00050    0.00128         24  0.000e+00
     240611  10025.417      5.524      5.561    29.9377    29.9624   5.924608   5.931463     3.1636     2.6874      73.53   26.21816  -85.65900   -0.00054    0.00118         24  0.000e+00
     240612  10025.458      5.585      5.622    29.9376    29.9630   5.924640   5.931415     3.1636     2.6862      76.78   26.21816  -85.65900   -0.00060    0.00107         24  0.000e+00
     240613  10025.500      5.532      5.568    29.9383    29.9606   5.924728   5.931439     3.1624     2.6874      93.26   26.21816  -85.65900   -0.00065    0.00097         24  0.000e+00
     240614  10025.542      5.532      5.568    29.9387    29.9584   5.924712   5.931383     3.1624     2.6874     100.00   26.21816  -85.65900   -0.00071    0.00087         24  0.000e+00
     240615  10025.583      5.577      5.614    29.9389    29.9583   5.924847   5.931246     3.1624     2.6874     100.00   26.21816  -85.65900   -0.00076    0.00076         24  0.000e+00
     240616  10025.625      5.532      5.568    29.9387    29.9578   5.924967   5.931100     3.1624     2.6874     100.00   26.21816  -85.65900   -0.00083    0.00066         24  0.000e+00
     240617  10025.667      5.585      5.621    29.9390    29.9578   5.925015   5.930971     3.1624     2.6874     100.00   26.21816  -85.65900   -0.00088    0.00056         24  0.000e+00
     240618  10025.708      5.524      5.561    29.9392    29.9578   5.925102   5.930818     3.1612     2.6862     100.00   26.21816  -85.65900   -0.00095    0.00043         24  0.000e+00
     240619  10025.750      5.532      5.568    29.9390    29.9569   5.925094   5.930704     3.1612     2.6862     100.00   26.21816  -85.65900   -0.00101    0.00030         24  0.000e+00
     240620  10025.792      5.585      5.621    29.9392    29.9577   5.925118   5.930640     3.1612     2.6850     100.00   26.21816  -85.65900   -0.00108    0.00014         24  0.000e+00
     240621  10025.833      5.577      5.614    29.9394    29.9584   5.925134   5.930777     3.1612     2.6850     100.00   26.21816  -85.65900   -0.00114   -0.00002         24  0.000e+00
     240622  10025.875      5.532      5.568    29.9402    29.9595   5.925349   5.930971     3.1612     2.6850     100.00   26.21816  -85.65900   -0.00119   -0.00017         24  0.000e+00
     240623  10025.917      5.585      5.621    29.9407    29.9604   5.925532   5.931165     3.1612     2.6850     100.00   26.21816  -85.65900   -0.00125   -0.00033         24  0.000e+00
     240624  10025.958      5.479      5.515    29.9414    29.9603   5.925787   5.931213     3.1612     2.6850     100.00   26.21816  -85.65900   -0.00130   -0.00048         24  0.000e+00
     240625  10026.000      5.630      5.667    29.9427    29.9591   5.926010   5.931246     3.1612     2.6838     100.00   26.21816  -85.65900   -0.00135   -0.00065         24  0.000e+00
     240626  10026.042      5.585      5.621    29.9426    29.9600   5.926050   5.931383     3.1624     2.6838     100.00   26.21816  -85.65900   -0.00139   -0.00082         24  0.000e+00
     240627  10026.083      5.532      5.568    29.9424    29.9612   5.926050   5.931480     3.1624     2.6838     100.00   26.21816  -85.65900   -0.00142   -0.00099         24  0.000e+00
     240628  10026.125      5.630      5.667    29.9418    29.9624   5.926058   5.931577     3.1624     2.6838     100.00   26.21816  -85.65900   -0.00144   -0.00116         24  0.000e+00
     240629  10026.167      5.532      5.568    29.9413    29.9630   5.925986   5.931633     3.1624     2.6838     100.00   26.21816  -85.65900   -0.00147   -0.00133         24  0.000e+00
