GOMECC/GOMECC-4/1db/rb2103_1321.ros
* Sea-Bird SBE 9 Data File:
* FileName = C:\Users\scs.user.rb\CTD\GOMECC4\data\rb2103_1321.hex
* Software Version Seasave V 7.26.7.107
* Temperature SN = 4799
* Conductivity SN = 3860
* Number of Bytes Per Scan = 41
* Number of Voltage Words = 4
* Number of Scans Averaged by the Deck Unit = 1
* NMEA Latitude = 26 37.21 N
* NMEA Longitude = 083 14.37 W
* NMEA UTC (Time) = Oct 19 2021  18:16:13
* NMEA baud rate = 4800
# nquan = 17
# nvalues = 1463                                  
# units = specified
# name 0 = scan: Scan Count
# name 1 = timeS: Time, Elapsed [seconds]
# name 2 = depSM: Depth [salt water, m]
# name 3 = prDM: Pressure, Digiquartz [db]
# name 4 = t090C: Temperature [ITS-90, deg C]
# name 5 = t190C: Temperature, 2 [ITS-90, deg C]
# name 6 = c0S/m: Conductivity [S/m]
# name 7 = c1S/m: Conductivity, 2 [S/m]
# name 8 = sbeox0V: Oxygen raw, SBE 43 [V]
# name 9 = sbeox1V: Oxygen raw, SBE 43, 2 [V]
# name 10 = altM: Altimeter [m]
# name 11 = latitude: Latitude [deg]
# name 12 = longitude: Longitude [deg]
# name 13 = sbox0dV/dT: Oxygen, SBE 43 [dov/dt]
# name 14 = sbox1dV/dT: Oxygen, SBE 43, 2 [dov/dt]
# name 15 = nbf: Bottles Fired
# name 16 = flag:  0.000e+00
# interval = seconds: 0.0416667
# start_time = Oct 19 2021 18:16:13 [NMEA time, header]
# bad_flag = -9.990e-29
*END*
[from data line 341]
      18707    779.417     40.413     40.683    26.6199    26.6153   5.643554   5.643677     2.7692     2.3260       7.20   26.62016  -83.23958   -0.00178    0.00011          3  0.000e+00
      18708    779.458     40.392     40.663    26.6189    26.6164   5.643562   5.643654     2.7692     2.3260       7.20   26.62016  -83.23958   -0.00178    0.00015          3  0.000e+00
      18709    779.500     40.447     40.717    26.6178    26.6122   5.643547   5.643116     2.7692     2.3272       7.18   26.62016  -83.23958   -0.00179    0.00021          3  0.000e+00
      18710    779.542     40.392     40.663    26.6170    26.6078   5.643539   5.642571     2.7692     2.3260       7.20   26.62016  -83.23958   -0.00179    0.00024          3  0.000e+00
      18711    779.583     40.413     40.683    26.6161    26.6051   5.643461   5.642271     2.7692     2.3260       7.18   26.62016  -83.23958   -0.00178    0.00027          3  0.000e+00
      18712    779.625     40.447     40.717    26.6159    26.6029   5.643476   5.642120     2.7692     2.3260       7.20   26.62016  -83.23958   -0.00176    0.00029          3  0.000e+00
      18713    779.667     40.447     40.717    26.6165    26.6020   5.643453   5.642010     2.7692     2.3260       7.20   26.62016  -83.23958   -0.00174    0.00032          3  0.000e+00
      18714    779.708     40.447     40.717    26.6163    26.6018   5.643469   5.642018     2.7692     2.3260       7.20   26.62016  -83.23958   -0.00173    0.00033          3  0.000e+00
      18715    779.750     40.392     40.663    26.6161    26.6016   5.643554   5.641994     2.7692     2.3260       7.20   26.62016  -83.23958   -0.00171    0.00034          3  0.000e+00
      18716    779.792     40.467     40.738    26.6189    26.6011   5.643539   5.641915     2.7692     2.3260       7.18   26.62016  -83.23956   -0.00169    0.00035          3  0.000e+00
      18717    779.833     40.447     40.717    26.6217    26.5998   5.643570   5.641836     2.7692     2.3260       7.18   26.62016  -83.23956   -0.00167    0.00036          3  0.000e+00
      18718    779.875     40.447     40.717    26.6205    26.5983   5.643546   5.641662     2.7692     2.3248       7.16   26.62016  -83.23956   -0.00163    0.00036          3  0.000e+00
      18719    779.917     40.447     40.717    26.6173    26.5967   5.643492   5.641543     2.7692     2.3248       7.16   26.62016  -83.23956   -0.00160    0.00033          3  0.000e+00
      18720    779.958     40.413     40.683    26.6178    26.5958   5.643624   5.641520     2.7692     2.3248       7.16   26.62016  -83.23956   -0.00158    0.00031          3  0.000e+00
      18721    780.000     40.494     40.765    26.6189    26.5952   5.643773   5.641401     2.7680     2.3248       7.16   26.62016  -83.23956   -0.00155    0.00030          3  0.000e+00
      18722    780.042     40.447     40.717    26.6192    26.5934   5.643741   5.641235     2.7692     2.3248       7.16   26.62016  -83.23956   -0.00151    0.00028          3  0.000e+00
      18723    780.083     40.447     40.717    26.6183    26.5921   5.643687   5.641085     2.7692     2.3248       7.16   26.62016  -83.23956   -0.00146    0.00025          3  0.000e+00
      18724    780.125     40.494     40.765    26.6170    26.5910   5.643422   5.641054     2.7692     2.3248       7.16   26.62016  -83.23956   -0.00143    0.00023          3  0.000e+00
      18725    780.167     40.467     40.738    26.6138    26.5909   5.643063   5.640911     2.7680     2.3236       7.16   26.62016  -83.23956   -0.00140    0.00019          3  0.000e+00
      18726    780.208     40.494     40.765    26.6104    26.5898   5.642728   5.640832     2.7692     2.3248       7.16   26.62016  -83.23956   -0.00135    0.00017          3  0.000e+00
      18727    780.250     40.494     40.765    26.6085    26.5888   5.642361   5.640666     2.7680     2.3236       7.16   26.62016  -83.23956   -0.00132    0.00013          3  0.000e+00
      18728    780.292     40.447     40.717    26.6052    26.5883   5.642346   5.640627     2.7680     2.3236       7.16   26.62016  -83.23956   -0.00128    0.00008          3  0.000e+00
      18729    780.333     40.514     40.785    26.6085    26.5876   5.642611   5.640492     2.7680     2.3236       7.16   26.62016  -83.23956   -0.00124    0.00004          3  0.000e+00
      18730    780.375     40.447     40.717    26.6125    26.5865   5.643071   5.640342     2.7680     2.3236       7.16   26.62016  -83.23956   -0.00120    0.00000          3  0.000e+00
      18731    780.417     40.494     40.765    26.6141    26.5856   5.643313   5.640311     2.7680     2.3223       7.16   26.62016  -83.23956   -0.00116   -0.00005          3  0.000e+00
      18732    780.458     40.494     40.765    26.6140    26.5840   5.643344   5.640192     2.7680     2.3223       7.16   26.62016  -83.23956   -0.00112   -0.00011          3  0.000e+00
      18733    780.500     40.494     40.765    26.6156    26.5830   5.643453   5.640058     2.7668     2.3223       7.16   26.62016  -83.23956   -0.00109   -0.00016          3  0.000e+00
      18734    780.542     40.514     40.785    26.6167    26.5817   5.643562   5.639995     2.7680     2.3223       7.16   26.62016  -83.23956   -0.00104   -0.00022          3  0.000e+00
      18735    780.583     40.494     40.765    26.6174    26.5801   5.643648   5.639845     2.7680     2.3223       7.16   26.62016  -83.23956   -0.00099   -0.00027          3  0.000e+00
      18736    780.625     40.541     40.813    26.6190    26.5799   5.643781   5.639766     2.7668     2.3223       7.16   26.62016  -83.23956   -0.00096   -0.00033          3  0.000e+00
      18737    780.667     40.494     40.765    26.6196    26.5795   5.643773   5.639718     2.7668     2.3223       7.16   26.62016  -83.23956   -0.00094   -0.00038          3  0.000e+00
      18738    780.708     40.514     40.785    26.6189    26.5792   5.643765   5.639694     2.7668     2.3223       7.16   26.62016  -83.23956   -0.00092   -0.00043          3  0.000e+00
      18739    780.750     40.541     40.813    26.6188    26.5784   5.643703   5.639702     2.7668     2.3223       7.16   26.62016  -83.23956   -0.00090   -0.00048          3  0.000e+00
      18740    780.792     40.494     40.765    26.6176    26.5780   5.643562   5.639639     2.7668     2.3236       7.16   26.62016  -83.23958   -0.00088   -0.00052          3  0.000e+00
      18741    780.833     40.541     40.813    26.6169    26.5779   5.643391   5.639647     2.7668     2.3223       7.11   26.62016  -83.23958   -0.00085   -0.00057          3  0.000e+00
      18742    780.875     40.494     40.765    26.6161    26.5774   5.643242   5.639663     2.7668     2.3223       7.08   26.62016  -83.23958   -0.00084   -0.00062          3  0.000e+00
      18743    780.917     40.514     40.785    26.6165    26.5775   5.643133   5.639663     2.7668     2.3223       7.08   26.62016  -83.23958   -0.00083   -0.00067          3  0.000e+00
      18744    780.958     40.541     40.813    26.6154    26.5781   5.643008   5.639718     2.7668     2.3236       7.11   26.62016  -83.23958   -0.00080   -0.00068          3  0.000e+00
      18745    781.000     40.541     40.813    26.6139    26.5782   5.643040   5.639718     2.7668     2.3236       7.08   26.62016  -83.23958   -0.00079   -0.00071          3  0.000e+00
      18746    781.042     40.494     40.765    26.6131    26.5781   5.643032   5.639742     2.7668     2.3236       7.08   26.62016  -83.23958   -0.00078   -0.00074          3  0.000e+00
      18747    781.083     40.562     40.833    26.6089    26.5785   5.642642   5.639718     2.7668     2.3223       7.08   26.62016  -83.23958   -0.00076   -0.00078          3  0.000e+00
      18748    781.125     40.541     40.813    26.6043    26.5784   5.642268   5.639742     2.7668     2.3236       7.08   26.62016  -83.23958   -0.00074   -0.00080          3  0.000e+00
      18749    781.167     40.541     40.813    26.6052    26.5786   5.642010   5.639758     2.7668     2.3236       7.08   26.62016  -83.23958   -0.00072   -0.00082          3  0.000e+00
      18750    781.208     40.541     40.813    26.6020    26.5784   5.641597   5.639742     2.7668     2.3236       7.11   26.62016  -83.23958   -0.00070   -0.00085          3  0.000e+00
      18751    781.250     40.541     40.813    26.5985    26.5788   5.641246   5.639821     2.7680     2.3236       7.11   26.62016  -83.23958   -0.00066   -0.00088          3  0.000e+00
      18752    781.292     40.514     40.785    26.5991    26.5790   5.641402   5.639813     2.7668     2.3236       7.08   26.62016  -83.23958   -0.00064   -0.00091          3  0.000e+00
      18753    781.333     40.541     40.813    26.6016    26.5790   5.641839   5.639837     2.7668     2.3236       7.08   26.62016  -83.23958   -0.00063   -0.00093          3  0.000e+00
      18754    781.375     40.541     40.813    26.6058    26.5796   5.642190   5.639947     2.7668     2.3236       7.08   26.62016  -83.23958   -0.00061   -0.00096          3  0.000e+00
      18755    781.417     40.541     40.813    26.6072    26.5802   5.642275   5.640018     2.7680     2.3236       7.08   26.62016  -83.23958   -0.00058   -0.00098          3  0.000e+00
      18756    781.458     40.514     40.785    26.6067    26.5812   5.642244   5.640090     2.7680     2.3236       7.11   26.62016  -83.23958   -0.00054   -0.00101          3  0.000e+00
      18757    781.500     40.541     40.813    26.6060    26.5819   5.642018   5.640121     2.7668     2.3236       7.11   26.62016  -83.23958   -0.00053   -0.00102          3  0.000e+00
      18758    781.542     40.541     40.813    26.6047    26.5824   5.641776   5.640161     2.7680     2.3236       7.08   26.62016  -83.23958   -0.00050   -0.00102          3  0.000e+00
      18759    781.583     40.595     40.867    26.6013    26.5828   5.641433   5.640271     2.7680     2.3248       7.08   26.62016  -83.23958   -0.00047   -0.00101          3  0.000e+00
      18760    781.625     40.541     40.813    26.5953    26.5834   5.641067   5.640382     2.7680     2.3236       7.08   26.62016  -83.23958   -0.00044   -0.00102          3  0.000e+00
      18761    781.667     40.514     40.785    26.5920    26.5839   5.641083   5.640508     2.7668     2.3236       7.08   26.62016  -83.23958   -0.00042   -0.00102          3  0.000e+00
      18762    781.708     40.541     40.813    26.5955    26.5844   5.641355   5.640635     2.7680     2.3248       7.08   26.62016  -83.23958   -0.00039   -0.00099          3  0.000e+00
      18763    781.750     40.541     40.813    26.5989    26.5854   5.641511   5.640785     2.7680     2.3248       7.08   26.62016  -83.23958   -0.00036   -0.00096          3  0.000e+00
      18764    781.792     40.541     40.813    26.6005    26.5861   5.641465   5.640896     2.7668     2.3248       7.11   26.62016  -83.23956   -0.00036   -0.00093          3  0.000e+00
      21511    896.250     29.857     30.056    28.5872    28.5886   5.817211   5.817469     3.0928     2.6117      17.34   26.62014  -83.23958    0.00018   -0.00088          4  0.000e+00
      21512    896.292     29.810     30.008    28.5869    28.5882   5.817258   5.817533     3.0940     2.6105      17.34   26.62014  -83.23958    0.00016   -0.00079          4  0.000e+00
      21513    896.333     30.026     30.226    28.5872    28.5882   5.817282   5.817517     3.0928     2.6105      17.34   26.62014  -83.23958    0.00013   -0.00071          4  0.000e+00
      21514    896.375     29.959     30.158    28.5870    28.5882   5.817314   5.817541     3.0928     2.6105      17.34   26.62014  -83.23958    0.00009   -0.00064          4  0.000e+00
      21515    896.417     30.026     30.226    28.5872    28.5880   5.817290   5.817557     3.0928     2.6105      17.34   26.62014  -83.23958    0.00006   -0.00057          4  0.000e+00
      21516    896.458     29.911     30.110    28.5870    28.5882   5.817282   5.817557     3.0928     2.6093      17.34   26.62014  -83.23958    0.00002   -0.00051          4  0.000e+00
      21517    896.500     30.026     30.226    28.5872    28.5882   5.817282   5.817557     3.0928     2.6093      17.34   26.62014  -83.23958    0.00001   -0.00046          4  0.000e+00
      21518    896.542     29.911     30.110    28.5870    28.5884   5.817243   5.817517     3.0916     2.6093      17.34   26.62014  -83.23958   -0.00005   -0.00039          4  0.000e+00
      21519    896.583     30.026     30.226    28.5872    28.5884   5.817266   5.817541     3.0928     2.6093      17.34   26.62014  -83.23958   -0.00006   -0.00032          4  0.000e+00
      21520    896.625     29.958     30.158    28.5872    28.5884   5.817282   5.817557     3.0916     2.6093      17.34   26.62014  -83.23958   -0.00010   -0.00024          4  0.000e+00
      21521    896.667     29.925     30.124    28.5870    28.5882   5.817314   5.817517     3.0916     2.6093      17.34   26.62014  -83.23958   -0.00013   -0.00017          4  0.000e+00
      21522    896.708     30.006     30.206    28.5872    28.5882   5.817290   5.817541     3.0904     2.6093      17.34   26.62014  -83.23958   -0.00018   -0.00009          4  0.000e+00
      21523    896.750     29.925     30.124    28.5870    28.5882   5.817282   5.817557     3.0916     2.6093      17.34   26.62014  -83.23958   -0.00022   -0.00001          4  0.000e+00
      21524    896.792     30.006     30.206    28.5872    28.5882   5.817282   5.817557     3.0916     2.6093      17.34   26.62014  -83.23956   -0.00025    0.00009          4  0.000e+00
      21525    896.833     29.925     30.124    28.5870    28.5882   5.817243   5.817557     3.0916     2.6093      17.29   26.62014  -83.23956   -0.00028    0.00018          4  0.000e+00
      21526    896.875     29.958     30.158    28.5868    28.5880   5.817195   5.817517     3.0904     2.6093      17.29   26.62014  -83.23956   -0.00031    0.00028          4  0.000e+00
      21527    896.917     30.026     30.226    28.5870    28.5880   5.817290   5.817509     3.0904     2.6093      17.29   26.62014  -83.23956   -0.00034    0.00036          4  0.000e+00
      21528    896.958     29.958     30.158    28.5865    28.5884   5.817258   5.817541     3.0904     2.6093      17.26   26.62014  -83.23956   -0.00039    0.00045          4  0.000e+00
      21529    897.000     29.925     30.124    28.5863    28.5884   5.817195   5.817557     3.0904     2.6093      17.29   26.62014  -83.23956   -0.00044    0.00053          4  0.000e+00
      21530    897.042     30.006     30.206    28.5863    28.5883   5.817219   5.817517     3.0904     2.6093      17.26   26.62014  -83.23956   -0.00047    0.00062          4  0.000e+00
      21531    897.083     29.925     30.124    28.5861    28.5886   5.817195   5.817469     3.0904     2.6105      17.29   26.62014  -83.23956   -0.00051    0.00071          4  0.000e+00
      21532    897.125     30.006     30.206    28.5866    28.5886   5.817258   5.817533     3.0904     2.6093      17.29   26.62014  -83.23956   -0.00056    0.00079          4  0.000e+00
      21533    897.167     29.958     30.158    28.5869    28.5887   5.817211   5.817517     3.0891     2.6093      17.26   26.62014  -83.23956   -0.00062    0.00086          4  0.000e+00
      21534    897.208     29.972     30.172    28.5868    28.5886   5.817258   5.817509     3.0891     2.6093      17.29   26.62014  -83.23956   -0.00066    0.00094          4  0.000e+00
      21535    897.250     29.958     30.158    28.5865    28.5887   5.817211   5.817509     3.0891     2.6093      17.29   26.62014  -83.23956   -0.00072    0.00101          4  0.000e+00
      21536    897.292     29.972     30.172    28.5859    28.5884   5.817187   5.817469     3.0891     2.6093      17.29   26.62014  -83.23956   -0.00076    0.00108          4  0.000e+00
