GOMECC/GOMECC-4/1db/rb2103_0131.ros
* Sea-Bird SBE 9 Data File:
* FileName = C:\Users\scs.user.rb\CTD\GOMECC4\data\rb2103_0131.hex
* Software Version Seasave V 7.26.7.107
* Temperature SN = 4799
* Conductivity SN = 3860
* Number of Bytes Per Scan = 41
* Number of Voltage Words = 4
* Number of Scans Averaged by the Deck Unit = 1
* NMEA Latitude = 26 53.26 N
* NMEA Longitude = 084 39.99 W
* NMEA UTC (Time) = Sep 18 2021  19:15:07
* NMEA baud rate = 4800
# nquan = 17
# nvalues = 1995                                  
# units = specified
# name 0 = scan: Scan Count
# name 1 = timeS: Time, Elapsed [seconds]
# name 2 = depSM: Depth [salt water, m]
# name 3 = prDM: Pressure, Digiquartz [db]
# name 4 = t090C: Temperature [ITS-90, deg C]
# name 5 = t190C: Temperature, 2 [ITS-90, deg C]
# name 6 = c0S/m: Conductivity [S/m]
# name 7 = c1S/m: Conductivity, 2 [S/m]
# name 8 = sbeox0V: Oxygen raw, SBE 43 [V]
# name 9 = sbeox1V: Oxygen raw, SBE 43, 2 [V]
# name 10 = altM: Altimeter [m]
# name 11 = latitude: Latitude [deg]
# name 12 = longitude: Longitude [deg]
# name 13 = sbox0dV/dT: Oxygen, SBE 43 [dov/dt]
# name 14 = sbox1dV/dT: Oxygen, SBE 43, 2 [dov/dt]
# name 15 = nbf: Bottles Fired
# name 16 = flag:  0.000e+00
# interval = seconds: 0.0416667
# start_time = Sep 18 2021 19:15:07 [NMEA time, header]
# bad_flag = -9.990e-29
*END*
[from data line 1022]
      52979   2207.417     99.416    100.097    19.4230    19.4784   4.919745   4.928570     2.1172     1.7753     100.00   26.88788  -84.66640    0.00309    0.00163          8  0.000e+00
      52980   2207.458     99.355    100.036    19.3834    19.4755   4.917854   4.928286     2.1172     1.7766     100.00   26.88788  -84.66640    0.00314    0.00164          8  0.000e+00
      52981   2207.500     99.386    100.067    19.3641    19.4667   4.916353   4.928473     2.1172     1.7766     100.00   26.88788  -84.66640    0.00316    0.00164          8  0.000e+00
      52982   2207.542     99.355    100.036    19.3493    19.4709   4.915581   4.928988     2.1184     1.7753     100.00   26.88788  -84.66640    0.00320    0.00163          8  0.000e+00
      52983   2207.583     99.386    100.067    19.3417    19.4816   4.915463   4.929324     2.1184     1.7753     100.00   26.88788  -84.66640    0.00324    0.00162          8  0.000e+00
      52984   2207.625     99.355    100.036    19.3524    19.4875   4.915478   4.929540     2.1172     1.7766     100.00   26.88788  -84.66640    0.00324    0.00162          8  0.000e+00
      52985   2207.667     99.386    100.067    19.3521    19.4872   4.915382   4.929413     2.1184     1.7753     100.00   26.88788  -84.66640    0.00328    0.00159          8  0.000e+00
      52986   2207.708     99.355    100.036    19.3504    19.4816   4.915228   4.929062     2.1184     1.7766     100.00   26.88788  -84.66640    0.00329    0.00157          8  0.000e+00
      52987   2207.750     99.386    100.067    19.3525    19.4706   4.915213   4.928786     2.1184     1.7766     100.00   26.88788  -84.66640    0.00330    0.00155          8  0.000e+00
      52988   2207.792     99.355    100.036    19.3535    19.4660   4.915316   4.928726     2.1184     1.7766     100.00   26.88788  -84.66640    0.00331    0.00153          8  0.000e+00
      52989   2207.833     99.416    100.097    19.3589    19.4629   4.915595   4.928876     2.1184     1.7766     100.00   26.88788  -84.66640    0.00331    0.00151          8  0.000e+00
      52990   2207.875     99.386    100.067    19.3664    19.4618   4.915963   4.929085     2.1184     1.7766     100.00   26.88788  -84.66640    0.00331    0.00149          8  0.000e+00
      52991   2207.917     99.355    100.037    19.3685    19.4622   4.916493   4.929600     2.1184     1.7766     100.00   26.88788  -84.66640    0.00331    0.00146          8  0.000e+00
      52992   2207.958     99.386    100.067    19.3726    19.4713   4.917199   4.930317     2.1184     1.7766     100.00   26.88788  -84.66640    0.00329    0.00144          8  0.000e+00
      52993   2208.000     99.356    100.037    19.3784    19.4889   4.917847   4.930787     2.1184     1.7753     100.00   26.88788  -84.66640    0.00327    0.00139          8  0.000e+00
      52994   2208.042     99.446    100.128    19.3820    19.4994   4.918281   4.931347     2.1172     1.7753     100.00   26.88788  -84.66640    0.00322    0.00135          8  0.000e+00
      52995   2208.083     99.356    100.037    19.3822    19.5068   4.918966   4.931996     2.1184     1.7753     100.00   26.88788  -84.66640    0.00319    0.00130          8  0.000e+00
      52996   2208.125     99.416    100.098    19.3818    19.5142   4.919812   4.932474     2.1184     1.7766      86.08   26.88788  -84.66640    0.00316    0.00127          8  0.000e+00
      52997   2208.167     99.386    100.067    19.3825    19.5192   4.920556   4.932892     2.1184     1.7753      69.99   26.88788  -84.66640    0.00312    0.00122          8  0.000e+00
      52998   2208.208     99.416    100.098    19.3867    19.5185   4.921122   4.933116     2.1184     1.7753      66.06   26.88788  -84.66640    0.00308    0.00117          8  0.000e+00
      52999   2208.250     99.386    100.067    19.3934    19.5171   4.921947   4.933460     2.1184     1.7753      66.81   26.88788  -84.66640    0.00304    0.00112          8  0.000e+00
      53000   2208.292     99.356    100.037    19.3994    19.5183   4.922558   4.933699     2.1184     1.7753      67.59   26.88788  -84.66640    0.00299    0.00107          8  0.000e+00
      53001   2208.333     99.386    100.067    19.4054    19.5171   4.922955   4.933833     2.1184     1.7753      67.77   26.88788  -84.66640    0.00294    0.00102          8  0.000e+00
      53002   2208.375     99.469    100.151    19.4030    19.5143   4.923140   4.933706     2.1184     1.7753      67.72   26.88788  -84.66640    0.00289    0.00096          8  0.000e+00
      53003   2208.417     99.386    100.067    19.3950    19.5082   4.923147   4.933243     2.1172     1.7753      67.69   26.88788  -84.66640    0.00281    0.00091          8  0.000e+00
      53004   2208.458     99.416    100.098    19.3983    19.5026   4.923103   4.933019     2.1172     1.7753      67.67   26.88788  -84.66640    0.00274    0.00085          8  0.000e+00
      53005   2208.500     99.416    100.098    19.4100    19.4999   4.923058   4.933363     2.1172     1.7753      67.67   26.88788  -84.66640    0.00267    0.00080          8  0.000e+00
      53006   2208.542     99.446    100.128    19.4175    19.5001   4.923456   4.933490     2.1184     1.7753      67.67   26.88788  -84.66640    0.00261    0.00074          8  0.000e+00
      53007   2208.583     99.469    100.151    19.4265    19.5024   4.924435   4.933236     2.1172     1.7753      67.67   26.88788  -84.66640    0.00253    0.00068          8  0.000e+00
      53008   2208.625     99.386    100.067    19.4618    19.4994   4.926453   4.933341     2.1172     1.7741      67.67   26.88788  -84.66640    0.00244    0.00062          8  0.000e+00
      53009   2208.667     99.469    100.151    19.4939    19.4994   4.929089   4.933684     2.1160     1.7741      67.67   26.88788  -84.66640    0.00235    0.00056          8  0.000e+00
      53010   2208.708     99.446    100.128    19.5081    19.5010   4.931144   4.933654     2.1172     1.7741      67.67   26.88788  -84.66640    0.00226    0.00050          8  0.000e+00
      53011   2208.750     99.416    100.098    19.4991    19.5022   4.932316   4.933049     2.1172     1.7741      67.67   26.88788  -84.66640    0.00218    0.00044          8  0.000e+00
      53012   2208.792     99.499    100.182    19.5185    19.5005   4.933333   4.931780     2.1172     1.7741      67.69   26.88788  -84.66640    0.00210    0.00038          8  0.000e+00
      53013   2208.833     99.469    100.151    19.5362    19.4930   4.934497   4.930324     2.1160     1.7741      67.69   26.88788  -84.66640    0.00200    0.00031          8  0.000e+00
      53014   2208.875     99.416    100.098    19.5451    19.4723   4.935735   4.928607     2.1160     1.7741      67.67   26.88788  -84.66640    0.00191    0.00025          8  0.000e+00
      53015   2208.917     99.500    100.182    19.5461    19.4527   4.936760   4.926935     2.1160     1.7741      67.67   26.88788  -84.66640    0.00181    0.00019          8  0.000e+00
      53016   2208.958     99.469    100.151    19.5522    19.4383   4.937313   4.925808     2.1160     1.7741      67.67   26.88788  -84.66640    0.00170    0.00013          8  0.000e+00
      53017   2209.000     99.447    100.128    19.5562    19.4294   4.937445   4.925420     2.1172     1.7741      67.67   26.88788  -84.66640    0.00161    0.00006          8  0.000e+00
      53018   2209.042     99.469    100.151    19.5582    19.4245   4.937895   4.925585     2.1160     1.7741      67.67   26.88788  -84.66640    0.00152 -1.758e-07          8  0.000e+00
      53019   2209.083     99.552    100.235    19.5593    19.4199   4.938101   4.925838     2.1160     1.7741      83.37   26.88788  -84.66640    0.00143   -0.00005          8  0.000e+00
      53020   2209.125     99.416    100.098    19.5589    19.4164   4.938028   4.926152     2.1160     1.7741      98.44   26.88788  -84.66640    0.00133   -0.00009          8  0.000e+00
      56327   2346.917     79.987     80.532    21.1021    21.0602   5.103869   5.098979     2.3394     1.9683     100.00   26.88792  -84.66642    0.00045    0.00035          9  0.000e+00
      56328   2346.958     79.654     80.197    21.1026    21.0600   5.103884   5.098926     2.3394     1.9670     100.00   26.88792  -84.66642    0.00045    0.00036          9  0.000e+00
      56329   2347.000     79.707     80.250    21.1021    21.0577   5.103757   5.098933     2.3394     1.9670     100.00   26.88792  -84.66642    0.00044    0.00037          9  0.000e+00
      56330   2347.042     79.707     80.250    21.1013    21.0547   5.103585   5.098926     2.3394     1.9670     100.00   26.88792  -84.66642    0.00045    0.00038          9  0.000e+00
      56331   2347.083     79.654     80.197    21.1005    21.0567   5.103450   5.098812     2.3394     1.9670     100.00   26.88792  -84.66642    0.00043    0.00039          9  0.000e+00
      56332   2347.125     79.707     80.250    21.1003    21.0591   5.103323   5.098585     2.3394     1.9670     100.00   26.88792  -84.66642    0.00042    0.00040          9  0.000e+00
      56333   2347.167     79.654     80.197    21.0993    21.0599   5.103316   5.098426     2.3394     1.9670     100.00   26.88792  -84.66642    0.00041    0.00042          9  0.000e+00
      56334   2347.208     79.768     80.311    21.0983    21.0582   5.103331   5.098267     2.3394     1.9670     100.00   26.88792  -84.66642    0.00041    0.00045          9  0.000e+00
      56335   2347.250     79.602     80.143    21.0981    21.0504   5.103323   5.098229     2.3394     1.9670     100.00   26.88792  -84.66642    0.00041    0.00045          9  0.000e+00
      56336   2347.292     79.707     80.250    21.0963    21.0471   5.103264   5.098161     2.3394     1.9670     100.00   26.88792  -84.66642    0.00040    0.00048          9  0.000e+00
      56337   2347.333     79.707     80.250    21.0956    21.0471   5.103279   5.098070     2.3394     1.9683     100.00   26.88792  -84.66642    0.00038    0.00052          9  0.000e+00
      56338   2347.375     79.655     80.197    21.0967    21.0467   5.103316   5.097926     2.3394     1.9670     100.00   26.88792  -84.66642    0.00038    0.00054          9  0.000e+00
      56339   2347.417     79.655     80.197    21.0979    21.0450   5.103361   5.097699     2.3394     1.9670     100.00   26.88792  -84.66642    0.00038    0.00056          9  0.000e+00
      56340   2347.458     79.707     80.250    21.0977    21.0432   5.103443   5.097502     2.3394     1.9683     100.00   26.88792  -84.66642    0.00038    0.00060          9  0.000e+00
      56341   2347.500     79.655     80.197    21.0982    21.0413   5.103525   5.097328     2.3394     1.9683     100.00   26.88792  -84.66642    0.00038    0.00064          9  0.000e+00
      56342   2347.542     79.655     80.197    21.0991    21.0402   5.103480   5.097222     2.3394     1.9683     100.00   26.88792  -84.66642    0.00038    0.00068          9  0.000e+00
      56343   2347.583     79.707     80.250    21.0997    21.0379   5.103421   5.097237     2.3394     1.9683     100.00   26.88792  -84.66642    0.00038    0.00072          9  0.000e+00
      56344   2347.625     79.602     80.143    21.0991    21.0361   5.103383   5.097313     2.3394     1.9683     100.00   26.88792  -84.66642    0.00038    0.00076          9  0.000e+00
      56345   2347.667     79.655     80.197    21.0975    21.0358   5.103406   5.097359     2.3394     1.9683     100.00   26.88792  -84.66642    0.00037    0.00079          9  0.000e+00
      56346   2347.708     79.708     80.250    21.0963    21.0358   5.103607   5.097434     2.3394     1.9683     100.00   26.88792  -84.66642    0.00037    0.00083          9  0.000e+00
      56347   2347.750     79.655     80.197    21.0966    21.0353   5.103675   5.097396     2.3394     1.9683     100.00   26.88792  -84.66642    0.00037    0.00086          9  0.000e+00
      56348   2347.792     79.655     80.197    21.0960    21.0339   5.103742   5.097472     2.3407     1.9683     100.00   26.88792  -84.66642    0.00038    0.00090          9  0.000e+00
      56349   2347.833     79.655     80.197    21.0975    21.0337   5.103787   5.097563     2.3394     1.9683     100.00   26.88792  -84.66642    0.00040    0.00093          9  0.000e+00
      56350   2347.875     79.655     80.197    21.0975    21.0360   5.103734   5.097586     2.3394     1.9683     100.00   26.88792  -84.66642    0.00041    0.00096          9  0.000e+00
      56351   2347.917     79.655     80.197    21.0973    21.0384   5.103548   5.097586     2.3394     1.9683     100.00   26.88792  -84.66642    0.00041    0.00099          9  0.000e+00
      56352   2347.958     79.655     80.197    21.0965    21.0386   5.103174   5.097495     2.3394     1.9683     100.00   26.88792  -84.66642    0.00040    0.00103          9  0.000e+00
      56353   2348.000     79.602     80.144    21.0907    21.0370   5.102621   5.097457     2.3394     1.9683     100.00   26.88792  -84.66642    0.00040    0.00104          9  0.000e+00
      56354   2348.042     79.655     80.197    21.0744    21.0365   5.102023   5.097457     2.3394     1.9683     100.00   26.88792  -84.66642    0.00039    0.00105          9  0.000e+00
      56355   2348.083     79.655     80.197    21.0756    21.0367   5.101747   5.097389     2.3394     1.9683     100.00   26.88792  -84.66642    0.00039    0.00106          9  0.000e+00
      56356   2348.125     79.655     80.197    21.0809    21.0358   5.101709   5.097306     2.3394     1.9670     100.00   26.88792  -84.66642    0.00038    0.00105          9  0.000e+00
      56357   2348.167     79.655     80.197    21.0847    21.0342   5.101829   5.097222     2.3394     1.9670     100.00   26.88792  -84.66642    0.00038    0.00105          9  0.000e+00
      56358   2348.208     79.655     80.197    21.0869    21.0328   5.102008   5.097139     2.3407     1.9670     100.00   26.88792  -84.66642    0.00041    0.00104          9  0.000e+00
      56359   2348.250     79.602     80.144    21.0928    21.0335   5.102240   5.097086     2.3394     1.9670     100.00   26.88792  -84.66642    0.00040    0.00103          9  0.000e+00
      56360   2348.292     79.708     80.250    21.0987    21.0342   5.102785   5.097048     2.3394     1.9670     100.00   26.88792  -84.66642    0.00039    0.00102          9  0.000e+00
      56361   2348.333     79.602     80.144    21.1024    21.0340   5.103234   5.096972     2.3394     1.9670     100.00   26.88792  -84.66642    0.00039    0.00100          9  0.000e+00
      56362   2348.375     79.655     80.197    21.1049    21.0335   5.103585   5.096851     2.3394     1.9670     100.00   26.88792  -84.66642    0.00038    0.00099          9  0.000e+00
      56363   2348.417     79.655     80.197    21.1070    21.0326   5.103861   5.096851     2.3394     1.9670     100.00   26.88792  -84.66642    0.00037    0.00098          9  0.000e+00
      56364   2348.458     79.640     80.182    21.1075    21.0323   5.104183   5.096768     2.3394     1.9670     100.00   26.88792  -84.66642    0.00036    0.00095          9  0.000e+00
      56365   2348.500     79.655     80.197    21.1073    21.0292   5.104527   5.096670     2.3394     1.9670     100.00   26.88792  -84.66642    0.00035    0.00093          9  0.000e+00
      56366   2348.542     79.655     80.197    21.1077    21.0213   5.104803   5.096655     2.3407     1.9670     100.00   26.88792  -84.66642    0.00036    0.00092          9  0.000e+00
      56367   2348.583     79.655     80.197    21.1082    21.0162   5.104871   5.096677     2.3407     1.9670     100.00   26.88792  -84.66642    0.00037    0.00090          9  0.000e+00
      56368   2348.625     79.655     80.197    21.1086    21.0141   5.104900   5.096594     2.3407     1.9670     100.00   26.88792  -84.66642    0.00038    0.00089          9  0.000e+00
