GOMECC/GOMECC-4/1db/rb2103_0961.ros
* Sea-Bird SBE 9 Data File:
* FileName = C:\Users\scs.user.rb\CTD\GOMECC4\data\rb2103_0961.hex
* Software Version Seasave V 7.26.7.107
* Temperature SN = 4799
* Conductivity SN = 3860
* Number of Bytes Per Scan = 41
* Number of Voltage Words = 4
* Number of Scans Averaged by the Deck Unit = 1
* NMEA Latitude = 22 39.54 N
* NMEA Longitude = 090 17.28 W
* NMEA UTC (Time) = Oct 11 2021  07:29:15
* NMEA baud rate = 4800
# nquan = 17
# nvalues = 1330                                  
# units = specified
# name 0 = scan: Scan Count
# name 1 = timeS: Time, Elapsed [seconds]
# name 2 = depSM: Depth [salt water, m]
# name 3 = prDM: Pressure, Digiquartz [db]
# name 4 = t090C: Temperature [ITS-90, deg C]
# name 5 = t190C: Temperature, 2 [ITS-90, deg C]
# name 6 = c0S/m: Conductivity [S/m]
# name 7 = c1S/m: Conductivity, 2 [S/m]
# name 8 = sbeox0V: Oxygen raw, SBE 43 [V]
# name 9 = sbeox1V: Oxygen raw, SBE 43, 2 [V]
# name 10 = altM: Altimeter [m]
# name 11 = latitude: Latitude [deg]
# name 12 = longitude: Longitude [deg]
# name 13 = sbox0dV/dT: Oxygen, SBE 43 [dov/dt]
# name 14 = sbox1dV/dT: Oxygen, SBE 43, 2 [dov/dt]
# name 15 = nbf: Bottles Fired
# name 16 = flag:  0.000e+00
# interval = seconds: 0.0416667
# start_time = Oct 11 2021 07:29:15 [NMEA time, header]
# bad_flag = -9.990e-29
*END*
[from data line 852]
      35135   1463.917     34.834     35.057    29.3128    29.3143   5.981783   5.982142     3.1465     2.6642     100.00   22.65990  -90.28772    0.00065    0.00123          7  0.000e+00
      35136   1463.958     34.888     35.111    29.3127    29.3141   5.981815   5.982101     3.1465     2.6630     100.00   22.65990  -90.28772    0.00063    0.00122          7  0.000e+00
      35137   1464.000     34.854     35.077    29.3127    29.3142   5.981799   5.982093     3.1465     2.6642     100.00   22.65990  -90.28772    0.00061    0.00123          7  0.000e+00
      35138   1464.042     34.834     35.057    29.3129    29.3141   5.981791   5.982166     3.1465     2.6630     100.00   22.65990  -90.28772    0.00061    0.00122          7  0.000e+00
      35139   1464.083     34.834     35.057    29.3129    29.3143   5.981783   5.982118     3.1465     2.6630     100.00   22.65990  -90.28772    0.00060    0.00123          7  0.000e+00
      35140   1464.125     34.854     35.077    29.3125    29.3141   5.981783   5.982118     3.1465     2.6642     100.00   22.65990  -90.28772    0.00060    0.00125          7  0.000e+00
      35141   1464.167     34.834     35.057    29.3127    29.3140   5.981823   5.982134     3.1465     2.6630     100.00   22.65990  -90.28772    0.00059    0.00124          7  0.000e+00
      35142   1464.208     34.888     35.111    29.3127    29.3141   5.981791   5.982142     3.1477     2.6642     100.00   22.65990  -90.28772    0.00060    0.00126          7  0.000e+00
      35143   1464.250     34.854     35.077    29.3127    29.3141   5.981783   5.982142     3.1477     2.6630     100.00   22.65990  -90.28772    0.00061    0.00126          7  0.000e+00
      35144   1464.292     34.834     35.057    29.3127    29.3143   5.981823   5.982069     3.1465     2.6642     100.00   22.65990  -90.28772    0.00060    0.00128          7  0.000e+00
      35145   1464.333     34.834     35.057    29.3129    29.3140   5.981863   5.982077     3.1477     2.6630     100.00   22.65990  -90.28772    0.00060    0.00127          7  0.000e+00
      35146   1464.375     34.901     35.125    29.3127    29.3139   5.981847   5.982093     3.1465     2.6630     100.00   22.65990  -90.28772    0.00061    0.00127          7  0.000e+00
      35147   1464.417     34.834     35.057    29.3127    29.3139   5.981799   5.982093     3.1465     2.6642     100.00   22.65990  -90.28772    0.00061    0.00126          7  0.000e+00
      35148   1464.458     34.888     35.111    29.3127    29.3137   5.981815   5.982045     3.1465     2.6630     100.00   22.65990  -90.28772    0.00062    0.00125          7  0.000e+00
      35149   1464.500     34.854     35.077    29.3127    29.3136   5.981831   5.982004     3.1465     2.6642     100.00   22.65990  -90.28772    0.00062    0.00124          7  0.000e+00
      35150   1464.542     34.888     35.111    29.3127    29.3135   5.981831   5.982029     3.1465     2.6630     100.00   22.65990  -90.28772    0.00062    0.00122          7  0.000e+00
      35151   1464.583     34.834     35.057    29.3129    29.3135   5.981799   5.982045     3.1465     2.6630     100.00   22.65990  -90.28772    0.00062    0.00120          7  0.000e+00
      35152   1464.625     34.902     35.125    29.3127    29.3135   5.981823   5.982118     3.1465     2.6630     100.00   22.65990  -90.28772    0.00062    0.00117          7  0.000e+00
      35153   1464.667     34.888     35.111    29.3127    29.3136   5.981831   5.982069     3.1465     2.6630     100.00   22.65990  -90.28772    0.00062    0.00115          7  0.000e+00
      35154   1464.708     34.834     35.057    29.3127    29.3137   5.981799   5.982045     3.1465     2.6618     100.00   22.65990  -90.28772    0.00062    0.00110          7  0.000e+00
      35155   1464.750     34.854     35.077    29.3125    29.3130   5.981823   5.982004     3.1465     2.6618     100.00   22.65990  -90.28772    0.00062    0.00106          7  0.000e+00
      35156   1464.792     34.888     35.111    29.3127    29.3134   5.981831   5.982061     3.1465     2.6618     100.00   22.65990  -90.28772    0.00062    0.00101          7  0.000e+00
      35157   1464.833     34.888     35.111    29.3127    29.3129   5.981799   5.982053     3.1465     2.6606     100.00   22.65990  -90.28772    0.00062    0.00095          7  0.000e+00
      35158   1464.875     34.888     35.111    29.3127    29.3132   5.981823   5.982045     3.1465     2.6606     100.00   22.65990  -90.28772    0.00061    0.00089          7  0.000e+00
      35159   1464.917     34.854     35.077    29.3125    29.3134   5.981863   5.982077     3.1465     2.6606     100.00   22.65990  -90.28772    0.00061    0.00082          7  0.000e+00
      35160   1464.958     34.888     35.111    29.3127    29.3130   5.981847   5.982020     3.1465     2.6593     100.00   22.65990  -90.28772    0.00060    0.00074          7  0.000e+00
      35161   1465.000     34.888     35.111    29.3127    29.3133   5.981799   5.982069     3.1465     2.6593     100.00   22.65990  -90.28772    0.00060    0.00066          7  0.000e+00
      35162   1465.042     34.902     35.125    29.3125    29.3135   5.981855   5.982053     3.1477     2.6593     100.00   22.65990  -90.28772    0.00061    0.00058          7  0.000e+00
      35163   1465.083     34.834     35.057    29.3127    29.3134   5.981847   5.982037     3.1465     2.6581     100.00   22.65990  -90.28772    0.00062    0.00048          7  0.000e+00
      35164   1465.125     34.888     35.111    29.3127    29.3134   5.981839   5.982077     3.1465     2.6581     100.00   22.65990  -90.28772    0.00061    0.00038          7  0.000e+00
      35165   1465.167     34.854     35.077    29.3127    29.3135   5.981831   5.982053     3.1477     2.6581     100.00   22.65990  -90.28772    0.00062    0.00028          7  0.000e+00
      35166   1465.208     34.888     35.111    29.3127    29.3139   5.981799   5.982045     3.1477     2.6581     100.00   22.65990  -90.28772    0.00065    0.00020          7  0.000e+00
      35167   1465.250     34.888     35.111    29.3125    29.3137   5.981855   5.982077     3.1465     2.6569     100.00   22.65990  -90.28772    0.00065    0.00009          7  0.000e+00
      35168   1465.292     34.854     35.077    29.3127    29.3139   5.981807   5.982053     3.1477     2.6569     100.00   22.65990  -90.28772    0.00068   -0.00003          7  0.000e+00
      35169   1465.333     34.888     35.111    29.3129    29.3136   5.981791   5.982118     3.1477     2.6569     100.00   22.65990  -90.28772    0.00070   -0.00014          7  0.000e+00
      35170   1465.375     34.888     35.111    29.3125    29.3139   5.981815   5.982142     3.1477     2.6569     100.00   22.65990  -90.28772    0.00073   -0.00025          7  0.000e+00
      35171   1465.417     34.854     35.077    29.3125    29.3137   5.981831   5.982134     3.1477     2.6569     100.00   22.65990  -90.28772    0.00075   -0.00036          7  0.000e+00
      35172   1465.458     34.888     35.111    29.3125    29.3139   5.981839   5.982134     3.1477     2.6569     100.00   22.65990  -90.28772    0.00077   -0.00047          7  0.000e+00
      35173   1465.500     34.834     35.057    29.3127    29.3139   5.981831   5.982101     3.1477     2.6569     100.00   22.65990  -90.28772    0.00079   -0.00058          7  0.000e+00
      35174   1465.542     34.854     35.077    29.3127    29.3136   5.981831   5.982093     3.1477     2.6581     100.00   22.65990  -90.28772    0.00081   -0.00066          7  0.000e+00
      35175   1465.583     34.888     35.111    29.3127    29.3139   5.981767   5.982093     3.1477     2.6581     100.00   22.65990  -90.28772    0.00083   -0.00073          7  0.000e+00
      35176   1465.625     34.888     35.111    29.3125    29.3137   5.981807   5.982053     3.1477     2.6581     100.00   22.65990  -90.28772    0.00085   -0.00081          7  0.000e+00
      35177   1465.667     34.854     35.077    29.3127    29.3137   5.981799   5.982077     3.1490     2.6581     100.00   22.65990  -90.28772    0.00089   -0.00088          7  0.000e+00
      35178   1465.708     34.834     35.057    29.3127    29.3140   5.981791   5.982093     3.1477     2.6593     100.00   22.65990  -90.28772    0.00090   -0.00093          7  0.000e+00
      35179   1465.750     34.834     35.057    29.3125    29.3139   5.981815   5.982118     3.1490     2.6593     100.00   22.65990  -90.28772    0.00094   -0.00099          7  0.000e+00
      35180   1465.792     34.902     35.125    29.3127    29.3139   5.981799   5.982174     3.1477     2.6593     100.00   22.65990  -90.28772    0.00095   -0.00104          7  0.000e+00
      35181   1465.833     34.834     35.057    29.3129    29.3141   5.981791   5.982118     3.1490     2.6593     100.00   22.65990  -90.28772    0.00098   -0.00108          7  0.000e+00
      35182   1465.875     34.834     35.057    29.3127    29.3138   5.981855   5.982126     3.1477     2.6593     100.00   22.65990  -90.28772    0.00098   -0.00111          7  0.000e+00
      35183   1465.917     34.888     35.112    29.3125    29.3141   5.981807   5.982142     3.1477     2.6593     100.00   22.65990  -90.28772    0.00098   -0.00114          7  0.000e+00
      35184   1465.958     34.807     35.030    29.3128    29.3139   5.981743   5.982101     3.1477     2.6593     100.00   22.65990  -90.28772    0.00097   -0.00118          7  0.000e+00
      35185   1466.000     34.888     35.112    29.3127    29.3139   5.981775   5.982166     3.1477     2.6606     100.00   22.65990  -90.28772    0.00096   -0.00118          7  0.000e+00
      35186   1466.042     34.834     35.057    29.3127    29.3140   5.981791   5.982150     3.1477     2.6606     100.00   22.65990  -90.28772    0.00095   -0.00117          7  0.000e+00
      35187   1466.083     34.854     35.077    29.3127    29.3139   5.981783   5.982134     3.1477     2.6606     100.00   22.65990  -90.28772    0.00094   -0.00119          7  0.000e+00
      35188   1466.125     34.834     35.057    29.3127    29.3139   5.981823   5.982101     3.1477     2.6618     100.00   22.65990  -90.28772    0.00093   -0.00118          7  0.000e+00
      35189   1466.167     34.834     35.057    29.3127    29.3139   5.981839   5.982093     3.1477     2.6618     100.00   22.65990  -90.28772    0.00092   -0.00116          7  0.000e+00
      35190   1466.208     34.855     35.077    29.3125    29.3140   5.981831   5.982093     3.1477     2.6618     100.00   22.65990  -90.28772    0.00091   -0.00114          7  0.000e+00
      35191   1466.250     34.834     35.057    29.3127    29.3137   5.981799   5.982093     3.1477     2.6618     100.00   22.65990  -90.28772    0.00090   -0.00113          7  0.000e+00
      35192   1466.292     34.834     35.057    29.3127    29.3137   5.981791   5.982126     3.1477     2.6630     100.00   22.65990  -90.28772    0.00088   -0.00111          7  0.000e+00
      35193   1466.333     34.855     35.078    29.3125    29.3139   5.981815   5.982142     3.1477     2.6630     100.00   22.65990  -90.28772    0.00087   -0.00107          7  0.000e+00
      35194   1466.375     34.834     35.057    29.3127    29.3135   5.981799   5.982061     3.1477     2.6630     100.00   22.65990  -90.28772    0.00085   -0.00105          7  0.000e+00
      35195   1466.417     34.787     35.009    29.3125    29.3135   5.981823   5.982037     3.1477     2.6630     100.00   22.65990  -90.28772    0.00083   -0.00103          7  0.000e+00
      35196   1466.458     34.855     35.078    29.3127    29.3134   5.981831   5.982045     3.1477     2.6630     100.00   22.65990  -90.28772    0.00083   -0.00099          7  0.000e+00
      35197   1466.500     34.834     35.057    29.3127    29.3135   5.981799   5.982045     3.1477     2.6630     100.00   22.65990  -90.28772    0.00083   -0.00095          7  0.000e+00
      35198   1466.542     34.834     35.057    29.3125    29.3133   5.981783   5.982004     3.1465     2.6618     100.00   22.65990  -90.28772    0.00081   -0.00093          7  0.000e+00
      35199   1466.583     34.855     35.078    29.3125    29.3135   5.981783   5.982069     3.1477     2.6642     100.00   22.65990  -90.28772    0.00079   -0.00087          7  0.000e+00
      35200   1466.625     34.834     35.057    29.3125    29.3134   5.981751   5.982093     3.1477     2.6630     100.00   22.65990  -90.28772    0.00077   -0.00084          7  0.000e+00
      35201   1466.667     34.834     35.057    29.3125    29.3134   5.981767   5.982093     3.1477     2.6630     100.00   22.65990  -90.28772    0.00074   -0.00080          7  0.000e+00
      35202   1466.708     34.807     35.030    29.3127    29.3135   5.981823   5.982085     3.1477     2.6630     100.00   22.65990  -90.28772    0.00074   -0.00076          7  0.000e+00
      35203   1466.750     34.834     35.057    29.3125    29.3135   5.981799   5.982126     3.1477     2.6630     100.00   22.65990  -90.28772    0.00071   -0.00072          7  0.000e+00
      35204   1466.792     34.834     35.057    29.3127    29.3137   5.981783   5.982069     3.1477     2.6630     100.00   22.65990  -90.28772    0.00071   -0.00068          7  0.000e+00
      35205   1466.833     34.807     35.030    29.3127    29.3135   5.981823   5.982077     3.1465     2.6630     100.00   22.65990  -90.28772    0.00068   -0.00064          7  0.000e+00
      35206   1466.875     34.834     35.057    29.3125    29.3138   5.981839   5.982093     3.1465     2.6630     100.00   22.65990  -90.28772    0.00065   -0.00060          7  0.000e+00
      35207   1466.917     34.834     35.057    29.3125    29.3137   5.981831   5.982166     3.1477     2.6618     100.00   22.65990  -90.28772    0.00064   -0.00058          7  0.000e+00
      35208   1466.958     34.855     35.078    29.3125    29.3137   5.981799   5.982118     3.1465     2.6618     100.00   22.65990  -90.28772    0.00062   -0.00056          7  0.000e+00
      35209   1467.000     34.787     35.010    29.3123    29.3141   5.981791   5.982166     3.1477     2.6630     100.00   22.65990  -90.28772    0.00061   -0.00052          7  0.000e+00
      35210   1467.042     34.834     35.057    29.3125    29.3138   5.981815   5.982142     3.1465     2.6618     100.00   22.65990  -90.28772    0.00060   -0.00050          7  0.000e+00
      35211   1467.083     34.834     35.057    29.3128    29.3139   5.981831   5.982101     3.1477     2.6618     100.00   22.65990  -90.28772    0.00060   -0.00050          7  0.000e+00
      35212   1467.125     34.855     35.078    29.3125    29.3139   5.981839   5.982126     3.1477     2.6618     100.00   22.65990  -90.28772    0.00059   -0.00049          7  0.000e+00
      35213   1467.167     34.834     35.057    29.3127    29.3141   5.981831   5.982101     3.1477     2.6618     100.00   22.65990  -90.28772    0.00058   -0.00049          7  0.000e+00
      38731   1613.750     24.871     25.029    29.3525    29.3619   5.981560   5.982460     3.1514     2.6716      34.75   22.65988  -90.28770   -0.00061    0.00011          8  0.000e+00
      38732   1613.792     24.559     24.716    29.3545    29.3616   5.981616   5.982476     3.1514     2.6703      34.73   22.65988  -90.28770   -0.00059    0.00006          8  0.000e+00
      38733   1613.833     24.620     24.777    29.3558    29.3617   5.981600   5.982508     3.1514     2.6703      34.73   22.65988  -90.28770   -0.00057    0.00002          8  0.000e+00
      38734   1613.875     24.708     24.866    29.3565    29.3616   5.981664   5.982484     3.1514     2.6703      34.75   22.65988  -90.28770   -0.00054   -0.00002          8  0.000e+00
      38735   1613.917     24.620     24.777    29.3569    29.3615   5.981680   5.982476     3.1514     2.6703      34.75   22.65988  -90.28770   -0.00052   -0.00007          8  0.000e+00
