GOMECC/GOMECC-4/1db/rb2103_0461.ros
* Sea-Bird SBE 9 Data File:
* FileName = C:\Users\scs.user.rb\CTD\GOMECC4\data\rb2103_0461.hex
* Software Version Seasave V 7.26.7.107
* Temperature SN = 4799
* Conductivity SN = 3860
* Number of Bytes Per Scan = 41
* Number of Voltage Words = 4
* Number of Scans Averaged by the Deck Unit = 1
* NMEA Latitude = 28 58.22 N
* NMEA Longitude = 090 12.61 W
* NMEA UTC (Time) = Sep 26 2021  13:43:55
* NMEA baud rate = 4800
# nquan = 17
# nvalues = 399                                   
# units = specified
# name 0 = scan: Scan Count
# name 1 = timeS: Time, Elapsed [seconds]
# name 2 = depSM: Depth [salt water, m]
# name 3 = prDM: Pressure, Digiquartz [db]
# name 4 = t090C: Temperature [ITS-90, deg C]
# name 5 = t190C: Temperature, 2 [ITS-90, deg C]
# name 6 = c0S/m: Conductivity [S/m]
# name 7 = c1S/m: Conductivity, 2 [S/m]
# name 8 = sbeox0V: Oxygen raw, SBE 43 [V]
# name 9 = sbeox1V: Oxygen raw, SBE 43, 2 [V]
# name 10 = altM: Altimeter [m]
# name 11 = latitude: Latitude [deg]
# name 12 = longitude: Longitude [deg]
# name 13 = sbox0dV/dT: Oxygen, SBE 43 [dov/dt]
# name 14 = sbox1dV/dT: Oxygen, SBE 43, 2 [dov/dt]
# name 15 = nbf: Bottles Fired
# name 16 = flag:  0.000e+00
# interval = seconds: 0.0416667
# start_time = Sep 26 2021 13:43:55 [NMEA time, header]
# bad_flag = -9.990e-29
*END*
[from data line 86]
      11901    495.833     15.527     15.632    28.3213    28.3247   5.103822   5.105985     2.2027     1.8205       3.64   28.97152  -90.21198   -0.00253   -0.00444          1  0.000e+00
      11902    495.875     15.489     15.594    28.3220    28.3249   5.104151   5.105924     2.2027     1.8205       3.64   28.97152  -90.21198   -0.00278   -0.00475          1  0.000e+00
      11903    495.917     15.527     15.632    28.3229    28.3252   5.104375   5.105879     2.2027     1.8193       3.64   28.97152  -90.21198   -0.00301   -0.00505          1  0.000e+00
      11904    495.958     15.466     15.572    28.3227    28.3241   5.104353   5.105674     2.2027     1.8193       3.64   28.97152  -90.21198   -0.00323   -0.00534          1  0.000e+00
      11905    496.000     15.489     15.594    28.3220    28.3232   5.104271   5.105227     2.2027     1.8193       3.64   28.97152  -90.21198   -0.00345   -0.00563          1  0.000e+00
      11906    496.042     15.466     15.572    28.3220    28.3228   5.104278   5.104811     2.2015     1.8181       3.69   28.97152  -90.21198   -0.00370   -0.00593          1  0.000e+00
      11907    496.083     15.466     15.572    28.3220    28.3221   5.104293   5.104364     2.2015     1.8193       3.76   28.97152  -90.21198   -0.00393   -0.00620          1  0.000e+00
      11908    496.125     15.489     15.594    28.3215    28.3217   5.104196   5.103992     2.2027     1.8181       3.76   28.97152  -90.21198   -0.00413   -0.00649          1  0.000e+00
      11909    496.167     15.466     15.572    28.3215    28.3218   5.104099   5.103682     2.2015     1.8181       3.76   28.97152  -90.21198   -0.00434   -0.00675          1  0.000e+00
      11910    496.208     15.436     15.541    28.3215    28.3214   5.104076   5.103454     2.2015     1.8181       3.76   28.97152  -90.21198   -0.00454   -0.00700          1  0.000e+00
      11911    496.250     15.466     15.572    28.3211    28.3212   5.104076   5.103288     2.2015     1.8193       3.76   28.97152  -90.21198   -0.00475   -0.00723          1  0.000e+00
      11912    496.292     15.466     15.572    28.3211    28.3210   5.104009   5.103204     2.2027     1.8181       3.76   28.97152  -90.21198   -0.00494   -0.00747          1  0.000e+00
      11913    496.333     15.436     15.541    28.3211    28.3211   5.103927   5.103023     2.2015     1.8181       3.76   28.97152  -90.21198   -0.00515   -0.00770          1  0.000e+00
      11914    496.375     15.413     15.518    28.3207    28.3204   5.103837   5.102523     2.2015     1.8181       3.76   28.97152  -90.21198   -0.00533   -0.00791          1  0.000e+00
      11915    496.417     15.466     15.572    28.3211    28.3188   5.103845   5.101379     2.2027     1.8181       3.79   28.97152  -90.21198   -0.00549   -0.00809          1  0.000e+00
      11916    496.458     15.436     15.541    28.3207    28.3159   5.103890   5.099963     2.2027     1.8181       3.76   28.97152  -90.21198   -0.00565   -0.00826          1  0.000e+00
      11917    496.500     15.466     15.572    28.3209    28.3135   5.103875   5.099054     2.2039     1.8181       3.79   28.97152  -90.21198   -0.00579   -0.00842          1  0.000e+00
      11918    496.542     15.413     15.518    28.3209    28.3125   5.103890   5.098819     2.2027     1.8193       3.76   28.97152  -90.21198   -0.00594   -0.00856          1  0.000e+00
      11919    496.583     15.436     15.541    28.3211    28.3120   5.103934   5.098282     2.2027     1.8193       3.76   28.97152  -90.21198   -0.00607   -0.00869          1  0.000e+00
      11920    496.625     15.413     15.518    28.3209    28.3077   5.103695   5.096094     2.2027     1.8181       3.76   28.97152  -90.21198   -0.00619   -0.00884          1  0.000e+00
      11921    496.667     15.436     15.541    28.3205    28.3005   5.103030   5.093830     2.2039     1.8193       3.76   28.97152  -90.21198   -0.00630   -0.00895          1  0.000e+00
      11922    496.708     15.413     15.518    28.3183    28.2993   5.102320   5.094133     2.2039     1.8193       3.76   28.97152  -90.21198   -0.00641   -0.00906          1  0.000e+00
      11923    496.750     15.413     15.518    28.3176    28.3015   5.101857   5.095337     2.2039     1.8193       3.76   28.97152  -90.21198   -0.00651   -0.00916          1  0.000e+00
      11924    496.792     15.436     15.541    28.3171    28.3032   5.101483   5.095708     2.2051     1.8193       3.76   28.97154  -90.21198   -0.00659   -0.00925          1  0.000e+00
      11925    496.833     15.413     15.518    28.3163    28.3037   5.100908   5.095314     2.2051     1.8193       3.76   28.97154  -90.21198   -0.00666   -0.00933          1  0.000e+00
      11926    496.875     15.413     15.518    28.3154    28.3015   5.100392   5.094027     2.2063     1.8205       3.76   28.97154  -90.21198   -0.00671   -0.00939          1  0.000e+00
      11927    496.917     15.383     15.488    28.3145    28.2978   5.100086   5.092339     2.2076     1.8205       3.76   28.97154  -90.21198   -0.00674   -0.00945          1  0.000e+00
      11928    496.958     15.413     15.518    28.3130    28.2943   5.099652   5.090387     2.2076     1.8205       3.79   28.97154  -90.21198   -0.00675   -0.00949          1  0.000e+00
      11929    497.000     15.436     15.541    28.3128    28.2907   5.099189   5.088942     2.2076     1.8205       3.79   28.97154  -90.21198   -0.00675   -0.00953          1  0.000e+00
      11930    497.042     15.413     15.518    28.3132    28.2899   5.098726   5.089085     2.2088     1.8217       3.79   28.97154  -90.21198   -0.00674   -0.00952          1  0.000e+00
      11931    497.083     15.413     15.518    28.3118    28.2919   5.098262   5.089744     2.2100     1.8217       3.81   28.97154  -90.21198   -0.00669   -0.00951          1  0.000e+00
      11932    497.125     15.383     15.488    28.3106    28.2932   5.098434   5.089585     2.2112     1.8217       3.83   28.97154  -90.21198   -0.00661   -0.00949          1  0.000e+00
      11933    497.167     15.413     15.518    28.3123    28.2930   5.098770   5.089048     2.2125     1.8217       3.83   28.97154  -90.21198   -0.00652   -0.00946          1  0.000e+00
      11934    497.208     15.413     15.518    28.3123    28.2928   5.098897   5.088926     2.2125     1.8230       3.83   28.97154  -90.21198   -0.00643   -0.00941          1  0.000e+00
      11935    497.250     15.383     15.488    28.3112    28.2923   5.098912   5.089161     2.2137     1.8230       3.83   28.97154  -90.21198   -0.00631   -0.00935          1  0.000e+00
      11936    497.292     15.413     15.518    28.3095    28.2924   5.099069   5.089388     2.2149     1.8230       3.83   28.97154  -90.21198   -0.00618   -0.00928          1  0.000e+00
      11937    497.333     15.436     15.541    28.3107    28.2926   5.099652   5.089532     2.2161     1.8242       3.83   28.97154  -90.21198   -0.00599   -0.00917          1  0.000e+00
      11938    497.375     15.413     15.518    28.3143    28.2932   5.100616   5.089676     2.2173     1.8242       3.83   28.97154  -90.21198   -0.00578   -0.00908          1  0.000e+00
      11939    497.417     15.413     15.518    28.3174    28.2937   5.101386   5.089570     2.2173     1.8254       3.83   28.97154  -90.21198   -0.00558   -0.00895          1  0.000e+00
      11940    497.458     15.436     15.541    28.3183    28.2936   5.102073   5.089153     2.2173     1.8254       3.83   28.97154  -90.21198   -0.00537   -0.00883          1  0.000e+00
      11941    497.500     15.360     15.465    28.3193    28.2930   5.102821   5.089055     2.2186     1.8266       3.81   28.97154  -90.21198   -0.00512   -0.00867          1  0.000e+00
      11942    497.542     15.466     15.572    28.3209    28.2926   5.103426   5.089547     2.2198     1.8278       3.81   28.97154  -90.21198   -0.00484   -0.00850          1  0.000e+00
      11943    497.583     15.436     15.541    28.3220    28.2926   5.103792   5.090402     2.2210     1.8278       3.81   28.97154  -90.21198   -0.00457   -0.00832          1  0.000e+00
      11944    497.625     15.413     15.518    28.3224    28.2939   5.104084   5.091204     2.2210     1.8291       3.81   28.97154  -90.21198   -0.00429   -0.00813          1  0.000e+00
      11945    497.667     15.323     15.427    28.3226    28.2956   5.104129   5.091893     2.2210     1.8303       3.81   28.97154  -90.21198   -0.00399   -0.00792          1  0.000e+00
      11946    497.708     15.527     15.632    28.3218    28.3007   5.103665   5.093028     2.2222     1.8315       3.83   28.97154  -90.21198   -0.00366   -0.00769          1  0.000e+00
      11947    497.750     15.413     15.518    28.3196    28.3055   5.102492   5.094633     2.2234     1.8327       3.83   28.97154  -90.21198   -0.00331   -0.00744          1  0.000e+00
      14462    602.542      9.835      9.902    26.2176    26.2345   4.107242   4.116601     3.3272     2.8486       9.23   28.97174  -90.21214    0.00105    0.00051          2  0.000e+00
      14463    602.583      9.820      9.886    26.2160    26.2404   4.106134   4.117322     3.3284     2.8498       9.23   28.97174  -90.21214    0.00101    0.00052          2  0.000e+00
      14464    602.625      9.835      9.902    26.2122    26.2469   4.105041   4.118154     3.3284     2.8498       9.23   28.97174  -90.21214    0.00096    0.00052          2  0.000e+00
      14465    602.667      9.986     10.054    26.2094    26.2500   4.104303   4.118875     3.3284     2.8498       9.23   28.97174  -90.21214    0.00093    0.00053          2  0.000e+00
      14466    602.708      9.948     10.016    26.2080    26.2488   4.104248   4.119687     3.3284     2.8498       9.23   28.97174  -90.21214    0.00090    0.00053          2  0.000e+00
      14467    602.750      9.925      9.993    26.2088    26.2467   4.104795   4.120408     3.3284     2.8498       9.23   28.97174  -90.21214    0.00088    0.00053          2  0.000e+00
      14468    602.792      9.948     10.016    26.2100    26.2486   4.105232   4.121338     3.3284     2.8498       9.23   28.97174  -90.21214    0.00085    0.00053          2  0.000e+00
      14469    602.833      9.925      9.993    26.2122    26.2533   4.105533   4.122468     3.3284     2.8498       9.23   28.97174  -90.21214    0.00081    0.00052          2  0.000e+00
      14470    602.875     10.001     10.069    26.2133    26.2604   4.105943   4.123030     3.3284     2.8498       9.23   28.97174  -90.21214    0.00077    0.00051          2  0.000e+00
      14471    602.917      9.925      9.993    26.2131    26.2633   4.106258   4.123176     3.3284     2.8510       9.23   28.97174  -90.21214    0.00075    0.00052          2  0.000e+00
      14472    602.958      9.948     10.016    26.2136    26.2644   4.106408   4.123648     3.3284     2.8498       9.23   28.97174  -90.21214    0.00072    0.00051          2  0.000e+00
      14473    603.000      9.925      9.993    26.2144    26.2664   4.107051   4.124924     3.3284     2.8498       9.23   28.97174  -90.21214    0.00070    0.00050          2  0.000e+00
      14474    603.042      9.948     10.016    26.2165    26.2679   4.107878   4.126999     3.3284     2.8486       9.23   28.97174  -90.21214    0.00067    0.00048          2  0.000e+00
      14475    603.083      9.925      9.993    26.2187    26.2697   4.108541   4.128630     3.3284     2.8486       9.23   28.97174  -90.21214    0.00064    0.00047          2  0.000e+00
      14476    603.125      9.948     10.016    26.2198    26.2708   4.108801   4.129449     3.3297     2.8486       9.23   28.97174  -90.21214    0.00065    0.00045          2  0.000e+00
      14477    603.167      9.925      9.993    26.2201    26.2706   4.108855   4.129685     3.3284     2.8486       9.23   28.97174  -90.21214    0.00063    0.00043          2  0.000e+00
      14478    603.208      9.948     10.016    26.2196    26.2719   4.108787   4.129956     3.3297     2.8486       9.23   28.97174  -90.21214    0.00062    0.00041          2  0.000e+00
      14479    603.250      9.925      9.993    26.2189    26.2722   4.108363   4.130498     3.3284     2.8486       9.23   28.97174  -90.21214    0.00060    0.00040          2  0.000e+00
      14480    603.292      9.948     10.016    26.2174    26.2723   4.107844   4.131560     3.3284     2.8486       9.23   28.97174  -90.21214    0.00059    0.00040          2  0.000e+00
      14481    603.333      9.925      9.993    26.2160    26.2749   4.107153   4.132456     3.3297     2.8486       9.23   28.97174  -90.21214    0.00058    0.00039          2  0.000e+00
      14482    603.375      9.925      9.993    26.2146    26.2790   4.106613   4.133331     3.3284     2.8486       9.23   28.97174  -90.21214    0.00058    0.00039          2  0.000e+00
      14483    603.417      9.948     10.016    26.2120    26.2817   4.105930   4.134282     3.3284     2.8486       9.23   28.97174  -90.21214    0.00056    0.00039          2  0.000e+00
      14484    603.458      9.925      9.993    26.2104    26.2848   4.105424   4.135220     3.3284     2.8498       9.23   28.97174  -90.21214    0.00054    0.00042          2  0.000e+00
      14485    603.500      9.948     10.016    26.2100    26.2872   4.105506   4.136401     3.3284     2.8498       9.23   28.97174  -90.21214    0.00052    0.00045          2  0.000e+00
      14486    603.542      9.925      9.993    26.2100    26.2902   4.105704   4.137873     3.3284     2.8498       9.23   28.97174  -90.21214    0.00051    0.00049          2  0.000e+00
      14487    603.583      9.948     10.016    26.2108    26.2935   4.105588   4.139145     3.3272     2.8498       9.23   28.97174  -90.21214    0.00049    0.00053          2  0.000e+00
      14488    603.625      9.925      9.993    26.2102    26.2960   4.105294   4.139673     3.3272     2.8510       9.23   28.97174  -90.21214    0.00046    0.00058          2  0.000e+00
      14489    603.667      9.948     10.016    26.2097    26.2978   4.105048   4.139576     3.3272     2.8510       9.23   28.97174  -90.21214    0.00044    0.00064          2  0.000e+00
      14490    603.708      9.925      9.993    26.2093    26.2986   4.105294   4.139520     3.3272     2.8510       9.23   28.97174  -90.21214    0.00041    0.00071          2  0.000e+00
      14491    603.750      9.888      9.955    26.2100    26.2999   4.105765   4.138783     3.3272     2.8523       9.23   28.97174  -90.21214    0.00041    0.00080          2  0.000e+00
      14492    603.792      9.986     10.054    26.2108    26.3013   4.106135   4.136901     3.3272     2.8523       9.23   28.97174  -90.21214    0.00040    0.00089          2  0.000e+00
      14493    603.833      9.888      9.955    26.2129    26.2957   4.106729   4.133844     3.3272     2.8523       9.23   28.97174  -90.21214    0.00039    0.00098          2  0.000e+00
      14494    603.875      9.986     10.054    26.2140    26.2869   4.107249   4.129130     3.3272     2.8523       9.23   28.97174  -90.21214    0.00038    0.00109          2  0.000e+00
      14495    603.917      9.888      9.955    26.2149    26.2755   4.107262   4.124563     3.3272     2.8523       9.23   28.97174  -90.21214    0.00037    0.00117          2  0.000e+00
      14496    603.958      9.986     10.054    26.2149    26.2642   4.106873   4.121358     3.3272     2.8535       9.23   28.97174  -90.21214    0.00037    0.00127          2  0.000e+00
      14497    604.000      9.888      9.955    26.2138    26.2544   4.106620   4.118584     3.3272     2.8535       9.23   28.97174  -90.21214    0.00036    0.00137          2  0.000e+00
      14498    604.042      9.986     10.054    26.2136    26.2460   4.106627   4.116261     3.3272     2.8535       9.23   28.97174  -90.21214    0.00035    0.00147          2  0.000e+00
