GOMECC/GOMECC-4/1db/rb2103_1301.ros
* Sea-Bird SBE 9 Data File:
* FileName = C:\Users\scs.user.rb\CTD\GOMECC4\data\rb2103_1301.hex
* Software Version Seasave V 7.26.7.107
* Temperature SN = 4799
* Conductivity SN = 3860
* Number of Bytes Per Scan = 41
* Number of Voltage Words = 4
* Number of Scans Averaged by the Deck Unit = 1
* NMEA Latitude = 26 52.73 N
* NMEA Longitude = 082 53.32 W
* NMEA UTC (Time) = Oct 19 2021  07:34:17
* NMEA baud rate = 4800
# nquan = 17
# nvalues = 532                                   
# units = specified
# name 0 = scan: Scan Count
# name 1 = timeS: Time, Elapsed [seconds]
# name 2 = depSM: Depth [salt water, m]
# name 3 = prDM: Pressure, Digiquartz [db]
# name 4 = t090C: Temperature [ITS-90, deg C]
# name 5 = t190C: Temperature, 2 [ITS-90, deg C]
# name 6 = c0S/m: Conductivity [S/m]
# name 7 = c1S/m: Conductivity, 2 [S/m]
# name 8 = sbeox0V: Oxygen raw, SBE 43 [V]
# name 9 = sbeox1V: Oxygen raw, SBE 43, 2 [V]
# name 10 = altM: Altimeter [m]
# name 11 = latitude: Latitude [deg]
# name 12 = longitude: Longitude [deg]
# name 13 = sbox0dV/dT: Oxygen, SBE 43 [dov/dt]
# name 14 = sbox1dV/dT: Oxygen, SBE 43, 2 [dov/dt]
# name 15 = nbf: Bottles Fired
# name 16 = flag:  0.000e+00
# interval = seconds: 0.0416667
# start_time = Oct 19 2021 07:34:17 [NMEA time, header]
# bad_flag = -9.990e-29
*END*
[from data line 426]
      16313    679.667      3.803      3.829    28.5861    28.5874   5.832850   5.833177     3.1001     2.6215      27.13   26.87896  -82.88868   -0.00088    0.00048          4  0.000e+00
      16314    679.708      3.756      3.781    28.5861    28.5873   5.832882   5.833145     3.1013     2.6215      27.13   26.87896  -82.88868   -0.00089    0.00047          4  0.000e+00
      16315    679.750      3.803      3.829    28.5863    28.5874   5.832818   5.833169     3.1001     2.6215      27.13   26.87896  -82.88868   -0.00092    0.00045          4  0.000e+00
      16316    679.792      3.803      3.829    28.5861    28.5875   5.832818   5.833217     3.1001     2.6215      27.13   26.87896  -82.88868   -0.00095    0.00043          4  0.000e+00
      16317    679.833      3.797      3.822    28.5861    28.5873   5.832834   5.833161     3.1001     2.6227      27.13   26.87896  -82.88868   -0.00096    0.00045          4  0.000e+00
      16318    679.875      3.803      3.828    28.5861    28.5871   5.832874   5.833169     3.1001     2.6227      27.13   26.87896  -82.88868   -0.00099    0.00047          4  0.000e+00
      16319    679.917      3.803      3.828    28.5865    28.5873   5.832913   5.833145     3.1001     2.6227      27.13   26.87896  -82.88868   -0.00100    0.00049          4  0.000e+00
      16320    679.958      3.803      3.828    28.5863    28.5873   5.832897   5.833201     3.1001     2.6227      27.13   26.87896  -82.88868   -0.00100    0.00050          4  0.000e+00
      16321    680.000      3.756      3.781    28.5866    28.5873   5.832921   5.833121     3.1001     2.6227      27.13   26.87896  -82.88868   -0.00103    0.00052          4  0.000e+00
      16322    680.042      3.803      3.828    28.5869    28.5874   5.832961   5.833193     3.1001     2.6227      27.20   26.87896  -82.88868   -0.00103    0.00053          4  0.000e+00
      16323    680.083      3.803      3.828    28.5874    28.5873   5.832976   5.833193     3.0989     2.6215      27.23   26.87896  -82.88868   -0.00105    0.00053          4  0.000e+00
      16324    680.125      3.756      3.781    28.5874    28.5876   5.833016   5.833217     3.0989     2.6227      27.23   26.87896  -82.88868   -0.00107    0.00054          4  0.000e+00
      16325    680.167      3.803      3.828    28.5881    28.5878   5.833032   5.833193     3.0989     2.6215      27.23   26.87896  -82.88868   -0.00109    0.00054          4  0.000e+00
      16326    680.208      3.796      3.822    28.5878    28.5880   5.832984   5.833289     3.1001     2.6227      27.23   26.87896  -82.88868   -0.00109    0.00055          4  0.000e+00
      16327    680.250      3.756      3.781    28.5879    28.5884   5.832945   5.833257     3.0989     2.6215      27.23   26.87896  -82.88868   -0.00111    0.00055          4  0.000e+00
      16328    680.292      3.756      3.781    28.5874    28.5884   5.833008   5.833225     3.0989     2.6227      27.20   26.87896  -82.88868   -0.00112    0.00056          4  0.000e+00
      16329    680.333      3.803      3.828    28.5874    28.5886   5.832984   5.833193     3.1001     2.6227      27.23   26.87896  -82.88868   -0.00112    0.00057          4  0.000e+00
      16330    680.375      3.756      3.781    28.5872    28.5887   5.833016   5.833257     3.1001     2.6227      27.23   26.87896  -82.88868   -0.00111    0.00056          4  0.000e+00
      16331    680.417      3.756      3.781    28.5872    28.5887   5.832992   5.833281     3.1001     2.6227      27.23   26.87896  -82.88868   -0.00109    0.00057          4  0.000e+00
      16332    680.458      3.756      3.781    28.5872    28.5884   5.832937   5.833241     3.1001     2.6227      27.23   26.87896  -82.88868   -0.00106    0.00058          4  0.000e+00
      16333    680.500      3.702      3.726    28.5872    28.5880   5.832929   5.833265     3.1001     2.6227      27.23   26.87896  -82.88868   -0.00105    0.00059          4  0.000e+00
      16334    680.542      3.756      3.781    28.5870    28.5878   5.832969   5.833281     3.1001     2.6227      27.23   26.87896  -82.88868   -0.00103    0.00059          4  0.000e+00
      16335    680.583      3.702      3.726    28.5870    28.5882   5.832937   5.833209     3.1001     2.6227      27.23   26.87896  -82.88868   -0.00100    0.00060          4  0.000e+00
      16336    680.625      3.702      3.726    28.5869    28.5880   5.832929   5.833209     3.1001     2.6215      27.23   26.87896  -82.88868   -0.00099    0.00059          4  0.000e+00
      16337    680.667      3.654      3.678    28.5865    28.5880   5.832866   5.833193     3.1001     2.6215      27.23   26.87896  -82.88868   -0.00097    0.00058          4  0.000e+00
      16338    680.708      3.702      3.726    28.5861    28.5878   5.832874   5.833185     3.1013     2.6215      27.23   26.87896  -82.88868   -0.00094    0.00056          4  0.000e+00
      16339    680.750      3.654      3.678    28.5863    28.5876   5.832874   5.833185     3.1013     2.6215      27.23   26.87896  -82.88868   -0.00091    0.00055          4  0.000e+00
      16340    680.792      3.654      3.678    28.5865    28.5873   5.832921   5.833185     3.1013     2.6203      27.23   26.87896  -82.88868   -0.00085    0.00052          4  0.000e+00
      16341    680.833      3.654      3.678    28.5863    28.5873   5.832937   5.833145     3.1013     2.6203      27.23   26.87896  -82.88868   -0.00082    0.00049          4  0.000e+00
      16342    680.875      3.654      3.678    28.5863    28.5874   5.832850   5.833169     3.1013     2.6203      27.23   26.87896  -82.88868   -0.00078    0.00046          4  0.000e+00
      16343    680.917      3.600      3.624    28.5861    28.5873   5.832905   5.833185     3.1001     2.6203      27.23   26.87896  -82.88868   -0.00077    0.00043          4  0.000e+00
      16344    680.958      3.607      3.631    28.5861    28.5873   5.832866   5.833185     3.1001     2.6203      27.23   26.87896  -82.88868   -0.00075    0.00040          4  0.000e+00
      16345    681.000      3.607      3.631    28.5859    28.5878   5.832897   5.833249     3.1013     2.6203      27.23   26.87896  -82.88868   -0.00071    0.00037          4  0.000e+00
      16346    681.042      3.607      3.631    28.5861    28.5882   5.832897   5.833241     3.1001     2.6203      27.18   26.87896  -82.88868   -0.00069    0.00034          4  0.000e+00
      16347    681.083      3.553      3.576    28.5859    28.5886   5.832850   5.833233     3.1001     2.6203      27.16   26.87896  -82.88868   -0.00066    0.00031          4  0.000e+00
      16348    681.125      3.607      3.631    28.5859    28.5887   5.832826   5.833265     3.1013     2.6203      27.16   26.87896  -82.88868   -0.00062    0.00028          4  0.000e+00
      16349    681.167      3.553      3.576    28.5859    28.5889   5.832874   5.833313     3.1001     2.6203      27.16   26.87896  -82.88868   -0.00061    0.00024          4  0.000e+00
      16350    681.208      3.505      3.528    28.5861    28.5891   5.832818   5.833289     3.1013     2.6203      27.16   26.87896  -82.88868   -0.00057    0.00021          4  0.000e+00
      16351    681.250      3.553      3.576    28.5859    28.5889   5.832866   5.833313     3.1013     2.6215      27.16   26.87896  -82.88868   -0.00053    0.00020          4  0.000e+00
      16352    681.292      3.505      3.528    28.5861    28.5890   5.832874   5.833329     3.1013     2.6203      27.16   26.87896  -82.88868   -0.00050    0.00017          4  0.000e+00
      16353    681.333      3.505      3.528    28.5861    28.5889   5.832850   5.833281     3.1013     2.6203      27.16   26.87896  -82.88868   -0.00048    0.00014          4  0.000e+00
      16354    681.375      3.505      3.528    28.5863    28.5889   5.832913   5.833273     3.1013     2.6215      27.16   26.87896  -82.88868   -0.00045    0.00013          4  0.000e+00
      16355    681.417      3.505      3.528    28.5861    28.5889   5.832889   5.833353     3.1013     2.6215      27.16   26.87896  -82.88868   -0.00042    0.00011          4  0.000e+00
      16356    681.458      3.458      3.481    28.5861    28.5889   5.832850   5.833337     3.1013     2.6215      27.16   26.87896  -82.88868   -0.00039    0.00010          4  0.000e+00
      16357    681.500      3.505      3.528    28.5861    28.5887   5.832874   5.833329     3.1013     2.6215      27.16   26.87896  -82.88868   -0.00037    0.00008          4  0.000e+00
      16358    681.542      3.458      3.481    28.5861    28.5887   5.832842   5.833361     3.1013     2.6215      27.16   26.87896  -82.88868   -0.00034    0.00009          4  0.000e+00
      16359    681.583      3.458      3.481    28.5861    28.5887   5.832834   5.833337     3.1013     2.6203      27.16   26.87896  -82.88868   -0.00031    0.00005          4  0.000e+00
      16360    681.625      3.451      3.474    28.5861    28.5887   5.832842   5.833313     3.1013     2.6203      27.16   26.87896  -82.88868   -0.00028    0.00004          4  0.000e+00
      16361    681.667      3.458      3.481    28.5859    28.5887   5.832826   5.833289     3.1026     2.6215      27.16   26.87896  -82.88868   -0.00025    0.00002          4  0.000e+00
      16362    681.708      3.458      3.481    28.5857    28.5887   5.832802   5.833281     3.1013     2.6203      27.16   26.87896  -82.88868   -0.00022    0.00001          4  0.000e+00
      16363    681.750      3.458      3.481    28.5857    28.5887   5.832826   5.833313     3.1013     2.6203      27.16   26.87896  -82.88868   -0.00019   -0.00000          4  0.000e+00
      16364    681.792      3.458      3.481    28.5856    28.5887   5.832802   5.833289     3.1026     2.6203      27.16   26.87896  -82.88868   -0.00016   -0.00002          4  0.000e+00
      16365    681.833      3.458      3.481    28.5857    28.5886   5.832818   5.833281     3.1026     2.6203      27.16   26.87896  -82.88868   -0.00013   -0.00003          4  0.000e+00
      16366    681.875      3.410      3.433    28.5854    28.5887   5.832763   5.833313     3.1026     2.6203      27.16   26.87896  -82.88868   -0.00009   -0.00003          4  0.000e+00
      16367    681.917      3.458      3.481    28.5854    28.5886   5.832707   5.833257     3.1038     2.6203      27.16   26.87896  -82.88868   -0.00004   -0.00004          4  0.000e+00
      16368    681.958      3.451      3.474    28.5847    28.5887   5.832723   5.833289     3.1038     2.6203      27.16   26.87896  -82.88868    0.00000   -0.00005          4  0.000e+00
      16369    682.000      3.458      3.481    28.5848    28.5887   5.832707   5.833289     3.1026     2.6203      27.16   26.87896  -82.88868    0.00003   -0.00006          4  0.000e+00
      16370    682.042      3.458      3.481    28.5845    28.5886   5.832731   5.833281     3.1038     2.6203      27.23   26.87896  -82.88868    0.00007   -0.00008          4  0.000e+00
      16371    682.083      3.458      3.481    28.5846    28.5886   5.832699   5.833281     3.1038     2.6203      27.25   26.87896  -82.88868    0.00012   -0.00009          4  0.000e+00
      16372    682.125      3.505      3.528    28.5848    28.5884   5.832731   5.833281     3.1038     2.6203      27.25   26.87896  -82.88868    0.00016   -0.00012          4  0.000e+00
      16373    682.167      3.458      3.481    28.5848    28.5884   5.832747   5.833241     3.1038     2.6203      27.25   26.87896  -82.88868    0.00022   -0.00014          4  0.000e+00
      16374    682.208      3.505      3.528    28.5847    28.5882   5.832747   5.833265     3.1038     2.6203      27.25   26.87896  -82.88868    0.00026   -0.00017          4  0.000e+00
      16375    682.250      3.458      3.481    28.5844    28.5884   5.832731   5.833241     3.1038     2.6203      27.25   26.87896  -82.88868    0.00030   -0.00022          4  0.000e+00
      16376    682.292      3.498      3.521    28.5843    28.5880   5.832668   5.833225     3.1050     2.6215      27.25   26.87896  -82.88868    0.00038   -0.00023          4  0.000e+00
      16377    682.333      3.505      3.528    28.5843    28.5883   5.832652   5.833225     3.1050     2.6215      27.25   26.87896  -82.88868    0.00045   -0.00026          4  0.000e+00
      16378    682.375      3.552      3.576    28.5841    28.5880   5.832628   5.833233     3.1038     2.6215      27.25   26.87896  -82.88868    0.00049   -0.00029          4  0.000e+00
      16379    682.417      3.505      3.528    28.5839    28.5884   5.832676   5.833233     3.1050     2.6215      27.25   26.87896  -82.88868    0.00057   -0.00032          4  0.000e+00
      16380    682.458      3.552      3.576    28.5838    28.5884   5.832628   5.833265     3.1050     2.6227      27.25   26.87896  -82.88868    0.00062   -0.00033          4  0.000e+00
      16381    682.500      3.552      3.576    28.5830    28.5882   5.832620   5.833241     3.1050     2.6215      27.25   26.87896  -82.88868    0.00068   -0.00035          4  0.000e+00
      16382    682.542      3.552      3.576    28.5830    28.5882   5.832573   5.833161     3.1038     2.6227      27.25   26.87896  -82.88868    0.00071   -0.00035          4  0.000e+00
      16383    682.583      3.606      3.630    28.5837    28.5878   5.832628   5.833137     3.1038     2.6227      27.25   26.87896  -82.88868    0.00075   -0.00035          4  0.000e+00
      16384    682.625      3.552      3.576    28.5838    28.5878   5.832628   5.833169     3.1038     2.6227      27.25   26.87896  -82.88868    0.00076   -0.00035          4  0.000e+00
      16385    682.667      3.654      3.678    28.5832    28.5878   5.832533   5.833177     3.1038     2.6227      27.25   26.87896  -82.88868    0.00080   -0.00035          4  0.000e+00
      16386    682.708      3.606      3.630    28.5827    28.5874   5.832581   5.833217     3.1038     2.6227      27.23   26.87896  -82.88868    0.00081   -0.00033          4  0.000e+00
      16387    682.750      3.654      3.678    28.5835    28.5874   5.832565   5.833233     3.1038     2.6227      27.25   26.87896  -82.88868    0.00084   -0.00031          4  0.000e+00
      16388    682.792      3.654      3.678    28.5834    28.5874   5.832573   5.833193     3.1038     2.6227      27.25   26.87896  -82.88868    0.00087   -0.00028          4  0.000e+00
      16389    682.833      3.654      3.678    28.5834    28.5873   5.832597   5.833217     3.1038     2.6227      27.25   26.87896  -82.88868    0.00090   -0.00024          4  0.000e+00
      16390    682.875      3.654      3.678    28.5830    28.5874   5.832534   5.833233     3.1038     2.6227      27.25   26.87896  -82.88868    0.00091   -0.00021          4  0.000e+00
      16391    682.917      3.755      3.780    28.5828    28.5873   5.832557   5.833161     3.1038     2.6227      27.25   26.87896  -82.88868    0.00094   -0.00018          4  0.000e+00
      16392    682.958      3.701      3.726    28.5830    28.5873   5.832557   5.833097     3.1038     2.6227      27.25   26.87896  -82.88868    0.00095   -0.00014          4  0.000e+00
      16393    683.000      3.748      3.773    28.5832    28.5871   5.832557   5.833153     3.1038     2.6227      27.23   26.87896  -82.88868    0.00098   -0.00011          4  0.000e+00
      16394    683.042      3.701      3.726    28.5832    28.5871   5.832605   5.833177     3.1038     2.6227      27.23   26.87896  -82.88868    0.00100   -0.00007          4  0.000e+00
      16395    683.083      3.755      3.780    28.5835    28.5873   5.832644   5.833185     3.1038     2.6227      27.20   26.87896  -82.88868    0.00103   -0.00004          4  0.000e+00
      16396    683.125      3.803      3.828    28.5841    28.5873   5.832684   5.833217     3.1038     2.6227      27.20   26.87896  -82.88868    0.00105   -0.00000          4  0.000e+00
