GOMECC/GOMECC-4/1db/rb2103_1381.cnv
* Sea-Bird SBE 9 Data File:
* FileName = C:\Users\scs.user.rb\CTD\GOMECC4\data\rb2103_1381.hex
* Software Version Seasave V 7.26.7.107
* Temperature SN = 4799
* Conductivity SN = 3860
* Number of Bytes Per Scan = 41
* Number of Voltage Words = 4
* Number of Scans Averaged by the Deck Unit = 1
* NMEA Latitude = 25 52.44 N
* NMEA Longitude = 084 23.57 W
* NMEA UTC (Time) = Oct 20 2021  08:17:47
* NMEA baud rate = 4800
# nquan = 28
# nvalues = 320                         
# units = specified
# name 0 = scan: Scan Count
# name 1 = timeS: Time, Elapsed [seconds]
# name 2 = depSM: Depth [salt water, m]
# name 3 = prDM: Pressure, Digiquartz [db]
# name 4 = t090C: Temperature [ITS-90, deg C]
# name 5 = t190C: Temperature, 2 [ITS-90, deg C]
# name 6 = c0S/m: Conductivity [S/m]
# name 7 = c1S/m: Conductivity, 2 [S/m]
# name 8 = sbeox0V: Oxygen raw, SBE 43 [V]
# name 9 = sbeox1V: Oxygen raw, SBE 43, 2 [V]
# name 10 = altM: Altimeter [m]
# name 11 = latitude: Latitude [deg]
# name 12 = longitude: Longitude [deg]
# name 13 = sbox0dV/dT: Oxygen, SBE 43 [dov/dt]
# name 14 = sbox1dV/dT: Oxygen, SBE 43, 2 [dov/dt]
# name 15 = sbeox0ML/L: Oxygen, SBE 43 [ml/l], WS = 5
# name 16 = sbeox1ML/L: Oxygen, SBE 43, 2 [ml/l], WS = 5
# name 17 = potemp090C: Potential Temperature [ITS-90, deg C]
# name 18 = potemp190C: Potential Temperature, 2 [ITS-90, deg C]
# name 19 = sal00: Salinity, Practical [PSU]
# name 20 = sal11: Salinity, Practical, 2 [PSU]
# name 21 = sigma-é00: Density [sigma-theta, kg/m^3]
# name 22 = sigma-é11: Density, 2 [sigma-theta, kg/m^3]
# name 23 = avgsvCM: Average Sound Velocity [Chen-Millero, m/s], minP = 20, minS = 20
# name 24 = sbox0Mm/Kg: Oxygen, SBE 43 [umol/kg], WS = 5
# name 25 = sbox1Mm/Kg: Oxygen, SBE 43, 2 [umol/kg], WS = 5
# name 26 = nbin: number of scans per bin
# name 27 = flag: flag
# span 0 =      11676,      49373       
# span 1 =    486.442,   2057.155       
# span 2 =      1.987,    201.583       
# span 3 =      2.000,    203.000       
# span 4 =    15.7138,    28.5917       
# span 5 =    15.7149,    28.6061       
# span 6 =   4.490374,   5.762413       
# span 7 =   4.490527,   5.762914       
# span 8 =     1.9197,     3.1860       
# span 9 =     1.5862,     2.7004       
# span 10 =      10.09,     101.57      
# span 11 =   25.50225,   25.98124      
# span 12 =  -84.74127,  -83.17848      
# span 13 =   -0.03456,    0.01600      
# span 14 =   -0.03325,    0.02105      
# span 15 =     2.8310,     4.6933      
# span 16 =     2.8380,     4.6820      
# span 17 =    15.6852,    28.5867      
# span 18 =    15.6864,    28.6011      
# span 19 =    34.8696,    36.5477      
# span 20 =    34.8704,    36.5464      
# span 21 =    22.1832,    26.6791      
# span 22 =    22.1833,    26.6788      
# span 23 =       0.00,    1547.83      
# span 24 =    123.159,    204.625      
# span 25 =    123.465,    204.117      
# span 26 =         30,         70      
# span 27 = 0.0000e+00, 0.0000e+00      
# interval = decibars: 1                
# start_time = Oct 20 2021 08:17:47 [NMEA time, header]
# bad_flag = -9.990e-29
*END*
[from data line 311]
      44416   1850.641     11.922     12.000    28.1158    28.1173   5.651104   5.651378     3.0897     2.6110      98.56   25.50225  -83.17848   -0.00044    0.00008     4.3414     4.3146    28.1129    28.1144    34.8696    34.8704    22.1832    22.1833    1502.91    189.618    188.449         36 0.0000e+00
      45203   1883.436     10.928     11.000    28.5267    28.5280   5.733562   5.733849     3.1384     2.6504     100.00   25.87456  -84.39282    0.00127   -0.00086     4.4105     4.3796    28.5240    28.5254    35.3786    35.3793    22.5068    22.5069    1524.85    192.638    191.286         37 0.0000e+00
      46084   1920.128      9.935     10.000    28.5268    28.5288   5.733595   5.733909     3.1349     2.6474      99.94   25.87458  -84.39281   -0.00068   -0.00084     4.4037     4.3729    28.5244    28.5264    35.3788    35.3795    22.5069    22.5068    1524.85    192.342    190.995         34 0.0000e+00
      46542   1939.212      8.941      9.000    28.5257    28.5277   5.733442   5.733792     3.1346     2.6480      70.85   25.87458  -84.39280   -0.00078    0.00038     4.4026     4.3737    28.5236    28.5256    35.3788    35.3798    22.5072    22.5072    1524.85    192.292    191.029         36 0.0000e+00
      46619   1942.428      7.948      8.000    28.5256    28.5274   5.733391   5.733691     3.1377     2.6521      98.95   25.87460  -84.39281    0.00042    0.00081     4.4079     4.3816    28.5237    28.5255    35.3789    35.3796    22.5072    22.5071    1524.85    192.522    191.376         38 0.0000e+00
      46307   1929.424      5.961      6.000    28.2024    28.2037   5.668366   5.668598     3.1047     2.6224      98.87   25.58195  -83.43824    0.00086    0.00011     4.3616     4.3316    28.2010    28.2023    34.9784    34.9791    22.2524    22.2524    1507.60    190.500    189.193         34 0.0000e+00
      46683   1945.083      3.974      4.000    28.2803    28.2815   5.683763   5.684001     3.1119     2.6296      99.13   25.65125  -83.66425   -0.00035    0.00032     4.3700     4.3424    28.2794    28.2805    35.0729    35.0737    22.3118    22.3121    1511.69    190.868    189.662         52 0.0000e+00
      48185   2007.669      2.980      3.000    28.5296    28.5317   5.733493   5.733826     3.1399     2.6539      96.24   25.87467  -84.39279    0.00025    0.00077     4.4089     4.3822    28.5289    28.5310    35.3781    35.3788    22.5049    22.5047    1524.85    192.566    191.401         53 0.0000e+00
      49373   2057.155      1.987      2.000    28.5309    28.5324   5.733560   5.733830     3.1399     2.6547      98.26   25.87472  -84.39278   -0.00057    0.00031     4.4082     4.3834    28.5304    28.5319    35.3779    35.3786    22.5042    22.5042    1524.85    192.537    191.456         53 0.0000e+00
