GOMECC/GOMECC-4/1db/rb2103_1411.ros
* Sea-Bird SBE 9 Data File:
* FileName = C:\Users\scs.user.rb\CTD\GOMECC4\data\rb2103_1411.hex
* Software Version Seasave V 7.26.7.107
* Temperature SN = 4799
* Conductivity SN = 3860
* Number of Bytes Per Scan = 41
* Number of Voltage Words = 4
* Number of Scans Averaged by the Deck Unit = 1
* NMEA Latitude = 25 34.46 N
* NMEA Longitude = 084 50.56 W
* NMEA UTC (Time) = Oct 20 2021  15:46:56
* NMEA baud rate = 4800
# nquan = 17
# nvalues = 3192                                  
# units = specified
# name 0 = scan: Scan Count
# name 1 = timeS: Time, Elapsed [seconds]
# name 2 = depSM: Depth [salt water, m]
# name 3 = prDM: Pressure, Digiquartz [db]
# name 4 = t090C: Temperature [ITS-90, deg C]
# name 5 = t190C: Temperature, 2 [ITS-90, deg C]
# name 6 = c0S/m: Conductivity [S/m]
# name 7 = c1S/m: Conductivity, 2 [S/m]
# name 8 = sbeox0V: Oxygen raw, SBE 43 [V]
# name 9 = sbeox1V: Oxygen raw, SBE 43, 2 [V]
# name 10 = altM: Altimeter [m]
# name 11 = latitude: Latitude [deg]
# name 12 = longitude: Longitude [deg]
# name 13 = sbox0dV/dT: Oxygen, SBE 43 [dov/dt]
# name 14 = sbox1dV/dT: Oxygen, SBE 43, 2 [dov/dt]
# name 15 = nbf: Bottles Fired
# name 16 = flag:  0.000e+00
# interval = seconds: 0.0416667
# start_time = Oct 20 2021 15:46:56 [NMEA time, header]
# bad_flag = -9.990e-29
*END*
[from data line 1703]
     215360   8973.292    620.366    625.350     7.4249     7.4261   3.589534   3.589491     1.6300     1.3248     100.00   25.57408  -84.84382    0.00002   -0.00010         13  0.000e+00
     215361   8973.333    620.414    625.399     7.4251     7.4261   3.589495   3.589485     1.6288     1.3248     100.00   25.57408  -84.84382   -0.00000   -0.00012         13  0.000e+00
     215362   8973.375    620.380    625.364     7.4250     7.4264   3.589469   3.589472     1.6300     1.3260     100.00   25.57408  -84.84382 -8.792e-07   -0.00012         13  0.000e+00
     215363   8973.417    620.366    625.350     7.4253     7.4263   3.589547   3.589518     1.6300     1.3260     100.00   25.57408  -84.84382 -5.275e-07   -0.00011         13  0.000e+00
     215364   8973.458    620.435    625.419     7.4253     7.4264   3.589540   3.589537     1.6300     1.3260     100.00   25.57408  -84.84382 -1.758e-07   -0.00011         13  0.000e+00
     215365   8973.500    620.469    625.454     7.4250     7.4264   3.589566   3.589511     1.6300     1.3248     100.00   25.57408  -84.84382 1.7583e-07   -0.00013         13  0.000e+00
     215366   8973.542    620.414    625.399     7.4253     7.4265   3.589521   3.589524     1.6300     1.3260     100.00   25.57408  -84.84382 5.2752e-07   -0.00012         13  0.000e+00
     215367   8973.583    620.482    625.467     7.4253     7.4264   3.589534   3.589537     1.6300     1.3260     100.00   25.57408  -84.84382 8.7920e-07   -0.00012         13  0.000e+00
     215368   8973.625    620.469    625.454     7.4253     7.4264   3.589566   3.589537     1.6288     1.3260     100.00   25.57408  -84.84382   -0.00002   -0.00012         13  0.000e+00
     215369   8973.667    620.483    625.468     7.4252     7.4263   3.589540   3.589511     1.6300     1.3260     100.00   25.57408  -84.84382   -0.00002   -0.00012         13  0.000e+00
     215370   8973.708    620.517    625.502     7.4248     7.4263   3.589521   3.589505     1.6300     1.3260     100.00   25.57408  -84.84382   -0.00001   -0.00011         13  0.000e+00
     215371   8973.750    620.571    625.557     7.4249     7.4261   3.589527   3.589505     1.6300     1.3260     100.00   25.57408  -84.84382   -0.00001   -0.00011         13  0.000e+00
     215372   8973.792    620.483    625.468     7.4248     7.4259   3.589521   3.589452     1.6300     1.3260     100.00   25.57408  -84.84382   -0.00001   -0.00011         13  0.000e+00
     215373   8973.833    620.571    625.557     7.4251     7.4257   3.589527   3.589459     1.6300     1.3260     100.00   25.57408  -84.84382   -0.00001   -0.00010         13  0.000e+00
     215374   8973.875    620.585    625.571     7.4249     7.4257   3.589521   3.589472     1.6313     1.3260     100.00   25.57408  -84.84382    0.00001   -0.00010         13  0.000e+00
     215375   8973.917    620.571    625.557     7.4248     7.4257   3.589501   3.589446     1.6300     1.3260     100.00   25.57408  -84.84382    0.00001   -0.00010         13  0.000e+00
     215376   8973.958    620.571    625.557     7.4245     7.4256   3.589488   3.589413     1.6300     1.3260     100.00   25.57408  -84.84382    0.00001   -0.00010         13  0.000e+00
     215377   8974.000    620.633    625.619     7.4244     7.4251   3.589469   3.589406     1.6300     1.3260     100.00   25.57408  -84.84382    0.00001   -0.00009         13  0.000e+00
     215378   8974.042    620.619    625.605     7.4241     7.4253   3.589456   3.589406     1.6300     1.3260     100.00   25.57408  -84.84382    0.00001   -0.00009         13  0.000e+00
     215379   8974.083    620.633    625.619     7.4238     7.4244   3.589430   3.589334     1.6300     1.3260     100.00   25.57408  -84.84382    0.00001   -0.00009         13  0.000e+00
     215380   8974.125    620.619    625.605     7.4237     7.4235   3.589430   3.589262     1.6300     1.3260     100.00   25.57408  -84.84382    0.00001   -0.00008         13  0.000e+00
     215381   8974.167    620.722    625.709     7.4238     7.4231   3.589449   3.589196     1.6300     1.3248     100.00   25.57408  -84.84382    0.00001   -0.00010         13  0.000e+00
     215382   8974.208    620.633    625.619     7.4239     7.4233   3.589391   3.589255     1.6300     1.3260     100.00   25.57408  -84.84382    0.00001   -0.00010         13  0.000e+00
     215383   8974.250    620.667    625.654     7.4237     7.4235   3.589430   3.589255     1.6300     1.3260     100.00   25.57408  -84.84382    0.00001   -0.00009         13  0.000e+00
     215384   8974.292    620.687    625.674     7.4238     7.4242   3.589436   3.589268     1.6300     1.3260     100.00   25.57408  -84.84382    0.00001   -0.00009         13  0.000e+00
     215385   8974.333    620.667    625.654     7.4239     7.4244   3.589423   3.589321     1.6300     1.3260     100.00   25.57408  -84.84382   -0.00001   -0.00009         13  0.000e+00
     219808   9158.625    519.968    524.018     8.8028     8.7922   3.724908   3.723719     1.6178     1.3126     100.00   25.57408  -84.84386    0.00006   -0.00025         14  0.000e+00
     219809   9158.667    519.818    523.867     8.8037     8.7909   3.724954   3.723619     1.6166     1.3126     100.00   25.57408  -84.84386    0.00006   -0.00025         14  0.000e+00
     219810   9158.708    519.818    523.867     8.8041     8.7894   3.725000   3.723539     1.6166     1.3126     100.00   25.57408  -84.84386    0.00005   -0.00026         14  0.000e+00
     219811   9158.750    519.921    523.970     8.8035     8.7886   3.724954   3.723526     1.6166     1.3126     100.00   25.57408  -84.84386    0.00005   -0.00026         14  0.000e+00
     219812   9158.792    519.873    523.922     8.8035     8.7908   3.724993   3.723552     1.6166     1.3126     100.00   25.57410  -84.84386    0.00005   -0.00026         14  0.000e+00
     219813   9158.833    519.921    523.970     8.8045     8.7920   3.725059   3.723606     1.6166     1.3126     100.00   25.57410  -84.84386    0.00006   -0.00027         14  0.000e+00
     219814   9158.875    519.921    523.970     8.8051     8.7910   3.725105   3.723552     1.6166     1.3126     100.00   25.57410  -84.84386    0.00006   -0.00027         14  0.000e+00
     219815   9158.917    519.921    523.970     8.8057     8.7904   3.725184   3.723579     1.6166     1.3126     100.00   25.57410  -84.84386    0.00006   -0.00027         14  0.000e+00
     219816   9158.958    519.969    524.018     8.8063     8.7910   3.725210   3.723586     1.6166     1.3126     100.00   25.57410  -84.84386    0.00005   -0.00028         14  0.000e+00
     219817   9159.000    519.921    523.970     8.8059     8.7901   3.725184   3.723619     1.6166     1.3126     100.00   25.57410  -84.84386    0.00005   -0.00028         14  0.000e+00
     219818   9159.042    519.921    523.970     8.8051     8.7899   3.725125   3.723679     1.6178     1.3138     100.00   25.57410  -84.84386    0.00006   -0.00026         14  0.000e+00
     219819   9159.083    519.969    524.018     8.8048     8.7902   3.725085   3.723672     1.6166     1.3126     100.00   25.57410  -84.84386    0.00006   -0.00028         14  0.000e+00
     219820   9159.125    520.023    524.073     8.8046     8.7903   3.725079   3.723652     1.6166     1.3126     100.00   25.57410  -84.84386    0.00006   -0.00028         14  0.000e+00
     219821   9159.167    519.969    524.018     8.8046     8.7909   3.725098   3.723632     1.6166     1.3126     100.00   25.57410  -84.84386    0.00006   -0.00028         14  0.000e+00
     219822   9159.208    519.969    524.018     8.8050     8.7940   3.725131   3.723872     1.6166     1.3126     100.00   25.57410  -84.84386    0.00005   -0.00030         14  0.000e+00
     219823   9159.250    519.969    524.018     8.8049     8.7979   3.725164   3.724345     1.6166     1.3138     100.00   25.57410  -84.84386    0.00005   -0.00029         14  0.000e+00
     219824   9159.292    520.023    524.074     8.8053     8.8026   3.725177   3.724778     1.6166     1.3126     100.00   25.57410  -84.84386    0.00005   -0.00029         14  0.000e+00
     219825   9159.333    520.023    524.074     8.8040     8.8048   3.725098   3.724898     1.6166     1.3126     100.00   25.57410  -84.84386    0.00002   -0.00029         14  0.000e+00
     219826   9159.375    520.023    524.074     8.8036     8.8027   3.725098   3.724492     1.6178     1.3138     100.00   25.57410  -84.84386    0.00004   -0.00027         14  0.000e+00
     219827   9159.417    520.023    524.074     8.8053     8.7977   3.725112   3.724079     1.6178     1.3138     100.00   25.57410  -84.84386    0.00005   -0.00027         14  0.000e+00
     219828   9159.458    520.023    524.074     8.8056     8.7975   3.725085   3.723952     1.6178     1.3126     100.00   25.57410  -84.84386    0.00007   -0.00027         14  0.000e+00
     219829   9159.500    520.023    524.074     8.8048     8.7961   3.725151   3.723905     1.6166     1.3126     100.00   25.57410  -84.84386    0.00006   -0.00027         14  0.000e+00
     219830   9159.542    520.071    524.122     8.8041     8.7955   3.725197   3.723965     1.6166     1.3126     100.00   25.57410  -84.84386    0.00006   -0.00027         14  0.000e+00
     219831   9159.583    520.023    524.074     8.8037     8.7942   3.725184   3.723912     1.6166     1.3126     100.00   25.57410  -84.84386    0.00005   -0.00029         14  0.000e+00
     219832   9159.625    520.119    524.170     8.8043     8.7920   3.725197   3.723766     1.6166     1.3126     100.00   25.57410  -84.84386    0.00005   -0.00031         14  0.000e+00
     219833   9159.667    520.023    524.074     8.8049     8.7905   3.725230   3.723652     1.6166     1.3126     100.00   25.57410  -84.84386    0.00004   -0.00031         14  0.000e+00
     219834   9159.708    520.119    524.170     8.8068     8.7901   3.725342   3.723619     1.6166     1.3126     100.00   25.57410  -84.84386    0.00004   -0.00030         14  0.000e+00
     219835   9159.750    520.071    524.122     8.8087     8.7907   3.725493   3.723652     1.6166     1.3126     100.00   25.57410  -84.84386    0.00003   -0.00030         14  0.000e+00
     219836   9159.792    520.071    524.122     8.8090     8.7915   3.725559   3.723686     1.6166     1.3126     100.00   25.57410  -84.84386    0.00003   -0.00030         14  0.000e+00
     219837   9159.833    520.119    524.170     8.8095     8.7931   3.725618   3.723786     1.6166     1.3138     100.00   25.57410  -84.84386    0.00002   -0.00028         14  0.000e+00
     219838   9159.875    520.119    524.170     8.8109     8.7940   3.725736   3.723879     1.6178     1.3138     100.00   25.57410  -84.84386    0.00004   -0.00026         14  0.000e+00
     219839   9159.917    520.071    524.122     8.8124     8.7948   3.725815   3.723872     1.6166     1.3138     100.00   25.57410  -84.84386    0.00003   -0.00024         14  0.000e+00
     219840   9159.958    520.119    524.170     8.8132     8.7944   3.725835   3.723879     1.6166     1.3138     100.00   25.57410  -84.84386    0.00003   -0.00022         14  0.000e+00
     219841   9160.000    520.071    524.122     8.8126     8.7912   3.725835   3.723846     1.6166     1.3126     100.00   25.57410  -84.84386    0.00002   -0.00022         14  0.000e+00
     219842   9160.042    520.119    524.170     8.8116     8.7892   3.725809   3.723732     1.6166     1.3126     100.00   25.57410  -84.84386    0.00002   -0.00022         14  0.000e+00
     219843   9160.083    520.119    524.170     8.8118     8.7895   3.725782   3.723739     1.6166     1.3138     100.00   25.57410  -84.84386    0.00001   -0.00020         14  0.000e+00
     219844   9160.125    520.119    524.170     8.8115     8.7907   3.725723   3.723712     1.6166     1.3126     100.00   25.57410  -84.84386    0.00003   -0.00020         14  0.000e+00
     219845   9160.167    520.071    524.122     8.8110     8.7917   3.725703   3.723719     1.6166     1.3126     100.00   25.57410  -84.84386    0.00002   -0.00019         14  0.000e+00
     219846   9160.208    520.119    524.170     8.8105     8.7912   3.725749   3.723719     1.6166     1.3138     100.00   25.57410  -84.84386    0.00002   -0.00017         14  0.000e+00
     219847   9160.250    520.119    524.170     8.8105     8.7917   3.725743   3.723699     1.6166     1.3126     100.00   25.57410  -84.84386    0.00001   -0.00017         14  0.000e+00
     219848   9160.292    520.119    524.170     8.8100     8.7917   3.725736   3.723719     1.6178     1.3126     100.00   25.57410  -84.84386    0.00002   -0.00018         14  0.000e+00
     219849   9160.333    520.071    524.122     8.8100     8.7909   3.725736   3.723692     1.6178     1.3126     100.00   25.57410  -84.84386    0.00004   -0.00020         14  0.000e+00
     219850   9160.375    520.119    524.170     8.8103     8.7907   3.725782   3.723666     1.6166     1.3126     100.00   25.57410  -84.84386    0.00003   -0.00019         14  0.000e+00
     219851   9160.417    520.119    524.170     8.8107     8.7912   3.725848   3.723639     1.6166     1.3126     100.00   25.57410  -84.84386    0.00003   -0.00019         14  0.000e+00
     219852   9160.458    520.072    524.122     8.8114     8.7912   3.725841   3.723679     1.6166     1.3138     100.00   25.57410  -84.84386    0.00002   -0.00017         14  0.000e+00
     219853   9160.500    520.119    524.170     8.8118     8.7918   3.725835   3.723686     1.6166     1.3138     100.00   25.57410  -84.84386    0.00002   -0.00015         14  0.000e+00
     219854   9160.542    520.072    524.122     8.8121     8.7918   3.725835   3.723746     1.6166     1.3126     100.00   25.57410  -84.84386    0.00003   -0.00014         14  0.000e+00
     219855   9160.583    520.072    524.122     8.8124     8.7916   3.725835   3.723739     1.6166     1.3138     100.00   25.57410  -84.84386    0.00002   -0.00012         14  0.000e+00
     219856   9160.625    520.119    524.170     8.8124     8.7922   3.725809   3.723792     1.6166     1.3138     100.00   25.57410  -84.84386    0.00002   -0.00010         14  0.000e+00
     219857   9160.667    520.072    524.122     8.8123     8.7923   3.725848   3.723779     1.6166     1.3138     100.00   25.57410  -84.84386    0.00001   -0.00008         14  0.000e+00
     219858   9160.708    520.072    524.122     8.8123     8.7921   3.725868   3.723786     1.6178     1.3138     100.00   25.57410  -84.84386    0.00003   -0.00007         14  0.000e+00
     219859   9160.750    520.072    524.122     8.8123     8.7923   3.725841   3.723839     1.6166     1.3126     100.00   25.57410  -84.84386    0.00002   -0.00009         14  0.000e+00
     219860   9160.792    520.024    524.074     8.8123     8.7918   3.725835   3.723832     1.6166     1.3138     100.00   25.57410  -84.84386    0.00002   -0.00006         14  0.000e+00
     219861   9160.833    519.983    524.033     8.8123     8.7922   3.725769   3.723899     1.6166     1.3126     100.00   25.57410  -84.84386    0.00001   -0.00006         14  0.000e+00
     219862   9160.875    520.119    524.170     8.8120     8.7930   3.725638   3.723866     1.6166     1.3126     100.00   25.57410  -84.84386    0.00000   -0.00007         14  0.000e+00
     219863   9160.917    520.072    524.122     8.8111     8.7933   3.725578   3.723832     1.6166     1.3138     100.00   25.57410  -84.84386 -5.275e-07   -0.00005         14  0.000e+00
     219864   9160.958    520.072    524.122     8.8116     8.7935   3.725546   3.723832     1.6166     1.3126     100.00   25.57410  -84.84386   -0.00001   -0.00005         14  0.000e+00
     219865   9161.000    520.024    524.074     8.8123     8.7935   3.725539   3.723819     1.6166     1.3138     100.00   25.57410  -84.84386   -0.00001   -0.00002         14  0.000e+00
