GOMECC/GOMECC-4/1db/rb2103_0051.ros
* Sea-Bird SBE 9 Data File:
* FileName = C:\Users\scs.user.rb\CTD\GOMECC4\data\rb2103_005.hex
* Software Version Seasave V 7.26.7.107
* Temperature SN = 4799
* Conductivity SN = 3860
* Number of Bytes Per Scan = 41
* Number of Voltage Words = 4
* Number of Scans Averaged by the Deck Unit = 1
* NMEA Latitude = 26 59.47 N
* NMEA Longitude = 079 56.01 W
* NMEA UTC (Time) = Sep 15 2021  02:01:09
* NMEA baud rate = 4800
# nquan = 17
# nvalues = 1729                                  
# units = specified
# name 0 = scan: Scan Count
# name 1 = timeS: Time, Elapsed [seconds]
# name 2 = depSM: Depth [salt water, m]
# name 3 = prDM: Pressure, Digiquartz [db]
# name 4 = t090C: Temperature [ITS-90, deg C]
# name 5 = t190C: Temperature, 2 [ITS-90, deg C]
# name 6 = c0S/m: Conductivity [S/m]
# name 7 = c1S/m: Conductivity, 2 [S/m]
# name 8 = sbeox0V: Oxygen raw, SBE 43 [V]
# name 9 = sbeox1V: Oxygen raw, SBE 43, 2 [V]
# name 10 = altM: Altimeter [m]
# name 11 = latitude: Latitude [deg]
# name 12 = longitude: Longitude [deg]
# name 13 = sbox0dV/dT: Oxygen, SBE 43 [dov/dt]
# name 14 = sbox1dV/dT: Oxygen, SBE 43, 2 [dov/dt]
# name 15 = nbf: Bottles Fired
# name 16 = flag:  0.000e+00
# interval = seconds: 0.0416667
# start_time = Sep 15 2021 02:01:09 [NMEA time, header]
# bad_flag = -9.990e-29
*END*
[from data line 852]
      36612   1525.458     55.703     56.080    27.5254    27.5140   5.735964   5.734968     3.1453     2.6764      97.83   26.99980  -79.93158   -0.00003    0.00006          7  0.000e+00
      36613   1525.500     55.703     56.080    27.5261    27.5142   5.736043   5.735015     3.1453     2.6764      97.83   26.99980  -79.93158    0.00004    0.00004          7  0.000e+00
      36614   1525.542     55.756     56.133    27.5267    27.5146   5.736137   5.735055     3.1453     2.6764      97.83   26.99980  -79.93158    0.00010    0.00002          7  0.000e+00
      36615   1525.583     55.756     56.133    27.5267    27.5143   5.736098   5.735023     3.1453     2.6764      97.83   26.99980  -79.93158    0.00016    0.00001          7  0.000e+00
      36616   1525.625     55.703     56.080    27.5270    27.5151   5.736137   5.735119     3.1465     2.6777      97.80   26.99980  -79.93158    0.00024    0.00003          7  0.000e+00
      36617   1525.667     55.756     56.133    27.5270    27.5159   5.736090   5.735230     3.1453     2.6777      97.83   26.99980  -79.93158    0.00031    0.00005          7  0.000e+00
      36618   1525.708     55.756     56.133    27.5267    27.5159   5.736035   5.735143     3.1453     2.6777      97.83   26.99980  -79.93158    0.00037    0.00007          7  0.000e+00
      36619   1525.750     55.703     56.080    27.5258    27.5146   5.735988   5.734864     3.1453     2.6777      97.83   26.99980  -79.93158    0.00043    0.00009          7  0.000e+00
      36620   1525.792     55.809     56.186    27.5252    27.5116   5.735933   5.734490     3.1453     2.6777      97.83   26.99982  -79.93156    0.00049    0.00010          7  0.000e+00
      36621   1525.833     55.756     56.133    27.5247    27.5091   5.735854   5.734204     3.1453     2.6789      97.83   26.99982  -79.93156    0.00056    0.00013          7  0.000e+00
      36622   1525.875     55.756     56.133    27.5245    27.5058   5.735839   5.733949     3.1453     2.6789      97.83   26.99982  -79.93156    0.00062    0.00015          7  0.000e+00
      36623   1525.917     55.756     56.133    27.5243    27.5041   5.735862   5.733885     3.1453     2.6801      97.83   26.99982  -79.93156    0.00068    0.00020          7  0.000e+00
      36624   1525.958     55.756     56.133    27.5245    27.5038   5.735846   5.733854     3.1453     2.6801      97.83   26.99982  -79.93156    0.00074    0.00024          7  0.000e+00
      36625   1526.000     55.756     56.133    27.5243    27.5014   5.735799   5.733591     3.1453     2.6813      97.80   26.99982  -79.93156    0.00080    0.00029          7  0.000e+00
      36626   1526.042     55.809     56.186    27.5240    27.4988   5.735815   5.733400     3.1453     2.6813      97.80   26.99982  -79.93156    0.00084    0.00033          7  0.000e+00
      36627   1526.083     55.756     56.133    27.5241    27.5001   5.735799   5.733583     3.1453     2.6813      97.80   26.99982  -79.93156    0.00090    0.00038          7  0.000e+00
      36628   1526.125     55.809     56.186    27.5240    27.5019   5.735823   5.733726     3.1453     2.6813      97.80   26.99982  -79.93156    0.00094    0.00042          7  0.000e+00
      36629   1526.167     55.756     56.133    27.5238    27.5023   5.735839   5.733710     3.1465     2.6825      97.80   26.99982  -79.93156    0.00100    0.00047          7  0.000e+00
      36630   1526.208     55.809     56.186    27.5240    27.5028   5.735831   5.733838     3.1465     2.6813      97.80   26.99982  -79.93156    0.00105    0.00049          7  0.000e+00
      36631   1526.250     55.817     56.194    27.5243    27.5060   5.735831   5.734100     3.1465     2.6825      97.80   26.99982  -79.93156    0.00111    0.00053          7  0.000e+00
      36632   1526.292     55.809     56.186    27.5241    27.5065   5.735870   5.734148     3.1465     2.6825      97.80   26.99982  -79.93156    0.00116    0.00055          7  0.000e+00
      36633   1526.333     55.817     56.194    27.5241    27.5047   5.735839   5.733981     3.1465     2.6825      97.80   26.99982  -79.93156    0.00120    0.00058          7  0.000e+00
      36634   1526.375     55.756     56.133    27.5243    27.5021   5.735799   5.733718     3.1465     2.6838      97.80   26.99982  -79.93156    0.00125    0.00061          7  0.000e+00
      36635   1526.417     55.817     56.194    27.5244    27.5015   5.735823   5.733726     3.1465     2.6838      97.80   26.99982  -79.93156    0.00130    0.00063          7  0.000e+00
      36636   1526.458     55.870     56.247    27.5240    27.5025   5.735791   5.733750     3.1465     2.6838      97.80   26.99982  -79.93156    0.00135    0.00065          7  0.000e+00
      36637   1526.500     55.817     56.194    27.5238    27.4990   5.735784   5.733456     3.1465     2.6838      97.80   26.99982  -79.93156    0.00140    0.00066          7  0.000e+00
      36638   1526.542     55.809     56.186    27.5238    27.4968   5.735752   5.733265     3.1465     2.6838      97.80   26.99982  -79.93156    0.00145    0.00066          7  0.000e+00
      36639   1526.583     55.817     56.194    27.5243    27.4968   5.735705   5.733265     3.1477     2.6838      97.80   26.99982  -79.93156    0.00151    0.00066          7  0.000e+00
      36640   1526.625     55.809     56.186    27.5236    27.4960   5.735650   5.733241     3.1465     2.6825      97.80   26.99982  -79.93156    0.00156    0.00064          7  0.000e+00
      36641   1526.667     55.870     56.247    27.5234    27.4964   5.735572   5.733265     3.1465     2.6825      97.80   26.99982  -79.93156    0.00158    0.00061          7  0.000e+00
      36642   1526.708     55.809     56.186    27.5192    27.4966   5.735265   5.733328     3.1465     2.6825      97.80   26.99982  -79.93156    0.00161    0.00057          7  0.000e+00
      36643   1526.750     55.817     56.194    27.5155    27.4984   5.734959   5.733464     3.1477     2.6825      97.80   26.99982  -79.93156    0.00165    0.00052          7  0.000e+00
      36644   1526.792     55.870     56.247    27.5154    27.5010   5.734959   5.733687     3.1465     2.6825      97.80   26.99982  -79.93156    0.00169    0.00047          7  0.000e+00
      36645   1526.833     55.817     56.194    27.5175    27.5021   5.735203   5.733710     3.1477     2.6813      97.80   26.99982  -79.93156    0.00173    0.00039          7  0.000e+00
      36646   1526.875     55.809     56.186    27.5240    27.5001   5.735579   5.733519     3.1477     2.6813      97.80   26.99982  -79.93156    0.00176    0.00033          7  0.000e+00
      36647   1526.917     55.870     56.247    27.5278    27.4990   5.735941   5.733464     3.1465     2.6801      97.80   26.99982  -79.93156    0.00178    0.00025          7  0.000e+00
      36648   1526.958     55.870     56.247    27.5274    27.4982   5.736058   5.733424     3.1465     2.6801      97.78   26.99982  -79.93156    0.00180    0.00018          7  0.000e+00
      36649   1527.000     55.809     56.186    27.5270    27.4993   5.736035   5.733559     3.1465     2.6801      97.56   26.99982  -79.93156    0.00181    0.00009          7  0.000e+00
      36650   1527.042     55.930     56.308    27.5274    27.5011   5.736090   5.733679     3.1465     2.6789      97.44   26.99982  -79.93156    0.00182   -0.00001          7  0.000e+00
      36651   1527.083     55.809     56.186    27.5274    27.5026   5.736043   5.733734     3.1465     2.6789      97.41   26.99982  -79.93156    0.00183   -0.00011          7  0.000e+00
      36652   1527.125     55.817     56.194    27.5260    27.4971   5.736058   5.733217     3.1465     2.6789      97.41   26.99982  -79.93156    0.00184   -0.00019          7  0.000e+00
      36653   1527.167     55.923     56.301    27.5261    27.4929   5.736098   5.732843     3.1465     2.6789      97.44   26.99982  -79.93156    0.00185   -0.00027          7  0.000e+00
      36654   1527.208     55.817     56.194    27.5260    27.4947   5.736082   5.733010     3.1465     2.6789      97.44   26.99982  -79.93156    0.00186   -0.00036          7  0.000e+00
      36655   1527.250     55.870     56.247    27.5261    27.4971   5.736074   5.733233     3.1465     2.6789      97.44   26.99982  -79.93156    0.00187   -0.00043          7  0.000e+00
      36656   1527.292     55.817     56.194    27.5258    27.4947   5.735996   5.732891     3.1465     2.6789      97.44   26.99982  -79.93156    0.00187   -0.00050          7  0.000e+00
      36657   1527.333     55.870     56.247    27.5251    27.4894   5.735972   5.732437     3.1465     2.6789      97.44   26.99982  -79.93156    0.00187   -0.00057          7  0.000e+00
      36658   1527.375     55.870     56.247    27.5250    27.4896   5.735909   5.732437     3.1465     2.6777      97.44   26.99982  -79.93156    0.00188   -0.00064          7  0.000e+00
      36659   1527.417     55.809     56.186    27.5250    27.4913   5.735917   5.732620     3.1465     2.6789      97.44   26.99982  -79.93156    0.00188   -0.00069          7  0.000e+00
      36660   1527.458     55.930     56.308    27.5252    27.4894   5.735956   5.732413     3.1465     2.6777      97.44   26.99982  -79.93156    0.00186   -0.00074          7  0.000e+00
      36661   1527.500     55.809     56.186    27.5250    27.4887   5.735972   5.732437     3.1465     2.6777      97.44   26.99982  -79.93156    0.00186   -0.00079          7  0.000e+00
      36662   1527.542     55.817     56.194    27.5248    27.4940   5.735909   5.732859     3.1465     2.6777      97.44   26.99982  -79.93156    0.00185   -0.00084          7  0.000e+00
      36663   1527.583     55.870     56.247    27.5247    27.4984   5.735878   5.733273     3.1453     2.6777      97.44   26.99982  -79.93156    0.00181   -0.00087          7  0.000e+00
      36664   1527.625     55.870     56.247    27.5247    27.4970   5.735878   5.733153     3.1453     2.6777      97.44   26.99982  -79.93156    0.00177   -0.00090          7  0.000e+00
      36665   1527.667     55.809     56.186    27.5248    27.4964   5.735956   5.733050     3.1453     2.6777      97.44   26.99982  -79.93156    0.00172   -0.00091          7  0.000e+00
      36666   1527.708     55.817     56.194    27.5250    27.4951   5.735933   5.732986     3.1453     2.6789      97.44   26.99982  -79.93156    0.00170   -0.00090          7  0.000e+00
      36667   1527.750     55.870     56.247    27.5254    27.4957   5.735996   5.733090     3.1441     2.6777      97.44   26.99982  -79.93156    0.00163   -0.00089          7  0.000e+00
      36668   1527.792     55.870     56.247    27.5258    27.4979   5.735988   5.733344     3.1441     2.6777      97.41   26.99984  -79.93156    0.00159   -0.00088          7  0.000e+00
      36669   1527.833     55.809     56.186    27.5256    27.5004   5.736043   5.733559     3.1441     2.6777      97.44   26.99984  -79.93156    0.00154   -0.00085          7  0.000e+00
      36670   1527.875     55.817     56.194    27.5258    27.5032   5.735996   5.733814     3.1441     2.6777      97.44   26.99984  -79.93156    0.00149   -0.00082          7  0.000e+00
      36671   1527.917     55.870     56.247    27.5254    27.5056   5.735980   5.733989     3.1441     2.6764      97.44   26.99984  -79.93156    0.00144   -0.00079          7  0.000e+00
      36672   1527.958     55.817     56.194    27.5256    27.5058   5.735980   5.734029     3.1429     2.6764      97.41   26.99984  -79.93156    0.00138   -0.00075          7  0.000e+00
      36673   1528.000     55.870     56.247    27.5258    27.5045   5.736003   5.733885     3.1429     2.6764      97.41   26.99984  -79.93156    0.00131   -0.00071          7  0.000e+00
      36674   1528.042     55.817     56.194    27.5256    27.5012   5.735988   5.733480     3.1429     2.6764      97.41   26.99984  -79.93156    0.00124   -0.00068          7  0.000e+00
      36675   1528.083     55.809     56.186    27.5251    27.5001   5.736011   5.733400     3.1429     2.6764      97.41   26.99984  -79.93156    0.00115   -0.00065          7  0.000e+00
      36676   1528.125     55.870     56.247    27.5254    27.5015   5.736019   5.733559     3.1429     2.6764      97.41   26.99984  -79.93156    0.00107   -0.00062          7  0.000e+00
      36677   1528.167     55.809     56.187    27.5258    27.5038   5.736019   5.733862     3.1429     2.6764      97.41   26.99984  -79.93156    0.00098   -0.00059          7  0.000e+00
      36678   1528.208     55.817     56.194    27.5258    27.5052   5.736027   5.734005     3.1429     2.6764      97.41   26.99984  -79.93156    0.00091   -0.00056          7  0.000e+00
      36679   1528.250     55.809     56.187    27.5258    27.5050   5.736019   5.733989     3.1429     2.6764      97.41   26.99984  -79.93156    0.00082   -0.00054          7  0.000e+00
      36680   1528.292     55.870     56.247    27.5265    27.5054   5.736090   5.734053     3.1429     2.6764      97.41   26.99984  -79.93156    0.00073   -0.00051          7  0.000e+00
      36681   1528.333     55.757     56.133    27.5265    27.5038   5.736153   5.733758     3.1429     2.6764      97.41   26.99984  -79.93156    0.00064   -0.00051          7  0.000e+00
      36682   1528.375     55.809     56.187    27.5270    27.4942   5.736192   5.732978     3.1429     2.6764      97.41   26.99984  -79.93156    0.00055   -0.00050          7  0.000e+00
      36683   1528.417     55.817     56.194    27.5270    27.4929   5.736176   5.732899     3.1429     2.6764      97.41   26.99984  -79.93156    0.00046   -0.00049          7  0.000e+00
      36684   1528.458     55.809     56.187    27.5267    27.4993   5.736129   5.733511     3.1441     2.6764      97.41   26.99984  -79.93156    0.00039   -0.00048          7  0.000e+00
      36685   1528.500     55.817     56.194    27.5261    27.5036   5.736011   5.733806     3.1429     2.6764      97.41   26.99984  -79.93156    0.00029   -0.00048          7  0.000e+00
      36686   1528.542     55.757     56.133    27.5245    27.5034   5.735862   5.733806     3.1441     2.6764      97.41   26.99984  -79.93156    0.00022   -0.00047          7  0.000e+00
      36687   1528.583     55.817     56.194    27.5228    27.5019   5.735760   5.733655     3.1441     2.6764      97.41   26.99984  -79.93156    0.00016   -0.00047          7  0.000e+00
      36688   1528.625     55.757     56.133    27.5216    27.5006   5.735634   5.733480     3.1441     2.6777      97.41   26.99984  -79.93156    0.00008   -0.00045          7  0.000e+00
      36689   1528.667     55.870     56.247    27.5212    27.4968   5.735556   5.733066     3.1441     2.6764      97.41   26.99984  -79.93156    0.00002   -0.00045          7  0.000e+00
      36690   1528.708     55.757     56.133    27.5177    27.4933   5.735336   5.732835     3.1441     2.6777      97.41   26.99984  -79.93156   -0.00004   -0.00043          7  0.000e+00
      39006   1625.208     45.069     45.372    28.7420    28.7442   5.854499   5.855570     3.1709     2.7082     100.00   27.00060  -79.93142   -0.00012    0.00348          8  0.000e+00
      39007   1625.250     45.296     45.601    28.7419    28.7438   5.854499   5.855386     3.1709     2.7082     100.00   27.00060  -79.93142   -0.00011    0.00354          8  0.000e+00
      39008   1625.292     45.303     45.608    28.7422    28.7433   5.854570   5.855217     3.1709     2.7082     100.00   27.00060  -79.93142   -0.00010    0.00361          8  0.000e+00
      39009   1625.333     45.296     45.601    28.7420    28.7427   5.854626   5.855113     3.1709     2.7070     100.00   27.00060  -79.93142   -0.00008    0.00366          8  0.000e+00
      39010   1625.375     45.235     45.540    28.7422    28.7422   5.854602   5.855057     3.1709     2.7082     100.00   27.00060  -79.93142   -0.00007    0.00372          8  0.000e+00
