GOMECC/GOMECC-4/1db/rb2103_0131.ros
* Sea-Bird SBE 9 Data File:
* FileName = C:\Users\scs.user.rb\CTD\GOMECC4\data\rb2103_0131.hex
* Software Version Seasave V 7.26.7.107
* Temperature SN = 4799
* Conductivity SN = 3860
* Number of Bytes Per Scan = 41
* Number of Voltage Words = 4
* Number of Scans Averaged by the Deck Unit = 1
* NMEA Latitude = 26 53.26 N
* NMEA Longitude = 084 39.99 W
* NMEA UTC (Time) = Sep 18 2021  19:15:07
* NMEA baud rate = 4800
# nquan = 17
# nvalues = 1995                                  
# units = specified
# name 0 = scan: Scan Count
# name 1 = timeS: Time, Elapsed [seconds]
# name 2 = depSM: Depth [salt water, m]
# name 3 = prDM: Pressure, Digiquartz [db]
# name 4 = t090C: Temperature [ITS-90, deg C]
# name 5 = t190C: Temperature, 2 [ITS-90, deg C]
# name 6 = c0S/m: Conductivity [S/m]
# name 7 = c1S/m: Conductivity, 2 [S/m]
# name 8 = sbeox0V: Oxygen raw, SBE 43 [V]
# name 9 = sbeox1V: Oxygen raw, SBE 43, 2 [V]
# name 10 = altM: Altimeter [m]
# name 11 = latitude: Latitude [deg]
# name 12 = longitude: Longitude [deg]
# name 13 = sbox0dV/dT: Oxygen, SBE 43 [dov/dt]
# name 14 = sbox1dV/dT: Oxygen, SBE 43, 2 [dov/dt]
# name 15 = nbf: Bottles Fired
# name 16 = flag:  0.000e+00
# interval = seconds: 0.0416667
# start_time = Sep 18 2021 19:15:07 [NMEA time, header]
# bad_flag = -9.990e-29
*END*
[from data line 1703]
      67568   2815.292     20.143     20.277    28.7303    28.7429   5.727670   5.729474     3.1368     2.6752     100.00   26.88812  -84.66650    0.00003    0.00096         13  0.000e+00
      67569   2815.333     20.174     20.308    28.7342    28.7427   5.727835   5.729434     3.1368     2.6752     100.00   26.88812  -84.66650   -0.00002    0.00100         13  0.000e+00
      67570   2815.375     20.174     20.308    28.7356    28.7431   5.727906   5.729561     3.1368     2.6752     100.00   26.88812  -84.66650   -0.00007    0.00102         13  0.000e+00
      67571   2815.417     20.204     20.338    28.7343    28.7438   5.727811   5.729824     3.1368     2.6752     100.00   26.88812  -84.66650   -0.00012    0.00104         13  0.000e+00
      67572   2815.458     20.174     20.308    28.7329    28.7442   5.727741   5.729895     3.1355     2.6752     100.00   26.88812  -84.66650   -0.00018    0.00107         13  0.000e+00
      67573   2815.500     20.174     20.308    28.7330    28.7444   5.727537   5.729967     3.1368     2.6740     100.00   26.88812  -84.66650   -0.00023    0.00108         13  0.000e+00
      67574   2815.542     20.174     20.308    28.7316    28.7444   5.727380   5.730023     3.1355     2.6740     100.00   26.88812  -84.66650   -0.00030    0.00109         13  0.000e+00
      67575   2815.583     20.143     20.277    28.7308    28.7444   5.727286   5.729967     3.1355     2.6728     100.00   26.88812  -84.66650   -0.00037    0.00108         13  0.000e+00
      67576   2815.625     20.174     20.308    28.7299    28.7442   5.727223   5.729832     3.1368     2.6728     100.00   26.88812  -84.66650   -0.00042    0.00109         13  0.000e+00
      67577   2815.667     20.174     20.308    28.7294    28.7436   5.727215   5.729728     3.1355     2.6716     100.00   26.88812  -84.66650   -0.00048    0.00108         13  0.000e+00
      67578   2815.708     20.174     20.308    28.7290    28.7436   5.727286   5.729633     3.1368     2.6716     100.00   26.88812  -84.66650   -0.00051    0.00107         13  0.000e+00
      67579   2815.750     20.143     20.278    28.7283    28.7433   5.727380   5.729569     3.1368     2.6716     100.00   26.88812  -84.66650   -0.00054    0.00105         13  0.000e+00
      67580   2815.792     20.174     20.308    28.7288    28.7433   5.727615   5.729490     3.1368     2.6703     100.00   26.88812  -84.66650   -0.00057    0.00102         13  0.000e+00
      67581   2815.833     20.174     20.308    28.7311    28.7429   5.727914   5.729506     3.1368     2.6703     100.00   26.88812  -84.66650   -0.00060    0.00101         13  0.000e+00
      67582   2815.875     20.143     20.278    28.7341    28.7427   5.728110   5.729410     3.1368     2.6691     100.00   26.88812  -84.66650   -0.00063    0.00098         13  0.000e+00
      67583   2815.917     20.121     20.255    28.7369    28.7425   5.728329   5.729338     3.1368     2.6703     100.00   26.88812  -84.66650   -0.00066    0.00096         13  0.000e+00
      67584   2815.958     20.174     20.308    28.7382    28.7425   5.728565   5.729402     3.1368     2.6691     100.00   26.88812  -84.66650   -0.00067    0.00093         13  0.000e+00
      67585   2816.000     20.121     20.255    28.7389    28.7422   5.728628   5.729354     3.1368     2.6691     100.00   26.88812  -84.66650   -0.00068    0.00089         13  0.000e+00
      67586   2816.042     20.143     20.278    28.7394    28.7418   5.728659   5.729187     3.1368     2.6691     100.00   26.88812  -84.66650   -0.00069    0.00084         13  0.000e+00
      67587   2816.083     20.174     20.308    28.7387    28.7409   5.728651   5.728965     3.1380     2.6703     100.00   26.88812  -84.66650   -0.00068    0.00081         13  0.000e+00
      67588   2816.125     20.121     20.255    28.7376    28.7390   5.728526   5.728726     3.1368     2.6691     100.00   26.88812  -84.66650   -0.00069    0.00076         13  0.000e+00
      67589   2816.167     20.174     20.308    28.7343    28.7382   5.728345   5.728527     3.1368     2.6691     100.00   26.88812  -84.66650   -0.00069    0.00071         13  0.000e+00
      67590   2816.208     20.091     20.224    28.7334    28.7376   5.728259   5.728487     3.1380     2.6691     100.00   26.88812  -84.66650   -0.00068    0.00066         13  0.000e+00
      67591   2816.250     20.174     20.308    28.7346    28.7382   5.728180   5.728583     3.1380     2.6703     100.00   26.88812  -84.66650   -0.00067    0.00063         13  0.000e+00
      67592   2816.292     20.121     20.255    28.7351    28.7388   5.728117   5.728694     3.1380     2.6691     100.00   26.88812  -84.66650   -0.00066    0.00058         13  0.000e+00
      67593   2816.333     20.121     20.255    28.7343    28.7388   5.728039   5.728718     3.1380     2.6703     100.00   26.88812  -84.66650   -0.00065    0.00054         13  0.000e+00
      71443   2976.750      3.984      4.011    28.8813    28.8693   5.711413   5.709792     3.1453     2.6801     100.00   26.88816  -84.66654    0.00019    0.00146         14  0.000e+00
      71444   2976.792      3.886      3.912    28.8813    28.8686   5.711389   5.709728     3.1453     2.6813     100.00   26.88816  -84.66654    0.00024    0.00152         14  0.000e+00
      71445   2976.833      3.818      3.843    28.8818    28.8675   5.711436   5.709728     3.1453     2.6813     100.00   26.88816  -84.66654    0.00029    0.00160         14  0.000e+00
      71446   2976.875      3.780      3.805    28.8829    28.8672   5.711421   5.709784     3.1453     2.6813     100.00   26.88816  -84.66654    0.00034    0.00165         14  0.000e+00
      71447   2976.917      3.886      3.912    28.8820    28.8683   5.711484   5.709792     3.1453     2.6813     100.00   26.88816  -84.66654    0.00041    0.00173         14  0.000e+00
      71448   2976.958      3.878      3.904    28.8816    28.8711   5.711507   5.709903     3.1453     2.6813     100.00   26.88816  -84.66654    0.00046    0.00179         14  0.000e+00
      71449   2977.000      3.833      3.859    28.8816    28.8724   5.711484   5.710038     3.1453     2.6813     100.00   26.88816  -84.66654    0.00050    0.00186         14  0.000e+00
      71450   2977.042      3.878      3.904    28.8820    28.8727   5.711499   5.710141     3.1465     2.6813     100.00   26.88816  -84.66654    0.00057    0.00192         14  0.000e+00
      71451   2977.083      3.833      3.859    28.8820    28.8738   5.711436   5.710308     3.1465     2.6813     100.00   26.88816  -84.66654    0.00063    0.00199         14  0.000e+00
      71452   2977.125      3.780      3.805    28.8816    28.8750   5.711484   5.710388     3.1465     2.6813     100.00   26.88816  -84.66654    0.00070    0.00204         14  0.000e+00
      71453   2977.167      3.879      3.904    28.8820    28.8748   5.711437   5.710475     3.1465     2.6801     100.00   26.88816  -84.66654    0.00076    0.00208         14  0.000e+00
      71454   2977.208      3.780      3.805    28.8820    28.8744   5.711421   5.710396     3.1465     2.6801     100.00   26.88816  -84.66654    0.00082    0.00212         14  0.000e+00
      71455   2977.250      3.833      3.859    28.8824    28.8744   5.711452   5.710388     3.1465     2.6801     100.00   26.88816  -84.66654    0.00088    0.00216         14  0.000e+00
      71456   2977.292      3.818      3.843    28.8827    28.8751   5.711421   5.710443     3.1465     2.6801     100.00   26.88816  -84.66654    0.00094    0.00219         14  0.000e+00
      71457   2977.333      3.780      3.805    28.8826    28.8765   5.711444   5.710555     3.1465     2.6801     100.00   26.88816  -84.66654    0.00099    0.00224         14  0.000e+00
      71458   2977.375      3.818      3.843    28.8824    28.8785   5.711460   5.710658     3.1465     2.6801     100.00   26.88816  -84.66654    0.00105    0.00227         14  0.000e+00
      71459   2977.417      3.780      3.805    28.8824    28.8796   5.711468   5.710721     3.1465     2.6801     100.00   26.88816  -84.66654    0.00109    0.00231         14  0.000e+00
      71460   2977.458      3.833      3.859    28.8822    28.8792   5.711429   5.710761     3.1465     2.6789     100.00   26.88816  -84.66654    0.00113    0.00233         14  0.000e+00
      71461   2977.500      3.765      3.790    28.8826    28.8778   5.711413   5.710777     3.1465     2.6789     100.00   26.88816  -84.66654    0.00116    0.00236         14  0.000e+00
      71462   2977.542      3.780      3.805    28.8833    28.8770   5.711483   5.710713     3.1465     2.6789     100.00   26.88816  -84.66654    0.00120    0.00238         14  0.000e+00
      71463   2977.583      3.833      3.859    28.8840    28.8762   5.711578   5.710642     3.1465     2.6777     100.00   26.88816  -84.66654    0.00124    0.00238         14  0.000e+00
      71464   2977.625      3.765      3.790    28.8853    28.8753   5.711538   5.710634     3.1465     2.6777     100.00   26.88816  -84.66654    0.00129    0.00239         14  0.000e+00
      71465   2977.667      3.780      3.805    28.8859    28.8740   5.711679   5.710642     3.1465     2.6777     100.00   26.88816  -84.66654    0.00134    0.00239         14  0.000e+00
      71466   2977.708      3.765      3.790    28.8877    28.8733   5.711875   5.710602     3.1465     2.6764     100.00   26.88816  -84.66654    0.00140    0.00237         14  0.000e+00
      71467   2977.750      3.780      3.805    28.8894    28.8724   5.711993   5.710626     3.1465     2.6764     100.00   26.88816  -84.66654    0.00145    0.00235         14  0.000e+00
      71468   2977.792      3.780      3.805    28.8903    28.8724   5.712048   5.710634     3.1465     2.6752     100.00   26.88816  -84.66654    0.00148    0.00232         14  0.000e+00
      71469   2977.833      3.765      3.790    28.8905    28.8725   5.712111   5.710563     3.1477     2.6752     100.00   26.88816  -84.66654    0.00155    0.00227         14  0.000e+00
      71470   2977.875      3.780      3.805    28.8914    28.8731   5.712181   5.710507     3.1477     2.6752     100.00   26.88816  -84.66654    0.00159    0.00221         14  0.000e+00
      71471   2977.917      3.720      3.745    28.8926    28.8729   5.712236   5.710459     3.1477     2.6752     100.00   26.88816  -84.66654    0.00164    0.00216         14  0.000e+00
      71472   2977.958      3.765      3.790    28.8945    28.8733   5.712353   5.710483     3.1477     2.6740     100.00   26.88816  -84.66654    0.00170    0.00208         14  0.000e+00
      71473   2978.000      3.780      3.805    28.8952    28.8738   5.712424   5.710467     3.1477     2.6740     100.00   26.88816  -84.66654    0.00175    0.00199         14  0.000e+00
      71474   2978.042      3.765      3.790    28.8959    28.8738   5.712440   5.710555     3.1465     2.6740     100.00   26.88816  -84.66654    0.00177    0.00190         14  0.000e+00
      71475   2978.083      3.833      3.859    28.8965    28.8741   5.712487   5.710594     3.1477     2.6740     100.00   26.88816  -84.66654    0.00181    0.00181         14  0.000e+00
      71476   2978.125      3.720      3.745    28.8971    28.8761   5.712487   5.710658     3.1477     2.6740     100.00   26.88816  -84.66654    0.00185    0.00169         14  0.000e+00
      71477   2978.167      3.765      3.790    28.8964    28.8781   5.712518   5.710793     3.1465     2.6728     100.00   26.88816  -84.66654    0.00186    0.00156         14  0.000e+00
      71478   2978.208      3.720      3.745    28.8961    28.8798   5.712495   5.710928     3.1465     2.6728     100.00   26.88816  -84.66654    0.00186    0.00143         14  0.000e+00
      71479   2978.250      3.780      3.806    28.8961    28.8787   5.712518   5.710896     3.1477     2.6728     100.00   26.88816  -84.66654    0.00188    0.00130         14  0.000e+00
      71480   2978.292      3.818      3.844    28.8956    28.8759   5.712440   5.710801     3.1477     2.6728     100.00   26.88816  -84.66654    0.00189    0.00117         14  0.000e+00
      71481   2978.333      3.780      3.806    28.8949    28.8735   5.712393   5.710674     3.1477     2.6728     100.00   26.88816  -84.66654    0.00191    0.00104         14  0.000e+00
      71482   2978.375      3.765      3.790    28.8938    28.8724   5.712283   5.710602     3.1477     2.6728     100.00   26.88816  -84.66654    0.00192    0.00091         14  0.000e+00
      71483   2978.417      3.781      3.806    28.8928    28.8715   5.712252   5.710594     3.1465     2.6728     100.00   26.88816  -84.66654    0.00190    0.00077         14  0.000e+00
      71484   2978.458      3.781      3.806    28.8939    28.8714   5.712181   5.710555     3.1465     2.6728     100.00   26.88816  -84.66654    0.00187    0.00065         14  0.000e+00
      71485   2978.500      3.818      3.844    28.8971    28.8711   5.712173   5.710507     3.1465     2.6728     100.00   26.88816  -84.66654    0.00184    0.00054         14  0.000e+00
      71486   2978.542      3.781      3.806    28.8976    28.8712   5.712267   5.710499     3.1465     2.6728     100.00   26.88816  -84.66654    0.00181    0.00042         14  0.000e+00
      71487   2978.583      3.781      3.806    28.8960    28.8709   5.712330   5.710531     3.1477     2.6728     100.00   26.88816  -84.66654    0.00180    0.00030         14  0.000e+00
      71488   2978.625      3.765      3.790    28.8985    28.8715   5.712416   5.710507     3.1465     2.6740     100.00   26.88816  -84.66654    0.00175    0.00022         14  0.000e+00
      71489   2978.667      3.833      3.859    28.9022    28.8733   5.712510   5.710531     3.1477     2.6740     100.00   26.88816  -84.66654    0.00173    0.00013         14  0.000e+00
      71490   2978.708      3.765      3.790    28.8998    28.8742   5.712534   5.710610     3.1465     2.6740     100.00   26.88816  -84.66654    0.00169    0.00007         14  0.000e+00
      71491   2978.750      3.833      3.859    28.8956    28.8750   5.712408   5.710634     3.1465     2.6740     100.00   26.88816  -84.66654    0.00165   -0.00002         14  0.000e+00
      71492   2978.792      3.833      3.859    28.8958    28.8774   5.712416   5.710809     3.1465     2.6740     100.00   26.88816  -84.66654    0.00161   -0.00008         14  0.000e+00
      71493   2978.833      3.818      3.844    28.8959    28.8777   5.712369   5.710912     3.1477     2.6740     100.00   26.88816  -84.66654    0.00159   -0.00015         14  0.000e+00
      71494   2978.875      3.833      3.859    28.8917    28.8766   5.712307   5.710992     3.1477     2.6740     100.00   26.88816  -84.66654    0.00158   -0.00020         14  0.000e+00
      71495   2978.917      3.818      3.844    28.8888    28.8768   5.712228   5.710976     3.1477     2.6740     100.00   26.88816  -84.66654    0.00155   -0.00025         14  0.000e+00
      71496   2978.958      3.833      3.859    28.8851    28.8776   5.712040   5.710936     3.1477     2.6728     100.00   26.88816  -84.66654    0.00154   -0.00031         14  0.000e+00
      71497   2979.000      3.833      3.859    28.8840    28.8779   5.711938   5.710817     3.1477     2.6728     100.00   26.88816  -84.66654    0.00152   -0.00038         14  0.000e+00
      71498   2979.042      3.879      3.905    28.8835    28.8773   5.711923   5.710642     3.1477     2.6728     100.00   26.88816  -84.66654    0.00150   -0.00044         14  0.000e+00
      71499   2979.083      3.834      3.859    28.8822    28.8747   5.711883   5.710451     3.1477     2.6716     100.00   26.88816  -84.66654    0.00148   -0.00052         14  0.000e+00
      71500   2979.125      3.886      3.912    28.8809    28.8712   5.711876   5.710364     3.1477     2.6716      59.78   26.88816  -84.66654    0.00146   -0.00060         14  0.000e+00
