GOMECC/GOMECC-4/1db/rb2103_0731.cnv
* Sea-Bird SBE 9 Data File:
* FileName = C:\Users\scs.user.rb\CTD\GOMECC4\data\rb2103_0731.hex
* Software Version Seasave V 7.26.7.107
* Temperature SN = 4799
* Conductivity SN = 3860
* Number of Bytes Per Scan = 41
* Number of Voltage Words = 4
* Number of Scans Averaged by the Deck Unit = 1
* NMEA Latitude = 26 03.44 N
* NMEA Longitude = 093 15.71 W
* NMEA UTC (Time) = Oct 04 2021  10:15:47
* NMEA baud rate = 4800
# nquan = 28
# nvalues = 968                         
# units = specified
# name 0 = scan: Scan Count
# name 1 = timeS: Time, Elapsed [seconds]
# name 2 = depSM: Depth [salt water, m]
# name 3 = prDM: Pressure, Digiquartz [db]
# name 4 = t090C: Temperature [ITS-90, deg C]
# name 5 = t190C: Temperature, 2 [ITS-90, deg C]
# name 6 = c0S/m: Conductivity [S/m]
# name 7 = c1S/m: Conductivity, 2 [S/m]
# name 8 = sbeox0V: Oxygen raw, SBE 43 [V]
# name 9 = sbeox1V: Oxygen raw, SBE 43, 2 [V]
# name 10 = altM: Altimeter [m]
# name 11 = latitude: Latitude [deg]
# name 12 = longitude: Longitude [deg]
# name 13 = sbox0dV/dT: Oxygen, SBE 43 [dov/dt]
# name 14 = sbox1dV/dT: Oxygen, SBE 43, 2 [dov/dt]
# name 15 = sbeox0ML/L: Oxygen, SBE 43 [ml/l], WS = 5
# name 16 = sbeox1ML/L: Oxygen, SBE 43, 2 [ml/l], WS = 5
# name 17 = potemp090C: Potential Temperature [ITS-90, deg C]
# name 18 = potemp190C: Potential Temperature, 2 [ITS-90, deg C]
# name 19 = sal00: Salinity, Practical [PSU]
# name 20 = sal11: Salinity, Practical, 2 [PSU]
# name 21 = sigma-é00: Density [sigma-theta, kg/m^3]
# name 22 = sigma-é11: Density, 2 [sigma-theta, kg/m^3]
# name 23 = avgsvCM: Average Sound Velocity [Chen-Millero, m/s], minP = 20, minS = 20
# name 24 = sbox0Mm/Kg: Oxygen, SBE 43 [umol/kg], WS = 5
# name 25 = sbox1Mm/Kg: Oxygen, SBE 43, 2 [umol/kg], WS = 5
# name 26 = nbin: number of scans per bin
# name 27 = flag: flag
# span 0 =      13404,     219014       
# span 1 =    558.470,   9125.533       
# span 2 =      2.980,   3088.686       
# span 3 =      3.000,   3132.000       
# span 4 =     4.3159,    28.9724       
# span 5 =     4.3168,    28.9681       
# span 6 =   3.357952,   5.878144       
# span 7 =   3.357893,   5.875901       
# span 8 =     1.5742,     3.2318       
# span 9 =     1.2766,     2.7665       
# span 10 =       9.35,     102.48      
# span 11 =   25.90704,   26.11278      
# span 12 =  -93.45430,  -92.71786      
# span 13 =   -0.03513,    0.03222      
# span 14 =   -0.03932,    0.03294      
# span 15 =     2.4559,     4.8618      
# span 16 =     2.4713,     4.8791      
# span 17 =     4.0832,    28.9642      
# span 18 =     4.0844,    28.9598      
# span 19 =    30.8219,    36.5307      
# span 20 =    34.9062,    36.5317      
# span 21 =    19.9650,    27.7607      
# span 22 =    22.5999,    27.7592      
# span 23 =       0.00,    1586.82      
# span 24 =    106.786,    211.982      
# span 25 =    107.457,    212.741      
# span 26 =         30,         71      
# span 27 = 0.0000e+00, 0.0000e+00      
# interval = decibars: 1                
# start_time = Oct 04 2021 10:15:47 [NMEA time, header]
# bad_flag = -9.990e-29
*END*
[from data line 570]
     118965   4956.828   2463.139   2494.000     4.3320     4.3331   3.388880   3.388840     1.8023     1.4871     100.00   26.05888  -93.26490    0.00001    0.00022     4.6210     4.6333     4.1083     4.1094    34.9734    34.9718    27.7536    27.7522    1503.07    200.802    201.335         31 0.0000e+00
     119259   4969.081   2451.356   2482.000     4.3312     4.3323   3.388325   3.388291     1.8042     1.4883     100.00   26.05876  -93.26448    0.00017    0.00009     4.6222     4.6317     4.1089     4.1099    34.9731    34.9716    27.7534    27.7521    1503.06    200.855    201.264         30 0.0000e+00
     119432   4976.312   2444.482   2475.000     4.3310     4.3321   3.388040   3.388002     1.8052     1.4890     100.00   26.05879  -93.26453    0.00012    0.00011     4.6223     4.6305     4.1095     4.1105    34.9732    34.9716    27.7533    27.7520    1503.06    200.857    201.213         31 0.0000e+00
     120843   5035.078   2388.502   2418.000     4.3274     4.3284   3.385506   3.385466     1.8123     1.4961     100.00   26.05900  -93.26527    0.00009    0.00011     4.6188     4.6297     4.1120     4.1129    34.9733    34.9718    27.7532    27.7519    1503.07    200.706    201.181         32 0.0000e+00
     121017   5042.331   2381.626   2411.000     4.3270     4.3280   3.385161   3.385120     1.8133     1.4969     100.00   26.05882  -93.26455    0.00007    0.00015     4.6189     4.6292     4.1123     4.1133    34.9728    34.9714    27.7528    27.7515    1503.06    200.708    201.160         30 0.0000e+00
     121514   5063.035   2361.980   2391.000     4.3255     4.3264   3.384243   3.384202     1.8164     1.4996      97.84   26.05880  -93.26447    0.00014    0.00010     4.6200     4.6296     4.1129     4.1139    34.9729    34.9714    27.7527    27.7515    1503.06    200.759    201.176         30 0.0000e+00
     121636   5068.132   2357.068   2386.000     4.3253     4.3263   3.384061   3.384022     1.8169     1.5002     100.00   26.05908  -93.26549    0.00005    0.00007     4.6193     4.6292     4.1133     4.1143    34.9732    34.9717    27.7529    27.7517    1503.08    200.729    201.158         30 0.0000e+00
     122639   5109.937   2316.786   2345.000     4.3233     4.3243   3.382279   3.382238     1.8219     1.5049     100.00   26.05919  -93.26577    0.00013    0.00013     4.6159     4.6266     4.1156     4.1166    34.9733    34.9717    27.7528    27.7514    1503.08    200.578    201.044         30 0.0000e+00
     122812   5117.104   2309.908   2338.000     4.3229     4.3239   3.381935   3.381891     1.8231     1.5060     100.00   26.05898  -93.26504    0.00016    0.00011     4.6167     4.6271     4.1160     4.1169    34.9728    34.9714    27.7524    27.7511    1503.07    200.616    201.068         30 0.0000e+00
     123593   5149.661   2278.463   2306.000     4.3210     4.3219   3.380497   3.380456     1.8271     1.5100     100.00   26.05895  -93.26496    0.00015    0.00011     4.6149     4.6266     4.1174     4.1183    34.9727    34.9713    27.7521    27.7509    1503.07    200.534    201.045         31 0.0000e+00
     126580   5274.136   2175.250   2201.000     4.3174     4.3183   3.376048   3.376010     1.8414     1.5238      99.88   26.05960  -93.26720    0.00001   -0.00001     4.6116     4.6259     4.1248     4.1257    34.9730    34.9716    27.7516    27.7504    1503.10    200.393    201.015         50 0.0000e+00
     127031   5292.923   2174.267   2200.000     4.3179     4.3189   3.375986   3.375951     1.8415     1.5238     100.00   26.05903  -93.26515    0.00004   -0.00000     4.6111     4.6251     4.1254     4.1263    34.9722    34.9708    27.7509    27.7497    1503.07    200.372    200.978         54 0.0000e+00
     127730   5322.060   2173.283   2199.000     4.3183     4.3193   3.375990   3.375931     1.8415     1.5239     100.00   26.05906  -93.26518   -0.00002    0.00002     4.6104     4.6248     4.1259     4.1268    34.9722    34.9706    27.7508    27.7494    1503.07    200.341    200.965         38 0.0000e+00
     127912   5329.644   2168.367   2194.000     4.3182     4.3193   3.375831   3.375792     1.8426     1.5246      76.77   26.05946  -93.26661    0.00012    0.00018     4.6121     4.6248     4.1262     4.1274    34.9729    34.9713    27.7514    27.7499    1503.09    200.414    200.969         34 0.0000e+00
     127950   5331.197   2167.384   2193.000     4.3182     4.3192   3.375739   3.375695     1.8427     1.5245     100.14   26.05906  -93.26518    0.00011    0.00009     4.6119     4.6240     4.1264     4.1274    34.9722    34.9706    27.7508    27.7494    1503.07    200.408    200.934         42 0.0000e+00
     128491   5353.753   2146.734   2172.000     4.3182     4.3191   3.374871   3.374830     1.8453     1.5267     100.00   26.05899  -93.26489    0.00010    0.00009     4.6102     4.6212     4.1285     4.1294    34.9719    34.9704    27.7503    27.7490    1503.06    200.334    200.812         32 0.0000e+00
     128643   5360.076   2140.834   2166.000     4.3174     4.3183   3.374608   3.374555     1.8463     1.5274      61.72   26.05925  -93.26580    0.00009    0.00004     4.6108     4.6210     4.1284     4.1293    34.9723    34.9708    27.7507    27.7493    1503.08    200.357    200.803         39 0.0000e+00
     128793   5366.325   2134.934   2160.000     4.3168     4.3178   3.374301   3.374263     1.8472     1.5287     100.00   26.05924  -93.26581    0.00017    0.00023     4.6110     4.6231     4.1284     4.1293    34.9722    34.9708    27.7505    27.7493    1503.08    200.366    200.893         33 0.0000e+00
     128971   5373.747   2128.050   2153.000     4.3161     4.3169   3.373912   3.373859     1.8480     1.5299     100.00   26.05878  -93.26408    0.00013    0.00022     4.6101     4.6243     4.1285     4.1293    34.9716    34.9702    27.7501    27.7488    1503.05    200.329    200.943         30 0.0000e+00
     129097   5378.999   2123.133   2148.000     4.3162     4.3172   3.373791   3.373753     1.8487     1.5299     100.00   26.05940  -93.26628    0.00013    0.00002     4.6100     4.6215     4.1291     4.1300    34.9724    34.9710    27.7507    27.7494    1503.09    200.325    200.821         30 0.0000e+00
     129127   5380.257   2122.150   2147.000     4.3162     4.3172   3.373703   3.373671     1.8488     1.5301     100.00   26.05910  -93.26522    0.00008    0.00002     4.6095     4.6217     4.1291     4.1301    34.9719    34.9705    27.7502    27.7490    1503.07    200.303    200.832         32 0.0000e+00
     129249   5385.316   2117.232   2142.000     4.3170     4.3181   3.373599   3.373580     1.8497     1.5306     100.00   26.05932  -93.26602    0.00019    0.00001     4.6104     4.6204     4.1304     4.1316    34.9722    34.9708    27.7504    27.7491    1503.08    200.343    200.776         32 0.0000e+00
     129279   5386.576   2116.249   2141.000     4.3171     4.3184   3.373538   3.373525     1.8497     1.5310     100.00   26.05910  -93.26524    0.00013   -0.00005     4.6098     4.6217     4.1306     4.1319    34.9718    34.9704    27.7500    27.7487    1503.07    200.314    200.833         30 0.0000e+00
     129402   5391.700   2111.331   2136.000     4.3218     4.3227   3.373742   3.373706     1.8503     1.5311     100.00   26.05916  -93.26546    0.00011    0.00000     4.6086     4.6187     4.1358     4.1366    34.9716    34.9703    27.7493    27.7482    1503.07    200.264    200.701         30 0.0000e+00
     129555   5398.067   2105.430   2130.000     4.3226     4.3236   3.373591   3.373556     1.8500     1.5311     100.00   26.05933  -93.26604   -0.00002   -0.00001     4.6035     4.6150     4.1372     4.1382    34.9718    34.9704    27.7493    27.7481    1503.08    200.041    200.541         30 0.0000e+00
     129707   5404.401   2099.529   2124.000     4.3232     4.3240   3.373393   3.373345     1.8503     1.5313     100.00   26.05924  -93.26569    0.00011    0.00008     4.6012     4.6121     4.1384     4.1392    34.9717    34.9702    27.7491    27.7478    1503.08    199.940    200.416         31 0.0000e+00
     129737   5405.667   2098.545   2123.000     4.3233     4.3245   3.373337   3.373314     1.8504     1.5314     100.00   26.05912  -93.26526    0.00011 -2.344e-07     4.6010     4.6118     4.1386     4.1397    34.9714    34.9699    27.7488    27.7475    1503.07    199.934    200.403         30 0.0000e+00
     129884   5411.786   2092.644   2117.000     4.3251     4.3261   3.373230   3.373195     1.8511     1.5319     100.00   26.05899  -93.26480    0.00006    0.00008     4.6001     4.6103     4.1410     4.1419    34.9710    34.9696    27.7482    27.7470    1503.06    199.894    200.338         30 0.0000e+00
     130062   5419.215   2085.758   2110.000     4.3253     4.3262   3.373002   3.372960     1.8512     1.5327     100.00   26.05925  -93.26574    0.00002    0.00014     4.5961     4.6096     4.1419     4.1428    34.9714    34.9699    27.7485    27.7472    1503.08    199.719    200.305         32 0.0000e+00
     130215   5425.598   2079.856   2104.000     4.3253     4.3263   3.372728   3.372679     1.8520     1.5334      99.81   26.05889  -93.26445    0.00015    0.00006     4.5959     4.6093     4.1425     4.1435    34.9710    34.9693    27.7481    27.7467    1503.06    199.710    200.295         30 0.0000e+00
     130393   5432.992   2072.971   2097.000     4.3262     4.3269   3.372513   3.372458     1.8527     1.5340     100.00   26.05898  -93.26479    0.00012    0.00011     4.5946     4.6078     4.1441     4.1448    34.9708    34.9694    27.7478    27.7466    1503.06    199.656    200.227         30 0.0000e+00
     131488   5478.625   2030.668   2054.000     4.3267     4.3280   3.370867   3.370828     1.8576     1.5388     100.00   26.05934  -93.26603    0.00012    0.00016     4.5885     4.6029     4.1489     4.1502    34.9712    34.9694    27.7476    27.7460    1503.08    199.391    200.018         33 0.0000e+00
     131641   5485.006   2024.765   2048.000     4.3269     4.3281   3.370649   3.370611     1.8586     1.5393     100.00   26.05946  -93.26648    0.00010   -0.00005     4.5889     4.6013     4.1497     4.1509    34.9712    34.9696    27.7475    27.7461    1503.09    199.407    199.944         38 0.0000e+00
     131790   5491.213   2018.861   2042.000     4.3269     4.3281   3.370377   3.370333     1.8595     1.5399     100.00   26.05926  -93.26575    0.00011    0.00020     4.5889     4.6002     4.1503     4.1515    34.9708    34.9691    27.7471    27.7456    1503.08    199.407    199.900         32 0.0000e+00
     132119   5504.917   2006.069   2029.000     4.3262     4.3274   3.369767   3.369726     1.8609     1.5417      92.39   26.05906  -93.26500    0.00002    0.00016     4.5872     4.6005     4.1509     4.1521    34.9706    34.9689    27.7469    27.7454    1503.06    199.335    199.911         34 0.0000e+00
     132267   5511.103   2000.166   2023.000     4.3255     4.3268   3.369503   3.369461     1.8618     1.5430     100.00   26.05935  -93.26602    0.00012    0.00027     4.5872     4.6027     4.1509     4.1522    34.9710    34.9692    27.7472    27.7456    1503.08    199.331    200.008         34 0.0000e+00
     132417   5517.324   1994.261   2017.000     4.3250     4.3262   3.369186   3.369139     1.8630     1.5433      90.76   26.05912  -93.26518    0.00026    0.00000     4.5884     4.6006     4.1510     4.1522    34.9707    34.9688    27.7469    27.7453    1503.07    199.385    199.914         31 0.0000e+00
     132570   5523.696   1988.357   2011.000     4.3258     4.3272   3.369016   3.368990     1.8638     1.5446     100.00   26.05920  -93.26549    0.00014    0.00029     4.5880     4.6025     4.1524     4.1538    34.9706    34.9689    27.7467    27.7452    1503.07    199.370    199.998         30 0.0000e+00
     132753   5531.334   1981.468   2004.000     4.3276     4.3286   3.368956   3.368894     1.8647     1.5447     100.00   26.05985  -93.26781    0.00000    0.00000     4.5871     4.5984     4.1548     4.1558    34.9714    34.9697    27.7471    27.7456    1503.11    199.327    199.822         30 0.0000e+00
     132956   5539.802   1980.484   2003.000     4.3279     4.3291   3.368872   3.368824     1.8640     1.5450     100.00   26.05916  -93.26534   -0.00004    0.00006     4.5838     4.5993     4.1553     4.1564    34.9705    34.9687    27.7463    27.7448    1503.07    199.184    199.860         60 0.0000e+00
     133190   5549.542   1979.500   2002.000     4.3284     4.3298   3.368869   3.368840     1.8639     1.5446      82.59   26.05916  -93.26536    0.00006   -0.00002     4.5828     4.5969     4.1558     4.1572    34.9705    34.9687    27.7463    27.7447    1503.07    199.142    199.755         48 0.0000e+00
     134078   5586.542   1977.531   2000.000     4.3284     4.3297   3.368738   3.368704     1.8645     1.5451     100.00   26.05880  -93.26399    0.00004    0.00002     4.5841     4.5979     4.1560     4.1573    34.9698    34.9681    27.7457    27.7442    1503.05    199.198    199.800         66 0.0000e+00
     134811   5617.068   1976.547   1999.000     4.3285     4.3297   3.368753   3.368702     1.8649     1.5457      90.91   26.05920  -93.26540    0.00007    0.00000     4.5851     4.5997     4.1562     4.1574    34.9704    34.9685    27.7461    27.7445    1503.07    199.242    199.879         41 0.0000e+00
     134905   5621.020   1972.611   1995.000     4.3287     4.3299   3.368593   3.368553     1.8655     1.5460     100.00   26.05910  -93.26504    0.00008    0.00007     4.5850     4.5988     4.1568     4.1580    34.9702    34.9685    27.7459    27.7444    1503.06    199.238    199.839         31 0.0000e+00
     135034   5626.384   1967.690   1990.000     4.3283     4.3297   3.368387   3.368354     1.8661     1.5458     100.00   26.05934  -93.26589    0.00018   -0.00002     4.5845     4.5949     4.1570     4.1583    34.9705    34.9687    27.7462    27.7446    1503.08    199.215    199.668         30 0.0000e+00
     135346   5639.370   1955.880   1978.000     4.3280     4.3293   3.367895   3.367852     1.8676     1.5482      86.88   26.05958  -93.26672    0.00008    0.00024     4.5834     4.5982     4.1578     4.1591    34.9708    34.9689    27.7463    27.7447    1503.09    199.168    199.813         33 0.0000e+00
     135376   5640.639   1954.896   1977.000     4.3281     4.3294   3.367814   3.367782     1.8677     1.5482      94.90   26.05922  -93.26542    0.00007    0.00022     4.5833     4.5977     4.1580     4.1593    34.9702    34.9684    27.7458    27.7443    1503.07    199.166    199.792         30 0.0000e+00
     135502   5645.856   1949.974   1972.000     4.3286     4.3301   3.367672   3.367640     1.8683     1.5485     100.00   26.05923  -93.26545    0.00005    0.00008     4.5824     4.5956     4.1591     4.1605    34.9703    34.9684    27.7458    27.7441    1503.07    199.123    199.701         40 0.0000e+00
     135656   5652.303   1944.068   1966.000     4.3291     4.3305   3.367458   3.367421     1.8693     1.5495      92.31   26.05917  -93.26526    0.00013    0.00006     4.5829     4.5965     4.1602     4.1615    34.9701    34.9683    27.7455    27.7439    1503.07    199.148    199.737         34 0.0000e+00
     136019   5667.412   1930.288   1952.000     4.3314     4.3326   3.367123   3.367081     1.8705     1.5505     100.00   26.05960  -93.26674    0.00020    0.00015     4.5789     4.5923     4.1638     4.1650    34.9704    34.9687    27.7454    27.7438    1503.09    198.972    199.556         31 0.0000e+00
     136049   5668.677   1929.304   1951.000     4.3313     4.3326   3.367034   3.366987     1.8704     1.5502      98.38   26.05923  -93.26544    0.00010   -0.00013     4.5781     4.5901     4.1638     4.1650    34.9699    34.9681    27.7450    27.7434    1503.07    198.940    199.462         32 0.0000e+00
