GOMECC/GOMECC-4/1db/rb2103_1091.cnv
* Sea-Bird SBE 9 Data File:
* FileName = C:\Users\scs.user.rb\CTD\GOMECC4\data\rb2103_1091.hex
* Software Version Seasave V 7.26.7.107
* Temperature SN = 4799
* Conductivity SN = 3860
* Number of Bytes Per Scan = 41
* Number of Voltage Words = 4
* Number of Scans Averaged by the Deck Unit = 1
* NMEA Latitude = 22 44.06 N
* NMEA Longitude = 086 29.42 W
* NMEA UTC (Time) = Oct 15 2021  01:38:41
* NMEA baud rate = 4800
# nquan = 28
# nvalues = 613                         
# units = specified
# name 0 = scan: Scan Count
# name 1 = timeS: Time, Elapsed [seconds]
# name 2 = depSM: Depth [salt water, m]
# name 3 = prDM: Pressure, Digiquartz [db]
# name 4 = t090C: Temperature [ITS-90, deg C]
# name 5 = t190C: Temperature, 2 [ITS-90, deg C]
# name 6 = c0S/m: Conductivity [S/m]
# name 7 = c1S/m: Conductivity, 2 [S/m]
# name 8 = sbeox0V: Oxygen raw, SBE 43 [V]
# name 9 = sbeox1V: Oxygen raw, SBE 43, 2 [V]
# name 10 = altM: Altimeter [m]
# name 11 = latitude: Latitude [deg]
# name 12 = longitude: Longitude [deg]
# name 13 = sbox0dV/dT: Oxygen, SBE 43 [dov/dt]
# name 14 = sbox1dV/dT: Oxygen, SBE 43, 2 [dov/dt]
# name 15 = sbeox0ML/L: Oxygen, SBE 43 [ml/l], WS = 5
# name 16 = sbeox1ML/L: Oxygen, SBE 43, 2 [ml/l], WS = 5
# name 17 = potemp090C: Potential Temperature [ITS-90, deg C]
# name 18 = potemp190C: Potential Temperature, 2 [ITS-90, deg C]
# name 19 = sal00: Salinity, Practical [PSU]
# name 20 = sal11: Salinity, Practical, 2 [PSU]
# name 21 = sigma-é00: Density [sigma-theta, kg/m^3]
# name 22 = sigma-é11: Density, 2 [sigma-theta, kg/m^3]
# name 23 = avgsvCM: Average Sound Velocity [Chen-Millero, m/s], minP = 20, minS = 20
# name 24 = sbox0Mm/Kg: Oxygen, SBE 43 [umol/kg], WS = 5
# name 25 = sbox1Mm/Kg: Oxygen, SBE 43, 2 [umol/kg], WS = 5
# name 26 = nbin: number of scans per bin
# name 27 = flag: flag
# span 0 =      12874,      95239       
# span 1 =    536.396,   3968.248       
# span 2 =      0.994,    651.842       
# span 3 =      1.000,    657.000       
# span 4 =     7.7837,    30.5183       
# span 5 =     7.7844,    30.5158       
# span 6 =   3.625643,   6.125344       
# span 7 =   3.625698,   6.125043       
# span 8 =     1.6381,     3.2211       
# span 9 =     1.3353,     2.7184       
# span 10 =      11.02,     105.33      
# span 11 =   22.33275,   23.14537      
# span 12 =  -87.96685,  -84.87569      
# span 13 =   -0.01931,    0.00960      
# span 14 =   -0.01766,    0.01251      
# span 15 =     2.6770,     4.4316      
# span 16 =     2.6882,     4.4097      
# span 17 =     7.7165,    30.5153      
# span 18 =     7.7172,    30.5128      
# span 19 =    34.9489,    37.0003      
# span 20 =    34.9485,    37.0012      
# span 21 =    22.3512,    27.2840      
# span 22 =    22.2437,    27.2837      
# span 23 =       0.00,    1552.29      
# span 24 =    116.397,    193.484      
# span 25 =    116.883,    192.536      
# span 26 =         30,         75      
# span 27 = 0.0000e+00, 0.0000e+00      
# interval = decibars: 1                
# start_time = Oct 15 2021 01:38:41 [NMEA time, header]
# bad_flag = -9.990e-29
*END*
[from data line 467]
      62994   2624.719    172.835    174.000    20.6422    20.6474   5.088216   5.088812     2.3357     1.9585     100.00   22.75183  -86.50040    0.00008    0.00014     3.4480     3.4542    20.6087    20.6142    36.8132    36.8131    25.9819    25.9803    1517.08    150.089    150.360         30 0.0000e+00
      63023   2625.937    171.842    173.000    20.6733    20.6882   5.091912   5.093393     2.3379     1.9613     100.00   22.75184  -86.50040    0.00069    0.00051     3.4502     3.4584    20.6402    20.6551    36.8171    36.8179    25.9763    25.9728    1517.08    150.185    150.541         31 0.0000e+00
      63059   2627.426    170.849    172.000    20.7038    20.6997   5.095460   5.095083     2.3405     1.9640     100.00   22.75185  -86.50040    0.00155    0.00159     3.4532     3.4633    20.6708    20.6668    36.8192    36.8197    25.9696    25.9710    1517.08    150.317    150.755         41 0.0000e+00
      63101   2629.187    169.856    171.000    20.7316    20.7325   5.098874   5.098383     2.3430     1.9645     100.00   22.75186  -86.50042    0.00164    0.00125     3.4561     3.4620    20.6988    20.6998    36.8232    36.8184    25.9650    25.9611    1517.08    150.442    150.702         40 0.0000e+00
      63138   2630.698    168.863    170.000    20.8449    20.8561   5.112223   5.113945     2.3462     1.9690     100.00   22.75187  -86.50042    0.00162    0.00107     3.4547     3.4639    20.8122    20.8234    36.8339    36.8380    25.9422    25.9423    1517.08    150.384    150.785         34 0.0000e+00
      63170   2632.031    167.870    169.000    20.9447    20.9714   5.124248   5.127794     2.3502     1.9720     100.00   22.75189  -86.50041    0.00211    0.00232     3.4557     3.4628    20.9121    20.9388    36.8453    36.8509    25.9236    25.9206    1517.08    150.433    150.741         31 0.0000e+00
      63203   2633.424    166.877    168.000    21.0098    21.0306   5.132069   5.134698     2.3543     1.9743      85.65   22.75192  -86.50040    0.00286    0.00239     3.4594     3.4640    20.9774    20.9981    36.8527    36.8560    25.9113    25.9082    1517.08    150.594    150.794         36 0.0000e+00
      63242   2635.060    165.884    167.000    21.0486    21.0523   5.136648   5.137176     2.3568     1.9780      98.11   22.75192  -86.50041    0.00249    0.00192     3.4617     3.4708    21.0163    21.0199    36.8565    36.8577    25.9035    25.9034    1517.08    150.698    151.093         42 0.0000e+00
      63283   2636.747    164.891    166.000    21.0673    21.0644   5.138935   5.138900     2.3588     1.9777     100.02   22.75194  -86.50042    0.00154    0.00150     3.4641     3.4687    21.0352    21.0323    36.8592    36.8611    25.9004    25.9027    1517.08    150.802    150.999         38 0.0000e+00
      63318   2638.203    163.899    165.000    21.0844    21.0878   5.141112   5.141802     2.3605     1.9814     100.00   22.75194  -86.50042    0.00113    0.00048     3.4664     3.4750    21.0525    21.0558    36.8630    36.8651    25.8985    25.8992    1517.08    150.902    151.277         32 0.0000e+00
      63349   2639.512    162.906    164.000    21.1033    21.1068   5.143362   5.143928     2.3633     1.9829      66.57   22.75196  -86.50043    0.00135    0.00127     3.4704     3.4772    21.0715    21.0750    36.8646    36.8662    25.8945    25.8948    1517.08    151.075    151.372         32 0.0000e+00
      63382   2640.891    161.913    163.000    21.1186    21.1245   5.145176   5.146080     2.3651     1.9838      94.81   22.75196  -86.50044    0.00171    0.00174     3.4726     3.4777    21.0869    21.0928    36.8664    36.8687    25.8917    25.8918    1517.08    151.174    151.395         35 0.0000e+00
      63422   2642.555    160.920    162.000    21.1511    21.1443   5.149115   5.148379     2.3678     1.9857      99.98   22.75198  -86.50044    0.00158    0.00092     3.4757     3.4804    21.1196    21.1129    36.8705    36.8704    25.8858    25.8876    1517.08    151.306    151.510         44 0.0000e+00
      63464   2644.292    159.927    161.000    21.1891    21.1759   5.153074   5.151816     2.3698     1.9867     100.00   22.75200  -86.50046    0.00142    0.00092     3.4769     3.4802    21.1578    21.1446    36.8700    36.8713    25.8749    25.8795    1517.08    151.364    151.507         38 0.0000e+00
      63499   2645.758    158.934    160.000    21.2301    21.2178   5.158510   5.156143     2.3721     1.9890     100.00   22.75200  -86.50046    0.00129    0.00094     3.4776     3.4817    21.1989    21.1871    36.8788    36.8773    25.8702    25.8748    1517.08    151.394    151.571         32 0.0000e+00
      63578   2649.047    156.948    158.000    21.3988    21.4081   5.179773   5.180770     2.3792     1.9965     100.02   22.75744  -86.52105    0.00211    0.00199     3.4805     3.4866    21.3679    21.3772    36.9084    36.9084    25.8468    25.8442    1517.44    151.525    151.788         41 0.0000e+00
      63631   2651.271    155.955    157.000    21.3683    21.3925   5.175278   5.177955     2.3819     2.0008      97.32   22.75204  -86.50048    0.00168    0.00252     3.4879     3.4969    21.3376    21.3618    36.8957    36.8963    25.8446    25.8384    1517.08    151.846    152.237         59 0.0000e+00
      66042   2751.694    149.004    150.000    22.2754    22.2737   5.282856   5.282797     2.4425     2.0480      78.44   22.75102  -86.49449    0.00032   -0.00051     3.5482     3.5445    22.2452    22.2434    36.9776    36.9779    25.6515    25.6522    1516.97    154.497    154.336         32 0.0000e+00
      66140   2755.799    148.011    149.000    22.2800    22.2836   5.283445   5.284060     2.4402     2.0486      99.20   22.75271  -86.50088   -0.00090   -0.00015     3.5427     3.5448    22.2500    22.2535    36.9789    36.9807    25.6514    25.6517    1517.08    154.261    154.350         54 0.0000e+00
      66200   2758.285    147.018    148.000    22.2711    22.2862   5.282331   5.284118     2.4402     2.0511     100.00   22.75273  -86.50090   -0.00008    0.00143     3.5428     3.5498    22.2413    22.2564    36.9787    36.9808    25.6537    25.6510    1517.08    154.266    154.570         57 0.0000e+00
      66250   2760.388    146.025    147.000    22.2860    22.3023   5.284244   5.286266     2.4410     2.0520     100.00   22.75274  -86.50090    0.00020    0.00050     3.5430     3.5505    22.2564    22.2727    36.9808    36.9829    25.6510    25.6479    1517.08    154.271    154.599         43 0.0000e+00
      66298   2762.359    145.032    146.000    22.3356    22.3462   5.289536   5.291163     2.4440     2.0520     100.00   22.75275  -86.50092    0.00088    0.00034     3.5456     3.5473    22.3063    22.3168    36.9812    36.9845    25.6370    25.6365    1517.08    154.389    154.462         55 0.0000e+00
      66346   2764.372    144.039    145.000    22.3662    22.3752   5.293042   5.294323     2.4448     2.0531      96.10   22.75276  -86.50092    0.00128    0.00003     3.5445     3.5474    22.3369    22.3459    36.9826    36.9851    25.6294    25.6287    1517.08    154.342    154.469         35 0.0000e+00
      66376   2765.644    143.046    144.000    22.4084    22.4313   5.297708   5.300478     2.4457     2.0538      98.08   22.75277  -86.50092    0.00054    0.00059     3.5431     3.5451    22.3793    22.4022    36.9838    36.9861    25.6182    25.6134    1517.08    154.282    154.368         30 0.0000e+00
      66408   2766.961    142.053    143.000    22.4819    22.5126   5.305553   5.309074     2.4444     2.0492      99.94   22.75278  -86.50092    0.00009   -0.00021     3.5338     3.5282    22.4529    22.4836    36.9853    36.9850    25.5982    25.5892    1517.08    153.882    153.640         35 0.0000e+00
      66448   2768.613    141.060    142.000    22.5132    22.5447   5.308854   5.312533     2.4391     2.0435      95.25   22.75280  -86.50093   -0.00137   -0.00280     3.5217     3.5138    22.4844    22.5159    36.9831    36.9853    25.5876    25.5801    1517.08    153.356    153.012         43 0.0000e+00
      66488   2770.312    140.067    141.000    22.5263    22.5607   5.310716   5.314266     2.4341     2.0406      72.92   22.75280  -86.50094   -0.00319   -0.00300     3.5103     3.5058    22.4977    22.5320    36.9859    36.9857    25.5858    25.5758    1517.08    152.857    152.666         37 0.0000e+00
      66610   2775.362    137.088    138.000    22.6560    22.6699   5.325227   5.326818     2.4357     2.0424     100.04   22.76094  -86.53173    0.00039    0.00010     3.5036     3.5019    22.6278    22.6417    36.9970    36.9977    25.5583    25.5548    1517.62    152.570    152.501         43 0.0000e+00
      66632   2776.292    136.095    137.000    22.6460    22.6561   5.323047   5.324209     2.4326     2.0402     100.00   22.75284  -86.50096   -0.00071   -0.00066     3.4975     3.4972    22.6181    22.6282    36.9836    36.9841    25.5495    25.5469    1517.08    152.307    152.295         44 0.0000e+00
      66742   2780.887    133.116    134.000    22.7672    22.7804   5.337156   5.339054     2.4388     2.0495     100.02   22.75793  -86.52015    0.00169    0.00235     3.5001     3.5092    22.7398    22.7530    36.9942    36.9993    25.5229    25.5233    1517.42    152.426    152.823         40 0.0000e+00
      66768   2781.970    132.122    133.000    22.7575    22.7990   5.335671   5.340408     2.4400     2.0520     100.00   22.75290  -86.50096    0.00191    0.00284     3.5034     3.5130    22.7303    22.7717    36.9893    36.9912    25.5215    25.5109    1517.08    152.569    152.989         40 0.0000e+00
      66805   2783.504    131.129    132.000    22.8182    22.8689   5.341987   5.347116     2.4422     2.0556     100.00   22.75291  -86.50097    0.00114    0.00209     3.5039     3.5179    22.7912    22.8419    36.9899    36.9867    25.5043    25.4871    1517.08    152.594    153.202         34 0.0000e+00
      66837   2784.849    130.136    131.000    22.8772    22.8923   5.348062   5.349921     2.4455     2.0541     100.00   22.75292  -86.50098    0.00152    0.00131     3.5058     3.5112    22.8504    22.8654    36.9855    36.9873    25.4838    25.4808    1517.08    152.677    152.912         32 0.0000e+00
      66870   2786.226    129.143    130.000    22.9554    22.9430   5.356371   5.355094     2.4488     2.0541     100.00   22.75292  -86.50098    0.00227    0.00013     3.5069     3.5078    22.9286    22.9163    36.9847    36.9851    25.4605    25.4644    1517.08    152.730    152.769         34 0.0000e+00
      66906   2787.693    128.150    129.000    22.9777    22.9805   5.358947   5.359079     2.4490     2.0538      99.41   22.75294  -86.50098    0.00189   -0.00033     3.5055     3.5043    22.9511    22.9540    36.9862    36.9849    25.4551    25.4533    1517.08    152.668    152.618         36 0.0000e+00
      66943   2789.256    127.157    128.000    22.9877    22.9991   5.360150   5.361258     2.4483     2.0548     100.00   22.75294  -86.50098    0.00025    0.00001     3.5029     3.5050    22.9614    22.9727    36.9875    36.9865    25.4531    25.4491    1517.08    152.558    152.647         39 0.0000e+00
      66981   2790.814    126.164    127.000    23.0100    23.0151   5.362463   5.363045     2.4500     2.0562     100.00   22.75295  -86.50098    0.00001    0.00060     3.5045     3.5066    22.9838    22.9889    36.9871    36.9873    25.4463    25.4449    1517.08    152.626    152.718         35 0.0000e+00
      67014   2792.200    125.171    126.000    23.0333    23.0475   5.364932   5.366720     2.4508     2.0547     100.00   22.75296  -86.50100    0.00072    0.00043     3.5041     3.5009    23.0074    23.0215    36.9869    36.9889    25.4393    25.4367    1517.08    152.613    152.473         33 0.0000e+00
      67047   2793.593    124.177    125.000    23.1354    23.1696   5.376490   5.380396     2.4547     2.0598      66.21   22.75298  -86.50100    0.00117    0.00047     3.5048     3.5041    23.1095    23.1437    36.9911    36.9926    25.4127    25.4038    1517.08    152.643    152.616         35 0.0000e+00
      67085   2795.162    123.184    124.000    23.2379    23.2265   5.387935   5.386925     2.4636     2.0678     100.37   22.75298  -86.50100    0.00327    0.00316     3.5149     3.5175    23.2122    23.2007    36.9938    36.9957    25.3847    25.3895    1517.08    153.091    153.204         38 0.0000e+00
      67120   2796.617    122.191    123.000    23.3207    23.3012   5.396602   5.395742     2.4695     2.0725     100.00   22.75300  -86.50100    0.00505    0.00447     3.5222     3.5236    23.2951    23.2760    36.9966    36.9994    25.3625    25.3696    1517.08    153.408    153.472         32 0.0000e+00
      67152   2797.940    121.198    122.000    23.3616    23.3745   5.401540   5.403405     2.4715     2.0778     100.00   22.75300  -86.50100    0.00394    0.00382     3.5224     3.5301    23.3362    23.3490    36.9960    36.9995    25.3501    25.3489    1517.08    153.420    153.755         34 0.0000e+00
      67191   2799.567    120.205    121.000    23.4049    23.4129   5.406524   5.407510     2.4759     2.0817     100.00   22.75302  -86.50100    0.00226    0.00340     3.5280     3.5358    23.3797    23.3877    36.9984    36.9993    25.3391    25.3374    1517.08    153.669    154.009         42 0.0000e+00
      67229   2801.154    119.212    120.000    23.4350    23.4352   5.409778   5.409963     2.4810     2.0808     100.00   22.75302  -86.50100    0.00270    0.00167     3.5357     3.5322    23.4099    23.4101    36.9986    36.9999    25.3304    25.3313    1517.08    154.001    153.848         33 0.0000e+00
      67260   2802.452    118.219    119.000    23.5518    23.5694   5.422379   5.424084     2.4861     2.0860     100.00   22.75304  -86.50102    0.00332    0.00089     3.5379     3.5350    23.5269    23.5444    36.9982    36.9966    25.2956    25.2892    1517.08    154.103    153.981         32 0.0000e+00
      67296   2803.949    117.226    118.000    23.6333    23.6347   5.431076   5.431584     2.4915     2.0919     100.00   22.75304  -86.50102    0.00369    0.00288     3.5429     3.5434    23.6085    23.6099    36.9973    37.0000    25.2707    25.2724    1517.08    154.324    154.349         39 0.0000e+00
      67334   2805.534    116.232    117.000    23.6767    23.6537   5.436142   5.433772     2.4956     2.0935      99.47   22.75305  -86.50104    0.00335    0.00316     3.5476     3.5453    23.6521    23.6291    37.0003    37.0012    25.2601    25.2677    1517.08    154.534    154.431         36 0.0000e+00
      67368   2806.947    115.239    116.000    23.7197    23.7031   5.440726   5.439008     2.5000     2.0957      99.98   22.75306  -86.50104    0.00281    0.00152     3.5533     3.5467    23.6953    23.6786    36.9999    37.0006    25.2470    25.2525    1517.08    154.783    154.495         32 0.0000e+00
      67400   2808.275    114.246    115.000    23.8096    23.8555   5.449565   5.452724     2.5043     2.1011     100.00   22.75306  -86.50104    0.00291    0.00180     3.5554     3.5502    23.7874    23.8313    36.9898    36.9900    25.2120    25.1991    1517.08    154.880    154.653         32 0.0000e+00
      67433   2809.666    113.253    114.000    23.9395    23.9099   5.462908   5.460217     2.5152     2.1086     100.00   22.75306  -86.50105    0.00434    0.00352     3.5684     3.5617    23.9154    23.8857    36.9871    36.9914    25.1719    25.1840    1517.08    155.454    155.157         36 0.0000e+00
