GOMECC/GOMECC-4/1db/rb2103_0122.ros
* Sea-Bird SBE 9 Data File:
* FileName = C:\Users\scs.user.rb\CTD\GOMECC4\data\rb2103_0122.hex
* Software Version Seasave V 7.26.7.107
* Temperature SN = 4799
* Conductivity SN = 3860
* Number of Bytes Per Scan = 41
* Number of Voltage Words = 4
* Number of Scans Averaged by the Deck Unit = 1
* NMEA Latitude = 26 39.93 N
* NMEA Longitude = 085 00.17 W
* NMEA UTC (Time) = Sep 18 2021  13:28:43
* NMEA baud rate = 4800
# nquan = 17
# nvalues = 3192                                  
# units = specified
# name 0 = scan: Scan Count
# name 1 = timeS: Time, Elapsed [seconds]
# name 2 = depSM: Depth [salt water, m]
# name 3 = prDM: Pressure, Digiquartz [db]
# name 4 = t090C: Temperature [ITS-90, deg C]
# name 5 = t190C: Temperature, 2 [ITS-90, deg C]
# name 6 = c0S/m: Conductivity [S/m]
# name 7 = c1S/m: Conductivity, 2 [S/m]
# name 8 = sbeox0V: Oxygen raw, SBE 43 [V]
# name 9 = sbeox1V: Oxygen raw, SBE 43, 2 [V]
# name 10 = altM: Altimeter [m]
# name 11 = latitude: Latitude [deg]
# name 12 = longitude: Longitude [deg]
# name 13 = sbox0dV/dT: Oxygen, SBE 43 [dov/dt]
# name 14 = sbox1dV/dT: Oxygen, SBE 43, 2 [dov/dt]
# name 15 = nbf: Bottles Fired
# name 16 = flag:  0.000e+00
# interval = seconds: 0.0416667
# start_time = Sep 18 2021 13:28:43 [NMEA time, header]
# bad_flag = -9.990e-29
*END*
[from data line 3064]
     228141   9505.833      4.803      4.835    30.0420    30.0687   5.872107   5.881263     3.1074     2.6398     100.00   26.66182  -85.01110    0.00088   -0.00118         24  0.000e+00
     228142   9505.875      4.871      4.903    30.0396    30.0697   5.871187   5.881368     3.1074     2.6398     100.00   26.66182  -85.01110    0.00089   -0.00116         24  0.000e+00
     228143   9505.917      4.757      4.789    30.0403    30.0702   5.870687   5.881448     3.1087     2.6410     100.00   26.66182  -85.01110    0.00092   -0.00112         24  0.000e+00
     228144   9505.958      4.856      4.888    30.0402    30.0713   5.870219   5.881472     3.1087     2.6398     100.00   26.66182  -85.01110    0.00095   -0.00109         24  0.000e+00
     228145   9506.000      4.757      4.789    30.0392    30.0710   5.870029   5.881102     3.1074     2.6410     100.00   26.66182  -85.01110    0.00096   -0.00105         24  0.000e+00
     228146   9506.042      4.810      4.842    30.0376    30.0702   5.869934   5.880483     3.1074     2.6410     100.00   26.66182  -85.01110    0.00097   -0.00102         24  0.000e+00
     228147   9506.083      4.810      4.842    30.0368    30.0691   5.869838   5.879879     3.1087     2.6410     100.00   26.66182  -85.01110    0.00098   -0.00099         24  0.000e+00
     228148   9506.125      4.856      4.888    30.0366    30.0679   5.869918   5.879445     3.1087     2.6422     100.00   26.66182  -85.01110    0.00101   -0.00095         24  0.000e+00
     228149   9506.167      4.757      4.789    30.0383    30.0670   5.870132   5.878882     3.1087     2.6410     100.00   26.66182  -85.01110    0.00101   -0.00092         24  0.000e+00
     228150   9506.208      4.810      4.842    30.0387    30.0639   5.870084   5.877973     3.1074     2.6422     100.00   26.66182  -85.01110    0.00101   -0.00088         24  0.000e+00
     228151   9506.250      4.757      4.789    30.0400    30.0611   5.870052   5.876847     3.1087     2.6422     100.00   26.66182  -85.01110    0.00102   -0.00084         24  0.000e+00
     228152   9506.292      4.803      4.834    30.0413    30.0592   5.870219   5.876131     3.1087     2.6422     100.00   26.66182  -85.01110    0.00104   -0.00079         24  0.000e+00
     228153   9506.333      4.810      4.842    30.0424    30.0564   5.870505   5.875954     3.1087     2.6422     100.00   26.66182  -85.01110    0.00103   -0.00075         24  0.000e+00
     228154   9506.375      4.757      4.789    30.0424    30.0551   5.870687   5.875873     3.1087     2.6422     100.00   26.66182  -85.01110    0.00102   -0.00071         24  0.000e+00
     228155   9506.417      4.802      4.834    30.0420    30.0543   5.870616   5.875664     3.1074     2.6422     100.00   26.66182  -85.01110    0.00100   -0.00067         24  0.000e+00
     228156   9506.458      4.757      4.789    30.0409    30.0520   5.870394   5.875536     3.1087     2.6422     100.00   26.66182  -85.01110    0.00099   -0.00062         24  0.000e+00
     228157   9506.500      4.757      4.789    30.0403    30.0522   5.870156   5.876123     3.1087     2.6422     100.00   26.66182  -85.01110    0.00098   -0.00058         24  0.000e+00
     228158   9506.542      4.757      4.788    30.0398    30.0554   5.869989   5.877120     3.1087     2.6422     100.00   26.66182  -85.01110    0.00095   -0.00054         24  0.000e+00
     228159   9506.583      4.802      4.834    30.0398    30.0576   5.869767   5.877273     3.1087     2.6422     100.00   26.66182  -85.01110    0.00093   -0.00050         24  0.000e+00
     228160   9506.625      4.704      4.735    30.0381    30.0576   5.869386   5.876662     3.1087     2.6410     100.00   26.66182  -85.01110    0.00090   -0.00048         24  0.000e+00
     228161   9506.667      4.810      4.842    30.0366    30.0552   5.868847   5.875672     3.1087     2.6410     100.00   26.66182  -85.01110    0.00087   -0.00045         24  0.000e+00
     228162   9506.708      4.704      4.735    30.0355    30.0512   5.868308   5.874434     3.1087     2.6398     100.00   26.66182  -85.01110    0.00085   -0.00045         24  0.000e+00
     228163   9506.750      4.749      4.781    30.0333    30.0470   5.867745   5.873364     3.1087     2.6398     100.00   26.66182  -85.01110    0.00082   -0.00044         24  0.000e+00
     228164   9506.792      4.810      4.842    30.0320    30.0436   5.867602   5.872641     3.1087     2.6398     100.00   26.66182  -85.01110    0.00078   -0.00042         24  0.000e+00
     228165   9506.833      4.704      4.735    30.0327    30.0401   5.868030   5.872777     3.1087     2.6398     100.00   26.66182  -85.01110    0.00075   -0.00040         24  0.000e+00
     228166   9506.875      4.749      4.781    30.0331    30.0393   5.868498   5.873228     3.1087     2.6398     100.00   26.66182  -85.01110    0.00073   -0.00037         24  0.000e+00
     228167   9506.917      4.757      4.788    30.0335    30.0433   5.868752   5.873887     3.1087     2.6398     100.00   26.66182  -85.01110    0.00071   -0.00034         24  0.000e+00
     228168   9506.958      4.643      4.674    30.0344    30.0451   5.868982   5.873630     3.1087     2.6386     100.00   26.66182  -85.01110    0.00067   -0.00033         24  0.000e+00
     228169   9507.000      4.810      4.841    30.0365    30.0433   5.869434   5.871981     3.1087     2.6386     100.00   26.66182  -85.01110    0.00063   -0.00032         24  0.000e+00
     228170   9507.042      4.749      4.781    30.0381    30.0384   5.870314   5.869449     3.1087     2.6386     100.00   26.66182  -85.01110    0.00059   -0.00031         24  0.000e+00
     228171   9507.083      4.704      4.735    30.0454    30.0350   5.872821   5.868138     3.1087     2.6386     100.00   26.66182  -85.01110    0.00056   -0.00030         24  0.000e+00
     228172   9507.125      4.704      4.735    30.0605    30.0351   5.876058   5.868219     3.1087     2.6374     100.00   26.66182  -85.01110    0.00054   -0.00030         24  0.000e+00
     228173   9507.167      4.704      4.735    30.0707    30.0354   5.877891   5.868556     3.1087     2.6374     100.00   26.66182  -85.01110    0.00049   -0.00031         24  0.000e+00
     228174   9507.208      4.689      4.720    30.0698    30.0360   5.877391   5.868894     3.1087     2.6374     100.00   26.66182  -85.01110    0.00045   -0.00031         24  0.000e+00
     228175   9507.250      4.704      4.735    30.0652    30.0371   5.876304   5.869272     3.1099     2.6374     100.00   26.66182  -85.01110    0.00044   -0.00031         24  0.000e+00
     228176   9507.292      4.704      4.735    30.0635    30.0376   5.876090   5.869103     3.1087     2.6374     100.00   26.66182  -85.01110    0.00041   -0.00031         24  0.000e+00
     228177   9507.333      4.689      4.720    30.0627    30.0364   5.876002   5.868661     3.1087     2.6374     100.00   26.66182  -85.01110    0.00038   -0.00030         24  0.000e+00
     228178   9507.375      4.643      4.674    30.0611    30.0350   5.875859   5.868444     3.1087     2.6374     100.00   26.66182  -85.01110    0.00035   -0.00030         24  0.000e+00
     228179   9507.417      4.704      4.735    30.0582    30.0349   5.875391   5.868508     3.1087     2.6374     100.00   26.66182  -85.01110    0.00032   -0.00029         24  0.000e+00
     228180   9507.458      4.643      4.674    30.0541    30.0347   5.874844   5.868548     3.1087     2.6361     100.00   26.66182  -85.01110    0.00029   -0.00030         24  0.000e+00
     228181   9507.500      4.636      4.666    30.0531    30.0337   5.874661   5.868331     3.1074     2.6361     100.00   26.66182  -85.01110    0.00024   -0.00031         24  0.000e+00
     228182   9507.542      4.643      4.674    30.0535    30.0324   5.875495   5.867937     3.1087     2.6361     100.00   26.66182  -85.01110    0.00022   -0.00032         24  0.000e+00
     228183   9507.583      4.704      4.735    30.0603    30.0313   5.876970   5.867752     3.1087     2.6361     100.00   26.66182  -85.01110    0.00019   -0.00032         24  0.000e+00
     228184   9507.625      4.590      4.620    30.0674    30.0332   5.877653   5.868130     3.1087     2.6361     100.00   26.66182  -85.01110    0.00016   -0.00032         24  0.000e+00
     228185   9507.667      4.635      4.666    30.0672    30.0360   5.877494   5.869127     3.1099     2.6361     100.00   26.66182  -85.01110    0.00016   -0.00033         24  0.000e+00
     228186   9507.708      4.590      4.620    30.0648    30.0358   5.876812   5.869850     3.1087     2.6361     100.00   26.66182  -85.01110    0.00014   -0.00032         24  0.000e+00
     228187   9507.750      4.643      4.674    30.0614    30.0358   5.875653   5.869995     3.1087     2.6361     100.00   26.66182  -85.01110    0.00012   -0.00030         24  0.000e+00
     228188   9507.792      4.590      4.620    30.0578    30.0361   5.874360   5.869923     3.1087     2.6361     100.00   26.66182  -85.01110    0.00010   -0.00028         24  0.000e+00
     228189   9507.833      4.635      4.666    30.0542    30.0390   5.873638   5.870325     3.1087     2.6361     100.00   26.66182  -85.01110    0.00009   -0.00026         24  0.000e+00
     228190   9507.875      4.590      4.620    30.0496    30.0430   5.873328   5.871121     3.1099     2.6361     100.00   26.66182  -85.01110    0.00008   -0.00025         24  0.000e+00
     228191   9507.917      4.590      4.620    30.0470    30.0442   5.872979   5.871796     3.1087     2.6349     100.00   26.66182  -85.01110    0.00006   -0.00026         24  0.000e+00
     228192   9507.958      4.522      4.552    30.0455    30.0451   5.872622   5.872536     3.1099     2.6349     100.00   26.66182  -85.01110    0.00008   -0.00026         24  0.000e+00
     228193   9508.000      4.590      4.620    30.0431    30.0464   5.872369   5.873187     3.1087     2.6349     100.00   26.66182  -85.01110    0.00008   -0.00026         24  0.000e+00
     228194   9508.042      4.590      4.620    30.0400    30.0478   5.871734   5.873742     3.1099     2.6361     100.00   26.66182  -85.01110    0.00007   -0.00025         24  0.000e+00
     228195   9508.083      4.529      4.559    30.0370    30.0484   5.871107   5.873983     3.1099     2.6361     100.00   26.66182  -85.01110    0.00009   -0.00025         24  0.000e+00
     228196   9508.125      4.522      4.552    30.0354    30.0477   5.870854   5.873839     3.1087     2.6349     100.00   26.66182  -85.01110    0.00009   -0.00028         24  0.000e+00
     228197   9508.167      4.529      4.559    30.0344    30.0461   5.870560   5.873308     3.1087     2.6349     100.00   26.66182  -85.01110    0.00008   -0.00031         24  0.000e+00
     228198   9508.208      4.529      4.559    30.0339    30.0440   5.870441   5.872431     3.1087     2.6349     100.00   26.66182  -85.01110    0.00008   -0.00036         24  0.000e+00
     228199   9508.250      4.476      4.506    30.0346    30.0416   5.870790   5.871442     3.1087     2.6349     100.00   26.66182  -85.01110    0.00006   -0.00041         24  0.000e+00
     228200   9508.292      4.522      4.552    30.0330    30.0395   5.870624   5.871048     3.1087     2.6349     100.00   26.66182  -85.01110    0.00004   -0.00047         24  0.000e+00
     228201   9508.333      4.476      4.506    30.0324    30.0386   5.869910   5.871032     3.1074     2.6349     100.00   26.66182  -85.01110   -0.00000   -0.00053         24  0.000e+00
     228202   9508.375      4.416      4.445    30.0305    30.0373   5.869418   5.870606     3.1074     2.6349     100.00   26.66182  -85.01110   -0.00003   -0.00060         24  0.000e+00
     228203   9508.417      4.590      4.620    30.0294    30.0356   5.869188   5.870285     3.1074     2.6349     100.00   26.66182  -85.01110   -0.00005   -0.00066         24  0.000e+00
     228204   9508.458      4.408      4.437    30.0292    30.0343   5.869069   5.870011     3.1074     2.6349     100.00   26.66182  -85.01110   -0.00009   -0.00072         24  0.000e+00
     228205   9508.500      4.476      4.506    30.0300    30.0334   5.868752   5.869907     3.1074     2.6337     100.00   26.66182  -85.01110   -0.00012   -0.00080         24  0.000e+00
     228206   9508.542      4.416      4.445    30.0294    30.0320   5.868078   5.869714     3.1062     2.6337     100.00   26.66182  -85.01110   -0.00018   -0.00087         24  0.000e+00
     228207   9508.583      4.469      4.498    30.0278    30.0292   5.867308   5.869432     3.1062     2.6337     100.00   26.66182  -85.01110   -0.00024   -0.00095         24  0.000e+00
     228208   9508.625      4.416      4.445    30.0267    30.0278   5.866825   5.869296     3.1062     2.6325     100.00   26.66182  -85.01110   -0.00027   -0.00104         24  0.000e+00
     228209   9508.667      4.476      4.506    30.0255    30.0283   5.866476   5.869513     3.1074     2.6325     100.00   26.66182  -85.01110   -0.00031   -0.00113         24  0.000e+00
     228210   9508.708      4.416      4.445    30.0218    30.0298   5.865849   5.869786     3.1062     2.6325     100.00   26.66182  -85.01110   -0.00037   -0.00122         24  0.000e+00
     228211   9508.750      4.408      4.437    30.0170    30.0319   5.864589   5.870092     3.1062     2.6325     100.00   26.66182  -85.01110   -0.00042   -0.00129         24  0.000e+00
     228212   9508.792      4.416      4.445    30.0159    30.0332   5.862559   5.870357     3.1062     2.6325     100.00   26.66180  -85.01110   -0.00046   -0.00136         24  0.000e+00
     228213   9508.833      4.416      4.445    30.0146    30.0339   5.860038   5.870855     3.1062     2.6325     100.00   26.66180  -85.01110   -0.00049   -0.00142         24  0.000e+00
     228214   9508.875      4.363      4.392    30.0063    30.0356   5.858160   5.871290     3.1062     2.6325     100.00   26.66180  -85.01110   -0.00054   -0.00149         24  0.000e+00
     228215   9508.917      4.408      4.437    29.9992    30.0364   5.857645   5.871483     3.1062     2.6325     100.00   26.66180  -85.01110   -0.00058   -0.00155         24  0.000e+00
     228216   9508.958      4.363      4.392    29.9991    30.0367   5.857827   5.871627     3.1050     2.6337     100.00   26.66180  -85.01110   -0.00063   -0.00159         24  0.000e+00
     228217   9509.000      4.416      4.445    30.0004    30.0388   5.857978   5.871627     3.1062     2.6337     100.00   26.66180  -85.01110   -0.00065   -0.00165         24  0.000e+00
     228218   9509.042      4.363      4.392    29.9985    30.0399   5.857859   5.871547     3.1062     2.6349     100.00   26.66180  -85.01110   -0.00066   -0.00168         24  0.000e+00
     228219   9509.083      4.355      4.384    29.9969    30.0414   5.858271   5.871378     3.1062     2.6349     100.00   26.66180  -85.01110   -0.00069   -0.00170         24  0.000e+00
     228220   9509.125      4.363      4.391    29.9973    30.0414   5.859254   5.871225     3.1062     2.6349     100.00   26.66180  -85.01110   -0.00070   -0.00174         24  0.000e+00
     228221   9509.167      4.363      4.391    30.0030    30.0418   5.860142   5.871297     3.1050     2.6349     100.00   26.66180  -85.01110   -0.00073   -0.00178         24  0.000e+00
     228222   9509.208      4.310      4.338    30.0080    30.0416   5.860704   5.871474     3.1050     2.6349     100.00   26.66180  -85.01110   -0.00076   -0.00182         24  0.000e+00
     228223   9509.250      4.408      4.437    30.0096    30.0416   5.860974   5.871490     3.1050     2.6361     100.00   26.66180  -85.01110   -0.00078   -0.00184         24  0.000e+00
     228224   9509.292      4.310      4.338    30.0091    30.0429   5.860839   5.871297     3.1062     2.6361     100.00   26.66180  -85.01110   -0.00079   -0.00186         24  0.000e+00
