GOMECC/GOMECC-4/1db/rb2103_0151.cnv
* Sea-Bird SBE 9 Data File:
* FileName = C:\Users\scs.user.rb\CTD\GOMECC4\data\rb2103_0151.hex
* Software Version Seasave V 7.26.7.107
* Temperature SN = 4799
* Conductivity SN = 3860
* Number of Bytes Per Scan = 41
* Number of Voltage Words = 4
* Number of Scans Averaged by the Deck Unit = 1
* NMEA Latitude = 27 19.93 N
* NMEA Longitude = 084 00.24 W
* NMEA UTC (Time) = Sep 19 2021  03:18:27
* NMEA baud rate = 4800
# nquan = 28
# nvalues = 64                          
# units = specified
# name 0 = scan: Scan Count
# name 1 = timeS: Time, Elapsed [seconds]
# name 2 = depSM: Depth [salt water, m]
# name 3 = prDM: Pressure, Digiquartz [db]
# name 4 = t090C: Temperature [ITS-90, deg C]
# name 5 = t190C: Temperature, 2 [ITS-90, deg C]
# name 6 = c0S/m: Conductivity [S/m]
# name 7 = c1S/m: Conductivity, 2 [S/m]
# name 8 = sbeox0V: Oxygen raw, SBE 43 [V]
# name 9 = sbeox1V: Oxygen raw, SBE 43, 2 [V]
# name 10 = altM: Altimeter [m]
# name 11 = latitude: Latitude [deg]
# name 12 = longitude: Longitude [deg]
# name 13 = sbox0dV/dT: Oxygen, SBE 43 [dov/dt]
# name 14 = sbox1dV/dT: Oxygen, SBE 43, 2 [dov/dt]
# name 15 = sbeox0ML/L: Oxygen, SBE 43 [ml/l], WS = 5
# name 16 = sbeox1ML/L: Oxygen, SBE 43, 2 [ml/l], WS = 5
# name 17 = potemp090C: Potential Temperature [ITS-90, deg C]
# name 18 = potemp190C: Potential Temperature, 2 [ITS-90, deg C]
# name 19 = sal00: Salinity, Practical [PSU]
# name 20 = sal11: Salinity, Practical, 2 [PSU]
# name 21 = sigma-é00: Density [sigma-theta, kg/m^3]
# name 22 = sigma-é11: Density, 2 [sigma-theta, kg/m^3]
# name 23 = avgsvCM: Average Sound Velocity [Chen-Millero, m/s], minP = 20, minS = 20
# name 24 = sbox0Mm/Kg: Oxygen, SBE 43 [umol/kg], WS = 5
# name 25 = sbox1Mm/Kg: Oxygen, SBE 43, 2 [umol/kg], WS = 5
# name 26 = nbin: number of scans per bin
# name 27 = flag: flag
# span 0 =      14937,      43638       
# span 1 =    622.317,   1818.189       
# span 2 =      1.987,     58.602       
# span 3 =      2.000,     59.000       
# span 4 =    23.3988,    29.3864       
# span 5 =    23.4023,    29.4030       
# span 6 =   5.303518,   5.919773       
# span 7 =   5.303911,   5.918730       
# span 8 =     3.0238,     3.1768       
# span 9 =     2.5925,     2.7151       
# span 10 =      13.07,      67.97      
# span 11 =   27.32596,   27.57497      
# span 12 =  -84.74069,  -83.97543      
# span 13 =   -0.02021,    0.01398      
# span 14 =   -0.01931,    0.01429      
# span 15 =     4.3520,     4.6545      
# span 16 =     4.3541,     4.6659      
# span 17 =    23.3866,    29.3769      
# span 18 =    23.3901,    29.4006      
# span 19 =    35.6312,    36.2663      
# span 20 =    35.6330,    36.2623      
# span 21 =    22.4906,    24.7550      
# span 22 =    22.4916,    24.7540      
# span 23 =       0.00,    1555.35      
# span 24 =    190.083,    202.967      
# span 25 =    190.174,    203.528      
# span 26 =         30,         60      
# span 27 = 0.0000e+00, 0.0000e+00      
# interval = decibars: 1                
# start_time = Sep 19 2021 03:18:27 [NMEA time, header]
# bad_flag = -9.990e-29
*END*
      14937    622.317      3.974      4.000    29.1349    29.1357   5.836907   5.837198     3.1375     2.6673      66.32   27.33391  -84.00011   -0.00047   -0.00010     4.3520     4.3597    29.1339    29.1347    35.6423    35.6437    22.5015    22.5023       0.00    190.083    190.418         46 0.0000e+00
      15965    665.176      4.967      5.000    29.1339    29.1369   5.836864   5.837389     3.1380     2.6673      65.66   27.33390  -84.00004    0.00021    0.00060     4.3534     4.3601    29.1327    29.1356    35.6426    35.6439    22.5021    22.5021       0.00    190.142    190.436         48 0.0000e+00
      15964    665.129      5.960      6.000    29.1369    29.1379   5.837224   5.837533     3.1373     2.6678      64.72   27.33390  -84.00004   -0.00038   -0.00096     4.3524     4.3616    29.1354    29.1364    35.6424    35.6438    22.5011    22.5018       0.00    190.100    190.501         47 0.0000e+00
      16032    667.942      6.954      7.000    29.1393    29.1416   5.837518   5.837959     3.1385     2.6672      63.69   27.33390  -84.00004    0.00011    0.00013     4.3549     4.3607    29.1376    29.1399    35.6423    35.6437    22.5003    22.5006       0.00    190.208    190.464         41 0.0000e+00
      16083    670.072      7.947      8.000    29.1360    29.1415   5.837256   5.838007     3.1388     2.6652      62.79   27.33390  -84.00004    0.00092   -0.00056     4.3563     4.3573    29.1341    29.1396    35.6427    35.6439    22.5017    22.5008       0.00    190.271    190.313         30 0.0000e+00
      16121    671.673      8.940      9.000    29.1394    29.1420   5.837620   5.838106     3.1390     2.6641      62.02   27.33390  -84.00004    0.00015   -0.00125     4.3568     4.3554    29.1372    29.1399    35.6424    35.6438    22.5005    22.5006       0.00    190.294    190.233         37 0.0000e+00
      16191    674.597      9.934     10.000    29.1392    29.1395   5.837550   5.837902     3.1369     2.6707      60.88   27.33390  -84.00004   -0.00066    0.00170     4.3540     4.3693    29.1368    29.1371    35.6424    35.6440    22.5006    22.5017       0.00    190.172    190.838         36 0.0000e+00
      16226    676.051     10.927     11.000    29.1363    29.1383   5.837376   5.837797     3.1394     2.6701      60.00   27.33390  -84.00004   -0.00001    0.00136     4.3589     4.3688    29.1336    29.1356    35.6425    35.6439    22.5018    22.5021       0.00    190.385    190.817         37 0.0000e+00
      16281    678.313     11.921     12.000    29.1356    29.1381   5.837358   5.837906     3.1365     2.6678      58.97   27.33390  -84.00004   -0.00009   -0.00027     4.3540     4.3648    29.1327    29.1352    35.6424    35.6440    22.5020    22.5023       0.00    190.171    190.643         59 0.0000e+00
      16336    680.611     12.914     13.000    29.1358    29.1364   5.837403   5.837686     3.1353     2.6629      58.10   27.33390  -84.00002   -0.00162   -0.00171     4.3526     4.3556    29.1326    29.1332    35.6425    35.6439    22.5021    22.5030       0.00    190.110    190.241         38 0.0000e+00
      16377    682.337     13.907     14.000    29.1341    29.1361   5.837282   5.837709     3.1360     2.6619      57.08   27.33390  -84.00002    0.00048   -0.00165     4.3545     4.3541    29.1307    29.1327    35.6426    35.6440    22.5028    22.5032       0.00    190.191    190.174         52 0.0000e+00
      16436    684.797     14.900     15.000    29.1351    29.1351   5.837426   5.837656     3.1344     2.6646      56.01   27.33390  -84.00002   -0.00090   -0.00062     4.3521     4.3600    29.1314    29.1315    35.6425    35.6441    22.5025    22.5037       0.00    190.087    190.433         56 0.0000e+00
      16482    686.728     15.894     16.000    29.1346    29.1352   5.837442   5.837712     3.1383     2.6671      55.18   27.33390  -84.00002    0.00132    0.00236     4.3596     4.3655    29.1308    29.1313    35.6427    35.6441    22.5028    22.5037       0.00    190.416    190.674         44 0.0000e+00
      16532    688.800     16.887     17.000    29.1369    29.1371   5.837675   5.837925     3.1371     2.6669      54.13   27.33389  -84.00002    0.00034    0.00050     4.3578     4.3656    29.1328    29.1330    35.6423    35.6438    22.5019    22.5030       0.00    190.337    190.676         54 0.0000e+00
      16585    690.980     17.880     18.000    29.1368    29.1356   5.837243   5.837758     3.1353     2.6652      53.13   27.33388  -84.00002   -0.00055    0.00007     4.3563     4.3637    29.1325    29.1313    35.6421    35.6436    22.5019    22.5032       0.00    190.270    190.595         51 0.0000e+00
      16635    693.100     18.874     19.000    29.0770    29.0824   5.831001   5.831779     3.1321     2.6626      52.19   27.33388  -84.00000   -0.00126   -0.00110     4.3541     4.3619    29.0724    29.0778    35.6403    35.6417    22.5207    22.5199       0.00    190.171    190.514         49 0.0000e+00
      16684    695.139     19.867     20.000    29.0581    29.0600   5.828942   5.829366     3.1322     2.6623      51.27   27.33388  -84.00000   -0.00102   -0.00103     4.3567     4.3635    29.0532    29.0552    35.6400    35.6415    22.5269    22.5273     769.76    190.282    190.579         50 0.0000e+00
      16736    697.312     20.860     21.000    29.0485    29.0503   5.827881   5.828292     3.1317     2.6625      50.24   27.33388  -84.00000    0.00034   -0.00020     4.3569     4.3650    29.0434    29.0452    35.6395    35.6410    22.5298    22.5303    1551.80    190.293    190.648         53 0.0000e+00
      16786    699.384     21.854     22.000    29.0408    29.0422   5.827025   5.827392     3.1318     2.6648      49.30   27.33388  -84.00000   -0.00052    0.00092     4.3582     4.3709    29.0355    29.0369    35.6391    35.6405    22.5322    22.5327    1544.63    190.350    190.902         48 0.0000e+00
      16836    701.477     22.847     23.000    29.0355    29.0368   5.826521   5.826866     3.1313     2.6629      48.28   27.33388  -84.00000    0.00022    0.00019     4.3582     4.3679    29.0300    29.0312    35.6392    35.6407    22.5341    22.5348    1544.63    190.349    190.773         53 0.0000e+00
      16889    703.648     23.840     24.000    29.0313    29.0331   5.826223   5.826595     3.1313     2.6657      47.37   27.33388  -84.00000   -0.00040   -0.00008     4.3591     4.3744    29.0255    29.0273    35.6400    35.6414    22.5362    22.5366    1544.63    190.386    191.056         49 0.0000e+00
      16937    705.677     24.834     25.000    29.0289    29.0301   5.826055   5.826377     3.1300     2.6590      46.38   27.33390  -84.00000   -0.00016   -0.00081     4.3575     4.3616    29.0229    29.0241    35.6403    35.6417    22.5373    22.5379    1544.63    190.318    190.498         51 0.0000e+00
      16990    707.886     25.827     26.000    29.0277    29.0290   5.826039   5.826388     3.1327     2.6641      45.36   27.33390  -84.00000    0.00032   -0.00031     4.3630     4.3725    29.0214    29.0227    35.6409    35.6423    22.5382    22.5389    1544.64    190.556    190.970         51 0.0000e+00
      17039    709.914     26.820     27.000    29.0217    29.0232   5.825404   5.825760     3.1301     2.6647      44.43   27.33388  -84.00000    0.00003    0.00096     4.3593     4.3747    29.0151    29.0167    35.6407    35.6420    22.5402    22.5406    1544.64    190.395    191.066         50 0.0000e+00
      17092    712.111     27.813     28.000    29.0176    29.0189   5.825018   5.825363     3.1272     2.6609      43.43   27.33388  -83.99999   -0.00126    0.00023     4.3548     4.3679    29.0108    29.0121    35.6408    35.6422    22.5417    22.5423    1544.64    190.198    190.769         53 0.0000e+00
      17141    714.183     28.807     29.000    29.0159    29.0173   5.824967   5.825348     3.1271     2.6603      42.48   27.33389  -83.99999   -0.00098   -0.00248     4.3552     4.3672    29.0089    29.0103    35.6414    35.6430    22.5428    22.5435    1544.64    190.217    190.738         48 0.0000e+00
      17193    716.330     29.800     30.000    29.0157    29.0169   5.825136   5.825475     3.1312     2.6643      41.45   27.33390  -84.00000    0.00129    0.00178     4.3632     4.3758    29.0084    29.0096    35.6424    35.6439    22.5437    22.5444    1544.64    190.564    191.114         56 0.0000e+00
      17247    718.566     30.793     31.000    29.0136    29.0149   5.824921   5.825275     3.1298     2.6587      40.48   27.33390  -84.00000    0.00049   -0.00095     4.3613     4.3652    29.0061    29.0074    35.6422    35.6437    22.5443    22.5450    1544.65    190.483    190.653         48 0.0000e+00
      17293    720.510     31.786     32.000    29.0093    29.0106   5.824332   5.824694     3.1293     2.6577      39.51   27.33390  -84.00000   -0.00054   -0.00174     4.3613     4.3640    29.0016    29.0029    35.6411    35.6426    22.5450    22.5457    1544.65    190.484    190.601         50 0.0000e+00
      17349    722.819     32.780     33.000    29.0059    29.0073   5.823970   5.824331     3.1285     2.6580      38.51   27.33390  -83.99998   -0.00037    0.00000     4.3607     4.3655    28.9979    28.9993    35.6408    35.6423    22.5460    22.5467    1544.65    190.453    190.663         56 0.0000e+00
      17397    724.849     33.773     34.000    29.0015    29.0026   5.823377   5.823717     3.1307     2.6570      37.58   27.33390  -83.99998    0.00045   -0.00009     4.3655     4.3643    28.9932    28.9944    35.6397    35.6412    22.5468    22.5475    1544.65    190.665    190.612         45 0.0000e+00
      17447    726.930     34.766     35.000    29.0020    29.0027   5.823587   5.823850     3.1287     2.6589      36.56   27.33390  -83.99998    0.00004    0.00002     4.3624     4.3686    28.9935    28.9943    35.6405    35.6417    22.5472    22.5479    1544.66    190.529    190.797         56 0.0000e+00
      17502    729.226     35.759     36.000    29.0029    29.0042   5.823904   5.824255     3.1264     2.6620      35.58   27.33390  -83.99998   -0.00105    0.00164     4.3586     4.3752    28.9941    28.9954    35.6417    35.6432    22.5480    22.5486    1544.66    190.361    191.087         50 0.0000e+00
      17550    731.204     36.753     37.000    29.0219    29.0200   5.829072   5.828731     3.1272     2.6608      34.65   27.33390  -83.99998   -0.00046    0.00009     4.3585     4.3717    29.0130    29.0110    35.6629    35.6620    22.5576    22.5575    1544.66    190.358    190.932         48 0.0000e+00
      17602    733.375     37.746     38.000    29.1810    29.1737   5.868605   5.866571     3.1386     2.6673      33.63   27.33390  -83.99997    0.00225    0.00101     4.3647     4.3725    29.1717    29.1644    35.8162    35.8123    22.6194    22.6189    1544.68    190.618    190.956         54 0.0000e+00
      17653    735.485     38.739     39.000    29.3864    29.3824   5.919773   5.918730     3.1599     2.6859      32.71   27.33388  -83.99996    0.00875    0.00656     4.3821     4.3884    29.3769    29.3729    36.0139    36.0097    22.6986    22.6969    1544.70    191.360    191.639         48 0.0000e+00
      17703    737.584     39.732     40.000    29.1002    29.1082   5.881594   5.882730     3.1605     2.6911      31.68   27.33388  -83.99996    0.00514    0.00561     4.4071     4.4190    29.0905    29.0984    35.9707    35.9716    22.7628    22.7607    1544.73    192.441    192.960         54 0.0000e+00
      17755    739.764     40.725     41.000    28.9003    28.9095   5.863929   5.865994     3.1767     2.7019      30.73   27.33388  -83.99996    0.00341    0.00353     4.4528     4.4574    28.8937    28.8998    35.9916    35.9963    22.8444    22.8438    1544.74    194.420    194.621         48 0.0000e+00
      17803    741.769     41.719     42.000    28.8454    28.8552   5.867670   5.868610     3.1768     2.6981      29.75   27.33388  -83.99994    0.00550    0.00266     4.4551     4.4515    28.8353    28.8451    36.0613    36.0603    22.9164    22.9123    1544.75    194.507    194.353         51 0.0000e+00
      17857    743.998     42.712     43.000    28.5102    28.5129   5.837027   5.837377     3.1480     2.6721      28.77   27.33388  -83.99994   -0.00792   -0.00807     4.4284     4.4238    28.4999    28.5026    36.1024    36.1027    23.0589    23.0582    1544.75    193.315    193.112         54 0.0000e+00
      17907    746.074     43.705     44.000    28.2030    28.2082   5.808201   5.808852     3.1163     2.6465      27.83   27.33388  -83.99994   -0.01517   -0.01269     4.3941     4.3937    28.1926    28.1977    36.1348    36.1354    23.1850    23.1837    1544.73    191.793    191.775         47 0.0000e+00
      17955    748.102     44.698     45.000    27.8405    27.8558   5.770165   5.771751     3.0959     2.6328      26.84   27.33388  -83.99994   -0.01231   -0.00938     4.3852     4.3918    27.8299    27.8452    36.1448    36.1442    23.3114    23.3060    1544.70    191.380    191.669         52 0.0000e+00
      18008    750.305     45.691     46.000    27.4944    27.4937   5.733845   5.733960     3.0966     2.6406      25.83   27.33388  -83.99994   -0.00567   -0.00187     4.4137     4.4348    27.4837    27.4830    36.1540    36.1554    23.4312    23.4325    1544.65    192.603    193.522         52 0.0000e+00
      18060    752.460     46.684     47.000    27.3510    27.3575   5.718879   5.719685     3.1181     2.6615      24.88   27.33388  -83.99994    0.00704    0.00805     4.4656     4.4883    27.3401    27.3465    36.1581    36.1589    23.4808    23.4793    1544.59    194.858    195.849         50 0.0000e+00
      18108    754.455     47.677     48.000    27.1284    27.1354   5.694481   5.695548     3.1468     2.6919      23.88   27.33388  -83.99994    0.01171    0.01208     4.5380     4.5693    27.1174    27.1244    36.1562    36.1570    23.5512    23.5490    1544.53    198.005    199.372         47 0.0000e+00
      18159    756.591     48.671     49.000    26.9955    26.9968   5.680852   5.681219     3.1730     2.7151      22.88   27.33388  -83.99993    0.01398    0.01429     4.5978     4.6277    26.9842    26.9855    36.1616    36.1633    23.5981    23.5989    1544.46    200.605    201.908         57 0.0000e+00
      18214    758.867     49.664     50.000    26.8297    26.8453   5.663840   5.665468     3.1747     2.7124      21.95   27.33388  -83.99992    0.00596    0.00028     4.6151     4.6342    26.8182    26.8339    36.1683    36.1678    23.6562    23.6508    1544.39    201.346    202.182         48 0.0000e+00
      18258    760.720     50.657     51.000    26.2320    26.2456   5.600505   5.601817     3.1638     2.7049      21.02   27.33388  -83.99992   -0.00327   -0.00237     4.6445     4.6659    26.2205    26.2341    36.1779    36.1768    23.8529    23.8478    1544.31    202.593    203.528         47 0.0000e+00
      18313    762.999     51.650     52.000    25.3358    25.3617   5.505228   5.507443     3.1275     2.6607      19.95   27.33389  -83.99993   -0.00979   -0.01001     4.6545     4.6582    25.3244    25.3503    36.1869    36.1837    24.1384    24.1280    1544.20    202.967    203.123         57 0.0000e+00
      18363    765.103     52.644     53.000    24.5569    24.5623   5.422758   5.423383     3.0867     2.6329      19.01   27.33390  -83.99993   -0.02021   -0.01931     4.6381     4.6463    24.5455    24.5509    36.1973    36.1977    24.3845    24.3832    1544.05    202.206    202.565         46 0.0000e+00
      18412    767.128     53.637     54.000    24.3654    24.3678   5.402917   5.403337     3.0727     2.6266      18.05   27.33390  -83.99994   -0.01297   -0.00924     4.6274     4.6489    24.3539    24.3562    36.2022    36.2035    24.4460    24.4462    1543.88    201.728    202.667         52 0.0000e+00
