GOMECC/GOMECC-4/1db/rb2103_0591.cnv
* Sea-Bird SBE 9 Data File:
* FileName = C:\Users\scs.user.rb\CTD\GOMECC4\data\rb2103_0591.hex
* Software Version Seasave V 7.26.7.107
* Temperature SN = 4799
* Conductivity SN = 3860
* Number of Bytes Per Scan = 41
* Number of Voltage Words = 4
* Number of Scans Averaged by the Deck Unit = 1
* NMEA Latitude = 28 41.01 N
* NMEA Longitude = 095 00.01 W
* NMEA UTC (Time) = Sep 29 2021  11:35:17
* NMEA baud rate = 4800
# nquan = 28
# nvalues = 35                          
# units = specified
# name 0 = scan: Scan Count
# name 1 = timeS: Time, Elapsed [seconds]
# name 2 = depSM: Depth [salt water, m]
# name 3 = prDM: Pressure, Digiquartz [db]
# name 4 = t090C: Temperature [ITS-90, deg C]
# name 5 = t190C: Temperature, 2 [ITS-90, deg C]
# name 6 = c0S/m: Conductivity [S/m]
# name 7 = c1S/m: Conductivity, 2 [S/m]
# name 8 = sbeox0V: Oxygen raw, SBE 43 [V]
# name 9 = sbeox1V: Oxygen raw, SBE 43, 2 [V]
# name 10 = altM: Altimeter [m]
# name 11 = latitude: Latitude [deg]
# name 12 = longitude: Longitude [deg]
# name 13 = sbox0dV/dT: Oxygen, SBE 43 [dov/dt]
# name 14 = sbox1dV/dT: Oxygen, SBE 43, 2 [dov/dt]
# name 15 = sbeox0ML/L: Oxygen, SBE 43 [ml/l], WS = 5
# name 16 = sbeox1ML/L: Oxygen, SBE 43, 2 [ml/l], WS = 5
# name 17 = potemp090C: Potential Temperature [ITS-90, deg C]
# name 18 = potemp190C: Potential Temperature, 2 [ITS-90, deg C]
# name 19 = sal00: Salinity, Practical [PSU]
# name 20 = sal11: Salinity, Practical, 2 [PSU]
# name 21 = sigma-é00: Density [sigma-theta, kg/m^3]
# name 22 = sigma-é11: Density, 2 [sigma-theta, kg/m^3]
# name 23 = avgsvCM: Average Sound Velocity [Chen-Millero, m/s], minP = 20, minS = 20
# name 24 = sbox0Mm/Kg: Oxygen, SBE 43 [umol/kg], WS = 5
# name 25 = sbox1Mm/Kg: Oxygen, SBE 43, 2 [umol/kg], WS = 5
# name 26 = nbin: number of scans per bin
# name 27 = flag: flag
# span 0 =       6897,      18210       
# span 1 =    287.353,    758.704       
# span 2 =      0.993,     22.838       
# span 3 =      1.000,     23.000       
# span 4 =    27.7278,    28.0036       
# span 5 =    27.7146,    28.0056       
# span 6 =   4.989631,   5.186002       
# span 7 =   4.986132,   5.186080       
# span 8 =     3.0248,     3.0620       
# span 9 =     2.5691,     2.5962       
# span 10 =       4.62,      26.09      
# span 11 =   28.59449,   28.91203      
# span 12 =  -95.75891,  -94.70622      
# span 13 =   -0.00123,    0.00182      
# span 14 =   -0.00144,    0.00194      
# span 15 =     4.3558,     4.4045      
# span 16 =     4.3590,     4.4046      
# span 17 =    27.7229,    28.0011      
# span 18 =    27.7098,    28.0031      
# span 19 =    30.7104,    32.0608      
# span 20 =    30.7584,    32.0605      
# span 21 =    19.2539,    20.2243      
# span 22 =    19.2897,    20.2245      
# span 23 =       0.00,    1550.14      
# span 24 =    190.703,    192.895      
# span 25 =    190.844,    193.035      
# span 26 =         31,         61      
# span 27 = 0.0000e+00, 0.0000e+00      
# interval = decibars: 1                
# start_time = Sep 29 2021 11:35:17 [NMEA time, header]
# bad_flag = -9.990e-29
*END*
       6897    287.353      3.973      4.000    27.7300    27.7300   5.131034   5.131019     3.0440     2.5820      23.47   28.68338  -95.00035   -0.00057    0.00027     4.3830     4.3821    27.7291    27.7291    31.7592    31.7591    20.0470    20.0469       0.00    191.896    191.857         36 0.0000e+00
       7118    296.524      4.966      5.000    27.7345    27.7357   5.131709   5.132057     3.0450     2.5804      22.41   28.68336  -95.00036   -0.00020    0.00013     4.3852     4.3792    27.7333    27.7346    31.7616    31.7621    20.0475    20.0474       0.00    191.994    191.732         37 0.0000e+00
       7464    310.956      7.946      8.000    27.9072    27.9216   5.169387   5.167825     3.0588     2.5947      19.83   28.85315  -95.56271    0.00023    0.00045     4.3967     4.4015    27.9053    27.9198    31.9432    31.9601    20.1537    20.1658       0.00    192.495    192.707         46 0.0000e+00
       7483    311.739      8.939      9.000    27.7662    27.7528   5.137986   5.135024     3.0418     2.5790      18.75   28.68336  -95.00038    0.00029    0.00024     4.3781     4.3765    27.7641    27.7507    31.7817    31.7701    20.0526    20.0482       0.00    191.684    191.614         43 0.0000e+00
       7550    314.561      9.933     10.000    27.7586    27.7486   5.136510   5.134137     3.0422     2.5807      17.84   28.68334  -95.00038    0.00108    0.00084     4.3802     4.3810    27.7569    27.7463    31.7758    31.7665    20.0505    20.0469       0.00    191.773    191.811         37 0.0000e+00
       7586    316.056     10.926     11.000    27.7733    27.7613   5.140056   5.136923     3.0416     2.5804      16.94   28.68334  -95.00038   -0.00022    0.00009     4.3787     4.3792    27.7708    27.7588    31.7886    31.7774    20.0557    20.0511       0.00    191.707    191.728         44 0.0000e+00
       7649    318.677     11.919     12.000    27.7753    27.7778   5.140254   5.140814     3.0395     2.5794      15.78   28.68334  -95.00039   -0.00096   -0.00032     4.3743     4.3765    27.7726    27.7750    31.7903    31.7923    20.0564    20.0571       0.00    191.516    191.612         57 0.0000e+00
       7702    320.882     12.913     13.000    27.7743    27.7767   5.140040   5.140524     3.0406     2.5746      14.81   28.68334  -95.00040   -0.00004   -0.00133     4.3771     4.3671    27.7713    27.7737    31.7893    31.7911    20.0560    20.0566       0.00    191.638    191.199         33 0.0000e+00
       7762    323.375     13.906     14.000    27.7763    27.7779   5.140491   5.140783     3.0384     2.5746      13.78   28.68334  -95.00040   -0.00028   -0.00089     4.3735     4.3675    27.7731    27.7747    31.7907    31.7917    20.0565    20.0568       0.00    191.479    191.217         58 0.0000e+00
       7824    325.969     14.899     15.000    27.7753    27.7748   5.140212   5.140042     3.0370     2.5810      12.81   28.68334  -95.00040   -0.00123    0.00194     4.3712     4.3818    27.7718    27.7713    31.7893    31.7881    20.0559    20.0551       0.00    191.382    191.846         51 0.0000e+00
       7879    328.235     15.892     16.000    27.7825    27.7864   5.142332   5.143111     3.0382     2.5789      11.92   28.68334  -95.00040    0.00043    0.00071     4.3732     4.3769    27.7786    27.7827    31.7977    31.8013    20.0600    20.0614       0.00    191.467    191.629         56 0.0000e+00
       7936    330.607     16.885     17.000    27.7992    27.8003   5.146874   5.146984     3.0374     2.5754      10.79   28.68334  -95.00040    0.00009   -0.00144     4.3705     4.3684    27.7953    27.7963    31.8188    31.8188    20.0704    20.0702       0.00    191.348    191.255         57 0.0000e+00
       8007    333.575     17.879     18.000    27.7996    27.8004   5.146948   5.147197     3.0354     2.5748       9.91   28.68332  -95.00041   -0.00094   -0.00070     4.3671     4.3677    27.7954    27.7962    31.8187    31.8200    20.0704    20.0710       0.00    191.198    191.223         36 0.0000e+00
       8668    361.125     20.859     21.000    27.7278    27.7146   5.131373   5.132370     3.0248     2.5691       6.89   28.59449  -94.70622    0.00129    0.00115     4.3558     4.3590    27.7229    27.7098    31.7436    31.7281    20.0246    20.0140    1534.54    190.703    190.844         55 0.0000e+00
       8990    374.555     21.861     22.000    27.7963    27.8007   5.147299   5.148371     3.0320     2.5722       5.95   28.68330  -95.00046    0.00023   -0.00019     4.3625     4.3642    27.7912    27.7956    31.8219    31.8268    20.0741    20.0763    1537.87    190.997    191.070         51 0.0000e+00
      11430    476.200     22.838     23.000    27.8044    27.8033   5.149623   5.149167     3.0321     2.5698       4.62   28.68320  -95.00056    0.00064    0.00040     4.3632     4.3595    27.7990    27.7979    31.8331    31.8303    20.0800    20.0783    1537.87    191.022    190.861         35 0.0000e+00
      11679    486.575     21.851     22.000    27.8008    27.8022   5.148792   5.148839     3.0292     2.5723       5.56   28.68319  -95.00059   -0.00004    0.00051     4.3572     4.3643    27.7957    27.7971    31.8297    31.8290    20.0785    20.0776    1537.87    190.761    191.075         37 0.0000e+00
      11743    489.230     20.858     21.000    27.8006    27.8019   5.148713   5.148779     3.0317     2.5739       6.55   28.68318  -95.00060    0.00182    0.00020     4.3615     4.3672    27.7957    27.7971    31.8295    31.8291    20.0784    20.0776    1537.87    190.950    191.200         42 0.0000e+00
      12157    506.517     18.872     19.000    28.0029    28.0042   5.186002   5.186080     3.0551     2.5913       8.75   28.89254  -95.69411   -0.00034    0.00120     4.3947     4.3951    27.9985    27.9998    32.0608    32.0605    20.2242    20.2235    1549.10    192.404    192.420         32 0.0000e+00
      12206    508.556     17.879     18.000    27.7990    27.8004   5.148020   5.148255     3.0343     2.5734       9.53   28.68316  -95.00062   -0.00006    0.00020     4.3650     4.3645    27.7948    27.7963    31.8266    31.8273    20.0765    20.0765    1537.87    191.105    191.085         31 0.0000e+00
      12364    515.109     16.885     17.000    27.7968    27.7985   5.147271   5.147604     3.0347     2.5724      10.52   28.68315  -95.00062    0.00029   -0.00051     4.3654     4.3622    27.7929    27.7945    31.8231    31.8243    20.0745    20.0749    1537.87    191.125    190.982         54 0.0000e+00
      12523    521.754     15.892     16.000    27.7957    27.7946   5.146802   5.146210     3.0341     2.5748      11.47   28.68314  -95.00062    0.00017   -0.00004     4.3639     4.3672    27.7920    27.7909    31.8210    31.8176    20.0732    20.0710    1537.87    191.058    191.200         31 0.0000e+00
      12666    527.688     14.899     15.000    27.7922    27.7909   5.145659   5.145070     3.0351     2.5743      12.42   28.68313  -95.00064    0.00012   -0.00019     4.3658     4.3661    27.7887    27.7874    31.8157    31.8125    20.0702    20.0682    1537.87    191.139    191.154         59 0.0000e+00
      13046    543.537     12.912     13.000    27.9026    27.9003   5.165399   5.164547     3.0510     2.5865      14.46   28.80371  -95.40005    0.00063   -0.00037     4.3896     4.3869    27.8996    27.8973    31.9412    31.9368    20.1504    20.1478    1544.34    192.183    192.067         48 0.0000e+00
      13415    558.908     10.926     11.000    28.0036    28.0056   5.183797   5.184163     3.0620     2.5962      16.62   28.91203  -95.75891   -0.00018   -0.00101     4.4045     4.4024    28.0011    28.0031    32.0574    32.0586    20.2243    20.2245    1550.14    192.835    192.742         44 0.0000e+00
      13844    576.802      9.933     10.000    27.7758    27.7767   5.141184   5.141221     3.0385     2.5782      17.40   28.68309  -95.00068   -0.00024    0.00034     4.3712     4.3729    27.7735    27.7744    31.7971    31.7967    20.0612    20.0605    1537.87    191.378    191.454         35 0.0000e+00
      15091    628.737      8.940      9.000    27.7589    27.7595   5.137289   5.137338     3.0386     2.5797      18.31   28.68304  -95.00074   -0.00005    0.00043     4.3726     4.3773    27.7568    27.7574    31.7817    31.7817    20.0550    20.0548    1537.87    191.441    191.644         53 0.0000e+00
      15183    632.601      7.946      8.000    27.7580    27.7592   5.137061   5.137259     3.0386     2.5802      19.24   28.68304  -95.00074   -0.00016    0.00035     4.3722     4.3778    27.7561    27.7573    31.7811    31.7816    20.0547    20.0547    1537.87    191.424    191.668         61 0.0000e+00
      15236    634.785      6.953      7.000    27.7592    27.7609   5.137396   5.137668     3.0399     2.5776      20.20   28.68304  -95.00074    0.00040   -0.00071     4.3739     4.3716    27.7576    27.7593    31.7827    31.7835    20.0555    20.0556    1537.87    191.500    191.395         42 0.0000e+00
      15323    638.398      5.960      6.000    27.7585    27.7591   5.137218   5.137244     3.0415     2.5780      21.23   28.68303  -95.00076    0.00043   -0.00035     4.3765     4.3722    27.7571    27.7577    31.7823    31.7821    20.0554    20.0550    1537.87    191.610    191.422         43 0.0000e+00
      15389    641.153      4.966      5.000    27.7588    27.7594   5.137284   5.137363     3.0397     2.5798      22.20   28.68302  -95.00076   -0.00036    0.00092     4.3726     4.3753    27.7576    27.7582    31.7829    31.7830    20.0556    20.0555    1537.87    191.439    191.561         36 0.0000e+00
      15528    646.944      3.973      4.000    27.7561    27.7578   5.136580   5.136905     3.0422     2.5794      23.20   28.68302  -95.00076    0.00029    0.00003     4.3769     4.3740    27.7552    27.7569    31.7801    31.7812    20.0543    20.0545    1537.87    191.632    191.503         38 0.0000e+00
      17443    726.738      2.980      3.000    27.7575    27.7586   5.136654   5.136802     3.0415     2.5822      24.27   28.68294  -95.00085    0.00028    0.00131     4.3752     4.3794    27.7568    27.7579    31.7799    31.7802    20.0536    20.0535    1537.87    191.553    191.740         44 0.0000e+00
      18184    757.624      1.987      2.000    27.7565    27.7581   5.136565   5.136741     3.0441     2.5790      25.36   28.68292  -95.00088    0.00051   -0.00037     4.3794     4.3722    27.7561    27.7576    31.7802    31.7804    20.0541    20.0538    1537.87    191.741    191.424         34 0.0000e+00
      18210    758.704      0.993      1.000    27.7494    27.7496   4.989631   4.986132     3.0420     2.5785      26.09   28.68292  -95.00089    0.00041    0.00057     4.4023     4.4046    27.7486    27.7494    30.7104    30.7584    19.2539    19.2897    1537.87    192.895    193.035         36 0.0000e+00
