GOMECC/GOMECC-4/1db/rb2103_0061.ros
* Sea-Bird SBE 9 Data File:
* FileName = C:\Users\scs.user.rb\CTD\GOMECC4\data\rb2103_006.hex
* Software Version Seasave V 7.26.7.107
* Temperature SN = 4799
* Conductivity SN = 3860
* Number of Bytes Per Scan = 41
* Number of Voltage Words = 4
* Number of Scans Averaged by the Deck Unit = 1
* NMEA Latitude = 26 59.43 N
* NMEA Longitude = 079 59.23 W
* NMEA UTC (Time) = Sep 15 2021  03:40:59
* NMEA baud rate = 4800
# nquan = 17
# nvalues = 1596                                  
# units = specified
# name 0 = scan: Scan Count
# name 1 = timeS: Time, Elapsed [seconds]
# name 2 = depSM: Depth [salt water, m]
# name 3 = prDM: Pressure, Digiquartz [db]
# name 4 = t090C: Temperature [ITS-90, deg C]
# name 5 = t190C: Temperature, 2 [ITS-90, deg C]
# name 6 = c0S/m: Conductivity [S/m]
# name 7 = c1S/m: Conductivity, 2 [S/m]
# name 8 = sbeox0V: Oxygen raw, SBE 43 [V]
# name 9 = sbeox1V: Oxygen raw, SBE 43, 2 [V]
# name 10 = altM: Altimeter [m]
# name 11 = latitude: Latitude [deg]
# name 12 = longitude: Longitude [deg]
# name 13 = sbox0dV/dT: Oxygen, SBE 43 [dov/dt]
# name 14 = sbox1dV/dT: Oxygen, SBE 43, 2 [dov/dt]
# name 15 = nbf: Bottles Fired
# name 16 = flag:  0.000e+00
# interval = seconds: 0.0416667
# start_time = Sep 15 2021 03:40:59 [NMEA time, header]
# bad_flag = -9.990e-29
*END*
[from data line 1107]
      31565   1315.167     20.366     20.502    29.8389    29.8413   5.893469   5.894270     3.1355     2.6654      42.56   26.99706  -79.98910    0.00010   -0.00052          9  0.000e+00
      31566   1315.208     20.344     20.479    29.8381    29.8413   5.893405   5.894286     3.1355     2.6667      42.56   26.99706  -79.98910    0.00018   -0.00051          9  0.000e+00
      31567   1315.250     20.344     20.479    29.8385    29.8413   5.893437   5.894302     3.1343     2.6667      42.56   26.99706  -79.98910    0.00024   -0.00050          9  0.000e+00
      31568   1315.292     20.397     20.533    29.8385    29.8417   5.893405   5.894302     3.1355     2.6654      42.56   26.99706  -79.98910    0.00031   -0.00051          9  0.000e+00
      31569   1315.333     20.366     20.502    29.8381    29.8413   5.893326   5.894230     3.1343     2.6667      42.56   26.99706  -79.98910    0.00035   -0.00048          9  0.000e+00
      31570   1315.375     20.344     20.479    29.8377    29.8409   5.893262   5.894093     3.1355     2.6679      42.56   26.99706  -79.98910    0.00042   -0.00043          9  0.000e+00
      31571   1315.417     20.344     20.479    29.8376    29.8407   5.893246   5.894028     3.1343     2.6679      42.56   26.99706  -79.98910    0.00048   -0.00038          9  0.000e+00
      31572   1315.458     20.397     20.533    29.8372    29.8404   5.893143   5.893972     3.1343     2.6679      42.56   26.99706  -79.98910    0.00053   -0.00033          9  0.000e+00
      31573   1315.500     20.427     20.563    29.8370    29.8403   5.893064   5.894004     3.1343     2.6679      42.56   26.99706  -79.98910    0.00059   -0.00028          9  0.000e+00
      31574   1315.542     20.344     20.479    29.8370    29.8405   5.893095   5.894012     3.1343     2.6679      42.56   26.99706  -79.98910    0.00064   -0.00024          9  0.000e+00
      31575   1315.583     20.397     20.533    29.8374    29.8402   5.893135   5.893972     3.1343     2.6679      42.56   26.99706  -79.98910    0.00070   -0.00019          9  0.000e+00
      31576   1315.625     20.344     20.479    29.8376    29.8403   5.893191   5.894004     3.1343     2.6679      42.56   26.99706  -79.98910    0.00075   -0.00016          9  0.000e+00
      31577   1315.667     20.427     20.563    29.8372    29.8405   5.893127   5.894012     3.1343     2.6679      42.52   26.99706  -79.98910    0.00080   -0.00013          9  0.000e+00
      31578   1315.708     20.397     20.533    29.8370    29.8405   5.893071   5.894012     3.1343     2.6679      42.49   26.99706  -79.98910    0.00087   -0.00008          9  0.000e+00
      31579   1315.750     20.397     20.533    29.8363    29.8401   5.892984   5.893907     3.1343     2.6691      42.49   26.99706  -79.98910    0.00093   -0.00004          9  0.000e+00
      31580   1315.792     20.344     20.479    29.8365    29.8396   5.892928   5.893867     3.1343     2.6691      42.49   26.99708  -79.98912    0.00098    0.00003          9  0.000e+00
      31581   1315.833     20.427     20.563    29.8365    29.8398   5.892952   5.893867     3.1343     2.6691      42.49   26.99708  -79.98912    0.00103    0.00007          9  0.000e+00
      31582   1315.875     20.397     20.533    29.8366    29.8398   5.892992   5.893940     3.1343     2.6691      42.49   26.99708  -79.98912    0.00108    0.00012          9  0.000e+00
      31583   1315.917     20.397     20.533    29.8365    29.8398   5.892976   5.893891     3.1343     2.6691      42.49   26.99708  -79.98912    0.00114    0.00018          9  0.000e+00
      31584   1315.958     20.397     20.533    29.8365    29.8394   5.892960   5.893867     3.1343     2.6691      42.49   26.99708  -79.98912    0.00119    0.00023          9  0.000e+00
      31585   1316.000     20.427     20.563    29.8361    29.8398   5.892928   5.893907     3.1343     2.6691      42.49   26.99708  -79.98912    0.00124    0.00029          9  0.000e+00
      31586   1316.042     20.397     20.533    29.8361    29.8396   5.892913   5.893843     3.1343     2.6691      42.49   26.99708  -79.98912    0.00127    0.00035          9  0.000e+00
      31587   1316.083     20.397     20.533    29.8363    29.8400   5.892984   5.893891     3.1343     2.6691      42.49   26.99708  -79.98912    0.00132    0.00041          9  0.000e+00
      31588   1316.125     20.397     20.533    29.8366    29.8396   5.892968   5.893948     3.1343     2.6679      42.49   26.99708  -79.98912    0.00137    0.00045          9  0.000e+00
      31589   1316.167     20.427     20.563    29.8370    29.8400   5.893032   5.893924     3.1343     2.6691      42.49   26.99708  -79.98912    0.00140    0.00051          9  0.000e+00
      31590   1316.208     20.397     20.533    29.8370    29.8398   5.893056   5.893956     3.1355     2.6679      42.49   26.99708  -79.98912    0.00147    0.00053          9  0.000e+00
      31591   1316.250     20.450     20.586    29.8368    29.8400   5.892984   5.893964     3.1355     2.6679      42.49   26.99708  -79.98912    0.00153    0.00058          9  0.000e+00
      31592   1316.292     20.397     20.533    29.8353    29.8400   5.892698   5.893964     3.1355     2.6679      42.49   26.99708  -79.98912    0.00160    0.00062          9  0.000e+00
      31593   1316.333     20.427     20.563    29.8315    29.8402   5.892158   5.894004     3.1343     2.6679      42.49   26.99708  -79.98912    0.00164    0.00066          9  0.000e+00
      31594   1316.375     20.397     20.533    29.8285    29.8400   5.891634   5.894012     3.1355     2.6679      42.49   26.99708  -79.98912    0.00169    0.00070          9  0.000e+00
      31595   1316.417     20.450     20.586    29.8265    29.8401   5.891411   5.893972     3.1355     2.6679      42.49   26.99708  -79.98912    0.00173    0.00074          9  0.000e+00
      31596   1316.458     20.397     20.533    29.8274    29.8400   5.891483   5.894004     3.1355     2.6679      42.52   26.99708  -79.98912    0.00178    0.00079          9  0.000e+00
      31597   1316.500     20.427     20.563    29.8276    29.8400   5.891546   5.894012     3.1355     2.6679      42.49   26.99708  -79.98912    0.00182    0.00083          9  0.000e+00
      31598   1316.542     20.397     20.533    29.8265    29.8400   5.891419   5.893972     3.1355     2.6679      42.49   26.99708  -79.98912    0.00184    0.00087          9  0.000e+00
      31599   1316.583     20.450     20.586    29.8261    29.8402   5.891332   5.894036     3.1355     2.6679      42.49   26.99708  -79.98912    0.00186    0.00091          9  0.000e+00
      31600   1316.625     20.397     20.533    29.8261    29.8400   5.891252   5.894060     3.1343     2.6679      42.49   26.99708  -79.98912    0.00187    0.00093          9  0.000e+00
      31601   1316.667     20.397     20.533    29.8261    29.8401   5.891292   5.894060     3.1343     2.6679      42.42   26.99708  -79.98912    0.00187    0.00098          9  0.000e+00
      31602   1316.708     20.427     20.563    29.8263    29.8404   5.891364   5.894060     3.1343     2.6679      42.39   26.99708  -79.98912    0.00187    0.00100          9  0.000e+00
      31603   1316.750     20.397     20.533    29.8255    29.8402   5.891260   5.894060     3.1343     2.6679      42.39   26.99708  -79.98912    0.00185    0.00102          9  0.000e+00
      31604   1316.792     20.450     20.586    29.8249    29.8401   5.891197   5.894028     3.1343     2.6679      42.39   26.99708  -79.98912    0.00183    0.00105          9  0.000e+00
      31605   1316.833     20.397     20.533    29.8255    29.8400   5.891244   5.894085     3.1343     2.6667      42.39   26.99708  -79.98912    0.00181    0.00107          9  0.000e+00
      31606   1316.875     20.427     20.563    29.8261    29.8400   5.891316   5.894036     3.1331     2.6667      42.39   26.99708  -79.98912    0.00177    0.00108          9  0.000e+00
      31607   1316.917     20.397     20.533    29.8257    29.8400   5.891213   5.894085     3.1331     2.6642      42.39   26.99708  -79.98912    0.00173    0.00106          9  0.000e+00
      31608   1316.958     20.397     20.533    29.8252    29.8400   5.891149   5.894036     3.1331     2.6667      42.39   26.99708  -79.98912    0.00169    0.00109          9  0.000e+00
      31609   1317.000     20.450     20.586    29.8246    29.8402   5.891093   5.894157     3.1331     2.6667      42.39   26.99708  -79.98912    0.00163    0.00110          9  0.000e+00
      31610   1317.042     20.427     20.563    29.8242    29.8400   5.890974   5.894101     3.1331     2.6654      42.39   26.99708  -79.98912    0.00159    0.00110          9  0.000e+00
      31611   1317.083     20.397     20.533    29.8244    29.8396   5.891006   5.894060     3.1343     2.6642      42.39   26.99708  -79.98912    0.00156    0.00106          9  0.000e+00
      31612   1317.125     20.397     20.533    29.8254    29.8396   5.891221   5.894060     3.1331     2.6642      42.39   26.99708  -79.98912    0.00151    0.00103          9  0.000e+00
      31613   1317.167     20.397     20.533    29.8257    29.8398   5.891308   5.894060     3.1331     2.6642      42.39   26.99708  -79.98912    0.00147    0.00100          9  0.000e+00
      31614   1317.208     20.427     20.563    29.8254    29.8398   5.891292   5.894093     3.1331     2.6667      42.39   26.99708  -79.98912    0.00142    0.00098          9  0.000e+00
      31615   1317.250     20.397     20.533    29.8251    29.8394   5.891236   5.894036     3.1343     2.6667      42.37   26.99708  -79.98912    0.00137    0.00092          9  0.000e+00
      31616   1317.292     20.397     20.533    29.8252    29.8396   5.891197   5.894052     3.1343     2.6654      42.39   26.99708  -79.98912    0.00132    0.00087          9  0.000e+00
      31617   1317.333     20.397     20.533    29.8254    29.8396   5.891173   5.894020     3.1331     2.6642      42.37   26.99708  -79.98912    0.00127    0.00079          9  0.000e+00
      31618   1317.375     20.427     20.563    29.8254    29.8392   5.891221   5.894012     3.1331     2.6654      42.39   26.99708  -79.98912    0.00119    0.00073          9  0.000e+00
      31619   1317.417     20.397     20.533    29.8257    29.8394   5.891260   5.894044     3.1331     2.6654      42.39   26.99708  -79.98912    0.00114    0.00064          9  0.000e+00
      31620   1317.458     20.450     20.586    29.8263    29.8394   5.891276   5.894020     3.1331     2.6642      42.39   26.99708  -79.98912    0.00108    0.00054          9  0.000e+00
      31621   1317.500     20.344     20.479    29.8265    29.8394   5.891411   5.894012     3.1331     2.6630      42.39   26.99708  -79.98912    0.00102    0.00042          9  0.000e+00
      31622   1317.542     20.366     20.502    29.8270    29.8392   5.891467   5.894012     3.1331     2.6630      42.39   26.99708  -79.98912    0.00097    0.00030          9  0.000e+00
      31623   1317.583     20.450     20.586    29.8268    29.8394   5.891459   5.894012     3.1331     2.6630      42.39   26.99708  -79.98912    0.00091    0.00018          9  0.000e+00
      31624   1317.625     20.397     20.533    29.8263    29.8391   5.891395   5.894012     3.1331     2.6630      42.39   26.99708  -79.98912    0.00085    0.00008          9  0.000e+00
      31625   1317.667     20.397     20.533    29.8268    29.8391   5.891435   5.893972     3.1319     2.6630      42.37   26.99708  -79.98912    0.00077   -0.00002          9  0.000e+00
      31626   1317.708     20.366     20.502    29.8284    29.8392   5.891721   5.893964     3.1319     2.6618      42.39   26.99708  -79.98912    0.00067   -0.00012          9  0.000e+00
      31627   1317.750     20.397     20.533    29.8298    29.8391   5.892015   5.894004     3.1319     2.6618      42.37   26.99708  -79.98912    0.00059   -0.00024          9  0.000e+00
      31628   1317.792     20.397     20.533    29.8309    29.8389   5.892094   5.893940     3.1319     2.6618      42.37   26.99708  -79.98912    0.00051   -0.00034          9  0.000e+00
      31629   1317.833     20.397     20.533    29.8320    29.8386   5.892269   5.893988     3.1319     2.6618      42.37   26.99708  -79.98912    0.00042   -0.00042          9  0.000e+00
      31630   1317.875     20.366     20.502    29.8328    29.8391   5.892333   5.893940     3.1319     2.6618      42.37   26.99708  -79.98912    0.00034   -0.00051          9  0.000e+00
      31631   1317.917     20.397     20.533    29.8339    29.8389   5.892476   5.893988     3.1319     2.6618      42.37   26.99708  -79.98912    0.00026   -0.00059          9  0.000e+00
      31632   1317.958     20.344     20.479    29.8352    29.8388   5.892746   5.893980     3.1319     2.6618      42.37   26.99708  -79.98912    0.00017   -0.00068          9  0.000e+00
      31633   1318.000     20.397     20.533    29.8359    29.8392   5.892889   5.893996     3.1319     2.6618      42.37   26.99708  -79.98912    0.00009   -0.00076          9  0.000e+00
      31634   1318.042     20.366     20.502    29.8365    29.8391   5.892984   5.893972     3.1319     2.6618      42.37   26.99708  -79.98912    0.00002   -0.00086          9  0.000e+00
      31635   1318.083     20.344     20.479    29.8372    29.8390   5.893079   5.894004     3.1319     2.6618      42.39   26.99708  -79.98912   -0.00005   -0.00093          9  0.000e+00
      31636   1318.125     20.397     20.533    29.8376    29.8392   5.893175   5.894012     3.1319     2.6618      42.37   26.99708  -79.98912   -0.00012   -0.00103          9  0.000e+00
      31637   1318.167     20.344     20.479    29.8377    29.8389   5.893206   5.894012     3.1319     2.6618      42.37   26.99708  -79.98912   -0.00019   -0.00110          9  0.000e+00
      31638   1318.208     20.366     20.502    29.8377    29.8388   5.893159   5.894012     3.1319     2.6618      42.37   26.99708  -79.98912   -0.00026   -0.00116          9  0.000e+00
      31639   1318.250     20.397     20.533    29.8374    29.8392   5.893151   5.894044     3.1319     2.6618      42.37   26.99708  -79.98912   -0.00031   -0.00121          9  0.000e+00
      31640   1318.292     20.344     20.479    29.8370    29.8391   5.893079   5.894020     3.1319     2.6618      42.37   26.99708  -79.98912   -0.00036   -0.00129          9  0.000e+00
      31641   1318.333     20.344     20.479    29.8371    29.8390   5.893056   5.894052     3.1319     2.6618      42.37   26.99708  -79.98912   -0.00041   -0.00134          9  0.000e+00
      31642   1318.375     20.366     20.502    29.8370    29.8392   5.893016   5.894020     3.1319     2.6618      42.37   26.99708  -79.98912   -0.00045   -0.00139          9  0.000e+00
      31643   1318.417     20.344     20.479    29.8368    29.8391   5.892976   5.894085     3.1319     2.6618      42.37   26.99708  -79.98912   -0.00050   -0.00142          9  0.000e+00
      31644   1318.458     20.344     20.479    29.8374    29.8392   5.893063   5.894036     3.1331     2.6630      42.37   26.99708  -79.98912   -0.00053   -0.00143          9  0.000e+00
      31645   1318.500     20.344     20.479    29.8379    29.8391   5.893175   5.894012     3.1331     2.6630      42.37   26.99708  -79.98912   -0.00055   -0.00144          9  0.000e+00
      31646   1318.542     20.314     20.449    29.8381    29.8392   5.893230   5.893972     3.1331     2.6618      42.37   26.99708  -79.98912   -0.00058   -0.00147          9  0.000e+00
      31647   1318.583     20.344     20.479    29.8377    29.8392   5.893214   5.894004     3.1331     2.6630      42.39   26.99708  -79.98912   -0.00060   -0.00148          9  0.000e+00
      31648   1318.625     20.344     20.479    29.8374    29.8392   5.893167   5.893972     3.1343     2.6630      42.39   26.99708  -79.98912   -0.00060   -0.00149          9  0.000e+00
