GOMECC/GOMECC-4/1db/rb2103_0061.ros
* Sea-Bird SBE 9 Data File:
* FileName = C:\Users\scs.user.rb\CTD\GOMECC4\data\rb2103_006.hex
* Software Version Seasave V 7.26.7.107
* Temperature SN = 4799
* Conductivity SN = 3860
* Number of Bytes Per Scan = 41
* Number of Voltage Words = 4
* Number of Scans Averaged by the Deck Unit = 1
* NMEA Latitude = 26 59.43 N
* NMEA Longitude = 079 59.23 W
* NMEA UTC (Time) = Sep 15 2021  03:40:59
* NMEA baud rate = 4800
# nquan = 17
# nvalues = 1596                                  
# units = specified
# name 0 = scan: Scan Count
# name 1 = timeS: Time, Elapsed [seconds]
# name 2 = depSM: Depth [salt water, m]
# name 3 = prDM: Pressure, Digiquartz [db]
# name 4 = t090C: Temperature [ITS-90, deg C]
# name 5 = t190C: Temperature, 2 [ITS-90, deg C]
# name 6 = c0S/m: Conductivity [S/m]
# name 7 = c1S/m: Conductivity, 2 [S/m]
# name 8 = sbeox0V: Oxygen raw, SBE 43 [V]
# name 9 = sbeox1V: Oxygen raw, SBE 43, 2 [V]
# name 10 = altM: Altimeter [m]
# name 11 = latitude: Latitude [deg]
# name 12 = longitude: Longitude [deg]
# name 13 = sbox0dV/dT: Oxygen, SBE 43 [dov/dt]
# name 14 = sbox1dV/dT: Oxygen, SBE 43, 2 [dov/dt]
# name 15 = nbf: Bottles Fired
# name 16 = flag:  0.000e+00
# interval = seconds: 0.0416667
# start_time = Sep 15 2021 03:40:59 [NMEA time, header]
# bad_flag = -9.990e-29
*END*
[from data line 1532]
      38102   1587.542      4.905      4.937    29.8030    29.7999   5.882714   5.882427     3.1416     2.6679      56.75   26.99850  -79.98950   -0.00114   -0.00065         12  0.000e+00
      38103   1587.583      5.033      5.066    29.8032    29.8002   5.882754   5.882443     3.1429     2.6679      56.75   26.99850  -79.98950   -0.00114   -0.00071         12  0.000e+00
      38104   1587.625      4.905      4.937    29.8030    29.8008   5.882730   5.882540     3.1429     2.6691      56.75   26.99850  -79.98950   -0.00113   -0.00076         12  0.000e+00
      38105   1587.667      4.920      4.952    29.8030    29.8012   5.882714   5.882580     3.1429     2.6691      56.70   26.99850  -79.98950   -0.00110   -0.00080         12  0.000e+00
      38106   1587.708      4.905      4.937    29.8032    29.8013   5.882754   5.882612     3.1416     2.6691      56.65   26.99850  -79.98950   -0.00110   -0.00084         12  0.000e+00
      38107   1587.750      4.980      5.013    29.8028    29.8013   5.882730   5.882628     3.1416     2.6691      56.65   26.99850  -79.98950   -0.00109   -0.00087         12  0.000e+00
      38108   1587.792      4.920      4.952    29.8032    29.8017   5.882714   5.882628     3.1416     2.6691      56.65   26.99850  -79.98950   -0.00109   -0.00091         12  0.000e+00
      38109   1587.833      4.904      4.937    29.8030    29.8015   5.882754   5.882588     3.1416     2.6703      56.65   26.99850  -79.98950   -0.00109   -0.00094         12  0.000e+00
      38110   1587.875      4.920      4.952    29.8030    29.8015   5.882699   5.882620     3.1416     2.6703      56.65   26.99850  -79.98950   -0.00107   -0.00095         12  0.000e+00
      38111   1587.917      4.904      4.937    29.8028    29.8013   5.882738   5.882661     3.1416     2.6703      56.65   26.99850  -79.98950   -0.00106   -0.00096         12  0.000e+00
      38112   1587.958      4.867      4.899    29.8035    29.8013   5.882834   5.882636     3.1416     2.6716      56.65   26.99850  -79.98950   -0.00103   -0.00095         12  0.000e+00
      38113   1588.000      4.920      4.952    29.8039    29.8013   5.882968   5.882661     3.1416     2.6716      56.65   26.99850  -79.98950   -0.00100   -0.00094         12  0.000e+00
      38114   1588.042      4.904      4.937    29.8047    29.8013   5.883072   5.882636     3.1416     2.6728      56.65   26.99850  -79.98950   -0.00097   -0.00091         12  0.000e+00
      38115   1588.083      4.920      4.952    29.8048    29.8013   5.883024   5.882661     3.1404     2.6728      56.65   26.99850  -79.98950   -0.00096   -0.00089         12  0.000e+00
      38116   1588.125      4.852      4.884    29.8045    29.8012   5.882937   5.882677     3.1416     2.6728      56.68   26.99850  -79.98950   -0.00092   -0.00086         12  0.000e+00
      38117   1588.167      4.920      4.952    29.8047    29.8015   5.882865   5.882636     3.1404     2.6740      56.65   26.99850  -79.98950   -0.00090   -0.00082         12  0.000e+00
      38118   1588.208      4.904      4.937    29.8043    29.8013   5.882786   5.882628     3.1416     2.6740      56.65   26.99850  -79.98950   -0.00087   -0.00078         12  0.000e+00
      38119   1588.250      4.920      4.952    29.8047    29.8017   5.882770   5.882628     3.1416     2.6740      56.65   26.99850  -79.98950   -0.00083   -0.00074         12  0.000e+00
      38120   1588.292      4.867      4.899    29.8047    29.8015   5.882762   5.882628     3.1416     2.6740      56.65   26.99850  -79.98950   -0.00081   -0.00069         12  0.000e+00
      38121   1588.333      4.904      4.937    29.8047    29.8019   5.882730   5.882628     3.1416     2.6740      56.65   26.99850  -79.98950   -0.00077   -0.00063         12  0.000e+00
      38122   1588.375      4.867      4.899    29.8047    29.8021   5.882532   5.882701     3.1416     2.6740      56.65   26.99850  -79.98950   -0.00073   -0.00058         12  0.000e+00
      38123   1588.417      4.904      4.937    29.8045    29.8025   5.882405   5.882870     3.1416     2.6740      56.65   26.99850  -79.98950   -0.00069   -0.00053         12  0.000e+00
      38124   1588.458      4.920      4.952    29.8045    29.8028   5.882341   5.882918     3.1416     2.6740      56.65   26.99850  -79.98950   -0.00064   -0.00047         12  0.000e+00
      38125   1588.500      4.904      4.937    29.8045    29.8032   5.882222   5.882990     3.1416     2.6752      56.68   26.99850  -79.98950   -0.00060   -0.00040         12  0.000e+00
      38126   1588.542      4.867      4.899    29.8048    29.8034   5.882143   5.883047     3.1416     2.6752      56.65   26.99850  -79.98950   -0.00055   -0.00034         12  0.000e+00
      38127   1588.583      4.867      4.899    29.8048    29.8034   5.882175   5.882990     3.1416     2.6752      56.65   26.99850  -79.98950   -0.00053   -0.00029         12  0.000e+00
      38128   1588.625      4.904      4.937    29.8047    29.8034   5.882119   5.882999     3.1416     2.6752      56.65   26.99850  -79.98950   -0.00050   -0.00022         12  0.000e+00
      38129   1588.667      4.920      4.952    29.8048    29.8030   5.882190   5.882902     3.1416     2.6752      56.80   26.99850  -79.98950   -0.00047   -0.00016         12  0.000e+00
      38130   1588.708      4.904      4.937    29.8048    29.8030   5.882159   5.882870     3.1416     2.6752      56.92   26.99850  -79.98950   -0.00044   -0.00009         12  0.000e+00
      38131   1588.750      4.867      4.899    29.8052    29.8032   5.882071   5.882757     3.1416     2.6752      56.95   26.99850  -79.98950   -0.00039   -0.00003         12  0.000e+00
      38132   1588.792      4.920      4.952    29.8050    29.8038   5.882000   5.882685     3.1416     2.6764      56.92   26.99852  -79.98950   -0.00036    0.00005         12  0.000e+00
      38133   1588.833      4.904      4.937    29.8043    29.8041   5.881921   5.882644     3.1416     2.6764      56.92   26.99852  -79.98950   -0.00032    0.00013         12  0.000e+00
      38134   1588.875      4.867      4.899    29.8041    29.8045   5.881857   5.882660     3.1416     2.6764      56.92   26.99852  -79.98950   -0.00029    0.00020         12  0.000e+00
      38135   1588.917      4.965      4.998    29.8039    29.8049   5.881809   5.882677     3.1416     2.6752      56.92   26.99852  -79.98950   -0.00026    0.00026         12  0.000e+00
      38136   1588.958      4.920      4.952    29.8039    29.8052   5.881801   5.882677     3.1416     2.6764      56.92   26.99852  -79.98950   -0.00022    0.00034         12  0.000e+00
      38137   1589.000      4.904      4.937    29.8039    29.8054   5.881833   5.882781     3.1429     2.6764      56.92   26.99852  -79.98950   -0.00017    0.00041         12  0.000e+00
      38138   1589.042      4.980      5.013    29.8039    29.8058   5.881778   5.882821     3.1429     2.6752      56.92   26.99852  -79.98950   -0.00012    0.00048         12  0.000e+00
      38139   1589.083      4.920      4.952    29.8043    29.8057   5.881714   5.882854     3.1429     2.6752      56.92   26.99852  -79.98950   -0.00008    0.00055         12  0.000e+00
      38140   1589.125      4.791      4.823    29.8039    29.8056   5.881778   5.882797     3.1429     2.6752      56.92   26.99852  -79.98950   -0.00003    0.00062         12  0.000e+00
      38141   1589.167      5.033      5.066    29.8035    29.8053   5.881730   5.882669     3.1441     2.6752      56.92   26.99852  -79.98950    0.00005    0.00069         12  0.000e+00
      38142   1589.208      4.965      4.998    29.8032    29.8049   5.881667   5.882524     3.1429     2.6740      56.92   26.99852  -79.98950    0.00010    0.00074         12  0.000e+00
      38143   1589.250      4.920      4.952    29.8028    29.8053   5.881587   5.882492     3.1441     2.6740      56.92   26.99852  -79.98950    0.00017    0.00079         12  0.000e+00
      38144   1589.292      4.904      4.937    29.8026    29.8051   5.881524   5.882491     3.1441     2.6740      56.92   26.99852  -79.98950    0.00024    0.00084         12  0.000e+00
      38145   1589.333      4.980      5.013    29.8028    29.8049   5.881587   5.882451     3.1441     2.6740      56.92   26.99852  -79.98950    0.00031    0.00089         12  0.000e+00
      38146   1589.375      4.920      4.952    29.8032    29.8047   5.881643   5.882516     3.1441     2.6740      56.92   26.99852  -79.98950    0.00039    0.00094         12  0.000e+00
      38147   1589.417      4.852      4.884    29.8037    29.8047   5.881659   5.882540     3.1441     2.6740      56.92   26.99852  -79.98950    0.00044    0.00099         12  0.000e+00
      38148   1589.458      5.093      5.127    29.8037    29.8047   5.881730   5.882540     3.1441     2.6728      56.92   26.99852  -79.98950    0.00049    0.00102         12  0.000e+00
      38149   1589.500      4.965      4.998    29.8035    29.8047   5.881682   5.882467     3.1453     2.6728      56.92   26.99852  -79.98950    0.00055    0.00105         12  0.000e+00
      38150   1589.542      4.920      4.952    29.8035    29.8049   5.881690   5.882403     3.1453     2.6728      56.92   26.99852  -79.98950    0.00062    0.00109         12  0.000e+00
      38151   1589.583      4.980      5.013    29.8034    29.8049   5.881667   5.882395     3.1453     2.6740      56.92   26.99852  -79.98950    0.00067    0.00114         12  0.000e+00
      38152   1589.625      4.965      4.998    29.8035    29.8049   5.881659   5.882467     3.1453     2.6728      56.92   26.99852  -79.98950    0.00072    0.00117         12  0.000e+00
      38153   1589.667      4.980      5.013    29.8043    29.8049   5.881801   5.882492     3.1453     2.6740      56.92   26.99852  -79.98950    0.00078    0.00122         12  0.000e+00
      38154   1589.708      4.965      4.998    29.8052    29.8051   5.881881   5.882451     3.1453     2.6728      57.00   26.99852  -79.98950    0.00085    0.00125         12  0.000e+00
      38155   1589.750      4.980      5.013    29.8047    29.8051   5.881857   5.882516     3.1441     2.6728      57.09   26.99852  -79.98950    0.00088    0.00126         12  0.000e+00
      38156   1589.792      4.965      4.998    29.8041    29.8049   5.881809   5.882564     3.1441     2.6728      57.09   26.99852  -79.98950    0.00091    0.00127         12  0.000e+00
      38157   1589.833      4.980      5.013    29.8045    29.8047   5.881801   5.882508     3.1441     2.6728      57.09   26.99852  -79.98950    0.00094    0.00128         12  0.000e+00
      38158   1589.875      4.980      5.013    29.8043    29.8049   5.881801   5.882556     3.1441     2.6740      57.09   26.99852  -79.98950    0.00095    0.00131         12  0.000e+00
      38159   1589.917      4.965      4.998    29.8043    29.8047   5.881833   5.882508     3.1441     2.6740      57.09   26.99852  -79.98950    0.00098    0.00134         12  0.000e+00
      38160   1589.958      5.033      5.066    29.8045    29.8047   5.881809   5.882524     3.1441     2.6740      57.09   26.99852  -79.98950    0.00099    0.00137         12  0.000e+00
      38161   1590.000      4.965      4.998    29.8052    29.8045   5.881944   5.882540     3.1441     2.6740      57.09   26.99852  -79.98950    0.00101    0.00142         12  0.000e+00
      38162   1590.042      4.980      5.013    29.8058    29.8043   5.882135   5.882604     3.1441     2.6740      57.09   26.99852  -79.98950    0.00104    0.00144         12  0.000e+00
      38163   1590.083      5.018      5.051    29.8061    29.8045   5.882111   5.882556     3.1441     2.6740      57.09   26.99852  -79.98950    0.00106    0.00149         12  0.000e+00
      38164   1590.125      4.980      5.013    29.8059    29.8047   5.882127   5.882604     3.1429     2.6740      57.09   26.99852  -79.98950    0.00105    0.00151         12  0.000e+00
      38165   1590.167      4.980      5.013    29.8054    29.8045   5.882063   5.882596     3.1429     2.6740      57.09   26.99852  -79.98950    0.00103    0.00154         12  0.000e+00
