GOMECC/GOMECC-4/1db/rb2103_0721.cnv
* Sea-Bird SBE 9 Data File:
* FileName = C:\Users\scs.user.rb\CTD\GOMECC4\data\rb2103_0721.hex
* Software Version Seasave V 7.26.7.107
* Temperature SN = 4799
* Conductivity SN = 3860
* Number of Bytes Per Scan = 41
* Number of Voltage Words = 4
* Number of Scans Averaged by the Deck Unit = 1
* NMEA Latitude = 26 03.50 N
* NMEA Longitude = 093 43.74 W
* NMEA UTC (Time) = Oct 04 2021  04:36:25
* NMEA baud rate = 4800
# nquan = 28
# nvalues = 570                         
# units = specified
# name 0 = scan: Scan Count
# name 1 = timeS: Time, Elapsed [seconds]
# name 2 = depSM: Depth [salt water, m]
# name 3 = prDM: Pressure, Digiquartz [db]
# name 4 = t090C: Temperature [ITS-90, deg C]
# name 5 = t190C: Temperature, 2 [ITS-90, deg C]
# name 6 = c0S/m: Conductivity [S/m]
# name 7 = c1S/m: Conductivity, 2 [S/m]
# name 8 = sbeox0V: Oxygen raw, SBE 43 [V]
# name 9 = sbeox1V: Oxygen raw, SBE 43, 2 [V]
# name 10 = altM: Altimeter [m]
# name 11 = latitude: Latitude [deg]
# name 12 = longitude: Longitude [deg]
# name 13 = sbox0dV/dT: Oxygen, SBE 43 [dov/dt]
# name 14 = sbox1dV/dT: Oxygen, SBE 43, 2 [dov/dt]
# name 15 = sbeox0ML/L: Oxygen, SBE 43 [ml/l], WS = 5
# name 16 = sbeox1ML/L: Oxygen, SBE 43, 2 [ml/l], WS = 5
# name 17 = potemp090C: Potential Temperature [ITS-90, deg C]
# name 18 = potemp190C: Potential Temperature, 2 [ITS-90, deg C]
# name 19 = sal00: Salinity, Practical [PSU]
# name 20 = sal11: Salinity, Practical, 2 [PSU]
# name 21 = sigma-é00: Density [sigma-theta, kg/m^3]
# name 22 = sigma-é11: Density, 2 [sigma-theta, kg/m^3]
# name 23 = avgsvCM: Average Sound Velocity [Chen-Millero, m/s], minP = 20, minS = 20
# name 24 = sbox0Mm/Kg: Oxygen, SBE 43 [umol/kg], WS = 5
# name 25 = sbox1Mm/Kg: Oxygen, SBE 43, 2 [umol/kg], WS = 5
# name 26 = nbin: number of scans per bin
# name 27 = flag: flag
# span 0 =      13850,     223622       
# span 1 =    577.031,   9317.554       
# span 2 =      0.993,   3083.789       
# span 3 =      1.000,   3127.000       
# span 4 =     4.2856,    29.1104       
# span 5 =     4.2864,    29.2004       
# span 6 =   3.348682,   5.890145       
# span 7 =   3.348636,   5.899107       
# span 8 =     1.5821,     3.2212       
# span 9 =     1.2863,     2.7532       
# span 10 =      13.73,     100.94      
# span 11 =   25.98091,   26.30996      
# span 12 =  -94.62395,  -93.44201      
# span 13 =   -0.04268,    0.02670      
# span 14 =   -0.03984,    0.02645      
# span 15 =     2.5240,     4.8344      
# span 16 =     2.5449,     4.8444      
# span 17 =     4.0794,    29.1082      
# span 18 =     4.0806,    29.1999      
# span 19 =    34.9071,    36.8166      
# span 20 =    34.9054,    36.8139      
# span 21 =    22.7239,    27.7595      
# span 22 =    22.7240,    27.7580      
# span 23 =       0.00,    1545.00      
# span 24 =    109.737,    210.766      
# span 25 =    110.647,    211.200      
# span 26 =         30,         76      
# span 27 = 0.0000e+00, 0.0000e+00      
# interval = decibars: 1                
# start_time = Oct 04 2021 04:36:25 [NMEA time, header]
# bad_flag = -9.990e-29
*END*
[from data line 104]
      18960    789.964    107.269    108.000    22.8942    22.8961   5.317435   5.317807     2.5215     2.1231     100.00   26.05920  -93.72324   -0.00895   -0.00755     3.6540     3.6604    22.8720    22.8739    36.7406    36.7420    25.2916    25.2920    1540.99    159.163    159.442         53 0.0000e+00
      19009    791.995    108.262    109.000    22.8315    22.8345   5.310493   5.311106     2.5113     2.1122      99.86   26.05922  -93.72323   -0.00626   -0.00667     3.6363     3.6396    22.8058    22.8123    36.7416    36.7429    25.3114    25.3112    1540.91    158.390    158.532         44 0.0000e+00
      19053    793.817    109.255    110.000    22.7588    22.7616   5.302830   5.303320     2.5022     2.1054      84.77   26.05922  -93.72322   -0.00498   -0.00430     3.6250     3.6304    22.7364    22.7391    36.7397    36.7412    25.3301    25.3304    1540.83    157.892    158.127         45 0.0000e+00
      19103    795.904    110.248    111.000    22.6765    22.6784   5.293599   5.294004     2.4902     2.0960      99.91   26.05922  -93.72324   -0.00529   -0.00437     3.6069     3.6152    22.6542    22.6561    36.7362    36.7377    25.3511    25.3517    1540.75    157.103    157.463         55 0.0000e+00
      19154    798.049    111.241    112.000    22.6228    22.6241   5.288333   5.288591     2.4828     2.0896      63.33   26.05922  -93.72324   -0.00475   -0.00355     3.5958     3.6047    22.6000    22.6013    36.7401    36.7410    25.3697    25.3700    1540.68    156.613    157.001         45 0.0000e+00
      19195    799.733    112.234    113.000    22.6022    22.6034   5.287604   5.287892     2.4742     2.0828      99.23   26.05922  -93.72324   -0.00380   -0.00346     3.5797     3.5906    22.5793    22.5804    36.7514    36.7526    25.3842    25.3848    1540.61    155.910    156.387         40 0.0000e+00
      19244    801.786    113.227    114.000    22.5740    22.5779   5.284662   5.285319     2.4630     2.0717     100.00   26.05922  -93.72324   -0.00536   -0.00495     3.5592     3.5680    22.5509    22.5548    36.7517    36.7536    25.3926    25.3929    1540.53    155.016    155.399         59 0.0000e+00
      19297    804.006    114.220    115.000    22.4927    22.4963   5.274699   5.275266     2.4543     2.0657     100.00   26.05922  -93.72324   -0.00457   -0.00338     3.5475     3.5602    22.4694    22.4730    36.7419    36.7433    25.4085    25.4086    1540.46    154.504    155.060         42 0.0000e+00
      19337    805.654    115.213    116.000    22.4692    22.4700   5.276444   5.276507     2.4475     2.0586     100.00   26.05922  -93.72324   -0.00362   -0.00306     3.5349     3.5457    22.4457    22.4465    36.7750    36.7748    25.4404    25.4401    1540.38    153.954    154.421         42 0.0000e+00
      19387    807.740    116.206    117.000    22.4431    22.4462   5.274210   5.274834     2.4261     2.0392     100.00   26.05922  -93.72324   -0.00731   -0.00711     3.4970     3.5077    22.4194    22.4226    36.7808    36.7827    25.4523    25.4529    1540.31    152.300    152.764         55 0.0000e+00
      19436    809.794    117.199    118.000    22.3655    22.3685   5.264672   5.265224     2.4107     2.0256     100.00   26.05922  -93.72324   -0.00964   -0.00834     3.4673     3.4785    22.3417    22.3447    36.7694    36.7712    25.4659    25.4664    1540.24    151.003    151.492         44 0.0000e+00
      19483    811.732    118.192    119.000    22.3112    22.3126   5.258098   5.258418     2.4071     2.0239     100.00   26.05922  -93.72324   -0.00414   -0.00330     3.4641     3.4785    22.2872    22.2886    36.7633    36.7646    25.4768    25.4774    1540.17    150.862    151.490         50 0.0000e+00
      19530    813.702    119.185    120.000    22.2903    22.2914   5.255554   5.255833     2.4040     2.0223     100.00   26.05922  -93.72324   -0.00150   -0.00085     3.4596     3.4768    22.2661    22.2672    36.7605    36.7618    25.4807    25.4814    1540.09    150.666    151.417         44 0.0000e+00
      19575    815.602    120.177    121.000    22.2355    22.2385   5.248442   5.249123     2.4014     2.0191      99.92   26.05922  -93.72324   -0.00159   -0.00113     3.4590     3.4738    22.2112    22.2143    36.7505    36.7527    25.4887    25.4893    1540.02    150.637    151.286         49 0.0000e+00
      19626    817.715    121.170    122.000    22.1473    22.1497   5.237175   5.237629     2.3949     2.0137      99.91   26.05922  -93.72324   -0.00211   -0.00206     3.4515     3.4674    22.1229    22.1252    36.7359    36.7375    25.5027    25.5032    1539.95    150.312    151.003         50 0.0000e+00
      19672    819.627    122.163    123.000    22.0774    22.0814   5.228149   5.228877     2.3891     2.0078      96.19   26.05922  -93.72324   -0.00321   -0.00283     3.4449     3.4589    22.0528    22.0568    36.7235    36.7258    25.5131    25.5137    1539.88    150.024    150.631         45 0.0000e+00
      19721    821.651    123.156    124.000    21.9487    21.9534   5.211795   5.212589     2.3808     1.9977      85.14   26.05922  -93.72324   -0.00341   -0.00403     3.4370     3.4449    21.9240    21.9288    36.7028    36.7050    25.5338    25.5341    1539.80    149.676    150.018         50 0.0000e+00
      19767    823.583    124.149    125.000    21.8257    21.8318   5.196276   5.197297     2.3701     1.9870      96.24   26.05922  -93.72324   -0.00471   -0.00510     3.4237     3.4285    21.8009    21.8070    36.6836    36.6866    25.5539    25.5544    1539.73    149.094    149.302         44 0.0000e+00
      19815    825.590    125.142    126.000    21.6862    21.6940   5.178127   5.179438     2.3546     1.9736     100.13   26.05922  -93.72324   -0.00661   -0.00634     3.4017     3.4073    21.6613    21.6691    36.6575    36.6613    25.5731    25.5738    1539.66    148.130    148.376         48 0.0000e+00
      19855    827.242    126.135    127.000    21.4413    21.4462   5.146413   5.147365     2.3403     1.9647     100.00   26.05922  -93.72324   -0.00802   -0.00611     3.3891     3.4034    21.4164    21.4214    36.6124    36.6158    25.6070    25.6082    1539.57    147.579    148.202         34 0.0000e+00
      19889    828.669    127.128    128.000    21.2818    21.2858   5.125673   5.126795     2.3289     1.9539     100.00   26.05922  -93.72324   -0.00852   -0.00615     3.3774     3.3895    21.2569    21.2609    36.5845    36.5874    25.6300    25.6311    1539.49    147.064    147.590         36 0.0000e+00
      19925    830.159    128.121    129.000    21.0891    21.0940   5.100860   5.101865     2.3184     1.9436     100.00   26.05922  -93.72324   -0.00789   -0.00721     3.3682     3.3785    21.0642    21.0691    36.5465    36.5504    25.6542    25.6558    1539.41    146.663    147.109         34 0.0000e+00
      19958    831.526    129.113    130.000    20.9699    20.9718   5.085570   5.086070     2.3097     1.9382     100.00   26.05922  -93.72324   -0.00702   -0.00629     3.3585     3.3744    20.9449    20.9468    36.5248    36.5272    25.6704    25.6717    1539.32    146.236    146.929         33 0.0000e+00
      19992    832.963    130.106    131.000    20.8955    20.8989   5.076263   5.076938     2.3045     1.9341     100.00   26.05922  -93.72324   -0.00584   -0.00420     3.3530     3.3700    20.8704    20.8738    36.5130    36.5155    25.6817    25.6827    1539.23    145.996    146.734         36 0.0000e+00
      20028    834.476    131.099    132.000    20.8249    20.8262   5.068674   5.068897     2.3011     1.9308     100.00   26.05923  -93.72324   -0.00368   -0.00280     3.3508     3.3672    20.7996    20.8009    36.5117    36.5124    25.7001    25.7002    1539.14    145.895    146.610         35 0.0000e+00
      20062    835.873    132.092    133.000    20.8447    20.8459   5.076807   5.077026     2.2983     1.9278     100.00   26.05923  -93.72324   -0.00234   -0.00228     3.3432     3.3585    20.8192    20.8204    36.5602    36.5610    25.7317    25.7319    1539.05    145.560    146.226         33 0.0000e+00
      20095    837.263    133.085    134.000    20.7529    20.7559   5.065754   5.066415     2.2913     1.9216     100.00   26.05924  -93.72324   -0.00269   -0.00265     3.3339     3.3497    20.7273    20.7303    36.5462    36.5486    25.7461    25.7471    1538.97    145.155    145.842         34 0.0000e+00
      20129    838.684    134.078    135.000    20.7083    20.7100   5.060848   5.061200     2.2806     1.9117     100.00   26.05924  -93.72324   -0.00505   -0.00447     3.3154     3.3304    20.6825    20.6843    36.5473    36.5487    25.7591    25.7596    1538.88    144.348    145.001         34 0.0000e+00
      20163    840.092    135.070    136.000    20.6641    20.6664   5.056795   5.057228     2.2696     1.8986     100.00   26.05924  -93.72324   -0.00712   -0.00712     3.2953     3.3027    20.6382    20.6405    36.5520    36.5535    25.7747    25.7752    1538.80    143.468    143.790         34 0.0000e+00
      20199    841.593    136.063    137.000    20.6046    20.6065   5.050740   5.051166     2.2571     1.8870     100.00   26.05924  -93.72324   -0.00791   -0.00859     3.2728     3.2796    20.5787    20.5810    36.5535    36.5552    25.7920    25.7926    1538.71    142.489    142.783         37 0.0000e+00
      20234    843.033    137.056    138.000    20.5751    20.5764   5.047552   5.047856     2.2478     1.8801     100.00   26.05924  -93.72324   -0.00788   -0.00729     3.2552     3.2655    20.5488    20.5501    36.5528    36.5541    25.7995    25.8002    1538.63    141.721    142.172         32 0.0000e+00
      20264    844.307    138.049    139.000    20.5655    20.5669   5.047192   5.047479     2.2416     1.8759      98.78   26.05924  -93.72324   -0.00664   -0.00519     3.2430     3.2566    20.5391    20.5405    36.5577    36.5589    25.8059    25.8064    1538.55    141.190    141.781         31 0.0000e+00
      20299    845.742    139.042    140.000    20.5307    20.5328   5.043866   5.044218     2.2353     1.8690      89.14   26.05924  -93.72324   -0.00503   -0.00410     3.2319     3.2429    20.5042    20.5063    36.5603    36.5614    25.8173    25.8176    1538.46    140.706    141.183         38 0.0000e+00
      20337    847.327    140.035    141.000    20.5076    20.5093   5.043115   5.043376     2.2276     1.8638      99.19   26.05924  -93.72324   -0.00457   -0.00392     3.2172     3.2322    20.4808    20.4825    36.5738    36.5744    25.8339    25.8339    1538.37    140.064    140.717         35 0.0000e+00
      20369    848.684    141.028    142.000    20.4659    20.4681   5.039589   5.039935     2.2205     1.8569      94.21   26.05924  -93.72324   -0.00496   -0.00408     3.2051     3.2188    20.4390    20.4412    36.5806    36.5816    25.8504    25.8506    1538.30    139.532    140.129         32 0.0000e+00
      20402    850.039    142.020    143.000    20.4515    20.4526   5.038879   5.039112     2.2144     1.8524      99.90   26.05924  -93.72324   -0.00489   -0.00418     3.1932     3.2094    20.4245    20.4255    36.5869    36.5879    25.8591    25.8596    1538.21    139.014    139.719         34 0.0000e+00
      20437    851.493    143.013    144.000    20.4352    20.4381   5.037848   5.038256     2.2091     1.8485      71.03   26.05924  -93.72324   -0.00447   -0.00356     3.1830     3.2013    20.4080    20.4108    36.5922    36.5931    25.8676    25.8675    1538.13    138.570    139.365         35 0.0000e+00
      20471    852.920    144.006    145.000    20.3867    20.3947   5.032781   5.033613     2.2037     1.8444     100.07   26.05924  -93.72324   -0.00384   -0.00281     3.1752     3.1951    20.3612    20.3673    36.5908    36.5923    25.8791    25.8786    1538.06    138.228    139.092         33 0.0000e+00
      20505    854.314    144.999    146.000    20.3076    20.3083   5.023761   5.024092     2.1965     1.8342     100.00   26.05924  -93.72324   -0.00397   -0.00358     3.1618     3.1690    20.2792    20.2807    36.5874    36.5887    25.8986    25.8992    1537.98    137.639    137.954         35 0.0000e+00
      20540    855.800    145.991    147.000    20.2833    20.2845   5.020933   5.021207     2.1868     1.8234     100.00   26.05924  -93.72324   -0.00528   -0.00640     3.1462     3.1527    20.2556    20.2568    36.5842    36.5854    25.9024    25.9031    1537.90    136.962    137.243         35 0.0000e+00
      20574    857.226    146.984    148.000    20.1671    20.1735   5.006550   5.007559     2.1768     1.8162     100.00   26.05924  -93.72324   -0.00645   -0.00714     3.1325     3.1428    20.1393    20.1457    36.5666    36.5693    25.9201    25.9205    1537.83    136.362    136.810         33 0.0000e+00
      20608    858.611    147.977    149.000    20.1023    20.1014   4.999994   4.999788     2.1650     1.8059     100.00   26.05924  -93.72324   -0.00721   -0.00610     3.1112     3.1228    20.0744    20.0735    36.5686    36.5677    25.9390    25.9385    1537.74    135.433    135.940         35 0.0000e+00
      20643    860.085    148.970    150.000    20.1195    20.1209   5.005240   5.005409     2.1555     1.7989     100.00   26.05924  -93.72324   -0.00778   -0.00635     3.0898     3.1051    20.0914    20.0928    36.5964    36.5966    25.9557    25.9554    1537.66    134.498    135.165         35 0.0000e+00
      20677    861.479    149.963    151.000    19.9850    19.9902   4.990283   4.990887     2.1521     1.7951     100.00   26.05924  -93.72324   -0.00601   -0.00482     3.0912     3.1042    19.9569    19.9620    36.5898    36.5903    25.9865    25.9855    1537.58    134.555    135.121         31 0.0000e+00
      20709    862.818    150.956    152.000    19.9807    19.9843   4.994709   4.995253     2.1490     1.7912     100.00   26.05924  -93.72324   -0.00347   -0.00350     3.0845     3.0950    19.9524    19.9560    36.6297    36.6310    26.0181    26.0182    1537.50    134.261    134.719         35 0.0000e+00
      20746    864.362    151.948    153.000    19.8631    19.8684   4.979682   4.980576     2.1507     1.7951     100.00   26.05924  -93.72324   -0.00105   -0.00088     3.0961     3.1118    19.8347    19.8400    36.6077    36.6106    26.0326    26.0333    1537.43    134.765    135.446         38 0.0000e+00
      20781    865.847    152.941    154.000    19.6591    19.6646   4.954171   4.955108     2.1412     1.7852     100.00   26.05924  -93.72324   -0.00170   -0.00093     3.0873     3.0994    19.6307    19.6362    36.5742    36.5772    26.0608    26.0616    1537.35    134.376    134.904         33 0.0000e+00
      20813    867.146    153.934    155.000    19.5274    19.5293   4.937609   4.938019     2.1127     1.7521     100.00   26.05924  -93.72324   -0.00933   -0.00955     3.0362     3.0310    19.4989    19.5009    36.5514    36.5531    26.0779    26.0787    1537.27    132.149    131.925         31 0.0000e+00
      20846    868.527    154.926    156.000    19.5183    19.5191   4.937430   4.937659     2.0937     1.7368     100.00   26.05924  -93.72324   -0.01496   -0.01563     2.9952     2.9947    19.4897    19.4905    36.5575    36.5586    26.0850    26.0857    1537.18    130.365    130.345         36 0.0000e+00
      20883    870.070    155.919    157.000    19.4992    19.5013   4.935482   4.935884     2.0819     1.7306     100.00   26.05924  -93.72324   -0.01406   -0.01272     2.9732     2.9826    19.4705    19.4725    36.5576    36.5592    26.0901    26.0908    1537.11    129.405    129.817         36 0.0000e+00
      20916    871.474    156.912    158.000    19.3476    19.3487   4.917863   4.918157     2.0723     1.7236     100.00   26.05924  -93.72324   -0.00865   -0.00580     2.9575     2.9717    19.3188    19.3199    36.5415    36.5428    26.1174    26.1181    1537.02    128.719    129.338         32 0.0000e+00
