GOMECC/GOMECC-4/1db/rb2103_0241.ros
* Sea-Bird SBE 9 Data File:
* FileName = C:\Users\scs.user.rb\CTD\GOMECC4\data\rb2103_0241.hex
* Software Version Seasave V 7.26.7.107
* Temperature SN = 4799
* Conductivity SN = 3860
* Number of Bytes Per Scan = 41
* Number of Voltage Words = 4
* Number of Scans Averaged by the Deck Unit = 1
* NMEA Latitude = 28 41.35 N
* NMEA Longitude = 086 03.85 W
* NMEA UTC (Time) = Sep 21 2021  05:37:15
* NMEA baud rate = 4800
# nquan = 17
# nvalues = 1729                                  
# units = specified
# name 0 = scan: Scan Count
# name 1 = timeS: Time, Elapsed [seconds]
# name 2 = depSM: Depth [salt water, m]
# name 3 = prDM: Pressure, Digiquartz [db]
# name 4 = t090C: Temperature [ITS-90, deg C]
# name 5 = t190C: Temperature, 2 [ITS-90, deg C]
# name 6 = c0S/m: Conductivity [S/m]
# name 7 = c1S/m: Conductivity, 2 [S/m]
# name 8 = sbeox0V: Oxygen raw, SBE 43 [V]
# name 9 = sbeox1V: Oxygen raw, SBE 43, 2 [V]
# name 10 = altM: Altimeter [m]
# name 11 = latitude: Latitude [deg]
# name 12 = longitude: Longitude [deg]
# name 13 = sbox0dV/dT: Oxygen, SBE 43 [dov/dt]
# name 14 = sbox1dV/dT: Oxygen, SBE 43, 2 [dov/dt]
# name 15 = nbf: Bottles Fired
# name 16 = flag:  0.000e+00
# interval = seconds: 0.0416667
# start_time = Sep 21 2021 05:37:15 [NMEA time, header]
# bad_flag = -9.990e-29
*END*
[from data line 1022]
      42500   1770.792     99.155     99.849    19.8174    19.8121   4.960634   4.958884     2.1221     1.7692     100.00   28.68924  -86.06312    0.00006    0.00061          8  0.000e+00
      42501   1770.833     99.125     99.818    19.8162    19.8119   4.960641   4.958928     2.1209     1.7692     100.00   28.68924  -86.06312    0.00004    0.00060          8  0.000e+00
      42502   1770.875     99.125     99.818    19.8164    19.8070   4.960605   4.958719     2.1209     1.7692     100.00   28.68924  -86.06312    0.00003    0.00059          8  0.000e+00
      42503   1770.917     99.095     99.788    19.8175    19.7978   4.960723   4.958442     2.1209     1.7692     100.00   28.68924  -86.06312    0.00002    0.00058          8  0.000e+00
      42504   1770.958     99.125     99.818    19.8190    19.7908   4.960922   4.958300     2.1209     1.7692     100.00   28.68924  -86.06312    0.00002    0.00058          8  0.000e+00
      42505   1771.000     99.155     99.849    19.8207    19.7887   4.961158   4.958397     2.1209     1.7692     100.00   28.68924  -86.06312    0.00001    0.00057          8  0.000e+00
      42506   1771.042     99.125     99.818    19.8239    19.7942   4.961506   4.958599     2.1209     1.7692     100.00   28.68924  -86.06312   -0.00001    0.00056          8  0.000e+00
      42507   1771.083     99.095     99.788    19.8232    19.7982   4.961602   4.958727     2.1209     1.7680     100.00   28.68924  -86.06312   -0.00003    0.00053          8  0.000e+00
      42508   1771.125     99.125     99.818    19.8223    19.8003   4.961417   4.958734     2.1209     1.7680     100.00   28.68924  -86.06312   -0.00005    0.00051          8  0.000e+00
      42509   1771.167     99.156     99.849    19.8218    19.8040   4.961314   4.958756     2.1209     1.7692     100.00   28.68924  -86.06312   -0.00004    0.00050          8  0.000e+00
      42510   1771.208     99.125     99.818    19.8219    19.8042   4.961395   4.958801     2.1209     1.7692     100.00   28.68924  -86.06312   -0.00006    0.00049          8  0.000e+00
      42511   1771.250     99.125     99.818    19.8239    19.7998   4.961808   4.958771     2.1209     1.7680     100.00   28.68924  -86.06312   -0.00008    0.00046          8  0.000e+00
      42512   1771.292     99.156     99.849    19.8264    19.7940   4.962399   4.958644     2.1197     1.7692     100.00   28.68924  -86.06312   -0.00011    0.00045          8  0.000e+00
      42513   1771.333     99.125     99.818    19.8275    19.7908   4.962754   4.958540     2.1209     1.7692     100.00   28.68924  -86.06312   -0.00012    0.00046          8  0.000e+00
      42514   1771.375     99.156     99.849    19.8293    19.7889   4.962998   4.958427     2.1197     1.7680     100.00   28.68924  -86.06312   -0.00015    0.00043          8  0.000e+00
      42515   1771.417     99.125     99.818    19.8310    19.7898   4.963182   4.958315     2.1209     1.7692     100.00   28.68924  -86.06312   -0.00017    0.00042          8  0.000e+00
      42516   1771.458     99.156     99.849    19.8321    19.7917   4.963345   4.958308     2.1209     1.7680     100.00   28.68924  -86.06312   -0.00018    0.00039          8  0.000e+00
      42517   1771.500     99.125     99.818    19.8336    19.7921   4.963522   4.958345     2.1197     1.7692     100.00   28.68924  -86.06312   -0.00021    0.00040          8  0.000e+00
      42518   1771.542     99.125     99.818    19.8348    19.7964   4.963618   4.958420     2.1197     1.7692     100.00   28.68924  -86.06312   -0.00024    0.00039          8  0.000e+00
      42519   1771.583     99.156     99.849    19.8339    19.7970   4.963670   4.958420     2.1197     1.7692     100.00   28.68924  -86.06312   -0.00027    0.00038          8  0.000e+00
      42520   1771.625     99.125     99.819    19.8341    19.7959   4.963899   4.958524     2.1197     1.7692     100.00   28.68924  -86.06312   -0.00031    0.00037          8  0.000e+00
      42521   1771.667     99.156     99.849    19.8357    19.7970   4.964195   4.958749     2.1197     1.7680     100.00   28.68924  -86.06312   -0.00034    0.00034          8  0.000e+00
      42522   1771.708     99.178     99.872    19.8369    19.8001   4.964453   4.958974     2.1197     1.7680     100.00   28.68924  -86.06312   -0.00037    0.00031          8  0.000e+00
      42523   1771.750     99.095     99.788    19.8383    19.8043   4.964631   4.959131     2.1197     1.7680     100.00   28.68924  -86.06312   -0.00039    0.00028          8  0.000e+00
      42524   1771.792     99.178     99.872    19.8397    19.8070   4.964675   4.959213     2.1197     1.7692     100.00   28.68924  -86.06312   -0.00042    0.00027          8  0.000e+00
      42525   1771.833     99.095     99.788    19.8399    19.8099   4.964653   4.959228     2.1197     1.7692     100.00   28.68924  -86.06312   -0.00046    0.00026          8  0.000e+00
      42526   1771.875     99.178     99.872    19.8395    19.8108   4.964549   4.959258     2.1197     1.7692     100.00   28.68924  -86.06312   -0.00048    0.00025          8  0.000e+00
      42527   1771.917     99.126     99.819    19.8388    19.8099   4.964424   4.959273     2.1197     1.7680     100.00   28.68924  -86.06312   -0.00051    0.00022          8  0.000e+00
      42528   1771.958     99.156     99.849    19.8380    19.8089   4.964261   4.959288     2.1197     1.7680     100.00   28.68924  -86.06312   -0.00053    0.00019          8  0.000e+00
      42529   1772.000     99.178     99.872    19.8359    19.8085   4.963892   4.959243     2.1197     1.7692     100.00   28.68924  -86.06312   -0.00055    0.00017          8  0.000e+00
      42530   1772.042     99.156     99.849    19.8339    19.8056   4.963515   4.959161     2.1197     1.7680     100.00   28.68924  -86.06312   -0.00059    0.00014          8  0.000e+00
      42531   1772.083     99.126     99.819    19.8328    19.8038   4.963301   4.959056     2.1209     1.7680     100.00   28.68924  -86.06312   -0.00061    0.00010          8  0.000e+00
      42532   1772.125     99.156     99.849    19.8321    19.8043   4.963168   4.958914     2.1197     1.7680     100.00   28.68924  -86.06312   -0.00063    0.00005          8  0.000e+00
      42533   1772.167     99.126     99.819    19.8311    19.8033   4.963138   4.958854     2.1197     1.7680     100.00   28.68924  -86.06312   -0.00066 -8.792e-07          8  0.000e+00
      42534   1772.208     99.156     99.849    19.8310    19.8017   4.963027   4.958786     2.1197     1.7680     100.00   28.68924  -86.06312   -0.00068   -0.00005          8  0.000e+00
      42535   1772.250     99.179     99.872    19.8308    19.8014   4.962821   4.958704     2.1197     1.7680     100.00   28.68924  -86.06312   -0.00069   -0.00010          8  0.000e+00
      42536   1772.292     99.126     99.819    19.8295    19.8010   4.962540   4.958667     2.1197     1.7680     100.00   28.68924  -86.06312   -0.00071   -0.00015          8  0.000e+00
      42537   1772.333     99.156     99.849    19.8277    19.7998   4.962377   4.958652     2.1197     1.7680     100.00   28.68924  -86.06312   -0.00075   -0.00020          8  0.000e+00
      42538   1772.375     99.179     99.872    19.8270    19.7998   4.962259   4.958614     2.1197     1.7680     100.00   28.68924  -86.06312   -0.00076   -0.00025          8  0.000e+00
      42539   1772.417     99.156     99.849    19.8268    19.7998   4.962222   4.958509     2.1197     1.7680     100.00   28.68924  -86.06312   -0.00078   -0.00028          8  0.000e+00
      42540   1772.458     99.065     99.758    19.8265    19.7980   4.962126   4.958494     2.1197     1.7680     100.00   28.68924  -86.06312   -0.00082   -0.00032          8  0.000e+00
      42541   1772.500     99.209     99.903    19.8256    19.7972   4.961941   4.958360     2.1197     1.7680     100.00   28.68924  -86.06312   -0.00083   -0.00035          8  0.000e+00
      44929   1872.000     79.250     79.800    21.9929    21.9869   5.180172   5.179995     2.5946     2.1929     100.00   28.68922  -86.06310   -0.00035    0.00038          9  0.000e+00
      44930   1872.042     78.804     79.351    21.9924    21.9876   5.180195   5.179956     2.5946     2.1929     100.00   28.68922  -86.06310   -0.00033    0.00031          9  0.000e+00
      44931   1872.083     79.363     79.915    21.9925    21.9883   5.180180   5.179987     2.5934     2.1929     100.00   28.68922  -86.06310   -0.00032    0.00024          9  0.000e+00
      44932   1872.125     79.250     79.800    21.9929    21.9886   5.180127   5.180017     2.5946     2.1929     100.00   28.68922  -86.06310   -0.00031    0.00016          9  0.000e+00
      44933   1872.167     79.250     79.800    21.9930    21.9886   5.180089   5.180048     2.5946     2.1929     100.00   28.68922  -86.06310   -0.00029    0.00009          9  0.000e+00
      44934   1872.208     79.311     79.861    21.9922    21.9891   5.180105   5.180063     2.5946     2.1929     100.00   28.68922  -86.06310   -0.00028    0.00003          9  0.000e+00
      44935   1872.250     79.250     79.800    21.9915    21.9897   5.180089   5.180056     2.5946     2.1929     100.00   28.68922  -86.06310   -0.00027   -0.00004          9  0.000e+00
      44936   1872.292     79.250     79.800    21.9915    21.9891   5.180067   5.180063     2.5946     2.1929     100.00   28.68922  -86.06310   -0.00025   -0.00010          9  0.000e+00
      44937   1872.333     79.311     79.861    21.9917    21.9885   5.180044   5.180056     2.5946     2.1929     100.00   28.68922  -86.06310   -0.00024   -0.00018          9  0.000e+00
      44938   1872.375     79.250     79.800    21.9927    21.9879   5.180059   5.180063     2.5946     2.1929     100.00   28.68922  -86.06310   -0.00023   -0.00023          9  0.000e+00
      44939   1872.417     79.250     79.800    21.9932    21.9879   5.180022   5.180086     2.5946     2.1929     100.00   28.68922  -86.06310   -0.00022   -0.00029          9  0.000e+00
      44940   1872.458     79.250     79.800    21.9932    21.9883   5.180022   5.180071     2.5946     2.1929     100.00   28.68922  -86.06310   -0.00021   -0.00035          9  0.000e+00
      44941   1872.500     79.250     79.800    21.9927    21.9886   5.179992   5.180056     2.5946     2.1929     100.00   28.68922  -86.06310   -0.00018   -0.00041          9  0.000e+00
      44942   1872.542     79.197     79.747    21.9924    21.9884   5.179931   5.180063     2.5946     2.1929     100.00   28.68922  -86.06310   -0.00017   -0.00047          9  0.000e+00
      44943   1872.583     79.349     79.899    21.9917    21.9876   5.179834   5.180056     2.5946     2.1941     100.00   28.68922  -86.06310   -0.00016   -0.00051          9  0.000e+00
      44944   1872.625     79.250     79.800    21.9913    21.9877   5.179789   5.180094     2.5934     2.1941     100.00   28.68922  -86.06310   -0.00015   -0.00055          9  0.000e+00
      44945   1872.667     79.250     79.801    21.9913    21.9890   5.179804   5.180094     2.5946     2.1941     100.00   28.68922  -86.06310   -0.00012   -0.00057          9  0.000e+00
      44946   1872.708     79.250     79.801    21.9913    21.9899   5.179789   5.180071     2.5934     2.1941     100.00   28.68922  -86.06310   -0.00011   -0.00059          9  0.000e+00
      44947   1872.750     79.250     79.801    21.9915    21.9900   5.179766   5.180055     2.5946     2.1941     100.00   28.68922  -86.06310   -0.00008   -0.00062          9  0.000e+00
      44948   1872.792     79.250     79.801    21.9917    21.9900   5.179713   5.180055     2.5946     2.1941     100.00   28.68922  -86.06310   -0.00005   -0.00064          9  0.000e+00
      44949   1872.833     79.250     79.801    21.9915    21.9899   5.179781   5.180063     2.5946     2.1941     100.00   28.68922  -86.06310   -0.00002   -0.00066          9  0.000e+00
      44950   1872.875     79.250     79.801    21.9911    21.9897   5.179759   5.180056     2.5934     2.1941     100.00   28.68922  -86.06310   -0.00001   -0.00069          9  0.000e+00
      44951   1872.917     79.250     79.801    21.9908    21.9888   5.179721   5.180063     2.5934     2.1941     100.00   28.68922  -86.06310   -0.00000   -0.00071          9  0.000e+00
      44952   1872.958     79.250     79.801    21.9909    21.9877   5.179668   5.180025     2.5934     2.1941     100.00   28.68922  -86.06310   -0.00001   -0.00073          9  0.000e+00
      44953   1873.000     79.250     79.801    21.9908    21.9874   5.179698   5.179987     2.5934     2.1941     100.00   28.68922  -86.06310    0.00000   -0.00076          9  0.000e+00
      44954   1873.042     79.250     79.801    21.9909    21.9869   5.179698   5.180002     2.5934     2.1954     100.00   28.68922  -86.06310    0.00002   -0.00076          9  0.000e+00
      44955   1873.083     79.197     79.747    21.9911    21.9860   5.179713   5.179956     2.5934     2.1954     100.00   28.68922  -86.06310    0.00005   -0.00077          9  0.000e+00
      44956   1873.125     79.311     79.862    21.9910    21.9858   5.179698   5.179957     2.5934     2.1941     100.00   28.68922  -86.06310    0.00008   -0.00079          9  0.000e+00
      44957   1873.167     79.198     79.747    21.9913    21.9856   5.179683   5.179911     2.5934     2.1941     100.00   28.68922  -86.06310    0.00009   -0.00082          9  0.000e+00
      44958   1873.208     79.250     79.801    21.9911    21.9853   5.179631   5.179918     2.5934     2.1954     100.00   28.68922  -86.06310    0.00009   -0.00082          9  0.000e+00
      44959   1873.250     79.250     79.801    21.9911    21.9851   5.179631   5.179903     2.5934     2.1941     100.00   28.68922  -86.06310    0.00010   -0.00083          9  0.000e+00
      44960   1873.292     79.250     79.801    21.9907    21.9847   5.179601   5.179918     2.5922     2.1954     100.00   28.68922  -86.06310    0.00010   -0.00083          9  0.000e+00
      44961   1873.333     79.198     79.747    21.9906    21.9847   5.179570   5.179903     2.5922     2.1954     100.00   28.68922  -86.06310    0.00010   -0.00084          9  0.000e+00
      44962   1873.375     79.251     79.801    21.9904    21.9842   5.179616   5.179918     2.5922     2.1954     100.00   28.68922  -86.06310    0.00010   -0.00085          9  0.000e+00
      44963   1873.417     79.251     79.801    21.9901    21.9846   5.179586   5.179934     2.5922     2.1954     100.00   28.68922  -86.06310    0.00010   -0.00084          9  0.000e+00
      44964   1873.458     79.251     79.801    21.9904    21.9851   5.179586   5.179926     2.5922     2.1954     100.00   28.68922  -86.06310    0.00010   -0.00083          9  0.000e+00
      44965   1873.500     79.251     79.801    21.9901    21.9851   5.179571   5.179934     2.5922     2.1954     100.00   28.68922  -86.06310    0.00010   -0.00082          9  0.000e+00
      44966   1873.542     79.251     79.801    21.9901    21.9854   5.179586   5.179895     2.5922     2.1954     100.00   28.68922  -86.06310    0.00010   -0.00079          9  0.000e+00
      44967   1873.583     79.198     79.748    21.9899    21.9867   5.179638   5.179911     2.5922     2.1954     100.00   28.68922  -86.06310    0.00008   -0.00076          9  0.000e+00
      44968   1873.625     79.251     79.801    21.9909    21.9879   5.179698   5.179934     2.5922     2.1954     100.00   28.68922  -86.06310    0.00007   -0.00075          9  0.000e+00
      44969   1873.667     79.251     79.801    21.9920    21.9888   5.179766   5.179956     2.5922     2.1954     100.00   28.68922  -86.06310    0.00007   -0.00074          9  0.000e+00
      44970   1873.708     79.251     79.801    21.9916    21.9897   5.179834   5.179941     2.5922     2.1966     100.00   28.68922  -86.06310    0.00007   -0.00069          9  0.000e+00
