GOMECC/GOMECC-4/1db/rb2103_0831.ros
* Sea-Bird SBE 9 Data File:
* FileName = C:\Users\scs.user.rb\CTD\GOMECC4\data\rb2103_0831.hex
* Software Version Seasave V 7.26.7.107
* Temperature SN = 4799
* Conductivity SN = 3860
* Number of Bytes Per Scan = 41
* Number of Voltage Words = 4
* Number of Scans Averaged by the Deck Unit = 1
* NMEA Latitude = 22 16.43 N
* NMEA Longitude = 095 00.01 W
* NMEA UTC (Time) = Oct 07 2021  05:34:53
* NMEA baud rate = 4800
# nquan = 17
# nvalues = 3192                                  
# units = specified
# name 0 = scan: Scan Count
# name 1 = timeS: Time, Elapsed [seconds]
# name 2 = depSM: Depth [salt water, m]
# name 3 = prDM: Pressure, Digiquartz [db]
# name 4 = t090C: Temperature [ITS-90, deg C]
# name 5 = t190C: Temperature, 2 [ITS-90, deg C]
# name 6 = c0S/m: Conductivity [S/m]
# name 7 = c1S/m: Conductivity, 2 [S/m]
# name 8 = sbeox0V: Oxygen raw, SBE 43 [V]
# name 9 = sbeox1V: Oxygen raw, SBE 43, 2 [V]
# name 10 = altM: Altimeter [m]
# name 11 = latitude: Latitude [deg]
# name 12 = longitude: Longitude [deg]
# name 13 = sbox0dV/dT: Oxygen, SBE 43 [dov/dt]
# name 14 = sbox1dV/dT: Oxygen, SBE 43, 2 [dov/dt]
# name 15 = nbf: Bottles Fired
# name 16 = flag:  0.000e+00
# interval = seconds: 0.0416667
# start_time = Oct 07 2021 05:34:53 [NMEA time, header]
# bad_flag = -9.990e-29
*END*
[from data line 171]
     108745   4531.000   3057.634   3099.475     4.3706     4.3715   3.415382   3.415372     1.7167     1.4054     100.00   22.27376  -95.00024    0.00003   -0.00000          2  0.000e+00
     108746   4531.042   3057.690   3099.533     4.3704     4.3717   3.415401   3.415372     1.7167     1.4054     100.00   22.27376  -95.00024    0.00002   -0.00000          2  0.000e+00
     108747   4531.083   3057.662   3099.504     4.3706     4.3714   3.415414   3.415372     1.7179     1.4054     100.00   22.27376  -95.00024    0.00004   -0.00000          2  0.000e+00
     108748   4531.125   3057.634   3099.475     4.3704     4.3715   3.415376   3.415346     1.7179     1.4054     100.00   22.27376  -95.00024    0.00007   -0.00000          2  0.000e+00
     108749   4531.167   3057.606   3099.446     4.3706     4.3714   3.415376   3.415359     1.7167     1.4054     100.00   22.27376  -95.00024    0.00006   -0.00000          2  0.000e+00
     108750   4531.208   3057.634   3099.475     4.3706     4.3715   3.415357   3.415372     1.7179     1.4054     100.00   22.27376  -95.00024    0.00007   -0.00000          2  0.000e+00
     108751   4531.250   3057.634   3099.475     4.3707     4.3715   3.415395   3.415346     1.7167     1.4054     100.00   22.27376  -95.00024    0.00007   -0.00000          2  0.000e+00
     108752   4531.292   3057.606   3099.447     4.3706     4.3715   3.415388   3.415359     1.7167     1.4054     100.00   22.27376  -95.00024    0.00006 -8.792e-07          2  0.000e+00
     108753   4531.333   3057.578   3099.418     4.3706     4.3715   3.415401   3.415391     1.7167     1.4054     100.00   22.27376  -95.00024    0.00005 -5.275e-07          2  0.000e+00
     108754   4531.375   3057.606   3099.447     4.3706     4.3715   3.415363   3.415352     1.7167     1.4054     100.00   22.27376  -95.00024    0.00005 -1.758e-07          2  0.000e+00
     108755   4531.417   3057.578   3099.418     4.3704     4.3716   3.415350   3.415359     1.7167     1.4054     100.00   22.27376  -95.00024    0.00006 1.7584e-07          2  0.000e+00
     108756   4531.458   3057.528   3099.367     4.3706     4.3715   3.415369   3.415391     1.7179     1.4054     100.00   22.27376  -95.00024    0.00007 5.2753e-07          2  0.000e+00
     108757   4531.500   3057.606   3099.447     4.3704     4.3715   3.415395   3.415378     1.7167     1.4054     100.00   22.27376  -95.00024    0.00006 8.7921e-07          2  0.000e+00
     108758   4531.542   3057.528   3099.367     4.3706     4.3715   3.415363   3.415372     1.7167     1.4054     100.00   22.27376  -95.00024    0.00006    0.00000          2  0.000e+00
     108759   4531.583   3057.557   3099.396     4.3704     4.3719   3.415331   3.415346     1.7167     1.4054     100.00   22.27376  -95.00024    0.00005    0.00000          2  0.000e+00
     108760   4531.625   3057.578   3099.418     4.3706     4.3715   3.415363   3.415385     1.7167     1.4054     100.00   22.27376  -95.00024    0.00006    0.00000          2  0.000e+00
     108761   4531.667   3057.529   3099.368     4.3703     4.3715   3.415382   3.415378     1.7167     1.4054     100.00   22.27376  -95.00024    0.00006    0.00000          2  0.000e+00
     108762   4531.708   3057.500   3099.339     4.3706     4.3718   3.415401   3.415346     1.7167     1.4054     100.00   22.27376  -95.00024    0.00005    0.00000          2  0.000e+00
     108763   4531.750   3057.529   3099.368     4.3707     4.3717   3.415388   3.415359     1.7179     1.4054     100.00   22.27376  -95.00024    0.00006    0.00000          2  0.000e+00
     108764   4531.792   3057.501   3099.339     4.3706     4.3717   3.415401   3.415372     1.7167     1.4054     100.00   22.27378  -95.00024    0.00005    0.00000          2  0.000e+00
     108765   4531.833   3057.529   3099.368     4.3706     4.3715   3.415363   3.415372     1.7179     1.4054     100.00   22.27378  -95.00024    0.00007    0.00000          2  0.000e+00
     108766   4531.875   3057.529   3099.368     4.3707     4.3719   3.415363   3.415372     1.7167     1.4042     100.00   22.27378  -95.00024    0.00006   -0.00001          2  0.000e+00
     108767   4531.917   3057.501   3099.339     4.3704     4.3715   3.415376   3.415372     1.7167     1.4054     100.00   22.27378  -95.00024    0.00005   -0.00001          2  0.000e+00
     108768   4531.958   3057.472   3099.310     4.3707     4.3715   3.415401   3.415346     1.7167     1.4054     100.00   22.27378  -95.00024    0.00005   -0.00001          2  0.000e+00
     108769   4532.000   3057.501   3099.339     4.3707     4.3715   3.415388   3.415359     1.7167     1.4054     100.00   22.27378  -95.00024    0.00006   -0.00001          2  0.000e+00
     108770   4532.042   3057.473   3099.310     4.3704     4.3716   3.415401   3.415346     1.7167     1.4054     100.00   22.27378  -95.00024    0.00007   -0.00001          2  0.000e+00
     108771   4532.083   3057.473   3099.310     4.3706     4.3715   3.415363   3.415359     1.7167     1.4054     100.00   22.27378  -95.00024    0.00006   -0.00001          2  0.000e+00
     108772   4532.125   3057.444   3099.282     4.3706     4.3717   3.415369   3.415346     1.7167     1.4054     100.00   22.27378  -95.00024    0.00006   -0.00001          2  0.000e+00
     108773   4532.167   3057.473   3099.311     4.3704     4.3715   3.415382   3.415340     1.7167     1.4054     100.00   22.27378  -95.00024    0.00005   -0.00001          2  0.000e+00
     108774   4532.208   3057.445   3099.282     4.3706     4.3715   3.415401   3.415359     1.7167     1.4054     100.00   22.27378  -95.00024    0.00004   -0.00001          2  0.000e+00
     108775   4532.250   3057.473   3099.311     4.3706     4.3715   3.415376   3.415372     1.7167     1.4054     100.00   22.27378  -95.00024    0.00004   -0.00001          2  0.000e+00
     108776   4532.292   3057.473   3099.311     4.3704     4.3714   3.415350   3.415346     1.7167     1.4054     100.00   22.27378  -95.00024    0.00003   -0.00001          2  0.000e+00
     108777   4532.333   3057.445   3099.282     4.3706     4.3717   3.415395   3.415340     1.7167     1.4054     100.00   22.27378  -95.00024    0.00003   -0.00001          2  0.000e+00
     108778   4532.375   3057.473   3099.311     4.3704     4.3716   3.415363   3.415340     1.7167     1.4054     100.00   22.27378  -95.00024    0.00002   -0.00000          2  0.000e+00
     108779   4532.417   3057.395   3099.232     4.3706     4.3715   3.415395   3.415359     1.7167     1.4054     100.00   22.27378  -95.00024    0.00001   -0.00000          2  0.000e+00
     108780   4532.458   3057.473   3099.311     4.3704     4.3717   3.415363   3.415346     1.7167     1.4054     100.00   22.27378  -95.00024    0.00001   -0.00000          2  0.000e+00
     108781   4532.500   3057.417   3099.253     4.3704     4.3715   3.415395   3.415359     1.7167     1.4054     100.00   22.27378  -95.00024    0.00000   -0.00000          2  0.000e+00
     108782   4532.542   3057.445   3099.282     4.3701     4.3715   3.415363   3.415346     1.7167     1.4054     100.00   22.27378  -95.00024   -0.00000   -0.00000          2  0.000e+00
     108783   4532.583   3057.417   3099.253     4.3704     4.3717   3.415395   3.415340     1.7167     1.4054     100.00   22.27378  -95.00024   -0.00001   -0.00000          2  0.000e+00
     108784   4532.625   3057.502   3099.340     4.3704     4.3714   3.415376   3.415314     1.7179     1.4054     100.00   22.27378  -95.00024    0.00000 -7.034e-07          2  0.000e+00
     108785   4532.667   3057.417   3099.254     4.3704     4.3715   3.415350   3.415352     1.7167     1.4054     100.00   22.27378  -95.00024   -0.00000 -1.030e-12          2  0.000e+00
     108786   4532.708   3057.417   3099.254     4.3703     4.3714   3.415350   3.415372     1.7167     1.4054     100.00   22.27378  -95.00024   -0.00001 7.0337e-07          2  0.000e+00
     108787   4532.750   3057.445   3099.283     4.3706     4.3715   3.415350   3.415346     1.7167     1.4054     100.00   22.27378  -95.00024   -0.00002    0.00000          2  0.000e+00
     108788   4532.792   3057.417   3099.254     4.3703     4.3715   3.415350   3.415340     1.7167     1.4054     100.00   22.27378  -95.00024   -0.00002    0.00000          2  0.000e+00
     108789   4532.833   3057.445   3099.283     4.3704     4.3715   3.415369   3.415340     1.7167     1.4054     100.00   22.27378  -95.00024   -0.00003    0.00000          2  0.000e+00
     108790   4532.875   3057.474   3099.312     4.3704     4.3712   3.415382   3.415340     1.7167     1.4054     100.00   22.27378  -95.00024   -0.00004    0.00000          2  0.000e+00
     108791   4532.917   3057.474   3099.312     4.3704     4.3717   3.415382   3.415359     1.7167     1.4054     100.00   22.27378  -95.00024   -0.00002    0.00000          2  0.000e+00
     108792   4532.958   3057.396   3099.232     4.3704     4.3715   3.415382   3.415346     1.7167     1.4054     100.00   22.27378  -95.00024   -0.00003    0.00000          2  0.000e+00
     108793   4533.000   3057.474   3099.312     4.3703     4.3713   3.415382   3.415314     1.7179     1.4054     100.00   22.27378  -95.00024   -0.00002    0.00001          2  0.000e+00
     108794   4533.042   3057.446   3099.283     4.3703     4.3714   3.415369   3.415327     1.7167     1.4054     100.00   22.27378  -95.00024   -0.00003    0.00001          2  0.000e+00
     108795   4533.083   3057.417   3099.254     4.3706     4.3715   3.415331   3.415340     1.7167     1.4042     100.00   22.27378  -95.00024   -0.00003   -0.00001          2  0.000e+00
     108796   4533.125   3057.474   3099.312     4.3704     4.3715   3.415344   3.415340     1.7167     1.4054     100.00   22.27378  -95.00024   -0.00004   -0.00001          2  0.000e+00
     108797   4533.167   3057.502   3099.341     4.3707     4.3714   3.415369   3.415359     1.7167     1.4054     100.00   22.27378  -95.00024   -0.00004   -0.00001          2  0.000e+00
     108798   4533.208   3057.474   3099.312     4.3703     4.3715   3.415401   3.415320     1.7167     1.4054     100.00   22.27378  -95.00024   -0.00005   -0.00001          2  0.000e+00
     108799   4533.250   3057.446   3099.283     4.3704     4.3715   3.415388   3.415327     1.7167     1.4054     100.00   22.27378  -95.00024   -0.00006   -0.00001          2  0.000e+00
     108800   4533.292   3057.474   3099.312     4.3704     4.3717   3.415401   3.415359     1.7167     1.4054     100.00   22.27378  -95.00024   -0.00006   -0.00001          2  0.000e+00
     108801   4533.333   3057.474   3099.312     4.3704     4.3714   3.415388   3.415346     1.7167     1.4054     100.00   22.27378  -95.00024   -0.00007   -0.00000          2  0.000e+00
     108802   4533.375   3057.503   3099.341     4.3706     4.3714   3.415382   3.415314     1.7167     1.4054     100.00   22.27378  -95.00024   -0.00008   -0.00000          2  0.000e+00
     108803   4533.417   3057.475   3099.312     4.3704     4.3715   3.415395   3.415352     1.7167     1.4054     100.00   22.27378  -95.00024   -0.00006   -0.00000          2  0.000e+00
     108804   4533.458   3057.446   3099.284     4.3704     4.3714   3.415363   3.415346     1.7167     1.4054     100.00   22.27378  -95.00024   -0.00007 -8.792e-07          2  0.000e+00
     108805   4533.500   3057.531   3099.370     4.3706     4.3715   3.415369   3.415314     1.7167     1.4054     100.00   22.27378  -95.00024   -0.00008   -0.00002          2  0.000e+00
     108806   4533.542   3057.475   3099.313     4.3703     4.3715   3.415382   3.415352     1.7167     1.4054     100.00   22.27378  -95.00024   -0.00007   -0.00002          2  0.000e+00
     108807   4533.583   3057.503   3099.342     4.3706     4.3715   3.415401   3.415346     1.7167     1.4054     100.00   22.27378  -95.00024   -0.00007   -0.00002          2  0.000e+00
     108808   4533.625   3057.581   3099.421     4.3704     4.3714   3.415363   3.415359     1.7179     1.4054     100.00   22.27378  -95.00024   -0.00006   -0.00002          2  0.000e+00
     108809   4533.667   3057.447   3099.284     4.3706     4.3714   3.415350   3.415372     1.7179     1.4054     100.00   22.27378  -95.00024   -0.00005   -0.00001          2  0.000e+00
     108810   4533.708   3057.532   3099.371     4.3706     4.3712   3.415369   3.415346     1.7167     1.4054     100.00   22.27378  -95.00024   -0.00005   -0.00001          2  0.000e+00
     108811   4533.750   3057.532   3099.371     4.3704     4.3715   3.415401   3.415314     1.7167     1.4054     100.00   22.27378  -95.00024   -0.00006   -0.00001          2  0.000e+00
     108812   4533.792   3057.560   3099.400     4.3704     4.3714   3.415376   3.415327     1.7167     1.4054     100.00   22.27378  -95.00024   -0.00007   -0.00001          2  0.000e+00
     108813   4533.833   3057.532   3099.371     4.3707     4.3719   3.415350   3.415359     1.7167     1.4054     100.00   22.27378  -95.00024   -0.00007   -0.00001          2  0.000e+00
     108814   4533.875   3057.560   3099.400     4.3706     4.3712   3.415395   3.415320     1.7167     1.4054     100.00   22.27378  -95.00024   -0.00006   -0.00001          2  0.000e+00
     108815   4533.917   3057.532   3099.371     4.3703     4.3714   3.415363   3.415307     1.7167     1.4054     100.00   22.27378  -95.00024   -0.00007   -0.00001          2  0.000e+00
     108816   4533.958   3057.581   3099.422     4.3704     4.3714   3.415369   3.415307     1.7167     1.4054     100.00   22.27378  -95.00024   -0.00007   -0.00001          2  0.000e+00
     108817   4534.000   3057.560   3099.400     4.3703     4.3712   3.415382   3.415352     1.7167     1.4054     100.00   22.27378  -95.00024   -0.00008   -0.00001          2  0.000e+00
     108818   4534.042   3057.582   3099.422     4.3703     4.3715   3.415401   3.415372     1.7167     1.4054     100.00   22.27378  -95.00024   -0.00007   -0.00001          2  0.000e+00
     108819   4534.083   3057.610   3099.451     4.3701     4.3714   3.415363   3.415320     1.7167     1.4054     100.00   22.27378  -95.00024   -0.00007   -0.00001          2  0.000e+00
     108820   4534.125   3057.582   3099.422     4.3706     4.3714   3.415369   3.415352     1.7167     1.4054     100.00   22.27378  -95.00024   -0.00006   -0.00001          2  0.000e+00
     108821   4534.167   3057.582   3099.422     4.3703     4.3715   3.415344   3.415346     1.7167     1.4054     100.00   22.27378  -95.00024   -0.00005   -0.00001          2  0.000e+00
     108822   4534.208   3057.610   3099.451     4.3701     4.3714   3.415325   3.415359     1.7167     1.4054     100.00   22.27378  -95.00024   -0.00005   -0.00001          2  0.000e+00
     108823   4534.250   3057.582   3099.422     4.3706     4.3714   3.415344   3.415346     1.7167     1.4054     100.00   22.27378  -95.00024   -0.00006   -0.00000          2  0.000e+00
     108824   4534.292   3057.610   3099.451     4.3703     4.3716   3.415350   3.415314     1.7167     1.4054     100.00   22.27378  -95.00024   -0.00006   -0.00000          2  0.000e+00
     108825   4534.333   3057.639   3099.480     4.3707     4.3714   3.415350   3.415352     1.7167     1.4054     100.00   22.27378  -95.00024   -0.00007   -0.00000          2  0.000e+00
     108826   4534.375   3057.639   3099.480     4.3703     4.3715   3.415369   3.415372     1.7167     1.4054     100.00   22.27378  -95.00024   -0.00007   -0.00000          2  0.000e+00
     108827   4534.417   3057.667   3099.509     4.3703     4.3715   3.415357   3.415346     1.7167     1.4054     100.00   22.27378  -95.00024   -0.00008   -0.00000          2  0.000e+00
     108828   4534.458   3057.639   3099.480     4.3703     4.3714   3.415369   3.415359     1.7167     1.4054     100.00   22.27378  -95.00024   -0.00007   -0.00000          2  0.000e+00
