GOMECC/GOMECC-4/1db/rb2103_1111.ros
* Sea-Bird SBE 9 Data File:
* FileName = C:\Users\scs.user.rb\CTD\GOMECC4\data\rb2103_1111.hex
* Software Version Seasave V 7.26.7.107
* Temperature SN = 4799
* Conductivity SN = 3860
* Number of Bytes Per Scan = 41
* Number of Voltage Words = 4
* Number of Scans Averaged by the Deck Unit = 1
* NMEA Latitude = 22 20.89 N
* NMEA Longitude = 086 44.62 W
* NMEA UTC (Time) = Oct 15 2021  09:40:26
* NMEA baud rate = 4800
# nquan = 17
# nvalues = 1463                                  
# units = specified
# name 0 = scan: Scan Count
# name 1 = timeS: Time, Elapsed [seconds]
# name 2 = depSM: Depth [salt water, m]
# name 3 = prDM: Pressure, Digiquartz [db]
# name 4 = t090C: Temperature [ITS-90, deg C]
# name 5 = t190C: Temperature, 2 [ITS-90, deg C]
# name 6 = c0S/m: Conductivity [S/m]
# name 7 = c1S/m: Conductivity, 2 [S/m]
# name 8 = sbeox0V: Oxygen raw, SBE 43 [V]
# name 9 = sbeox1V: Oxygen raw, SBE 43, 2 [V]
# name 10 = altM: Altimeter [m]
# name 11 = latitude: Latitude [deg]
# name 12 = longitude: Longitude [deg]
# name 13 = sbox0dV/dT: Oxygen, SBE 43 [dov/dt]
# name 14 = sbox1dV/dT: Oxygen, SBE 43, 2 [dov/dt]
# name 15 = nbf: Bottles Fired
# name 16 = flag:  0.000e+00
# interval = seconds: 0.0416667
# start_time = Oct 15 2021 09:40:26 [NMEA time, header]
# bad_flag = -9.990e-29
*END*
[from data line 766]
      35734   1488.875     54.470     54.820    20.5037    20.5026   5.038249   5.038394     2.2222     1.8547      36.58   22.34956  -86.74192    0.00014   -0.00055          6  0.000e+00
      35735   1488.917     54.524     54.874    20.5026    20.5019   5.038205   5.038379     2.2222     1.8547      36.51   22.34956  -86.74192    0.00016   -0.00052          6  0.000e+00
      35736   1488.958     54.490     54.840    20.5020    20.5012   5.038227   5.038394     2.2210     1.8547      36.48   22.34956  -86.74192    0.00017   -0.00049          6  0.000e+00
      35737   1489.000     54.524     54.874    20.5028    20.5010   5.038264   5.038410     2.2210     1.8547      36.46   22.34956  -86.74192    0.00013   -0.00045          6  0.000e+00
      35738   1489.042     54.524     54.874    20.5037    20.5017   5.038249   5.038410     2.2222     1.8547      36.48   22.34956  -86.74192    0.00013   -0.00040          6  0.000e+00
      35739   1489.083     54.470     54.820    20.5032    20.5012   5.038242   5.038410     2.2222     1.8547      36.48   22.34956  -86.74192    0.00015   -0.00036          6  0.000e+00
      35740   1489.125     54.524     54.874    20.5026    20.5005   5.038212   5.038372     2.2222     1.8547      36.48   22.34956  -86.74192    0.00017   -0.00032          6  0.000e+00
      35741   1489.167     54.470     54.820    20.5015    20.5003   5.038197   5.038266     2.2222     1.8535      36.48   22.34956  -86.74192    0.00019   -0.00030          6  0.000e+00
      35742   1489.208     54.470     54.820    20.5007    20.4996   5.038197   5.038146     2.2222     1.8547      36.48   22.34956  -86.74192    0.00019   -0.00026          6  0.000e+00
      35743   1489.250     54.524     54.874    20.5014    20.4996   5.038205   5.038078     2.2222     1.8547      36.46   22.34956  -86.74192    0.00019   -0.00022          6  0.000e+00
      35744   1489.292     54.490     54.840    20.5008    20.4999   5.038160   5.038010     2.2222     1.8535      36.48   22.34956  -86.74192    0.00021   -0.00019          6  0.000e+00
      35745   1489.333     54.470     54.820    20.5006    20.4989   5.038153   5.037860     2.2222     1.8535      36.48   22.34956  -86.74192    0.00023   -0.00016          6  0.000e+00
      35746   1489.375     54.470     54.820    20.4990    20.4960   5.038093   5.037754     2.2198     1.8547      36.48   22.34956  -86.74192    0.00021   -0.00012          6  0.000e+00
      35747   1489.417     54.470     54.820    20.4959    20.4945   5.038004   5.037694     2.2210     1.8535      36.48   22.34956  -86.74192    0.00020   -0.00009          6  0.000e+00
      35748   1489.458     54.470     54.820    20.4953    20.4943   5.037952   5.037664     2.2222     1.8547      36.48   22.34956  -86.74192    0.00022   -0.00005          6  0.000e+00
      35749   1489.500     54.470     54.820    20.4956    20.4946   5.037878   5.037611     2.2234     1.8535      36.48   22.34956  -86.74192    0.00025   -0.00002          6  0.000e+00
      35750   1489.542     54.422     54.772    20.4969    20.4948   5.037826   5.037513     2.2222     1.8535      36.48   22.34956  -86.74192    0.00025    0.00001          6  0.000e+00
      35751   1489.583     54.490     54.840    20.4978    20.4941   5.037789   5.037445     2.2222     1.8547      37.19   22.34956  -86.74192    0.00025    0.00006          6  0.000e+00
      35752   1489.625     54.422     54.772    20.4965    20.4933   5.037781   5.037415     2.2222     1.8535      74.95   22.34956  -86.74192    0.00027    0.00007          6  0.000e+00
      35753   1489.667     54.470     54.820    20.4962    20.4929   5.037714   5.037295     2.2210     1.8547      99.44   22.34956  -86.74192    0.00027    0.00012          6  0.000e+00
      35754   1489.708     54.422     54.772    20.4962    20.4928   5.037662   5.037242     2.2210     1.8547     100.00   22.34956  -86.74192    0.00024    0.00016          6  0.000e+00
      35755   1489.750     54.470     54.820    20.4937    20.4924   5.037647   5.037287     2.2222     1.8547     100.00   22.34956  -86.74192    0.00026    0.00021          6  0.000e+00
      35756   1489.792     54.422     54.772    20.4936    20.4920   5.037618   5.037287     2.2222     1.8547     100.00   22.34956  -86.74192    0.00027    0.00026          6  0.000e+00
      35757   1489.833     54.422     54.772    20.4943    20.4922   5.037632   5.037325     2.2222     1.8547      99.98   22.34956  -86.74192    0.00026    0.00031          6  0.000e+00
      35758   1489.875     54.422     54.772    20.4937    20.4924   5.037677   5.037475     2.2222     1.8547     100.00   22.34956  -86.74192    0.00027    0.00034          6  0.000e+00
      35759   1489.917     54.443     54.793    20.4945    20.4940   5.037722   5.037558     2.2222     1.8535     100.00   22.34956  -86.74192    0.00027    0.00036          6  0.000e+00
      35760   1489.958     54.422     54.772    20.4958    20.4968   5.037699   5.037528     2.2222     1.8547     100.00   22.34956  -86.74192    0.00027    0.00039          6  0.000e+00
      35761   1490.000     54.422     54.772    20.4976    20.4976   5.037781   5.037588     2.2222     1.8547     100.00   22.34956  -86.74192    0.00027    0.00042          6  0.000e+00
      35762   1490.042     54.422     54.772    20.4985    20.4964   5.037818   5.037573     2.2222     1.8547     100.00   22.34956  -86.74192    0.00027    0.00045          6  0.000e+00
      35763   1490.083     54.422     54.772    20.4978    20.4956   5.037907   5.037626     2.2210     1.8547     100.00   22.34956  -86.74192    0.00025    0.00048          6  0.000e+00
      35764   1490.125     54.422     54.772    20.4968    20.4940   5.037974   5.037679     2.2210     1.8547     100.00   22.34956  -86.74192    0.00021    0.00050          6  0.000e+00
      35765   1490.167     54.375     54.724    20.4971    20.4931   5.038056   5.037664     2.2222     1.8547     100.00   22.34956  -86.74192    0.00021    0.00051          6  0.000e+00
      37530   1563.708     45.074     45.363    21.9871    21.9680   5.199479   5.197203     2.3907     2.0024     100.00   22.34958  -86.74174    0.00098    0.00040          7  0.000e+00
      37531   1563.750     44.580     44.865    21.9895    21.9693   5.199554   5.197317     2.3907     2.0024     100.00   22.34958  -86.74174    0.00097    0.00039          7  0.000e+00
      37532   1563.792     44.776     45.063    21.9899    21.9705   5.199569   5.197447     2.3907     2.0024     100.00   22.34958  -86.74174    0.00097    0.00038          7  0.000e+00
      37533   1563.833     44.681     44.967    21.9890    21.9730   5.199569   5.197744     2.3907     2.0024     100.00   22.34958  -86.74174    0.00097    0.00037          7  0.000e+00
      37534   1563.875     44.627     44.913    21.9888    21.9756   5.199501   5.197958     2.3907     2.0024     100.00   22.34958  -86.74174    0.00096    0.00036          7  0.000e+00
      37535   1563.917     44.702     44.988    21.9881    21.9767   5.199508   5.198096     2.3907     2.0024     100.00   22.34958  -86.74174    0.00096    0.00037          7  0.000e+00
      37536   1563.958     44.627     44.913    21.9879    21.9762   5.199621   5.198202     2.3907     2.0024     100.00   22.34958  -86.74174    0.00096    0.00036          7  0.000e+00
      37537   1564.000     44.681     44.967    21.9878    21.9769   5.199719   5.198317     2.3907     2.0024     100.00   22.34958  -86.74174    0.00095    0.00035          7  0.000e+00
      37538   1564.042     44.681     44.967    21.9881    21.9755   5.199742   5.198416     2.3907     2.0024     100.00   22.34958  -86.74174    0.00095    0.00036          7  0.000e+00
      37539   1564.083     44.681     44.967    21.9892    21.9716   5.199810   5.198439     2.3907     2.0024     100.00   22.34958  -86.74174    0.00094    0.00036          7  0.000e+00
      37540   1564.125     44.681     44.967    21.9897    21.9687   5.199893   5.198340     2.3907     2.0024     100.00   22.34958  -86.74174    0.00095    0.00035          7  0.000e+00
      37541   1564.167     44.627     44.913    21.9906    21.9673   5.199915   5.198210     2.3907     2.0024     100.00   22.34958  -86.74174    0.00096    0.00036          7  0.000e+00
      37542   1564.208     44.681     44.967    21.9908    21.9675   5.199983   5.198042     2.3907     2.0024     100.00   22.34958  -86.74174    0.00095    0.00036          7  0.000e+00
      37543   1564.250     44.681     44.967    21.9915    21.9668   5.200096   5.197905     2.3907     2.0024     100.00   22.34958  -86.74174    0.00095    0.00036          7  0.000e+00
      37544   1564.292     44.729     45.015    21.9932    21.9664   5.200134   5.197874     2.3907     2.0024     100.00   22.34958  -86.74174    0.00096    0.00037          7  0.000e+00
      37545   1564.333     44.654     44.940    21.9936    21.9671   5.200201   5.197844     2.3907     2.0024     100.00   22.34958  -86.74174    0.00095    0.00037          7  0.000e+00
      37546   1564.375     44.627     44.913    21.9939    21.9678   5.200247   5.197897     2.3907     2.0012     100.00   22.34958  -86.74174    0.00093    0.00036          7  0.000e+00
      37547   1564.417     44.729     45.015    21.9940    21.9696   5.200292   5.197981     2.3919     2.0024     100.00   22.34958  -86.74174    0.00096    0.00036          7  0.000e+00
      37548   1564.458     44.627     44.913    21.9955    21.9725   5.200375   5.198134     2.3907     2.0012     100.00   22.34958  -86.74174    0.00094    0.00034          7  0.000e+00
      37549   1564.500     44.681     44.967    21.9964    21.9755   5.200420   5.198370     2.3907     2.0012     100.00   22.34958  -86.74174    0.00092    0.00031          7  0.000e+00
      37550   1564.542     44.729     45.015    21.9970    21.9771   5.200465   5.198599     2.3907     2.0012     100.00   22.34958  -86.74174    0.00091    0.00030          7  0.000e+00
      37551   1564.583     44.681     44.967    21.9995    21.9783   5.200548   5.198683     2.3907     2.0012     100.00   22.34958  -86.74174    0.00089    0.00028          7  0.000e+00
      37552   1564.625     44.681     44.967    22.0014    21.9787   5.200571   5.198699     2.3907     2.0012     100.00   22.34958  -86.74174    0.00087    0.00027          7  0.000e+00
      37553   1564.667     44.627     44.913    21.9990    21.9792   5.200593   5.198630     2.3907     2.0012     100.00   22.34958  -86.74174    0.00085    0.00025          7  0.000e+00
      37554   1564.708     44.756     45.042    21.9977    21.9797   5.200510   5.198638     2.3907     2.0012     100.00   22.34958  -86.74174    0.00084    0.00024          7  0.000e+00
      37555   1564.750     44.681     44.968    21.9957    21.9799   5.200247   5.198683     2.3907     2.0012     100.00   22.34958  -86.74174    0.00082    0.00022          7  0.000e+00
      37556   1564.792     44.681     44.968    21.9934    21.9803   5.200043   5.198699     2.3907     2.0012     100.00   22.34958  -86.74174    0.00080    0.00021          7  0.000e+00
      37557   1564.833     44.682     44.968    21.9924    21.9812   5.200028   5.198729     2.3907     2.0012     100.00   22.34958  -86.74174    0.00077    0.00019          7  0.000e+00
      37558   1564.875     44.682     44.968    21.9925    21.9815   5.200111   5.198767     2.3907     2.0012     100.00   22.34958  -86.74174    0.00077    0.00018          7  0.000e+00
      37559   1564.917     44.682     44.968    21.9926    21.9815   5.200202   5.198813     2.3907     2.0012     100.00   22.34958  -86.74174    0.00074    0.00016          7  0.000e+00
      37560   1564.958     44.729     45.015    21.9919    21.9808   5.200247   5.198760     2.3907     2.0024     100.00   22.34958  -86.74174    0.00073    0.00016          7  0.000e+00
      37561   1565.000     44.627     44.913    21.9950    21.9806   5.200390   5.198767     2.3907     2.0024     100.00   22.34958  -86.74174    0.00072    0.00017          7  0.000e+00
      37562   1565.042     44.682     44.968    21.9966    21.9805   5.200465   5.198714     2.3907     2.0024     100.00   22.34958  -86.74174    0.00069    0.00017          7  0.000e+00
      37563   1565.083     44.729     45.015    21.9972    21.9805   5.200548   5.198729     2.3907     2.0024     100.00   22.34958  -86.74174    0.00068    0.00017          7  0.000e+00
      37564   1565.125     44.702     44.988    21.9972    21.9803   5.200533   5.198706     2.3919     2.0024     100.00   22.34958  -86.74174    0.00068    0.00017          7  0.000e+00
      37565   1565.167     44.627     44.913    21.9977    21.9797   5.200555   5.198599     2.3907     2.0024     100.00   22.34958  -86.74174    0.00067    0.00017          7  0.000e+00
      37566   1565.208     44.729     45.015    21.9976    21.9794   5.200593   5.198531     2.3907     2.0024     100.00   22.34958  -86.74174    0.00066    0.00017          7  0.000e+00
      37567   1565.250     44.682     44.968    21.9975    21.9792   5.200608   5.198554     2.3919     2.0024     100.00   22.34958  -86.74174    0.00066    0.00017          7  0.000e+00
      37568   1565.292     44.682     44.968    21.9978    21.9788   5.200540   5.198470     2.3907     2.0024     100.00   22.34958  -86.74174    0.00064    0.00017          7  0.000e+00
      37569   1565.333     44.682     44.968    21.9972    21.9783   5.200525   5.198500     2.3907     2.0037     100.00   22.34958  -86.74174    0.00063    0.00019          7  0.000e+00
      37570   1565.375     44.682     44.968    21.9963    21.9780   5.200488   5.198424     2.3919     2.0037     100.00   22.34958  -86.74174    0.00063    0.00018          7  0.000e+00
      37571   1565.417     44.682     44.968    21.9960    21.9776   5.200382   5.198393     2.3907     2.0037     100.00   22.34958  -86.74174    0.00061    0.00020          7  0.000e+00
      37572   1565.458     44.682     44.968    21.9961    21.9774   5.200314   5.198424     2.3907     2.0024     100.00   22.34958  -86.74174    0.00059    0.00019          7  0.000e+00
      37573   1565.500     44.553     44.838    21.9955    21.9776   5.200269   5.198401     2.3919     2.0037     100.00   22.34958  -86.74174    0.00058    0.00021          7  0.000e+00
      37574   1565.542     44.776     45.063    21.9959    21.9774   5.200292   5.198393     2.3907     2.0024     100.00   22.34958  -86.74174    0.00056    0.00020          7  0.000e+00
      37575   1565.583     44.729     45.015    21.9961    21.9767   5.200337   5.198393     2.3907     2.0037     100.00   22.34958  -86.74174    0.00054    0.00022          7  0.000e+00
      37576   1565.625     44.628     44.913    21.9966    21.9767   5.200412   5.198393     2.3907     2.0037     100.00   22.34958  -86.74174    0.00052    0.00023          7  0.000e+00
      37577   1565.667     44.682     44.968    21.9970    21.9765   5.200435   5.198355     2.3907     2.0037     100.00   22.34958  -86.74174    0.00050    0.00024          7  0.000e+00
      37578   1565.708     44.682     44.968    21.9966    21.9769   5.200405   5.198317     2.3907     2.0037     100.00   22.34958  -86.74174    0.00047    0.00025          7  0.000e+00
      37579   1565.750     44.628     44.913    21.9961    21.9769   5.200360   5.198340     2.3907     2.0037     100.00   22.34958  -86.74174    0.00045    0.00026          7  0.000e+00
      37580   1565.792     44.682     44.968    21.9959    21.9769   5.200292   5.198378     2.3907     2.0037     100.00   22.34958  -86.74174    0.00044    0.00027          7  0.000e+00
      37581   1565.833     44.628     44.913    21.9955    21.9767   5.200262   5.198393     2.3907     2.0037     100.00   22.34958  -86.74174    0.00041    0.00028          7  0.000e+00
      37582   1565.875     44.729     45.016    21.9950    21.9774   5.200194   5.198393     2.3919     2.0037     100.00   22.34958  -86.74174    0.00042    0.00030          7  0.000e+00
