GOMECC/GOMECC-4/1db/rb2103_0621.ros
* Sea-Bird SBE 9 Data File:
* FileName = C:\Users\scs.user.rb\CTD\GOMECC4\data\rb2103_0621.hex
* Software Version Seasave V 7.26.7.107
* Temperature SN = 4799
* Conductivity SN = 3860
* Number of Bytes Per Scan = 41
* Number of Voltage Words = 4
* Number of Scans Averaged by the Deck Unit = 1
* NMEA Latitude = 26 04.01 N
* NMEA Longitude = 096 55.37 W
* NMEA UTC (Time) = Sep 30 2021  08:06:13
* NMEA baud rate = 4800
# nquan = 17
# nvalues = 399                                   
# units = specified
# name 0 = scan: Scan Count
# name 1 = timeS: Time, Elapsed [seconds]
# name 2 = depSM: Depth [salt water, m]
# name 3 = prDM: Pressure, Digiquartz [db]
# name 4 = t090C: Temperature [ITS-90, deg C]
# name 5 = t190C: Temperature, 2 [ITS-90, deg C]
# name 6 = c0S/m: Conductivity [S/m]
# name 7 = c1S/m: Conductivity, 2 [S/m]
# name 8 = sbeox0V: Oxygen raw, SBE 43 [V]
# name 9 = sbeox1V: Oxygen raw, SBE 43, 2 [V]
# name 10 = altM: Altimeter [m]
# name 11 = latitude: Latitude [deg]
# name 12 = longitude: Longitude [deg]
# name 13 = sbox0dV/dT: Oxygen, SBE 43 [dov/dt]
# name 14 = sbox1dV/dT: Oxygen, SBE 43, 2 [dov/dt]
# name 15 = nbf: Bottles Fired
# name 16 = flag:  0.000e+00
# interval = seconds: 0.0416667
# start_time = Sep 30 2021 08:06:13 [NMEA time, header]
# bad_flag = -9.990e-29
*END*
[from data line 256]
      21123    880.083     14.562     14.658    29.0635    29.0645   5.819374   5.819710     3.1636     2.6789      19.12   26.06696  -96.92406    0.00091    0.00014          2  0.000e+00
      21124    880.125     14.508     14.603    29.0637    29.0645   5.819437   5.819694     3.1636     2.6789      19.12   26.06696  -96.92406    0.00089    0.00004          2  0.000e+00
      21125    880.167     14.555     14.651    29.0635    29.0643   5.819461   5.819710     3.1636     2.6789      19.12   26.06696  -96.92406    0.00087   -0.00005          2  0.000e+00
      21126    880.208     14.562     14.658    29.0637    29.0645   5.819461   5.819726     3.1648     2.6789      19.12   26.06696  -96.92406    0.00086   -0.00015          2  0.000e+00
      21127    880.250     14.508     14.603    29.0637    29.0643   5.819493   5.819734     3.1636     2.6777      19.12   26.06696  -96.92406    0.00083   -0.00026          2  0.000e+00
      21128    880.292     14.562     14.658    29.0637    29.0643   5.819438   5.819622     3.1648     2.6777      19.07   26.06696  -96.92406    0.00083   -0.00037          2  0.000e+00
      21129    880.333     14.508     14.603    29.0635    29.0645   5.819445   5.819622     3.1648     2.6777      19.05   26.06696  -96.92406    0.00083   -0.00048          2  0.000e+00
      21130    880.375     14.555     14.651    29.0635    29.0643   5.819390   5.819702     3.1648     2.6777      19.05   26.06696  -96.92406    0.00084   -0.00059          2  0.000e+00
      21131    880.417     14.562     14.658    29.0635    29.0645   5.819398   5.819726     3.1648     2.6777      19.05   26.06696  -96.92406    0.00085   -0.00070          2  0.000e+00
      21132    880.458     14.508     14.603    29.0637    29.0643   5.819414   5.819726     3.1648     2.6777      19.05   26.06696  -96.92406    0.00085   -0.00081          2  0.000e+00
      23105    962.667      3.306      3.328    29.0591    29.0601   5.818388   5.818711     3.1648     2.6838      29.65   26.06696  -96.92406    0.00030   -0.00212          3  0.000e+00
      23106    962.708      3.360      3.382    29.0589    29.0602   5.818365   5.818687     3.1648     2.6850      29.65   26.06696  -96.92406    0.00030   -0.00207          3  0.000e+00
      23107    962.750      3.407      3.430    29.0589    29.0599   5.818388   5.818638     3.1648     2.6850      29.65   26.06696  -96.92406    0.00028   -0.00202          3  0.000e+00
      23108    962.792      3.259      3.280    29.0591    29.0602   5.818404   5.818662     3.1648     2.6862      29.65   26.06696  -96.92406    0.00028   -0.00195          3  0.000e+00
      23109    962.833      3.306      3.328    29.0589    29.0601   5.818436   5.818678     3.1648     2.6862      29.65   26.06696  -96.92406    0.00026   -0.00189          3  0.000e+00
      23110    962.875      3.205      3.226    29.0591    29.0601   5.818451   5.818678     3.1648     2.6862      29.65   26.06696  -96.92406    0.00026   -0.00182          3  0.000e+00
      23111    962.917      3.306      3.328    29.0589    29.0599   5.818380   5.818711     3.1648     2.6862      29.65   26.06696  -96.92406    0.00025   -0.00173          3  0.000e+00
      23112    962.958      3.211      3.232    29.0589    29.0601   5.818388   5.818654     3.1648     2.6862      29.65   26.06696  -96.92406    0.00025   -0.00164          3  0.000e+00
      23113    963.000      3.259      3.280    29.0591    29.0599   5.818404   5.818630     3.1661     2.6874      29.65   26.06696  -96.92406    0.00027   -0.00154          3  0.000e+00
      23114    963.042      3.211      3.232    29.0587    29.0601   5.818436   5.818662     3.1648     2.6874      29.65   26.06696  -96.92406    0.00028   -0.00143          3  0.000e+00
      23115    963.083      3.211      3.232    29.0589    29.0599   5.818309   5.818678     3.1661     2.6874      29.65   26.06696  -96.92406    0.00030   -0.00133          3  0.000e+00
      23116    963.125      3.211      3.232    29.0589    29.0599   5.818333   5.818678     3.1661     2.6874      29.62   26.06696  -96.92406    0.00031   -0.00122          3  0.000e+00
      23117    963.167      3.211      3.232    29.0589    29.0599   5.818357   5.818678     3.1661     2.6874      29.65   26.06696  -96.92406    0.00032   -0.00112          3  0.000e+00
      23118    963.208      3.211      3.232    29.0589    29.0599   5.818388   5.818638     3.1661     2.6874      29.65   26.06696  -96.92406    0.00034   -0.00101          3  0.000e+00
      23119    963.250      3.259      3.280    29.0591    29.0597   5.818404   5.818630     3.1661     2.6874      29.65   26.06696  -96.92406    0.00035   -0.00090          3  0.000e+00
      23120    963.292      3.211      3.232    29.0589    29.0599   5.818436   5.818662     3.1661     2.6862      29.72   26.06696  -96.92406    0.00036   -0.00081          3  0.000e+00
      23121    963.333      3.211      3.232    29.0591    29.0595   5.818341   5.818678     3.1661     2.6874      29.77   26.06696  -96.92406    0.00038   -0.00072          3  0.000e+00
      23122    963.375      3.211      3.232    29.0589    29.0599   5.818412   5.818678     3.1673     2.6874      29.77   26.06696  -96.92406    0.00040   -0.00063          3  0.000e+00
      23123    963.417      3.259      3.280    29.0591    29.0597   5.818451   5.818638     3.1673     2.6862      29.77   26.06696  -96.92406    0.00043   -0.00056          3  0.000e+00
      23124    963.458      3.204      3.225    29.0591    29.0597   5.818341   5.818662     3.1673     2.6862      29.77   26.06696  -96.92406    0.00046   -0.00049          3  0.000e+00
      23125    963.500      3.306      3.328    29.0591    29.0597   5.818309   5.818678     3.1673     2.6862      29.77   26.06696  -96.92406    0.00047   -0.00041          3  0.000e+00
      23126    963.542      3.259      3.280    29.0589    29.0597   5.818341   5.818678     3.1673     2.6862      29.77   26.06696  -96.92406    0.00048   -0.00036          3  0.000e+00
      23127    963.583      3.259      3.280    29.0591    29.0599   5.818388   5.818606     3.1673     2.6862      29.77   26.06696  -96.92406    0.00049   -0.00028          3  0.000e+00
      23128    963.625      3.259      3.280    29.0589    29.0599   5.818404   5.818654     3.1673     2.6862      29.77   26.06696  -96.92406    0.00049   -0.00022          3  0.000e+00
      23129    963.667      3.306      3.328    29.0591    29.0599   5.818404   5.818638     3.1673     2.6850      29.77   26.06696  -96.92406    0.00050   -0.00019          3  0.000e+00
      23130    963.708      3.306      3.328    29.0591    29.0599   5.818333   5.818703     3.1673     2.6862      29.77   26.06696  -96.92406    0.00050   -0.00011          3  0.000e+00
      23131    963.750      3.306      3.328    29.0591    29.0599   5.818380   5.818727     3.1673     2.6850      29.77   26.06696  -96.92406    0.00051   -0.00007          3  0.000e+00
      23132    963.792      3.360      3.382    29.0591    29.0599   5.818436   5.818687     3.1673     2.6862      29.77   26.06696  -96.92406    0.00051    0.00000          3  0.000e+00
      23133    963.833      3.306      3.328    29.0591    29.0599   5.818451   5.818711     3.1673     2.6850      29.77   26.06696  -96.92406    0.00049    0.00006          3  0.000e+00
      23134    963.875      3.360      3.382    29.0591    29.0599   5.818412   5.818687     3.1673     2.6850      29.77   26.06696  -96.92406    0.00049    0.00012          3  0.000e+00
      23135    963.917      3.360      3.382    29.0591    29.0601   5.818365   5.818679     3.1685     2.6850      29.77   26.06696  -96.92406    0.00049    0.00018          3  0.000e+00
      23136    963.958      3.360      3.382    29.0591    29.0597   5.818388   5.818679     3.1673     2.6850      29.77   26.06696  -96.92406    0.00047    0.00024          3  0.000e+00
      23137    964.000      3.407      3.430    29.0593    29.0597   5.818404   5.818711     3.1673     2.6850      29.77   26.06696  -96.92406    0.00045    0.00030          3  0.000e+00
      23138    964.042      3.360      3.382    29.0591    29.0599   5.818475   5.818687     3.1673     2.6850      29.77   26.06696  -96.92406    0.00043    0.00038          3  0.000e+00
      23139    964.083      3.401      3.423    29.0591    29.0599   5.818459   5.818679     3.1661     2.6850      29.77   26.06696  -96.92406    0.00038    0.00045          3  0.000e+00
      23140    964.125      3.455      3.477    29.0593    29.0599   5.818412   5.818751     3.1673     2.6850      29.77   26.06696  -96.92406    0.00036    0.00051          3  0.000e+00
      23141    964.167      3.407      3.430    29.0589    29.0599   5.818404   5.818703     3.1673     2.6850      29.77   26.06696  -96.92406    0.00033    0.00057          3  0.000e+00
      23142    964.208      3.455      3.477    29.0591    29.0597   5.818436   5.818711     3.1661     2.6850      29.77   26.06696  -96.92406    0.00030    0.00064          3  0.000e+00
      23143    964.250      3.455      3.477    29.0591    29.0599   5.818412   5.818687     3.1673     2.6850      29.77   26.06696  -96.92406    0.00029    0.00071          3  0.000e+00
      23144    964.292      3.407      3.430    29.0589    29.0599   5.818404   5.818638     3.1661     2.6850      29.99   26.06696  -96.92406    0.00024    0.00077          3  0.000e+00
      23145    964.333      3.509      3.532    29.0591    29.0599   5.818436   5.818735     3.1661     2.6850      30.09   26.06696  -96.92406    0.00021    0.00084          3  0.000e+00
      23146    964.375      3.455      3.477    29.0589    29.0601   5.818451   5.818735     3.1661     2.6850      30.09   26.06696  -96.92406    0.00018    0.00089          3  0.000e+00
      23147    964.417      3.509      3.532    29.0587    29.0599   5.818380   5.818727     3.1661     2.6850      30.09   26.06696  -96.92406    0.00016    0.00094          3  0.000e+00
      23148    964.458      3.455      3.477    29.0589    29.0601   5.818388   5.818655     3.1661     2.6862      30.09   26.06696  -96.92406    0.00015    0.00101          3  0.000e+00
      23149    964.500      3.509      3.532    29.0589    29.0601   5.818436   5.818663     3.1661     2.6862      30.09   26.06696  -96.92406    0.00013    0.00108          3  0.000e+00
      23150    964.542      3.509      3.532    29.0587    29.0599   5.818380   5.818711     3.1661     2.6862      30.09   26.06696  -96.92406    0.00012    0.00113          3  0.000e+00
      23151    964.583      3.509      3.532    29.0587    29.0603   5.818317   5.818727     3.1661     2.6862      30.09   26.06696  -96.92406    0.00012    0.00118          3  0.000e+00
      23152    964.625      3.509      3.532    29.0587    29.0601   5.818412   5.818687     3.1661     2.6874      30.09   26.06696  -96.92406    0.00012    0.00124          3  0.000e+00
      23153    964.667      3.509      3.532    29.0589    29.0601   5.818380   5.818711     3.1661     2.6874      30.09   26.06696  -96.92406    0.00012    0.00129          3  0.000e+00
      23154    964.708      3.550      3.573    29.0589    29.0599   5.818428   5.818687     3.1661     2.6874      30.09   26.06696  -96.92406    0.00014    0.00134          3  0.000e+00
      23155    964.750      3.509      3.532    29.0589    29.0601   5.818412   5.818639     3.1661     2.6874      30.09   26.06696  -96.92406    0.00014    0.00139          3  0.000e+00
      23156    964.792      3.556      3.580    29.0589    29.0601   5.818404   5.818703     3.1661     2.6874      30.09   26.06696  -96.92406    0.00014    0.00141          3  0.000e+00
      23157    964.833      3.556      3.580    29.0589    29.0599   5.818436   5.818727     3.1648     2.6874      30.09   26.06696  -96.92406    0.00014    0.00144          3  0.000e+00
      23158    964.875      3.556      3.580    29.0589    29.0599   5.818452   5.818655     3.1661     2.6886      30.09   26.06696  -96.92406    0.00016    0.00148          3  0.000e+00
      23159    964.917      3.556      3.580    29.0591    29.0601   5.818452   5.818735     3.1648     2.6874      30.09   26.06696  -96.92406    0.00017    0.00151          3  0.000e+00
      23160    964.958      3.509      3.532    29.0589    29.0599   5.818412   5.818735     3.1648     2.6874      30.06   26.06696  -96.92406    0.00017    0.00153          3  0.000e+00
      23161    965.000      3.604      3.627    29.0587    29.0599   5.818365   5.818727     3.1648     2.6874      30.09   26.06696  -96.92406    0.00018    0.00155          3  0.000e+00
      23162    965.042      3.556      3.580    29.0589    29.0599   5.818317   5.818687     3.1648     2.6886      30.09   26.06696  -96.92406    0.00018    0.00158          3  0.000e+00
      23163    965.083      3.556      3.580    29.0587    29.0599   5.818412   5.818679     3.1648     2.6886      30.09   26.06696  -96.92406    0.00019    0.00160          3  0.000e+00
      23164    965.125      3.604      3.627    29.0585    29.0597   5.818380   5.818679     3.1648     2.6874      30.09   26.06696  -96.92406    0.00019    0.00162          3  0.000e+00
      23165    965.167      3.556      3.580    29.0587    29.0599   5.818317   5.818751     3.1648     2.6874      30.09   26.06696  -96.92406    0.00020    0.00163          3  0.000e+00
      23166    965.208      3.604      3.627    29.0587    29.0601   5.818238   5.818735     3.1648     2.6874      30.09   26.06696  -96.92406    0.00021    0.00164          3  0.000e+00
      23167    965.250      3.604      3.627    29.0587    29.0599   5.818357   5.818687     3.1648     2.6862      30.06   26.06696  -96.92406    0.00022    0.00164          3  0.000e+00
      23168    965.292      3.556      3.580    29.0589    29.0599   5.818365   5.818711     3.1648     2.6862      29.96   26.06696  -96.92406    0.00023    0.00163          3  0.000e+00
      23169    965.333      3.604      3.627    29.0589    29.0599   5.818388   5.818727     3.1648     2.6862      29.91   26.06696  -96.92406    0.00024    0.00162          3  0.000e+00
      23170    965.375      3.651      3.675    29.0585    29.0599   5.818365   5.818687     3.1648     2.6862      29.91   26.06696  -96.92406    0.00025    0.00161          3  0.000e+00
      23171    965.417      3.604      3.627    29.0587    29.0599   5.818317   5.818711     3.1648     2.6850      29.91   26.06696  -96.92406    0.00026    0.00158          3  0.000e+00
      23172    965.458      3.604      3.627    29.0587    29.0601   5.818380   5.818687     3.1648     2.6850      29.91   26.06696  -96.92406    0.00026    0.00155          3  0.000e+00
      23173    965.500      3.658      3.682    29.0585    29.0599   5.818404   5.818639     3.1648     2.6838      29.91   26.06696  -96.92406    0.00025    0.00151          3  0.000e+00
      23174    965.542      3.604      3.627    29.0589    29.0601   5.818365   5.818663     3.1648     2.6838      29.91   26.06696  -96.92406    0.00023    0.00146          3  0.000e+00
      23175    965.583      3.658      3.682    29.0587    29.0599   5.818388   5.818711     3.1661     2.6838      29.91   26.06696  -96.92406    0.00024    0.00141          3  0.000e+00
      23176    965.625      3.658      3.682    29.0587    29.0599   5.818404   5.818687     3.1648     2.6825      29.91   26.06696  -96.92406    0.00022    0.00135          3  0.000e+00
      23177    965.667      3.658      3.682    29.0587    29.0597   5.818365   5.818711     3.1648     2.6825      29.91   26.06696  -96.92406    0.00020    0.00128          3  0.000e+00
      23178    965.708      3.705      3.729    29.0589    29.0599   5.818388   5.818687     3.1648     2.6825      29.91   26.06696  -96.92406    0.00017    0.00122          3  0.000e+00
