GOMECC/GOMECC-4/1db/rb2103_1011.ros
* Sea-Bird SBE 9 Data File:
* FileName = C:\Users\scs.user.rb\CTD\GOMECC4\data\rb2103_1011.hex
* Software Version Seasave V 7.26.7.107
* Temperature SN = 4799
* Conductivity SN = 3860
* Number of Bytes Per Scan = 41
* Number of Voltage Words = 4
* Number of Scans Averaged by the Deck Unit = 1
* NMEA Latitude = 23 09.37 N
* NMEA Longitude = 088 00.06 W
* NMEA UTC (Time) = Oct 12 2021  18:34:17
* NMEA baud rate = 4800
# nquan = 17
# nvalues = 1064                                  
# units = specified
# name 0 = scan: Scan Count
# name 1 = timeS: Time, Elapsed [seconds]
# name 2 = depSM: Depth [salt water, m]
# name 3 = prDM: Pressure, Digiquartz [db]
# name 4 = t090C: Temperature [ITS-90, deg C]
# name 5 = t190C: Temperature, 2 [ITS-90, deg C]
# name 6 = c0S/m: Conductivity [S/m]
# name 7 = c1S/m: Conductivity, 2 [S/m]
# name 8 = sbeox0V: Oxygen raw, SBE 43 [V]
# name 9 = sbeox1V: Oxygen raw, SBE 43, 2 [V]
# name 10 = altM: Altimeter [m]
# name 11 = latitude: Latitude [deg]
# name 12 = longitude: Longitude [deg]
# name 13 = sbox0dV/dT: Oxygen, SBE 43 [dov/dt]
# name 14 = sbox1dV/dT: Oxygen, SBE 43, 2 [dov/dt]
# name 15 = nbf: Bottles Fired
# name 16 = flag:  0.000e+00
# interval = seconds: 0.0416667
# start_time = Oct 12 2021 18:34:17 [NMEA time, header]
# bad_flag = -9.990e-29
*END*
[from data line 426]
      24259   1010.750     45.222     45.514    26.6132    26.7488   5.676035   5.695203     3.2845     2.8217      33.92   23.15660  -88.00126   -0.00255    0.00064          4  0.000e+00
      24260   1010.792     45.148     45.439    26.6125    26.7526   5.676153   5.695624     3.2845     2.8205      33.92   23.15660  -88.00126   -0.00246    0.00071          4  0.000e+00
      24261   1010.833     45.195     45.487    26.5958    26.7602   5.676286   5.695981     3.2845     2.8205      33.94   23.15660  -88.00126   -0.00239    0.00078          4  0.000e+00
      24262   1010.875     45.243     45.535    26.5966    26.7716   5.676489   5.696481     3.2845     2.8217      33.94   23.15660  -88.00126   -0.00232    0.00086          4  0.000e+00
      24263   1010.917     45.195     45.487    26.6087    26.7873   5.676544   5.697227     3.2845     2.8205      33.94   23.15660  -88.00126   -0.00224    0.00094          4  0.000e+00
      24264   1010.958     45.195     45.487    26.5991    26.8039   5.676755   5.698123     3.2845     2.8205      33.94   23.15660  -88.00126   -0.00216    0.00099          4  0.000e+00
      24265   1011.000     45.195     45.487    26.5871    26.8235   5.676990   5.699306     3.2845     2.8205      33.94   23.15660  -88.00126   -0.00210    0.00104          4  0.000e+00
      24266   1011.042     45.195     45.487    26.5902    26.8482   5.677123   5.700250     3.2845     2.8205      33.94   23.15660  -88.00126   -0.00203    0.00107          4  0.000e+00
      24267   1011.083     45.195     45.487    26.5784    26.8672   5.677248   5.700702     3.2857     2.8205      33.94   23.15660  -88.00126   -0.00194    0.00111          4  0.000e+00
      24268   1011.125     45.243     45.535    26.5645    26.8676   5.677530   5.700607     3.2857     2.8217      33.94   23.15660  -88.00126   -0.00185    0.00116          4  0.000e+00
      24269   1011.167     45.195     45.487    26.5722    26.8569   5.678139   5.700059     3.2857     2.8217      33.94   23.15660  -88.00126   -0.00178    0.00119          4  0.000e+00
      24270   1011.208     45.195     45.487    26.6163    26.8445   5.678983   5.699544     3.2857     2.8217      33.94   23.15660  -88.00126   -0.00171    0.00122          4  0.000e+00
      24271   1011.250     45.243     45.535    26.6310    26.8291   5.679867   5.699504     3.2869     2.8205      33.94   23.15660  -88.00126   -0.00161    0.00123          4  0.000e+00
      24272   1011.292     45.195     45.487    26.6319    26.8158   5.680758   5.699600     3.2857     2.8205      33.94   23.15660  -88.00126   -0.00153    0.00124          4  0.000e+00
      24273   1011.333     45.243     45.535    26.6388    26.8061   5.681431   5.699512     3.2869     2.8217      33.94   23.15660  -88.00126   -0.00144    0.00127          4  0.000e+00
      24274   1011.375     45.195     45.487    26.6591    26.7968   5.681728   5.699687     3.2857     2.8205      33.94   23.15660  -88.00126   -0.00135    0.00127          4  0.000e+00
      24275   1011.417     45.243     45.535    26.6682    26.7887   5.681735   5.700315     3.2857     2.8205      33.94   23.15660  -88.00126   -0.00127    0.00126          4  0.000e+00
      24276   1011.458     45.195     45.487    26.6533    26.7905   5.681970   5.701180     3.2869     2.8205      33.94   23.15660  -88.00126   -0.00119    0.00127          4  0.000e+00
      24277   1011.500     45.243     45.535    26.6479    26.7962   5.682502   5.702284     3.2857     2.8205      33.94   23.15660  -88.00126   -0.00112    0.00127          4  0.000e+00
      24278   1011.542     45.195     45.487    26.6453    26.8088   5.683120   5.703268     3.2869     2.8205      33.94   23.15660  -88.00126   -0.00105    0.00127          4  0.000e+00
      24279   1011.583     45.243     45.535    26.6500    26.8267   5.683660   5.704173     3.2869     2.8205      33.94   23.15660  -88.00126   -0.00096    0.00128          4  0.000e+00
      24280   1011.625     45.223     45.514    26.6562    26.8471   5.684168   5.704594     3.2869     2.8205      33.94   23.15660  -88.00126   -0.00087    0.00128          4  0.000e+00
      24281   1011.667     45.243     45.535    26.6486    26.8569   5.684403   5.704816     3.2869     2.8205      33.94   23.15660  -88.00126   -0.00080    0.00128          4  0.000e+00
      24282   1011.708     45.243     45.535    26.6442    26.8551   5.684325   5.705173     3.2857     2.8205      33.94   23.15660  -88.00126   -0.00075    0.00128          4  0.000e+00
      24283   1011.750     45.195     45.487    26.6431    26.8509   5.684223   5.705801     3.2857     2.8193      33.94   23.15660  -88.00126   -0.00069    0.00126          4  0.000e+00
      24284   1011.792     45.243     45.535    26.6404    26.8522   5.684208   5.706484     3.2857     2.8193      33.94   23.15660  -88.00126   -0.00063    0.00124          4  0.000e+00
      24285   1011.833     45.243     45.535    26.6292    26.8637   5.683926   5.706921     3.2869     2.8193      33.92   23.15660  -88.00126   -0.00056    0.00121          4  0.000e+00
      24286   1011.875     45.243     45.535    26.6141    26.8772   5.683575   5.707055     3.2869     2.8193      33.89   23.15660  -88.00126   -0.00048    0.00119          4  0.000e+00
      24287   1011.917     45.243     45.535    26.6219    26.8882   5.683504   5.707198     3.2869     2.8193      33.92   23.15660  -88.00126   -0.00042    0.00117          4  0.000e+00
      24288   1011.958     45.243     45.535    26.6504    26.8965   5.683684   5.707539     3.2869     2.8193      33.92   23.15660  -88.00126   -0.00036    0.00115          4  0.000e+00
      24289   1012.000     45.243     45.535    26.6695    26.9029   5.683777   5.708040     3.2869     2.8193      33.89   23.15660  -88.00126   -0.00030    0.00112          4  0.000e+00
      24290   1012.042     45.297     45.589    26.6811    26.9067   5.683753   5.708620     3.2869     2.8193      33.92   23.15660  -88.00126   -0.00024    0.00110          4  0.000e+00
      24291   1012.083     45.243     45.535    26.6912    26.9095   5.683839   5.709096     3.2869     2.8193      33.89   23.15660  -88.00126   -0.00018    0.00107          4  0.000e+00
      24292   1012.125     45.195     45.487    26.6715    26.9116   5.683668   5.709303     3.2869     2.8193      33.89   23.15660  -88.00126   -0.00012    0.00105          4  0.000e+00
      24293   1012.167     45.297     45.589    26.6422    26.9130   5.683606   5.709366     3.2869     2.8193      33.89   23.15660  -88.00126   -0.00005    0.00100          4  0.000e+00
      24294   1012.208     45.243     45.535    26.6346    26.9137   5.683778   5.709454     3.2869     2.8193      33.89   23.15660  -88.00126    0.00001    0.00098          4  0.000e+00
      24295   1012.250     45.243     45.535    26.6782    26.9145   5.684145   5.709613     3.2869     2.8193      33.89   23.15660  -88.00126    0.00005    0.00095          4  0.000e+00
      24296   1012.292     45.243     45.535    26.6952    26.9148   5.684598   5.709732     3.2869     2.8193      33.89   23.15660  -88.00126    0.00010    0.00092          4  0.000e+00
      24297   1012.333     45.297     45.589    26.6883    26.9135   5.685005   5.709724     3.2869     2.8205      33.89   23.15660  -88.00126    0.00014    0.00091          4  0.000e+00
      24298   1012.375     45.243     45.535    26.6959    26.9109   5.685341   5.709597     3.2869     2.8193      33.92   23.15660  -88.00126    0.00019    0.00087          4  0.000e+00
      24299   1012.417     45.297     45.589    26.6805    26.9087   5.685662   5.709319     3.2882     2.8205      33.92   23.15660  -88.00126    0.00025    0.00086          4  0.000e+00
      24300   1012.458     45.243     45.535    26.6713    26.9003   5.685890   5.708739     3.2869     2.8205      33.89   23.15660  -88.00126    0.00029    0.00084          4  0.000e+00
      24301   1012.500     45.223     45.514    26.6833    26.8837   5.686116   5.708239     3.2869     2.8205      33.92   23.15660  -88.00126    0.00034    0.00083          4  0.000e+00
      24302   1012.542     45.297     45.589    26.7031    26.8725   5.686351   5.708199     3.2882     2.8205      33.89   23.15660  -88.00126    0.00038    0.00081          4  0.000e+00
      24303   1012.583     45.243     45.535    26.7153    26.8692   5.686499   5.708485     3.2882     2.8205      33.89   23.15660  -88.00126    0.00044    0.00079          4  0.000e+00
      24304   1012.625     45.297     45.589    26.7232    26.8659   5.686616   5.708660     3.2882     2.8205      33.89   23.15660  -88.00126    0.00049    0.00077          4  0.000e+00
      24305   1012.667     45.243     45.535    26.7320    26.8588   5.686718   5.708533     3.2882     2.8205      33.92   23.15660  -88.00126    0.00053    0.00075          4  0.000e+00
      24306   1012.708     45.297     45.589    26.7335    26.8489   5.686757   5.708247     3.2882     2.8205      33.92   23.15660  -88.00126    0.00057    0.00073          4  0.000e+00
      24307   1012.750     45.243     45.535    26.7258    26.8377   5.686671   5.707985     3.2894     2.8217      33.92   23.15660  -88.00126    0.00063    0.00073          4  0.000e+00
      24308   1012.792     45.297     45.589    26.7167    26.8271   5.686609   5.707867     3.2906     2.8217      33.92   23.15660  -88.00126    0.00072    0.00072          4  0.000e+00
      24309   1012.833     45.297     45.589    26.7229    26.8185   5.686671   5.707922     3.2906     2.8217      33.89   23.15660  -88.00126    0.00081    0.00073          4  0.000e+00
      24310   1012.875     45.243     45.535    26.7375    26.8139   5.686569   5.707962     3.2894     2.8217      33.92   23.15660  -88.00126    0.00087    0.00072          4  0.000e+00
      24311   1012.917     45.243     45.535    26.7369    26.8118   5.686546   5.707843     3.2894     2.8217      33.92   23.15660  -88.00126    0.00094    0.00071          4  0.000e+00
      24312   1012.958     45.297     45.589    26.7275    26.8125   5.686514   5.707859     3.2894     2.8217      33.89   23.15660  -88.00126    0.00101    0.00070          4  0.000e+00
      24313   1013.000     45.297     45.589    26.7230    26.8247   5.686366   5.707954     3.2906     2.8217      33.92   23.15660  -88.00126    0.00108    0.00068          4  0.000e+00
      24314   1013.042     45.297     45.589    26.7189    26.8465   5.686194   5.708152     3.2906     2.8205      33.92   23.15660  -88.00126    0.00115    0.00067          4  0.000e+00
      24315   1013.083     45.243     45.535    26.7103    26.8679   5.686100   5.708422     3.2918     2.8217      33.89   23.15660  -88.00126    0.00123    0.00067          4  0.000e+00
      24316   1013.125     45.243     45.535    26.6952    26.8836   5.685944   5.708644     3.2918     2.8205      33.92   23.15660  -88.00126    0.00131    0.00064          4  0.000e+00
      24317   1013.167     45.297     45.589    26.6956    26.8945   5.685811   5.708819     3.2930     2.8217      33.89   23.15660  -88.00126    0.00141    0.00064          4  0.000e+00
      24318   1013.208     45.297     45.589    26.6938    26.9016   5.685694   5.709152     3.2918     2.8217      33.92   23.15660  -88.00126    0.00149    0.00064          4  0.000e+00
      24319   1013.250     45.243     45.535    26.6896    26.9067   5.685553   5.709486     3.2930     2.8217      33.92   23.15660  -88.00126    0.00160    0.00063          4  0.000e+00
      24320   1013.292     45.297     45.589    26.6999    26.9096   5.685451   5.709819     3.2930     2.8217      33.92   23.15660  -88.00126    0.00171    0.00063          4  0.000e+00
      24321   1013.333     45.297     45.589    26.7035    26.9118   5.685521   5.710145     3.2930     2.8230      33.89   23.15660  -88.00126    0.00181    0.00064          4  0.000e+00
      24322   1013.375     45.243     45.535    26.6894    26.9135   5.685561   5.710296     3.2930     2.8230      33.92   23.15660  -88.00126    0.00189    0.00066          4  0.000e+00
      24323   1013.417     45.324     45.617    26.6824    26.9151   5.685709   5.710391     3.2943     2.8230      33.92   23.15660  -88.00126    0.00200    0.00067          4  0.000e+00
      24324   1013.458     45.297     45.589    26.6589    26.9162   5.685686   5.710447     3.2943     2.8230      33.92   23.15660  -88.00126    0.00208    0.00068          4  0.000e+00
      24325   1013.500     45.243     45.535    26.6299    26.9170   5.685718   5.710502     3.2955     2.8230      33.92   23.15660  -88.00126    0.00220    0.00068          4  0.000e+00
      24326   1013.542     45.297     45.589    26.6223    26.9176   5.685648   5.710518     3.2943     2.8230      33.92   23.15660  -88.00126    0.00230    0.00069          4  0.000e+00
      24327   1013.583     45.297     45.589    26.6172    26.9179   5.685476   5.710328     3.2955     2.8242      33.92   23.15660  -88.00126    0.00239    0.00071          4  0.000e+00
      24328   1013.625     45.243     45.535    26.6102    26.9181   5.685390   5.709994     3.2955     2.8242      33.89   23.15660  -88.00126    0.00250    0.00073          4  0.000e+00
      24329   1013.667     45.297     45.589    26.6038    26.9187   5.685367   5.709470     3.2955     2.8242      33.92   23.15660  -88.00126    0.00258    0.00075          4  0.000e+00
      24330   1013.708     45.297     45.589    26.5989    26.9190   5.685304   5.709017     3.2955     2.8242      33.89   23.15660  -88.00126    0.00267    0.00077          4  0.000e+00
      24331   1013.750     45.297     45.589    26.5937    26.9185   5.685179   5.708675     3.2955     2.8242      33.92   23.15660  -88.00126    0.00275    0.00078          4  0.000e+00
      24332   1013.792     45.243     45.535    26.5898    26.9177   5.685179   5.708548     3.2967     2.8242      33.89   23.15660  -88.00126    0.00285    0.00082          4  0.000e+00
      24333   1013.833     45.344     45.637    26.5882    26.9113   5.685148   5.708683     3.2967     2.8254      33.87   23.15660  -88.00126    0.00294    0.00086          4  0.000e+00
      24334   1013.875     45.243     45.535    26.5837    26.9087   5.685210   5.708969     3.2967     2.8254      33.85   23.15660  -88.00126    0.00303    0.00091          4  0.000e+00
      24335   1013.917     45.297     45.589    26.5862    26.9106   5.685273   5.709263     3.2967     2.8254      33.85   23.15660  -88.00126    0.00311    0.00095          4  0.000e+00
      24336   1013.958     45.297     45.589    26.5928    26.9139   5.685359   5.709446     3.2967     2.8254      33.85   23.15660  -88.00126    0.00319    0.00099          4  0.000e+00
      24337   1014.000     45.297     45.589    26.5964    26.9107   5.685476   5.709509     3.2967     2.8254      33.87   23.15660  -88.00126    0.00325    0.00104          4  0.000e+00
      24338   1014.042     45.297     45.589    26.5957    26.9001   5.685554   5.709176     3.2967     2.8254      33.85   23.15660  -88.00126    0.00331    0.00107          4  0.000e+00
      24339   1014.083     45.297     45.589    26.5946    26.8899   5.685531   5.708874     3.2967     2.8266      33.85   23.15660  -88.00126    0.00336    0.00113          4  0.000e+00
      24340   1014.125     45.297     45.589    26.5942    26.8848   5.685555   5.708541     3.2967     2.8254      33.85   23.15660  -88.00126    0.00341    0.00116          4  0.000e+00
      24341   1014.167     45.297     45.589    26.5998    26.8817   5.685664   5.708167     3.2967     2.8254      33.87   23.15660  -88.00126    0.00345    0.00120          4  0.000e+00
      24342   1014.208     45.297     45.589    26.6089    26.8772   5.685742   5.707889     3.2967     2.8266      33.87   23.15660  -88.00126    0.00349    0.00124          4  0.000e+00
