GOMECC/GOMECC-4/1db/rb2103_0801.ros
* Sea-Bird SBE 9 Data File:
* FileName = C:\Users\scs.user.rb\CTD\GOMECC4\data\rb2103_0801.hex
* Software Version Seasave V 7.26.7.107
* Temperature SN = 4799
* Conductivity SN = 3860
* Number of Bytes Per Scan = 41
* Number of Voltage Words = 4
* Number of Scans Averaged by the Deck Unit = 1
* NMEA Latitude = 22 16.43 N
* NMEA Longitude = 096 46.23 W
* NMEA UTC (Time) = Oct 06 2021  09:45:19
* NMEA baud rate = 4800
# nquan = 17
# nvalues = 3059                                  
# units = specified
# name 0 = scan: Scan Count
# name 1 = timeS: Time, Elapsed [seconds]
# name 2 = depSM: Depth [salt water, m]
# name 3 = prDM: Pressure, Digiquartz [db]
# name 4 = t090C: Temperature [ITS-90, deg C]
# name 5 = t190C: Temperature, 2 [ITS-90, deg C]
# name 6 = c0S/m: Conductivity [S/m]
# name 7 = c1S/m: Conductivity, 2 [S/m]
# name 8 = sbeox0V: Oxygen raw, SBE 43 [V]
# name 9 = sbeox1V: Oxygen raw, SBE 43, 2 [V]
# name 10 = altM: Altimeter [m]
# name 11 = latitude: Latitude [deg]
# name 12 = longitude: Longitude [deg]
# name 13 = sbox0dV/dT: Oxygen, SBE 43 [dov/dt]
# name 14 = sbox1dV/dT: Oxygen, SBE 43, 2 [dov/dt]
# name 15 = nbf: Bottles Fired
# name 16 = flag:  0.000e+00
# interval = seconds: 0.0416667
# start_time = Oct 06 2021 09:45:19 [NMEA time, header]
# bad_flag = -9.990e-29
*END*
[from data line 1958]
     138632   5776.292    119.508    120.295    19.6128    19.6161   4.930165   4.930414     2.0525     1.7057      59.41   22.27392  -96.77084    0.00023    0.00030         15  0.000e+00
     138633   5776.333    119.481    120.267    19.6132    19.6161   4.930224   4.930428     2.0525     1.7045      59.39   22.27392  -96.77084    0.00023    0.00031         15  0.000e+00
     138634   5776.375    119.454    120.240    19.6133    19.6160   4.930261   4.930428     2.0513     1.7045      60.10   22.27392  -96.77084    0.00022    0.00032         15  0.000e+00
     138635   5776.417    119.434    120.220    19.6139    19.6159   4.930305   4.930361     2.0513     1.7045      84.71   22.27392  -96.77084    0.00018    0.00031         15  0.000e+00
     138636   5776.458    119.508    120.295    19.6147    19.6159   4.930253   4.930414     2.0513     1.7045      99.85   22.27392  -96.77084    0.00017    0.00030         15  0.000e+00
     138637   5776.500    119.434    120.220    19.6149    19.6159   4.930261   4.930458     2.0513     1.7045     100.00   22.27392  -96.77084    0.00016    0.00029         15  0.000e+00
     138638   5776.542    119.407    120.193    19.6151    19.6157   4.930342   4.930406     2.0525     1.7045     100.00   22.27392  -96.77084    0.00016    0.00028         15  0.000e+00
     138639   5776.583    119.482    120.268    19.6151    19.6155   4.930327   4.930414     2.0525     1.7045     100.00   22.27392  -96.77084    0.00016    0.00027         15  0.000e+00
     138640   5776.625    119.407    120.193    19.6154    19.6155   4.930349   4.930361     2.0513     1.7045      99.98   22.27392  -96.77084    0.00013    0.00026         15  0.000e+00
     138641   5776.667    119.434    120.220    19.6152    19.6155   4.930386   4.930346     2.0513     1.7045     100.00   22.27392  -96.77084    0.00010    0.00025         15  0.000e+00
     138642   5776.708    119.455    120.241    19.6152    19.6154   4.930371   4.930346     2.0513     1.7045     100.00   22.27392  -96.77084    0.00009    0.00024         15  0.000e+00
     138643   5776.750    119.434    120.220    19.6152    19.6154   4.930327   4.930346     2.0525     1.7045     100.00   22.27392  -96.77084    0.00009    0.00023         15  0.000e+00
     138644   5776.792    119.407    120.193    19.6155    19.6150   4.930349   4.930316     2.0525     1.7045     100.00   22.27392  -96.77084    0.00008    0.00022         15  0.000e+00
     138645   5776.833    119.380    120.166    19.6156    19.6152   4.930320   4.930309     2.0513     1.7033     100.00   22.27392  -96.77084    0.00005    0.00019         15  0.000e+00
     138646   5776.875    119.407    120.193    19.6156    19.6149   4.930371   4.930331     2.0513     1.7045     100.00   22.27392  -96.77084    0.00002    0.00018         15  0.000e+00
     138647   5776.917    119.434    120.220    19.6161    19.6149   4.930401   4.930316     2.0513     1.7045     100.00   22.27392  -96.77084   -0.00001    0.00018         15  0.000e+00
     138648   5776.958    119.407    120.193    19.6165    19.6150   4.930489   4.930272     2.0525     1.7045     100.00   22.27392  -96.77084   -0.00001    0.00017         15  0.000e+00
     138649   5777.000    119.380    120.166    19.6166    19.6149   4.930496   4.930264     2.0525     1.7045     100.00   22.27392  -96.77084   -0.00001    0.00014         15  0.000e+00
     138650   5777.042    119.407    120.193    19.6167    19.6147   4.930423   4.930264     2.0513     1.7045     100.00   22.27392  -96.77084   -0.00004    0.00013         15  0.000e+00
     138651   5777.083    119.380    120.166    19.6166    19.6145   4.930467   4.930264     2.0513     1.7045     100.00   22.27392  -96.77084   -0.00007    0.00012         15  0.000e+00
     138652   5777.125    119.258    120.043    19.6168    19.6145   4.930452   4.930264     2.0513     1.7045     100.00   22.27392  -96.77084   -0.00010    0.00009         15  0.000e+00
     138653   5777.167    119.482    120.268    19.6166    19.6147   4.930445   4.930234     2.0525     1.7045     100.00   22.27392  -96.77084   -0.00010    0.00007         15  0.000e+00
     138654   5777.208    119.380    120.166    19.6166    19.6145   4.930445   4.930249     2.0513     1.7045     100.00   22.27392  -96.77084   -0.00011    0.00006         15  0.000e+00
     138655   5777.250    119.360    120.146    19.6168    19.6143   4.930445   4.930197     2.0513     1.7045     100.00   22.27392  -96.77084   -0.00014    0.00003         15  0.000e+00
     138656   5777.292    119.381    120.166    19.6165    19.6145   4.930474   4.930242     2.0513     1.7045     100.00   22.27392  -96.77084   -0.00017    0.00002         15  0.000e+00
     138657   5777.333    119.360    120.146    19.6163    19.6143   4.930423   4.930264     2.0525     1.7045     100.00   22.27392  -96.77084   -0.00019   -0.00001         15  0.000e+00
     138658   5777.375    119.333    120.118    19.6163    19.6141   4.930430   4.930234     2.0525     1.7045     100.00   22.27392  -96.77084   -0.00018   -0.00002         15  0.000e+00
     138659   5777.417    119.360    120.146    19.6161    19.6141   4.930430   4.930189     2.0513     1.7045     100.00   22.27392  -96.77084   -0.00021   -0.00003         15  0.000e+00
     138660   5777.458    119.333    120.118    19.6159    19.6138   4.930379   4.930182     2.0513     1.7045     100.00   22.27392  -96.77084   -0.00023   -0.00004         15  0.000e+00
     138661   5777.500    119.360    120.146    19.6159    19.6138   4.930386   4.930212     2.0513     1.7045     100.00   22.27392  -96.77084   -0.00026   -0.00006         15  0.000e+00
     138662   5777.542    119.381    120.166    19.6161    19.6138   4.930401   4.930249     2.0513     1.7045     100.00   22.27392  -96.77084   -0.00029   -0.00008         15  0.000e+00
     138663   5777.583    119.360    120.146    19.6160    19.6138   4.930371   4.930264     2.0513     1.7045     100.00   22.27392  -96.77084   -0.00030   -0.00010         15  0.000e+00
     138664   5777.625    119.333    120.119    19.6161    19.6138   4.930386   4.930234     2.0525     1.7045     100.00   22.27392  -96.77084   -0.00030   -0.00011         15  0.000e+00
     138665   5777.667    119.361    120.146    19.6159    19.6143   4.930371   4.930257     2.0513     1.7045     100.00   22.27392  -96.77084   -0.00031   -0.00012         15  0.000e+00
     138666   5777.708    119.333    120.119    19.6161    19.6143   4.930386   4.930264     2.0513     1.7045     100.00   22.27392  -96.77084   -0.00032   -0.00013         15  0.000e+00
     138667   5777.750    119.306    120.091    19.6159    19.6147   4.930401   4.930234     2.0513     1.7045     100.00   22.27392  -96.77084   -0.00035   -0.00014         15  0.000e+00
     138668   5777.792    119.334    120.119    19.6159    19.6149   4.930430   4.930249     2.0513     1.7045     100.00   22.27392  -96.77084   -0.00037   -0.00015         15  0.000e+00
     141578   5899.042     94.715     95.332    20.8971    20.8980   5.039459   5.039591     2.7143     2.3053     100.00   22.27392  -96.77088   -0.00004    0.00001         16  0.000e+00
     141579   5899.083     94.566     95.182    20.8969    20.8979   5.039467   5.039628     2.7143     2.3053     100.00   22.27392  -96.77088   -0.00004   -0.00000         16  0.000e+00
     141580   5899.125     94.471     95.087    20.8969    20.8977   5.039474   5.039613     2.7143     2.3053     100.00   22.27392  -96.77088   -0.00003   -0.00001         16  0.000e+00
     141581   5899.167     94.620     95.237    20.8969    20.8977   5.039504   5.039568     2.7143     2.3053     100.00   22.27392  -96.77088   -0.00003   -0.00004         16  0.000e+00
     141582   5899.208     94.525     95.141    20.8969    20.8978   5.039519   5.039590     2.7143     2.3053     100.00   22.27392  -96.77088   -0.00003   -0.00006         16  0.000e+00
     141583   5899.250     94.518     95.135    20.8971    20.8977   5.039459   5.039606     2.7143     2.3053     100.00   22.27392  -96.77088   -0.00003   -0.00007         16  0.000e+00
     141584   5899.292     94.518     95.135    20.8967    20.8977   5.039504   5.039606     2.7131     2.3053     100.00   22.27392  -96.77088   -0.00005   -0.00008         16  0.000e+00
     141585   5899.333     94.519     95.135    20.8969    20.8977   5.039459   5.039575     2.7143     2.3053     100.00   22.27392  -96.77088   -0.00005   -0.00009         16  0.000e+00
     141586   5899.375     94.471     95.087    20.8967    20.8978   5.039504   5.039560     2.7155     2.3053     100.00   22.27392  -96.77088   -0.00003   -0.00011         16  0.000e+00
     141587   5899.417     94.471     95.087    20.8969    20.8980   5.039459   5.039590     2.7143     2.3053     100.00   22.27392  -96.77088   -0.00003   -0.00014         16  0.000e+00
     141588   5899.458     94.519     95.135    20.8967    20.8979   5.039437   5.039606     2.7143     2.3053     100.00   22.27392  -96.77088   -0.00004   -0.00016         16  0.000e+00
     141589   5899.500     94.471     95.087    20.8967    20.8978   5.039467   5.039636     2.7143     2.3053     100.00   22.27392  -96.77088   -0.00004   -0.00017         16  0.000e+00
     141590   5899.542     94.471     95.087    20.8969    20.8979   5.039452   5.039613     2.7143     2.3053     100.00   22.27392  -96.77088   -0.00004   -0.00019         16  0.000e+00
     141591   5899.583     94.471     95.087    20.8969    20.8980   5.039497   5.039605     2.7131     2.3053     100.00   22.27392  -96.77088   -0.00006   -0.00020         16  0.000e+00
     141592   5899.625     94.471     95.087    20.8973    20.8979   5.039519   5.039628     2.7143     2.3053     100.00   22.27392  -96.77088   -0.00005   -0.00021         16  0.000e+00
     141593   5899.667     94.471     95.087    20.8973    20.8980   5.039519   5.039643     2.7131     2.3040     100.00   22.27392  -96.77088   -0.00005   -0.00023         16  0.000e+00
     141594   5899.708     94.424     95.039    20.8974    20.8982   5.039556   5.039643     2.7143     2.3040     100.00   22.27392  -96.77088   -0.00003   -0.00027         16  0.000e+00
     141595   5899.750     94.417     95.033    20.8974    20.8980   5.039563   5.039643     2.7143     2.3040     100.00   22.27392  -96.77088   -0.00002   -0.00031         16  0.000e+00
     141596   5899.792     94.471     95.087    20.8974    20.8981   5.039563   5.039643     2.7143     2.3040     100.00   22.27392  -96.77088   -0.00000   -0.00033         16  0.000e+00
     141597   5899.833     94.417     95.033    20.8976    20.8980   5.039504   5.039643     2.7143     2.3040     100.00   22.27392  -96.77088    0.00001   -0.00037         16  0.000e+00
     141598   5899.875     94.417     95.033    20.8974    20.8984   5.039541   5.039643     2.7131     2.3028     100.00   22.27392  -96.77088    0.00001   -0.00041         16  0.000e+00
     141599   5899.917     94.417     95.033    20.8976    20.8983   5.039496   5.039643     2.7143     2.3028     100.00   22.27392  -96.77088    0.00001   -0.00047         16  0.000e+00
     141600   5899.958     94.417     95.033    20.8974    20.8982   5.039541   5.039643     2.7143     2.3028     100.00   22.27392  -96.77088    0.00003   -0.00050         16  0.000e+00
     141601   5900.000     94.417     95.033    20.8978    20.8983   5.039496   5.039643     2.7143     2.3040     100.00   22.27392  -96.77088    0.00004   -0.00052         16  0.000e+00
     141602   5900.042     94.370     94.985    20.8974    20.8984   5.039571   5.039643     2.7143     2.3028     100.00   22.27392  -96.77088    0.00004   -0.00057         16  0.000e+00
     141603   5900.083     94.417     95.033    20.8976    20.8985   5.039541   5.039673     2.7143     2.3040     100.00   22.27392  -96.77088    0.00005   -0.00059         16  0.000e+00
     141604   5900.125     94.417     95.033    20.8978    20.8986   5.039549   5.039688     2.7143     2.3028     100.00   22.27392  -96.77088    0.00007   -0.00062         16  0.000e+00
     141605   5900.167     94.329     94.944    20.8978    20.8987   5.039563   5.039688     2.7143     2.3028     100.00   22.27392  -96.77088    0.00008   -0.00066         16  0.000e+00
     141606   5900.208     94.472     95.088    20.8974    20.8983   5.039593   5.039688     2.7143     2.3028     100.00   22.27392  -96.77088    0.00010   -0.00069         16  0.000e+00
     141607   5900.250     94.370     94.985    20.8978    20.8986   5.039541   5.039658     2.7155     2.3040     100.00   22.27392  -96.77088    0.00013   -0.00070         16  0.000e+00
     141608   5900.292     94.417     95.033    20.8974    20.8987   5.039482   5.039673     2.7155     2.3040     100.00   22.27392  -96.77088    0.00016   -0.00071         16  0.000e+00
     141609   5900.333     94.370     94.985    20.8976    20.8986   5.039541   5.039688     2.7143     2.3040     100.00   22.27392  -96.77088    0.00018   -0.00073         16  0.000e+00
     141610   5900.375     94.370     94.985    20.8974    20.8985   5.039526   5.039651     2.7143     2.3040     100.00   22.27392  -96.77088    0.00019   -0.00074         16  0.000e+00
     141611   5900.417     94.370     94.985    20.8973    20.8984   5.039519   5.039643     2.7143     2.3040     100.00   22.27392  -96.77088    0.00021   -0.00075         16  0.000e+00
     141612   5900.458     94.370     94.985    20.8973    20.8987   5.039519   5.039643     2.7155     2.3040     100.00   22.27392  -96.77088    0.00024   -0.00077         16  0.000e+00
     141613   5900.500     94.370     94.985    20.8976    20.8986   5.039556   5.039673     2.7155     2.3053     100.00   22.27392  -96.77088    0.00027   -0.00077         16  0.000e+00
     141614   5900.542     94.370     94.985    20.8974    20.8983   5.039526   5.039651     2.7143     2.3053     100.00   22.27392  -96.77088    0.00028   -0.00076         16  0.000e+00
     141615   5900.583     94.370     94.985    20.8978    20.8984   5.039556   5.039673     2.7155     2.3053     100.00   22.27392  -96.77088    0.00032   -0.00075         16  0.000e+00
     141616   5900.625     94.323     94.938    20.8979    20.8985   5.039601   5.039688     2.7155     2.3053     100.00   22.27392  -96.77088    0.00035   -0.00074         16  0.000e+00
     141617   5900.667     94.425     95.040    20.8978    20.8986   5.039601   5.039658     2.7155     2.3053     100.00   22.27392  -96.77088    0.00038   -0.00075         16  0.000e+00
     141618   5900.708     94.323     94.938    20.8979    20.8987   5.039638   5.039711     2.7143     2.3053     100.00   22.27392  -96.77088    0.00039   -0.00074         16  0.000e+00
     141619   5900.750     94.370     94.986    20.8981    20.8986   5.039586   5.039696     2.7155     2.3053     100.00   22.27392  -96.77088    0.00040   -0.00073         16  0.000e+00
     141620   5900.792     94.370     94.986    20.8979    20.8989   5.039601   5.039688     2.7155     2.3053     100.00   22.27392  -96.77088    0.00041   -0.00072         16  0.000e+00
     141621   5900.833     94.323     94.938    20.8981    20.8987   5.039601   5.039658     2.7143     2.3053     100.00   22.27392  -96.77088    0.00042   -0.00071         16  0.000e+00
     141622   5900.875     94.370     94.986    20.8981    20.8988   5.039638   5.039643     2.7143     2.3053     100.00   22.27392  -96.77088    0.00042   -0.00069         16  0.000e+00
     141623   5900.917     94.370     94.986    20.8981    20.8989   5.039586   5.039673     2.7155     2.3053     100.00   22.27392  -96.77088    0.00043   -0.00068         16  0.000e+00
     141624   5900.958     94.323     94.938    20.8979    20.8990   5.039601   5.039688     2.7143     2.3053     100.00   22.27392  -96.77088    0.00042   -0.00069         16  0.000e+00
