GOMECC/GOMECC-4/1db/rb2103_0401.ros
* Sea-Bird SBE 9 Data File:
* FileName = C:\Users\scs.user.rb\CTD\GOMECC4\data\rb2103_0401.hex
* Software Version Seasave V 7.26.7.107
* Temperature SN = 4799
* Conductivity SN = 3860
* Number of Bytes Per Scan = 41
* Number of Voltage Words = 4
* Number of Scans Averaged by the Deck Unit = 1
* NMEA Latitude = 27 54.62 N
* NMEA Longitude = 090 00.08 W
* NMEA UTC (Time) = Sep 25 2021  23:21:03
* NMEA baud rate = 4800
# nquan = 17
# nvalues = 2261                                  
# units = specified
# name 0 = scan: Scan Count
# name 1 = timeS: Time, Elapsed [seconds]
# name 2 = depSM: Depth [salt water, m]
# name 3 = prDM: Pressure, Digiquartz [db]
# name 4 = t090C: Temperature [ITS-90, deg C]
# name 5 = t190C: Temperature, 2 [ITS-90, deg C]
# name 6 = c0S/m: Conductivity [S/m]
# name 7 = c1S/m: Conductivity, 2 [S/m]
# name 8 = sbeox0V: Oxygen raw, SBE 43 [V]
# name 9 = sbeox1V: Oxygen raw, SBE 43, 2 [V]
# name 10 = altM: Altimeter [m]
# name 11 = latitude: Latitude [deg]
# name 12 = longitude: Longitude [deg]
# name 13 = sbox0dV/dT: Oxygen, SBE 43 [dov/dt]
# name 14 = sbox1dV/dT: Oxygen, SBE 43, 2 [dov/dt]
# name 15 = nbf: Bottles Fired
# name 16 = flag:  0.000e+00
# interval = seconds: 0.0416667
# start_time = Sep 25 2021 23:21:03 [NMEA time, header]
# bad_flag = -9.990e-29
*END*
[from data line 1447]
      72359   3014.917     54.452     54.824    24.5720    24.5741   5.485851   5.486065     2.8022     2.3834     100.00   27.91302  -90.00372    0.00045    0.00065         11  0.000e+00
      72360   3014.958     54.513     54.885    24.5721    24.5734   5.485782   5.485979     2.8034     2.3834     100.00   27.91302  -90.00372    0.00046    0.00067         11  0.000e+00
      72361   3015.000     54.452     54.824    24.5718    24.5734   5.485767   5.485956     2.8034     2.3834     100.00   27.91302  -90.00372    0.00047    0.00069         11  0.000e+00
      72362   3015.042     54.513     54.885    24.5718    24.5735   5.485767   5.485956     2.8034     2.3834     100.00   27.91302  -90.00372    0.00048    0.00070         11  0.000e+00
      72363   3015.083     54.452     54.824    24.5718    24.5736   5.485828   5.485987     2.8034     2.3834     100.00   27.91302  -90.00372    0.00049    0.00072         11  0.000e+00
      72364   3015.125     54.513     54.885    24.5718    24.5734   5.485782   5.486026     2.8022     2.3834     100.00   27.91302  -90.00372    0.00046    0.00073         11  0.000e+00
      72365   3015.167     54.513     54.885    24.5718    24.5732   5.485767   5.486041     2.8034     2.3834     100.00   27.91302  -90.00372    0.00047    0.00074         11  0.000e+00
      72366   3015.208     54.566     54.938    24.5713    24.5734   5.485697   5.486010     2.8034     2.3834     100.00   27.91302  -90.00372    0.00047    0.00076         11  0.000e+00
      72367   3015.250     54.513     54.885    24.5709    24.5734   5.485643   5.486065     2.8034     2.3834     100.00   27.91302  -90.00372    0.00048    0.00077         11  0.000e+00
      72368   3015.292     54.566     54.938    24.5698    24.5736   5.485489   5.486088     2.8034     2.3834     100.00   27.91302  -90.00372    0.00049    0.00078         11  0.000e+00
      72369   3015.333     54.513     54.885    24.5693    24.5738   5.485273   5.486088     2.8034     2.3834     100.00   27.91302  -90.00372    0.00048    0.00079         11  0.000e+00
      72370   3015.375     54.566     54.938    24.5679    24.5734   5.485181   5.486049     2.8034     2.3822     100.00   27.91302  -90.00372    0.00047    0.00078         11  0.000e+00
      72371   3015.417     54.573     54.946    24.5680    24.5729   5.485274   5.485971     2.8034     2.3834     100.00   27.91302  -90.00372    0.00045    0.00080         11  0.000e+00
      72372   3015.458     54.566     54.938    24.5690    24.5725   5.485374   5.485917     2.8034     2.3822     100.00   27.91302  -90.00372    0.00046    0.00079         11  0.000e+00
      72373   3015.500     54.573     54.946    24.5693    24.5723   5.485466   5.485909     2.8034     2.3834     100.00   27.91302  -90.00372    0.00046    0.00080         11  0.000e+00
      72374   3015.542     54.566     54.938    24.5693    24.5723   5.485420   5.485909     2.8034     2.3822     100.00   27.91302  -90.00372    0.00045    0.00080         11  0.000e+00
      75383   3140.917     40.327     40.600    26.3314    26.3295   5.660535   5.661173     3.0830     2.6227     100.00   27.91312  -90.00380    0.00105   -0.00123         12  0.000e+00
      75384   3140.958     40.123     40.395    26.3316    26.3292   5.660573   5.661055     3.0830     2.6239     100.00   27.91312  -90.00380    0.00099   -0.00128         12  0.000e+00
      75385   3141.000     40.274     40.547    26.3318    26.3290   5.660534   5.661023     3.0830     2.6227     100.00   27.91312  -90.00380    0.00092   -0.00134         12  0.000e+00
      75386   3141.042     40.047     40.319    26.3323    26.3287   5.660534   5.661023     3.0830     2.6239     100.00   27.91312  -90.00380    0.00088   -0.00138         12  0.000e+00
      75387   3141.083     40.213     40.486    26.3322    26.3290   5.660542   5.661055     3.0830     2.6239     100.00   27.91312  -90.00380    0.00080   -0.00141         12  0.000e+00
      75388   3141.125     40.160     40.433    26.3327    26.3288   5.660542   5.660999     3.0818     2.6239     100.00   27.91312  -90.00380    0.00072   -0.00144         12  0.000e+00
      75389   3141.167     40.100     40.372    26.3318    26.3288   5.660519   5.661007     3.0818     2.6239     100.00   27.91312  -90.00380    0.00066   -0.00147         12  0.000e+00
      75390   3141.208     40.160     40.433    26.3318    26.3285   5.660464   5.660952     3.0818     2.6239     100.00   27.91312  -90.00380    0.00060   -0.00149         12  0.000e+00
      75391   3141.250     40.176     40.448    26.3316    26.3284   5.660480   5.660865     3.0830     2.6239     100.00   27.91312  -90.00380    0.00055   -0.00150         12  0.000e+00
      75392   3141.292     40.160     40.433    26.3316    26.3286   5.660425   5.660873     3.0830     2.6239     100.00   27.91312  -90.00380    0.00051   -0.00151         12  0.000e+00
      75393   3141.333     40.100     40.372    26.3312    26.3288   5.660448   5.660849     3.0818     2.6239     100.00   27.91312  -90.00380    0.00045   -0.00151         12  0.000e+00
      75394   3141.375     40.100     40.372    26.3310    26.3285   5.660488   5.660873     3.0818     2.6239     100.00   27.91312  -90.00380    0.00038   -0.00152         12  0.000e+00
      75395   3141.417     40.161     40.433    26.3307    26.3288   5.660425   5.660888     3.0818     2.6239     100.00   27.91312  -90.00380    0.00034   -0.00151         12  0.000e+00
      75396   3141.458     40.100     40.372    26.3307    26.3290   5.660433   5.660983     3.0806     2.6239     100.00   27.91312  -90.00380    0.00027   -0.00149         12  0.000e+00
      75397   3141.500     40.161     40.433    26.3306    26.3290   5.660464   5.660952     3.0818     2.6239     100.00   27.91312  -90.00380    0.00023   -0.00147         12  0.000e+00
      75398   3141.542     40.062     40.334    26.3309    26.3287   5.660448   5.660936     3.0806     2.6239     100.00   27.91312  -90.00380    0.00016   -0.00145         12  0.000e+00
      75399   3141.583     40.161     40.433    26.3310    26.3284   5.660449   5.660896     3.0806     2.6227     100.00   27.91312  -90.00380    0.00012   -0.00145         12  0.000e+00
      75400   3141.625     40.100     40.372    26.3313    26.3286   5.660425   5.660920     3.0818     2.6227     100.00   27.91312  -90.00380    0.00009   -0.00144         12  0.000e+00
      75401   3141.667     40.047     40.319    26.3314    26.3286   5.660402   5.660999     3.0818     2.6227     100.00   27.91312  -90.00380    0.00006   -0.00143         12  0.000e+00
      75402   3141.708     40.161     40.433    26.3316    26.3287   5.660433   5.661023     3.0794     2.6227     100.00   27.91312  -90.00380   -0.00001   -0.00140         12  0.000e+00
      75403   3141.750     40.047     40.319    26.3315    26.3288   5.660409   5.660952     3.0794     2.6227     100.00   27.91312  -90.00380   -0.00009   -0.00138         12  0.000e+00
      75404   3141.792     40.047     40.319    26.3316    26.3286   5.660378   5.660865     3.0794     2.6227     100.00   27.91312  -90.00380   -0.00017   -0.00136         12  0.000e+00
      75405   3141.833     40.176     40.448    26.3313    26.3286   5.660394   5.660841     3.0806     2.6227     100.00   27.91312  -90.00380   -0.00021   -0.00134         12  0.000e+00
      75406   3141.875     40.100     40.372    26.3314    26.3284   5.660402   5.660730     3.0806     2.6215     100.00   27.91312  -90.00380   -0.00027   -0.00136         12  0.000e+00
      75407   3141.917     40.100     40.372    26.3316    26.3284   5.660402   5.660698     3.0781     2.6227     100.00   27.91312  -90.00380   -0.00034   -0.00133         12  0.000e+00
      75408   3141.958     40.047     40.319    26.3315    26.3284   5.660378   5.660627     3.0794     2.6215     100.00   27.91312  -90.00380   -0.00040   -0.00134         12  0.000e+00
      75409   3142.000     40.100     40.372    26.3316    26.3284   5.660425   5.660635     3.0781     2.6215     100.00   27.91312  -90.00380   -0.00047   -0.00134         12  0.000e+00
      75410   3142.042     40.100     40.372    26.3319    26.3282   5.660448   5.660651     3.0794     2.6227     100.00   27.91312  -90.00380   -0.00053   -0.00133         12  0.000e+00
      75411   3142.083     40.123     40.395    26.3316    26.3281   5.660449   5.660651     3.0794     2.6227     100.00   27.91312  -90.00380   -0.00060   -0.00133         12  0.000e+00
      75412   3142.125     40.047     40.319    26.3319    26.3283   5.660425   5.660683     3.0794     2.6227     100.00   27.91312  -90.00380   -0.00065   -0.00133         12  0.000e+00
      75413   3142.167     40.100     40.372    26.3316    26.3286   5.660402   5.660730     3.0781     2.6227     100.00   27.91312  -90.00380   -0.00072   -0.00133         12  0.000e+00
      75414   3142.208     40.100     40.372    26.3318    26.3289   5.660433   5.660849     3.0806     2.6227     100.00   27.91312  -90.00380   -0.00075   -0.00134         12  0.000e+00
      75415   3142.250     40.100     40.372    26.3319    26.3292   5.660448   5.660920     3.0794     2.6227     100.00   27.91312  -90.00380   -0.00080   -0.00135         12  0.000e+00
      75416   3142.292     40.047     40.319    26.3315    26.3294   5.660425   5.661070     3.0806     2.6227     100.00   27.91312  -90.00380   -0.00083   -0.00136         12  0.000e+00
      75417   3142.333     40.100     40.373    26.3312    26.3295   5.660441   5.661189     3.0794     2.6227     100.00   27.91312  -90.00380   -0.00088   -0.00137         12  0.000e+00
      75418   3142.375     40.123     40.395    26.3306    26.3298   5.660409   5.661245     3.0794     2.6227     100.00   27.91312  -90.00380   -0.00092   -0.00138         12  0.000e+00
      75419   3142.417     40.100     40.373    26.3305    26.3295   5.660417   5.661260     3.0806     2.6227     100.00   27.91312  -90.00380   -0.00095   -0.00139         12  0.000e+00
      75420   3142.458     40.100     40.373    26.3314    26.3295   5.660441   5.661189     3.0806     2.6227     100.00   27.91312  -90.00380   -0.00098   -0.00139         12  0.000e+00
      75421   3142.500     40.100     40.373    26.3326    26.3292   5.660448   5.661197     3.0806     2.6227     100.00   27.91312  -90.00380   -0.00101   -0.00139         12  0.000e+00
      75422   3142.542     40.100     40.373    26.3332    26.3296   5.660448   5.661284     3.0806     2.6239     100.00   27.91312  -90.00380   -0.00103   -0.00140         12  0.000e+00
      75423   3142.583     40.161     40.433    26.3330    26.3295   5.660464   5.661237     3.0818     2.6239     100.00   27.91312  -90.00380   -0.00104   -0.00140         12  0.000e+00
      75424   3142.625     40.048     40.319    26.3327    26.3292   5.660448   5.661173     3.0806     2.6239     100.00   27.91312  -90.00380   -0.00106   -0.00140         12  0.000e+00
      75425   3142.667     40.176     40.449    26.3330    26.3292   5.660449   5.661165     3.0818     2.6239     100.00   27.91312  -90.00380   -0.00107   -0.00140         12  0.000e+00
      75426   3142.708     40.100     40.373    26.3331    26.3291   5.660480   5.661165     3.0806     2.6239     100.00   27.91312  -90.00380   -0.00111   -0.00140         12  0.000e+00
      75427   3142.750     40.100     40.373    26.3330    26.3292   5.660472   5.661055     3.0806     2.6239     100.00   27.91312  -90.00380   -0.00114   -0.00140         12  0.000e+00
      75428   3142.792     40.161     40.434    26.3329    26.3288   5.660488   5.661055     3.0806     2.6239     100.00   27.91312  -90.00380   -0.00118   -0.00140         12  0.000e+00
      75429   3142.833     40.101     40.373    26.3320    26.3288   5.660636   5.660999     3.0806     2.6239     100.00   27.91312  -90.00380   -0.00120   -0.00139         12  0.000e+00
      75430   3142.875     40.161     40.434    26.3307    26.3287   5.660784   5.660944     3.0806     2.6239     100.00   27.91312  -90.00380   -0.00124   -0.00141         12  0.000e+00
      75431   3142.917     40.161     40.434    26.3301    26.3288   5.660870   5.660968     3.0806     2.6239     100.00   27.91312  -90.00380   -0.00128   -0.00141         12  0.000e+00
      75432   3142.958     40.123     40.396    26.3297    26.3286   5.660769   5.660975     3.0806     2.6239     100.00   27.91312  -90.00380   -0.00131   -0.00140         12  0.000e+00
      75433   3143.000     40.161     40.434    26.3291    26.3288   5.660691   5.660975     3.0818     2.6239     100.00   27.91312  -90.00380   -0.00132   -0.00140         12  0.000e+00
      75434   3143.042     40.161     40.434    26.3282    26.3287   5.660714   5.660873     3.0818     2.6239     100.00   27.91312  -90.00380   -0.00132   -0.00139         12  0.000e+00
      75435   3143.083     40.161     40.434    26.3281    26.3286   5.660777   5.660841     3.0818     2.6252     100.00   27.91312  -90.00380   -0.00134   -0.00137         12  0.000e+00
      75436   3143.125     40.161     40.434    26.3280    26.3284   5.660777   5.660841     3.0806     2.6239     100.00   27.91312  -90.00380   -0.00136   -0.00136         12  0.000e+00
      75437   3143.167     40.161     40.434    26.3277    26.3284   5.660738   5.660801     3.0818     2.6239     100.00   27.91312  -90.00380   -0.00136   -0.00135         12  0.000e+00
      75438   3143.208     40.161     40.434    26.3280    26.3282   5.660745   5.660825     3.0818     2.6239     100.00   27.91312  -90.00380   -0.00136   -0.00135         12  0.000e+00
      75439   3143.250     40.176     40.449    26.3280    26.3284   5.660870   5.660912     3.0818     2.6252     100.00   27.91312  -90.00380   -0.00135   -0.00132         12  0.000e+00
      75440   3143.292     40.214     40.487    26.3285    26.3290   5.661058   5.661031     3.0818     2.6252     100.00   27.91312  -90.00380   -0.00135   -0.00129         12  0.000e+00
      75441   3143.333     40.214     40.487    26.3296    26.3294   5.661315   5.661245     3.0818     2.6252     100.00   27.91312  -90.00380   -0.00135   -0.00127         12  0.000e+00
      75442   3143.375     40.161     40.434    26.3306    26.3295   5.661612   5.661340     3.0818     2.6252     100.00   27.91312  -90.00380   -0.00133   -0.00124         12  0.000e+00
      75443   3143.417     40.214     40.487    26.3300    26.3297   5.661526   5.661379     3.0818     2.6252     100.00   27.91312  -90.00380   -0.00131   -0.00121         12  0.000e+00
      75444   3143.458     40.214     40.487    26.3289    26.3295   5.661191   5.661427     3.0818     2.6252     100.00   27.91312  -90.00380   -0.00129   -0.00118         12  0.000e+00
      75445   3143.500     40.176     40.449    26.3281    26.3297   5.661034   5.661403     3.0818     2.6252     100.00   27.91312  -90.00380   -0.00127   -0.00115         12  0.000e+00
      75446   3143.542     40.214     40.487    26.3285    26.3297   5.661027   5.661466     3.0818     2.6239     100.00   27.91312  -90.00380   -0.00125   -0.00113         12  0.000e+00
      75447   3143.583     40.214     40.487    26.3282    26.3298   5.661050   5.661490     3.0818     2.6252     100.00   27.91312  -90.00380   -0.00123   -0.00108         12  0.000e+00
      75448   3143.625     40.214     40.487    26.3280    26.3299   5.660948   5.661450     3.0818     2.6252     100.00   27.91312  -90.00380   -0.00120   -0.00105         12  0.000e+00
      75449   3143.667     40.214     40.487    26.3278    26.3301   5.660878   5.661442     3.0818     2.6252     100.00   27.91312  -90.00380   -0.00116   -0.00100         12  0.000e+00
      75450   3143.708     40.275     40.548    26.3275    26.3299   5.660816   5.661443     3.0818     2.6252     100.00   27.91312  -90.00380   -0.00114   -0.00095         12  0.000e+00
