GOMECC/GOMECC-4/1db/rb2103_0541.ros
* Sea-Bird SBE 9 Data File:
* FileName = C:\Users\scs.user.rb\CTD\GOMECC4\data\rb2103_0541.hex
* Software Version Seasave V 7.26.7.107
* Temperature SN = 4799
* Conductivity SN = 3860
* Number of Bytes Per Scan = 41
* Number of Voltage Words = 4
* Number of Scans Averaged by the Deck Unit = 1
* NMEA Latitude = 27 29.98 N
* NMEA Longitude = 095 00.24 W
* NMEA UTC (Time) = Sep 28 2021  12:26:08
* NMEA baud rate = 4800
# nquan = 17
# nvalues = 2793                                  
# units = specified
# name 0 = scan: Scan Count
# name 1 = timeS: Time, Elapsed [seconds]
# name 2 = depSM: Depth [salt water, m]
# name 3 = prDM: Pressure, Digiquartz [db]
# name 4 = t090C: Temperature [ITS-90, deg C]
# name 5 = t190C: Temperature, 2 [ITS-90, deg C]
# name 6 = c0S/m: Conductivity [S/m]
# name 7 = c1S/m: Conductivity, 2 [S/m]
# name 8 = sbeox0V: Oxygen raw, SBE 43 [V]
# name 9 = sbeox1V: Oxygen raw, SBE 43, 2 [V]
# name 10 = altM: Altimeter [m]
# name 11 = latitude: Latitude [deg]
# name 12 = longitude: Longitude [deg]
# name 13 = sbox0dV/dT: Oxygen, SBE 43 [dov/dt]
# name 14 = sbox1dV/dT: Oxygen, SBE 43, 2 [dov/dt]
# name 15 = nbf: Bottles Fired
# name 16 = flag:  0.000e+00
# interval = seconds: 0.0416667
# start_time = Sep 28 2021 12:26:08 [NMEA time, header]
# bad_flag = -9.990e-29
*END*
[from data line 1022]
      69911   2912.917    298.168    300.371    13.1357    13.1316   4.193955   4.193357     1.7167     1.4078     100.00   27.49872  -94.99402    0.00005    0.00002          8  0.000e+00
      69912   2912.958    298.115    300.318    13.1357    13.1311   4.193914   4.193294     1.7155     1.4066     100.00   27.49872  -94.99402    0.00005 1.7584e-07          8  0.000e+00
      69913   2913.000    298.115    300.318    13.1355    13.1309   4.193872   4.193197     1.7155     1.4066     100.00   27.49872  -94.99402    0.00006   -0.00002          8  0.000e+00
      69914   2913.042    298.168    300.371    13.1347    13.1302   4.193803   4.193162     1.7155     1.4078     100.00   27.49872  -94.99402    0.00004   -0.00003          8  0.000e+00
      69915   2913.083    298.115    300.318    13.1347    13.1294   4.193735   4.193092     1.7155     1.4066     100.00   27.49872  -94.99402    0.00003   -0.00005          8  0.000e+00
      69916   2913.125    298.168    300.371    13.1342    13.1290   4.193666   4.193085     1.7155     1.4066     100.00   27.49872  -94.99402    0.00001   -0.00006          8  0.000e+00
      69917   2913.167    298.115    300.318    13.1338    13.1291   4.193617   4.193071     1.7167     1.4066     100.00   27.49872  -94.99402    0.00002   -0.00009          8  0.000e+00
      69918   2913.208    298.168    300.371    13.1337    13.1287   4.193548   4.193057     1.7167     1.4066     100.00   27.49872  -94.99402    0.00002   -0.00011          8  0.000e+00
      69919   2913.250    298.168    300.371    13.1332    13.1287   4.193535   4.193036     1.7167     1.4066     100.00   27.49872  -94.99402    0.00004   -0.00014          8  0.000e+00
      69920   2913.292    298.115    300.318    13.1331    13.1287   4.193542   4.193050     1.7167     1.4066     100.00   27.49872  -94.99402    0.00006   -0.00016          8  0.000e+00
      69921   2913.333    298.168    300.371    13.1330    13.1285   4.193542   4.193064     1.7167     1.4066     100.00   27.49872  -94.99402    0.00008   -0.00017          8  0.000e+00
      69922   2913.375    298.115    300.318    13.1330    13.1285   4.193583   4.193057     1.7155     1.4066     100.00   27.49872  -94.99402    0.00008   -0.00018          8  0.000e+00
      69923   2913.417    298.169    300.372    13.1330    13.1291   4.193604   4.193064     1.7155     1.4066     100.00   27.49872  -94.99402    0.00009   -0.00020          8  0.000e+00
      69924   2913.458    298.115    300.318    13.1330    13.1296   4.193638   4.193162     1.7155     1.4066     100.00   27.49872  -94.99402    0.00007   -0.00021          8  0.000e+00
      69925   2913.500    298.116    300.318    13.1333    13.1304   4.193672   4.193252     1.7155     1.4078     100.00   27.49872  -94.99402    0.00006   -0.00021          8  0.000e+00
      69926   2913.542    298.169    300.372    13.1337    13.1311   4.193707   4.193336     1.7167     1.4066     100.00   27.49872  -94.99402    0.00006   -0.00022          8  0.000e+00
      69927   2913.583    298.116    300.318    13.1340    13.1314   4.193741   4.193399     1.7155     1.4066     100.00   27.49872  -94.99402    0.00005   -0.00023          8  0.000e+00
      69928   2913.625    298.116    300.318    13.1340    13.1314   4.193810   4.193371     1.7155     1.4066     100.00   27.49872  -94.99402    0.00003   -0.00024          8  0.000e+00
      69929   2913.667    298.116    300.318    13.1344    13.1314   4.193852   4.193399     1.7167     1.4066     100.00   27.49872  -94.99402    0.00004   -0.00026          8  0.000e+00
      69930   2913.708    298.116    300.318    13.1353    13.1316   4.193941   4.193392     1.7167     1.4066     100.00   27.49872  -94.99402    0.00004   -0.00029          8  0.000e+00
      69931   2913.750    298.116    300.318    13.1365    13.1319   4.193996   4.193434     1.7155     1.4066     100.00   27.49872  -94.99402    0.00002   -0.00030          8  0.000e+00
      69932   2913.792    298.116    300.318    13.1363    13.1321   4.194038   4.193490     1.7155     1.4066     100.00   27.49872  -94.99402    0.00001   -0.00031          8  0.000e+00
      69933   2913.833    298.055    300.257    13.1360    13.1319   4.194038   4.193490     1.7155     1.4078     100.00   27.49872  -94.99402    0.00001   -0.00030          8  0.000e+00
      69934   2913.875    298.055    300.257    13.1362    13.1319   4.194072   4.193497     1.7155     1.4066     100.00   27.49872  -94.99402   -0.00000   -0.00031          8  0.000e+00
      69935   2913.917    298.116    300.318    13.1367    13.1324   4.194086   4.193518     1.7155     1.4066     100.00   27.49872  -94.99402   -0.00002   -0.00032          8  0.000e+00
      69936   2913.958    298.055    300.257    13.1379    13.1321   4.194217   4.193532     1.7155     1.4078     100.00   27.49872  -94.99402   -0.00003   -0.00031          8  0.000e+00
      69937   2914.000    298.055    300.257    13.1400    13.1321   4.194369   4.193553     1.7155     1.4066     100.00   27.49872  -94.99402   -0.00005   -0.00032          8  0.000e+00
      69938   2914.042    298.055    300.257    13.1415    13.1319   4.194465   4.193532     1.7155     1.4066     100.00   27.49872  -94.99402   -0.00004   -0.00033          8  0.000e+00
      69939   2914.083    298.055    300.257    13.1422    13.1321   4.194569   4.193567     1.7155     1.4066     100.00   27.49872  -94.99402   -0.00004   -0.00034          8  0.000e+00
      69940   2914.125    298.002    300.204    13.1422    13.1327   4.194596   4.193623     1.7167     1.4078     100.00   27.49872  -94.99402   -0.00004   -0.00034          8  0.000e+00
      69941   2914.167    298.055    300.257    13.1424    13.1337   4.194534   4.193616     1.7167     1.4078     100.00   27.49872  -94.99402   -0.00004   -0.00033          8  0.000e+00
      69942   2914.208    298.002    300.204    13.1422    13.1334   4.194548   4.193630     1.7155     1.4066     100.00   27.49872  -94.99402   -0.00003   -0.00034          8  0.000e+00
      69943   2914.250    298.002    300.204    13.1417    13.1331   4.194582   4.193560     1.7155     1.4066     100.00   27.49872  -94.99402   -0.00005   -0.00034          8  0.000e+00
      69944   2914.292    297.942    300.143    13.1416    13.1329   4.194617   4.193581     1.7155     1.4066     100.00   27.49872  -94.99402   -0.00006   -0.00035          8  0.000e+00
      69945   2914.333    298.055    300.258    13.1417    13.1329   4.194624   4.193609     1.7155     1.4066     100.00   27.49872  -94.99402   -0.00008   -0.00036          8  0.000e+00
      69946   2914.375    298.002    300.204    13.1420    13.1324   4.194631   4.193546     1.7155     1.4066     100.00   27.49872  -94.99402   -0.00009   -0.00037          8  0.000e+00
      69947   2914.417    297.942    300.143    13.1415    13.1326   4.194575   4.193504     1.7155     1.4078     100.00   27.49872  -94.99402   -0.00010   -0.00036          8  0.000e+00
      69948   2914.458    297.942    300.143    13.1412    13.1324   4.194548   4.193490     1.7155     1.4078     100.00   27.49872  -94.99402   -0.00012   -0.00035          8  0.000e+00
      69949   2914.500    298.002    300.204    13.1410    13.1327   4.194555   4.193497     1.7155     1.4066     100.00   27.49872  -94.99402   -0.00013   -0.00036          8  0.000e+00
      69950   2914.542    297.889    300.090    13.1409    13.1326   4.194500   4.193518     1.7167     1.4066     100.00   27.49872  -94.99402   -0.00011   -0.00036          8  0.000e+00
      69951   2914.583    297.942    300.143    13.1410    13.1331   4.194486   4.193574     1.7155     1.4066     100.00   27.49872  -94.99402   -0.00011   -0.00037          8  0.000e+00
      69952   2914.625    297.942    300.143    13.1404    13.1329   4.194424   4.193581     1.7155     1.4066     100.00   27.49872  -94.99402   -0.00011   -0.00037          8  0.000e+00
      74300   3095.792    198.222    199.638    16.3766    16.3857   4.569737   4.570770     1.8694     1.5458     100.00   27.49858  -94.99340    0.00004   -0.00027          9  0.000e+00
      74301   3095.833    198.782    200.202    16.3760    16.3858   4.569701   4.570741     1.8694     1.5458     100.00   27.49858  -94.99340    0.00003   -0.00028          9  0.000e+00
      74302   3095.875    198.654    200.073    16.3761    16.3857   4.569723   4.570734     1.8694     1.5458     100.00   27.49858  -94.99340    0.00002   -0.00028          9  0.000e+00
      74303   3095.917    198.555    199.974    16.3764    16.3855   4.569701   4.570698     1.8694     1.5458     100.00   27.49858  -94.99340    0.00002   -0.00027          9  0.000e+00
      74304   3095.958    198.654    200.073    16.3762    16.3853   4.569723   4.570661     1.8706     1.5458     100.00   27.49858  -94.99340    0.00003   -0.00026          9  0.000e+00
      74305   3096.000    198.616    200.035    16.3759    16.3851   4.569701   4.570712     1.8706     1.5458     100.00   27.49858  -94.99340    0.00004   -0.00025          9  0.000e+00
      74306   3096.042    198.654    200.073    16.3755    16.3848   4.569694   4.570734     1.8694     1.5458     100.00   27.49858  -94.99340    0.00005   -0.00026          9  0.000e+00
      74307   3096.083    198.669    200.088    16.3752    16.3853   4.569694   4.570792     1.8694     1.5458     100.00   27.49858  -94.99340    0.00004   -0.00025          9  0.000e+00
      74308   3096.125    198.555    199.974    16.3747    16.3858   4.569694   4.570835     1.8694     1.5458     100.00   27.49858  -94.99340    0.00003   -0.00025          9  0.000e+00
      74309   3096.167    198.654    200.073    16.3745    16.3865   4.569694   4.570850     1.8694     1.5458     100.00   27.49858  -94.99340    0.00002   -0.00026          9  0.000e+00
      74310   3096.208    198.616    200.035    16.3747    16.3871   4.569694   4.570936     1.8694     1.5458     100.00   27.49858  -94.99340    0.00002   -0.00025          9  0.000e+00
      74311   3096.250    198.601    200.020    16.3749    16.3870   4.569694   4.570965     1.8694     1.5458     100.00   27.49858  -94.99340    0.00001   -0.00026          9  0.000e+00
      74312   3096.292    198.616    200.035    16.3749    16.3874   4.569666   4.570965     1.8694     1.5458     100.00   27.49858  -94.99340 4.6353e-12   -0.00025          9  0.000e+00
      74313   3096.333    198.654    200.073    16.3749    16.3874   4.569623   4.570965     1.8706     1.5458     100.00   27.49858  -94.99340    0.00001   -0.00024          9  0.000e+00
      74314   3096.375    198.616    200.035    16.3750    16.3876   4.569673   4.570900     1.8694     1.5458     100.00   27.49858  -94.99340    0.00000   -0.00024          9  0.000e+00
      74315   3096.417    198.601    200.020    16.3750    16.3872   4.569666   4.570907     1.8694     1.5458     100.00   27.49858  -94.99340   -0.00001   -0.00025          9  0.000e+00
      74316   3096.458    198.616    200.035    16.3757    16.3871   4.569658   4.570922     1.8694     1.5458     100.00   27.49858  -94.99340   -0.00001   -0.00026          9  0.000e+00
      74317   3096.500    198.616    200.035    16.3754    16.3872   4.569623   4.570951     1.8694     1.5458     100.00   27.49858  -94.99340   -0.00000   -0.00026          9  0.000e+00
      74318   3096.542    198.601    200.020    16.3757    16.3872   4.569673   4.570965     1.8694     1.5458     100.00   27.49858  -94.99340   -0.00001   -0.00025          9  0.000e+00
      74319   3096.583    198.669    200.089    16.3755    16.3870   4.569694   4.570878     1.8694     1.5458     100.00   27.49858  -94.99340   -0.00002   -0.00024          9  0.000e+00
      74320   3096.625    198.548    199.966    16.3755    16.3869   4.569694   4.570849     1.8694     1.5458     100.00   27.49858  -94.99340   -0.00003   -0.00023          9  0.000e+00
      74321   3096.667    198.669    200.089    16.3759    16.3865   4.569694   4.570850     1.8694     1.5458     100.00   27.49858  -94.99340   -0.00004   -0.00022          9  0.000e+00
      74322   3096.708    198.601    200.020    16.3755    16.3862   4.569694   4.570849     1.8694     1.5458     100.00   27.49858  -94.99340   -0.00004   -0.00021          9  0.000e+00
      74323   3096.750    198.616    200.035    16.3757    16.3856   4.569666   4.570850     1.8694     1.5458     100.00   27.49858  -94.99340   -0.00005   -0.00019          9  0.000e+00
      74324   3096.792    198.616    200.035    16.3755    16.3855   4.569680   4.570850     1.8681     1.5458     100.00   27.49858  -94.99340   -0.00008   -0.00018          9  0.000e+00
      74325   3096.833    198.654    200.073    16.3743    16.3860   4.569630   4.570850     1.8694     1.5458     100.00   27.49858  -94.99340   -0.00007   -0.00017          9  0.000e+00
      74326   3096.875    198.616    200.035    16.3732    16.3858   4.569701   4.570813     1.8694     1.5458     100.00   27.49858  -94.99340   -0.00007   -0.00015          9  0.000e+00
      74327   3096.917    198.601    200.020    16.3733    16.3853   4.569616   4.570777     1.8694     1.5458     100.00   27.49858  -94.99340   -0.00008   -0.00014          9  0.000e+00
      74328   3096.958    198.616    200.035    16.3735    16.3848   4.569601   4.570792     1.8694     1.5470     100.00   27.49858  -94.99340   -0.00009   -0.00011          9  0.000e+00
      74329   3097.000    198.601    200.020    16.3743    16.3846   4.569616   4.570748     1.8694     1.5458     100.00   27.49858  -94.99340   -0.00009   -0.00009          9  0.000e+00
      74330   3097.042    198.670    200.089    16.3743    16.3848   4.569530   4.570698     1.8694     1.5458     100.00   27.49858  -94.99340   -0.00010   -0.00009          9  0.000e+00
      74331   3097.083    198.548    199.967    16.3739    16.3848   4.569501   4.570625     1.8706     1.5458     100.00   27.49858  -94.99340   -0.00009   -0.00008          9  0.000e+00
      74332   3097.125    198.670    200.089    16.3743    16.3850   4.569523   4.570640     1.8694     1.5458     100.00   27.49858  -94.99340   -0.00010   -0.00006          9  0.000e+00
      74333   3097.167    198.670    200.089    16.3742    16.3846   4.569537   4.570676     1.8694     1.5458     100.00   27.49858  -94.99340   -0.00011   -0.00005          9  0.000e+00
      74334   3097.208    198.601    200.020    16.3739    16.3845   4.569473   4.570690     1.8694     1.5458     100.00   27.49858  -94.99340   -0.00011   -0.00003          9  0.000e+00
      74335   3097.250    198.617    200.036    16.3742    16.3845   4.569487   4.570690     1.8681     1.5458     100.00   27.49858  -94.99340   -0.00014   -0.00003          9  0.000e+00
      74336   3097.292    198.655    200.074    16.3750    16.3846   4.569558   4.570690     1.8694     1.5458     100.00   27.49858  -94.99340   -0.00014   -0.00002          9  0.000e+00
      74337   3097.333    198.670    200.089    16.3755    16.3848   4.569601   4.570690     1.8694     1.5458     100.00   27.49858  -94.99340   -0.00015   -0.00002          9  0.000e+00
      74338   3097.375    198.655    200.074    16.3761    16.3850   4.569673   4.570625     1.8694     1.5458     100.00   27.49858  -94.99340   -0.00016   -0.00002          9  0.000e+00
      74339   3097.417    198.617    200.036    16.3762    16.3848   4.569723   4.570698     1.8694     1.5458     100.00   27.49858  -94.99340   -0.00015   -0.00000          9  0.000e+00
      74340   3097.458    198.670    200.089    16.3771    16.3852   4.569787   4.570755     1.8694     1.5458     100.00   27.49858  -94.99340   -0.00015   -0.00000          9  0.000e+00
      74341   3097.500    198.655    200.074    16.3784    16.3853   4.569837   4.570705     1.8694     1.5470     100.00   27.49858  -94.99340   -0.00014    0.00001          9  0.000e+00
