GOMECC/GOMECC-4/1db/rb2103_1231.ros
* Sea-Bird SBE 9 Data File:
* FileName = C:\Users\scs.user.rb\CTD\GOMECC4\data\rb2103_1231.hex
* Software Version Seasave V 7.26.7.107
* Temperature SN = 4799
* Conductivity SN = 3860
* Number of Bytes Per Scan = 41
* Number of Voltage Words = 4
* Number of Scans Averaged by the Deck Unit = 1
* NMEA Latitude = 24 44.12 N
* NMEA Longitude = 080 37.33 W
* NMEA UTC (Time) = Oct 17 2021  22:52:18
* NMEA baud rate = 4800
# nquan = 17
# nvalues = 1729                                  
# units = specified
# name 0 = scan: Scan Count
# name 1 = timeS: Time, Elapsed [seconds]
# name 2 = depSM: Depth [salt water, m]
# name 3 = prDM: Pressure, Digiquartz [db]
# name 4 = t090C: Temperature [ITS-90, deg C]
# name 5 = t190C: Temperature, 2 [ITS-90, deg C]
# name 6 = c0S/m: Conductivity [S/m]
# name 7 = c1S/m: Conductivity, 2 [S/m]
# name 8 = sbeox0V: Oxygen raw, SBE 43 [V]
# name 9 = sbeox1V: Oxygen raw, SBE 43, 2 [V]
# name 10 = altM: Altimeter [m]
# name 11 = latitude: Latitude [deg]
# name 12 = longitude: Longitude [deg]
# name 13 = sbox0dV/dT: Oxygen, SBE 43 [dov/dt]
# name 14 = sbox1dV/dT: Oxygen, SBE 43, 2 [dov/dt]
# name 15 = nbf: Bottles Fired
# name 16 = flag:  0.000e+00
# interval = seconds: 0.0416667
# start_time = Oct 17 2021 22:52:18 [NMEA time, header]
# bad_flag = -9.990e-29
*END*
[from data line 1703]
      53198   2216.542      2.964      2.983    29.7422    29.7440   5.896139   5.896372     3.1819     2.6862     100.00   24.73546  -80.62330    0.00084   -0.00160         13  0.000e+00
      53199   2216.583      2.964      2.983    29.7420    29.7436   5.896099   5.896437     3.1819     2.6850     100.00   24.73546  -80.62330    0.00087   -0.00155         13  0.000e+00
      53200   2216.625      2.964      2.983    29.7419    29.7436   5.896091   5.896501     3.1819     2.6862     100.00   24.73546  -80.62330    0.00090   -0.00148         13  0.000e+00
      53201   2216.667      2.957      2.976    29.7420    29.7436   5.896091   5.896509     3.1819     2.6862     100.00   24.73546  -80.62330    0.00092   -0.00141         13  0.000e+00
      53202   2216.708      2.964      2.983    29.7420    29.7440   5.896091   5.896549     3.1819     2.6862     100.00   24.73546  -80.62330    0.00095   -0.00134         13  0.000e+00
      53203   2216.750      2.916      2.935    29.7422    29.7440   5.896123   5.896485     3.1819     2.6862     100.00   24.73546  -80.62330    0.00096   -0.00125         13  0.000e+00
      53204   2216.792      2.964      2.983    29.7424    29.7440   5.896170   5.896533     3.1832     2.6850     100.00   24.73546  -80.62330    0.00098   -0.00118         13  0.000e+00
      53205   2216.833      2.964      2.983    29.7423    29.7438   5.896186   5.896485     3.1819     2.6850     100.00   24.73546  -80.62330    0.00098   -0.00111         13  0.000e+00
      53206   2216.875      2.964      2.983    29.7430    29.7438   5.896226   5.896493     3.1832     2.6850     100.00   24.73546  -80.62330    0.00100   -0.00104         13  0.000e+00
      53207   2216.917      2.964      2.983    29.7432    29.7438   5.896234   5.896477     3.1832     2.6850     100.00   24.73546  -80.62330    0.00102   -0.00097         13  0.000e+00
      53208   2216.958      2.916      2.935    29.7434    29.7438   5.896274   5.896493     3.1832     2.6850     100.00   24.73546  -80.62330    0.00103   -0.00089         13  0.000e+00
      53209   2217.000      2.964      2.983    29.7437    29.7438   5.896282   5.896437     3.1832     2.6850     100.00   24.73546  -80.62330    0.00105   -0.00082         13  0.000e+00
      53210   2217.042      2.957      2.976    29.7443    29.7438   5.896282   5.896485     3.1832     2.6850     100.00   24.73546  -80.62330    0.00106   -0.00075         13  0.000e+00
      53211   2217.083      2.964      2.983    29.7435    29.7438   5.896250   5.896509     3.1832     2.6850     100.00   24.73546  -80.62330    0.00107   -0.00067         13  0.000e+00
      53212   2217.125      2.964      2.983    29.7434    29.7438   5.896194   5.896477     3.1832     2.6850     100.00   24.73546  -80.62330    0.00108   -0.00059         13  0.000e+00
      53213   2217.167      2.964      2.983    29.7426    29.7434   5.896146   5.896461     3.1832     2.6850     100.00   24.73546  -80.62330    0.00108   -0.00052         13  0.000e+00
      53214   2217.208      2.916      2.935    29.7420    29.7434   5.896099   5.896428     3.1832     2.6850     100.00   24.73546  -80.62330    0.00109   -0.00044         13  0.000e+00
      53215   2217.250      2.964      2.983    29.7420    29.7434   5.896091   5.896445     3.1819     2.6850     100.00   24.73546  -80.62330    0.00108   -0.00036         13  0.000e+00
      53216   2217.292      2.964      2.983    29.7419    29.7432   5.896091   5.896388     3.1832     2.6838     100.00   24.73546  -80.62330    0.00108   -0.00030         13  0.000e+00
      53217   2217.333      2.964      2.983    29.7419    29.7425   5.896051   5.896292     3.1832     2.6850     100.00   24.73546  -80.62330    0.00108   -0.00022         13  0.000e+00
      53218   2217.375      2.964      2.983    29.7419    29.7421   5.896003   5.896300     3.1819     2.6838     100.00   24.73546  -80.62330    0.00108   -0.00016         13  0.000e+00
      53219   2217.417      2.910      2.928    29.7414    29.7421   5.896027   5.896316     3.1819     2.6838     100.00   24.73546  -80.62330    0.00106   -0.00009         13  0.000e+00
      53220   2217.458      3.011      3.030    29.7417    29.7425   5.896075   5.896348     3.1819     2.6838     100.00   24.73546  -80.62330    0.00105   -0.00005         13  0.000e+00
      53221   2217.500      2.964      2.983    29.7413    29.7432   5.896091   5.896396     3.1819     2.6838     100.00   24.73546  -80.62330    0.00105    0.00000         13  0.000e+00
      53222   2217.542      2.916      2.935    29.7414    29.7440   5.896051   5.896557     3.1807     2.6838     100.00   24.73546  -80.62330    0.00102    0.00005         13  0.000e+00
      53223   2217.583      2.964      2.983    29.7413    29.7444   5.896003   5.896638     3.1807     2.6838     100.00   24.73546  -80.62330    0.00100    0.00010         13  0.000e+00
