GOMECC/GOMECC-4/1db/rb2103_0491.ros
* Sea-Bird SBE 9 Data File:
* FileName = C:\Users\scs.user.rb\CTD\GOMECC4\data\rb2103_0491.hex
* Software Version Seasave V 7.26.7.107
* Temperature SN = 4799
* Conductivity SN = 3860
* Number of Bytes Per Scan = 41
* Number of Voltage Words = 4
* Number of Scans Averaged by the Deck Unit = 1
* NMEA Latitude = 27 55.20 N
* NMEA Longitude = 093 34.74 W
* NMEA UTC (Time) = Sep 27 2021  12:19:13
* NMEA baud rate = 4800
# nquan = 17
# nvalues = 1197                                  
# units = specified
# name 0 = scan: Scan Count
# name 1 = timeS: Time, Elapsed [seconds]
# name 2 = depSM: Depth [salt water, m]
# name 3 = prDM: Pressure, Digiquartz [db]
# name 4 = t090C: Temperature [ITS-90, deg C]
# name 5 = t190C: Temperature, 2 [ITS-90, deg C]
# name 6 = c0S/m: Conductivity [S/m]
# name 7 = c1S/m: Conductivity, 2 [S/m]
# name 8 = sbeox0V: Oxygen raw, SBE 43 [V]
# name 9 = sbeox1V: Oxygen raw, SBE 43, 2 [V]
# name 10 = altM: Altimeter [m]
# name 11 = latitude: Latitude [deg]
# name 12 = longitude: Longitude [deg]
# name 13 = sbox0dV/dT: Oxygen, SBE 43 [dov/dt]
# name 14 = sbox1dV/dT: Oxygen, SBE 43, 2 [dov/dt]
# name 15 = nbf: Bottles Fired
# name 16 = flag:  0.000e+00
# interval = seconds: 0.0416667
# start_time = Sep 27 2021 12:19:13 [NMEA time, header]
# bad_flag = -9.990e-29
*END*
[from data line 1022]
      24781   1032.500      4.223      4.251    28.6708    28.6785   5.784846   5.786502     3.1062     2.6386      69.30   27.92010  -93.57898    0.00017   -0.00173          8  0.000e+00
      24782   1032.542      4.208      4.236    28.6706    28.6788   5.784807   5.786574     3.1050     2.6386      69.33   27.92010  -93.57898    0.00016   -0.00168          8  0.000e+00
      24783   1032.583      4.276      4.305    28.6706    28.6788   5.784831   5.786670     3.1062     2.6386      69.33   27.92010  -93.57898    0.00017   -0.00164          8  0.000e+00
      24784   1032.625      4.336      4.365    28.6708    28.6789   5.784846   5.786694     3.1050     2.6386      69.33   27.92010  -93.57898    0.00016   -0.00159          8  0.000e+00
      24785   1032.667      4.261      4.289    28.6706    28.6786   5.784846   5.786598     3.1050     2.6398      69.33   27.92010  -93.57898    0.00015   -0.00152          8  0.000e+00
      24786   1032.708      4.276      4.305    28.6706    28.6782   5.784878   5.786446     3.1050     2.6386      69.33   27.92010  -93.57898    0.00014   -0.00147          8  0.000e+00
      24787   1032.750      4.374      4.404    28.6706    28.6783   5.784823   5.786478     3.1050     2.6398      69.33   27.92010  -93.57898    0.00014   -0.00141          8  0.000e+00
      24788   1032.792      4.223      4.251    28.6706    28.6784   5.784830   5.786462     3.1050     2.6398      69.33   27.92010  -93.57898    0.00013   -0.00134          8  0.000e+00
      24789   1032.833      4.276      4.305    28.6704    28.6784   5.784846   5.786526     3.1050     2.6398      69.33   27.92010  -93.57898    0.00012   -0.00127          8  0.000e+00
      24790   1032.875      4.435      4.464    28.6702    28.6778   5.784775   5.786510     3.1050     2.6398      69.33   27.92010  -93.57898    0.00012   -0.00118          8  0.000e+00
      24791   1032.917      4.170      4.198    28.6702    28.6779   5.784854   5.786510     3.1062     2.6398      69.33   27.92010  -93.57898    0.00013   -0.00111          8  0.000e+00
      24792   1032.958      4.435      4.464    28.6704    28.6782   5.784854   5.786574     3.1062     2.6398      69.30   27.92010  -93.57898    0.00012   -0.00104          8  0.000e+00
      24793   1033.000      4.223      4.251    28.6702    28.6780   5.784878   5.786558     3.1062     2.6398      69.33   27.92010  -93.57898    0.00010   -0.00097          8  0.000e+00
      24794   1033.042      4.389      4.419    28.6702    28.6782   5.784862   5.786582     3.1062     2.6398      69.33   27.92010  -93.57898    0.00007   -0.00090          8  0.000e+00
      24795   1033.083      4.374      4.404    28.6704    28.6786   5.784807   5.786694     3.1062     2.6398      69.33   27.92010  -93.57898    0.00005   -0.00083          8  0.000e+00
      24796   1033.125      4.389      4.419    28.6700    28.6789   5.784870   5.786781     3.1062     2.6386      69.33   27.92010  -93.57898    0.00002   -0.00077          8  0.000e+00
      24797   1033.167      4.261      4.289    28.6704    28.6788   5.784862   5.786717     3.1062     2.6386      69.33   27.92010  -93.57898   -0.00001   -0.00073          8  0.000e+00
      24798   1033.208      4.389      4.419    28.6702    28.6788   5.784846   5.786757     3.1062     2.6386      69.30   27.92010  -93.57898   -0.00003   -0.00069          8  0.000e+00
      24799   1033.250      4.261      4.289    28.6701    28.6793   5.784846   5.786741     3.1074     2.6374      68.91   27.92010  -93.57898   -0.00005   -0.00067          8  0.000e+00
      24800   1033.292      4.336      4.365    28.6702    28.6792   5.784886   5.786733     3.1074     2.6374      68.69   27.92010  -93.57898   -0.00006   -0.00064          8  0.000e+00
      24801   1033.333      4.276      4.305    28.6700    28.6788   5.784823   5.786662     3.1074     2.6374      68.67   27.92010  -93.57898   -0.00009   -0.00063          8  0.000e+00
      24802   1033.375      4.374      4.403    28.6700    28.6787   5.784831   5.786686     3.1062     2.6361      68.69   27.92010  -93.57898   -0.00014   -0.00064          8  0.000e+00
      24803   1033.417      4.276      4.305    28.6700    28.6786   5.784815   5.786622     3.1074     2.6349      68.69   27.92010  -93.57898   -0.00017   -0.00067          8  0.000e+00
      24804   1033.458      4.374      4.403    28.6700    28.6786   5.784870   5.786598     3.1074     2.6349      68.69   27.92010  -93.57898   -0.00019   -0.00069          8  0.000e+00
      24805   1033.500      4.276      4.305    28.6702    28.6780   5.784823   5.786558     3.1074     2.6361      68.69   27.92010  -93.57898   -0.00021   -0.00069          8  0.000e+00
      24806   1033.542      4.389      4.419    28.6700    28.6775   5.784799   5.786326     3.1074     2.6361      68.69   27.92010  -93.57898   -0.00023   -0.00070          8  0.000e+00
      24807   1033.583      4.374      4.403    28.6702    28.6769   5.784799   5.786222     3.1074     2.6361      68.69   27.92010  -93.57898   -0.00025   -0.00070          8  0.000e+00
      24808   1033.625      4.276      4.305    28.6700    28.6769   5.784831   5.786222     3.1074     2.6361      68.72   27.92010  -93.57898   -0.00027   -0.00072          8  0.000e+00
      24809   1033.667      4.321      4.350    28.6701    28.6771   5.784815   5.786358     3.1074     2.6361      68.72   27.92010  -93.57898   -0.00027   -0.00072          8  0.000e+00
      24810   1033.708      4.389      4.419    28.6700    28.6775   5.784799   5.786406     3.1074     2.6361      68.69   27.92010  -93.57898   -0.00030   -0.00072          8  0.000e+00
      24811   1033.750      4.374      4.403    28.6702    28.6778   5.784831   5.786478     3.1074     2.6361      68.72   27.92010  -93.57898   -0.00030   -0.00072          8  0.000e+00
      24812   1033.792      4.276      4.305    28.6700    28.6782   5.784807   5.786502     3.1074     2.6361      68.69   27.92010  -93.57898   -0.00031   -0.00072          8  0.000e+00
      24813   1033.833      4.336      4.365    28.6702    28.6784   5.784838   5.786502     3.1074     2.6374      68.69   27.92010  -93.57898   -0.00032   -0.00070          8  0.000e+00
      24814   1033.875      4.321      4.350    28.6700    28.6787   5.784807   5.786550     3.1074     2.6374      68.69   27.92010  -93.57898   -0.00032   -0.00067          8  0.000e+00
      24815   1033.917      4.389      4.419    28.6700    28.6786   5.784760   5.786590     3.1074     2.6374      68.69   27.92010  -93.57898   -0.00032   -0.00063          8  0.000e+00
      24816   1033.958      4.321      4.350    28.6702    28.6786   5.784752   5.786558     3.1074     2.6374      68.69   27.92010  -93.57898   -0.00031   -0.00059          8  0.000e+00
      24817   1034.000      4.389      4.419    28.6699    28.6783   5.784783   5.786510     3.1074     2.6374      68.72   27.92010  -93.57898   -0.00030   -0.00055          8  0.000e+00
      24818   1034.042      4.170      4.198    28.6699    28.6784   5.784830   5.786502     3.1074     2.6386      68.69   27.92010  -93.57898   -0.00029   -0.00049          8  0.000e+00
      24819   1034.083      4.487      4.518    28.6699    28.6780   5.784815   5.786438     3.1074     2.6374      68.69   27.92010  -93.57898   -0.00029   -0.00043          8  0.000e+00
      24820   1034.125      4.276      4.305    28.6700    28.6778   5.784760   5.786262     3.1087     2.6374      68.72   27.92010  -93.57898   -0.00026   -0.00037          8  0.000e+00
      24821   1034.167      4.321      4.350    28.6702    28.6767   5.784823   5.786214     3.1087     2.6386      68.72   27.92010  -93.57898   -0.00022   -0.00030          8  0.000e+00
      24822   1034.208      4.170      4.198    28.6708    28.6767   5.784886   5.786174     3.1087     2.6386      68.69   27.92010  -93.57898   -0.00018   -0.00022          8  0.000e+00
      24879   1036.583      3.438      3.461    28.6708    28.6747   5.784885   5.785726     3.1087     2.6374      69.74   27.92010  -93.57898    0.00113   -0.00021          9  0.000e+00
      24880   1036.625      3.981      4.008    28.6708    28.6745   5.784854   5.785671     3.1087     2.6374      69.74   27.92010  -93.57898    0.00109   -0.00024          9  0.000e+00
      24881   1036.667      3.717      3.742    28.6708    28.6733   5.784846   5.785503     3.1087     2.6374      69.74   27.92010  -93.57898    0.00107   -0.00024          9  0.000e+00
      24882   1036.708      3.830      3.856    28.6706    28.6738   5.784846   5.785455     3.1074     2.6374      69.74   27.92010  -93.57898    0.00101   -0.00024          9  0.000e+00
      24883   1036.750      3.928      3.955    28.6708    28.6734   5.784878   5.785431     3.1074     2.6374      69.74   27.92010  -93.57898    0.00097   -0.00025          9  0.000e+00
      24884   1036.792      3.830      3.856    28.6708    28.6732   5.784854   5.785447     3.1074     2.6374      69.74   27.92010  -93.57898    0.00091   -0.00025          9  0.000e+00
      24885   1036.833      3.876      3.902    28.6706    28.6732   5.784917   5.785415     3.1087     2.6374      69.74   27.92010  -93.57898    0.00087   -0.00023          9  0.000e+00
      24886   1036.875      3.777      3.803    28.6708    28.6734   5.784972   5.785439     3.1074     2.6374      69.74   27.92010  -93.57898    0.00081   -0.00023          9  0.000e+00
      24887   1036.917      3.996      4.023    28.6710    28.6733   5.785020   5.785527     3.1087     2.6374      69.74   27.92010  -93.57898    0.00076   -0.00022          9  0.000e+00
      24888   1036.958      3.876      3.902    28.6710    28.6734   5.784964   5.785511     3.1087     2.6386      69.74   27.92010  -93.57898    0.00071   -0.00018          9  0.000e+00
      24889   1037.000      3.891      3.917    28.6710    28.6734   5.784941   5.785479     3.1087     2.6386      69.74   27.92010  -93.57898    0.00067   -0.00015          9  0.000e+00
      24890   1037.042      3.815      3.841    28.6710    28.6732   5.784941   5.785383     3.1087     2.6386      69.74   27.92010  -93.57898    0.00062   -0.00011          9  0.000e+00
      24891   1037.083      3.944      3.970    28.6710    28.6728   5.784980   5.785247     3.1087     2.6386      69.74   27.92010  -93.57898    0.00059   -0.00008          9  0.000e+00
      24892   1037.125      3.996      4.023    28.6710    28.6723   5.784949   5.785175     3.1087     2.6386      69.74   27.92010  -93.57898    0.00056   -0.00004          9  0.000e+00
      24893   1037.167      3.981      4.008    28.6712    28.6721   5.784972   5.785167     3.1087     2.6386      69.74   27.92010  -93.57898    0.00052   -0.00000          9  0.000e+00
      24894   1037.208      3.891      3.917    28.6712    28.6721   5.785027   5.785135     3.1087     2.6386      69.74   27.92010  -93.57898    0.00049    0.00003          9  0.000e+00
      24895   1037.250      4.042      4.069    28.6712    28.6719   5.784996   5.785127     3.1087     2.6386      69.47   27.92010  -93.57898    0.00046    0.00007          9  0.000e+00
      24896   1037.292      3.891      3.917    28.6710    28.6719   5.784949   5.785103     3.1074     2.6386      56.14   27.92010  -93.57898    0.00040    0.00009          9  0.000e+00
      24897   1037.333      4.057      4.084    28.6710    28.6717   5.784909   5.785143     3.1074     2.6386      47.01   27.92010  -93.57898    0.00035    0.00011          9  0.000e+00
      24898   1037.375      4.042      4.069    28.6710    28.6717   5.784925   5.785135     3.1074     2.6386      45.54   27.92010  -93.57898    0.00030    0.00013          9  0.000e+00
      24899   1037.417      4.110      4.137    28.6710    28.6717   5.784901   5.785127     3.1074     2.6386      46.25   27.92010  -93.57898    0.00026    0.00013          9  0.000e+00
      24900   1037.458      4.042      4.069    28.6714    28.6719   5.784964   5.785127     3.1074     2.6386      46.69   27.92010  -93.57898    0.00023    0.00013          9  0.000e+00
      24901   1037.500      3.996      4.023    28.6714    28.6719   5.784956   5.785127     3.1074     2.6386      46.74   27.92010  -93.57898    0.00019    0.00013          9  0.000e+00
      24902   1037.542      4.223      4.251    28.6708    28.6717   5.784901   5.785128     3.1087     2.6386      46.72   27.92010  -93.57898    0.00016    0.00012          9  0.000e+00
      24903   1037.583      4.042      4.069    28.6708    28.6717   5.784854   5.785103     3.1087     2.6386      46.69   27.92010  -93.57898    0.00014    0.00008          9  0.000e+00
      24904   1037.625      4.170      4.198    28.6706    28.6717   5.784846   5.785120     3.1087     2.6386      46.69   27.92010  -93.57898    0.00012    0.00004          9  0.000e+00
      24905   1037.667      4.095      4.122    28.6704    28.6719   5.784807   5.785151     3.1087     2.6386      46.69   27.92010  -93.57898    0.00010    0.00002          9  0.000e+00
      24906   1037.708      4.110      4.137    28.6704    28.6717   5.784830   5.785167     3.1087     2.6374      46.69   27.92010  -93.57898    0.00008   -0.00001          9  0.000e+00
      24907   1037.750      4.208      4.236    28.6706    28.6724   5.784846   5.785271     3.1087     2.6374      46.69   27.92010  -93.57898    0.00006   -0.00005          9  0.000e+00
      24908   1037.792      4.170      4.198    28.6706    28.6727   5.784846   5.785383     3.1087     2.6374      46.69   27.92010  -93.57898    0.00004   -0.00009          9  0.000e+00
      24909   1037.833      4.223      4.251    28.6710    28.6729   5.784988   5.785479     3.1087     2.6374      46.69   27.92010  -93.57898    0.00002   -0.00013          9  0.000e+00
      24910   1037.875      4.208      4.236    28.6717    28.6730   5.785217   5.785479     3.1087     2.6374      46.69   27.92010  -93.57898   -0.00000   -0.00017          9  0.000e+00
      24911   1037.917      4.223      4.251    28.6726    28.6732   5.785414   5.785495     3.1087     2.6374      46.69   27.92010  -93.57898   -0.00003   -0.00021          9  0.000e+00
      24912   1037.958      4.208      4.236    28.6732    28.6731   5.785532   5.785503     3.1074     2.6374      46.69   27.92010  -93.57898   -0.00007   -0.00025          9  0.000e+00
      24913   1038.000      4.276      4.305    28.6732    28.6731   5.785627   5.785503     3.1074     2.6374      46.69   27.92010  -93.57898   -0.00010   -0.00027          9  0.000e+00
      24914   1038.042      4.336      4.365    28.6730    28.6730   5.785540   5.785431     3.1087     2.6361      46.69   27.92010  -93.57898   -0.00013   -0.00031          9  0.000e+00
      24915   1038.083      4.208      4.236    28.6728    28.6729   5.785469   5.785439     3.1074     2.6361      46.69   27.92010  -93.57898   -0.00017   -0.00035          9  0.000e+00
      24916   1038.125      4.336      4.365    28.6724    28.6727   5.785390   5.785399     3.1074     2.6361      46.69   27.92010  -93.57898   -0.00021   -0.00039          9  0.000e+00
      24917   1038.167      4.374      4.403    28.6723    28.6726   5.785367   5.785359     3.1074     2.6374      46.69   27.92010  -93.57898   -0.00025   -0.00041          9  0.000e+00
      24918   1038.208      4.223      4.251    28.6719    28.6727   5.785327   5.785431     3.1074     2.6374      47.50   27.92010  -93.57898   -0.00029   -0.00041          9  0.000e+00
      24919   1038.250      4.336      4.365    28.6719    28.6727   5.785319   5.785415     3.1074     2.6374      61.00   27.92010  -93.57898   -0.00033   -0.00044          9  0.000e+00
      24920   1038.292      4.321      4.350    28.6717    28.6726   5.785280   5.785439     3.1074     2.6374      69.01   27.92010  -93.57898   -0.00035   -0.00046          9  0.000e+00
