GOMECC/GOMECC-4/1db/rb2103_0451.cnv
* Sea-Bird SBE 9 Data File:
* FileName = C:\Users\scs.user.rb\CTD\GOMECC4\data\rb2103_0451.hex
* Software Version Seasave V 7.26.7.107
* Temperature SN = 4799
* Conductivity SN = 3860
* Number of Bytes Per Scan = 41
* Number of Voltage Words = 4
* Number of Scans Averaged by the Deck Unit = 1
* NMEA Latitude = 28 56.09 N
* NMEA Longitude = 090 07.39 W
* NMEA UTC (Time) = Sep 26 2021  12:09:32
* NMEA baud rate = 4800
# nquan = 28
# nvalues = 21                          
# units = specified
# name 0 = scan: Scan Count
# name 1 = timeS: Time, Elapsed [seconds]
# name 2 = depSM: Depth [salt water, m]
# name 3 = prDM: Pressure, Digiquartz [db]
# name 4 = t090C: Temperature [ITS-90, deg C]
# name 5 = t190C: Temperature, 2 [ITS-90, deg C]
# name 6 = c0S/m: Conductivity [S/m]
# name 7 = c1S/m: Conductivity, 2 [S/m]
# name 8 = sbeox0V: Oxygen raw, SBE 43 [V]
# name 9 = sbeox1V: Oxygen raw, SBE 43, 2 [V]
# name 10 = altM: Altimeter [m]
# name 11 = latitude: Latitude [deg]
# name 12 = longitude: Longitude [deg]
# name 13 = sbox0dV/dT: Oxygen, SBE 43 [dov/dt]
# name 14 = sbox1dV/dT: Oxygen, SBE 43, 2 [dov/dt]
# name 15 = sbeox0ML/L: Oxygen, SBE 43 [ml/l], WS = 5
# name 16 = sbeox1ML/L: Oxygen, SBE 43, 2 [ml/l], WS = 5
# name 17 = potemp090C: Potential Temperature [ITS-90, deg C]
# name 18 = potemp190C: Potential Temperature, 2 [ITS-90, deg C]
# name 19 = sal00: Salinity, Practical [PSU]
# name 20 = sal11: Salinity, Practical, 2 [PSU]
# name 21 = sigma-é00: Density [sigma-theta, kg/m^3]
# name 22 = sigma-é11: Density, 2 [sigma-theta, kg/m^3]
# name 23 = avgsvCM: Average Sound Velocity [Chen-Millero, m/s], minP = 20, minS = 20
# name 24 = sbox0Mm/Kg: Oxygen, SBE 43 [umol/kg], WS = 5
# name 25 = sbox1Mm/Kg: Oxygen, SBE 43, 2 [umol/kg], WS = 5
# name 26 = nbin: number of scans per bin
# name 27 = flag: flag
# span 0 =      17969,      29473       
# span 1 =    748.680,   1227.999       
# span 2 =      1.986,     17.878       
# span 3 =      2.000,     18.000       
# span 4 =    26.0056,    28.8242       
# span 5 =    26.0211,    28.8428       
# span 6 =   3.952758,   5.395363       
# span 7 =   3.958069,   5.402944       
# span 8 =     2.6384,     3.3427       
# span 9 =     2.1877,     2.8639       
# span 10 =       7.62,      22.46      
# span 11 =   28.79685,   28.93816      
# span 12 =  -90.13010,  -89.68995      
# span 13 =   -0.11523,    0.00846      
# span 14 =   -0.10435,    0.00901      
# span 15 =     3.5299,     5.1843      
# span 16 =     3.4736,     5.2051      
# span 17 =    26.0048,    28.8187      
# span 18 =    26.0202,    28.8385      
# span 19 =    24.6363,    32.8433      
# span 20 =    24.6697,    32.8750      
# span 21 =    15.2345,    20.5066      
# span 22 =    15.2548,    20.5240      
# span 23 =       0.00,    1540.49      
# span 24 =    154.467,    227.738      
# span 25 =    152.002,    228.652      
# span 26 =         31,         78      
# span 27 = 0.0000e+00, 0.0000e+00      
# interval = decibars: 1                
# start_time = Sep 26 2021 12:09:32 [NMEA time, header]
# bad_flag = -9.990e-29
*END*
      17969    748.680      3.973      4.000    26.0056    26.0211   3.952758   3.958069     3.2590     2.7920      21.28   28.93765  -90.12672   -0.00030   -0.00057     5.1434     5.1650    26.0048    26.0202    24.6363    24.6697    15.2345    15.2548       0.00    226.259    227.201         38 0.0000e+00
      18162    756.726      4.966      5.000    26.4921    26.5104   4.142379   4.147317     3.2783     2.8053      20.33   28.93766  -90.12678    0.00516    0.00375     5.1065     5.1224    26.4910    26.5093    25.6803    25.7046    15.8713    15.8840       0.00    224.495    225.189         60 0.0000e+00
      18239    759.910      5.960      6.000    26.6135    26.6057   4.183582   4.181183     3.2792     2.8042      19.42   28.93766  -90.12680    0.00273   -0.00024     5.0894     5.1071    26.6122    26.6044    25.8971    25.8849    15.9971    15.9904       0.00    223.709    224.494         48 0.0000e+00
      18329    763.652      6.953      7.000    26.7634    26.7732   4.269106   4.270014     3.2781     2.8097      18.40   28.93768  -90.12683   -0.00083    0.00013     5.0614     5.0903    26.7619    26.7717    26.4013    26.4025    16.3295    16.3278       0.00    222.412    223.684         49 0.0000e+00
      18404    766.790      7.946      8.000    26.7270    26.7284   4.308212   4.306138     3.3101     2.8356      17.47   28.93768  -90.12685    0.00846    0.00901     5.1207     5.1437    26.7253    26.7266    26.6910    26.6758    16.5581    16.5463       0.00    224.967    225.980         47 0.0000e+00
      18492    770.451      8.939      9.000    26.7089    26.7091   4.311702   4.311656     3.3302     2.8533      16.47   28.93768  -90.12688    0.00478    0.00462     5.1616     5.1833    26.7070    26.7071    26.7253    26.7247    16.5894    16.5889       0.00    226.754    227.707         57 0.0000e+00
      18565    773.509      9.933     10.000    26.7045    26.7054   4.317863   4.317792     3.3362     2.8613      15.50   28.93768  -90.12690    0.00164    0.00287     5.1726     5.2000    26.7023    26.7032    26.7683    26.7677    16.6232    16.6224       0.00    227.231    228.433         57 0.0000e+00
      18646    776.877     10.926     11.000    26.7194    26.7188   4.321859   4.321531     3.3421     2.8607      14.49   28.93769  -90.12693    0.00177    0.00003     5.1837     5.1977    26.7170    26.7164    26.7909    26.7878    16.6356    16.6335       0.00    227.715    228.332         73 0.0000e+00
      18721    780.019     11.919     12.000    26.7245    26.7249   4.323328   4.323195     3.3400     2.8617      13.48   28.93770  -90.12695   -0.00040   -0.00016     5.1793     5.2000    26.7218    26.7222    26.7959    26.7947    16.6378    16.6368       0.00    227.520    228.432         78 0.0000e+00
      18800    783.283     12.912     13.000    26.7298    26.7302   4.326211   4.325900     3.3427     2.8639      12.54   28.93770  -90.12697    0.00074    0.00117     5.1843     5.2051    26.7270    26.7273    26.8124    26.8100    16.6487    16.6467       0.00    227.738    228.652         75 0.0000e+00
      18876    786.457     13.905     14.000    26.7959    26.7858   4.358393   4.353046     3.3382     2.8591      11.50   28.93770  -90.12699   -0.00096   -0.00126     5.1645     5.1846    26.7928    26.7827    26.9959    26.9649    16.7661    16.7459       0.00    226.842    227.730         73 0.0000e+00
      18954    789.696     14.899     15.000    26.9911    26.9899   4.446994   4.446720     3.2965     2.8198      10.53   28.93771  -90.12701   -0.01089   -0.00984     5.0506     5.0673    26.9877    26.9866    27.4925    27.4912    17.0784    17.0778       0.00    221.771    222.507         71 0.0000e+00
      19031    792.909     15.892     16.000    27.2214    27.2125   4.621445   4.614493     3.2180     2.7347       9.55   28.93772  -90.12703   -0.02144   -0.02409     4.8467     4.8356    27.2197    27.2089    28.5552    28.5128    17.8034    17.7744       0.00    212.670    212.186         73 0.0000e+00
      19107    796.065     16.885     17.000    28.0708    27.9903   5.010814   4.969016     3.0105     2.5331       8.57   28.93772  -90.12706   -0.05808   -0.05652     4.3231     4.2947    28.0728    27.9863    30.6558    30.4613    19.1070    18.9890       0.00    189.456    188.217         72 0.0000e+00
      19189    799.503     17.878     18.000    28.8242    28.8428   5.395363   5.402944     2.6384     2.1877       7.62   28.93772  -90.12708   -0.11523   -0.10435     3.5299     3.4736    28.8187    28.8385    32.8433    32.8750    20.5066    20.5240       0.00    154.467    152.002         46 0.0000e+00
      27220   1134.120      7.946      8.000    26.6165    26.6157   4.284683   4.282889     3.3258     2.8501      16.71   28.83558  -89.81020    0.00062    0.00014     5.1593     5.1817    26.6147    26.6139    26.5478    26.5367    16.4678    16.4597    1535.03    226.666    227.653         66 0.0000e+00
      27393   1141.330      6.953      7.000    26.7182    26.7152   4.289727   4.293360     3.3337     2.8527      17.72   28.93808  -90.12946   -0.00109   -0.00137     5.1704     5.1836    26.7167    26.7137    26.5717    26.5947    16.4712    16.4894    1540.49    227.167    227.745         69 0.0000e+00
      27457   1144.013      5.960      6.000    26.7052    26.7101   4.251523   4.258679     3.3233     2.8442      18.72   28.93808  -90.12948   -0.00280   -0.00304     5.1583     5.1721    26.7039    26.7088    26.3134    26.3826    16.2814    16.3318    1540.49    226.680    227.275         58 0.0000e+00
      27539   1147.433      4.966      5.000    26.6639    26.6593   4.207607   4.201331     3.2939     2.8097      19.73   28.93808  -90.12951   -0.00545   -0.00495     5.1107     5.1089    26.6628    26.6582    26.0418    26.0208    16.0902    16.0759    1540.49    224.627    224.552         31 0.0000e+00
      29291   1220.427      2.980      3.000    26.1012    26.1585   4.003474   4.017825     3.2405     2.7743      21.46   28.79685  -89.68995   -0.00113   -0.00023     5.0808     5.0968    26.1005    26.1579    24.8808    24.9690    15.3671    15.4184    1532.97    223.456    224.152         51 0.0000e+00
      29473   1227.999      1.986      2.000    26.2373    26.2623   4.038865   4.034723     3.2574     2.7797      22.46   28.93816  -90.13010   -0.00138   -0.00379     5.1058     5.1041    26.2369    26.2619    25.0219    25.0653    15.4543    15.4793    1540.49    224.554    224.476         38 0.0000e+00
