GOMECC/GOMECC-4/1db/rb2103_0631.ros
* Sea-Bird SBE 9 Data File:
* FileName = C:\Users\scs.user.rb\CTD\GOMECC4\data\rb2103_0631.hex
* Software Version Seasave V 7.26.7.107
* Temperature SN = 4799
* Conductivity SN = 3860
* Number of Bytes Per Scan = 41
* Number of Voltage Words = 4
* Number of Scans Averaged by the Deck Unit = 1
* NMEA Latitude = 26 03.63 N
* NMEA Longitude = 096 48.43 W
* NMEA UTC (Time) = Sep 30 2021  06:31:03
* NMEA baud rate = 4800
# nquan = 17
# nvalues = 532                                   
# units = specified
# name 0 = scan: Scan Count
# name 1 = timeS: Time, Elapsed [seconds]
# name 2 = depSM: Depth [salt water, m]
# name 3 = prDM: Pressure, Digiquartz [db]
# name 4 = t090C: Temperature [ITS-90, deg C]
# name 5 = t190C: Temperature, 2 [ITS-90, deg C]
# name 6 = c0S/m: Conductivity [S/m]
# name 7 = c1S/m: Conductivity, 2 [S/m]
# name 8 = sbeox0V: Oxygen raw, SBE 43 [V]
# name 9 = sbeox1V: Oxygen raw, SBE 43, 2 [V]
# name 10 = altM: Altimeter [m]
# name 11 = latitude: Latitude [deg]
# name 12 = longitude: Longitude [deg]
# name 13 = sbox0dV/dT: Oxygen, SBE 43 [dov/dt]
# name 14 = sbox1dV/dT: Oxygen, SBE 43, 2 [dov/dt]
# name 15 = nbf: Bottles Fired
# name 16 = flag:  0.000e+00
# interval = seconds: 0.0416667
# start_time = Sep 30 2021 06:31:03 [NMEA time, header]
# bad_flag = -9.990e-29
*END*
      12003    500.083     38.996     39.256    28.7882    28.7693   5.831743   5.830379     2.8205     2.3822       4.91   26.06078  -96.80710   -0.00116   -0.00151          1  0.000e+00
      12004    500.125     38.651     38.908    28.7868    28.7692   5.831671   5.830339     2.8205     2.3822       4.91   26.06078  -96.80710   -0.00117   -0.00145          1  0.000e+00
      12005    500.167     38.848     39.106    28.7856    28.7693   5.831521   5.830403     2.8217     2.3822       4.91   26.06078  -96.80710   -0.00114   -0.00140          1  0.000e+00
      12006    500.208     38.868     39.126    28.7846    28.7691   5.831403   5.830387     2.8217     2.3822       4.91   26.06078  -96.80710   -0.00111   -0.00134          1  0.000e+00
      12007    500.250     38.848     39.106    28.7831    28.7691   5.831363   5.830451     2.8217     2.3834       4.91   26.06078  -96.80710   -0.00107   -0.00125          1  0.000e+00
      12008    500.292     38.895     39.153    28.7829    28.7694   5.831339   5.830403     2.8205     2.3834       4.88   26.06078  -96.80710   -0.00106   -0.00115          1  0.000e+00
      12009    500.333     38.848     39.106    28.7826    28.7693   5.831292   5.830379     2.8217     2.3834       4.81   26.06078  -96.80710   -0.00104   -0.00106          1  0.000e+00
      12010    500.375     38.895     39.153    28.7829    28.7695   5.831316   5.830411     2.8217     2.3834       4.79   26.06078  -96.80710   -0.00102   -0.00097          1  0.000e+00
      12011    500.417     38.922     39.181    28.7822    28.7691   5.831244   5.830387     2.8217     2.3834       4.79   26.06078  -96.80710   -0.00099   -0.00087          1  0.000e+00
      12012    500.458     38.895     39.153    28.7803    28.7690   5.831189   5.830339     2.8217     2.3834       4.79   26.06078  -96.80710   -0.00095   -0.00078          1  0.000e+00
      12013    500.500     38.895     39.153    28.7796    28.7693   5.831142   5.830403     2.8217     2.3834       4.79   26.06078  -96.80710   -0.00093   -0.00068          1  0.000e+00
      12014    500.542     38.895     39.153    28.7789    28.7693   5.831126   5.830355     2.8230     2.3834       4.79   26.06078  -96.80710   -0.00089   -0.00059          1  0.000e+00
      12015    500.583     38.922     39.181    28.7786    28.7695   5.831205   5.830363     2.8230     2.3822       4.79   26.06078  -96.80710   -0.00085   -0.00051          1  0.000e+00
      12016    500.625     38.949     39.208    28.7799    28.7694   5.831189   5.830307     2.8217     2.3822       4.79   26.06078  -96.80710   -0.00082   -0.00043          1  0.000e+00
      12017    500.667     38.895     39.153    28.7798    28.7693   5.831181   5.830355     2.8230     2.3810       4.79   26.06078  -96.80710   -0.00079   -0.00037          1  0.000e+00
      12018    500.708     38.949     39.208    28.7796    28.7695   5.831134   5.830411     2.8230     2.3810       4.79   26.06078  -96.80710   -0.00077   -0.00031          1  0.000e+00
      12019    500.750     38.895     39.153    28.7791    28.7693   5.831055   5.830387     2.8230     2.3797       4.79   26.06078  -96.80710   -0.00074   -0.00026          1  0.000e+00
      12020    500.792     38.922     39.181    28.7786    28.7694   5.831070   5.830307     2.8242     2.3797       4.76   26.06078  -96.80710   -0.00069   -0.00021          1  0.000e+00
      12021    500.833     38.949     39.208    28.7790    28.7697   5.831086   5.830355     2.8242     2.3797       4.79   26.06078  -96.80710   -0.00063   -0.00016          1  0.000e+00
      12022    500.875     38.949     39.208    28.7791    28.7693   5.831110   5.830411     2.8230     2.3785       4.79   26.06078  -96.80710   -0.00060   -0.00013          1  0.000e+00
      12023    500.917     38.949     39.208    28.7792    28.7693   5.831126   5.830427     2.8230     2.3785       4.79   26.06078  -96.80710   -0.00057   -0.00009          1  0.000e+00
      12024    500.958     38.949     39.208    28.7787    28.7690   5.831063   5.830387     2.8242     2.3785       4.79   26.06078  -96.80710   -0.00053   -0.00006          1  0.000e+00
      12025    501.000     38.969     39.228    28.7796    28.7691   5.830881   5.830379     2.8230     2.3773       4.79   26.06078  -96.80710   -0.00050   -0.00005          1  0.000e+00
      12026    501.042     38.949     39.208    28.7784    28.7689   5.830738   5.830379     2.8242     2.3773       4.79   26.06078  -96.80710   -0.00045   -0.00005          1  0.000e+00
      12027    501.083     38.949     39.208    28.7767    28.7691   5.830636   5.830411     2.8230     2.3773       4.79   26.06078  -96.80710   -0.00042   -0.00004          1  0.000e+00
      12028    501.125     38.996     39.255    28.7748    28.7694   5.830572   5.830427     2.8242     2.3773       4.79   26.06078  -96.80710   -0.00037   -0.00003          1  0.000e+00
      12029    501.167     38.969     39.228    28.7740    28.7695   5.830549   5.830387     2.8230     2.3773       4.79   26.06078  -96.80710   -0.00034   -0.00002          1  0.000e+00
      12030    501.208     38.949     39.208    28.7734    28.7693   5.830414   5.830379     2.8230     2.3773       4.79   26.06078  -96.80710   -0.00031   -0.00001          1  0.000e+00
      12031    501.250     38.996     39.255    28.7731    28.7693   5.830335   5.830411     2.8230     2.3785       4.79   26.06078  -96.80710   -0.00028    0.00002          1  0.000e+00
      12032    501.292     38.949     39.208    28.7717    28.7696   5.830327   5.830459     2.8230     2.3785       4.76   26.06078  -96.80710   -0.00025    0.00006          1  0.000e+00
      12033    501.333     38.949     39.208    28.7708    28.7700   5.830311   5.830475     2.8242     2.3785       4.71   26.06078  -96.80710   -0.00020    0.00009          1  0.000e+00
      12034    501.375     38.969     39.228    28.7704    28.7704   5.830240   5.830579     2.8242     2.3785       4.69   26.06078  -96.80710   -0.00014    0.00013          1  0.000e+00
      12035    501.417     38.996     39.255    28.7702    28.7715   5.830224   5.830620     2.8242     2.3785       4.69   26.06078  -96.80710   -0.00009    0.00016          1  0.000e+00
      12036    501.458     38.949     39.208    28.7701    28.7716   5.830114   5.830620     2.8242     2.3785       4.71   26.06078  -96.80710   -0.00004    0.00020          1  0.000e+00
      12037    501.500     38.996     39.255    28.7698    28.7717   5.830216   5.830620     2.8242     2.3797       4.69   26.06078  -96.80710    0.00001    0.00024          1  0.000e+00
      12038    501.542     38.949     39.208    28.7695    28.7714   5.830161   5.830547     2.8230     2.3785       4.71   26.06078  -96.80710    0.00004    0.00027          1  0.000e+00
      12039    501.583     38.969     39.228    28.7694    28.7704   5.830161   5.830523     2.8242     2.3797       4.71   26.06078  -96.80710    0.00009    0.00031          1  0.000e+00
      12040    501.625     38.996     39.255    28.7695    28.7700   5.830177   5.830483     2.8242     2.3797       4.69   26.06078  -96.80710    0.00014    0.00035          1  0.000e+00
      12041    501.667     38.949     39.208    28.7694    28.7697   5.830201   5.830475     2.8254     2.3797       4.71   26.06078  -96.80710    0.00019    0.00037          1  0.000e+00
      12042    501.708     38.996     39.255    28.7698    28.7697   5.830216   5.830475     2.8254     2.3797       4.69   26.06078  -96.80710    0.00025    0.00040          1  0.000e+00
      12043    501.750     38.949     39.208    28.7698    28.7697   5.830224   5.830435     2.8254     2.3810       4.71   26.06078  -96.80710    0.00032    0.00044          1  0.000e+00
      12044    501.792     38.969     39.228    28.7696    28.7700   5.830224   5.830459     2.8254     2.3797       4.71   26.06078  -96.80710    0.00037    0.00047          1  0.000e+00
      12045    501.833     38.949     39.208    28.7696    28.7703   5.830248   5.830507     2.8254     2.3797       4.69   26.06078  -96.80710    0.00043    0.00050          1  0.000e+00
      12046    501.875     38.949     39.208    28.7698    28.7703   5.830311   5.830379     2.8254     2.3810       4.69   26.06078  -96.80710    0.00050    0.00054          1  0.000e+00
      12047    501.917     38.996     39.255    28.7701    28.7704   5.830209   5.830403     2.8242     2.3810       4.69   26.06078  -96.80710    0.00054    0.00057          1  0.000e+00
      12048    501.958     38.922     39.180    28.7704    28.7705   5.830248   5.830499     2.8254     2.3810       4.69   26.06078  -96.80710    0.00059    0.00059          1  0.000e+00
      12049    502.000     38.996     39.255    28.7702    28.7704   5.830264   5.830483     2.8254     2.3810       4.71   26.06078  -96.80710    0.00065    0.00062          1  0.000e+00
      12050    502.042     38.895     39.153    28.7703    28.7710   5.830311   5.830475     2.8254     2.3810       4.71   26.06078  -96.80710    0.00070    0.00064          1  0.000e+00
      12051    502.083     38.949     39.208    28.7704    28.7715   5.830288   5.830547     2.8254     2.3810       4.71   26.06078  -96.80710    0.00076    0.00067          1  0.000e+00
      12052    502.125     38.949     39.208    28.7705    28.7713   5.830311   5.830531     2.8254     2.3810       4.71   26.06078  -96.80710    0.00082    0.00069          1  0.000e+00
      12053    502.167     38.922     39.180    28.7708    28.7717   5.830351   5.830595     2.8254     2.3810       4.69   26.06078  -96.80710    0.00086    0.00070          1  0.000e+00
      12054    502.208     38.949     39.208    28.7707    28.7719   5.830335   5.830652     2.8254     2.3810       4.71   26.06078  -96.80710    0.00091    0.00070          1  0.000e+00
      12055    502.250     38.895     39.153    28.7705    28.7717   5.830327   5.830628     2.8254     2.3810       4.71   26.06078  -96.80710    0.00095    0.00071          1  0.000e+00
      12056    502.292     38.949     39.208    28.7705    28.7720   5.830398   5.830620     2.8242     2.3810       4.71   26.06078  -96.80710    0.00097    0.00071          1  0.000e+00
      12057    502.333     38.949     39.208    28.7709    28.7721   5.830375   5.830620     2.8254     2.3822       4.69   26.06078  -96.80710    0.00101    0.00073          1  0.000e+00
      12058    502.375     38.922     39.180    28.7713    28.7726   5.830406   5.830652     2.8242     2.3822       4.69   26.06078  -96.80710    0.00104    0.00075          1  0.000e+00
      12059    502.417     38.895     39.153    28.7714    28.7725   5.830422   5.830523     2.8242     2.3822       4.69   26.06078  -96.80710    0.00104    0.00075          1  0.000e+00
      12060    502.458     38.895     39.153    28.7713    28.7726   5.830422   5.830579     2.8242     2.3822       4.69   26.06078  -96.80710    0.00106    0.00075          1  0.000e+00
      12061    502.500     38.895     39.153    28.7711    28.7726   5.830446   5.830579     2.8242     2.3822       4.69   26.06078  -96.80710    0.00107    0.00075          1  0.000e+00
      12062    502.542     38.922     39.180    28.7712    28.7726   5.830430   5.830676     2.8242     2.3822       4.69   26.06078  -96.80710    0.00107    0.00075          1  0.000e+00
      12063    502.583     38.847     39.105    28.7713    28.7728   5.830454   5.830644     2.8242     2.3834       4.69   26.06078  -96.80710    0.00107    0.00078          1  0.000e+00
      12064    502.625     38.949     39.208    28.7717    28.7729   5.830430   5.830652     2.8230     2.3834       4.69   26.06078  -96.80710    0.00106    0.00079          1  0.000e+00
      12065    502.667     38.847     39.105    28.7723    28.7732   5.830446   5.830668     2.8242     2.3834       4.71   26.06078  -96.80710    0.00106    0.00080          1  0.000e+00
      12066    502.708     38.895     39.153    28.7724    28.7730   5.830430   5.830700     2.8230     2.3834       4.71   26.06078  -96.80710    0.00104    0.00081          1  0.000e+00
      12067    502.750     38.868     39.126    28.7722    28.7730   5.830454   5.830676     2.8230     2.3822       4.69   26.06078  -96.80710    0.00102    0.00080          1  0.000e+00
      12068    502.792     38.895     39.153    28.7723    28.7728   5.830501   5.830740     2.8242     2.3822       4.69   26.06078  -96.80710    0.00102    0.00078          1  0.000e+00
      12069    502.833     38.847     39.105    28.7724    28.7733   5.830541   5.830724     2.8242     2.3834       4.69   26.06078  -96.80710    0.00102    0.00079          1  0.000e+00
      12070    502.875     38.847     39.105    28.7736    28.7732   5.830596   5.830716     2.8230     2.3822       4.69   26.06078  -96.80710    0.00101    0.00077          1  0.000e+00
      12071    502.917     38.895     39.153    28.7748    28.7734   5.830572   5.830676     2.8230     2.3834       4.69   26.06078  -96.80710    0.00097    0.00075          1  0.000e+00
      12072    502.958     38.868     39.126    28.7750    28.7734   5.830588   5.830668     2.8230     2.3834       4.69   26.06078  -96.80710    0.00095    0.00075          1  0.000e+00
      12073    503.000     38.847     39.105    28.7763    28.7737   5.830675   5.830700     2.8230     2.3822       4.69   26.06078  -96.80710    0.00091    0.00071          1  0.000e+00
      12074    503.042     38.847     39.105    28.7768    28.7737   5.830738   5.830716     2.8242     2.3822       4.69   26.06078  -96.80710    0.00089    0.00067          1  0.000e+00
      12075    503.083     38.847     39.105    28.7777    28.7739   5.830825   5.830820     2.8242     2.3822       4.69   26.06078  -96.80710    0.00087    0.00063          1  0.000e+00
      12076    503.125     38.868     39.126    28.7787    28.7739   5.830904   5.830788     2.8230     2.3822       4.69   26.06078  -96.80710    0.00084    0.00059          1  0.000e+00
      12077    503.167     38.847     39.105    28.7781    28.7744   5.830976   5.830796     2.8242     2.3822       4.71   26.06078  -96.80710    0.00082    0.00056          1  0.000e+00
      12078    503.208     38.847     39.105    28.7778    28.7745   5.831023   5.830812     2.8242     2.3822       4.69   26.06078  -96.80710    0.00080    0.00051          1  0.000e+00
      12079    503.250     38.847     39.105    28.7792    28.7745   5.831110   5.830772     2.8230     2.3822       4.69   26.06078  -96.80710    0.00075    0.00048          1  0.000e+00
      12080    503.292     38.847     39.105    28.7799    28.7745   5.831157   5.830764     2.8242     2.3822       4.71   26.06078  -96.80710    0.00073    0.00045          1  0.000e+00
      12081    503.333     38.820     39.078    28.7807    28.7744   5.831221   5.830796     2.8242     2.3822       7.40   26.06078  -96.80710    0.00072    0.00041          1  0.000e+00
      12082    503.375     38.847     39.105    28.7818    28.7741   5.831268   5.830812     2.8242     2.3810      27.28   26.06078  -96.80710    0.00071    0.00036          1  0.000e+00
      12083    503.417     38.847     39.105    28.7823    28.7743   5.831284   5.830740     2.8242     2.3810      36.63   26.06078  -96.80710    0.00069    0.00032          1  0.000e+00
      12084    503.458     38.847     39.105    28.7824    28.7741   5.831268   5.830716     2.8230     2.3810      37.26   26.06078  -96.80710    0.00066    0.00029          1  0.000e+00
      12085    503.500     38.800     39.058    28.7827    28.7743   5.831347   5.830788     2.8242     2.3810      36.36   26.06078  -96.80710    0.00065    0.00025          1  0.000e+00
      12086    503.542     38.868     39.126    28.7837    28.7744   5.831379   5.830812     2.8242     2.3810      36.00   26.06078  -96.80710    0.00066    0.00023          1  0.000e+00
      12087    503.583     38.800     39.058    28.7821    28.7745   5.831331   5.830844     2.8242     2.3810      36.00   26.06078  -96.80710    0.00066    0.00021          1  0.000e+00
