GOMECC/GOMECC-4/1db/rb2103_0881.ros
* Sea-Bird SBE 9 Data File:
* FileName = C:\Users\scs.user.rb\CTD\GOMECC4\data\rb2103_0881.hex
* Software Version Seasave V 7.26.7.107
* Temperature SN = 4799
* Conductivity SN = 3860
* Number of Bytes Per Scan = 41
* Number of Voltage Words = 4
* Number of Scans Averaged by the Deck Unit = 1
* NMEA Latitude = 19 10.20 N
* NMEA Longitude = 093 17.93 W
* NMEA UTC (Time) = Oct 08 2021  18:58:02
* NMEA baud rate = 4800
# nquan = 17
# nvalues = 2128                                  
# units = specified
# name 0 = scan: Scan Count
# name 1 = timeS: Time, Elapsed [seconds]
# name 2 = depSM: Depth [salt water, m]
# name 3 = prDM: Pressure, Digiquartz [db]
# name 4 = t090C: Temperature [ITS-90, deg C]
# name 5 = t190C: Temperature, 2 [ITS-90, deg C]
# name 6 = c0S/m: Conductivity [S/m]
# name 7 = c1S/m: Conductivity, 2 [S/m]
# name 8 = sbeox0V: Oxygen raw, SBE 43 [V]
# name 9 = sbeox1V: Oxygen raw, SBE 43, 2 [V]
# name 10 = altM: Altimeter [m]
# name 11 = latitude: Latitude [deg]
# name 12 = longitude: Longitude [deg]
# name 13 = sbox0dV/dT: Oxygen, SBE 43 [dov/dt]
# name 14 = sbox1dV/dT: Oxygen, SBE 43, 2 [dov/dt]
# name 15 = nbf: Bottles Fired
# name 16 = flag:  0.000e+00
# interval = seconds: 0.0416667
# start_time = Oct 08 2021 18:58:02 [NMEA time, header]
# bad_flag = -9.990e-29
*END*
[from data line 766]
      65193   2716.333    248.708    250.376    13.6781    13.6852   4.254810   4.255547     1.6703     1.3626     100.00   19.16936  -93.29770   -0.00001    0.00018          6  0.000e+00
      65194   2716.375    248.708    250.376    13.6769    13.6848   4.254776   4.255568     1.6703     1.3626     100.00   19.16936  -93.29770   -0.00001    0.00018          6  0.000e+00
      65195   2716.417    248.688    250.356    13.6762    13.6853   4.254790   4.255582     1.6703     1.3626     100.00   19.16936  -93.29770   -0.00001    0.00020          6  0.000e+00
      65196   2716.458    248.661    250.329    13.6771    13.6853   4.254748   4.255582     1.6703     1.3626     100.00   19.16936  -93.29770   -0.00000    0.00022          6  0.000e+00
      65197   2716.500    248.709    250.377    13.6774    13.6853   4.254734   4.255547     1.6703     1.3626     100.00   19.16936  -93.29770   -0.00000    0.00023          6  0.000e+00
      65198   2716.542    248.709    250.377    13.6776    13.6853   4.254700   4.255568     1.6703     1.3626     100.00   19.16936  -93.29770   -0.00000    0.00023          6  0.000e+00
      65199   2716.583    248.688    250.356    13.6769    13.6852   4.254720   4.255582     1.6703     1.3626     100.00   19.16936  -93.29770 -3.517e-07    0.00025          6  0.000e+00
      65200   2716.625    248.709    250.377    13.6764    13.6852   4.254672   4.255582     1.6703     1.3626     100.00   19.16936  -93.29770    0.00000    0.00025          6  0.000e+00
      65201   2716.667    248.661    250.329    13.6767    13.6853   4.254713   4.255582     1.6703     1.3626     100.00   19.16936  -93.29770    0.00000    0.00027          6  0.000e+00
      65202   2716.708    248.709    250.377    13.6783    13.6850   4.254699   4.255547     1.6703     1.3626     100.00   19.16936  -93.29770    0.00000    0.00028          6  0.000e+00
      65203   2716.750    248.689    250.356    13.6784    13.6852   4.254720   4.255540     1.6703     1.3626     100.00   19.16936  -93.29770    0.00001    0.00030          6  0.000e+00
      65204   2716.792    248.661    250.329    13.6776    13.6850   4.254734   4.255540     1.6703     1.3626     100.00   19.16936  -93.29770    0.00001    0.00032          6  0.000e+00
      65205   2716.833    248.709    250.377    13.6769    13.6848   4.254727   4.255540     1.6703     1.3626     100.00   19.16936  -93.29770    0.00001    0.00031          6  0.000e+00
      65206   2716.875    248.662    250.329    13.6767    13.6846   4.254727   4.255568     1.6703     1.3626     100.00   19.16936  -93.29770    0.00001    0.00033          6  0.000e+00
      65207   2716.917    248.709    250.377    13.6768    13.6846   4.254755   4.255547     1.6703     1.3626     100.00   19.16936  -93.29770    0.00001    0.00033          6  0.000e+00
      65208   2716.958    248.689    250.357    13.6767    13.6845   4.254706   4.255540     1.6703     1.3626     100.00   19.16936  -93.29770    0.00001    0.00034          6  0.000e+00
      65209   2717.000    248.662    250.329    13.6770    13.6846   4.254720   4.255568     1.6703     1.3626     100.00   19.16936  -93.29770    0.00001    0.00036          6  0.000e+00
      65210   2717.042    248.709    250.377    13.6779    13.6846   4.254734   4.255547     1.6703     1.3626     100.00   19.16936  -93.29770    0.00002    0.00036          6  0.000e+00
      65211   2717.083    248.662    250.329    13.6779    13.6846   4.254699   4.255568     1.6703     1.3626     100.00   19.16936  -93.29770    0.00002    0.00036          6  0.000e+00
      65212   2717.125    248.689    250.357    13.6772    13.6850   4.254720   4.255547     1.6703     1.3626     100.00   19.16936  -93.29770    0.00002    0.00035          6  0.000e+00
      65213   2717.167    248.662    250.330    13.6771    13.6845   4.254699   4.255540     1.6703     1.3626     100.00   19.16936  -93.29770    0.00002    0.00037          6  0.000e+00
      65214   2717.208    248.710    250.378    13.6776    13.6846   4.254720   4.255512     1.6703     1.3626     100.00   19.16936  -93.29770    0.00002    0.00037          6  0.000e+00
      65215   2717.250    248.710    250.378    13.6778    13.6846   4.254727   4.255505     1.6703     1.3626     100.00   19.16936  -93.29770    0.00000    0.00036          6  0.000e+00
      65216   2717.292    248.689    250.357    13.6776    13.6846   4.254699   4.255526     1.6703     1.3639     100.00   19.16936  -93.29770    0.00001    0.00038          6  0.000e+00
      65217   2717.333    248.662    250.330    13.6772    13.6848   4.254748   4.255484     1.6703     1.3626     100.00   19.16936  -93.29770    0.00001    0.00037          6  0.000e+00
      65218   2717.375    248.662    250.330    13.6776    13.6845   4.254706   4.255470     1.6703     1.3639     100.00   19.16936  -93.29770    0.00001    0.00038          6  0.000e+00
      65219   2717.417    248.710    250.378    13.6776    13.6842   4.254720   4.255491     1.6703     1.3639     100.00   19.16936  -93.29770    0.00001    0.00040          6  0.000e+00
      65220   2717.458    248.635    250.303    13.6774    13.6838   4.254734   4.255526     1.6703     1.3639     100.00   19.16936  -93.29770    0.00001    0.00041          6  0.000e+00
      65221   2717.500    248.764    250.433    13.6774    13.6842   4.254727   4.255512     1.6703     1.3639     100.00   19.16936  -93.29770    0.00001    0.00042          6  0.000e+00
      65222   2717.542    248.663    250.330    13.6779    13.6845   4.254755   4.255505     1.6703     1.3639     100.00   19.16936  -93.29770    0.00001    0.00043          6  0.000e+00
      65223   2717.583    248.663    250.330    13.6770    13.6848   4.254741   4.255526     1.6703     1.3626     100.00   19.16936  -93.29770    0.00001    0.00042          6  0.000e+00
      65224   2717.625    248.710    250.378    13.6768    13.6848   4.254783   4.255540     1.6716     1.3639     100.00   19.16936  -93.29770    0.00003    0.00043          6  0.000e+00
      68388   2849.458    198.684    199.992    15.4322    15.4387   4.457281   4.458106     1.7289     1.4139     100.00   19.16934  -93.29766    0.00001   -0.00005          7  0.000e+00
      68389   2849.500    198.583    199.890    15.4336    15.4388   4.457317   4.458149     1.7277     1.4139     100.00   19.16934  -93.29766   -0.00001   -0.00005          7  0.000e+00
      68390   2849.542    198.718    200.027    15.4343    15.4393   4.457486   4.458134     1.7289     1.4139     100.00   19.16934  -93.29766 4.6353e-12   -0.00005          7  0.000e+00
      68391   2849.583    198.732    200.040    15.4356    15.4397   4.457500   4.458163     1.7277     1.4139     100.00   19.16934  -93.29766   -0.00001   -0.00005          7  0.000e+00
      68392   2849.625    198.617    199.924    15.4366    15.4392   4.457571   4.458199     1.7277     1.4139     100.00   19.16934  -93.29766   -0.00002   -0.00005          7  0.000e+00
      68393   2849.667    198.732    200.041    15.4376    15.4395   4.457670   4.458206     1.7277     1.4139     100.00   19.16934  -93.29766   -0.00003   -0.00006          7  0.000e+00
      68394   2849.708    198.719    200.027    15.4373    15.4404   4.457621   4.458292     1.7277     1.4139     100.00   19.16934  -93.29766   -0.00004   -0.00006          7  0.000e+00
      68395   2849.750    198.685    199.993    15.4360    15.4412   4.457614   4.458342     1.7277     1.4139     100.00   19.16934  -93.29766   -0.00005   -0.00006          7  0.000e+00
      68396   2849.792    198.732    200.041    15.4353    15.4414   4.457635   4.458335     1.7277     1.4139     100.00   19.16934  -93.29766   -0.00008   -0.00006          7  0.000e+00
      68397   2849.833    198.671    199.979    15.4356    15.4417   4.457663   4.458378     1.7277     1.4139     100.00   19.16934  -93.29766   -0.00009   -0.00006          7  0.000e+00
      68398   2849.875    198.780    200.089    15.4373    15.4415   4.457720   4.458399     1.7277     1.4139     100.00   19.16934  -93.29766   -0.00012   -0.00004          7  0.000e+00
      68399   2849.917    198.671    199.979    15.4380    15.4421   4.457776   4.458399     1.7277     1.4139     100.00   19.16934  -93.29766   -0.00012   -0.00005          7  0.000e+00
      68400   2849.958    198.733    200.041    15.4399    15.4421   4.457861   4.458363     1.7277     1.4139     100.00   19.16934  -93.29766   -0.00013   -0.00005          7  0.000e+00
      68401   2850.000    198.719    200.027    15.4399    15.4424   4.457847   4.458414     1.7277     1.4151     100.00   19.16934  -93.29766   -0.00016   -0.00003          7  0.000e+00
      68402   2850.042    198.733    200.041    15.4387    15.4429   4.457833   4.458557     1.7277     1.4151     100.00   19.16934  -93.29766   -0.00017    0.00000          7  0.000e+00
      68403   2850.083    198.719    200.027    15.4385    15.4431   4.457811   4.458614     1.7277     1.4151     100.00   19.16934  -93.29766   -0.00019    0.00002          7  0.000e+00
      68404   2850.125    198.733    200.041    15.4383    15.4429   4.457790   4.458514     1.7277     1.4151     100.00   19.16934  -93.29766   -0.00022    0.00003          7  0.000e+00
      68405   2850.167    198.733    200.041    15.4380    15.4429   4.457861   4.458500     1.7277     1.4151     100.00   19.16934  -93.29766   -0.00023    0.00007          7  0.000e+00
      68406   2850.208    198.719    200.028    15.4380    15.4426   4.457847   4.458478     1.7277     1.4139     100.00   19.16934  -93.29766   -0.00023    0.00007          7  0.000e+00
      68407   2850.250    198.733    200.041    15.4380    15.4426   4.457840   4.458421     1.7277     1.4151     100.00   19.16934  -93.29766   -0.00026    0.00008          7  0.000e+00
      68408   2850.292    198.767    200.076    15.4380    15.4424   4.457889   4.458428     1.7277     1.4151     100.00   19.16934  -93.29766   -0.00027    0.00010          7  0.000e+00
      68409   2850.333    198.733    200.042    15.4395    15.4422   4.457910   4.458371     1.7277     1.4151     100.00   19.16934  -93.29766   -0.00029    0.00011          7  0.000e+00
      68410   2850.375    198.767    200.076    15.4402    15.4417   4.457917   4.458278     1.7277     1.4151     100.00   19.16934  -93.29766   -0.00032    0.00012          7  0.000e+00
      68411   2850.417    198.733    200.042    15.4395    15.4407   4.457818   4.458192     1.7289     1.4151     100.00   19.16934  -93.29766   -0.00030    0.00016          7  0.000e+00
      68412   2850.458    198.781    200.090    15.4383    15.4402   4.457804   4.458170     1.7277     1.4151     100.00   19.16934  -93.29766   -0.00031    0.00017          7  0.000e+00
      68413   2850.500    198.767    200.076    15.4371    15.4392   4.457705   4.458149     1.7289     1.4151     100.00   19.16934  -93.29766   -0.00030    0.00018          7  0.000e+00
      68414   2850.542    198.733    200.042    15.4378    15.4393   4.457734   4.458099     1.7277     1.4139     100.00   19.16934  -93.29766   -0.00031    0.00018          7  0.000e+00
      68415   2850.583    198.767    200.076    15.4368    15.4392   4.457734   4.457955     1.7277     1.4151     100.00   19.16934  -93.29766   -0.00031    0.00019          7  0.000e+00
      68416   2850.625    198.781    200.090    15.4364    15.4373   4.457748   4.457783     1.7277     1.4139     100.00   19.16934  -93.29766   -0.00032    0.00019          7  0.000e+00
      68417   2850.667    198.822    200.131    15.4370    15.4372   4.457769   4.457855     1.7277     1.4151     100.00   19.16934  -93.29766   -0.00032    0.00020          7  0.000e+00
      68418   2850.708    198.781    200.090    15.4371    15.4378   4.457755   4.457905     1.7277     1.4139     100.00   19.16934  -93.29766   -0.00033    0.00020          7  0.000e+00
      68419   2850.750    198.835    200.145    15.4358    15.4380   4.457670   4.457898     1.7277     1.4151     100.00   19.16934  -93.29766   -0.00033    0.00021          7  0.000e+00
      68420   2850.792    198.768    200.076    15.4349    15.4388   4.457649   4.457984     1.7289     1.4151     100.00   19.16934  -93.29766   -0.00032    0.00022          7  0.000e+00
      68421   2850.833    198.836    200.145    15.4358    15.4392   4.457614   4.457962     1.7289     1.4151     100.00   19.16934  -93.29766   -0.00031    0.00023          7  0.000e+00
      68422   2850.875    198.822    200.131    15.4332    15.4371   4.457501   4.457683     1.7277     1.4139     100.00   19.16934  -93.29766   -0.00031    0.00023          7  0.000e+00
      68423   2850.917    198.836    200.145    15.4308    15.4340   4.457366   4.457339     1.7277     1.4139     100.00   19.16934  -93.29766   -0.00032    0.00022          7  0.000e+00
      68424   2850.958    198.822    200.131    15.4334    15.4321   4.457402   4.457168     1.7277     1.4151     100.00   19.16934  -93.29766   -0.00034    0.00023          7  0.000e+00
      68425   2851.000    198.836    200.145    15.4361    15.4308   4.457529   4.457053     1.7277     1.4151     100.00   19.16934  -93.29766   -0.00034    0.00024          7  0.000e+00
      68426   2851.042    198.836    200.145    15.4358    15.4303   4.457585   4.456917     1.7277     1.4151     100.00   19.16934  -93.29766   -0.00035    0.00025          7  0.000e+00
      68427   2851.083    198.870    200.179    15.4356    15.4296   4.457670   4.456874     1.7277     1.4151     100.00   19.16934  -93.29766   -0.00035    0.00026          7  0.000e+00
      68428   2851.125    198.836    200.145    15.4390    15.4296   4.457762   4.456874     1.7277     1.4139     100.00   19.16934  -93.29766   -0.00035    0.00026          7  0.000e+00
      68429   2851.167    198.870    200.179    15.4400    15.4298   4.457861   4.456924     1.7277     1.4139     100.00   19.16934  -93.29766   -0.00035    0.00025          7  0.000e+00
      68430   2851.208    198.836    200.145    15.4400    15.4302   4.457903   4.457003     1.7289     1.4151     100.00   19.16934  -93.29766   -0.00034    0.00026          7  0.000e+00
      68431   2851.250    198.924    200.234    15.4378    15.4294   4.457762   4.456939     1.7277     1.4151     100.00   19.16934  -93.29766   -0.00034    0.00027          7  0.000e+00
      68432   2851.292    198.836    200.145    15.4371    15.4288   4.457783   4.456824     1.7277     1.4151     100.00   19.16934  -93.29766   -0.00034    0.00028          7  0.000e+00
      68433   2851.333    198.884    200.193    15.4400    15.4279   4.457910   4.456709     1.7289     1.4151     100.00   19.16934  -93.29766   -0.00032    0.00029          7  0.000e+00
      68434   2851.375    198.925    200.234    15.4402    15.4242   4.457925   4.456280     1.7277     1.4151     100.00   19.16934  -93.29766   -0.00033    0.00030          7  0.000e+00
      68435   2851.417    198.884    200.193    15.4373    15.4167   4.457769   4.455628     1.7277     1.4151     100.00   19.16934  -93.29766   -0.00034    0.00030          7  0.000e+00
      68436   2851.458    198.870    200.180    15.4363    15.4127   4.457720   4.455091     1.7277     1.4151     100.00   19.16934  -93.29766   -0.00035    0.00031          7  0.000e+00
      68437   2851.500    198.932    200.241    15.4400    15.4105   4.457847   4.454855     1.7277     1.4139     100.00   19.16934  -93.29766   -0.00035    0.00030          7  0.000e+00
      68438   2851.542    198.870    200.180    15.4403    15.4088   4.457960   4.454698     1.7289     1.4151     100.00   19.16934  -93.29766   -0.00033    0.00031          7  0.000e+00
      68439   2851.583    198.932    200.241    15.4402    15.4079   4.458115   4.454547     1.7277     1.4139     100.00   19.16934  -93.29766   -0.00033    0.00030          7  0.000e+00
      68440   2851.625    198.823    200.132    15.4402    15.4069   4.458080   4.454447     1.7277     1.4151     100.00   19.16934  -93.29766   -0.00033    0.00031          7  0.000e+00
