GOMECC/GOMECC-4/1db/rb2103_0541.ros
* Sea-Bird SBE 9 Data File:
* FileName = C:\Users\scs.user.rb\CTD\GOMECC4\data\rb2103_0541.hex
* Software Version Seasave V 7.26.7.107
* Temperature SN = 4799
* Conductivity SN = 3860
* Number of Bytes Per Scan = 41
* Number of Voltage Words = 4
* Number of Scans Averaged by the Deck Unit = 1
* NMEA Latitude = 27 29.98 N
* NMEA Longitude = 095 00.24 W
* NMEA UTC (Time) = Sep 28 2021  12:26:08
* NMEA baud rate = 4800
# nquan = 17
# nvalues = 2793                                  
# units = specified
# name 0 = scan: Scan Count
# name 1 = timeS: Time, Elapsed [seconds]
# name 2 = depSM: Depth [salt water, m]
# name 3 = prDM: Pressure, Digiquartz [db]
# name 4 = t090C: Temperature [ITS-90, deg C]
# name 5 = t190C: Temperature, 2 [ITS-90, deg C]
# name 6 = c0S/m: Conductivity [S/m]
# name 7 = c1S/m: Conductivity, 2 [S/m]
# name 8 = sbeox0V: Oxygen raw, SBE 43 [V]
# name 9 = sbeox1V: Oxygen raw, SBE 43, 2 [V]
# name 10 = altM: Altimeter [m]
# name 11 = latitude: Latitude [deg]
# name 12 = longitude: Longitude [deg]
# name 13 = sbox0dV/dT: Oxygen, SBE 43 [dov/dt]
# name 14 = sbox1dV/dT: Oxygen, SBE 43, 2 [dov/dt]
# name 15 = nbf: Bottles Fired
# name 16 = flag:  0.000e+00
# interval = seconds: 0.0416667
# start_time = Sep 28 2021 12:26:08 [NMEA time, header]
# bad_flag = -9.990e-29
*END*
[from data line 256]
      43330   1805.375    870.535    878.185     5.9081     5.9078   3.459611   3.459465     1.7314     1.4286      10.40   27.49940  -94.99744    0.00005   -0.00009          2  0.000e+00
      43331   1805.417    870.581    878.231     5.9081     5.9082   3.459611   3.459478     1.7314     1.4286      10.40   27.49940  -94.99744    0.00006   -0.00007          2  0.000e+00
      43332   1805.458    870.581    878.231     5.9083     5.9081   3.459611   3.459485     1.7314     1.4261      10.40   27.49940  -94.99744    0.00007   -0.00008          2  0.000e+00
      43333   1805.500    870.581    878.231     5.9083     5.9081   3.459611   3.459478     1.7314     1.4274      10.40   27.49940  -94.99744    0.00005   -0.00009          2  0.000e+00
      43334   1805.542    870.581    878.231     5.9078     5.9081   3.459567   3.459498     1.7314     1.4274      10.40   27.49940  -94.99744    0.00006   -0.00011          2  0.000e+00
      43335   1805.583    870.527    878.177     5.9072     5.9081   3.459503   3.459485     1.7314     1.4286      10.40   27.49940  -94.99744    0.00007   -0.00009          2  0.000e+00
      43336   1805.625    870.642    878.293     5.9070     5.9083   3.459535   3.459485     1.7314     1.4274      10.40   27.49940  -94.99744    0.00007   -0.00008          2  0.000e+00
      43337   1805.667    870.642    878.293     5.9076     5.9083   3.459599   3.459478     1.7314     1.4286      10.35   27.49940  -94.99744    0.00008   -0.00006          2  0.000e+00
      43338   1805.708    870.581    878.231     5.9079     5.9081   3.459611   3.459452     1.7314     1.4286      10.31   27.49940  -94.99744    0.00009   -0.00006          2  0.000e+00
      43339   1805.750    870.528    878.177     5.9083     5.9081   3.459656   3.459465     1.7314     1.4274      10.31   27.49940  -94.99744    0.00008   -0.00007          2  0.000e+00
      47097   1962.333    793.993    800.822     6.1884     6.1887   3.481472   3.481365     1.7070     1.4066      88.45   27.49930  -94.99698    0.00016    0.00006          3  0.000e+00
      47098   1962.375    793.825    800.652     6.1883     6.1888   3.481440   3.481378     1.7070     1.4066      88.45   27.49930  -94.99698    0.00016    0.00007          3  0.000e+00
      47099   1962.417    793.809    800.637     6.1886     6.1890   3.481485   3.481378     1.7070     1.4066      88.42   27.49930  -94.99698    0.00017    0.00007          3  0.000e+00
      47100   1962.458    793.878    800.706     6.1886     6.1888   3.481453   3.481359     1.7070     1.4066      88.42   27.49930  -94.99698    0.00015    0.00008          3  0.000e+00
      47101   1962.500    793.825    800.652     6.1886     6.1888   3.481510   3.481378     1.7070     1.4054      88.42   27.49930  -94.99698    0.00013    0.00007          3  0.000e+00
      47102   1962.542    793.863    800.691     6.1886     6.1891   3.481485   3.481378     1.7082     1.4066      88.45   27.49930  -94.99698    0.00014    0.00008          3  0.000e+00
      47103   1962.583    793.878    800.706     6.1888     6.1888   3.481491   3.481385     1.7082     1.4054      88.42   27.49930  -94.99698    0.00014    0.00005          3  0.000e+00
      47104   1962.625    793.878    800.706     6.1886     6.1891   3.481497   3.481365     1.7070     1.4066      88.45   27.49930  -94.99698    0.00012    0.00005          3  0.000e+00
      47105   1962.667    793.863    800.691     6.1889     6.1890   3.481504   3.481417     1.7070     1.4066      88.30   27.49930  -94.99698    0.00010    0.00006          3  0.000e+00
      47106   1962.708    793.878    800.706     6.1888     6.1890   3.481504   3.481378     1.7070     1.4066      88.21   27.49930  -94.99698    0.00010    0.00007          3  0.000e+00
      47107   1962.750    793.878    800.706     6.1886     6.1890   3.481478   3.481378     1.7070     1.4066      88.18   27.49930  -94.99698    0.00011    0.00007          3  0.000e+00
      47108   1962.792    793.863    800.691     6.1887     6.1891   3.481491   3.481398     1.7082     1.4066      88.18   27.49930  -94.99698    0.00011    0.00008          3  0.000e+00
      47109   1962.833    793.878    800.706     6.1886     6.1891   3.481523   3.481365     1.7082     1.4066      88.18   27.49930  -94.99698    0.00011    0.00009          3  0.000e+00
      47110   1962.875    793.878    800.706     6.1886     6.1888   3.481510   3.481378     1.7082     1.4066      88.18   27.49930  -94.99698    0.00011    0.00009          3  0.000e+00
      47111   1962.917    793.878    800.706     6.1886     6.1887   3.481504   3.481333     1.7082     1.4066      88.18   27.49930  -94.99698    0.00011    0.00010          3  0.000e+00
      47112   1962.958    793.863    800.691     6.1886     6.1887   3.481504   3.481294     1.7082     1.4054      88.18   27.49930  -94.99698    0.00011    0.00009          3  0.000e+00
      47113   1963.000    793.878    800.706     6.1884     6.1883   3.481478   3.481314     1.7070     1.4054      88.18   27.49930  -94.99698    0.00009    0.00006          3  0.000e+00
      47114   1963.042    793.878    800.706     6.1886     6.1885   3.481491   3.481314     1.7082     1.4066      88.18   27.49930  -94.99698    0.00009    0.00005          3  0.000e+00
      47115   1963.083    793.863    800.691     6.1884     6.1883   3.481478   3.481294     1.7082     1.4054      88.18   27.49930  -94.99698    0.00009    0.00004          3  0.000e+00
      47116   1963.125    793.825    800.652     6.1891     6.1885   3.481472   3.481314     1.7082     1.4066      88.18   27.49930  -94.99698    0.00009    0.00005          3  0.000e+00
      47117   1963.167    793.878    800.706     6.1887     6.1883   3.481517   3.481314     1.7070     1.4066      88.18   27.49930  -94.99698    0.00007    0.00005          3  0.000e+00
      47118   1963.208    793.810    800.637     6.1889     6.1883   3.481510   3.481320     1.7082     1.4054      88.18   27.49930  -94.99698    0.00007    0.00003          3  0.000e+00
      47119   1963.250    793.879    800.706     6.1889     6.1883   3.481523   3.481327     1.7070     1.4054      88.18   27.49930  -94.99698    0.00005   -0.00000          3  0.000e+00
      47120   1963.292    793.825    800.652     6.1889     6.1885   3.481504   3.481339     1.7070     1.4054      88.18   27.49930  -94.99698    0.00005   -0.00003          3  0.000e+00
      47121   1963.333    793.810    800.637     6.1891     6.1883   3.481523   3.481327     1.7070     1.4054      88.18   27.49930  -94.99698    0.00003   -0.00006          3  0.000e+00
      47122   1963.375    793.764    800.591     6.1891     6.1887   3.481485   3.481326     1.7070     1.4054      88.18   27.49930  -94.99698    0.00001   -0.00007          3  0.000e+00
      47123   1963.417    793.825    800.652     6.1890     6.1887   3.481491   3.481339     1.7070     1.4066      88.18   27.49930  -94.99698   -0.00000   -0.00008          3  0.000e+00
      47124   1963.458    793.810    800.637     6.1892     6.1887   3.481523   3.481352     1.7082     1.4054      88.18   27.49930  -94.99698   -0.00001   -0.00011          3  0.000e+00
      47125   1963.500    793.711    800.537     6.1889     6.1888   3.481529   3.481333     1.7082     1.4066      88.18   27.49930  -94.99698   -0.00001   -0.00012          3  0.000e+00
      47126   1963.542    793.764    800.591     6.1890     6.1888   3.481555   3.481339     1.7082     1.4054      88.18   27.49930  -94.99698    0.00001   -0.00013          3  0.000e+00
      47127   1963.583    793.749    800.575     6.1889     6.1888   3.481517   3.481378     1.7082     1.4054      88.18   27.49930  -94.99698    0.00002   -0.00014          3  0.000e+00
      47128   1963.625    793.764    800.591     6.1891     6.1895   3.481523   3.481391     1.7070     1.4054      88.18   27.49930  -94.99698    0.00000   -0.00015          3  0.000e+00
      47129   1963.667    793.764    800.591     6.1889     6.1895   3.481536   3.481398     1.7070     1.4054      88.16   27.49930  -94.99698    0.00000   -0.00016          3  0.000e+00
      47130   1963.708    793.696    800.521     6.1891     6.1899   3.481555   3.481443     1.7082     1.4066      88.16   27.49930  -94.99698    0.00002   -0.00015          3  0.000e+00
      47131   1963.750    793.711    800.537     6.1891     6.1896   3.481542   3.481430     1.7082     1.4054      88.16   27.49930  -94.99698    0.00002   -0.00016          3  0.000e+00
      47132   1963.792    793.650    800.475     6.1894     6.1901   3.481510   3.481404     1.7082     1.4054      88.16   27.49930  -94.99698    0.00002   -0.00017          3  0.000e+00
      47133   1963.833    793.696    800.522     6.1892     6.1898   3.481504   3.481391     1.7082     1.4054      88.16   27.49930  -94.99698    0.00001   -0.00018          3  0.000e+00
      47134   1963.875    793.711    800.537     6.1894     6.1898   3.481523   3.481437     1.7070     1.4054      88.16   27.49930  -94.99698    0.00001   -0.00019          3  0.000e+00
      47135   1963.917    793.596    800.421     6.1894     6.1901   3.481555   3.481437     1.7070     1.4066      88.16   27.49930  -94.99698   -0.00001   -0.00018          3  0.000e+00
      47136   1963.958    793.696    800.522     6.1894     6.1901   3.481561   3.481424     1.7082     1.4054      88.16   27.49930  -94.99698    0.00001   -0.00018          3  0.000e+00
      47137   1964.000    793.597    800.421     6.1894     6.1903   3.481542   3.481463     1.7070     1.4066      88.16   27.49930  -94.99698   -0.00001   -0.00017          3  0.000e+00
      47138   1964.042    793.597    800.421     6.1892     6.1903   3.481536   3.481521     1.7070     1.4054      88.16   27.49930  -94.99698   -0.00003   -0.00020          3  0.000e+00
      47139   1964.083    793.597    800.421     6.1892     6.1906   3.481536   3.481476     1.7082     1.4066      88.16   27.49930  -94.99698   -0.00003   -0.00019          3  0.000e+00
      47140   1964.125    793.635    800.460     6.1892     6.1903   3.481536   3.481495     1.7070     1.4066      88.16   27.49930  -94.99698   -0.00004   -0.00018          3  0.000e+00
      47141   1964.167    793.597    800.421     6.1894     6.1904   3.481574   3.481476     1.7082     1.4066      88.16   27.49930  -94.99698   -0.00002   -0.00019          3  0.000e+00
      47142   1964.208    793.536    800.360     6.1892     6.1906   3.481574   3.481456     1.7070     1.4066      88.16   27.49930  -94.99698   -0.00002   -0.00018          3  0.000e+00
      47143   1964.250    793.581    800.406     6.1894     6.1904   3.481517   3.481476     1.7082     1.4066      88.16   27.49930  -94.99698   -0.00001   -0.00019          3  0.000e+00
      47144   1964.292    793.536    800.360     6.1894     6.1906   3.481549   3.481521     1.7070     1.4066      88.16   27.49930  -94.99698   -0.00001   -0.00018          3  0.000e+00
      47145   1964.333    793.536    800.360     6.1890     6.1906   3.481517   3.481515     1.7082     1.4054      88.16   27.49930  -94.99698   -0.00001   -0.00019          3  0.000e+00
      47146   1964.375    793.520    800.344     6.1892     6.1904   3.481523   3.481515     1.7082     1.4054      88.16   27.49930  -94.99698   -0.00001   -0.00019          3  0.000e+00
      47147   1964.417    793.482    800.306     6.1891     6.1907   3.481504   3.481502     1.7082     1.4066      88.16   27.49930  -94.99698   -0.00001   -0.00018          3  0.000e+00
      47148   1964.458    793.536    800.360     6.1890     6.1907   3.481497   3.481508     1.7082     1.4066      88.16   27.49930  -94.99698   -0.00002   -0.00019          3  0.000e+00
      47149   1964.500    793.467    800.291     6.1889     6.1906   3.481504   3.481489     1.7070     1.4054      88.16   27.49930  -94.99698   -0.00004   -0.00020          3  0.000e+00
      47150   1964.542    793.482    800.306     6.1889     6.1909   3.481504   3.481521     1.7082     1.4054      88.16   27.49930  -94.99698   -0.00002   -0.00021          3  0.000e+00
      47151   1964.583    793.482    800.306     6.1890     6.1907   3.481478   3.481515     1.7082     1.4066      88.16   27.49930  -94.99698   -0.00001   -0.00021          3  0.000e+00
      47152   1964.625    793.467    800.291     6.1889     6.1911   3.481510   3.481515     1.7082     1.4054      88.16   27.49930  -94.99698    0.00001   -0.00022          3  0.000e+00
      47153   1964.667    793.421    800.244     6.1889     6.1909   3.481459   3.481527     1.7082     1.4066      88.35   27.49930  -94.99698    0.00002   -0.00021          3  0.000e+00
      47154   1964.708    793.482    800.306     6.1887     6.1909   3.481485   3.481566     1.7082     1.4066      88.55   27.49930  -94.99698    0.00002   -0.00020          3  0.000e+00
      47155   1964.750    793.406    800.229     6.1888     6.1911   3.481504   3.481527     1.7082     1.4066      88.57   27.49930  -94.99698    0.00003   -0.00019          3  0.000e+00
      47156   1964.792    793.421    800.244     6.1888     6.1912   3.481504   3.481534     1.7070     1.4066      88.57   27.49930  -94.99698    0.00001   -0.00018          3  0.000e+00
      47157   1964.833    793.421    800.244     6.1887     6.1916   3.481504   3.481534     1.7082     1.4066      88.55   27.49930  -94.99698    0.00003   -0.00017          3  0.000e+00
      47158   1964.875    793.421    800.244     6.1889     6.1916   3.481497   3.481566     1.7082     1.4054      88.57   27.49930  -94.99698    0.00004   -0.00018          3  0.000e+00
      47159   1964.917    793.406    800.229     6.1888     6.1917   3.481478   3.481553     1.7070     1.4054      88.55   27.49930  -94.99698    0.00004   -0.00018          3  0.000e+00
      47160   1964.958    793.421    800.244     6.1887     6.1919   3.481491   3.481579     1.7082     1.4054      88.57   27.49930  -94.99698    0.00003   -0.00019          3  0.000e+00
      47161   1965.000    793.421    800.244     6.1889     6.1917   3.481478   3.481605     1.7082     1.4054      88.55   27.49930  -94.99698    0.00003   -0.00020          3  0.000e+00
      47162   1965.042    793.406    800.229     6.1888     6.1919   3.481517   3.481586     1.7082     1.4054      88.57   27.49930  -94.99698    0.00003   -0.00020          3  0.000e+00
      47163   1965.083    793.368    800.191     6.1889     6.1916   3.481529   3.481560     1.7082     1.4066      88.57   27.49930  -94.99698    0.00002   -0.00019          3  0.000e+00
      47164   1965.125    793.422    800.245     6.1888     6.1916   3.481485   3.481547     1.7082     1.4066      88.55   27.49930  -94.99698    0.00004   -0.00018          3  0.000e+00
      47165   1965.167    793.406    800.229     6.1889     6.1916   3.481491   3.481547     1.7070     1.4066      88.55   27.49930  -94.99698    0.00003   -0.00017          3  0.000e+00
      47166   1965.208    793.368    800.191     6.1889     6.1914   3.481504   3.481579     1.7082     1.4066      88.55   27.49930  -94.99698    0.00005   -0.00016          3  0.000e+00
      47167   1965.250    793.422    800.245     6.1888     6.1914   3.481504   3.481605     1.7082     1.4066      88.55   27.49930  -94.99698    0.00006   -0.00014          3  0.000e+00
      47168   1965.292    793.406    800.229     6.1889     6.1914   3.481472   3.481560     1.7082     1.4066      88.55   27.49930  -94.99698    0.00006   -0.00013          3  0.000e+00
      47169   1965.333    793.368    800.191     6.1889     6.1912   3.481491   3.481579     1.7082     1.4066      88.55   27.49930  -94.99698    0.00005   -0.00012          3  0.000e+00
      47170   1965.375    793.422    800.245     6.1889     6.1916   3.481504   3.481579     1.7082     1.4066      88.55   27.49930  -94.99698    0.00006   -0.00011          3  0.000e+00
