GOMECC/GOMECC-4/1db/rb2103_0651.ros
* Sea-Bird SBE 9 Data File:
* FileName = C:\Users\scs.user.rb\CTD\GOMECC4\data\rb2103_0651.hex
* Software Version Seasave V 7.26.7.107
* Temperature SN = 4799
* Conductivity SN = 3860
* Number of Bytes Per Scan = 41
* Number of Voltage Words = 4
* Number of Scans Averaged by the Deck Unit = 1
* NMEA Latitude = 26 03.47 N
* NMEA Longitude = 096 19.52 W
* NMEA UTC (Time) = Oct 02 2021  07:20:22
* NMEA baud rate = 4800
# nquan = 17
# nvalues = 1463                                  
# units = specified
# name 0 = scan: Scan Count
# name 1 = timeS: Time, Elapsed [seconds]
# name 2 = depSM: Depth [salt water, m]
# name 3 = prDM: Pressure, Digiquartz [db]
# name 4 = t090C: Temperature [ITS-90, deg C]
# name 5 = t190C: Temperature, 2 [ITS-90, deg C]
# name 6 = c0S/m: Conductivity [S/m]
# name 7 = c1S/m: Conductivity, 2 [S/m]
# name 8 = sbeox0V: Oxygen raw, SBE 43 [V]
# name 9 = sbeox1V: Oxygen raw, SBE 43, 2 [V]
# name 10 = altM: Altimeter [m]
# name 11 = latitude: Latitude [deg]
# name 12 = longitude: Longitude [deg]
# name 13 = sbox0dV/dT: Oxygen, SBE 43 [dov/dt]
# name 14 = sbox1dV/dT: Oxygen, SBE 43, 2 [dov/dt]
# name 15 = nbf: Bottles Fired
# name 16 = flag:  0.000e+00
# interval = seconds: 0.0416667
# start_time = Oct 02 2021 07:20:22 [NMEA time, header]
# bad_flag = -9.990e-29
*END*
[from data line 596]
      26573   1107.167     69.818     70.287    21.5806    21.5848   5.115238   5.115705     2.7460     2.3394     100.00   26.05914  -96.32610   -0.00033    0.00033          5  0.000e+00
      26574   1107.208     69.811     70.280    21.5801    21.5848   5.115216   5.115765     2.7460     2.3394     100.00   26.05914  -96.32610   -0.00032    0.00031          5  0.000e+00
      26575   1107.250     69.764     70.232    21.5804    21.5853   5.115208   5.115796     2.7460     2.3394     100.00   26.05914  -96.32610   -0.00031    0.00030          5  0.000e+00
      26576   1107.292     69.764     70.232    21.5812    21.5857   5.115268   5.115788     2.7460     2.3394     100.00   26.05914  -96.32610   -0.00030    0.00028          5  0.000e+00
      26577   1107.333     69.818     70.287    21.5820    21.5860   5.115321   5.115788     2.7460     2.3394     100.00   26.05914  -96.32610   -0.00030    0.00026          5  0.000e+00
      26578   1107.375     69.764     70.233    21.5824    21.5862   5.115395   5.115818     2.7448     2.3394     100.00   26.05914  -96.32610   -0.00032    0.00024          5  0.000e+00
      26579   1107.417     69.764     70.233    21.5832    21.5866   5.115515   5.115894     2.7448     2.3394     100.00   26.05914  -96.32610   -0.00035    0.00022          5  0.000e+00
      26580   1107.458     69.764     70.233    21.5845    21.5869   5.115642   5.115917     2.7460     2.3382     100.00   26.05914  -96.32610   -0.00035    0.00019          5  0.000e+00
      26581   1107.500     69.716     70.185    21.5863    21.5876   5.115770   5.115985     2.7460     2.3382     100.00   26.05914  -96.32610   -0.00034    0.00015          5  0.000e+00
      26582   1107.542     69.764     70.233    21.5868    21.5883   5.115867   5.116099     2.7460     2.3382     100.00   26.05914  -96.32610   -0.00033    0.00011          5  0.000e+00
      26583   1107.583     69.764     70.233    21.5882    21.5890   5.115986   5.116198     2.7448     2.3382     100.00   26.05914  -96.32610   -0.00034    0.00008          5  0.000e+00
      26584   1107.625     69.710     70.178    21.5882    21.5901   5.116114   5.116281     2.7448     2.3382     100.00   26.05914  -96.32610   -0.00035    0.00006          5  0.000e+00
      26585   1107.667     69.764     70.233    21.5891    21.5911   5.116114   5.116395     2.7460     2.3382     100.00   26.05914  -96.32610   -0.00033    0.00004          5  0.000e+00
      26586   1107.708     69.662     70.130    21.5903    21.5924   5.116136   5.116592     2.7448     2.3382     100.00   26.05914  -96.32610   -0.00034    0.00001          5  0.000e+00
      26587   1107.750     69.764     70.233    21.5906    21.5940   5.116174   5.116743     2.7448     2.3370     100.00   26.05914  -96.32610   -0.00034   -0.00003          5  0.000e+00
      26588   1107.792     69.710     70.178    21.5908    21.5958   5.116218   5.116804     2.7448     2.3382     100.00   26.05914  -96.32610   -0.00035   -0.00005          5  0.000e+00
      26589   1107.833     69.716     70.185    21.5903    21.5965   5.116263   5.116910     2.7448     2.3370     100.00   26.05914  -96.32610   -0.00035   -0.00007          5  0.000e+00
      26590   1107.875     69.710     70.178    21.5915    21.5976   5.116368   5.116971     2.7448     2.3370     100.00   26.05914  -96.32610   -0.00035   -0.00010          5  0.000e+00
      26591   1107.917     69.669     70.137    21.5926    21.5986   5.116338   5.117077     2.7448     2.3370     100.00   26.05914  -96.32610   -0.00037   -0.00012          5  0.000e+00
      26592   1107.958     69.710     70.178    21.5926    21.5986   5.116413   5.117085     2.7448     2.3370     100.00   26.05914  -96.32610   -0.00039   -0.00015          5  0.000e+00
      26593   1108.000     69.669     70.137    21.5928    21.5985   5.116413   5.117107     2.7460     2.3370     100.00   26.05914  -96.32610   -0.00037   -0.00017          5  0.000e+00
      26594   1108.042     69.662     70.130    21.5932    21.5987   5.116405   5.117115     2.7448     2.3370     100.00   26.05914  -96.32610   -0.00039   -0.00017          5  0.000e+00
      26595   1108.083     69.669     70.137    21.5936    21.5992   5.116435   5.117145     2.7448     2.3370     100.00   26.05914  -96.32610   -0.00041   -0.00018          5  0.000e+00
      26596   1108.125     69.710     70.178    21.5942    21.5996   5.116510   5.117160     2.7460     2.3370     100.00   26.05914  -96.32610   -0.00041   -0.00018          5  0.000e+00
      26597   1108.167     69.669     70.137    21.5938    21.5997   5.116563   5.117183     2.7448     2.3370     100.00   26.05914  -96.32610   -0.00043   -0.00018          5  0.000e+00
      26598   1108.208     69.662     70.130    21.5939    21.5998   5.116637   5.117267     2.7448     2.3370     100.00   26.05914  -96.32610   -0.00044   -0.00018          5  0.000e+00
      26599   1108.250     69.615     70.083    21.5945    21.5999   5.116660   5.117221     2.7448     2.3370     100.00   26.05914  -96.32610   -0.00046   -0.00018          5  0.000e+00
      26600   1108.292     69.662     70.130    21.5959    21.6002   5.116727   5.117297     2.7448     2.3370     100.00   26.05914  -96.32610   -0.00046   -0.00018          5  0.000e+00
      26601   1108.333     69.669     70.137    21.5963    21.6005   5.116772   5.117297     2.7460     2.3370     100.00   26.05914  -96.32610   -0.00046   -0.00018          5  0.000e+00
      26602   1108.375     69.615     70.083    21.5963    21.6009   5.116817   5.117312     2.7448     2.3370     100.00   26.05914  -96.32610   -0.00045   -0.00018          5  0.000e+00
      26603   1108.417     69.669     70.137    21.5968    21.6014   5.116832   5.117418     2.7448     2.3382     100.00   26.05914  -96.32610   -0.00047   -0.00016          5  0.000e+00
      26604   1108.458     69.615     70.083    21.5973    21.6015   5.116899   5.117395     2.7448     2.3370     100.00   26.05914  -96.32610   -0.00048   -0.00016          5  0.000e+00
      26605   1108.500     69.513     69.980    21.5978    21.6016   5.116981   5.117335     2.7448     2.3382     100.00   26.05914  -96.32610   -0.00048   -0.00014          5  0.000e+00
      26606   1108.542     69.764     70.233    21.5984    21.6006   5.116967   5.117229     2.7448     2.3382     100.00   26.05914  -96.32610   -0.00048   -0.00012          5  0.000e+00
      26607   1108.583     69.662     70.130    21.5983    21.5977   5.117026   5.117039     2.7448     2.3382     100.00   26.05914  -96.32610   -0.00049   -0.00010          5  0.000e+00
      26608   1108.625     69.615     70.083    21.5987    21.5959   5.117109   5.116827     2.7448     2.3370     100.00   26.05914  -96.32610   -0.00048   -0.00010          5  0.000e+00
      26609   1108.667     69.561     70.028    21.5995    21.5956   5.117161   5.116774     2.7448     2.3370     100.00   26.05914  -96.32610   -0.00048   -0.00009          5  0.000e+00
      26610   1108.708     69.669     70.137    21.5996    21.5952   5.117176   5.116683     2.7448     2.3370     100.00   26.05914  -96.32610   -0.00049   -0.00009          5  0.000e+00
      26611   1108.750     69.615     70.083    21.6001    21.5926   5.117236   5.116546     2.7460     2.3370     100.00   26.05914  -96.32610   -0.00046   -0.00008          5  0.000e+00
      26612   1108.792     69.615     70.083    21.6009    21.5910   5.117228   5.116486     2.7448     2.3370     100.00   26.05914  -96.32610   -0.00046   -0.00007          5  0.000e+00
      26613   1108.833     69.615     70.083    21.6005    21.5919   5.117213   5.116501     2.7448     2.3370     100.00   26.05914  -96.32610   -0.00045   -0.00007          5  0.000e+00
      26614   1108.875     69.615     70.083    21.6007    21.5934   5.117183   5.116486     2.7460     2.3370     100.00   26.05914  -96.32610   -0.00042   -0.00006          5  0.000e+00
      26615   1108.917     69.615     70.083    21.6003    21.5924   5.117139   5.116341     2.7448     2.3370     100.00   26.05914  -96.32610   -0.00041   -0.00005          5  0.000e+00
      26616   1108.958     69.615     70.083    21.6002    21.5933   5.117198   5.116402     2.7448     2.3370     100.00   26.05914  -96.32610   -0.00040   -0.00004          5  0.000e+00
      26617   1109.000     69.615     70.083    21.6001    21.5942   5.117154   5.116531     2.7460     2.3382     100.00   26.05914  -96.32610   -0.00038   -0.00001          5  0.000e+00
      26618   1109.042     69.567     70.035    21.6000    21.5942   5.117161   5.116652     2.7448     2.3382     100.00   26.05914  -96.32610   -0.00037    0.00002          5  0.000e+00
      26619   1109.083     69.615     70.083    21.6001    21.5940   5.117176   5.116690     2.7460     2.3382     100.00   26.05914  -96.32610   -0.00035    0.00003          5  0.000e+00
      26620   1109.125     69.615     70.083    21.6003    21.5942   5.117206   5.116713     2.7460     2.3382     100.00   26.05914  -96.32610   -0.00033    0.00004          5  0.000e+00
      26621   1109.167     69.615     70.083    21.6002    21.5952   5.117221   5.116827     2.7448     2.3382     100.00   26.05914  -96.32610   -0.00031    0.00005          5  0.000e+00
      26622   1109.208     69.615     70.083    21.6009    21.5959   5.117243   5.116925     2.7460     2.3382     100.00   26.05914  -96.32610   -0.00030    0.00006          5  0.000e+00
      26623   1109.250     69.615     70.083    21.6007    21.5956   5.117288   5.116880     2.7460     2.3382     100.00   26.05914  -96.32610   -0.00029    0.00005          5  0.000e+00
      26624   1109.292     69.615     70.083    21.6007    21.5936   5.117266   5.116599     2.7460     2.3382     100.00   26.05914  -96.32610   -0.00026    0.00006          5  0.000e+00
      26625   1109.333     69.615     70.083    21.6010    21.5901   5.117221   5.116319     2.7460     2.3382     100.00   26.05914  -96.32610   -0.00025    0.00007          5  0.000e+00
      26626   1109.375     69.615     70.083    21.6004    21.5876   5.117213   5.116099     2.7460     2.3382     100.00   26.05914  -96.32610   -0.00023    0.00008          5  0.000e+00
      26627   1109.417     69.615     70.083    21.6007    21.5869   5.117243   5.116076     2.7460     2.3382     100.00   26.05914  -96.32610   -0.00020    0.00007          5  0.000e+00
      26628   1109.458     69.615     70.083    21.6007    21.5865   5.117258   5.116091     2.7460     2.3382     100.00   26.05914  -96.32610   -0.00019    0.00007          5  0.000e+00
      26629   1109.500     69.615     70.083    21.6009    21.5876   5.117258   5.116251     2.7460     2.3382     100.00   26.05914  -96.32610   -0.00018    0.00006          5  0.000e+00
      26630   1109.542     69.615     70.083    21.6008    21.5926   5.117258   5.116554     2.7460     2.3382     100.00   26.05914  -96.32610   -0.00016    0.00005          5  0.000e+00
      26631   1109.583     69.662     70.131    21.6005    21.5958   5.117191   5.116774     2.7460     2.3382     100.00   26.05914  -96.32610   -0.00015    0.00004          5  0.000e+00
      26632   1109.625     69.568     70.035    21.6001    21.5968   5.117139   5.116978     2.7473     2.3382     100.00   26.05914  -96.32610   -0.00012    0.00003          5  0.000e+00
      26633   1109.667     69.662     70.131    21.5998    21.5976   5.117161   5.117069     2.7460     2.3382     100.00   26.05914  -96.32610   -0.00011    0.00000          5  0.000e+00
      26634   1109.708     69.615     70.083    21.5996    21.5979   5.117109   5.117107     2.7460     2.3394     100.00   26.05914  -96.32610   -0.00009    0.00001          5  0.000e+00
      26635   1109.750     69.662     70.131    21.5992    21.5980   5.117094   5.117145     2.7460     2.3394     100.00   26.05914  -96.32610   -0.00008    0.00002          5  0.000e+00
      26636   1109.792     69.615     70.083    21.5989    21.5981   5.117094   5.117160     2.7460     2.3394     100.00   26.05914  -96.32612   -0.00007    0.00002          5  0.000e+00
      26637   1109.833     69.615     70.083    21.5991    21.5980   5.117056   5.117123     2.7460     2.3394     100.00   26.05914  -96.32612   -0.00006    0.00003          5  0.000e+00
      26638   1109.875     69.669     70.137    21.5989    21.5979   5.117049   5.117145     2.7473     2.3394     100.00   26.05914  -96.32612   -0.00003    0.00003          5  0.000e+00
      26639   1109.917     69.615     70.083    21.5984    21.5979   5.116981   5.117130     2.7473     2.3394     100.00   26.05914  -96.32612    0.00000    0.00003          5  0.000e+00
      26640   1109.958     69.669     70.137    21.5976    21.5979   5.116959   5.117085     2.7473     2.3394     100.00   26.05914  -96.32612    0.00001    0.00004          5  0.000e+00
      26641   1110.000     69.662     70.131    21.5975    21.5977   5.116892   5.117039     2.7473     2.3394     100.00   26.05914  -96.32612    0.00004    0.00004          5  0.000e+00
      29053   1210.500     49.729     50.061    23.3138    23.3171   5.292149   5.292535     3.1551     2.7045     100.00   26.05928  -96.32618   -0.00083   -0.00066          6  0.000e+00
      29054   1210.542     49.628     49.959    23.3149    23.3161   5.292217   5.292481     3.1551     2.7045     100.00   26.05928  -96.32618   -0.00074   -0.00056          6  0.000e+00
      29055   1210.583     49.628     49.959    23.3175    23.3159   5.292361   5.292435     3.1551     2.7057     100.00   26.05928  -96.32618   -0.00065   -0.00045          6  0.000e+00
      29056   1210.625     49.729     50.061    23.3200    23.3163   5.292566   5.292519     3.1563     2.7057     100.00   26.05928  -96.32618   -0.00056   -0.00033          6  0.000e+00
      29057   1210.667     49.729     50.061    23.3209    23.3152   5.292657   5.292458     3.1551     2.7057     100.00   26.05928  -96.32618   -0.00048   -0.00022          6  0.000e+00
      29058   1210.708     49.729     50.061    23.3195    23.3143   5.292574   5.292358     3.1551     2.7045     100.00   26.05928  -96.32618   -0.00041   -0.00012          6  0.000e+00
      29059   1210.750     49.729     50.061    23.3182    23.3130   5.292543   5.292204     3.1563     2.7057     100.00   26.05928  -96.32618   -0.00032    0.00001          6  0.000e+00
      29060   1210.792     49.729     50.061    23.3175    23.3123   5.292475   5.292096     3.1563     2.7057     100.00   26.05928  -96.32618   -0.00022    0.00013          6  0.000e+00
      29061   1210.833     49.729     50.061    23.3173    23.3116   5.292354   5.292104     3.1563     2.7057     100.00   26.05928  -96.32618   -0.00013    0.00025          6  0.000e+00
      29062   1210.875     49.777     50.109    23.3155    23.3112   5.292217   5.292081     3.1563     2.7057     100.00   26.05928  -96.32618   -0.00004    0.00036          6  0.000e+00
      29063   1210.917     49.777     50.109    23.3138    23.3112   5.292118   5.292043     3.1563     2.7057     100.00   26.05928  -96.32618    0.00006    0.00046          6  0.000e+00
      29064   1210.958     49.777     50.109    23.3120    23.3116   5.291997   5.292096     3.1563     2.7057     100.00   26.05928  -96.32618    0.00015    0.00056          6  0.000e+00
      29065   1211.000     49.777     50.109    23.3113    23.3116   5.291898   5.292081     3.1563     2.7057     100.00   26.05928  -96.32618    0.00025    0.00066          6  0.000e+00
      29066   1211.042     49.777     50.109    23.3117    23.3111   5.292012   5.292043     3.1563     2.7057     100.00   26.05928  -96.32618    0.00032    0.00076          6  0.000e+00
      29067   1211.083     49.831     50.163    23.3120    23.3098   5.291989   5.291966     3.1563     2.7057     100.00   26.05928  -96.32618    0.00042    0.00086          6  0.000e+00
