GOMECC/GOMECC-4/1db/rb2103_0511.cnv
* Sea-Bird SBE 9 Data File:
* FileName = C:\Users\scs.user.rb\CTD\GOMECC4\data\rb2103_0511.hex
* Software Version Seasave V 7.26.7.107
* Temperature SN = 4799
* Conductivity SN = 3860
* Number of Bytes Per Scan = 41
* Number of Voltage Words = 4
* Number of Scans Averaged by the Deck Unit = 1
* NMEA Latitude = 27 41.47 N
* NMEA Longitude = 094 13.19 W
* NMEA UTC (Time) = Sep 27 2021  19:13:13
* NMEA baud rate = 4800
# nquan = 28
# nvalues = 323                         
# units = specified
# name 0 = scan: Scan Count
# name 1 = timeS: Time, Elapsed [seconds]
# name 2 = depSM: Depth [salt water, m]
# name 3 = prDM: Pressure, Digiquartz [db]
# name 4 = t090C: Temperature [ITS-90, deg C]
# name 5 = t190C: Temperature, 2 [ITS-90, deg C]
# name 6 = c0S/m: Conductivity [S/m]
# name 7 = c1S/m: Conductivity, 2 [S/m]
# name 8 = sbeox0V: Oxygen raw, SBE 43 [V]
# name 9 = sbeox1V: Oxygen raw, SBE 43, 2 [V]
# name 10 = altM: Altimeter [m]
# name 11 = latitude: Latitude [deg]
# name 12 = longitude: Longitude [deg]
# name 13 = sbox0dV/dT: Oxygen, SBE 43 [dov/dt]
# name 14 = sbox1dV/dT: Oxygen, SBE 43, 2 [dov/dt]
# name 15 = sbeox0ML/L: Oxygen, SBE 43 [ml/l], WS = 5
# name 16 = sbeox1ML/L: Oxygen, SBE 43, 2 [ml/l], WS = 5
# name 17 = potemp090C: Potential Temperature [ITS-90, deg C]
# name 18 = potemp190C: Potential Temperature, 2 [ITS-90, deg C]
# name 19 = sal00: Salinity, Practical [PSU]
# name 20 = sal11: Salinity, Practical, 2 [PSU]
# name 21 = sigma-é00: Density [sigma-theta, kg/m^3]
# name 22 = sigma-é11: Density, 2 [sigma-theta, kg/m^3]
# name 23 = avgsvCM: Average Sound Velocity [Chen-Millero, m/s], minP = 20, minS = 20
# name 24 = sbox0Mm/Kg: Oxygen, SBE 43 [umol/kg], WS = 5
# name 25 = sbox1Mm/Kg: Oxygen, SBE 43, 2 [umol/kg], WS = 5
# name 26 = nbin: number of scans per bin
# name 27 = flag: flag
# span 0 =       9619,      55821       
# span 1 =    400.762,   2325.833       
# span 2 =      1.987,    276.964       
# span 3 =      2.000,    279.000       
# span 4 =    13.1683,    29.2874       
# span 5 =    13.1731,    29.2769       
# span 6 =   4.194022,   5.891450       
# span 7 =   4.194278,   5.891224       
# span 8 =     1.7183,     3.2103       
# span 9 =     1.4125,     2.7524       
# span 10 =       9.54,     102.58      
# span 11 =   27.53619,   28.09643      
# span 12 =  -95.59755,  -93.69134      
# span 13 =   -0.04865,    0.03905      
# span 14 =   -0.04460,    0.03632      
# span 15 =     2.5225,     4.8766      
# span 16 =     2.5413,     4.8953      
# span 17 =    13.1294,    29.2848      
# span 18 =    13.1343,    29.2743      
# span 19 =    35.4550,    36.4740      
# span 20 =    35.4596,    36.4755      
# span 21 =    22.4829,    26.9164      
# span 22 =    22.4860,    26.9164      
# span 23 =       0.00,    1545.03      
# span 24 =    109.779,    212.590      
# span 25 =    110.598,    213.412      
# span 26 =         30,         69      
# span 27 = 0.0000e+00, 0.0000e+00      
# interval = decibars: 1                
# start_time = Sep 27 2021 19:13:13 [NMEA time, header]
# bad_flag = -9.990e-29
*END*
[from data line 259]
      39392   1641.277     80.447     81.000    21.5232    21.4793   5.111650   5.108203     2.7288     2.3221     100.00   27.69156  -94.22006   -0.00109   -0.00091     4.1790     4.2067    21.5078    21.4635    36.2822    36.2784    25.3303    25.3397    1522.77    182.022    183.230         34 0.0000e+00
      39426   1642.695     79.454     80.000    21.6647    21.6860   5.129490   5.132632     2.7028     2.2925      71.27   27.69156  -94.22005   -0.00769   -0.00784     4.1135     4.1237    21.6490    21.6702    36.3044    36.3114    25.3079    25.3072    1522.77    179.176    179.617         35 0.0000e+00
      39461   1644.177     78.462     79.000    21.7697    21.7719   5.143341   5.142805     2.6681     2.2511      78.77   27.69156  -94.22004   -0.01721   -0.02018     4.0323     4.0221    21.7541    21.7563    36.3265    36.3204    25.2953    25.2900    1522.77    175.638    175.198         36 0.0000e+00
      39502   1645.858     77.468     78.000    21.8792    21.8548   5.155907   5.153865     2.6330     2.2216      99.52   27.69156  -94.22004   -0.02200   -0.02373     3.9516     3.9484    21.8638    21.8393    36.3344    36.3388    25.2705    25.2807    1522.77    172.130    171.989         38 0.0000e+00
      39584   1649.296     76.475     77.000    21.7837    21.8914   5.144836   5.158584     2.5851     2.1864     100.00   27.69156  -94.22004   -0.01662   -0.00977     3.8584     3.8657    21.7685    21.8764    36.3273    36.3423    25.2918    25.2719    1522.77    168.065    168.385         36 0.0000e+00
      39719   1654.911     73.496     74.000    22.0618    22.1047   5.165819   5.168931     2.5714     2.1817      93.76   27.59229  -93.88225    0.00119    0.00153     3.8101     3.8381    22.0470    22.0899    36.2165    36.2249    25.1170    25.1113    1517.31    165.976    167.197         35 0.0000e+00
      39990   1666.204     72.503     73.000    22.1932    22.1702   5.188052   5.187014     2.6199     2.2107      93.72   27.69157  -94.22004    0.00838    0.00203     3.8960     3.8987    22.1785    22.1557    36.3267    36.3360    25.1758    25.1893    1522.77    169.724    169.837         40 0.0000e+00
      40092   1670.478     71.510     72.000    22.2231    22.1717   5.189821   5.186161     2.6429     2.2164      88.28   27.69157  -94.22004    0.00484    0.00068     3.9428     3.9121    22.2087    22.1573    36.3184    36.3299    25.1609    25.1843    1522.77    171.764    170.425         40 0.0000e+00
      40194   1674.704     70.517     71.000    22.2519    22.2342   5.191709   5.190653     2.6891     2.2627      78.72   27.69158  -94.22004    0.01074    0.01102     4.0349     4.0115    22.2377    22.2200    36.3073    36.3136    25.1443    25.1541    1522.77    175.778    174.758         39 0.0000e+00
      40553   1689.652     69.525     70.000    22.3664    22.3241   5.201818   5.198105     2.7461     2.3312     102.58   27.69158  -94.22004    0.00757    0.01411     4.1425     4.1590    22.3523    22.3101    36.2913    36.3034    25.0995    25.1207    1522.77    180.476    181.189         47 0.0000e+00
      41590   1732.874     68.531     69.000    22.5123    22.4998   5.216762   5.215660     2.8214     2.4047     100.00   27.69158  -94.22002    0.00023    0.00047     4.2840     4.3112    22.4984    22.4858    36.2875    36.2892    25.0549    25.0598    1522.77    186.648    187.831         44 0.0000e+00
      41674   1736.378     67.538     68.000    22.5313    22.5331   5.218653   5.219299     2.8254     2.4080      99.98   27.69158  -94.22002   -0.00044   -0.00027     4.2894     4.3154    22.5149    22.5194    36.2887    36.2901    25.0511    25.0509    1522.77    186.884    188.017         39 0.0000e+00
      41733   1738.841     66.545     67.000    22.5766    22.5787   5.223747   5.224425     2.8302     2.4116     100.00   27.69158  -94.22002    0.00127    0.00088     4.2967     4.3198    22.5630    22.5652    36.2891    36.2931    25.0377    25.0401    1522.77    187.205    188.212         42 0.0000e+00
      41850   1743.694     63.566     64.000    22.9059    22.8834   5.257199   5.253644     2.8770     2.4579      58.13   27.68532  -94.19873    0.01104    0.01115     4.3624     4.3982    22.8928    22.8703    36.2743    36.2653    24.9306    24.9303    1522.43    190.084    191.647         42 0.0000e+00
      41919   1746.592     62.573     63.000    22.9729    22.8773   5.265027   5.254347     2.9032     2.4748     102.36   27.69156  -94.22002    0.01319    0.00993     4.4095     4.4358    22.9600    22.8644    36.2832    36.2794    24.9188    24.9436    1522.77    192.138    193.283         33 0.0000e+00
      41947   1747.751     61.580     62.000    23.1527    23.1376   5.284029   5.282304     2.9091     2.4806     100.00   27.69158  -94.22002    0.00754    0.00448     4.4060     4.4279    23.1399    23.1249    36.2822    36.2813    24.8658    24.8694    1522.77    191.996    192.953         30 0.0000e+00
      41993   1749.671     60.587     61.000    23.2487    23.2624   5.294645   5.296097     2.9329     2.5105     100.00   27.69157  -94.22002    0.00903    0.01013     4.4452     4.4837    23.2360    23.2498    36.2854    36.2853    24.8402    24.8361    1522.77    193.712    195.389         64 0.0000e+00
      42046   1751.884     59.594     60.000    23.2787    23.2684   5.296676   5.296470     2.9510     2.5186     100.00   27.69157  -94.22002    0.01010    0.00934     4.4788     4.5006    23.2663    23.2560    36.2766    36.2835    24.8247    24.8329    1522.77    195.177    196.128         37 0.0000e+00
      42286   1761.858     57.608     58.000    23.6154    23.5906   5.335474   5.330969     2.9711     2.5262     100.20   27.74829  -94.41300   -0.00163   -0.00222     4.4918     4.4936    23.6033    23.5785    36.3292    36.3150    24.7742    24.7707    1525.89    195.762    195.845         36 0.0000e+00
      42292   1762.139     56.615     57.000    23.6708    23.6005   5.334129   5.327098     3.0111     2.5360     100.00   27.69157  -94.22002    0.01325    0.00355     4.5569     4.5122    23.6588    23.5886    36.2542    36.2473    24.6924    24.7079    1522.77    198.608    196.657         32 0.0000e+00
      42396   1766.445     55.621     56.000    23.9011    23.7176   5.357834   5.340032     3.0445     2.5705     100.00   27.69156  -94.22002    0.01451    0.00674     4.6064     4.5781    23.8893    23.7059    36.2365    36.2508    24.6108    24.6759    1522.77    200.781    199.536         43 0.0000e+00
      42490   1770.359     54.628     55.000    23.9841    23.8040   5.366229   5.348782     3.0648     2.5866     100.00   27.69156  -94.22002    0.00390    0.00950     4.6443     4.6052    23.9725    23.7924    36.2335    36.2473    24.5837    24.6477    1522.77    202.439    200.722         38 0.0000e+00
      42599   1774.921     53.635     54.000    24.0148    24.0194   5.368652   5.369386     3.0794     2.6300     100.00   27.69156  -94.22002    0.00165    0.00538     4.6705     4.6838    24.0034    24.0079    36.2329    36.2321    24.5741    24.5721    1522.77    203.580    204.161         33 0.0000e+00
      42712   1779.615     52.642     53.000    24.2030    24.0181   5.388943   5.370528     3.1275     2.6280     100.00   27.69156  -94.22002    0.01003   -0.00428     4.7475     4.6785    24.1938    24.0069    36.2278    36.2396    24.5133    24.5781    1522.77    206.950    203.929         41 0.0000e+00
      42806   1783.553     51.649     52.000    24.2712    24.0666   5.396345   5.374974     3.1371     2.6444     100.00   27.69156  -94.22002    0.00471   -0.00384     4.7604     4.7098    24.2600    24.0556    36.2288    36.2337    24.4943    24.5592    1522.77    207.516    205.300         30 0.0000e+00
      42912   1787.955     50.656     51.000    24.5157    24.1994   5.420430   5.388100     3.1605     2.6614     100.00   27.69156  -94.22002    0.00405   -0.00134     4.7853     4.7358    24.5047    24.1886    36.2111    36.2257    24.4072    24.5133    1522.77    208.621    206.442         56 0.0000e+00
      43677   1819.825     49.663     50.000    25.1005    25.0683   5.475695   5.472524     3.1787     2.7140     100.00   27.69157  -94.22001    0.00188    0.00314     4.7702     4.7795    25.0895    25.0574    36.1573    36.1597    24.1878    24.1994    1522.77    208.005    208.407         36 0.0000e+00
      44212   1842.144     48.670     49.000    25.5458    25.5327   5.517613   5.516367     3.1780     2.7175     100.00   27.69158  -94.22000   -0.00083   -0.00066     4.7305     4.7498    25.5350    25.5219    36.1137    36.1149    24.0186    24.0236    1522.77    206.309    207.150         64 0.0000e+00
      44286   1845.193     47.676     48.000    25.6287    25.6007   5.525060   5.522405     3.1771     2.7133     100.00   27.69158  -94.22000   -0.00038   -0.00262     4.7214     4.7344    25.6181    25.5901    36.1031    36.1068    23.9849    23.9967    1522.77    205.918    206.485         60 0.0000e+00
      44346   1847.713     46.683     47.000    25.6668    25.6944   5.528585   5.530728     3.1754     2.7163     100.00   27.69158  -94.22000   -0.00082    0.00052     4.7145     4.7338    25.6564    25.6840    36.0992    36.0931    23.9701    23.9569    1522.77    205.620    206.464         58 0.0000e+00
      44414   1850.544     45.690     46.000    25.7817    25.7873   5.540083   5.539316     3.1834     2.7230      99.11   27.69158  -94.22000    0.00170    0.00242     4.7189     4.7410    25.7732    25.7770    36.0918    36.0831    23.9281    23.9204    1522.77    205.824    206.784         59 0.0000e+00
      44527   1855.231     44.697     45.000    26.2312    26.3648   5.584743   5.596391     3.1775     2.7215     100.00   27.69158  -94.21999   -0.00118    0.00042     4.6706     4.6918    26.2210    26.3547    36.0657    36.0455    23.7676    23.7100    1522.77    203.746    204.683         39 0.0000e+00
      45015   1875.586     40.724     41.000    28.4498    28.2276   5.791788   5.762168     3.0960     2.6377      99.93   27.67177  -94.15256    0.00859    0.00683     4.3350     4.3801    28.4525    28.2178    35.8114    35.7822    22.8520    22.9074    1521.68    189.275    191.232         36 0.0000e+00
      46107   1921.065     39.731     40.000    28.7855    28.8040   5.818875   5.821400     3.1204     2.6497     100.00   27.69156  -94.21998    0.00047   -0.00019     4.3623     4.3657    28.7749    28.7944    35.7718    35.7717    22.7190    22.7125    1522.77    190.493    190.642         36 0.0000e+00
      46368   1931.961     38.738     39.000    28.7673    28.7493   5.816784   5.815704     3.1189     2.6515     100.00   27.69156  -94.21998   -0.00033   -0.00009     4.3616     4.3709    28.7579    28.7399    35.7681    35.7741    22.7219    22.7324    1522.77    190.460    190.865         41 0.0000e+00
      46445   1935.173     37.745     38.000    28.7449    28.7484   5.813943   5.814585     3.1191     2.6533     100.00   27.69156  -94.21998   -0.00098    0.00068     4.3633     4.3744    28.7358    28.7393    35.7655    35.7692    22.7273    22.7289    1522.77    190.533    191.019         51 0.0000e+00
      46521   1938.327     36.751     37.000    28.7447    28.7367   5.813794   5.813375     3.1210     2.6549     100.00   27.69156  -94.21998    0.00011    0.00009     4.3661     4.3777    28.7358    28.7278    35.7649    35.7681    22.7268    22.7319    1522.77    190.657    191.164         41 0.0000e+00
      46590   1941.208     35.758     36.000    28.7454    28.7485   5.814477   5.814351     3.1215     2.6543     100.00   27.69156  -94.21998    0.00046   -0.00002     4.3664     4.3751    28.7367    28.7399    35.7690    35.7662    22.7296    22.7264    1522.77    190.670    191.051         56 0.0000e+00
      46690   1945.393     33.772     34.000    28.7408    28.7121   5.807720   5.804731     3.1177     2.6507      96.78   27.63221  -94.01803    0.00016    0.00067     4.3570     4.3672    28.7326    28.7039    35.6900    35.6909    22.6600    22.6702    1519.51    190.262    190.706         43 0.0000e+00
      46909   1954.502     32.778     33.000    28.8097    28.7904   5.820512   5.818922     3.1231     2.6551     100.76   27.69156  -94.21998   -0.00071    0.00008     4.3631     4.3722    28.8018    28.7824    35.7640    35.7676    22.7041    22.7133    1522.77    190.529    190.927         36 0.0000e+00
      47684   1986.794     29.799     30.000    28.7687    28.7556   5.807418   5.807520     3.1175     2.6511      97.05   27.63309  -94.02105   -0.00052   -0.00023     4.3555     4.3630    28.7615    28.7483    35.6923    35.6793    22.6544    22.6468    1519.55    190.202    190.529         49 0.0000e+00
      48302   2012.521     28.806     29.000    28.8193    28.8207   5.819441   5.819636     3.1229     2.6571      98.79   27.69156  -94.22002   -0.00090    0.00010     4.3602     4.3724    28.8123    28.8137    35.7505    35.7507    22.6905    22.6901    1522.77    190.406    190.939         35 0.0000e+00
      48451   2018.755     27.813     28.000    28.8187    28.8203   5.819158   5.819413     3.1268     2.6559      99.49   27.69156  -94.22002    0.00087   -0.00051     4.3667     4.3695    28.8119    28.8135    35.7492    35.7497    22.6896    22.6895    1522.77    190.690    190.811         69 0.0000e+00
      48524   2021.779     26.819     27.000    28.8173    28.8176   5.818744   5.818757     3.1248     2.6537     100.01   27.69156  -94.22002   -0.00055   -0.00095     4.3627     4.3648    28.8108    28.8110    35.7477    35.7479    22.6889    22.6890    1522.77    190.516    190.608         64 0.0000e+00
      48608   2025.304     25.826     26.000    28.8264    28.8220   5.818150   5.818121     3.1237     2.6567      79.14   27.69156  -94.22002   -0.00092    0.00023     4.3600     4.3701    28.8201    28.8158    35.7369    35.7402    22.6777    22.6816    1522.77    190.401    190.840         42 0.0000e+00
      48708   2029.458     24.833     25.000    28.8339    28.8298   5.817347   5.817850     3.1190     2.6537     100.24   27.69156  -94.22000   -0.00153   -0.00095     4.3510     4.3632    28.8278    28.8238    35.7262    35.7327    22.6671    22.6732    1522.77    190.010    190.541         35 0.0000e+00
      48807   2033.602     23.840     24.000    28.8383    28.8329   5.816607   5.817310     3.1151     2.6504     100.00   27.69156  -94.22000   -0.00113   -0.00042     4.3425     4.3560    28.8325    28.8271    35.7180    35.7269    22.6593    22.6679    1522.77    189.641    190.227         37 0.0000e+00
      48913   2037.990     22.846     23.000    28.8359    28.8353   5.816047   5.816636     3.1163     2.6475      99.60   27.69156  -94.22000   -0.00038   -0.00117     4.3445     4.3496    28.8304    28.8298    35.7161    35.7207    22.6586    22.6623    1522.77    189.728    189.948         34 0.0000e+00
      49012   2042.117     21.853     22.000    28.8380    28.8353   5.815278   5.816149     3.1172     2.6487      99.97   27.69156  -94.22000    0.00024   -0.00002     4.3457     4.3515    28.8327    28.8300    35.7095    35.7176    22.6529    22.6599    1522.77    189.782    190.032         59 0.0000e+00
      49116   2046.440     20.860     21.000    28.8383    28.8367   5.814224   5.815650     3.1157     2.6449      98.85   27.69156  -94.22000   -0.00097   -0.00095     4.3426     4.3433    28.8332    28.8316    35.7023    35.7134    22.6473    22.6562    1522.77    189.645    189.676         38 0.0000e+00
      50083   2086.767     19.867     20.000    28.8406    28.8423   5.812291   5.812901     3.1127     2.6421     100.15   27.69156  -94.21999   -0.00002   -0.00168     4.3368     4.3374    28.8358    28.8375    35.6875    35.6905    22.6353    22.6369    1522.77    189.394    189.419         38 0.0000e+00
