GOMECC/GOMECC-4/1db/rb2103_0951.ros
* Sea-Bird SBE 9 Data File:
* FileName = C:\Users\scs.user.rb\CTD\GOMECC4\data\rb2103_0951.hex
* Software Version Seasave V 7.26.7.107
* Temperature SN = 4799
* Conductivity SN = 3860
* Number of Bytes Per Scan = 41
* Number of Voltage Words = 4
* Number of Scans Averaged by the Deck Unit = 1
* NMEA Latitude = 22 16.31 N
* NMEA Longitude = 090 02.56 W
* NMEA UTC (Time) = Oct 11 2021  03:44:48
* NMEA baud rate = 4800
# nquan = 17
# nvalues = 798                                   
# units = specified
# name 0 = scan: Scan Count
# name 1 = timeS: Time, Elapsed [seconds]
# name 2 = depSM: Depth [salt water, m]
# name 3 = prDM: Pressure, Digiquartz [db]
# name 4 = t090C: Temperature [ITS-90, deg C]
# name 5 = t190C: Temperature, 2 [ITS-90, deg C]
# name 6 = c0S/m: Conductivity [S/m]
# name 7 = c1S/m: Conductivity, 2 [S/m]
# name 8 = sbeox0V: Oxygen raw, SBE 43 [V]
# name 9 = sbeox1V: Oxygen raw, SBE 43, 2 [V]
# name 10 = altM: Altimeter [m]
# name 11 = latitude: Latitude [deg]
# name 12 = longitude: Longitude [deg]
# name 13 = sbox0dV/dT: Oxygen, SBE 43 [dov/dt]
# name 14 = sbox1dV/dT: Oxygen, SBE 43, 2 [dov/dt]
# name 15 = nbf: Bottles Fired
# name 16 = flag:  0.000e+00
# interval = seconds: 0.0416667
# start_time = Oct 11 2021 03:44:48 [NMEA time, header]
# bad_flag = -9.990e-29
*END*
[from data line 341]
      20677    861.500     30.424     30.617    29.2537    29.2556   5.961756   5.962118     3.1893     2.7033      23.20   22.27340  -90.04272    0.00010    0.00182          3  0.000e+00
      20678    861.542     30.403     30.597    29.2544    29.2557   5.961780   5.962158     3.1893     2.7033      23.20   22.27340  -90.04272    0.00011    0.00174          3  0.000e+00
      20679    861.583     30.423     30.617    29.2545    29.2555   5.961852   5.962126     3.1893     2.7033      23.20   22.27340  -90.04272    0.00011    0.00163          3  0.000e+00
      20680    861.625     30.403     30.597    29.2540    29.2556   5.961868   5.962118     3.1893     2.7033      23.20   22.27340  -90.04272    0.00012    0.00153          3  0.000e+00
      20681    861.667     30.423     30.617    29.2539    29.2556   5.961868   5.962085     3.1893     2.7033      23.20   22.27340  -90.04272    0.00011    0.00143          3  0.000e+00
      20682    861.708     30.403     30.597    29.2544    29.2556   5.961908   5.962150     3.1893     2.7045      23.20   22.27340  -90.04272    0.00012    0.00134          3  0.000e+00
      20683    861.750     30.457     30.651    29.2550    29.2560   5.961924   5.962158     3.1880     2.7033      23.20   22.27340  -90.04272    0.00011    0.00125          3  0.000e+00
      20684    861.792     30.423     30.617    29.2553    29.2560   5.961996   5.962207     3.1893     2.7033      23.20   22.27340  -90.04272    0.00012    0.00115          3  0.000e+00
      20685    861.833     30.356     30.549    29.2559    29.2558   5.962060   5.962150     3.1893     2.7033      23.20   22.27340  -90.04272    0.00012    0.00105          3  0.000e+00
      20686    861.875     30.471     30.665    29.2566    29.2555   5.962148   5.962158     3.1893     2.7033      23.20   22.27340  -90.04272    0.00013    0.00095          3  0.000e+00
      20687    861.917     30.403     30.597    29.2574    29.2553   5.962171   5.962126     3.1880     2.7033      23.20   22.27340  -90.04272    0.00012    0.00085          3  0.000e+00
      20688    861.958     30.403     30.597    29.2580    29.2556   5.962243   5.962118     3.1893     2.7033      23.20   22.27340  -90.04272    0.00013    0.00075          3  0.000e+00
      20689    862.000     30.423     30.617    29.2582    29.2558   5.962299   5.962085     3.1893     2.7045      23.20   22.27340  -90.04272    0.00014    0.00068          3  0.000e+00
      20690    862.042     30.403     30.597    29.2586    29.2555   5.962275   5.962061     3.1893     2.7033      23.20   22.27340  -90.04272    0.00015    0.00060          3  0.000e+00
      20691    862.083     30.423     30.617    29.2588    29.2555   5.962267   5.962110     3.1893     2.7033      23.20   22.27340  -90.04272    0.00015    0.00051          3  0.000e+00
      20692    862.125     30.457     30.651    29.2591    29.2556   5.962299   5.962085     3.1880     2.7045      23.20   22.27340  -90.04272    0.00013    0.00044          3  0.000e+00
      20693    862.167     30.423     30.617    29.2590    29.2560   5.962315   5.962150     3.1880     2.7033      23.20   22.27340  -90.04272    0.00010    0.00037          3  0.000e+00
      20694    862.208     30.403     30.597    29.2591    29.2564   5.962275   5.962158     3.1880     2.7033      23.20   22.27340  -90.04272    0.00009    0.00029          3  0.000e+00
      20695    862.250     30.403     30.597    29.2592    29.2566   5.962299   5.962207     3.1893     2.7045      23.20   22.27340  -90.04272    0.00010    0.00024          3  0.000e+00
      20696    862.292     30.471     30.665    29.2591    29.2571   5.962315   5.962296     3.1893     2.7033      23.20   22.27340  -90.04272    0.00011    0.00018          3  0.000e+00
      20697    862.333     30.403     30.596    29.2588    29.2577   5.962315   5.962320     3.1893     2.7033      23.20   22.27340  -90.04272    0.00012    0.00012          3  0.000e+00
      20698    862.375     30.423     30.617    29.2583    29.2568   5.962275   5.962304     3.1880     2.7033      23.20   22.27340  -90.04272    0.00011    0.00006          3  0.000e+00
      20699    862.417     30.403     30.596    29.2580    29.2569   5.962227   5.962279     3.1893     2.7033      23.20   22.27340  -90.04272    0.00012    0.00001          3  0.000e+00
      20700    862.458     30.423     30.617    29.2578    29.2573   5.962147   5.962304     3.1893     2.7033      23.20   22.27340  -90.04272    0.00012   -0.00003          3  0.000e+00
      20701    862.500     30.457     30.651    29.2575    29.2577   5.962084   5.962320     3.1893     2.7033      23.20   22.27340  -90.04272    0.00012   -0.00008          3  0.000e+00
      20702    862.542     30.403     30.596    29.2572    29.2577   5.962100   5.962304     3.1893     2.7033      23.20   22.27340  -90.04272    0.00011   -0.00012          3  0.000e+00
      20703    862.583     30.423     30.617    29.2571    29.2573   5.962155   5.962279     3.1893     2.7021      23.20   22.27340  -90.04272    0.00010   -0.00017          3  0.000e+00
      20704    862.625     30.403     30.596    29.2574    29.2577   5.962132   5.962231     3.1893     2.7021      23.20   22.27340  -90.04272    0.00009   -0.00021          3  0.000e+00
      20705    862.667     30.423     30.617    29.2573    29.2575   5.962124   5.962247     3.1893     2.7021      23.20   22.27340  -90.04272    0.00008   -0.00025          3  0.000e+00
      20706    862.708     30.457     30.651    29.2571    29.2573   5.962156   5.962231     3.1893     2.7021      23.22   22.27340  -90.04272    0.00007   -0.00029          3  0.000e+00
      20707    862.750     30.369     30.562    29.2575    29.2571   5.962131   5.962255     3.1893     2.7021      23.20   22.27340  -90.04272    0.00005   -0.00033          3  0.000e+00
      20708    862.792     30.457     30.651    29.2573    29.2568   5.962156   5.962231     3.1905     2.7021      23.20   22.27340  -90.04272    0.00004   -0.00037          3  0.000e+00
      20709    862.833     30.457     30.651    29.2574    29.2566   5.962132   5.962207     3.1893     2.7009      23.20   22.27340  -90.04272    0.00003   -0.00042          3  0.000e+00
      20710    862.875     30.423     30.617    29.2575    29.2553   5.962124   5.962110     3.1905     2.7021      23.20   22.27340  -90.04272    0.00003   -0.00046          3  0.000e+00
      20711    862.917     30.403     30.596    29.2574    29.2544   5.962155   5.962037     3.1905     2.7009      23.20   22.27340  -90.04272    0.00004   -0.00051          3  0.000e+00
      20712    862.958     30.423     30.617    29.2571    29.2538   5.962132   5.961988     3.1905     2.7021      23.20   22.27340  -90.04272    0.00006   -0.00054          3  0.000e+00
      20713    863.000     30.403     30.596    29.2574    29.2545   5.962124   5.962004     3.1917     2.7009      23.20   22.27340  -90.04272    0.00008   -0.00059          3  0.000e+00
      20714    863.042     30.457     30.651    29.2573    29.2549   5.962156   5.962061     3.1905     2.7021      23.20   22.27340  -90.04272    0.00008   -0.00063          3  0.000e+00
      20715    863.083     30.369     30.562    29.2574    29.2553   5.962100   5.962077     3.1905     2.7021      23.20   22.27340  -90.04272    0.00008   -0.00066          3  0.000e+00
      20716    863.125     30.457     30.651    29.2573    29.2556   5.962148   5.962101     3.1905     2.7021      23.20   22.27340  -90.04272    0.00008   -0.00071          3  0.000e+00
      20717    863.167     30.423     30.617    29.2572    29.2556   5.962060   5.962158     3.1905     2.7021      23.20   22.27340  -90.04272    0.00010   -0.00075          3  0.000e+00
      20718    863.208     30.403     30.596    29.2571    29.2555   5.962060   5.962174     3.1917     2.7033      23.20   22.27340  -90.04272    0.00013   -0.00078          3  0.000e+00
      20719    863.250     30.423     30.617    29.2569    29.2556   5.962004   5.962174     3.1917     2.7021      23.20   22.27340  -90.04272    0.00017   -0.00083          3  0.000e+00
      20720    863.292     30.403     30.596    29.2562    29.2558   5.961980   5.962158     3.1917     2.7021      23.20   22.27340  -90.04272    0.00020   -0.00088          3  0.000e+00
      20721    863.333     30.457     30.651    29.2554    29.2558   5.961932   5.962134     3.1929     2.7021      23.20   22.27340  -90.04272    0.00025   -0.00093          3  0.000e+00
      20722    863.375     30.369     30.562    29.2544    29.2558   5.961812   5.962158     3.1929     2.7021      23.20   22.27340  -90.04272    0.00030   -0.00099          3  0.000e+00
      20723    863.417     30.457     30.651    29.2537    29.2560   5.961844   5.962174     3.1929     2.7021      23.20   22.27340  -90.04272    0.00035   -0.00105          3  0.000e+00
      20724    863.458     30.369     30.562    29.2531    29.2558   5.961836   5.962158     3.1929     2.7021      23.20   22.27340  -90.04272    0.00039   -0.00112          3  0.000e+00
      20725    863.500     30.457     30.651    29.2530    29.2558   5.961828   5.962134     3.1929     2.7009      23.20   22.27340  -90.04272    0.00044   -0.00118          3  0.000e+00
      20726    863.542     30.369     30.562    29.2531    29.2558   5.961828   5.962126     3.1929     2.7009      23.20   22.27340  -90.04272    0.00048   -0.00125          3  0.000e+00
      20727    863.583     30.403     30.596    29.2536    29.2556   5.961788   5.962110     3.1929     2.7009      23.20   22.27340  -90.04272    0.00053   -0.00131          3  0.000e+00
      20728    863.625     30.403     30.596    29.2544    29.2558   5.961780   5.962158     3.1929     2.7009      23.20   22.27340  -90.04272    0.00057   -0.00135          3  0.000e+00
      20729    863.667     30.423     30.617    29.2545    29.2561   5.961740   5.962174     3.1929     2.7009      23.20   22.27340  -90.04272    0.00061   -0.00140          3  0.000e+00
      20730    863.708     30.403     30.596    29.2542    29.2560   5.961804   5.962207     3.1929     2.7009      23.20   22.27340  -90.04272    0.00065   -0.00144          3  0.000e+00
      20731    863.750     30.423     30.617    29.2543    29.2560   5.961756   5.962207     3.1929     2.7009      23.17   22.27340  -90.04272    0.00069   -0.00148          3  0.000e+00
      20732    863.792     30.403     30.596    29.2544    29.2560   5.961764   5.962182     3.1941     2.7021      23.20   22.27340  -90.04272    0.00075   -0.00148          3  0.000e+00
      20733    863.833     30.369     30.562    29.2546    29.2562   5.961852   5.962207     3.1941     2.7021      23.20   22.27340  -90.04272    0.00080   -0.00149          3  0.000e+00
      20734    863.875     30.403     30.596    29.2549    29.2562   5.961908   5.962255     3.1929     2.7021      23.20   22.27340  -90.04272    0.00084   -0.00149          3  0.000e+00
      23477    978.167     20.348     20.477    29.4032    29.4028   5.966164   5.966634     3.1709     2.6825      33.14   22.27346  -90.04270    0.00026   -0.00003          4  0.000e+00
      23478    978.208     20.450     20.579    29.4032    29.4050   5.966116   5.966634     3.1709     2.6825      33.16   22.27346  -90.04270    0.00032    0.00002          4  0.000e+00
      23479    978.250     20.240     20.368    29.4034    29.4046   5.966180   5.966594     3.1709     2.6825      33.14   22.27346  -90.04270    0.00038    0.00008          4  0.000e+00
      23480    978.292     20.395     20.525    29.4032    29.4043   5.966308   5.966586     3.1709     2.6838      33.16   22.27346  -90.04270    0.00044    0.00014          4  0.000e+00
      23481    978.333     20.301     20.429    29.4032    29.4046   5.966316   5.966618     3.1697     2.6838      33.14   22.27346  -90.04270    0.00048    0.00021          4  0.000e+00
      23482    978.375     20.389     20.518    29.4034    29.4047   5.966260   5.966634     3.1697     2.6838      33.14   22.27346  -90.04270    0.00050    0.00028          4  0.000e+00
      23483    978.417     20.348     20.477    29.4034    29.4046   5.966292   5.966634     3.1709     2.6838      33.14   22.27346  -90.04270    0.00054    0.00034          4  0.000e+00
      23484    978.458     20.395     20.525    29.4034    29.4047   5.966340   5.966634     3.1709     2.6838      33.14   22.27346  -90.04270    0.00059    0.00041          4  0.000e+00
      23485    978.500     20.341     20.470    29.4035    29.4046   5.966356   5.966594     3.1709     2.6838      33.14   22.27346  -90.04270    0.00063    0.00045          4  0.000e+00
      23486    978.542     20.395     20.525    29.4036    29.4046   5.966356   5.966618     3.1709     2.6838      33.14   22.27346  -90.04270    0.00066    0.00050          4  0.000e+00
      23487    978.583     20.348     20.477    29.4035    29.4046   5.966316   5.966594     3.1709     2.6825      33.14   22.27346  -90.04270    0.00070    0.00052          4  0.000e+00
      23488    978.625     20.389     20.518    29.4035    29.4047   5.966380   5.966618     3.1697     2.6838      33.14   22.27346  -90.04270    0.00072    0.00057          4  0.000e+00
      23489    978.667     20.348     20.477    29.4035    29.4046   5.966332   5.966561     3.1709     2.6825      33.14   22.27346  -90.04270    0.00076    0.00059          4  0.000e+00
      23490    978.708     20.348     20.477    29.4035    29.4047   5.966308   5.966569     3.1697     2.6825      33.14   22.27346  -90.04270    0.00078    0.00062          4  0.000e+00
      23491    978.750     20.389     20.518    29.4035    29.4046   5.966380   5.966586     3.1697     2.6825      33.14   22.27346  -90.04270    0.00080    0.00064          4  0.000e+00
      23492    978.792     20.348     20.477    29.4036    29.4046   5.966364   5.966545     3.1697     2.6838      33.14   22.27346  -90.04270    0.00082    0.00068          4  0.000e+00
      23493    978.833     20.395     20.525    29.4037    29.4046   5.966428   5.966569     3.1697     2.6838      33.14   22.27346  -90.04270    0.00082    0.00072          4  0.000e+00
      23494    978.875     20.389     20.518    29.4034    29.4046   5.966380   5.966553     3.1697     2.6838      33.14   22.27346  -90.04270    0.00084    0.00076          4  0.000e+00
      23495    978.917     20.348     20.477    29.4037    29.4045   5.966388   5.966537     3.1697     2.6838      33.14   22.27346  -90.04270    0.00086    0.00080          4  0.000e+00
      23496    978.958     20.395     20.525    29.4037    29.4046   5.966404   5.966537     3.1685     2.6838      33.14   22.27346  -90.04270    0.00085    0.00083          4  0.000e+00
      23497    979.000     20.341     20.470    29.4038    29.4046   5.966436   5.966569     3.1685     2.6838      33.14   22.27346  -90.04270    0.00085    0.00087          4  0.000e+00
      23498    979.042     20.395     20.525    29.4035    29.4045   5.966452   5.966586     3.1685     2.6838      33.14   22.27346  -90.04270    0.00085    0.00090          4  0.000e+00
      23499    979.083     20.348     20.477    29.4037    29.4044   5.966412   5.966545     3.1685     2.6838      33.14   22.27346  -90.04270    0.00085    0.00093          4  0.000e+00
      23500    979.125     20.389     20.518    29.4035    29.4044   5.966436   5.966578     3.1685     2.6825      33.14   22.27346  -90.04270    0.00085    0.00095          4  0.000e+00
      23501    979.167     20.348     20.477    29.4039    29.4043   5.966412   5.966545     3.1685     2.6825      33.14   22.27346  -90.04270    0.00085    0.00096          4  0.000e+00
      23502    979.208     20.395     20.525    29.4037    29.4047   5.966404   5.966537     3.1685     2.6813      33.14   22.27346  -90.04270    0.00085    0.00096          4  0.000e+00
