GOMECC/GOMECC-4/1db/rb2103_0281.cnv
* Sea-Bird SBE 9 Data File:
* FileName = C:\Users\scs.user.rb\CTD\GOMECC4\data\rb2103_0281.hex
* Software Version Seasave V 7.26.7.107
* Temperature SN = 4799
* Conductivity SN = 3860
* Number of Bytes Per Scan = 41
* Number of Voltage Words = 4
* Number of Scans Averaged by the Deck Unit = 1
* NMEA Latitude = 27 59.98 N
* NMEA Longitude = 086 37.19 W
* NMEA UTC (Time) = Sep 21 2021  18:09:14
* NMEA baud rate = 4800
# nquan = 28
# nvalues = 490                         
# units = specified
# name 0 = scan: Scan Count
# name 1 = timeS: Time, Elapsed [seconds]
# name 2 = depSM: Depth [salt water, m]
# name 3 = prDM: Pressure, Digiquartz [db]
# name 4 = t090C: Temperature [ITS-90, deg C]
# name 5 = t190C: Temperature, 2 [ITS-90, deg C]
# name 6 = c0S/m: Conductivity [S/m]
# name 7 = c1S/m: Conductivity, 2 [S/m]
# name 8 = sbeox0V: Oxygen raw, SBE 43 [V]
# name 9 = sbeox1V: Oxygen raw, SBE 43, 2 [V]
# name 10 = altM: Altimeter [m]
# name 11 = latitude: Latitude [deg]
# name 12 = longitude: Longitude [deg]
# name 13 = sbox0dV/dT: Oxygen, SBE 43 [dov/dt]
# name 14 = sbox1dV/dT: Oxygen, SBE 43, 2 [dov/dt]
# name 15 = sbeox0ML/L: Oxygen, SBE 43 [ml/l], WS = 5
# name 16 = sbeox1ML/L: Oxygen, SBE 43, 2 [ml/l], WS = 5
# name 17 = potemp090C: Potential Temperature [ITS-90, deg C]
# name 18 = potemp190C: Potential Temperature, 2 [ITS-90, deg C]
# name 19 = sal00: Salinity, Practical [PSU]
# name 20 = sal11: Salinity, Practical, 2 [PSU]
# name 21 = sigma-é00: Density [sigma-theta, kg/m^3]
# name 22 = sigma-é11: Density, 2 [sigma-theta, kg/m^3]
# name 23 = avgsvCM: Average Sound Velocity [Chen-Millero, m/s], minP = 20, minS = 20
# name 24 = sbox0Mm/Kg: Oxygen, SBE 43 [umol/kg], WS = 5
# name 25 = sbox1Mm/Kg: Oxygen, SBE 43, 2 [umol/kg], WS = 5
# name 26 = nbin: number of scans per bin
# name 27 = flag: flag
# span 0 =       8833,     244859       
# span 1 =    367.993,  10202.431       
# span 2 =      1.987,   2960.940       
# span 3 =      2.000,   3002.000       
# span 4 =     4.2925,    29.6213       
# span 5 =     4.2932,    29.6168       
# span 6 =   3.347456,   5.818821       
# span 7 =   3.347395,   5.819306       
# span 8 =     1.6217,     3.2462       
# span 9 =     1.3250,     2.7570       
# span 10 =       2.90,     104.05      
# span 11 =   27.99305,   28.89505      
# span 12 =  -89.39515,  -86.60354      
# span 13 =   -0.03904,    0.03345      
# span 14 =   -0.03639,    0.03871      
# span 15 =     2.5698,     4.6649      
# span 16 =     2.5950,     4.6974      
# span 17 =     4.0816,    29.6206      
# span 18 =     4.0826,    29.6160      
# span 19 =    33.1801,    36.4858      
# span 20 =    33.1971,    36.4847      
# span 21 =    20.8504,    27.7580      
# span 22 =    20.8641,    27.7564      
# span 23 =       0.00,    1548.99      
# span 24 =    111.735,    202.706      
# span 25 =    112.830,    204.121      
# span 26 =         30,         78      
# span 27 = 0.0000e+00, 0.0000e+00      
# interval = decibars: 1                
# start_time = Sep 21 2021 18:09:14 [NMEA time, header]
# bad_flag = -9.990e-29
*END*
[from data line 363]
     200017   8334.002    424.714    428.000     9.6810     9.6940   3.813645   3.814879     1.6287     1.3309      88.59   27.99884  -86.62052    0.00019    0.00031     2.5719     2.5996     9.6316     9.6446    35.1608    35.1608    27.1402    27.1380    1500.92    111.826    113.032         54 0.0000e+00
     200064   8335.967    423.723    427.000     9.7188     9.7197   3.817535   3.817636     1.6291     1.3305      92.24   27.99884  -86.62052    0.00005    0.00009     2.5701     2.5964     9.6694     9.6703    35.1644    35.1646    27.1366    27.1366    1500.92    111.746    112.892         46 0.0000e+00
     200110   8337.888    422.731    426.000     9.7318     9.7313   3.818887   3.818860     1.6294     1.3312     100.33   27.99883  -86.62052    0.00019    0.00001     2.5698     2.5973     9.6825     9.6821    35.1661    35.1663    27.1358    27.1359    1500.92    111.735    112.931         40 0.0000e+00
     200144   8339.310    421.740    425.000     9.7397     9.7385   3.819868   3.819677     1.6306     1.3320      76.74   27.99882  -86.62052    0.00035    0.00040     2.5724     2.5990     9.6905     9.6893    35.1689    35.1681    27.1366    27.1362    1500.92    111.850    113.005         31 0.0000e+00
     202705   8445.999    324.569    327.000    12.0488    12.0624   4.070771   4.071974     1.7001     1.3936      83.34   27.99993  -86.62395   -0.00055   -0.00048     2.5814     2.6040    12.0060    12.0191    35.5025    35.5029    26.9785    26.9763    1500.98    112.258    113.239         50 0.0000e+00
     202776   8448.946    323.577    326.000    12.0315    12.0454   4.068406   4.070038     1.6994     1.3937      99.72   27.99882  -86.62052   -0.00023   -0.00007     2.5801     2.6044    11.9884    12.0023    35.4976    35.4991    26.9780    26.9765    1500.92    112.202    113.259         67 0.0000e+00
     202858   8452.358    322.585    325.000    12.0141    12.0147   4.066434   4.066564     1.6996     1.3952      85.21   27.99882  -86.62052   -0.00000    0.00044     2.5814     2.6104    11.9712    11.9719    35.4934    35.4948    26.9780    26.9790    1500.92    112.256    113.520         63 0.0000e+00
     202938   8455.722    321.593    324.000    12.0189    12.0192   4.066926   4.067206     1.7014     1.3964     100.12   27.99882  -86.62052    0.00051    0.00035     2.5854     2.6131    11.9761    11.9765    35.4951    35.4972    26.9784    26.9799    1500.92    112.432    113.633         76 0.0000e+00
     203017   8458.983    320.601    323.000    12.0802    12.1287   4.073512   4.078743     1.7019     1.3966      89.22   27.99882  -86.62050    0.00026    0.00014     2.5827     2.6077    12.0375    12.0861    35.5011    35.5106    26.9713    26.9693    1500.92    112.314    113.399         72 0.0000e+00
     203099   8462.431    319.610    322.000    12.1740    12.1789   4.084403   4.084923     1.7022     1.3960      91.50   27.99882  -86.62050    0.00011   -0.00018     2.5772     2.6017    12.1312    12.1360    35.5194    35.5191    26.9674    26.9662    1500.92    112.076    113.141         76 0.0000e+00
     203174   8465.534    318.618    321.000    12.1955    12.1943   4.086976   4.086588     1.7011     1.3949      92.88   27.99882  -86.62050   -0.00035   -0.00026     2.5726     2.5973    12.1527    12.1515    35.5236    35.5211    26.9665    26.9647    1500.92    111.873    112.949         60 0.0000e+00
     204373   8515.505    317.626    320.000    12.2300    12.2384   4.090867   4.091486     1.7022     1.3959     100.40   27.99882  -86.62051   -0.00010   -0.00032     2.5733     2.5971    12.1873    12.1957    35.5300    35.5273    26.9647    26.9610    1500.92    111.905    112.940         53 0.0000e+00
     205843   8576.732    316.634    319.000    12.2588    12.2577   4.094164   4.094040     1.7046     1.3984     100.00   27.99882  -86.62050    0.00005   -0.00002     2.5771     2.6026    12.2161    12.2151    35.5346    35.5342    26.9627    26.9626    1500.92    112.070    113.182         59 0.0000e+00
     205920   8579.973    315.642    318.000    12.2552    12.2543   4.093737   4.093666     1.7054     1.3997     100.00   27.99882  -86.62050    0.00019    0.00025     2.5790     2.6063    12.2127    12.2118    35.5341    35.5343    26.9630    26.9633    1500.92    112.156    113.341         59 0.0000e+00
     205969   8582.003    314.650    317.000    12.2678    12.2728   4.095086   4.095512     1.7051     1.4009      98.09   27.99882  -86.62050    0.00021    0.00071     2.5773     2.6083    12.2254    12.2304    35.5357    35.5351    26.9617    26.9603    1500.92    112.078    113.428         39 0.0000e+00
     206003   8583.401    313.659    316.000    12.2951    12.2931   4.097648   4.097759     1.7062     1.4021     100.01   27.99882  -86.62050    0.00001    0.00063     2.5795     2.6101    12.2528    12.2508    35.5387    35.5380    26.9588    26.9586    1500.92    112.174    113.509         30 0.0000e+00
     207568   8648.644    255.132    257.000    13.9242    13.9322   4.283611   4.284745     1.8277     1.5095     100.01   28.00285  -86.63297   -0.00053   -0.00085     2.7648     2.7879    13.8868    13.8949    35.8032    35.8064    26.8324    26.8331    1501.14    120.249    121.254         43 0.0000e+00
     207598   8649.862    254.140    256.000    13.8635    13.8704   4.276159   4.276968     1.8265     1.5086      99.99   27.99882  -86.62050   -0.00058   -0.00069     2.7654     2.7890    13.8265    13.8344    35.7891    35.7901    26.8339    26.8331    1500.92    120.274    121.302         57 0.0000e+00
     207672   8652.962    253.148    255.000    13.8833    13.8571   4.278443   4.275235     1.8276     1.5103     100.00   27.99882  -86.62050    0.00023    0.00037     2.7664     2.7937    13.8478    13.8205    35.7912    35.7877    26.8310    26.8343    1500.92    120.319    121.507         50 0.0000e+00
     207757   8656.518    252.156    254.000    13.8713    13.8543   4.276732   4.274554     1.8280     1.5115     100.00   27.99882  -86.62050    0.00015    0.00042     2.7682     2.7974    13.8345    13.8175    35.7881    35.7841    26.8314    26.8319    1500.92    120.396    121.666         63 0.0000e+00
     207843   8660.077    251.164    253.000    13.8471    13.8425   4.273938   4.273374     1.8291     1.5128     100.00   27.99882  -86.62049    0.00027    0.00035     2.7722     2.8013    13.8105    13.8061    35.7844    35.7828    26.8336    26.8332    1500.92    120.570    121.836         76 0.0000e+00
     207928   8663.608    250.172    252.000    13.9189    13.9165   4.282529   4.281797     1.8311     1.5141     100.00   27.99882  -86.62048    0.00050    0.00039     2.7721     2.7997    13.8849    13.8801    35.7975    35.7945    26.8280    26.8268    1500.92    120.568    121.768         62 0.0000e+00
     208011   8667.097    249.179    251.000    13.9340    13.9479   4.283996   4.285359     1.8320     1.5155     100.00   27.99882  -86.62048    0.00032    0.00024     2.7729     2.8011    13.8972    13.9114    35.7991    35.7987    26.8267    26.8234    1500.92    120.601    121.831         58 0.0000e+00
     209085   8711.840    248.187    250.000    14.0744    14.1102   4.304077   4.303865     1.8331     1.5166     100.00   27.99881  -86.62049    0.00015    0.00022     2.7647     2.7934    14.0407    14.0735    35.8228    35.8236    26.8145    26.8082    1500.92    120.245    121.496         55 0.0000e+00
     210563   8773.437    247.195    249.000    14.2815    14.2779   4.324684   4.324231     1.8338     1.5156      96.26   27.99880  -86.62050    0.00017    0.00007     2.7544     2.7802    14.2447    14.2411    35.8559    35.8553    26.7967    26.7970    1500.92    119.800    120.925         58 0.0000e+00
     210609   8775.343    246.203    248.000    14.2813    14.2943   4.324542   4.326101     1.8341     1.5169      97.98   27.99880  -86.62050    0.00008    0.00040     2.7546     2.7824    14.2447    14.2576    35.8554    35.8578    26.7963    26.7954    1500.92    119.812    121.019         61 0.0000e+00
     210664   8777.636    245.211    247.000    14.3244    14.3361   4.329511   4.330795     1.8353     1.5171     100.01   27.99880  -86.62050    0.00034    0.00042     2.7546     2.7799    14.2878    14.2995    35.8620    35.8631    26.7921    26.7905    1500.92    119.811    120.913         49 0.0000e+00
     210708   8779.468    244.219    246.000    14.3795    14.3804   4.335783   4.335972     1.8371     1.5189     100.00   27.99880  -86.62050    0.00069    0.00013     2.7557     2.7819    14.3430    14.3439    35.8703    35.8707    26.7867    26.7868    1500.92    119.859    121.000         39 0.0000e+00
     210743   8780.913    243.226    245.000    14.4069    14.4046   4.339186   4.338792     1.8409     1.5245     100.00   27.99879  -86.62050    0.00140    0.00165     2.7625     2.7951    14.3705    14.3682    35.8761    35.8746    26.7852    26.7846    1500.92    120.156    121.573         30 0.0000e+00
     212349   8847.839    184.680    186.000    16.3169    16.3264   4.564387   4.565396     1.9747     1.6444     100.04   28.00919  -86.65282    0.00148    0.00178     2.9391     2.9686    16.2869    16.2963    36.1956    36.1960    26.6021    26.6002    1501.48    127.859    129.145         38 0.0000e+00
     212341   8847.501    183.687    185.000    16.2430    16.2375   4.554463   4.553690     1.9754     1.6441      78.71   27.99876  -86.62056    0.00100    0.00089     2.9455     2.9732    16.2132    16.2078    36.1709    36.1700    26.5993    26.6001    1500.92    128.138    129.341         51 0.0000e+00
     212422   8850.893    182.695    184.000    16.2231    16.2444   4.551697   4.553940     1.9728     1.6442      77.11   27.99876  -86.62056   -0.00070   -0.00007     2.9403     2.9727    16.1935    16.2147    36.1664    36.1690    26.6005    26.5975    1500.92    127.911    129.323         66 0.0000e+00
     212508   8854.465    181.703    183.000    16.2285    16.2435   4.552399   4.554073     1.9730     1.6440      99.75   27.99876  -86.62056   -0.00000   -0.00009     2.9403     2.9718    16.1990    16.2140    36.1665    36.1675    26.5992    26.5965    1500.92    127.909    129.283         43 0.0000e+00
     212592   8857.961    180.710    182.000    16.3806    16.3481   4.569529   4.569554     1.9764     1.6495      96.90   27.99876  -86.62056    0.00087    0.00175     2.9388     2.9790    16.3487    16.3186    36.1834    36.1964    26.5773    26.5943    1500.92    127.849    129.594         46 0.0000e+00
     212680   8861.645    179.717    181.000    16.4422    16.4841   4.577896   4.583000     1.9934     1.6619     100.04   27.99876  -86.62056    0.00411    0.00314     2.9730     3.0023    16.4116    16.4551    36.2011    36.2117    26.5761    26.5751    1500.92    129.337    130.613         60 0.0000e+00
     213867   8911.096    177.733    179.000    16.6081    16.6016   4.597997   4.597300     2.0000     1.6655      99.38   27.99991  -86.62415    0.00045    0.00009     2.9768     3.0028    16.5787    16.5722    36.2288    36.2285    26.5582    26.5595    1500.98    129.505    130.637         60 0.0000e+00
     213915   8913.076    176.740    178.000    16.6734    16.6746   4.605689   4.605682     2.0017     1.6674      99.99   27.99876  -86.62058    0.00056    0.00035     2.9761     3.0029    16.6442    16.6456    36.2377    36.2378    26.5494    26.5490    1500.92    129.473    130.641         50 0.0000e+00
     213959   8914.928    175.748    177.000    16.7731    16.7726   4.617526   4.617412     2.0049     1.6713     100.00   27.99876  -86.62060    0.00118    0.00154     2.9766     3.0061    16.7440    16.7434    36.2523    36.2517    26.5370    26.5368    1500.92    129.500    130.784         35 0.0000e+00
     213994   8916.355    174.755    176.000    16.8275    16.8322   4.623977   4.624414     2.0088     1.6752     100.00   27.99876  -86.62060    0.00198    0.00226     2.9817     3.0119    16.7984    16.8031    36.2604    36.2600    26.5303    26.5289    1500.92    129.721    131.036         34 0.0000e+00
     215277   8969.842    131.080    132.000    18.6670    18.7338   4.834684   4.841390     1.9254     1.6117     100.06   28.01506  -86.67101    0.01524    0.01962     2.6676     2.7300    18.6436    18.7104    36.4597    36.4574    26.2304    26.2116    1501.79    116.092    118.808         43 0.0000e+00
     215215   8967.241    130.088    131.000    18.6348    18.6463   4.829150   4.830511     1.9371     1.6156     100.00   27.99876  -86.62060    0.01071    0.00905     2.6951     2.7433    18.6116    18.6233    36.4362    36.4339    26.2188    26.2135    1500.92    117.287    119.384         56 0.0000e+00
     215297   8970.652    129.095    130.000    18.7442    18.7018   4.841210   4.835939     1.9513     1.6167     100.00   27.99876  -86.62060    0.00271   -0.00198     2.7198     2.7428    18.7210    18.6787    36.4403    36.4338    26.1940    26.2000    1500.92    118.367    119.365         62 0.0000e+00
     215384   8974.299    128.102    129.000    18.7170    18.7116   4.838126   4.837009     1.9679     1.6267     100.00   27.99876  -86.62059    0.00359    0.00179     2.7577     2.7662    18.6954    18.6893    36.4380    36.4359    26.1988    26.1992    1500.92    120.016    120.386         67 0.0000e+00
     215468   8977.776    127.109    128.000    18.8353    18.8382   4.850464   4.850395     1.9752     1.6420      95.10   27.99876  -86.62058    0.00128    0.00383     2.7671     2.7960    18.8124    18.8153    36.4391    36.4358    26.1697    26.1665    1500.92    120.427    121.684         64 0.0000e+00
     215553   8981.326    126.117    127.000    18.9409    18.9076   4.862104   4.858017     1.9892     1.6531     100.53   27.99876  -86.62058    0.00447    0.00380     2.7912     2.8186    18.9181    18.8848    36.4445    36.4377    26.1468    26.1501    1500.92    121.481    122.672         58 0.0000e+00
     215638   8984.867    125.124    126.000    18.9674    18.9816   4.865032   4.865917     1.9871     1.6499     100.00   27.99876  -86.62058   -0.00030   -0.00047     2.7850     2.8062    18.9448    18.9589    36.4462    36.4413    26.1413    26.1338    1500.92    121.208    122.134         70 0.0000e+00
     216419   9017.430    124.131    125.000    19.0431    19.0809   4.873431   4.877030     1.9799     1.6446      98.96   27.99873  -86.62059   -0.00093   -0.00072     2.7644     2.7883    19.0206    19.0586    36.4506    36.4501    26.1251    26.1157    1500.92    120.316    121.358         31 0.0000e+00
     217031   9042.900    123.138    124.000    19.0951    19.0896   4.878842   4.878615     1.9756     1.6388      99.96   27.99870  -86.62060   -0.00036   -0.00051     2.7519     2.7730    19.0727    19.0674    36.4508    36.4544    26.1118    26.1162    1500.92    119.772    120.690         64 0.0000e+00
     217117   9046.511    122.146    123.000    19.1466    19.1546   4.883915   4.885016     1.9720     1.6367      96.09   27.99869  -86.62060   -0.00098   -0.00092     2.7408     2.7646    19.1244    19.1324    36.4485    36.4507    26.0967    26.0963    1500.92    119.292    120.325         60 0.0000e+00
     217170   9048.728    121.153    122.000    19.2830    19.2867   4.899129   4.899655     1.9720     1.6353     100.11   27.99869  -86.62060   -0.00091   -0.00039     2.7328     2.7537    19.2609    19.2646    36.4566    36.4578    26.0676    26.0675    1500.92    118.947    119.858         47 0.0000e+00
     217210   9050.385    120.160    121.000    19.3203    19.3160   4.903307   4.902654     1.9739     1.6386     100.00   27.99868  -86.62060    0.00057    0.00004     2.7346     2.7598    19.2983    19.2940    36.4593    36.4576    26.0599    26.0597    1500.92    119.024    120.121         34 0.0000e+00
