GOMECC/GOMECC-4/1db/rb2103_1111.ros
* Sea-Bird SBE 9 Data File:
* FileName = C:\Users\scs.user.rb\CTD\GOMECC4\data\rb2103_1111.hex
* Software Version Seasave V 7.26.7.107
* Temperature SN = 4799
* Conductivity SN = 3860
* Number of Bytes Per Scan = 41
* Number of Voltage Words = 4
* Number of Scans Averaged by the Deck Unit = 1
* NMEA Latitude = 22 20.89 N
* NMEA Longitude = 086 44.62 W
* NMEA UTC (Time) = Oct 15 2021  09:40:26
* NMEA baud rate = 4800
# nquan = 17
# nvalues = 1463                                  
# units = specified
# name 0 = scan: Scan Count
# name 1 = timeS: Time, Elapsed [seconds]
# name 2 = depSM: Depth [salt water, m]
# name 3 = prDM: Pressure, Digiquartz [db]
# name 4 = t090C: Temperature [ITS-90, deg C]
# name 5 = t190C: Temperature, 2 [ITS-90, deg C]
# name 6 = c0S/m: Conductivity [S/m]
# name 7 = c1S/m: Conductivity, 2 [S/m]
# name 8 = sbeox0V: Oxygen raw, SBE 43 [V]
# name 9 = sbeox1V: Oxygen raw, SBE 43, 2 [V]
# name 10 = altM: Altimeter [m]
# name 11 = latitude: Latitude [deg]
# name 12 = longitude: Longitude [deg]
# name 13 = sbox0dV/dT: Oxygen, SBE 43 [dov/dt]
# name 14 = sbox1dV/dT: Oxygen, SBE 43, 2 [dov/dt]
# name 15 = nbf: Bottles Fired
# name 16 = flag:  0.000e+00
# interval = seconds: 0.0416667
# start_time = Oct 15 2021 09:40:26 [NMEA time, header]
# bad_flag = -9.990e-29
*END*
[from data line 596]
      32745   1364.333     74.632     75.116    19.5268    19.5708   4.937117   4.940111     2.1856     1.8168     100.00   22.34954  -86.74212   -0.00005   -0.00016          5  0.000e+00
      32746   1364.375     74.680     75.163    19.5284    19.5705   4.937117   4.940059     2.1844     1.8181     100.00   22.34954  -86.74212   -0.00007   -0.00014          5  0.000e+00
      32747   1364.417     74.680     75.163    19.5376    19.5695   4.937021   4.939954     2.1844     1.8168     100.00   22.34954  -86.74212   -0.00010   -0.00014          5  0.000e+00
      32748   1364.458     74.632     75.116    19.5449    19.5686   4.936925   4.939880     2.1856     1.8181     100.00   22.34954  -86.74212   -0.00009   -0.00012          5  0.000e+00
      32749   1364.500     74.632     75.116    19.5390    19.5686   4.936873   4.939842     2.1844     1.8181     100.00   22.34954  -86.74212   -0.00012   -0.00010          5  0.000e+00
      32750   1364.542     74.632     75.116    19.5340    19.5689   4.936829   4.939805     2.1844     1.8168     100.00   22.34954  -86.74212   -0.00014   -0.00009          5  0.000e+00
      32751   1364.583     74.632     75.116    19.5360    19.5684   4.936910   4.939790     2.1856     1.8181     100.00   22.34954  -86.74212   -0.00015   -0.00007          5  0.000e+00
      32752   1364.625     74.680     75.163    19.5390    19.5689   4.937006   4.939910     2.1844     1.8181     100.00   22.34954  -86.74212   -0.00018   -0.00005          5  0.000e+00
      32753   1364.667     74.585     75.068    19.5397    19.5695   4.937058   4.939992     2.1844     1.8168     100.00   22.34954  -86.74212   -0.00020   -0.00006          5  0.000e+00
      32754   1364.708     74.632     75.116    19.5456    19.5700   4.937161   4.940096     2.1844     1.8181     100.00   22.34954  -86.74212   -0.00021   -0.00003          5  0.000e+00
      32755   1364.750     74.632     75.116    19.5488    19.5695   4.937286   4.940216     2.1844     1.8168     100.00   22.34954  -86.74212   -0.00023   -0.00003          5  0.000e+00
      32756   1364.792     74.585     75.068    19.5491    19.5689   4.937441   4.940186     2.1844     1.8168     100.00   22.34954  -86.74212   -0.00024   -0.00004          5  0.000e+00
      32757   1364.833     74.632     75.116    19.5492    19.5701   4.937574   4.940261     2.1844     1.8181     100.00   22.34954  -86.74212   -0.00024   -0.00003          5  0.000e+00
      32758   1364.875     74.585     75.068    19.5529    19.5717   4.937544   4.940320     2.1832     1.8168     100.00   22.34954  -86.74212   -0.00028   -0.00004          5  0.000e+00
      32759   1364.917     74.585     75.068    19.5574    19.5726   4.937433   4.940208     2.1832     1.8168     100.00   22.34954  -86.74212   -0.00032   -0.00005          5  0.000e+00
      32760   1364.958     74.578     75.061    19.5582    19.5714   4.937463   4.940036     2.1844     1.8181     100.00   22.34954  -86.74212   -0.00034   -0.00004          5  0.000e+00
      32761   1365.000     74.632     75.116    19.5574    19.5700   4.937551   4.939812     2.1844     1.8193     100.00   22.34954  -86.74212   -0.00037   -0.00003          5  0.000e+00
      32762   1365.042     74.578     75.061    19.5581    19.5693   4.937573   4.939782     2.1844     1.8168     100.00   22.34954  -86.74212   -0.00039   -0.00005          5  0.000e+00
      32763   1365.083     74.585     75.068    19.5606    19.5689   4.937662   4.939820     2.1832     1.8168     100.00   22.34954  -86.74212   -0.00040   -0.00005          5  0.000e+00
      32764   1365.125     74.531     75.013    19.5595    19.5670   4.937758   4.939872     2.1832     1.8168     100.00   22.34954  -86.74212   -0.00044   -0.00008          5  0.000e+00
      32765   1365.167     74.578     75.061    19.5598    19.5659   4.937780   4.939842     2.1832     1.8181     100.00   22.34954  -86.74212   -0.00046   -0.00007          5  0.000e+00
      32766   1365.208     74.585     75.068    19.5598    19.5658   4.937868   4.939738     2.1832     1.8181     100.00   22.34954  -86.74212   -0.00049   -0.00005          5  0.000e+00
      32767   1365.250     74.578     75.061    19.5591    19.5659   4.937898   4.939745     2.1832     1.8168     100.00   22.34954  -86.74212   -0.00053   -0.00007          5  0.000e+00
      32768   1365.292     74.531     75.013    19.5570    19.5667   4.937868   4.939693     2.1832     1.8168     100.00   22.34954  -86.74212   -0.00056   -0.00010          5  0.000e+00
      32769   1365.333     74.585     75.068    19.5555    19.5667   4.937795   4.939536     2.1832     1.8168     100.00   22.34954  -86.74212   -0.00059   -0.00011          5  0.000e+00
      32770   1365.375     74.483     74.966    19.5555    19.5656   4.937780   4.939386     2.1832     1.8168     100.00   22.34954  -86.74212   -0.00061   -0.00012          5  0.000e+00
      32771   1365.417     74.585     75.068    19.5566    19.5642   4.937743   4.939215     2.1832     1.8181     100.00   22.34954  -86.74212   -0.00064   -0.00013          5  0.000e+00
      32772   1365.458     74.531     75.013    19.5572    19.5623   4.937610   4.939103     2.1832     1.8181     100.00   22.34954  -86.74212   -0.00067   -0.00014          5  0.000e+00
      32773   1365.500     74.578     75.061    19.5568    19.5612   4.937478   4.939065     2.1819     1.8168     100.00   22.34954  -86.74212   -0.00070   -0.00015          5  0.000e+00
      32774   1365.542     74.436     74.918    19.5565    19.5589   4.937293   4.939013     2.1819     1.8168     100.00   22.34954  -86.74212   -0.00074   -0.00015          5  0.000e+00
      32775   1365.583     74.578     75.061    19.5548    19.5591   4.937079   4.939005     2.1832     1.8181     100.00   22.34954  -86.74212   -0.00077   -0.00016          5  0.000e+00
      32776   1365.625     74.531     75.013    19.5533    19.5598   4.936962   4.938983     2.1819     1.8168      99.95   22.34954  -86.74212   -0.00081   -0.00017          5  0.000e+00
      32777   1365.667     74.531     75.013    19.5470    19.5597   4.936792   4.938998     2.1819     1.8168      99.88   22.34954  -86.74212   -0.00085   -0.00018          5  0.000e+00
      32778   1365.708     74.531     75.013    19.5414    19.5597   4.936674   4.939028     2.1819     1.8181      99.85   22.34954  -86.74212   -0.00089   -0.00019          5  0.000e+00
      32779   1365.750     74.531     75.013    19.5409    19.5591   4.936623   4.939080     2.1832     1.8168      99.85   22.34954  -86.74212   -0.00090   -0.00020          5  0.000e+00
      32780   1365.792     74.483     74.966    19.5399    19.5597   4.936770   4.939050     2.1819     1.8168      99.85   22.34954  -86.74212   -0.00094   -0.00020          5  0.000e+00
      32781   1365.833     74.531     75.013    19.5442    19.5600   4.936851   4.939043     2.1819     1.8168      99.85   22.34954  -86.74212   -0.00098   -0.00023          5  0.000e+00
      32782   1365.875     74.531     75.013    19.5452    19.5598   4.936866   4.939020     2.1819     1.8181      99.85   22.34954  -86.74212   -0.00101   -0.00020          5  0.000e+00
      32783   1365.917     74.483     74.966    19.5467    19.5597   4.936799   4.938968     2.1807     1.8181      99.85   22.34954  -86.74212   -0.00107   -0.00021          5  0.000e+00
      32784   1365.958     74.531     75.013    19.5468    19.5597   4.936748   4.938923     2.1807     1.8168      99.85   22.34954  -86.74212   -0.00110   -0.00022          5  0.000e+00
      32785   1366.000     74.483     74.966    19.5460    19.5598   4.936770   4.938893     2.1807     1.8168      99.85   22.34954  -86.74212   -0.00113   -0.00024          5  0.000e+00
      32786   1366.042     74.483     74.966    19.5459    19.5599   4.936748   4.938975     2.1807     1.8168      99.85   22.34954  -86.74212   -0.00117   -0.00025          5  0.000e+00
      32787   1366.083     74.531     75.013    19.5430    19.5602   4.936829   4.938938     2.1807     1.8168      99.85   22.34954  -86.74212   -0.00121   -0.00026          5  0.000e+00
      32788   1366.125     74.483     74.966    19.5426    19.5603   4.936829   4.938886     2.1807     1.8168      99.85   22.34954  -86.74212   -0.00124   -0.00028          5  0.000e+00
      32789   1366.167     74.483     74.966    19.5444    19.5602   4.936910   4.938886     2.1807     1.8168      99.85   22.34954  -86.74212   -0.00128   -0.00027          5  0.000e+00
      32790   1366.208     74.531     75.013    19.5474    19.5598   4.937102   4.938848     2.1807     1.8168      99.85   22.34954  -86.74212   -0.00131   -0.00027          5  0.000e+00
      32791   1366.250     74.483     74.966    19.5437    19.5591   4.937220   4.938863     2.1807     1.8168      99.85   22.34954  -86.74212   -0.00135   -0.00028          5  0.000e+00
      32792   1366.292     74.483     74.966    19.5453    19.5591   4.937330   4.938856     2.1807     1.8144      99.85   22.34954  -86.74212   -0.00139   -0.00032          5  0.000e+00
      32793   1366.333     74.531     75.013    19.5529    19.5593   4.937581   4.938871     2.1795     1.8156      99.85   22.34954  -86.74212   -0.00144   -0.00032          5  0.000e+00
      32794   1366.375     74.483     74.966    19.5537    19.5591   4.937743   4.938901     2.1807     1.8168      99.85   22.34954  -86.74212   -0.00148   -0.00033          5  0.000e+00
      32795   1366.417     74.483     74.966    19.5562    19.5589   4.937809   4.938961     2.1795     1.8156      99.85   22.34954  -86.74212   -0.00153   -0.00035          5  0.000e+00
      32796   1366.458     74.531     75.013    19.5610    19.5589   4.938038   4.938931     2.1807     1.8156      99.85   22.34954  -86.74212   -0.00154   -0.00037          5  0.000e+00
      32797   1366.500     74.483     74.966    19.5643    19.5593   4.938333   4.938946     2.1807     1.8156      99.85   22.34954  -86.74212   -0.00156   -0.00037          5  0.000e+00
      32798   1366.542     74.483     74.966    19.5652    19.5593   4.938583   4.938908     2.1795     1.8156      99.85   22.34954  -86.74212   -0.00160   -0.00040          5  0.000e+00
      32799   1366.583     74.483     74.966    19.5662    19.5589   4.938679   4.938819     2.1795     1.8156      99.85   22.34954  -86.74212   -0.00165   -0.00042          5  0.000e+00
      32800   1366.625     74.531     75.013    19.5669    19.5586   4.938723   4.938699     2.1807     1.8156      99.98   22.34954  -86.74212   -0.00168   -0.00045          5  0.000e+00
      32801   1366.667     74.483     74.966    19.5675    19.5584   4.938797   4.938834     2.1795     1.8144     100.00   22.34954  -86.74212   -0.00170   -0.00049          5  0.000e+00
      32802   1366.708     74.531     75.013    19.5673    19.5586   4.938841   4.938849     2.1795     1.8156     100.00   22.34954  -86.74212   -0.00172   -0.00050          5  0.000e+00
      32803   1366.750     74.483     74.966    19.5627    19.5589   4.938922   4.938863     2.1807     1.8144     100.00   22.34954  -86.74212   -0.00172   -0.00053          5  0.000e+00
      32804   1366.792     74.531     75.013    19.5588    19.5597   4.938908   4.938886     2.1795     1.8144     100.00   22.34954  -86.74212   -0.00174   -0.00058          5  0.000e+00
      32805   1366.833     74.483     74.966    19.5577    19.5600   4.938900   4.938878     2.1795     1.8144     100.00   22.34954  -86.74212   -0.00176   -0.00061          5  0.000e+00
      32806   1366.875     74.483     74.966    19.5567    19.5589   4.938893   4.938841     2.1807     1.8144     100.00   22.34954  -86.74212   -0.00177   -0.00064          5  0.000e+00
      32807   1366.917     74.531     75.013    19.5603    19.5582   4.938959   4.938781     2.1795     1.8144     100.00   22.34954  -86.74212   -0.00180   -0.00067          5  0.000e+00
      32808   1366.958     74.531     75.013    19.5640    19.5584   4.938989   4.938721     2.1795     1.8144     100.00   22.34954  -86.74212   -0.00183   -0.00070          5  0.000e+00
      32809   1367.000     74.531     75.013    19.5661    19.5588   4.939077   4.938714     2.1795     1.8144     100.00   22.34954  -86.74212   -0.00186   -0.00074          5  0.000e+00
      32810   1367.042     74.531     75.013    19.5673    19.5575   4.939129   4.938811     2.1795     1.8144     100.00   22.34954  -86.74212   -0.00188   -0.00077          5  0.000e+00
      32811   1367.083     74.483     74.966    19.5678    19.5554   4.939180   4.938931     2.1795     1.8144     100.00   22.34954  -86.74212   -0.00189   -0.00079          5  0.000e+00
      32812   1367.125     74.531     75.013    19.5673    19.5563   4.939284   4.939140     2.1807     1.8156     100.00   22.34954  -86.74212   -0.00187   -0.00078          5  0.000e+00
      32813   1367.167     74.531     75.013    19.5676    19.5605   4.939402   4.939274     2.1795     1.8144     100.00   22.34954  -86.74212   -0.00189   -0.00080          5  0.000e+00
      35633   1484.667     54.373     54.723    20.4926    20.4917   5.037372   5.036940     2.2222     1.8559      99.54   22.34956  -86.74194   -0.00007   -0.00029          6  0.000e+00
      35634   1484.708     54.373     54.723    20.4960    20.4922   5.037394   5.036790     2.2222     1.8559     100.00   22.34956  -86.74194   -0.00007   -0.00028          6  0.000e+00
      35635   1484.750     54.468     54.818    20.4967    20.4913   5.037395   5.036564     2.2222     1.8547     100.00   22.34956  -86.74194   -0.00005   -0.00028          6  0.000e+00
      35636   1484.792     54.468     54.818    20.4959    20.4890   5.037395   5.036353     2.2222     1.8559     100.00   22.34956  -86.74192   -0.00006   -0.00027          6  0.000e+00
      35637   1484.833     54.373     54.723    20.4943    20.4878   5.037424   5.036195     2.2198     1.8559     100.00   22.34956  -86.74192   -0.00013   -0.00026          6  0.000e+00
      35638   1484.875     54.441     54.791    20.4964    20.4866   5.037565   5.036112     2.2210     1.8559     100.00   22.34956  -86.74192   -0.00015   -0.00025          6  0.000e+00
      35639   1484.917     54.421     54.770    20.4975    20.4811   5.037670   5.036082     2.2222     1.8559     100.00   22.34956  -86.74192   -0.00014   -0.00023          6  0.000e+00
      35640   1484.958     54.421     54.770    20.4988    20.4785   5.037722   5.036059     2.2222     1.8559     100.00   22.34956  -86.74192   -0.00014   -0.00022          6  0.000e+00
      35641   1485.000     54.421     54.770    20.5011    20.4811   5.037699   5.036104     2.2222     1.8559     100.00   22.34956  -86.74192   -0.00014   -0.00021          6  0.000e+00
      35642   1485.042     54.421     54.770    20.5051    20.4838   5.037759   5.036074     2.2210     1.8559     100.00   22.34956  -86.74192   -0.00015   -0.00020          6  0.000e+00
      35643   1485.083     54.421     54.770    20.5079    20.4844   5.037714   5.036135     2.2210     1.8559     100.00   22.34956  -86.74192   -0.00017   -0.00019          6  0.000e+00
      35644   1485.125     54.421     54.770    20.5081    20.4832   5.037692   5.036135     2.2222     1.8559     100.00   22.34956  -86.74192   -0.00017   -0.00017          6  0.000e+00
      35645   1485.167     54.373     54.723    20.5049    20.4813   5.037655   5.036135     2.2222     1.8559     100.00   22.34956  -86.74192   -0.00020   -0.00016          6  0.000e+00
      35646   1485.208     54.441     54.791    20.4991    20.4827   5.037617   5.036097     2.2222     1.8559     100.00   22.34956  -86.74192   -0.00021   -0.00015          6  0.000e+00
      35647   1485.250     54.421     54.771    20.4952    20.4841   5.037573   5.036029     2.2210     1.8559     100.00   22.34956  -86.74192   -0.00023   -0.00014          6  0.000e+00
