GOMECC/GOMECC-4/1db/rb2103_0671.ros
* Sea-Bird SBE 9 Data File:
* FileName = C:\Users\scs.user.rb\CTD\GOMECC4\data\rb2103_0671.hex
* Software Version Seasave V 7.26.7.107
* Temperature SN = 4799
* Conductivity SN = 3860
* Number of Bytes Per Scan = 41
* Number of Voltage Words = 4
* Number of Scans Averaged by the Deck Unit = 1
* NMEA Latitude = 26 03.51 N
* NMEA Longitude = 095 50.44 W
* NMEA UTC (Time) = Oct 03 2021  02:51:18
* NMEA baud rate = 4800
# nquan = 17
# nvalues = 2527                                  
# units = specified
# name 0 = scan: Scan Count
# name 1 = timeS: Time, Elapsed [seconds]
# name 2 = depSM: Depth [salt water, m]
# name 3 = prDM: Pressure, Digiquartz [db]
# name 4 = t090C: Temperature [ITS-90, deg C]
# name 5 = t190C: Temperature, 2 [ITS-90, deg C]
# name 6 = c0S/m: Conductivity [S/m]
# name 7 = c1S/m: Conductivity, 2 [S/m]
# name 8 = sbeox0V: Oxygen raw, SBE 43 [V]
# name 9 = sbeox1V: Oxygen raw, SBE 43, 2 [V]
# name 10 = altM: Altimeter [m]
# name 11 = latitude: Latitude [deg]
# name 12 = longitude: Longitude [deg]
# name 13 = sbox0dV/dT: Oxygen, SBE 43 [dov/dt]
# name 14 = sbox1dV/dT: Oxygen, SBE 43, 2 [dov/dt]
# name 15 = nbf: Bottles Fired
# name 16 = flag:  0.000e+00
# interval = seconds: 0.0416667
# start_time = Oct 03 2021 02:51:18 [NMEA time, header]
# bad_flag = -9.990e-29
*END*
[from data line 1703]
     107009   4458.667     59.581     59.980    23.5140    23.5183   5.324509   5.325095     2.9658     2.5299     100.00   26.06028  -95.83972    0.00067    0.00146         13  0.000e+00
     107010   4458.708     59.602     60.001    23.5140    23.5194   5.324540   5.325157     2.9658     2.5299     100.00   26.06028  -95.83972    0.00070    0.00144         13  0.000e+00
     107011   4458.750     59.581     59.980    23.5141    23.5195   5.324486   5.325211     2.9646     2.5299     100.00   26.06028  -95.83972    0.00073    0.00142         13  0.000e+00
     107012   4458.792     59.683     60.083    23.5139    23.5192   5.324517   5.325157     2.9658     2.5299     100.00   26.06028  -95.83972    0.00076    0.00140         13  0.000e+00
     107013   4458.833     59.582     59.980    23.5139    23.5190   5.324479   5.325056     2.9658     2.5299     100.00   26.06028  -95.83972    0.00080    0.00137         13  0.000e+00
     107014   4458.875     59.582     59.981    23.5137    23.5195   5.324463   5.325141     2.9658     2.5299     100.00   26.06028  -95.83972    0.00085    0.00135         13  0.000e+00
     107015   4458.917     59.636     60.035    23.5133    23.5206   5.324486   5.325303     2.9658     2.5299     100.00   26.06028  -95.83972    0.00089    0.00132         13  0.000e+00
     107016   4458.958     59.636     60.035    23.5132    23.5208   5.324441   5.325319     2.9658     2.5299     100.00   26.06028  -95.83972    0.00093    0.00129         13  0.000e+00
     107017   4459.000     59.602     60.001    23.5130    23.5199   5.324425   5.325211     2.9658     2.5299     100.00   26.06028  -95.83972    0.00098    0.00126         13  0.000e+00
     107018   4459.042     59.636     60.035    23.5130    23.5188   5.324441   5.325172     2.9658     2.5299     100.00   26.06028  -95.83972    0.00102    0.00123         13  0.000e+00
     107019   4459.083     59.636     60.035    23.5133    23.5195   5.324456   5.325242     2.9658     2.5299     100.00   26.06028  -95.83972    0.00105    0.00119         13  0.000e+00
     107020   4459.125     59.636     60.035    23.5126    23.5221   5.324486   5.325396     2.9658     2.5299     100.00   26.06028  -95.83972    0.00109    0.00116         13  0.000e+00
     107021   4459.167     59.636     60.035    23.5123    23.5219   5.324403   5.325434     2.9658     2.5299     100.00   26.06028  -95.83972    0.00113    0.00114         13  0.000e+00
     107022   4459.208     59.636     60.036    23.5119    23.5195   5.324380   5.325404     2.9658     2.5299     100.00   26.06028  -95.83972    0.00117    0.00112         13  0.000e+00
     107023   4459.250     59.650     60.049    23.5119    23.5205   5.324296   5.325419     2.9658     2.5299     100.00   26.06028  -95.83972    0.00120    0.00109         13  0.000e+00
     107024   4459.292     59.636     60.036    23.5116    23.5217   5.324281   5.325535     2.9658     2.5299     100.00   26.06028  -95.83972    0.00123    0.00107         13  0.000e+00
     107025   4459.333     59.636     60.036    23.5116    23.5228   5.324288   5.325604     2.9658     2.5299     100.00   26.06028  -95.83972    0.00125    0.00104         13  0.000e+00
     107026   4459.375     59.637     60.036    23.5137    23.5229   5.324509   5.325550     2.9658     2.5299     100.00   26.06028  -95.83972    0.00128    0.00102         13  0.000e+00
     107027   4459.417     59.637     60.036    23.5160    23.5228   5.324654   5.325527     2.9658     2.5299     100.00   26.06028  -95.83972    0.00131    0.00101         13  0.000e+00
     107028   4459.458     59.637     60.036    23.5164    23.5224   5.324684   5.325488     2.9658     2.5287     100.00   26.06028  -95.83972    0.00132    0.00096         13  0.000e+00
     107029   4459.500     59.650     60.050    23.5163    23.5224   5.324737   5.325550     2.9658     2.5299     100.00   26.06028  -95.83972    0.00135    0.00095         13  0.000e+00
     107030   4459.542     59.637     60.036    23.5172    23.5224   5.324806   5.325542     2.9658     2.5287     100.00   26.06028  -95.83972    0.00136    0.00091         13  0.000e+00
     107031   4459.583     59.637     60.036    23.5187    23.5226   5.324950   5.325527     2.9658     2.5299     100.00   26.06028  -95.83972    0.00139    0.00090         13  0.000e+00
     107032   4459.625     59.637     60.036    23.5199    23.5228   5.325019   5.325527     2.9658     2.5287     100.00   26.06028  -95.83972    0.00141    0.00087         13  0.000e+00
     107033   4459.667     59.637     60.036    23.5204    23.5228   5.325034   5.325535     2.9658     2.5299     100.00   26.06028  -95.83972    0.00143    0.00085         13  0.000e+00
     107034   4459.708     59.637     60.036    23.5207    23.5226   5.325064   5.325558     2.9658     2.5287     100.00   26.06028  -95.83972    0.00146    0.00082         13  0.000e+00
     109395   4558.083     44.959     45.259    25.2486    25.2471   5.503239   5.503360     3.2613     2.7912       1.95   26.06036  -95.83968    0.00045    0.00120         14  0.000e+00
     109396   4558.125     44.587     44.884    25.2485    25.2469   5.503154   5.503321     3.2613     2.7912       1.95   26.06036  -95.83968    0.00050    0.00115         14  0.000e+00
     109397   4558.167     44.810     45.109    25.2476    25.2467   5.503115   5.503282     3.2613     2.7912       1.95   26.06036  -95.83968    0.00053    0.00110         14  0.000e+00
     109398   4558.208     44.763     45.061    25.2467    25.2465   5.503015   5.503313     3.2613     2.7912       1.95   26.06036  -95.83968    0.00057    0.00105         14  0.000e+00
     109399   4558.250     44.810     45.109    25.2470    25.2464   5.503077   5.503274     3.2613     2.7924       1.95   26.06036  -95.83968    0.00060    0.00102         14  0.000e+00
     109400   4558.292     44.763     45.061    25.2486    25.2460   5.503185   5.503203     3.2613     2.7924      25.23   26.06036  -95.83968    0.00064    0.00099         14  0.000e+00
     109401   4558.333     44.783     45.081    25.2481    25.2460   5.502999   5.503188     3.2613     2.7924      84.18   26.06036  -95.83968    0.00067    0.00095         14  0.000e+00
     109402   4558.375     44.810     45.109    25.2388    25.2456   5.501904   5.503204     3.2613     2.7924     100.00   26.06036  -95.83968    0.00070    0.00092         14  0.000e+00
     109403   4558.417     44.763     45.061    25.2287    25.2460   5.500508   5.503258     3.2613     2.7937     100.00   26.06036  -95.83968    0.00073    0.00090         14  0.000e+00
     109404   4558.458     44.858     45.157    25.2195    25.2460   5.499412   5.503243     3.2613     2.7937     100.00   26.06036  -95.83968    0.00075    0.00088         14  0.000e+00
     109405   4558.500     44.763     45.061    25.2105    25.2458   5.499258   5.503211     3.2613     2.7937     100.00   26.06036  -95.83968    0.00078    0.00085         14  0.000e+00
     109406   4558.542     44.783     45.082    25.2091    25.2454   5.499528   5.503227     3.2613     2.7937      99.95   26.06036  -95.83968    0.00080    0.00083         14  0.000e+00
     109407   4558.583     44.811     45.109    25.2191    25.2456   5.500639   5.503250     3.2613     2.7937      99.98   26.06036  -95.83968    0.00084    0.00080         14  0.000e+00
     109408   4558.625     44.811     45.109    25.2363    25.2454   5.502035   5.503235     3.2601     2.7924     100.00   26.06036  -95.83968    0.00085    0.00075         14  0.000e+00
     109409   4558.667     44.811     45.109    25.2449    25.2454   5.502830   5.503235     3.2613     2.7924     100.00   26.06036  -95.83968    0.00085    0.00071         14  0.000e+00
     109410   4558.708     44.811     45.109    25.2483    25.2454   5.503084   5.503282     3.2601     2.7924     100.00   26.06036  -95.83968    0.00085    0.00066         14  0.000e+00
     109411   4558.750     44.784     45.082    25.2476    25.2449   5.503192   5.503282     3.2601     2.7924     100.00   26.06036  -95.83968    0.00086    0.00061         14  0.000e+00
     109412   4558.792     44.811     45.109    25.2488    25.2451   5.503269   5.503243     3.2601     2.7924     100.00   26.06036  -95.83968    0.00086    0.00055         14  0.000e+00
     109413   4558.833     44.811     45.109    25.2502    25.2451   5.503331   5.503211     3.2601     2.7912     100.00   26.06036  -95.83968    0.00086    0.00050         14  0.000e+00
     109414   4558.875     44.811     45.109    25.2512    25.2447   5.503408   5.503227     3.2601     2.7912     100.00   26.06036  -95.83968    0.00086    0.00043         14  0.000e+00
     109415   4558.917     44.811     45.109    25.2517    25.2446   5.503401   5.503196     3.2601     2.7912     100.00   26.06036  -95.83968    0.00086    0.00036         14  0.000e+00
     109416   4558.958     44.784     45.082    25.2519    25.2446   5.503455   5.503164     3.2601     2.7912     100.00   26.06036  -95.83968    0.00085    0.00028         14  0.000e+00
     109417   4559.000     44.811     45.109    25.2533    25.2446   5.503547   5.503180     3.2601     2.7912     100.00   26.06036  -95.83968    0.00085    0.00021         14  0.000e+00
     109418   4559.042     44.811     45.109    25.2542    25.2444   5.503678   5.503157     3.2601     2.7912     100.00   26.06036  -95.83968    0.00085    0.00015         14  0.000e+00
     109419   4559.083     44.811     45.110    25.2557    25.2438   5.503840   5.503094     3.2601     2.7900     100.00   26.06036  -95.83968    0.00086    0.00007         14  0.000e+00
     109420   4559.125     44.811     45.110    25.2573    25.2440   5.503825   5.503125     3.2601     2.7900     100.00   26.06036  -95.83968    0.00086   -0.00000         14  0.000e+00
     109421   4559.167     44.784     45.082    25.2575    25.2441   5.503833   5.503149     3.2601     2.7900     100.00   26.06036  -95.83968    0.00085   -0.00008         14  0.000e+00
     109422   4559.208     44.811     45.110    25.2577    25.2444   5.503779   5.503094     3.2601     2.7888     100.00   26.06036  -95.83968    0.00085   -0.00016         14  0.000e+00
     109423   4559.250     44.764     45.062    25.2567    25.2442   5.503717   5.503094     3.2613     2.7900     100.00   26.06036  -95.83968    0.00086   -0.00022         14  0.000e+00
     109424   4559.292     44.811     45.110    25.2573    25.2449   5.503709   5.503133     3.2601     2.7888     100.00   26.06036  -95.83968    0.00085   -0.00029         14  0.000e+00
     109425   4559.333     44.764     45.062    25.2589    25.2451   5.503879   5.503227     3.2601     2.7888     100.00   26.06036  -95.83968    0.00084   -0.00037         14  0.000e+00
     109426   4559.375     44.832     45.130    25.2605    25.2475   5.504072   5.503446     3.2601     2.7888     100.00   26.06036  -95.83968    0.00083   -0.00043         14  0.000e+00
     109427   4559.417     44.764     45.062    25.2627    25.2514   5.504180   5.503641     3.2601     2.7888     100.00   26.06036  -95.83968    0.00082   -0.00048         14  0.000e+00
     109428   4559.458     44.811     45.110    25.2638    25.2505   5.504311   5.503735     3.2601     2.7888     100.00   26.06036  -95.83968    0.00083   -0.00054         14  0.000e+00
     109429   4559.500     44.764     45.062    25.2645    25.2532   5.504280   5.503907     3.2601     2.7888     100.00   26.06036  -95.83968    0.00082   -0.00058         14  0.000e+00
     109430   4559.542     44.812     45.110    25.2647    25.2563   5.504288   5.503962     3.2613     2.7875     100.00   26.06036  -95.83968    0.00083   -0.00063         14  0.000e+00
     109431   4559.583     44.737     45.035    25.2652    25.2522   5.504272   5.503735     3.2601     2.7888     100.00   26.06036  -95.83968    0.00083   -0.00067         14  0.000e+00
     109432   4559.625     44.812     45.110    25.2661    25.2480   5.504249   5.503509     3.2601     2.7875     100.00   26.06036  -95.83968    0.00082   -0.00072         14  0.000e+00
     109433   4559.667     44.764     45.062    25.2663    25.2464   5.504257   5.503360     3.2601     2.7875     100.00   26.06036  -95.83968    0.00083   -0.00077         14  0.000e+00
     109434   4559.708     44.764     45.062    25.2672    25.2467   5.504218   5.503376     3.2601     2.7875     100.00   26.06036  -95.83968    0.00083   -0.00080         14  0.000e+00
     109435   4559.750     44.764     45.062    25.2665    25.2478   5.504211   5.503508     3.2601     2.7875     100.00   26.06036  -95.83968    0.00083   -0.00085         14  0.000e+00
     109436   4559.792     44.785     45.083    25.2665    25.2492   5.504241   5.503618     3.2601     2.7875     100.00   26.06036  -95.83968    0.00084   -0.00088         14  0.000e+00
     109437   4559.833     44.764     45.062    25.2668    25.2513   5.504226   5.503829     3.2613     2.7875     100.00   26.06036  -95.83968    0.00086   -0.00091         14  0.000e+00
     109438   4559.875     44.710     45.008    25.2672    25.2540   5.504241   5.504048     3.2601     2.7875     100.00   26.06036  -95.83968    0.00086   -0.00093         14  0.000e+00
     109439   4559.917     44.764     45.063    25.2675    25.2559   5.504319   5.504111     3.2613     2.7875     100.00   26.06036  -95.83968    0.00088   -0.00095         14  0.000e+00
     109440   4559.958     44.764     45.063    25.2683    25.2571   5.504411   5.504236     3.2613     2.7875     100.00   26.06036  -95.83968    0.00090   -0.00099         14  0.000e+00
     109441   4560.000     44.683     44.981    25.2692    25.2601   5.504434   5.504376     3.2601     2.7875     100.00   26.06036  -95.83968    0.00090   -0.00103         14  0.000e+00
     109442   4560.042     44.765     45.063    25.2697    25.2627   5.504473   5.504431     3.2613     2.7875     100.00   26.06036  -95.83968    0.00091   -0.00107         14  0.000e+00
     109443   4560.083     44.710     45.008    25.2701    25.2625   5.504581   5.504415     3.2601     2.7863     100.00   26.06036  -95.83968    0.00091   -0.00112         14  0.000e+00
     109444   4560.125     44.710     45.008    25.2706    25.2614   5.504589   5.504384     3.2613     2.7875     100.00   26.06036  -95.83968    0.00091   -0.00115         14  0.000e+00
     109445   4560.167     44.765     45.063    25.2713    25.2599   5.504673   5.504314     3.2601     2.7863     100.00   26.06036  -95.83968    0.00091   -0.00120         14  0.000e+00
     109446   4560.208     44.683     44.981    25.2728    25.2596   5.504712   5.504283     3.2613     2.7863     100.00   26.06036  -95.83968    0.00093   -0.00125         14  0.000e+00
     109447   4560.250     44.616     44.913    25.2756    25.2563   5.504843   5.504071     3.2613     2.7875     100.00   26.06036  -95.83968    0.00094   -0.00128         14  0.000e+00
     109448   4560.292     44.812     45.111    25.2780    25.2549   5.504998   5.504025     3.2601     2.7863     100.00   26.06036  -95.83968    0.00094   -0.00132         14  0.000e+00
     109449   4560.333     44.663     44.961    25.2781    25.2576   5.505021   5.504181     3.2613     2.7863     100.00   26.06036  -95.83968    0.00095   -0.00136         14  0.000e+00
     109450   4560.375     44.711     45.008    25.2785    25.2598   5.505028   5.504314     3.2613     2.7863     100.00   26.06036  -95.83968    0.00095   -0.00140         14  0.000e+00
     109451   4560.417     44.636     44.933    25.2791    25.2572   5.505059   5.504126     3.2613     2.7863     100.00   26.06036  -95.83968    0.00094   -0.00144         14  0.000e+00
     109452   4560.458     44.663     44.961    25.2794    25.2520   5.505113   5.503813     3.2613     2.7863     100.00   26.06036  -95.83968    0.00093   -0.00148         14  0.000e+00
