GOMECC/GOMECC-4/1db/rb2103_1131.ros
* Sea-Bird SBE 9 Data File:
* FileName = C:\Users\scs.user.rb\CTD\GOMECC4\data\rb2103_1131.hex
* Software Version Seasave V 7.26.7.107
* Temperature SN = 4799
* Conductivity SN = 3860
* Number of Bytes Per Scan = 41
* Number of Voltage Words = 4
* Number of Scans Averaged by the Deck Unit = 1
* NMEA Latitude = 22 12.33 N
* NMEA Longitude = 086 49.99 W
* NMEA UTC (Time) = Oct 15 2021  12:44:10
* NMEA baud rate = 4800
# nquan = 17
# nvalues = 1064                                  
# units = specified
# name 0 = scan: Scan Count
# name 1 = timeS: Time, Elapsed [seconds]
# name 2 = depSM: Depth [salt water, m]
# name 3 = prDM: Pressure, Digiquartz [db]
# name 4 = t090C: Temperature [ITS-90, deg C]
# name 5 = t190C: Temperature, 2 [ITS-90, deg C]
# name 6 = c0S/m: Conductivity [S/m]
# name 7 = c1S/m: Conductivity, 2 [S/m]
# name 8 = sbeox0V: Oxygen raw, SBE 43 [V]
# name 9 = sbeox1V: Oxygen raw, SBE 43, 2 [V]
# name 10 = altM: Altimeter [m]
# name 11 = latitude: Latitude [deg]
# name 12 = longitude: Longitude [deg]
# name 13 = sbox0dV/dT: Oxygen, SBE 43 [dov/dt]
# name 14 = sbox1dV/dT: Oxygen, SBE 43, 2 [dov/dt]
# name 15 = nbf: Bottles Fired
# name 16 = flag:  0.000e+00
# interval = seconds: 0.0416667
# start_time = Oct 15 2021 12:44:10 [NMEA time, header]
# bad_flag = -9.990e-29
*END*
[from data line 511]
      20755    864.750     44.928     45.215    21.8598    21.8716   5.177299   5.178859     2.2650     1.8901      51.55   22.20546  -86.83274   -0.00147    0.00011          4  0.000e+00
      20756    864.792     44.827     45.113    21.8588    21.8720   5.177269   5.178828     2.2650     1.8901      51.55   22.20546  -86.83274   -0.00145    0.00009          4  0.000e+00
      20757    864.833     44.928     45.215    21.8579    21.8729   5.177194   5.178897     2.2650     1.8901      51.55   22.20546  -86.83274   -0.00145    0.00008          4  0.000e+00
      20758    864.875     44.928     45.215    21.8580    21.8741   5.177194   5.178981     2.2650     1.8901      51.55   22.20546  -86.83274   -0.00143    0.00007          4  0.000e+00
      20759    864.917     44.874     45.161    21.8593    21.8749   5.177307   5.179072     2.2650     1.8889      51.55   22.20546  -86.83274   -0.00142    0.00004          4  0.000e+00
      20760    864.958     44.901     45.188    21.8600    21.8750   5.177337   5.179026     2.2650     1.8901      51.55   22.20546  -86.83274   -0.00140    0.00003          4  0.000e+00
      20761    865.000     44.928     45.215    21.8603    21.8735   5.177375   5.178882     2.2650     1.8901      51.55   22.20546  -86.83274   -0.00137    0.00001          4  0.000e+00
      20762    865.042     44.874     45.161    21.8614    21.8728   5.177540   5.178798     2.2650     1.8901      51.55   22.20546  -86.83274   -0.00134 6.4379e-13          4  0.000e+00
      20763    865.083     44.928     45.215    21.8619    21.8729   5.177600   5.178828     2.2650     1.8901      51.55   22.20546  -86.83274   -0.00131   -0.00001          4  0.000e+00
      20764    865.125     44.928     45.215    21.8628    21.8729   5.177630   5.178897     2.2650     1.8889      51.55   22.20546  -86.83274   -0.00130   -0.00004          4  0.000e+00
      20765    865.167     44.874     45.161    21.8638    21.8744   5.177615   5.179087     2.2637     1.8901      51.55   22.20546  -86.83274   -0.00128   -0.00006          4  0.000e+00
      20766    865.208     44.928     45.215    21.8623    21.8770   5.177593   5.179263     2.2650     1.8901      51.48   22.20546  -86.83274   -0.00127   -0.00009          4  0.000e+00
      20767    865.250     44.874     45.161    21.8607    21.8784   5.177570   5.179377     2.2650     1.8901      51.45   22.20546  -86.83274   -0.00123   -0.00010          4  0.000e+00
      20768    865.292     44.928     45.215    21.8618    21.8779   5.177615   5.179293     2.2650     1.8901      51.45   22.20546  -86.83274   -0.00120   -0.00013          4  0.000e+00
      20769    865.333     44.928     45.215    21.8628    21.8770   5.177645   5.179270     2.2637     1.8901      51.45   22.20546  -86.83274   -0.00119   -0.00016          4  0.000e+00
      20770    865.375     44.901     45.188    21.8630    21.8764   5.177675   5.179232     2.2637     1.8901      51.45   22.20546  -86.83274   -0.00117   -0.00017          4  0.000e+00
      20771    865.417     44.928     45.215    21.8633    21.8768   5.177720   5.179225     2.2650     1.8901      51.45   22.20546  -86.83274   -0.00115   -0.00019          4  0.000e+00
      20772    865.458     44.874     45.161    21.8638    21.8773   5.177758   5.179286     2.2650     1.8901      51.45   22.20546  -86.83274   -0.00111   -0.00020          4  0.000e+00
      20773    865.500     44.928     45.215    21.8642    21.8779   5.177811   5.179377     2.2637     1.8901      51.45   22.20546  -86.83274   -0.00108   -0.00021          4  0.000e+00
      20774    865.542     44.874     45.161    21.8640    21.8782   5.177871   5.179362     2.2650     1.8901      51.45   22.20546  -86.83274   -0.00105   -0.00023          4  0.000e+00
      20775    865.583     44.928     45.215    21.8646    21.8786   5.177969   5.179408     2.2637     1.8901      51.45   22.20546  -86.83274   -0.00103   -0.00024          4  0.000e+00
      22641    943.333     34.382     34.601    22.5335    22.5418   5.252439   5.253416     2.2711     1.8974      61.86   22.20544  -86.83268   -0.00077   -0.00040          5  0.000e+00
      22642    943.375     34.612     34.833    22.5347    22.5422   5.252545   5.253377     2.2723     1.8974      61.86   22.20544  -86.83268   -0.00077   -0.00038          5  0.000e+00
      22643    943.417     34.612     34.833    22.5351    22.5411   5.252636   5.253354     2.2723     1.8974      61.86   22.20544  -86.83268   -0.00076   -0.00036          5  0.000e+00
      22644    943.458     34.477     34.697    22.5354    22.5413   5.252681   5.253316     2.2723     1.8987      61.86   22.20544  -86.83268   -0.00075   -0.00032          5  0.000e+00
      22645    943.500     34.463     34.683    22.5358    22.5413   5.252727   5.253339     2.2723     1.8974      61.83   22.20544  -86.83268   -0.00073   -0.00030          5  0.000e+00
      22646    943.542     34.531     34.751    22.5359    22.5408   5.252704   5.253316     2.2723     1.8974      61.83   22.20544  -86.83268   -0.00072   -0.00028          5  0.000e+00
      22647    943.583     34.463     34.683    22.5365    22.5406   5.252765   5.253439     2.2723     1.8987      61.83   22.20544  -86.83268   -0.00071   -0.00025          5  0.000e+00
      22648    943.625     34.463     34.683    22.5365    22.5410   5.252795   5.253577     2.2735     1.8974      61.86   22.20544  -86.83268   -0.00066   -0.00022          5  0.000e+00
      22649    943.667     34.531     34.751    22.5363    22.5415   5.252787   5.253546     2.2723     1.8974      61.86   22.20544  -86.83268   -0.00065   -0.00022          5  0.000e+00
      22650    943.708     34.511     34.731    22.5361    22.5406   5.252787   5.253431     2.2723     1.8974      61.86   22.20544  -86.83268   -0.00064   -0.00022          5  0.000e+00
      22651    943.750     34.511     34.731    22.5361    22.5393   5.252689   5.253293     2.2735     1.8974      61.86   22.20544  -86.83268   -0.00059   -0.00021          5  0.000e+00
      22652    943.792     34.531     34.751    22.5356    22.5388   5.252682   5.253163     2.2735     1.8974      61.86   22.20544  -86.83268   -0.00056   -0.00021          5  0.000e+00
      22653    943.833     34.511     34.731    22.5356    22.5385   5.252697   5.253109     2.2735     1.8974      61.86   22.20544  -86.83268   -0.00053   -0.00020          5  0.000e+00
      22654    943.875     34.558     34.778    22.5361    22.5390   5.252727   5.253155     2.2735     1.8974      61.83   22.20544  -86.83268   -0.00050   -0.00019          5  0.000e+00
      22655    943.917     34.531     34.751    22.5344    22.5395   5.252606   5.253239     2.2735     1.8974      61.86   22.20544  -86.83268   -0.00045   -0.00019          5  0.000e+00
      22656    943.958     34.511     34.731    22.5308    22.5401   5.252265   5.253163     2.2735     1.8974      61.83   22.20544  -86.83268   -0.00042   -0.00018          5  0.000e+00
      22657    944.000     34.558     34.778    22.5268    22.5399   5.251940   5.253063     2.2735     1.8974      61.86   22.20544  -86.83268   -0.00038   -0.00018          5  0.000e+00
      22658    944.042     34.531     34.751    22.5262    22.5381   5.251834   5.252879     2.2735     1.8974      61.86   22.20544  -86.83268   -0.00035   -0.00017          5  0.000e+00
      22659    944.083     34.558     34.778    22.5273    22.5358   5.251736   5.252726     2.2747     1.8974      61.86   22.20544  -86.83268   -0.00030   -0.00016          5  0.000e+00
      22660    944.125     34.558     34.778    22.5258    22.5352   5.251600   5.252626     2.2735     1.8974      61.86   22.20544  -86.83268   -0.00027   -0.00015          5  0.000e+00
      22661    944.167     34.579     34.799    22.5252    22.5344   5.251494   5.252511     2.2735     1.8974      61.83   22.20544  -86.83268   -0.00023   -0.00014          5  0.000e+00
      22662    944.208     34.558     34.778    22.5246    22.5330   5.251335   5.252480     2.2747     1.8974      61.78   22.20544  -86.83268   -0.00018   -0.00015          5  0.000e+00
      22663    944.250     34.579     34.799    22.5234    22.5324   5.251297   5.252411     2.2735     1.8974      61.76   22.20544  -86.83268   -0.00015   -0.00014          5  0.000e+00
      22664    944.292     34.612     34.833    22.5250    22.5331   5.251365   5.252457     2.2735     1.8974      61.73   22.20544  -86.83268   -0.00011   -0.00015          5  0.000e+00
      22665    944.333     34.612     34.833    22.5260    22.5331   5.251645   5.252411     2.2747     1.8974      61.76   22.20544  -86.83268   -0.00006   -0.00014          5  0.000e+00
      22666    944.375     34.626     34.847    22.5299    22.5333   5.252061   5.252503     2.2735     1.8974      61.73   22.20544  -86.83268   -0.00004   -0.00014          5  0.000e+00
      22667    944.417     34.558     34.778    22.5328    22.5333   5.252402   5.252496     2.2747     1.8962      61.73   22.20544  -86.83268   -0.00001   -0.00016          5  0.000e+00
      22668    944.458     34.612     34.833    22.5336    22.5333   5.252545   5.252511     2.2735     1.8974      61.76   22.20544  -86.83268    0.00001   -0.00015          5  0.000e+00
      22669    944.500     34.680     34.901    22.5345    22.5334   5.252568   5.252488     2.2747     1.8974      61.73   22.20544  -86.83268    0.00004   -0.00014          5  0.000e+00
      22670    944.542     34.613     34.833    22.5354    22.5337   5.252598   5.252511     2.2747     1.8974      61.76   22.20544  -86.83268    0.00006   -0.00015          5  0.000e+00
      22671    944.583     34.613     34.833    22.5356    22.5331   5.252659   5.252526     2.2747     1.8974      61.73   22.20544  -86.83268    0.00009   -0.00014          5  0.000e+00
      22672    944.625     34.626     34.847    22.5358    22.5329   5.252689   5.252419     2.2747     1.8974      61.73   22.20544  -86.83268    0.00013   -0.00013          5  0.000e+00
      22673    944.667     34.660     34.881    22.5356    22.5324   5.252629   5.252388     2.2747     1.8974      61.76   22.20544  -86.83268    0.00016   -0.00011          5  0.000e+00
      22674    944.708     34.660     34.881    22.5354    22.5318   5.252576   5.252358     2.2747     1.8974      61.73   22.20544  -86.83268    0.00019   -0.00012          5  0.000e+00
      22675    944.750     34.626     34.847    22.5344    22.5317   5.252470   5.252350     2.2747     1.8974      61.73   22.20544  -86.83268    0.00022   -0.00011          5  0.000e+00
      22676    944.792     34.660     34.881    22.5340    22.5319   5.252500   5.252350     2.2759     1.8987      61.73   22.20544  -86.83268    0.00027   -0.00010          5  0.000e+00
      22677    944.833     34.660     34.881    22.5340    22.5320   5.252485   5.252350     2.2759     1.8987      61.73   22.20544  -86.83268    0.00032   -0.00007          5  0.000e+00
      22678    944.875     34.680     34.901    22.5344    22.5320   5.252508   5.252312     2.2747     1.8987      61.76   22.20544  -86.83268    0.00035   -0.00004          5  0.000e+00
      22679    944.917     34.707     34.928    22.5342    22.5313   5.252455   5.252204     2.2747     1.8987      61.73   22.20544  -86.83268    0.00038   -0.00001          5  0.000e+00
      22680    944.958     34.660     34.881    22.5345    22.5310   5.252462   5.252135     2.2759     1.8987      61.76   22.20544  -86.83268    0.00043    0.00002          5  0.000e+00
      22681    945.000     34.680     34.901    22.5344    22.5308   5.252591   5.252204     2.2747     1.8987      61.76   22.20544  -86.83268    0.00044    0.00005          5  0.000e+00
      22682    945.042     34.707     34.928    22.5347    22.5305   5.252712   5.252250     2.2747     1.8987      61.73   22.20544  -86.83268    0.00047    0.00008          5  0.000e+00
      22683    945.083     34.680     34.901    22.5340    22.5302   5.252742   5.252227     2.2759     1.8987      61.73   22.20544  -86.83268    0.00051    0.00011          5  0.000e+00
      22684    945.125     34.707     34.928    22.5336    22.5311   5.252742   5.252281     2.2759     1.8987      61.76   22.20544  -86.83268    0.00055    0.00014          5  0.000e+00
      22685    945.167     34.707     34.928    22.5344    22.5319   5.252674   5.252335     2.2759     1.8987      61.73   22.20544  -86.83268    0.00058    0.00015          5  0.000e+00
      22686    945.208     34.680     34.901    22.5346    22.5318   5.252659   5.252181     2.2759     1.8987      61.68   22.20544  -86.83268    0.00062    0.00016          5  0.000e+00
      22687    945.250     34.762     34.983    22.5349    22.5308   5.252553   5.251928     2.2759     1.8987      61.66   22.20544  -86.83268    0.00066    0.00017          5  0.000e+00
      22688    945.292     34.707     34.928    22.5347    22.5281   5.252553   5.251668     2.2747     1.8987      61.64   22.20544  -86.83268    0.00067    0.00018          5  0.000e+00
      22689    945.333     34.728     34.949    22.5351    22.5270   5.252636   5.251537     2.2759     1.8999      61.66   22.20544  -86.83268    0.00069    0.00021          5  0.000e+00
      22690    945.375     34.707     34.928    22.5354    22.5258   5.252719   5.251453     2.2747     1.8999      61.66   22.20544  -86.83268    0.00072    0.00023          5  0.000e+00
      22691    945.417     34.707     34.928    22.5361    22.5244   5.252788   5.251392     2.2747     1.8987      61.64   22.20544  -86.83268    0.00074    0.00024          5  0.000e+00
      22692    945.458     34.728     34.949    22.5363    22.5235   5.252788   5.251353     2.2747     1.8987      61.66   22.20544  -86.83268    0.00076    0.00025          5  0.000e+00
      22693    945.500     34.762     34.983    22.5365    22.5235   5.252788   5.251277     2.2759     1.8987      61.66   22.20544  -86.83268    0.00078    0.00026          5  0.000e+00
      22694    945.542     34.708     34.929    22.5372    22.5233   5.252818   5.251284     2.2759     1.8987      61.66   22.20544  -86.83268    0.00082    0.00027          5  0.000e+00
      22695    945.583     34.728     34.949    22.5370    22.5232   5.252795   5.251300     2.2747     1.8987      61.66   22.20544  -86.83268    0.00084    0.00029          5  0.000e+00
      22696    945.625     34.762     34.983    22.5369    22.5227   5.252788   5.251300     2.2747     1.8987      61.66   22.20544  -86.83268    0.00085    0.00030          5  0.000e+00
      22697    945.667     34.708     34.929    22.5365    22.5225   5.252750   5.251261     2.2747     1.8987      61.64   22.20544  -86.83268    0.00087    0.00031          5  0.000e+00
      22698    945.708     34.728     34.949    22.5359    22.5227   5.252644   5.251254     2.2759     1.8987      61.66   22.20544  -86.83268    0.00089    0.00031          5  0.000e+00
      22699    945.750     34.762     34.983    22.5349    22.5225   5.252545   5.251285     2.2747     1.8974      61.66   22.20544  -86.83268    0.00089    0.00030          5  0.000e+00
      22700    945.792     34.708     34.929    22.5356    22.5231   5.252651   5.251346     2.2747     1.8987      61.66   22.20544  -86.83268    0.00089    0.00031          5  0.000e+00
      22701    945.833     34.728     34.949    22.5367    22.5233   5.252871   5.251407     2.2747     1.8987      61.66   22.20544  -86.83268    0.00090    0.00031          5  0.000e+00
      22702    945.875     34.708     34.929    22.5375    22.5237   5.252984   5.251392     2.2759     1.8987      61.64   22.20544  -86.83268    0.00092    0.00032          5  0.000e+00
      22703    945.917     34.728     34.949    22.5383    22.5238   5.252969   5.251415     2.2747     1.8987      61.64   22.20544  -86.83268    0.00092    0.00032          5  0.000e+00
