GOMECC/GOMECC-4/1db/rb2103_1401.ros
* Sea-Bird SBE 9 Data File:
* FileName = C:\Users\scs.user.rb\CTD\GOMECC4\data\rb2103_1401.hex
* Software Version Seasave V 7.26.7.107
* Temperature SN = 4799
* Conductivity SN = 3860
* Number of Bytes Per Scan = 41
* Number of Voltage Words = 4
* Number of Scans Averaged by the Deck Unit = 1
* NMEA Latitude = 25 39.47 N
* NMEA Longitude = 084 42.92 W
* NMEA UTC (Time) = Oct 20 2021  13:16:01
* NMEA baud rate = 4800
# nquan = 17
# nvalues = 3059                                  
# units = specified
# name 0 = scan: Scan Count
# name 1 = timeS: Time, Elapsed [seconds]
# name 2 = depSM: Depth [salt water, m]
# name 3 = prDM: Pressure, Digiquartz [db]
# name 4 = t090C: Temperature [ITS-90, deg C]
# name 5 = t190C: Temperature, 2 [ITS-90, deg C]
# name 6 = c0S/m: Conductivity [S/m]
# name 7 = c1S/m: Conductivity, 2 [S/m]
# name 8 = sbeox0V: Oxygen raw, SBE 43 [V]
# name 9 = sbeox1V: Oxygen raw, SBE 43, 2 [V]
# name 10 = altM: Altimeter [m]
# name 11 = latitude: Latitude [deg]
# name 12 = longitude: Longitude [deg]
# name 13 = sbox0dV/dT: Oxygen, SBE 43 [dov/dt]
# name 14 = sbox1dV/dT: Oxygen, SBE 43, 2 [dov/dt]
# name 15 = nbf: Bottles Fired
# name 16 = flag:  0.000e+00
# interval = seconds: 0.0416667
# start_time = Oct 20 2021 13:16:01 [NMEA time, header]
# bad_flag = -9.990e-29
*END*
[from data line 1958]
      92985   3874.333     69.684     70.150    23.2577    23.2604   5.353353   5.353735     2.5910     2.1795     100.00   25.65990  -84.71578    0.00210    0.00218         15  0.000e+00
      92986   3874.375     69.745     70.211    23.2582    23.2609   5.353414   5.353681     2.5897     2.1795     100.00   25.65990  -84.71578    0.00199    0.00204         15  0.000e+00
      92987   3874.417     69.636     70.102    23.2578    23.2611   5.353437   5.353728     2.5897     2.1783     100.00   25.65990  -84.71578    0.00190    0.00188         15  0.000e+00
      92988   3874.458     69.738     70.205    23.2582    23.2609   5.353437   5.353712     2.5897     2.1783     100.00   25.65990  -84.71578    0.00181    0.00173         15  0.000e+00
      92989   3874.500     69.643     70.109    23.2582    23.2613   5.353505   5.353797     2.5885     2.1783     100.00   25.65990  -84.71578    0.00170    0.00156         15  0.000e+00
      92990   3874.542     69.684     70.150    23.2589    23.2612   5.353528   5.353805     2.5897     2.1770     100.00   25.65990  -84.71578    0.00161    0.00138         15  0.000e+00
      92991   3874.583     69.637     70.103    23.2603    23.2617   5.353620   5.353859     2.5885     2.1770     100.00   25.65990  -84.71578    0.00148    0.00119         15  0.000e+00
      92992   3874.625     69.596     70.062    23.2607    23.2619   5.353749   5.353913     2.5885     2.1770     100.00   25.65990  -84.71578    0.00137    0.00102         15  0.000e+00
      92993   3874.667     69.637     70.103    23.2635    23.2632   5.353993   5.353990     2.5873     2.1770     100.00   25.65990  -84.71578    0.00124    0.00083         15  0.000e+00
      92994   3874.708     69.644     70.110    23.2673    23.2656   5.354222   5.354137     2.5873     2.1758     100.00   25.65990  -84.71578    0.00109    0.00065         15  0.000e+00
      92995   3874.750     69.637     70.103    23.2702    23.2666   5.354413   5.354184     2.5873     2.1758     100.00   25.65990  -84.71578    0.00096    0.00044         15  0.000e+00
      92996   3874.792     69.589     70.055    23.2743    23.2672   5.354649   5.354191     2.5861     2.1746     100.00   25.65990  -84.71578    0.00081    0.00022         15  0.000e+00
      92997   3874.833     69.596     70.062    23.2766    23.2678   5.354825   5.354222     2.5861     2.1758     100.00   25.65990  -84.71578    0.00067    0.00002         15  0.000e+00
      92998   3874.875     69.590     70.055    23.2775    23.2690   5.354893   5.354261     2.5861     2.1746     100.00   25.65990  -84.71578    0.00052   -0.00019         15  0.000e+00
      92999   3874.917     69.549     70.014    23.2786    23.2691   5.354962   5.354377     2.5849     2.1746     100.00   25.65990  -84.71578    0.00036   -0.00039         15  0.000e+00
      93000   3874.958     69.590     70.055    23.2791    23.2697   5.355053   5.354477     2.5849     2.1734     100.00   25.65990  -84.71578    0.00021   -0.00060         15  0.000e+00
      93001   3875.000     69.536     70.001    23.2798    23.2710   5.355114   5.354431     2.5849     2.1734     100.00   25.65990  -84.71578    0.00005   -0.00082         15  0.000e+00
      93002   3875.042     69.597     70.062    23.2802    23.2709   5.355153   5.354446     2.5836     2.1734     100.00   25.65990  -84.71578   -0.00013   -0.00103         15  0.000e+00
      93003   3875.083     69.536     70.001    23.2805    23.2717   5.355267   5.354578     2.5836     2.1734     100.00   25.65990  -84.71578   -0.00029   -0.00124         15  0.000e+00
      93004   3875.125     69.549     70.015    23.2812    23.2728   5.355305   5.354663     2.5836     2.1734     100.00   25.65990  -84.71578   -0.00045   -0.00145         15  0.000e+00
      93005   3875.167     69.488     69.953    23.2803    23.2746   5.355305   5.354779     2.5836     2.1734     100.00   25.65990  -84.71578   -0.00060   -0.00166         15  0.000e+00
      93006   3875.208     69.536     70.001    23.2793    23.2764   5.355259   5.354910     2.5836     2.1722     100.00   25.65990  -84.71578   -0.00076   -0.00186         15  0.000e+00
      93007   3875.250     69.495     69.960    23.2791    23.2782   5.355221   5.355003     2.5824     2.1722      75.46   25.65990  -84.71578   -0.00093   -0.00208         15  0.000e+00
      93008   3875.292     69.488     69.953    23.2789    23.2786   5.355183   5.355026     2.5824     2.1722      49.89   25.65990  -84.71578   -0.00110   -0.00229         15  0.000e+00
      93009   3875.333     69.488     69.953    23.2786    23.2785   5.355198   5.355103     2.5824     2.1722      44.57   25.65990  -84.71578   -0.00127   -0.00248         15  0.000e+00
      93010   3875.375     69.549     70.015    23.2785    23.2796   5.355244   5.355088     2.5824     2.1709      45.89   25.65990  -84.71578   -0.00143   -0.00270         15  0.000e+00
      93011   3875.417     69.441     69.906    23.2789    23.2798   5.355221   5.355173     2.5824     2.1709      46.91   25.65990  -84.71578   -0.00160   -0.00291         15  0.000e+00
      93012   3875.458     69.495     69.960    23.2795    23.2802   5.355282   5.355273     2.5824     2.1709      47.08   25.65990  -84.71578   -0.00176   -0.00312         15  0.000e+00
      93013   3875.500     69.489     69.954    23.2794    23.2820   5.355297   5.355436     2.5824     2.1709      47.03   25.65990  -84.71578   -0.00192   -0.00332         15  0.000e+00
      93014   3875.542     69.489     69.954    23.2802    23.2843   5.355366   5.355482     2.5824     2.1709      46.98   25.65990  -84.71578   -0.00208   -0.00351         15  0.000e+00
      93015   3875.583     69.448     69.913    23.2805    23.2845   5.355397   5.355505     2.5812     2.1709      46.98   25.65990  -84.71578   -0.00225   -0.00369         15  0.000e+00
      93016   3875.625     69.441     69.906    23.2812    23.2839   5.355557   5.355582     2.5824     2.1709      46.98   25.65990  -84.71578   -0.00239   -0.00387         15  0.000e+00
      93017   3875.667     69.448     69.913    23.2841    23.2836   5.355747   5.355544     2.5812     2.1709      46.98   25.65990  -84.71578   -0.00254   -0.00404         15  0.000e+00
      93018   3875.708     69.489     69.954    23.2850    23.2841   5.355824   5.355590     2.5800     2.1709      46.98   25.65990  -84.71578   -0.00271   -0.00421         15  0.000e+00
      93019   3875.750     69.442     69.906    23.2850    23.2845   5.355892   5.355536     2.5812     2.1709      46.98   25.65990  -84.71578   -0.00286   -0.00436         15  0.000e+00
      93020   3875.792     69.448     69.913    23.2871    23.2848   5.356022   5.355552     2.5812     2.1709      46.98   25.65990  -84.71578   -0.00301   -0.00451         15  0.000e+00
      93021   3875.833     69.489     69.954    23.2885    23.2853   5.356159   5.355598     2.5812     2.1709      46.98   25.65990  -84.71578   -0.00315   -0.00465         15  0.000e+00
      96425   4017.667     50.028     50.360    25.3272    25.3338   5.558096   5.558790     2.9902     2.5385     100.00   25.65992  -84.71574    0.00059    0.00315         16  0.000e+00
      96426   4017.708     50.028     50.360    25.3284    25.3341   5.558220   5.558853     2.9902     2.5372     100.00   25.65992  -84.71574    0.00045    0.00301         16  0.000e+00
      96427   4017.750     49.926     50.258    25.3288    25.3347   5.558228   5.558900     2.9890     2.5372     100.00   25.65992  -84.71574    0.00030    0.00286         16  0.000e+00
      96428   4017.792     49.825     50.156    25.3293    25.3345   5.558274   5.558877     2.9902     2.5372     100.00   25.65992  -84.71574    0.00018    0.00271         16  0.000e+00
      96429   4017.833     49.926     50.258    25.3299    25.3343   5.558367   5.558869     2.9890     2.5372     100.00   25.65992  -84.71574    0.00004    0.00256         16  0.000e+00
      96430   4017.875     49.879     50.210    25.3305    25.3343   5.558367   5.558900     2.9902     2.5372     100.00   25.65992  -84.71574   -0.00008    0.00242         16  0.000e+00
      96431   4017.917     49.825     50.156    25.3309    25.3340   5.558453   5.558877     2.9890     2.5360     100.00   25.65992  -84.71574   -0.00022    0.00226         16  0.000e+00
      96432   4017.958     49.825     50.156    25.3313    25.3338   5.558460   5.558830     2.9890     2.5372     100.00   25.65992  -84.71574   -0.00034    0.00212         16  0.000e+00
      96433   4018.000     49.825     50.156    25.3313    25.3343   5.558437   5.558892     2.9890     2.5360     100.00   25.65992  -84.71574   -0.00047    0.00195         16  0.000e+00
      96434   4018.042     49.852     50.183    25.3313    25.3349   5.558398   5.558947     2.9890     2.5360     100.00   25.65992  -84.71574   -0.00059    0.00179         16  0.000e+00
      96435   4018.083     49.778     50.108    25.3311    25.3352   5.558437   5.559034     2.9890     2.5360     100.00   25.65992  -84.71574   -0.00072    0.00163         16  0.000e+00
      96436   4018.125     49.825     50.156    25.3315    25.3358   5.558437   5.559081     2.9878     2.5360     100.00   25.65992  -84.71574   -0.00088    0.00148         16  0.000e+00
      96437   4018.167     49.778     50.108    25.3317    25.3369   5.558484   5.559199     2.9890     2.5360     100.00   25.65992  -84.71574   -0.00099    0.00134         16  0.000e+00
      96438   4018.208     49.778     50.109    25.3318    25.3372   5.558484   5.559199     2.9878     2.5360     100.00   25.65992  -84.71574   -0.00112    0.00120         16  0.000e+00
      96439   4018.250     49.730     50.061    25.3328    25.3379   5.558584   5.559222     2.9890     2.5348     100.00   25.65992  -84.71574   -0.00124    0.00105         16  0.000e+00
      96440   4018.292     49.825     50.156    25.3335    25.3385   5.558638   5.559309     2.9878     2.5348     100.00   25.65992  -84.71574   -0.00137    0.00090         16  0.000e+00
      96441   4018.333     49.731     50.061    25.3340    25.3392   5.558724   5.559395     2.9878     2.5348     100.00   25.65992  -84.71574   -0.00148    0.00076         16  0.000e+00
      96442   4018.375     49.731     50.061    25.3358    25.3390   5.558894   5.559450     2.9878     2.5348     100.00   25.65992  -84.71574   -0.00161    0.00062         16  0.000e+00
      96443   4018.417     49.676     50.006    25.3363    25.3388   5.558956   5.559497     2.9890     2.5348     100.00   25.65992  -84.71574   -0.00169    0.00049         16  0.000e+00
      96444   4018.458     49.731     50.061    25.3360    25.3390   5.558979   5.559473     2.9890     2.5348     100.00   25.65992  -84.71574   -0.00178    0.00036         16  0.000e+00
      96445   4018.500     49.704     50.034    25.3355    25.3388   5.558894   5.559466     2.9890     2.5348     100.00   25.65992  -84.71574   -0.00187    0.00023         16  0.000e+00
      96446   4018.542     49.677     50.007    25.3346    25.3388   5.558747   5.559426     2.9890     2.5348     100.00   25.65992  -84.71574   -0.00195    0.00010         16  0.000e+00
      96447   4018.583     49.677     50.007    25.3328    25.3390   5.558607   5.559450     2.9890     2.5348     100.00   25.65992  -84.71574   -0.00204   -0.00001         16  0.000e+00
      96448   4018.625     49.677     50.007    25.3308    25.3394   5.558483   5.559497     2.9890     2.5348     100.00   25.65992  -84.71574   -0.00211   -0.00012         16  0.000e+00
      96449   4018.667     49.677     50.007    25.3304    25.3398   5.558545   5.559583     2.9890     2.5336     100.00   25.65992  -84.71574   -0.00218   -0.00026         16  0.000e+00
      96450   4018.708     49.677     50.007    25.3336    25.3399   5.558731   5.559536     2.9890     2.5348     100.00   25.65992  -84.71574   -0.00225   -0.00037         16  0.000e+00
      96451   4018.750     49.629     49.959    25.3342    25.3399   5.558762   5.559544     2.9890     2.5348     100.00   25.65992  -84.71574   -0.00231   -0.00048         16  0.000e+00
      96452   4018.792     49.629     49.959    25.3318    25.3401   5.558654   5.559560     2.9902     2.5348     100.00   25.65992  -84.71574   -0.00236   -0.00058         16  0.000e+00
      96453   4018.833     49.630     49.959    25.3311    25.3407   5.558638   5.559591     2.9902     2.5348     100.00   25.65992  -84.71574   -0.00240   -0.00068         16  0.000e+00
      96454   4018.875     49.582     49.911    25.3315    25.3412   5.558654   5.559670     2.9902     2.5348     100.00   25.65992  -84.71574   -0.00244   -0.00077         16  0.000e+00
      96455   4018.917     49.555     49.884    25.3326    25.3417   5.558615   5.559725     2.9902     2.5348     100.00   25.65992  -84.71574   -0.00247   -0.00087         16  0.000e+00
      96456   4018.958     49.677     50.007    25.3338    25.3419   5.558646   5.559772     2.9902     2.5348     100.00   25.65992  -84.71574   -0.00249   -0.00095         16  0.000e+00
      96457   4019.000     49.582     49.912    25.3349    25.3419   5.558731   5.559858     2.9902     2.5348     100.00   25.65992  -84.71574   -0.00252   -0.00104         16  0.000e+00
      96458   4019.042     49.582     49.912    25.3347    25.3429   5.558778   5.559843     2.9902     2.5348     100.00   25.65992  -84.71574   -0.00254   -0.00112         16  0.000e+00
      96459   4019.083     49.582     49.912    25.3342    25.3434   5.558793   5.559866     2.9902     2.5348     100.00   25.65992  -84.71574   -0.00254   -0.00120         16  0.000e+00
      96460   4019.125     49.582     49.912    25.3357    25.3441   5.558956   5.559952     2.9915     2.5348     100.00   25.65992  -84.71574   -0.00254   -0.00128         16  0.000e+00
      96461   4019.167     49.582     49.912    25.3373    25.3450   5.559127   5.560000     2.9915     2.5348     100.00   25.65992  -84.71574   -0.00252   -0.00134         16  0.000e+00
      96462   4019.208     49.528     49.857    25.3382    25.3456   5.559266   5.560047     2.9915     2.5348     100.00   25.65992  -84.71574   -0.00250   -0.00139         16  0.000e+00
      96463   4019.250     49.583     49.912    25.3384    25.3465   5.559328   5.560157     2.9915     2.5348     100.00   25.65992  -84.71574   -0.00248   -0.00145         16  0.000e+00
      96464   4019.292     49.583     49.912    25.3382    25.3474   5.559274   5.560298     2.9915     2.5360     100.00   25.65992  -84.71574   -0.00245   -0.00149         16  0.000e+00
      96465   4019.333     49.529     49.857    25.3380    25.3479   5.559219   5.560369     2.9915     2.5348     100.00   25.65992  -84.71574   -0.00243   -0.00153         16  0.000e+00
      96466   4019.375     49.556     49.885    25.3384    25.3491   5.559266   5.560408     2.9927     2.5360     100.00   25.65992  -84.71574   -0.00239   -0.00155         16  0.000e+00
      96467   4019.417     49.529     49.858    25.3409    25.3483   5.559436   5.560392     2.9927     2.5360     100.00   25.65992  -84.71574   -0.00234   -0.00157         16  0.000e+00
      96468   4019.458     49.583     49.912    25.3423    25.3472   5.559545   5.560447     2.9927     2.5360     100.00   25.65992  -84.71574   -0.00228   -0.00159         16  0.000e+00
      96469   4019.500     49.481     49.810    25.3407    25.3487   5.559545   5.560573     2.9927     2.5360     100.00   25.65992  -84.71574   -0.00223   -0.00161         16  0.000e+00
      96470   4019.542     49.583     49.912    25.3396    25.3487   5.559467   5.560542     2.9939     2.5372     100.00   25.65992  -84.71574   -0.00217   -0.00161         16  0.000e+00
      96471   4019.583     49.529     49.858    25.3394    25.3472   5.559467   5.560377     2.9939     2.5372     100.00   25.65992  -84.71574   -0.00210   -0.00161         16  0.000e+00
