GOMECC/GOMECC-4/1db/rb2103_0711.ros
* Sea-Bird SBE 9 Data File:
* FileName = C:\Users\scs.user.rb\CTD\GOMECC4\data\rb2103_0711.hex
* Software Version Seasave V 7.26.7.107
* Temperature SN = 4799
* Conductivity SN = 3860
* Number of Bytes Per Scan = 41
* Number of Voltage Words = 4
* Number of Scans Averaged by the Deck Unit = 1
* NMEA Latitude = 26 03.51 N
* NMEA Longitude = 094 11.79 W
* NMEA UTC (Time) = Oct 03 2021  22:34:45
* NMEA baud rate = 4800
# nquan = 17
# nvalues = 3192                                  
# units = specified
# name 0 = scan: Scan Count
# name 1 = timeS: Time, Elapsed [seconds]
# name 2 = depSM: Depth [salt water, m]
# name 3 = prDM: Pressure, Digiquartz [db]
# name 4 = t090C: Temperature [ITS-90, deg C]
# name 5 = t190C: Temperature, 2 [ITS-90, deg C]
# name 6 = c0S/m: Conductivity [S/m]
# name 7 = c1S/m: Conductivity, 2 [S/m]
# name 8 = sbeox0V: Oxygen raw, SBE 43 [V]
# name 9 = sbeox1V: Oxygen raw, SBE 43, 2 [V]
# name 10 = altM: Altimeter [m]
# name 11 = latitude: Latitude [deg]
# name 12 = longitude: Longitude [deg]
# name 13 = sbox0dV/dT: Oxygen, SBE 43 [dov/dt]
# name 14 = sbox1dV/dT: Oxygen, SBE 43, 2 [dov/dt]
# name 15 = nbf: Bottles Fired
# name 16 = flag:  0.000e+00
# interval = seconds: 0.0416667
# start_time = Oct 03 2021 22:34:45 [NMEA time, header]
# bad_flag = -9.990e-29
*END*
[from data line 2213]
     212224   8842.625    174.157    175.372    18.7009    18.6797   4.840983   4.840155     1.8718     1.5409     100.00   26.05830  -94.19712    0.00025   -0.00015         17  0.000e+00
     212225   8842.667    174.204    175.419    18.7004    18.6870   4.840969   4.840355     1.8718     1.5409     100.00   26.05830  -94.19712    0.00028   -0.00014         17  0.000e+00
     212226   8842.708    174.170    175.385    18.6999    18.7005   4.840969   4.840569     1.8718     1.5409     100.00   26.05830  -94.19712    0.00031   -0.00014         17  0.000e+00
     212227   8842.750    174.157    175.372    18.6987    18.7068   4.840969   4.840680     1.8718     1.5409     100.00   26.05830  -94.19712    0.00034   -0.00013         17  0.000e+00
     212228   8842.792    174.157    175.372    18.6993    18.7077   4.841027   4.840792     1.8718     1.5421     100.00   26.05830  -94.19712    0.00037   -0.00010         17  0.000e+00
     212229   8842.833    174.204    175.419    18.7025    18.7082   4.841071   4.840910     1.8718     1.5421     100.00   26.05830  -94.19712    0.00039   -0.00006         17  0.000e+00
     212230   8842.875    174.116    175.331    18.7032    18.7077   4.841210   4.840992     1.8718     1.5421     100.00   26.05830  -94.19712    0.00042   -0.00004         17  0.000e+00
     212231   8842.917    174.204    175.419    18.7036    18.7047   4.841334   4.840895     1.8718     1.5409     100.00   26.05830  -94.19712    0.00045   -0.00003         17  0.000e+00
     212232   8842.958    174.157    175.372    18.7064    18.6992   4.841400   4.840829     1.8730     1.5409     100.00   26.05830  -94.19712    0.00050   -0.00001         17  0.000e+00
     212233   8843.000    174.157    175.372    18.7103    18.6992   4.841444   4.840732     1.8730     1.5409     100.00   26.05830  -94.19712    0.00054    0.00001         17  0.000e+00
     212234   8843.042    174.170    175.385    18.7086    18.6987   4.841458   4.840636     1.8718     1.5409     100.00   26.05830  -94.19712    0.00057    0.00002         17  0.000e+00
     212235   8843.083    174.157    175.372    18.7049    18.6954   4.841480   4.840495     1.8718     1.5409     100.00   26.05830  -94.19712    0.00059    0.00004         17  0.000e+00
     212236   8843.125    174.157    175.372    18.7055    18.6924   4.841400   4.840377     1.8718     1.5421     100.00   26.05830  -94.19712    0.00062    0.00008         17  0.000e+00
     212237   8843.167    174.157    175.372    18.7056    18.6922   4.841342   4.840303     1.8730     1.5409     100.00   26.05830  -94.19712    0.00066    0.00010         17  0.000e+00
     212238   8843.208    174.170    175.385    18.7066    18.6950   4.841334   4.840073     1.8730     1.5409     100.00   26.05830  -94.19712    0.00068    0.00013         17  0.000e+00
     212239   8843.250    174.102    175.317    18.7083    18.6980   4.841356   4.839784     1.8718     1.5409     100.00   26.05830  -94.19712    0.00071    0.00015         17  0.000e+00
     212240   8843.292    174.157    175.372    18.7065    18.6992   4.841495   4.839688     1.8718     1.5409     100.00   26.05830  -94.19712    0.00071    0.00017         17  0.000e+00
     212241   8843.333    174.157    175.372    18.7061    18.6994   4.841619   4.839680     1.8718     1.5409     100.00   26.05830  -94.19712    0.00072    0.00019         17  0.000e+00
     212242   8843.375    174.116    175.331    18.7070    18.6962   4.841744   4.839695     1.8718     1.5409     100.00   26.05830  -94.19712    0.00072    0.00021         17  0.000e+00
     212243   8843.417    174.157    175.372    18.7062    18.6943   4.841963   4.839591     1.8730     1.5409     100.00   26.05830  -94.19712    0.00074    0.00024         17  0.000e+00
     212244   8843.458    174.102    175.317    18.7065    18.6933   4.842087   4.839525     1.8730     1.5409     100.00   26.05830  -94.19712    0.00076    0.00026         17  0.000e+00
     212245   8843.500    174.102    175.317    18.7108    18.6919   4.842109   4.839480     1.8730     1.5409     100.00   26.05830  -94.19712    0.00078    0.00028         17  0.000e+00
     212246   8843.542    174.170    175.385    18.7140    18.6909   4.841926   4.839443     1.8730     1.5409     100.00   26.05830  -94.19712    0.00082    0.00030         17  0.000e+00
     212247   8843.583    174.102    175.317    18.7112    18.6900   4.841641   4.839340     1.8718     1.5409     100.00   26.05830  -94.19712    0.00083    0.00032         17  0.000e+00
     212248   8843.625    174.055    175.269    18.7063    18.6879   4.841422   4.839280     1.8718     1.5409      85.57   26.05830  -94.19712    0.00083    0.00035         17  0.000e+00
     212249   8843.667    174.102    175.317    18.7072    18.6880   4.840998   4.839258     1.8730     1.5409      59.51   26.05830  -94.19712    0.00085    0.00037         17  0.000e+00
     212250   8843.708    174.116    175.331    18.7053    18.6893   4.840479   4.839147     1.8730     1.5409      52.09   26.05830  -94.19712    0.00086    0.00039         17  0.000e+00
     212251   8843.750    174.102    175.317    18.6959    18.6844   4.840164   4.838984     1.8730     1.5409      52.77   26.05830  -94.19712    0.00089    0.00041         17  0.000e+00
     212252   8843.792    174.055    175.269    18.6942    18.6797   4.839982   4.838880     1.8730     1.5397      53.87   26.05830  -94.19712    0.00091    0.00042         17  0.000e+00
     212253   8843.833    174.055    175.269    18.6978    18.6805   4.839850   4.838740     1.8718     1.5397      54.14   26.05830  -94.19712    0.00090    0.00042         17  0.000e+00
     212254   8843.875    174.068    175.283    18.6967    18.6762   4.839726   4.838606     1.8718     1.5397      54.09   26.05830  -94.19712    0.00089    0.00043         17  0.000e+00
     212255   8843.917    174.055    175.269    18.6899    18.6690   4.839667   4.838577     1.8730     1.5397      54.07   26.05830  -94.19712    0.00090    0.00043         17  0.000e+00
     212256   8843.958    174.055    175.269    18.6891    18.6641   4.839748   4.838658     1.8730     1.5397      54.04   26.05830  -94.19712    0.00091    0.00044         17  0.000e+00
     212257   8844.000    174.055    175.269    18.6874    18.6628   4.839499   4.838666     1.8730     1.5397      54.04   26.05830  -94.19712    0.00094    0.00045         17  0.000e+00
     212258   8844.042    174.021    175.235    18.6829    18.6701   4.838673   4.838658     1.8730     1.5397      54.04   26.05830  -94.19712    0.00096    0.00045         17  0.000e+00
     212259   8844.083    174.055    175.269    18.6757    18.6759   4.837540   4.838688     1.8730     1.5397      54.04   26.05830  -94.19712    0.00099    0.00044         17  0.000e+00
     212260   8844.125    174.007    175.221    18.6672    18.6748   4.836510   4.838606     1.8730     1.5397      54.04   26.05830  -94.19712    0.00100    0.00043         17  0.000e+00
     212261   8844.167    174.007    175.221    18.6639    18.6725   4.835830   4.838510     1.8730     1.5397      54.04   26.05830  -94.19712    0.00100    0.00042         17  0.000e+00
     212262   8844.208    174.021    175.235    18.6552    18.6747   4.835662   4.838554     1.8730     1.5397      54.04   26.05830  -94.19712    0.00100    0.00041         17  0.000e+00
     212263   8844.250    174.007    175.221    18.6424    18.6802   4.835677   4.838636     1.8730     1.5397      54.04   26.05830  -94.19712    0.00103    0.00040         17  0.000e+00
     212264   8844.292    174.007    175.221    18.6379    18.6811   4.835662   4.838680     1.8730     1.5397      54.04   26.05830  -94.19712    0.00103    0.00039         17  0.000e+00
     212265   8844.333    173.953    175.167    18.6485    18.6818   4.835713   4.838665     1.8730     1.5397      54.04   26.05830  -94.19712    0.00103    0.00038         17  0.000e+00
     212266   8844.375    173.967    175.180    18.6573    18.6842   4.835640   4.838658     1.8718     1.5397      54.04   26.05830  -94.19712    0.00101    0.00037         17  0.000e+00
     212267   8844.417    173.953    175.167    18.6581    18.6830   4.835392   4.838288     1.8730     1.5397      54.04   26.05830  -94.19712    0.00101    0.00036         17  0.000e+00
     212268   8844.458    173.953    175.167    18.6514    18.6783   4.835136   4.837799     1.8730     1.5397      54.04   26.05830  -94.19712    0.00101    0.00035         17  0.000e+00
     212269   8844.500    173.953    175.167    18.6481    18.6723   4.834741   4.837340     1.8730     1.5397      54.04   26.05830  -94.19712    0.00101    0.00034         17  0.000e+00
     212270   8844.542    173.967    175.180    18.6459    18.6715   4.834259   4.837140     1.8718     1.5397      54.04   26.05830  -94.19712    0.00099    0.00031         17  0.000e+00
     212271   8844.583    173.953    175.167    18.6464    18.6667   4.833952   4.836799     1.8718     1.5397      69.06   26.05830  -94.19712    0.00096    0.00030         17  0.000e+00
     216751   9031.250    124.627    125.481    20.8691    20.8825   5.054838   5.055976     2.3016     1.9353     100.00   26.05816  -94.19726    0.00023    0.00132         18  0.000e+00
     216752   9031.292    124.403    125.256    20.8694    20.8850   5.054831   5.056036     2.3016     1.9353     100.00   26.05816  -94.19726    0.00026    0.00138         18  0.000e+00
     216753   9031.333    124.376    125.229    20.8696    20.8855   5.054801   5.056044     2.3016     1.9353     100.00   26.05816  -94.19726    0.00028    0.00144         18  0.000e+00
     216754   9031.375    124.505    125.359    20.8696    20.8852   5.054883   5.055946     2.3028     1.9353     100.00   26.05816  -94.19726    0.00031    0.00150         18  0.000e+00
     216755   9031.417    124.431    125.283    20.8697    20.8825   5.054995   5.055878     2.3028     1.9365     100.00   26.05816  -94.19726    0.00036    0.00158         18  0.000e+00
     216756   9031.458    124.451    125.304    20.8703    20.8809   5.055069   5.055742     2.3028     1.9353     100.00   26.05816  -94.19726    0.00041    0.00161         18  0.000e+00
     216757   9031.500    124.431    125.284    20.8703    20.8808   5.055181   5.055569     2.3016     1.9353     100.00   26.05816  -94.19726    0.00043    0.00167         18  0.000e+00
     216758   9031.542    124.404    125.256    20.8727    20.8818   5.055240   5.055478     2.3028     1.9353     100.00   26.05816  -94.19726    0.00046    0.00172         18  0.000e+00
     216759   9031.583    124.451    125.304    20.8729    20.8778   5.055322   5.055350     2.3016     1.9365     100.00   26.05816  -94.19726    0.00047    0.00178         18  0.000e+00
     216760   9031.625    124.431    125.284    20.8734    20.8733   5.055426   5.055252     2.3028     1.9353     100.00   26.05816  -94.19726    0.00052    0.00181         18  0.000e+00
     216761   9031.667    124.451    125.304    20.8738    20.8694   5.055493   5.055169     2.3016     1.9365     100.00   26.05816  -94.19726    0.00055    0.00188         18  0.000e+00
     216762   9031.708    124.376    125.229    20.8764    20.8679   5.055538   5.055154     2.3028     1.9365     100.00   26.05816  -94.19726    0.00058    0.00193         18  0.000e+00
     216763   9031.750    124.404    125.256    20.8771    20.8687   5.055612   5.055056     2.3016     1.9365     100.00   26.05816  -94.19726    0.00061    0.00197         18  0.000e+00
     216764   9031.792    124.431    125.284    20.8785    20.8682   5.055702   5.054928     2.3016     1.9365     100.00   26.05816  -94.19726    0.00063    0.00202         18  0.000e+00
     216765   9031.833    124.404    125.256    20.8771    20.8663   5.055746   5.054777     2.3016     1.9365     100.00   26.05816  -94.19726    0.00064    0.00206         18  0.000e+00
     216766   9031.875    124.377    125.229    20.8774    20.8650   5.055784   5.054792     2.3028     1.9365     100.00   26.05816  -94.19726    0.00067    0.00210         18  0.000e+00
     216767   9031.917    124.404    125.256    20.8783    20.8654   5.055798   5.054845     2.3028     1.9365     100.00   26.05816  -94.19726    0.00071    0.00214         18  0.000e+00
     216768   9031.958    124.404    125.256    20.8783    20.8673   5.055836   5.054950     2.3016     1.9365     100.00   26.05816  -94.19726    0.00072    0.00218         18  0.000e+00
     216769   9032.000    124.431    125.284    20.8806    20.8684   5.055880   5.054980     2.3016     1.9365     100.00   26.05816  -94.19726    0.00073    0.00221         18  0.000e+00
     216770   9032.042    124.356    125.209    20.8810    20.8683   5.055791   5.054980     2.3016     1.9365     100.00   26.05816  -94.19726    0.00074    0.00225         18  0.000e+00
     216771   9032.083    124.377    125.229    20.8789    20.8682   5.055731   5.054988     2.3028     1.9365     100.00   26.05816  -94.19726    0.00077    0.00228         18  0.000e+00
     216772   9032.125    124.404    125.257    20.8778    20.8670   5.055642   5.055018     2.3028     1.9365     100.00   26.05816  -94.19726    0.00080    0.00231         18  0.000e+00
     216773   9032.167    124.377    125.229    20.8782    20.8671   5.055597   5.054928     2.3016     1.9365     100.00   26.05816  -94.19726    0.00081    0.00232         18  0.000e+00
     216774   9032.208    124.404    125.257    20.8754    20.8672   5.055620   5.054897     2.3028     1.9353     100.00   26.05816  -94.19726    0.00083    0.00233         18  0.000e+00
     216775   9032.250    124.377    125.229    20.8738    20.8676   5.055724   5.054928     2.3028     1.9365     100.00   26.05816  -94.19726    0.00086    0.00235         18  0.000e+00
     216776   9032.292    124.356    125.209    20.8750    20.8685   5.055791   5.054943     2.3028     1.9365     100.00   26.05816  -94.19726    0.00088    0.00236         18  0.000e+00
     216777   9032.333    124.356    125.209    20.8778    20.8688   5.055828   5.054943     2.3016     1.9365     100.00   26.05816  -94.19726    0.00089    0.00236         18  0.000e+00
     216778   9032.375    124.377    125.229    20.8792    20.8682   5.055813   5.054905     2.3028     1.9365     100.00   26.05816  -94.19726    0.00091    0.00236         18  0.000e+00
     216779   9032.417    124.404    125.257    20.8782    20.8670   5.055709   5.054739     2.3028     1.9365     100.00   26.05816  -94.19726    0.00093    0.00236         18  0.000e+00
     216780   9032.458    124.329    125.182    20.8757    20.8639   5.055612   5.054686     2.3028     1.9353     100.00   26.05816  -94.19726    0.00095    0.00234         18  0.000e+00
     216781   9032.500    124.404    125.257    20.8761    20.8639   5.055560   5.054656     2.3016     1.9353     100.00   26.05816  -94.19726    0.00097    0.00232         18  0.000e+00
     216782   9032.542    124.282    125.134    20.8775    20.8654   5.055359   5.054671     2.3016     1.9353     100.00   26.05816  -94.19726    0.00098    0.00230         18  0.000e+00
     216783   9032.583    124.451    125.305    20.8778    20.8643   5.055121   5.054626     2.3028     1.9353     100.00   26.05816  -94.19726    0.00100    0.00227         18  0.000e+00
     216784   9032.625    124.329    125.182    20.8782    20.8638   5.054890   5.054633     2.3028     1.9365     100.00   26.05816  -94.19726    0.00102    0.00226         18  0.000e+00
     216785   9032.667    124.357    125.209    20.8722    20.8659   5.054704   5.054671     2.3028     1.9353     100.00   26.05816  -94.19726    0.00104    0.00223         18  0.000e+00
     216786   9032.708    124.357    125.209    20.8629    20.8678   5.054570   5.054686     2.3028     1.9353     100.00   26.05816  -94.19726    0.00104    0.00220         18  0.000e+00
