GOMECC/GOMECC-4/1db/rb2103_1231.cnv
* Sea-Bird SBE 9 Data File:
* FileName = C:\Users\scs.user.rb\CTD\GOMECC4\data\rb2103_1231.hex
* Software Version Seasave V 7.26.7.107
* Temperature SN = 4799
* Conductivity SN = 3860
* Number of Bytes Per Scan = 41
* Number of Voltage Words = 4
* Number of Scans Averaged by the Deck Unit = 1
* NMEA Latitude = 24 44.12 N
* NMEA Longitude = 080 37.33 W
* NMEA UTC (Time) = Oct 17 2021  22:52:18
* NMEA baud rate = 4800
# nquan = 28
# nvalues = 193                         
# units = specified
# name 0 = scan: Scan Count
# name 1 = timeS: Time, Elapsed [seconds]
# name 2 = depSM: Depth [salt water, m]
# name 3 = prDM: Pressure, Digiquartz [db]
# name 4 = t090C: Temperature [ITS-90, deg C]
# name 5 = t190C: Temperature, 2 [ITS-90, deg C]
# name 6 = c0S/m: Conductivity [S/m]
# name 7 = c1S/m: Conductivity, 2 [S/m]
# name 8 = sbeox0V: Oxygen raw, SBE 43 [V]
# name 9 = sbeox1V: Oxygen raw, SBE 43, 2 [V]
# name 10 = altM: Altimeter [m]
# name 11 = latitude: Latitude [deg]
# name 12 = longitude: Longitude [deg]
# name 13 = sbox0dV/dT: Oxygen, SBE 43 [dov/dt]
# name 14 = sbox1dV/dT: Oxygen, SBE 43, 2 [dov/dt]
# name 15 = sbeox0ML/L: Oxygen, SBE 43 [ml/l], WS = 5
# name 16 = sbeox1ML/L: Oxygen, SBE 43, 2 [ml/l], WS = 5
# name 17 = potemp090C: Potential Temperature [ITS-90, deg C]
# name 18 = potemp190C: Potential Temperature, 2 [ITS-90, deg C]
# name 19 = sal00: Salinity, Practical [PSU]
# name 20 = sal11: Salinity, Practical, 2 [PSU]
# name 21 = sigma-é00: Density [sigma-theta, kg/m^3]
# name 22 = sigma-é11: Density, 2 [sigma-theta, kg/m^3]
# name 23 = avgsvCM: Average Sound Velocity [Chen-Millero, m/s], minP = 20, minS = 20
# name 24 = sbox0Mm/Kg: Oxygen, SBE 43 [umol/kg], WS = 5
# name 25 = sbox1Mm/Kg: Oxygen, SBE 43, 2 [umol/kg], WS = 5
# name 26 = nbin: number of scans per bin
# name 27 = flag: flag
# span 0 =      15623,      54854       
# span 1 =    650.910,   2285.539       
# span 2 =      0.994,    133.098       
# span 3 =      1.000,    134.000       
# span 4 =    10.4517,    29.7611       
# span 5 =    10.4514,    29.7639       
# span 6 =   3.884116,   5.899392       
# span 7 =   3.884454,   5.900019       
# span 8 =     1.7105,     3.1806       
# span 9 =     1.4016,     2.6877       
# span 10 =      12.33,     100.05      
# span 11 =   24.56959,   24.75510      
# span 12 =  -80.68707,  -80.08262      
# span 13 =   -0.05955,    0.02185      
# span 14 =   -0.05401,    0.02151      
# span 15 =     2.6331,     4.3953      
# span 16 =     2.6444,     4.3644      
# span 17 =    10.4360,    29.7606      
# span 18 =    10.4356,    29.7635      
# span 19 =    35.2601,    36.4176      
# span 20 =    35.2661,    36.4235      
# span 21 =    22.2609,    27.0935      
# span 22 =    22.2611,    27.0939      
# span 23 =       0.00,    1545.01      
# span 24 =    114.506,    191.961      
# span 25 =    114.996,    190.608      
# span 26 =         31,         82      
# span 27 = 0.0000e+00, 0.0000e+00      
# interval = decibars: 1                
# start_time = Oct 17 2021 22:52:18 [NMEA time, header]
# bad_flag = -9.990e-29
*END*
[from data line 52]
      19019    792.414     56.627     57.000    28.7188    28.7157   5.851144   5.851190     2.9586     2.4902      88.76   24.73560  -80.62334   -0.00828   -0.00683     4.0763     4.0503    28.7051    28.7019    36.0380    36.0407    22.9423    22.9454    1545.01    177.964    176.830         35 0.0000e+00
      19052    793.790     57.620     58.000    28.6027    28.6041   5.840944   5.841370     2.9562     2.4921      87.80   24.73560  -80.62334   -0.00348   -0.00255     4.0804     4.0617    28.5888    28.5902    36.0548    36.0567    22.9936    22.9946    1545.01    178.133    177.319         33 0.0000e+00
      19085    795.156     58.613     59.000    28.5451    28.5435   5.835664   5.835877     2.9641     2.5004      86.81   24.73560  -80.62334    0.00014    0.00195     4.0991     4.0828    28.5309    28.5294    36.0615    36.0641    23.0179    23.0204    1545.00    178.948    178.235         33 0.0000e+00
      19118    796.536     59.606     60.000    28.4561    28.4565   5.827886   5.828213     2.9678     2.5044      85.84   24.73560  -80.62334    0.00321    0.00412     4.1126     4.0971    28.4417    28.4422    36.0746    36.0765    23.0573    23.0587    1545.00    179.530    178.854         33 0.0000e+00
      19151    797.935     60.600     61.000    28.3921    28.3922   5.822093   5.822443     2.9753     2.5119      84.97   24.73560  -80.62334    0.00394    0.00429     4.1313     4.1171    28.3775    28.3776    36.0826    36.0849    23.0846    23.0863    1544.99    180.339    179.721         34 0.0000e+00
      19185    799.330     61.593     62.000    28.3003    28.3006   5.813985   5.814391     2.9834     2.5197      83.89   24.73560  -80.62334    0.00502    0.00514     4.1532     4.1393    28.2856    28.2859    36.0955    36.0981    23.1247    23.1266    1544.98    181.288    180.682         33 0.0000e+00
      19218    800.708     62.587     63.000    28.0652    28.0662   5.793629   5.793678     2.9907     2.5245      82.96   24.73560  -80.62334    0.00577    0.00469     4.1842     4.1655    28.0502    28.0512    36.1233    36.1273    23.2232    23.2258    1544.96    182.626    181.809         33 0.0000e+00
      19251    802.074     63.580     64.000    27.9307    27.9329   5.780288   5.780906     2.9929     2.5264      82.00   24.73561  -80.62334    0.00426    0.00340     4.1978     4.1782    27.9156    27.9178    36.1411    36.1438    23.2807    23.2821    1544.94    183.210    182.354         33 0.0000e+00
      19284    803.449     64.573     65.000    27.8911    27.8924   5.776333   5.776779     2.9933     2.5269      80.98   24.73561  -80.62335    0.00230    0.00179     4.2019     4.1826    27.8758    27.8771    36.1433    36.1455    23.2955    23.2967    1544.92    183.386    182.541         33 0.0000e+00
      19317    804.831     65.566     66.000    27.8326    27.8331   5.770200   5.770602     2.9887     2.5232      80.11   24.73562  -80.62336   -0.00016    0.00012     4.1983     4.1795    27.8171    27.8176    36.1447    36.1472    23.3157    23.3174    1544.89    183.224    182.404         33 0.0000e+00
      19350    806.226     66.559     67.000    27.7376    27.7407   5.760266   5.760966     2.9805     2.5129      79.06   24.73562  -80.62336   -0.00297   -0.00296     4.1907     4.1652    27.7219    27.7250    36.1473    36.1498    23.3487    23.3496    1544.86    182.885    181.775         34 0.0000e+00
      19384    807.618     67.553     68.000    27.3324    27.3347   5.720277   5.721114     2.9585     2.4962      78.12   24.73562  -80.62336   -0.00739   -0.00785     4.1798     4.1589    27.3166    27.3189    36.1761    36.1802    23.5020    23.5044    1544.83    182.382    181.470         33 0.0000e+00
      19417    808.998     68.546     69.000    27.1877    27.2064   5.708360   5.710418     2.9532     2.4960      77.26   24.73562  -80.62336   -0.01095   -0.00829     4.1806     4.1673    27.1717    27.1904    36.2029    36.2032    23.5689    23.5631    1544.79    182.404    181.829         33 0.0000e+00
      19450    810.384     69.539     70.000    26.9472    26.9458   5.689394   5.689790     2.9622     2.5055      76.17   24.73562  -80.62336   -0.00478   -0.00160     4.2146     4.2044    26.9311    26.9297    36.2541    36.2580    23.6849    23.6882    1544.75    183.872    183.426         33 0.0000e+00
      19483    811.764     70.532     71.000    26.8477    26.8485   5.684054   5.684755     2.9791     2.5222      75.30   24.73562  -80.62336    0.00624    0.00722     4.2516     4.2440    26.8314    26.8322    36.2933    36.2978    23.7463    23.7494    1544.71    185.471    185.140         33 0.0000e+00
      19516    813.120     71.526     72.000    26.3676    26.3640   5.643659   5.643910     2.9835     2.5294      74.18   24.73562  -80.62336    0.00894    0.00943     4.2975     4.2943    26.3513    26.3477    36.3785    36.3831    23.9632    23.9678    1544.64    187.436    187.293         33 0.0000e+00
      19549    814.488     72.519     73.000    26.1230    26.1122   5.620349   5.619900     2.9820     2.5245      73.29   24.73562  -80.62336    0.00473    0.00499     4.3134     4.3020    26.1066    26.0958    36.4020    36.4073    24.0581    24.0654    1544.58    188.113    187.612         33 0.0000e+00
      19582    815.886     73.512     74.000    25.6623    25.6583   5.572513   5.572878     2.9669     2.5095      72.36   24.73562  -80.62336   -0.00278   -0.00335     4.3145     4.2987    25.6459    25.6419    36.4176    36.4235    24.2138    24.2195    1544.51    188.134    187.444         34 0.0000e+00
      19616    817.288     74.506     75.000    25.1511    25.1281   5.512620   5.511130     2.9228     2.4664      71.29   24.73561  -80.62336   -0.01498   -0.01517     4.2775     4.2521    25.1347    25.1117    36.3834    36.3908    24.3456    24.3582    1544.42    186.493    185.383         33 0.0000e+00
      19649    818.657     75.498     76.000    24.4028    24.3834   5.426326   5.425232     2.8616     2.4092      70.39   24.73561  -80.62336   -0.02856   -0.02778     4.2168     4.1830    24.3865    24.3671    36.3411    36.3486    24.5411    24.5526    1544.32    183.814    182.337         33 0.0000e+00
      19682    820.034     76.492     77.000    23.5003    23.4698   5.315229   5.313193     2.7904     2.3452      69.50   24.73560  -80.62336   -0.04223   -0.03947     4.1485     4.1115    23.4843    23.4538    36.2310    36.2404    24.7258    24.7418    1544.19    180.802    179.187         33 0.0000e+00
      19715    821.410     77.485     78.000    22.2994    22.2542   5.180265   5.177144     2.7003     2.2601      68.38   24.73560  -80.62336   -0.05390   -0.04904     4.0579     4.0075    22.2838    22.2386    36.1749    36.1880    25.0304    25.0532    1544.03    176.799    174.600         33 0.0000e+00
      19748    822.786     78.478     79.000    21.7212    21.7042   5.118379   5.117667     2.6276     2.2001      67.49   24.73560  -80.62336   -0.05955   -0.05401     3.9557     3.9138    21.7056    21.6887    36.1688    36.1774    25.1888    25.2001    1543.84    172.319    170.494         33 0.0000e+00
      19781    824.161     79.471     80.000    21.0541    21.0360   5.046948   5.046350     2.5684     2.1515      66.52   24.73560  -80.62336   -0.05430   -0.04774     3.8833     3.8499    21.0387    21.0206    36.1593    36.1698    25.3661    25.3791    1543.64    169.136    167.682         33 0.0000e+00
      19814    825.533     80.464     81.000    20.6439    20.6302   5.003428   5.003021     2.5169     2.1094      65.47   24.73560  -80.62336   -0.04301   -0.03534     3.8058     3.7810    20.6285    20.6149    36.1553    36.1637    25.4748    25.4849    1543.42    165.746    164.665         33 0.0000e+00
      19847    826.928     81.458     82.000    20.1898    20.1844   4.955070   4.955431     2.4700     2.0734      64.60   24.73560  -80.62336   -0.03793   -0.03068     3.7403     3.7286    20.1745    20.1691    36.1485    36.1561    25.5916    25.5989    1543.20    162.875    162.361         34 0.0000e+00
      19881    828.328     82.451     83.000    19.8582    19.8476   4.919335   4.919203     2.4307     2.0399      63.54   24.73560  -80.62336   -0.03307   -0.02624     3.6809     3.6735    19.8429    19.8323    36.1391    36.1472    25.6725    25.6815    1542.96    160.275    159.949         33 0.0000e+00
      19914    829.708     83.444     84.000    19.5144    19.5127   4.882756   4.883528     2.3985     2.0147      62.58   24.73560  -80.62336   -0.02822   -0.02305     3.6370     3.6372    19.4991    19.4974    36.1327    36.1405    25.7579    25.7643    1542.73    158.350    158.356         33 0.0000e+00
      19947    831.077     84.438     85.000    19.2733    19.2700   4.857343   4.857760     2.3712     1.9914      61.61   24.73560  -80.62336   -0.02365   -0.01932     3.5957     3.5987    19.2579    19.2546    36.1296    36.1359    25.8183    25.8240    1542.48    156.544    156.671         33 0.0000e+00
      19980    832.445     85.431     86.000    19.0427    19.0441   4.832930   4.833810     2.3486     1.9719      60.60   24.73560  -80.62336   -0.01986   -0.01653     3.5634     3.5679    19.0273    19.0287    36.1253    36.1315    25.8746    25.8790    1542.24    155.128    155.322         33 0.0000e+00
      20013    833.824     86.424     87.000    18.8614    18.8571   4.813644   4.813973     2.3290     1.9554      59.66   24.73560  -80.62336   -0.01670   -0.01447     3.5339     3.5412    18.8459    18.8416    36.1210    36.1275    25.9178    25.9238    1541.99    153.838    154.155         33 0.0000e+00
      20046    835.227     87.417     88.000    18.4559    18.4317   4.767656   4.765794     2.3062     1.9351      58.61   24.73560  -80.62336   -0.01508   -0.01282     3.5138     3.5220    18.4404    18.4162    36.0865    36.0919    25.9942    26.0044    1541.74    152.951    153.306         34 0.0000e+00
      20080    836.633     88.410     89.000    17.9349    17.9420   4.709709   4.711544     2.2755     1.9068      57.67   24.73560  -80.62335   -0.01703   -0.01497     3.4838     3.4871    17.9196    17.9266    36.0500    36.0595    26.0964    26.1019    1541.48    151.629    151.775         34 0.0000e+00
      20114    838.035     89.403     90.000    17.7156    17.7182   4.685889   4.686852     2.2482     1.8807      56.64   24.73560  -80.62334   -0.02045   -0.01906     3.4387     3.4388    17.7002    17.7028    36.0388    36.0447    26.1420    26.1459    1541.21    149.661    149.663         33 0.0000e+00
      20147    839.422     90.396     91.000    17.5563    17.5490   4.667750   4.667545     2.2284     1.8641      55.64   24.73560  -80.62334   -0.01890   -0.01741     3.4063     3.4099    17.5409    17.5336    36.0229    36.0276    26.1688    26.1742    1540.95    148.245    148.401         33 0.0000e+00
      20180    840.811     91.390     92.000    17.3639    17.3622   4.647150   4.647566     2.2079     1.8477      54.72   24.73560  -80.62334   -0.01544   -0.01339     3.3739     3.3823    17.3484    17.3468    36.0149    36.0200    26.2096    26.2139    1540.68    146.830    147.193         34 0.0000e+00
      20214    842.211     92.383     93.000    17.2238    17.2235   4.631893   4.632422     2.1898     1.8320      53.65   24.73560  -80.62334   -0.01401   -0.01138     3.3435     3.3534    17.2082    17.2080    36.0065    36.0114    26.2371    26.2408    1540.42    145.503    145.933         33 0.0000e+00
      20248    843.617     93.376     94.000    17.1828    17.1824   4.627837   4.628243     2.1780     1.8224      52.70   24.73560  -80.62334   -0.01216   -0.01011     3.3195     3.3321    17.1671    17.1667    36.0073    36.0113    26.2476    26.2507    1540.15    144.458    145.005         34 0.0000e+00
      20282    845.042     94.369     95.000    17.1268    17.1258   4.621873   4.622268     2.1698     1.8172      51.85   24.73560  -80.62334   -0.00880   -0.00723     3.3098     3.3269    17.1110    17.1100    36.0050    36.0093    26.2593    26.2628    1539.93    144.032    144.776         35 0.0000e+00
      20316    846.468     95.362     96.000    16.4998    16.4948   4.550745   4.550953     2.1562     1.8054      50.72   24.73560  -80.62334   -0.00707   -0.00533     3.3096     3.3272    16.4842    16.4792    35.9409    35.9473    26.3590    26.3651    1539.70    144.011    144.775         34 0.0000e+00
      20350    847.862     96.355     97.000    16.2395    16.2355   4.523395   4.523574     2.1314     1.7787      49.85   24.73560  -80.62334   -0.01067   -0.00973     3.2804     3.2874    16.2239    16.2199    35.9326    35.9378    26.4134    26.4184    1539.36    142.732    143.034         33 0.0000e+00
      20383    849.247     97.348     98.000    15.9752    15.9785   4.495019   4.495980     2.1060     1.7520      48.79   24.73560  -80.62334   -0.01635   -0.01709     3.2405     3.2369    15.9597    15.9629    35.9180    35.9237    26.4634    26.4670    1539.08    140.990    140.834         33 0.0000e+00
      20417    850.678     98.341     99.000    15.9219    15.9194   4.489731   4.489958     2.0866     1.7347      47.77   24.73560  -80.62334   -0.01719   -0.01790     3.1991     3.1970    15.9062    15.9037    35.9186    35.9229    26.4761    26.4800    1538.80    139.187    139.093         35 0.0000e+00
      20452    852.123     99.335    100.000    15.7869    15.7806   4.475508   4.475407     2.0698     1.7233      46.79   24.73560  -80.62334   -0.01391   -0.01219     3.1694     3.1772    15.7711    15.7648    35.9131    35.9179    26.5028    26.5079    1538.53    137.891    138.231         35 0.0000e+00
      20486    853.532    100.328    101.000    15.5087    15.5045   4.446404   4.446504     2.0502     1.7070      45.80   24.73560  -80.62334   -0.01241   -0.00951     3.1428     3.1535    15.4930    15.4888    35.9036    35.9083    26.5587    26.5632    1538.26    136.727    137.192         33 0.0000e+00
      20519    854.921    101.321    102.000    15.3091    15.3006   4.426911   4.426456     2.0289     1.6857      44.91   24.73560  -80.62334   -0.01377   -0.01184     3.1060     3.1121    15.2934    15.2849    35.9090    35.9126    26.6077    26.6124    1537.98    135.117    135.383         33 0.0000e+00
      20553    856.340    102.314    103.000    15.1902    15.1876   4.414317   4.414377     2.0109     1.6700      43.78   24.73560  -80.62334   -0.01456   -0.01346     3.0718     3.0791    15.1744    15.1718    35.9029    35.9059    26.6296    26.6325    1537.71    133.627    133.947         35 0.0000e+00
      20588    857.778    103.307    104.000    14.9787    14.9809   4.388248   4.388845     1.9950     1.6557      42.85   24.73560  -80.62334   -0.01271   -0.01154     3.0534     3.0601    14.9691    14.9654    35.8529    35.8589    26.6366    26.6414    1537.45    132.828    133.117         34 0.0000e+00
      20622    859.194    104.300    105.000    14.6698    14.6699   4.351211   4.351764     1.9787     1.6427      41.87   24.73560  -80.62334   -0.01149   -0.00987     3.0319     3.0431    14.6540    14.6542    35.8024    35.8073    26.6669    26.6706    1537.15    131.887    132.376         34 0.0000e+00
      20655    860.585    105.293    106.000    14.4140    14.4095   4.322613   4.322787     1.9643     1.6298      40.89   24.73560  -80.62334   -0.01113   -0.00933     3.0151     3.0268    14.3983    14.3938    35.7738    35.7796    26.7002    26.7056    1536.87    131.154    131.663         33 0.0000e+00
      20689    861.988    106.286    107.000    13.9252    13.9075   4.267413   4.266213     1.9445     1.6104      39.99   24.73560  -80.62334   -0.01122   -0.01008     3.0034     3.0101    13.9098    13.8920    35.7124    35.7177    26.7569    26.7647    1536.58    130.635    130.926         34 0.0000e+00
