GOMECC/GOMECC-4/1db/rb2103_1001.cnv
* Sea-Bird SBE 9 Data File:
* FileName = C:\Users\scs.user.rb\CTD\GOMECC4\data\rb2103_1001.hex
* Software Version Seasave V 7.26.7.107
* Temperature SN = 4799
* Conductivity SN = 3860
* Number of Bytes Per Scan = 41
* Number of Voltage Words = 4
* Number of Scans Averaged by the Deck Unit = 1
* NMEA Latitude = 22 32.53 N
* NMEA Longitude = 088 00.00 W
* NMEA UTC (Time) = Oct 12 2021  13:22:20
* NMEA baud rate = 4800
# nquan = 28
# nvalues = 59                          
# units = specified
# name 0 = scan: Scan Count
# name 1 = timeS: Time, Elapsed [seconds]
# name 2 = depSM: Depth [salt water, m]
# name 3 = prDM: Pressure, Digiquartz [db]
# name 4 = t090C: Temperature [ITS-90, deg C]
# name 5 = t190C: Temperature, 2 [ITS-90, deg C]
# name 6 = c0S/m: Conductivity [S/m]
# name 7 = c1S/m: Conductivity, 2 [S/m]
# name 8 = sbeox0V: Oxygen raw, SBE 43 [V]
# name 9 = sbeox1V: Oxygen raw, SBE 43, 2 [V]
# name 10 = altM: Altimeter [m]
# name 11 = latitude: Latitude [deg]
# name 12 = longitude: Longitude [deg]
# name 13 = sbox0dV/dT: Oxygen, SBE 43 [dov/dt]
# name 14 = sbox1dV/dT: Oxygen, SBE 43, 2 [dov/dt]
# name 15 = sbeox0ML/L: Oxygen, SBE 43 [ml/l], WS = 5
# name 16 = sbeox1ML/L: Oxygen, SBE 43, 2 [ml/l], WS = 5
# name 17 = potemp090C: Potential Temperature [ITS-90, deg C]
# name 18 = potemp190C: Potential Temperature, 2 [ITS-90, deg C]
# name 19 = sal00: Salinity, Practical [PSU]
# name 20 = sal11: Salinity, Practical, 2 [PSU]
# name 21 = sigma-é00: Density [sigma-theta, kg/m^3]
# name 22 = sigma-é11: Density, 2 [sigma-theta, kg/m^3]
# name 23 = avgsvCM: Average Sound Velocity [Chen-Millero, m/s], minP = 20, minS = 20
# name 24 = sbox0Mm/Kg: Oxygen, SBE 43 [umol/kg], WS = 5
# name 25 = sbox1Mm/Kg: Oxygen, SBE 43, 2 [umol/kg], WS = 5
# name 26 = nbin: number of scans per bin
# name 27 = flag: flag
# span 0 =       8482,      31414       
# span 1 =    353.387,   1308.860       
# span 2 =      1.987,     43.719       
# span 3 =      2.000,     44.000       
# span 4 =    23.6801,    29.0096       
# span 5 =    23.6821,    29.0050       
# span 6 =   5.373927,   5.919617       
# span 7 =   5.374415,   5.919472       
# span 8 =     2.6607,     3.2928       
# span 9 =     2.2404,     2.8039       
# span 10 =       9.50,      49.91      
# span 11 =   22.17021,   22.62373      
# span 12 =  -88.31843,  -86.54796      
# span 13 =   -0.04161,    0.03295      
# span 14 =   -0.03834,    0.03423      
# span 15 =     3.8534,     4.8277      
# span 16 =     3.8435,     4.8244      
# span 17 =    23.6709,    29.0067      
# span 18 =    23.6729,    29.0021      
# span 19 =    35.6410,    36.5668      
# span 20 =    35.6434,    36.5680      
# span 21 =    22.6513,    24.9094      
# span 22 =    22.6550,    24.9104      
# span 23 =       0.00,    1546.40      
# span 24 =    167.909,    210.567      
# span 25 =    167.477,    210.393      
# span 26 =         30,         68      
# span 27 = 0.0000e+00, 0.0000e+00      
# interval = decibars: 1                
# start_time = Oct 12 2021 13:22:20 [NMEA time, header]
# bad_flag = -9.990e-29
*END*
       8482    353.387      2.981      3.000    28.9230    28.9234   5.899758   5.899979     3.1421     2.6528      48.84   22.54212  -88.00046    0.00046    0.00102     4.3616     4.3311    28.9223    28.9227    36.2366    36.2379    23.0190    23.0199       0.00    190.405    189.074         35 0.0000e+00
       8548    356.141      3.975      4.000    28.9198    28.9202   5.899461   5.899709     3.1429     2.6534      47.92   22.54213  -88.00046    0.00047    0.00021     4.3637     4.3330    28.9189    28.9192    36.2367    36.2382    23.0202    23.0212       0.00    190.496    189.158         60 0.0000e+00
       8616    358.947      4.969      5.000    28.9200    28.9222   5.899521   5.899923     3.1439     2.6542      46.93   22.54214  -88.00046    0.00000    0.00046     4.3661     4.3350    28.9188    28.9209    36.2367    36.2379    23.0202    23.0204       0.00    190.601    189.244         65 0.0000e+00
       8679    361.596      5.962      6.000    28.9241    28.9245   5.899963   5.900203     3.1436     2.6543      45.99   22.54214  -88.00046    0.00030    0.00003     4.3658     4.3355    28.9226    28.9230    36.2363    36.2377    23.0187    23.0196       0.00    190.589    189.268         68 0.0000e+00
       8741    364.165      6.956      7.000    28.9231    28.9243   5.899899   5.900231     3.1436     2.6550      45.04   22.54214  -88.00046   -0.00012   -0.00027     4.3663     4.3375    28.9214    28.9226    36.2364    36.2378    23.0191    23.0198       0.00    190.612    189.354         55 0.0000e+00
       8800    366.642      7.950      8.000    28.9230    28.9245   5.899936   5.900292     3.1444     2.6570      44.15   22.54214  -88.00046   -0.00008    0.00106     4.3682     4.3420    28.9211    28.9226    36.2363    36.2377    23.0192    23.0197       0.00    190.696    189.552         59 0.0000e+00
       8849    368.683      8.943      9.000    28.9230    28.9243   5.899970   5.900288     3.1449     2.6561      43.21   22.54214  -88.00046    0.00098    0.00008     4.3698     4.3407    28.9208    28.9221    36.2363    36.2375    23.0193    23.0197       0.00    190.763    189.493         42 0.0000e+00
       8891    370.428      9.937     10.000    28.9223    28.9241   5.899952   5.900338     3.1424     2.6561      42.26   22.54214  -88.00046   -0.00075   -0.00023     4.3657     4.3412    28.9199    28.9217    36.2364    36.2377    23.0196    23.0200       0.00    190.586    189.515         45 0.0000e+00
       8943    372.584     10.931     11.000    28.9226    28.9236   5.900016   5.900318     3.1424     2.6556      41.24   22.54214  -88.00046   -0.00061   -0.00001     4.3663     4.3408    28.9200    28.9210    36.2363    36.2376    23.0196    23.0202       0.00    190.612    189.497         55 0.0000e+00
       8992    374.636     11.925     12.000    28.9206    28.9220   5.899856   5.900200     3.1416     2.6527      40.36   22.54214  -88.00046    0.00001   -0.00105     4.3656     4.3357    28.9177    28.9191    36.2365    36.2377    23.0204    23.0209       0.00    190.579    189.273         46 0.0000e+00
       9043    376.748     12.918     13.000    28.9181    28.9204   5.899677   5.900092     3.1432     2.6536      39.36   22.54214  -88.00046   -0.00007   -0.00038     4.3691     4.3380    28.9150    28.9172    36.2368    36.2380    23.0216    23.0217       0.00    190.731    189.377         54 0.0000e+00
       9091    378.755     13.912     14.000    28.9145    28.9158   5.899390   5.899759     3.1412     2.6533      38.44   22.54214  -88.00046    0.00020    0.00011     4.3665     4.3383    28.9111    28.9124    36.2374    36.2388    23.0233    23.0240       0.00    190.620    189.387         44 0.0000e+00
       9143    380.898     14.906     15.000    28.9116    28.9135   5.899261   5.899633     3.1415     2.6540      37.43   22.54214  -88.00046   -0.00037   -0.00053     4.3675     4.3405    28.9080    28.9098    36.2382    36.2394    23.0249    23.0253       0.00    190.662    189.483         59 0.0000e+00
       9196    383.120     15.899     16.000    28.9106    28.9121   5.899253   5.899611     3.1421     2.6570      36.51   22.54214  -88.00046   -0.00009    0.00192     4.3692     4.3471    28.9068    28.9082    36.2386    36.2400    23.0257    23.0263       0.00    190.739    189.770         45 0.0000e+00
       9240    384.967     16.893     17.000    28.9108    28.9125   5.899313   5.899689     3.1431     2.6579      35.58   22.54214  -88.00046    0.00059    0.00115     4.3716     4.3492    28.9066    28.9084    36.2387    36.2400    23.0258    23.0262       0.00    190.840    189.862         48 0.0000e+00
       9295    387.271     17.886     18.000    28.9098    28.9117   5.899324   5.899687     3.1420     2.6545      34.55   22.54214  -88.00046   -0.00013   -0.00101     4.3701     4.3430    28.9055    28.9073    36.2392    36.2403    23.0265    23.0268       0.00    190.774    189.592         57 0.0000e+00
       9346    389.380     18.880     19.000    28.9081    28.9093   5.899471   5.899871     3.1424     2.6560      33.65   22.54214  -88.00046    0.00001   -0.00015     4.3715     4.3467    28.9035    28.9047    36.2412    36.2431    23.0287    23.0297       0.00    190.837    189.754         47 0.0000e+00
       9394    391.371     19.874     20.000    28.9073    28.9088   5.899601   5.899917     3.1436     2.6552      32.67   22.54214  -88.00046    0.00022    0.00011     4.3741     4.3456    28.9024    28.9039    36.2424    36.2435    23.0300    23.0303     786.68    190.951    189.705         49 0.0000e+00
       9445    393.507     20.868     21.000    28.9051    28.9069   5.899697   5.900025     3.1416     2.6539      31.73   22.54214  -88.00046   -0.00020   -0.00037     4.3712     4.3436    28.9000    28.9018    36.2444    36.2453    23.0323    23.0324    1540.21    190.823    189.616         54 0.0000e+00
       9498    395.688     21.861     22.000    28.9030    28.9040   5.899714   5.900043     3.1421     2.6576      30.75   22.54215  -88.00046   -0.00020    0.00027     4.3727     4.3516    28.8977    28.8987    36.2459    36.2473    23.0342    23.0349    1544.94    190.888    189.968         50 0.0000e+00
       9547    397.735     22.855     23.000    28.9021    28.9038   5.899791   5.900126     3.1405     2.6580      29.82   22.54215  -88.00046   -0.00051    0.00153     4.3704     4.3531    28.8965    28.8982    36.2468    36.2478    23.0353    23.0355    1544.95    190.787    190.032         49 0.0000e+00
       9597    399.848     23.848     24.000    28.8750    28.8797   5.898601   5.899036     3.1423     2.6566      28.83   22.54215  -88.00047    0.00032   -0.00069     4.3757     4.3527    28.8692    28.8739    36.2575    36.2577    23.0525    23.0510    1544.95    191.015    190.012         51 0.0000e+00
       9648    401.966     24.842     25.000    28.7135    28.7292   5.893126   5.894312     3.1483     2.6629      27.89   22.54215  -88.00048    0.00140    0.00085     4.3979     4.3743    28.7075    28.7231    36.3438    36.3401    23.1713    23.1634    1544.95    191.960    190.932         52 0.0000e+00
       9702    404.206     25.835     26.000    27.7499    27.7939   5.794318   5.798861     3.1933     2.7142      26.93   22.54216  -88.00048    0.01093    0.01308     4.5537     4.5489    27.7029    27.7878    36.4472    36.4457    23.5791    23.5638    1544.91    198.681    198.477         51 0.0000e+00
       9748    406.122     26.829     27.000    26.7842    26.7913   5.700588   5.701755     3.2735     2.7918      26.00   22.54216  -88.00048    0.03295    0.03423     4.7833     4.7824    26.7772    26.7851    36.4774    36.4803    23.9023    23.9023    1544.76    208.637    208.594         47 0.0000e+00
       9800    408.287     27.823     28.000    26.6922    26.6967   5.691569   5.692453     3.2928     2.8039      24.97   22.54215  -88.00048    0.02627    0.02307     4.8277     4.8154    26.6858    26.6903    36.4834    36.4862    23.9361    23.9368    1544.60    210.567    210.028         54 0.0000e+00
       9853    410.487     28.816     29.000    26.2937    26.3134   5.650969   5.653317     3.2743     2.7933      24.01   22.54216  -88.00048   -0.00169   -0.00042     4.8275     4.8244    26.2872    26.3069    36.5039    36.5054    24.0781    24.0729    1544.45    210.527    210.393         53 0.0000e+00
       9903    412.569     29.810     30.000    25.9400    25.9500   5.614512   5.615883     3.2426     2.7614      23.11   22.54216  -88.00048   -0.01259   -0.01058     4.7982     4.7874    25.9333    25.9433    36.5188    36.5209    24.2006    24.1991    1544.27    209.223    208.754         45 0.0000e+00
       9950    414.525     30.803     31.000    25.6246    25.6439   5.582049   5.584410     3.2053     2.7288      22.10   22.54216  -88.00048   -0.01708   -0.01628     4.7545     4.7433    25.6177    25.6370    36.5321    36.5340    24.3090    24.3045    1544.08    207.296    206.809         53 0.0000e+00
      10005    416.844     31.797     32.000    25.2206    25.2260   5.536931   5.537906     3.1062     2.6336      21.12   22.54216  -88.00048   -0.03144   -0.02862     4.5991     4.5746    25.2136    25.2190    36.5226    36.5255    24.4269    24.4275    1543.87    200.498    199.430         53 0.0000e+00
      10055    418.920     32.791     33.000    25.1534    25.1587   5.530075   5.530988     3.0442     2.5831      20.20   22.54216  -88.00048   -0.04161   -0.03834     4.4859     4.4731    25.1462    25.1515    36.5255    36.5280    24.4498    24.4501    1543.66    195.560    195.002         49 0.0000e+00
      10103    420.898     33.784     34.000    25.0076    25.0115   5.516115   5.516858     3.0182     2.5634      19.24   22.54216  -88.00048   -0.02131   -0.01643     4.4468     4.4415    25.0002    25.0040    36.5364    36.5384    24.5028    24.5031    1543.46    193.843    193.615         48 0.0000e+00
      10156    423.129     34.778     35.000    24.9070    24.9125   5.507230   5.508049     3.0006     2.5496      18.22   22.54216  -88.00048   -0.01016   -0.00833     4.4220     4.4206    24.8994    24.9049    36.5538    36.5555    24.5468    24.5464    1543.25    192.754    192.696         57 0.0000e+00
      10208    425.311     35.771     36.000    24.8129    24.8161   5.497229   5.497902     2.9760     2.5226      17.32   22.54216  -88.00048   -0.00783   -0.00648     4.3823     4.3708    24.8051    24.8083    36.5549    36.5574    24.5764    24.5773    1543.06    191.018    190.519         47 0.0000e+00
      10256    427.300     36.765     37.000    24.7647    24.7675   5.492449   5.493056     2.9353     2.4880      16.32   22.54216  -88.00049   -0.01670   -0.01628     4.3074     4.3002    24.7567    24.7595    36.5579    36.5602    24.5934    24.5943    1542.87    187.749    187.438         51 0.0000e+00
      10309    429.520     37.758     38.000    24.6845    24.6895   5.484548   5.485419     2.9005     2.4571      15.34   22.54216  -88.00050   -0.01885   -0.01684     4.2461     4.2398    24.6763    24.6813    36.5635    36.5655    24.6221    24.6221    1542.69    185.072    184.800         52 0.0000e+00
      10359    431.568     38.752     39.000    24.4791    24.4962   5.462795   5.464817     2.8814     2.4420      14.39   22.54216  -88.00050   -0.01158   -0.00954     4.2256     4.2219    24.4707    24.4879    36.5668    36.5680    24.6867    24.6825    1542.51    184.169    184.006         48 0.0000e+00
      10409    433.659     39.746     40.000    24.0718    24.0764   5.417555   5.418380     2.8300     2.3863      13.42   22.54216  -88.00050   -0.01485   -0.01437     4.1567     4.1320    24.0633    24.0680    36.5572    36.5595    24.8019    24.8023    1542.32    181.147    180.070         53 0.0000e+00
      10462    435.872     40.739     41.000    24.0262    24.0278   5.412380   5.412802     2.7794     2.3447      12.43   22.54216  -88.00050   -0.02709   -0.02639     4.0631     4.0469    24.0175    24.0191    36.5549    36.5568    24.8139    24.8148    1542.13    177.064    176.358         51 0.0000e+00
      10512    437.950     41.733     42.000    23.7547    23.7557   5.381799   5.382251     2.7396     2.3126      11.51   22.54216  -88.00050   -0.02000   -0.01537     3.9879     3.9745    23.7452    23.7469    36.5450    36.5471    24.8874    24.8884    1541.94    173.774    173.188         50 0.0000e+00
      10562    440.022     42.726     43.000    23.7211    23.7239   5.378231   5.378760     2.6929     2.2715      10.51   22.54216  -88.00050   -0.02207   -0.01966     3.9136     3.9080    23.7121    23.7148    36.5446    36.5464    24.8969    24.8974    1541.74    170.536    170.292         51 0.0000e+00
      10613    442.167     43.719     44.000    23.6801    23.6821   5.373927   5.374415     2.6607     2.2404       9.50   22.54216  -88.00050   -0.01800   -0.01636     3.8534     3.8435    23.6709    23.6729    36.5451    36.5472    24.9094    24.9104    1541.56    167.909    167.477         37 0.0000e+00
      21525    896.843     36.765     37.000    23.9129    23.9573   5.377880   5.382207     2.7410     2.3246      15.66   22.35799  -87.28125    0.00148    0.00416     3.9907     4.0001    23.9051    23.9494    36.2680    36.2597    24.5949    24.5754    1528.24    173.910    174.324         32 0.0000e+00
      21840    909.948     35.771     36.000    24.3511    24.3871   5.448034   5.450638     2.8098     2.3774      17.04   22.54234  -88.00090    0.00904    0.00221     4.0939     4.0892    24.3434    24.3794    36.5611    36.5511    24.7209    24.7024    1540.84    178.423    178.221         55 0.0000e+00
      26287   1095.256     18.880     19.000    28.8673    28.8526   5.899719   5.899172     3.1488     2.6598      33.51   22.57380  -88.12350    0.00063    0.00012     4.3874     4.3597    28.8665    28.8480    36.2951    36.3028    23.0892    23.1001    1542.98    191.525    190.313         51 0.0000e+00
      26112   1087.940     16.893     17.000    28.5281    28.4955   5.823910   5.820393     3.1044     2.6264      34.70   22.26346  -86.91200    0.00005   -0.00096     4.3198     4.3023    28.5240    28.4914    35.7925    35.7929    22.7509    22.7621    1521.77    188.577    187.813         45 0.0000e+00
      26574   1107.216     15.899     16.000    28.8851    28.8852   5.896919   5.896923     3.1443     2.6559      36.27   22.54242  -88.00100    0.00019   -0.00082     4.3751     4.3466    28.8812    28.8813    36.2419    36.2419    23.0367    23.0367    1540.84    190.992    189.748         37 0.0000e+00
      26325   1096.825     13.912     14.000    28.4172    28.4114   5.800112   5.799811     3.0925     2.6265      37.37   22.17021  -86.54796    0.00056    0.00208     4.3015     4.2986    28.4138    28.4080    35.6410    35.6434    22.6513    22.6550    1515.40    187.778    187.653         32 0.0000e+00
      27114   1129.711     11.925     12.000    29.0096    29.0050   5.919617   5.919472     3.1554     2.6628      40.38   22.62373  -88.31843   -0.00112    0.00158     4.3871     4.3543    29.0067    29.0021    36.3688    36.3708    23.1098    23.1128    1546.40    191.517    190.087         40 0.0000e+00
      27125   1130.184     10.931     11.000    28.9070    28.9070   5.898518   5.898733     3.1445     2.6550      41.15   22.54242  -88.00100    0.00008    0.00062     4.3712     4.3406    28.9044    28.9044    36.2379    36.2393    23.0260    23.0270    1540.84    190.824    189.489         40 0.0000e+00
      27707   1154.409      9.937     10.000    28.9113    28.9100   5.898958   5.898900     3.1444     2.6560      42.11   22.54242  -88.00101   -0.00024   -0.00071     4.3702     4.3420    28.9089    28.9076    36.2379    36.2393    23.0244    23.0259    1540.84    190.780    189.551         34 0.0000e+00
