GOMECC/GOMECC-4/1db/rb2103_0321.cnv
* Sea-Bird SBE 9 Data File:
* FileName = C:\Users\scs.user.rb\CTD\GOMECC4\data\rb2103_0321.hex
* Software Version Seasave V 7.26.7.107
* Temperature SN = 4799
* Conductivity SN = 3860
* Number of Bytes Per Scan = 41
* Number of Voltage Words = 4
* Number of Scans Averaged by the Deck Unit = 1
* NMEA Latitude = 29 45.48 N
* NMEA Longitude = 087 02.49 W
* NMEA UTC (Time) = Sep 23 2021  20:34:47
* NMEA baud rate = 4800
# nquan = 28
# nvalues = 278                         
# units = specified
# name 0 = scan: Scan Count
# name 1 = timeS: Time, Elapsed [seconds]
# name 2 = depSM: Depth [salt water, m]
# name 3 = prDM: Pressure, Digiquartz [db]
# name 4 = t090C: Temperature [ITS-90, deg C]
# name 5 = t190C: Temperature, 2 [ITS-90, deg C]
# name 6 = c0S/m: Conductivity [S/m]
# name 7 = c1S/m: Conductivity, 2 [S/m]
# name 8 = sbeox0V: Oxygen raw, SBE 43 [V]
# name 9 = sbeox1V: Oxygen raw, SBE 43, 2 [V]
# name 10 = altM: Altimeter [m]
# name 11 = latitude: Latitude [deg]
# name 12 = longitude: Longitude [deg]
# name 13 = sbox0dV/dT: Oxygen, SBE 43 [dov/dt]
# name 14 = sbox1dV/dT: Oxygen, SBE 43, 2 [dov/dt]
# name 15 = sbeox0ML/L: Oxygen, SBE 43 [ml/l], WS = 5
# name 16 = sbeox1ML/L: Oxygen, SBE 43, 2 [ml/l], WS = 5
# name 17 = potemp090C: Potential Temperature [ITS-90, deg C]
# name 18 = potemp190C: Potential Temperature, 2 [ITS-90, deg C]
# name 19 = sal00: Salinity, Practical [PSU]
# name 20 = sal11: Salinity, Practical, 2 [PSU]
# name 21 = sigma-é00: Density [sigma-theta, kg/m^3]
# name 22 = sigma-é11: Density, 2 [sigma-theta, kg/m^3]
# name 23 = avgsvCM: Average Sound Velocity [Chen-Millero, m/s], minP = 20, minS = 20
# name 24 = sbox0Mm/Kg: Oxygen, SBE 43 [umol/kg], WS = 5
# name 25 = sbox1Mm/Kg: Oxygen, SBE 43, 2 [umol/kg], WS = 5
# name 26 = nbin: number of scans per bin
# name 27 = flag: flag
# span 0 =       7380,      53475       
# span 1 =    307.446,   2228.103       
# span 2 =      1.987,    200.531       
# span 3 =      2.000,    202.000       
# span 4 =    14.2756,    28.7328       
# span 5 =    14.2774,    28.7349       
# span 6 =   4.321640,   5.708637       
# span 7 =   4.321790,   5.708771       
# span 8 =     1.8271,     3.1823       
# span 9 =     1.5133,     2.7092       
# span 10 =      10.88,     102.32      
# span 11 =   29.38681,   30.47936      
# span 12 =  -89.15187,  -85.95614      
# span 13 =   -0.04532,    0.02314      
# span 14 =   -0.04103,    0.02553      
# span 15 =     2.7219,     4.5441      
# span 16 =     2.7575,     4.5581      
# span 17 =    14.2460,    28.7307      
# span 18 =    14.2477,    28.7328      
# span 19 =    33.0197,    36.5186      
# span 20 =    33.0202,    36.5148      
# span 21 =    20.9385,    26.7970      
# span 22 =    20.9385,    26.7952      
# span 23 =       0.00,    1560.70      
# span 24 =    118.387,    198.727      
# span 25 =    119.935,    199.336      
# span 26 =         30,         68      
# span 27 = 0.0000e+00, 0.0000e+00      
# interval = decibars: 1                
# start_time = Sep 23 2021 20:34:47 [NMEA time, header]
# bad_flag = -9.990e-29
*END*
[from data line 208]
      31091   1295.410    119.151    120.000    17.1776    17.1736   4.662480   4.662073     2.0441     1.7089      91.75   29.75244  -87.02553    0.00039    0.00016     3.0194     3.0542    17.1575    17.1535    36.3023    36.3032    26.4758    26.4776    1523.48    131.366    132.880         38 0.0000e+00
      34224   1425.959     99.297    100.000    18.6802    18.6896   4.840793   4.841560     2.0422     1.7034     100.11   29.79209  -87.14157    0.00006   -0.00035     2.9123     2.9417    18.6625    18.6718    36.5186    36.5148    26.2723    26.2665    1525.51    126.737    128.017         44 0.0000e+00
      34494   1437.212     98.304     99.000    18.7142    18.7227   4.841636   4.842748     2.0405     1.7010      99.97   29.75828  -87.04268    0.00024   -0.00065     2.9068     2.9337    18.6966    18.7051    36.4824    36.4837    26.2325    26.2313    1523.78    126.498    127.669         58 0.0000e+00
      34534   1438.891     97.312     98.000    18.7600    18.7645   4.846305   4.847016     2.0407     1.7017     100.00   29.75828  -87.04268    0.00022    0.00027     2.9043     2.9329    18.7426    18.7470    36.4817    36.4838    26.2202    26.2207    1523.78    126.393    127.635         53 0.0000e+00
      34587   1441.098     96.319     97.000    18.8423    18.8334   4.855501   4.854410     2.0392     1.6993     100.00   29.75828  -87.04267   -0.00038   -0.00050     2.8959     2.9226    18.8250    18.8160    36.4871    36.4858    26.2033    26.2046    1523.78    126.027    127.191         42 0.0000e+00
      34621   1442.495     95.326     96.000    18.9252    18.8809   4.864444   4.859982     2.0385     1.6984     100.00   29.75828  -87.04268   -0.00074   -0.00100     2.8897     2.9174    18.9099    18.8638    36.4883    36.4913    26.1824    26.1966    1523.78    125.759    126.963         33 0.0000e+00
      34664   1444.292     94.334     95.000    18.9670    18.9616   4.868677   4.868336     2.0367     1.6968     100.00   29.75828  -87.04268   -0.00059   -0.00078     2.8823     2.9087    18.9500    18.9445    36.4890    36.4909    26.1726    26.1756    1523.78    125.440    126.591         55 0.0000e+00
      34712   1446.306     93.341     94.000    19.0039    18.9753   4.872790   4.870412     2.0325     1.6926      82.73   29.75828  -87.04268   -0.00174   -0.00186     2.8700     2.8965    18.9871    18.9587    36.4915    36.4948    26.1650    26.1743    1523.78    124.905    126.060         36 0.0000e+00
      34744   1447.631     92.348     93.000    19.0835    19.0693   4.881255   4.879974     2.0335     1.6939      87.34   29.75828  -87.04269   -0.00146   -0.00117     2.8677     2.8952    19.0668    19.0526    36.4929    36.4947    26.1456    26.1506    1523.78    124.810    126.006         31 0.0000e+00
      34776   1448.979     91.355     92.000    19.1489    19.1377   4.887836   4.886885     2.0360     1.6939      99.62   29.75828  -87.04270    0.00036    0.00012     2.8690     2.8911    19.1322    19.1211    36.4911    36.4930    26.1273    26.1316    1523.78    124.866    125.828         36 0.0000e+00
      34816   1450.623     90.363     91.000    19.1961    19.1830   4.892526   4.891155     2.0359     1.6955     100.00   29.75828  -87.04270    0.00110    0.00043     2.8658     2.8921    19.1797    19.1666    36.4893    36.4893    26.1136    26.1170    1523.78    124.728    125.876         39 0.0000e+00
      34890   1453.709     88.377     89.000    19.2928    19.2983   4.903561   4.904092     2.0363     1.6966      73.67   29.76724  -87.06895   -0.00043    0.00033     2.8602     2.8877    19.2767    19.2821    36.5013    36.5010    26.0986    26.0969    1524.24    124.489    125.684         32 0.0000e+00
      34914   1454.701     87.384     88.000    19.3312    19.3291   4.906791   4.906664     2.0406     1.6992     100.25   29.75828  -87.04270    0.00096    0.00071     2.8670     2.8919    19.3152    19.3131    36.4912    36.4920    26.0799    26.0810    1523.78    124.788    125.870         36 0.0000e+00
      34948   1456.106     86.391     87.000    19.3998    19.3952   4.914167   4.913992     2.0456     1.7051     100.00   29.75828  -87.04270    0.00289    0.00238     2.8736     2.9019    19.3840    19.3794    36.4931    36.4957    26.0634    26.0666    1523.78    125.077    126.305         31 0.0000e+00
      37451   1560.409     79.442     80.000    19.8878    19.8846   4.962970   4.962834     2.1512     1.7970     100.02   29.76504  -87.06248    0.00002    0.00006     3.0705     3.0900    19.8730    19.8697    36.4781    36.4799    25.9242    25.9264    1524.12    133.662    134.511         38 0.0000e+00
      37517   1563.166     78.449     79.000    19.9140    19.9034   4.964153   4.963645     2.1556     1.8005     100.00   29.75830  -87.04278    0.00141    0.00109     3.0790     3.0980    19.8994    19.8888    36.4647    36.4685    25.9062    25.9119    1523.78    134.037    134.861         49 0.0000e+00
      37563   1565.083     77.456     78.000    19.9547    19.9294   4.968250   4.965856     2.1616     1.8080     100.00   29.75830  -87.04278    0.00240    0.00272     3.0882     3.1128    19.9402    19.9149    36.4614    36.4636    25.8929    25.9013    1523.78    134.437    135.507         53 0.0000e+00
      37615   1567.250     76.463     77.000    20.0099    19.9862   4.973384   4.971177     2.1764     1.8184     100.00   29.75830  -87.04278    0.00469    0.00444     3.1160     3.1342    19.9956    19.9719    36.4573    36.4589    25.8750    25.8826    1523.78    135.651    136.444         45 0.0000e+00
      37655   1568.931     75.470     76.000    20.1228    20.0695   4.983988   4.978689     2.1884     1.8305     100.00   29.75830  -87.04278    0.00684    0.00544     3.1346     3.1569    20.1086    20.0553    36.4460    36.4486    25.8363    25.8524    1523.78    136.465    137.434         38 0.0000e+00
      37690   1570.366     74.478     75.000    20.2682    20.2398   4.998197   4.994899     2.2102     1.8502     100.00   29.75830  -87.04278    0.00891    0.00749     3.1639     3.1889    20.2541    20.2258    36.4373    36.4348    25.7907    25.7964    1523.78    137.747    138.833         33 0.0000e+00
      37723   1571.762     73.485     74.000    20.4205    20.3951   5.013869   5.010073     2.2427     1.8813      99.20   29.75830  -87.04280    0.01650    0.01527     3.2376     3.2561    20.4145    20.3812    36.4277    36.4254    25.7403    25.7475    1523.78    140.964    141.769         34 0.0000e+00
      37757   1573.166     72.492     73.000    20.4897    20.4671   5.019068   5.016817     2.2737     1.9111      90.28   29.75830  -87.04280    0.02121    0.02019     3.2923     3.3212    20.4758    20.4533    36.4178    36.4188    25.7163    25.7231    1523.78    143.346    144.603         32 0.0000e+00
      37788   1574.477     71.499     72.000    20.5232    20.5354   5.022216   5.023394     2.2957     1.9335      99.98   29.75830  -87.04280    0.02132    0.02045     3.3365     3.3687    20.5096    20.5218    36.4150    36.4141    25.7050    25.7010    1523.78    145.272    146.678         32 0.0000e+00
      37822   1575.858     70.506     71.000    20.5782    20.5910   5.027430   5.028380     2.3141     1.9524     100.00   29.75830  -87.04280    0.01679    0.01732     3.3714     3.4089    20.5647    20.5776    36.4106    36.4073    25.6867    25.6807    1523.78    146.795    148.428         35 0.0000e+00
      37859   1577.418     69.513     70.000    20.7084    20.6792   5.039566   5.036586     2.3358     1.9707     100.00   29.75830  -87.04280    0.01387    0.01362     3.4084     3.4457    20.6950    20.6659    36.3979    36.3987    25.6418    25.6503    1523.78    148.414    150.036         37 0.0000e+00
      37944   1580.960     66.534     67.000    21.4046    21.3578   5.115450   5.110275     2.4247     2.0446      99.97   29.74863  -87.01454    0.02314    0.01943     3.5456     3.5709    21.3915    21.3448    36.4102    36.4139    25.4588    25.4749    1523.29    154.414    155.514         34 0.0000e+00
      38089   1586.991     65.542     66.000    21.3193    21.6263   5.106830   5.133961     2.4729     2.1269      93.90   29.75830  -87.04282    0.01465    0.02362     3.6516     3.7408    21.3065    21.6134    36.4206    36.3774    25.4912    25.3727    1523.78    159.026    162.931         31 0.0000e+00
      38240   1593.296     64.549     65.000    21.6528    22.0000   5.138574   5.172043     2.5378     2.2286      99.86   29.75830  -87.04282    0.01786    0.02553     3.7632     3.9472    21.6400    21.9871    36.3923    36.3653    25.3772    25.2595    1523.78    163.904    171.940         38 0.0000e+00
      40445   1685.149     59.584     60.000    23.1719    23.1525   5.296829   5.293951     2.7208     2.3049      90.80   29.79569  -87.15219    0.00112    0.00036     4.0229     4.0345    23.1571    23.1401    36.3847    36.3704    24.9431    24.9354    1525.69    175.297    175.798         46 0.0000e+00
      40607   1691.937     58.591     59.000    23.1978    23.2536   5.296920   5.303058     2.7259     2.3191      78.84   29.75830  -87.04284    0.00238    0.00438     4.0308     4.0585    23.1856    23.2414    36.3457    36.3474    24.9007    24.8857    1523.78    175.643    176.850         65 0.0000e+00
      40674   1694.718     57.598     58.000    23.2999    23.2913   5.307960   5.307038     2.7346     2.3262     100.40   29.75830  -87.04284    0.00265    0.00374     4.0388     4.0705    23.2853    23.2793    36.3490    36.3466    24.8741    24.8740    1523.78    175.996    177.376         65 0.0000e+00
      40731   1697.067     56.605     57.000    23.4654    23.3815   5.326484   5.318004     2.7477     2.3312     100.00   29.75830  -87.04284    0.00487    0.00177     4.0530     4.0745    23.4535    23.3696    36.3535    36.3574    24.8282    24.8557    1523.78    176.624    177.554         51 0.0000e+00
      40790   1699.559     55.612     56.000    23.6045    23.5136   5.341962   5.331533     2.7621     2.3426     100.00   29.75830  -87.04284    0.00575    0.00377     4.0706     4.0898    23.5928    23.5019    36.3583    36.3530    24.7908    24.8135    1523.78    177.395    178.228         66 0.0000e+00
      40847   1701.907     54.620     55.000    23.8385    23.7101   5.364799   5.352089     2.7804     2.3551      67.83   29.75830  -87.04284    0.00668    0.00487     4.0893     4.1027    23.8270    23.6986    36.3414    36.3495    24.7087    24.7529    1523.78    178.225    178.800         48 0.0000e+00
      40902   1704.208     53.627     54.000    24.0860    23.9043   5.390571   5.372894     2.8027     2.3719      99.43   29.75830  -87.04284    0.00942    0.00676     4.1142     4.1251    24.0746    23.8929    36.3357    36.3497    24.6307    24.6954    1523.78    179.324    179.787         65 0.0000e+00
      40961   1706.672     52.633     53.000    24.4189    24.1692   5.424210   5.398410     2.8197     2.3871     100.00   29.75830  -87.04284    0.00738    0.00660     4.1222     4.1394    24.4075    24.1579    36.3200    36.3278    24.5190    24.5998    1523.78    179.691    180.427         45 0.0000e+00
      41001   1708.354     51.640     52.000    24.6890    24.4813   5.450785   5.430378     2.8371     2.4017     100.00   29.75830  -87.04284    0.00818    0.00706     4.1364     4.1515    24.6778    24.4701    36.3016    36.3162    24.4233    24.4972    1523.78    180.326    180.970         45 0.0000e+00
      41060   1710.806     50.648     51.000    24.7757    24.6941   5.458252   5.451265     2.8498     2.4192     100.00   29.75830  -87.04284    0.00830    0.00832     4.1537     4.1708    24.7647    24.6831    36.2902    36.3014    24.3884    24.4217    1523.78    181.088    181.825         64 0.0000e+00
      41108   1712.799     49.655     50.000    25.0728    25.0991   5.480535   5.483040     2.8553     2.4266      65.47   29.75830  -87.04284    0.00116    0.00361     4.1465     4.1629    25.0619    25.0882    36.2363    36.2270    24.2569    24.2417    1523.78    180.797    181.514         38 0.0000e+00
      41153   1714.672     48.662     49.000    25.4444    25.4558   5.516728   5.517326     2.8855     2.4504      98.60   29.75830  -87.04284    0.00917    0.00816     4.1735     4.1854    25.4336    25.4450    36.1886    36.1837    24.1066    24.0994    1523.78    182.002    182.520         55 0.0000e+00
      41210   1717.060     47.669     48.000    25.6742    25.5835   5.535253   5.528685     2.9096     2.4661     100.00   29.75830  -87.04284    0.01320    0.00936     4.2041     4.2093    25.6636    25.5729    36.1423    36.1657    24.0003    24.0462    1523.78    183.355    183.575         53 0.0000e+00
      41258   1719.062     46.676     47.000    26.0858    25.9603   5.564780   5.553953     2.9313     2.4789      76.37   29.75830  -87.04284    0.00919    0.00564     4.2151     4.2119    26.0753    25.9498    36.0338    36.0535    23.7900    23.8441    1523.78    183.872    183.723         46 0.0000e+00
      43439   1809.929     39.725     40.000    27.6346    27.6506   5.666012   5.667829     2.8840     2.4435     100.08   29.78358  -87.11674   -0.00078    0.00060     4.0207     4.0301    27.6239    27.6412    35.5799    35.5814    22.9574    22.9534    1525.07    175.537    175.949         49 0.0000e+00
      43472   1811.279     38.732     39.000    27.6189    27.6436   5.660790   5.662561     2.8960     2.4582      90.49   29.75830  -87.04278    0.00434    0.00672     4.0422     4.0598    27.6098    27.6345    35.5423    35.5361    22.9297    22.9170    1523.78    176.479    177.250         61 0.0000e+00
      43528   1813.642     37.739     38.000    27.6502    27.6379   5.660781   5.660951     2.9142     2.4665      99.68   29.75830  -87.04278    0.00594    0.00412     4.0742     4.0770    27.6414    27.6290    35.5188    35.5295    22.9018    22.9139    1523.78    177.879    177.999         60 0.0000e+00
      43591   1816.232     36.746     37.000    27.7129    27.6691   5.661777   5.661426     2.9559     2.4888     100.00   29.75830  -87.04278    0.01458    0.00658     4.1476     4.1206    27.7042    27.6604    35.4787    35.5093    22.8512    22.8885    1523.78    181.093    179.907         56 0.0000e+00
      43642   1818.391     35.753     36.000    27.7517    27.6715   5.660697   5.658119     2.9942     2.5251     100.00   29.75830  -87.04278    0.01696    0.01301     4.2160     4.1948    27.7433    27.6631    35.4420    35.4823    22.8109    22.8663    1523.78    184.089    183.153         54 0.0000e+00
      43696   1820.635     34.759     35.000    27.7983    27.7764   5.657587   5.658779     3.0282     2.5608      91.50   29.75830  -87.04278    0.01680    0.01767     4.2771     4.2632    27.7901    27.7682    35.3830    35.4107    22.7513    22.7792    1523.78    186.768    186.151         51 0.0000e+00
      43750   1822.870     33.766     34.000    27.8387    27.7897   5.651910   5.651269     3.0577     2.5952      82.89   29.75830  -87.04278    0.01388    0.01511     4.3291     4.3330    27.8307    27.7817    35.3151    35.3484    22.6869    22.7279    1523.78    189.050    189.214         59 0.0000e+00
      43807   1825.268     32.773     33.000    27.8672    27.8330   5.643168   5.648944     3.0874     2.6149     100.95   29.75830  -87.04278    0.01249    0.01140     4.3806     4.3707    27.8595    27.8256    35.2312    35.2961    22.6144    22.6740    1523.78    191.310    190.874         48 0.0000e+00
