GOMECC/GOMECC-4/1db/rb2103_0661.ros
* Sea-Bird SBE 9 Data File:
* FileName = C:\Users\scs.user.rb\CTD\GOMECC4\data\rb2103_0661.hex
* Software Version Seasave V 7.26.7.107
* Temperature SN = 4799
* Conductivity SN = 3860
* Number of Bytes Per Scan = 41
* Number of Voltage Words = 4
* Number of Scans Averaged by the Deck Unit = 1
* NMEA Latitude = 26 03.55 N
* NMEA Longitude = 096 04.91 W
* NMEA UTC (Time) = Oct 02 2021  23:29:35
* NMEA baud rate = 4800
# nquan = 17
# nvalues = 3059                                  
# units = specified
# name 0 = scan: Scan Count
# name 1 = timeS: Time, Elapsed [seconds]
# name 2 = depSM: Depth [salt water, m]
# name 3 = prDM: Pressure, Digiquartz [db]
# name 4 = t090C: Temperature [ITS-90, deg C]
# name 5 = t190C: Temperature, 2 [ITS-90, deg C]
# name 6 = c0S/m: Conductivity [S/m]
# name 7 = c1S/m: Conductivity, 2 [S/m]
# name 8 = sbeox0V: Oxygen raw, SBE 43 [V]
# name 9 = sbeox1V: Oxygen raw, SBE 43, 2 [V]
# name 10 = altM: Altimeter [m]
# name 11 = latitude: Latitude [deg]
# name 12 = longitude: Longitude [deg]
# name 13 = sbox0dV/dT: Oxygen, SBE 43 [dov/dt]
# name 14 = sbox1dV/dT: Oxygen, SBE 43, 2 [dov/dt]
# name 15 = nbf: Bottles Fired
# name 16 = flag:  0.000e+00
# interval = seconds: 0.0416667
# start_time = Oct 02 2021 23:29:35 [NMEA time, header]
# bad_flag = -9.990e-29
*END*
[from data line 171]
      51084   2128.458    851.879    859.234     5.7481     5.7480   3.444542   3.444542     1.7607     1.4542      10.09   26.05950  -96.08162   -0.00002   -0.00004          2  0.000e+00
      51085   2128.500    851.872    859.227     5.7483     5.7482   3.444580   3.444555     1.7607     1.4530      10.09   26.05950  -96.08162   -0.00003   -0.00007          2  0.000e+00
      51086   2128.542    851.831    859.186     5.7482     5.7481   3.444599   3.444542     1.7607     1.4542      10.09   26.05950  -96.08162   -0.00002   -0.00007          2  0.000e+00
      51087   2128.583    851.879    859.234     5.7481     5.7480   3.444574   3.444503     1.7607     1.4542      10.09   26.05950  -96.08162   -0.00002   -0.00006          2  0.000e+00
      51088   2128.625    851.831    859.186     5.7484     5.7480   3.444587   3.444503     1.7595     1.4542      10.09   26.05950  -96.08162   -0.00005   -0.00005          2  0.000e+00
      51089   2128.667    851.879    859.234     5.7483     5.7480   3.444599   3.444548     1.7595     1.4542      10.09   26.05950  -96.08162   -0.00007   -0.00004          2  0.000e+00
      51090   2128.708    851.872    859.227     5.7486     5.7480   3.444599   3.444509     1.7595     1.4542      10.09   26.05950  -96.08162   -0.00008   -0.00003          2  0.000e+00
      51091   2128.750    851.831    859.186     5.7486     5.7481   3.444638   3.444548     1.7595     1.4542      10.09   26.05950  -96.08162   -0.00008   -0.00004          2  0.000e+00
      51092   2128.792    851.831    859.186     5.7488     5.7480   3.444657   3.444535     1.7607     1.4530      10.09   26.05950  -96.08162   -0.00007   -0.00004          2  0.000e+00
      51093   2128.833    851.831    859.186     5.7488     5.7480   3.444663   3.444555     1.7607     1.4542      10.09   26.05950  -96.08162   -0.00006   -0.00003          2  0.000e+00
      51094   2128.875    851.831    859.186     5.7492     5.7480   3.444663   3.444522     1.7607     1.4542      10.09   26.05950  -96.08162   -0.00005   -0.00004          2  0.000e+00
      51095   2128.917    851.824    859.179     5.7494     5.7480   3.444663   3.444522     1.7607     1.4530      10.09   26.05950  -96.08162   -0.00004   -0.00004          2  0.000e+00
      51096   2128.958    851.831    859.186     5.7493     5.7480   3.444638   3.444535     1.7607     1.4530      10.09   26.05950  -96.08162   -0.00002   -0.00005          2  0.000e+00
      51097   2129.000    851.831    859.186     5.7494     5.7482   3.444631   3.444529     1.7595     1.4542      10.09   26.05950  -96.08162   -0.00003   -0.00004          2  0.000e+00
      51098   2129.042    851.831    859.186     5.7490     5.7480   3.444701   3.444535     1.7595     1.4542      10.09   26.05950  -96.08162   -0.00003   -0.00004          2  0.000e+00
      51099   2129.083    851.824    859.179     5.7489     5.7481   3.444689   3.444542     1.7595     1.4542      10.09   26.05950  -96.08162   -0.00004   -0.00003          2  0.000e+00
      51100   2129.125    851.831    859.186     5.7493     5.7480   3.444644   3.444529     1.7595     1.4542      10.09   26.05950  -96.08162   -0.00006   -0.00002          2  0.000e+00
      51101   2129.167    851.777    859.131     5.7491     5.7478   3.444676   3.444509     1.7595     1.4542      10.09   26.05950  -96.08162   -0.00007   -0.00003          2  0.000e+00
      51102   2129.208    851.831    859.186     5.7490     5.7481   3.444695   3.444497     1.7607     1.4542      10.09   26.05950  -96.08162   -0.00005   -0.00002          2  0.000e+00
      51103   2129.250    851.831    859.186     5.7489     5.7482   3.444644   3.444548     1.7607     1.4542      10.09   26.05950  -96.08162   -0.00004   -0.00001          2  0.000e+00
      51104   2129.292    851.770    859.124     5.7491     5.7481   3.444631   3.444548     1.7595     1.4542      10.11   26.05950  -96.08162   -0.00004    0.00000          2  0.000e+00
      51105   2129.333    851.831    859.186     5.7491     5.7480   3.444631   3.444529     1.7595     1.4542      10.13   26.05950  -96.08162   -0.00005    0.00001          2  0.000e+00
      51106   2129.375    851.777    859.131     5.7487     5.7482   3.444606   3.444535     1.7595     1.4542      10.16   26.05950  -96.08162   -0.00005    0.00003          2  0.000e+00
      51107   2129.417    851.777    859.131     5.7489     5.7483   3.444587   3.444529     1.7595     1.4542      10.13   26.05950  -96.08162   -0.00005    0.00004          2  0.000e+00
      51108   2129.458    851.832    859.186     5.7491     5.7480   3.444644   3.444509     1.7595     1.4542      10.16   26.05950  -96.08162   -0.00007    0.00005          2  0.000e+00
      51109   2129.500    851.770    859.124     5.7490     5.7482   3.444638   3.444529     1.7607     1.4530      10.16   26.05950  -96.08162   -0.00008    0.00004          2  0.000e+00
      51110   2129.542    851.777    859.131     5.7489     5.7481   3.444650   3.444529     1.7607     1.4530      10.13   26.05950  -96.08162   -0.00006    0.00003          2  0.000e+00
      51111   2129.583    851.777    859.131     5.7491     5.7480   3.444663   3.444509     1.7607     1.4542      10.16   26.05950  -96.08162   -0.00005    0.00005          2  0.000e+00
      51112   2129.625    851.777    859.131     5.7489     5.7478   3.444638   3.444522     1.7607     1.4542      10.16   26.05950  -96.08162   -0.00005    0.00004          2  0.000e+00
      51113   2129.667    851.770    859.124     5.7494     5.7480   3.444606   3.444555     1.7595     1.4542      10.13   26.05950  -96.08162   -0.00007    0.00005          2  0.000e+00
      51114   2129.708    851.777    859.131     5.7489     5.7480   3.444618   3.444496     1.7607     1.4542      10.16   26.05950  -96.08162   -0.00006    0.00005          2  0.000e+00
      51115   2129.750    851.777    859.131     5.7491     5.7478   3.444644   3.444516     1.7595     1.4530      10.13   26.05950  -96.08162   -0.00006    0.00004          2  0.000e+00
      51116   2129.792    851.777    859.131     5.7491     5.7478   3.444631   3.444535     1.7607     1.4542      10.16   26.05950  -96.08162   -0.00007    0.00005          2  0.000e+00
      51117   2129.833    851.729    859.083     5.7489     5.7478   3.444631   3.444555     1.7607     1.4542      10.13   26.05950  -96.08162   -0.00007    0.00004          2  0.000e+00
      51118   2129.875    851.770    859.124     5.7491     5.7480   3.444631   3.444522     1.7607     1.4542      10.16   26.05950  -96.08162   -0.00006    0.00005          2  0.000e+00
      51119   2129.917    851.777    859.131     5.7491     5.7480   3.444650   3.444509     1.7607     1.4542      10.16   26.05950  -96.08162   -0.00004    0.00007          2  0.000e+00
      51120   2129.958    851.777    859.131     5.7493     5.7478   3.444587   3.444548     1.7607     1.4542      10.16   26.05950  -96.08162   -0.00003    0.00008          2  0.000e+00
      51121   2130.000    851.729    859.083     5.7494     5.7478   3.444612   3.444522     1.7607     1.4542      10.16   26.05950  -96.08162   -0.00003    0.00007          2  0.000e+00
      51122   2130.042    851.777    859.131     5.7491     5.7480   3.444631   3.444548     1.7607     1.4542      10.16   26.05950  -96.08162   -0.00004    0.00008          2  0.000e+00
      51123   2130.083    851.722    859.076     5.7493     5.7478   3.444593   3.444542     1.7607     1.4530      10.16   26.05950  -96.08162   -0.00002    0.00007          2  0.000e+00
      51124   2130.125    851.777    859.131     5.7494     5.7480   3.444644   3.444516     1.7607     1.4542      10.13   26.05950  -96.08162   -0.00001    0.00007          2  0.000e+00
      51125   2130.167    851.777    859.131     5.7494     5.7480   3.444663   3.444548     1.7607     1.4530      10.16   26.05950  -96.08162    0.00000    0.00004          2  0.000e+00
      51126   2130.208    851.729    859.083     5.7491     5.7483   3.444612   3.444522     1.7595     1.4530      10.16   26.05950  -96.08162   -0.00002    0.00003          2  0.000e+00
      51127   2130.250    851.729    859.083     5.7493     5.7478   3.444599   3.444496     1.7595     1.4542      10.16   26.05950  -96.08162   -0.00004    0.00005          2  0.000e+00
      51128   2130.292    851.770    859.124     5.7491     5.7480   3.444599   3.444548     1.7595     1.4530      10.16   26.05950  -96.08162   -0.00006    0.00004          2  0.000e+00
      51129   2130.333    851.729    859.083     5.7490     5.7480   3.444618   3.444522     1.7607     1.4542      10.18   26.05950  -96.08162   -0.00005    0.00005          2  0.000e+00
      51130   2130.375    851.729    859.083     5.7488     5.7480   3.444606   3.444522     1.7595     1.4542      10.16   26.05950  -96.08162   -0.00005    0.00004          2  0.000e+00
      51131   2130.417    851.729    859.083     5.7488     5.7481   3.444612   3.444535     1.7595     1.4530      10.18   26.05950  -96.08162   -0.00006    0.00004          2  0.000e+00
      51132   2130.458    851.770    859.124     5.7488     5.7482   3.444580   3.444529     1.7607     1.4542      10.18   26.05950  -96.08162   -0.00005    0.00005          2  0.000e+00
      51133   2130.500    851.729    859.083     5.7487     5.7480   3.444638   3.444509     1.7607     1.4530      10.18   26.05950  -96.08162   -0.00005    0.00004          2  0.000e+00
      51134   2130.542    851.777    859.131     5.7484     5.7480   3.444638   3.444529     1.7607     1.4542      10.18   26.05950  -96.08162   -0.00005    0.00005          2  0.000e+00
      51135   2130.583    851.729    859.083     5.7483     5.7480   3.444606   3.444503     1.7595     1.4530      10.18   26.05950  -96.08162   -0.00006    0.00005          2  0.000e+00
      51136   2130.625    851.777    859.131     5.7479     5.7478   3.444574   3.444529     1.7595     1.4542      10.18   26.05950  -96.08162   -0.00006    0.00006          2  0.000e+00
      51137   2130.667    851.723    859.076     5.7482     5.7478   3.444587   3.444503     1.7595     1.4542      10.18   26.05950  -96.08162   -0.00007    0.00005          2  0.000e+00
      51138   2130.708    851.777    859.131     5.7479     5.7480   3.444574   3.444529     1.7607     1.4542      10.18   26.05950  -96.08162   -0.00005    0.00005          2  0.000e+00
      51139   2130.750    851.729    859.083     5.7479     5.7478   3.444561   3.444542     1.7607     1.4530      10.18   26.05950  -96.08162   -0.00004    0.00004          2  0.000e+00
      51140   2130.792    851.777    859.132     5.7479     5.7477   3.444587   3.444503     1.7607     1.4542      10.18   26.05950  -96.08162   -0.00002    0.00004          2  0.000e+00
      51141   2130.833    851.729    859.083     5.7484     5.7480   3.444599   3.444529     1.7595     1.4542      10.18   26.05950  -96.08162   -0.00003    0.00005          2  0.000e+00
      51142   2130.875    851.771    859.125     5.7481     5.7478   3.444574   3.444503     1.7607     1.4542      10.18   26.05950  -96.08162   -0.00001    0.00006          2  0.000e+00
      51143   2130.917    851.777    859.132     5.7483     5.7480   3.444567   3.444503     1.7607     1.4542      10.18   26.05950  -96.08162   -0.00002    0.00007          2  0.000e+00
      51144   2130.958    851.729    859.083     5.7481     5.7480   3.444567   3.444529     1.7607     1.4530      10.18   26.05950  -96.08162   -0.00000    0.00005          2  0.000e+00
      51145   2131.000    851.777    859.132     5.7482     5.7480   3.444587   3.444503     1.7595     1.4542      10.18   26.05950  -96.08162   -0.00001    0.00004          2  0.000e+00
      51146   2131.042    851.777    859.132     5.7483     5.7478   3.444548   3.444477     1.7607     1.4530      10.18   26.05950  -96.08162    0.00001    0.00001          2  0.000e+00
      51147   2131.083    851.771    859.125     5.7486     5.7480   3.444574   3.444490     1.7607     1.4542      10.18   26.05950  -96.08162    0.00002    0.00001          2  0.000e+00
      51148   2131.125    851.778    859.132     5.7484     5.7478   3.444567   3.444477     1.7607     1.4542      10.18   26.05950  -96.08162    0.00002    0.00002          2  0.000e+00
      51149   2131.167    851.778    859.132     5.7486     5.7478   3.444587   3.444496     1.7607     1.4530      10.18   26.05950  -96.08162    0.00003   -0.00001          2  0.000e+00
      51150   2131.208    851.730    859.083     5.7484     5.7480   3.444574   3.444477     1.7595     1.4530      10.18   26.05950  -96.08162    0.00003   -0.00001          2  0.000e+00
      51151   2131.250    851.826    859.180     5.7481     5.7478   3.444587   3.444522     1.7607     1.4530      10.18   26.05950  -96.08162    0.00005   -0.00004          2  0.000e+00
      51152   2131.292    851.778    859.132     5.7483     5.7482   3.444548   3.444503     1.7607     1.4530      10.18   26.05950  -96.08162    0.00004   -0.00004          2  0.000e+00
      51153   2131.333    851.832    859.187     5.7480     5.7478   3.444580   3.444503     1.7607     1.4530      10.18   26.05950  -96.08162    0.00004   -0.00005          2  0.000e+00
      51154   2131.375    851.778    859.132     5.7483     5.7478   3.444574   3.444484     1.7607     1.4530      10.21   26.05950  -96.08162    0.00003   -0.00006          2  0.000e+00
      51155   2131.417    851.778    859.132     5.7483     5.7476   3.444561   3.444490     1.7607     1.4530      10.21   26.05950  -96.08162    0.00003   -0.00006          2  0.000e+00
      51156   2131.458    851.826    859.180     5.7484     5.7478   3.444587   3.444503     1.7595     1.4542      10.21   26.05950  -96.08162    0.00003   -0.00005          2  0.000e+00
      51157   2131.500    851.778    859.132     5.7482     5.7478   3.444599   3.444522     1.7607     1.4530      10.21   26.05950  -96.08162    0.00004   -0.00005          2  0.000e+00
      51158   2131.542    851.832    859.187     5.7484     5.7476   3.444618   3.444535     1.7607     1.4530      10.18   26.05950  -96.08162    0.00005   -0.00006          2  0.000e+00
      51159   2131.583    851.832    859.187     5.7488     5.7480   3.444606   3.444516     1.7607     1.4542      10.21   26.05950  -96.08162    0.00005   -0.00005          2  0.000e+00
      51160   2131.625    851.778    859.132     5.7493     5.7480   3.444574   3.444496     1.7607     1.4530      10.21   26.05950  -96.08162    0.00006   -0.00007          2  0.000e+00
      51161   2131.667    851.874    859.229     5.7494     5.7481   3.444587   3.444529     1.7595     1.4530      10.21   26.05950  -96.08162    0.00006   -0.00007          2  0.000e+00
      51162   2131.708    851.778    859.132     5.7494     5.7482   3.444618   3.444503     1.7607     1.4542      10.21   26.05950  -96.08162    0.00007   -0.00008          2  0.000e+00
      51163   2131.750    851.881    859.236     5.7494     5.7482   3.444618   3.444529     1.7595     1.4542      10.21   26.05950  -96.08162    0.00007   -0.00006          2  0.000e+00
      51164   2131.792    851.778    859.132     5.7489     5.7480   3.444625   3.444490     1.7607     1.4542      10.21   26.05950  -96.08162    0.00008   -0.00007          2  0.000e+00
      51165   2131.833    851.874    859.229     5.7489     5.7478   3.444676   3.444490     1.7607     1.4530      10.18   26.05950  -96.08162    0.00008   -0.00009          2  0.000e+00
      51166   2131.875    851.833    859.187     5.7488     5.7480   3.444644   3.444529     1.7607     1.4542      10.21   26.05950  -96.08162    0.00007   -0.00008          2  0.000e+00
      51167   2131.917    851.881    859.236     5.7484     5.7480   3.444606   3.444529     1.7607     1.4542      10.21   26.05950  -96.08162    0.00008   -0.00008          2  0.000e+00
