GOMECC/GOMECC-4/1db/rb2103_0611.ros
* Sea-Bird SBE 9 Data File:
* FileName = C:\Users\scs.user.rb\CTD\GOMECC4\data\rb2103_0611.hex
* Software Version Seasave V 7.26.7.107
* Temperature SN = 4799
* Conductivity SN = 3860
* Number of Bytes Per Scan = 41
* Number of Voltage Words = 4
* Number of Scans Averaged by the Deck Unit = 1
* NMEA Latitude = 27 20.09 N
* NMEA Longitude = 096 47.00 W
* NMEA UTC (Time) = Sep 29 2021  23:10:30
* NMEA baud rate = 4800
# nquan = 17
# nvalues = 1064                                  
# units = specified
# name 0 = scan: Scan Count
# name 1 = timeS: Time, Elapsed [seconds]
# name 2 = depSM: Depth [salt water, m]
# name 3 = prDM: Pressure, Digiquartz [db]
# name 4 = t090C: Temperature [ITS-90, deg C]
# name 5 = t190C: Temperature, 2 [ITS-90, deg C]
# name 6 = c0S/m: Conductivity [S/m]
# name 7 = c1S/m: Conductivity, 2 [S/m]
# name 8 = sbeox0V: Oxygen raw, SBE 43 [V]
# name 9 = sbeox1V: Oxygen raw, SBE 43, 2 [V]
# name 10 = altM: Altimeter [m]
# name 11 = latitude: Latitude [deg]
# name 12 = longitude: Longitude [deg]
# name 13 = sbox0dV/dT: Oxygen, SBE 43 [dov/dt]
# name 14 = sbox1dV/dT: Oxygen, SBE 43, 2 [dov/dt]
# name 15 = nbf: Bottles Fired
# name 16 = flag:  0.000e+00
# interval = seconds: 0.0416667
# start_time = Sep 29 2021 23:10:30 [NMEA time, header]
# bad_flag = -9.990e-29
*END*
[from data line 852]
      27431   1142.917      3.376      3.398    28.7147    28.7160   5.655458   5.655815     3.1123     2.6337      32.97   27.33500  -96.78326    0.00017   -0.00050          7  0.000e+00
      27432   1142.958      3.322      3.344    28.7143    28.7160   5.655419   5.655815     3.1123     2.6337      32.94   27.33500  -96.78326    0.00017   -0.00048          7  0.000e+00
      27433   1143.000      3.274      3.296    28.7145    28.7158   5.655442   5.655791     3.1123     2.6337      32.94   27.33500  -96.78326    0.00016   -0.00046          7  0.000e+00
      27434   1143.042      3.274      3.296    28.7146    28.7160   5.655458   5.655799     3.1123     2.6337      32.97   27.33500  -96.78326    0.00017   -0.00044          7  0.000e+00
      27435   1143.083      3.268      3.289    28.7149    28.7158   5.655489   5.655830     3.1136     2.6337      33.38   27.33500  -96.78326    0.00019   -0.00042          7  0.000e+00
      27436   1143.125      3.227      3.248    28.7147    28.7158   5.655465   5.655815     3.1136     2.6337      45.05   27.33500  -96.78326    0.00022   -0.00040          7  0.000e+00
      27437   1143.167      3.227      3.248    28.7145    28.7158   5.655458   5.655791     3.1136     2.6337      52.14   27.33500  -96.78326    0.00024   -0.00037          7  0.000e+00
      27438   1143.208      3.173      3.194    28.7145    28.7158   5.655458   5.655799     3.1136     2.6337      52.99   27.33500  -96.78326    0.00027   -0.00035          7  0.000e+00
      27439   1143.250      3.173      3.194    28.7143    28.7156   5.655419   5.655759     3.1136     2.6337      52.45   27.33500  -96.78326    0.00029   -0.00032          7  0.000e+00
      27440   1143.292      3.125      3.146    28.7143    28.7158   5.655411   5.655791     3.1136     2.6337      52.16   27.33500  -96.78326    0.00031   -0.00030          7  0.000e+00
      27441   1143.333      3.125      3.146    28.7143    28.7156   5.655411   5.655791     3.1136     2.6337      52.14   27.33500  -96.78326    0.00034   -0.00027          7  0.000e+00
      27442   1143.375      3.078      3.099    28.7141    28.7158   5.655411   5.655838     3.1136     2.6349      52.16   27.33500  -96.78326    0.00036   -0.00022          7  0.000e+00
      27443   1143.417      3.078      3.099    28.7143    28.7156   5.655411   5.655767     3.1136     2.6337      52.19   27.33500  -96.78326    0.00038   -0.00019          7  0.000e+00
      27444   1143.458      3.071      3.092    28.7143    28.7160   5.655411   5.655791     3.1136     2.6337      52.19   27.33500  -96.78326    0.00041   -0.00016          7  0.000e+00
      27445   1143.500      3.024      3.044    28.7143    28.7158   5.655442   5.655791     3.1136     2.6349      52.19   27.33500  -96.78326    0.00045   -0.00011          7  0.000e+00
      27446   1143.542      2.977      2.996    28.7145    28.7158   5.655458   5.655838     3.1148     2.6337      52.19   27.33500  -96.78326    0.00049   -0.00010          7  0.000e+00
      27447   1143.583      2.977      2.996    28.7147    28.7160   5.655458   5.655807     3.1136     2.6349      52.19   27.33500  -96.78326    0.00052   -0.00008          7  0.000e+00
      27448   1143.625      3.024      3.044    28.7145    28.7160   5.655489   5.655838     3.1136     2.6349      52.19   27.33500  -96.78326    0.00054   -0.00007          7  0.000e+00
      27449   1143.667      2.929      2.949    28.7147    28.7158   5.655504   5.655870     3.1136     2.6349      52.19   27.33500  -96.78326    0.00056   -0.00005          7  0.000e+00
      27450   1143.708      2.977      2.996    28.7147    28.7160   5.655504   5.655854     3.1136     2.6361      52.19   27.33500  -96.78326    0.00059   -0.00002          7  0.000e+00
      27451   1143.750      2.929      2.949    28.7149    28.7160   5.655504   5.655807     3.1136     2.6361      52.19   27.33500  -96.78326    0.00063    0.00001          7  0.000e+00
      27452   1143.792      2.929      2.949    28.7149    28.7160   5.655504   5.655838     3.1136     2.6361      52.19   27.33500  -96.78326    0.00064    0.00004          7  0.000e+00
      27453   1143.833      2.875      2.894    28.7149    28.7158   5.655536   5.655838     3.1136     2.6361      52.19   27.33500  -96.78326    0.00066    0.00005          7  0.000e+00
      27454   1143.875      2.929      2.949    28.7147    28.7160   5.655551   5.655846     3.1136     2.6361      52.19   27.33500  -96.78326    0.00067    0.00009          7  0.000e+00
      27455   1143.917      2.875      2.894    28.7148    28.7160   5.655512   5.655838     3.1123     2.6361      52.19   27.33500  -96.78326    0.00067    0.00012          7  0.000e+00
      27456   1143.958      2.929      2.949    28.7147    28.7160   5.655504   5.655846     3.1123     2.6361      52.19   27.33500  -96.78326    0.00066    0.00014          7  0.000e+00
      27457   1144.000      2.875      2.894    28.7147    28.7160   5.655504   5.655806     3.1136     2.6361      52.19   27.33500  -96.78326    0.00067    0.00017          7  0.000e+00
      27458   1144.042      2.828      2.847    28.7147    28.7158   5.655504   5.655799     3.1123     2.6361      52.19   27.33500  -96.78326    0.00067    0.00020          7  0.000e+00
      27459   1144.083      2.875      2.894    28.7145    28.7160   5.655504   5.655791     3.1123     2.6361      52.19   27.33500  -96.78326    0.00066    0.00023          7  0.000e+00
      27460   1144.125      2.875      2.894    28.7147    28.7160   5.655536   5.655870     3.1123     2.6361      52.33   27.33500  -96.78326    0.00066    0.00028          7  0.000e+00
      27461   1144.167      2.875      2.894    28.7147    28.7164   5.655551   5.655917     3.1123     2.6361      52.45   27.33500  -96.78326    0.00065    0.00032          7  0.000e+00
      27462   1144.208      2.875      2.894    28.7147    28.7165   5.655551   5.656004     3.1123     2.6361      52.45   27.33500  -96.78326    0.00064    0.00037          7  0.000e+00
      27463   1144.250      2.875      2.894    28.7149    28.7166   5.655551   5.656060     3.1123     2.6361      52.45   27.33500  -96.78326    0.00064    0.00042          7  0.000e+00
      27464   1144.292      2.828      2.847    28.7147    28.7169   5.655512   5.656075     3.1123     2.6361      52.43   27.33500  -96.78326    0.00063    0.00046          7  0.000e+00
      27465   1144.333      2.875      2.894    28.7149    28.7167   5.655536   5.656107     3.1123     2.6361      52.43   27.33500  -96.78326    0.00064    0.00051          7  0.000e+00
      27466   1144.375      2.875      2.894    28.7148    28.7167   5.655512   5.656123     3.1123     2.6374      52.43   27.33500  -96.78326    0.00065    0.00055          7  0.000e+00
      27467   1144.417      2.875      2.894    28.7145    28.7167   5.655504   5.656115     3.1123     2.6374      52.45   27.33500  -96.78326    0.00064    0.00060          7  0.000e+00
      27468   1144.458      2.828      2.847    28.7145    28.7169   5.655465   5.656123     3.1123     2.6374      52.45   27.33500  -96.78326    0.00063    0.00064          7  0.000e+00
      27469   1144.500      2.922      2.942    28.7145    28.7166   5.655489   5.656155     3.1123     2.6374      52.45   27.33500  -96.78326    0.00062    0.00069          7  0.000e+00
      27470   1144.542      2.875      2.894    28.7141    28.7167   5.655465   5.656170     3.1123     2.6374      52.45   27.33500  -96.78326    0.00061    0.00073          7  0.000e+00
      27471   1144.583      2.875      2.894    28.7143    28.7167   5.655418   5.656131     3.1123     2.6386      52.45   27.33500  -96.78326    0.00061    0.00077          7  0.000e+00
      27472   1144.625      2.929      2.949    28.7141    28.7167   5.655442   5.656163     3.1123     2.6374      52.43   27.33500  -96.78326    0.00060    0.00079          7  0.000e+00
      27473   1144.667      2.875      2.894    28.7145    28.7160   5.655457   5.656091     3.1123     2.6374      52.43   27.33500  -96.78326    0.00059    0.00082          7  0.000e+00
      27474   1144.708      2.875      2.894    28.7143    28.7156   5.655457   5.655870     3.1123     2.6374      52.45   27.33500  -96.78326    0.00058    0.00084          7  0.000e+00
      27475   1144.750      2.929      2.949    28.7141    28.7151   5.655418   5.655791     3.1123     2.6374      52.45   27.33500  -96.78326    0.00056    0.00084          7  0.000e+00
      27476   1144.792      2.929      2.949    28.7141    28.7150   5.655411   5.655767     3.1123     2.6374      52.43   27.33500  -96.78326    0.00055    0.00084          7  0.000e+00
      27477   1144.833      2.977      2.996    28.7141    28.7149   5.655411   5.655743     3.1111     2.6374      52.45   27.33500  -96.78326    0.00052    0.00084          7  0.000e+00
      27478   1144.875      2.922      2.942    28.7141    28.7147   5.655411   5.655680     3.1123     2.6361      52.45   27.33500  -96.78326    0.00051    0.00082          7  0.000e+00
      27479   1144.917      2.929      2.949    28.7141    28.7149   5.655372   5.655688     3.1123     2.6361      52.45   27.33500  -96.78326    0.00050    0.00080          7  0.000e+00
      27480   1144.958      2.977      2.996    28.7139    28.7150   5.655434   5.655632     3.1123     2.6361      52.43   27.33500  -96.78326    0.00049    0.00078          7  0.000e+00
      27481   1145.000      2.977      2.996    28.7138    28.7147   5.655348   5.655672     3.1123     2.6361      52.43   27.33500  -96.78326    0.00048    0.00076          7  0.000e+00
      27482   1145.042      2.977      2.996    28.7134    28.7149   5.655348   5.655632     3.1123     2.6361      52.45   27.33500  -96.78326    0.00046    0.00073          7  0.000e+00
      27483   1145.083      2.977      2.996    28.7134    28.7147   5.655364   5.655569     3.1123     2.6361      52.45   27.33500  -96.78326    0.00043    0.00071          7  0.000e+00
      27484   1145.125      3.024      3.044    28.7134    28.7145   5.655364   5.655601     3.1123     2.6361      51.92   27.33500  -96.78326    0.00042    0.00070          7  0.000e+00
      27485   1145.167      3.024      3.044    28.7132    28.7141   5.655325   5.655569     3.1123     2.6349      39.80   27.33500  -96.78326    0.00040    0.00067          7  0.000e+00
      27486   1145.208      3.024      3.044    28.7134    28.7141   5.655317   5.655498     3.1123     2.6361      32.82   27.33500  -96.78326    0.00037    0.00066          7  0.000e+00
      27487   1145.250      3.078      3.099    28.7136    28.7140   5.655348   5.655569     3.1123     2.6361      32.01   27.33500  -96.78326    0.00036    0.00065          7  0.000e+00
      27488   1145.292      3.078      3.099    28.7134    28.7141   5.655364   5.655546     3.1123     2.6361      32.58   27.33500  -96.78326    0.00034    0.00064          7  0.000e+00
      27489   1145.333      3.078      3.099    28.7136    28.7140   5.655364   5.655546     3.1123     2.6361      32.84   27.33500  -96.78326    0.00033    0.00063          7  0.000e+00
      27490   1145.375      3.078      3.099    28.7134    28.7141   5.655364   5.655569     3.1123     2.6361      32.84   27.33500  -96.78326    0.00031    0.00062          7  0.000e+00
      27491   1145.417      3.078      3.099    28.7136    28.7141   5.655395   5.655522     3.1111     2.6361      32.82   27.33500  -96.78326    0.00027    0.00061          7  0.000e+00
      27492   1145.458      3.125      3.146    28.7136    28.7145   5.655372   5.655553     3.1111     2.6374      32.82   27.33500  -96.78326    0.00024    0.00061          7  0.000e+00
      27493   1145.500      3.173      3.194    28.7136    28.7143   5.655364   5.655553     3.1111     2.6374      32.82   27.33500  -96.78326    0.00021    0.00063          7  0.000e+00
      27494   1145.542      3.125      3.146    28.7134    28.7147   5.655395   5.655569     3.1111     2.6374      32.82   27.33500  -96.78326    0.00017    0.00065          7  0.000e+00
      27495   1145.583      3.173      3.194    28.7136    28.7145   5.655411   5.655593     3.1111     2.6374      32.82   27.33500  -96.78326    0.00014    0.00067          7  0.000e+00
      27496   1145.625      3.173      3.194    28.7136    28.7143   5.655341   5.655577     3.1111     2.6374      32.82   27.33500  -96.78326    0.00010    0.00069          7  0.000e+00
      27497   1145.667      3.227      3.248    28.7134    28.7143   5.655387   5.655593     3.1111     2.6374      32.82   27.33500  -96.78326    0.00007    0.00071          7  0.000e+00
      27498   1145.708      3.227      3.248    28.7134    28.7145   5.655372   5.655546     3.1111     2.6374      32.82   27.33500  -96.78326    0.00004    0.00073          7  0.000e+00
      27499   1145.750      3.227      3.248    28.7135    28.7140   5.655395   5.655506     3.1111     2.6374      32.82   27.33500  -96.78326    0.00000    0.00074          7  0.000e+00
      27500   1145.792      3.274      3.296    28.7134    28.7139   5.655341   5.655554     3.1111     2.6374      32.82   27.33500  -96.78326   -0.00003    0.00074          7  0.000e+00
      27501   1145.833      3.227      3.248    28.7136    28.7136   5.655387   5.655482     3.1111     2.6374      32.82   27.33500  -96.78326   -0.00007    0.00075          7  0.000e+00
      27502   1145.875      3.274      3.296    28.7136    28.7141   5.655372   5.655546     3.1111     2.6374      32.82   27.33500  -96.78326   -0.00008    0.00075          7  0.000e+00
      27503   1145.917      3.322      3.344    28.7136    28.7140   5.655364   5.655593     3.1111     2.6374      32.82   27.33500  -96.78326   -0.00010    0.00076          7  0.000e+00
      27504   1145.958      3.322      3.344    28.7138    28.7143   5.655325   5.655546     3.1111     2.6374      32.82   27.33500  -96.78326   -0.00011    0.00078          7  0.000e+00
      27505   1146.000      3.376      3.398    28.7136    28.7145   5.655388   5.655617     3.1123     2.6386      32.82   27.33500  -96.78326   -0.00013    0.00081          7  0.000e+00
      27506   1146.042      3.274      3.296    28.7136    28.7143   5.655411   5.655593     3.1123     2.6386      32.82   27.33500  -96.78326   -0.00013    0.00083          7  0.000e+00
      27507   1146.083      3.376      3.398    28.7138    28.7141   5.655411   5.655593     3.1123     2.6386      32.87   27.33500  -96.78326   -0.00014    0.00086          7  0.000e+00
      27508   1146.125      3.376      3.398    28.7136    28.7143   5.655372   5.655546     3.1123     2.6374      43.54   27.33500  -96.78326   -0.00016    0.00087          7  0.000e+00
      27509   1146.167      3.376      3.398    28.7136    28.7140   5.655395   5.655577     3.1123     2.6386      51.77   27.33500  -96.78326   -0.00018    0.00091          7  0.000e+00
      27734   1155.542      3.125      3.146    28.7246    28.7314   5.656988   5.657579     3.1136     2.6374      52.16   27.33500  -96.78326    0.00112   -0.00025          8  0.000e+00
      27735   1155.583      3.173      3.194    28.7246    28.7302   5.656917   5.657634     3.1148     2.6374      52.16   27.33500  -96.78326    0.00114   -0.00024          8  0.000e+00
      27736   1155.625      3.274      3.296    28.7250    28.7297   5.656925   5.657619     3.1148     2.6374      52.16   27.33500  -96.78326    0.00117   -0.00024          8  0.000e+00
      27737   1155.667      3.024      3.044    28.7250    28.7298   5.656941   5.657674     3.1136     2.6374      52.14   27.33500  -96.78326    0.00117   -0.00024          8  0.000e+00
      27738   1155.708      3.173      3.194    28.7255    28.7303   5.657011   5.657626     3.1136     2.6374      52.16   27.33500  -96.78326    0.00118   -0.00024          8  0.000e+00
