GOMECC/GOMECC-4/1db/rb2103_0281.cnv
* Sea-Bird SBE 9 Data File:
* FileName = C:\Users\scs.user.rb\CTD\GOMECC4\data\rb2103_0281.hex
* Software Version Seasave V 7.26.7.107
* Temperature SN = 4799
* Conductivity SN = 3860
* Number of Bytes Per Scan = 41
* Number of Voltage Words = 4
* Number of Scans Averaged by the Deck Unit = 1
* NMEA Latitude = 27 59.98 N
* NMEA Longitude = 086 37.19 W
* NMEA UTC (Time) = Sep 21 2021  18:09:14
* NMEA baud rate = 4800
# nquan = 28
# nvalues = 490                         
# units = specified
# name 0 = scan: Scan Count
# name 1 = timeS: Time, Elapsed [seconds]
# name 2 = depSM: Depth [salt water, m]
# name 3 = prDM: Pressure, Digiquartz [db]
# name 4 = t090C: Temperature [ITS-90, deg C]
# name 5 = t190C: Temperature, 2 [ITS-90, deg C]
# name 6 = c0S/m: Conductivity [S/m]
# name 7 = c1S/m: Conductivity, 2 [S/m]
# name 8 = sbeox0V: Oxygen raw, SBE 43 [V]
# name 9 = sbeox1V: Oxygen raw, SBE 43, 2 [V]
# name 10 = altM: Altimeter [m]
# name 11 = latitude: Latitude [deg]
# name 12 = longitude: Longitude [deg]
# name 13 = sbox0dV/dT: Oxygen, SBE 43 [dov/dt]
# name 14 = sbox1dV/dT: Oxygen, SBE 43, 2 [dov/dt]
# name 15 = sbeox0ML/L: Oxygen, SBE 43 [ml/l], WS = 5
# name 16 = sbeox1ML/L: Oxygen, SBE 43, 2 [ml/l], WS = 5
# name 17 = potemp090C: Potential Temperature [ITS-90, deg C]
# name 18 = potemp190C: Potential Temperature, 2 [ITS-90, deg C]
# name 19 = sal00: Salinity, Practical [PSU]
# name 20 = sal11: Salinity, Practical, 2 [PSU]
# name 21 = sigma-é00: Density [sigma-theta, kg/m^3]
# name 22 = sigma-é11: Density, 2 [sigma-theta, kg/m^3]
# name 23 = avgsvCM: Average Sound Velocity [Chen-Millero, m/s], minP = 20, minS = 20
# name 24 = sbox0Mm/Kg: Oxygen, SBE 43 [umol/kg], WS = 5
# name 25 = sbox1Mm/Kg: Oxygen, SBE 43, 2 [umol/kg], WS = 5
# name 26 = nbin: number of scans per bin
# name 27 = flag: flag
# span 0 =       8833,     244859       
# span 1 =    367.993,  10202.431       
# span 2 =      1.987,   2960.940       
# span 3 =      2.000,   3002.000       
# span 4 =     4.2925,    29.6213       
# span 5 =     4.2932,    29.6168       
# span 6 =   3.347456,   5.818821       
# span 7 =   3.347395,   5.819306       
# span 8 =     1.6217,     3.2462       
# span 9 =     1.3250,     2.7570       
# span 10 =       2.90,     104.05      
# span 11 =   27.99305,   28.89505      
# span 12 =  -89.39515,  -86.60354      
# span 13 =   -0.03904,    0.03345      
# span 14 =   -0.03639,    0.03871      
# span 15 =     2.5698,     4.6649      
# span 16 =     2.5950,     4.6974      
# span 17 =     4.0816,    29.6206      
# span 18 =     4.0826,    29.6160      
# span 19 =    33.1801,    36.4858      
# span 20 =    33.1971,    36.4847      
# span 21 =    20.8504,    27.7580      
# span 22 =    20.8641,    27.7564      
# span 23 =       0.00,    1548.99      
# span 24 =    111.735,    202.706      
# span 25 =    112.830,    204.121      
# span 26 =         30,         78      
# span 27 = 0.0000e+00, 0.0000e+00      
# interval = decibars: 1                
# start_time = Sep 21 2021 18:09:14 [NMEA time, header]
# bad_flag = -9.990e-29
*END*
[from data line 311]
     171614   7150.545    989.975    999.000     5.1214     5.1208   3.395294   3.395150     1.8427     1.5310      99.72   27.99878  -86.62056    0.00013   -0.00008     3.8622     3.8980     5.0366     5.0360    34.9329    34.9319    27.6179    27.6171    1500.92    167.852    169.406         65 0.0000e+00
     171741   7155.852    988.986    998.000     5.1206     5.1213   3.395191   3.395145     1.8428     1.5311      89.82   27.99878  -86.62056    0.00011    0.00003     3.8622     3.8978     5.0358     5.0366    34.9331    34.9318    27.6181    27.6170    1500.92    167.850    169.399         59 0.0000e+00
     171795   7158.093    987.997    997.000     5.1194     5.1218   3.395048   3.395146     1.8427     1.5308      94.57   27.99878  -86.62056   -0.00002   -0.00004     3.8616     3.8962     5.0348     5.0371    34.9332    34.9319    27.6183    27.6170    1500.92    167.823    169.329         45 0.0000e+00
     171834   7159.726    987.009    996.000     5.1213     5.1245   3.395162   3.395333     1.8427     1.5310      99.99   27.99878  -86.62056   -0.00003   -0.00004     3.8609     3.8961     5.0367     5.0399    34.9330    34.9317    27.6179    27.6165    1500.92    167.795    169.322         36 0.0000e+00
     171869   7161.175    986.020    995.000     5.1252     5.1272   3.395466   3.395535     1.8431     1.5310     100.00   27.99878  -86.62056    0.00006    0.00004     3.8612     3.8952     5.0407     5.0427    34.9329    34.9317    27.6174    27.6161    1500.92    167.808    169.285         33 0.0000e+00
     171902   7162.533    985.032    994.000     5.1318     5.1339   3.395948   3.396015     1.8434     1.5311     100.00   27.99878  -86.62056    0.00021    0.00003     3.8611     3.8944     5.0474     5.0494    34.9323    34.9309    27.6161    27.6147    1500.92    167.802    169.252         32 0.0000e+00
     176675   7361.423    799.087    806.000     5.7704     5.7745   3.444462   3.444698     1.7652     1.4578      87.85   28.00333  -86.63464   -0.00068   -0.00058     3.4442     3.4734     5.6991     5.7032    34.9151    34.9158    27.5238    27.5238    1501.16    149.700    150.968         31 0.0000e+00
     176718   7363.198    798.097    805.000     5.7567     5.7569   3.442596   3.442712     1.7628     1.4563      91.83   27.99878  -86.62058   -0.00077   -0.00053     3.4374     3.4698     5.6856     5.6858    34.9120    34.9110    27.5229    27.5221    1500.92    149.404    150.809         49 0.0000e+00
     176795   7366.425    797.108    804.000     5.7601     5.7565   3.442920   3.442619     1.7633     1.4576      89.44   27.99878  -86.62058    0.00004    0.00035     3.4388     3.4739     5.6891     5.6854    34.9119    34.9111    27.5224    27.5222    1500.92    149.462    150.990         76 0.0000e+00
     176881   7369.990    796.118    803.000     5.7733     5.7663   3.444054   3.443348     1.7636     1.4578      93.89   27.99878  -86.62058    0.00016    0.00011     3.4380     3.4732     5.7023     5.6954    34.9116    34.9107    27.5205    27.5207    1500.92    149.429    150.958         55 0.0000e+00
     176964   7373.455    795.129    802.000     5.7766     5.7806   3.444306   3.444524     1.7623     1.4578      77.99   27.99878  -86.62058   -0.00042   -0.00005     3.4329     3.4714     5.7057     5.7097    34.9115    34.9099    27.5200    27.5182    1500.92    149.206    150.882         69 0.0000e+00
     177051   7377.096    794.139    801.000     5.7866     5.7923   3.445156   3.445490     1.7616     1.4559      98.39   27.99878  -86.62058   -0.00018   -0.00053     3.4294     3.4630     5.7157     5.7214    34.9113    34.9092    27.5186    27.5163    1500.92    149.054    150.514         61 0.0000e+00
     177963   7415.066    793.149    800.000     5.8051     5.8077   3.446587   3.446669     1.7597     1.4539      94.70   27.99877  -86.62058   -0.00020   -0.00022     3.4198     3.4530     5.7342     5.7368    34.9104    34.9095    27.5156    27.5146    1500.92    148.640    150.081         33 0.0000e+00
     179738   7489.024    792.160    799.000     5.8142     5.8147   3.447524   3.447482     1.7568     1.4520      99.78   27.99876  -86.62058   -0.00000    0.00008     3.4100     3.4460     5.7433     5.7438    34.9108    34.9099    27.5147    27.5140    1500.92    148.215    149.777         52 0.0000e+00
     179887   7495.270    791.170    798.000     5.8147     5.8155   3.447525   3.447511     1.7568     1.4518      98.37   27.99876  -86.62058    0.00012    0.00001     3.4096     3.4450     5.7439     5.7447    34.9107    34.9098    27.5146    27.5138    1500.92    148.194    149.735         55 0.0000e+00
     179940   7497.450    790.181    797.000     5.8131     5.8154   3.447316   3.447466     1.7570     1.4517      61.91   27.99876  -86.62058    0.00011   -0.00003     3.4099     3.4443     5.7425     5.7447    34.9109    34.9098    27.5150    27.5138    1500.92    148.208    149.704         46 0.0000e+00
     179979   7499.084    789.191    796.000     5.8068     5.8152   3.446694   3.447403     1.7568     1.4518     100.47   27.99876  -86.62058    0.00001   -0.00003     3.4093     3.4440     5.7363     5.7446    34.9111    34.9097    27.5158    27.5137    1500.92    148.180    149.689         34 0.0000e+00
     180012   7500.456    788.202    795.000     5.8151     5.8191   3.447416   3.447669     1.7575     1.4518     100.00   27.99876  -86.62058    0.00003    0.00000     3.4105     3.4432     5.7446     5.7486    34.9105    34.9094    27.5144    27.5130    1500.92    148.233    149.657         32 0.0000e+00
     180043   7501.763    787.212    794.000     5.8190     5.8216   3.447730   3.447867     1.7580     1.4517     100.00   27.99876  -86.62058    0.00031 -7.522e-07     3.4113     3.4422     5.7486     5.7511    34.9106    34.9095    27.5139    27.5127    1500.92    148.268    149.611         30 0.0000e+00
     182960   7623.283    677.341    683.000     6.4391     6.4420   3.498869   3.499060     1.6960     1.3944     100.01   28.00055  -86.62619   -0.00033   -0.00039     3.1090     3.1397     6.3759     6.3788    34.9040    34.9032    27.4280    27.4270    1501.02    135.143    136.477         31 0.0000e+00
     183002   7625.046    676.351    682.000     6.4357     6.4426   3.498302   3.498897     1.6951     1.3925     100.00   27.99874  -86.62060   -0.00035   -0.00051     3.1062     3.1328     6.3726     6.3794    34.9015    34.9011    27.4264    27.4252    1500.92    135.021    136.174         35 0.0000e+00
     183056   7627.284    675.361    681.000     6.4337     6.4397   3.498043   3.498543     1.6944     1.3919     100.00   27.99874  -86.62060   -0.00027   -0.00059     3.1040     3.1306     6.3707     6.3767    34.9012    34.9006    27.4264    27.4251    1500.92    134.924    136.078         62 0.0000e+00
     183130   7630.357    674.371    680.000     6.4377     6.4394   3.498308   3.498472     1.6939     1.3920      95.39   27.99874  -86.62060   -0.00021   -0.00004     3.1015     3.1304     6.3748     6.3764    34.9007    34.9006    27.4255    27.4252    1500.92    134.814    136.071         56 0.0000e+00
     183209   7633.673    673.381    679.000     6.4392     6.4485   3.498490   3.499050     1.6942     1.3921      97.16   27.99874  -86.62060    0.00006    0.00002     3.1018     3.1297     6.3764     6.3856    34.9015    34.8999    27.4259    27.4234    1500.92    134.826    136.043         69 0.0000e+00
     183287   7636.927    672.391    678.000     6.4689     6.4765   3.501129   3.501673     1.6943     1.3925      83.09   27.99874  -86.62060    0.00002    0.00019     3.0994     3.1285     6.4060     6.4136    34.9011    34.8992    27.4216    27.4192    1500.92    134.723    135.990         56 0.0000e+00
     183374   7640.542    671.401    677.000     6.4833     6.4837   3.502540   3.502366     1.6924     1.3901      77.00   27.99874  -86.62060   -0.00056   -0.00059     3.0918     3.1190     6.4204     6.4208    34.9012    34.9003    27.4198    27.4191    1500.92    134.396    135.575         60 0.0000e+00
     183459   7644.100    670.410    676.000     6.4973     6.4986   3.503400   3.503681     1.6905     1.3890     103.07   27.99874  -86.62060   -0.00058   -0.00040     3.0842     3.1136     6.4344     6.4357    34.8992    34.9003    27.4164    27.4171    1500.92    134.065    135.344         48 0.0000e+00
     185028   7709.454    669.420    675.000     6.5151     6.5177   3.505307   3.505435     1.6875     1.3864      86.66   27.99871  -86.62061   -0.00006   -0.00005     3.0727     3.1028     6.4522     6.4549    34.9020    34.9007    27.4162    27.4149    1500.92    133.567    134.873         33 0.0000e+00
     185717   7738.168    668.430    674.000     6.5206     6.5227   3.505767   3.505881     1.6864     1.3856      82.00   27.99870  -86.62062    0.00002   -0.00004     3.0681     3.0992     6.4578     6.4599    34.9020    34.9011    27.4155    27.4145    1500.92    133.367    134.717         55 0.0000e+00
     185814   7742.202    667.440    673.000     6.5205     6.5248   3.505715   3.506022     1.6862     1.3855     100.63   27.99870  -86.62062   -0.00012   -0.00010     3.0672     3.0984     6.4578     6.4621    34.9020    34.9010    27.4155    27.4141    1500.92    133.324    134.681         47 0.0000e+00
     185856   7743.957    666.450    672.000     6.5152     6.5301   3.505103   3.506448     1.6861     1.3857     100.00   27.99870  -86.62062   -0.00004    0.00001     3.0670     3.0982     6.4527     6.4675    34.9019    34.9008    27.4161    27.4133    1500.92    133.317    134.672         40 0.0000e+00
     185894   7745.560    665.460    671.000     6.5263     6.5384   3.506175   3.507188     1.6863     1.3862     100.00   27.99870  -86.62062    0.00004    0.00020     3.0662     3.0992     6.4638     6.4758    34.9017    34.9005    27.4145    27.4119    1500.92    133.284    134.718         37 0.0000e+00
     185928   7746.958    664.470    670.000     6.5420     6.5556   3.507567   3.508688     1.6868     1.3859      99.72   27.99870  -86.62062    0.00018    0.00021     3.0662     3.0960     6.4795     6.4930    34.9022    34.9008    27.4127    27.4098    1500.92    133.285    134.578         30 0.0000e+00
     185990   7749.539    662.489    668.000     6.5725     6.5842   3.510363   3.511346     1.6867     1.3848     100.00   27.99929  -86.62247    0.00013   -0.00032     3.0625     3.0891     6.5100     6.5217    34.9032    34.9022    27.4095    27.4072    1500.95    133.124    134.278         31 0.0000e+00
     188801   7866.683    552.552    557.000     7.5667     7.5783   3.600185   3.601116     1.6263     1.3287      99.99   27.99525  -86.60986   -0.00034   -0.00019     2.7562     2.7819     7.5108     7.5225    34.9372    34.9365    27.2967    27.2944    1500.73    119.820    120.938         41 0.0000e+00
     188902   7870.855    551.562    556.000     7.5733     7.5787   3.601105   3.601558     1.6265     1.3292     100.00   27.99872  -86.62060   -0.00002    0.00011     2.7557     2.7831     7.5175     7.5229    34.9415    34.9410    27.2992    27.2980    1500.92    119.800    120.992         69 0.0000e+00
     188984   7874.291    550.571    555.000     7.5724     7.5755   3.600886   3.601180     1.6265     1.3289     100.00   27.99872  -86.62060    0.00001   -0.00009     2.7556     2.7820     7.5168     7.5198    34.9413    34.9407    27.2991    27.2982    1500.92    119.793    120.942         64 0.0000e+00
     189072   7877.961    549.580    554.000     7.5833     7.5806   3.602081   3.601634     1.6267     1.3296     100.00   27.99872  -86.62060    0.00003    0.00026     2.7550     2.7836     7.5277     7.5251    34.9418    34.9408    27.2980    27.2975    1500.92    119.768    121.014         44 0.0000e+00
     189159   7881.584    548.589    553.000     7.5926     7.6102   3.602898   3.604458     1.6265     1.3295     100.00   27.99872  -86.62060   -0.00002   -0.00002     2.7533     2.7807     7.5370     7.5546    34.9428    34.9422    27.2973    27.2943    1500.92    119.695    120.885         74 0.0000e+00
     189248   7885.303    547.599    552.000     7.6659     7.6331   3.609783   3.606858     1.6269     1.3284     100.00   27.99872  -86.62060    0.00015   -0.00034     2.7490     2.7752     7.6101     7.5775    34.9445    34.9451    27.2880    27.2932    1500.92    119.511    120.649         42 0.0000e+00
     189335   7888.924    546.608    551.000     7.6889     7.6812   3.612384   3.611294     1.6251     1.3282     100.00   27.99872  -86.62060   -0.00045   -0.00011     2.7413     2.7704     7.6332     7.6255    34.9500    34.9466    27.2890    27.2874    1500.92    119.176    120.439         53 0.0000e+00
     191880   7994.951    545.617    550.000     7.7191     7.7173   3.614834   3.615056     1.6224     1.3264     100.00   27.99872  -86.62059   -0.00033   -0.00005     2.7301     2.7616     7.6634     7.6616    34.9516    34.9509    27.2859    27.2856    1500.92    118.688    120.058         52 0.0000e+00
     192949   8039.520    544.627    549.000     7.7238     7.7240   3.615703   3.615675     1.6217     1.3253      99.38   27.99873  -86.62058   -0.00014   -0.00020     2.7277     2.7572     7.6681     7.6683    34.9522    34.9516    27.2856    27.2851    1500.92    118.585    119.867         53 0.0000e+00
     193076   8044.781    543.636    548.000     7.7246     7.7260   3.615862   3.615850     1.6218     1.3250      99.00   27.99874  -86.62058    0.00004   -0.00019     2.7278     2.7559     7.6690     7.6704    34.9524    34.9518    27.2856    27.2849    1500.92    118.588    119.810         45 0.0000e+00
     193117   8046.514    542.645    547.000     7.7325     7.7317   3.616480   3.616337     1.6219     1.3252     100.05   27.99874  -86.62058    0.00002    0.00001     2.7273     2.7558     7.6770     7.6762    34.9527    34.9518    27.2847    27.2841    1500.92    118.566    119.805         34 0.0000e+00
     193174   8048.886    540.664    545.000     7.7530     7.7556   3.618375   3.618585     1.6219     1.3259     100.00   27.99871  -86.62048    0.00009    0.00020     2.7251     2.7555     7.6977     7.7002    34.9534    34.9531    27.2822    27.2816    1500.92    118.471    119.793         30 0.0000e+00
     196079   8169.909    431.653    435.000     9.5336     9.5549   3.798733   3.800778     1.6253     1.3260      99.90   28.00370  -86.63566    0.00050    0.00015     2.5739     2.5956     9.4854     9.5052    35.1472    35.1490    27.1542    27.1523    1501.18    111.913    112.856         33 0.0000e+00
     196109   8171.177    430.662    434.000     9.4886     9.5288   3.793495   3.797433     1.6238     1.3263     100.00   27.99880  -86.62054   -0.00015    0.00018     2.5725     2.5982     9.4392     9.4797    35.1380    35.1398    27.1545    27.1493    1500.92    111.851    112.970         47 0.0000e+00
     196176   8173.964    429.671    433.000     9.5088     9.4870   3.795236   3.793280     1.6235     1.3259      99.93   27.99880  -86.62054   -0.00019   -0.00016     2.5702     2.5990     9.4594     9.4381    35.1368    35.1378    27.1502    27.1548    1500.92    111.751    113.004         53 0.0000e+00
     196265   8177.658    428.679    432.000     9.5805     9.5923   3.802426   3.804169     1.6254     1.3271     100.00   27.99880  -86.62054    0.00045    0.00032     2.5705     2.5959     9.5310     9.5428    35.1414    35.1478    27.1418    27.1449    1500.92    111.767    112.868         70 0.0000e+00
     196354   8181.370    427.688    431.000     9.6076     9.6184   3.805743   3.806742     1.6263     1.3275     100.00   27.99880  -86.62054    0.00025    0.00010     2.5709     2.5950     9.5581     9.5688    35.1496    35.1494    27.1437    27.1418    1500.92    111.781    112.830         30 0.0000e+00
