GOMECC/GOMECC-4/1db/rb2103_0581.ros
* Sea-Bird SBE 9 Data File:
* FileName = C:\Users\scs.user.rb\CTD\GOMECC4\data\rb2103_0581.hex
* Software Version Seasave V 7.26.7.107
* Temperature SN = 4799
* Conductivity SN = 3860
* Number of Bytes Per Scan = 41
* Number of Voltage Words = 4
* Number of Scans Averaged by the Deck Unit = 1
* NMEA Latitude = 28 20.02 N
* NMEA Longitude = 094 59.97 W
* NMEA UTC (Time) = Sep 29 2021  08:15:55
* NMEA baud rate = 4800
# nquan = 17
# nvalues = 532                                   
# units = specified
# name 0 = scan: Scan Count
# name 1 = timeS: Time, Elapsed [seconds]
# name 2 = depSM: Depth [salt water, m]
# name 3 = prDM: Pressure, Digiquartz [db]
# name 4 = t090C: Temperature [ITS-90, deg C]
# name 5 = t190C: Temperature, 2 [ITS-90, deg C]
# name 6 = c0S/m: Conductivity [S/m]
# name 7 = c1S/m: Conductivity, 2 [S/m]
# name 8 = sbeox0V: Oxygen raw, SBE 43 [V]
# name 9 = sbeox1V: Oxygen raw, SBE 43, 2 [V]
# name 10 = altM: Altimeter [m]
# name 11 = latitude: Latitude [deg]
# name 12 = longitude: Longitude [deg]
# name 13 = sbox0dV/dT: Oxygen, SBE 43 [dov/dt]
# name 14 = sbox1dV/dT: Oxygen, SBE 43, 2 [dov/dt]
# name 15 = nbf: Bottles Fired
# name 16 = flag:  0.000e+00
# interval = seconds: 0.0416667
# start_time = Sep 29 2021 08:15:55 [NMEA time, header]
# bad_flag = -9.990e-29
*END*
[from data line 511]
      24152   1006.292      4.823      4.855    28.2978    28.2993   5.499629   5.499961     3.1062     2.6398      35.43   28.33412  -94.99878   -0.00036    0.00117          4  0.000e+00
      24153   1006.333      4.775      4.808    28.2975    28.2991   5.499598   5.499976     3.1062     2.6410      35.41   28.33412  -94.99878   -0.00031    0.00120          4  0.000e+00
      24154   1006.375      4.823      4.855    28.2971    28.2991   5.499722   5.499937     3.1062     2.6410      35.41   28.33412  -94.99878   -0.00029    0.00125          4  0.000e+00
      24155   1006.417      4.823      4.855    28.2974    28.2991   5.499930   5.499953     3.1074     2.6398      35.41   28.33412  -94.99878   -0.00024    0.00126          4  0.000e+00
      24156   1006.458      4.823      4.855    28.2984    28.2993   5.500061   5.500008     3.1062     2.6398      35.41   28.33412  -94.99878   -0.00020    0.00128          4  0.000e+00
      24157   1006.500      4.823      4.855    28.2988    28.2991   5.499945   5.499984     3.1062     2.6398      35.41   28.33412  -94.99878   -0.00017    0.00131          4  0.000e+00
      24158   1006.542      4.877      4.910    28.2984    28.2994   5.499938   5.500047     3.1062     2.6398      35.41   28.33412  -94.99878   -0.00013    0.00132          4  0.000e+00
      24159   1006.583      4.877      4.910    28.2996    28.2996   5.500223   5.500094     3.1062     2.6398      35.41   28.33412  -94.99878   -0.00010    0.00133          4  0.000e+00
      24160   1006.625      4.877      4.910    28.2989    28.2993   5.500378   5.500078     3.1062     2.6398      35.41   28.33412  -94.99878   -0.00005    0.00134          4  0.000e+00
      24161   1006.667      4.877      4.910    28.2972    28.2994   5.500092   5.500031     3.1062     2.6398      35.41   28.33412  -94.99878   -0.00000    0.00134          4  0.000e+00
      24162   1006.708      4.877      4.910    28.2976    28.2994   5.499822   5.500078     3.1074     2.6398      35.41   28.33412  -94.99878    0.00006    0.00135          4  0.000e+00
      24163   1006.750      4.877      4.910    28.2980    28.2994   5.499768   5.500039     3.1062     2.6398      35.41   28.33412  -94.99878    0.00009    0.00136          4  0.000e+00
      24164   1006.792      4.924      4.957    28.2971    28.2993   5.499699   5.500055     3.1074     2.6386      35.41   28.33414  -94.99878    0.00014    0.00133          4  0.000e+00
      24165   1006.833      4.924      4.957    28.2962    28.2994   5.499498   5.500031     3.1074     2.6386      35.41   28.33414  -94.99878    0.00019    0.00130          4  0.000e+00
      24166   1006.875      4.877      4.910    28.2947    28.2994   5.499205   5.500008     3.1074     2.6386      35.41   28.33414  -94.99878    0.00022    0.00126          4  0.000e+00
      24167   1006.917      4.924      4.957    28.2947    28.2993   5.499159   5.500055     3.1074     2.6386      35.41   28.33414  -94.99878    0.00027    0.00123          4  0.000e+00
      24168   1006.958      4.924      4.957    28.2967    28.2996   5.499313   5.500031     3.1074     2.6374      35.41   28.33414  -94.99878    0.00031    0.00118          4  0.000e+00
      24169   1007.000      4.924      4.957    28.2974    28.2994   5.499460   5.500055     3.1074     2.6374      35.41   28.33414  -94.99878    0.00036    0.00112          4  0.000e+00
      24170   1007.042      4.972      5.005    28.2979    28.2994   5.499521   5.500055     3.1074     2.6374      35.41   28.33414  -94.99878    0.00039    0.00107          4  0.000e+00
      24171   1007.083      4.924      4.957    28.2980    28.2994   5.499637   5.500094     3.1087     2.6374      35.41   28.33414  -94.99878    0.00044    0.00102          4  0.000e+00
      24172   1007.125      4.917      4.951    28.2984    28.2996   5.499745   5.500078     3.1074     2.6374      35.41   28.33414  -94.99878    0.00047    0.00094          4  0.000e+00
