GOMECC/GOMECC-4/1db/rb2103_0091.cnv
* Sea-Bird SBE 9 Data File:
* FileName = C:\Users\scs.user.rb\CTD\GOMECC4\data\rb2103_0091.hex
* Software Version Seasave V 7.26.7.107
* Temperature SN = 4799
* Conductivity SN = 3860
* Number of Bytes Per Scan = 41
* Number of Voltage Words = 4
* Number of Scans Averaged by the Deck Unit = 1
* NMEA Latitude = 26 00.03 N
* NMEA Longitude = 085 59.98 W
* NMEA UTC (Time) = Sep 17 2021  12:33:51
* NMEA baud rate = 4800
# nquan = 28
# nvalues = 1464                        
# units = specified
# name 0 = scan: Scan Count
# name 1 = timeS: Time, Elapsed [seconds]
# name 2 = depSM: Depth [salt water, m]
# name 3 = prDM: Pressure, Digiquartz [db]
# name 4 = t090C: Temperature [ITS-90, deg C]
# name 5 = t190C: Temperature, 2 [ITS-90, deg C]
# name 6 = c0S/m: Conductivity [S/m]
# name 7 = c1S/m: Conductivity, 2 [S/m]
# name 8 = sbeox0V: Oxygen raw, SBE 43 [V]
# name 9 = sbeox1V: Oxygen raw, SBE 43, 2 [V]
# name 10 = altM: Altimeter [m]
# name 11 = latitude: Latitude [deg]
# name 12 = longitude: Longitude [deg]
# name 13 = sbox0dV/dT: Oxygen, SBE 43 [dov/dt]
# name 14 = sbox1dV/dT: Oxygen, SBE 43, 2 [dov/dt]
# name 15 = sbeox0ML/L: Oxygen, SBE 43 [ml/l], WS = 5
# name 16 = sbeox1ML/L: Oxygen, SBE 43, 2 [ml/l], WS = 5
# name 17 = potemp090C: Potential Temperature [ITS-90, deg C]
# name 18 = potemp190C: Potential Temperature, 2 [ITS-90, deg C]
# name 19 = sal00: Salinity, Practical [PSU]
# name 20 = sal11: Salinity, Practical, 2 [PSU]
# name 21 = sigma-é00: Density [sigma-theta, kg/m^3]
# name 22 = sigma-é11: Density, 2 [sigma-theta, kg/m^3]
# name 23 = avgsvCM: Average Sound Velocity [Chen-Millero, m/s], minP = 20, minS = 20
# name 24 = sbox0Mm/Kg: Oxygen, SBE 43 [umol/kg], WS = 5
# name 25 = sbox1Mm/Kg: Oxygen, SBE 43, 2 [umol/kg], WS = 5
# name 26 = nbin: number of scans per bin
# name 27 = flag: flag
# span 0 =      16602,     238919       
# span 1 =    691.710,   9954.924       
# span 2 =      1.987,   3221.810       
# span 3 =      2.000,   3268.000       
# span 4 =     4.2849,    29.2968       
# span 5 =     4.2859,    29.2995       
# span 6 =   3.343186,   5.930560       
# span 7 =   3.343037,   5.930955       
# span 8 =     1.6153,     3.2646       
# span 9 =     1.3204,     2.8142       
# span 10 =      17.73,     104.61      
# span 11 =   24.85797,   26.27387      
# span 12 =  -86.93548,  -82.25065      
# span 13 =   -0.05494,    0.05182      
# span 14 =   -0.05125,    0.05087      
# span 15 =     2.5117,     4.9276      
# span 16 =     2.5434,     4.9804      
# span 17 =     4.0766,    29.2937      
# span 18 =     4.0778,    29.2964      
# span 19 =    34.3886,    36.8439      
# span 20 =    34.7020,    36.8403      
# span 21 =    21.8037,    27.7618      
# span 22 =    22.0013,    27.7601      
# span 23 =       0.00,    1549.26      
# span 24 =    109.232,    214.848      
# span 25 =    110.611,    217.166      
# span 26 =         30,         70      
# span 27 = 0.0000e+00, 0.0000e+00      
# interval = decibars: 1                
# start_time = Sep 17 2021 12:33:51 [NMEA time, header]
# bad_flag = -9.990e-29
*END*
[from data line 1450]
     234195   9758.074     20.863     21.000    28.9971    28.9998   5.878494   5.878520     3.1254     2.6569      81.26   25.98972  -85.99522    0.00009   -0.00130     4.3402     4.3482    28.9920    28.9947    36.0278    36.0259    22.8388    22.8364    1502.83    189.507    189.855         48 0.0000e+00
     233052   9710.479     17.882     18.000    28.7918    28.7930   5.831201   5.830816     3.1058     2.6420      99.32   25.81324  -85.41135   -0.00046    0.00073     4.3137     4.3254    28.7874    28.7886    35.7394    35.7361    22.6533    22.6504    1492.63    188.356    188.863         42 0.0000e+00
     234288   9761.969     14.902     15.000    28.8815    28.8839   5.847510   5.847652     3.1142     2.6492      99.66   25.89870  -85.69412   -0.00068   -0.00011     4.3238     4.3356    28.8779    28.8803    35.8420    35.8412    22.7182    22.7167    1497.57    188.799    189.314         39 0.0000e+00
     237988   9916.141     12.915     13.000    29.2968    29.2995   5.930560   5.930955     3.1604     2.6832      87.45   26.27387  -86.93548   -0.00085    0.00014     4.3877     4.3914    29.2937    29.2964    36.3528    36.3535    23.0418    23.0414    1519.26    191.589    191.751         41 0.0000e+00
     235533   9813.850     11.922     12.000    28.9781    28.9800   5.865909   5.866099     3.1285     2.6589      93.25   25.98978  -85.99544    0.00011   -0.00006     4.3442     4.3507    28.9752    28.9771    35.9577    35.9576    22.7917    22.7910    1502.83    189.689    189.974         50 0.0000e+00
     235656   9818.974     10.928     11.000    28.9779    28.9809   5.865725   5.866156     3.1302     2.6552      77.23   25.98978  -85.99546    0.00010   -0.00009     4.3467     4.3428    28.9753    28.9782    35.9569    35.9577    22.7911    22.7907    1502.83    189.800    189.626         45 0.0000e+00
     236893   9870.515      9.935     10.000    28.9786    28.9817   5.865941   5.866597     3.1272     2.6613     100.11   25.98984  -85.99567    0.00008    0.00058     4.3408     4.3543    28.9762    28.9793    35.9582    35.9604    22.7917    22.7924    1502.83    189.541    190.128         56 0.0000e+00
     237852   9910.445      8.941      9.000    28.9804    28.9820   5.866563   5.866614     3.1268     2.6625      96.94   25.98988  -85.99584   -0.00035    0.00125     4.3394     4.3561    28.9782    28.9798    35.9614    35.9606    22.7935    22.7923    1502.83    189.479    190.208         36 0.0000e+00
     238012   9917.128      7.948      8.000    28.9788    28.9813   5.866134   5.866573     3.1296     2.6606      99.69   25.98990  -85.99586    0.00052    0.00002     4.3439     4.3519    28.9769    28.9794    35.9600    35.9611    22.7928    22.7928    1502.83    189.677    190.024         31 0.0000e+00
     238192   9924.637      6.954      7.000    28.9729    28.9730   5.864777   5.864618     3.1301     2.6633     100.00   25.98990  -85.99589    0.00014    0.00105     4.3449     4.3576    28.9712    28.9713    35.9554    35.9542    22.7913    22.7903    1502.83    189.721    190.272         49 0.0000e+00
     238359   9931.592      5.961      6.000    28.9688    28.9717   5.864034   5.864498     3.1282     2.6627      93.05   25.98990  -85.99591    0.00020    0.00074     4.3406     4.3559    28.9674    28.9702    35.9531    35.9546    22.7909    22.7910    1502.83    189.533    190.198         43 0.0000e+00
     238660   9944.109      4.967      5.000    28.9648    28.9676   5.862867   5.863339     3.1295     2.6619      98.42   25.98992  -85.99597    0.00035    0.00058     4.3436     4.3541    28.9636    28.9664    35.9488    35.9500    22.7889    22.7888    1502.83    189.662    190.121         60 0.0000e+00
     238919   9954.924      3.974      4.000    28.9591    28.9605   5.862011   5.862264     3.1280     2.6638      99.30   25.98994  -85.99600   -0.00020    0.00084     4.3409     4.3580    28.9581    28.9595    35.9475    35.9482    22.7897    22.7898    1502.83    189.545    190.290         42 0.0000e+00
     231146   9631.051      1.987      2.000    27.6931    27.9484   5.607095   5.607451     2.9956     2.5461      91.66   24.85797  -82.25065    0.00085    0.00173     4.1580     4.1639    27.6926    27.9479    34.3886    34.7020    21.8037    22.0013    1437.37    181.560    181.815         32 0.0000e+00
