GOMECC/GOMECC-4/1db/rb2103_0671.ros
* Sea-Bird SBE 9 Data File:
* FileName = C:\Users\scs.user.rb\CTD\GOMECC4\data\rb2103_0671.hex
* Software Version Seasave V 7.26.7.107
* Temperature SN = 4799
* Conductivity SN = 3860
* Number of Bytes Per Scan = 41
* Number of Voltage Words = 4
* Number of Scans Averaged by the Deck Unit = 1
* NMEA Latitude = 26 03.51 N
* NMEA Longitude = 095 50.44 W
* NMEA UTC (Time) = Oct 03 2021  02:51:18
* NMEA baud rate = 4800
# nquan = 17
# nvalues = 2527                                  
# units = specified
# name 0 = scan: Scan Count
# name 1 = timeS: Time, Elapsed [seconds]
# name 2 = depSM: Depth [salt water, m]
# name 3 = prDM: Pressure, Digiquartz [db]
# name 4 = t090C: Temperature [ITS-90, deg C]
# name 5 = t190C: Temperature, 2 [ITS-90, deg C]
# name 6 = c0S/m: Conductivity [S/m]
# name 7 = c1S/m: Conductivity, 2 [S/m]
# name 8 = sbeox0V: Oxygen raw, SBE 43 [V]
# name 9 = sbeox1V: Oxygen raw, SBE 43, 2 [V]
# name 10 = altM: Altimeter [m]
# name 11 = latitude: Latitude [deg]
# name 12 = longitude: Longitude [deg]
# name 13 = sbox0dV/dT: Oxygen, SBE 43 [dov/dt]
# name 14 = sbox1dV/dT: Oxygen, SBE 43, 2 [dov/dt]
# name 15 = nbf: Bottles Fired
# name 16 = flag:  0.000e+00
# interval = seconds: 0.0416667
# start_time = Oct 03 2021 02:51:18 [NMEA time, header]
# bad_flag = -9.990e-29
*END*
[from data line 511]
      73261   3052.500    645.110    650.354     6.9684     6.9669   3.547465   3.547422     1.6435     1.3455     100.00   26.05960  -95.84020    0.00005    0.00006          4  0.000e+00
      73262   3052.542    645.110    650.354     6.9685     6.9669   3.547504   3.547435     1.6435     1.3455     100.00   26.05960  -95.84020    0.00004    0.00006          4  0.000e+00
      73263   3052.583    645.103    650.347     6.9684     6.9669   3.547465   3.547396     1.6447     1.3455     100.00   26.05960  -95.84020    0.00003    0.00006          4  0.000e+00
      73264   3052.625    645.110    650.354     6.9680     6.9672   3.547452   3.547429     1.6435     1.3455     100.00   26.05960  -95.84020    0.00002    0.00005          4  0.000e+00
      73265   3052.667    645.062    650.306     6.9674     6.9674   3.547427   3.547396     1.6447     1.3455     100.00   26.05960  -95.84020    0.00002    0.00005          4  0.000e+00
      73266   3052.708    645.110    650.354     6.9671     6.9674   3.547446   3.547403     1.6447     1.3455     100.00   26.05960  -95.84020    0.00003    0.00005          4  0.000e+00
      73267   3052.750    645.110    650.354     6.9672     6.9671   3.547427   3.547390     1.6447     1.3455     100.00   26.05960  -95.84020    0.00004    0.00004          4  0.000e+00
      73268   3052.792    645.103    650.348     6.9676     6.9672   3.547446   3.547383     1.6447     1.3455     100.00   26.05960  -95.84020    0.00005    0.00004          4  0.000e+00
      73269   3052.833    645.062    650.306     6.9679     6.9674   3.547401   3.547357     1.6447     1.3455     100.00   26.05960  -95.84020    0.00006    0.00004          4  0.000e+00
      73270   3052.875    645.110    650.355     6.9669     6.9672   3.547388   3.547370     1.6447     1.3455     100.00   26.05960  -95.84020    0.00005    0.00003          4  0.000e+00
      73271   3052.917    645.062    650.306     6.9662     6.9674   3.547336   3.547383     1.6447     1.3455     100.00   26.05960  -95.84020    0.00005    0.00003          4  0.000e+00
      73272   3052.958    645.056    650.300     6.9666     6.9678   3.547304   3.547403     1.6447     1.3455     100.00   26.05960  -95.84020    0.00006    0.00003          4  0.000e+00
      73273   3053.000    645.110    650.355     6.9669     6.9676   3.547272   3.547390     1.6447     1.3455     100.00   26.05960  -95.84020    0.00007    0.00002          4  0.000e+00
      73274   3053.042    645.063    650.307     6.9664     6.9677   3.547265   3.547403     1.6447     1.3455     100.00   26.05960  -95.84020    0.00006    0.00002          4  0.000e+00
      73275   3053.083    645.111    650.355     6.9660     6.9680   3.547240   3.547390     1.6447     1.3455     100.00   26.05960  -95.84020    0.00005    0.00002          4  0.000e+00
      73276   3053.125    645.063    650.307     6.9654     6.9682   3.547214   3.547403     1.6447     1.3455     100.00   26.05960  -95.84020    0.00004    0.00001          4  0.000e+00
      73277   3053.167    645.056    650.300     6.9652     6.9680   3.547175   3.547390     1.6447     1.3455     100.00   26.05960  -95.84020    0.00004    0.00001          4  0.000e+00
      73278   3053.208    645.111    650.355     6.9650     6.9672   3.547188   3.547383     1.6435     1.3455     100.00   26.05960  -95.84020    0.00003    0.00001          4  0.000e+00
      73279   3053.250    645.008    650.252     6.9652     6.9674   3.547130   3.547357     1.6459     1.3455     100.00   26.05960  -95.84020    0.00005    0.00002          4  0.000e+00
      73280   3053.292    645.063    650.307     6.9644     6.9676   3.547104   3.547350     1.6447     1.3455     100.00   26.05960  -95.84020    0.00006    0.00002          4  0.000e+00
      73281   3053.333    644.961    650.204     6.9641     6.9678   3.547156   3.547370     1.6447     1.3455     100.00   26.05960  -95.84020    0.00007    0.00002          4  0.000e+00
      77396   3224.792    546.292    550.601     8.0100     8.0157   3.645602   3.646160     1.5983     1.3016     100.00   26.05966  -95.84016    0.00005   -0.00012          5  0.000e+00
      77397   3224.833    546.203    550.511     8.0100     8.0162   3.645622   3.646140     1.5983     1.3016     100.00   26.05966  -95.84016    0.00005   -0.00013          5  0.000e+00
      77398   3224.875    546.107    550.415     8.0098     8.0158   3.645635   3.646153     1.5971     1.3016     100.00   26.05966  -95.84016    0.00002   -0.00012          5  0.000e+00
      77399   3224.917    546.155    550.463     8.0096     8.0155   3.645609   3.646133     1.5983     1.3028     100.00   26.05966  -95.84016    0.00004   -0.00012          5  0.000e+00
      77400   3224.958    546.108    550.415     8.0092     8.0155   3.645602   3.646127     1.5983     1.3028     100.00   26.05966  -95.84016    0.00005   -0.00011          5  0.000e+00
      77401   3225.000    546.155    550.463     8.0095     8.0154   3.645576   3.646153     1.5971     1.3016     100.00   26.05966  -95.84016    0.00004   -0.00010          5  0.000e+00
      77402   3225.042    546.155    550.463     8.0095     8.0148   3.645589   3.646140     1.5983     1.3016     100.00   26.05966  -95.84016    0.00005   -0.00009          5  0.000e+00
      77403   3225.083    546.142    550.450     8.0090     8.0148   3.645524   3.646100     1.5983     1.3016     100.00   26.05966  -95.84016    0.00005   -0.00010          5  0.000e+00
      77404   3225.125    546.108    550.415     8.0088     8.0152   3.645550   3.646120     1.5983     1.3016     100.00   26.05966  -95.84016    0.00004   -0.00011          5  0.000e+00
      77405   3225.167    546.156    550.464     8.0090     8.0150   3.645589   3.646080     1.5983     1.3016     100.00   26.05966  -95.84016    0.00003   -0.00010          5  0.000e+00
      77406   3225.208    546.108    550.415     8.0090     8.0145   3.645576   3.646061     1.5983     1.3016     100.00   26.05966  -95.84016    0.00003   -0.00009          5  0.000e+00
      77407   3225.250    546.108    550.415     8.0090     8.0144   3.645570   3.646087     1.5971     1.3016     100.00   26.05966  -95.84016    0.00002   -0.00008          5  0.000e+00
      77408   3225.292    546.108    550.415     8.0095     8.0145   3.645544   3.646120     1.5983     1.3016     100.00   26.05966  -95.84016    0.00001   -0.00007          5  0.000e+00
      77409   3225.333    546.156    550.464     8.0093     8.0144   3.645557   3.646127     1.5983     1.3028     100.00   26.05966  -95.84016    0.00002   -0.00006          5  0.000e+00
      77410   3225.375    546.094    550.402     8.0086     8.0144   3.645544   3.646100     1.5983     1.3016     100.00   26.05966  -95.84016    0.00003   -0.00005          5  0.000e+00
      77411   3225.417    546.108    550.416     8.0085     8.0144   3.645537   3.646074     1.5983     1.3016     100.00   26.05966  -95.84016    0.00004   -0.00004          5  0.000e+00
      77412   3225.458    546.108    550.416     8.0085     8.0144   3.645485   3.646067     1.5971     1.3016     100.00   26.05966  -95.84016    0.00003   -0.00003          5  0.000e+00
      77413   3225.500    546.156    550.464     8.0086     8.0139   3.645446   3.646087     1.5983     1.3016     100.00   26.05966  -95.84016    0.00003   -0.00004          5  0.000e+00
      77414   3225.542    546.108    550.416     8.0084     8.0137   3.645459   3.646074     1.5983     1.3016     100.00   26.05966  -95.84016    0.00002   -0.00002          5  0.000e+00
      77415   3225.583    546.108    550.416     8.0082     8.0137   3.645491   3.646087     1.5983     1.3016     100.00   26.05966  -95.84016    0.00001   -0.00001          5  0.000e+00
      77416   3225.625    546.108    550.416     8.0082     8.0139   3.645478   3.646074     1.5971     1.3028     100.00   26.05966  -95.84016    0.00000   -0.00000          5  0.000e+00
      77417   3225.667    546.095    550.402     8.0081     8.0140   3.645446   3.646061     1.5983     1.3016     100.00   26.05966  -95.84016    0.00001   -0.00001          5  0.000e+00
      77418   3225.708    546.108    550.416     8.0079     8.0140   3.645413   3.646041     1.5983     1.3028     100.00   26.05966  -95.84016    0.00002    0.00002          5  0.000e+00
      77419   3225.750    546.109    550.416     8.0073     8.0139   3.645452   3.646034     1.5983     1.3016     100.00   26.05966  -95.84016    0.00003    0.00003          5  0.000e+00
      77420   3225.792    546.054    550.361     8.0077     8.0137   3.645446   3.646028     1.5983     1.3016     100.00   26.05966  -95.84016    0.00004    0.00003          5  0.000e+00
      77421   3225.833    546.109    550.416     8.0075     8.0132   3.645439   3.646028     1.5983     1.3016     100.00   26.05966  -95.84016    0.00003    0.00002          5  0.000e+00
      77422   3225.875    546.109    550.416     8.0076     8.0132   3.645413   3.646028     1.5983     1.3028     100.00   26.05966  -95.84016    0.00003    0.00005          5  0.000e+00
      77423   3225.917    546.109    550.416     8.0071     8.0131   3.645407   3.646008     1.5971     1.3028     100.00   26.05966  -95.84016    0.00002    0.00008          5  0.000e+00
      77424   3225.958    546.095    550.403     8.0072     8.0134   3.645426   3.646001     1.5971     1.3016     100.00   26.05966  -95.84016    0.00001    0.00007          5  0.000e+00
      77425   3226.000    546.109    550.416     8.0071     8.0137   3.645413   3.645995     1.5971     1.3016     100.00   26.05966  -95.84016    0.00000    0.00007          5  0.000e+00
      77426   3226.042    546.054    550.361     8.0067     8.0139   3.645452   3.646021     1.5983     1.3016     100.00   26.05966  -95.84016    0.00001    0.00006          5  0.000e+00
      77427   3226.083    546.109    550.417     8.0063     8.0136   3.645446   3.646001     1.5983     1.3028     100.00   26.05966  -95.84016    0.00001    0.00007          5  0.000e+00
      77428   3226.125    546.109    550.417     8.0067     8.0139   3.645439   3.645995     1.5983     1.3016     100.00   26.05966  -95.84016    0.00002    0.00007          5  0.000e+00
      77429   3226.167    546.055    550.362     8.0067     8.0139   3.645459   3.645995     1.5983     1.3028     100.00   26.05966  -95.84016    0.00003    0.00008          5  0.000e+00
      77430   3226.208    546.109    550.417     8.0065     8.0139   3.645472   3.645975     1.5983     1.3028     100.00   26.05966  -95.84016    0.00004    0.00009          5  0.000e+00
      77431   3226.250    546.096    550.403     8.0064     8.0139   3.645491   3.646014     1.5983     1.3016     100.00   26.05966  -95.84016    0.00003    0.00008          5  0.000e+00
      77432   3226.292    546.055    550.362     8.0066     8.0139   3.645478   3.646028     1.5971     1.3028     100.00   26.05966  -95.84016    0.00002    0.00009          5  0.000e+00
      77433   3226.333    546.109    550.417     8.0070     8.0139   3.645472   3.646054     1.5983     1.3028     100.00   26.05966  -95.84016    0.00003    0.00012          5  0.000e+00
      77434   3226.375    546.055    550.362     8.0067     8.0140   3.645472   3.646034     1.5983     1.3016     100.00   26.05966  -95.84016    0.00004    0.00011          5  0.000e+00
      77435   3226.417    546.110    550.417     8.0073     8.0139   3.645491   3.646028     1.5971     1.3016     100.00   26.05966  -95.84016    0.00001    0.00010          5  0.000e+00
      77436   3226.458    546.110    550.417     8.0072     8.0139   3.645452   3.646054     1.5983     1.3016     100.00   26.05966  -95.84016    0.00001    0.00010          5  0.000e+00
      77437   3226.500    546.110    550.417     8.0072     8.0140   3.645485   3.646061     1.5971     1.3028     100.00   26.05966  -95.84016   -0.00002    0.00011          5  0.000e+00
      77438   3226.542    546.041    550.348     8.0073     8.0145   3.645452   3.646041     1.5971     1.3016     100.00   26.05966  -95.84016   -0.00003    0.00012          5  0.000e+00
      77439   3226.583    546.110    550.417     8.0076     8.0147   3.645485   3.646074     1.5971     1.3016     100.00   26.05966  -95.84016   -0.00005    0.00013          5  0.000e+00
      77440   3226.625    546.110    550.417     8.0074     8.0145   3.645452   3.646047     1.5971     1.3016     100.00   26.05966  -95.84016   -0.00006    0.00012          5  0.000e+00
      77441   3226.667    546.055    550.362     8.0077     8.0145   3.645413   3.646074     1.5971     1.3016     100.00   26.05966  -95.84016   -0.00007    0.00011          5  0.000e+00
      77442   3226.708    546.110    550.418     8.0081     8.0147   3.645426   3.646120     1.5983     1.3016     100.00   26.05966  -95.84016   -0.00006    0.00011          5  0.000e+00
      77443   3226.750    546.055    550.363     8.0082     8.0147   3.645439   3.646100     1.5971     1.3028     100.00   26.05966  -95.84016   -0.00006    0.00012          5  0.000e+00
      77444   3226.792    546.110    550.418     8.0082     8.0144   3.645439   3.646120     1.5983     1.3016     100.00   26.05966  -95.84016   -0.00005    0.00011          5  0.000e+00
      77445   3226.833    546.097    550.404     8.0087     8.0145   3.645459   3.646080     1.5971     1.3016     100.00   26.05966  -95.84016   -0.00008    0.00010          5  0.000e+00
      77446   3226.875    546.056    550.363     8.0088     8.0147   3.645491   3.646133     1.5971     1.3016     100.00   26.05966  -95.84016   -0.00010    0.00009          5  0.000e+00
      77447   3226.917    546.110    550.418     8.0090     8.0148   3.645504   3.646160     1.5971     1.3016     100.00   26.05966  -95.84016   -0.00011    0.00009          5  0.000e+00
      77448   3226.958    546.110    550.418     8.0088     8.0145   3.645524   3.646160     1.5971     1.3016     100.00   26.05966  -95.84016   -0.00011    0.00008          5  0.000e+00
      77449   3227.000    546.110    550.418     8.0090     8.0140   3.645537   3.646160     1.5983     1.3016     100.00   26.05966  -95.84016   -0.00010    0.00007          5  0.000e+00
      77450   3227.042    546.056    550.363     8.0103     8.0140   3.645557   3.646186     1.5983     1.3016     100.00   26.05966  -95.84016   -0.00009    0.00006          5  0.000e+00
      77451   3227.083    546.097    550.404     8.0108     8.0142   3.645570   3.646219     1.5983     1.3016     100.00   26.05966  -95.84016   -0.00008    0.00006          5  0.000e+00
      77452   3227.125    546.158    550.466     8.0110     8.0148   3.645615   3.646246     1.5983     1.3016     100.00   26.05966  -95.84016   -0.00009    0.00005          5  0.000e+00
      77453   3227.167    546.056    550.363     8.0114     8.0158   3.645635   3.646325     1.5983     1.3016     100.00   26.05966  -95.84016   -0.00009    0.00004          5  0.000e+00
      77454   3227.208    546.111    550.418     8.0119     8.0170   3.645681   3.646305     1.5971     1.3016     100.00   26.05966  -95.84016   -0.00010    0.00003          5  0.000e+00
      77455   3227.250    546.111    550.418     8.0123     8.0176   3.645700   3.646312     1.5971     1.3016     100.00   26.05966  -95.84016   -0.00010    0.00003          5  0.000e+00
      77456   3227.292    546.111    550.418     8.0117     8.0171   3.645674   3.646272     1.5983     1.3016      96.17   26.05966  -95.84016   -0.00009    0.00002          5  0.000e+00
      77457   3227.333    546.111    550.419     8.0110     8.0157   3.645641   3.646279     1.5983     1.3016      57.97   26.05966  -95.84016   -0.00008    0.00001          5  0.000e+00
      77458   3227.375    546.097    550.405     8.0106     8.0148   3.645635   3.646213     1.5983     1.3016      38.97   26.05966  -95.84016   -0.00007    0.00001          5  0.000e+00
