GOMECC/GOMECC-4/1db/rb2103_0141.cnv
* Sea-Bird SBE 9 Data File:
* FileName = C:\Users\scs.user.rb\CTD\GOMECC4\data\rb2103_0141.hex
* Software Version Seasave V 7.26.7.107
* Temperature SN = 4799
* Conductivity SN = 3860
* Number of Bytes Per Scan = 41
* Number of Voltage Words = 4
* Number of Scans Averaged by the Deck Unit = 1
* NMEA Latitude = 27 06.71 N
* NMEA Longitude = 084 20.03 W
* NMEA UTC (Time) = Sep 18 2021  23:46:35
* NMEA baud rate = 4800
# nquan = 28
# nvalues = 199                         
# units = specified
# name 0 = scan: Scan Count
# name 1 = timeS: Time, Elapsed [seconds]
# name 2 = depSM: Depth [salt water, m]
# name 3 = prDM: Pressure, Digiquartz [db]
# name 4 = t090C: Temperature [ITS-90, deg C]
# name 5 = t190C: Temperature, 2 [ITS-90, deg C]
# name 6 = c0S/m: Conductivity [S/m]
# name 7 = c1S/m: Conductivity, 2 [S/m]
# name 8 = sbeox0V: Oxygen raw, SBE 43 [V]
# name 9 = sbeox1V: Oxygen raw, SBE 43, 2 [V]
# name 10 = altM: Altimeter [m]
# name 11 = latitude: Latitude [deg]
# name 12 = longitude: Longitude [deg]
# name 13 = sbox0dV/dT: Oxygen, SBE 43 [dov/dt]
# name 14 = sbox1dV/dT: Oxygen, SBE 43, 2 [dov/dt]
# name 15 = sbeox0ML/L: Oxygen, SBE 43 [ml/l], WS = 5
# name 16 = sbeox1ML/L: Oxygen, SBE 43, 2 [ml/l], WS = 5
# name 17 = potemp090C: Potential Temperature [ITS-90, deg C]
# name 18 = potemp190C: Potential Temperature, 2 [ITS-90, deg C]
# name 19 = sal00: Salinity, Practical [PSU]
# name 20 = sal11: Salinity, Practical, 2 [PSU]
# name 21 = sigma-é00: Density [sigma-theta, kg/m^3]
# name 22 = sigma-é11: Density, 2 [sigma-theta, kg/m^3]
# name 23 = avgsvCM: Average Sound Velocity [Chen-Millero, m/s], minP = 20, minS = 20
# name 24 = sbox0Mm/Kg: Oxygen, SBE 43 [umol/kg], WS = 5
# name 25 = sbox1Mm/Kg: Oxygen, SBE 43, 2 [umol/kg], WS = 5
# name 26 = nbin: number of scans per bin
# name 27 = flag: flag
# span 0 =      10384,      49425       
# span 1 =    432.624,   2059.348       
# span 2 =      1.987,    124.139       
# span 3 =      2.000,    125.000       
# span 4 =    16.6554,    29.3488       
# span 5 =    16.6667,    29.1693       
# span 6 =   4.598172,   5.862862       
# span 7 =   4.599645,   5.863597       
# span 8 =     1.8522,     3.2790       
# span 9 =     1.5364,     2.8078       
# span 10 =      10.39,     100.62      
# span 11 =   26.76956,   27.54226      
# span 12 =  -85.66983,  -83.26618      
# span 13 =   -0.04444,    0.01217      
# span 14 =   -0.04270,    0.01201      
# span 15 =     2.6108,     4.8872      
# span 16 =     2.6480,     4.9175      
# span 17 =    16.6349,    29.3461      
# span 18 =    16.6463,    29.1667      
# span 19 =    34.5518,    36.5817      
# span 20 =    34.5529,    36.5829      
# span 21 =    21.7816,    26.5294      
# span 22 =    21.7818,    26.5288      
# span 23 =       0.00,    1555.95      
# span 24 =    113.586,    213.150      
# span 25 =    115.205,    214.471      
# span 26 =         30,         70      
# span 27 = 0.0000e+00, 0.0000e+00      
# interval = decibars: 1                
# start_time = Sep 18 2021 23:46:35 [NMEA time, header]
# bad_flag = -9.990e-29
*END*
      10384    432.624      4.967      5.000    29.0333    29.0342   5.730796   5.730996     3.1436     2.6727      83.11   27.11202  -84.33354    0.00077    0.00093     4.3871     4.3944    29.0320    29.0330    34.9865    34.9873    22.0432    22.0435       0.00    191.703    192.019         42 0.0000e+00
      10460    435.771      5.960      6.000    29.0398    29.0497   5.731474   5.732596     3.1415     2.6721     100.23   27.11202  -84.33354   -0.00009   -0.00073     4.3831     4.3924    29.0384    29.0483    34.9858    34.9865    22.0406    22.0378       0.00    191.529    191.937         46 0.0000e+00
      10530    438.716      6.954      7.000    29.0440    29.0446   5.731941   5.732171     3.1447     2.6727      84.70   27.11202  -84.33353    0.00143   -0.00077     4.3894     4.3946    29.0423    29.0429    34.9859    34.9871    22.0393    22.0400       0.00    191.803    192.030         43 0.0000e+00
      10585    441.012      7.947      8.000    29.0443    29.0462   5.732020   5.732404     3.1446     2.6693      76.31   27.11202  -84.33352    0.00006   -0.00044     4.3896     4.3881    29.0423    29.0443    34.9860    34.9870    22.0394    22.0395       0.00    191.813    191.748         54 0.0000e+00
      10648    443.630      8.940      9.000    29.0530    29.0467   5.732869   5.732421     3.1449     2.6682      88.63   27.11202  -84.33352    0.00014   -0.00034     4.3902     4.3865    29.0508    29.0445    34.9852    34.9867    22.0360    22.0392       0.00    191.840    191.675         47 0.0000e+00
      10695    445.599      9.934     10.000    29.0483    29.0514   5.732134   5.733001     3.1429     2.6710      99.74   27.11202  -84.33352   -0.00036   -0.00065     4.3873     4.3923    29.0458    29.0490    34.9851    34.9865    22.0376    22.0376       0.00    191.711    191.931         52 0.0000e+00
      10751    447.920     10.927     11.000    29.0311    28.9958   5.730772   5.727221     3.1424     2.6724     100.00   27.11202  -84.33352   -0.00090    0.00185     4.3883     4.3996    29.0284    28.9932    34.9861    34.9876    22.0442    22.0571       0.00    191.756    192.248         55 0.0000e+00
      10801    450.015     11.921     12.000    28.8996    28.8960   5.717991   5.717853     3.1380     2.6689     100.00   27.11202  -84.33352   -0.00074   -0.00100     4.3895     4.4002    28.8947    28.8931    34.9956    34.9959    22.0959    22.0967       0.00    191.796    192.266         48 0.0000e+00
      10851    452.064     12.914     13.000    28.8593    28.8609   5.714318   5.714653     3.1358     2.6725     100.00   27.11202  -84.33351   -0.00198    0.00014     4.3904     4.4105    28.8562    28.8578    34.9982    34.9993    22.1107    22.1111       0.00    191.835    192.711         50 0.0000e+00
      10901    454.184     13.907     14.000    28.8469    28.8480   5.713536   5.713839     3.1378     2.6681     100.00   27.11202  -84.33351    0.00020   -0.00081     4.3954     4.4031    28.8436    28.8446    35.0016    35.0029    22.1175    22.1181       0.00    192.051    192.389         52 0.0000e+00
      10952    456.309     14.901     15.000    28.8253    28.8261   5.711515   5.711768     3.1372     2.6686     100.00   27.11202  -84.33350    0.00025   -0.00112     4.3965     4.4059    28.8217    28.8225    35.0032    35.0044    22.1260    22.1266       0.00    192.099    192.509         50 0.0000e+00
      11003    458.406     15.894     16.000    28.8319    28.8324   5.714510   5.714731     3.1363     2.6631     100.00   27.11202  -84.33350   -0.00038   -0.00030     4.3944     4.3947    28.8281    28.8286    35.0188    35.0199    22.1355    22.1362       0.00    192.006    192.015         51 0.0000e+00
      11054    460.524     16.887     17.000    28.8459    28.8477   5.717892   5.718416     3.1364     2.6597     100.00   27.11202  -84.33350    0.00005   -0.00283     4.3938     4.3867    28.8418    28.8436    35.0316    35.0339    22.1406    22.1417       0.00    191.975    191.668         50 0.0000e+00
      11103    462.569     17.881     18.000    28.8536    28.8548   5.720220   5.720635     3.1382     2.6677     100.00   27.11202  -84.33350    0.00013    0.00195     4.3967     4.4027    28.8492    28.8505    35.0417    35.0436    22.1457    22.1467       0.00    192.104    192.362         49 0.0000e+00
      11154    464.711     18.874     19.000    28.8560    28.8566   5.721493   5.721709     3.1389     2.6670     100.00   27.11202  -84.33350    0.00074    0.00105     4.3983     4.4017    28.8514    28.8520    35.0484    35.0494    22.1500    22.1506       0.00    192.170    192.318         54 0.0000e+00
      11207    466.926     19.867     20.000    28.8632    28.8641   5.723000   5.723262     3.1384     2.6657     100.00   27.11202  -84.33350    0.00016    0.00001     4.3971     4.3988    28.8584    28.8593    35.0532    35.0544    22.1513    22.1519     731.40    192.119    192.194         48 0.0000e+00
      11251    468.757     20.861     21.000    28.9126    28.9121   5.735321   5.735181     3.1373     2.6688      69.96   27.11202  -84.33350   -0.00074    0.00016     4.3907     4.4008    28.9075    28.9071    35.1016    35.1009    22.1712    22.1709    1519.87    191.834    192.279         46 0.0000e+00
      11308    471.129     21.854     22.000    29.0689    29.0696   5.780535   5.780848     3.1445     2.6751      62.35   27.11202  -84.33350    0.00166    0.00247     4.3873     4.3974    29.0636    29.0642    35.2956    35.2978    22.2648    22.2662    1543.62    191.668    192.110         63 0.0000e+00
      11359    473.230     22.847     23.000    29.0946    29.0954   5.791446   5.791597     3.1498     2.6773      46.83   27.11202  -84.33350    0.00304    0.00153     4.3941     4.3996    29.0890    29.0899    35.3536    35.3540    22.2998    22.2998    1543.66    191.959    192.200         39 0.0000e+00
      11402    475.040     23.841     24.000    29.0950    29.0961   5.794977   5.795264     3.1478     2.6781      91.71   27.11202  -84.33349    0.00098    0.00113     4.3904     4.4011    29.0891    29.0903    35.3773    35.3784    22.3175    22.3179    1543.70    191.795    192.261         55 0.0000e+00
      11462    477.539     24.834     25.000    29.0815    29.0826   5.794425   5.794714     3.1484     2.6749     100.28   27.11202  -84.33349   -0.00040   -0.00092     4.3929     4.3960    29.0754    29.0765    35.3832    35.3844    22.3266    22.3271    1543.73    191.903    192.037         53 0.0000e+00
      11507    479.422     25.827     26.000    29.0744    29.0752   5.793925   5.794169     3.1477     2.6721     100.00   27.11202  -84.33348    0.00015   -0.00145     4.3926     4.3915    29.0681    29.0689    35.3847    35.3856    22.3301    22.3305    1543.75    191.890    191.839         46 0.0000e+00
      11559    481.601     26.820     27.000    29.0721    29.0728   5.793716   5.793964     3.1467     2.6739     100.00   27.11202  -84.33348   -0.00048   -0.00031     4.3917     4.3957    29.0655    29.0663    35.3847    35.3859    22.3310    22.3316    1543.78    191.847    192.023         55 0.0000e+00
      11611    483.735     27.814     28.000    29.0694    29.0698   5.794508   5.794573     3.1458     2.6745      55.82   27.11202  -84.33348   -0.00031   -0.00025     4.3905     4.3975    29.0626    29.0630    35.3919    35.3920    22.3374    22.3373    1543.81    191.797    192.102         49 0.0000e+00
      11663    485.897     28.807     29.000    29.0978    29.0978   5.809685   5.809506     3.1486     2.6794      90.95   27.11202  -84.33348    0.00015    0.00183     4.3919     4.4038    29.0908    29.0908    35.4750    35.4738    22.3904    22.3895    1543.84    191.849    192.365         55 0.0000e+00
      11715    488.063     29.800     30.000    29.1204    29.1212   5.824909   5.825101     3.1619     2.6803      99.23   27.11202  -84.33348    0.00348    0.00179     4.4125     4.4024    29.1131    29.1139    35.5628    35.5635    22.4488    22.4491    1543.87    192.736    192.293         46 0.0000e+00
      11761    489.993     30.794     31.000    29.1293    29.1304   5.828708   5.829033     3.1632     2.6886      94.08   27.11202  -84.33346    0.00390    0.00223     4.4143     4.4182    29.1218    29.1229    35.5821    35.5835    22.4603    22.4611    1543.90    192.814    192.984         52 0.0000e+00
      11820    492.443     31.787     32.000    29.1499    29.1504   5.842587   5.842429     3.1641     2.6958      80.66   27.11202  -84.33346    0.00060    0.00309     4.4132     4.4304    29.1421    29.1426    35.6621    35.6606    22.5136    22.5124    1543.94    192.752    193.504         57 0.0000e+00
      11866    494.378     32.780     33.000    29.1540    29.1549   5.858208   5.858592     3.1746     2.6974     100.03   27.11202  -84.33346    0.00241    0.00267     4.4296     4.4307    29.1459    29.1468    35.7663    35.7683    22.5906    22.5918    1543.97    193.454    193.504         41 0.0000e+00
      11914    496.377     33.773     34.000    29.0637    29.0574   5.853811   5.851859     3.1771     2.7019      99.78   27.11202  -84.33346    0.00363    0.00135     4.4408     4.4470    29.0555    29.0493    35.8008    35.8039    22.6469    22.6573    1544.01    193.933    194.203         59 0.0000e+00
      11973    498.846     34.767     35.000    28.8325    28.8317   5.835705   5.835996     3.1904     2.7218      98.85   27.11202  -84.33346    0.00239    0.00546     4.4822     4.5024    28.8240    28.8233    35.8516    35.8535    22.7625    22.7639    1544.04    195.718    196.603         50 0.0000e+00
      12017    500.684     35.760     36.000    28.6300    28.6245   5.819433   5.818989     3.2059     2.7314      97.85   27.11202  -84.33346    0.00836    0.00798     4.5261     4.5369    28.6213    28.6159    35.8909    35.8919    22.8596    22.8622    1544.05    197.618    198.089         45 0.0000e+00
      12069    502.847     36.753     37.000    28.2414    28.2367   5.784942   5.784630     3.2219     2.7514      96.89   27.11202  -84.33346    0.00721    0.00715     4.5856     4.6059    28.2326    28.2279    35.9444    35.9458    23.0286    23.0311    1544.04    200.182    201.067         57 0.0000e+00
      12122    505.061     37.746     38.000    28.0284    28.0230   5.768280   5.768030     3.2410     2.7682      95.86   27.11202  -84.33346    0.00895    0.00886     4.6383     4.6560    28.0194    28.0141    35.9896    35.9919    23.1326    23.1361    1544.02    202.461    203.236         49 0.0000e+00
      12172    507.113     38.740     39.000    27.6678    27.6519   5.743299   5.741701     3.2552     2.7825      94.98   27.11202  -84.33346    0.00702    0.00685     4.6865     4.7080    27.7112    27.6430    36.0490    36.0502    23.2782    23.2843    1543.99    204.536    205.475         51 0.0000e+00
      12222    509.223     39.733     40.000    27.0461    27.0499   5.675406   5.673771     3.2604     2.7887      93.86   27.11202  -84.33346    0.00558    0.00524     4.7544     4.7752    27.0371    27.0407    36.0858    36.0852    23.5238    23.5280    1543.93    207.452    208.356         50 0.0000e+00
      12275    511.430     40.726     41.000    26.5576    26.5451   5.626473   5.625250     3.2704     2.8072      92.91   27.11202  -84.33346    0.00235    0.00545     4.8144     4.8521    26.5482    26.5358    36.1141    36.1149    23.7013    23.7058    1543.84    210.035    211.675         55 0.0000e+00
      12325    513.482     41.719     42.000    26.0755    26.0738   5.577183   5.577150     3.2790     2.8068      91.98   27.11202  -84.33346    0.00558    0.00502     4.8738     4.8901    26.0660    26.0644    36.1341    36.1352    23.8686    23.8699    1543.73    212.592    213.300         45 0.0000e+00
      12375    515.579     42.712     43.000    25.9031    25.8999   5.560383   5.560269     3.2762     2.8078      91.05   27.11202  -84.33344    0.00113   -0.00007     4.8834     4.9068    25.8935    25.8903    36.1470    36.1487    23.9323    23.9346    1543.62    212.995    214.017         56 0.0000e+00
      12428    517.807     43.706     44.000    25.7552    25.7514   5.546262   5.546085     3.2713     2.8069      90.05   27.11202  -84.33344   -0.00195   -0.00039     4.8872     4.9175    25.7454    25.7417    36.1601    36.1618    23.9884    23.9909    1543.50    213.150    214.471         47 0.0000e+00
      12475    519.753     44.699     45.000    25.5849    25.5804   5.535467   5.535428     3.2596     2.7990      89.11   27.11202  -84.33344   -0.00365   -0.00158     4.8781     4.9129    25.5749    25.5705    36.2156    36.2189    24.0833    24.0871    1543.38    212.735    214.251         52 0.0000e+00
      12530    522.059     45.692     46.000    25.3676    25.3627   5.518382   5.518054     3.2224     2.7620      88.07   27.11202  -84.33344   -0.01306   -0.01237     4.8258     4.8527    25.3575    25.3526    36.2623    36.2638    24.1858    24.1884    1543.25    210.433    211.604         53 0.0000e+00
      12578    524.061     46.685     47.000    24.9343    24.9284   5.471708   5.470711     3.1949     2.7440      87.24   27.11202  -84.33344   -0.01476   -0.01189     4.8114     4.8504    24.9272    24.9182    36.2596    36.2595    24.3157    24.3184    1543.11    209.774    211.475         47 0.0000e+00
      12629    526.152     47.678     48.000    24.7434    24.7419   5.450374   5.450401     3.1855     2.7315      86.09   27.11202  -84.33344   -0.00949   -0.00777     4.8107     4.8403    24.7332    24.7316    36.2558    36.2573    24.3720    24.3736    1542.97    209.732    211.025         55 0.0000e+00
      12684    528.452     48.672     49.000    24.6756    24.6744   5.443194   5.443313     3.1813     2.7306      85.17   27.11202  -84.33344   -0.00193   -0.00202     4.8088     4.8442    24.6650    24.6638    36.2565    36.2583    24.3931    24.3949    1542.82    209.649    211.192         50 0.0000e+00
      12729    530.334     49.665     50.000    24.4852    24.4783   5.423675   5.422935     3.1712     2.7217      84.22   27.11202  -84.33344   -0.00298   -0.00230     4.8064     4.8421    24.4744    24.4676    36.2632    36.2632    24.4558    24.4578    1542.67    209.528    211.086         45 0.0000e+00
      12782    532.525     50.658     51.000    23.9859    23.9799   5.367978   5.367439     3.1494     2.7019      83.18   27.11202  -84.33344   -0.00841   -0.00697     4.8088     4.8416    23.9751    23.9692    36.2466    36.2473    24.5928    24.5952    1542.52    209.608    211.037         58 0.0000e+00
      12834    534.704     51.651     52.000    23.8305    23.8291   5.352697   5.352708     3.1347     2.6852      82.26   27.11202  -84.33344   -0.00790   -0.00846     4.7940     4.8182    23.8196    23.8181    36.2566    36.2579    24.6467    24.6481    1542.35    208.948    210.005         45 0.0000e+00
      12882    536.701     52.644     53.000    23.7399    23.7393   5.348929   5.349181     3.1182     2.6682      81.27   27.11202  -84.33344   -0.00735   -0.00788     4.7684     4.7878    23.7287    23.7282    36.3016    36.3040    24.7077    24.7097    1542.19    207.821    208.666         55 0.0000e+00
      12936    538.960     53.637     54.000    23.7149    23.7141   5.354880   5.355195     3.0784     2.6309      80.21   27.11202  -84.33343   -0.01358   -0.01267     4.6903     4.7067    23.7036    23.7027    36.3672    36.3704    24.7649    24.7675    1542.03    204.408    205.119         47 0.0000e+00
      12976    540.627     54.631     55.000    23.4839    23.4739   5.331410   5.329366     3.0407     2.6000      79.41   27.11202  -84.33344   -0.01952   -0.01791     4.6403     4.6622    23.4915    23.4626    36.3612    36.3584    24.8228    24.8254    1541.88    202.214    203.170         38 0.0000e+00
