GOMECC/GOMECC-4/1db/rb2103_1371.cnv
* Sea-Bird SBE 9 Data File:
* FileName = C:\Users\scs.user.rb\CTD\GOMECC4\data\rb2103_1371.hex
* Software Version Seasave V 7.26.7.107
* Temperature SN = 4799
* Conductivity SN = 3860
* Number of Bytes Per Scan = 41
* Number of Voltage Words = 4
* Number of Scans Averaged by the Deck Unit = 1
* NMEA Latitude = 26 00.14 N
* NMEA Longitude = 084 11.82 W
* NMEA UTC (Time) = Oct 20 2021  06:05:28
* NMEA baud rate = 4800
# nquan = 28
# nvalues = 269                         
# units = specified
# name 0 = scan: Scan Count
# name 1 = timeS: Time, Elapsed [seconds]
# name 2 = depSM: Depth [salt water, m]
# name 3 = prDM: Pressure, Digiquartz [db]
# name 4 = t090C: Temperature [ITS-90, deg C]
# name 5 = t190C: Temperature, 2 [ITS-90, deg C]
# name 6 = c0S/m: Conductivity [S/m]
# name 7 = c1S/m: Conductivity, 2 [S/m]
# name 8 = sbeox0V: Oxygen raw, SBE 43 [V]
# name 9 = sbeox1V: Oxygen raw, SBE 43, 2 [V]
# name 10 = altM: Altimeter [m]
# name 11 = latitude: Latitude [deg]
# name 12 = longitude: Longitude [deg]
# name 13 = sbox0dV/dT: Oxygen, SBE 43 [dov/dt]
# name 14 = sbox1dV/dT: Oxygen, SBE 43, 2 [dov/dt]
# name 15 = sbeox0ML/L: Oxygen, SBE 43 [ml/l], WS = 5
# name 16 = sbeox1ML/L: Oxygen, SBE 43, 2 [ml/l], WS = 5
# name 17 = potemp090C: Potential Temperature [ITS-90, deg C]
# name 18 = potemp190C: Potential Temperature, 2 [ITS-90, deg C]
# name 19 = sal00: Salinity, Practical [PSU]
# name 20 = sal11: Salinity, Practical, 2 [PSU]
# name 21 = sigma-é00: Density [sigma-theta, kg/m^3]
# name 22 = sigma-é11: Density, 2 [sigma-theta, kg/m^3]
# name 23 = avgsvCM: Average Sound Velocity [Chen-Millero, m/s], minP = 20, minS = 20
# name 24 = sbox0Mm/Kg: Oxygen, SBE 43 [umol/kg], WS = 5
# name 25 = sbox1Mm/Kg: Oxygen, SBE 43, 2 [umol/kg], WS = 5
# name 26 = nbin: number of scans per bin
# name 27 = flag: flag
# span 0 =       4914,      39060       
# span 1 =    204.695,   1627.441       
# span 2 =      1.987,    162.869       
# span 3 =      2.000,    164.000       
# span 4 =    16.3945,    28.5653       
# span 5 =    16.3939,    28.5661       
# span 6 =   4.572341,   5.773424       
# span 7 =   4.572071,   5.774873       
# span 8 =     1.9323,     3.1942       
# span 9 =     1.5979,     2.7055       
# span 10 =      10.34,     103.04      
# span 11 =   25.76177,   26.18083      
# span 12 =  -84.77237,  -83.41563      
# span 13 =   -0.03862,    0.01426      
# span 14 =   -0.03524,    0.01857      
# span 15 =     2.7898,     4.6986      
# span 16 =     2.7977,     4.6920      
# span 17 =    16.3679,    28.5632      
# span 18 =    16.3673,    28.5639      
# span 19 =    35.2989,    36.7098      
# span 20 =    35.2631,    36.7204      
# span 21 =    22.4817,    26.5940      
# span 22 =    22.4594,    26.5898      
# span 23 =       0.00,    1543.50      
# span 24 =    121.379,    204.783      
# span 25 =    121.722,    204.474      
# span 26 =         30,         77      
# span 27 = 0.0000e+00, 0.0000e+00      
# interval = decibars: 1                
# start_time = Oct 20 2021 06:05:28 [NMEA time, header]
# bad_flag = -9.990e-29
*END*
[from data line 259]
      36282   1511.716     10.928     11.000    28.5306    28.5334   5.752411   5.752885     3.1335     2.6495      88.93   26.00304  -84.19700    0.00026    0.00115     4.3982     4.3743    28.5279    28.5308    35.5066    35.5078    22.6018    22.6017    1528.64    192.081    191.037         59 0.0000e+00
      36343   1514.235      9.935     10.000    28.5307    28.5336   5.752198   5.752617     3.1355     2.6527      85.74   26.00304  -84.19700    0.00035    0.00148     4.4013     4.3802    28.5283    28.5312    35.5054    35.5061    22.6007    22.6003    1528.64    192.218    191.297         57 0.0000e+00
      36395   1516.434      8.941      9.000    28.5296    28.5315   5.751766   5.752188     3.1361     2.6497      68.90   26.00304  -84.19700    0.00057   -0.00061     4.4020     4.3738    28.5275    28.5294    35.5034    35.5049    22.5995    22.6000    1528.64    192.250    191.018         53 0.0000e+00
      36449   1518.682      7.948      8.000    28.5291    28.5303   5.751642   5.751853     3.1352     2.6492      87.37   26.00304  -84.19700   -0.00011   -0.00106     4.4000     4.3724    28.5272    28.5284    35.5032    35.5038    22.5995    22.5995    1528.64    192.161    190.954         54 0.0000e+00
      36504   1520.955      6.954      7.000    28.5296    28.5306   5.751601   5.751805     3.1353     2.6528      93.44   26.00304  -84.19700   -0.00042    0.00129     4.3995     4.3791    28.5280    28.5289    35.5029    35.5036    22.5989    22.5992    1528.64    192.139    191.249         51 0.0000e+00
      36549   1522.832      5.961      6.000    28.5293    28.5307   5.751485   5.751732     3.1369     2.6507      77.89   26.00304  -84.19700    0.00072    0.00061     4.4019     4.3745    28.5279    28.5293    35.5026    35.5033    22.5988    22.5988    1528.64    192.245    191.048         39 0.0000e+00
      36596   1524.782      4.967      5.000    28.5297    28.5323   5.751584   5.751875     3.1340     2.6469      97.03   26.00304  -84.19700   -0.00012   -0.00188     4.3961     4.3662    28.5285    28.5311    35.5033    35.5034    22.5991    22.5983    1528.64    191.990    190.686         44 0.0000e+00
      36656   1527.309      3.974      4.000    28.5297    28.5323   5.751609   5.751830     3.1362     2.6502     100.19   26.00304  -84.19700    0.00011    0.00057     4.3996     4.3722    28.5288    28.5314    35.5037    35.5034    22.5993    22.5982    1528.64    192.145    190.949         35 0.0000e+00
      37327   1555.248      2.981      3.000    28.5280    28.5300   5.751281   5.751580     3.1355     2.6509     100.00   26.00303  -84.19701    0.00068    0.00179     4.3979     4.3733    28.5273    28.5293    35.5030    35.5037    22.5993    22.5991    1528.64    192.070    190.993         36 0.0000e+00
      39060   1627.441      1.987      2.000    28.5260    28.5259   5.751078   5.751182     3.1377     2.6518      99.79   26.00302  -84.19698    0.00004    0.00078     4.4015     4.3749    28.5255    28.5254    35.5035    35.5042    22.6002    22.6008    1528.64    192.228    191.063         32 0.0000e+00
