GOMECC/GOMECC-4/1db/rb2103_1401.ros
* Sea-Bird SBE 9 Data File:
* FileName = C:\Users\scs.user.rb\CTD\GOMECC4\data\rb2103_1401.hex
* Software Version Seasave V 7.26.7.107
* Temperature SN = 4799
* Conductivity SN = 3860
* Number of Bytes Per Scan = 41
* Number of Voltage Words = 4
* Number of Scans Averaged by the Deck Unit = 1
* NMEA Latitude = 25 39.47 N
* NMEA Longitude = 084 42.92 W
* NMEA UTC (Time) = Oct 20 2021  13:16:01
* NMEA baud rate = 4800
# nquan = 17
# nvalues = 3059                                  
# units = specified
# name 0 = scan: Scan Count
# name 1 = timeS: Time, Elapsed [seconds]
# name 2 = depSM: Depth [salt water, m]
# name 3 = prDM: Pressure, Digiquartz [db]
# name 4 = t090C: Temperature [ITS-90, deg C]
# name 5 = t190C: Temperature, 2 [ITS-90, deg C]
# name 6 = c0S/m: Conductivity [S/m]
# name 7 = c1S/m: Conductivity, 2 [S/m]
# name 8 = sbeox0V: Oxygen raw, SBE 43 [V]
# name 9 = sbeox1V: Oxygen raw, SBE 43, 2 [V]
# name 10 = altM: Altimeter [m]
# name 11 = latitude: Latitude [deg]
# name 12 = longitude: Longitude [deg]
# name 13 = sbox0dV/dT: Oxygen, SBE 43 [dov/dt]
# name 14 = sbox1dV/dT: Oxygen, SBE 43, 2 [dov/dt]
# name 15 = nbf: Bottles Fired
# name 16 = flag:  0.000e+00
# interval = seconds: 0.0416667
# start_time = Oct 20 2021 13:16:01 [NMEA time, header]
# bad_flag = -9.990e-29
*END*
[from data line 1277]
      82581   3440.833    148.736    149.760    17.8341    17.8540   4.746166   4.748215     2.2247     1.8620     100.00   25.65958  -84.71572    0.00017    0.00019         10  0.000e+00
      82582   3440.875    148.743    149.767    17.8338    17.8488   4.746130   4.747744     2.2247     1.8620     100.00   25.65958  -84.71572    0.00021    0.00023         10  0.000e+00
      82583   3440.917    148.736    149.760    17.8338    17.8481   4.746180   4.747832     2.2222     1.8632     100.00   25.65958  -84.71572    0.00021    0.00028         10  0.000e+00
      82584   3440.958    148.790    149.815    17.8339    17.8495   4.746289   4.748009     2.2222     1.8620     100.00   25.65958  -84.71572    0.00021    0.00032         10  0.000e+00
      82585   3441.000    148.736    149.760    17.8341    17.8451   4.746289   4.747296     2.2234     1.8620     100.00   25.65958  -84.71572    0.00021    0.00036         10  0.000e+00
      82586   3441.042    148.790    149.815    17.8333    17.8370   4.746108   4.746370     2.2247     1.8632     100.00   25.65958  -84.71572    0.00024    0.00041         10  0.000e+00
      82587   3441.083    148.838    149.863    17.8317    17.8313   4.745948   4.745679     2.2234     1.8632     100.00   25.65958  -84.71572    0.00026    0.00047         10  0.000e+00
      82588   3441.125    148.790    149.815    17.8300    17.8295   4.745767   4.745371     2.2222     1.8632     100.00   25.65958  -84.71572    0.00025    0.00052         10  0.000e+00
      82589   3441.167    148.790    149.815    17.8276    17.8276   4.745390   4.745077     2.2222     1.8632     100.00   25.65958  -84.71572    0.00025    0.00058         10  0.000e+00
      82590   3441.208    148.838    149.863    17.8242    17.8228   4.745006   4.744695     2.2247     1.8632     100.00   25.65958  -84.71572    0.00030    0.00063         10  0.000e+00
      82591   3441.250    148.838    149.863    17.8233    17.8195   4.745006   4.744474     2.2234     1.8632     100.00   25.65958  -84.71572    0.00032    0.00068         10  0.000e+00
      82592   3441.292    148.892    149.918    17.8252    17.8179   4.745187   4.744371     2.2234     1.8632     100.00   25.65958  -84.71572    0.00033    0.00073         10  0.000e+00
      82593   3441.333    148.838    149.863    17.8269    17.8165   4.745238   4.744202     2.2234     1.8632     100.00   25.65958  -84.71572    0.00035    0.00076         10  0.000e+00
      82594   3441.375    148.886    149.911    17.8254    17.8155   4.744933   4.744158     2.2222     1.8645     100.00   25.65958  -84.71572    0.00036    0.00083         10  0.000e+00
      82595   3441.417    148.886    149.911    17.8202    17.8155   4.744230   4.744092     2.2247     1.8645     100.00   25.65958  -84.71572    0.00039    0.00090         10  0.000e+00
      82596   3441.458    148.893    149.918    17.8152    17.8150   4.743578   4.743923     2.2234     1.8645     100.00   25.65958  -84.71572    0.00039    0.00096         10  0.000e+00
      82597   3441.500    148.940    149.966    17.8100    17.8134   4.743063   4.743725     2.2234     1.8657     100.00   25.65958  -84.71572    0.00040    0.00104         10  0.000e+00
      82598   3441.542    148.940    149.966    17.8071    17.8136   4.742766   4.743703     2.2234     1.8645     100.00   25.65958  -84.71572    0.00041    0.00109         10  0.000e+00
      82599   3441.583    148.988    150.014    17.8052    17.8141   4.742708   4.743651     2.2234     1.8645     100.00   25.65958  -84.71572    0.00044    0.00113         10  0.000e+00
      82600   3441.625    148.940    149.966    17.8045    17.8127   4.742642   4.743571     2.2247     1.8657     100.00   25.65958  -84.71572    0.00047    0.00121         10  0.000e+00
      82601   3441.667    148.988    150.014    17.8039    17.8113   4.742592   4.743527     2.2234     1.8657     100.00   25.65958  -84.71572    0.00048    0.00126         10  0.000e+00
      82602   3441.708    148.988    150.014    17.8039    17.8117   4.742585   4.743578     2.2247     1.8645     100.00   25.65958  -84.71572    0.00051    0.00132         10  0.000e+00
      82603   3441.750    149.035    150.062    17.8032    17.8130   4.742585   4.743688     2.2222     1.8657     100.00   25.65958  -84.71572    0.00049    0.00137         10  0.000e+00
      82604   3441.792    149.035    150.062    17.8035    17.8124   4.742614   4.743651     2.2247     1.8657     100.00   25.65958  -84.71570    0.00050    0.00143         10  0.000e+00
      82605   3441.833    149.042    150.068    17.8054    17.8120   4.742802   4.743482     2.2234     1.8657     100.00   25.65958  -84.71570    0.00051    0.00148         10  0.000e+00
      82606   3441.875    149.090    150.116    17.8056    17.8096   4.742773   4.743189     2.2247     1.8657     100.00   25.65958  -84.71570    0.00053    0.00153         10  0.000e+00
      82607   3441.917    149.035    150.062    17.8045    17.8074   4.742592   4.742895     2.2234     1.8657     100.00   25.65958  -84.71570    0.00054    0.00159         10  0.000e+00
      82608   3441.958    149.137    150.164    17.8032    17.8052   4.742396   4.742652     2.2234     1.8657     100.00   25.65958  -84.71570    0.00057    0.00164         10  0.000e+00
      82609   3442.000    149.090    150.116    17.8021    17.8030   4.742367   4.742439     2.2234     1.8657     100.00   25.65958  -84.71570    0.00056    0.00168         10  0.000e+00
      82610   3442.042    149.137    150.164    17.8015    17.8018   4.742316   4.742329     2.2247     1.8657     100.00   25.65958  -84.71570    0.00055    0.00173         10  0.000e+00
      82611   3442.083    149.137    150.164    17.8013    17.8009   4.742273   4.742278     2.2234     1.8657     100.00   25.65958  -84.71570    0.00053    0.00177         10  0.000e+00
      82612   3442.125    149.137    150.164    17.8013    17.8008   4.742287   4.742241     2.2247     1.8657     100.00   25.65958  -84.71570    0.00055    0.00181         10  0.000e+00
      82613   3442.167    149.192    150.219    17.8013    17.8004   4.742331   4.742234     2.2247     1.8669     100.00   25.65958  -84.71570    0.00059    0.00186         10  0.000e+00
      82614   3442.208    149.192    150.219    17.8015    17.8001   4.742309   4.742197     2.2234     1.8669     100.00   25.65958  -84.71570    0.00060    0.00191         10  0.000e+00
      82615   3442.250    149.192    150.219    17.8013    17.7997   4.742302   4.742190     2.2247     1.8669     100.00   25.65958  -84.71570    0.00062    0.00196         10  0.000e+00
      82616   3442.292    149.192    150.219    17.8015    17.7996   4.742273   4.742160     2.2234     1.8669     100.00   25.65958  -84.71570    0.00059    0.00201         10  0.000e+00
      82617   3442.333    149.239    150.267    17.8011    17.7997   4.742287   4.742153     2.2247     1.8669     100.00   25.65958  -84.71570    0.00060    0.00206         10  0.000e+00
      82618   3442.375    149.192    150.219    17.8009    17.7997   4.742208   4.742212     2.2234     1.8669     100.00   25.65958  -84.71570    0.00061    0.00209         10  0.000e+00
      82619   3442.417    149.287    150.315    17.8005    17.7994   4.742208   4.742109     2.2247     1.8669     100.00   25.65958  -84.71570    0.00062    0.00211         10  0.000e+00
      82620   3442.458    149.240    150.267    17.8002    17.7992   4.742193   4.742072     2.2234     1.8669     100.00   25.65958  -84.71570    0.00062    0.00215         10  0.000e+00
      82621   3442.500    149.240    150.267    17.7999    17.7992   4.742150   4.742094     2.2247     1.8669     100.00   25.65958  -84.71570    0.00064    0.00219         10  0.000e+00
      82622   3442.542    149.341    150.370    17.7999    17.7996   4.742114   4.742138     2.2247     1.8669     100.00   25.65958  -84.71570    0.00067    0.00222         10  0.000e+00
      82623   3442.583    149.287    150.315    17.7994    17.7996   4.742128   4.742175     2.2234     1.8657     100.00   25.65958  -84.71570    0.00067    0.00222         10  0.000e+00
      82624   3442.625    149.287    150.315    17.7994    17.7994   4.742113   4.742124     2.2247     1.8669     100.00   25.65958  -84.71570    0.00065    0.00225         10  0.000e+00
      82625   3442.667    149.342    150.370    17.7992    17.7994   4.742070   4.742109     2.2222     1.8669     100.00   25.65958  -84.71570    0.00061    0.00228         10  0.000e+00
      82626   3442.708    149.287    150.315    17.7987    17.7999   4.741998   4.742138     2.2234     1.8657     100.00   25.65958  -84.71570    0.00061    0.00227         10  0.000e+00
      82627   3442.750    149.287    150.315    17.7985    17.7997   4.742012   4.742153     2.2234     1.8657     100.00   25.65958  -84.71570    0.00061    0.00228         10  0.000e+00
      82628   3442.792    149.389    150.418    17.7984    17.7994   4.741961   4.742116     2.2222     1.8657     100.00   25.65958  -84.71572    0.00058    0.00228         10  0.000e+00
      82629   3442.833    149.342    150.370    17.7982    17.7989   4.741911   4.742050     2.2234     1.8657     100.00   25.65958  -84.71572    0.00058    0.00227         10  0.000e+00
      82630   3442.875    149.342    150.370    17.7978    17.7983   4.741867   4.741969     2.2234     1.8657     100.00   25.65958  -84.71572    0.00056    0.00225         10  0.000e+00
      82631   3442.917    149.389    150.418    17.7975    17.7976   4.741889   4.741859     2.2222     1.8657     100.00   25.65958  -84.71572    0.00052    0.00225         10  0.000e+00
      82632   3442.958    149.342    150.370    17.7974    17.7968   4.741867   4.741764     2.2222     1.8657     100.00   25.65958  -84.71572    0.00048    0.00223         10  0.000e+00
      82633   3443.000    149.389    150.418    17.7970    17.7964   4.741831   4.741749     2.2247     1.8657     100.00   25.65958  -84.71572    0.00049    0.00223         10  0.000e+00
      86091   3587.083    119.273    120.085    18.7371    18.7387   4.848066   4.848207     2.0794     1.7289     100.00   25.65978  -84.71574   -0.00036    0.00026         11  0.000e+00
      86092   3587.125    118.798    119.607    18.7384    18.7392   4.848073   4.848259     2.0794     1.7289     100.00   25.65978  -84.71574   -0.00036    0.00024         11  0.000e+00
      86093   3587.167    118.975    119.785    18.7387    18.7391   4.848088   4.848274     2.0794     1.7289     100.00   25.65978  -84.71574   -0.00035    0.00023         11  0.000e+00
      86094   3587.208    118.947    119.758    18.7387    18.7392   4.848125   4.848296     2.0794     1.7289      98.63   25.65978  -84.71574   -0.00033    0.00021         11  0.000e+00
      86095   3587.250    118.948    119.758    18.7377    18.7390   4.848139   4.848311     2.0794     1.7289      82.93   25.65978  -84.71574   -0.00030    0.00020         11  0.000e+00
      86096   3587.292    119.022    119.833    18.7371    18.7392   4.848081   4.848341     2.0794     1.7289      74.92   25.65978  -84.71574   -0.00028    0.00020         11  0.000e+00
      86097   3587.333    118.948    119.758    18.7370    18.7389   4.848000   4.848318     2.0794     1.7289      74.19   25.65978  -84.71574   -0.00027    0.00019         11  0.000e+00
      86098   3587.375    118.975    119.785    18.7358    18.7395   4.847979   4.848341     2.0794     1.7289      74.92   25.65978  -84.71574   -0.00025    0.00018         11  0.000e+00
      86099   3587.417    118.995    119.806    18.7349    18.7408   4.847942   4.848445     2.0794     1.7289      75.24   25.65978  -84.71574   -0.00024    0.00017         11  0.000e+00
      86100   3587.458    118.975    119.786    18.7349    18.7408   4.847913   4.848437     2.0794     1.7289      75.24   25.65978  -84.71574   -0.00022    0.00016         11  0.000e+00
      86101   3587.500    118.995    119.806    18.7359    18.7404   4.847898   4.848407     2.0794     1.7289      75.21   25.65978  -84.71574   -0.00021    0.00015         11  0.000e+00
      86102   3587.542    118.996    119.806    18.7360    18.7396   4.847920   4.848304     2.0794     1.7289      75.19   25.65978  -84.71574   -0.00018    0.00016         11  0.000e+00
      86103   3587.583    118.975    119.786    18.7361    18.7385   4.847964   4.848178     2.0794     1.7277      75.19   25.65978  -84.71574   -0.00016    0.00013         11  0.000e+00
      86104   3587.625    119.043    119.854    18.7364    18.7378   4.847979   4.848118     2.0794     1.7289      75.21   25.65978  -84.71574   -0.00015    0.00011         11  0.000e+00
      86105   3587.667    119.023    119.834    18.7367    18.7380   4.847979   4.848141     2.0794     1.7289      75.21   25.65978  -84.71574   -0.00012    0.00012         11  0.000e+00
      86106   3587.708    119.043    119.854    18.7369    18.7381   4.848008   4.848178     2.0794     1.7289      75.19   25.65978  -84.71574   -0.00012    0.00012         11  0.000e+00
      86107   3587.750    119.043    119.854    18.7370    18.7373   4.847957   4.848096     2.0806     1.7289      75.21   25.65978  -84.71574   -0.00009    0.00013         11  0.000e+00
      86108   3587.792    119.023    119.834    18.7358    18.7368   4.847818   4.848066     2.0794     1.7289      75.19   25.65978  -84.71574   -0.00008    0.00013         11  0.000e+00
      86109   3587.833    119.043    119.854    18.7350    18.7376   4.847715   4.848096     2.0794     1.7289      75.19   25.65978  -84.71574   -0.00006    0.00013         11  0.000e+00
      86110   3587.875    119.023    119.834    18.7344    18.7379   4.847722   4.848081     2.0794     1.7289      75.21   25.65978  -84.71574   -0.00005    0.00014         11  0.000e+00
      86111   3587.917    119.098    119.909    18.7345    18.7371   4.847701   4.848029     2.0794     1.7289      75.19   25.65978  -84.71574   -0.00004    0.00014         11  0.000e+00
      86112   3587.958    119.071    119.882    18.7335    18.7366   4.847635   4.848000     2.0794     1.7289      75.19   25.65978  -84.71574   -0.00003    0.00014         11  0.000e+00
      86113   3588.000    119.098    119.909    18.7320    18.7350   4.847576   4.847770     2.0794     1.7289      75.19   25.65978  -84.71574   -0.00002    0.00014         11  0.000e+00
      86114   3588.042    119.098    119.909    18.7324    18.7339   4.847503   4.847481     2.0806     1.7289      75.21   25.65978  -84.71574    0.00000    0.00015         11  0.000e+00
      86115   3588.083    119.071    119.882    18.7313    18.7310   4.847364   4.847073     2.0794     1.7289      75.19   25.65978  -84.71574    0.00001    0.00015         11  0.000e+00
      86116   3588.125    119.098    119.910    18.7302    18.7270   4.847298   4.846688     2.0794     1.7289      75.21   25.65978  -84.71574    0.00002    0.00015         11  0.000e+00
      86117   3588.167    119.125    119.937    18.7304    18.7246   4.847379   4.846510     2.0781     1.7289      75.43   25.65978  -84.71574    0.00003    0.00017         11  0.000e+00
      86118   3588.208    119.146    119.958    18.7314    18.7237   4.847430   4.846443     2.0794     1.7289      90.18   25.65978  -84.71574    0.00005    0.00017         11  0.000e+00
      86119   3588.250    119.098    119.910    18.7326    18.7248   4.847510   4.846406     2.0794     1.7289      99.80   25.65978  -84.71574    0.00006    0.00018         11  0.000e+00
      86120   3588.292    119.126    119.937    18.7323    18.7242   4.847496   4.846488     2.0794     1.7289     100.00   25.65978  -84.71574    0.00007    0.00018         11  0.000e+00
      86121   3588.333    119.194    120.006    18.7323    18.7232   4.847488   4.846421     2.0794     1.7289     100.00   25.65978  -84.71574    0.00008    0.00018         11  0.000e+00
