GOMECC/GOMECC-4/1db/rb2103_0391.ros
* Sea-Bird SBE 9 Data File:
* FileName = C:\Users\scs.user.rb\CTD\GOMECC4\data\rb2103_0391.hex
* Software Version Seasave V 7.26.7.107
* Temperature SN = 4799
* Conductivity SN = 3860
* Number of Bytes Per Scan = 41
* Number of Voltage Words = 4
* Number of Scans Averaged by the Deck Unit = 1
* NMEA Latitude = 27 44.23 N
* NMEA Longitude = 089 59.91 W
* NMEA UTC (Time) = Sep 25 2021  20:49:51
* NMEA baud rate = 4800
# nquan = 17
# nvalues = 2527                                  
# units = specified
# name 0 = scan: Scan Count
# name 1 = timeS: Time, Elapsed [seconds]
# name 2 = depSM: Depth [salt water, m]
# name 3 = prDM: Pressure, Digiquartz [db]
# name 4 = t090C: Temperature [ITS-90, deg C]
# name 5 = t190C: Temperature, 2 [ITS-90, deg C]
# name 6 = c0S/m: Conductivity [S/m]
# name 7 = c1S/m: Conductivity, 2 [S/m]
# name 8 = sbeox0V: Oxygen raw, SBE 43 [V]
# name 9 = sbeox1V: Oxygen raw, SBE 43, 2 [V]
# name 10 = altM: Altimeter [m]
# name 11 = latitude: Latitude [deg]
# name 12 = longitude: Longitude [deg]
# name 13 = sbox0dV/dT: Oxygen, SBE 43 [dov/dt]
# name 14 = sbox1dV/dT: Oxygen, SBE 43, 2 [dov/dt]
# name 15 = nbf: Bottles Fired
# name 16 = flag:  0.000e+00
# interval = seconds: 0.0416667
# start_time = Sep 25 2021 20:49:51 [NMEA time, header]
# bad_flag = -9.990e-29
*END*
[from data line 511]
      49059   2044.083    673.715    679.325     7.1006     7.0990   3.561626   3.561474     1.6471     1.3504     100.00   27.74448  -90.00034   -0.00013   -0.00008          4  0.000e+00
      49060   2044.125    673.715    679.325     7.1006     7.0991   3.561632   3.561474     1.6484     1.3504     100.00   27.74448  -90.00034   -0.00011   -0.00008          4  0.000e+00
      49061   2044.167    673.753    679.363     7.1007     7.0990   3.561691   3.561493     1.6484     1.3504     100.00   27.74448  -90.00034   -0.00009   -0.00007          4  0.000e+00
      49062   2044.208    673.715    679.325     7.1005     7.0990   3.561658   3.561487     1.6471     1.3504     100.00   27.74448  -90.00034   -0.00009   -0.00006          4  0.000e+00
      49063   2044.250    673.715    679.325     7.1008     7.0993   3.561665   3.561474     1.6484     1.3504     100.00   27.74448  -90.00034   -0.00007   -0.00006          4  0.000e+00
      49064   2044.292    673.715    679.325     7.1007     7.0991   3.561652   3.561474     1.6484     1.3504     100.00   27.74448  -90.00034   -0.00005   -0.00005          4  0.000e+00
      49065   2044.333    673.700    679.309     7.1006     7.0993   3.561665   3.561480     1.6484     1.3504     100.00   27.74448  -90.00034   -0.00002   -0.00005          4  0.000e+00
      49066   2044.375    673.654    679.263     7.1006     7.0993   3.561652   3.561474     1.6471     1.3504     100.00   27.74448  -90.00034   -0.00002   -0.00004          4  0.000e+00
      49067   2044.417    673.654    679.263     7.1005     7.0993   3.561665   3.561493     1.6471     1.3504     100.00   27.74448  -90.00034   -0.00004   -0.00004          4  0.000e+00
      49068   2044.458    673.655    679.263     7.1005     7.0992   3.561652   3.561467     1.6471     1.3504     100.00   27.74448  -90.00034   -0.00005   -0.00003          4  0.000e+00
      49069   2044.500    673.700    679.310     7.1005     7.0993   3.561613   3.561493     1.6484     1.3504     100.00   27.74448  -90.00034   -0.00005   -0.00003          4  0.000e+00
      49070   2044.542    673.655    679.263     7.1004     7.0991   3.561658   3.561480     1.6484     1.3504     100.00   27.74448  -90.00034   -0.00004   -0.00002          4  0.000e+00
      49071   2044.583    673.655    679.263     7.1005     7.0994   3.561678   3.561480     1.6484     1.3504     100.00   27.74448  -90.00034   -0.00002   -0.00001          4  0.000e+00
      49072   2044.625    673.655    679.263     7.1007     7.0993   3.561652   3.561448     1.6471     1.3504     100.00   27.74448  -90.00034   -0.00004   -0.00001          4  0.000e+00
      49073   2044.667    673.639    679.248     7.1002     7.0993   3.561645   3.561487     1.6471     1.3504     100.00   27.74448  -90.00034   -0.00003   -0.00000          4  0.000e+00
      49074   2044.708    673.601    679.210     7.1002     7.0994   3.561645   3.561467     1.6484     1.3504     100.00   27.74448  -90.00034   -0.00001    0.00000          4  0.000e+00
      49075   2044.750    673.655    679.263     7.1000     7.0993   3.561620   3.561441     1.6484     1.3504     100.00   27.74448  -90.00034    0.00001    0.00001          4  0.000e+00
      49076   2044.792    673.601    679.210     7.0998     7.0996   3.561581   3.561487     1.6484     1.3504     100.00   27.74448  -90.00034    0.00003    0.00001          4  0.000e+00
      49077   2044.833    673.640    679.248     7.0995     7.0994   3.561574   3.561513     1.6484     1.3504     100.00   27.74448  -90.00034    0.00005    0.00002          4  0.000e+00
      49078   2044.875    673.601    679.210     7.0996     7.0996   3.561581   3.561480     1.6484     1.3504     100.00   27.74448  -90.00034    0.00005    0.00003          4  0.000e+00
      49079   2044.917    673.601    679.210     7.0995     7.0993   3.561581   3.561474     1.6471     1.3504     100.00   27.74448  -90.00034    0.00004    0.00003          4  0.000e+00
      54126   2255.208    546.905    551.289     8.6725     8.6643   3.712118   3.711534     1.6142     1.3175     100.00   27.74462  -90.00068    0.00005    0.00022          5  0.000e+00
      54127   2255.250    546.791    551.174     8.6702     8.6644   3.712000   3.711554     1.6142     1.3187     100.00   27.74462  -90.00068    0.00005    0.00022          5  0.000e+00
      54128   2255.292    546.684    551.066     8.6698     8.6649   3.711954   3.711634     1.6142     1.3175      95.51   27.74462  -90.00068    0.00006    0.00021          5  0.000e+00
      54129   2255.333    546.852    551.235     8.6696     8.6668   3.712006   3.711780     1.6142     1.3175      90.62   27.74462  -90.00068    0.00006    0.00018          5  0.000e+00
      54130   2255.375    546.783    551.166     8.6702     8.6685   3.712190   3.711947     1.6142     1.3187      89.50   27.74462  -90.00068    0.00006    0.00018          5  0.000e+00
      54131   2255.417    546.791    551.174     8.6717     8.6685   3.712328   3.712013     1.6142     1.3187      89.74   27.74462  -90.00068    0.00006    0.00018          5  0.000e+00
      54132   2255.458    546.791    551.174     8.6727     8.6685   3.712394   3.712046     1.6142     1.3175      89.96   27.74462  -90.00068    0.00007    0.00016          5  0.000e+00
      54133   2255.500    546.791    551.174     8.6727     8.6679   3.712407   3.712033     1.6142     1.3175      90.04   27.74462  -90.00068    0.00007    0.00015          5  0.000e+00
      54134   2255.542    546.852    551.235     8.6719     8.6684   3.712269   3.712000     1.6142     1.3175      90.01   27.74462  -90.00068    0.00007    0.00013          5  0.000e+00
      54135   2255.583    546.791    551.174     8.6701     8.6688   3.712111   3.712040     1.6129     1.3175      89.99   27.74462  -90.00068    0.00006    0.00012          5  0.000e+00
      54136   2255.625    546.791    551.174     8.6683     8.6684   3.711901   3.712060     1.6142     1.3175      89.99   27.74462  -90.00068    0.00006    0.00010          5  0.000e+00
      54137   2255.667    546.791    551.174     8.6675     8.6682   3.711836   3.712106     1.6142     1.3175      90.01   27.74462  -90.00068    0.00006    0.00008          5  0.000e+00
      54138   2255.708    546.791    551.174     8.6674     8.6679   3.711796   3.712046     1.6142     1.3175      89.99   27.74462  -90.00068    0.00005    0.00007          5  0.000e+00
      54139   2255.750    546.791    551.174     8.6673     8.6672   3.711822   3.712000     1.6129     1.3175      90.01   27.74462  -90.00068    0.00001    0.00005          5  0.000e+00
      54140   2255.792    546.791    551.174     8.6671     8.6669   3.711816   3.711993     1.6129     1.3175      89.99   27.74462  -90.00068   -0.00000    0.00004          5  0.000e+00
      54141   2255.833    546.852    551.236     8.6673     8.6685   3.711836   3.712113     1.6129     1.3175      90.01   27.74462  -90.00068   -0.00002    0.00002          5  0.000e+00
      54142   2255.875    546.791    551.174     8.6671     8.6692   3.711862   3.712133     1.6129     1.3175      89.99   27.74462  -90.00068   -0.00003    0.00001          5  0.000e+00
      54143   2255.917    546.852    551.236     8.6675     8.6684   3.711829   3.712073     1.6142     1.3175      89.99   27.74462  -90.00068   -0.00003   -0.00001          5  0.000e+00
      54144   2255.958    546.791    551.174     8.6681     8.6677   3.711928   3.712060     1.6142     1.3175      90.01   27.74462  -90.00068   -0.00002   -0.00003          5  0.000e+00
      54145   2256.000    546.791    551.174     8.6680     8.6679   3.711947   3.712033     1.6129     1.3175      90.01   27.74462  -90.00068   -0.00004   -0.00004          5  0.000e+00
      54146   2256.042    546.791    551.174     8.6681     8.6682   3.711993   3.711973     1.6142     1.3175      90.01   27.74462  -90.00068   -0.00003   -0.00006          5  0.000e+00
      54147   2256.083    546.791    551.174     8.6694     8.6679   3.712098   3.711933     1.6142     1.3175      90.01   27.74462  -90.00068   -0.00003   -0.00007          5  0.000e+00
      54148   2256.125    546.852    551.236     8.6694     8.6680   3.712111   3.711947     1.6142     1.3175      90.01   27.74462  -90.00068   -0.00003   -0.00009          5  0.000e+00
      54149   2256.167    546.852    551.236     8.6693     8.6688   3.712098   3.712106     1.6129     1.3175      89.99   27.74462  -90.00068   -0.00004   -0.00011          5  0.000e+00
      54150   2256.208    546.791    551.174     8.6702     8.6741   3.712203   3.712579     1.6129     1.3175      89.99   27.74462  -90.00068   -0.00005   -0.00012          5  0.000e+00
      54151   2256.250    546.791    551.174     8.6706     8.6797   3.712262   3.713011     1.6129     1.3175      90.04   27.74462  -90.00068   -0.00006   -0.00012          5  0.000e+00
      54152   2256.292    546.791    551.175     8.6716     8.6810   3.712315   3.713157     1.6129     1.3175      95.60   27.74462  -90.00068   -0.00009   -0.00012          5  0.000e+00
      54153   2256.333    546.792    551.175     8.6727     8.6783   3.712387   3.712951     1.6129     1.3175      99.80   27.74462  -90.00068   -0.00013   -0.00011          5  0.000e+00
      54154   2256.375    546.852    551.236     8.6735     8.6757   3.712446   3.712658     1.6129     1.3175     100.00   27.74462  -90.00068   -0.00014   -0.00013          5  0.000e+00
      54155   2256.417    546.792    551.175     8.6742     8.6736   3.712564   3.712379     1.6142     1.3175     100.00   27.74462  -90.00068   -0.00013   -0.00013          5  0.000e+00
      54156   2256.458    546.685    551.067     8.6760     8.6718   3.712702   3.712219     1.6142     1.3175     100.00   27.74462  -90.00068   -0.00013   -0.00012          5  0.000e+00
      54157   2256.500    546.898    551.282     8.6777     8.6720   3.712899   3.712339     1.6142     1.3175     100.00   27.74462  -90.00068   -0.00012   -0.00014          5  0.000e+00
      54158   2256.542    546.792    551.175     8.6790     8.6771   3.713057   3.712811     1.6142     1.3175     100.00   27.74462  -90.00068   -0.00012   -0.00013          5  0.000e+00
      54159   2256.583    546.853    551.236     8.6800     8.6854   3.713195   3.713417     1.6142     1.3175     100.00   27.74462  -90.00068   -0.00011   -0.00015          5  0.000e+00
      54160   2256.625    546.792    551.175     8.6815     8.6902   3.713293   3.713843     1.6142     1.3175     100.00   27.74462  -90.00068   -0.00011   -0.00016          5  0.000e+00
      54161   2256.667    546.792    551.175     8.6826     8.6915   3.713398   3.713956     1.6142     1.3175     100.00   27.74462  -90.00068   -0.00010   -0.00016          5  0.000e+00
      54162   2256.708    546.792    551.175     8.6836     8.6878   3.713471   3.713763     1.6142     1.3175     100.00   27.74462  -90.00068   -0.00010   -0.00017          5  0.000e+00
      54163   2256.750    546.792    551.175     8.6841     8.6861   3.713517   3.713630     1.6129     1.3175     100.00   27.74462  -90.00068   -0.00011   -0.00017          5  0.000e+00
      54164   2256.792    546.792    551.175     8.6849     8.6860   3.713602   3.713676     1.6129     1.3175     100.00   27.74462  -90.00068   -0.00012   -0.00018          5  0.000e+00
      54165   2256.833    546.792    551.175     8.6868     8.6868   3.713792   3.713723     1.6129     1.3175     100.00   27.74462  -90.00068   -0.00013   -0.00017          5  0.000e+00
      54166   2256.875    546.792    551.175     8.6883     8.6838   3.714003   3.713490     1.6129     1.3175     100.00   27.74462  -90.00068   -0.00016   -0.00017          5  0.000e+00
      54167   2256.917    546.792    551.175     8.6893     8.6806   3.714101   3.713257     1.6129     1.3175     100.00   27.74462  -90.00068   -0.00017   -0.00018          5  0.000e+00
      54168   2256.958    546.792    551.175     8.6908     8.6805   3.714193   3.713257     1.6129     1.3175     100.00   27.74462  -90.00068   -0.00020   -0.00019          5  0.000e+00
      54169   2257.000    546.792    551.175     8.6921     8.6810   3.714390   3.713297     1.6129     1.3175     100.00   27.74462  -90.00068   -0.00021   -0.00021          5  0.000e+00
      54170   2257.042    546.792    551.175     8.6938     8.6834   3.714567   3.713457     1.6129     1.3175     100.00   27.74462  -90.00068   -0.00022   -0.00022          5  0.000e+00
      54171   2257.083    546.792    551.175     8.6955     8.6846   3.714633   3.713650     1.6129     1.3175     100.00   27.74462  -90.00068   -0.00023   -0.00023          5  0.000e+00
      54172   2257.125    546.739    551.121     8.6965     8.6876   3.714646   3.714002     1.6129     1.3175     100.00   27.74462  -90.00068   -0.00024   -0.00022          5  0.000e+00
      54173   2257.167    546.792    551.175     8.6961     8.6923   3.714646   3.714322     1.6142     1.3175     100.00   27.74462  -90.00068   -0.00023   -0.00024          5  0.000e+00
      54174   2257.208    546.792    551.175     8.6952     8.6912   3.714548   3.714249     1.6142     1.3175     100.00   27.74462  -90.00068   -0.00022   -0.00025          5  0.000e+00
      54175   2257.250    546.792    551.175     8.6935     8.6874   3.714515   3.713849     1.6129     1.3175     100.00   27.74462  -90.00068   -0.00023   -0.00024          5  0.000e+00
      54176   2257.292    546.792    551.175     8.6942     8.6841   3.714561   3.713510     1.6142     1.3175     100.00   27.74462  -90.00068   -0.00022   -0.00025          5  0.000e+00
      54177   2257.333    546.792    551.175     8.6945     8.6832   3.714600   3.713464     1.6129     1.3175     100.00   27.74462  -90.00068   -0.00023   -0.00025          5  0.000e+00
      54178   2257.375    546.739    551.122     8.6955     8.6854   3.714712   3.713696     1.6129     1.3187     100.00   27.74462  -90.00068   -0.00024   -0.00022          5  0.000e+00
      54179   2257.417    546.853    551.237     8.6963     8.6849   3.714791   3.713743     1.6129     1.3175     100.00   27.74462  -90.00068   -0.00025   -0.00024          5  0.000e+00
      54180   2257.458    546.739    551.122     8.6961     8.6859   3.714784   3.713736     1.6129     1.3187     100.00   27.74462  -90.00068   -0.00026   -0.00023          5  0.000e+00
      54181   2257.500    546.792    551.175     8.6966     8.6872   3.714725   3.713736     1.6129     1.3187     100.00   27.74462  -90.00068   -0.00028   -0.00022          5  0.000e+00
      54182   2257.542    546.792    551.175     8.6960     8.6869   3.714712   3.713663     1.6129     1.3187     100.00   27.74462  -90.00068   -0.00029   -0.00022          5  0.000e+00
      54183   2257.583    546.785    551.168     8.6952     8.6855   3.714633   3.713643     1.6129     1.3187     100.00   27.74462  -90.00068   -0.00030   -0.00021          5  0.000e+00
      54184   2257.625    546.792    551.176     8.6956     8.6848   3.714659   3.713683     1.6142     1.3187     100.00   27.74462  -90.00068   -0.00029   -0.00019          5  0.000e+00
      54185   2257.667    546.739    551.122     8.6955     8.6854   3.714627   3.713703     1.6129     1.3175     100.00   27.74462  -90.00068   -0.00029   -0.00019          5  0.000e+00
      54186   2257.708    546.853    551.237     8.6953     8.6853   3.714561   3.713603     1.6129     1.3187     100.00   27.74462  -90.00068   -0.00030   -0.00018          5  0.000e+00
      54187   2257.750    546.739    551.122     8.6940     8.6816   3.714449   3.713251     1.6142     1.3187     100.00   27.74462  -90.00068   -0.00029   -0.00016          5  0.000e+00
      54188   2257.792    546.793    551.176     8.6935     8.6779   3.714462   3.712871     1.6129     1.3187     100.00   27.74462  -90.00068   -0.00030   -0.00014          5  0.000e+00
