GOMECC/GOMECC-4/1db/rb2103_0711.ros
* Sea-Bird SBE 9 Data File:
* FileName = C:\Users\scs.user.rb\CTD\GOMECC4\data\rb2103_0711.hex
* Software Version Seasave V 7.26.7.107
* Temperature SN = 4799
* Conductivity SN = 3860
* Number of Bytes Per Scan = 41
* Number of Voltage Words = 4
* Number of Scans Averaged by the Deck Unit = 1
* NMEA Latitude = 26 03.51 N
* NMEA Longitude = 094 11.79 W
* NMEA UTC (Time) = Oct 03 2021  22:34:45
* NMEA baud rate = 4800
# nquan = 17
# nvalues = 3192                                  
# units = specified
# name 0 = scan: Scan Count
# name 1 = timeS: Time, Elapsed [seconds]
# name 2 = depSM: Depth [salt water, m]
# name 3 = prDM: Pressure, Digiquartz [db]
# name 4 = t090C: Temperature [ITS-90, deg C]
# name 5 = t190C: Temperature, 2 [ITS-90, deg C]
# name 6 = c0S/m: Conductivity [S/m]
# name 7 = c1S/m: Conductivity, 2 [S/m]
# name 8 = sbeox0V: Oxygen raw, SBE 43 [V]
# name 9 = sbeox1V: Oxygen raw, SBE 43, 2 [V]
# name 10 = altM: Altimeter [m]
# name 11 = latitude: Latitude [deg]
# name 12 = longitude: Longitude [deg]
# name 13 = sbox0dV/dT: Oxygen, SBE 43 [dov/dt]
# name 14 = sbox1dV/dT: Oxygen, SBE 43, 2 [dov/dt]
# name 15 = nbf: Bottles Fired
# name 16 = flag:  0.000e+00
# interval = seconds: 0.0416667
# start_time = Oct 03 2021 22:34:45 [NMEA time, header]
# bad_flag = -9.990e-29
*END*
[from data line 852]
     144624   6025.958   1829.752   1849.889     4.2982     4.2984   3.360035   3.359976     1.8950     1.5739     100.00   26.05890  -94.19654    0.00001   -0.00005          7  0.000e+00
     144625   6026.000   1829.752   1849.889     4.2980     4.2983   3.360029   3.359957     1.8950     1.5739     100.00   26.05890  -94.19654    0.00001   -0.00005          7  0.000e+00
     144626   6026.042   1829.779   1849.917     4.2980     4.2984   3.360035   3.359950     1.8950     1.5739     100.00   26.05890  -94.19654    0.00002   -0.00003          7  0.000e+00
     144627   6026.083   1829.752   1849.889     4.2980     4.2984   3.360042   3.359950     1.8950     1.5739     100.00   26.05890  -94.19654    0.00002   -0.00001          7  0.000e+00
     144628   6026.125   1829.752   1849.889     4.2980     4.2983   3.360029   3.359950     1.8938     1.5739     100.00   26.05890  -94.19654    0.00001   -0.00001          7  0.000e+00
     144629   6026.167   1829.800   1849.939     4.2982     4.2985   3.360035   3.359950     1.8950     1.5739     100.00   26.05890  -94.19654    0.00001   -0.00001          7  0.000e+00
     144630   6026.208   1829.801   1849.939     4.2980     4.2983   3.360042   3.359969     1.8950     1.5739     100.00   26.05890  -94.19654    0.00004   -0.00001          7  0.000e+00
     144631   6026.250   1829.801   1849.939     4.2980     4.2985   3.360054   3.359976     1.8950     1.5739     100.00   26.05890  -94.19654    0.00004   -0.00001          7  0.000e+00
     144632   6026.292   1829.801   1849.939     4.2982     4.2982   3.360023   3.359976     1.8950     1.5739     100.00   26.05890  -94.19654    0.00005   -0.00000          7  0.000e+00
     144633   6026.333   1829.801   1849.939     4.2979     4.2986   3.360016   3.359976     1.8950     1.5739     100.00   26.05890  -94.19654    0.00005   -0.00000          7  0.000e+00
     144634   6026.375   1829.801   1849.939     4.2982     4.2984   3.360054   3.359976     1.8950     1.5739     100.00   26.05890  -94.19654    0.00006   -0.00000          7  0.000e+00
     144635   6026.417   1829.856   1849.995     4.2979     4.2984   3.359997   3.359957     1.8950     1.5739     100.00   26.05890  -94.19654    0.00006 -8.792e-07          7  0.000e+00
     144636   6026.458   1829.856   1849.995     4.2979     4.2984   3.360023   3.359970     1.8950     1.5739     100.00   26.05890  -94.19654    0.00007 1.7583e-07          7  0.000e+00
     144637   6026.500   1829.801   1849.939     4.2980     4.2985   3.360042   3.359976     1.8950     1.5739     100.00   26.05890  -94.19654    0.00007    0.00000          7  0.000e+00
     144638   6026.542   1829.884   1850.024     4.2979     4.2984   3.360010   3.359957     1.8938     1.5739     100.00   26.05890  -94.19654    0.00006    0.00000          7  0.000e+00
     144639   6026.583   1829.857   1849.996     4.2980     4.2985   3.360029   3.359989     1.8938     1.5739     100.00   26.05890  -94.19654    0.00005    0.00000          7  0.000e+00
     144640   6026.625   1829.905   1850.045     4.2980     4.2982   3.360042   3.359982     1.8950     1.5739     100.00   26.05890  -94.19654    0.00005    0.00000          7  0.000e+00
     144641   6026.667   1829.857   1849.996     4.2980     4.2983   3.360029   3.359957     1.8950     1.5739     100.00   26.05890  -94.19654    0.00004    0.00001          7  0.000e+00
     144642   6026.708   1829.905   1850.045     4.2980     4.2982   3.360035   3.359970     1.8950     1.5739     100.00   26.05890  -94.19654    0.00004    0.00001          7  0.000e+00
     144643   6026.750   1829.906   1850.045     4.2980     4.2982   3.360042   3.360002     1.8950     1.5739     100.00   26.05890  -94.19654    0.00003    0.00001          7  0.000e+00
     144644   6026.792   1829.906   1850.045     4.2979     4.2981   3.360023   3.359963     1.8950     1.5739     100.00   26.05890  -94.19654    0.00002    0.00001          7  0.000e+00
     144645   6026.833   1829.961   1850.102     4.2980     4.2984   3.360023   3.359950     1.8950     1.5739     100.00   26.05890  -94.19654    0.00002    0.00001          7  0.000e+00
     144646   6026.875   1829.906   1850.045     4.2980     4.2981   3.360061   3.359970     1.8938     1.5739     100.00   26.05890  -94.19654    0.00001    0.00001          7  0.000e+00
     144647   6026.917   1829.961   1850.102     4.2982     4.2984   3.360073   3.359957     1.8950     1.5739     100.00   26.05890  -94.19654    0.00002    0.00001          7  0.000e+00
     144648   6026.958   1829.961   1850.102     4.2980     4.2982   3.360016   3.359970     1.8950     1.5739     100.00   26.05890  -94.19654    0.00002    0.00001          7  0.000e+00
     144649   6027.000   1829.961   1850.102     4.2979     4.2983   3.360029   3.359976     1.8950     1.5726     100.00   26.05890  -94.19654    0.00003   -0.00000          7  0.000e+00
     144650   6027.042   1829.962   1850.102     4.2980     4.2984   3.360061   3.359976     1.8950     1.5739     100.00   26.05890  -94.19654    0.00003   -0.00000          7  0.000e+00
     144651   6027.083   1829.989   1850.130     4.2979     4.2982   3.360061   3.360002     1.8950     1.5739     100.00   26.05890  -94.19654    0.00004 -7.034e-07          7  0.000e+00
     144652   6027.125   1829.962   1850.102     4.2982     4.2983   3.360042   3.359963     1.8950     1.5739     100.00   26.05890  -94.19654    0.00002 7.0336e-07          7  0.000e+00
     144653   6027.167   1830.017   1850.159     4.2980     4.2982   3.360061   3.359970     1.8950     1.5739     100.00   26.05890  -94.19654    0.00003    0.00000          7  0.000e+00
     144654   6027.208   1830.017   1850.159     4.2983     4.2982   3.360048   3.359957     1.8950     1.5739     100.00   26.05890  -94.19654    0.00003    0.00000          7  0.000e+00
     144655   6027.250   1830.017   1850.159     4.2979     4.2984   3.360029   3.359970     1.8950     1.5739     100.00   26.05890  -94.19654    0.00004    0.00000          7  0.000e+00
     144656   6027.292   1830.017   1850.159     4.2982     4.2984   3.360035   3.359995     1.8950     1.5739     100.00   26.05890  -94.19654    0.00002    0.00001          7  0.000e+00
     144657   6027.333   1830.018   1850.159     4.2980     4.2981   3.360061   3.359982     1.8950     1.5739     100.00   26.05890  -94.19654    0.00003    0.00001          7  0.000e+00
     144658   6027.375   1830.066   1850.208     4.2982     4.2984   3.360035   3.359957     1.8938     1.5739     100.00   26.05890  -94.19654    0.00001    0.00001          7  0.000e+00
     144659   6027.417   1830.018   1850.159     4.2979     4.2984   3.360035   3.359950     1.8950     1.5739     100.00   26.05890  -94.19654    0.00002    0.00001          7  0.000e+00
     144660   6027.458   1830.066   1850.209     4.2979     4.2983   3.360061   3.359970     1.8950     1.5739     100.00   26.05890  -94.19654    0.00002    0.00001          7  0.000e+00
     144661   6027.500   1830.018   1850.159     4.2980     4.2982   3.359997   3.359976     1.8950     1.5739     100.00   26.05890  -94.19654    0.00003    0.00001          7  0.000e+00
     144662   6027.542   1830.066   1850.209     4.2980     4.2984   3.360004   3.359957     1.8950     1.5739     100.00   26.05890  -94.19654    0.00003    0.00001          7  0.000e+00
     144663   6027.583   1830.039   1850.180     4.2979     4.2983   3.360035   3.359970     1.8938     1.5739     100.00   26.05890  -94.19654    0.00000    0.00002          7  0.000e+00
     144664   6027.625   1830.122   1850.265     4.2980     4.2982   3.359997   3.359976     1.8938     1.5739     100.00   26.05890  -94.19654   -0.00001    0.00002          7  0.000e+00
     144665   6027.667   1830.018   1850.159     4.2980     4.2984   3.360016   3.359995     1.8950     1.5739     100.00   26.05890  -94.19654   -0.00001    0.00002          7  0.000e+00
     144666   6027.708   1830.067   1850.209     4.2979     4.2983   3.360035   3.359963     1.8950     1.5739     100.00   26.05890  -94.19654   -0.00000    0.00002          7  0.000e+00
     144667   6027.750   1830.122   1850.265     4.2982     4.2982   3.360042   3.359970     1.8950     1.5739     100.00   26.05890  -94.19654    0.00000    0.00002          7  0.000e+00
     144668   6027.792   1830.018   1850.160     4.2977     4.2983   3.360029   3.359976     1.8950     1.5739     100.00   26.05890  -94.19654    0.00001    0.00002          7  0.000e+00
     144669   6027.833   1830.122   1850.266     4.2979     4.2984   3.360035   3.359995     1.8950     1.5739     100.00   26.05890  -94.19654   -0.00000    0.00002          7  0.000e+00
     144670   6027.875   1830.067   1850.209     4.2979     4.2984   3.360042   3.359938     1.8950     1.5739     100.00   26.05890  -94.19654   -0.00002    0.00001          7  0.000e+00
     144671   6027.917   1830.067   1850.209     4.2980     4.2984   3.360029   3.359957     1.8950     1.5739     100.00   26.05890  -94.19654   -0.00001    0.00001          7  0.000e+00
     144672   6027.958   1830.067   1850.209     4.2979     4.2984   3.360035   3.359976     1.8950     1.5739     100.00   26.05890  -94.19654   -0.00001    0.00001          7  0.000e+00
     144673   6028.000   1830.067   1850.209     4.2977     4.2984   3.360042   3.359957     1.8950     1.5739     100.00   26.05890  -94.19654   -0.00000    0.00001          7  0.000e+00
     144674   6028.042   1830.039   1850.181     4.2980     4.2983   3.360010   3.359970     1.8950     1.5739     100.00   26.05890  -94.19654 -7.034e-07    0.00001          7  0.000e+00
     144675   6028.083   1830.067   1850.209     4.2979     4.2982   3.360010   3.359957     1.8950     1.5739     100.00   26.05890  -94.19654    0.00000    0.00001          7  0.000e+00
     144676   6028.125   1830.067   1850.209     4.2977     4.2982   3.360054   3.359970     1.8950     1.5739     100.00   26.05890  -94.19654    0.00001    0.00001          7  0.000e+00
     144677   6028.167   1830.067   1850.210     4.2979     4.2983   3.360029   3.359976     1.8950     1.5739     100.00   26.05890  -94.19654    0.00001    0.00002          7  0.000e+00
     144678   6028.208   1830.067   1850.210     4.2979     4.2984   3.360048   3.359957     1.8950     1.5739     100.00   26.05890  -94.19654    0.00002    0.00002          7  0.000e+00
     144679   6028.250   1830.067   1850.210     4.2979     4.2983   3.360023   3.359925     1.8950     1.5739     100.00   26.05890  -94.19654    0.00002    0.00002          7  0.000e+00
     144680   6028.292   1830.019   1850.160     4.2980     4.2985   3.360035   3.359957     1.8950     1.5739     100.00   26.05890  -94.19654    0.00002    0.00002          7  0.000e+00
     144681   6028.333   1830.068   1850.210     4.2977     4.2984   3.360029   3.359957     1.8950     1.5739     100.00   26.05890  -94.19654    0.00003    0.00002          7  0.000e+00
     144682   6028.375   1830.019   1850.160     4.2980     4.2983   3.360016   3.359970     1.8938     1.5739     100.00   26.05890  -94.19654    0.00002    0.00002          7  0.000e+00
     144683   6028.417   1830.068   1850.210     4.2980     4.2982   3.360035   3.359957     1.8938     1.5739     100.00   26.05890  -94.19654    0.00000    0.00002          7  0.000e+00
     144684   6028.458   1830.019   1850.161     4.2980     4.2984   3.360029   3.359989     1.8938     1.5739     100.00   26.05890  -94.19654   -0.00001    0.00002          7  0.000e+00
     144685   6028.500   1830.019   1850.161     4.2980     4.2986   3.360061   3.359963     1.8950     1.5739     100.00   26.05890  -94.19654   -0.00000    0.00002          7  0.000e+00
     144686   6028.542   1829.991   1850.132     4.2980     4.2982   3.360048   3.359970     1.8950     1.5739     100.00   26.05890  -94.19654 8.7922e-07    0.00003          7  0.000e+00
     144687   6028.583   1830.019   1850.161     4.2979     4.2984   3.360042   3.359957     1.8950     1.5739     100.00   26.05890  -94.19654   -0.00001    0.00003          7  0.000e+00
     144688   6028.625   1830.019   1850.161     4.2982     4.2983   3.360054   3.359970     1.8950     1.5739     100.00   26.05890  -94.19654   -0.00002    0.00003          7  0.000e+00
     144689   6028.667   1830.019   1850.161     4.2980     4.2984   3.360042   3.359976     1.8950     1.5739     100.00   26.05890  -94.19654   -0.00002    0.00003          7  0.000e+00
     144690   6028.708   1829.964   1850.104     4.2979     4.2986   3.360023   3.359976     1.8950     1.5726     100.00   26.05890  -94.19654   -0.00002    0.00001          7  0.000e+00
     144691   6028.750   1829.964   1850.104     4.2982     4.2984   3.360048   3.360002     1.8950     1.5739     100.00   26.05890  -94.19654   -0.00001    0.00001          7  0.000e+00
     144692   6028.792   1829.964   1850.105     4.2982     4.2985   3.360042   3.359963     1.8950     1.5739     100.00   26.05890  -94.19654   -0.00001    0.00001          7  0.000e+00
     144693   6028.833   1829.964   1850.105     4.2980     4.2986   3.360042   3.359950     1.8950     1.5739     100.00   26.05890  -94.19654   -0.00002   -0.00000          7  0.000e+00
     144694   6028.875   1829.964   1850.105     4.2982     4.2984   3.360029   3.359989     1.8950     1.5739     100.00   26.05890  -94.19654   -0.00003 -5.275e-07          7  0.000e+00
     144695   6028.917   1829.908   1850.048     4.2979     4.2985   3.360035   3.359938     1.8950     1.5739     100.00   26.05890  -94.19654   -0.00003 5.2751e-07          7  0.000e+00
     144696   6028.958   1829.964   1850.105     4.2979     4.2984   3.360042   3.359957     1.8950     1.5739     100.00   26.05890  -94.19654   -0.00003   -0.00002          7  0.000e+00
     144697   6029.000   1829.909   1850.048     4.2980     4.2984   3.359997   3.359995     1.8950     1.5739     100.00   26.05890  -94.19654   -0.00002   -0.00002          7  0.000e+00
     144698   6029.042   1829.888   1850.027     4.2983     4.2984   3.360016   3.359989     1.8950     1.5739     100.00   26.05890  -94.19654   -0.00002   -0.00001          7  0.000e+00
     144699   6029.083   1829.909   1850.048     4.2980     4.2985   3.360035   3.360002     1.8950     1.5739     100.00   26.05890  -94.19654   -0.00001   -0.00001          7  0.000e+00
     144700   6029.125   1829.860   1849.999     4.2982     4.2987   3.360042   3.359982     1.8950     1.5739     100.00   26.05890  -94.19654   -0.00001   -0.00001          7  0.000e+00
     144701   6029.167   1829.909   1850.049     4.2982     4.2986   3.360010   3.359976     1.8950     1.5739     100.00   26.05890  -94.19654   -0.00001   -0.00001          7  0.000e+00
     144702   6029.208   1829.860   1849.999     4.2983     4.2985   3.360054   3.359995     1.8950     1.5739     100.00   26.05890  -94.19654   -0.00002   -0.00001          7  0.000e+00
     152843   6368.417   1632.957   1650.152     4.3277     4.3283   3.354312   3.354281     1.9145     1.5922      81.88   26.05892  -94.19652    0.00001   -0.00007          8  0.000e+00
     152844   6368.458   1632.999   1650.195     4.3278     4.3283   3.354306   3.354275     1.9145     1.5910      81.88   26.05892  -94.19652    0.00004   -0.00008          8  0.000e+00
     152845   6368.500   1633.047   1650.244     4.3278     4.3286   3.354306   3.354249     1.9145     1.5910      81.88   26.05892  -94.19652    0.00006   -0.00006          8  0.000e+00
     152846   6368.542   1633.061   1650.258     4.3276     4.3283   3.354306   3.354281     1.9133     1.5910      67.16   26.05892  -94.19652    0.00004   -0.00007          8  0.000e+00
     152847   6368.583   1633.048   1650.244     4.3277     4.3285   3.354331   3.354281     1.9133     1.5910      45.52   26.05892  -94.19652    0.00005   -0.00007          8  0.000e+00
