GOMECC/GOMECC-4/1db/rb2103_0001.ros
* Sea-Bird SBE 9 Data File:
* FileName = C:\Users\scs.user.rb\CTD\GOMECC4\data\rb2103_000.hex
* Software Version Seasave V 7.26.7.107
* Temperature SN = 4799
* Conductivity SN = 3860
* Number of Bytes Per Scan = 41
* Number of Voltage Words = 4
* Number of Scans Averaged by the Deck Unit = 1
* NMEA Latitude = 24 13.42 N
* NMEA Longitude = 081 36.66 W
* NMEA UTC (Time) = Sep 13 2021  22:57:13
* NMEA baud rate = 4800
# nquan = 17
# nvalues = 3192                                  
# units = specified
# name 0 = scan: Scan Count
# name 1 = timeS: Time, Elapsed [seconds]
# name 2 = depSM: Depth [salt water, m]
# name 3 = prDM: Pressure, Digiquartz [db]
# name 4 = t090C: Temperature [ITS-90, deg C]
# name 5 = t190C: Temperature, 2 [ITS-90, deg C]
# name 6 = c0S/m: Conductivity [S/m]
# name 7 = c1S/m: Conductivity, 2 [S/m]
# name 8 = sbeox0V: Oxygen raw, SBE 43 [V]
# name 9 = sbeox1V: Oxygen raw, SBE 43, 2 [V]
# name 10 = altM: Altimeter [m]
# name 11 = latitude: Latitude [deg]
# name 12 = longitude: Longitude [deg]
# name 13 = sbox0dV/dT: Oxygen, SBE 43 [dov/dt]
# name 14 = sbox1dV/dT: Oxygen, SBE 43, 2 [dov/dt]
# name 15 = nbf: Bottles Fired
# name 16 = flag:  0.000e+00
# interval = seconds: 0.0416667
# start_time = Sep 13 2021 22:57:13 [NMEA time, header]
# bad_flag = -9.990e-29
*END*
[from data line 511]
      46806   1950.208   1235.608   1247.267     9.0663     9.0683   3.751709   3.752049     1.6239     1.3321      26.98   24.22560  -81.60934   -0.00005   -0.00012          4  0.000e+00
      46807   1950.250   1235.661   1247.321     9.0665     9.0678   3.751715   3.752022     1.6239     1.3321      26.98   24.22560  -81.60934   -0.00006   -0.00011          4  0.000e+00
      46808   1950.292   1235.608   1247.267     9.0668     9.0679   3.751695   3.752089     1.6239     1.3321      26.98   24.22560  -81.60934   -0.00006   -0.00010          4  0.000e+00
      46809   1950.333   1235.661   1247.321     9.0665     9.0681   3.751682   3.752115     1.6239     1.3309      26.98   24.22560  -81.60934   -0.00007   -0.00013          4  0.000e+00
      46810   1950.375   1235.608   1247.267     9.0648     9.0683   3.751682   3.752089     1.6239     1.3321      26.98   24.22560  -81.60934   -0.00007   -0.00013          4  0.000e+00
      46811   1950.417   1235.628   1247.287     9.0640     9.0686   3.751656   3.752156     1.6239     1.3309      26.98   24.22560  -81.60934   -0.00008   -0.00014          4  0.000e+00
      46812   1950.458   1235.608   1247.267     9.0627     9.0688   3.751629   3.752182     1.6239     1.3321      26.98   24.22560  -81.60934   -0.00008   -0.00015          4  0.000e+00
      46813   1950.500   1235.608   1247.267     9.0620     9.0689   3.751623   3.752129     1.6239     1.3309      26.98   24.22560  -81.60934   -0.00008   -0.00016          4  0.000e+00
      46814   1950.542   1235.661   1247.320     9.0629     9.0689   3.751537   3.752162     1.6239     1.3321      26.98   24.22560  -81.60934   -0.00009   -0.00015          4  0.000e+00
      46815   1950.583   1235.608   1247.267     9.0622     9.0689   3.751491   3.752129     1.6239     1.3309      26.98   24.22560  -81.60934   -0.00009   -0.00015          4  0.000e+00
      46816   1950.625   1235.608   1247.267     9.0618     9.0689   3.751451   3.752135     1.6239     1.3309      26.98   24.22560  -81.60934   -0.00010   -0.00018          4  0.000e+00
      46817   1950.667   1235.561   1247.220     9.0605     9.0689   3.751425   3.752149     1.6239     1.3321      26.98   24.22560  -81.60934   -0.00010   -0.00017          4  0.000e+00
      46818   1950.708   1235.608   1247.267     9.0607     9.0688   3.751385   3.752149     1.6239     1.3309      26.98   24.22560  -81.60934   -0.00009   -0.00017          4  0.000e+00
      46819   1950.750   1235.608   1247.267     9.0607     9.0689   3.751412   3.752149     1.6239     1.3309      26.98   24.22560  -81.60934   -0.00007   -0.00018          4  0.000e+00
      46820   1950.792   1235.608   1247.267     9.0612     9.0689   3.751372   3.752122     1.6239     1.3321      26.98   24.22560  -81.60934   -0.00008   -0.00017          4  0.000e+00
      46821   1950.833   1235.608   1247.267     9.0605     9.0692   3.751372   3.752162     1.6239     1.3309      26.98   24.22560  -81.60934   -0.00008   -0.00018          4  0.000e+00
      46822   1950.875   1235.561   1247.220     9.0601     9.0691   3.751359   3.752129     1.6239     1.3321      26.98   24.22560  -81.60934   -0.00008   -0.00015          4  0.000e+00
      46823   1950.917   1235.608   1247.267     9.0601     9.0692   3.751346   3.752162     1.6239     1.3309      26.98   24.22560  -81.60934   -0.00009   -0.00015          4  0.000e+00
      46824   1950.958   1235.561   1247.220     9.0606     9.0694   3.751306   3.752182     1.6239     1.3321      26.98   24.22560  -81.60934   -0.00007   -0.00014          4  0.000e+00
      46825   1951.000   1235.561   1247.220     9.0610     9.0696   3.751333   3.752182     1.6239     1.3309      26.94   24.22560  -81.60934   -0.00008   -0.00015          4  0.000e+00
      46826   1951.042   1235.628   1247.287     9.0607     9.0694   3.751379   3.752182     1.6239     1.3321      26.86   24.22560  -81.60934   -0.00008   -0.00015          4  0.000e+00
      46923   1955.083   1235.461   1247.118     9.0633     9.0666   3.751623   3.751915     1.6239     1.3309      26.98   24.22560  -81.60934    0.00003   -0.00001          5  0.000e+00
      46924   1955.125   1235.561   1247.219     9.0640     9.0666   3.751643   3.751915     1.6239     1.3309      26.98   24.22560  -81.60934    0.00003   -0.00001          5  0.000e+00
      46925   1955.167   1235.561   1247.219     9.0637     9.0663   3.751676   3.751888     1.6239     1.3321      26.98   24.22560  -81.60934    0.00003   -0.00001          5  0.000e+00
      46926   1955.208   1235.607   1247.266     9.0637     9.0658   3.751656   3.751882     1.6239     1.3309      26.98   24.22560  -81.60934    0.00003   -0.00001          5  0.000e+00
      46927   1955.250   1235.507   1247.165     9.0637     9.0666   3.751629   3.751902     1.6252     1.3321      27.01   24.22560  -81.60934    0.00005   -0.00001          5  0.000e+00
      46928   1955.292   1235.560   1247.219     9.0637     9.0675   3.751695   3.751962     1.6239     1.3309      26.98   24.22560  -81.60934    0.00005   -0.00003          5  0.000e+00
      46929   1955.333   1235.607   1247.266     9.0633     9.0680   3.751636   3.752029     1.6239     1.3309      27.01   24.22560  -81.60934    0.00005   -0.00005          5  0.000e+00
      46930   1955.375   1235.560   1247.219     9.0632     9.0683   3.751590   3.752122     1.6239     1.3321      26.98   24.22560  -81.60934    0.00005   -0.00005          5  0.000e+00
      46931   1955.417   1235.560   1247.219     9.0629     9.0689   3.751603   3.752169     1.6239     1.3309      26.98   24.22560  -81.60934    0.00005   -0.00005          5  0.000e+00
      46932   1955.458   1235.560   1247.219     9.0627     9.0695   3.751590   3.752155     1.6239     1.3321      26.98   24.22560  -81.60934    0.00003   -0.00005          5  0.000e+00
      46933   1955.500   1235.560   1247.219     9.0624     9.0696   3.751577   3.752196     1.6239     1.3321      26.98   24.22560  -81.60934    0.00003   -0.00003          5  0.000e+00
      46934   1955.542   1235.580   1247.239     9.0624     9.0696   3.751557   3.752236     1.6227     1.3309      26.98   24.22560  -81.60934    0.00001   -0.00005          5  0.000e+00
      46935   1955.583   1235.560   1247.219     9.0627     9.0697   3.751656   3.752196     1.6239     1.3321      26.98   24.22560  -81.60934    0.00001   -0.00003          5  0.000e+00
      46936   1955.625   1235.607   1247.266     9.0635     9.0698   3.751709   3.752229     1.6239     1.3309      26.98   24.22560  -81.60934    0.00001   -0.00005          5  0.000e+00
      46937   1955.667   1235.560   1247.219     9.0645     9.0699   3.751794   3.752249     1.6239     1.3321      26.98   24.22560  -81.60934    0.00001   -0.00005          5  0.000e+00
      46938   1955.708   1235.560   1247.219     9.0653     9.0697   3.751788   3.752249     1.6239     1.3309      26.98   24.22560  -81.60934    0.00001   -0.00007          5  0.000e+00
      46939   1955.750   1235.607   1247.266     9.0655     9.0699   3.751814   3.752249     1.6239     1.3321      26.98   24.22560  -81.60934    0.00001   -0.00007          5  0.000e+00
      46940   1955.792   1235.560   1247.219     9.0658     9.0698   3.751840   3.752269     1.6239     1.3309      26.98   24.22558  -81.60934    0.00001   -0.00007          5  0.000e+00
      46941   1955.833   1235.607   1247.266     9.0659     9.0699   3.751880   3.752282     1.6239     1.3309      26.98   24.22558  -81.60934    0.00001   -0.00007          5  0.000e+00
      46942   1955.875   1235.560   1247.219     9.0666     9.0702   3.751939   3.752256     1.6239     1.3309      27.01   24.22558  -81.60934    0.00001   -0.00007          5  0.000e+00
      46943   1955.917   1235.560   1247.219     9.0671     9.0698   3.752018   3.752269     1.6239     1.3321      26.98   24.22558  -81.60934    0.00001   -0.00005          5  0.000e+00
      46944   1955.958   1235.607   1247.266     9.0673     9.0699   3.752078   3.752229     1.6239     1.3309      26.98   24.22558  -81.60934    0.00001   -0.00005          5  0.000e+00
      46945   1956.000   1235.560   1247.219     9.0674     9.0699   3.752131   3.752236     1.6239     1.3321      26.96   24.22558  -81.60934    0.00001   -0.00003          5  0.000e+00
      46946   1956.042   1235.607   1247.266     9.0681     9.0697   3.752150   3.752249     1.6239     1.3309      26.91   24.22558  -81.60934    0.00001   -0.00003          5  0.000e+00
      46947   1956.083   1235.560   1247.219     9.0681     9.0698   3.752157   3.752269     1.6239     1.3321      26.89   24.22558  -81.60934    0.00001   -0.00001          5  0.000e+00
      46948   1956.125   1235.607   1247.266     9.0687     9.0696   3.752170   3.752229     1.6239     1.3321      26.91   24.22558  -81.60934    0.00001   -0.00001          5  0.000e+00
      46949   1956.167   1235.580   1247.239     9.0691     9.0695   3.752183   3.752236     1.6227     1.3321      26.91   24.22558  -81.60934   -0.00000   -0.00001          5  0.000e+00
      46950   1956.208   1235.560   1247.219     9.0693     9.0696   3.752210   3.752249     1.6239     1.3309      26.89   24.22558  -81.60934   -0.00000   -0.00001          5  0.000e+00
      46951   1956.250   1235.607   1247.266     9.0691     9.0697   3.752170   3.752222     1.6239     1.3321      26.91   24.22558  -81.60934   -0.00000    0.00000          5  0.000e+00
      46952   1956.292   1235.607   1247.266     9.0689     9.0696   3.752230   3.752236     1.6239     1.3309      26.89   24.22558  -81.60934   -0.00000   -0.00001          5  0.000e+00
      46953   1956.333   1235.607   1247.266     9.0694     9.0698   3.752197   3.752249     1.6239     1.3309      26.89   24.22558  -81.60934   -0.00000   -0.00001          5  0.000e+00
      46954   1956.375   1235.560   1247.219     9.0697     9.0698   3.752210   3.752222     1.6227     1.3309      26.91   24.22558  -81.60934   -0.00002   -0.00003          5  0.000e+00
      46955   1956.417   1235.560   1247.219     9.0697     9.0696   3.752243   3.752236     1.6239     1.3321      26.89   24.22558  -81.60934   -0.00002   -0.00001          5  0.000e+00
      46956   1956.458   1235.607   1247.266     9.0700     9.0692   3.752276   3.752196     1.6239     1.3321      26.89   24.22558  -81.60934   -0.00002    0.00001          5  0.000e+00
      46957   1956.500   1235.607   1247.266     9.0697     9.0685   3.752256   3.752156     1.6239     1.3321      26.89   24.22558  -81.60934   -0.00002    0.00003          5  0.000e+00
      46958   1956.542   1235.607   1247.266     9.0697     9.0683   3.752249   3.752149     1.6252     1.3321      26.91   24.22558  -81.60934 1.7584e-07    0.00003          5  0.000e+00
      46959   1956.583   1235.560   1247.219     9.0697     9.0684   3.752256   3.752095     1.6239     1.3309      26.89   24.22558  -81.60934 5.2753e-07    0.00003          5  0.000e+00
      46960   1956.625   1235.607   1247.266     9.0694     9.0682   3.752170   3.752082     1.6239     1.3321      26.89   24.22558  -81.60934 8.7921e-07    0.00003          5  0.000e+00
      46961   1956.667   1235.560   1247.219     9.0692     9.0679   3.752177   3.752082     1.6239     1.3309      26.91   24.22558  -81.60934    0.00000    0.00003          5  0.000e+00
      46962   1956.708   1235.607   1247.266     9.0691     9.0676   3.752131   3.752055     1.6239     1.3321      26.91   24.22558  -81.60934    0.00000    0.00003          5  0.000e+00
      46963   1956.750   1235.560   1247.219     9.0692     9.0678   3.752144   3.752049     1.6239     1.3309      26.91   24.22558  -81.60934    0.00000    0.00001          5  0.000e+00
      46964   1956.792   1235.627   1247.286     9.0692     9.0675   3.752157   3.752049     1.6227     1.3321      26.89   24.22558  -81.60934   -0.00002    0.00003          5  0.000e+00
      46965   1956.833   1235.560   1247.219     9.0691     9.0677   3.752144   3.752069     1.6239     1.3309      26.91   24.22558  -81.60934   -0.00001    0.00001          5  0.000e+00
      46966   1956.875   1235.607   1247.266     9.0691     9.0679   3.752150   3.752102     1.6239     1.3321      26.89   24.22558  -81.60934   -0.00001    0.00003          5  0.000e+00
      46967   1956.917   1235.607   1247.266     9.0686     9.0683   3.752098   3.752115     1.6239     1.3309      26.89   24.22558  -81.60934   -0.00001    0.00001          5  0.000e+00
      46968   1956.958   1235.560   1247.219     9.0684     9.0689   3.752058   3.752162     1.6239     1.3321      26.91   24.22558  -81.60934   -0.00001    0.00003          5  0.000e+00
      46969   1957.000   1235.607   1247.266     9.0684     9.0689   3.752032   3.752202     1.6239     1.3309      26.89   24.22558  -81.60934   -0.00001    0.00001          5  0.000e+00
      46970   1957.042   1235.607   1247.266     9.0679     9.0697   3.751966   3.752216     1.6239     1.3321      26.86   24.22558  -81.60934   -0.00001    0.00003          5  0.000e+00
      46971   1957.083   1235.560   1247.219     9.0679     9.0696   3.751953   3.752236     1.6239     1.3321      26.86   24.22558  -81.60934   -0.00001    0.00005          5  0.000e+00
      46972   1957.125   1235.560   1247.219     9.0676     9.0702   3.751920   3.752249     1.6239     1.3321      26.89   24.22558  -81.60934   -0.00003    0.00005          5  0.000e+00
      46973   1957.167   1235.607   1247.266     9.0676     9.0702   3.751893   3.752296     1.6239     1.3321      26.89   24.22558  -81.60934   -0.00003    0.00007          5  0.000e+00
      46974   1957.208   1235.560   1247.219     9.0671     9.0704   3.751906   3.752316     1.6227     1.3321      26.89   24.22558  -81.60934   -0.00004    0.00007          5  0.000e+00
      46975   1957.250   1235.607   1247.266     9.0668     9.0701   3.751893   3.752316     1.6239     1.3309      26.89   24.22558  -81.60934   -0.00004    0.00005          5  0.000e+00
      46976   1957.292   1235.560   1247.219     9.0666     9.0704   3.751867   3.752289     1.6239     1.3321      26.86   24.22558  -81.60934   -0.00004    0.00005          5  0.000e+00
      46977   1957.333   1235.560   1247.219     9.0666     9.0702   3.751900   3.752282     1.6239     1.3309      26.89   24.22558  -81.60934   -0.00006    0.00003          5  0.000e+00
      46978   1957.375   1235.607   1247.266     9.0660     9.0699   3.751873   3.752302     1.6239     1.3321      26.89   24.22558  -81.60934   -0.00006    0.00005          5  0.000e+00
      46979   1957.417   1235.460   1247.118     9.0659     9.0697   3.751821   3.752289     1.6239     1.3321      26.89   24.22558  -81.60934   -0.00006    0.00005          5  0.000e+00
      46980   1957.458   1235.680   1247.340     9.0663     9.0696   3.751893   3.752282     1.6239     1.3321      26.89   24.22558  -81.60934   -0.00006    0.00006          5  0.000e+00
      46981   1957.500   1235.560   1247.219     9.0661     9.0700   3.751900   3.752302     1.6239     1.3309      26.86   24.22558  -81.60934   -0.00006    0.00006          5  0.000e+00
      46982   1957.542   1235.560   1247.219     9.0659     9.0701   3.751933   3.752289     1.6239     1.3321      26.89   24.22558  -81.60934   -0.00006    0.00006          5  0.000e+00
      46983   1957.583   1235.560   1247.218     9.0666     9.0702   3.751979   3.752302     1.6239     1.3321      26.89   24.22558  -81.60934   -0.00006    0.00008          5  0.000e+00
      46984   1957.625   1235.560   1247.218     9.0674     9.0702   3.752051   3.752316     1.6227     1.3309      26.89   24.22558  -81.60934   -0.00007    0.00006          5  0.000e+00
      46985   1957.667   1235.560   1247.218     9.0682     9.0702   3.752111   3.752316     1.6239     1.3321      26.89   24.22558  -81.60934   -0.00007    0.00007          5  0.000e+00
