GOMECC/GOMECC-4/1db/rb2103_0151.ros
* Sea-Bird SBE 9 Data File:
* FileName = C:\Users\scs.user.rb\CTD\GOMECC4\data\rb2103_0151.hex
* Software Version Seasave V 7.26.7.107
* Temperature SN = 4799
* Conductivity SN = 3860
* Number of Bytes Per Scan = 41
* Number of Voltage Words = 4
* Number of Scans Averaged by the Deck Unit = 1
* NMEA Latitude = 27 19.93 N
* NMEA Longitude = 084 00.24 W
* NMEA UTC (Time) = Sep 19 2021  03:18:27
* NMEA baud rate = 4800
# nquan = 17
# nvalues = 1197                                  
# units = specified
# name 0 = scan: Scan Count
# name 1 = timeS: Time, Elapsed [seconds]
# name 2 = depSM: Depth [salt water, m]
# name 3 = prDM: Pressure, Digiquartz [db]
# name 4 = t090C: Temperature [ITS-90, deg C]
# name 5 = t190C: Temperature, 2 [ITS-90, deg C]
# name 6 = c0S/m: Conductivity [S/m]
# name 7 = c1S/m: Conductivity, 2 [S/m]
# name 8 = sbeox0V: Oxygen raw, SBE 43 [V]
# name 9 = sbeox1V: Oxygen raw, SBE 43, 2 [V]
# name 10 = altM: Altimeter [m]
# name 11 = latitude: Latitude [deg]
# name 12 = longitude: Longitude [deg]
# name 13 = sbox0dV/dT: Oxygen, SBE 43 [dov/dt]
# name 14 = sbox1dV/dT: Oxygen, SBE 43, 2 [dov/dt]
# name 15 = nbf: Bottles Fired
# name 16 = flag:  0.000e+00
# interval = seconds: 0.0416667
# start_time = Sep 19 2021 03:18:27 [NMEA time, header]
# bad_flag = -9.990e-29
*END*
[from data line 171]
      23696    987.292     60.217     60.626    23.1318    22.8324   5.276411   5.244424     2.9365     2.4921      11.04   27.33384  -83.99976   -0.00030    0.02623          2  0.000e+00
      23697    987.333     60.164     60.572    23.1274    22.8358   5.276388   5.244340     2.9365     2.4921      11.09   27.33384  -83.99976   -0.00036    0.02610          2  0.000e+00
      23698    987.375     60.217     60.626    23.1269    22.8264   5.276403   5.244555     2.9353     2.4921      11.11   27.33384  -83.99976   -0.00045    0.02597          2  0.000e+00
      23699    987.417     60.164     60.572    23.1300    22.8209   5.276517   5.245022     2.9365     2.4921      11.11   27.33384  -83.99976   -0.00051    0.02581          2  0.000e+00
      23700    987.458     60.217     60.626    23.1370    22.8282   5.276782   5.245574     2.9365     2.4921      11.11   27.33384  -83.99976   -0.00058    0.02563          2  0.000e+00
      23701    987.500     60.164     60.572    23.1432    22.8354   5.277017   5.246240     2.9365     2.4908      11.11   27.33384  -83.99976   -0.00065    0.02542          2  0.000e+00
      23702    987.542     60.164     60.572    23.1483    22.8411   5.277305   5.246608     2.9365     2.4908      11.11   27.33384  -83.99976   -0.00071    0.02521          2  0.000e+00
      23703    987.583     60.164     60.572    23.1523    22.8484   5.277585   5.246577     2.9365     2.4908      11.11   27.33384  -83.99976   -0.00076    0.02496          2  0.000e+00
      23704    987.625     60.217     60.626    23.1539    22.8545   5.277805   5.246409     2.9365     2.4908      11.11   27.33384  -83.99976   -0.00081    0.02473          2  0.000e+00
      23705    987.667     60.164     60.572    23.1519    22.8513   5.277926   5.246531     2.9365     2.4896      11.11   27.33384  -83.99976   -0.00085    0.02446          2  0.000e+00
      23706    987.708     60.164     60.572    23.1497    22.8516   5.278048   5.246685     2.9377     2.4896      11.11   27.33384  -83.99976   -0.00088    0.02419          2  0.000e+00
      23707    987.750     60.217     60.626    23.1508    22.8509   5.278017   5.246623     2.9365     2.4884      11.11   27.33384  -83.99976   -0.00093    0.02388          2  0.000e+00
      23708    987.792     60.103     60.511    23.1528    22.8238   5.278063   5.246432     2.9377     2.4872      11.11   27.33386  -83.99976   -0.00096    0.02356          2  0.000e+00
      23709    987.833     60.217     60.626    23.1521    22.7933   5.278146   5.246142     2.9365     2.4872      11.11   27.33386  -83.99976   -0.00101    0.02322          2  0.000e+00
      23710    987.875     60.164     60.572    23.1546    22.7820   5.278237   5.246234     2.9377     2.4860      11.11   27.33386  -83.99976   -0.00104    0.02286          2  0.000e+00
      23711    987.917     60.164     60.572    23.1542    22.7942   5.278290   5.246479     2.9365     2.4847      11.11   27.33386  -83.99976   -0.00106    0.02250          2  0.000e+00
      23712    987.958     60.164     60.572    23.1555    22.8101   5.278298   5.246578     2.9365     2.4847      11.11   27.33386  -83.99976   -0.00109    0.02213          2  0.000e+00
      23713    988.000     60.164     60.572    23.1596    22.8156   5.278336   5.246494     2.9365     2.4835      11.11   27.33386  -83.99976   -0.00112    0.02175          2  0.000e+00
      23714    988.042     60.217     60.626    23.1636    22.8087   5.278351   5.246226     2.9365     2.4823      11.11   27.33386  -83.99976   -0.00114    0.02134          2  0.000e+00
      23715    988.083     60.164     60.572    23.1638    22.7936   5.278305   5.246057     2.9365     2.4811      11.11   27.33386  -83.99976   -0.00117    0.02092          2  0.000e+00
      23716    988.125     60.103     60.511    23.1597    22.7802   5.278298   5.245858     2.9365     2.4799      11.11   27.33386  -83.99976   -0.00120    0.02048          2  0.000e+00
      23717    988.167     60.217     60.626    23.1568    22.7802   5.278169   5.245674     2.9365     2.4786      11.11   27.33386  -83.99976   -0.00122    0.02003          2  0.000e+00
      23718    988.208     60.164     60.572    23.1525    22.7920   5.278025   5.245467     2.9365     2.4774      11.11   27.33386  -83.99976   -0.00124    0.01955          2  0.000e+00
      23719    988.250     60.164     60.572    23.1499    22.8064   5.277866   5.245275     2.9365     2.4762      11.11   27.33386  -83.99976   -0.00127    0.01907          2  0.000e+00
      23720    988.292     60.164     60.572    23.1468    22.8099   5.277760   5.245107     2.9365     2.4750      11.11   27.33386  -83.99976   -0.00127    0.01856          2  0.000e+00
      23721    988.333     60.164     60.572    23.1435    22.8069   5.277729   5.244900     2.9365     2.4737      11.14   27.33386  -83.99976   -0.00127    0.01805          2  0.000e+00
      23722    988.375     60.164     60.572    23.1446    22.8090   5.277828   5.244708     2.9353     2.4725      11.14   27.33386  -83.99976   -0.00129    0.01753          2  0.000e+00
      23723    988.417     60.217     60.625    23.1476    22.8108   5.277889   5.244739     2.9365     2.4713      11.11   27.33386  -83.99976   -0.00129    0.01697          2  0.000e+00
      23724    988.458     60.164     60.572    23.1492    22.8185   5.277972   5.244562     2.9353     2.4701      11.11   27.33386  -83.99976   -0.00131    0.01640          2  0.000e+00
      23725    988.500     60.164     60.572    23.1506    22.8197   5.278093   5.244363     2.9353     2.4701      11.14   27.33386  -83.99976   -0.00133    0.01583          2  0.000e+00
      23726    988.542     60.216     60.625    23.1505    22.8206   5.278154   5.244455     2.9353     2.4689      11.14   27.33386  -83.99976   -0.00134    0.01525          2  0.000e+00
      23727    988.583     60.164     60.572    23.1523    22.8245   5.278336   5.244363     2.9353     2.4676      11.14   27.33386  -83.99976   -0.00135    0.01466          2  0.000e+00
      23728    988.625     60.216     60.625    23.1563    22.8256   5.278556   5.244087     2.9353     2.4664      11.14   27.33386  -83.99976   -0.00137    0.01403          2  0.000e+00
      23729    988.667     60.164     60.572    23.1556    22.8204   5.278609   5.243620     2.9353     2.4652      11.14   27.33386  -83.99976   -0.00138    0.01340          2  0.000e+00
      23730    988.708     60.216     60.625    23.1574    22.8028   5.278647   5.243298     2.9353     2.4652      11.14   27.33386  -83.99976   -0.00139    0.01277          2  0.000e+00
      23731    988.750     60.164     60.572    23.1594    22.7909   5.278791   5.243659     2.9353     2.4640      11.11   27.33386  -83.99976   -0.00139    0.01213          2  0.000e+00
      23732    988.792     60.216     60.625    23.1594    22.7832   5.279064   5.244318     2.9341     2.4628      11.14   27.33384  -83.99974   -0.00142    0.01146          2  0.000e+00
      23733    988.833     60.216     60.625    23.1613    22.7891   5.279238   5.244854     2.9353     2.4615      11.14   27.33384  -83.99974   -0.00142    0.01078          2  0.000e+00
      23734    988.875     60.216     60.625    23.1594    22.8099   5.279276   5.245137     2.9341     2.4603      11.11   27.33384  -83.99974   -0.00144    0.01010          2  0.000e+00
      23735    988.917     60.216     60.625    23.1567    22.8320   5.279230   5.244830     2.9353     2.4591      11.14   27.33384  -83.99974   -0.00144    0.00941          2  0.000e+00
      23736    988.958     60.216     60.625    23.1568    22.8383   5.279094   5.244577     2.9341     2.4579      11.14   27.33384  -83.99974   -0.00146    0.00871          2  0.000e+00
      23737    989.000     60.216     60.625    23.1583    22.8364   5.278950   5.244838     2.9353     2.4567      11.14   27.33384  -83.99974   -0.00146    0.00798          2  0.000e+00
      23738    989.042     60.277     60.686    23.1576    22.8315   5.278851   5.245290     2.9353     2.4554      11.14   27.33384  -83.99974   -0.00145    0.00725          2  0.000e+00
      23739    989.083     60.216     60.625    23.1567    22.8256   5.278760   5.245083     2.9341     2.4554      11.14   27.33384  -83.99974   -0.00145    0.00653          2  0.000e+00
      23740    989.125     60.216     60.625    23.1578    22.8229   5.278677   5.244777     2.9341     2.4530      11.11   27.33384  -83.99974   -0.00146    0.00577          2  0.000e+00
      23741    989.167     60.277     60.686    23.1563    22.8237   5.278548   5.245007     2.9353     2.4518      11.14   27.33384  -83.99974   -0.00143    0.00500          2  0.000e+00
      23742    989.208     60.277     60.686    23.1536    22.8299   5.278487   5.245857     2.9353     2.4518      11.14   27.33384  -83.99974   -0.00140    0.00423          2  0.000e+00
      23743    989.250     60.216     60.625    23.1519    22.8586   5.278412   5.247911     2.9353     2.4505      11.14   27.33384  -83.99974   -0.00137    0.00346          2  0.000e+00
      23744    989.292     60.277     60.686    23.1528    22.9168   5.278389   5.251130     2.9353     2.4493      11.11   27.33384  -83.99974   -0.00136    0.00270          2  0.000e+00
      23745    989.333     60.216     60.625    23.1542    22.9741   5.278457   5.254564     2.9341     2.4481      11.09   27.33384  -83.99974   -0.00136    0.00192          2  0.000e+00
      23746    989.375     60.330     60.740    23.1542    22.9872   5.278480   5.257018     2.9341     2.4481      11.09   27.33384  -83.99974   -0.00134    0.00116          2  0.000e+00
      23747    989.417     60.277     60.686    23.1530    22.9634   5.278472   5.258185     2.9341     2.4469      11.09   27.33384  -83.99974   -0.00132    0.00040          2  0.000e+00
      23748    989.458     60.277     60.686    23.1515    22.9384   5.278343   5.258223     2.9353     2.4469      11.09   27.33384  -83.99974   -0.00130   -0.00037          2  0.000e+00
      23749    989.500     60.277     60.686    23.1499    22.9271   5.278275   5.259420     2.9341     2.4444      11.09   27.33384  -83.99974   -0.00130   -0.00115          2  0.000e+00
      23750    989.542     60.277     60.686    23.1492    22.9599   5.278154   5.262643     2.9341     2.4444      11.09   27.33384  -83.99974   -0.00129   -0.00192          2  0.000e+00
      23751    989.583     60.330     60.740    23.1489    23.0248   5.278093   5.267178     2.9341     2.4432      11.09   27.33384  -83.99974   -0.00128   -0.00268          2  0.000e+00
      23752    989.625     60.277     60.686    23.1487    23.0811   5.278078   5.271722     2.9341     2.4432      11.09   27.33384  -83.99974   -0.00127   -0.00343          2  0.000e+00
      23753    989.667     60.330     60.740    23.1490    23.1150   5.278078   5.274925     2.9341     2.4420      11.09   27.33384  -83.99974   -0.00126   -0.00417          2  0.000e+00
      23754    989.708     60.277     60.686    23.1489    23.1336   5.278055   5.276584     2.9341     2.4420      11.09   27.33384  -83.99974   -0.00124   -0.00490          2  0.000e+00
      23755    989.750     60.330     60.740    23.1485    23.1438   5.278071   5.277421     2.9341     2.4408      11.09   27.33384  -83.99974   -0.00123   -0.00562          2  0.000e+00
      23756    989.792     60.330     60.740    23.1482    23.1506   5.277987   5.277866     2.9341     2.4408      11.09   27.33386  -83.99974   -0.00121   -0.00632          2  0.000e+00
      23757    989.833     60.330     60.740    23.1480    23.1565   5.278025   5.278151     2.9341     2.4396      11.09   27.33386  -83.99974   -0.00119   -0.00703          2  0.000e+00
      23758    989.875     60.277     60.686    23.1475    23.1592   5.278002   5.278312     2.9341     2.4383      11.09   27.33386  -83.99974   -0.00117   -0.00774          2  0.000e+00
      23759    989.917     60.330     60.740    23.1469    23.1605   5.277896   5.278212     2.9353     2.4383      11.09   27.33386  -83.99974   -0.00115   -0.00841          2  0.000e+00
      23760    989.958     60.390     60.800    23.1464    23.1633   5.277896   5.278074     2.9353     2.4371      11.09   27.33386  -83.99974   -0.00112   -0.00909          2  0.000e+00
      23761    990.000     60.277     60.686    23.1461    23.1658   5.277866   5.278035     2.9353     2.4371      11.09   27.33386  -83.99974   -0.00108   -0.00974          2  0.000e+00
      23762    990.042     60.390     60.800    23.1455    23.1660   5.277836   5.278135     2.9341     2.4371      11.09   27.33386  -83.99974   -0.00107   -0.01037          2  0.000e+00
      23763    990.083     60.330     60.740    23.1456    23.1667   5.277828   5.278235     2.9353     2.4359      11.09   27.33386  -83.99974   -0.00104   -0.01098          2  0.000e+00
      23764    990.125     60.330     60.740    23.1452    23.1671   5.277783   5.278258     2.9353     2.4359      11.09   27.33386  -83.99974   -0.00101   -0.01158          2  0.000e+00
      23765    990.167     60.390     60.800    23.1450    23.1665   5.277843   5.278266     2.9353     2.4359      11.09   27.33386  -83.99974   -0.00099   -0.01214          2  0.000e+00
      23766    990.208     60.330     60.740    23.1450    23.1617   5.277821   5.278220     2.9353     2.4359      11.09   27.33386  -83.99974   -0.00097   -0.01268          2  0.000e+00
      23767    990.250     60.330     60.740    23.1452    23.1574   5.277820   5.278020     2.9353     2.4359      11.09   27.33386  -83.99974   -0.00094   -0.01319          2  0.000e+00
      23768    990.292     60.390     60.800    23.1450    23.1551   5.277790   5.277782     2.9353     2.4359      11.06   27.33386  -83.99974   -0.00091   -0.01367          2  0.000e+00
      23769    990.333     60.330     60.740    23.1450    23.1531   5.277805   5.277567     2.9341     2.4359      10.99   27.33386  -83.99974   -0.00091   -0.01412          2  0.000e+00
      23770    990.375     60.390     60.800    23.1452    23.1522   5.277790   5.277482     2.9353     2.4371      10.94   27.33386  -83.99974   -0.00089   -0.01453          2  0.000e+00
      23771    990.417     60.330     60.740    23.1454    23.1506   5.277783   5.277498     2.9353     2.4359      10.94   27.33386  -83.99974   -0.00088   -0.01493          2  0.000e+00
      23772    990.458     60.330     60.740    23.1457    23.1472   5.277805   5.277613     2.9353     2.4359      10.96   27.33386  -83.99974   -0.00086   -0.01530          2  0.000e+00
      23773    990.500     60.443     60.854    23.1462    23.1422   5.277851   5.277805     2.9353     2.4371      10.96   27.33386  -83.99974   -0.00084   -0.01563          2  0.000e+00
      23774    990.542     60.330     60.740    23.1466    23.1410   5.277866   5.277897     2.9353     2.4371      10.96   27.33386  -83.99974   -0.00082   -0.01593          2  0.000e+00
      23775    990.583     60.330     60.740    23.1469    23.1424   5.277987   5.277974     2.9365     2.4383      10.96   27.33386  -83.99974   -0.00078   -0.01618          2  0.000e+00
      23776    990.625     60.390     60.800    23.1496    23.1456   5.278169   5.277959     2.9353     2.4383      10.96   27.33386  -83.99974   -0.00076   -0.01640          2  0.000e+00
      23777    990.667     60.330     60.740    23.1512    23.1453   5.278351   5.278051     2.9365     2.4383      10.96   27.33386  -83.99974   -0.00072   -0.01660          2  0.000e+00
      23778    990.708     60.390     60.800    23.1520    23.1470   5.278488   5.278243     2.9353     2.4396      10.96   27.33386  -83.99974   -0.00070   -0.01675          2  0.000e+00
      23779    990.750     60.330     60.740    23.1523    23.1480   5.278586   5.278235     2.9365     2.4396      10.96   27.33386  -83.99974   -0.00066   -0.01686          2  0.000e+00
