GOMECC/GOMECC-4/1db/rb2103_0841.ros
* Sea-Bird SBE 9 Data File:
* FileName = C:\Users\scs.user.rb\CTD\GOMECC4\data\rb2103_0841.hex
* Software Version Seasave V 7.26.7.107
* Temperature SN = 4799
* Conductivity SN = 3860
* Number of Bytes Per Scan = 41
* Number of Voltage Words = 4
* Number of Scans Averaged by the Deck Unit = 1
* NMEA Latitude = 20 43.74 N
* NMEA Longitude = 094 44.99 W
* NMEA UTC (Time) = Oct 07 2021  16:02:53
* NMEA baud rate = 4800
# nquan = 17
# nvalues = 3192                                  
# units = specified
# name 0 = scan: Scan Count
# name 1 = timeS: Time, Elapsed [seconds]
# name 2 = depSM: Depth [salt water, m]
# name 3 = prDM: Pressure, Digiquartz [db]
# name 4 = t090C: Temperature [ITS-90, deg C]
# name 5 = t190C: Temperature, 2 [ITS-90, deg C]
# name 6 = c0S/m: Conductivity [S/m]
# name 7 = c1S/m: Conductivity, 2 [S/m]
# name 8 = sbeox0V: Oxygen raw, SBE 43 [V]
# name 9 = sbeox1V: Oxygen raw, SBE 43, 2 [V]
# name 10 = altM: Altimeter [m]
# name 11 = latitude: Latitude [deg]
# name 12 = longitude: Longitude [deg]
# name 13 = sbox0dV/dT: Oxygen, SBE 43 [dov/dt]
# name 14 = sbox1dV/dT: Oxygen, SBE 43, 2 [dov/dt]
# name 15 = nbf: Bottles Fired
# name 16 = flag:  0.000e+00
# interval = seconds: 0.0416667
# start_time = Oct 07 2021 16:02:53 [NMEA time, header]
# bad_flag = -9.990e-29
*END*
[from data line 2298]
     223488   9311.958    123.950    124.755    18.3550    18.3601   4.799195   4.799780     1.9035     1.5702     100.00   20.72846  -94.75126    0.00014    0.00025         18  0.000e+00
     223489   9312.000    123.876    124.680    18.3550    18.3599   4.799209   4.799862     1.9048     1.5702     100.00   20.72846  -94.75126    0.00017    0.00025         18  0.000e+00
     223490   9312.042    123.903    124.708    18.3545    18.3597   4.799246   4.799817     1.9048     1.5702     100.00   20.72846  -94.75126    0.00020    0.00024         18  0.000e+00
     223491   9312.083    123.876    124.680    18.3542    18.3596   4.799195   4.799825     1.9035     1.5702     100.00   20.72846  -94.75126    0.00020    0.00023         18  0.000e+00
     223492   9312.125    123.903    124.708    18.3539    18.3596   4.799180   4.799788     1.9035     1.5702     100.00   20.72846  -94.75126    0.00021    0.00023         18  0.000e+00
     223493   9312.167    123.930    124.735    18.3537    18.3594   4.799144   4.799699     1.9048     1.5702     100.00   20.72846  -94.75126    0.00021    0.00022         18  0.000e+00
     223494   9312.208    123.903    124.708    18.3535    18.3582   4.799136   4.799522     1.9048     1.5702     100.00   20.72846  -94.75126    0.00023    0.00021         18  0.000e+00
     223495   9312.250    123.903    124.708    18.3537    18.3563   4.799049   4.799382     1.9048     1.5702     100.00   20.72846  -94.75126    0.00024    0.00020         18  0.000e+00
     223496   9312.292    123.876    124.681    18.3528    18.3549   4.798925   4.799212     1.9048     1.5702     100.00   20.72846  -94.75126    0.00025    0.00019         18  0.000e+00
     223497   9312.333    123.904    124.708    18.3499    18.3529   4.798707   4.798961     1.9023     1.5702     100.00   20.72846  -94.75126    0.00025    0.00018         18  0.000e+00
     223498   9312.375    123.931    124.735    18.3483    18.3496   4.798495   4.798717     1.9048     1.5702     100.00   20.72846  -94.75126    0.00026    0.00019         18  0.000e+00
     223499   9312.417    123.904    124.708    18.3485    18.3477   4.798510   4.798570     1.9048     1.5702     100.00   20.72846  -94.75126    0.00030    0.00018         18  0.000e+00
     223500   9312.458    123.931    124.736    18.3482    18.3470   4.798437   4.798459     1.9048     1.5702     100.00   20.72846  -94.75126    0.00031    0.00017         18  0.000e+00
     223501   9312.500    123.904    124.708    18.3485    18.3470   4.798408   4.798481     1.9048     1.5702     100.00   20.72846  -94.75126    0.00031    0.00016         18  0.000e+00
     223502   9312.542    123.931    124.736    18.3492    18.3481   4.798342   4.798614     1.9035     1.5702     100.00   20.72846  -94.75126    0.00032    0.00016         18  0.000e+00
     223503   9312.583    123.904    124.708    18.3490    18.3495   4.798328   4.798717     1.9035     1.5702     100.00   20.72846  -94.75126    0.00031    0.00015         18  0.000e+00
     223504   9312.625    123.877    124.681    18.3480    18.3507   4.798350   4.798843     1.9048     1.5702     100.00   20.72846  -94.75126    0.00033    0.00014         18  0.000e+00
     223505   9312.667    123.952    124.756    18.3485    18.3506   4.798430   4.798836     1.9048     1.5702     100.00   20.72846  -94.75126    0.00036    0.00013         18  0.000e+00
     223506   9312.708    123.877    124.681    18.3492    18.3505   4.798568   4.798821     1.9035     1.5702     100.00   20.72846  -94.75126    0.00035    0.00012         18  0.000e+00
     223507   9312.750    123.904    124.709    18.3496    18.3504   4.798670   4.798754     1.9035     1.5702     100.00   20.72846  -94.75126    0.00037    0.00010         18  0.000e+00
     223508   9312.792    123.931    124.736    18.3499    18.3504   4.798692   4.798784     1.9048     1.5702     100.00   20.72846  -94.75126    0.00040    0.00009         18  0.000e+00
     223509   9312.833    123.904    124.709    18.3509    18.3508   4.798779   4.798843     1.9048     1.5702     100.00   20.72846  -94.75126    0.00039    0.00008         18  0.000e+00
     223510   9312.875    123.877    124.682    18.3513    18.3515   4.798816   4.798983     1.9035     1.5702     100.00   20.72846  -94.75126    0.00039    0.00008         18  0.000e+00
     223511   9312.917    123.904    124.709    18.3516    18.3522   4.798896   4.799050     1.9035     1.5702     100.00   20.72846  -94.75126    0.00037    0.00009         18  0.000e+00
     223512   9312.958    123.877    124.682    18.3519    18.3529   4.798962   4.799138     1.9048     1.5702     100.00   20.72846  -94.75126    0.00038    0.00009         18  0.000e+00
     223513   9313.000    123.952    124.757    18.3523    18.3538   4.799005   4.799242     1.9048     1.5702     100.00   20.72846  -94.75126    0.00039    0.00008         18  0.000e+00
     223514   9313.042    123.905    124.709    18.3527    18.3541   4.799078   4.799175     1.9035     1.5702     100.00   20.72846  -94.75126    0.00038    0.00006         18  0.000e+00
     223515   9313.083    123.878    124.682    18.3528    18.3547   4.799122   4.799219     1.9048     1.5702     100.00   20.72846  -94.75126    0.00040    0.00007         18  0.000e+00
     223516   9313.125    123.905    124.709    18.3537    18.3550   4.799202   4.799264     1.9048     1.5702     100.00   20.72846  -94.75126    0.00041    0.00005         18  0.000e+00
     223517   9313.167    123.878    124.682    18.3544    18.3549   4.799304   4.799234     1.9035     1.5702     100.00   20.72846  -94.75126    0.00040    0.00004         18  0.000e+00
     223518   9313.208    123.857    124.662    18.3547    18.3547   4.799333   4.799227     1.9035     1.5702     100.00   20.72846  -94.75126    0.00038    0.00002         18  0.000e+00
     223519   9313.250    123.932    124.737    18.3550    18.3544   4.799275   4.799330     1.9035     1.5714     100.00   20.72846  -94.75126    0.00037    0.00003         18  0.000e+00
     223520   9313.292    123.857    124.662    18.3554    18.3549   4.799260   4.799293     1.9035     1.5714     100.00   20.72846  -94.75126    0.00036    0.00005         18  0.000e+00
     223521   9313.333    123.878    124.682    18.3549    18.3550   4.799231   4.799330     1.9035     1.5702     100.00   20.72846  -94.75126    0.00037    0.00005         18  0.000e+00
     223522   9313.375    123.905    124.710    18.3542    18.3550   4.799158   4.799352     1.9035     1.5714     100.00   20.72846  -94.75126    0.00037    0.00007         18  0.000e+00
     223523   9313.417    123.878    124.682    18.3532    18.3553   4.799100   4.799397     1.9035     1.5714     100.00   20.72846  -94.75126    0.00036    0.00007         18  0.000e+00
     223524   9313.458    123.905    124.710    18.3528    18.3556   4.799122   4.799426     1.9035     1.5714     100.00   20.72846  -94.75126    0.00035    0.00008         18  0.000e+00
     223525   9313.500    123.878    124.683    18.3533    18.3559   4.799071   4.799456     1.9035     1.5702      94.92   20.72846  -94.75126    0.00035    0.00008         18  0.000e+00
     223526   9313.542    123.858    124.662    18.3537    18.3561   4.799115   4.799529     1.9035     1.5702      85.76   20.72846  -94.75126    0.00034    0.00007         18  0.000e+00
     223527   9313.583    123.878    124.683    18.3535    18.3560   4.799202   4.799596     1.9035     1.5702      83.15   20.72846  -94.75126    0.00031    0.00007         18  0.000e+00
     223528   9313.625    123.858    124.662    18.3542    18.3568   4.799187   4.799566     1.9023     1.5702      83.42   20.72846  -94.75126    0.00029    0.00007         18  0.000e+00
     223529   9313.667    123.878    124.683    18.3549    18.3569   4.799238   4.799463     1.9035     1.5714      83.79   20.72846  -94.75126    0.00028    0.00008         18  0.000e+00
     223530   9313.708    123.858    124.662    18.3549    18.3569   4.799282   4.799411     1.9035     1.5702      83.88   20.72846  -94.75126    0.00028    0.00008         18  0.000e+00
     223531   9313.750    123.879    124.683    18.3549    18.3562   4.799326   4.799389     1.9023     1.5702      83.86   20.72846  -94.75126    0.00025    0.00008         18  0.000e+00
     223532   9313.792    123.858    124.662    18.3550    18.3563   4.799370   4.799448     1.9035     1.5702      83.86   20.72846  -94.75126    0.00023    0.00008         18  0.000e+00
     223533   9313.833    123.858    124.663    18.3553    18.3564   4.799384   4.799500     1.9035     1.5702      83.86   20.72846  -94.75126    0.00022    0.00008         18  0.000e+00
     223534   9313.875    123.831    124.635    18.3558    18.3568   4.799348   4.799522     1.9023     1.5702      83.83   20.72846  -94.75126    0.00018    0.00008         18  0.000e+00
     223535   9313.917    123.858    124.663    18.3561    18.3568   4.799399   4.799485     1.9035     1.5702      83.83   20.72846  -94.75126    0.00016    0.00008         18  0.000e+00
     223536   9313.958    123.879    124.683    18.3563    18.3569   4.799442   4.799500     1.9023     1.5702      83.83   20.72846  -94.75126    0.00013    0.00008         18  0.000e+00
     223537   9314.000    123.859    124.663    18.3563    18.3573   4.799552   4.799537     1.9035     1.5702      83.86   20.72846  -94.75126    0.00011    0.00008         18  0.000e+00
     223538   9314.042    123.831    124.636    18.3563    18.3580   4.799588   4.799596     1.9035     1.5702      83.86   20.72846  -94.75126    0.00010    0.00008         18  0.000e+00
     223539   9314.083    123.859    124.663    18.3568    18.3585   4.799588   4.799655     1.9023     1.5702      83.83   20.72846  -94.75126    0.00006    0.00008         18  0.000e+00
     223540   9314.125    123.832    124.636    18.3573    18.3588   4.799588   4.799640     1.9023     1.5702      83.83   20.72846  -94.75126    0.00001    0.00007         18  0.000e+00
     223541   9314.167    123.859    124.663    18.3576    18.3589   4.799588   4.799677     1.9023     1.5690      83.83   20.72846  -94.75126   -0.00003    0.00006         18  0.000e+00
     223542   9314.208    123.832    124.636    18.3570    18.3585   4.799573   4.799677     1.9023     1.5690      83.83   20.72846  -94.75126   -0.00007    0.00004         18  0.000e+00
     223543   9314.250    123.805    124.609    18.3570    18.3585   4.799581   4.799699     1.9023     1.5690      83.86   20.72846  -94.75126   -0.00011    0.00002         18  0.000e+00
     223544   9314.292    123.879    124.684    18.3570    18.3586   4.799552   4.799684     1.9023     1.5690      83.83   20.72846  -94.75126   -0.00014    0.00000         18  0.000e+00
     223545   9314.333    123.805    124.609    18.3558    18.3583   4.799515   4.799744     1.9023     1.5690      83.86   20.72846  -94.75126   -0.00018   -0.00001         18  0.000e+00
     223546   9314.375    123.879    124.684    18.3549    18.3587   4.799472   4.799699     1.9023     1.5690      83.86   20.72846  -94.75126   -0.00020   -0.00003         18  0.000e+00
     223547   9314.417    123.805    124.609    18.3544    18.3589   4.799311   4.799699     1.9023     1.5690      83.86   20.72846  -94.75126   -0.00024   -0.00004         18  0.000e+00
     223548   9314.458    123.832    124.636    18.3511    18.3589   4.799034   4.799714     1.9035     1.5690      88.06   20.72846  -94.75126   -0.00025   -0.00006         18  0.000e+00
     223549   9314.500    123.859    124.664    18.3490    18.3592   4.798852   4.799721     1.9023     1.5690      97.66   20.72846  -94.75126   -0.00029   -0.00008         18  0.000e+00
     223550   9314.542    123.832    124.636    18.3475    18.3594   4.798692   4.799751     1.9023     1.5690     100.00   20.72846  -94.75126   -0.00033   -0.00009         18  0.000e+00
     223551   9314.583    123.805    124.609    18.3464    18.3597   4.798619   4.799817     1.9023     1.5690     100.00   20.72846  -94.75126   -0.00037   -0.00011         18  0.000e+00
     223552   9314.625    123.859    124.664    18.3477    18.3596   4.798728   4.799817     1.9023     1.5690     100.00   20.72846  -94.75126   -0.00040   -0.00012         18  0.000e+00
     223553   9314.667    123.832    124.636    18.3508    18.3596   4.798801   4.799795     1.9023     1.5690     100.00   20.72846  -94.75126   -0.00042   -0.00012         18  0.000e+00
     223554   9314.708    123.805    124.609    18.3535    18.3601   4.798903   4.799795     1.9023     1.5690     100.00   20.72846  -94.75126   -0.00046   -0.00013         18  0.000e+00
     223555   9314.750    123.833    124.637    18.3558    18.3599   4.799020   4.799825     1.9023     1.5690     100.00   20.72846  -94.75126   -0.00049   -0.00014         18  0.000e+00
     223556   9314.792    123.805    124.609    18.3564    18.3602   4.799049   4.799847     1.9023     1.5690     100.00   20.72846  -94.75126   -0.00051   -0.00015         18  0.000e+00
     223557   9314.833    123.880    124.684    18.3566    18.3603   4.799085   4.799810     1.9023     1.5690     100.00   20.72846  -94.75126   -0.00053   -0.00017         18  0.000e+00
     223558   9314.875    123.806    124.609    18.3570    18.3599   4.799158   4.799825     1.9023     1.5690     100.00   20.72846  -94.75126   -0.00055   -0.00018         18  0.000e+00
     223559   9314.917    123.833    124.637    18.3566    18.3601   4.799114   4.799847     1.9023     1.5690     100.00   20.72846  -94.75126   -0.00057   -0.00019         18  0.000e+00
     223560   9314.958    123.806    124.610    18.3564    18.3600   4.799100   4.799869     1.9023     1.5690     100.00   20.72846  -94.75126   -0.00058   -0.00020         18  0.000e+00
     223561   9315.000    123.833    124.637    18.3550    18.3599   4.799093   4.799810     1.9035     1.5702     100.00   20.72846  -94.75126   -0.00056   -0.00019         18  0.000e+00
     223562   9315.042    123.860    124.664    18.3544    18.3603   4.799093   4.799854     1.9023     1.5690     100.00   20.72846  -94.75126   -0.00058   -0.00020         18  0.000e+00
     223563   9315.083    123.833    124.637    18.3539    18.3601   4.799122   4.799825     1.9023     1.5690     100.00   20.72846  -94.75126   -0.00060   -0.00022         18  0.000e+00
     223564   9315.125    123.806    124.610    18.3547    18.3600   4.799165   4.799832     1.9023     1.5690     100.00   20.72846  -94.75126   -0.00062   -0.00023         18  0.000e+00
     223565   9315.167    123.833    124.637    18.3558    18.3599   4.799267   4.799839     1.9023     1.5690     100.00   20.72846  -94.75126   -0.00066   -0.00023         18  0.000e+00
     223566   9315.208    123.860    124.665    18.3565    18.3597   4.799267   4.799840     1.9023     1.5690     100.00   20.72846  -94.75126   -0.00066   -0.00024         18  0.000e+00
     223567   9315.250    123.833    124.637    18.3568    18.3596   4.799289   4.799817     1.9035     1.5690     100.00   20.72846  -94.75126   -0.00063   -0.00025         18  0.000e+00
     223568   9315.292    123.860    124.665    18.3566    18.3593   4.799326   4.799795     1.9035     1.5690     100.00   20.72846  -94.75126   -0.00063   -0.00026         18  0.000e+00
     223569   9315.333    123.786    124.590    18.3564    18.3590   4.799399   4.799766     1.9035     1.5702     100.00   20.72846  -94.75126   -0.00061   -0.00025         18  0.000e+00
     223570   9315.375    123.861    124.665    18.3570    18.3589   4.799420   4.799707     1.9035     1.5690     100.00   20.72846  -94.75126   -0.00059   -0.00026         18  0.000e+00
     223571   9315.417    123.786    124.590    18.3575    18.3589   4.799486   4.799677     1.9035     1.5690     100.00   20.72846  -94.75126   -0.00057   -0.00027         18  0.000e+00
