GOMECC/GOMECC-4/1db/rb2103_0271.cnv
* Sea-Bird SBE 9 Data File:
* FileName = C:\Users\scs.user.rb\CTD\GOMECC4\data\rb2103_0271.hex
* Software Version Seasave V 7.26.7.107
* Temperature SN = 4799
* Conductivity SN = 3860
* Number of Bytes Per Scan = 41
* Number of Voltage Words = 4
* Number of Scans Averaged by the Deck Unit = 1
* NMEA Latitude = 28 10.29 N
* NMEA Longitude = 086 28.83 W
* NMEA UTC (Time) = Sep 21 2021  14:01:03
* NMEA baud rate = 4800
# nquan = 28
# nvalues = 357                         
# units = specified
# name 0 = scan: Scan Count
# name 1 = timeS: Time, Elapsed [seconds]
# name 2 = depSM: Depth [salt water, m]
# name 3 = prDM: Pressure, Digiquartz [db]
# name 4 = t090C: Temperature [ITS-90, deg C]
# name 5 = t190C: Temperature, 2 [ITS-90, deg C]
# name 6 = c0S/m: Conductivity [S/m]
# name 7 = c1S/m: Conductivity, 2 [S/m]
# name 8 = sbeox0V: Oxygen raw, SBE 43 [V]
# name 9 = sbeox1V: Oxygen raw, SBE 43, 2 [V]
# name 10 = altM: Altimeter [m]
# name 11 = latitude: Latitude [deg]
# name 12 = longitude: Longitude [deg]
# name 13 = sbox0dV/dT: Oxygen, SBE 43 [dov/dt]
# name 14 = sbox1dV/dT: Oxygen, SBE 43, 2 [dov/dt]
# name 15 = sbeox0ML/L: Oxygen, SBE 43 [ml/l], WS = 5
# name 16 = sbeox1ML/L: Oxygen, SBE 43, 2 [ml/l], WS = 5
# name 17 = potemp090C: Potential Temperature [ITS-90, deg C]
# name 18 = potemp190C: Potential Temperature, 2 [ITS-90, deg C]
# name 19 = sal00: Salinity, Practical [PSU]
# name 20 = sal11: Salinity, Practical, 2 [PSU]
# name 21 = sigma-é00: Density [sigma-theta, kg/m^3]
# name 22 = sigma-é11: Density, 2 [sigma-theta, kg/m^3]
# name 23 = avgsvCM: Average Sound Velocity [Chen-Millero, m/s], minP = 20, minS = 20
# name 24 = sbox0Mm/Kg: Oxygen, SBE 43 [umol/kg], WS = 5
# name 25 = sbox1Mm/Kg: Oxygen, SBE 43, 2 [umol/kg], WS = 5
# name 26 = nbin: number of scans per bin
# name 27 = flag: flag
# span 0 =       8190,      89657       
# span 1 =    341.212,   3735.646       
# span 2 =      1.987,    885.145       
# span 3 =      2.000,    893.000       
# span 4 =     5.6140,    29.0369       
# span 5 =     5.6145,    29.0341       
# span 6 =   3.434032,   5.850025       
# span 7 =   3.434000,   5.850415       
# span 8 =     1.6191,     3.1116       
# span 9 =     1.3240,     2.6422       
# span 10 =      10.07,     101.28      
# span 11 =   27.84592,   28.31347      
# span 12 =  -86.92146,  -85.48613      
# span 13 =   -0.02056,    0.02026      
# span 14 =   -0.01935,    0.01860      
# span 15 =     2.5668,     4.4444      
# span 16 =     2.5972,     4.4430      
# span 17 =     5.5356,    29.0231      
# span 18 =     5.5360,    29.0289      
# span 19 =    32.4739,    36.6521      
# span 20 =    32.4742,    36.6517      
# span 21 =    20.4760,    27.5461      
# span 22 =    20.4754,    27.5454      
# span 23 =       0.00,    1552.89      
# span 24 =    111.613,    194.457      
# span 25 =    112.935,    194.401      
# span 26 =         30,         71      
# span 27 = 0.0000e+00, 0.0000e+00      
# interval = decibars: 1                
# start_time = Sep 21 2021 14:01:03 [NMEA time, header]
# bad_flag = -9.990e-29
*END*
       8190    341.212      3.973      4.000    28.1780    28.1782   5.329289   5.329357     3.1032     2.6368      86.68   28.17105  -86.47969   -0.00074   -0.00062     4.4325     4.4365    28.1770    28.1772    32.8276    32.8267    20.7044    20.7037       0.00    193.940    194.115         48 0.0000e+00
       8319    346.574      4.967      5.000    28.1792    28.1794   5.330023   5.329829     3.1042     2.6397      97.96   28.17104  -86.47968   -0.00035    0.00085     4.4334     4.4430    28.1780    28.1782    32.8303    32.8294    20.7062    20.7054       0.00    193.977    194.401         45 0.0000e+00
       8384    349.287      5.960      6.000    28.1764    28.1786   5.328900   5.329320     3.1061     2.6391      99.99   28.17104  -86.47968    0.00118   -0.00051     4.4390     4.4423    28.1750    28.1772    32.8237    32.8260    20.7022    20.7032       0.00    194.225    194.369         62 0.0000e+00
       8437    351.499      6.953      7.000    28.1742    28.1740   5.327936   5.327744     3.1067     2.6381     100.00   28.17104  -86.47968    0.00024   -0.00008     4.4410     4.4414    28.1725    28.1724    32.8189    32.8176    20.6993    20.6985       0.00    194.312    194.330         41 0.0000e+00
       8478    353.195      7.946      8.000    28.1754    28.1807   5.328901   5.330310     3.1058     2.6374     100.00   28.17102  -86.47966   -0.00003   -0.00014     4.4388     4.4386    28.1735    28.1788    32.8217    32.8289    20.7011    20.7048       0.00    194.216    194.207         43 0.0000e+00
       8528    355.275      8.940      9.000    28.2190    28.2051   5.342750   5.338033     3.1070     2.6390     100.00   28.17102  -86.47966    0.00004    0.00025     4.4373     4.4407    28.2169    28.2030    32.8911    32.8666    20.7392    20.7253       0.00    194.141    194.295         55 0.0000e+00
       8580    357.467      9.933     10.000    28.4243    28.3473   5.406402   5.382832     3.1107     2.6408     100.00   28.17102  -86.47966    0.00125    0.00060     4.4208     4.4294    28.4220    28.3450    33.1857    33.0787    20.8933    20.8390       0.00    193.390    193.779         51 0.0000e+00
       8632    359.621     10.926     11.000    28.6234    28.6206   5.468216   5.467407     3.1111     2.6378      99.47   28.17102  -86.47966    0.00123   -0.00044     4.3992     4.3940    28.6208    28.6179    33.4719    33.4683    21.0428    21.0410       0.00    192.420    192.192         52 0.0000e+00
       8681    361.680     11.920     12.000    28.6239    28.6231   5.468572   5.468349     3.1072     2.6422      89.97   28.17102  -86.47966   -0.00145    0.00100     4.3930     4.4032    28.6210    28.6202    33.4737    33.4723    21.0441    21.0433       0.00    192.147    192.595         48 0.0000e+00
       8733    363.815     12.913     13.000    28.6171    28.6177   5.470487   5.470582     3.1070     2.6416      70.41   28.17101  -86.47966   -0.00077    0.00042     4.3934     4.4024    28.6140    28.6146    33.4914    33.4936    21.0597    21.0611       0.00    192.160    192.557         54 0.0000e+00
       8784    365.958     13.906     14.000    28.6039    28.6161   5.468583   5.471944     3.1053     2.6413     100.29   28.17100  -86.47966   -0.00040   -0.00004     4.3917     4.4022    28.6035    28.6128    33.4852    33.5018    21.0584    21.0679       0.00    192.086    192.544         48 0.0000e+00
       8832    367.951     14.900     15.000    28.6047    28.6061   5.470650   5.470138     3.1033     2.6381     100.00   28.17100  -86.47966   -0.00102   -0.00077     4.3883     4.3970    28.6011    28.6025    33.5007    33.4962    21.0709    21.0671       0.00    191.939    192.319         49 0.0000e+00
       8882    370.060     15.893     16.000    28.6417    28.6374   5.490657   5.489674     3.1077     2.6361     100.00   28.17100  -86.47966    0.00064   -0.00145     4.3908     4.3881    28.6379    28.6336    33.6066    33.6042    21.1382    21.1378       0.00    192.036    191.917         51 0.0000e+00
       8934    372.189     16.886     17.000    28.7778    28.7755   5.525055   5.524265     3.1086     2.6371     100.00   28.17099  -86.47965    0.00150   -0.00015     4.3795     4.3775    28.7737    28.7714    33.7521    33.7483    21.2025    21.2005       0.00    191.526    191.442         53 0.0000e+00
       8986    374.379     17.879     18.000    28.8500    28.8235   5.550890   5.547162     3.1072     2.6373     100.00   28.17098  -86.47964   -0.00077    0.00052     4.3674     4.3727    28.8458    28.8192    33.8608    33.8267    21.2603    21.2435       0.00    190.989    191.221         50 0.0000e+00
       9032    376.289     18.873     19.000    28.9851    28.9842   5.586375   5.585537     3.1108     2.6349      79.84   28.17098  -86.47964    0.00092   -0.00076     4.3620     4.3530    28.9805    28.9796    34.0272    34.0261    21.3404    21.3398       0.00    190.735    190.343         44 0.0000e+00
       9082    378.387     19.866     20.000    29.0088    29.0100   5.597211   5.597504     3.1104     2.6356      99.91   28.17098  -86.47964    0.00079   -0.00074     4.3585     4.3509    29.0040    29.0052    34.0824    34.0836    21.3740    21.3744     795.46    190.579    190.246         56 0.0000e+00
       9135    380.570     20.859     21.000    28.9736    28.9744   5.598807   5.598938     3.1043     2.6353     100.00   28.17098  -86.47964   -0.00158    0.00085     4.3497     4.3527    28.9685    28.9693    34.1182    34.1185    21.4126    21.4126    1552.89    190.184    190.316         47 0.0000e+00
       9183    382.587     21.852     22.000    29.0369    29.0341   5.630531   5.630458     3.1010     2.6303     100.00   28.17098  -86.47964   -0.00259   -0.00158     4.3358     4.3350    29.0231    29.0289    34.2963    34.2962    21.5281    21.5282    1542.90    189.557    189.522         53 0.0000e+00
       9238    384.856     22.846     23.000    29.0276    29.0263   5.688907   5.688608     3.0967     2.6213     100.00   28.17096  -86.47964   -0.00089   -0.00352     4.3188     4.3073    29.0222    29.0208    34.6974    34.6963    21.8294    21.8289    1542.93    188.758    188.257         52 0.0000e+00
       9286    386.893     23.839     24.000    28.6191    28.6149   5.663888   5.664362     3.0854     2.6237      99.85   28.17096  -86.47964   -0.00501   -0.00190     4.3267     4.3394    28.6134    28.6092    34.8225    34.8288    22.0594    22.0656    1542.94    189.062    189.613         48 0.0000e+00
       9337    389.005     24.832     25.000    28.5785    28.5799   5.667896   5.668130     3.1008     2.6312      99.46   28.17096  -86.47964    0.00247    0.00336     4.3574     4.3564    28.5725    28.5739    34.8797    34.8804    22.1159    22.1159    1542.94    190.393    190.346         54 0.0000e+00
       9391    391.236     25.825     26.000    28.5187    28.5318   5.671031   5.671504     3.0994     2.6301     100.01   28.17096  -86.47964    0.00228    0.00093     4.3598     4.3578    28.5110    28.5257    34.9460    34.9366    22.1860    22.1742    1542.94    190.483    190.400         51 0.0000e+00
       9440    393.291     26.818     27.000    28.4642    28.4652   5.671716   5.671940     3.1006     2.6364      87.51   28.17096  -86.47964   -0.00050    0.00103     4.3643     4.3737    28.4577    28.4587    34.9899    34.9907    22.2366    22.2369    1542.93    190.668    191.080         50 0.0000e+00
       9493    395.484     27.811     28.000    28.4609    28.4621   5.672071   5.672355     3.1037     2.6371      94.37   28.17096  -86.47964    0.00138    0.00182     4.3706     4.3758    28.4542    28.4554    34.9945    34.9956    22.2412    22.2417    1542.93    190.942    191.169         55 0.0000e+00
       9549    397.833     28.805     29.000    28.4341    28.4352   5.676046   5.676370     3.1052     2.6378     100.05   28.17094  -86.47964    0.00094    0.00018     4.3747     4.3784    28.4272    28.4283    35.0416    35.0431    22.2856    22.2863    1542.92    191.116    191.278         56 0.0000e+00
       9601    400.016     29.798     30.000    28.4064    28.4077   5.684863   5.685180     3.0966     2.6236     100.00   28.17094  -86.47964   -0.00176   -0.00317     4.3598     4.3502    28.3993    28.4005    35.1232    35.1245    22.3561    22.3567    1542.92    190.448    190.031         48 0.0000e+00
       9647    401.928     30.791     31.000    28.3882    28.3907   5.685953   5.686907     3.0911     2.6178     100.00   28.17094  -86.47964   -0.00376   -0.00546     4.3509     4.3395    28.3808    28.3834    35.1440    35.1488    22.3779    22.3806    1542.92    190.057    189.560         48 0.0000e+00
       9701    404.170     31.784     32.000    28.4643    28.4641   5.706306   5.706507     3.0841     2.6157     100.00   28.17094  -86.47964   -0.00283   -0.00127     4.3306     4.3276    28.4566    28.4565    35.2289    35.2301    22.4167    22.4175    1542.92    189.164    189.032         57 0.0000e+00
       9754    406.388     32.777     33.000    28.6729    28.6678   5.753166   5.752534     3.0784     2.6049      94.80   28.17094  -86.47964   -0.00269   -0.00357     4.3008     4.2885    28.6650    28.6599    35.3990    35.3985    22.4754    22.4767    1542.93    187.852    187.314         49 0.0000e+00
       9804    408.459     33.771     34.000    28.7140    28.7190   5.782062   5.784109     3.0713     2.6048      99.95   28.17094  -86.47964   -0.00435   -0.00382     4.2827     4.2806    28.7038    28.7109    35.5699    35.5797    22.5909    22.5963    1542.97    187.039    186.948         52 0.0000e+00
       9857    410.652     34.764     35.000    28.8722    28.8725   5.850025   5.850415     3.1060     2.6403      70.62   28.17094  -86.47964    0.00764    0.01040     4.3243     4.3337    28.8637    28.8641    35.9208    35.9232    22.8013    22.8030    1543.01    188.819    189.228         51 0.0000e+00
       9906    412.716     35.757     36.000    28.5223    28.5158   5.827032   5.826459     3.1095     2.6350      99.75   28.17094  -86.47964    0.01177    0.00835     4.3544     4.3455    28.5137    28.5072    36.0192    36.0179    22.9917    22.9928    1543.06    190.097    189.710         50 0.0000e+00
       9958    414.888     36.750     37.000    27.8392    27.8372   5.746584   5.746090     3.0704     2.5987     100.00   28.17094  -86.47964   -0.01147   -0.01218     4.3380     4.3232    27.8305    27.8285    35.9815    35.9796    23.1884    23.1876    1543.07    189.344    188.699         53 0.0000e+00
      10010    417.028     37.743     38.000    27.5904    27.5912   5.717706   5.717975     3.0448     2.5800     100.00   28.17094  -86.47964   -0.01534   -0.01353     4.3105     4.3034    27.5816    27.5824    35.9677    35.9690    23.2592    23.2599    1543.04    188.132    187.821         49 0.0000e+00
      10057    419.010     38.737     39.000    27.4997    27.4985   5.708927   5.708780     3.0374     2.5798     100.00   28.17094  -86.47964   -0.00774   -0.00358     4.3042     4.3099    27.4906    27.4894    35.9749    35.9747    23.2941    23.2944    1543.02    187.848    188.098         49 0.0000e+00
      10108    421.142     39.730     40.000    27.3424    27.3427   5.701502   5.701424     3.0274     2.5727     100.00   28.17094  -86.47964   -0.00453   -0.00255     4.2960     4.3052    27.3321    27.3334    36.0438    36.0422    23.3973    23.3957    1542.99    187.474    187.873         52 0.0000e+00
      10161    423.342     40.723     41.000    27.3607    27.3619   5.719607   5.720303     3.0536     2.5995      96.65   28.17094  -86.47964    0.00370    0.00467     4.3415     4.3569    27.3512    27.3524    36.1577    36.1617    23.4769    23.4795    1542.96    189.443    190.116         54 0.0000e+00
      10213    425.510     41.716     42.000    27.3504    27.3515   5.725212   5.725681     3.0820     2.6247      99.10   28.17092  -86.47964    0.01527    0.01464     4.3945     4.4090    27.3406    27.3417    36.2053    36.2078    23.5163    23.5178    1542.93    191.748    192.380         48 0.0000e+00
      10259    427.424     42.709     43.000    27.2329    27.2338   5.719282   5.719453     3.0786     2.6169      99.98   28.17092  -86.47964    0.00606    0.00417     4.3968     4.4010    27.2229    27.2238    36.2540    36.2546    23.5909    23.5911    1542.90    191.837    192.018         47 0.0000e+00
      10312    429.630     43.702     44.000    27.0738    27.0722   5.706029   5.705946     3.0658     2.6051      99.89   28.17092  -86.47964   -0.00424   -0.00524     4.3851     4.3884    27.0631    27.0621    36.2832    36.2840    23.6644    23.6656    1542.87    191.310    191.455         58 0.0000e+00
      10366    431.881     44.695     45.000    26.9411    26.9416   5.694972   5.695193     3.0593     2.6027     100.00   28.17092  -86.47962   -0.00446   -0.00297     4.3832     4.3927    26.9308    26.9313    36.3068    36.3080    23.7247    23.7254    1542.83    191.219    191.633         48 0.0000e+00
      10414    433.895     45.688     46.000    26.7989    26.7990   5.681235   5.681248     3.0501     2.5931     100.00   28.17092  -86.47962   -0.00311   -0.00211     4.3776     4.3857    26.7884    26.7885    36.3190    36.3190    23.7794    23.7794    1542.79    190.963    191.313         51 0.0000e+00
      10465    436.004     46.682     47.000    26.2926    26.2973   5.620630   5.620665     3.0224     2.5690     100.00   28.17091  -86.47962   -0.00835   -0.00748     4.3665     4.3717    26.2820    26.2867    36.2778    36.2744    23.9089    23.9048    1542.74    190.454    190.683         49 0.0000e+00
      10517    438.154     47.675     48.000    25.9334    25.9397   5.573512   5.574335     2.9879     2.5389     100.00   28.17090  -86.47962   -0.01648   -0.01472     4.3310     4.3368    25.9227    25.9290    36.2172    36.2182    23.9762    23.9750    1542.66    188.896    189.148         54 0.0000e+00
      10569    440.313     48.668     49.000    25.9118    25.9128   5.570538   5.570768     2.9760     2.5297     100.00   28.17090  -86.47962   -0.00992   -0.00815     4.3106     4.3197    25.9008    25.9018    36.2125    36.2136    23.9794    23.9800    1542.58    188.001    188.400         50 0.0000e+00
      10619    442.431     49.661     50.000    25.9059    25.9102   5.569971   5.570696     2.9723     2.5215     100.00   28.17090  -86.47961   -0.00314   -0.00389     4.3046     4.3031    25.8948    25.8990    36.2121    36.2148    23.9810    23.9818    1542.51    187.740    187.675         51 0.0000e+00
      10669    444.488     50.654     51.000    25.8965    25.8986   5.568650   5.569104     2.9679     2.5236     100.00   28.17090  -86.47960   -0.00207   -0.00188     4.2974     4.3090    25.8851    25.8872    36.2103    36.2119    23.9827    23.9833    1542.43    187.427    187.934         49 0.0000e+00
      10720    446.611     51.647     52.000    25.8631    25.8634   5.564337   5.564397     2.9635     2.5229      69.44   28.17090  -86.47960   -0.00198    0.00101     4.2921     4.3108    25.8515    25.8518    36.2048    36.2050    23.9891    23.9891    1542.36    187.197    188.011         53 0.0000e+00
      10771    448.752     52.640     53.000    25.6758    25.6736   5.538307   5.537922     2.9517     2.5129     101.28   28.17090  -86.47960   -0.00360   -0.00270     4.2858     4.3050    25.6640    25.6619    36.1617    36.1606    24.0149    24.0148    1542.28    186.914    187.751         45 0.0000e+00
      10809    450.320     53.633     54.000    25.5111    25.5108   5.518660   5.518629     2.9445     2.5021     100.00   28.17088  -86.47960   -0.00542   -0.00585     4.2848     4.2938    25.4992    25.4989    36.1473    36.1473    24.0551    24.0552    1542.21    186.863    187.257         33 0.0000e+00
