GOMECC/GOMECC-4/1db/rb2103_1151.ros
* Sea-Bird SBE 9 Data File:
* FileName = C:\Users\scs.user.rb\CTD\GOMECC4\data\rb2103_1151.hex
* Software Version Seasave V 7.26.7.107
* Temperature SN = 4799
* Conductivity SN = 3860
* Number of Bytes Per Scan = 41
* Number of Voltage Words = 4
* Number of Scans Averaged by the Deck Unit = 1
* NMEA Latitude = 21 56.87 N
* NMEA Longitude = 086 59.51 W
* NMEA UTC (Time) = Oct 15 2021  16:29:06
* NMEA baud rate = 4800
# nquan = 17
# nvalues = 1197                                  
# units = specified
# name 0 = scan: Scan Count
# name 1 = timeS: Time, Elapsed [seconds]
# name 2 = depSM: Depth [salt water, m]
# name 3 = prDM: Pressure, Digiquartz [db]
# name 4 = t090C: Temperature [ITS-90, deg C]
# name 5 = t190C: Temperature, 2 [ITS-90, deg C]
# name 6 = c0S/m: Conductivity [S/m]
# name 7 = c1S/m: Conductivity, 2 [S/m]
# name 8 = sbeox0V: Oxygen raw, SBE 43 [V]
# name 9 = sbeox1V: Oxygen raw, SBE 43, 2 [V]
# name 10 = altM: Altimeter [m]
# name 11 = latitude: Latitude [deg]
# name 12 = longitude: Longitude [deg]
# name 13 = sbox0dV/dT: Oxygen, SBE 43 [dov/dt]
# name 14 = sbox1dV/dT: Oxygen, SBE 43, 2 [dov/dt]
# name 15 = nbf: Bottles Fired
# name 16 = flag:  0.000e+00
# interval = seconds: 0.0416667
# start_time = Oct 15 2021 16:29:06 [NMEA time, header]
# bad_flag = -9.990e-29
*END*
[from data line 86]
      26042   1085.042     22.650     22.793    23.6408    23.6405   5.375810   5.375909     2.7424     2.3187       7.25   21.94892  -86.99292    0.00101    0.00028          1  0.000e+00
      26043   1085.083     22.697     22.841    23.6410    23.6401   5.375879   5.375925     2.7424     2.3175       7.25   21.94892  -86.99292    0.00101    0.00025          1  0.000e+00
      26044   1085.125     22.690     22.834    23.6414    23.6403   5.375856   5.375940     2.7411     2.3187       7.25   21.94892  -86.99292    0.00099    0.00024          1  0.000e+00
      26045   1085.167     22.697     22.841    23.6420    23.6403   5.375917   5.375940     2.7411     2.3187       7.25   21.94892  -86.99292    0.00097    0.00022          1  0.000e+00
      26046   1085.208     22.697     22.841    23.6421    23.6403   5.375910   5.375940     2.7411     2.3187       7.23   21.94892  -86.99292    0.00093    0.00020          1  0.000e+00
      26047   1085.250     22.690     22.834    23.6419    23.6403   5.375902   5.375940     2.7411     2.3187       7.25   21.94892  -86.99292    0.00090    0.00020          1  0.000e+00
      26048   1085.292     22.697     22.841    23.6410    23.6409   5.375856   5.375979     2.7411     2.3187       7.23   21.94892  -86.99292    0.00086    0.00019          1  0.000e+00
      26049   1085.333     22.785     22.929    23.6403    23.6412   5.375780   5.375987     2.7411     2.3187       7.23   21.94892  -86.99292    0.00082    0.00019          1  0.000e+00
      26050   1085.375     22.650     22.793    23.6395    23.6412   5.375726   5.376056     2.7411     2.3187       7.25   21.94892  -86.99292    0.00078    0.00017          1  0.000e+00
      26051   1085.417     22.744     22.888    23.6392    23.6416   5.375719   5.376041     2.7411     2.3187       7.25   21.94892  -86.99292    0.00074    0.00016          1  0.000e+00
      26052   1085.458     22.690     22.834    23.6389    23.6417   5.375719   5.376033     2.7411     2.3199       7.25   21.94892  -86.99292    0.00070    0.00017          1  0.000e+00
      26053   1085.500     22.744     22.888    23.6398    23.6421   5.375719   5.376064     2.7411     2.3199       7.25   21.94892  -86.99292    0.00066    0.00018          1  0.000e+00
      26054   1085.542     22.744     22.888    23.6401    23.6417   5.375749   5.376080     2.7411     2.3199       7.25   21.94892  -86.99292    0.00062    0.00020          1  0.000e+00
      26055   1085.583     22.738     22.881    23.6402    23.6419   5.375757   5.376103     2.7411     2.3199       7.25   21.94892  -86.99292    0.00058    0.00020          1  0.000e+00
      26056   1085.625     22.744     22.888    23.6403    23.6423   5.375757   5.376087     2.7411     2.3187       7.23   21.94892  -86.99292    0.00054    0.00020          1  0.000e+00
      26057   1085.667     22.697     22.841    23.6403    23.6419   5.375764   5.376142     2.7411     2.3199       7.13   21.94892  -86.99292    0.00050    0.00020          1  0.000e+00
      26058   1085.708     22.738     22.881    23.6401    23.6419   5.375764   5.376064     2.7411     2.3199       7.08   21.94892  -86.99292    0.00046    0.00021          1  0.000e+00
      26059   1085.750     22.744     22.888    23.6400    23.6414   5.375726   5.376033     2.7411     2.3199       7.08   21.94892  -86.99292    0.00042    0.00024          1  0.000e+00
      26060   1085.792     22.738     22.881    23.6398    23.6410   5.375749   5.375994     2.7411     2.3199       7.08   21.94892  -86.99292    0.00038    0.00026          1  0.000e+00
      26061   1085.833     22.697     22.841    23.6399    23.6409   5.375764   5.375987     2.7411     2.3187       7.08   21.94892  -86.99292    0.00034    0.00027          1  0.000e+00
      26062   1085.875     22.744     22.888    23.6400    23.6407   5.375764   5.375948     2.7424     2.3199       7.08   21.94892  -86.99292    0.00031    0.00029          1  0.000e+00
      26063   1085.917     22.738     22.881    23.6401    23.6410   5.375757   5.375971     2.7411     2.3187       7.11   21.94892  -86.99292    0.00027    0.00030          1  0.000e+00
      26064   1085.958     22.744     22.888    23.6400    23.6414   5.375688   5.376018     2.7424     2.3187       7.08   21.94892  -86.99292    0.00026    0.00030          1  0.000e+00
      26065   1086.000     22.744     22.888    23.6401    23.6416   5.375703   5.376033     2.7424     2.3187       7.08   21.94892  -86.99292    0.00023    0.00031          1  0.000e+00
      26066   1086.042     22.738     22.881    23.6401    23.6416   5.375719   5.376033     2.7424     2.3187       7.11   21.94892  -86.99292    0.00020    0.00032          1  0.000e+00
      26067   1086.083     22.744     22.888    23.6403    23.6417   5.375741   5.376064     2.7424     2.3187       7.11   21.94892  -86.99292    0.00018    0.00032          1  0.000e+00
      26068   1086.125     22.738     22.881    23.6401    23.6417   5.375726   5.376080     2.7424     2.3187       7.08   21.94892  -86.99292    0.00015    0.00031          1  0.000e+00
      26069   1086.167     22.744     22.888    23.6398    23.6419   5.375719   5.376080     2.7424     2.3187       7.11   21.94892  -86.99292    0.00012    0.00032          1  0.000e+00
      26070   1086.208     22.744     22.888    23.6398    23.6417   5.375680   5.376010     2.7424     2.3199       7.08   21.94892  -86.99292    0.00009    0.00032          1  0.000e+00
      26071   1086.250     22.738     22.881    23.6396    23.6417   5.375703   5.376056     2.7424     2.3199       7.11   21.94892  -86.99292    0.00006    0.00033          1  0.000e+00
      26072   1086.292     22.744     22.888    23.6399    23.6416   5.375719   5.376103     2.7424     2.3199       7.11   21.94892  -86.99292    0.00002    0.00033          1  0.000e+00
      26073   1086.333     22.744     22.888    23.6400    23.6416   5.375719   5.376025     2.7411     2.3187       7.11   21.94892  -86.99292   -0.00002    0.00032          1  0.000e+00
      26074   1086.375     22.690     22.834    23.6400    23.6419   5.375719   5.376056     2.7424     2.3187       7.11   21.94892  -86.99292   -0.00006    0.00031          1  0.000e+00
      26075   1086.417     22.744     22.888    23.6400    23.6417   5.375749   5.376080     2.7424     2.3199       7.08   21.94892  -86.99292   -0.00009    0.00031          1  0.000e+00
      26076   1086.458     22.738     22.881    23.6401    23.6417   5.375726   5.376041     2.7424     2.3199       7.08   21.94892  -86.99292   -0.00013    0.00031          1  0.000e+00
      26077   1086.500     22.744     22.888    23.6401    23.6417   5.375787   5.376064     2.7424     2.3187       7.08   21.94892  -86.99292   -0.00016    0.00028          1  0.000e+00
      26078   1086.542     22.697     22.841    23.6400    23.6417   5.375741   5.376010     2.7436     2.3187       7.08   21.94892  -86.99292   -0.00018    0.00024          1  0.000e+00
      26079   1086.583     22.738     22.881    23.6400    23.6416   5.375719   5.376018     2.7436     2.3199       7.08   21.94892  -86.99292   -0.00018    0.00024          1  0.000e+00
      26080   1086.625     22.697     22.841    23.6400    23.6416   5.375749   5.376064     2.7424     2.3187       7.08   21.94892  -86.99292   -0.00020    0.00022          1  0.000e+00
      26081   1086.667     22.697     22.841    23.6400    23.6416   5.375764   5.376041     2.7424     2.3187       7.08   21.94892  -86.99292   -0.00022    0.00021          1  0.000e+00
      26082   1086.708     22.738     22.881    23.6401    23.6416   5.375757   5.375994     2.7424     2.3187       7.06   21.94892  -86.99292   -0.00024    0.00019          1  0.000e+00
      26083   1086.750     22.697     22.841    23.6406    23.6416   5.375795   5.376018     2.7424     2.3187       7.06   21.94892  -86.99292   -0.00024    0.00017          1  0.000e+00
      26084   1086.792     22.690     22.834    23.6408    23.6414   5.375879   5.376064     2.7424     2.3187       7.06   21.94892  -86.99292   -0.00024    0.00015          1  0.000e+00
      26085   1086.833     22.697     22.841    23.6408    23.6416   5.375856   5.376010     2.7424     2.3187       7.06   21.94892  -86.99292   -0.00027    0.00013          1  0.000e+00
      26086   1086.875     22.697     22.841    23.6407    23.6414   5.375818   5.376018     2.7424     2.3187       7.06   21.94892  -86.99292   -0.00029    0.00011          1  0.000e+00
      26087   1086.917     22.690     22.834    23.6403    23.6414   5.375772   5.376033     2.7424     2.3187       7.06   21.94892  -86.99292   -0.00031    0.00009          1  0.000e+00
      26088   1086.958     22.697     22.841    23.6401    23.6410   5.375833   5.376033     2.7436     2.3187       7.06   21.94892  -86.99292   -0.00029    0.00007          1  0.000e+00
      26314   1096.375     22.697     22.840    23.6472    23.6434   5.376460   5.376172     2.7424     2.3187       7.30   21.94892  -86.99290   -0.00048    0.00011          2  0.000e+00
      26315   1096.417     22.595     22.738    23.6471    23.6430   5.376475   5.376095     2.7411     2.3175       7.33   21.94892  -86.99290   -0.00048    0.00010          2  0.000e+00
      26316   1096.458     22.636     22.779    23.6476    23.6428   5.376544   5.376080     2.7411     2.3187       7.30   21.94892  -86.99290   -0.00048    0.00010          2  0.000e+00
      26317   1096.500     22.650     22.793    23.6484    23.6426   5.376566   5.376080     2.7411     2.3187       7.30   21.94892  -86.99290   -0.00048    0.00009          2  0.000e+00
      26318   1096.542     22.636     22.779    23.6487    23.6427   5.376597   5.376041     2.7411     2.3187       7.30   21.94892  -86.99290   -0.00048    0.00009          2  0.000e+00
      26319   1096.583     22.650     22.793    23.6485    23.6425   5.376612   5.376064     2.7411     2.3175       7.33   21.94892  -86.99290   -0.00048    0.00007          2  0.000e+00
      26320   1096.625     22.595     22.738    23.6487    23.6427   5.376681   5.376103     2.7411     2.3187       7.30   21.94892  -86.99290   -0.00048    0.00007          2  0.000e+00
      26321   1096.667     22.690     22.834    23.6489    23.6428   5.376704   5.376087     2.7411     2.3175       7.23   21.94892  -86.99290   -0.00048    0.00006          2  0.000e+00
      26322   1096.708     22.595     22.738    23.6488    23.6430   5.376704   5.376141     2.7411     2.3175       7.20   21.94892  -86.99290   -0.00047    0.00004          2  0.000e+00
      26323   1096.750     22.697     22.840    23.6494    23.6427   5.376566   5.376095     2.7411     2.3187       7.20   21.94892  -86.99290   -0.00047    0.00004          2  0.000e+00
      26324   1096.792     22.636     22.779    23.6494    23.6416   5.376589   5.376041     2.7411     2.3175       7.18   21.94892  -86.99290   -0.00047    0.00001          2  0.000e+00
      26325   1096.833     22.650     22.793    23.6492    23.6414   5.376574   5.376064     2.7411     2.3175       7.20   21.94892  -86.99290   -0.00047   -0.00001          2  0.000e+00
      26326   1096.875     22.650     22.793    23.6486    23.6425   5.376498   5.376142     2.7411     2.3175       7.20   21.94892  -86.99290   -0.00047   -0.00003          2  0.000e+00
      26327   1096.917     22.690     22.834    23.6487    23.6430   5.376437   5.376196     2.7399     2.3175       7.20   21.94892  -86.99290   -0.00048   -0.00005          2  0.000e+00
      26328   1096.958     22.650     22.793    23.6467    23.6428   5.376360   5.376142     2.7399     2.3175       7.20   21.94892  -86.99290   -0.00049   -0.00006          2  0.000e+00
      26329   1097.000     22.690     22.834    23.6455    23.6416   5.376276   5.376018     2.7411     2.3175       7.20   21.94892  -86.99290   -0.00049   -0.00008          2  0.000e+00
      26330   1097.042     22.697     22.840    23.6436    23.6410   5.376185   5.375886     2.7411     2.3175       7.20   21.94892  -86.99290   -0.00048   -0.00010          2  0.000e+00
      26331   1097.083     22.650     22.793    23.6423    23.6401   5.376093   5.375754     2.7411     2.3187       7.18   21.94892  -86.99290   -0.00049   -0.00010          2  0.000e+00
      26332   1097.125     22.690     22.834    23.6417    23.6392   5.376039   5.375754     2.7399     2.3175       7.20   21.94892  -86.99290   -0.00051   -0.00012          2  0.000e+00
      26333   1097.167     22.697     22.840    23.6421    23.6385   5.375963   5.375700     2.7411     2.3175       7.20   21.94892  -86.99290   -0.00050   -0.00013          2  0.000e+00
      26334   1097.208     22.697     22.840    23.6430    23.6376   5.375971   5.375638     2.7411     2.3175       7.20   21.94892  -86.99290   -0.00049   -0.00015          2  0.000e+00
      26335   1097.250     22.690     22.834    23.6426    23.6369   5.375986   5.375631     2.7399     2.3175       7.20   21.94892  -86.99290   -0.00050   -0.00017          2  0.000e+00
      26336   1097.292     22.697     22.840    23.6415    23.6367   5.375887   5.375561     2.7411     2.3175       7.20   21.94892  -86.99290   -0.00050   -0.00019          2  0.000e+00
      26337   1097.333     22.690     22.834    23.6410    23.6358   5.375887   5.375507     2.7411     2.3175       7.18   21.94892  -86.99290   -0.00049   -0.00020          2  0.000e+00
      26338   1097.375     22.697     22.840    23.6407    23.6360   5.375833   5.375499     2.7411     2.3175       7.20   21.94892  -86.99290   -0.00048   -0.00022          2  0.000e+00
      26339   1097.417     22.697     22.840    23.6394    23.6357   5.375803   5.375460     2.7411     2.3175       7.20   21.94892  -86.99290   -0.00047   -0.00024          2  0.000e+00
      26340   1097.458     22.690     22.834    23.6387    23.6355   5.375772   5.375422     2.7411     2.3162       7.20   21.94892  -86.99290   -0.00046   -0.00027          2  0.000e+00
      26341   1097.500     22.697     22.840    23.6381    23.6351   5.375795   5.375414     2.7411     2.3175       7.20   21.94892  -86.99290   -0.00045   -0.00029          2  0.000e+00
      26342   1097.542     22.697     22.840    23.6376    23.6351   5.375742   5.375414     2.7411     2.3175       7.20   21.94892  -86.99290   -0.00044   -0.00031          2  0.000e+00
      26343   1097.583     22.690     22.834    23.6382    23.6355   5.375719   5.375414     2.7411     2.3162       7.20   21.94892  -86.99290   -0.00043   -0.00034          2  0.000e+00
      26344   1097.625     22.697     22.840    23.6396    23.6355   5.375749   5.375414     2.7411     2.3175       7.18   21.94892  -86.99290   -0.00042   -0.00036          2  0.000e+00
      26345   1097.667     22.595     22.738    23.6407    23.6355   5.375726   5.375414     2.7411     2.3175       7.16   21.94892  -86.99290   -0.00041   -0.00038          2  0.000e+00
      26346   1097.708     22.785     22.929    23.6408    23.6355   5.375780   5.375414     2.7411     2.3175       7.13   21.94892  -86.99290   -0.00040   -0.00038          2  0.000e+00
      26347   1097.750     22.697     22.840    23.6416    23.6355   5.375902   5.375437     2.7411     2.3175       7.13   21.94892  -86.99290   -0.00039   -0.00039          2  0.000e+00
      26348   1097.792     22.690     22.834    23.6426    23.6355   5.376009   5.375422     2.7411     2.3175       7.13   21.94892  -86.99290   -0.00038   -0.00041          2  0.000e+00
      26349   1097.833     22.697     22.840    23.6431    23.6353   5.376131   5.375476     2.7411     2.3175       7.13   21.94892  -86.99290   -0.00037   -0.00041          2  0.000e+00
      26350   1097.875     22.697     22.840    23.6442    23.6358   5.376299   5.375460     2.7411     2.3162       7.13   21.94892  -86.99290   -0.00035   -0.00042          2  0.000e+00
