GOMECC/GOMECC-4/1db/rb2103_0091.cnv
* Sea-Bird SBE 9 Data File:
* FileName = C:\Users\scs.user.rb\CTD\GOMECC4\data\rb2103_0091.hex
* Software Version Seasave V 7.26.7.107
* Temperature SN = 4799
* Conductivity SN = 3860
* Number of Bytes Per Scan = 41
* Number of Voltage Words = 4
* Number of Scans Averaged by the Deck Unit = 1
* NMEA Latitude = 26 00.03 N
* NMEA Longitude = 085 59.98 W
* NMEA UTC (Time) = Sep 17 2021  12:33:51
* NMEA baud rate = 4800
# nquan = 28
# nvalues = 1464                        
# units = specified
# name 0 = scan: Scan Count
# name 1 = timeS: Time, Elapsed [seconds]
# name 2 = depSM: Depth [salt water, m]
# name 3 = prDM: Pressure, Digiquartz [db]
# name 4 = t090C: Temperature [ITS-90, deg C]
# name 5 = t190C: Temperature, 2 [ITS-90, deg C]
# name 6 = c0S/m: Conductivity [S/m]
# name 7 = c1S/m: Conductivity, 2 [S/m]
# name 8 = sbeox0V: Oxygen raw, SBE 43 [V]
# name 9 = sbeox1V: Oxygen raw, SBE 43, 2 [V]
# name 10 = altM: Altimeter [m]
# name 11 = latitude: Latitude [deg]
# name 12 = longitude: Longitude [deg]
# name 13 = sbox0dV/dT: Oxygen, SBE 43 [dov/dt]
# name 14 = sbox1dV/dT: Oxygen, SBE 43, 2 [dov/dt]
# name 15 = sbeox0ML/L: Oxygen, SBE 43 [ml/l], WS = 5
# name 16 = sbeox1ML/L: Oxygen, SBE 43, 2 [ml/l], WS = 5
# name 17 = potemp090C: Potential Temperature [ITS-90, deg C]
# name 18 = potemp190C: Potential Temperature, 2 [ITS-90, deg C]
# name 19 = sal00: Salinity, Practical [PSU]
# name 20 = sal11: Salinity, Practical, 2 [PSU]
# name 21 = sigma-é00: Density [sigma-theta, kg/m^3]
# name 22 = sigma-é11: Density, 2 [sigma-theta, kg/m^3]
# name 23 = avgsvCM: Average Sound Velocity [Chen-Millero, m/s], minP = 20, minS = 20
# name 24 = sbox0Mm/Kg: Oxygen, SBE 43 [umol/kg], WS = 5
# name 25 = sbox1Mm/Kg: Oxygen, SBE 43, 2 [umol/kg], WS = 5
# name 26 = nbin: number of scans per bin
# name 27 = flag: flag
# span 0 =      16602,     238919       
# span 1 =    691.710,   9954.924       
# span 2 =      1.987,   3221.810       
# span 3 =      2.000,   3268.000       
# span 4 =     4.2849,    29.2968       
# span 5 =     4.2859,    29.2995       
# span 6 =   3.343186,   5.930560       
# span 7 =   3.343037,   5.930955       
# span 8 =     1.6153,     3.2646       
# span 9 =     1.3204,     2.8142       
# span 10 =      17.73,     104.61      
# span 11 =   24.85797,   26.27387      
# span 12 =  -86.93548,  -82.25065      
# span 13 =   -0.05494,    0.05182      
# span 14 =   -0.05125,    0.05087      
# span 15 =     2.5117,     4.9276      
# span 16 =     2.5434,     4.9804      
# span 17 =     4.0766,    29.2937      
# span 18 =     4.0778,    29.2964      
# span 19 =    34.3886,    36.8439      
# span 20 =    34.7020,    36.8403      
# span 21 =    21.8037,    27.7618      
# span 22 =    22.0013,    27.7601      
# span 23 =       0.00,    1549.26      
# span 24 =    109.232,    214.848      
# span 25 =    110.611,    217.166      
# span 26 =         30,         70      
# span 27 = 0.0000e+00, 0.0000e+00      
# interval = decibars: 1                
# start_time = Sep 17 2021 12:33:51 [NMEA time, header]
# bad_flag = -9.990e-29
*END*
[from data line 933]
     139912   5829.626   2371.814   2401.000     4.3094     4.3102   3.383278   3.383202     1.8202     1.5097     100.00   25.99528  -85.98514    0.00005    0.00009     4.6445     4.6840     4.0961     4.0969    34.9738    34.9722    27.7553    27.7539    1502.83    201.821    203.539         36 0.0000e+00
     141010   5875.368   2370.832   2400.000     4.3093     4.3101   3.383229   3.383163     1.8204     1.5100     100.00   25.99518  -85.98523    0.00004 -6.730e-07     4.6445     4.6849     4.0961     4.0969    34.9738    34.9722    27.7553    27.7539    1502.83    201.821    203.577         47 0.0000e+00
     141325   5888.483   2369.849   2399.000     4.3092     4.3100   3.383182   3.383112     1.8206     1.5103      95.13   25.99516  -85.98527    0.00010    0.00002     4.6449     4.6857     4.0961     4.0968    34.9738    34.9723    27.7553    27.7540    1502.83    201.841    203.610         51 0.0000e+00
     141384   5890.949   2368.867   2398.000     4.3092     4.3100   3.383140   3.383076     1.8208     1.5104      99.35   25.99516  -85.98528    0.00009    0.00004     4.6451     4.6853     4.0961     4.0970    34.9739    34.9723    27.7553    27.7539    1502.83    201.848    203.594         54 0.0000e+00
     141437   5893.166   2367.885   2397.000     4.3091     4.3099   3.383090   3.383027     1.8210     1.5103     100.00   25.99516  -85.98528    0.00005   -0.00002     4.6454     4.6845     4.0961     4.0970    34.9738    34.9723    27.7553    27.7539    1502.83    201.860    203.560         54 0.0000e+00
     141507   5896.084   2366.902   2396.000     4.3090     4.3098   3.383036   3.382975     1.8211     1.5104      67.59   25.99516  -85.98528    0.00008    0.00002     4.6453     4.6842     4.0962     4.0970    34.9737    34.9722    27.7552    27.7539    1502.83    201.857    203.547         47 0.0000e+00
     141546   5897.700   2365.920   2395.000     4.3090     4.3096   3.382990   3.382922     1.8216     1.5104      99.10   25.99514  -85.98528    0.00013    0.00002     4.6466     4.6838     4.0963     4.0969    34.9736    34.9722    27.7551    27.7539    1502.83    201.913    203.528         37 0.0000e+00
     141609   5900.328   2364.938   2394.000     4.3087     4.3094   3.382939   3.382862     1.8218     1.5105      87.32   25.99515  -85.98529    0.00011    0.00005     4.6468     4.6836     4.0961     4.0968    34.9738    34.9722    27.7553    27.7539    1502.83    201.922    203.520         42 0.0000e+00
     141745   5905.981   2360.026   2389.000     4.3084     4.3091   3.382736   3.382670     1.8223     1.5116     100.00   25.99533  -85.98594    0.00007    0.00033     4.6461     4.6854     4.0964     4.0971    34.9740    34.9725    27.7554    27.7542    1502.84    201.892    203.598         34 0.0000e+00
     141778   5907.362   2359.044   2388.000     4.3084     4.3091   3.382669   3.382598     1.8227     1.5115     100.00   25.99514  -85.98530    0.00007    0.00013     4.6469     4.6846     4.0964     4.0971    34.9737    34.9722    27.7552    27.7539    1502.83    201.927    203.564         33 0.0000e+00
     141878   5911.522   2355.114   2384.000     4.3080     4.3086   3.382519   3.382441     1.8234     1.5118     100.00   25.99550  -85.98655    0.00015    0.00005     4.6478     4.6835     4.0965     4.0971    34.9743    34.9727    27.7556    27.7543    1502.85    201.964    203.518         30 0.0000e+00
     141909   5912.840   2354.132   2383.000     4.3078     4.3085   3.382425   3.382346     1.8233     1.5122     100.00   25.99513  -85.98532    0.00021    0.00014     4.6466     4.6845     4.0964     4.0970    34.9738    34.9722    27.7552    27.7539    1502.83    201.912    203.562         36 0.0000e+00
     142043   5918.428   2349.220   2378.000     4.3074     4.3080   3.382176   3.382088     1.8235     1.5121     100.00   25.99508  -85.98520   -0.00001   -0.00006     4.6447     4.6814     4.0965     4.0971    34.9736    34.9720    27.7551    27.7537    1502.83    201.830    203.426         34 0.0000e+00
     142176   5923.951   2344.308   2373.000     4.3069     4.3074   3.381940   3.381857     1.8243     1.5128     100.00   25.99518  -85.98553    0.00013    0.00007     4.6449     4.6815     4.0965     4.0971    34.9737    34.9722    27.7551    27.7538    1502.83    201.840    203.430         34 0.0000e+00
     142310   5929.541   2339.395   2368.000     4.3064     4.3069   3.381698   3.381607     1.8242     1.5134     100.00   25.99519  -85.98565   -0.00004    0.00017     4.6418     4.6813     4.0965     4.0970    34.9737    34.9721    27.7551    27.7538    1502.84    201.706    203.423         34 0.0000e+00
     142446   5935.191   2334.483   2363.000     4.3061     4.3066   3.381457   3.381372     1.8248     1.5134     100.00   25.99512  -85.98543    0.00010   -0.00016     4.6412     4.6784     4.0968     4.0973    34.9734    34.9719    27.7549    27.7536    1502.83    201.680    203.295         34 0.0000e+00
     142551   5939.590   2330.553   2359.000     4.3059     4.3064   3.381318   3.381240     1.8256     1.5139      99.40   25.99540  -85.98641    0.00015    0.00006     4.6423     4.6783     4.0970     4.0975    34.9739    34.9725    27.7552    27.7540    1502.85    201.724    203.290         30 0.0000e+00
     142582   5940.862   2329.570   2358.000     4.3056     4.3063   3.381234   3.381154     1.8256     1.5140     100.00   25.99510  -85.98540    0.00013    0.00013     4.6418     4.6780     4.0969     4.0975    34.9736    34.9720    27.7550    27.7537    1502.83    201.706    203.279         34 0.0000e+00
     143252   5968.811   2305.006   2333.000     4.3025     4.3032   3.379942   3.379865     1.8261     1.5146      87.91   25.99515  -85.98576   -0.00009   -0.00012     4.6293     4.6658     4.0964     4.0971    34.9732    34.9716    27.7548    27.7534    1502.83    201.159    202.749         31 0.0000e+00
     143386   5974.365   2300.093   2328.000     4.3027     4.3033   3.379753   3.379682     1.8265     1.5147     100.00   25.99511  -85.98565    0.00008    0.00014     4.6276     4.6635     4.0971     4.0978    34.9732    34.9717    27.7546    27.7534    1502.83    201.087    202.649         32 0.0000e+00
     143548   5981.137   2294.197   2322.000     4.3025     4.3032   3.379496   3.379416     1.8273     1.5156      75.78   25.99500  -85.98540    0.00018    0.00007     4.6275     4.6640     4.0976     4.0982    34.9731    34.9715    27.7545    27.7532    1502.83    201.082    202.669         30 0.0000e+00
     143685   5986.840   2289.284   2317.000     4.3025     4.3031   3.379328   3.379248     1.8281     1.5165     100.00   25.99534  -85.98653    0.00018    0.00026     4.6277     4.6649     4.0981     4.0987    34.9735    34.9719    27.7548    27.7535    1502.85    201.094    202.707         36 0.0000e+00
     143818   5992.375   2284.370   2312.000     4.3021     4.3026   3.379065   3.378987     1.8286     1.5170      93.90   25.99513  -85.98585    0.00012    0.00012     4.6270     4.6643     4.0982     4.0987    34.9731    34.9716    27.7545    27.7533    1502.84    201.063    202.681         36 0.0000e+00
     143953   5998.008   2279.456   2307.000     4.3017     4.3022   3.378865   3.378777     1.8295     1.5179     100.00   25.99533  -85.98658    0.00019    0.00013     4.6278     4.6653     4.0983     4.0988    34.9735    34.9719    27.7548    27.7535    1502.85    201.097    202.726         32 0.0000e+00
     143984   5999.271   2278.473   2306.000     4.3015     4.3021   3.378774   3.378698     1.8295     1.5182     100.00   25.99502  -85.98558    0.00016    0.00021     4.6274     4.6663     4.0983     4.0989    34.9730    34.9715    27.7544    27.7531    1502.83    201.078    202.771         31 0.0000e+00
     144112   6004.628   2273.560   2301.000     4.3015     4.3021   3.378585   3.378494     1.8305     1.5189     100.00   25.99510  -85.98593    0.00014    0.00002     4.6284     4.6661     4.0988     4.0993    34.9732    34.9715    27.7545    27.7531    1502.84    201.123    202.761         30 0.0000e+00
     144143   6005.910   2272.577   2300.000     4.3013     4.3021   3.378526   3.378452     1.8306     1.5188      69.68   25.99500  -85.98560    0.00008   -0.00001     4.6284     4.6652     4.0987     4.0995    34.9731    34.9714    27.7544    27.7530    1502.83    201.121    202.720         31 0.0000e+00
     144248   6010.283   2268.646   2296.000     4.3012     4.3017   3.378386   3.378304     1.8311     1.5189     100.00   25.99532  -85.98666    0.00014    0.00003     4.6278     4.6633     4.0990     4.0995    34.9734    34.9719    27.7546    27.7534    1502.85    201.094    202.640         31 0.0000e+00
     144277   6011.498   2267.663   2295.000     4.3011     4.3017   3.378297   3.378226     1.8311     1.5192      99.91   25.99500  -85.98560    0.00007    0.00006     4.6276     4.6640     4.0990     4.0996    34.9730    34.9715    27.7543    27.7530    1502.83    201.086    202.668         30 0.0000e+00
     144571   6023.768   2256.852   2284.000     4.3005     4.3010   3.377812   3.377723     1.8324     1.5212      87.54   25.99497  -85.98560    0.00018    0.00023     4.6263     4.6663     4.0996     4.1001    34.9730    34.9714    27.7542    27.7529    1502.83    201.032    202.769         32 0.0000e+00
     144675   6028.078   2252.921   2280.000     4.3004     4.3009   3.377675   3.377585     1.8330     1.5215     100.00   25.99523  -85.98648    0.00012    0.00005     4.6262     4.6652     4.0998     4.1004    34.9734    34.9717    27.7545    27.7531    1502.84    201.026    202.722         30 0.0000e+00
     144705   6029.321   2251.937   2279.000     4.3002     4.3008   3.377584   3.377515     1.8332     1.5217     100.00   25.99498  -85.98566    0.00019    0.00008     4.6266     4.6656     4.0998     4.1004    34.9729    34.9715    27.7542    27.7529    1502.83    201.044    202.738         32 0.0000e+00
     144809   6033.666   2248.006   2275.000     4.3001     4.3007   3.377463   3.377370     1.8344     1.5227     100.00   25.99525  -85.98657    0.00026    0.00026     4.6290     4.6678     4.1001     4.1007    34.9735    34.9718    27.7546    27.7532    1502.85    201.149    202.834         30 0.0000e+00
     144839   6034.924   2247.023   2274.000     4.3000     4.3006   3.377366   3.377299     1.8344     1.5229     100.00   25.99498  -85.98568    0.00024    0.00014     4.6286     4.6683     4.1001     4.1007    34.9729    34.9715    27.7541    27.7529    1502.83    201.129    202.855         33 0.0000e+00
     144971   6040.415   2242.108   2269.000     4.2995     4.3000   3.377111   3.377034     1.8362     1.5238     100.00   25.99477  -85.98508    0.00026    0.00007     4.6331     4.6692     4.1001     4.1007    34.9728    34.9713    27.7540    27.7528    1502.82    201.327    202.896         33 0.0000e+00
     145104   6045.971   2237.194   2264.000     4.2991     4.2996   3.376890   3.376806     1.8366     1.5244     100.00   25.99492  -85.98560    0.00005    0.00006     4.6319     4.6688     4.1003     4.1007    34.9729    34.9714    27.7541    27.7529    1502.83    201.275    202.879         34 0.0000e+00
     145235   6051.427   2232.279   2259.000     4.2985     4.2990   3.376649   3.376563     1.8366     1.5250     100.00   25.99509  -85.98617    0.00004    0.00008     4.6292     4.6687     4.1002     4.1007    34.9730    34.9715    27.7542    27.7529    1502.84    201.156    202.876         30 0.0000e+00
     145265   6052.665   2231.296   2258.000     4.2984     4.2990   3.376582   3.376507     1.8368     1.5249     100.00   25.99495  -85.98574    0.00004    0.00006     4.6292     4.6678     4.1002     4.1008    34.9728    34.9713    27.7540    27.7528    1502.83    201.157    202.833         30 0.0000e+00
     145393   6057.992   2226.381   2253.000     4.2976     4.2981   3.376300   3.376213     1.8367     1.5249     100.00   25.99491  -85.98564   -0.00008   -0.00001     4.6261     4.6649     4.0999     4.1004    34.9726    34.9711    27.7539    27.7527    1502.83    201.024    202.707         31 0.0000e+00
     145733   6072.185   2213.602   2240.000     4.2965     4.2971   3.375701   3.375614     1.8373     1.5242     100.00   25.99509  -85.98633   -0.00003   -0.00021     4.6207     4.6539     4.1002     4.1007    34.9728    34.9712    27.7541    27.7527    1502.84    200.788    202.233         30 0.0000e+00
     145890   6078.704   2207.704   2234.000     4.2961     4.2966   3.375410   3.375330     1.8376     1.5252     100.00   25.99498  -85.98604    0.00010    0.00014     4.6183     4.6547     4.1004     4.1009    34.9726    34.9711    27.7538    27.7526    1502.83    200.684    202.265         30 0.0000e+00
     145920   6079.941   2206.721   2233.000     4.2960     4.2966   3.375354   3.375276     1.8378     1.5254      87.96   25.99490  -85.98580    0.00007    0.00010     4.6185     4.6553     4.1004     4.1010    34.9725    34.9710    27.7538    27.7525    1502.83    200.694    202.293         30 0.0000e+00
     146418   6100.691   2188.041   2214.000     4.2951     4.2955   3.374527   3.374438     1.8395     1.5274     100.00   25.99498  -85.98620    0.00013    0.00012     4.6146     4.6529     4.1015     4.1019    34.9726    34.9711    27.7537    27.7525    1502.84    200.524    202.188         33 0.0000e+00
     146548   6106.131   2183.126   2209.000     4.2951     4.2956   3.374350   3.374275     1.8402     1.5280     100.00   25.99525  -85.98713    0.00019    0.00015     4.6142     4.6525     4.1020     4.1025    34.9728    34.9714    27.7538    27.7527    1502.85    200.507    202.168         33 0.0000e+00
     146579   6107.421   2182.143   2208.000     4.2948     4.2956   3.374244   3.374184     1.8401     1.5285     100.00   25.99488  -85.98588    0.00007    0.00021     4.6135     4.6540     4.1018     4.1026    34.9723    34.9708    27.7535    27.7522    1502.83    200.475    202.233         31 0.0000e+00
     146706   6112.693   2177.227   2203.000     4.2947     4.2953   3.374044   3.373969     1.8410     1.5289     100.00   25.99488  -85.98596    0.00014    0.00005     4.6142     4.6529     4.1023     4.1028    34.9724    34.9709    27.7535    27.7523    1502.83    200.504    202.188         32 0.0000e+00
     146837   6118.151   2172.310   2198.000     4.2944     4.2949   3.373826   3.373737     1.8418     1.5299     100.00   25.99497  -85.98626    0.00013    0.00014     4.6143     4.6542     4.1025     4.1029    34.9725    34.9710    27.7536    27.7523    1502.84    200.511    202.243         31 0.0000e+00
     146969   6123.665   2167.394   2193.000     4.2945     4.2950   3.373624   3.373544     1.8428     1.5305      86.45   25.99474  -85.98561    0.00017    0.00010     4.6155     4.6540     4.1031     4.1036    34.9723    34.9709    27.7533    27.7521    1502.82    200.560    202.233         30 0.0000e+00
     147338   6139.037   2153.628   2179.000     4.2942     4.2946   3.373045   3.372958     1.8465     1.5347     100.00   25.99482  -85.98588    0.00019    0.00035     4.6223     4.6643     4.1043     4.1046    34.9723    34.9709    27.7532    27.7521    1502.83    200.857    202.685         31 0.0000e+00
     147443   6143.429   2149.695   2175.000     4.2939     4.2944   3.372892   3.372813     1.8467     1.5338     100.00   25.99522  -85.98727    0.00007   -0.00018     4.6206     4.6577     4.1043     4.1048    34.9728    34.9714    27.7536    27.7524    1502.85    200.785    202.397         31 0.0000e+00
