GOMECC/GOMECC-4/1db/rb2103_0001.ros
* Sea-Bird SBE 9 Data File:
* FileName = C:\Users\scs.user.rb\CTD\GOMECC4\data\rb2103_000.hex
* Software Version Seasave V 7.26.7.107
* Temperature SN = 4799
* Conductivity SN = 3860
* Number of Bytes Per Scan = 41
* Number of Voltage Words = 4
* Number of Scans Averaged by the Deck Unit = 1
* NMEA Latitude = 24 13.42 N
* NMEA Longitude = 081 36.66 W
* NMEA UTC (Time) = Sep 13 2021  22:57:13
* NMEA baud rate = 4800
# nquan = 17
# nvalues = 3192                                  
# units = specified
# name 0 = scan: Scan Count
# name 1 = timeS: Time, Elapsed [seconds]
# name 2 = depSM: Depth [salt water, m]
# name 3 = prDM: Pressure, Digiquartz [db]
# name 4 = t090C: Temperature [ITS-90, deg C]
# name 5 = t190C: Temperature, 2 [ITS-90, deg C]
# name 6 = c0S/m: Conductivity [S/m]
# name 7 = c1S/m: Conductivity, 2 [S/m]
# name 8 = sbeox0V: Oxygen raw, SBE 43 [V]
# name 9 = sbeox1V: Oxygen raw, SBE 43, 2 [V]
# name 10 = altM: Altimeter [m]
# name 11 = latitude: Latitude [deg]
# name 12 = longitude: Longitude [deg]
# name 13 = sbox0dV/dT: Oxygen, SBE 43 [dov/dt]
# name 14 = sbox1dV/dT: Oxygen, SBE 43, 2 [dov/dt]
# name 15 = nbf: Bottles Fired
# name 16 = flag:  0.000e+00
# interval = seconds: 0.0416667
# start_time = Sep 13 2021 22:57:13 [NMEA time, header]
# bad_flag = -9.990e-29
*END*
[from data line 86]
      45884   1911.792   1235.514   1247.172     9.0691     9.0722   3.752183   3.752463     1.6227     1.3309      26.89   24.22558  -81.60936 -5.275e-07   -0.00020          1  0.000e+00
      45885   1911.833   1235.567   1247.226     9.0689     9.0725   3.752190   3.752483     1.6239     1.3309      26.91   24.22558  -81.60936   -0.00000   -0.00021          1  0.000e+00
      45886   1911.875   1235.567   1247.226     9.0689     9.0730   3.752150   3.752530     1.6239     1.3309      26.91   24.22558  -81.60936   -0.00001   -0.00021          1  0.000e+00
      45887   1911.917   1235.514   1247.172     9.0691     9.0728   3.752150   3.752523     1.6239     1.3309      26.89   24.22558  -81.60936   -0.00001   -0.00022          1  0.000e+00
      45888   1911.958   1235.567   1247.226     9.0687     9.0734   3.752170   3.752536     1.6239     1.3309      26.89   24.22558  -81.60936   -0.00002   -0.00022          1  0.000e+00
      45889   1912.000   1235.567   1247.226     9.0686     9.0732   3.752111   3.752523     1.6239     1.3309      26.91   24.22558  -81.60936   -0.00002   -0.00023          1  0.000e+00
      45890   1912.042   1235.514   1247.172     9.0691     9.0730   3.752111   3.752536     1.6239     1.3309      26.94   24.22558  -81.60936   -0.00002   -0.00024          1  0.000e+00
      45891   1912.083   1235.567   1247.226     9.0692     9.0728   3.752111   3.752496     1.6239     1.3309      26.94   24.22558  -81.60936   -0.00003   -0.00026          1  0.000e+00
      45892   1912.125   1235.514   1247.172     9.0691     9.0728   3.752091   3.752503     1.6239     1.3321      26.94   24.22558  -81.60936   -0.00003   -0.00025          1  0.000e+00
      45893   1912.167   1235.614   1247.273     9.0686     9.0727   3.752078   3.752516     1.6239     1.3309      26.94   24.22558  -81.60936   -0.00002   -0.00025          1  0.000e+00
      45894   1912.208   1235.514   1247.172     9.0682     9.0728   3.752111   3.752516     1.6239     1.3321      26.94   24.22558  -81.60936   -0.00002   -0.00024          1  0.000e+00
      45895   1912.250   1235.567   1247.226     9.0686     9.0725   3.752071   3.752516     1.6239     1.3309      26.94   24.22558  -81.60936   -0.00002   -0.00024          1  0.000e+00
      45896   1912.292   1235.567   1247.226     9.0678     9.0728   3.752045   3.752516     1.6239     1.3309      26.94   24.22558  -81.60936   -0.00003   -0.00025          1  0.000e+00
      45897   1912.333   1235.587   1247.246     9.0666     9.0728   3.751953   3.752516     1.6239     1.3309      26.94   24.22558  -81.60936   -0.00003   -0.00025          1  0.000e+00
      45898   1912.375   1235.567   1247.226     9.0658     9.0728   3.751887   3.752490     1.6239     1.3309      26.94   24.22558  -81.60936   -0.00004   -0.00025          1  0.000e+00
      45899   1912.417   1235.567   1247.226     9.0655     9.0728   3.751860   3.752483     1.6239     1.3321      26.94   24.22558  -81.60936   -0.00004   -0.00024          1  0.000e+00
      45900   1912.458   1235.567   1247.226     9.0661     9.0727   3.751847   3.752503     1.6239     1.3321      26.94   24.22558  -81.60936   -0.00004   -0.00024          1  0.000e+00
      45901   1912.500   1235.614   1247.273     9.0651     9.0728   3.751775   3.752463     1.6239     1.3309      26.94   24.22558  -81.60936   -0.00005   -0.00024          1  0.000e+00
      45902   1912.542   1235.567   1247.226     9.0637     9.0722   3.751676   3.752449     1.6239     1.3321      26.94   24.22558  -81.60936   -0.00005   -0.00023          1  0.000e+00
      45903   1912.583   1235.567   1247.226     9.0637     9.0720   3.751649   3.752449     1.6252     1.3321      26.94   24.22558  -81.60936   -0.00004   -0.00022          1  0.000e+00
      45904   1912.625   1235.567   1247.226     9.0650     9.0715   3.751755   3.752396     1.6239     1.3321      26.94   24.22558  -81.60936   -0.00002   -0.00020          1  0.000e+00
      45905   1912.667   1235.614   1247.273     9.0661     9.0717   3.751781   3.752456     1.6239     1.3309      26.94   24.22558  -81.60936   -0.00002   -0.00020          1  0.000e+00
      45906   1912.708   1235.567   1247.226     9.0661     9.0724   3.751814   3.752483     1.6239     1.3321      26.94   24.22558  -81.60936   -0.00003   -0.00019          1  0.000e+00
      45907   1912.750   1235.567   1247.226     9.0671     9.0728   3.751847   3.752483     1.6239     1.3321      26.94   24.22558  -81.60936   -0.00003   -0.00019          1  0.000e+00
      45908   1912.792   1235.614   1247.273     9.0682     9.0730   3.751920   3.752483     1.6239     1.3321      26.94   24.22558  -81.60936   -0.00004   -0.00018          1  0.000e+00
      45909   1912.833   1235.567   1247.226     9.0687     9.0728   3.751979   3.752483     1.6239     1.3321      26.94   24.22558  -81.60936   -0.00002   -0.00016          1  0.000e+00
      45910   1912.875   1235.614   1247.273     9.0687     9.0728   3.751953   3.752503     1.6239     1.3321      26.94   24.22558  -81.60936   -0.00002   -0.00015          1  0.000e+00
      45911   1912.917   1235.614   1247.273     9.0684     9.0727   3.751953   3.752490     1.6239     1.3321      26.94   24.22558  -81.60936   -0.00003   -0.00013          1  0.000e+00
      45912   1912.958   1235.587   1247.246     9.0686     9.0727   3.751972   3.752503     1.6239     1.3309      26.94   24.22558  -81.60936   -0.00003   -0.00016          1  0.000e+00
      45913   1913.000   1235.567   1247.226     9.0681     9.0724   3.751986   3.752490     1.6239     1.3321      26.91   24.22558  -81.60936   -0.00003   -0.00014          1  0.000e+00
      45914   1913.042   1235.614   1247.273     9.0676     9.0724   3.751966   3.752503     1.6239     1.3333      26.89   24.22558  -81.60936   -0.00004   -0.00011          1  0.000e+00
      45915   1913.083   1235.567   1247.225     9.0689     9.0725   3.751972   3.752490     1.6239     1.3321      26.89   24.22558  -81.60936   -0.00004   -0.00011          1  0.000e+00
      45916   1913.125   1235.614   1247.273     9.0708     9.0724   3.752058   3.752503     1.6239     1.3321      26.89   24.22558  -81.60936   -0.00004   -0.00010          1  0.000e+00
      45917   1913.167   1235.614   1247.273     9.0700     9.0724   3.752150   3.752536     1.6239     1.3321      26.89   24.22558  -81.60936   -0.00005   -0.00009          1  0.000e+00
      45918   1913.208   1235.567   1247.225     9.0689     9.0728   3.752183   3.752496     1.6239     1.3321      26.89   24.22558  -81.60936   -0.00005   -0.00007          1  0.000e+00
      45919   1913.250   1235.614   1247.273     9.0686     9.0725   3.752190   3.752456     1.6239     1.3321      26.89   24.22558  -81.60936   -0.00005   -0.00004          1  0.000e+00
      45920   1913.292   1235.613   1247.273     9.0686     9.0722   3.752210   3.752423     1.6227     1.3321      26.89   24.22558  -81.60936   -0.00006   -0.00004          1  0.000e+00
      45921   1913.333   1235.613   1247.273     9.0689     9.0715   3.752269   3.752389     1.6227     1.3309      26.86   24.22558  -81.60936   -0.00008   -0.00005          1  0.000e+00
      45922   1913.375   1235.567   1247.225     9.0697     9.0712   3.752328   3.752383     1.6239     1.3321      26.89   24.22558  -81.60936   -0.00008   -0.00005          1  0.000e+00
      45923   1913.417   1235.613   1247.273     9.0704     9.0711   3.752348   3.752356     1.6239     1.3333      26.89   24.22558  -81.60936   -0.00008   -0.00002          1  0.000e+00
      45924   1913.458   1235.613   1247.273     9.0707     9.0710   3.752328   3.752369     1.6239     1.3333      26.89   24.22558  -81.60936   -0.00008    0.00001          1  0.000e+00
      45925   1913.500   1235.613   1247.273     9.0704     9.0704   3.752315   3.752329     1.6239     1.3333      26.89   24.22558  -81.60936   -0.00008    0.00004          1  0.000e+00
      45926   1913.542   1235.567   1247.225     9.0700     9.0702   3.752269   3.752363     1.6239     1.3309      26.89   24.22558  -81.60936   -0.00009    0.00002          1  0.000e+00
      45927   1913.583   1235.633   1247.293     9.0699     9.0704   3.752223   3.752356     1.6239     1.3321      26.89   24.22558  -81.60936   -0.00009    0.00003          1  0.000e+00
      45928   1913.625   1235.613   1247.272     9.0700     9.0707   3.752216   3.752389     1.6239     1.3321      26.89   24.22558  -81.60936   -0.00009    0.00006          1  0.000e+00
      45929   1913.667   1235.613   1247.272     9.0700     9.0712   3.752243   3.752389     1.6239     1.3333      26.89   24.22558  -81.60936   -0.00007    0.00009          1  0.000e+00
      45930   1913.708   1235.567   1247.225     9.0699     9.0712   3.752150   3.752329     1.6239     1.3333      26.89   24.22558  -81.60936   -0.00008    0.00012          1  0.000e+00
      46149   1922.833   1235.512   1247.170     9.0673     9.0656   3.751992   3.751935     1.6239     1.3321      26.96   24.22558  -81.60934    0.00004   -0.00010          2  0.000e+00
      46150   1922.875   1235.512   1247.170     9.0674     9.0667   3.751992   3.751948     1.6239     1.3321      26.96   24.22558  -81.60934    0.00005   -0.00009          2  0.000e+00
      46151   1922.917   1235.512   1247.170     9.0671     9.0679   3.751953   3.751948     1.6239     1.3333      26.96   24.22558  -81.60934    0.00005   -0.00009          2  0.000e+00
      46152   1922.958   1235.512   1247.170     9.0676     9.0683   3.751979   3.751922     1.6239     1.3321      26.94   24.22558  -81.60934    0.00004   -0.00011          2  0.000e+00
      46153   1923.000   1235.565   1247.224     9.0676     9.0680   3.751979   3.751915     1.6239     1.3321      26.96   24.22558  -81.60934    0.00004   -0.00012          2  0.000e+00
      46154   1923.042   1235.512   1247.170     9.0678     9.0678   3.751959   3.751935     1.6239     1.3321      26.96   24.22558  -81.60934    0.00003   -0.00012          2  0.000e+00
      46155   1923.083   1235.512   1247.170     9.0676     9.0676   3.751979   3.751948     1.6239     1.3333      26.96   24.22558  -81.60934    0.00005   -0.00010          2  0.000e+00
      46156   1923.125   1235.539   1247.197     9.0674     9.0674   3.751979   3.751948     1.6239     1.3321      26.96   24.22558  -81.60934    0.00004   -0.00012          2  0.000e+00
      46157   1923.167   1235.512   1247.170     9.0674     9.0676   3.751985   3.751968     1.6239     1.3333      26.96   24.22558  -81.60934    0.00004   -0.00010          2  0.000e+00
      46158   1923.208   1235.565   1247.224     9.0671     9.0678   3.751933   3.751928     1.6239     1.3321      26.96   24.22558  -81.60934    0.00003   -0.00011          2  0.000e+00
      46159   1923.250   1235.512   1247.170     9.0671     9.0676   3.751972   3.751935     1.6239     1.3321      26.96   24.22558  -81.60934    0.00003   -0.00013          2  0.000e+00
      46160   1923.292   1235.512   1247.170     9.0671     9.0671   3.751953   3.751948     1.6239     1.3321      26.96   24.22558  -81.60934    0.00004   -0.00014          2  0.000e+00
      46161   1923.333   1235.512   1247.170     9.0668     9.0672   3.751979   3.751968     1.6239     1.3333      26.96   24.22558  -81.60934    0.00004   -0.00014          2  0.000e+00
      46162   1923.375   1235.565   1247.224     9.0674     9.0665   3.751992   3.751928     1.6239     1.3321      26.96   24.22558  -81.60934    0.00003   -0.00015          2  0.000e+00
      46163   1923.417   1235.512   1247.170     9.0674     9.0660   3.752005   3.751888     1.6239     1.3321      26.96   24.22558  -81.60934    0.00003   -0.00015          2  0.000e+00
      46164   1923.458   1235.565   1247.224     9.0669     9.0659   3.751946   3.751882     1.6239     1.3321      26.96   24.22558  -81.60934    0.00002   -0.00015          2  0.000e+00
      46165   1923.500   1235.512   1247.170     9.0671     9.0655   3.751913   3.751882     1.6239     1.3321      26.96   24.22558  -81.60934    0.00002   -0.00013          2  0.000e+00
      46166   1923.542   1235.512   1247.170     9.0668     9.0668   3.751946   3.751928     1.6239     1.3333      26.96   24.22558  -81.60934    0.00002   -0.00011          2  0.000e+00
      46167   1923.583   1235.565   1247.224     9.0671     9.0687   3.751979   3.751948     1.6239     1.3333      26.96   24.22558  -81.60934    0.00001   -0.00010          2  0.000e+00
      46168   1923.625   1235.512   1247.170     9.0671     9.0704   3.751933   3.751968     1.6239     1.3321      26.96   24.22558  -81.60934    0.00001   -0.00010          2  0.000e+00
      46169   1923.667   1235.565   1247.224     9.0668     9.0712   3.751946   3.752002     1.6252     1.3321      26.96   24.22558  -81.60934    0.00002   -0.00011          2  0.000e+00
      46170   1923.708   1235.512   1247.170     9.0671     9.0707   3.751946   3.752015     1.6239     1.3321      26.96   24.22558  -81.60934    0.00002   -0.00011          2  0.000e+00
      46171   1923.750   1235.538   1247.197     9.0666     9.0701   3.751953   3.752062     1.6239     1.3321      26.96   24.22558  -81.60934    0.00001   -0.00011          2  0.000e+00
      46172   1923.792   1235.565   1247.223     9.0669     9.0690   3.751920   3.752002     1.6239     1.3333      26.96   24.22558  -81.60934   -0.00001   -0.00009          2  0.000e+00
      46173   1923.833   1235.565   1247.223     9.0665     9.0675   3.751920   3.751982     1.6239     1.3321      26.96   24.22558  -81.60934   -0.00002   -0.00008          2  0.000e+00
      46174   1923.875   1235.512   1247.170     9.0663     9.0671   3.751926   3.751955     1.6239     1.3321      26.96   24.22558  -81.60934   -0.00002   -0.00008          2  0.000e+00
      46175   1923.917   1235.565   1247.223     9.0668     9.0669   3.751966   3.751948     1.6239     1.3321      26.96   24.22558  -81.60934   -0.00003   -0.00007          2  0.000e+00
      46176   1923.958   1235.512   1247.170     9.0668     9.0678   3.751913   3.751968     1.6239     1.3333      26.96   24.22558  -81.60934   -0.00003   -0.00005          2  0.000e+00
      46177   1924.000   1235.565   1247.223     9.0665     9.0686   3.751880   3.751982     1.6239     1.3333      26.94   24.22558  -81.60934   -0.00004   -0.00004          2  0.000e+00
      46178   1924.042   1235.565   1247.223     9.0668     9.0682   3.751913   3.752002     1.6239     1.3333      26.89   24.22558  -81.60934   -0.00004   -0.00002          2  0.000e+00
      46179   1924.083   1235.512   1247.170     9.0668     9.0675   3.751873   3.752015     1.6239     1.3321      26.89   24.22558  -81.60934   -0.00005   -0.00002          2  0.000e+00
      46180   1924.125   1235.612   1247.271     9.0666     9.0680   3.751900   3.752015     1.6239     1.3321      26.86   24.22558  -81.60934   -0.00005   -0.00003          2  0.000e+00
      46181   1924.167   1235.512   1247.170     9.0650     9.0678   3.751821   3.751935     1.6239     1.3321      26.89   24.22558  -81.60934   -0.00004   -0.00004          2  0.000e+00
      46182   1924.208   1235.565   1247.223     9.0625     9.0668   3.751682   3.751888     1.6239     1.3333      26.89   24.22558  -81.60934   -0.00004   -0.00002          2  0.000e+00
      46183   1924.250   1235.565   1247.223     9.0618     9.0661   3.751504   3.751855     1.6239     1.3321      26.86   24.22558  -81.60934   -0.00005   -0.00003          2  0.000e+00
      46184   1924.292   1235.565   1247.223     9.0614     9.0656   3.751498   3.751821     1.6239     1.3333      26.89   24.22558  -81.60934   -0.00005   -0.00002          2  0.000e+00
      46185   1924.333   1235.565   1247.223     9.0617     9.0656   3.751471   3.751788     1.6239     1.3321      26.86   24.22558  -81.60934   -0.00006   -0.00004          2  0.000e+00
