GOMECC/GOMECC-4/1db/rb2103_1371.cnv
* Sea-Bird SBE 9 Data File:
* FileName = C:\Users\scs.user.rb\CTD\GOMECC4\data\rb2103_1371.hex
* Software Version Seasave V 7.26.7.107
* Temperature SN = 4799
* Conductivity SN = 3860
* Number of Bytes Per Scan = 41
* Number of Voltage Words = 4
* Number of Scans Averaged by the Deck Unit = 1
* NMEA Latitude = 26 00.14 N
* NMEA Longitude = 084 11.82 W
* NMEA UTC (Time) = Oct 20 2021  06:05:28
* NMEA baud rate = 4800
# nquan = 28
# nvalues = 269                         
# units = specified
# name 0 = scan: Scan Count
# name 1 = timeS: Time, Elapsed [seconds]
# name 2 = depSM: Depth [salt water, m]
# name 3 = prDM: Pressure, Digiquartz [db]
# name 4 = t090C: Temperature [ITS-90, deg C]
# name 5 = t190C: Temperature, 2 [ITS-90, deg C]
# name 6 = c0S/m: Conductivity [S/m]
# name 7 = c1S/m: Conductivity, 2 [S/m]
# name 8 = sbeox0V: Oxygen raw, SBE 43 [V]
# name 9 = sbeox1V: Oxygen raw, SBE 43, 2 [V]
# name 10 = altM: Altimeter [m]
# name 11 = latitude: Latitude [deg]
# name 12 = longitude: Longitude [deg]
# name 13 = sbox0dV/dT: Oxygen, SBE 43 [dov/dt]
# name 14 = sbox1dV/dT: Oxygen, SBE 43, 2 [dov/dt]
# name 15 = sbeox0ML/L: Oxygen, SBE 43 [ml/l], WS = 5
# name 16 = sbeox1ML/L: Oxygen, SBE 43, 2 [ml/l], WS = 5
# name 17 = potemp090C: Potential Temperature [ITS-90, deg C]
# name 18 = potemp190C: Potential Temperature, 2 [ITS-90, deg C]
# name 19 = sal00: Salinity, Practical [PSU]
# name 20 = sal11: Salinity, Practical, 2 [PSU]
# name 21 = sigma-é00: Density [sigma-theta, kg/m^3]
# name 22 = sigma-é11: Density, 2 [sigma-theta, kg/m^3]
# name 23 = avgsvCM: Average Sound Velocity [Chen-Millero, m/s], minP = 20, minS = 20
# name 24 = sbox0Mm/Kg: Oxygen, SBE 43 [umol/kg], WS = 5
# name 25 = sbox1Mm/Kg: Oxygen, SBE 43, 2 [umol/kg], WS = 5
# name 26 = nbin: number of scans per bin
# name 27 = flag: flag
# span 0 =       4914,      39060       
# span 1 =    204.695,   1627.441       
# span 2 =      1.987,    162.869       
# span 3 =      2.000,    164.000       
# span 4 =    16.3945,    28.5653       
# span 5 =    16.3939,    28.5661       
# span 6 =   4.572341,   5.773424       
# span 7 =   4.572071,   5.774873       
# span 8 =     1.9323,     3.1942       
# span 9 =     1.5979,     2.7055       
# span 10 =      10.34,     103.04      
# span 11 =   25.76177,   26.18083      
# span 12 =  -84.77237,  -83.41563      
# span 13 =   -0.03862,    0.01426      
# span 14 =   -0.03524,    0.01857      
# span 15 =     2.7898,     4.6986      
# span 16 =     2.7977,     4.6920      
# span 17 =    16.3679,    28.5632      
# span 18 =    16.3673,    28.5639      
# span 19 =    35.2989,    36.7098      
# span 20 =    35.2631,    36.7204      
# span 21 =    22.4817,    26.5940      
# span 22 =    22.4594,    26.5898      
# span 23 =       0.00,    1543.50      
# span 24 =    121.379,    204.783      
# span 25 =    121.722,    204.474      
# span 26 =         30,         77      
# span 27 = 0.0000e+00, 0.0000e+00      
# interval = decibars: 1                
# start_time = Oct 20 2021 06:05:28 [NMEA time, header]
# bad_flag = -9.990e-29
*END*
[from data line 52]
       8812    367.132     54.635     55.000    23.4701    23.4817   5.321130   5.322615     3.0693     2.6145     100.00   26.00270  -84.19705   -0.00669   -0.00540     4.6953     4.6920    23.4587    23.4703    36.3091    36.3110    24.7929    24.7909    1542.21    204.620    204.474         57 0.0000e+00
       8858    369.062     55.628     56.000    23.2796    23.2830   5.300541   5.301185     3.0545     2.6033     100.00   26.00270  -84.19704   -0.00799   -0.00591     4.6833     4.6840    23.2680    23.2714    36.3071    36.3093    24.8473    24.8480    1542.01    204.087    204.114         41 0.0000e+00
       8911    371.230     56.621     57.000    23.1785    23.1863   5.290085   5.291261     3.0420     2.5899     100.00   26.00270  -84.19704   -0.00631   -0.00572     4.6672     4.6625    23.1646    23.1746    36.3111    36.3129    24.8805    24.8793    1541.85    203.377    203.174         63 0.0000e+00
       8965    373.494     57.615     58.000    23.0522    23.0559   5.277835   5.278460     3.0206     2.5736      98.30   26.00270  -84.19704   -0.00830   -0.00676     4.6359     4.6377    23.0403    23.0440    36.3186    36.3204    24.9224    24.9227    1541.68    202.007    202.083         41 0.0000e+00
       9038    376.549     59.601     60.000    22.9022    22.9017   5.272223   5.271709     2.9653     2.5187      99.96   25.99310  -84.16591   -0.01402   -0.01418     4.5359     4.5266    22.8899    22.8894    36.3934    36.3898    25.0212    25.0187    1540.78    197.628    197.223         48 0.0000e+00
       9086    378.552     60.594     61.000    22.9570    22.9570   5.288792   5.288934     2.8993     2.4516     100.00   26.00271  -84.19704   -0.02835   -0.02670     4.3969     4.3718    22.9445    22.9445    36.4816    36.4827    25.0739    25.0747    1541.19    191.560    190.469         38 0.0000e+00
       9146    381.056     62.581     63.000    22.8349    22.8427   5.277739   5.278705     2.8067     2.3724      99.98   25.99513  -84.17254   -0.03862   -0.03524     4.2199     4.2043    22.8220    22.8298    36.4925    36.4935    25.1164    25.1149    1540.44    183.843    183.161         33 0.0000e+00
       9188    382.787     63.574     64.000    22.6582    22.6636   5.263789   5.264464     2.7490     2.3167     100.00   26.00271  -84.19704   -0.03185   -0.02811     4.1168     4.0930    22.6452    22.6506    36.5351    36.5359    25.2009    25.1999    1540.75    179.337    178.298         45 0.0000e+00
       9229    384.499     64.567     65.000    22.4538    22.4640   5.245490   5.246840     2.6859     2.2614      85.07   26.00272  -84.19704   -0.03595   -0.03319     4.0040     3.9834    22.4407    22.4509    36.5627    36.5648    25.2805    25.2792    1540.60    174.407    173.511         35 0.0000e+00
       9288    386.952     66.553     67.000    22.1331    22.1386   5.209127   5.210035     2.6070     2.1883      99.98   25.99670  -84.17755   -0.03308   -0.03042     3.8679     3.8426    22.1197    22.1252    36.5424    36.5450    25.3556    25.3560    1539.93    168.469    167.367         33 0.0000e+00
       9326    388.536     67.547     68.000    21.9788    21.9887   5.190946   5.192437     2.5769     2.1621     100.00   26.00272  -84.19704   -0.02739   -0.02483     3.8185     3.7946    21.9653    21.9752    36.5317    36.5352    25.3920    25.3918    1540.14    166.310    165.269         39 0.0000e+00
       9363    390.077     68.540     69.000    21.7390    21.7453   5.163675   5.164627     2.5479     2.1407      44.53   26.00272  -84.19704   -0.02074   -0.01706     3.7768     3.7633    21.7254    21.7316    36.5178    36.5200    25.4488    25.4488    1539.97    164.486    163.899         34 0.0000e+00
       9394    391.394     69.533     70.000    21.6553    21.6583   5.155475   5.156061     2.5167     2.1118      99.91   26.00272  -84.19704   -0.01983   -0.01618     3.7284     3.7127    21.6415    21.6445    36.5231    36.5253    25.4764    25.4772    1539.81    162.373    161.690         30 0.0000e+00
       9454    393.856     71.519     72.000    21.2810    21.2841   5.120830   5.121392     2.4429     2.0448      99.99   26.00006  -84.18844   -0.02680   -0.02442     3.5917     3.5753    21.2670    21.2701    36.5625    36.5643    25.6101    25.6107    1539.34    156.402    155.687         32 0.0000e+00
       9488    395.305     72.512     73.000    21.2531    21.2542   5.119404   5.119800     2.4060     2.0119      99.92   26.00272  -84.19704   -0.02954   -0.02683     3.5168     3.5018    21.2389    21.2400    36.5758    36.5780    25.6283    25.6297    1539.33    153.134    152.483         36 0.0000e+00
       9523    396.761     73.506     74.000    21.2297    21.2307   5.117625   5.117891     2.3846     1.9971      99.17   26.00272  -84.19704   -0.02471   -0.02144     3.4740     3.4697    21.2153    21.2164    36.5811    36.5824    25.6390    25.6396    1539.17    151.270    151.082         33 0.0000e+00
       9556    398.107     74.499     75.000    21.1633    21.1678   5.114199   5.114824     2.3699     1.9859      98.31   26.00272  -84.19704   -0.01599   -0.01228     3.4477     3.4477    21.1488    21.1533    36.6100    36.6112    25.6793    25.6789    1539.02    150.117    150.119         31 0.0000e+00
       9586    399.357     75.492     76.000    21.0746    21.0774   5.106072   5.107129     2.3526     1.9700      97.24   26.00274  -84.19704   -0.01223   -0.00945     3.4175     3.4169    21.0600    21.0631    36.6201    36.6219    25.7115    25.7107    1538.87    148.801    148.774         30 0.0000e+00
       9615    400.590     76.485     77.000    20.9781    20.9844   5.096340   5.097266     2.3328     1.9514      96.35   26.00273  -84.19704   -0.01331   -0.01217     3.3828     3.3803    20.9632    20.9696    36.6241    36.6261    25.7410    25.7408    1538.72    147.283    147.174         30 0.0000e+00
       9649    401.991     77.478     78.000    20.7834    20.7922   5.072399   5.073772     2.3108     1.9319      95.33   26.00272  -84.19704   -0.01537   -0.01389     3.3502     3.3480    20.7685    20.7773    36.5971    36.6007    25.7736    25.7740    1538.56    145.860    145.765         37 0.0000e+00
       9686    403.552     78.472     79.000    20.5404    20.5495   5.040432   5.041814     2.2815     1.9029      94.18   26.00272  -84.19704   -0.01643   -0.01506     3.3055     3.2968    20.5255    20.5345    36.5462    36.5496    25.8008    25.8009    1538.41    143.910    143.531         37 0.0000e+00
       9772    407.115     81.451     82.000    20.2435    20.2463   5.001449   5.002403     2.2143     1.8434      91.28   25.99009  -84.15613   -0.01699   -0.01471     3.1873     3.1805    20.2281    20.2309    36.4796    36.4819    25.8283    25.8293    1537.18    138.759    138.463         32 0.0000e+00
       9812    408.793     82.444     83.000    19.9649    19.9699   4.972918   4.973261     2.1683     1.7915      90.38   26.00272  -84.19704   -0.01970   -0.01784     3.0876     3.0645    19.9477    19.9548    36.4907    36.4926    25.9132    25.9145    1537.80    134.407    133.403         39 0.0000e+00
       9847    410.269     83.437     84.000    19.9391    19.9422   4.971268   4.971775     2.1327     1.7665      89.51   26.00272  -84.19704   -0.02704   -0.02611     3.0292     3.0162    19.9236    19.9266    36.4976    36.4990    25.9249    25.9251    1537.61    131.864    131.298         30 0.0000e+00
       9905    412.676     85.423     86.000    19.8343    19.8363   4.962772   4.963143     2.1151     1.7583      87.45   25.99804  -84.18189   -0.01463   -0.01058     2.9978     3.0034    19.8184    19.8203    36.5130    36.5142    25.9640    25.9644    1537.02    130.492    130.739         35 0.0000e+00
       9942    414.208     86.416     87.000    19.8063    19.8085   4.960691   4.961041     2.1247     1.7704      86.42   26.00272  -84.19704   -0.00256    0.00049     3.0190     3.0323    19.7920    19.7926    36.5231    36.5248    25.9793    25.9801    1537.14    131.414    131.995         34 0.0000e+00
       9974    415.524     87.409     88.000    19.7982    19.7989   4.962787   4.963081     2.1341     1.7806      85.52   26.00270  -84.19704    0.00463    0.00632     3.0425     3.0599    19.7884    19.7837    36.5431    36.5443    25.9954    25.9961    1537.01    132.436    133.194         30 0.0000e+00
      10004    416.778     88.402     89.000    19.7854    19.7874   4.961091   4.961507     2.1388     1.7846      84.56   26.00270  -84.19704    0.00653    0.00718     3.0521     3.0683    19.7690    19.7710    36.5454    36.5471    26.0024    26.0031    1536.85    132.851    133.555         31 0.0000e+00
      10036    418.128     89.395     90.000    19.6910    19.6967   4.950602   4.951464     2.1397     1.7827      83.63   26.00270  -84.19704    0.00408    0.00339     3.0603     3.0694    19.6744    19.6802    36.5406    36.5427    26.0236    26.0237    1536.71    133.207    133.603         34 0.0000e+00
      10070    419.549     90.388     91.000    19.5543    19.5578   4.934626   4.935235     2.1324     1.7758      82.64   26.00272  -84.19704    0.00007   -0.00102     3.0534     3.0616    19.5376    19.5411    36.5269    36.5289    26.0491    26.0497    1536.56    132.902    133.262         33 0.0000e+00
      10102    420.859     91.381     92.000    19.5437    19.5443   4.933946   4.934150     2.1197     1.7602      81.67   26.00272  -84.19704   -0.00478   -0.00539     3.0269     3.0259    19.5269    19.5274    36.5301    36.5314    26.0544    26.0552    1536.42    131.747    131.705         30 0.0000e+00
      10133    422.150     92.374     93.000    19.5376    19.5386   4.933943   4.934214     2.1176     1.7612      80.60   26.00272  -84.19704   -0.00683   -0.00713     3.0230     3.0287    19.5205    19.5215    36.5351    36.5365    26.0598    26.0606    1536.28    131.579    131.825         32 0.0000e+00
      10166    423.530     93.368     94.000    19.4900    19.4938   4.928172   4.928796     2.1242     1.7696      79.59   26.00272  -84.19704   -0.00238   -0.00169     3.0406     3.0517    19.4728    19.4766    36.5283    36.5302    26.0671    26.0676    1536.14    132.346    132.827         34 0.0000e+00
      10198    424.892     94.360     95.000    19.4079    19.4111   4.919015   4.919412     2.1302     1.7758      78.75   26.00272  -84.19704    0.00320    0.00437     3.0596     3.0725    19.3906    19.3938    36.5224    36.5240    26.0840    26.0845    1536.00    133.168    133.728         31 0.0000e+00
      10229    426.165     95.354     96.000    19.3387    19.3427   4.912496   4.913097     2.1324     1.7783      77.79   26.00272  -84.19704    0.00408    0.00455     3.0684     3.0820    19.3212    19.3252    36.5294    36.5309    26.1075    26.1076    1535.87    133.548    134.138         31 0.0000e+00
      10261    427.482     96.347     97.000    19.2399    19.2446   4.901552   4.902253     2.1309     1.7756      76.75   26.00272  -84.19704    0.00189    0.00189     3.0717     3.0818    19.2223    19.2270    36.5242    36.5259    26.1292    26.1294    1535.72    133.688    134.127         33 0.0000e+00
      10295    428.916     97.340     98.000    19.1117    19.1173   4.886677   4.887499     2.1255     1.7696      75.73   26.00272  -84.19704   -0.00110   -0.00169     3.0703     3.0772    19.0941    19.0996    36.5118    36.5138    26.1530    26.1531    1535.60    133.627    133.927         35 0.0000e+00
      10329    430.316     98.333     99.000    18.9686    18.9743   4.870223   4.871038     2.1196     1.7641      74.74   26.00272  -84.19704   -0.00332   -0.00378     3.0648     3.0710    18.9509    18.9566    36.4991    36.5009    26.1802    26.1801    1535.45    133.382    133.651         31 0.0000e+00
      10389    432.835    100.319    101.000    18.8401    18.8423   4.855961   4.856384     2.1092     1.7539      72.85   26.00407  -84.20146   -0.00443   -0.00418     3.0509     3.0552    18.8221    18.8242    36.4921    36.4938    26.2080    26.2087    1535.26    132.774    132.962         32 0.0000e+00
      10422    434.197    101.312    102.000    18.8029    18.8048   4.851641   4.852011     2.1048     1.7508      71.75   26.00270  -84.19704   -0.00388   -0.00362     3.0439     3.0503    18.7847    18.7866    36.4874    36.4889    26.2138    26.2145    1535.04    132.467    132.748         34 0.0000e+00
      10456    435.612    102.305    103.000    18.7737    18.7771   4.848381   4.848933     2.1014     1.7481      70.82   26.00272  -84.19704   -0.00308   -0.00242     3.0386     3.0457    18.7553    18.7587    36.4853    36.4870    26.2197    26.2201    1534.91    132.238    132.547         34 0.0000e+00
      10487    436.924    103.298    104.000    18.6604    18.6645   4.835701   4.836303     2.0977     1.7449      69.96   26.00272  -84.19704   -0.00263   -0.00206     3.0387     3.0457    18.6420    18.6461    36.4778    36.4793    26.2429    26.2430    1534.77    132.239    132.543         30 0.0000e+00
      10518    438.196    104.291    105.000    18.5751    18.5770   4.826104   4.826479     2.0948     1.7432      68.81   26.00272  -84.19704   -0.00257   -0.00211     3.0375     3.0465    18.5565    18.5584    36.4715    36.4731    26.2598    26.2605    1534.64    132.182    132.577         31 0.0000e+00
      10550    439.534    105.284    106.000    18.5170    18.5206   4.819467   4.820033     2.0943     1.7428      67.87   26.00270  -84.19704   -0.00201   -0.00137     3.0403     3.0495    18.4983    18.5019    36.4663    36.4679    26.2705    26.2709    1534.51    132.305    132.703         32 0.0000e+00
      10581    440.818    106.277    107.000    18.4509    18.4533   4.812767   4.813202     2.0929     1.7418      66.99   26.00270  -84.19704   -0.00108   -0.00071     3.0417     3.0513    18.4320    18.4344    36.4676    36.4691    26.2883    26.2888    1534.38    132.363    132.780         30 0.0000e+00
      10612    442.121    107.270    108.000    18.4087    18.4103   4.808310   4.808638     2.0949     1.7450      65.91   26.00270  -84.19704   -0.00033   -0.00000     3.0492     3.0619    18.3897    18.3913    36.4662    36.4676    26.2979    26.2986    1534.25    132.687    133.242         34 0.0000e+00
      10650    443.703    108.263    109.000    18.3984    18.3995   4.807520   4.807768     2.0998     1.7495      64.85   26.00270  -84.19704    0.00148    0.00192     3.0610     3.0738    18.3793    18.3803    36.4687    36.4699    26.3024    26.3031    1534.12    133.200    133.757         40 0.0000e+00
      10686    445.211    109.256    110.000    18.3914    18.3927   4.806602   4.806877     2.1025     1.7533      63.99   26.00270  -84.19704    0.00264    0.00290     3.0669     3.0829    18.3721    18.3734    36.4690    36.4702    26.3045    26.3051    1534.01    133.458    134.154         31 0.0000e+00
      10746    447.693    111.242    112.000    18.3127    18.3142   4.796843   4.797155     2.1015     1.7531      61.92   25.99455  -84.17066    0.00050    0.00099     3.0715     3.0891    18.2931    18.2946    36.4489    36.4502    26.3081    26.3087    1533.26    133.655    134.420         39 0.0000e+00
      10788    449.467    112.234    113.000    18.3061    18.3072   4.797130   4.797375     2.1025     1.7528      60.82   26.00270  -84.19704   -0.00026   -0.00030     3.0743     3.0891    18.2863    18.2874    36.4606    36.4617    26.3196    26.3202    1533.63    133.779    134.423         37 0.0000e+00
      10820    450.810    113.227    114.000    18.3033    18.3045   4.797056   4.797295     2.1038     1.7534      60.02   26.00270  -84.19704    0.00027   -0.00036     3.0779     3.0909    18.2833    18.2845    36.4621    36.4630    26.3215    26.3220    1533.51    133.932    134.499         30 0.0000e+00
