GOMECC/GOMECC-4/1db/rb2103_0801.ros
* Sea-Bird SBE 9 Data File:
* FileName = C:\Users\scs.user.rb\CTD\GOMECC4\data\rb2103_0801.hex
* Software Version Seasave V 7.26.7.107
* Temperature SN = 4799
* Conductivity SN = 3860
* Number of Bytes Per Scan = 41
* Number of Voltage Words = 4
* Number of Scans Averaged by the Deck Unit = 1
* NMEA Latitude = 22 16.43 N
* NMEA Longitude = 096 46.23 W
* NMEA UTC (Time) = Oct 06 2021  09:45:19
* NMEA baud rate = 4800
# nquan = 17
# nvalues = 3059                                  
# units = specified
# name 0 = scan: Scan Count
# name 1 = timeS: Time, Elapsed [seconds]
# name 2 = depSM: Depth [salt water, m]
# name 3 = prDM: Pressure, Digiquartz [db]
# name 4 = t090C: Temperature [ITS-90, deg C]
# name 5 = t190C: Temperature, 2 [ITS-90, deg C]
# name 6 = c0S/m: Conductivity [S/m]
# name 7 = c1S/m: Conductivity, 2 [S/m]
# name 8 = sbeox0V: Oxygen raw, SBE 43 [V]
# name 9 = sbeox1V: Oxygen raw, SBE 43, 2 [V]
# name 10 = altM: Altimeter [m]
# name 11 = latitude: Latitude [deg]
# name 12 = longitude: Longitude [deg]
# name 13 = sbox0dV/dT: Oxygen, SBE 43 [dov/dt]
# name 14 = sbox1dV/dT: Oxygen, SBE 43, 2 [dov/dt]
# name 15 = nbf: Bottles Fired
# name 16 = flag:  0.000e+00
# interval = seconds: 0.0416667
# start_time = Oct 06 2021 09:45:19 [NMEA time, header]
# bad_flag = -9.990e-29
*END*
[from data line 2809]
     154187   6424.417      3.381      3.403    29.3002    29.3020   5.910467   5.910638     3.1416     2.6545     100.00   22.27396  -96.77098    0.00068   -0.00097         22  0.000e+00
     154188   6424.458      3.381      3.403    29.3004    29.3013   5.910483   5.910590     3.1416     2.6557      95.56   22.27396  -96.77098    0.00070   -0.00101         22  0.000e+00
     154189   6424.500      3.368      3.389    29.3007    29.3004   5.910483   5.910509     3.1416     2.6557      90.06   22.27396  -96.77098    0.00074   -0.00107         22  0.000e+00
     154190   6424.542      3.327      3.348    29.3003    29.2998   5.910515   5.910445     3.1416     2.6557      88.79   22.27396  -96.77098    0.00077   -0.00111         22  0.000e+00
     154191   6424.583      3.327      3.348    29.2996    29.2996   5.910380   5.910437     3.1416     2.6557      89.01   22.27396  -96.77098    0.00080   -0.00117         22  0.000e+00
     154192   6424.625      3.327      3.348    29.2978    29.2994   5.910261   5.910396     3.1416     2.6545      89.26   22.27396  -96.77098    0.00084   -0.00122         22  0.000e+00
     154193   6424.667      3.321      3.341    29.2977    29.2992   5.910197   5.910421     3.1416     2.6557      89.28   22.27396  -96.77098    0.00088   -0.00126         22  0.000e+00
     154194   6424.708      3.280      3.301    29.2989    29.2991   5.910332   5.910364     3.1416     2.6557      89.28   22.27396  -96.77098    0.00092   -0.00129         22  0.000e+00
     154195   6424.750      3.280      3.301    29.2996    29.2989   5.910380   5.910372     3.1416     2.6557      89.28   22.27396  -96.77098    0.00094   -0.00133         22  0.000e+00
     154196   6424.792      3.321      3.341    29.2993    29.3003   5.910340   5.910461     3.1416     2.6557      89.26   22.27396  -96.77098    0.00097   -0.00136         22  0.000e+00
     154197   6424.833      3.280      3.301    29.2988    29.3015   5.910261   5.910558     3.1416     2.6557      89.28   22.27396  -96.77098    0.00099   -0.00137         22  0.000e+00
     154198   6424.875      3.233      3.253    29.2983    29.3020   5.910197   5.910614     3.1416     2.6545      89.28   22.27396  -96.77098    0.00101   -0.00140         22  0.000e+00
     154199   6424.917      3.233      3.253    29.2971    29.3026   5.910078   5.910703     3.1416     2.6545      89.28   22.27396  -96.77098    0.00102   -0.00143         22  0.000e+00
     154200   6424.958      3.266      3.287    29.2968    29.3026   5.910046   5.910687     3.1416     2.6545      89.28   22.27396  -96.77098    0.00104   -0.00145         22  0.000e+00
     154201   6425.000      3.178      3.198    29.2978    29.3027   5.910117   5.910751     3.1416     2.6557      89.28   22.27396  -96.77098    0.00105   -0.00145         22  0.000e+00
     154202   6425.042      3.178      3.198    29.2983    29.3032   5.910213   5.910775     3.1416     2.6557      89.28   22.27396  -96.77098    0.00106   -0.00146         22  0.000e+00
     154203   6425.083      3.172      3.192    29.2985    29.3032   5.910197   5.910775     3.1404     2.6557      89.28   22.27396  -96.77098    0.00105   -0.00146         22  0.000e+00
     154204   6425.125      3.233      3.253    29.2981    29.3032   5.910149   5.910775     3.1416     2.6557      89.28   22.27396  -96.77098    0.00106   -0.00148         22  0.000e+00
     154205   6425.167      3.178      3.198    29.2974    29.3032   5.910101   5.910808     3.1404     2.6557      89.28   22.27396  -96.77098    0.00107   -0.00149         22  0.000e+00
     154206   6425.208      3.178      3.198    29.2972    29.3031   5.910094   5.910783     3.1416     2.6557      89.28   22.27396  -96.77098    0.00108   -0.00151         22  0.000e+00
     154207   6425.250      3.118      3.137    29.2971    29.3028   5.910093   5.910735     3.1404     2.6557      89.28   22.27396  -96.77098    0.00107   -0.00150         22  0.000e+00
     154208   6425.292      3.178      3.198    29.2971    29.3024   5.910022   5.910727     3.1404     2.6557      89.26   22.27396  -96.77098    0.00106   -0.00151         22  0.000e+00
     154209   6425.333      3.131      3.151    29.2967    29.3024   5.909958   5.910759     3.1404     2.6557      89.26   22.27396  -96.77098    0.00105   -0.00151         22  0.000e+00
     154210   6425.375      3.070      3.089    29.2962    29.3020   5.909950   5.910703     3.1404     2.6557      89.28   22.27396  -96.77098    0.00104   -0.00150         22  0.000e+00
     154211   6425.417      3.178      3.198    29.2958    29.3022   5.909911   5.910751     3.1404     2.6557      93.55   22.27396  -96.77098    0.00102   -0.00148         22  0.000e+00
     154212   6425.458      3.131      3.151    29.2958    29.3026   5.909863   5.910735     3.1404     2.6557      99.17   22.27396  -96.77098    0.00101   -0.00149         22  0.000e+00
     154213   6425.500      3.084      3.103    29.2956    29.3026   5.909855   5.910799     3.1404     2.6557     100.00   22.27396  -96.77098    0.00100   -0.00149         22  0.000e+00
     154214   6425.542      3.118      3.137    29.2951    29.3026   5.909815   5.910824     3.1392     2.6557     100.00   22.27396  -96.77098    0.00097   -0.00149         22  0.000e+00
     154215   6425.583      3.084      3.103    29.2947    29.3026   5.909728   5.910783     3.1392     2.6557     100.00   22.27396  -96.77098    0.00091   -0.00149         22  0.000e+00
     154216   6425.625      3.084      3.103    29.2943    29.3027   5.909704   5.910808     3.1404     2.6569     100.00   22.27396  -96.77098    0.00090   -0.00148         22  0.000e+00
     154217   6425.667      3.118      3.137    29.2936    29.3026   5.909704   5.910751     3.1392     2.6569     100.00   22.27396  -96.77098    0.00086   -0.00146         22  0.000e+00
     154218   6425.708      3.084      3.103    29.2935    29.3026   5.909672   5.910759     3.1392     2.6569     100.00   22.27396  -96.77098    0.00083   -0.00144         22  0.000e+00
     154219   6425.750      3.084      3.103    29.2935    29.3026   5.909656   5.910735     3.1392     2.6569     100.00   22.27396  -96.77098    0.00080   -0.00141         22  0.000e+00
     154220   6425.792      3.030      3.049    29.2931    29.3026   5.909656   5.910727     3.1392     2.6569     100.00   22.27396  -96.77098    0.00076   -0.00139         22  0.000e+00
     154221   6425.833      3.118      3.137    29.2932    29.3026   5.909616   5.910759     3.1392     2.6581     100.00   22.27396  -96.77098    0.00073   -0.00135         22  0.000e+00
     154222   6425.875      3.084      3.103    29.2930    29.3024   5.909640   5.910808     3.1392     2.6581     100.00   22.27396  -96.77098    0.00069   -0.00131         22  0.000e+00
     154223   6425.917      3.084      3.103    29.2933    29.3024   5.909688   5.910783     3.1392     2.6581     100.00   22.27396  -96.77098    0.00065   -0.00128         22  0.000e+00
     154224   6425.958      3.023      3.042    29.2932    29.3024   5.909704   5.910775     3.1380     2.6593     100.00   22.27396  -96.77098    0.00060   -0.00124         22  0.000e+00
     154225   6426.000      3.084      3.103    29.2934    29.3024   5.909632   5.910775     3.1392     2.6593     100.00   22.27396  -96.77098    0.00056   -0.00120         22  0.000e+00
     154226   6426.042      3.084      3.103    29.2934    29.3026   5.909680   5.910848     3.1380     2.6593     100.00   22.27396  -96.77098    0.00053   -0.00116         22  0.000e+00
     154227   6426.083      3.030      3.049    29.2934    29.3029   5.909704   5.910832     3.1380     2.6593     100.00   22.27396  -96.77098    0.00047   -0.00111         22  0.000e+00
     154228   6426.125      3.070      3.089    29.2935    29.3033   5.909664   5.910856     3.1380     2.6606     100.00   22.27396  -96.77098    0.00044   -0.00107         22  0.000e+00
     154229   6426.167      3.030      3.049    29.2937    29.3039   5.909688   5.910872     3.1380     2.6606     100.00   22.27396  -96.77098    0.00040   -0.00103         22  0.000e+00
     154230   6426.208      3.084      3.103    29.2940    29.3041   5.909704   5.910945     3.1380     2.6606     100.00   22.27396  -96.77098    0.00037   -0.00099         22  0.000e+00
     154231   6426.250      3.070      3.089    29.2941    29.3041   5.909736   5.910928     3.1380     2.6618     100.00   22.27396  -96.77098    0.00033   -0.00093         22  0.000e+00
     154232   6426.292      3.030      3.049    29.2941    29.3042   5.909751   5.910953     3.1380     2.6618     100.00   22.27396  -96.77098    0.00030   -0.00086         22  0.000e+00
     154233   6426.333      3.030      3.049    29.2940    29.3039   5.909751   5.910896     3.1380     2.6618     100.00   22.27396  -96.77098    0.00026   -0.00078         22  0.000e+00
     154234   6426.375      3.084      3.103    29.2941    29.3039   5.909751   5.910904     3.1380     2.6618     100.00   22.27396  -96.77098    0.00023   -0.00071         22  0.000e+00
     154235   6426.417      3.070      3.089    29.2943    29.3033   5.909720   5.910880     3.1380     2.6618     100.00   22.27396  -96.77098    0.00020   -0.00062         22  0.000e+00
     154236   6426.458      2.982      3.001    29.2942    29.3030   5.909783   5.910832     3.1368     2.6618     100.00   22.27396  -96.77098    0.00014   -0.00055         22  0.000e+00
     154237   6426.500      3.084      3.103    29.2945    29.3029   5.909807   5.910824     3.1368     2.6618     100.00   22.27396  -96.77098    0.00009   -0.00046         22  0.000e+00
     154238   6426.542      3.023      3.042    29.2947    29.3028   5.909807   5.910824     3.1380     2.6618     100.00   22.27396  -96.77098    0.00004   -0.00037         22  0.000e+00
     154239   6426.583      3.030      3.049    29.2949    29.3028   5.909807   5.910824     3.1380     2.6618     100.00   22.27396  -96.77098    0.00001   -0.00027         22  0.000e+00
     154240   6426.625      3.030      3.049    29.2953    29.3026   5.909807   5.910824     3.1368     2.6618     100.00   22.27396  -96.77098   -0.00004   -0.00016         22  0.000e+00
     154241   6426.667      3.084      3.103    29.2950    29.3028   5.909839   5.910783     3.1380     2.6618     100.00   22.27396  -96.77098   -0.00008   -0.00005         22  0.000e+00
     154242   6426.708      3.023      3.042    29.2950    29.3029   5.909775   5.910775     3.1380     2.6618     100.00   22.27396  -96.77098   -0.00012    0.00003         22  0.000e+00
     154243   6426.750      3.030      3.049    29.2944    29.3026   5.909751   5.910735     3.1380     2.6618     100.00   22.27396  -96.77098   -0.00016    0.00014         22  0.000e+00
     154244   6426.792      3.030      3.049    29.2945    29.3030   5.909751   5.910759     3.1380     2.6618     100.00   22.27396  -96.77098   -0.00019    0.00025         22  0.000e+00
     154245   6426.833      3.070      3.089    29.2941    29.3024   5.909712   5.910735     3.1380     2.6618     100.00   22.27396  -96.77098   -0.00024    0.00033         22  0.000e+00
     154246   6426.875      2.982      3.001    29.2942    29.3024   5.909735   5.910759     3.1380     2.6618     100.00   22.27396  -96.77098   -0.00027    0.00042         22  0.000e+00
     154247   6426.917      3.084      3.103    29.2943    29.3020   5.909791   5.910775     3.1380     2.6618     100.00   22.27396  -96.77098   -0.00032    0.00049         22  0.000e+00
     154248   6426.958      2.982      3.001    29.2945    29.3020   5.909759   5.910662     3.1380     2.6618     100.00   22.27396  -96.77098   -0.00037    0.00056         22  0.000e+00
     154249   6427.000      3.070      3.089    29.2947    29.3020   5.909863   5.910662     3.1380     2.6606     100.00   22.27396  -96.77098   -0.00041    0.00061         22  0.000e+00
     154250   6427.042      3.030      3.049    29.2954    29.3020   5.909934   5.910638     3.1392     2.6606     100.00   22.27396  -96.77098   -0.00044    0.00066         22  0.000e+00
     154251   6427.083      3.030      3.049    29.2958    29.3011   5.909950   5.910630     3.1392     2.6606     100.00   22.27396  -96.77098   -0.00047    0.00071         22  0.000e+00
     154252   6427.125      3.070      3.089    29.2963    29.3000   5.909950   5.910662     3.1392     2.6606     100.00   22.27396  -96.77098   -0.00052    0.00076         22  0.000e+00
     154253   6427.167      3.030      3.049    29.2970    29.3013   5.909982   5.910783     3.1404     2.6606     100.00   22.27396  -96.77098   -0.00054    0.00081         22  0.000e+00
     154254   6427.208      3.030      3.049    29.2972    29.3032   5.909926   5.910856     3.1404     2.6606     100.00   22.27396  -96.77098   -0.00053    0.00086         22  0.000e+00
     154255   6427.250      3.030      3.049    29.2961    29.3032   5.909903   5.910872     3.1404     2.6606     100.00   22.27396  -96.77098   -0.00055    0.00089         22  0.000e+00
     154256   6427.292      3.070      3.089    29.2951    29.3030   5.909903   5.910799     3.1404     2.6606     100.00   22.27396  -96.77098   -0.00057    0.00093         22  0.000e+00
     154257   6427.333      3.030      3.049    29.2952    29.3029   5.909863   5.910848     3.1416     2.6606     100.00   22.27396  -96.77098   -0.00056    0.00098         22  0.000e+00
     154258   6427.375      3.030      3.049    29.2950    29.3028   5.909887   5.910872     3.1404     2.6593     100.00   22.27396  -96.77098   -0.00058    0.00101         22  0.000e+00
     154259   6427.417      3.070      3.089    29.2955    29.3032   5.909974   5.910832     3.1416     2.6593     100.00   22.27396  -96.77098   -0.00058    0.00104         22  0.000e+00
     154260   6427.458      3.084      3.103    29.2961    29.3028   5.909958   5.910824     3.1416     2.6593     100.00   22.27396  -96.77098   -0.00058    0.00107         22  0.000e+00
     154261   6427.500      3.030      3.049    29.2969    29.3028   5.910062   5.910824     3.1416     2.6593     100.00   22.27396  -96.77098   -0.00059    0.00110         22  0.000e+00
     154262   6427.542      3.084      3.103    29.2967    29.3033   5.910054   5.910856     3.1416     2.6593     100.00   22.27396  -96.77098   -0.00057    0.00113         22  0.000e+00
     154263   6427.583      3.070      3.089    29.2970    29.3037   5.910046   5.910872     3.1404     2.6593     100.00   22.27396  -96.77098   -0.00058    0.00116         22  0.000e+00
     154264   6427.625      3.030      3.049    29.2969    29.3041   5.910046   5.910945     3.1416     2.6581     100.00   22.27396  -96.77098   -0.00057    0.00117         22  0.000e+00
     154265   6427.667      3.084      3.103    29.2972    29.3042   5.910078   5.910969     3.1404     2.6581     100.00   22.27396  -96.77098   -0.00057    0.00118         22  0.000e+00
     154266   6427.708      3.070      3.089    29.2977    29.3045   5.910054   5.911001     3.1416     2.6581     100.00   22.27396  -96.77098   -0.00056    0.00120         22  0.000e+00
     154267   6427.750      3.030      3.049    29.2978    29.3046   5.910117   5.910977     3.1416     2.6569     100.00   22.27396  -96.77098   -0.00053    0.00119         22  0.000e+00
     154268   6427.792      3.131      3.151    29.2978    29.3048   5.910141   5.911041     3.1404     2.6569     100.00   22.27396  -96.77098   -0.00052    0.00119         22  0.000e+00
     154269   6427.833      3.030      3.049    29.2976    29.3048   5.910141   5.911025     3.1416     2.6569     100.00   22.27396  -96.77098   -0.00049    0.00119         22  0.000e+00
     154270   6427.875      3.118      3.137    29.2977    29.3052   5.910181   5.911049     3.1404     2.6569     100.00   22.27396  -96.77098   -0.00048    0.00118         22  0.000e+00
