GOMECC/GOMECC-4/1db/rb2103_0711.ros
* Sea-Bird SBE 9 Data File:
* FileName = C:\Users\scs.user.rb\CTD\GOMECC4\data\rb2103_0711.hex
* Software Version Seasave V 7.26.7.107
* Temperature SN = 4799
* Conductivity SN = 3860
* Number of Bytes Per Scan = 41
* Number of Voltage Words = 4
* Number of Scans Averaged by the Deck Unit = 1
* NMEA Latitude = 26 03.51 N
* NMEA Longitude = 094 11.79 W
* NMEA UTC (Time) = Oct 03 2021  22:34:45
* NMEA baud rate = 4800
# nquan = 17
# nvalues = 3192                                  
# units = specified
# name 0 = scan: Scan Count
# name 1 = timeS: Time, Elapsed [seconds]
# name 2 = depSM: Depth [salt water, m]
# name 3 = prDM: Pressure, Digiquartz [db]
# name 4 = t090C: Temperature [ITS-90, deg C]
# name 5 = t190C: Temperature, 2 [ITS-90, deg C]
# name 6 = c0S/m: Conductivity [S/m]
# name 7 = c1S/m: Conductivity, 2 [S/m]
# name 8 = sbeox0V: Oxygen raw, SBE 43 [V]
# name 9 = sbeox1V: Oxygen raw, SBE 43, 2 [V]
# name 10 = altM: Altimeter [m]
# name 11 = latitude: Latitude [deg]
# name 12 = longitude: Longitude [deg]
# name 13 = sbox0dV/dT: Oxygen, SBE 43 [dov/dt]
# name 14 = sbox1dV/dT: Oxygen, SBE 43, 2 [dov/dt]
# name 15 = nbf: Bottles Fired
# name 16 = flag:  0.000e+00
# interval = seconds: 0.0416667
# start_time = Oct 03 2021 22:34:45 [NMEA time, header]
# bad_flag = -9.990e-29
*END*
[from data line 3149]
     235940   9830.792      2.991      3.011    29.3451    29.3125   5.913514   5.910146     3.1526     2.6679     100.00   26.05758  -94.19790    0.00050   -0.00094         24  0.000e+00
     235941   9830.833      2.978      2.997    29.3462    29.3135   5.913649   5.910186     3.1526     2.6667     100.00   26.05758  -94.19790    0.00050   -0.00094         24  0.000e+00
     235942   9830.875      2.991      3.011    29.3477    29.3152   5.913744   5.910227     3.1526     2.6667     100.00   26.05758  -94.19790    0.00050   -0.00094         24  0.000e+00
     235943   9830.917      2.944      2.963    29.3479    29.3148   5.913911   5.910275     3.1514     2.6679     100.00   26.05758  -94.19790    0.00049   -0.00092         24  0.000e+00
     235944   9830.958      2.978      2.997    29.3499    29.3135   5.914142   5.910291     3.1514     2.6654     100.00   26.05758  -94.19790    0.00047   -0.00093         24  0.000e+00
     235945   9831.000      2.991      3.011    29.3517    29.3124   5.914453   5.910323     3.1514     2.6667     100.00   26.05758  -94.19790    0.00046   -0.00093         24  0.000e+00
     235946   9831.042      2.977      2.997    29.3523    29.3122   5.914723   5.910340     3.1526     2.6667     100.00   26.05758  -94.19790    0.00046   -0.00093         24  0.000e+00
     235947   9831.083      2.991      3.011    29.3587    29.3121   5.915001   5.910340     3.1514     2.6654     100.00   26.05758  -94.19790    0.00044   -0.00094         24  0.000e+00
     235948   9831.125      2.944      2.963    29.3665    29.3128   5.915359   5.910340     3.1514     2.6667     100.00   26.05758  -94.19790    0.00042   -0.00092         24  0.000e+00
     235949   9831.167      3.032      3.051    29.3716    29.3124   5.915638   5.910372     3.1526     2.6667     100.00   26.05758  -94.19790    0.00042   -0.00090         24  0.000e+00
     235950   9831.208      2.944      2.963    29.3739    29.3111   5.915805   5.910315     3.1514     2.6654     100.00   26.05758  -94.19790    0.00041   -0.00089         24  0.000e+00
     235951   9831.250      3.038      3.058    29.3715    29.3098   5.915805   5.910251     3.1526     2.6667     100.00   26.05758  -94.19790    0.00041   -0.00086         24  0.000e+00
     235952   9831.292      2.930      2.949    29.3669    29.3091   5.915725   5.910243     3.1514     2.6667     100.00   26.05758  -94.19790    0.00039   -0.00084         24  0.000e+00
     235953   9831.333      2.991      3.010    29.3667    29.3105   5.915662   5.910243     3.1514     2.6654     100.00   26.05758  -94.19790    0.00037   -0.00082         24  0.000e+00
     235954   9831.375      2.991      3.010    29.3657    29.3100   5.915511   5.910243     3.1526     2.6667     100.00   26.05758  -94.19790    0.00036   -0.00079         24  0.000e+00
     235955   9831.417      2.977      2.997    29.3648    29.3087   5.915344   5.910203     3.1526     2.6667     100.00   26.05758  -94.19790    0.00034   -0.00076         24  0.000e+00
     235956   9831.458      2.991      3.010    29.3641    29.3100   5.915240   5.910194     3.1526     2.6654     100.00   26.05758  -94.19790    0.00034   -0.00075         24  0.000e+00
     235957   9831.500      2.991      3.010    29.3606    29.3111   5.915177   5.910227     3.1526     2.6654     100.00   26.05758  -94.19790    0.00032   -0.00073         24  0.000e+00
     235958   9831.542      2.977      2.997    29.3547    29.3121   5.915129   5.910170     3.1526     2.6679     100.00   26.05758  -94.19790    0.00030   -0.00068         24  0.000e+00
     235959   9831.583      2.991      3.010    29.3517    29.3124   5.915121   5.910186     3.1526     2.6667     100.00   26.05758  -94.19790    0.00029   -0.00065         24  0.000e+00
     235960   9831.625      2.977      2.997    29.3523    29.3124   5.915121   5.910162     3.1526     2.6654     100.00   26.05758  -94.19790    0.00029   -0.00063         24  0.000e+00
     235961   9831.667      2.991      3.010    29.3580    29.3124   5.915264   5.910186     3.1514     2.6642     100.00   26.05758  -94.19790    0.00025   -0.00064         24  0.000e+00
     235962   9831.708      2.991      3.010    29.3600    29.3124   5.915423   5.910082     3.1526     2.6654     100.00   26.05758  -94.19790    0.00023   -0.00062         24  0.000e+00
     235963   9831.750      2.977      2.996    29.3591    29.3121   5.915566   5.909977     3.1526     2.6667     100.00   26.05758  -94.19790    0.00023   -0.00060         24  0.000e+00
     235964   9831.792      3.038      3.058    29.3573    29.3104   5.915638   5.909848     3.1526     2.6679     100.00   26.05758  -94.19790    0.00020   -0.00057         24  0.000e+00
     235965   9831.833      2.990      3.010    29.3615    29.3093   5.915797   5.909767     3.1526     2.6654     100.00   26.05758  -94.19790    0.00018   -0.00057         24  0.000e+00
     235966   9831.875      2.977      2.996    29.3691    29.3096   5.915916   5.909799     3.1526     2.6654     100.00   26.05758  -94.19790    0.00017   -0.00056         24  0.000e+00
     235967   9831.917      2.990      3.010    29.3731    29.3089   5.916155   5.909743     3.1526     2.6654     100.00   26.05758  -94.19790    0.00017   -0.00057         24  0.000e+00
     235968   9831.958      3.038      3.058    29.3768    29.3082   5.916410   5.909670     3.1526     2.6654     100.00   26.05758  -94.19790    0.00014   -0.00058         24  0.000e+00
     235969   9832.000      2.977      2.996    29.3792    29.3061   5.916545   5.909703     3.1526     2.6654     100.00   26.05758  -94.19790    0.00013   -0.00059         24  0.000e+00
     235970   9832.042      3.038      3.058    29.3798    29.3055   5.916680   5.909751     3.1526     2.6667     100.00   26.05758  -94.19790    0.00012   -0.00058         24  0.000e+00
     235971   9832.083      3.038      3.058    29.3788    29.3045   5.916752   5.909791     3.1514     2.6679     100.00   26.05758  -94.19790    0.00010   -0.00055         24  0.000e+00
     235972   9832.125      2.977      2.996    29.3785    29.3061   5.916800   5.909880     3.1514     2.6654     100.00   26.05758  -94.19790    0.00007   -0.00056         24  0.000e+00
     235973   9832.167      3.038      3.057    29.3772    29.3083   5.916744   5.909985     3.1514     2.6667     100.00   26.05758  -94.19790    0.00005   -0.00055         24  0.000e+00
     235974   9832.208      3.031      3.051    29.3757    29.3095   5.916649   5.910001     3.1514     2.6679     100.00   26.05758  -94.19790    0.00000   -0.00052         24  0.000e+00
     235975   9832.250      3.038      3.057    29.3751    29.3098   5.916505   5.910001     3.1514     2.6667     100.00   26.05758  -94.19790   -0.00002   -0.00051         24  0.000e+00
     235976   9832.292      3.037      3.057    29.3757    29.3098   5.916473   5.910009     3.1514     2.6679     100.00   26.05758  -94.19790   -0.00005   -0.00048         24  0.000e+00
     235977   9832.333      3.031      3.051    29.3755    29.3098   5.916434   5.910033     3.1514     2.6679     100.00   26.05758  -94.19790   -0.00008   -0.00045         24  0.000e+00
     235978   9832.375      3.037      3.057    29.3746    29.3098   5.916426   5.909977     3.1502     2.6691     100.00   26.05758  -94.19790   -0.00012   -0.00040         24  0.000e+00
     235979   9832.417      3.037      3.057    29.3741    29.3098   5.916426   5.909961     3.1502     2.6679     100.00   26.05758  -94.19790   -0.00016   -0.00037         24  0.000e+00
     235980   9832.458      3.078      3.098    29.3731    29.3097   5.916354   5.909985     3.1514     2.6679     100.00   26.05758  -94.19790   -0.00019   -0.00034         24  0.000e+00
     235981   9832.500      3.037      3.057    29.3726    29.3098   5.916330   5.910001     3.1502     2.6679     100.00   26.05758  -94.19790   -0.00023   -0.00030         24  0.000e+00
     235982   9832.542      2.990      3.010    29.3720    29.3104   5.916290   5.910041     3.1502     2.6679     100.00   26.05758  -94.19790   -0.00028   -0.00025         24  0.000e+00
