GOMECC/GOMECC-4/1db/rb2103_1351.ros
* Sea-Bird SBE 9 Data File:
* FileName = C:\Users\scs.user.rb\CTD\GOMECC4\data\rb2103_1351.hex
* Software Version Seasave V 7.26.7.107
* Temperature SN = 4799
* Conductivity SN = 3860
* Number of Bytes Per Scan = 41
* Number of Voltage Words = 4
* Number of Scans Averaged by the Deck Unit = 1
* NMEA Latitude = 26 15.54 N
* NMEA Longitude = 083 48.34 W
* NMEA UTC (Time) = Oct 20 2021  01:30:15
* NMEA baud rate = 4800
# nquan = 17
# nvalues = 1463                                  
# units = specified
# name 0 = scan: Scan Count
# name 1 = timeS: Time, Elapsed [seconds]
# name 2 = depSM: Depth [salt water, m]
# name 3 = prDM: Pressure, Digiquartz [db]
# name 4 = t090C: Temperature [ITS-90, deg C]
# name 5 = t190C: Temperature, 2 [ITS-90, deg C]
# name 6 = c0S/m: Conductivity [S/m]
# name 7 = c1S/m: Conductivity, 2 [S/m]
# name 8 = sbeox0V: Oxygen raw, SBE 43 [V]
# name 9 = sbeox1V: Oxygen raw, SBE 43, 2 [V]
# name 10 = altM: Altimeter [m]
# name 11 = latitude: Latitude [deg]
# name 12 = longitude: Longitude [deg]
# name 13 = sbox0dV/dT: Oxygen, SBE 43 [dov/dt]
# name 14 = sbox1dV/dT: Oxygen, SBE 43, 2 [dov/dt]
# name 15 = nbf: Bottles Fired
# name 16 = flag:  0.000e+00
# interval = seconds: 0.0416667
# start_time = Oct 20 2021 01:30:15 [NMEA time, header]
# bad_flag = -9.990e-29
*END*
[from data line 1107]
      40010   1667.042     15.024     15.123    28.5064    28.5092   5.735916   5.736519     3.1368     2.6532      81.29   26.25892  -83.80514   -0.00004   -0.00032          9  0.000e+00
      40011   1667.083     15.071     15.171    28.5062    28.5092   5.735900   5.736598     3.1368     2.6532      81.32   26.25892  -83.80514   -0.00004   -0.00030          9  0.000e+00
      40012   1667.125     15.024     15.123    28.5064    28.5100   5.735923   5.736734     3.1355     2.6532      81.34   26.25892  -83.80514   -0.00005   -0.00027          9  0.000e+00
      40013   1667.167     15.024     15.123    28.5061    28.5099   5.735892   5.736694     3.1368     2.6545      81.34   26.25892  -83.80514   -0.00004   -0.00023          9  0.000e+00
      40014   1667.208     15.024     15.123    28.5062    28.5096   5.735923   5.736598     3.1355     2.6545      81.34   26.25892  -83.80514   -0.00005   -0.00019          9  0.000e+00
      40015   1667.250     15.024     15.123    28.5062    28.5089   5.735900   5.736503     3.1355     2.6545      81.34   26.25892  -83.80514   -0.00006   -0.00013          9  0.000e+00
      40016   1667.292     15.024     15.123    28.5062    28.5093   5.735853   5.736487     3.1355     2.6545      81.34   26.25892  -83.80514   -0.00008   -0.00009          9  0.000e+00
      40017   1667.333     15.071     15.171    28.5064    28.5100   5.735939   5.736583     3.1355     2.6545      81.34   26.25892  -83.80514   -0.00009   -0.00003          9  0.000e+00
      40018   1667.375     15.024     15.123    28.5064    28.5099   5.735947   5.736662     3.1343     2.6557      81.34   26.25892  -83.80514   -0.00012    0.00004          9  0.000e+00
      40019   1667.417     15.024     15.123    28.5067    28.5098   5.735970   5.736670     3.1343     2.6557      81.34   26.25892  -83.80514   -0.00013    0.00011          9  0.000e+00
      40020   1667.458     15.078     15.177    28.5064    28.5097   5.735939   5.736630     3.1343     2.6557      81.34   26.25892  -83.80514   -0.00014    0.00018          9  0.000e+00
      40021   1667.500     15.024     15.123    28.5062    28.5098   5.735971   5.736622     3.1343     2.6557      81.34   26.25892  -83.80514   -0.00015    0.00025          9  0.000e+00
      40022   1667.542     15.024     15.123    28.5064    28.5096   5.735947   5.736654     3.1343     2.6557      81.34   26.25892  -83.80514   -0.00016    0.00032          9  0.000e+00
      40023   1667.583     15.071     15.171    28.5064    28.5095   5.735931   5.736598     3.1343     2.6557      81.34   26.25892  -83.80514   -0.00016    0.00039          9  0.000e+00
      40024   1667.625     15.078     15.177    28.5062    28.5094   5.735900   5.736575     3.1343     2.6569      81.34   26.25892  -83.80514   -0.00019    0.00048          9  0.000e+00
      40025   1667.667     15.024     15.123    28.5063    28.5093   5.735963   5.736614     3.1331     2.6569      81.34   26.25892  -83.80514   -0.00023    0.00056          9  0.000e+00
      40026   1667.708     15.078     15.177    28.5064    28.5092   5.735947   5.736519     3.1331     2.6569      81.34   26.25892  -83.80514   -0.00027    0.00064          9  0.000e+00
      40027   1667.750     15.024     15.123    28.5064    28.5092   5.735963   5.736487     3.1331     2.6569      81.34   26.25892  -83.80514   -0.00031    0.00072          9  0.000e+00
      40028   1667.792     15.078     15.177    28.5064    28.5090   5.735908   5.736447     3.1343     2.6569      81.34   26.25892  -83.80514   -0.00032    0.00080          9  0.000e+00
      40029   1667.833     15.024     15.123    28.5066    28.5086   5.735853   5.736399     3.1343     2.6569      81.34   26.25892  -83.80514   -0.00032    0.00088          9  0.000e+00
      40030   1667.875     15.078     15.177    28.5064    28.5089   5.735908   5.736391     3.1343     2.6569      81.34   26.25892  -83.80514   -0.00033    0.00095          9  0.000e+00
      40031   1667.917     15.024     15.123    28.5063    28.5087   5.735971   5.736431     3.1343     2.6569      81.32   26.25892  -83.80514   -0.00033    0.00103          9  0.000e+00
      40032   1667.958     15.078     15.177    28.5064    28.5084   5.735916   5.736399     3.1343     2.6569      81.34   26.25892  -83.80514   -0.00033    0.00110          9  0.000e+00
      40033   1668.000     15.078     15.177    28.5066    28.5085   5.735845   5.736423     3.1343     2.6569      81.34   26.25892  -83.80514   -0.00035    0.00116          9  0.000e+00
      40034   1668.042     15.024     15.123    28.5060    28.5086   5.735947   5.736399     3.1331     2.6569      81.34   26.25892  -83.80514   -0.00037    0.00121          9  0.000e+00
      40035   1668.083     15.071     15.171    28.5060    28.5087   5.735876   5.736463     3.1343     2.6569      81.34   26.25892  -83.80514   -0.00039    0.00126          9  0.000e+00
      40036   1668.125     15.078     15.177    28.5062    28.5088   5.735868   5.736447     3.1331     2.6569      81.34   26.25892  -83.80514   -0.00042    0.00131          9  0.000e+00
      40037   1668.167     15.024     15.123    28.5061    28.5087   5.735884   5.736439     3.1319     2.6557      81.34   26.25892  -83.80514   -0.00046    0.00134          9  0.000e+00
      40038   1668.208     15.024     15.123    28.5060    28.5090   5.735892   5.736368     3.1319     2.6557      81.34   26.25892  -83.80514   -0.00049    0.00136          9  0.000e+00
      40039   1668.250     15.078     15.177    28.5060    28.5087   5.735892   5.736376     3.1319     2.6557      81.34   26.25892  -83.80514   -0.00052    0.00139          9  0.000e+00
      40040   1668.292     15.078     15.177    28.5064    28.5087   5.735884   5.736320     3.1319     2.6557      81.34   26.25892  -83.80514   -0.00057    0.00142          9  0.000e+00
      40041   1668.333     14.970     15.068    28.5062    28.5082   5.735884   5.736296     3.1319     2.6557      81.32   26.25892  -83.80514   -0.00061    0.00146          9  0.000e+00
      40042   1668.375     15.078     15.177    28.5062    28.5081   5.735923   5.736256     3.1331     2.6545      81.32   26.25892  -83.80514   -0.00064    0.00146          9  0.000e+00
      40043   1668.417     15.024     15.123    28.5061    28.5080   5.735931   5.736248     3.1319     2.6545      81.34   26.25892  -83.80514   -0.00068    0.00147          9  0.000e+00
      40044   1668.458     15.078     15.177    28.5062    28.5081   5.735931   5.736208     3.1319     2.6545      81.32   26.25892  -83.80514   -0.00073    0.00149          9  0.000e+00
      40045   1668.500     15.024     15.123    28.5064    28.5080   5.735939   5.736240     3.1319     2.6545      81.34   26.25892  -83.80514   -0.00075    0.00151          9  0.000e+00
      40046   1668.542     15.024     15.123    28.5062    28.5079   5.735931   5.736248     3.1319     2.6545      81.32   26.25892  -83.80514   -0.00078    0.00153          9  0.000e+00
      40047   1668.583     15.024     15.123    28.5064    28.5080   5.735900   5.736280     3.1319     2.6532      81.34   26.25892  -83.80514   -0.00080    0.00153          9  0.000e+00
      40048   1668.625     15.024     15.123    28.5064    28.5085   5.735923   5.736399     3.1319     2.6532      81.34   26.25892  -83.80514   -0.00084    0.00153          9  0.000e+00
      40049   1668.667     15.078     15.177    28.5063    28.5086   5.735939   5.736399     3.1319     2.6520      81.34   26.25892  -83.80514   -0.00087    0.00152          9  0.000e+00
      40050   1668.708     15.024     15.123    28.5062    28.5089   5.735931   5.736423     3.1319     2.6520      81.34   26.25892  -83.80514   -0.00093    0.00150          9  0.000e+00
      40051   1668.750     14.976     15.075    28.5068    28.5087   5.735931   5.736439     3.1319     2.6532      81.34   26.25892  -83.80514   -0.00096    0.00150          9  0.000e+00
      40052   1668.792     15.024     15.123    28.5066    28.5086   5.735939   5.736439     3.1319     2.6532      81.34   26.25892  -83.80514   -0.00100    0.00150          9  0.000e+00
      40053   1668.833     15.024     15.123    28.5064    28.5089   5.735963   5.736511     3.1319     2.6532      81.32   26.25892  -83.80514   -0.00103    0.00148          9  0.000e+00
      40054   1668.875     15.024     15.123    28.5064    28.5092   5.735947   5.736598     3.1319     2.6532      81.32   26.25892  -83.80514   -0.00106    0.00148          9  0.000e+00
      40055   1668.917     14.976     15.075    28.5065    28.5094   5.735939   5.736694     3.1331     2.6532      81.34   26.25892  -83.80514   -0.00108    0.00148          9  0.000e+00
      40056   1668.958     15.024     15.123    28.5066    28.5095   5.735821   5.736646     3.1331     2.6532      81.34   26.25892  -83.80514   -0.00109    0.00148          9  0.000e+00
      40057   1669.000     14.976     15.075    28.5066    28.5096   5.735931   5.736551     3.1331     2.6532      81.34   26.25892  -83.80514   -0.00110    0.00148          9  0.000e+00
      40058   1669.042     14.970     15.069    28.5066    28.5092   5.735947   5.736495     3.1331     2.6520      81.34   26.25892  -83.80514   -0.00111    0.00144          9  0.000e+00
      40059   1669.083     14.976     15.075    28.5064    28.5088   5.735931   5.736487     3.1319     2.6520      81.34   26.25892  -83.80514   -0.00114    0.00142          9  0.000e+00
      40060   1669.125     14.976     15.075    28.5066    28.5089   5.735931   5.736447     3.1319     2.6520      81.37   26.25892  -83.80514   -0.00117    0.00140          9  0.000e+00
      40061   1669.167     14.976     15.075    28.5065    28.5088   5.735939   5.736399     3.1331     2.6520      81.39   26.25892  -83.80514   -0.00118    0.00138          9  0.000e+00
      40062   1669.208     14.976     15.075    28.5066    28.5087   5.736041   5.736423     3.1331     2.6508      81.37   26.25892  -83.80514   -0.00118    0.00135          9  0.000e+00
      40063   1669.250     14.977     15.075    28.5068    28.5090   5.736073   5.736471     3.1331     2.6520      81.39   26.25892  -83.80514   -0.00119    0.00131          9  0.000e+00
      40064   1669.292     14.970     15.069    28.5066    28.5087   5.736073   5.736487     3.1319     2.6508      81.39   26.25892  -83.80514   -0.00122    0.00125          9  0.000e+00
      40065   1669.333     14.929     15.028    28.5068    28.5088   5.736041   5.736487     3.1331     2.6508      81.37   26.25892  -83.80514   -0.00122    0.00120          9  0.000e+00
      40066   1669.375     14.977     15.075    28.5066    28.5089   5.736096   5.736447     3.1319     2.6496      81.39   26.25892  -83.80514   -0.00124    0.00113          9  0.000e+00
      40067   1669.417     14.929     15.028    28.5067    28.5089   5.736088   5.736471     3.1331     2.6496      81.37   26.25892  -83.80514   -0.00125    0.00104          9  0.000e+00
      40068   1669.458     14.929     15.028    28.5068    28.5090   5.736080   5.736447     3.1319     2.6496      81.37   26.25892  -83.80514   -0.00127    0.00096          9  0.000e+00
      40069   1669.500     14.929     15.028    28.5069    28.5087   5.736073   5.736471     3.1331     2.6496      81.37   26.25892  -83.80514   -0.00127    0.00087          9  0.000e+00
      40070   1669.542     14.922     15.021    28.5069    28.5088   5.736041   5.736447     3.1331     2.6496      81.37   26.25892  -83.80514   -0.00125    0.00080          9  0.000e+00
      40071   1669.583     14.929     15.028    28.5069    28.5087   5.736104   5.736407     3.1331     2.6496      81.37   26.25892  -83.80514   -0.00124    0.00071          9  0.000e+00
      40072   1669.625     14.929     15.028    28.5071    28.5086   5.736120   5.736391     3.1331     2.6496      81.37   26.25892  -83.80514   -0.00124    0.00063          9  0.000e+00
      40073   1669.667     14.929     15.028    28.5069    28.5085   5.736049   5.736352     3.1331     2.6496      81.37   26.25892  -83.80514   -0.00122    0.00054          9  0.000e+00
      40074   1669.708     14.875     14.973    28.5069    28.5084   5.736065   5.736344     3.1343     2.6496      81.37   26.25892  -83.80514   -0.00118    0.00045          9  0.000e+00
      40075   1669.750     14.929     15.028    28.5068    28.5081   5.736041   5.736375     3.1331     2.6496      81.37   26.25892  -83.80514   -0.00118    0.00036          9  0.000e+00
      40076   1669.792     14.875     14.973    28.5066    28.5083   5.736096   5.736320     3.1343     2.6496      81.39   26.25894  -83.80514   -0.00114    0.00027          9  0.000e+00
      40077   1669.833     14.875     14.973    28.5068    28.5084   5.736088   5.736336     3.1343     2.6496      81.37   26.25894  -83.80514   -0.00112    0.00020          9  0.000e+00
      40078   1669.875     14.929     15.028    28.5068    28.5085   5.736080   5.736304     3.1343     2.6496      81.37   26.25894  -83.80514   -0.00109    0.00013          9  0.000e+00
      40079   1669.917     14.875     14.973    28.5069    28.5084   5.736073   5.736328     3.1343     2.6496      81.39   26.25894  -83.80514   -0.00105    0.00006          9  0.000e+00
      40080   1669.958     14.875     14.973    28.5066    28.5087   5.736073   5.736304     3.1331     2.6496      81.37   26.25894  -83.80514   -0.00103   -0.00001          9  0.000e+00
      40081   1670.000     14.875     14.973    28.5066    28.5084   5.736112   5.736256     3.1343     2.6496      81.37   26.25894  -83.80514   -0.00100   -0.00008          9  0.000e+00
      40082   1670.042     14.922     15.021    28.5068    28.5081   5.736080   5.736280     3.1343     2.6508      81.37   26.25894  -83.80514   -0.00096   -0.00014          9  0.000e+00
      40083   1670.083     14.875     14.973    28.5068    28.5080   5.736041   5.736256     3.1343     2.6508      81.39   26.25894  -83.80514   -0.00094   -0.00019          9  0.000e+00
      40084   1670.125     14.875     14.973    28.5066    28.5081   5.736065   5.736248     3.1343     2.6508      81.44   26.25894  -83.80514   -0.00089   -0.00024          9  0.000e+00
      40085   1670.167     14.828     14.926    28.5067    28.5080   5.736033   5.736248     3.1343     2.6508      81.47   26.25894  -83.80514   -0.00085   -0.00029          9  0.000e+00
      40086   1670.208     14.875     14.973    28.5066    28.5078   5.736025   5.736280     3.1343     2.6508      81.47   26.25894  -83.80514   -0.00080   -0.00034          9  0.000e+00
      40087   1670.250     14.875     14.973    28.5068    28.5075   5.736065   5.736256     3.1343     2.6520      81.47   26.25894  -83.80514   -0.00076   -0.00038          9  0.000e+00
      40088   1670.292     14.875     14.973    28.5068    28.5077   5.736080   5.736208     3.1343     2.6508      81.47   26.25894  -83.80514   -0.00073   -0.00043          9  0.000e+00
      40089   1670.333     14.875     14.973    28.5068    28.5078   5.736073   5.736232     3.1343     2.6520      81.47   26.25894  -83.80514   -0.00070   -0.00047          9  0.000e+00
      40090   1670.375     14.875     14.973    28.5069    28.5075   5.736073   5.736248     3.1343     2.6520      81.47   26.25894  -83.80514   -0.00065   -0.00050          9  0.000e+00
      40091   1670.417     14.828     14.926    28.5069    28.5074   5.736112   5.736145     3.1343     2.6520      81.47   26.25894  -83.80514   -0.00061   -0.00055          9  0.000e+00
      40092   1670.458     14.875     14.973    28.5069    28.5077   5.736080   5.736176     3.1355     2.6532      81.47   26.25894  -83.80514   -0.00056   -0.00059          9  0.000e+00
      40093   1670.500     14.875     14.973    28.5068    28.5079   5.736143   5.736344     3.1343     2.6520      81.47   26.25894  -83.80514   -0.00053   -0.00065          9  0.000e+00
