GOMECC/GOMECC-4/1db/rb2103_0991.ros
* Sea-Bird SBE 9 Data File:
* FileName = C:\Users\scs.user.rb\CTD\GOMECC4\data\rb2103_0991.hex
* Software Version Seasave V 7.26.7.107
* Temperature SN = 4799
* Conductivity SN = 3860
* Number of Bytes Per Scan = 41
* Number of Voltage Words = 4
* Number of Scans Averaged by the Deck Unit = 1
* NMEA Latitude = 21 55.59 N
* NMEA Longitude = 088 00.01 W
* NMEA UTC (Time) = Oct 12 2021  09:32:54
* NMEA baud rate = 4800
# nquan = 17
# nvalues = 399                                   
# units = specified
# name 0 = scan: Scan Count
# name 1 = timeS: Time, Elapsed [seconds]
# name 2 = depSM: Depth [salt water, m]
# name 3 = prDM: Pressure, Digiquartz [db]
# name 4 = t090C: Temperature [ITS-90, deg C]
# name 5 = t190C: Temperature, 2 [ITS-90, deg C]
# name 6 = c0S/m: Conductivity [S/m]
# name 7 = c1S/m: Conductivity, 2 [S/m]
# name 8 = sbeox0V: Oxygen raw, SBE 43 [V]
# name 9 = sbeox1V: Oxygen raw, SBE 43, 2 [V]
# name 10 = altM: Altimeter [m]
# name 11 = latitude: Latitude [deg]
# name 12 = longitude: Longitude [deg]
# name 13 = sbox0dV/dT: Oxygen, SBE 43 [dov/dt]
# name 14 = sbox1dV/dT: Oxygen, SBE 43, 2 [dov/dt]
# name 15 = nbf: Bottles Fired
# name 16 = flag:  0.000e+00
# interval = seconds: 0.0416667
# start_time = Oct 12 2021 09:32:54 [NMEA time, header]
# bad_flag = -9.990e-29
*END*
[from data line 341]
      19064    794.292      3.562      3.584    29.2172    29.2197   5.955100   5.955597     3.1563     2.6703      19.80   21.92668  -88.00020   -0.00033    0.00019          3  0.000e+00
      19065    794.333      3.515      3.537    29.2175    29.2195   5.955147   5.955564     3.1563     2.6703      19.78   21.92668  -88.00020   -0.00037    0.00021          3  0.000e+00
      19066    794.375      3.515      3.537    29.2174    29.2193   5.955147   5.955516     3.1575     2.6703      19.80   21.92668  -88.00020   -0.00039    0.00024          3  0.000e+00
      19067    794.417      3.562      3.584    29.2172    29.2194   5.955108   5.955581     3.1575     2.6716      19.78   21.92668  -88.00020   -0.00041    0.00028          3  0.000e+00
      19068    794.458      3.515      3.537    29.2173    29.2197   5.955100   5.955564     3.1563     2.6703      19.78   21.92668  -88.00020   -0.00043    0.00030          3  0.000e+00
      19069    794.500      3.562      3.584    29.2177    29.2195   5.955132   5.955556     3.1563     2.6703      19.80   21.92668  -88.00020   -0.00047    0.00032          3  0.000e+00
      19070    794.542      3.515      3.537    29.2174    29.2195   5.955155   5.955556     3.1563     2.6703      19.78   21.92668  -88.00020   -0.00051    0.00035          3  0.000e+00
      19071    794.583      3.562      3.584    29.2173    29.2197   5.955116   5.955589     3.1563     2.6703      19.80   21.92668  -88.00020   -0.00054    0.00037          3  0.000e+00
      19072    794.625      3.515      3.537    29.2174    29.2195   5.955100   5.955573     3.1551     2.6703      19.78   21.92668  -88.00020   -0.00060    0.00039          3  0.000e+00
      19073    794.667      3.562      3.584    29.2174    29.2196   5.955132   5.955556     3.1551     2.6703      19.78   21.92668  -88.00020   -0.00065    0.00043          3  0.000e+00
      19074    794.708      3.508      3.530    29.2173    29.2195   5.955108   5.955556     3.1563     2.6703      19.80   21.92668  -88.00020   -0.00067    0.00047          3  0.000e+00
      19075    794.750      3.515      3.537    29.2172    29.2195   5.955108   5.955556     3.1551     2.6703      19.80   21.92668  -88.00020   -0.00071    0.00051          3  0.000e+00
      19076    794.792      3.562      3.584    29.2172    29.2195   5.955100   5.955516     3.1551     2.6703      19.78   21.92668  -88.00020   -0.00076    0.00055          3  0.000e+00
      19077    794.833      3.467      3.489    29.2173    29.2199   5.955100   5.955548     3.1551     2.6716      19.78   21.92668  -88.00020   -0.00082    0.00061          3  0.000e+00
      19078    794.875      3.562      3.584    29.2176    29.2197   5.955132   5.955556     3.1551     2.6703      19.78   21.92668  -88.00020   -0.00087    0.00065          3  0.000e+00
      19079    794.917      3.562      3.584    29.2175    29.2197   5.955148   5.955556     3.1551     2.6703      19.78   21.92668  -88.00020   -0.00092    0.00069          3  0.000e+00
      19080    794.958      3.515      3.537    29.2174    29.2197   5.955147   5.955556     3.1551     2.6703      19.78   21.92668  -88.00020   -0.00095    0.00073          3  0.000e+00
      19081    795.000      3.515      3.537    29.2174    29.2193   5.955124   5.955516     3.1538     2.6703      19.80   21.92668  -88.00020   -0.00102    0.00077          3  0.000e+00
      19082    795.042      3.515      3.537    29.2175    29.2195   5.955068   5.955548     3.1538     2.6703      19.78   21.92668  -88.00020   -0.00109    0.00081          3  0.000e+00
      19083    795.083      3.515      3.537    29.2172    29.2192   5.955124   5.955556     3.1538     2.6703      19.78   21.92668  -88.00020   -0.00116    0.00085          3  0.000e+00
      19084    795.125      3.515      3.537    29.2176    29.2197   5.955147   5.955556     3.1538     2.6703      19.80   21.92668  -88.00020   -0.00121    0.00090          3  0.000e+00
      19085    795.167      3.515      3.537    29.2175    29.2193   5.955108   5.955556     3.1538     2.6691      19.80   21.92668  -88.00020   -0.00125    0.00092          3  0.000e+00
      19086    795.208      3.562      3.584    29.2174    29.2195   5.955148   5.955516     3.1526     2.6691      19.80   21.92668  -88.00020   -0.00132    0.00093          3  0.000e+00
      19087    795.250      3.460      3.482    29.2174    29.2193   5.955116   5.955548     3.1526     2.6703      19.80   21.92668  -88.00020   -0.00138    0.00095          3  0.000e+00
      19088    795.292      3.562      3.584    29.2175    29.2193   5.955100   5.955589     3.1526     2.6691      19.80   21.92668  -88.00020   -0.00142    0.00096          3  0.000e+00
      19089    795.333      3.515      3.537    29.2174    29.2192   5.955100   5.955573     3.1514     2.6703      19.78   21.92668  -88.00020   -0.00150    0.00096          3  0.000e+00
      19090    795.375      3.515      3.537    29.2174    29.2193   5.955132   5.955556     3.1514     2.6703      19.78   21.92668  -88.00020   -0.00158    0.00096          3  0.000e+00
      19091    795.417      3.515      3.537    29.2176    29.2193   5.955084   5.955516     3.1514     2.6703      19.78   21.92668  -88.00020   -0.00163    0.00095          3  0.000e+00
      19092    795.458      3.562      3.584    29.2176    29.2193   5.955052   5.955548     3.1514     2.6703      19.78   21.92668  -88.00020   -0.00169    0.00092          3  0.000e+00
      19093    795.500      3.467      3.489    29.2177    29.2191   5.955084   5.955589     3.1514     2.6703      19.78   21.92668  -88.00020   -0.00174    0.00090          3  0.000e+00
      19094    795.542      3.562      3.584    29.2173    29.2192   5.955100   5.955573     3.1514     2.6703      19.78   21.92668  -88.00020   -0.00179    0.00088          3  0.000e+00
      19095    795.583      3.515      3.537    29.2172    29.2193   5.955132   5.955556     3.1526     2.6703      19.78   21.92668  -88.00020   -0.00182    0.00084          3  0.000e+00
      19096    795.625      3.515      3.537    29.2170    29.2195   5.955084   5.955589     3.1514     2.6703      19.78   21.92668  -88.00020   -0.00186    0.00080          3  0.000e+00
      19097    795.667      3.515      3.537    29.2169    29.2199   5.955052   5.955573     3.1514     2.6716      19.78   21.92668  -88.00020   -0.00190    0.00078          3  0.000e+00
      19098    795.708      3.515      3.537    29.2168    29.2199   5.955084   5.955516     3.1514     2.6716      19.78   21.92668  -88.00020   -0.00195    0.00077          3  0.000e+00
      19099    795.750      3.515      3.537    29.2168    29.2201   5.955060   5.955581     3.1514     2.6716      19.78   21.92668  -88.00020   -0.00197    0.00077          3  0.000e+00
      19100    795.792      3.515      3.537    29.2167    29.2202   5.955012   5.955605     3.1526     2.6716      19.78   21.92668  -88.00020   -0.00197    0.00074          3  0.000e+00
      19101    795.833      3.562      3.584    29.2167    29.2199   5.955036   5.955564     3.1526     2.6716      19.78   21.92668  -88.00020   -0.00197    0.00073          3  0.000e+00
      19102    795.875      3.515      3.537    29.2170    29.2201   5.955060   5.955556     3.1526     2.6703      19.78   21.92668  -88.00020   -0.00196    0.00070          3  0.000e+00
      19103    795.917      3.515      3.537    29.2169    29.2201   5.955052   5.955589     3.1514     2.6703      19.78   21.92668  -88.00020   -0.00198    0.00067          3  0.000e+00
      19104    795.958      3.515      3.537    29.2168    29.2201   5.955052   5.955605     3.1526     2.6703      19.78   21.92668  -88.00020   -0.00197    0.00065          3  0.000e+00
      19105    796.000      3.515      3.537    29.2167    29.2201   5.955052   5.955605     3.1514     2.6691      19.78   21.92668  -88.00020   -0.00198    0.00060          3  0.000e+00
      19106    796.042      3.562      3.584    29.2167    29.2199   5.955012   5.955605     3.1526     2.6691      19.78   21.92668  -88.00020   -0.00197    0.00057          3  0.000e+00
      19107    796.083      3.515      3.537    29.2168    29.2201   5.955012   5.955605     3.1514     2.6679      19.78   21.92668  -88.00020   -0.00197    0.00052          3  0.000e+00
      19108    796.125      3.515      3.537    29.2165    29.2199   5.955044   5.955532     3.1502     2.6679      19.78   21.92668  -88.00020   -0.00201    0.00047          3  0.000e+00
      19109    796.167      3.515      3.537    29.2167    29.2195   5.955052   5.955548     3.1514     2.6679      19.78   21.92668  -88.00020   -0.00200    0.00042          3  0.000e+00
      19110    796.208      3.515      3.537    29.2167    29.2192   5.955052   5.955556     3.1514     2.6667      19.78   21.92668  -88.00020   -0.00200    0.00037          3  0.000e+00
      19111    796.250      3.562      3.584    29.2169    29.2193   5.955052   5.955516     3.1514     2.6679      19.78   21.92668  -88.00020   -0.00199    0.00033          3  0.000e+00
      19112    796.292      3.515      3.537    29.2168    29.2193   5.955100   5.955508     3.1502     2.6667      19.78   21.92668  -88.00020   -0.00200    0.00027          3  0.000e+00
      19113    796.333      3.562      3.584    29.2168    29.2191   5.955068   5.955540     3.1502     2.6679      19.78   21.92668  -88.00020   -0.00201    0.00023          3  0.000e+00
      19114    796.375      3.515      3.537    29.2173    29.2191   5.955052   5.955556     3.1502     2.6667      19.78   21.92668  -88.00020   -0.00201    0.00018          3  0.000e+00
      19115    796.417      3.508      3.530    29.2170    29.2192   5.955084   5.955556     3.1514     2.6679      19.78   21.92668  -88.00020   -0.00199    0.00015          3  0.000e+00
      19116    796.458      3.515      3.537    29.2172    29.2193   5.955028   5.955516     3.1502     2.6679      19.78   21.92668  -88.00020   -0.00199    0.00012          3  0.000e+00
      19117    796.500      3.562      3.584    29.2175    29.2193   5.955084   5.955548     3.1514     2.6667      19.76   21.92668  -88.00020   -0.00197    0.00008          3  0.000e+00
      19118    796.542      3.515      3.537    29.2174    29.2195   5.955100   5.955589     3.1514     2.6679      19.76   21.92668  -88.00020   -0.00194    0.00005          3  0.000e+00
      19119    796.583      3.515      3.537    29.2176    29.2199   5.955060   5.955573     3.1502     2.6667      19.76   21.92668  -88.00020   -0.00193 1.7584e-07          3  0.000e+00
      19120    796.625      3.562      3.584    29.2175    29.2204   5.955084   5.955589     3.1502     2.6654      19.76   21.92668  -88.00020   -0.00192   -0.00006          3  0.000e+00
      19121    796.667      3.515      3.537    29.2176    29.2201   5.955100   5.955532     3.1502     2.6679      19.76   21.92668  -88.00020   -0.00192   -0.00009          3  0.000e+00
