GOMECC/GOMECC-4/1db/rb2103_1151.ros
* Sea-Bird SBE 9 Data File:
* FileName = C:\Users\scs.user.rb\CTD\GOMECC4\data\rb2103_1151.hex
* Software Version Seasave V 7.26.7.107
* Temperature SN = 4799
* Conductivity SN = 3860
* Number of Bytes Per Scan = 41
* Number of Voltage Words = 4
* Number of Scans Averaged by the Deck Unit = 1
* NMEA Latitude = 21 56.87 N
* NMEA Longitude = 086 59.51 W
* NMEA UTC (Time) = Oct 15 2021  16:29:06
* NMEA baud rate = 4800
# nquan = 17
# nvalues = 1197                                  
# units = specified
# name 0 = scan: Scan Count
# name 1 = timeS: Time, Elapsed [seconds]
# name 2 = depSM: Depth [salt water, m]
# name 3 = prDM: Pressure, Digiquartz [db]
# name 4 = t090C: Temperature [ITS-90, deg C]
# name 5 = t190C: Temperature, 2 [ITS-90, deg C]
# name 6 = c0S/m: Conductivity [S/m]
# name 7 = c1S/m: Conductivity, 2 [S/m]
# name 8 = sbeox0V: Oxygen raw, SBE 43 [V]
# name 9 = sbeox1V: Oxygen raw, SBE 43, 2 [V]
# name 10 = altM: Altimeter [m]
# name 11 = latitude: Latitude [deg]
# name 12 = longitude: Longitude [deg]
# name 13 = sbox0dV/dT: Oxygen, SBE 43 [dov/dt]
# name 14 = sbox1dV/dT: Oxygen, SBE 43, 2 [dov/dt]
# name 15 = nbf: Bottles Fired
# name 16 = flag:  0.000e+00
# interval = seconds: 0.0416667
# start_time = Oct 15 2021 16:29:06 [NMEA time, header]
# bad_flag = -9.990e-29
*END*
[from data line 1107]
      33973   1415.500      3.091      3.111    28.4673    28.4675   5.859694   5.859858     3.0977     2.6166      26.23   21.94892  -86.99282   -0.00001   -0.00038          9  0.000e+00
      33974   1415.542      2.990      3.008    28.4683    28.4672   5.859750   5.859817     3.0977     2.6154      26.23   21.94892  -86.99282    0.00003   -0.00039          9  0.000e+00
      33975   1415.583      2.990      3.008    28.4677    28.4672   5.859718   5.859777     3.0977     2.6166      26.23   21.94892  -86.99282    0.00005   -0.00039          9  0.000e+00
      33976   1415.625      3.044      3.063    28.4668    28.4668   5.859631   5.859793     3.0977     2.6166      26.23   21.94892  -86.99282    0.00007   -0.00039          9  0.000e+00
      33977   1415.667      2.990      3.008    28.4668    28.4669   5.859679   5.859841     3.0977     2.6166      26.23   21.94892  -86.99282    0.00009   -0.00039          9  0.000e+00
      33978   1415.708      2.990      3.008    28.4664    28.4666   5.859631   5.859785     3.0977     2.6154      26.25   21.94892  -86.99282    0.00012   -0.00040          9  0.000e+00
      33979   1415.750      2.990      3.008    28.4662    28.4670   5.859679   5.859833     3.0977     2.6166      26.25   21.94892  -86.99282    0.00014   -0.00040          9  0.000e+00
      33980   1415.792      2.990      3.008    28.4664    28.4667   5.859647   5.859785     3.0977     2.6166      26.25   21.94892  -86.99282    0.00015   -0.00040          9  0.000e+00
      33981   1415.833      3.044      3.063    28.4660    28.4670   5.859536   5.859761     3.0977     2.6154      26.23   21.94892  -86.99282    0.00015   -0.00041          9  0.000e+00
      33982   1415.875      3.037      3.056    28.4657    28.4669   5.859512   5.859761     3.0965     2.6166      26.25   21.94892  -86.99282    0.00014   -0.00040          9  0.000e+00
      33983   1415.917      2.990      3.008    28.4649    28.4674   5.859441   5.859833     3.0977     2.6154      26.25   21.94892  -86.99282    0.00017   -0.00041          9  0.000e+00
      33984   1415.958      3.044      3.063    28.4638    28.4674   5.859417   5.859857     3.0977     2.6154      26.25   21.94892  -86.99282    0.00018   -0.00042          9  0.000e+00
      33985   1416.000      3.044      3.063    28.4638    28.4678   5.859346   5.859857     3.0977     2.6154      26.23   21.94892  -86.99282    0.00018   -0.00043          9  0.000e+00
      33986   1416.042      2.990      3.008    28.4633    28.4675   5.859322   5.859857     3.0977     2.6154      26.23   21.94892  -86.99282    0.00019   -0.00044          9  0.000e+00
      33987   1416.083      3.044      3.063    28.4637    28.4679   5.859330   5.859857     3.0977     2.6154      26.25   21.94892  -86.99282    0.00020   -0.00045          9  0.000e+00
      33988   1416.125      3.091      3.111    28.4640    28.4681   5.859362   5.859857     3.0977     2.6154      26.23   21.94892  -86.99282    0.00020   -0.00045          9  0.000e+00
      33989   1416.167      3.044      3.063    28.4640    28.4679   5.859330   5.859817     3.0977     2.6154      26.25   21.94892  -86.99282    0.00021   -0.00046          9  0.000e+00
      33990   1416.208      3.044      3.063    28.4633    28.4675   5.859322   5.859849     3.0989     2.6154      26.25   21.94892  -86.99282    0.00023   -0.00046          9  0.000e+00
      33991   1416.250      3.044      3.063    28.4626    28.4681   5.859211   5.859890     3.0977     2.6142      26.25   21.94892  -86.99282    0.00024   -0.00048          9  0.000e+00
      33992   1416.292      3.084      3.104    28.4618    28.4675   5.859108   5.859906     3.0977     2.6154      26.25   21.94892  -86.99282    0.00025   -0.00048          9  0.000e+00
      33993   1416.333      3.044      3.063    28.4624    28.4674   5.859132   5.859801     3.0977     2.6154      26.25   21.94892  -86.99282    0.00025   -0.00046          9  0.000e+00
      33994   1416.375      3.091      3.111    28.4624    28.4662   5.859132   5.859761     3.0977     2.6154      26.25   21.94892  -86.99282    0.00026   -0.00046          9  0.000e+00
      33995   1416.417      3.091      3.111    28.4627    28.4650   5.859203   5.859721     3.0977     2.6154      26.25   21.94892  -86.99282    0.00027   -0.00044          9  0.000e+00
      33996   1416.458      3.091      3.110    28.4630    28.4645   5.859259   5.859617     3.0989     2.6154      26.23   21.94892  -86.99282    0.00029   -0.00042          9  0.000e+00
      33997   1416.500      3.091      3.110    28.4633    28.4640   5.859306   5.859504     3.0989     2.6154      26.25   21.94892  -86.99282    0.00032   -0.00040          9  0.000e+00
      33998   1416.542      3.091      3.110    28.4635    28.4642   5.859322   5.859512     3.0989     2.6166      26.25   21.94892  -86.99282    0.00034   -0.00035          9  0.000e+00
      33999   1416.583      3.091      3.110    28.4637    28.4641   5.859322   5.859528     3.0989     2.6166      26.25   21.94892  -86.99282    0.00036   -0.00031          9  0.000e+00
      34000   1416.625      3.091      3.110    28.4638    28.4639   5.859330   5.859488     3.0989     2.6166      26.25   21.94892  -86.99282    0.00039   -0.00027          9  0.000e+00
      34001   1416.667      3.138      3.158    28.4637    28.4636   5.859322   5.859512     3.0989     2.6178      26.25   21.94892  -86.99282    0.00041   -0.00020          9  0.000e+00
      34002   1416.708      3.084      3.104    28.4638    28.4643   5.859282   5.859568     3.0989     2.6178      26.25   21.94892  -86.99282    0.00043   -0.00016          9  0.000e+00
      34003   1416.750      3.138      3.158    28.4638    28.4646   5.859346   5.859576     3.0989     2.6178      26.25   21.94892  -86.99282    0.00045   -0.00011          9  0.000e+00
      34004   1416.792      3.138      3.158    28.4637    28.4647   5.859330   5.859617     3.0989     2.6178      26.28   21.94892  -86.99280    0.00047   -0.00007          9  0.000e+00
      34005   1416.833      3.138      3.158    28.4635    28.4645   5.859322   5.859584     3.0989     2.6178      26.25   21.94892  -86.99280    0.00049   -0.00002          9  0.000e+00
      34006   1416.875      3.138      3.158    28.4631    28.4635   5.859227   5.859536     3.0989     2.6178      26.28   21.94892  -86.99280    0.00051    0.00003          9  0.000e+00
      34007   1416.917      3.138      3.158    28.4622    28.4632   5.859179   5.859384     3.0989     2.6178      26.25   21.94892  -86.99280    0.00053    0.00006          9  0.000e+00
      34008   1416.958      3.138      3.158    28.4618    28.4629   5.859108   5.859368     3.0989     2.6178      26.28   21.94892  -86.99280    0.00054    0.00009          9  0.000e+00
      34009   1417.000      3.138      3.158    28.4620    28.4631   5.859156   5.859416     3.0977     2.6178      26.28   21.94892  -86.99280    0.00052    0.00012          9  0.000e+00
      34010   1417.042      3.138      3.158    28.4631    28.4634   5.859282   5.859504     3.0977     2.6178      26.28   21.94892  -86.99280    0.00050    0.00015          9  0.000e+00
      34011   1417.083      3.193      3.213    28.4646    28.4631   5.859393   5.859456     3.0989     2.6190      26.28   21.94892  -86.99280    0.00050    0.00019          9  0.000e+00
      34012   1417.125      3.138      3.158    28.4657    28.4627   5.859488   5.859432     3.0977     2.6178      26.28   21.94892  -86.99280    0.00049    0.00020          9  0.000e+00
      34013   1417.167      3.193      3.213    28.4657    28.4626   5.859560   5.859360     3.0977     2.6190      26.28   21.94892  -86.99280    0.00045    0.00023          9  0.000e+00
      34014   1417.208      3.138      3.158    28.4653    28.4625   5.859488   5.859368     3.0977     2.6190      26.28   21.94892  -86.99280    0.00043    0.00024          9  0.000e+00
      34015   1417.250      3.193      3.213    28.4647    28.4631   5.859465   5.859456     3.0977     2.6190      26.25   21.94892  -86.99280    0.00041    0.00025          9  0.000e+00
      34016   1417.292      3.138      3.158    28.4651    28.4637   5.859425   5.859520     3.0977     2.6190      26.25   21.94892  -86.99280    0.00038    0.00024          9  0.000e+00
      34017   1417.333      3.193      3.213    28.4658    28.4644   5.859489   5.859560     3.0989     2.6190      26.25   21.94892  -86.99280    0.00037    0.00023          9  0.000e+00
      34018   1417.375      3.193      3.213    28.4666    28.4644   5.859584   5.859601     3.0977     2.6190      26.28   21.94892  -86.99280    0.00035    0.00022          9  0.000e+00
      34019   1417.417      3.193      3.213    28.4669    28.4645   5.859639   5.859593     3.0977     2.6190      26.28   21.94892  -86.99280    0.00033    0.00020          9  0.000e+00
      34020   1417.458      3.138      3.158    28.4664    28.4642   5.859631   5.859576     3.0989     2.6190      26.25   21.94892  -86.99280    0.00033    0.00019          9  0.000e+00
      34021   1417.500      3.240      3.260    28.4662    28.4642   5.859536   5.859576     3.0977     2.6190      26.28   21.94892  -86.99280    0.00031    0.00017          9  0.000e+00
      34022   1417.542      3.138      3.158    28.4642    28.4643   5.859441   5.859576     3.0989     2.6190      26.28   21.94892  -86.99280    0.00030    0.00015          9  0.000e+00
      34023   1417.583      3.240      3.260    28.4629    28.4642   5.859275   5.859576     3.0989     2.6203      26.25   21.94892  -86.99280    0.00028    0.00015          9  0.000e+00
      34024   1417.625      3.193      3.213    28.4624    28.4640   5.859227   5.859576     3.0989     2.6203      26.28   21.94892  -86.99280    0.00027    0.00016          9  0.000e+00
      34025   1417.667      3.193      3.213    28.4618    28.4643   5.859156   5.859504     3.0989     2.6203      26.25   21.94892  -86.99280    0.00027    0.00018          9  0.000e+00
      34026   1417.708      3.193      3.213    28.4611    28.4640   5.859132   5.859512     3.0989     2.6203      26.25   21.94892  -86.99280    0.00024    0.00019          9  0.000e+00
      34027   1417.750      3.193      3.213    28.4609    28.4645   5.859108   5.859593     3.0989     2.6203      26.25   21.94892  -86.99280    0.00023    0.00020          9  0.000e+00
      34028   1417.792      3.193      3.213    28.4607    28.4647   5.859013   5.859665     3.0989     2.6203      26.25   21.94892  -86.99280    0.00022    0.00021          9  0.000e+00
      34029   1417.833      3.193      3.213    28.4600    28.4650   5.858989   5.859665     3.0977     2.6203      26.25   21.94892  -86.99280    0.00019    0.00021          9  0.000e+00
      34030   1417.875      3.193      3.213    28.4598    28.4652   5.858989   5.859665     3.0977     2.6203      26.25   21.94892  -86.99280    0.00016    0.00022          9  0.000e+00
      34031   1417.917      3.193      3.213    28.4598    28.4655   5.858950   5.859673     3.0989     2.6203      26.25   21.94892  -86.99280    0.00015    0.00022          9  0.000e+00
      34032   1417.958      3.193      3.213    28.4594    28.4657   5.858942   5.859665     3.0989     2.6190      26.25   21.94892  -86.99280    0.00016    0.00022          9  0.000e+00
      34033   1418.000      3.186      3.206    28.4593    28.4657   5.858878   5.859737     3.0977     2.6203      26.25   21.94892  -86.99280    0.00015    0.00024          9  0.000e+00
      34034   1418.042      3.240      3.260    28.4594    28.4655   5.858886   5.859697     3.0989     2.6203      26.25   21.94892  -86.99280    0.00015    0.00026          9  0.000e+00
      34035   1418.083      3.193      3.213    28.4593    28.4655   5.858894   5.859665     3.0989     2.6190      26.25   21.94892  -86.99280    0.00016    0.00026          9  0.000e+00
      34036   1418.125      3.193      3.213    28.4589    28.4654   5.858855   5.859665     3.0989     2.6203      26.25   21.94892  -86.99280    0.00016    0.00028          9  0.000e+00
      34037   1418.167      3.193      3.213    28.4589    28.4651   5.858878   5.859641     3.0989     2.6203      26.25   21.94892  -86.99280    0.00017    0.00031          9  0.000e+00
      34038   1418.208      3.193      3.213    28.4587    28.4651   5.858823   5.859657     3.0989     2.6203      26.25   21.94892  -86.99280    0.00019    0.00034          9  0.000e+00
      34039   1418.250      3.240      3.260    28.4589    28.4654   5.858847   5.859625     3.0977     2.6203      26.25   21.94892  -86.99280    0.00019    0.00038          9  0.000e+00
      34040   1418.292      3.138      3.158    28.4589    28.4646   5.858815   5.859592     3.0977     2.6203      26.25   21.94892  -86.99280    0.00020    0.00041          9  0.000e+00
      34041   1418.333      3.240      3.260    28.4589    28.4643   5.858831   5.859536     3.0977     2.6203      26.25   21.94892  -86.99280    0.00020    0.00044          9  0.000e+00
      34042   1418.375      3.193      3.213    28.4594    28.4639   5.858918   5.859496     3.0977     2.6190      26.25   21.94892  -86.99280    0.00019    0.00047          9  0.000e+00
      34043   1418.417      3.186      3.206    28.4607    28.4640   5.859045   5.859512     3.0977     2.6203      26.25   21.94892  -86.99280    0.00020    0.00050          9  0.000e+00
      34044   1418.458      3.193      3.213    28.4605    28.4637   5.859116   5.859560     3.0977     2.6203      26.25   21.94892  -86.99280    0.00018    0.00055          9  0.000e+00
      34045   1418.500      3.193      3.213    28.4605    28.4642   5.859061   5.859504     3.0977     2.6190      26.25   21.94892  -86.99280    0.00017    0.00057          9  0.000e+00
      34046   1418.542      3.193      3.213    28.4602    28.4640   5.858973   5.859552     3.0977     2.6190      26.25   21.94892  -86.99280    0.00016    0.00060          9  0.000e+00
      34047   1418.583      3.193      3.213    28.4600    28.4641   5.858942   5.859536     3.0989     2.6190      26.25   21.94892  -86.99280    0.00017    0.00063          9  0.000e+00
      34048   1418.625      3.193      3.213    28.4609    28.4635   5.859013   5.859496     3.0989     2.6190      26.25   21.94892  -86.99280    0.00019    0.00066          9  0.000e+00
      34049   1418.667      3.193      3.213    28.4620    28.4635   5.859108   5.859480     3.0977     2.6190      26.23   21.94892  -86.99280    0.00018    0.00069          9  0.000e+00
      34050   1418.708      3.193      3.213    28.4615    28.4635   5.859061   5.859480     3.0977     2.6190      26.23   21.94892  -86.99280    0.00016    0.00074          9  0.000e+00
      34051   1418.750      3.193      3.213    28.4613    28.4633   5.859108   5.859480     3.0977     2.6190      26.23   21.94892  -86.99280    0.00015    0.00079          9  0.000e+00
      34052   1418.792      3.193      3.213    28.4609    28.4635   5.859069   5.859512     3.0977     2.6190      26.23   21.94892  -86.99280    0.00014    0.00082          9  0.000e+00
      34053   1418.833      3.138      3.158    28.4607    28.4634   5.859037   5.859488     3.0989     2.6190      26.23   21.94892  -86.99280    0.00014    0.00085          9  0.000e+00
      34054   1418.875      3.193      3.213    28.4600    28.4633   5.858997   5.859448     3.0989     2.6203      26.23   21.94892  -86.99280    0.00015    0.00089          9  0.000e+00
      34055   1418.917      3.193      3.213    28.4593    28.4633   5.858918   5.859432     3.0989     2.6203      26.23   21.94892  -86.99280    0.00015    0.00096          9  0.000e+00
      34056   1418.958      3.193      3.213    28.4598    28.4634   5.858966   5.859464     3.0989     2.6203      26.23   21.94892  -86.99280    0.00017    0.00100          9  0.000e+00
