GOMECC/GOMECC-4/1db/rb2103_0581.ros
* Sea-Bird SBE 9 Data File:
* FileName = C:\Users\scs.user.rb\CTD\GOMECC4\data\rb2103_0581.hex
* Software Version Seasave V 7.26.7.107
* Temperature SN = 4799
* Conductivity SN = 3860
* Number of Bytes Per Scan = 41
* Number of Voltage Words = 4
* Number of Scans Averaged by the Deck Unit = 1
* NMEA Latitude = 28 20.02 N
* NMEA Longitude = 094 59.97 W
* NMEA UTC (Time) = Sep 29 2021  08:15:55
* NMEA baud rate = 4800
# nquan = 17
# nvalues = 532                                   
# units = specified
# name 0 = scan: Scan Count
# name 1 = timeS: Time, Elapsed [seconds]
# name 2 = depSM: Depth [salt water, m]
# name 3 = prDM: Pressure, Digiquartz [db]
# name 4 = t090C: Temperature [ITS-90, deg C]
# name 5 = t190C: Temperature, 2 [ITS-90, deg C]
# name 6 = c0S/m: Conductivity [S/m]
# name 7 = c1S/m: Conductivity, 2 [S/m]
# name 8 = sbeox0V: Oxygen raw, SBE 43 [V]
# name 9 = sbeox1V: Oxygen raw, SBE 43, 2 [V]
# name 10 = altM: Altimeter [m]
# name 11 = latitude: Latitude [deg]
# name 12 = longitude: Longitude [deg]
# name 13 = sbox0dV/dT: Oxygen, SBE 43 [dov/dt]
# name 14 = sbox1dV/dT: Oxygen, SBE 43, 2 [dov/dt]
# name 15 = nbf: Bottles Fired
# name 16 = flag:  0.000e+00
# interval = seconds: 0.0416667
# start_time = Sep 29 2021 08:15:55 [NMEA time, header]
# bad_flag = -9.990e-29
*END*
[from data line 256]
      19210    800.375     20.305     20.443    28.5555    28.5629   5.608659   5.611818     3.1111     2.6337      20.10   28.33412  -94.99878    0.00104   -0.00051          2  0.000e+00
      19211    800.417     20.359     20.497    28.5560    28.5620   5.608985   5.611156     3.1111     2.6337      20.10   28.33412  -94.99878    0.00107   -0.00056          2  0.000e+00
      19212    800.458     20.298     20.436    28.5560    28.5603   5.608666   5.610383     3.1099     2.6337      20.12   28.33412  -94.99878    0.00107   -0.00059          2  0.000e+00
      19213    800.500     20.359     20.497    28.5555    28.5590   5.607982   5.609563     3.1099     2.6325      20.10   28.33412  -94.99878    0.00108   -0.00064          2  0.000e+00
      19214    800.542     20.305     20.443    28.5538    28.5585   5.607095   5.609318     3.1099     2.6337      20.10   28.33412  -94.99878    0.00110   -0.00066          2  0.000e+00
      19215    800.583     20.353     20.490    28.5526    28.5595   5.606255   5.610107     3.1099     2.6325      20.12   28.33412  -94.99878    0.00112   -0.00071          2  0.000e+00
      19216    800.625     20.359     20.497    28.5512    28.5612   5.605446   5.611353     3.1111     2.6337      20.10   28.33412  -94.99878    0.00114   -0.00073          2  0.000e+00
      19217    800.667     20.305     20.443    28.5501    28.5634   5.605034   5.612567     3.1099     2.6337      20.12   28.33412  -94.99878    0.00114   -0.00076          2  0.000e+00
      19218    800.708     20.400     20.538    28.5497    28.5660   5.604949   5.614145     3.1099     2.6337      20.12   28.33412  -94.99878    0.00114   -0.00076          2  0.000e+00
      19219    800.750     20.305     20.443    28.5494    28.5692   5.604894   5.615738     3.1099     2.6337      20.10   28.33412  -94.99878    0.00113   -0.00076          2  0.000e+00
      21855    910.583      9.097      9.159    28.3489    28.3566   5.517277   5.520104     3.1062     2.6374      31.06   28.33412  -94.99880    0.00010    0.00086          3  0.000e+00
      21856    910.625      8.996      9.056    28.3481    28.3577   5.517100   5.520229     3.1062     2.6361      31.06   28.33412  -94.99880    0.00008    0.00082          3  0.000e+00
      21857    910.667      8.996      9.056    28.3477    28.3569   5.516945   5.519916     3.1062     2.6374      31.06   28.33412  -94.99880    0.00007    0.00080          3  0.000e+00
      21858    910.708      9.097      9.159    28.3476    28.3553   5.517046   5.519532     3.1062     2.6374      31.06   28.33412  -94.99880    0.00005    0.00077          3  0.000e+00
      21859    910.750      8.996      9.056    28.3490    28.3557   5.517617   5.519610     3.1062     2.6374      31.06   28.33412  -94.99880    0.00003    0.00073          3  0.000e+00
      21860    910.792      9.050      9.111    28.3507    28.3569   5.518088   5.520213     3.1062     2.6361      31.06   28.33412  -94.99880    0.00001    0.00067          3  0.000e+00
      21861    910.833      9.050      9.111    28.3514    28.3584   5.518390   5.520871     3.1062     2.6374      31.06   28.33412  -94.99880   -0.00000    0.00064          3  0.000e+00
      21862    910.875      9.050      9.111    28.3523    28.3595   5.518699   5.521200     3.1062     2.6361      31.06   28.33412  -94.99880   -0.00000    0.00058          3  0.000e+00
      21863    910.917      9.097      9.159    28.3527    28.3601   5.518761   5.521333     3.1062     2.6361      31.06   28.33412  -94.99880   -0.00000    0.00052          3  0.000e+00
      21864    910.958      9.050      9.111    28.3523    28.3608   5.518869   5.521419     3.1062     2.6349      31.06   28.33412  -94.99880   -0.00002    0.00044          3  0.000e+00
      21865    911.000      9.145      9.206    28.3536    28.3606   5.519155   5.521372     3.1062     2.6361      31.06   28.33412  -94.99880   -0.00004    0.00038          3  0.000e+00
      21866    911.042      9.097      9.158    28.3551    28.3605   5.519680   5.521317     3.1062     2.6349      31.06   28.33412  -94.99880   -0.00006    0.00031          3  0.000e+00
      21867    911.083      9.097      9.158    28.3578    28.3601   5.520669   5.521200     3.1062     2.6349      31.06   28.33412  -94.99880   -0.00006    0.00023          3  0.000e+00
      21868    911.125      9.144      9.206    28.3615    28.3597   5.522129   5.521137     3.1062     2.6349      31.06   28.33412  -94.99880   -0.00006    0.00015          3  0.000e+00
      21869    911.167      9.144      9.206    28.3655    28.3595   5.523304   5.521020     3.1062     2.6349      31.06   28.33412  -94.99880   -0.00005    0.00007          3  0.000e+00
      21870    911.208      9.097      9.158    28.3670    28.3592   5.523636   5.520816     3.1062     2.6349      31.06   28.33412  -94.99880   -0.00005   -0.00000          3  0.000e+00
      21871    911.250      9.199      9.261    28.3666    28.3588   5.523312   5.520722     3.1062     2.6349      31.06   28.33412  -94.99880   -0.00005   -0.00008          3  0.000e+00
      21872    911.292      9.199      9.261    28.3655    28.3588   5.522925   5.520785     3.1074     2.6349      31.06   28.33412  -94.99880   -0.00003   -0.00016          3  0.000e+00
      21873    911.333      9.199      9.261    28.3646    28.3597   5.522624   5.521247     3.1074     2.6349      31.06   28.33412  -94.99880   -0.00002   -0.00024          3  0.000e+00
      21874    911.375      9.246      9.308    28.3639    28.3616   5.522415   5.521701     3.1074     2.6349      31.06   28.33412  -94.99880 -3.517e-07   -0.00032          3  0.000e+00
      21875    911.417      9.246      9.308    28.3633    28.3623   5.522207   5.521740     3.1074     2.6361      31.06   28.33412  -94.99880    0.00001   -0.00039          3  0.000e+00
      21876    911.458      9.198      9.260    28.3631    28.3610   5.522152   5.521474     3.1074     2.6361      31.04   28.33412  -94.99880    0.00003   -0.00045          3  0.000e+00
      21877    911.500      9.293      9.356    28.3630    28.3603   5.522114   5.521122     3.1074     2.6361      31.04   28.33412  -94.99880    0.00004   -0.00051          3  0.000e+00
      21878    911.542      9.293      9.356    28.3635    28.3597   5.522276   5.521036     3.1087     2.6361      31.06   28.33412  -94.99880    0.00008   -0.00056          3  0.000e+00
      21879    911.583      9.293      9.356    28.3642    28.3598   5.522477   5.521239     3.1087     2.6361      31.06   28.33412  -94.99880    0.00011   -0.00061          3  0.000e+00
      21880    911.625      9.347      9.410    28.3644    28.3617   5.522655   5.522022     3.1087     2.6361      31.06   28.33412  -94.99880    0.00014   -0.00066          3  0.000e+00
      21881    911.667      9.293      9.356    28.3650    28.3640   5.522794   5.522774     3.1087     2.6361      31.06   28.33412  -94.99880    0.00017   -0.00070          3  0.000e+00
      21882    911.708      9.347      9.410    28.3650    28.3623   5.523072   5.523252     3.1087     2.6361      31.06   28.33412  -94.99880    0.00020   -0.00074          3  0.000e+00
      21883    911.750      9.395      9.458    28.3646    28.3625   5.523157   5.523730     3.1087     2.6361      31.04   28.33412  -94.99880    0.00022   -0.00077          3  0.000e+00
      21884    911.792      9.347      9.410    28.3644    28.3641   5.522879   5.524584     3.1087     2.6361      31.04   28.33412  -94.99880    0.00025   -0.00080          3  0.000e+00
      21885    911.833      9.395      9.458    28.3650    28.3695   5.522794   5.526151     3.1099     2.6361      31.06   28.33412  -94.99880    0.00030   -0.00083          3  0.000e+00
      21886    911.875      9.395      9.458    28.3652    28.3750   5.522964   5.527036     3.1099     2.6361      31.04   28.33412  -94.99880    0.00034   -0.00086          3  0.000e+00
      21887    911.917      9.442      9.506    28.3653    28.3759   5.523049   5.527075     3.1099     2.6374      31.06   28.33412  -94.99880    0.00038   -0.00087          3  0.000e+00
      21888    911.958      9.395      9.458    28.3666    28.3781   5.523605   5.527279     3.1099     2.6374      31.04   28.33412  -94.99880    0.00042   -0.00089          3  0.000e+00
      21889    912.000      9.496      9.560    28.3684    28.3770   5.524239   5.526950     3.1087     2.6374      31.06   28.33412  -94.99880    0.00044   -0.00088          3  0.000e+00
      21890    912.042      9.442      9.506    28.3684    28.3765   5.524525   5.527381     3.1087     2.6374      31.04   28.33412  -94.99880    0.00047   -0.00088          3  0.000e+00
      21891    912.083      9.496      9.560    28.3683    28.3837   5.524193   5.529677     3.1099     2.6374      31.04   28.33412  -94.99880    0.00050   -0.00088          3  0.000e+00
      21892    912.125      9.442      9.505    28.3675    28.3898   5.524100   5.531064     3.1099     2.6374      31.04   28.33412  -94.99880    0.00054   -0.00087          3  0.000e+00
      21893    912.167      9.496      9.560    28.3721    28.3890   5.525453   5.530633     3.1099     2.6374      31.04   28.33412  -94.99880    0.00058   -0.00087          3  0.000e+00
      21894    912.208      9.543      9.608    28.3754    28.3864   5.526682   5.530351     3.1099     2.6386      30.92   28.33412  -94.99880    0.00061   -0.00085          3  0.000e+00
      21895    912.250      9.496      9.560    28.3740    28.3870   5.526906   5.530735     3.1099     2.6386      30.84   28.33412  -94.99880    0.00065   -0.00083          3  0.000e+00
      21896    912.292      9.543      9.608    28.3746    28.3874   5.526728   5.530805     3.1099     2.6386      30.84   28.33412  -94.99880    0.00068   -0.00081          3  0.000e+00
      21897    912.333      9.543      9.608    28.3746    28.3898   5.526295   5.531228     3.1099     2.6386      30.84   28.33412  -94.99880    0.00071   -0.00077          3  0.000e+00
      21898    912.375      9.543      9.608    28.3731    28.3912   5.526272   5.531103     3.1099     2.6398      30.84   28.33412  -94.99880    0.00076   -0.00073          3  0.000e+00
      21899    912.417      9.543      9.608    28.3721    28.3861   5.526612   5.529567     3.1099     2.6386      30.87   28.33412  -94.99880    0.00079   -0.00071          3  0.000e+00
      21900    912.458      9.543      9.608    28.3714    28.3822   5.526202   5.528290     3.1099     2.6398      30.84   28.33412  -94.99880    0.00082   -0.00066          3  0.000e+00
      21901    912.500      9.645      9.710    28.3724    28.3809   5.525862   5.527976     3.1087     2.6398      30.87   28.33412  -94.99880    0.00083   -0.00061          3  0.000e+00
      21902    912.542      9.543      9.608    28.3753    28.3809   5.526179   5.528266     3.1099     2.6398      30.87   28.33412  -94.99880    0.00086   -0.00055          3  0.000e+00
      21903    912.583      9.590      9.655    28.3770    28.3824   5.527161   5.529120     3.1087     2.6398      30.87   28.33412  -94.99880    0.00089   -0.00050          3  0.000e+00
      21904    912.625      9.543      9.607    28.3796    28.3839   5.528545   5.529818     3.1087     2.6398      30.87   28.33412  -94.99880    0.00090   -0.00043          3  0.000e+00
      21905    912.667      9.590      9.655    28.3828    28.3848   5.529728   5.530029     3.1087     2.6398      30.87   28.33412  -94.99880    0.00090   -0.00038          3  0.000e+00
      21906    912.708      9.590      9.655    28.3849    28.3844   5.530516   5.529779     3.1087     2.6386      30.87   28.33412  -94.99880    0.00091   -0.00032          3  0.000e+00
      21907    912.750      9.496      9.560    28.3858    28.3835   5.530895   5.529277     3.1087     2.6398      30.84   28.33412  -94.99880    0.00092   -0.00025          3  0.000e+00
      21908    912.792      9.692      9.757    28.3870    28.3822   5.531305   5.528689     3.1087     2.6386      30.84   28.33412  -94.99880    0.00092   -0.00020          3  0.000e+00
      21909    912.833      9.590      9.655    28.3882    28.3815   5.531699   5.528360     3.1087     2.6386      30.87   28.33412  -94.99880    0.00093   -0.00015          3  0.000e+00
      21910    912.875      9.645      9.710    28.3879    28.3809   5.531614   5.528211     3.1087     2.6386      30.87   28.33412  -94.99880    0.00093   -0.00009          3  0.000e+00
      21911    912.917      9.590      9.655    28.3882    28.3805   5.531661   5.528219     3.1087     2.6386      30.87   28.33412  -94.99880    0.00094   -0.00004          3  0.000e+00
      21912    912.958      9.590      9.655    28.3886    28.3805   5.531931   5.528329     3.1087     2.6386      30.87   28.33412  -94.99880    0.00094    0.00001          3  0.000e+00
      21913    913.000      9.590      9.655    28.3898    28.3805   5.532117   5.528439     3.1087     2.6386      30.87   28.33412  -94.99880    0.00094    0.00007          3  0.000e+00
      21914    913.042      9.590      9.655    28.3902    28.3804   5.532117   5.528321     3.1087     2.6386      30.87   28.33412  -94.99880    0.00095    0.00012          3  0.000e+00
      21915    913.083      9.590      9.655    28.3897    28.3800   5.531846   5.528039     3.1099     2.6386      30.84   28.33412  -94.99880    0.00096    0.00018          3  0.000e+00
      21916    913.125      9.543      9.607    28.3890    28.3793   5.531537   5.527866     3.1099     2.6386      30.87   28.33412  -94.99880    0.00098    0.00024          3  0.000e+00
      21917    913.167      9.590      9.655    28.3882    28.3789   5.531429   5.527796     3.1087     2.6386      30.84   28.33412  -94.99880    0.00098    0.00029          3  0.000e+00
      21918    913.208      9.543      9.607    28.3882    28.3794   5.531320   5.527874     3.1087     2.6386      30.70   28.33412  -94.99880    0.00098    0.00035          3  0.000e+00
      21919    913.250      9.590      9.655    28.3879    28.3793   5.531220   5.527984     3.1087     2.6386      30.60   28.33412  -94.99880    0.00098    0.00040          3  0.000e+00
      21920    913.292      9.543      9.607    28.3875    28.3791   5.530918   5.527937     3.1087     2.6386      30.60   28.33412  -94.99880    0.00097    0.00044          3  0.000e+00
      21921    913.333      9.543      9.607    28.3871    28.3794   5.530694   5.527984     3.1087     2.6386      30.62   28.33412  -94.99880    0.00099    0.00048          3  0.000e+00
      21922    913.375      9.543      9.607    28.3865    28.3796   5.530679   5.528031     3.1087     2.6386      30.62   28.33412  -94.99880    0.00100    0.00052          3  0.000e+00
      21923    913.417      9.543      9.607    28.3858    28.3796   5.530624   5.528000     3.1087     2.6386      30.62   28.33412  -94.99880    0.00100    0.00056          3  0.000e+00
      21924    913.458      9.496      9.560    28.3848    28.3793   5.530362   5.527929     3.1087     2.6374      30.62   28.33412  -94.99880    0.00099    0.00058          3  0.000e+00
      21925    913.500      9.394      9.457    28.3829    28.3789   5.529766   5.527741     3.1074     2.6374      30.62   28.33412  -94.99880    0.00097    0.00061          3  0.000e+00
      21926    913.542      9.590      9.655    28.3774    28.3781   5.528699   5.527686     3.1087     2.6374      30.62   28.33412  -94.99880    0.00096    0.00063          3  0.000e+00
      21927    913.583      9.496      9.560    28.3753    28.3780   5.527717   5.527545     3.1074     2.6374      30.62   28.33412  -94.99880    0.00095    0.00065          3  0.000e+00
      21928    913.625      9.441      9.505    28.3746    28.3780   5.527594   5.527365     3.1074     2.6374      30.62   28.33412  -94.99880    0.00095    0.00066          3  0.000e+00
