GOMECC/GOMECC-4/1db/rb2103_0261.cnv
* Sea-Bird SBE 9 Data File:
* FileName = C:\Users\scs.user.rb\CTD\GOMECC4\data\rb2103_0261.hex
* Software Version Seasave V 7.26.7.107
* Temperature SN = 4799
* Conductivity SN = 3860
* Number of Bytes Per Scan = 41
* Number of Voltage Words = 4
* Number of Scans Averaged by the Deck Unit = 1
* NMEA Latitude = 28 20.64 N
* NMEA Longitude = 086 20.48 W
* NMEA UTC (Time) = Sep 21 2021  10:45:37
* NMEA baud rate = 4800
# nquan = 28
# nvalues = 346                         
# units = specified
# name 0 = scan: Scan Count
# name 1 = timeS: Time, Elapsed [seconds]
# name 2 = depSM: Depth [salt water, m]
# name 3 = prDM: Pressure, Digiquartz [db]
# name 4 = t090C: Temperature [ITS-90, deg C]
# name 5 = t190C: Temperature, 2 [ITS-90, deg C]
# name 6 = c0S/m: Conductivity [S/m]
# name 7 = c1S/m: Conductivity, 2 [S/m]
# name 8 = sbeox0V: Oxygen raw, SBE 43 [V]
# name 9 = sbeox1V: Oxygen raw, SBE 43, 2 [V]
# name 10 = altM: Altimeter [m]
# name 11 = latitude: Latitude [deg]
# name 12 = longitude: Longitude [deg]
# name 13 = sbox0dV/dT: Oxygen, SBE 43 [dov/dt]
# name 14 = sbox1dV/dT: Oxygen, SBE 43, 2 [dov/dt]
# name 15 = sbeox0ML/L: Oxygen, SBE 43 [ml/l], WS = 5
# name 16 = sbeox1ML/L: Oxygen, SBE 43, 2 [ml/l], WS = 5
# name 17 = potemp090C: Potential Temperature [ITS-90, deg C]
# name 18 = potemp190C: Potential Temperature, 2 [ITS-90, deg C]
# name 19 = sal00: Salinity, Practical [PSU]
# name 20 = sal11: Salinity, Practical, 2 [PSU]
# name 21 = sigma-é00: Density [sigma-theta, kg/m^3]
# name 22 = sigma-é11: Density, 2 [sigma-theta, kg/m^3]
# name 23 = avgsvCM: Average Sound Velocity [Chen-Millero, m/s], minP = 20, minS = 20
# name 24 = sbox0Mm/Kg: Oxygen, SBE 43 [umol/kg], WS = 5
# name 25 = sbox1Mm/Kg: Oxygen, SBE 43, 2 [umol/kg], WS = 5
# name 26 = nbin: number of scans per bin
# name 27 = flag: flag
# span 0 =      11508,      80805       
# span 1 =    479.460,   3366.848       
# span 2 =      1.987,    608.008       
# span 3 =      2.000,    613.000       
# span 4 =     7.3718,    28.6352       
# span 5 =     7.3729,    28.6149       
# span 6 =   3.584993,   5.723823       
# span 7 =   3.584979,   5.724224       
# span 8 =     1.6212,     3.1238       
# span 9 =     1.3262,     2.6605       
# span 10 =      11.65,     101.22      
# span 11 =   28.33258,   28.60624      
# span 12 =  -87.14057,  -86.30687      
# span 13 =   -0.03133,    0.03464      
# span 14 =   -0.03123,    0.03592      
# span 15 =     2.5676,     4.4911      
# span 16 =     2.6001,     4.5111      
# span 17 =     7.3110,    28.6263      
# span 18 =     7.3121,    28.6104      
# span 19 =    32.5150,    36.6168      
# span 20 =    32.5146,    36.6317      
# span 21 =    20.5892,    27.3279      
# span 22 =    20.5884,    27.3269      
# span 23 =       0.00,    1546.84      
# span 24 =    111.638,    196.525      
# span 25 =    113.054,    197.402      
# span 26 =         30,         75      
# span 27 = 0.0000e+00, 0.0000e+00      
# interval = decibars: 1                
# start_time = Sep 21 2021 10:45:37 [NMEA time, header]
# bad_flag = -9.990e-29
*END*
      11508    479.460      3.973      4.000    27.7930    27.7943   5.249915   5.250228     3.0962     2.6367      99.93   28.34382  -86.34071   -0.00054    0.00076     4.4568     4.4720    27.7921    27.7934    32.5424    32.5436    20.6149    20.6155       0.00    195.020    195.687         41 0.0000e+00
      11646    485.195      4.967      5.000    27.7935    27.7942   5.249881   5.249977     3.0962     2.6387      95.87   28.34382  -86.34070   -0.00003    0.00154     4.4572     4.4767    27.7923    27.7930    32.5415    32.5417    20.6142    20.6142       0.00    195.040    195.893         57 0.0000e+00
      11714    488.044      5.960      6.000    27.7934    27.7946   5.249863   5.250093     3.0949     2.6380      91.32   28.34382  -86.34070    0.00036    0.00007     4.4554     4.4758    27.7920    27.7932    32.5412    32.5419    20.6141    20.6143       0.00    194.959    195.851         52 0.0000e+00
      11765    490.150      6.953      7.000    27.7921    27.7936   5.249619   5.249853     3.0960     2.6378      92.49   28.34382  -86.34070   -0.00018   -0.00042     4.4582     4.4758    27.7905    27.7920    32.5402    32.5413    20.6138    20.6141       0.00    195.082    195.853         56 0.0000e+00
      11823    492.576      7.946      8.000    27.7921    27.8024   5.249771   5.251262     3.0957     2.6380      74.84   28.34382  -86.34070    0.00009    0.00016     4.4581     4.4764    27.7902    27.8005    32.5409    32.5473    20.6144    20.6159       0.00    195.077    195.879         57 0.0000e+00
      11875    494.743      8.940      9.000    27.8031    27.8032   5.252030   5.251960     3.0955     2.6371      99.69   28.34382  -86.34070    0.00004   -0.00024     4.4572     4.4747    27.8010    27.8011    32.5487    32.5482    20.6169    20.6164       0.00    195.037    195.801         50 0.0000e+00
      11929    497.003      9.933     10.000    27.8095    27.8070   5.254592   5.253454     3.0977     2.6355     100.00   28.34382  -86.34070    0.00045   -0.00054     4.4610     4.4714    27.8072    27.8047    32.5618    32.5556    20.6247    20.6208       0.00    195.200    195.657         56 0.0000e+00
      11982    499.222     10.926     11.000    27.8285    27.8269   5.264233   5.263146     3.0959     2.6382     100.00   28.34382  -86.34070   -0.00001    0.00018     4.4555     4.4747    27.8252    27.8244    32.6160    32.6094    20.6595    20.6551       0.00    194.957    195.798         53 0.0000e+00
      12038    501.534     11.919     12.000    27.8667    27.8647   5.282365   5.281732     3.0957     2.6391     100.00   28.34382  -86.34070   -0.00057    0.00113     4.4500     4.4717    27.8639    27.8619    32.7148    32.7118    20.7213    20.7197       0.00    194.704    195.651         53 0.0000e+00
      12085    503.514     12.913     13.000    28.2032    28.1974   5.369031   5.367826     3.1064     2.6459      99.55   28.34382  -86.34070    0.00221    0.00159     4.4351     4.4528    28.2001    28.1944    33.0765    33.0723    20.8837    20.8824       0.00    194.018    194.793         48 0.0000e+00
      12139    505.749     13.906     14.000    28.4590    28.4605   5.442368   5.441800     3.1093     2.6457      93.88   28.34382  -86.34070    0.00457    0.00281     4.4125     4.4250    28.4556    28.4572    33.4087    33.4037    21.0497    21.0454       0.00    193.001    193.546         55 0.0000e+00
      12187    507.768     14.899     15.000    28.3575    28.3628   5.500613   5.499056     3.1073     2.6422      99.99   28.34382  -86.34070   -0.00214   -0.00328     4.4056     4.4142    28.3539    28.3592    33.8832    33.8687    21.4394    21.4268       0.00    192.624    193.001         44 0.0000e+00
      12235    509.761     15.893     16.000    28.3547    28.3564   5.539546   5.537971     3.1139     2.6494     100.00   28.34382  -86.34070    0.00199    0.00188     4.4119     4.4232    28.3509    28.3526    34.1550    34.1428    21.6446    21.6348       0.00    192.861    193.355         53 0.0000e+00
      12288    511.939     16.886     17.000    28.3080    28.3102   5.567896   5.567683     3.1093     2.6448     100.00   28.34382  -86.34070 9.5126e-07    0.00010     4.4033     4.4113    28.3040    28.3062    34.3854    34.3823    21.8331    21.8300       0.00    192.452    192.799         49 0.0000e+00
      12336    513.953     17.879     18.000    28.5936    28.5862   5.676620   5.674589     3.1093     2.6409     100.00   28.34382  -86.34070   -0.00109   -0.00153     4.3668     4.3693    28.5893    28.5819    34.9357    34.9283    22.1524    22.1493       0.00    190.796    190.905         49 0.0000e+00
      12387    516.085     18.872     19.000    28.6117    28.6149   5.686581   5.686950     3.0822     2.6165     100.00   28.34382  -86.34070   -0.00566   -0.00691     4.3151     4.3183    28.6072    28.6104    34.9866    34.9868    22.1847    22.1838       0.00    188.531    188.671         52 0.0000e+00
      12436    518.125     19.866     20.000    28.5889    28.5909   5.684617   5.684962     3.0657     2.6069     100.00   28.34382  -86.34070   -0.01148   -0.00873     4.2871     4.3011    28.5841    28.5861    34.9896    34.9905    22.1946    22.1946     795.56    187.304    187.916         48 0.0000e+00
      12486    520.198     20.859     21.000    28.5575    28.5592   5.685763   5.685772     3.0573     2.5975     100.00   28.34382  -86.34070   -0.00542   -0.00371     4.2731     4.2823    28.5550    28.5543    35.0219    35.0195    22.2286    22.2261    1546.84    186.689    187.092         50 0.0000e+00
      12534    522.228     21.852     22.000    28.5406    28.5457   5.692172   5.692800     3.0433     2.5795     100.00   28.34382  -86.34070   -0.00557   -0.00734     4.2488     4.2476    28.5354    28.5404    35.0770    35.0777    22.2764    22.2753    1542.94    185.616    185.564         49 0.0000e+00
      12586    524.379     22.845     23.000    28.3635    28.3768   5.670141   5.671585     3.0147     2.5516     100.00   28.34382  -86.34070   -0.00802   -0.00945     4.2117     4.2057    28.3580    28.3713    35.0545    35.0547    22.3181    22.3138    1542.94    183.988    183.726         53 0.0000e+00
      12636    526.477     23.838     24.000    28.1694    28.1781   5.652201   5.652977     2.9669     2.5099     100.00   28.34382  -86.34070   -0.01964   -0.01741     4.1373     4.1326    28.1637    28.1724    35.0730    35.0720    22.3959    22.3923    1542.90    180.723    180.520         47 0.0000e+00
      12685    528.503     24.831     25.000    28.0796    28.0791   5.647087   5.647822     2.9300     2.4819      78.61   28.34382  -86.34070   -0.02061   -0.01718     4.0791     4.0819    28.0697    28.0732    35.1067    35.1092    22.4521    22.4529    1542.88    178.172    178.296         51 0.0000e+00
      12736    530.621     25.825     26.000    28.1122    28.1122   5.657208   5.656925     2.9268     2.4786     100.17   28.34382  -86.34070   -0.01019   -0.00769     4.0668     4.0725    28.1064    28.1060    35.1498    35.1481    22.4724    22.4713    1542.84    177.633    177.882         50 0.0000e+00
      12786    532.715     26.818     27.000    28.0758    28.0786   5.659143   5.659431     2.9332     2.4847     100.00   28.34382  -86.34070    0.00230    0.00147     4.0808     4.0867    28.0695    28.0722    35.1904    35.1903    22.5151    22.5141    1542.82    178.234    178.494         52 0.0000e+00
      12838    534.884     27.811     28.000    28.0630    28.0636   5.660985   5.660829     2.9358     2.4893     100.00   28.34382  -86.34070    0.00157    0.00288     4.0865     4.0971    28.0564    28.0570    35.2126    35.2110    22.5360    22.5347    1542.79    178.481    178.943         49 0.0000e+00
      12885    536.849     28.804     29.000    28.0489    28.0526   5.664740   5.665315     2.9454     2.4955     100.00   28.34382  -86.34070    0.00308    0.00227     4.1047     4.1102    28.0421    28.0458    35.2523    35.2526    22.5706    22.5696    1542.77    179.270    179.511         49 0.0000e+00
      12938    539.053     29.798     30.000    27.9739    27.9739   5.660896   5.660234     2.9420     2.4892     100.00   28.34382  -86.34070    0.00296    0.00161     4.1038     4.1027    27.9668    27.9668    35.2779    35.2733    22.6145    22.6110    1542.75    179.222    179.176         53 0.0000e+00
      12988    541.123     30.791     31.000    27.9976    28.0015   5.678741   5.679206     2.9413     2.4962     100.00   28.34382  -86.34070   -0.00302   -0.00165     4.0978     4.1123    27.9903    27.9942    35.3853    35.3856    22.6876    22.6866    1542.73    178.950    179.583         50 0.0000e+00
      13039    543.259     31.784     32.000    27.9225    27.9282   5.671615   5.672360     3.0096     2.5589     100.00   28.34382  -86.34069    0.02034    0.02122     4.2310     4.2467    27.9150    27.9207    35.3914    35.3923    22.7168    22.7156    1542.71    184.758    185.447         50 0.0000e+00
      13087    545.257     32.777     33.000    27.7998    27.8036   5.662701   5.663657     3.0193     2.5664     100.00   28.34382  -86.34069    0.01705    0.01369     4.2585     4.2706    27.7926    27.7959    35.4204    35.4246    22.7785    22.7807    1542.69    185.950    186.479         48 0.0000e+00
      13139    547.409     33.770     34.000    27.7072    27.7134   5.660821   5.661519     3.0127     2.5606      99.94   28.34382  -86.34068   -0.00014   -0.00029     4.2517     4.2644    27.6993    27.7054    35.4771    35.4774    22.8516    22.8498    1542.66    185.640    186.193         53 0.0000e+00
      13189    549.500     34.763     35.000    27.6355    27.6373   5.657011   5.657025     2.9897     2.5330     100.00   28.34382  -86.34068   -0.00727   -0.00809     4.2195     4.2209    27.6274    27.6291    35.5042    35.5030    22.8954    22.8939    1542.63    184.224    184.284         49 0.0000e+00
      13240    551.642     35.757     36.000    27.7639    27.7617   5.695933   5.695822     2.9815     2.5259      76.07   28.34382  -86.34068   -0.00868   -0.01019     4.1859     4.1864    27.7555    27.7533    35.6841    35.6824    22.9891    22.9885    1542.62    182.741    182.765         53 0.0000e+00
      13289    553.666     36.750     37.000    27.7986    27.7983   5.707888   5.707772     3.0021     2.5517      99.99   28.34382  -86.34068    0.00396    0.00686     4.2182     4.2337    27.7900    27.7896    35.7353    35.7334    23.0164    23.0151    1542.61    184.148    184.823         45 0.0000e+00
      13339    555.736     37.743     38.000    27.7780    27.7792   5.713516   5.713542     3.0109     2.5573     100.00   28.34382  -86.34068    0.00772    0.00768     4.2375     4.2476    27.7691    27.7703    35.7945    35.7937    23.0677    23.0667    1542.60    184.981    185.421         55 0.0000e+00
      13392    557.954     38.736     39.000    27.7689    27.7708   5.723551   5.723579     3.0161     2.5649     100.00   28.34382  -86.34068    0.00285    0.00261     4.2464     4.2617    27.7553    27.7619    35.8754    35.8733    23.1332    23.1306    1542.59    185.360    186.029         49 0.0000e+00
      13440    559.951     39.729     40.000    27.6658    27.6702   5.723823   5.724224     3.0274     2.5760     100.00   28.34381  -86.34068    0.00422    0.00496     4.2739     4.2910    27.6564    27.6608    35.9527    35.9521    23.2235    23.2217    1542.59    186.539    187.287         49 0.0000e+00
      13489    562.009     40.722     41.000    27.5021    27.5191   5.703613   5.705243     3.0263     2.5732     100.00   28.34381  -86.34068    0.00258    0.00225     4.2860     4.2981    27.4979    27.5097    35.9747    35.9781    23.2916    23.2885    1542.57    187.055    187.584         51 0.0000e+00
      13542    564.188     41.715     42.000    27.1007    27.1064   5.659648   5.660218     2.9879     2.5331      99.79   28.34380  -86.34068   -0.00913   -0.01034     4.2447     4.2441    27.0910    27.0967    35.9301    35.9298    23.3893    23.3873    1542.54    185.238    185.210         52 0.0000e+00
      13592    566.272     42.708     43.000    27.1407    27.1452   5.677287   5.677854     2.9713     2.5241     100.00   28.34380  -86.34068   -0.01657   -0.01491     4.2090     4.2209    27.1307    27.1352    36.0251    36.0257    23.4482    23.4471    1542.51    183.668    184.186         47 0.0000e+00
      13639    568.245     43.702     44.000    26.8333    26.8426   5.638747   5.639895     2.9644     2.5177     100.00   28.34380  -86.34068   -0.00268   -0.00023     4.2206     4.2305    26.8232    26.8325    35.9866    35.9876    23.5176    23.5154    1542.47    184.163    184.592         50 0.0000e+00
      13692    570.443     44.695     45.000    26.5007    26.5036   5.606047   5.606265     2.9203     2.4698      83.43   28.34380  -86.34068   -0.01442   -0.01421     4.1621     4.1575    26.4933    26.4935    36.0073    36.0067    23.6382    23.6369    1542.42    181.590    181.386         52 0.0000e+00
      13741    572.480     45.688     46.000    26.4676    26.4690   5.615768   5.615841     2.8933     2.4513      97.37   28.34380  -86.34068   -0.01818   -0.01710     4.1122     4.1164    26.4572    26.4586    36.1054    36.1048    23.7237    23.7228    1542.36    179.393    179.577         49 0.0000e+00
      13791    574.590     46.681     47.000    26.4459    26.4466   5.619121   5.619401     2.8906     2.4548      54.81   28.34380  -86.34068   -0.00492   -0.00196     4.1081     4.1246    26.4353    26.4360    36.1464    36.1479    23.7615    23.7624    1542.31    179.211    179.928         50 0.0000e+00
      13839    576.571     47.674     48.000    26.4043    26.4078   5.617340   5.617799     2.8790     2.4418      99.28   28.34380  -86.34068   -0.00258   -0.00179     4.0894     4.1001    26.3934    26.3969    36.1659    36.1665    23.7894    23.7888    1542.25    178.387    178.856         48 0.0000e+00
      13892    578.784     48.667     49.000    26.2465    26.2477   5.603203   5.603443     2.8346     2.4050     100.00   28.34380  -86.34068   -0.01264   -0.01273     4.0162     4.0325    26.2354    26.2366    36.1869    36.1877    23.8552    23.8554    1542.20    175.186    175.899         55 0.0000e+00
      13941    580.829     49.660     50.000    26.1149    26.1174   5.592883   5.593251     2.7524     2.3193     100.00   28.34380  -86.34068   -0.03117   -0.03123     3.8694     3.8622    26.1037    26.1061    36.2151    36.2159    23.9179    23.9177    1542.14    168.769    168.455         45 0.0000e+00
      13990    582.875     50.653     51.000    26.0292    26.0335   5.587832   5.588367     2.7226     2.3039     100.00   28.34380  -86.34068   -0.03133   -0.02693     3.8185     3.8349    26.0178    26.0220    36.2457    36.2462    23.9679    23.9670    1542.08    166.542    167.257         54 0.0000e+00
      14042    585.022     51.646     52.000    25.9085    25.9109   5.575385   5.575789     2.7676     2.3483     100.00   28.34380  -86.34068    0.00762    0.01063     3.9132     3.9371    25.8969    25.8993    36.2499    36.2509    24.0089    24.0089    1542.02    170.667    171.707         47 0.0000e+00
      14090    587.049     52.639     53.000    25.7427    25.7489   5.559455   5.560200     2.8285     2.4118     100.00   28.34380  -86.34068    0.02493    0.02590     4.0405     4.0794    25.7309    25.7371    36.2653    36.2658    24.0724    24.0708    1541.96    176.209    177.904         52 0.0000e+00
      14140    589.121     53.632     54.000    25.5614    25.5656   5.542111   5.542652     2.8976     2.4803     100.00   28.34380  -86.34068    0.03464    0.03592     4.1882     4.2413    25.5495    25.5537    36.2804    36.2810    24.1401    24.1393    1541.88    182.636    184.950         44 0.0000e+00
