GOMECC/GOMECC-4/1db/rb2103_0911.ros
* Sea-Bird SBE 9 Data File:
* FileName = C:\Users\scs.user.rb\CTD\GOMECC4\data\rb2103_0911.hex
* Software Version Seasave V 7.26.7.107
* Temperature SN = 4799
* Conductivity SN = 3860
* Number of Bytes Per Scan = 41
* Number of Voltage Words = 4
* Number of Scans Averaged by the Deck Unit = 1
* NMEA Latitude = 21 44.01 N
* NMEA Longitude = 092 19.10 W
* NMEA UTC (Time) = Oct 10 2021  02:10:50
* NMEA baud rate = 4800
# nquan = 17
# nvalues = 1862                                  
# units = specified
# name 0 = scan: Scan Count
# name 1 = timeS: Time, Elapsed [seconds]
# name 2 = depSM: Depth [salt water, m]
# name 3 = prDM: Pressure, Digiquartz [db]
# name 4 = t090C: Temperature [ITS-90, deg C]
# name 5 = t190C: Temperature, 2 [ITS-90, deg C]
# name 6 = c0S/m: Conductivity [S/m]
# name 7 = c1S/m: Conductivity, 2 [S/m]
# name 8 = sbeox0V: Oxygen raw, SBE 43 [V]
# name 9 = sbeox1V: Oxygen raw, SBE 43, 2 [V]
# name 10 = altM: Altimeter [m]
# name 11 = latitude: Latitude [deg]
# name 12 = longitude: Longitude [deg]
# name 13 = sbox0dV/dT: Oxygen, SBE 43 [dov/dt]
# name 14 = sbox1dV/dT: Oxygen, SBE 43, 2 [dov/dt]
# name 15 = nbf: Bottles Fired
# name 16 = flag:  0.000e+00
# interval = seconds: 0.0416667
# start_time = Oct 10 2021 02:10:50 [NMEA time, header]
# bad_flag = -9.990e-29
*END*
[from data line 1618]
      53065   2211.000      4.047      4.073    29.8117    29.7922   6.044188   6.042097     3.1624     2.6691     100.00   21.73494  -92.32030    0.00033   -0.00022         13  0.000e+00
      53066   2211.042      3.993      4.018    29.8115    29.7898   6.044220   6.042154     3.1624     2.6691     100.00   21.73494  -92.32030    0.00036   -0.00031         13  0.000e+00
      53067   2211.083      4.095      4.120    29.8109    29.7868   6.044180   6.042073     3.1624     2.6691     100.00   21.73494  -92.32030    0.00036   -0.00039         13  0.000e+00
      53068   2211.125      4.095      4.120    29.8113    29.7872   6.044212   6.041983     3.1624     2.6691     100.00   21.73494  -92.32030    0.00038   -0.00045         13  0.000e+00
      53069   2211.167      4.048      4.073    29.8109    29.7895   6.044228   6.041999     3.1636     2.6691     100.00   21.73494  -92.32030    0.00041   -0.00051         13  0.000e+00
      53070   2211.208      4.048      4.073    29.8108    29.7913   6.044180   6.041958     3.1636     2.6691     100.00   21.73494  -92.32030    0.00043   -0.00056         13  0.000e+00
      53071   2211.250      4.095      4.121    29.8108    29.7908   6.044100   6.041885     3.1636     2.6703     100.00   21.73494  -92.32030    0.00045   -0.00060         13  0.000e+00
      53072   2211.292      4.048      4.073    29.8102    29.7913   6.044116   6.041942     3.1648     2.6703     100.00   21.73494  -92.32030    0.00049   -0.00064         13  0.000e+00
      53073   2211.333      4.095      4.121    29.8104    29.7919   6.044084   6.041983     3.1648     2.6691     100.00   21.73494  -92.32030    0.00053   -0.00068         13  0.000e+00
      53074   2211.375      4.095      4.121    29.8109    29.7922   6.044116   6.042007     3.1636     2.6691     100.00   21.73494  -92.32030    0.00056   -0.00071         13  0.000e+00
      53075   2211.417      4.095      4.121    29.8109    29.7913   6.044156   6.042016     3.1648     2.6691     100.00   21.73494  -92.32030    0.00058   -0.00076         13  0.000e+00
      53076   2211.458      4.095      4.121    29.8115    29.7918   6.044212   6.042138     3.1648     2.6691     100.00   21.73494  -92.32030    0.00060   -0.00079         13  0.000e+00
      53077   2211.500      4.095      4.121    29.8117    29.7913   6.044228   6.042056     3.1648     2.6703     100.00   21.73494  -92.32030    0.00064   -0.00080         13  0.000e+00
      53078   2211.542      4.095      4.121    29.8118    29.7904   6.044292   6.041902     3.1648     2.6703     100.00   21.73494  -92.32030    0.00068   -0.00081         13  0.000e+00
      53079   2211.583      4.095      4.121    29.8126    29.7904   6.044284   6.041812     3.1648     2.6703     100.00   21.73494  -92.32030    0.00071   -0.00083         13  0.000e+00
      53080   2211.625      4.149      4.175    29.8118    29.7908   6.044164   6.041812     3.1648     2.6703     100.00   21.73494  -92.32030    0.00075   -0.00085         13  0.000e+00
      53081   2211.667      4.095      4.121    29.8082    29.7909   6.043931   6.041747     3.1648     2.6703     100.00   21.73494  -92.32030    0.00077   -0.00087         13  0.000e+00
      53082   2211.708      4.143      4.168    29.8069    29.7908   6.043658   6.041552     3.1648     2.6703     100.00   21.73494  -92.32030    0.00079   -0.00089         13  0.000e+00
      53083   2211.750      4.095      4.121    29.8034    29.7898   6.043272   6.041299     3.1648     2.6703     100.00   21.73494  -92.32030    0.00081   -0.00091         13  0.000e+00
      53084   2211.792      4.149      4.175    29.8008    29.7872   6.042967   6.041193     3.1648     2.6703     100.00   21.73494  -92.32030    0.00084   -0.00095         13  0.000e+00
      53085   2211.833      4.095      4.121    29.8019    29.7835   6.042903   6.040982     3.1648     2.6703     100.00   21.73494  -92.32030    0.00086   -0.00096         13  0.000e+00
      53086   2211.875      4.149      4.175    29.8050    29.7810   6.042879   6.040892     3.1648     2.6716     100.00   21.73494  -92.32030    0.00088   -0.00098         13  0.000e+00
      53087   2211.917      4.095      4.121    29.8032    29.7816   6.042742   6.040697     3.1636     2.6703     100.00   21.73494  -92.32030    0.00087   -0.00101         13  0.000e+00
      53088   2211.958      4.149      4.175    29.7989    29.7818   6.042501   6.040811     3.1636     2.6716     100.00   21.73494  -92.32030    0.00087   -0.00102         13  0.000e+00
      53089   2212.000      4.149      4.175    29.7967    29.7837   6.042341   6.041063     3.1636     2.6716     100.00   21.73494  -92.32030    0.00087   -0.00104         13  0.000e+00
      53090   2212.042      4.095      4.121    29.7958    29.7849   6.042269   6.041242     3.1636     2.6716     100.00   21.73494  -92.32030    0.00087   -0.00105         13  0.000e+00
      53091   2212.083      4.149      4.175    29.7956    29.7846   6.042317   6.041299     3.1636     2.6703     100.00   21.73494  -92.32030    0.00084   -0.00110         13  0.000e+00
      53092   2212.125      4.149      4.175    29.7954    29.7842   6.042245   6.041210     3.1636     2.6716     100.00   21.73494  -92.32030    0.00084   -0.00112         13  0.000e+00
      53093   2212.167      4.095      4.121    29.7952    29.7831   6.042228   6.041185     3.1636     2.6703     100.00   21.73494  -92.32030    0.00084   -0.00117         13  0.000e+00
      53094   2212.208      4.149      4.175    29.7952    29.7829   6.042180   6.041063     3.1636     2.6703     100.00   21.73494  -92.32030    0.00081   -0.00121         13  0.000e+00
      53095   2212.250      4.149      4.175    29.7947    29.7831   6.042140   6.040982     3.1636     2.6703     100.00   21.73494  -92.32030    0.00079   -0.00126         13  0.000e+00
      53096   2212.292      4.149      4.175    29.7948    29.7845   6.042116   6.041014     3.1624     2.6703     100.00   21.73494  -92.32030    0.00075   -0.00130         13  0.000e+00
      53097   2212.333      4.095      4.121    29.7946    29.7855   6.041996   6.041031     3.1624     2.6703     100.00   21.73494  -92.32030    0.00071   -0.00136         13  0.000e+00
      53098   2212.375      4.095      4.121    29.7943    29.7849   6.041988   6.040982     3.1624     2.6691     100.00   21.73494  -92.32030    0.00067   -0.00142         13  0.000e+00
      53099   2212.417      4.150      4.176    29.7938    29.7850   6.041859   6.040941     3.1624     2.6679     100.00   21.73494  -92.32030    0.00062   -0.00150         13  0.000e+00
      53100   2212.458      4.095      4.121    29.7922    29.7851   6.041723   6.040966     3.1624     2.6679     100.00   21.73494  -92.32030    0.00058   -0.00157         13  0.000e+00
      53101   2212.500      4.150      4.176    29.7915    29.7852   6.041634   6.040966     3.1624     2.6679     100.00   21.73494  -92.32030    0.00054   -0.00165         13  0.000e+00
      53102   2212.542      4.095      4.121    29.7919    29.7840   6.041715   6.040941     3.1624     2.6667     100.00   21.73494  -92.32030    0.00049   -0.00173         13  0.000e+00
      53103   2212.583      4.095      4.121    29.7934    29.7833   6.042060   6.040892     3.1636     2.6679     100.00   21.73494  -92.32030    0.00047   -0.00180         13  0.000e+00
      53104   2212.625      4.150      4.176    29.7960    29.7818   6.042341   6.040795     3.1624     2.6667     100.00   21.73494  -92.32030    0.00041   -0.00189         13  0.000e+00
      53105   2212.667      4.095      4.121    29.7982    29.7820   6.042501   6.040852     3.1624     2.6667     100.00   21.73494  -92.32030    0.00034   -0.00197         13  0.000e+00
      53106   2212.708      4.048      4.073    29.7987    29.7807   6.042582   6.040770     3.1636     2.6679     100.00   21.73494  -92.32030    0.00031   -0.00204         13  0.000e+00
      53107   2212.750      4.150      4.176    29.7995    29.7803   6.042622   6.040738     3.1636     2.6654     100.00   21.73494  -92.32030    0.00028   -0.00214         13  0.000e+00
      53108   2212.792      4.096      4.121    29.8004    29.7819   6.042750   6.040868     3.1636     2.6654     100.00   21.73494  -92.32030    0.00025   -0.00225         13  0.000e+00
      53109   2212.833      4.048      4.074    29.8013    29.7836   6.042799   6.041079     3.1636     2.6667     100.00   21.73494  -92.32030    0.00022   -0.00233         13  0.000e+00
      53110   2212.875      4.096      4.121    29.8022    29.7853   6.042895   6.041210     3.1636     2.6679     100.00   21.73494  -92.32030    0.00019   -0.00239         13  0.000e+00
      53111   2212.917      4.096      4.121    29.8019    29.7859   6.042758   6.041177     3.1636     2.6654     100.00   21.73494  -92.32030    0.00016   -0.00248         13  0.000e+00
      53112   2212.958      4.041      4.067    29.8004    29.7851   6.042606   6.041136     3.1636     2.6654     100.00   21.73494  -92.32030    0.00013   -0.00257         13  0.000e+00
      53113   2213.000      4.096      4.121    29.7989    29.7848   6.042526   6.041169     3.1636     2.6654     100.00   21.73494  -92.32030    0.00009   -0.00266         13  0.000e+00
      53114   2213.042      4.048      4.074    29.7982    29.7862   6.042542   6.041307     3.1636     2.6679     100.00   21.73494  -92.32030    0.00006   -0.00271         13  0.000e+00
      53115   2213.083      4.096      4.121    29.7984    29.7874   6.042606   6.041446     3.1636     2.6654     100.00   21.73494  -92.32030    0.00003   -0.00277         13  0.000e+00
      53116   2213.125      4.048      4.074    29.7978    29.7879   6.042646   6.041511     3.1636     2.6667     100.00   21.73494  -92.32030   -0.00001   -0.00282         13  0.000e+00
      53117   2213.167      4.048      4.074    29.7980    29.7885   6.042823   6.041543     3.1624     2.6667     100.00   21.73494  -92.32030   -0.00006   -0.00286         13  0.000e+00
      53118   2213.208      4.048      4.074    29.7993    29.7885   6.042927   6.041527     3.1624     2.6667     100.00   21.73494  -92.32030   -0.00012   -0.00289         13  0.000e+00
      53119   2213.250      4.048      4.074    29.8004    29.7883   6.043023   6.041600     3.1624     2.6667     100.00   21.73494  -92.32030   -0.00015   -0.00291         13  0.000e+00
      53120   2213.292      4.001      4.026    29.8022    29.7887   6.043144   6.041641     3.1624     2.6679     100.00   21.73494  -92.32030   -0.00019   -0.00291         13  0.000e+00
      53121   2213.333      4.048      4.074    29.8026    29.7894   6.043112   6.041665     3.1624     2.6679     100.00   21.73494  -92.32030   -0.00024   -0.00291         13  0.000e+00
      53122   2213.375      4.048      4.074    29.8024    29.7896   6.043048   6.041747     3.1624     2.6679     100.00   21.73494  -92.32030   -0.00028   -0.00291         13  0.000e+00
      53123   2213.417      4.001      4.026    29.8019    29.7900   6.043039   6.041820     3.1612     2.6679     100.00   21.73494  -92.32030   -0.00032   -0.00288         13  0.000e+00
      53124   2213.458      4.048      4.074    29.8009    29.7908   6.042999   6.041861     3.1612     2.6679     100.00   21.73494  -92.32030   -0.00035   -0.00286         13  0.000e+00
      53125   2213.500      4.001      4.026    29.8009    29.7913   6.042959   6.041942     3.1612     2.6679     100.00   21.73494  -92.32030   -0.00039   -0.00283         13  0.000e+00
      53126   2213.542      4.001      4.026    29.8011    29.7915   6.042911   6.042015     3.1624     2.6679     100.00   21.73494  -92.32030   -0.00041   -0.00280         13  0.000e+00
      53127   2213.583      3.994      4.019    29.8008    29.7924   6.042847   6.042097     3.1624     2.6679     100.00   21.73494  -92.32030   -0.00042   -0.00277         13  0.000e+00
      53128   2213.625      4.001      4.026    29.8009    29.7932   6.042807   6.042121     3.1612     2.6679     100.00   21.73494  -92.32030   -0.00046   -0.00274         13  0.000e+00
      53129   2213.667      4.001      4.026    29.8017    29.7937   6.042750   6.042129     3.1612     2.6679     100.00   21.73494  -92.32030   -0.00049   -0.00270         13  0.000e+00
      53130   2213.708      4.001      4.026    29.8011    29.7941   6.042782   6.042194     3.1624     2.6679     100.00   21.73494  -92.32030   -0.00050   -0.00266         13  0.000e+00
      53131   2213.750      4.001      4.026    29.8009    29.7939   6.042726   6.042178     3.1624     2.6679     100.00   21.73494  -92.32030   -0.00052   -0.00260         13  0.000e+00
      53132   2213.792      3.947      3.972    29.8013    29.7941   6.042758   6.042146     3.1624     2.6679     100.00   21.73494  -92.32030   -0.00053   -0.00254         13  0.000e+00
      53133   2213.833      4.001      4.026    29.8019    29.7935   6.042831   6.042121     3.1624     2.6679     100.00   21.73494  -92.32030   -0.00055   -0.00247         13  0.000e+00
      53134   2213.875      3.947      3.972    29.8030    29.7933   6.042903   6.042154     3.1624     2.6679     100.00   21.73494  -92.32030   -0.00054   -0.00242         13  0.000e+00
      53135   2213.917      4.001      4.026    29.8041    29.7935   6.042943   6.042146     3.1624     2.6679     100.00   21.73494  -92.32030   -0.00056   -0.00235         13  0.000e+00
      53136   2213.958      3.947      3.972    29.8050    29.7937   6.042983   6.042235     3.1624     2.6679     100.00   21.73494  -92.32030   -0.00057   -0.00228         13  0.000e+00
      53137   2214.000      4.001      4.026    29.8056    29.7935   6.043055   6.042268     3.1624     2.6667     100.00   21.73494  -92.32030   -0.00056   -0.00222         13  0.000e+00
      53138   2214.042      3.947      3.972    29.8054    29.7937   6.043088   6.042243     3.1624     2.6679     100.00   21.73494  -92.32030   -0.00056   -0.00214         13  0.000e+00
      53139   2214.083      3.947      3.972    29.8052    29.7937   6.043152   6.042260     3.1624     2.6679     100.00   21.73494  -92.32030   -0.00055   -0.00206         13  0.000e+00
      53140   2214.125      4.001      4.026    29.8037    29.7941   6.043112   6.042194     3.1624     2.6667     100.00   21.73494  -92.32030   -0.00054   -0.00199         13  0.000e+00
      53141   2214.167      3.947      3.972    29.8013    29.7941   6.043096   6.042219     3.1636     2.6679     100.00   21.73494  -92.32030   -0.00053   -0.00190         13  0.000e+00
      53142   2214.208      3.995      4.020    29.8008    29.7943   6.043152   6.042260     3.1624     2.6679     100.00   21.73494  -92.32030   -0.00053   -0.00181         13  0.000e+00
      53143   2214.250      3.947      3.972    29.8013    29.7943   6.043112   6.042227     3.1624     2.6691     100.00   21.73494  -92.32030   -0.00052   -0.00170         13  0.000e+00
      53144   2214.292      3.947      3.972    29.8024    29.7941   6.043152   6.042227     3.1624     2.6691     100.00   21.73494  -92.32030   -0.00051   -0.00158         13  0.000e+00
      53145   2214.333      3.947      3.972    29.8034    29.7941   6.043224   6.042219     3.1624     2.6691     100.00   21.73494  -92.32030   -0.00050   -0.00147         13  0.000e+00
      53146   2214.375      3.947      3.972    29.8032    29.7935   6.043248   6.042178     3.1624     2.6691     100.00   21.73494  -92.32030   -0.00048   -0.00137         13  0.000e+00
      53147   2214.417      3.947      3.972    29.8034    29.7939   6.043224   6.042178     3.1636     2.6703     100.00   21.73494  -92.32030   -0.00046   -0.00125         13  0.000e+00
      53148   2214.458      4.002      4.027    29.8041    29.7935   6.043200   6.042170     3.1624     2.6703     100.00   21.73494  -92.32030   -0.00044   -0.00112         13  0.000e+00
