GOMECC/GOMECC-4/1db/rb2103_0791.cnv
* Sea-Bird SBE 9 Data File:
* FileName = C:\Users\scs.user.rb\CTD\GOMECC4\data\rb2103_0791.hex
* Software Version Seasave V 7.26.7.107
* Temperature SN = 4799
* Conductivity SN = 3860
* Number of Bytes Per Scan = 41
* Number of Voltage Words = 4
* Number of Scans Averaged by the Deck Unit = 1
* NMEA Latitude = 22 16.43 N
* NMEA Longitude = 097 21.67 W
* NMEA UTC (Time) = Oct 06 2021  04:28:40
* NMEA baud rate = 4800
# nquan = 28
# nvalues = 387                         
# units = specified
# name 0 = scan: Scan Count
# name 1 = timeS: Time, Elapsed [seconds]
# name 2 = depSM: Depth [salt water, m]
# name 3 = prDM: Pressure, Digiquartz [db]
# name 4 = t090C: Temperature [ITS-90, deg C]
# name 5 = t190C: Temperature, 2 [ITS-90, deg C]
# name 6 = c0S/m: Conductivity [S/m]
# name 7 = c1S/m: Conductivity, 2 [S/m]
# name 8 = sbeox0V: Oxygen raw, SBE 43 [V]
# name 9 = sbeox1V: Oxygen raw, SBE 43, 2 [V]
# name 10 = altM: Altimeter [m]
# name 11 = latitude: Latitude [deg]
# name 12 = longitude: Longitude [deg]
# name 13 = sbox0dV/dT: Oxygen, SBE 43 [dov/dt]
# name 14 = sbox1dV/dT: Oxygen, SBE 43, 2 [dov/dt]
# name 15 = sbeox0ML/L: Oxygen, SBE 43 [ml/l], WS = 5
# name 16 = sbeox1ML/L: Oxygen, SBE 43, 2 [ml/l], WS = 5
# name 17 = potemp090C: Potential Temperature [ITS-90, deg C]
# name 18 = potemp190C: Potential Temperature, 2 [ITS-90, deg C]
# name 19 = sal00: Salinity, Practical [PSU]
# name 20 = sal11: Salinity, Practical, 2 [PSU]
# name 21 = sigma-é00: Density [sigma-theta, kg/m^3]
# name 22 = sigma-é11: Density, 2 [sigma-theta, kg/m^3]
# name 23 = avgsvCM: Average Sound Velocity [Chen-Millero, m/s], minP = 20, minS = 20
# name 24 = sbox0Mm/Kg: Oxygen, SBE 43 [umol/kg], WS = 5
# name 25 = sbox1Mm/Kg: Oxygen, SBE 43, 2 [umol/kg], WS = 5
# name 26 = nbin: number of scans per bin
# name 27 = flag: flag
# span 0 =       5257,      47633       
# span 1 =    218.983,   1984.658       
# span 2 =      0.994,    238.362       
# span 3 =      1.000,    240.000       
# span 4 =    14.4810,    29.6688       
# span 5 =    14.4828,    29.5564       
# span 6 =   4.347512,   6.007930       
# span 7 =   4.347675,   6.008653       
# span 8 =     1.7175,     3.3263       
# span 9 =     1.4057,     2.8366       
# span 10 =       5.16,     101.20      
# span 11 =   22.13372,   22.45165      
# span 12 =  -98.13803,  -96.74838      
# span 13 =   -0.04958,    0.04385      
# span 14 =   -0.04745,    0.04113      
# span 15 =     2.4427,     4.9552      
# span 16 =     2.4580,     4.9611      
# span 17 =    14.4452,    29.6651      
# span 18 =    14.4470,    29.5527      
# span 19 =    29.7992,    36.5534      
# span 20 =    27.2224,    36.5231      
# span 21 =    18.0469,    26.7855      
# span 22 =    16.1297,    26.7855      
# span 23 =       0.00,    1547.18      
# span 24 =    106.247,    216.069      
# span 25 =    106.916,    216.328      
# span 26 =         30,         73      
# span 27 = 0.0000e+00, 0.0000e+00      
# interval = decibars: 1                
# start_time = Oct 06 2021 04:28:40 [NMEA time, header]
# bad_flag = -9.990e-29
*END*
[from data line 363]
      37891   1578.742     34.778     35.000    29.3624    29.3550   5.953586   5.953145     3.1448     2.6574     100.00   22.27404  -97.36176   -0.00142   -0.00216     4.3506     4.3257    29.3538    29.3463    36.2656    36.2683    22.8954    22.9000    1526.73    189.952    188.860         41 0.0000e+00
      37931   1580.433     33.785     34.000    29.4038    29.4122   5.957734   5.958974     3.1427     2.6621     100.00   22.27404  -97.36176   -0.00216   -0.00006     4.3410     4.3305    29.3954    29.4039    36.2643    36.2653    22.8804    22.8783    1526.73    189.534    189.076         44 0.0000e+00
      37990   1582.858     32.791     33.000    29.4194    29.4291   5.959678   5.960776     3.1421     2.6586     100.00   22.27404  -97.36176   -0.00048    0.00030     4.3386     4.3215    29.4113    29.4210    36.2649    36.2652    22.8755    22.8724    1526.73    189.428    188.684         67 0.0000e+00
      38042   1585.058     31.798     32.000    29.4268    29.4307   5.960338   5.960927     3.1403     2.6554     100.00   22.27404  -97.36176   -0.00029   -0.00158     4.3342     4.3145    29.4190    29.4229    36.2642    36.2656    22.8724    22.8721    1526.73    189.239    188.379         39 0.0000e+00
      38085   1586.841     30.804     31.000    29.4304    29.4349   5.960694   5.961326     3.1407     2.6529     100.00   22.27404  -97.36176   -0.00036   -0.00168     4.3342     4.3087    29.4228    29.4273    36.2642    36.2652    22.8711    22.8703    1526.73    189.238    188.124         53 0.0000e+00
      38143   1589.259     29.810     30.000    29.4332    29.4364   5.960934   5.961418     3.1412     2.6535     100.00   22.27404  -97.36176   -0.00001   -0.00040     4.3343     4.3093    29.4258    29.4291    36.2641    36.2650    22.8700    22.8695    1526.73    189.240    188.149         51 0.0000e+00
      38188   1591.124     28.817     29.000    29.4349    29.4374   5.961052   5.961503     3.1416     2.6570     100.00   22.27404  -97.36176    0.00035    0.00140     4.3343     4.3155    29.4278    29.4303    36.2639    36.2651    22.8692    22.8693    1526.73    189.243    188.423         47 0.0000e+00
      38241   1593.339     27.823     28.000    29.4363    29.4382   5.961173   5.961503     3.1420     2.6592     100.00   22.27404  -97.36176    0.00020    0.00112     4.3345     4.3195    29.4295    29.4313    36.2639    36.2648    22.8686    22.8687    1526.73    189.249    188.596         55 0.0000e+00
      38291   1595.436     26.830     27.000    29.4362    29.4394   5.961097   5.961609     3.1407     2.6592     100.00   22.27404  -97.36176   -0.00006    0.00086     4.3316     4.3188    29.4296    29.4328    36.2639    36.2649    22.8685    22.8682    1526.73    189.125    188.563         32 0.0000e+00
      44045   1835.177     14.906     15.000    29.6688    29.5564   6.007930   6.008653     3.1705     2.6524     100.80   22.45165  -98.13803   -0.00006    0.00039     4.3685     4.3030    29.6651    29.5527    36.5534    36.4101    23.0509    22.9589    1538.90    190.735    187.875         41 0.0000e+00
      44188   1841.142     13.912     14.000    29.4341    29.4382   5.960379   5.960997     3.1472     2.6640      98.88   22.27405  -97.36178    0.00109    0.00091     4.3367     4.3218    29.4307    29.4348    36.2643    36.2655    22.8685    22.8680    1526.73    189.345    188.697         62 0.0000e+00
      44262   1844.208     12.918     13.000    29.4344    29.4362   5.960369   5.960718     3.1466     2.6617      99.92   22.27404  -97.36178   -0.00037   -0.00102     4.3352     4.3169    29.4312    29.4330    36.2644    36.2654    22.8683    22.8685    1526.73    189.281    188.481         45 0.0000e+00
      44322   1846.694     11.925     12.000    29.4365    29.4393   5.960538   5.960995     3.1449     2.6618      95.26   22.27404  -97.36178   -0.00068    0.00053     4.3314     4.3163    29.4336    29.4363    36.2643    36.2653    22.8675    22.8673    1526.73    189.115    188.458         54 0.0000e+00
      44383   1849.249     10.931     11.000    29.4366    29.4405   5.960493   5.961086     3.1469     2.6634      78.31   22.27404  -97.36178    0.00060    0.00019     4.3346     4.3190    29.4339    29.4378    36.2642    36.2653    22.8673    22.8668    1526.73    189.254    188.573         58 0.0000e+00
      44442   1851.725      9.937     10.000    29.4367    29.4405   5.960478   5.961051     3.1484     2.6646      82.36   22.27404  -97.36178    0.00022    0.00025     4.3372     4.3208    29.4343    29.4380    36.2644    36.2653    22.8673    22.8668    1526.73    189.369    188.653         69 0.0000e+00
      44511   1854.570      8.943      9.000    29.4381    29.4399   5.960593   5.960957     3.1497     2.6645      89.64   22.27404  -97.36178    0.00118    0.00044     4.3382     4.3200    29.4358    29.4377    36.2643    36.2654    22.8667    22.8669    1526.73    189.414    188.621         57 0.0000e+00
      44564   1856.810      7.950      8.000    29.4376    29.4400   5.960505   5.960919     3.1479     2.6599      82.69   22.27405  -97.36178   -0.00057   -0.00101     4.3346     4.3105    29.4356    29.4381    36.2643    36.2654    22.8668    22.8668    1526.73    189.256    188.202         62 0.0000e+00
      44627   1859.408      6.956      7.000    29.4377    29.4395   5.960476   5.960826     3.1496     2.6638     100.71   22.27404  -97.36178    0.00014   -0.00012     4.3371     4.3176    29.4360    29.4378    36.2644    36.2654    22.8667    22.8669    1526.73    189.364    188.514         52 0.0000e+00
      44680   1861.643      5.962      6.000    29.4370    29.4392   5.960349   5.960741     3.1507     2.6660      98.09   22.27404  -97.36178    0.00076    0.00182     4.3386     4.3215    29.4355    29.4377    36.2643    36.2654    22.8668    22.8669    1526.73    189.431    188.684         46 0.0000e+00
      44743   1864.265      4.969      5.000    29.4372    29.4393   5.960305   5.960694     3.1500     2.6632     100.14   22.27404  -97.36178   -0.00015   -0.00045     4.3368     4.3155    29.4360    29.4381    36.2642    36.2653    22.8666    22.8667    1526.73    189.354    188.420         37 0.0000e+00
      44798   1866.562      3.975      4.000    29.4371    29.4393   5.960279   5.960666     3.1491     2.6627     100.00   22.27404  -97.36177   -0.00008   -0.00068     4.3347     4.3141    29.4362    29.4383    36.2643    36.2654    22.8666    22.8667    1526.73    189.259    188.359         40 0.0000e+00
      46272   1927.947      2.981      3.000    29.4370    29.4386   5.960223   5.960551     3.1484     2.6637     100.00   22.27404  -97.36177   -0.00046   -0.00023     4.3330     4.3154    29.4363    29.4379    36.2643    36.2654    22.8666    22.8668    1526.73    189.185    188.417         39 0.0000e+00
      47486   1978.523      1.987      2.000    29.4367    29.4381   5.960150   5.960458     3.1497     2.6593      99.84   22.27403  -97.36178    0.00055   -0.00069     4.3348     4.3062    29.4362    29.4376    36.2644    36.2655    22.8666    22.8670    1526.73    189.265    188.017         42 0.0000e+00
      47633   1984.658      0.994      1.000    29.4232    29.4116   4.965896   4.705303     3.1531     2.6713      97.90   22.27402  -97.36178    0.00144    0.00288     4.5094     4.5456    29.4230    29.4114    29.7992    27.2224    18.0469    16.1297    1526.73    197.953    199.835         39 0.0000e+00
