GOMECC/GOMECC-4/1db/rb2103_1031.ros
* Sea-Bird SBE 9 Data File:
* FileName = C:\Users\scs.user.rb\CTD\GOMECC4\data\rb2103_1031.hex
* Software Version Seasave V 7.26.7.107
* Temperature SN = 4799
* Conductivity SN = 3860
* Number of Bytes Per Scan = 41
* Number of Voltage Words = 4
* Number of Scans Averaged by the Deck Unit = 1
* NMEA Latitude = 24 23.15 N
* NMEA Longitude = 088 00.13 W
* NMEA UTC (Time) = Oct 13 2021  03:19:12
* NMEA baud rate = 4800
# nquan = 17
# nvalues = 1862                                  
# units = specified
# name 0 = scan: Scan Count
# name 1 = timeS: Time, Elapsed [seconds]
# name 2 = depSM: Depth [salt water, m]
# name 3 = prDM: Pressure, Digiquartz [db]
# name 4 = t090C: Temperature [ITS-90, deg C]
# name 5 = t190C: Temperature, 2 [ITS-90, deg C]
# name 6 = c0S/m: Conductivity [S/m]
# name 7 = c1S/m: Conductivity, 2 [S/m]
# name 8 = sbeox0V: Oxygen raw, SBE 43 [V]
# name 9 = sbeox1V: Oxygen raw, SBE 43, 2 [V]
# name 10 = altM: Altimeter [m]
# name 11 = latitude: Latitude [deg]
# name 12 = longitude: Longitude [deg]
# name 13 = sbox0dV/dT: Oxygen, SBE 43 [dov/dt]
# name 14 = sbox1dV/dT: Oxygen, SBE 43, 2 [dov/dt]
# name 15 = nbf: Bottles Fired
# name 16 = flag:  0.000e+00
# interval = seconds: 0.0416667
# start_time = Oct 13 2021 03:19:12 [NMEA time, header]
# bad_flag = -9.990e-29
*END*
[from data line 171]
      47870   1994.542    399.288    402.246    10.0407    10.0358   3.850547   3.850098     1.6874     1.3797     100.00   24.39126  -88.01038    0.00004    0.00000          2  0.000e+00
      47871   1994.583    399.274    402.233    10.0409    10.0358   3.850534   3.850058     1.6874     1.3810     100.00   24.39126  -88.01038    0.00004    0.00002          2  0.000e+00
      47872   1994.625    399.288    402.246    10.0407    10.0358   3.850574   3.850051     1.6874     1.3810     100.00   24.39126  -88.01038    0.00005    0.00003          2  0.000e+00
      47873   1994.667    399.322    402.281    10.0407    10.0357   3.850541   3.850044     1.6886     1.3810     100.00   24.39126  -88.01038    0.00007    0.00003          2  0.000e+00
      47874   1994.708    399.275    402.233    10.0409    10.0358   3.850547   3.850078     1.6874     1.3810     100.00   24.39126  -88.01038    0.00007    0.00005          2  0.000e+00
      47875   1994.750    399.288    402.246    10.0412    10.0357   3.850534   3.850051     1.6874     1.3810     100.00   24.39126  -88.01038    0.00008    0.00005          2  0.000e+00
      47876   1994.792    399.275    402.233    10.0412    10.0358   3.850547   3.850017     1.6874     1.3797     100.00   24.39126  -88.01038    0.00008    0.00004          2  0.000e+00
      47877   1994.833    399.288    402.247    10.0412    10.0355   3.850581   3.850017     1.6874     1.3797     100.00   24.39126  -88.01038    0.00008    0.00002          2  0.000e+00
      47878   1994.875    399.322    402.281    10.0412    10.0353   3.850567   3.849983     1.6874     1.3810     100.00   24.39126  -88.01038    0.00009    0.00004          2  0.000e+00
      47879   1994.917    399.288    402.247    10.0410    10.0350   3.850581   3.849983     1.6874     1.3810     100.00   24.39126  -88.01038    0.00007    0.00006          2  0.000e+00
      47880   1994.958    399.275    402.233    10.0412    10.0353   3.850594   3.850031     1.6874     1.3810     100.00   24.39126  -88.01038    0.00008    0.00008          2  0.000e+00
      47881   1995.000    399.275    402.233    10.0410    10.0355   3.850594   3.850017     1.6874     1.3810     100.00   24.39126  -88.01038    0.00006    0.00010          2  0.000e+00
      47882   1995.042    399.288    402.247    10.0414    10.0355   3.850594   3.850017     1.6874     1.3810     100.00   24.39126  -88.01038    0.00006    0.00011          2  0.000e+00
      47883   1995.083    399.322    402.281    10.0414    10.0355   3.850594   3.849983     1.6874     1.3810     100.00   24.39126  -88.01038    0.00007    0.00013          2  0.000e+00
      47884   1995.125    399.241    402.199    10.0414    10.0353   3.850594   3.849983     1.6874     1.3810     100.00   24.39126  -88.01038    0.00007    0.00013          2  0.000e+00
      47885   1995.167    399.322    402.281    10.0414    10.0355   3.850614   3.850004     1.6874     1.3810     100.00   24.39126  -88.01038    0.00005    0.00013          2  0.000e+00
      47886   1995.208    399.275    402.233    10.0415    10.0357   3.850601   3.850031     1.6874     1.3797     100.00   24.39126  -88.01038    0.00006    0.00013          2  0.000e+00
      47887   1995.250    399.289    402.247    10.0415    10.0358   3.850594   3.850024     1.6874     1.3810     100.00   24.39126  -88.01038    0.00006    0.00013          2  0.000e+00
      47888   1995.292    399.275    402.233    10.0414    10.0357   3.850614   3.850010     1.6874     1.3810     100.00   24.39126  -88.01038    0.00006    0.00013          2  0.000e+00
      47889   1995.333    399.289    402.247    10.0414    10.0360   3.850627   3.850017     1.6874     1.3810     100.00   24.39126  -88.01038    0.00006    0.00013          2  0.000e+00
      47890   1995.375    399.275    402.233    10.0410    10.0360   3.850574   3.850085     1.6874     1.3810     100.00   24.39126  -88.01038    0.00007    0.00013          2  0.000e+00
      47891   1995.417    399.323    402.281    10.0410    10.0360   3.850581   3.850058     1.6874     1.3810     100.00   24.39126  -88.01038    0.00007    0.00015          2  0.000e+00
      47892   1995.458    399.289    402.247    10.0415    10.0360   3.850594   3.850078     1.6874     1.3810     100.00   24.39126  -88.01038    0.00007    0.00017          2  0.000e+00
      47893   1995.500    399.275    402.233    10.0410    10.0364   3.850594   3.850078     1.6874     1.3810     100.00   24.39126  -88.01038    0.00007    0.00019          2  0.000e+00
      47894   1995.542    399.336    402.295    10.0412    10.0360   3.850594   3.850037     1.6874     1.3797     100.00   24.39126  -88.01038    0.00008    0.00017          2  0.000e+00
      47895   1995.583    399.323    402.281    10.0414    10.0358   3.850594   3.850064     1.6874     1.3797     100.00   24.39126  -88.01038    0.00008    0.00015          2  0.000e+00
      47896   1995.625    399.323    402.281    10.0412    10.0358   3.850614   3.850051     1.6874     1.3797     100.00   24.39126  -88.01038    0.00008    0.00015          2  0.000e+00
      47897   1995.667    399.289    402.247    10.0414    10.0364   3.850574   3.850105     1.6874     1.3797     100.00   24.39126  -88.01038    0.00008    0.00016          2  0.000e+00
      47898   1995.708    399.323    402.282    10.0407    10.0364   3.850534   3.850139     1.6874     1.3810     100.00   24.39126  -88.01038    0.00007    0.00017          2  0.000e+00
      47899   1995.750    399.289    402.247    10.0396    10.0370   3.850401   3.850159     1.6874     1.3797     100.00   24.39126  -88.01038    0.00007    0.00018          2  0.000e+00
      47900   1995.792    399.323    402.282    10.0384    10.0375   3.850328   3.850199     1.6874     1.3810     100.00   24.39126  -88.01040    0.00006    0.00019          2  0.000e+00
      47901   1995.833    399.323    402.282    10.0382    10.0376   3.850294   3.850233     1.6874     1.3797     100.00   24.39126  -88.01040    0.00006    0.00018          2  0.000e+00
      47902   1995.875    399.337    402.295    10.0380    10.0375   3.850308   3.850233     1.6874     1.3797     100.00   24.39126  -88.01040    0.00006    0.00016          2  0.000e+00
      47903   1995.917    399.323    402.282    10.0382    10.0373   3.850294   3.850193     1.6874     1.3797     100.00   24.39126  -88.01040    0.00006    0.00016          2  0.000e+00
      47904   1995.958    399.337    402.296    10.0380    10.0373   3.850288   3.850220     1.6886     1.3810     100.00   24.39126  -88.01040    0.00008    0.00018          2  0.000e+00
      47905   1996.000    399.323    402.282    10.0382    10.0370   3.850288   3.850193     1.6874     1.3797     100.00   24.39126  -88.01040    0.00008    0.00017          2  0.000e+00
      47906   1996.042    399.323    402.282    10.0382    10.0373   3.850261   3.850199     1.6874     1.3797     100.00   24.39126  -88.01040    0.00008    0.00017          2  0.000e+00
      47907   1996.083    399.337    402.296    10.0384    10.0373   3.850274   3.850199     1.6874     1.3797     100.00   24.39126  -88.01040    0.00008    0.00015          2  0.000e+00
      47908   1996.125    399.371    402.330    10.0386    10.0376   3.850288   3.850206     1.6874     1.3797     100.00   24.39126  -88.01040    0.00009    0.00014          2  0.000e+00
      47909   1996.167    399.337    402.296    10.0384    10.0373   3.850288   3.850226     1.6874     1.3797     100.00   24.39126  -88.01040    0.00007    0.00012          2  0.000e+00
      47910   1996.208    399.371    402.330    10.0386    10.0375   3.850288   3.850213     1.6874     1.3797     100.00   24.39126  -88.01040    0.00007    0.00011          2  0.000e+00
      47911   1996.250    399.323    402.282    10.0379    10.0373   3.850208   3.850213     1.6874     1.3797     100.00   24.39126  -88.01040    0.00007    0.00009          2  0.000e+00
      47912   1996.292    399.391    402.351    10.0374    10.0373   3.850188   3.850172     1.6874     1.3810     100.00   24.39126  -88.01040    0.00007    0.00011          2  0.000e+00
      47913   1996.333    399.323    402.282    10.0381    10.0368   3.850188   3.850172     1.6874     1.3797     100.00   24.39126  -88.01040    0.00007    0.00010          2  0.000e+00
      47914   1996.375    399.392    402.351    10.0379    10.0372   3.850161   3.850193     1.6886     1.3797     100.00   24.39126  -88.01040    0.00009    0.00008          2  0.000e+00
      47915   1996.417    399.371    402.330    10.0379    10.0373   3.850201   3.850179     1.6874     1.3797     100.00   24.39126  -88.01040    0.00007    0.00007          2  0.000e+00
      47916   1996.458    399.337    402.296    10.0379    10.0375   3.850221   3.850226     1.6874     1.3797     100.00   24.39126  -88.01040    0.00007    0.00005          2  0.000e+00
      47917   1996.500    399.371    402.330    10.0379    10.0376   3.850221   3.850233     1.6874     1.3797     100.00   24.39126  -88.01040    0.00008    0.00003          2  0.000e+00
      47918   1996.542    399.371    402.330    10.0379    10.0378   3.850268   3.850267     1.6874     1.3810     100.00   24.39126  -88.01040    0.00008    0.00004          2  0.000e+00
      47919   1996.583    399.392    402.351    10.0381    10.0378   3.850261   3.850267     1.6874     1.3797     100.00   24.39126  -88.01040    0.00008    0.00002          2  0.000e+00
      47920   1996.625    399.324    402.282    10.0379    10.0376   3.850228   3.850247     1.6874     1.3797     100.00   24.39126  -88.01040    0.00008    0.00000          2  0.000e+00
      47921   1996.667    399.392    402.351    10.0382    10.0376   3.850241   3.850267     1.6874     1.3810     100.00   24.39126  -88.01040    0.00006    0.00001          2  0.000e+00
      47922   1996.708    399.371    402.330    10.0380    10.0376   3.850254   3.850267     1.6874     1.3797     100.00   24.39126  -88.01040    0.00006   -0.00001          2  0.000e+00
      47923   1996.750    399.371    402.330    10.0382    10.0375   3.850274   3.850226     1.6874     1.3810     100.00   24.39126  -88.01040    0.00006   -0.00001          2  0.000e+00
      47924   1996.792    399.392    402.351    10.0382    10.0376   3.850261   3.850253     1.6874     1.3797     100.00   24.39126  -88.01040    0.00006   -0.00003          2  0.000e+00
      47925   1996.833    399.371    402.330    10.0381    10.0375   3.850254   3.850226     1.6886     1.3797      85.91   24.39126  -88.01040    0.00008   -0.00004          2  0.000e+00
      47926   1996.875    399.337    402.296    10.0382    10.0376   3.850254   3.850260     1.6874     1.3810      71.33   24.39126  -88.01040    0.00008   -0.00004          2  0.000e+00
      47927   1996.917    399.372    402.331    10.0381    10.0376   3.850228   3.850267     1.6874     1.3797      68.30   24.39126  -88.01040    0.00008   -0.00006          2  0.000e+00
      47928   1996.958    399.372    402.331    10.0382    10.0378   3.850241   3.850301     1.6874     1.3797      69.04   24.39126  -88.01040    0.00008   -0.00007          2  0.000e+00
      47929   1997.000    399.392    402.351    10.0379    10.0376   3.850254   3.850274     1.6874     1.3797      69.65   24.39126  -88.01040    0.00006   -0.00009          2  0.000e+00
      47930   1997.042    399.324    402.283    10.0380    10.0378   3.850254   3.850274     1.6874     1.3797      69.74   24.39126  -88.01040    0.00004   -0.00011          2  0.000e+00
      47931   1997.083    399.392    402.351    10.0379    10.0378   3.850254   3.850280     1.6886     1.3810      69.69   24.39126  -88.01040    0.00005   -0.00009          2  0.000e+00
      47932   1997.125    399.372    402.331    10.0382    10.0382   3.850228   3.850294     1.6874     1.3797      69.67   24.39126  -88.01040    0.00005   -0.00009          2  0.000e+00
      47933   1997.167    399.372    402.331    10.0380    10.0382   3.850241   3.850307     1.6874     1.3797      69.67   24.39126  -88.01040    0.00005   -0.00009          2  0.000e+00
      47934   1997.208    399.338    402.297    10.0381    10.0382   3.850254   3.850301     1.6874     1.3797      69.67   24.39126  -88.01040    0.00005   -0.00009          2  0.000e+00
      47935   1997.250    399.372    402.331    10.0380    10.0383   3.850228   3.850307     1.6874     1.3797      69.67   24.39126  -88.01040    0.00005   -0.00010          2  0.000e+00
      47936   1997.292    399.338    402.297    10.0384    10.0385   3.850221   3.850388     1.6886     1.3797      69.67   24.39126  -88.01040    0.00007   -0.00010          2  0.000e+00
      47937   1997.333    399.372    402.331    10.0384    10.0387   3.850294   3.850375     1.6874     1.3810      69.67   24.39126  -88.01040    0.00006   -0.00010          2  0.000e+00
      47938   1997.375    399.324    402.283    10.0386    10.0387   3.850294   3.850375     1.6874     1.3810      69.67   24.39126  -88.01040    0.00006   -0.00010          2  0.000e+00
      47939   1997.417    399.338    402.297    10.0390    10.0387   3.850308   3.850368     1.6874     1.3810      69.67   24.39126  -88.01040    0.00006   -0.00008          2  0.000e+00
      47940   1997.458    399.372    402.331    10.0389    10.0385   3.850321   3.850348     1.6874     1.3810      69.67   24.39126  -88.01040    0.00006   -0.00008          2  0.000e+00
      47941   1997.500    399.338    402.297    10.0387    10.0387   3.850321   3.850368     1.6874     1.3810      69.67   24.39126  -88.01040    0.00006   -0.00008          2  0.000e+00
      47942   1997.542    399.324    402.283    10.0391    10.0385   3.850348   3.850368     1.6874     1.3810      69.67   24.39126  -88.01040    0.00005   -0.00008          2  0.000e+00
      47943   1997.583    399.372    402.331    10.0392    10.0387   3.850361   3.850375     1.6874     1.3810      69.67   24.39126  -88.01040    0.00005   -0.00008          2  0.000e+00
      47944   1997.625    399.338    402.297    10.0396    10.0390   3.850407   3.850395     1.6874     1.3810      69.67   24.39126  -88.01040    0.00005   -0.00008          2  0.000e+00
      47945   1997.667    399.325    402.283    10.0397    10.0395   3.850427   3.850490     1.6886     1.3810      69.67   24.39126  -88.01040    0.00007   -0.00006          2  0.000e+00
      47946   1997.708    399.338    402.297    10.0396    10.0398   3.850474   3.850557     1.6874     1.3810      69.67   24.39126  -88.01040    0.00006   -0.00004          2  0.000e+00
      47947   1997.750    399.325    402.283    10.0399    10.0396   3.850494   3.850557     1.6874     1.3810      69.67   24.39126  -88.01040    0.00006   -0.00004          2  0.000e+00
      47948   1997.792    399.338    402.297    10.0399    10.0396   3.850467   3.850503     1.6874     1.3810      82.25   24.39126  -88.01040    0.00006   -0.00004          2  0.000e+00
      47949   1997.833    399.325    402.283    10.0399    10.0398   3.850461   3.850523     1.6874     1.3810      97.78   24.39126  -88.01040    0.00006   -0.00004          2  0.000e+00
      47950   1997.875    399.325    402.283    10.0399    10.0400   3.850434   3.850550     1.6874     1.3810     100.00   24.39126  -88.01040    0.00006   -0.00005          2  0.000e+00
      47951   1997.917    399.291    402.249    10.0399    10.0406   3.850474   3.850591     1.6874     1.3810     100.00   24.39126  -88.01040    0.00005   -0.00005          2  0.000e+00
      47952   1997.958    399.325    402.284    10.0400    10.0415   3.850467   3.850665     1.6874     1.3810     100.00   24.39126  -88.01040    0.00005   -0.00003          2  0.000e+00
      47953   1998.000    399.339    402.297    10.0399    10.0418   3.850481   3.850712     1.6874     1.3810      99.98   24.39126  -88.01040    0.00005   -0.00002          2  0.000e+00
