GOMECC/GOMECC-4/1db/rb2103_0961.ros
* Sea-Bird SBE 9 Data File:
* FileName = C:\Users\scs.user.rb\CTD\GOMECC4\data\rb2103_0961.hex
* Software Version Seasave V 7.26.7.107
* Temperature SN = 4799
* Conductivity SN = 3860
* Number of Bytes Per Scan = 41
* Number of Voltage Words = 4
* Number of Scans Averaged by the Deck Unit = 1
* NMEA Latitude = 22 39.54 N
* NMEA Longitude = 090 17.28 W
* NMEA UTC (Time) = Oct 11 2021  07:29:15
* NMEA baud rate = 4800
# nquan = 17
# nvalues = 1330                                  
# units = specified
# name 0 = scan: Scan Count
# name 1 = timeS: Time, Elapsed [seconds]
# name 2 = depSM: Depth [salt water, m]
# name 3 = prDM: Pressure, Digiquartz [db]
# name 4 = t090C: Temperature [ITS-90, deg C]
# name 5 = t190C: Temperature, 2 [ITS-90, deg C]
# name 6 = c0S/m: Conductivity [S/m]
# name 7 = c1S/m: Conductivity, 2 [S/m]
# name 8 = sbeox0V: Oxygen raw, SBE 43 [V]
# name 9 = sbeox1V: Oxygen raw, SBE 43, 2 [V]
# name 10 = altM: Altimeter [m]
# name 11 = latitude: Latitude [deg]
# name 12 = longitude: Longitude [deg]
# name 13 = sbox0dV/dT: Oxygen, SBE 43 [dov/dt]
# name 14 = sbox1dV/dT: Oxygen, SBE 43, 2 [dov/dt]
# name 15 = nbf: Bottles Fired
# name 16 = flag:  0.000e+00
# interval = seconds: 0.0416667
# start_time = Oct 11 2021 07:29:15 [NMEA time, header]
# bad_flag = -9.990e-29
*END*
[from data line 426]
      25944   1080.958     64.781     65.200    24.0171    23.9452   5.394259   5.385043     2.8889     2.4493      72.21   22.65972  -90.28778    0.00010    0.00038          4  0.000e+00
      25945   1081.000     64.679     65.098    24.0162    23.9329   5.394305   5.384718     2.8889     2.4493      72.21   22.65972  -90.28778    0.00011    0.00039          4  0.000e+00
      25946   1081.042     64.740     65.159    24.0145    23.9255   5.394214   5.384548     2.8889     2.4493      72.21   22.65972  -90.28778    0.00012    0.00041          4  0.000e+00
      25947   1081.083     64.733     65.152    24.0140    23.9173   5.394145   5.384540     2.8889     2.4493      72.19   22.65972  -90.28778    0.00013    0.00042          4  0.000e+00
      25948   1081.125     64.693     65.111    24.0145    23.9144   5.394137   5.384625     2.8877     2.4493      72.21   22.65972  -90.28778    0.00012    0.00042          4  0.000e+00
      25949   1081.167     64.733     65.152    24.0147    23.9216   5.394106   5.384532     2.8889     2.4505      72.21   22.65972  -90.28778    0.00013    0.00045          4  0.000e+00
      25950   1081.208     64.733     65.152    24.0148    23.9276   5.394145   5.384540     2.8889     2.4493      72.21   22.65972  -90.28778    0.00013    0.00044          4  0.000e+00
      25951   1081.250     64.740     65.159    24.0148    23.9277   5.394114   5.385090     2.8889     2.4493      72.21   22.65972  -90.28778    0.00014    0.00044          4  0.000e+00
      25952   1081.292     64.733     65.152    24.0147    23.9317   5.394122   5.386136     2.8889     2.4493      72.21   22.65972  -90.28778    0.00015    0.00043          4  0.000e+00
      25953   1081.333     64.740     65.159    24.0147    23.9425   5.394206   5.387438     2.8889     2.4493      72.21   22.65972  -90.28778    0.00016    0.00043          4  0.000e+00
      25954   1081.375     64.733     65.152    24.0143    23.9565   5.394160   5.388802     2.8889     2.4493      72.21   22.65972  -90.28778    0.00018    0.00043          4  0.000e+00
      25955   1081.417     64.733     65.152    24.0141    23.9745   5.394106   5.389887     2.8889     2.4493      72.21   22.65972  -90.28778    0.00020    0.00042          4  0.000e+00
      25956   1081.458     64.740     65.159    24.0141    23.9895   5.394099   5.390670     2.8889     2.4493      72.21   22.65972  -90.28778    0.00021    0.00042          4  0.000e+00
      25957   1081.500     64.733     65.152    24.0136    23.9976   5.394061   5.391080     2.8889     2.4493      72.21   22.65972  -90.28778    0.00022    0.00041          4  0.000e+00
      25958   1081.542     64.788     65.207    24.0139    23.9962   5.394099   5.391189     2.8889     2.4493      72.21   22.65972  -90.28778    0.00022    0.00039          4  0.000e+00
      25959   1081.583     64.733     65.152    24.0140    23.9933   5.394030   5.391205     2.8889     2.4493      72.21   22.65972  -90.28778    0.00023    0.00037          4  0.000e+00
      25960   1081.625     64.733     65.152    24.0134    23.9898   5.393938   5.391135     2.8889     2.4493      72.21   22.65972  -90.28778    0.00023    0.00035          4  0.000e+00
      25961   1081.667     64.740     65.159    24.0120    23.9879   5.393846   5.391011     2.8901     2.4493      72.21   22.65972  -90.28778    0.00026    0.00032          4  0.000e+00
      25962   1081.708     64.733     65.152    24.0105    23.9850   5.393823   5.390879     2.8889     2.4493      72.21   22.65972  -90.28778    0.00026    0.00030          4  0.000e+00
      25963   1081.750     64.788     65.207    24.0111    23.9840   5.393823   5.390747     2.8889     2.4493      72.21   22.65972  -90.28778    0.00026    0.00026          4  0.000e+00
      25964   1081.792     64.733     65.152    24.0125    23.9841   5.393923   5.390949     2.8889     2.4493      72.21   22.65972  -90.28778    0.00027    0.00023          4  0.000e+00
      25965   1081.833     64.781     65.200    24.0138    23.9859   5.394030   5.391259     2.8889     2.4493      72.21   22.65972  -90.28778    0.00029    0.00021          4  0.000e+00
      25966   1081.875     64.740     65.159    24.0147    23.9881   5.394168   5.391600     2.8889     2.4493      72.21   22.65972  -90.28778    0.00029    0.00017          4  0.000e+00
      25967   1081.917     64.733     65.152    24.0156    23.9906   5.394290   5.392065     2.8889     2.4493      72.21   22.65972  -90.28778    0.00029    0.00012          4  0.000e+00
      25968   1081.958     64.740     65.159    24.0168    23.9933   5.394451   5.392383     2.8889     2.4493      72.21   22.65972  -90.28778    0.00031    0.00008          4  0.000e+00
      25969   1082.000     64.781     65.200    24.0179    23.9958   5.394565   5.392585     2.8889     2.4481      72.21   22.65972  -90.28778    0.00033    0.00002          4  0.000e+00
      25970   1082.042     64.733     65.152    24.0182    23.9972   5.394619   5.392732     2.8889     2.4493      72.19   22.65972  -90.28778    0.00035   -0.00001          4  0.000e+00
      25971   1082.083     64.788     65.207    24.0184    23.9985   5.394634   5.392771     2.8889     2.4481      72.14   22.65972  -90.28778    0.00037   -0.00008          4  0.000e+00
      25972   1082.125     64.781     65.200    24.0182    23.9992   5.394527   5.392864     2.8889     2.4481      72.11   22.65972  -90.28778    0.00039   -0.00014          4  0.000e+00
      25973   1082.167     64.740     65.159    24.0180    23.9992   5.394520   5.392902     2.8877     2.4481      72.11   22.65972  -90.28778    0.00038   -0.00019          4  0.000e+00
      25974   1082.208     64.733     65.152    24.0186    24.0014   5.394504   5.392964     2.8877     2.4481      72.11   22.65972  -90.28778    0.00036   -0.00023          4  0.000e+00
      25975   1082.250     64.781     65.200    24.0181    24.0048   5.394497   5.393127     2.8889     2.4481      72.11   22.65972  -90.28778    0.00038   -0.00028          4  0.000e+00
      25976   1082.292     64.788     65.207    24.0180    24.0070   5.394497   5.393197     2.8889     2.4481      72.11   22.65972  -90.28778    0.00039   -0.00034          4  0.000e+00
      25977   1082.333     64.733     65.152    24.0184    24.0073   5.394497   5.393212     2.8889     2.4469      72.11   22.65972  -90.28778    0.00039   -0.00040          4  0.000e+00
      25978   1082.375     64.740     65.159    24.0188    24.0066   5.394497   5.393244     2.8889     2.4469      72.11   22.65972  -90.28778    0.00039   -0.00047          4  0.000e+00
      25979   1082.417     64.781     65.200    24.0182    24.0063   5.394497   5.393259     2.8877     2.4469      72.11   22.65972  -90.28778    0.00037   -0.00053          4  0.000e+00
      25980   1082.458     64.733     65.152    24.0179    24.0059   5.394527   5.393352     2.8889     2.4457      72.11   22.65972  -90.28778    0.00037   -0.00061          4  0.000e+00
      25981   1082.500     64.740     65.159    24.0175    24.0063   5.394588   5.393422     2.8889     2.4457      72.11   22.65972  -90.28778    0.00037   -0.00069          4  0.000e+00
      25982   1082.542     64.781     65.200    24.0184    24.0071   5.394588   5.393437     2.8877     2.4457      72.11   22.65972  -90.28778    0.00036   -0.00077          4  0.000e+00
      25983   1082.583     64.788     65.207    24.0197    24.0073   5.394550   5.393399     2.8877     2.4457      72.11   22.65972  -90.28778    0.00034   -0.00085          4  0.000e+00
      25984   1082.625     64.733     65.152    24.0200    24.0068   5.394611   5.393344     2.8877     2.4444      72.11   22.65972  -90.28778    0.00032   -0.00093          4  0.000e+00
      25985   1082.667     64.733     65.152    24.0204    24.0073   5.394565   5.393306     2.8877     2.4444      72.11   22.65972  -90.28778    0.00031   -0.00102          4  0.000e+00
      25986   1082.708     64.788     65.207    24.0202    24.0071   5.394573   5.393236     2.8889     2.4457      72.11   22.65972  -90.28778    0.00029   -0.00108          4  0.000e+00
      25987   1082.750     64.733     65.152    24.0200    24.0068   5.394519   5.393213     2.8889     2.4444      72.11   22.65972  -90.28778    0.00029   -0.00115          4  0.000e+00
      25988   1082.792     64.740     65.159    24.0195    24.0071   5.394519   5.393213     2.8889     2.4457      72.11   22.65972  -90.28778    0.00029   -0.00120          4  0.000e+00
      25989   1082.833     64.781     65.200    24.0184    24.0066   5.394504   5.393182     2.8889     2.4457      72.11   22.65972  -90.28778    0.00029   -0.00126          4  0.000e+00
      25990   1082.875     64.733     65.152    24.0173    24.0064   5.394497   5.393065     2.8889     2.4444      72.11   22.65972  -90.28778    0.00029   -0.00133          4  0.000e+00
      25991   1082.917     64.740     65.159    24.0170    24.0051   5.394458   5.393034     2.8889     2.4444      72.11   22.65972  -90.28778    0.00029   -0.00140          4  0.000e+00
      25992   1082.958     64.733     65.152    24.0177    24.0057   5.394481   5.392995     2.8877     2.4444      72.11   22.65972  -90.28778    0.00027   -0.00145          4  0.000e+00
      25993   1083.000     64.788     65.207    24.0182    24.0060   5.394428   5.392988     2.8889     2.4444      72.11   22.65972  -90.28778    0.00026   -0.00149          4  0.000e+00
      25994   1083.042     64.733     65.152    24.0179    24.0057   5.394336   5.392957     2.8889     2.4457      72.11   22.65972  -90.28778    0.00026   -0.00152          4  0.000e+00
      25995   1083.083     64.733     65.152    24.0180    24.0049   5.394382   5.392778     2.8889     2.4457      72.11   22.65972  -90.28778    0.00026   -0.00155          4  0.000e+00
      25996   1083.125     64.740     65.159    24.0175    24.0048   5.394389   5.392654     2.8889     2.4457      72.11   22.65972  -90.28778    0.00026   -0.00157          4  0.000e+00
      25997   1083.167     64.733     65.152    24.0174    24.0028   5.394397   5.392561     2.8889     2.4457      72.11   22.65972  -90.28778    0.00025   -0.00158          4  0.000e+00
      25998   1083.208     64.740     65.159    24.0175    24.0015   5.394374   5.392375     2.8877     2.4457      72.11   22.65972  -90.28778    0.00023   -0.00159          4  0.000e+00
      25999   1083.250     64.733     65.152    24.0171    24.0001   5.394366   5.392181     2.8877     2.4457      72.11   22.65972  -90.28778    0.00021   -0.00159          4  0.000e+00
      26000   1083.292     64.733     65.152    24.0177    24.0003   5.394366   5.392003     2.8877     2.4457      72.11   22.65972  -90.28778    0.00019   -0.00159          4  0.000e+00
      26001   1083.333     64.740     65.159    24.0184    24.0012   5.394328   5.391825     2.8889     2.4457      72.11   22.65972  -90.28778    0.00019   -0.00159          4  0.000e+00
      26002   1083.375     64.733     65.152    24.0177    24.0028   5.394282   5.391577     2.8889     2.4469      72.11   22.65972  -90.28778    0.00018   -0.00157          4  0.000e+00
      26003   1083.417     64.693     65.111    24.0175    24.0040   5.394229   5.391181     2.8877     2.4469      72.11   22.65972  -90.28778    0.00016   -0.00155          4  0.000e+00
      26004   1083.458     64.733     65.152    24.0166    24.0037   5.394191   5.390863     2.8877     2.4469      72.11   22.65972  -90.28778    0.00014   -0.00153          4  0.000e+00
      26005   1083.500     64.733     65.152    24.0161    24.0019   5.394145   5.390491     2.8877     2.4469      72.11   22.65972  -90.28778    0.00012   -0.00150          4  0.000e+00
      26006   1083.542     64.740     65.159    24.0170    23.9902   5.394106   5.390096     2.8889     2.4481      72.11   22.65972  -90.28778    0.00011   -0.00146          4  0.000e+00
      26007   1083.583     64.679     65.098    24.0180    23.9846   5.394030   5.389693     2.8889     2.4481      72.11   22.65972  -90.28778    0.00011   -0.00142          4  0.000e+00
      26008   1083.625     64.740     65.159    24.0177    23.9775   5.394037   5.389158     2.8889     2.4481      72.11   22.65972  -90.28778    0.00010   -0.00137          4  0.000e+00
      26009   1083.667     64.733     65.152    24.0168    23.9632   5.394083   5.388647     2.8877     2.4481      72.11   22.65972  -90.28778    0.00008   -0.00132          4  0.000e+00
      26010   1083.708     64.679     65.098    24.0157    23.9461   5.394122   5.388058     2.8889     2.4481      72.11   22.65972  -90.28778    0.00009   -0.00128          4  0.000e+00
      26011   1083.750     64.740     65.159    24.0159    23.9366   5.394160   5.387531     2.8889     2.4493      72.11   22.65972  -90.28778    0.00009   -0.00121          4  0.000e+00
      26012   1083.792     64.679     65.098    24.0175    23.9346   5.394175   5.387035     2.8889     2.4493      72.11   22.65972  -90.28778    0.00008   -0.00115          4  0.000e+00
      26013   1083.833     64.693     65.111    24.0184    23.9360   5.394213   5.386779     2.8889     2.4493      72.11   22.65972  -90.28778    0.00009   -0.00108          4  0.000e+00
      26014   1083.875     64.733     65.152    24.0162    23.9316   5.394129   5.386640     2.8889     2.4493      72.11   22.65972  -90.28778    0.00009   -0.00101          4  0.000e+00
      26015   1083.917     64.679     65.098    24.0157    23.9167   5.394160   5.386369     2.8889     2.4493      72.11   22.65972  -90.28778    0.00008   -0.00094          4  0.000e+00
      26016   1083.958     64.693     65.111    24.0157    23.9050   5.394183   5.386129     2.8889     2.4493      72.11   22.65972  -90.28778    0.00007   -0.00089          4  0.000e+00
      26017   1084.000     64.733     65.152    24.0171    23.8948   5.394282   5.385935     2.8877     2.4493      72.11   22.65972  -90.28778    0.00005   -0.00084          4  0.000e+00
      26018   1084.042     64.693     65.111    24.0175    23.8935   5.394351   5.385858     2.8889     2.4505      72.11   22.65972  -90.28778    0.00004   -0.00077          4  0.000e+00
      26019   1084.083     64.679     65.098    24.0184    23.9016   5.394382   5.385679     2.8889     2.4505      72.14   22.65972  -90.28778    0.00003   -0.00070          4  0.000e+00
      26020   1084.125     64.679     65.098    24.0182    23.9039   5.394435   5.385354     2.8889     2.4505      72.16   22.65972  -90.28778    0.00004   -0.00063          4  0.000e+00
      26021   1084.167     64.693     65.111    24.0186    23.9040   5.394412   5.384997     2.8889     2.4505      72.16   22.65972  -90.28778    0.00004   -0.00056          4  0.000e+00
      26022   1084.208     64.679     65.098    24.0184    23.9042   5.394405   5.384734     2.8889     2.4518      72.16   22.65972  -90.28778    0.00003   -0.00048          4  0.000e+00
      26023   1084.250     64.693     65.111    24.0182    23.9009   5.394435   5.384347     2.8889     2.4518      72.16   22.65972  -90.28778    0.00004   -0.00039          4  0.000e+00
      26024   1084.292     64.733     65.152    24.0180    23.8968   5.394451   5.383975     2.8877     2.4518      72.16   22.65972  -90.28778    0.00003   -0.00032          4  0.000e+00
      26025   1084.333     64.679     65.098    24.0180    23.8950   5.394351   5.383680     2.8889     2.4518      72.14   22.65972  -90.28778    0.00004   -0.00026          4  0.000e+00
      26026   1084.375     64.693     65.111    24.0181    23.8978   5.394336   5.383456     2.8889     2.4518      72.16   22.65972  -90.28778    0.00005   -0.00019          4  0.000e+00
      26027   1084.417     64.679     65.098    24.0164    23.9018   5.394221   5.383130     2.8889     2.4518      72.16   22.65972  -90.28778    0.00004   -0.00012          4  0.000e+00
