GOMECC/GOMECC-4/1db/rb2103_0851.ros
* Sea-Bird SBE 9 Data File:
* FileName = C:\Users\scs.user.rb\CTD\GOMECC4\data\rb2103_0851.hex
* Software Version Seasave V 7.26.7.107
* Temperature SN = 4799
* Conductivity SN = 3860
* Number of Bytes Per Scan = 41
* Number of Voltage Words = 4
* Number of Scans Averaged by the Deck Unit = 1
* NMEA Latitude = 20 36.04 N
* NMEA Longitude = 094 17.37 W
* NMEA UTC (Time) = Oct 07 2021  22:53:37
* NMEA baud rate = 4800
# nquan = 17
# nvalues = 3059                                  
# units = specified
# name 0 = scan: Scan Count
# name 1 = timeS: Time, Elapsed [seconds]
# name 2 = depSM: Depth [salt water, m]
# name 3 = prDM: Pressure, Digiquartz [db]
# name 4 = t090C: Temperature [ITS-90, deg C]
# name 5 = t190C: Temperature, 2 [ITS-90, deg C]
# name 6 = c0S/m: Conductivity [S/m]
# name 7 = c1S/m: Conductivity, 2 [S/m]
# name 8 = sbeox0V: Oxygen raw, SBE 43 [V]
# name 9 = sbeox1V: Oxygen raw, SBE 43, 2 [V]
# name 10 = altM: Altimeter [m]
# name 11 = latitude: Latitude [deg]
# name 12 = longitude: Longitude [deg]
# name 13 = sbox0dV/dT: Oxygen, SBE 43 [dov/dt]
# name 14 = sbox1dV/dT: Oxygen, SBE 43, 2 [dov/dt]
# name 15 = nbf: Bottles Fired
# name 16 = flag:  0.000e+00
# interval = seconds: 0.0416667
# start_time = Oct 07 2021 22:53:37 [NMEA time, header]
# bad_flag = -9.990e-29
*END*
[from data line 2554]
     151234   6301.375     29.728     29.914    29.3977    29.4003   5.981546   5.981756     3.1526     2.6630     100.00   20.60058  -94.29118   -0.00071    0.00117         20  0.000e+00
     151235   6301.417     29.735     29.921    29.3978    29.4001   5.981530   5.981781     3.1538     2.6654     100.00   20.60058  -94.29118   -0.00072    0.00117         20  0.000e+00
     151236   6301.458     29.735     29.921    29.3981    29.4000   5.981538   5.981797     3.1538     2.6642     100.00   20.60058  -94.29118   -0.00071    0.00115         20  0.000e+00
     151237   6301.500     29.728     29.914    29.3978    29.4005   5.981546   5.981789     3.1538     2.6630      99.98   20.60058  -94.29118   -0.00070    0.00108         20  0.000e+00
     151238   6301.542     29.735     29.921    29.3978    29.4002   5.981570   5.981829     3.1538     2.6642     100.00   20.60058  -94.29118   -0.00069    0.00102         20  0.000e+00
     151239   6301.583     29.735     29.921    29.3978    29.4003   5.981554   5.981805     3.1538     2.6630     100.00   20.60058  -94.29118   -0.00068    0.00095         20  0.000e+00
     151240   6301.625     29.729     29.914    29.3980    29.4001   5.981546   5.981797     3.1538     2.6642     100.00   20.60058  -94.29118   -0.00067    0.00089         20  0.000e+00
     151241   6301.667     29.735     29.921    29.3978    29.4002   5.981498   5.981797     3.1538     2.6630     100.00   20.60058  -94.29118   -0.00066    0.00082         20  0.000e+00
     151242   6301.708     29.688     29.874    29.3981    29.4001   5.981490   5.981829     3.1551     2.6630     100.00   20.60058  -94.29118   -0.00063    0.00072         20  0.000e+00
     151243   6301.750     29.729     29.915    29.3978    29.4001   5.981522   5.981773     3.1551     2.6630     100.00   20.60058  -94.29118   -0.00060    0.00063         20  0.000e+00
     151244   6301.792     29.735     29.921    29.3978    29.3998   5.981538   5.981748     3.1551     2.6630     100.00   20.60058  -94.29118   -0.00057    0.00054         20  0.000e+00
     151245   6301.833     29.674     29.860    29.3980    29.3999   5.981546   5.981781     3.1538     2.6630     100.00   20.60058  -94.29118   -0.00056    0.00045         20  0.000e+00
     151246   6301.875     29.688     29.874    29.3978    29.3999   5.981570   5.981789     3.1551     2.6630     100.00   20.60058  -94.29118   -0.00053    0.00034         20  0.000e+00
     151247   6301.917     29.735     29.921    29.3978    29.4000   5.981514   5.981756     3.1551     2.6654     100.00   20.60058  -94.29118   -0.00050    0.00028         20  0.000e+00
     151248   6301.958     29.729     29.915    29.3979    29.3999   5.981570   5.981748     3.1551     2.6630     100.00   20.60058  -94.29118   -0.00047    0.00018         20  0.000e+00
     151249   6302.000     29.688     29.874    29.3978    29.3999   5.981546   5.981781     3.1551     2.6642     100.00   20.60058  -94.29118   -0.00044    0.00009         20  0.000e+00
     151250   6302.042     29.688     29.874    29.3978    29.3998   5.981506   5.981756     3.1551     2.6654     100.00   20.60058  -94.29118   -0.00041    0.00003         20  0.000e+00
     151251   6302.083     29.675     29.860    29.3980    29.3997   5.981530   5.981821     3.1551     2.6654     100.00   20.60058  -94.29118   -0.00038   -0.00004         20  0.000e+00
     151252   6302.125     29.688     29.874    29.3980    29.3999   5.981530   5.981773     3.1551     2.6654     100.00   20.60058  -94.29118   -0.00035   -0.00010         20  0.000e+00
     151253   6302.167     29.688     29.874    29.3980    29.4000   5.981578   5.981781     3.1563     2.6654     100.00   20.60058  -94.29118   -0.00030   -0.00016         20  0.000e+00
     151254   6302.208     29.729     29.915    29.3978    29.3996   5.981554   5.981748     3.1551     2.6654     100.00   20.60058  -94.29118   -0.00029   -0.00023         20  0.000e+00
     151255   6302.250     29.634     29.819    29.3981    29.4000   5.981610   5.981781     3.1551     2.6654     100.00   20.60058  -94.29118   -0.00026   -0.00030         20  0.000e+00
     151256   6302.292     29.729     29.915    29.3978    29.3999   5.981562   5.981797     3.1563     2.6654     100.00   20.60058  -94.29118   -0.00023   -0.00035         20  0.000e+00
     151257   6302.333     29.634     29.819    29.3980    29.4001   5.981506   5.981797     3.1551     2.6654     100.00   20.60058  -94.29118   -0.00021   -0.00040         20  0.000e+00
     151258   6302.375     29.688     29.874    29.3980    29.4000   5.981554   5.981797     3.1563     2.6654     100.00   20.60058  -94.29118   -0.00016   -0.00045         20  0.000e+00
     151259   6302.417     29.675     29.860    29.3978    29.4003   5.981554   5.981797     3.1563     2.6654     100.00   20.60058  -94.29118   -0.00011   -0.00050         20  0.000e+00
     151260   6302.458     29.634     29.819    29.3980    29.4003   5.981506   5.981797     3.1575     2.6654     100.00   20.60058  -94.29118   -0.00005   -0.00055         20  0.000e+00
     151261   6302.500     29.688     29.874    29.3979    29.4002   5.981554   5.981870     3.1563     2.6654     100.00   20.60058  -94.29118   -0.00001   -0.00059         20  0.000e+00
     151262   6302.542     29.675     29.860    29.3978    29.4003   5.981514   5.981846     3.1563     2.6654     100.00   20.60058  -94.29118    0.00004   -0.00062         20  0.000e+00
     151263   6302.583     29.634     29.820    29.3980    29.4003   5.981554   5.981805     3.1563     2.6654     100.00   20.60058  -94.29118    0.00006   -0.00068         20  0.000e+00
     151264   6302.625     29.688     29.874    29.3980    29.4004   5.981586   5.981797     3.1563     2.6654     100.00   20.60058  -94.29118    0.00010   -0.00070         20  0.000e+00
     151265   6302.667     29.627     29.813    29.3978    29.4003   5.981554   5.981797     3.1563     2.6654     100.00   20.60058  -94.29118    0.00015   -0.00074         20  0.000e+00
     151266   6302.708     29.634     29.820    29.3982    29.4003   5.981570   5.981829     3.1563     2.6654     100.00   20.60058  -94.29118    0.00019   -0.00079         20  0.000e+00
     151267   6302.750     29.729     29.915    29.3979    29.4005   5.981554   5.981846     3.1563     2.6654     100.00   20.60058  -94.29118    0.00023   -0.00081         20  0.000e+00
     151268   6302.792     29.634     29.820    29.3980    29.4003   5.981546   5.981805     3.1551     2.6654     100.00   20.60058  -94.29118    0.00024   -0.00083         20  0.000e+00
     151269   6302.833     29.634     29.820    29.3978    29.4004   5.981530   5.981797     3.1563     2.6654     100.00   20.60058  -94.29118    0.00028   -0.00087         20  0.000e+00
     151270   6302.875     29.675     29.861    29.3980    29.4003   5.981538   5.981862     3.1551     2.6630     100.00   20.60058  -94.29118    0.00030   -0.00096         20  0.000e+00
     151271   6302.917     29.634     29.820    29.3978    29.4003   5.981546   5.981813     3.1551     2.6630     100.00   20.60058  -94.29118    0.00032   -0.00102         20  0.000e+00
     151272   6302.958     29.689     29.874    29.3980    29.4005   5.981530   5.981797     3.1551     2.6654     100.00   20.60058  -94.29118    0.00035   -0.00104         20  0.000e+00
     151273   6303.000     29.628     29.813    29.3979    29.4003   5.981538   5.981870     3.1538     2.6654     100.00   20.60058  -94.29118    0.00035   -0.00106         20  0.000e+00
     151274   6303.042     29.634     29.820    29.3977    29.4003   5.981546   5.981854     3.1538     2.6654     100.00   20.60058  -94.29118    0.00036   -0.00108         20  0.000e+00
     151275   6303.083     29.689     29.874    29.3980    29.4004   5.981530   5.981846     3.1538     2.6630     100.00   20.60058  -94.29118    0.00037   -0.00110         20  0.000e+00
     151276   6303.125     29.628     29.813    29.3978    29.4003   5.981538   5.981805     3.1538     2.6642     100.00   20.60058  -94.29118    0.00037   -0.00110         20  0.000e+00
     151277   6303.167     29.689     29.874    29.3978    29.4003   5.981546   5.981829     3.1538     2.6654     100.00   20.60058  -94.29118    0.00038   -0.00111         20  0.000e+00
     151278   6303.208     29.675     29.861    29.3978    29.4002   5.981530   5.981837     3.1526     2.6630     100.00   20.60058  -94.29118    0.00037   -0.00113         20  0.000e+00
     151279   6303.250     29.635     29.820    29.3977    29.4003   5.981506   5.981837     3.1538     2.6642     100.00   20.60058  -94.29118    0.00036   -0.00113         20  0.000e+00
     151280   6303.292     29.689     29.874    29.3979    29.4003   5.981530   5.981805     3.1526     2.6630     100.00   20.60058  -94.29118    0.00035   -0.00114         20  0.000e+00
     151281   6303.333     29.628     29.813    29.3980    29.4002   5.981530   5.981797     3.1526     2.6642     100.00   20.60058  -94.29118    0.00034   -0.00112         20  0.000e+00
     151282   6303.375     29.635     29.820    29.3978    29.4003   5.981578   5.981829     3.1526     2.6642     100.00   20.60058  -94.29118    0.00033   -0.00110         20  0.000e+00
     151283   6303.417     29.689     29.875    29.3980    29.4003   5.981578   5.981846     3.1526     2.6630     100.00   20.60058  -94.29118    0.00031   -0.00109         20  0.000e+00
     151284   6303.458     29.675     29.861    29.3980    29.4002   5.981514   5.981805     3.1514     2.6642     100.00   20.60058  -94.29118    0.00029   -0.00106         20  0.000e+00
     151285   6303.500     29.635     29.820    29.3980    29.4003   5.981530   5.981797     3.1514     2.6630     100.00   20.60058  -94.29118    0.00026   -0.00105         20  0.000e+00
     151286   6303.542     29.689     29.875    29.3982    29.4004   5.981570   5.981789     3.1514     2.6630     100.00   20.60058  -94.29118    0.00022   -0.00104         20  0.000e+00
     151287   6303.583     29.675     29.861    29.3980    29.4003   5.981586   5.981829     3.1514     2.6630     100.00   20.60058  -94.29118    0.00020   -0.00103         20  0.000e+00
     151288   6303.625     29.635     29.820    29.3982    29.4001   5.981594   5.981805     3.1514     2.6630     100.00   20.60058  -94.29118    0.00016   -0.00101         20  0.000e+00
     151289   6303.667     29.675     29.861    29.3980    29.4004   5.981578   5.981829     3.1502     2.6630     100.00   20.60058  -94.29118    0.00011   -0.00099         20  0.000e+00
     151290   6303.708     29.689     29.875    29.3982    29.4003   5.981586   5.981846     3.1514     2.6630     100.00   20.60058  -94.29118    0.00007   -0.00099         20  0.000e+00
     151291   6303.750     29.689     29.875    29.3982    29.4003   5.981626   5.981846     3.1502     2.6630     100.00   20.60058  -94.29118    0.00002   -0.00099         20  0.000e+00
     151292   6303.792     29.676     29.861    29.3984    29.4004   5.981594   5.981805     3.1514     2.6630     100.00   20.60058  -94.29118    0.00000   -0.00098         20  0.000e+00
     151293   6303.833     29.635     29.820    29.3980    29.4003   5.981626   5.981829     3.1502     2.6630     100.00   20.60058  -94.29118   -0.00005   -0.00098         20  0.000e+00
     151294   6303.875     29.689     29.875    29.3984    29.4003   5.981602   5.981870     3.1502     2.6630     100.00   20.60058  -94.29118   -0.00010   -0.00097         20  0.000e+00
     151295   6303.917     29.676     29.861    29.3984    29.4004   5.981618   5.981813     3.1502     2.6630     100.00   20.60058  -94.29118   -0.00015   -0.00096         20  0.000e+00
     151296   6303.958     29.689     29.875    29.3984    29.4001   5.981634   5.981829     3.1514     2.6642     100.00   20.60058  -94.29118   -0.00016   -0.00093         20  0.000e+00
     151297   6304.000     29.635     29.820    29.3984    29.4005   5.981602   5.981805     3.1514     2.6654     100.00   20.60058  -94.29118   -0.00019   -0.00089         20  0.000e+00
     151298   6304.042     29.730     29.916    29.3982    29.4002   5.981618   5.981829     3.1514     2.6630     100.00   20.60058  -94.29118   -0.00020   -0.00089         20  0.000e+00
     151299   6304.083     29.689     29.875    29.3986    29.4003   5.981634   5.981805     3.1514     2.6642     100.00   20.60058  -94.29118   -0.00023   -0.00084         20  0.000e+00
     151300   6304.125     29.635     29.820    29.3984    29.4004   5.981602   5.981829     3.1514     2.6654     100.00   20.60058  -94.29118   -0.00025   -0.00081         20  0.000e+00
     151301   6304.167     29.676     29.861    29.3984    29.4003   5.981618   5.981846     3.1526     2.6654     100.00   20.60058  -94.29118   -0.00026   -0.00076         20  0.000e+00
     151302   6304.208     29.737     29.923    29.3984    29.4003   5.981634   5.981797     3.1526     2.6630     100.00   20.60058  -94.29118   -0.00027   -0.00077         20  0.000e+00
     151303   6304.250     29.628     29.814    29.3986    29.4002   5.981666   5.981756     3.1526     2.6642     100.00   20.60058  -94.29118   -0.00028   -0.00073         20  0.000e+00
     151304   6304.292     29.737     29.923    29.3986    29.4003   5.981682   5.981821     3.1526     2.6654     100.00   20.60058  -94.29118   -0.00028   -0.00070         20  0.000e+00
     151305   6304.333     29.689     29.875    29.3986    29.4003   5.981650   5.981846     3.1526     2.6654     100.00   20.60058  -94.29118   -0.00027   -0.00066         20  0.000e+00
     151306   6304.375     29.676     29.861    29.3988    29.4005   5.981634   5.981846     3.1538     2.6654     100.00   20.60058  -94.29118   -0.00026   -0.00061         20  0.000e+00
     151307   6304.417     29.689     29.875    29.3986    29.4003   5.981602   5.981846     3.1538     2.6654     100.00   20.60058  -94.29118   -0.00027   -0.00057         20  0.000e+00
     151308   6304.458     29.689     29.875    29.3986    29.4005   5.981666   5.981878     3.1538     2.6654     100.00   20.60058  -94.29118   -0.00026   -0.00055         20  0.000e+00
     151309   6304.500     29.676     29.862    29.3988    29.4005   5.981682   5.981854     3.1538     2.6654     100.00   20.60058  -94.29118   -0.00025   -0.00054         20  0.000e+00
     151310   6304.542     29.690     29.875    29.3990    29.4003   5.981610   5.981870     3.1538     2.6654     100.00   20.60058  -94.29118   -0.00024   -0.00052         20  0.000e+00
     151311   6304.583     29.690     29.875    29.3986    29.4003   5.981626   5.981854     3.1538     2.6654     100.00   20.60058  -94.29118   -0.00025   -0.00050         20  0.000e+00
     151312   6304.625     29.676     29.862    29.3986    29.4005   5.981666   5.981878     3.1538     2.6654     100.00   20.60058  -94.29118   -0.00025   -0.00048         20  0.000e+00
     151313   6304.667     29.690     29.875    29.3986    29.4005   5.981682   5.981854     3.1551     2.6642     100.00   20.60058  -94.29118   -0.00024   -0.00048         20  0.000e+00
     151314   6304.708     29.676     29.862    29.3988    29.4003   5.981578   5.981846     3.1538     2.6630     100.00   20.60058  -94.29118   -0.00025   -0.00048         20  0.000e+00
     151315   6304.750     29.690     29.875    29.3988    29.4004   5.981610   5.981805     3.1538     2.6642     100.00   20.60058  -94.29118   -0.00026   -0.00044         20  0.000e+00
     151316   6304.792     29.737     29.923    29.3988    29.4005   5.981706   5.981829     3.1538     2.6654     100.00   20.60058  -94.29118   -0.00027   -0.00040         20  0.000e+00
     151317   6304.833     29.676     29.862    29.3990    29.4004   5.981626   5.981846     3.1551     2.6654     100.00   20.60058  -94.29118   -0.00026   -0.00038         20  0.000e+00
