GOMECC/GOMECC-4/1db/rb2103_1231.ros
* Sea-Bird SBE 9 Data File:
* FileName = C:\Users\scs.user.rb\CTD\GOMECC4\data\rb2103_1231.hex
* Software Version Seasave V 7.26.7.107
* Temperature SN = 4799
* Conductivity SN = 3860
* Number of Bytes Per Scan = 41
* Number of Voltage Words = 4
* Number of Scans Averaged by the Deck Unit = 1
* NMEA Latitude = 24 44.12 N
* NMEA Longitude = 080 37.33 W
* NMEA UTC (Time) = Oct 17 2021  22:52:18
* NMEA baud rate = 4800
# nquan = 17
# nvalues = 1729                                  
# units = specified
# name 0 = scan: Scan Count
# name 1 = timeS: Time, Elapsed [seconds]
# name 2 = depSM: Depth [salt water, m]
# name 3 = prDM: Pressure, Digiquartz [db]
# name 4 = t090C: Temperature [ITS-90, deg C]
# name 5 = t190C: Temperature, 2 [ITS-90, deg C]
# name 6 = c0S/m: Conductivity [S/m]
# name 7 = c1S/m: Conductivity, 2 [S/m]
# name 8 = sbeox0V: Oxygen raw, SBE 43 [V]
# name 9 = sbeox1V: Oxygen raw, SBE 43, 2 [V]
# name 10 = altM: Altimeter [m]
# name 11 = latitude: Latitude [deg]
# name 12 = longitude: Longitude [deg]
# name 13 = sbox0dV/dT: Oxygen, SBE 43 [dov/dt]
# name 14 = sbox1dV/dT: Oxygen, SBE 43, 2 [dov/dt]
# name 15 = nbf: Bottles Fired
# name 16 = flag:  0.000e+00
# interval = seconds: 0.0416667
# start_time = Oct 17 2021 22:52:18 [NMEA time, header]
# bad_flag = -9.990e-29
*END*
[from data line 1192]
      44556   1856.458     30.007     30.203    29.0839    29.0827   5.843467   5.843546     3.1502     2.6618     100.00   24.73546  -80.62326   -0.00047    0.00205          9  0.000e+00
      44557   1856.500     30.021     30.217    29.0840    29.0827   5.843404   5.843530     3.1502     2.6618     100.00   24.73546  -80.62326   -0.00045    0.00195          9  0.000e+00
      44558   1856.542     30.007     30.203    29.0841    29.0826   5.843420   5.843546     3.1502     2.6618     100.00   24.73546  -80.62326   -0.00044    0.00185          9  0.000e+00
      44559   1856.583     30.068     30.264    29.0843    29.0829   5.843356   5.843490     3.1502     2.6618     100.00   24.73546  -80.62326   -0.00042    0.00174          9  0.000e+00
      44560   1856.625     30.007     30.203    29.0837    29.0827   5.843372   5.843433     3.1502     2.6618     100.00   24.73546  -80.62326   -0.00040    0.00164          9  0.000e+00
      47199   1966.583     20.000     20.130    29.2152    29.2174   5.857566   5.858045     3.1099     2.6252      23.96   24.73546  -80.62324    0.00034    0.00086         10  0.000e+00
      47200   1966.625     20.095     20.226    29.2152    29.2162   5.857653   5.858037     3.1099     2.6239      23.96   24.73546  -80.62324    0.00033    0.00084         10  0.000e+00
      47201   1966.667     20.440     20.573    29.2150    29.2168   5.857463   5.857965     3.1111     2.6239      44.15   24.73546  -80.62324    0.00034    0.00082         10  0.000e+00
      47202   1966.708     20.095     20.226    29.2151    29.2165   5.857431   5.857901     3.1099     2.6239      79.00   24.73546  -80.62324    0.00033    0.00080         10  0.000e+00
      47203   1966.750     20.149     20.280    29.2150    29.2165   5.857661   5.857965     3.1099     2.6239      88.72   24.73546  -80.62324    0.00032    0.00078         10  0.000e+00
      47204   1966.792     20.190     20.321    29.2152    29.2167   5.857709   5.857989     3.1099     2.6227      87.72   24.73546  -80.62324    0.00031    0.00073         10  0.000e+00
      47205   1966.833     20.149     20.280    29.2151    29.2165   5.857685   5.857989     3.1111     2.6227      86.25   24.73546  -80.62324    0.00032    0.00069         10  0.000e+00
      47206   1966.875     20.196     20.328    29.2150    29.2168   5.857645   5.857949     3.1111     2.6227      85.93   24.73546  -80.62324    0.00033    0.00067         10  0.000e+00
      47207   1966.917     20.142     20.273    29.2152    29.2167   5.857709   5.858045     3.1111     2.6227      85.98   24.73546  -80.62324    0.00033    0.00062         10  0.000e+00
      47208   1966.958     20.197     20.328    29.2152    29.2167   5.857661   5.858086     3.1111     2.6227      86.03   24.73546  -80.62324    0.00034    0.00060         10  0.000e+00
      47209   1967.000     20.149     20.280    29.2152    29.2167   5.857669   5.858118     3.1111     2.6227      86.06   24.73546  -80.62324    0.00036    0.00057         10  0.000e+00
      47210   1967.042     20.190     20.321    29.2152    29.2167   5.857661   5.858061     3.1111     2.6227      86.06   24.73546  -80.62324    0.00039    0.00054         10  0.000e+00
      47211   1967.083     20.149     20.280    29.2151    29.2170   5.857677   5.857965     3.1111     2.6227      86.06   24.73546  -80.62324    0.00040    0.00052         10  0.000e+00
      47212   1967.125     20.149     20.280    29.2150    29.2167   5.857685   5.858086     3.1111     2.6227      86.06   24.73546  -80.62324    0.00040    0.00049         10  0.000e+00
      47213   1967.167     20.197     20.328    29.2152    29.2169   5.857685   5.858061     3.1099     2.6239      86.06   24.73546  -80.62324    0.00041    0.00050         10  0.000e+00
      47214   1967.208     20.142     20.273    29.2152    29.2165   5.857685   5.857997     3.1099     2.6227      86.06   24.73546  -80.62324    0.00040    0.00047         10  0.000e+00
      47215   1967.250     20.197     20.328    29.2152    29.2167   5.857661   5.858061     3.1099     2.6239      86.06   24.73546  -80.62324    0.00039    0.00046         10  0.000e+00
      47216   1967.292     20.149     20.280    29.2152    29.2170   5.857637   5.858045     3.1099     2.6239      86.06   24.73546  -80.62324    0.00037    0.00044         10  0.000e+00
      47217   1967.333     20.143     20.274    29.2152    29.2167   5.857598   5.857965     3.1087     2.6239      86.06   24.73546  -80.62324    0.00035    0.00043         10  0.000e+00
      47218   1967.375     20.197     20.328    29.2154    29.2171   5.857621   5.858013     3.1099     2.6239      86.06   24.73546  -80.62324    0.00033    0.00044         10  0.000e+00
      47219   1967.417     20.149     20.280    29.2150    29.2169   5.857709   5.858037     3.1087     2.6252      86.06   24.73546  -80.62324    0.00031    0.00044         10  0.000e+00
      47220   1967.458     20.190     20.321    29.2151    29.2167   5.857661   5.858037     3.1087     2.6252      86.06   24.73546  -80.62324    0.00028    0.00044         10  0.000e+00
      47221   1967.500     20.149     20.280    29.2154    29.2168   5.857685   5.858037     3.1087     2.6252      86.06   24.73546  -80.62324    0.00025    0.00044         10  0.000e+00
      47222   1967.542     20.149     20.280    29.2152    29.2169   5.857724   5.858037     3.1087     2.6252      86.06   24.73546  -80.62324    0.00021    0.00044         10  0.000e+00
      47223   1967.583     20.095     20.226    29.2151    29.2167   5.857693   5.858037     3.1087     2.6252      86.06   24.73546  -80.62324    0.00016    0.00044         10  0.000e+00
      47224   1967.625     20.237     20.369    29.2152    29.2167   5.857685   5.857997     3.1074     2.6252      86.06   24.73546  -80.62324    0.00012    0.00044         10  0.000e+00
      47225   1967.667     20.197     20.328    29.2152    29.2169   5.857756   5.857989     3.1087     2.6252      90.72   24.73546  -80.62324    0.00009    0.00044         10  0.000e+00
      47226   1967.708     20.150     20.281    29.2152    29.2166   5.857685   5.857989     3.1074     2.6252      98.51   24.73546  -80.62324    0.00005    0.00044         10  0.000e+00
      47227   1967.750     20.143     20.274    29.2150    29.2167   5.857748   5.857989     3.1074     2.6239     100.00   24.73546  -80.62324   -0.00002    0.00041         10  0.000e+00
      47228   1967.792     20.197     20.328    29.2152    29.2167   5.857709   5.858021     3.1074     2.6239     100.00   24.73546  -80.62324   -0.00006    0.00039         10  0.000e+00
      47229   1967.833     20.150     20.281    29.2152    29.2167   5.857716   5.858110     3.1074     2.6227     100.00   24.73546  -80.62324   -0.00010    0.00037         10  0.000e+00
      47230   1967.875     20.190     20.322    29.2152    29.2169   5.857732   5.858134     3.1062     2.6239     100.00   24.73546  -80.62324   -0.00016    0.00036         10  0.000e+00
      47231   1967.917     20.095     20.226    29.2152    29.2168   5.857669   5.857989     3.1062     2.6239     100.00   24.73546  -80.62324   -0.00022    0.00036         10  0.000e+00
      47232   1967.958     20.197     20.328    29.2151    29.2165   5.857677   5.857828     3.1074     2.6239     100.00   24.73546  -80.62324   -0.00027    0.00035         10  0.000e+00
      47233   1968.000     20.143     20.274    29.2152    29.2167   5.857613   5.857941     3.1062     2.6239     100.00   24.73546  -80.62324   -0.00033    0.00034         10  0.000e+00
      47234   1968.042     20.197     20.328    29.2152    29.2169   5.857661   5.858021     3.1062     2.6239     100.00   24.73546  -80.62324   -0.00038    0.00034         10  0.000e+00
      47235   1968.083     20.150     20.281    29.2151    29.2167   5.857685   5.857997     3.1062     2.6239     100.00   24.73546  -80.62324   -0.00046    0.00033         10  0.000e+00
      47236   1968.125     20.197     20.328    29.2152    29.2168   5.857685   5.858021     3.1062     2.6239     100.00   24.73546  -80.62324   -0.00053    0.00032         10  0.000e+00
      47237   1968.167     20.143     20.274    29.2150    29.2167   5.857661   5.858069     3.1062     2.6239     100.00   24.73546  -80.62324   -0.00060    0.00031         10  0.000e+00
      47238   1968.208     20.150     20.281    29.2151    29.2167   5.857677   5.858045     3.1062     2.6239     100.00   24.73546  -80.62324   -0.00067    0.00030         10  0.000e+00
      47239   1968.250     20.150     20.281    29.2150    29.2167   5.857613   5.858037     3.1062     2.6239     100.00   24.73546  -80.62324   -0.00072    0.00029         10  0.000e+00
      47240   1968.292     20.190     20.322    29.2150    29.2169   5.857661   5.858037     3.1062     2.6227     100.00   24.73546  -80.62324   -0.00079    0.00027         10  0.000e+00
      47241   1968.333     20.150     20.281    29.2151    29.2166   5.857574   5.858037     3.1050     2.6227     100.00   24.73546  -80.62324   -0.00087    0.00024         10  0.000e+00
      47242   1968.375     20.197     20.329    29.2150    29.2165   5.857590   5.858069     3.1062     2.6227     100.00   24.73546  -80.62324   -0.00094    0.00023         10  0.000e+00
      47243   1968.417     20.089     20.220    29.2148    29.2167   5.857629   5.858045     3.1062     2.6215     100.00   24.73546  -80.62324   -0.00100    0.00019         10  0.000e+00
      47244   1968.458     20.197     20.329    29.2147    29.2167   5.857637   5.858037     3.1062     2.6215     100.00   24.73546  -80.62324   -0.00107    0.00016         10  0.000e+00
      47245   1968.500     20.197     20.329    29.2148    29.2167   5.857637   5.857997     3.1062     2.6215     100.00   24.73546  -80.62324   -0.00113    0.00014         10  0.000e+00
      47246   1968.542     20.001     20.131    29.2150    29.2168   5.857637   5.858021     3.1062     2.6215     100.00   24.73546  -80.62324   -0.00119    0.00011         10  0.000e+00
      47247   1968.583     20.292     20.424    29.2151    29.2167   5.857598   5.858037     3.1062     2.6203     100.00   24.73546  -80.62324   -0.00126    0.00007         10  0.000e+00
      47248   1968.625     20.150     20.281    29.2148    29.2165   5.857566   5.857997     3.1074     2.6203     100.00   24.73546  -80.62324   -0.00130    0.00003         10  0.000e+00
      47249   1968.667     20.150     20.281    29.2148    29.2169   5.857510   5.858021     3.1062     2.6203     100.00   24.73546  -80.62324   -0.00134   -0.00001         10  0.000e+00
      47250   1968.708     20.143     20.274    29.2147    29.2167   5.857598   5.857997     3.1062     2.6203      79.66   24.73546  -80.62324   -0.00140   -0.00004         10  0.000e+00
      47251   1968.750     20.150     20.281    29.2148    29.2168   5.857637   5.857949     3.1074     2.6190      55.97   24.73546  -80.62324   -0.00145   -0.00010         10  0.000e+00
      47252   1968.792     20.197     20.329    29.2144    29.2165   5.857637   5.857973     3.1074     2.6190      50.65   24.73546  -80.62324   -0.00147   -0.00015         10  0.000e+00
      47253   1968.833     20.143     20.274    29.2147    29.2167   5.857613   5.858061     3.1074     2.6190      51.72   24.73546  -80.62324   -0.00150   -0.00020         10  0.000e+00
      47254   1968.875     20.150     20.281    29.2148    29.2165   5.857558   5.858045     3.1074     2.6190      52.70   24.73546  -80.62324   -0.00150   -0.00025         10  0.000e+00
      47255   1968.917     20.197     20.329    29.2144    29.2165   5.857574   5.858037     3.1074     2.6190      52.89   24.73546  -80.62324   -0.00152   -0.00030         10  0.000e+00
      47256   1968.958     20.143     20.274    29.2147    29.2168   5.857590   5.858037     3.1062     2.6178      52.82   24.73546  -80.62324   -0.00154   -0.00037         10  0.000e+00
      47257   1969.000     20.150     20.281    29.2146    29.2165   5.857590   5.857965     3.1074     2.6178      52.77   24.73546  -80.62324   -0.00154   -0.00043         10  0.000e+00
      47258   1969.042     20.150     20.281    29.2148    29.2165   5.857621   5.857973     3.1074     2.6178      52.77   24.73546  -80.62324   -0.00155   -0.00049         10  0.000e+00
      47259   1969.083     20.150     20.281    29.2147    29.2165   5.857613   5.858021     3.1074     2.6178      52.77   24.73546  -80.62324   -0.00155   -0.00055         10  0.000e+00
      47260   1969.125     20.143     20.274    29.2148    29.2167   5.857629   5.858037     3.1074     2.6178      52.77   24.73546  -80.62324   -0.00154   -0.00062         10  0.000e+00
      47261   1969.167     20.198     20.329    29.2144    29.2166   5.857637   5.857997     3.1074     2.6178      52.80   24.73546  -80.62324   -0.00152   -0.00070         10  0.000e+00
      47262   1969.208     20.150     20.281    29.2147    29.2167   5.857598   5.857989     3.1074     2.6178      52.77   24.73546  -80.62324   -0.00152   -0.00077         10  0.000e+00
      47263   1969.250     20.144     20.275    29.2144    29.2167   5.857550   5.857949     3.1074     2.6178      52.77   24.73546  -80.62324   -0.00150   -0.00084         10  0.000e+00
      47264   1969.292     20.150     20.281    29.2148    29.2167   5.857621   5.857901     3.1087     2.6178      52.77   24.73546  -80.62324   -0.00146   -0.00093         10  0.000e+00
      47265   1969.333     20.198     20.329    29.2149    29.2169   5.857637   5.857965     3.1087     2.6178      52.77   24.73546  -80.62324   -0.00141   -0.00100         10  0.000e+00
      47266   1969.375     20.144     20.275    29.2148    29.2170   5.857669   5.857989     3.1087     2.6178      52.77   24.73546  -80.62324   -0.00137   -0.00108         10  0.000e+00
      47267   1969.417     20.198     20.329    29.2148    29.2169   5.857613   5.857989     3.1087     2.6178      52.77   24.73546  -80.62324   -0.00134   -0.00117         10  0.000e+00
      47268   1969.458     20.150     20.281    29.2151    29.2169   5.857550   5.858021     3.1087     2.6178      52.77   24.73546  -80.62324   -0.00132   -0.00125         10  0.000e+00
      47269   1969.500     20.049     20.179    29.2150    29.2169   5.857621   5.858037     3.1074     2.6178      52.77   24.73546  -80.62324   -0.00129   -0.00133         10  0.000e+00
      47270   1969.542     20.238     20.370    29.2150    29.2167   5.857677   5.858069     3.1074     2.6178      52.77   24.73546  -80.62324   -0.00126   -0.00141         10  0.000e+00
      47271   1969.583     20.150     20.281    29.2151    29.2168   5.857574   5.858045     3.1074     2.6178      52.77   24.73546  -80.62324   -0.00123   -0.00149         10  0.000e+00
      47272   1969.625     20.150     20.281    29.2150    29.2167   5.857613   5.858069     3.1074     2.6166      52.77   24.73546  -80.62324   -0.00121   -0.00159         10  0.000e+00
      47273   1969.667     20.144     20.275    29.2148    29.2169   5.857637   5.858086     3.1074     2.6166      68.62   24.73546  -80.62324   -0.00120   -0.00168         10  0.000e+00
      47274   1969.708     20.198     20.329    29.2149    29.2167   5.857598   5.858118     3.1074     2.6178      94.85   24.73546  -80.62324   -0.00118   -0.00176         10  0.000e+00
      47275   1969.750     20.151     20.282    29.2150    29.2167   5.857637   5.858061     3.1074     2.6166     100.00   24.73546  -80.62324   -0.00116   -0.00185         10  0.000e+00
      47276   1969.792     20.144     20.275    29.2148    29.2164   5.857637   5.858037     3.1062     2.6178     100.00   24.73546  -80.62324   -0.00116   -0.00191         10  0.000e+00
      47277   1969.833     20.151     20.282    29.2149    29.2167   5.857598   5.858069     3.1074     2.6178     100.00   24.73546  -80.62324   -0.00114   -0.00196         10  0.000e+00
