GOMECC/GOMECC-4/1db/rb2103_0271.ros
* Sea-Bird SBE 9 Data File:
* FileName = C:\Users\scs.user.rb\CTD\GOMECC4\data\rb2103_0271.hex
* Software Version Seasave V 7.26.7.107
* Temperature SN = 4799
* Conductivity SN = 3860
* Number of Bytes Per Scan = 41
* Number of Voltage Words = 4
* Number of Scans Averaged by the Deck Unit = 1
* NMEA Latitude = 28 10.29 N
* NMEA Longitude = 086 28.83 W
* NMEA UTC (Time) = Sep 21 2021  14:01:03
* NMEA baud rate = 4800
# nquan = 17
# nvalues = 2394                                  
# units = specified
# name 0 = scan: Scan Count
# name 1 = timeS: Time, Elapsed [seconds]
# name 2 = depSM: Depth [salt water, m]
# name 3 = prDM: Pressure, Digiquartz [db]
# name 4 = t090C: Temperature [ITS-90, deg C]
# name 5 = t190C: Temperature, 2 [ITS-90, deg C]
# name 6 = c0S/m: Conductivity [S/m]
# name 7 = c1S/m: Conductivity, 2 [S/m]
# name 8 = sbeox0V: Oxygen raw, SBE 43 [V]
# name 9 = sbeox1V: Oxygen raw, SBE 43, 2 [V]
# name 10 = altM: Altimeter [m]
# name 11 = latitude: Latitude [deg]
# name 12 = longitude: Longitude [deg]
# name 13 = sbox0dV/dT: Oxygen, SBE 43 [dov/dt]
# name 14 = sbox1dV/dT: Oxygen, SBE 43, 2 [dov/dt]
# name 15 = nbf: Bottles Fired
# name 16 = flag:  0.000e+00
# interval = seconds: 0.0416667
# start_time = Sep 21 2021 14:01:03 [NMEA time, header]
# bad_flag = -9.990e-29
*END*
[from data line 681]
      56757   2364.833    416.985    420.209     9.7268     9.7264   3.818159   3.818145     1.6325     1.3358     100.00   28.16956  -86.47930   -0.00010   -0.00002          6  0.000e+00
      56758   2364.875    416.985    420.209     9.7267     9.7264   3.818205   3.818145     1.6325     1.3358     100.00   28.16956  -86.47930   -0.00011   -0.00002          6  0.000e+00
      56759   2364.917    417.069    420.293     9.7268     9.7264   3.818218   3.818105     1.6337     1.3358     100.00   28.16956  -86.47930   -0.00010   -0.00002          6  0.000e+00
      56760   2364.958    416.985    420.209     9.7267     9.7263   3.818192   3.818132     1.6325     1.3358     100.00   28.16956  -86.47930   -0.00010   -0.00002          6  0.000e+00
      56761   2365.000    417.038    420.262     9.7265     9.7264   3.818159   3.818152     1.6325     1.3358     100.00   28.16956  -86.47930   -0.00011   -0.00002          6  0.000e+00
      56762   2365.042    417.008    420.232     9.7263     9.7265   3.818152   3.818105     1.6325     1.3358     100.00   28.16956  -86.47930   -0.00012   -0.00003          6  0.000e+00
      56763   2365.083    416.985    420.209     9.7262     9.7264   3.818172   3.818132     1.6337     1.3358     100.00   28.16956  -86.47930   -0.00011   -0.00003          6  0.000e+00
      56764   2365.125    417.038    420.263     9.7261     9.7264   3.818159   3.818125     1.6325     1.3346     100.00   28.16956  -86.47930   -0.00011   -0.00005          6  0.000e+00
      56765   2365.167    416.985    420.209     9.7263     9.7264   3.818172   3.818145     1.6337     1.3358     100.00   28.16956  -86.47930   -0.00010   -0.00005          6  0.000e+00
      56766   2365.208    417.008    420.232     9.7263     9.7264   3.818159   3.818145     1.6325     1.3358     100.00   28.16956  -86.47930   -0.00010   -0.00005          6  0.000e+00
      56767   2365.250    416.985    420.209     9.7263     9.7265   3.818152   3.818152     1.6337     1.3358     100.00   28.16956  -86.47930   -0.00009   -0.00005          6  0.000e+00
      56768   2365.292    416.985    420.209     9.7263     9.7262   3.818198   3.818098     1.6337     1.3358     100.00   28.16956  -86.47930   -0.00008   -0.00005          6  0.000e+00
      56769   2365.333    416.985    420.209     9.7265     9.7262   3.818192   3.818139     1.6337     1.3358     100.00   28.16956  -86.47930   -0.00009   -0.00005          6  0.000e+00
      56770   2365.375    417.008    420.232     9.7266     9.7262   3.818185   3.818159     1.6337     1.3358     100.00   28.16956  -86.47930   -0.00009   -0.00005          6  0.000e+00
      56771   2365.417    417.039    420.263     9.7267     9.7262   3.818185   3.818098     1.6325     1.3358     100.00   28.16956  -86.47930   -0.00011   -0.00006          6  0.000e+00
      56772   2365.458    416.985    420.209     9.7268     9.7264   3.818205   3.818139     1.6325     1.3358     100.00   28.16956  -86.47930   -0.00012   -0.00006          6  0.000e+00
      56773   2365.500    416.985    420.209     9.7269     9.7262   3.818218   3.818132     1.6325     1.3358     100.00   28.16956  -86.47930   -0.00013   -0.00006          6  0.000e+00
      56774   2365.542    417.008    420.232     9.7271     9.7263   3.818245   3.818139     1.6325     1.3358     100.00   28.16956  -86.47930   -0.00013   -0.00006          6  0.000e+00
      56775   2365.583    416.925    420.148     9.7271     9.7262   3.818232   3.818125     1.6325     1.3358     100.00   28.16956  -86.47930   -0.00014   -0.00006          6  0.000e+00
      56776   2365.625    417.039    420.263     9.7271     9.7264   3.818245   3.818139     1.6337     1.3358     100.00   28.16956  -86.47930   -0.00012   -0.00006          6  0.000e+00
      56777   2365.667    416.986    420.209     9.7271     9.7265   3.818278   3.818152     1.6337     1.3358     100.00   28.16956  -86.47930   -0.00011   -0.00006          6  0.000e+00
      56778   2365.708    416.955    420.179     9.7270     9.7265   3.818265   3.818179     1.6337     1.3358     100.00   28.16956  -86.47930   -0.00010   -0.00007          6  0.000e+00
      56779   2365.750    416.986    420.209     9.7269     9.7270   3.818278   3.818206     1.6325     1.3358     100.00   28.16956  -86.47930   -0.00010   -0.00007          6  0.000e+00
      56780   2365.792    416.986    420.209     9.7270     9.7268   3.818265   3.818219     1.6325     1.3358     100.00   28.16956  -86.47930   -0.00012   -0.00007          6  0.000e+00
      56781   2365.833    416.986    420.209     9.7269     9.7270   3.818225   3.818199     1.6337     1.3358     100.00   28.16956  -86.47930   -0.00011   -0.00007          6  0.000e+00
      56782   2365.875    416.955    420.179     9.7273     9.7270   3.818245   3.818206     1.6337     1.3358     100.00   28.16956  -86.47930   -0.00011   -0.00007          6  0.000e+00
      56783   2365.917    416.986    420.210     9.7271     9.7268   3.818258   3.818172     1.6325     1.3358     100.00   28.16956  -86.47930   -0.00012   -0.00007          6  0.000e+00
      56784   2365.958    416.925    420.148     9.7271     9.7270   3.818232   3.818179     1.6337     1.3358     100.00   28.16956  -86.47930   -0.00012   -0.00007          6  0.000e+00
      56785   2366.000    416.986    420.210     9.7270     9.7270   3.818245   3.818179     1.6325     1.3358     100.00   28.16956  -86.47930   -0.00013   -0.00008          6  0.000e+00
      56786   2366.042    416.956    420.179     9.7268     9.7268   3.818251   3.818213     1.6325     1.3358     100.00   28.16956  -86.47930   -0.00013   -0.00008          6  0.000e+00
      56787   2366.083    416.986    420.210     9.7268     9.7270   3.818232   3.818186     1.6325     1.3358     100.00   28.16956  -86.47930   -0.00014   -0.00006          6  0.000e+00
      56788   2366.125    416.925    420.148     9.7266     9.7270   3.818245   3.818186     1.6325     1.3358     100.00   28.16956  -86.47930   -0.00014   -0.00006          6  0.000e+00
      56789   2366.167    416.956    420.179     9.7267     9.7272   3.818232   3.818192     1.6325     1.3358     100.00   28.16956  -86.47930   -0.00014   -0.00006          6  0.000e+00
      56790   2366.208    416.925    420.148     9.7266     9.7270   3.818218   3.818206     1.6325     1.3358     100.00   28.16956  -86.47930   -0.00014   -0.00005          6  0.000e+00
      56791   2366.250    416.925    420.149     9.7267     9.7270   3.818218   3.818192     1.6325     1.3358     100.00   28.16956  -86.47930   -0.00015   -0.00005          6  0.000e+00
      56792   2366.292    416.925    420.149     9.7265     9.7272   3.818225   3.818240     1.6337     1.3358     100.00   28.16956  -86.47930   -0.00015   -0.00005          6  0.000e+00
      56793   2366.333    416.956    420.179     9.7266     9.7272   3.818192   3.818219     1.6337     1.3358     100.00   28.16956  -86.47930   -0.00015   -0.00005          6  0.000e+00
      56794   2366.375    416.925    420.149     9.7268     9.7270   3.818185   3.818219     1.6337     1.3358     100.00   28.16956  -86.47930   -0.00014   -0.00005          6  0.000e+00
      56795   2366.417    416.986    420.210     9.7265     9.7272   3.818205   3.818240     1.6337     1.3358     100.00   28.16956  -86.47930   -0.00012   -0.00005          6  0.000e+00
      56796   2366.458    416.872    420.095     9.7270     9.7272   3.818192   3.818226     1.6337     1.3358     100.00   28.16956  -86.47930   -0.00012   -0.00005          6  0.000e+00
      56797   2366.500    416.956    420.179     9.7268     9.7272   3.818185   3.818172     1.6325     1.3358     100.00   28.16956  -86.47930   -0.00015   -0.00005          6  0.000e+00
      56798   2366.542    416.926    420.149     9.7267     9.7270   3.818238   3.818219     1.6325     1.3358     100.00   28.16956  -86.47930   -0.00015   -0.00005          6  0.000e+00
      56799   2366.583    416.872    420.095     9.7268     9.7270   3.818225   3.818206     1.6325     1.3358     100.00   28.16956  -86.47930   -0.00015   -0.00005          6  0.000e+00
      56800   2366.625    416.926    420.149     9.7270     9.7270   3.818271   3.818213     1.6325     1.3358     100.00   28.16956  -86.47930   -0.00015   -0.00005          6  0.000e+00
      56801   2366.667    416.956    420.179     9.7271     9.7272   3.818265   3.818240     1.6337     1.3346     100.00   28.16956  -86.47930   -0.00016   -0.00005          6  0.000e+00
      56802   2366.708    416.873    420.095     9.7268     9.7272   3.818258   3.818226     1.6325     1.3358     100.00   28.16956  -86.47930   -0.00016   -0.00004          6  0.000e+00
      56803   2366.750    416.926    420.149     9.7270     9.7272   3.818258   3.818240     1.6337     1.3358     100.00   28.16956  -86.47930   -0.00014   -0.00004          6  0.000e+00
      56804   2366.792    416.926    420.149     9.7269     9.7272   3.818251   3.818226     1.6337     1.3358     100.00   28.16956  -86.47930   -0.00013   -0.00004          6  0.000e+00
      56805   2366.833    416.895    420.118     9.7271     9.7273   3.818251   3.818246     1.6337     1.3358     100.00   28.16956  -86.47930   -0.00013   -0.00003          6  0.000e+00
      56806   2366.875    416.873    420.095     9.7271     9.7272   3.818278   3.818273     1.6337     1.3358     100.00   28.16956  -86.47930   -0.00011   -0.00003          6  0.000e+00
      56807   2366.917    416.873    420.095     9.7270     9.7272   3.818238   3.818240     1.6337     1.3358     100.00   28.16956  -86.47930   -0.00010   -0.00003          6  0.000e+00
      56808   2366.958    416.926    420.149     9.7268     9.7270   3.818245   3.818226     1.6337     1.3358     100.00   28.16956  -86.47930   -0.00008   -0.00003          6  0.000e+00
      56809   2367.000    416.896    420.118     9.7268     9.7272   3.818198   3.818213     1.6337     1.3358     100.00   28.16956  -86.47930   -0.00007   -0.00003          6  0.000e+00
      56810   2367.042    416.873    420.096     9.7268     9.7272   3.818212   3.818192     1.6325     1.3358     100.00   28.16956  -86.47930   -0.00007   -0.00002          6  0.000e+00
      56811   2367.083    416.926    420.149     9.7268     9.7270   3.818225   3.818206     1.6337     1.3358     100.00   28.16956  -86.47930   -0.00006   -0.00001          6  0.000e+00
      56812   2367.125    416.873    420.096     9.7265     9.7272   3.818225   3.818219     1.6325     1.3358     100.00   28.16956  -86.47930   -0.00006   -0.00001          6  0.000e+00
      56813   2367.167    416.842    420.065     9.7268     9.7270   3.818218   3.818246     1.6337     1.3358     100.00   28.16956  -86.47930   -0.00004   -0.00001          6  0.000e+00
      56814   2367.208    416.926    420.149     9.7265     9.7272   3.818192   3.818219     1.6325     1.3358     100.00   28.16956  -86.47930   -0.00006   -0.00001          6  0.000e+00
      56815   2367.250    416.873    420.096     9.7263     9.7270   3.818185   3.818219     1.6325     1.3358     100.00   28.16956  -86.47930   -0.00006   -0.00001          6  0.000e+00
      56816   2367.292    416.873    420.096     9.7257     9.7272   3.818105   3.818199     1.6337     1.3358     100.00   28.16956  -86.47930   -0.00005   -0.00001          6  0.000e+00
      56817   2367.333    416.896    420.119     9.7255     9.7272   3.818105   3.818253     1.6325     1.3358     100.00   28.16956  -86.47930   -0.00005   -0.00001          6  0.000e+00
      56818   2367.375    416.873    420.096     9.7257     9.7272   3.818092   3.818240     1.6325     1.3358     100.00   28.16956  -86.47930   -0.00005   -0.00001          6  0.000e+00
      56819   2367.417    416.873    420.096     9.7257     9.7268   3.818059   3.818226     1.6337     1.3358     100.00   28.16956  -86.47930   -0.00005   -0.00001          6  0.000e+00
      56820   2367.458    416.896    420.119     9.7257     9.7272   3.818099   3.818186     1.6337     1.3358     100.00   28.16956  -86.47930   -0.00005   -0.00001          6  0.000e+00
      56821   2367.500    416.873    420.096     9.7258     9.7270   3.818066   3.818213     1.6337     1.3358     100.00   28.16956  -86.47930   -0.00003   -0.00001          6  0.000e+00
      56822   2367.542    416.873    420.096     9.7258     9.7270   3.818099   3.818213     1.6337     1.3358     100.00   28.16956  -86.47930   -0.00002   -0.00001          6  0.000e+00
      56823   2367.583    416.926    420.150     9.7258     9.7264   3.818119   3.818172     1.6325     1.3358     100.00   28.16956  -86.47930   -0.00002   -0.00001          6  0.000e+00
      56824   2367.625    416.843    420.065     9.7258     9.7264   3.818066   3.818132     1.6325     1.3358     100.00   28.16956  -86.47930   -0.00002   -0.00001          6  0.000e+00
      56825   2367.667    416.873    420.096     9.7260     9.7262   3.818125   3.818112     1.6325     1.3358     100.00   28.16956  -86.47930   -0.00002   -0.00000          6  0.000e+00
      56826   2367.708    416.926    420.150     9.7257     9.7260   3.818099   3.818118     1.6325     1.3358     100.00   28.16956  -86.47930   -0.00002   -0.00000          6  0.000e+00
      56827   2367.750    416.873    420.096     9.7258     9.7260   3.818105   3.818098     1.6325     1.3358     100.00   28.16956  -86.47930   -0.00004   -0.00000          6  0.000e+00
      56828   2367.792    416.896    420.119     9.7260     9.7259   3.818119   3.818105     1.6337     1.3358     100.00   28.16956  -86.47930   -0.00002   -0.00000          6  0.000e+00
      56829   2367.833    416.873    420.096     9.7258     9.7257   3.818119   3.818071     1.6337     1.3358     100.00   28.16956  -86.47930   -0.00000   -0.00000          6  0.000e+00
      56830   2367.875    416.873    420.096     9.7258     9.7259   3.818092   3.818071     1.6325     1.3358     100.00   28.16956  -86.47930   -0.00000   -0.00000          6  0.000e+00
      56831   2367.917    416.927    420.150     9.7260     9.7259   3.818085   3.818058     1.6337     1.3358     100.00   28.16956  -86.47930   -0.00000 -7.034e-07          6  0.000e+00
      56832   2367.958    416.843    420.066     9.7257     9.7257   3.818085   3.818078     1.6337     1.3358     100.00   28.16956  -86.47930    0.00001 -2.833e-12          6  0.000e+00
      56833   2368.000    416.927    420.150     9.7255     9.7259   3.818059   3.818051     1.6337     1.3358     100.00   28.16956  -86.47930    0.00003 7.0336e-07          6  0.000e+00
      56834   2368.042    416.874    420.096     9.7255     9.7258   3.818052   3.818105     1.6337     1.3358     100.00   28.16956  -86.47930    0.00005    0.00000          6  0.000e+00
      56835   2368.083    416.927    420.150     9.7255     9.7259   3.818099   3.818071     1.6337     1.3358     100.00   28.16956  -86.47930    0.00005    0.00000          6  0.000e+00
      56836   2368.125    416.843    420.066     9.7255     9.7259   3.818066   3.818071     1.6325     1.3358     100.00   28.16956  -86.47930    0.00003    0.00000          6  0.000e+00
      56837   2368.167    416.927    420.150     9.7255     9.7259   3.818072   3.818085     1.6325     1.3358     100.00   28.16956  -86.47930    0.00001    0.00000          6  0.000e+00
      56838   2368.208    416.874    420.096     9.7257     9.7259   3.818085   3.818078     1.6325     1.3358     100.00   28.16956  -86.47930    0.00001    0.00000          6  0.000e+00
      56839   2368.250    416.927    420.150     9.7257     9.7260   3.818085   3.818112     1.6325     1.3358     100.00   28.16956  -86.47930    0.00001    0.00000          6  0.000e+00
      56840   2368.292    416.896    420.119     9.7257     9.7260   3.818105   3.818098     1.6337     1.3358     100.00   28.16956  -86.47930    0.00003    0.00001          6  0.000e+00
