GOMECC/GOMECC-4/1db/rb2103_1011.ros
* Sea-Bird SBE 9 Data File:
* FileName = C:\Users\scs.user.rb\CTD\GOMECC4\data\rb2103_1011.hex
* Software Version Seasave V 7.26.7.107
* Temperature SN = 4799
* Conductivity SN = 3860
* Number of Bytes Per Scan = 41
* Number of Voltage Words = 4
* Number of Scans Averaged by the Deck Unit = 1
* NMEA Latitude = 23 09.37 N
* NMEA Longitude = 088 00.06 W
* NMEA UTC (Time) = Oct 12 2021  18:34:17
* NMEA baud rate = 4800
# nquan = 17
# nvalues = 1064                                  
# units = specified
# name 0 = scan: Scan Count
# name 1 = timeS: Time, Elapsed [seconds]
# name 2 = depSM: Depth [salt water, m]
# name 3 = prDM: Pressure, Digiquartz [db]
# name 4 = t090C: Temperature [ITS-90, deg C]
# name 5 = t190C: Temperature, 2 [ITS-90, deg C]
# name 6 = c0S/m: Conductivity [S/m]
# name 7 = c1S/m: Conductivity, 2 [S/m]
# name 8 = sbeox0V: Oxygen raw, SBE 43 [V]
# name 9 = sbeox1V: Oxygen raw, SBE 43, 2 [V]
# name 10 = altM: Altimeter [m]
# name 11 = latitude: Latitude [deg]
# name 12 = longitude: Longitude [deg]
# name 13 = sbox0dV/dT: Oxygen, SBE 43 [dov/dt]
# name 14 = sbox1dV/dT: Oxygen, SBE 43, 2 [dov/dt]
# name 15 = nbf: Bottles Fired
# name 16 = flag:  0.000e+00
# interval = seconds: 0.0416667
# start_time = Oct 12 2021 18:34:17 [NMEA time, header]
# bad_flag = -9.990e-29
*END*
[from data line 852]
      32416   1350.625     15.115     15.212    29.5607    29.5619   5.947073   5.947355     3.1673     2.6764      63.32   23.15660  -88.00126    0.00035   -0.00002          7  0.000e+00
      32417   1350.667     15.108     15.205    29.5610    29.5619   5.947041   5.947315     3.1673     2.6764      63.32   23.15660  -88.00126    0.00039   -0.00005          7  0.000e+00
      32418   1350.708     15.162     15.259    29.5606    29.5619   5.947065   5.947372     3.1661     2.6764      63.32   23.15660  -88.00126    0.00040   -0.00008          7  0.000e+00
      32419   1350.750     15.115     15.212    29.5610    29.5619   5.947105   5.947315     3.1661     2.6764      63.32   23.15660  -88.00126    0.00042   -0.00010          7  0.000e+00
      32420   1350.792     15.115     15.212    29.5608    29.5617   5.947089   5.947266     3.1673     2.6752      63.32   23.15660  -88.00126    0.00046   -0.00016          7  0.000e+00
      32421   1350.833     15.156     15.252    29.5608    29.5615   5.947073   5.947283     3.1673     2.6764      63.35   23.15660  -88.00126    0.00048   -0.00020          7  0.000e+00
      32422   1350.875     15.115     15.212    29.5608    29.5614   5.947041   5.947266     3.1661     2.6764      63.35   23.15660  -88.00126    0.00048   -0.00024          7  0.000e+00
      32423   1350.917     15.162     15.259    29.5608    29.5615   5.947105   5.947242     3.1673     2.6764      63.35   23.15660  -88.00126    0.00050   -0.00028          7  0.000e+00
      32424   1350.958     15.115     15.212    29.5610    29.5610   5.947081   5.947242     3.1673     2.6764      63.35   23.15660  -88.00126    0.00052   -0.00031          7  0.000e+00
      32425   1351.000     15.115     15.212    29.5607    29.5610   5.947041   5.947218     3.1661     2.6764      63.37   23.15660  -88.00126    0.00052   -0.00035          7  0.000e+00
      32426   1351.042     15.156     15.252    29.5610    29.5611   5.947033   5.947234     3.1661     2.6777      63.35   23.15660  -88.00126    0.00052   -0.00036          7  0.000e+00
      32427   1351.083     15.115     15.212    29.5608    29.5610   5.947097   5.947250     3.1673     2.6777      63.35   23.15660  -88.00126    0.00054   -0.00038          7  0.000e+00
      32428   1351.125     15.115     15.212    29.5610    29.5610   5.947049   5.947283     3.1661     2.6777      63.37   23.15660  -88.00126    0.00054   -0.00040          7  0.000e+00
      32429   1351.167     15.163     15.259    29.5608    29.5614   5.947033   5.947266     3.1673     2.6777      63.35   23.15660  -88.00126    0.00056   -0.00041          7  0.000e+00
      32430   1351.208     15.156     15.252    29.5610    29.5611   5.947057   5.947283     3.1673     2.6777      63.35   23.15660  -88.00126    0.00057   -0.00042          7  0.000e+00
      32431   1351.250     15.115     15.212    29.5608    29.5615   5.947041   5.947291     3.1673     2.6777      63.35   23.15660  -88.00126    0.00057   -0.00044          7  0.000e+00
      32432   1351.292     15.163     15.259    29.5610    29.5615   5.947033   5.947266     3.1673     2.6777      63.35   23.15660  -88.00126    0.00057   -0.00045          7  0.000e+00
      32433   1351.333     15.115     15.212    29.5610    29.5613   5.947025   5.947242     3.1673     2.6789      63.35   23.15660  -88.00126    0.00057   -0.00044          7  0.000e+00
      32434   1351.375     15.156     15.252    29.5610    29.5612   5.947065   5.947291     3.1673     2.6789      63.35   23.15660  -88.00126    0.00057   -0.00044          7  0.000e+00
      32435   1351.417     15.163     15.259    29.5609    29.5610   5.947009   5.947258     3.1685     2.6789      63.35   23.15660  -88.00126    0.00059   -0.00043          7  0.000e+00
      32436   1351.458     15.115     15.212    29.5610    29.5611   5.947009   5.947291     3.1685     2.6789      63.35   23.15660  -88.00126    0.00061   -0.00043          7  0.000e+00
      32437   1351.500     15.163     15.259    29.5610    29.5614   5.947097   5.947291     3.1673     2.6789      63.35   23.15660  -88.00126    0.00061   -0.00042          7  0.000e+00
      32438   1351.542     15.163     15.259    29.5610    29.5613   5.947081   5.947323     3.1673     2.6789      63.35   23.15660  -88.00126    0.00059   -0.00041          7  0.000e+00
      32439   1351.583     15.156     15.252    29.5610    29.5613   5.947073   5.947275     3.1685     2.6801      63.35   23.15660  -88.00126    0.00061   -0.00037          7  0.000e+00
      32440   1351.625     15.115     15.212    29.5610    29.5614   5.947081   5.947283     3.1685     2.6801      63.35   23.15660  -88.00126    0.00062   -0.00033          7  0.000e+00
      32441   1351.667     15.163     15.259    29.5612    29.5613   5.947073   5.947299     3.1685     2.6801      63.37   23.15660  -88.00126    0.00062   -0.00030          7  0.000e+00
      32442   1351.708     15.163     15.259    29.5610    29.5614   5.947073   5.947258     3.1685     2.6801      63.35   23.15660  -88.00126    0.00061   -0.00026          7  0.000e+00
      32443   1351.750     15.156     15.252    29.5610    29.5615   5.947081   5.947291     3.1685     2.6801      63.35   23.15660  -88.00126    0.00061   -0.00021          7  0.000e+00
      32444   1351.792     15.163     15.259    29.5609    29.5615   5.947073   5.947258     3.1685     2.6801      63.35   23.15660  -88.00126    0.00060   -0.00019          7  0.000e+00
      32445   1351.833     15.115     15.212    29.5610    29.5615   5.947073   5.947242     3.1697     2.6801      63.32   23.15660  -88.00126    0.00061   -0.00014          7  0.000e+00
      32446   1351.875     15.163     15.259    29.5612    29.5617   5.947081   5.947291     3.1697     2.6801      63.30   23.15660  -88.00126    0.00062   -0.00012          7  0.000e+00
      32447   1351.917     15.163     15.259    29.5610    29.5614   5.947073   5.947291     3.1697     2.6801      63.30   23.15660  -88.00126    0.00063   -0.00009          7  0.000e+00
      32448   1351.958     15.156     15.252    29.5610    29.5617   5.947041   5.947299     3.1697     2.6801      63.30   23.15660  -88.00126    0.00063   -0.00008          7  0.000e+00
      32449   1352.000     15.163     15.259    29.5610    29.5617   5.947065   5.947331     3.1709     2.6813      63.30   23.15660  -88.00126    0.00065   -0.00005          7  0.000e+00
      32450   1352.042     15.163     15.259    29.5610    29.5617   5.947073   5.947315     3.1709     2.6801      63.27   23.15660  -88.00126    0.00067   -0.00005          7  0.000e+00
      32451   1352.083     15.163     15.259    29.5610    29.5617   5.947041   5.947258     3.1709     2.6813      63.30   23.15660  -88.00126    0.00069   -0.00004          7  0.000e+00
      32452   1352.125     15.156     15.252    29.5610    29.5617   5.947105   5.947291     3.1709     2.6813      63.30   23.15660  -88.00126    0.00071   -0.00003          7  0.000e+00
      32453   1352.167     15.115     15.212    29.5610    29.5617   5.947081   5.947258     3.1722     2.6813      63.30   23.15660  -88.00126    0.00074   -0.00003          7  0.000e+00
      32454   1352.208     15.217     15.314    29.5609    29.5617   5.947041   5.947347     3.1722     2.6813      63.30   23.15660  -88.00126    0.00077   -0.00002          7  0.000e+00
      32455   1352.250     15.115     15.212    29.5610    29.5615   5.947057   5.947250     3.1722     2.6813      63.30   23.15660  -88.00126    0.00080   -0.00002          7  0.000e+00
      32456   1352.292     15.156     15.252    29.5610    29.5617   5.947073   5.947307     3.1722     2.6813      63.30   23.15660  -88.00126    0.00082   -0.00002          7  0.000e+00
      32457   1352.333     15.163     15.259    29.5608    29.5615   5.947041   5.947275     3.1709     2.6813      63.30   23.15660  -88.00126    0.00083   -0.00002          7  0.000e+00
      32458   1352.375     15.163     15.259    29.5610    29.5617   5.947097   5.947315     3.1722     2.6813      63.30   23.15660  -88.00126    0.00087   -0.00002          7  0.000e+00
      32459   1352.417     15.163     15.259    29.5608    29.5615   5.947049   5.947275     3.1722     2.6801      63.30   23.15660  -88.00126    0.00089   -0.00004          7  0.000e+00
      32460   1352.458     15.163     15.259    29.5608    29.5617   5.947065   5.947283     3.1709     2.6801      63.30   23.15660  -88.00126    0.00089   -0.00006          7  0.000e+00
      32461   1352.500     15.156     15.252    29.5610    29.5615   5.947073   5.947291     3.1709     2.6801      63.30   23.15660  -88.00126    0.00091   -0.00008          7  0.000e+00
      32462   1352.542     15.163     15.259    29.5610    29.5617   5.947073   5.947266     3.1709     2.6789      63.27   23.15660  -88.00126    0.00092   -0.00011          7  0.000e+00
      32463   1352.583     15.163     15.259    29.5609    29.5615   5.947009   5.947283     3.1709     2.6789      63.30   23.15660  -88.00126    0.00094   -0.00015          7  0.000e+00
      32464   1352.625     15.115     15.212    29.5610    29.5617   5.947049   5.947299     3.1709     2.6789      63.27   23.15660  -88.00126    0.00095   -0.00019          7  0.000e+00
      32465   1352.667     15.210     15.307    29.5612    29.5617   5.947041   5.947258     3.1709     2.6777      63.30   23.15660  -88.00126    0.00096   -0.00025          7  0.000e+00
      32466   1352.708     15.115     15.212    29.5612    29.5615   5.947105   5.947291     3.1697     2.6777      63.30   23.15660  -88.00126    0.00097   -0.00031          7  0.000e+00
      32467   1352.750     15.163     15.259    29.5612    29.5613   5.947081   5.947331     3.1709     2.6777      63.30   23.15660  -88.00126    0.00100   -0.00034          7  0.000e+00
      32468   1352.792     15.163     15.259    29.5610    29.5617   5.947113   5.947266     3.1697     2.6764      63.30   23.15660  -88.00126    0.00100   -0.00042          7  0.000e+00
      32469   1352.833     15.156     15.252    29.5610    29.5615   5.947089   5.947291     3.1697     2.6777      63.30   23.15660  -88.00126    0.00101   -0.00046          7  0.000e+00
      32470   1352.875     15.163     15.259    29.5610    29.5615   5.947033   5.947291     3.1697     2.6764      63.32   23.15660  -88.00126    0.00102   -0.00051          7  0.000e+00
      32471   1352.917     15.163     15.259    29.5606    29.5615   5.947065   5.947266     3.1697     2.6764      63.35   23.15660  -88.00126    0.00102   -0.00057          7  0.000e+00
      32472   1352.958     15.163     15.259    29.5608    29.5615   5.947105   5.947283     3.1697     2.6764      63.32   23.15660  -88.00126    0.00103   -0.00060          7  0.000e+00
      32473   1353.000     15.115     15.212    29.5605    29.5617   5.947049   5.947266     3.1697     2.6764      63.35   23.15660  -88.00126    0.00103   -0.00064          7  0.000e+00
      32474   1353.042     15.156     15.252    29.5606    29.5617   5.947065   5.947283     3.1697     2.6764      63.35   23.15660  -88.00126    0.00104   -0.00067          7  0.000e+00
      32475   1353.083     15.163     15.259    29.5604    29.5615   5.947073   5.947250     3.1697     2.6752      63.35   23.15660  -88.00126    0.00104   -0.00072          7  0.000e+00
      32476   1353.125     15.163     15.259    29.5608    29.5615   5.947073   5.947291     3.1697     2.6752      63.32   23.15660  -88.00126    0.00104   -0.00075          7  0.000e+00
      32477   1353.167     15.163     15.259    29.5608    29.5617   5.947009   5.947291     3.1697     2.6752      63.35   23.15660  -88.00126    0.00104   -0.00078          7  0.000e+00
      32478   1353.208     15.108     15.205    29.5608    29.5619   5.947009   5.947299     3.1697     2.6752      63.35   23.15660  -88.00126    0.00106   -0.00081          7  0.000e+00
      32479   1353.250     15.163     15.259    29.5606    29.5617   5.947065   5.947291     3.1697     2.6752      63.32   23.15660  -88.00126    0.00108   -0.00084          7  0.000e+00
      32480   1353.292     15.163     15.259    29.5606    29.5615   5.947081   5.947299     3.1685     2.6752      63.32   23.15660  -88.00126    0.00106   -0.00086          7  0.000e+00
      32481   1353.333     15.115     15.212    29.5606    29.5617   5.947001   5.947291     3.1697     2.6752      63.35   23.15660  -88.00126    0.00106   -0.00086          7  0.000e+00
      32482   1353.375     15.163     15.259    29.5605    29.5617   5.947017   5.947291     3.1697     2.6764      63.32   23.15660  -88.00126    0.00106   -0.00085          7  0.000e+00
      32483   1353.417     15.156     15.252    29.5608    29.5619   5.947033   5.947299     3.1697     2.6764      63.32   23.15660  -88.00126    0.00106   -0.00083          7  0.000e+00
      32484   1353.458     15.163     15.259    29.5606    29.5615   5.947057   5.947291     3.1697     2.6764      63.35   23.15660  -88.00126    0.00106   -0.00081          7  0.000e+00
      32485   1353.500     15.163     15.259    29.5610    29.5617   5.947041   5.947339     3.1697     2.6764      63.35   23.15660  -88.00126    0.00106   -0.00081          7  0.000e+00
      32486   1353.542     15.115     15.212    29.5610    29.5619   5.947057   5.947266     3.1697     2.6764      63.35   23.15660  -88.00126    0.00105   -0.00081          7  0.000e+00
      32487   1353.583     15.156     15.252    29.5608    29.5615   5.947041   5.947291     3.1685     2.6764      63.35   23.15660  -88.00126    0.00103   -0.00080          7  0.000e+00
      32488   1353.625     15.115     15.212    29.5608    29.5617   5.947065   5.947258     3.1685     2.6777      63.35   23.15660  -88.00126    0.00101   -0.00078          7  0.000e+00
      32489   1353.667     15.163     15.259    29.5606    29.5619   5.947033   5.947275     3.1685     2.6777      63.35   23.15660  -88.00126    0.00097   -0.00075          7  0.000e+00
      32490   1353.708     15.163     15.259    29.5608    29.5617   5.946993   5.947266     3.1685     2.6777      63.35   23.15660  -88.00126    0.00093   -0.00073          7  0.000e+00
      32491   1353.750     15.156     15.252    29.5605    29.5617   5.947057   5.947283     3.1685     2.6777      63.35   23.15660  -88.00126    0.00091   -0.00070          7  0.000e+00
      32492   1353.792     15.115     15.212    29.5608    29.5619   5.947073   5.947266     3.1685     2.6777      63.35   23.15660  -88.00126    0.00086   -0.00067          7  0.000e+00
      32493   1353.833     15.163     15.259    29.5606    29.5615   5.947041   5.947315     3.1685     2.6777      63.32   23.15660  -88.00126    0.00082   -0.00064          7  0.000e+00
      32494   1353.875     15.163     15.259    29.5608    29.5621   5.947033   5.947315     3.1685     2.6789      63.35   23.15660  -88.00126    0.00080   -0.00059          7  0.000e+00
      35762   1490.042      3.664      3.687    29.7063    29.7073   5.964096   5.964392     3.1746     2.6862      74.55   23.15664  -88.00128    0.00101    0.00153          8  0.000e+00
      35763   1490.083      3.813      3.837    29.7062    29.7073   5.964096   5.964409     3.1746     2.6862      74.55   23.15664  -88.00128    0.00101    0.00157          8  0.000e+00
      35764   1490.125      3.711      3.735    29.7065    29.7079   5.964056   5.964392     3.1746     2.6862      74.55   23.15664  -88.00128    0.00102    0.00160          8  0.000e+00
      35765   1490.167      3.759      3.783    29.7062    29.7081   5.964048   5.964384     3.1746     2.6862      74.55   23.15664  -88.00128    0.00103    0.00163          8  0.000e+00
      35766   1490.208      3.664      3.687    29.7063    29.7082   5.964008   5.964417     3.1734     2.6862      74.55   23.15664  -88.00128    0.00101    0.00167          8  0.000e+00
