GOMECC/GOMECC-4/1db/rb2103_0871.cnv
* Sea-Bird SBE 9 Data File:
* FileName = C:\Users\scs.user.rb\CTD\GOMECC4\data\rb2103_0871.hex
* Software Version Seasave V 7.26.7.107
* Temperature SN = 4799
* Conductivity SN = 3860
* Number of Bytes Per Scan = 41
* Number of Voltage Words = 4
* Number of Scans Averaged by the Deck Unit = 1
* NMEA Latitude = 19 36.52 N
* NMEA Longitude = 093 30.02 W
* NMEA UTC (Time) = Oct 08 2021  13:21:27
* NMEA baud rate = 4800
# nquan = 28
# nvalues = 558                         
# units = specified
# name 0 = scan: Scan Count
# name 1 = timeS: Time, Elapsed [seconds]
# name 2 = depSM: Depth [salt water, m]
# name 3 = prDM: Pressure, Digiquartz [db]
# name 4 = t090C: Temperature [ITS-90, deg C]
# name 5 = t190C: Temperature, 2 [ITS-90, deg C]
# name 6 = c0S/m: Conductivity [S/m]
# name 7 = c1S/m: Conductivity, 2 [S/m]
# name 8 = sbeox0V: Oxygen raw, SBE 43 [V]
# name 9 = sbeox1V: Oxygen raw, SBE 43, 2 [V]
# name 10 = altM: Altimeter [m]
# name 11 = latitude: Latitude [deg]
# name 12 = longitude: Longitude [deg]
# name 13 = sbox0dV/dT: Oxygen, SBE 43 [dov/dt]
# name 14 = sbox1dV/dT: Oxygen, SBE 43, 2 [dov/dt]
# name 15 = sbeox0ML/L: Oxygen, SBE 43 [ml/l], WS = 5
# name 16 = sbeox1ML/L: Oxygen, SBE 43, 2 [ml/l], WS = 5
# name 17 = potemp090C: Potential Temperature [ITS-90, deg C]
# name 18 = potemp190C: Potential Temperature, 2 [ITS-90, deg C]
# name 19 = sal00: Salinity, Practical [PSU]
# name 20 = sal11: Salinity, Practical, 2 [PSU]
# name 21 = sigma-é00: Density [sigma-theta, kg/m^3]
# name 22 = sigma-é11: Density, 2 [sigma-theta, kg/m^3]
# name 23 = avgsvCM: Average Sound Velocity [Chen-Millero, m/s], minP = 20, minS = 20
# name 24 = sbox0Mm/Kg: Oxygen, SBE 43 [umol/kg], WS = 5
# name 25 = sbox1Mm/Kg: Oxygen, SBE 43, 2 [umol/kg], WS = 5
# name 26 = nbin: number of scans per bin
# name 27 = flag: flag
# span 0 =      11571,     289965       
# span 1 =    482.066,  12080.850       
# span 2 =      0.994,   1069.657       
# span 3 =      1.000,   1079.000       
# span 4 =     5.7479,   733.3795       
# span 5 =     5.7482,   733.3628       
# span 6 =   3.448979, 143.711076       
# span 7 =   3.449236, 143.702677       
# span 8 =     1.5673,    77.4810       
# span 9 =     1.2714,    65.4473       
# span 10 =      10.22,    2494.23      
# span 11 =   19.22188,  489.09019      
# span 12 =-2332.12115,  -91.65536      
# span 13 =   -0.04472,    0.02501      
# span 14 =   -0.04320,    0.01656      
# span 15 =     2.3797,   107.0731      
# span 16 =     2.3936,   106.5382      
# span 17 =     5.6509,   733.3536      
# span 18 =     5.6512,   733.3369      
# span 19 =    34.2446,   871.2106      
# span 20 =    34.2458,   871.1649      
# span 21 =    21.4479,   545.6343      
# span 22 =    21.4484,   545.6059      
# span 23 =       0.00,    1545.39      
# span 24 =    103.478,   4679.510      
# span 25 =    104.082,   4656.149      
# span 26 =         30,         74      
# span 27 = 0.0000e+00, 0.0000e+00      
# interval = decibars: 1                
# start_time = Oct 08 2021 13:21:27 [NMEA time, header]
# bad_flag = -9.990e-29
*END*
[from data line 52]
      14759    614.903     59.626     60.000    20.6920    20.6927   5.042482   5.042763     2.1831     1.8176     100.00   19.60883  -93.50052   -0.01924   -0.01750     3.0828     3.0850    20.6806    20.6812    36.4393    36.4411    25.6773    25.6784    1537.15    134.233    134.328         34 0.0000e+00
      14796    616.439     60.620     61.000    20.6822    20.6850   5.041676   5.042065     2.1742     1.8134     100.00   19.60884  -93.50052   -0.01210   -0.00845     3.0650     3.0761    20.6706    20.6733    36.4401    36.4415    25.6806    25.6809    1536.97    133.457    133.937         47 0.0000e+00
      14852    618.808     61.613     62.000    20.6245    20.6294   5.036693   5.037294     2.1626     1.8021      81.68   19.60884  -93.50052   -0.00467   -0.00333     3.0442     3.0533    20.6127    20.6176    36.4496    36.4502    25.7035    25.7027    1536.79    132.546    132.941         53 0.0000e+00
      14891    620.428     62.607     63.000    20.5498    20.5530   5.031534   5.031947     2.1446     1.7838      99.72   19.60884  -93.50052   -0.00692   -0.00683     3.0104     3.0149    20.5379    20.5410    36.4714    36.4720    25.7404    25.7400    1536.61    131.069    131.267         35 0.0000e+00
      14933    622.185     63.601     64.000    20.4615    20.4661   5.023820   5.024442     2.1035     1.7433     100.00   19.60884  -93.50052   -0.01543   -0.01543     2.9288     2.9256    20.4494    20.4540    36.4841    36.4853    25.7740    25.7736    1536.43    127.513    127.376         50 0.0000e+00
      14982    624.212     64.594     65.000    20.3539    20.3588   5.012093   5.012760     2.0614     1.7064      99.90   19.60884  -93.50052   -0.02235   -0.02124     2.8462     2.8458    20.3417    20.3465    36.4808    36.4820    25.8004    25.8001    1536.26    123.912    123.895         45 0.0000e+00
      15028    626.140     65.588     66.000    20.2954    20.2974   5.006057   5.006430     2.0327     1.6820      99.73   19.60884  -93.50052   -0.01808   -0.01519     2.7886     2.7926    20.2830    20.2850    36.4815    36.4828    25.8168    25.8172    1536.09    121.405    121.578         46 0.0000e+00
      15070    627.862     66.582     67.000    20.2626    20.2641   5.003229   5.003562     2.0149     1.6657     100.00   19.60884  -93.50052   -0.01315   -0.01148     2.7528     2.7564    20.2500    20.2515    36.4863    36.4878    25.8293    25.8300    1535.92    119.846    120.002         38 0.0000e+00
      15113    629.660     67.575     68.000    20.2339    20.2355   5.000240   5.000595     1.9994     1.6534      96.13   19.60884  -93.50052   -0.01011   -0.00887     2.7218     2.7295    20.2212    20.2228    36.4863    36.4878    25.8370    25.8377    1535.76    118.494    118.829         52 0.0000e+00
      15165    631.815     68.569     69.000    20.2136    20.2146   4.998025   4.998297     1.9956     1.6536      86.72   19.60884  -93.50052   -0.00511   -0.00331     2.7152     2.7313    20.2007    20.2017    36.4853    36.4867    25.8417    25.8425    1535.60    118.206    118.907         44 0.0000e+00
      15205    633.481     69.562     70.000    20.1489    20.1517   4.992437   4.992836     1.9961     1.6549      99.86   19.60884  -93.50054   -0.00055    0.00098     2.7192     2.7366    20.1358    20.1385    36.4950    36.4959    25.8664    25.8664    1535.44    118.378    119.133         41 0.0000e+00
      15248    635.297     70.556     71.000    20.1196    20.1233   4.990160   4.990665     1.9779     1.6339     100.00   19.60884  -93.50054   -0.00355   -0.00393     2.6828     2.6901    20.1063    20.1100    36.5014    36.5023    25.8792    25.8789    1535.29    116.794    117.109         47 0.0000e+00
      15297    637.350     71.549     72.000    20.0534    20.0558   4.983848   4.984263     1.9485     1.6056      70.34   19.60884  -93.50052   -0.01261   -0.01311     2.6237     2.6274    20.0400    20.0424    36.5065    36.5078    25.9008    25.9011    1535.14    114.218    114.377         48 0.0000e+00
      15340    639.126     72.543     73.000    19.9704    19.9759   4.975344   4.976023     1.9310     1.5904      99.69   19.60884  -93.50052   -0.01279   -0.01194     2.5909     2.5958    19.9569    19.9623    36.5081    36.5090    25.9241    25.9233    1534.99    112.784    112.999         40 0.0000e+00
      15385    640.992     73.537     74.000    19.9010    19.9039   4.968192   4.968658     1.9162     1.5786     100.00   19.60884  -93.50052   -0.00907   -0.00780     2.5630     2.5716    19.8873    19.8902    36.5090    36.5104    25.9433    25.9435    1534.84    111.571    111.945         47 0.0000e+00
      15429    642.830     74.530     75.000    19.8525    19.8581   4.962908   4.963670     1.9060     1.5686     100.00   19.60884  -93.50053   -0.00719   -0.00612     2.5441     2.5511    19.8386    19.8442    36.5072    36.5086    25.9548    25.9544    1534.70    110.744    111.050         44 0.0000e+00
      15476    644.799     75.524     76.000    19.7766    19.7821   4.954594   4.955342     1.9008     1.5661     100.00   19.60884  -93.50054   -0.00406   -0.00321     2.5370     2.5489    19.7626    19.7681    36.5041    36.5055    25.9725    25.9721    1534.55    110.434    110.954         49 0.0000e+00
      15520    646.639     76.517     77.000    19.7029    19.7104   4.946763   4.947707     1.8964     1.5632     100.00   19.60884  -93.50054   -0.00247   -0.00133     2.5316     2.5457    19.6888    19.6962    36.5031    36.5044    25.9912    25.9902    1534.42    110.198    110.810         38 0.0000e+00
      15562    648.386     77.511     78.000    19.6371    19.6426   4.939706   4.940426     1.8936     1.5610      82.69   19.60884  -93.50054   -0.00208   -0.00150     2.5291     2.5441    19.6227    19.6283    36.5016    36.5028    26.0074    26.0068    1534.27    110.086    110.741         52 0.0000e+00
      15615    650.582     78.504     79.000    19.5658    19.5693   4.932177   4.932701     1.8870     1.5517     101.14   19.60884  -93.50054   -0.00215   -0.00250     2.5188     2.5263    19.5513    19.5548    36.5010    36.5022    26.0257    26.0257    1534.14    109.638    109.962         43 0.0000e+00
      15650    652.043     79.498     80.000    19.5360    19.5387   4.929019   4.929443     1.8809     1.5480     100.00   19.60884  -93.50054   -0.00345   -0.00374     2.5074     2.5190    19.5214    19.5241    36.5003    36.5015    26.0330    26.0332    1533.99    109.141    109.644         34 0.0000e+00
      15695    653.904     80.491     81.000    19.4978    19.5027   4.924999   4.925697     1.8760     1.5440      84.47   19.60884  -93.50054   -0.00351   -0.00293     2.4991     2.5114    19.4830    19.4879    36.4999    36.5014    26.0428    26.0426    1533.86    108.777    109.311         60 0.0000e+00
      15750    656.228     81.485     82.000    19.4674    19.4729   4.921843   4.922553     1.8744     1.5420      91.99   19.60884  -93.50054   -0.00142   -0.00116     2.4973     2.5084    19.4524    19.4579    36.4998    36.5010    26.0507    26.0502    1533.73    108.699    109.180         40 0.0000e+00
      15783    657.579     82.478     83.000    19.4419    19.4436   4.919194   4.919507     1.8742     1.5420      99.74   19.60884  -93.50054   -0.00042   -0.00059     2.4985     2.5102    19.4268    19.4285    36.4997    36.5008    26.0573    26.0577    1533.60    108.751    109.258         33 0.0000e+00
      15830    659.527     83.472     84.000    19.4228    19.4240   4.917244   4.917521     1.8731     1.5405      98.66   19.60884  -93.50054   -0.00033   -0.00046     2.4976     2.5077    19.4075    19.4087    36.4998    36.5010    26.0624    26.0630    1533.47    108.708    109.148         60 0.0000e+00
      15880    661.644     84.465     85.000    19.3997    19.4045   4.914746   4.915359     1.8717     1.5404      93.98   19.60884  -93.50054   -0.00060   -0.00057     2.4970     2.5094    19.3842    19.3890    36.4989    36.4998    26.0678    26.0672    1533.35    108.681    109.221         38 0.0000e+00
      15918    663.225     85.459     86.000    19.2416    19.2451   4.897490   4.897986     1.8659     1.5333      99.91   19.60884  -93.50054   -0.00153   -0.00117     2.4886     2.4954    19.2260    19.2295    36.4914    36.4925    26.1032    26.1031    1533.24    108.315    108.610         41 0.0000e+00
      15963    665.073     86.452     87.000    19.1929    19.1955   4.892044   4.892450     1.8550     1.5228     100.00   19.60884  -93.50054   -0.00447   -0.00486     2.4707     2.4775    19.1772    19.1798    36.4896    36.4907    26.1144    26.1146    1533.09    107.534    107.827         47 0.0000e+00
      16011    667.082     87.446     88.000    19.1293    19.1332   4.884921   4.885463     1.8481     1.5186      96.65   19.60884  -93.50054   -0.00480   -0.00405     2.4591     2.4706    19.1135    19.1173    36.4853    36.4865    26.1277    26.1276    1532.97    107.028    107.528         49 0.0000e+00
      16057    669.016     88.439     89.000    19.0715    19.0743   4.878588   4.879025     1.8453     1.5160     100.06   19.60884  -93.50054   -0.00248   -0.00148     2.4562     2.4676    19.0555    19.0583    36.4826    36.4839    26.1406    26.1408    1532.85    106.898    107.395         42 0.0000e+00
      16097    670.658     89.433     90.000    18.9960    19.0001   4.870020   4.870541     1.8433     1.5132     100.00   19.60884  -93.50054   -0.00137   -0.00156     2.4558     2.4651    18.9798    18.9840    36.4767    36.4778    26.1556    26.1553    1532.73    106.880    107.285         40 0.0000e+00
      16141    672.491     90.426     91.000    18.9538    18.9555   4.865302   4.865626     1.8409     1.5128      80.08   19.60884  -93.50054   -0.00127   -0.00107     2.4532     2.4660    18.9374    18.9392    36.4738    36.4750    26.1642    26.1647    1532.60    106.766    107.323         47 0.0000e+00
      16190    674.541     91.420     92.000    18.9256    18.9279   4.862169   4.862553     1.8391     1.5114      99.54   19.60884  -93.50054   -0.00108   -0.00036     2.4508     2.4645    18.9091    18.9114    36.4719    36.4731    26.1701    26.1704    1532.48    106.663    107.259         49 0.0000e+00
      16233    676.332     92.413     93.000    18.8847    18.8872   4.857565   4.857953     1.8370     1.5096      99.99   19.60884  -93.50054   -0.00099   -0.00091     2.4487     2.4623    18.8681    18.8705    36.4687    36.4698    26.1781    26.1783    1532.36    106.570    107.162         40 0.0000e+00
      16276    678.104     93.407     94.000    18.8419    18.8443   4.852744   4.853107     1.8360     1.5082      63.87   19.60884  -93.50054   -0.00095   -0.00087     2.4490     2.4614    18.8251    18.8275    36.4653    36.4663    26.1866    26.1867    1532.25    106.581    107.120         41 0.0000e+00
      16309    679.517     94.400     95.000    18.8134    18.8147   4.849525   4.849798     1.8344     1.5069      99.91   19.60884  -93.50054   -0.00077   -0.00088     2.4472     2.4600    18.7965    18.7977    36.4630    36.4641    26.1921    26.1927    1532.13    106.504    107.058         30 0.0000e+00
      16340    680.794     95.394     96.000    18.7804    18.7833   4.845773   4.846181     1.8336     1.5079     100.00   19.60884  -93.50054   -0.00083   -0.00054     2.4473     2.4642    18.7633    18.7662    36.4600    36.4609    26.1984    26.1983    1532.02    106.508    107.242         32 0.0000e+00
      16374    682.215     96.387     97.000    18.7140    18.7170   4.838226   4.838665     1.8323     1.5072     100.00   19.60884  -93.50054   -0.00086    0.00010     2.4482     2.4659    18.6967    18.6998    36.4545    36.4555    26.2111    26.2111    1531.90    106.543    107.314         34 0.0000e+00
      16406    683.546     97.381     98.000    18.6671    18.6691   4.832909   4.833238     1.8318     1.5069      61.15   19.60884  -93.50054   -0.00078   -0.00018     2.4497     2.4678    18.6497    18.6518    36.4505    36.4515    26.2200    26.2202    1531.80    106.608    107.396         31 0.0000e+00
      16464    685.964     99.367    100.000    18.6218    18.6269   4.827433   4.828065     1.8322     1.5064      99.99   19.60662  -93.48997    0.00033   -0.00007     2.4537     2.4694    18.6041    18.6092    36.4420    36.4428    26.2248    26.2241    1531.40    106.783    107.463         31 0.0000e+00
      16499    687.405    100.361    101.000    18.4601    18.4598   4.809151   4.809691     1.8300     1.5051     100.00   19.60884  -93.50054   -0.00049   -0.00047     2.4581     2.4752    18.4424    18.4420    36.4308    36.4314    26.2575    26.2580    1531.46    106.970    107.713         35 0.0000e+00
      16533    688.830    101.354    102.000    18.3973    18.3998   4.801974   4.802350     1.8318     1.5067      99.52   19.60884  -93.50054   -0.00077   -0.00035     2.4649     2.4816    18.3794    18.3819    36.4251    36.4260    26.2690    26.2691    1531.35    107.265    107.993         33 0.0000e+00
      16622    692.546    104.334    105.000    18.2677    18.2691   4.786910   4.787206     1.8346     1.5082      99.99   19.60720  -93.49272    0.00072    0.00049     2.4787     2.4928    18.2493    18.2508    36.4095    36.4107    26.2895    26.2901    1530.90    107.862    108.477         34 0.0000e+00
      16658    694.046    105.328    106.000    18.2545    18.2560   4.785680   4.785956     1.8348     1.5090     100.00   19.60884  -93.50056    0.00040    0.00016     2.4800     2.4955    18.2359    18.2375    36.4113    36.4124    26.2946    26.2950    1530.92    107.920    108.596         35 0.0000e+00
      16692    695.456    106.321    107.000    18.2047    18.2080   4.779917   4.780284     1.8331     1.5084     100.00   19.60884  -93.50056   -0.00011    0.00015     2.4792     2.4965    18.1860    18.1896    36.4060    36.4070    26.3030    26.3032    1530.84    107.881    108.637         32 0.0000e+00
      16745    697.683    108.308    109.000    18.0665    18.0693   4.763193   4.763593     1.8297     1.5046      99.98   19.60403  -93.47759   -0.00131   -0.00102     2.4797     2.4951    18.0476    18.0504    36.3820    36.3829    26.3184    26.3185    1530.23    107.901    108.575         30 0.0000e+00
      16782    699.226    109.302    110.000    17.9949    17.9988   4.755490   4.756007     1.8293     1.5036     100.00   19.60884  -93.50056   -0.00108   -0.00139     2.4827     2.4965    17.9759    17.9798    36.3822    36.3831    26.3372    26.3369    1530.50    108.032    108.634         37 0.0000e+00
      16819    700.757    110.295    111.000    17.8322    17.8380   4.736326   4.737013     1.8279     1.5023     100.00   19.60884  -93.50055   -0.00066   -0.00087     2.4878     2.5018    17.8131    17.8189    36.3620    36.3627    26.3620    26.3612    1530.40    108.252    108.862         33 0.0000e+00
      16908    704.479    113.275    114.000    17.6425    17.6441   4.714205   4.714518     1.8255     1.5002     100.00   19.60825  -93.49775   -0.00053   -0.00080     2.4940     2.5073    17.6231    17.6246    36.3389    36.3403    26.3911    26.3917    1530.03    108.516    109.096         39 0.0000e+00
      16945    706.020    114.268    115.000    17.6255    17.6274   4.712341   4.712679     1.8242     1.5003     100.00   19.60884  -93.50056   -0.00059    0.00000     2.4922     2.5088    17.6059    17.6078    36.3380    36.3393    26.3947    26.3952    1529.98    108.441    109.161         32 0.0000e+00
      16996    708.114    116.255    117.000    17.5158    17.5175   4.698472   4.698759     1.8203     1.4971      99.97   19.60217  -93.46875   -0.00113   -0.00078     2.4896     2.5062    17.4959    17.4977    36.3114    36.3123    26.4002    26.4005    1529.25    108.324    109.046         30 0.0000e+00
