GOMECC/GOMECC-4/1db/rb2103_0321.cnv
* Sea-Bird SBE 9 Data File:
* FileName = C:\Users\scs.user.rb\CTD\GOMECC4\data\rb2103_0321.hex
* Software Version Seasave V 7.26.7.107
* Temperature SN = 4799
* Conductivity SN = 3860
* Number of Bytes Per Scan = 41
* Number of Voltage Words = 4
* Number of Scans Averaged by the Deck Unit = 1
* NMEA Latitude = 29 45.48 N
* NMEA Longitude = 087 02.49 W
* NMEA UTC (Time) = Sep 23 2021  20:34:47
* NMEA baud rate = 4800
# nquan = 28
# nvalues = 278                         
# units = specified
# name 0 = scan: Scan Count
# name 1 = timeS: Time, Elapsed [seconds]
# name 2 = depSM: Depth [salt water, m]
# name 3 = prDM: Pressure, Digiquartz [db]
# name 4 = t090C: Temperature [ITS-90, deg C]
# name 5 = t190C: Temperature, 2 [ITS-90, deg C]
# name 6 = c0S/m: Conductivity [S/m]
# name 7 = c1S/m: Conductivity, 2 [S/m]
# name 8 = sbeox0V: Oxygen raw, SBE 43 [V]
# name 9 = sbeox1V: Oxygen raw, SBE 43, 2 [V]
# name 10 = altM: Altimeter [m]
# name 11 = latitude: Latitude [deg]
# name 12 = longitude: Longitude [deg]
# name 13 = sbox0dV/dT: Oxygen, SBE 43 [dov/dt]
# name 14 = sbox1dV/dT: Oxygen, SBE 43, 2 [dov/dt]
# name 15 = sbeox0ML/L: Oxygen, SBE 43 [ml/l], WS = 5
# name 16 = sbeox1ML/L: Oxygen, SBE 43, 2 [ml/l], WS = 5
# name 17 = potemp090C: Potential Temperature [ITS-90, deg C]
# name 18 = potemp190C: Potential Temperature, 2 [ITS-90, deg C]
# name 19 = sal00: Salinity, Practical [PSU]
# name 20 = sal11: Salinity, Practical, 2 [PSU]
# name 21 = sigma-é00: Density [sigma-theta, kg/m^3]
# name 22 = sigma-é11: Density, 2 [sigma-theta, kg/m^3]
# name 23 = avgsvCM: Average Sound Velocity [Chen-Millero, m/s], minP = 20, minS = 20
# name 24 = sbox0Mm/Kg: Oxygen, SBE 43 [umol/kg], WS = 5
# name 25 = sbox1Mm/Kg: Oxygen, SBE 43, 2 [umol/kg], WS = 5
# name 26 = nbin: number of scans per bin
# name 27 = flag: flag
# span 0 =       7380,      53475       
# span 1 =    307.446,   2228.103       
# span 2 =      1.987,    200.531       
# span 3 =      2.000,    202.000       
# span 4 =    14.2756,    28.7328       
# span 5 =    14.2774,    28.7349       
# span 6 =   4.321640,   5.708637       
# span 7 =   4.321790,   5.708771       
# span 8 =     1.8271,     3.1823       
# span 9 =     1.5133,     2.7092       
# span 10 =      10.88,     102.32      
# span 11 =   29.38681,   30.47936      
# span 12 =  -89.15187,  -85.95614      
# span 13 =   -0.04532,    0.02314      
# span 14 =   -0.04103,    0.02553      
# span 15 =     2.7219,     4.5441      
# span 16 =     2.7575,     4.5581      
# span 17 =    14.2460,    28.7307      
# span 18 =    14.2477,    28.7328      
# span 19 =    33.0197,    36.5186      
# span 20 =    33.0202,    36.5148      
# span 21 =    20.9385,    26.7970      
# span 22 =    20.9385,    26.7952      
# span 23 =       0.00,    1560.70      
# span 24 =    118.387,    198.727      
# span 25 =    119.935,    199.336      
# span 26 =         30,         68      
# span 27 = 0.0000e+00, 0.0000e+00      
# interval = decibars: 1                
# start_time = Sep 23 2021 20:34:47 [NMEA time, header]
# bad_flag = -9.990e-29
*END*
       7380    307.446      3.973      4.000    28.0644    28.0648   5.406415   5.406490     3.1025     2.6420      12.80   29.75817  -87.04229    0.00041   -0.00058     4.4247     4.4403    28.0635    28.0639    33.4410    33.4413    21.2021    21.2022       0.00    193.505    194.188         41 0.0000e+00
       8476    353.116      4.966      5.000    28.0574    28.0599   5.405465   5.405742     3.1045     2.6412      28.03   29.75820  -87.04242    0.00030    0.00120     4.4297     4.4398    28.0562    28.0587    33.4391    33.4393    21.2031    21.2024       0.00    193.721    194.164         45 0.0000e+00
       8578    357.357      5.959      6.000    28.0580    28.0606   5.405532   5.405837     3.1061     2.6413      70.01   29.75820  -87.04243   -0.00035    0.00041     4.4331     4.4404    28.0566    28.0592    33.4388    33.4392    21.2027    21.2021       0.00    193.871    194.189         49 0.0000e+00
       8660    360.776      6.952      7.000    28.0595    28.0606   5.405722   5.405942     3.1040     2.6397      96.93   29.75822  -87.04244   -0.00056    0.00041     4.4296     4.4376    28.0578    28.0590    33.4388    33.4396    21.2023    21.2025       0.00    193.720    194.070         34 0.0000e+00
       8727    363.597      7.945      8.000    28.0636    28.0652   5.406527   5.407004     3.1022     2.6391      81.90   29.75822  -87.04244   -0.00092   -0.00017     4.4263     4.4365    28.0618    28.0633    33.4413    33.4435    21.2029    21.2041       0.00    193.574    194.019         43 0.0000e+00
       8788    366.138      8.939      9.000    28.0641    28.0659   5.406944   5.407511     3.1024     2.6403      99.09   29.75822  -87.04245   -0.00024    0.00027     4.4271     4.4394    28.0620    28.0638    33.4435    33.4462    21.2045    21.2059       0.00    193.610    194.145         38 0.0000e+00
       8846    368.542      9.932     10.000    28.0644    28.0658   5.407357   5.407711     3.1028     2.6385      80.47   29.75822  -87.04246    0.00027   -0.00039     4.4283     4.4362    28.0621    28.0634    33.4459    33.4474    21.2062    21.2069       0.00    193.663    194.007         68 0.0000e+00
       8900    370.810     10.925     11.000    28.0655    28.0664   5.408141   5.408190     3.1048     2.6397     100.22   29.75822  -87.04246    0.00071   -0.00025     4.4324     4.4391    28.0629    28.0638    33.4503    33.4500    21.2093    21.2088       0.00    193.839    194.134         37 0.0000e+00
       8948    372.806     11.918     12.000    28.0649    28.0659   5.407631   5.407808     3.1011     2.6384     100.00   29.75822  -87.04248   -0.00045    0.00038     4.4263     4.4370    28.0621    28.0631    33.4469    33.4474    21.2070    21.2071       0.00    193.572    194.043         62 0.0000e+00
       9009    375.331     12.911     13.000    28.0688    28.0704   5.410143   5.410452     3.1027     2.6375     100.00   29.75822  -87.04248   -0.00056   -0.00125     4.4291     4.4351    28.0658    28.0674    33.4614    33.4628    21.2167    21.2172       0.00    193.694    193.958         48 0.0000e+00
       9052    377.124     13.905     14.000    28.0703    28.0717   5.411510   5.412229     3.1043     2.6399     100.00   29.75822  -87.04248    0.00096    0.00077     4.4322     4.4402    28.0670    28.0685    33.4695    33.4734    21.2224    21.2249       0.00    193.827    194.177         47 0.0000e+00
       9109    379.493     14.898     15.000    28.0716    28.0731   5.413397   5.414108     3.1035     2.6396      89.76   29.75822  -87.04248    0.00038    0.00063     4.4309     4.4396    28.0681    28.0696    33.4813    33.4852    21.2309    21.2334       0.00    193.770    194.152         57 0.0000e+00
       9156    381.439     15.891     16.000    28.0727    28.0738   5.414676   5.414774     3.1027     2.6371      99.27   29.75823  -87.04248   -0.00059   -0.00115     4.4296     4.4349    28.0690    28.0700    33.4892    33.4891    21.2365    21.2361       0.00    193.711    193.946         44 0.0000e+00
       9208    383.641     16.884     17.000    28.0774    28.0783   5.419125   5.419096     3.1012     2.6380      93.17   29.75823  -87.04249   -0.00079    0.00071     4.4265     4.4362    28.0735    28.0743    33.5164    33.5166    21.2556    21.2554       0.00    193.573    193.997         59 0.0000e+00
       9260    385.781     17.877     18.000    28.0854    28.0860   5.424362   5.424323     3.1009     2.6351      60.08   29.75824  -87.04250    0.00002   -0.00123     4.4249     4.4295    28.0812    28.0817    33.5470    33.5463    21.2760    21.2753       0.00    193.498    193.699         43 0.0000e+00
       9311    387.921     18.870     19.000    28.0917    28.0926   5.427445   5.427547     3.1029     2.6359      98.95   29.75824  -87.04250    0.00043   -0.00080     4.4283     4.4307    28.0873    28.0881    33.5636    33.5637    21.2865    21.2863       0.00    193.646    193.752         61 0.0000e+00
       9370    390.363     19.863     20.000    28.0997    28.1005   5.431930   5.432133     3.1026     2.6401     100.00   29.75824  -87.04250    0.00018    0.00080     4.4271     4.4388    28.0950    28.0958    33.5889    33.5889    21.3030    21.3027     709.97    193.588    194.101         41 0.0000e+00
       9410    392.047     20.856     21.000    28.1374    28.1390   5.447846   5.448289     3.1005     2.6346     100.00   29.75824  -87.04250   -0.00058    0.00012     4.4180     4.4213    28.1324    28.1340    33.6723    33.6742    21.3534    21.3544    1475.31    193.182    193.327         46 0.0000e+00
       9469    394.504     21.850     22.000    28.1859    28.1854   5.467489   5.467091     3.0965     2.6317     100.00   29.75824  -87.04251   -0.00148   -0.00249     4.4055     4.4118    28.1807    28.1802    33.7740    33.7716    21.4141    21.4124    1540.42    192.625    192.901         54 0.0000e+00
       9511    396.253     22.843     23.000    28.2414    28.2456   5.492451   5.496863     3.0963     2.6328     100.00   29.75824  -87.04252   -0.00109    0.00007     4.3980     4.4065    28.2360    28.2403    33.9074    33.9303    21.4962    21.5099    1540.44    192.282    192.651         37 0.0000e+00
       9563    398.405     23.836     24.000    28.3008    28.3024   5.514010   5.514444     3.0949     2.6322      87.79   29.75825  -87.04252   -0.00037   -0.00061     4.3886     4.3988    28.2951    28.2967    34.0142    34.0160    21.5571    21.5579    1540.47    191.859    192.304         62 0.0000e+00
       9617    400.658     24.829     25.000    28.3456    28.3447   5.529166   5.528342     3.0977     2.6324     100.31   29.75826  -87.04252   -0.00005    0.00036     4.3890     4.3955    28.3397    28.3387    34.0868    34.0818    21.5970    21.5936    1540.51    191.869    192.152         42 0.0000e+00
       9660    402.451     25.822     26.000    28.3843    28.3860   5.554425   5.555301     3.1024     2.6376     100.00   29.75826  -87.04252    0.00201    0.00164     4.3917     4.3998    28.3781    28.3799    34.2339    34.2387    21.6949    21.6979    1540.56    191.968    192.322         52 0.0000e+00
       9722    405.043     26.815     27.000    28.3758    28.3774   5.617929   5.617894     3.1042     2.6367     100.00   29.75826  -87.04252    0.00165    0.00081     4.3854     4.3889    28.3669    28.3710    34.6828    34.6817    22.0358    22.0347    1540.62    191.629    191.783         51 0.0000e+00
       9761    406.669     27.808     28.000    28.4549    28.4540   5.685240   5.685081     3.1098     2.6450     100.00   29.75826  -87.04253    0.00102    0.00164     4.3798     4.3900    28.4482    28.4474    35.0904    35.0900    22.3153    22.3153    1540.68    191.331    191.777         39 0.0000e+00
       9814    408.877     28.801     29.000    28.5127    28.5121   5.708637   5.708771     3.0868     2.6159     100.00   29.75826  -87.04254   -0.00333   -0.00515     4.3311     4.3246    28.5057    28.5052    35.2101    35.2114    22.3863    22.3874    1540.77    189.194    188.909         63 0.0000e+00
       9871    411.242     29.794     30.000    28.3197    28.3215   5.685864   5.685571     3.0704     2.6061     100.00   29.75826  -87.04254   -0.01188   -0.00911     4.3158     4.3191    28.3162    28.3144    35.1919    35.1912    22.4351    22.4352    1540.84    188.515    188.657         43 0.0000e+00
       9916    413.104     30.787     31.000    28.0173    28.0182   5.646985   5.647201     3.0993     2.6408     100.00   29.75826  -87.04254    0.00449    0.00591     4.4038     4.4187    28.0065    28.0108    35.1497    35.1508    22.5051    22.5058    1540.89    192.344    192.997         52 0.0000e+00
       9972    415.476     31.780     32.000    27.9570    27.9574   5.643439   5.643690     3.1181     2.6558      88.33   29.75826  -87.04254    0.01236    0.01313     4.4338     4.4486    27.9505    27.9499    35.1667    35.1678    22.5362    22.5368    1540.92    193.650    194.294         55 0.0000e+00
      10021    417.515     32.773     33.000    27.9289    27.9305   5.643573   5.644028     3.1194     2.6545     100.08   29.75826  -87.04255    0.00372    0.00175     4.4388     4.4480    27.9211    27.9227    35.1891    35.1912    22.5626    22.5637    1540.96    193.864    194.263         45 0.0000e+00
      10069    419.502     33.766     34.000    27.8902    27.8901   5.649587   5.649748     3.1109     2.6473     100.00   29.75826  -87.04256   -0.00153   -0.00180     4.4249     4.4350    27.8822    27.8822    35.2601    35.2613    22.6288    22.6296    1540.98    193.244    193.686         54 0.0000e+00
      10125    421.820     34.760     35.000    27.8723    27.8734   5.653445   5.653766     3.1054     2.6482      99.88   29.75826  -87.04256   -0.00402   -0.00201     4.4151     4.4377    27.8640    27.8651    35.3024    35.3037    22.6665    22.6671    1541.01    192.810    193.797         51 0.0000e+00
      10174    423.867     35.753     36.000    27.8753    27.8765   5.661925   5.662191     3.1028     2.6390     100.00   29.75827  -87.04256   -0.00156   -0.00136     4.4096     4.4176    27.8669    27.8681    35.3575    35.3585    22.7070    22.7073    1541.04    192.563    192.910         52 0.0000e+00
      10227    426.076     36.746     37.000    27.8257    27.8265   5.664578   5.664858     3.0808     2.6187     100.00   29.75828  -87.04256   -0.00534   -0.00726     4.3721     4.3787    27.8170    27.8178    35.4132    35.4146    22.7652    22.7660    1541.07    190.912    191.201         52 0.0000e+00
      10276    428.106     37.739     38.000    27.7524    27.7544   5.664485   5.664760     3.0507     2.5895     100.00   29.75828  -87.04256   -0.01302   -0.01159     4.3210     4.3229    27.7435    27.7455    35.4676    35.4681    22.8301    22.8298    1541.09    188.669    188.753         47 0.0000e+00
      10326    430.210     38.732     39.000    27.6511    27.6530   5.663543   5.663827     2.9754     2.5073     100.00   29.75828  -87.04256   -0.02411   -0.02619     4.1880     4.1605    27.6420    27.6439    35.5373    35.5379    22.9156    22.9154    1541.11    182.844    181.645         54 0.0000e+00
      10379    432.414     39.725     40.000    27.5821    27.5844   5.660288   5.660660     2.9036     2.4552     100.00   29.75828  -87.04256   -0.03838   -0.03459     4.0622     4.0548    27.5763    27.5752    35.5637    35.5648    22.9568    22.9569    1541.12    177.349    177.026         51 0.0000e+00
      10429    434.497     40.718     41.000    27.4898    27.4915   5.652252   5.652508     2.9410     2.5060     100.00   29.75828  -87.04256   -0.00700    0.00257     4.1358     4.1689    27.4803    27.4820    35.5793    35.5798    22.9996    22.9994    1541.13    180.554    181.996         48 0.0000e+00
      10479    436.597     41.711     42.000    27.3850    27.3876   5.648511   5.648844     2.9841     2.5409     100.00   29.75828  -87.04256    0.02157    0.02267     4.2233     4.2474    27.3752    27.3779    35.6323    35.6327    23.0735    23.0729    1541.14    184.358    185.410         58 0.0000e+00
      10538    439.054     42.704     43.000    27.2112    27.2141   5.637996   5.638384     3.0021     2.5536      80.96   29.75828  -87.04258    0.01160    0.00887     4.2692     4.2853    27.2013    27.2042    35.6900    35.6905    23.1729    23.1724    1541.14    186.346    187.046         49 0.0000e+00
      10579    440.748     43.697     44.000    27.0585    27.0612   5.625397   5.625776     3.0120     2.5666      99.59   29.75828  -87.04258    0.00528    0.00458     4.2992     4.3230    27.0484    27.0511    35.7168    35.7174    23.2423    23.2419    1541.14    187.641    188.681         41 0.0000e+00
      10633    442.999     44.690     45.000    26.8753    26.8769   5.611609   5.611941     3.0312     2.5807     100.00   29.75828  -87.04258    0.00736    0.00745     4.3497     4.3652    26.8650    26.8666    35.7587    35.7599    23.3325    23.3329    1541.12    189.827    190.505         63 0.0000e+00
      10687    445.246     45.683     46.000    26.8142    26.8160   5.609312   5.609653     3.0319     2.5811      78.69   29.75828  -87.04258    0.00456    0.00204     4.3550     4.3702    26.8037    26.8055    35.7891    35.7901    23.3750    23.3752    1541.11    190.052    190.715         47 0.0000e+00
      10735    447.251     46.676     47.000    26.7515    26.7526   5.608107   5.608392     3.0265     2.5739     100.24   29.75828  -87.04258   -0.00108   -0.00147     4.3493     4.3595    26.7408    26.7418    35.8286    35.8298    23.4249    23.4254    1541.09    189.796    190.240         48 0.0000e+00
      10784    449.297     47.669     48.000    26.6814    26.6830   5.608767   5.608986     3.0183     2.5699      99.87   29.75828  -87.04258   -0.00390   -0.00335     4.3369     4.3529    26.6674    26.6721    35.8912    35.8921    23.4954    23.4955    1541.07    189.242    189.940         55 0.0000e+00
      10843    451.737     48.662     49.000    26.3840    26.3880   5.587996   5.588446     2.9686     2.5234     100.01   29.75828  -87.04258   -0.01359   -0.01227     4.2663     4.2782    26.3731    26.3769    35.9683    35.9684    23.6467    23.6456    1541.04    186.129    186.650         53 0.0000e+00
      10887    453.604     49.655     50.000    26.0794    26.1083   5.580591   5.580096     2.9609     2.5222     100.00   29.75828  -87.04258   -0.01525   -0.01222     4.2615     4.2863    26.1592    26.0974    36.0818    36.0809    23.7998    23.8003    1541.01    185.895    186.976         42 0.0000e+00
      10937    455.653     50.648     51.000    25.7271    25.7286   5.539054   5.539423     2.9431     2.5009     100.00   29.75828  -87.04258   -0.00507   -0.00437     4.2649     4.2753    25.7164    25.7173    36.1267    36.1284    23.9722    23.9730    1540.95    186.012    186.466         57 0.0000e+00
      10991    457.936     51.641     52.000    25.5659    25.5696   5.524942   5.525424     2.9090     2.4683     100.00   29.75829  -87.04259   -0.01417   -0.01449     4.2110     4.2178    25.5544    25.5581    36.1504    36.1510    24.0403    24.0396    1540.90    183.652    183.947         52 0.0000e+00
      11042    460.041     52.633     53.000    25.1843    25.1896   5.495029   5.495636     2.8800     2.4520     100.00   29.75830  -87.04260   -0.01473   -0.01093     4.1835     4.2086    25.1727    25.1780    36.2334    36.2337    24.2208    24.2193    1540.83    182.418    183.512         49 0.0000e+00
      11091    462.095     53.627     54.000    24.8205    24.8235   5.463820   5.464284     2.8675     2.4428      67.73   29.75830  -87.04260   -0.00913   -0.00544     4.1863     4.2143    24.8088    24.8118    36.2926    36.2936    24.3767    24.3767    1540.76    182.509    183.733         51 0.0000e+00
