GOMECC/GOMECC-4/1db/rb2103_0451.ros
* Sea-Bird SBE 9 Data File:
* FileName = C:\Users\scs.user.rb\CTD\GOMECC4\data\rb2103_0451.hex
* Software Version Seasave V 7.26.7.107
* Temperature SN = 4799
* Conductivity SN = 3860
* Number of Bytes Per Scan = 41
* Number of Voltage Words = 4
* Number of Scans Averaged by the Deck Unit = 1
* NMEA Latitude = 28 56.09 N
* NMEA Longitude = 090 07.39 W
* NMEA UTC (Time) = Sep 26 2021  12:09:32
* NMEA baud rate = 4800
# nquan = 17
# nvalues = 931                                   
# units = specified
# name 0 = scan: Scan Count
# name 1 = timeS: Time, Elapsed [seconds]
# name 2 = depSM: Depth [salt water, m]
# name 3 = prDM: Pressure, Digiquartz [db]
# name 4 = t090C: Temperature [ITS-90, deg C]
# name 5 = t190C: Temperature, 2 [ITS-90, deg C]
# name 6 = c0S/m: Conductivity [S/m]
# name 7 = c1S/m: Conductivity, 2 [S/m]
# name 8 = sbeox0V: Oxygen raw, SBE 43 [V]
# name 9 = sbeox1V: Oxygen raw, SBE 43, 2 [V]
# name 10 = altM: Altimeter [m]
# name 11 = latitude: Latitude [deg]
# name 12 = longitude: Longitude [deg]
# name 13 = sbox0dV/dT: Oxygen, SBE 43 [dov/dt]
# name 14 = sbox1dV/dT: Oxygen, SBE 43, 2 [dov/dt]
# name 15 = nbf: Bottles Fired
# name 16 = flag:  0.000e+00
# interval = seconds: 0.0416667
# start_time = Sep 26 2021 12:09:32 [NMEA time, header]
# bad_flag = -9.990e-29
*END*
[from data line 426]
      26612   1108.792      9.978     10.046    26.7239    26.7424   4.306090   4.313303     3.3407     2.8632      14.95   28.93804  -90.12924    0.00049    0.00006          4  0.000e+00
      26613   1108.833      9.993     10.061    26.7241    26.7426   4.306187   4.313324     3.3407     2.8620      14.95   28.93804  -90.12924    0.00051    0.00011          4  0.000e+00
      26614   1108.875      9.978     10.046    26.7239    26.7416   4.306299   4.313034     3.3394     2.8632      14.95   28.93804  -90.12924    0.00051    0.00017          4  0.000e+00
      26615   1108.917      9.993     10.061    26.7243    26.7419   4.306431   4.312625     3.3407     2.8632      14.92   28.93804  -90.12924    0.00051    0.00021          4  0.000e+00
      26616   1108.958      9.925      9.992    26.7245    26.7384   4.306410   4.311028     3.3407     2.8632      14.95   28.93804  -90.12924    0.00052    0.00028          4  0.000e+00
      26617   1109.000      9.993     10.061    26.7254    26.7333   4.306396   4.309029     3.3394     2.8632      14.95   28.93804  -90.12924    0.00050    0.00032          4  0.000e+00
      26618   1109.042      9.978     10.046    26.7252    26.7305   4.306341   4.307638     3.3407     2.8620      14.95   28.93804  -90.12924    0.00050    0.00036          4  0.000e+00
      26619   1109.083      9.993     10.061    26.7250    26.7272   4.306424   4.306508     3.3394     2.8620      14.95   28.93804  -90.12924    0.00049    0.00040          4  0.000e+00
      26620   1109.125      9.925      9.992    26.7252    26.7260   4.306717   4.305894     3.3407     2.8620      14.95   28.93804  -90.12924    0.00049    0.00044          4  0.000e+00
      26621   1109.167      9.993     10.061    26.7254    26.7258   4.307163   4.305922     3.3407     2.8620      14.95   28.93804  -90.12924    0.00049    0.00048          4  0.000e+00
      26622   1109.208      9.978     10.046    26.7254    26.7262   4.307288   4.306077     3.3407     2.8620      14.95   28.93804  -90.12924    0.00049    0.00052          4  0.000e+00
      26623   1109.250      9.993     10.061    26.7263    26.7269   4.307233   4.306310     3.3394     2.8608      14.95   28.93804  -90.12924    0.00048    0.00054          4  0.000e+00
      26624   1109.292      9.978     10.046    26.7274    26.7282   4.307156   4.306960     3.3394     2.8608      14.95   28.93804  -90.12924    0.00044    0.00056          4  0.000e+00
      26625   1109.333      9.940     10.008    26.7272    26.7318   4.306996   4.308054     3.3382     2.8608      14.95   28.93804  -90.12924    0.00039    0.00059          4  0.000e+00
      26626   1109.375      9.978     10.046    26.7270    26.7322   4.306954   4.308506     3.3382     2.8608      14.95   28.93804  -90.12924    0.00034    0.00061          4  0.000e+00
      26627   1109.417      9.993     10.061    26.7263    26.7329   4.307065   4.308817     3.3382     2.8608      14.95   28.93804  -90.12924    0.00029    0.00063          4  0.000e+00
      26628   1109.458      9.925      9.992    26.7264    26.7322   4.307274   4.308598     3.3394     2.8608      14.95   28.93804  -90.12924    0.00025    0.00065          4  0.000e+00
      26629   1109.500      9.993     10.061    26.7265    26.7304   4.307435   4.307991     3.3382     2.8608      14.95   28.93804  -90.12924    0.00020    0.00068          4  0.000e+00
      26630   1109.542      9.978     10.046    26.7267    26.7307   4.307560   4.307631     3.3382     2.8608      14.95   28.93804  -90.12924    0.00015    0.00070          4  0.000e+00
      26631   1109.583      9.993     10.061    26.7270    26.7300   4.307644   4.307482     3.3382     2.8608      14.95   28.93804  -90.12924    0.00009    0.00072          4  0.000e+00
      26632   1109.625      9.978     10.046    26.7279    26.7324   4.307665   4.308203     3.3382     2.8608      14.95   28.93804  -90.12924    0.00004    0.00074          4  0.000e+00
      26633   1109.667      9.940     10.008    26.7283    26.7360   4.307706   4.309884     3.3382     2.8608      14.95   28.93804  -90.12924   -0.00001    0.00076          4  0.000e+00
      26634   1109.708      9.978     10.046    26.7288    26.7382   4.307874   4.311021     3.3382     2.8608      14.95   28.93804  -90.12924   -0.00008    0.00079          4  0.000e+00
      26635   1109.750      9.993     10.061    26.7297    26.7393   4.308006   4.311586     3.3382     2.8608      14.95   28.93804  -90.12924   -0.00013    0.00081          4  0.000e+00
      26636   1109.792      9.978     10.046    26.7297    26.7402   4.308055   4.312194     3.3370     2.8608      14.95   28.93804  -90.12924   -0.00020    0.00083          4  0.000e+00
      26637   1109.833      9.993     10.061    26.7299    26.7412   4.308069   4.312526     3.3382     2.8608      14.95   28.93804  -90.12924   -0.00026    0.00085          4  0.000e+00
      26638   1109.875      9.978     10.046    26.7296    26.7416   4.308097   4.312752     3.3370     2.8620      14.95   28.93804  -90.12924   -0.00033    0.00089          4  0.000e+00
      26639   1109.917      9.993     10.061    26.7294    26.7424   4.308159   4.312943     3.3382     2.8608      14.95   28.93804  -90.12924   -0.00038    0.00091          4  0.000e+00
      26640   1109.958      9.978     10.046    26.7294    26.7422   4.308125   4.312936     3.3382     2.8620      14.95   28.93804  -90.12924   -0.00041    0.00095          4  0.000e+00
      26641   1110.000      9.993     10.061    26.7290    26.7422   4.307881   4.312886     3.3370     2.8620      14.97   28.93804  -90.12924   -0.00046    0.00099          4  0.000e+00
      26642   1110.042      9.925      9.992    26.7285    26.7417   4.307699   4.312745     3.3370     2.8608      14.97   28.93804  -90.12924   -0.00052    0.00101          4  0.000e+00
      26643   1110.083      9.993     10.061    26.7281    26.7409   4.307497   4.312300     3.3370     2.8608      14.97   28.93804  -90.12924   -0.00056    0.00103          4  0.000e+00
      26644   1110.125     10.031     10.099    26.7281    26.7390   4.307358   4.311473     3.3370     2.8608      14.97   28.93804  -90.12924   -0.00063    0.00106          4  0.000e+00
      26645   1110.167      9.940     10.008    26.7281    26.7367   4.307246   4.310647     3.3370     2.8596      14.97   28.93804  -90.12924   -0.00068    0.00106          4  0.000e+00
      26646   1110.208      9.978     10.046    26.7277    26.7378   4.307219   4.310710     3.3370     2.8596      14.97   28.93804  -90.12924   -0.00071    0.00106          4  0.000e+00
      26647   1110.250      9.993     10.061    26.7276    26.7394   4.307219   4.311332     3.3370     2.8596      14.97   28.93804  -90.12924   -0.00074    0.00107          4  0.000e+00
      26648   1110.292     10.031     10.099    26.7272    26.7398   4.307240   4.311508     3.3370     2.8596      14.97   28.93804  -90.12924   -0.00077    0.00107          4  0.000e+00
      26649   1110.333      9.978     10.046    26.7274    26.7382   4.307295   4.310957     3.3370     2.8584      14.97   28.93804  -90.12924   -0.00080    0.00106          4  0.000e+00
      26650   1110.375      9.993     10.061    26.7278    26.7363   4.307463   4.310067     3.3370     2.8584      14.97   28.93804  -90.12924   -0.00082    0.00105          4  0.000e+00
      26651   1110.417      9.978     10.046    26.7285    26.7362   4.307902   4.309997     3.3370     2.8584      14.97   28.93804  -90.12924   -0.00085    0.00104          4  0.000e+00
      26652   1110.458      9.993     10.061    26.7294    26.7373   4.308306   4.310329     3.3370     2.8571      14.97   28.93804  -90.12924   -0.00087    0.00099          4  0.000e+00
      26653   1110.500      9.978     10.046    26.7301    26.7378   4.308292   4.310576     3.3370     2.8559      14.97   28.93804  -90.12924   -0.00091    0.00093          4  0.000e+00
      26654   1110.542     10.053     10.122    26.7294    26.7394   4.308111   4.310894     3.3370     2.8571      14.97   28.93804  -90.12924   -0.00093    0.00089          4  0.000e+00
      26655   1110.583      9.978     10.046    26.7294    26.7400   4.308041   4.311092     3.3370     2.8571      14.97   28.93804  -90.12924   -0.00097    0.00084          4  0.000e+00
      26656   1110.625      9.993     10.061    26.7292    26.7403   4.308006   4.311198     3.3358     2.8559      14.97   28.93804  -90.12924   -0.00101    0.00077          4  0.000e+00
      26657   1110.667      9.978     10.046    26.7290    26.7389   4.307964   4.310816     3.3370     2.8559      14.97   28.93804  -90.12924   -0.00103    0.00069          4  0.000e+00
      26658   1110.708      9.993     10.061    26.7299    26.7378   4.308152   4.310209     3.3370     2.8559      14.97   28.93804  -90.12924   -0.00105    0.00061          4  0.000e+00
      26659   1110.750     10.031     10.099    26.7307    26.7380   4.308327   4.310244     3.3358     2.8547      14.97   28.93804  -90.12924   -0.00108    0.00050          4  0.000e+00
      26660   1110.792      9.940     10.007    26.7310    26.7388   4.308341   4.310632     3.3370     2.8559      14.97   28.93804  -90.12924   -0.00110    0.00041          4  0.000e+00
      26661   1110.833     10.031     10.099    26.7303    26.7394   4.308187   4.311007     3.3358     2.8547      14.97   28.93804  -90.12924   -0.00113    0.00030          4  0.000e+00
      26662   1110.875      9.993     10.061    26.7290    26.7396   4.307867   4.311183     3.3370     2.8535      14.95   28.93804  -90.12924   -0.00114    0.00016          4  0.000e+00
      26663   1110.917     10.031     10.099    26.7283    26.7401   4.307693   4.311261     3.3358     2.8547      14.95   28.93804  -90.12924   -0.00117    0.00003          4  0.000e+00
      26664   1110.958      9.940     10.007    26.7281    26.7400   4.307602   4.311261     3.3358     2.8559      14.97   28.93804  -90.12924   -0.00120   -0.00008          4  0.000e+00
      26665   1111.000     10.031     10.099    26.7281    26.7399   4.307560   4.311275     3.3346     2.8559      14.97   28.93804  -90.12924   -0.00125   -0.00015          4  0.000e+00
      26666   1111.042      9.993     10.061    26.7277    26.7391   4.307470   4.310972     3.3346     2.8559      14.97   28.93804  -90.12924   -0.00129   -0.00026          4  0.000e+00
      26667   1111.083      9.978     10.045    26.7274    26.7374   4.307288   4.310251     3.3358     2.8535      14.97   28.93804  -90.12924   -0.00131   -0.00042          4  0.000e+00
      26668   1111.125     10.053     10.122    26.7269    26.7366   4.307107   4.309926     3.3346     2.8535      14.97   28.93804  -90.12924   -0.00135   -0.00056          4  0.000e+00
      26669   1111.167      9.978     10.045    26.7266    26.7363   4.307065   4.309820     3.3370     2.8559      14.97   28.93804  -90.12924   -0.00135   -0.00065          4  0.000e+00
      26670   1111.208      9.993     10.061    26.7265    26.7358   4.307037   4.309601     3.3346     2.8559      14.97   28.93804  -90.12924   -0.00139   -0.00073          4  0.000e+00
      26671   1111.250     10.031     10.099    26.7265    26.7352   4.307030   4.309453     3.3358     2.8547      14.97   28.93804  -90.12924   -0.00139   -0.00086          4  0.000e+00
      26672   1111.292      9.993     10.061    26.7266    26.7362   4.307051   4.309658     3.3358     2.8535      14.97   28.93804  -90.12924   -0.00140   -0.00098          4  0.000e+00
      26673   1111.333      9.978     10.045    26.7270    26.7373   4.307121   4.309919     3.3346     2.8547      14.97   28.93804  -90.12924   -0.00144   -0.00108          4  0.000e+00
      26674   1111.375      9.993     10.061    26.7270    26.7371   4.307226   4.310004     3.3370     2.8547      14.97   28.93804  -90.12924   -0.00143   -0.00119          4  0.000e+00
      26675   1111.417      9.978     10.045    26.7274    26.7371   4.307274   4.309990     3.3346     2.8523      14.97   28.93804  -90.12924   -0.00146   -0.00132          4  0.000e+00
      26676   1111.458     10.053     10.122    26.7279    26.7362   4.307400   4.309834     3.3346     2.8547      14.97   28.93804  -90.12924   -0.00149   -0.00142          4  0.000e+00
      26677   1111.500      9.978     10.045    26.7292    26.7355   4.307658   4.309594     3.3358     2.8523      14.97   28.93804  -90.12924   -0.00149   -0.00156          4  0.000e+00
      26678   1111.542      9.993     10.061    26.7299    26.7360   4.308069   4.309672     3.3346     2.8535      14.97   28.93804  -90.12924   -0.00154   -0.00166          4  0.000e+00
      26679   1111.583     10.031     10.099    26.7305    26.7369   4.308682   4.309891     3.3358     2.8523      14.97   28.93804  -90.12924   -0.00154   -0.00179          4  0.000e+00
      26680   1111.625      9.993     10.061    26.7310    26.7367   4.309351   4.309877     3.3358     2.8535      14.97   28.93804  -90.12924   -0.00154   -0.00189          4  0.000e+00
      26681   1111.667      9.978     10.045    26.7324    26.7371   4.309797   4.309891     3.3346     2.8523      14.97   28.93804  -90.12924   -0.00156   -0.00200          4  0.000e+00
      26682   1111.708      9.993     10.061    26.7325    26.7374   4.309693   4.309933     3.3358     2.8535      14.97   28.93804  -90.12924   -0.00156   -0.00209          4  0.000e+00
      26683   1111.750      9.978     10.045    26.7321    26.7374   4.309268   4.309862     3.3358     2.8523      14.97   28.93804  -90.12924   -0.00158   -0.00220          4  0.000e+00
      26684   1111.792      9.993     10.061    26.7316    26.7375   4.308982   4.309898     3.3370     2.8547      14.97   28.93804  -90.12924   -0.00158   -0.00225          4  0.000e+00
      26685   1111.833      9.978     10.045    26.7312    26.7376   4.308835   4.309990     3.3346     2.8535      14.97   28.93804  -90.12924   -0.00161   -0.00232          4  0.000e+00
      26686   1111.875      9.993     10.061    26.7319    26.7377   4.308752   4.309961     3.3358     2.8535      14.97   28.93804  -90.12924   -0.00163   -0.00239          4  0.000e+00
      26687   1111.917     10.031     10.099    26.7321    26.7367   4.308710   4.309636     3.3358     2.8547      14.97   28.93804  -90.12924   -0.00162   -0.00244          4  0.000e+00
      26688   1111.958      9.993     10.061    26.7320    26.7355   4.308640   4.309283     3.3358     2.8523      14.97   28.93804  -90.12924   -0.00161   -0.00252          4  0.000e+00
      26689   1112.000      9.978     10.045    26.7315    26.7340   4.308543   4.308831     3.3358     2.8535      14.99   28.93804  -90.12924   -0.00162   -0.00259          4  0.000e+00
      26690   1112.042      9.993     10.061    26.7316    26.7335   4.308543   4.308605     3.3358     2.8559      14.99   28.93804  -90.12924   -0.00161   -0.00261          4  0.000e+00
      26691   1112.083      9.978     10.045    26.7314    26.7331   4.308640   4.308514     3.3370     2.8559      14.99   28.93804  -90.12924   -0.00159   -0.00262          4  0.000e+00
      26692   1112.125      9.993     10.061    26.7317    26.7329   4.308633   4.308464     3.3370     2.8535      14.99   28.93804  -90.12924   -0.00156   -0.00268          4  0.000e+00
      26693   1112.167      9.978     10.045    26.7316    26.7322   4.308571   4.308224     3.3370     2.8535      14.99   28.93804  -90.12924   -0.00154   -0.00272          4  0.000e+00
      26694   1112.208      9.993     10.061    26.7312    26.7318   4.308389   4.308104     3.3382     2.8559      14.99   28.93804  -90.12924   -0.00151   -0.00272          4  0.000e+00
      26695   1112.250     10.031     10.099    26.7308    26.7324   4.308299   4.308280     3.3382     2.8559      14.99   28.93804  -90.12924   -0.00147   -0.00272          4  0.000e+00
