GOMECC/GOMECC-4/1db/rb2103_0801.ros
* Sea-Bird SBE 9 Data File:
* FileName = C:\Users\scs.user.rb\CTD\GOMECC4\data\rb2103_0801.hex
* Software Version Seasave V 7.26.7.107
* Temperature SN = 4799
* Conductivity SN = 3860
* Number of Bytes Per Scan = 41
* Number of Voltage Words = 4
* Number of Scans Averaged by the Deck Unit = 1
* NMEA Latitude = 22 16.43 N
* NMEA Longitude = 096 46.23 W
* NMEA UTC (Time) = Oct 06 2021  09:45:19
* NMEA baud rate = 4800
# nquan = 17
# nvalues = 3059                                  
# units = specified
# name 0 = scan: Scan Count
# name 1 = timeS: Time, Elapsed [seconds]
# name 2 = depSM: Depth [salt water, m]
# name 3 = prDM: Pressure, Digiquartz [db]
# name 4 = t090C: Temperature [ITS-90, deg C]
# name 5 = t190C: Temperature, 2 [ITS-90, deg C]
# name 6 = c0S/m: Conductivity [S/m]
# name 7 = c1S/m: Conductivity, 2 [S/m]
# name 8 = sbeox0V: Oxygen raw, SBE 43 [V]
# name 9 = sbeox1V: Oxygen raw, SBE 43, 2 [V]
# name 10 = altM: Altimeter [m]
# name 11 = latitude: Latitude [deg]
# name 12 = longitude: Longitude [deg]
# name 13 = sbox0dV/dT: Oxygen, SBE 43 [dov/dt]
# name 14 = sbox1dV/dT: Oxygen, SBE 43, 2 [dov/dt]
# name 15 = nbf: Bottles Fired
# name 16 = flag:  0.000e+00
# interval = seconds: 0.0416667
# start_time = Oct 06 2021 09:45:19 [NMEA time, header]
# bad_flag = -9.990e-29
*END*
[from data line 86]
      64708   2696.125   2014.278   2036.809     4.2813     4.2825   3.366245   3.366208     1.8816     1.5629       9.79   22.27394  -96.77090    0.00005    0.00001          1  0.000e+00
      64709   2696.167   2014.327   2036.859     4.2811     4.2823   3.366226   3.366208     1.8828     1.5629       9.79   22.27394  -96.77090    0.00007    0.00001          1  0.000e+00
      64710   2696.208   2014.334   2036.866     4.2814     4.2823   3.366239   3.366234     1.8828     1.5629       9.79   22.27394  -96.77090    0.00007    0.00001          1  0.000e+00
      64711   2696.250   2014.278   2036.809     4.2812     4.2823   3.366220   3.366221     1.8828     1.5629       9.79   22.27394  -96.77090    0.00007    0.00000          1  0.000e+00
      64712   2696.292   2014.278   2036.809     4.2811     4.2823   3.366213   3.366208     1.8828     1.5629       9.79   22.27394  -96.77090    0.00007 3.5169e-07          1  0.000e+00
      64713   2696.333   2014.278   2036.809     4.2812     4.2823   3.366213   3.366253     1.8828     1.5629       9.89   22.27394  -96.77090    0.00007   -0.00000          1  0.000e+00
      64714   2696.375   2014.278   2036.809     4.2814     4.2825   3.366232   3.366272     1.8828     1.5629      10.09   22.27394  -96.77090    0.00008   -0.00001          1  0.000e+00
      64715   2696.417   2014.223   2036.753     4.2813     4.2823   3.366245   3.366221     1.8816     1.5629      10.16   22.27394  -96.77090    0.00008   -0.00001          1  0.000e+00
      64716   2696.458   2014.223   2036.753     4.2813     4.2823   3.366226   3.366208     1.8828     1.5629      10.16   22.27394  -96.77090    0.00010   -0.00001          1  0.000e+00
      64717   2696.500   2014.278   2036.810     4.2813     4.2822   3.366188   3.366234     1.8828     1.5629      10.16   22.27394  -96.77090    0.00011   -0.00002          1  0.000e+00
      64718   2696.542   2014.223   2036.753     4.2813     4.2819   3.366251   3.366214     1.8828     1.5629      10.16   22.27394  -96.77090    0.00011   -0.00002          1  0.000e+00
      64719   2696.583   2014.174   2036.704     4.2810     4.2820   3.366201   3.366189     1.8828     1.5629      10.13   22.27394  -96.77090    0.00011   -0.00001          1  0.000e+00
      64720   2696.625   2014.223   2036.753     4.2812     4.2820   3.366226   3.366202     1.8828     1.5629      10.13   22.27394  -96.77090    0.00011   -0.00001          1  0.000e+00
      64721   2696.667   2014.174   2036.704     4.2811     4.2819   3.366245   3.366189     1.8816     1.5629      10.16   22.27394  -96.77090    0.00009   -0.00001          1  0.000e+00
      64722   2696.708   2014.223   2036.754     4.2811     4.2820   3.366245   3.366202     1.8816     1.5629      10.16   22.27394  -96.77090    0.00008   -0.00002          1  0.000e+00
      64723   2696.750   2014.174   2036.704     4.2812     4.2817   3.366226   3.366189     1.8828     1.5629      10.16   22.27394  -96.77090    0.00008   -0.00002          1  0.000e+00
      64724   2696.792   2014.175   2036.704     4.2811     4.2818   3.366213   3.366202     1.8816     1.5629      10.13   22.27394  -96.77090    0.00006   -0.00002          1  0.000e+00
      64725   2696.833   2014.223   2036.754     4.2812     4.2817   3.366232   3.366182     1.8816     1.5629      10.16   22.27394  -96.77090    0.00006   -0.00003          1  0.000e+00
      64726   2696.875   2014.175   2036.704     4.2810     4.2820   3.366220   3.366176     1.8816     1.5629      10.16   22.27394  -96.77090    0.00006   -0.00003          1  0.000e+00
      64727   2696.917   2014.175   2036.704     4.2813     4.2820   3.366213   3.366176     1.8828     1.5629      10.16   22.27394  -96.77090    0.00007   -0.00003          1  0.000e+00
      64728   2696.958   2014.175   2036.705     4.2812     4.2819   3.366232   3.366227     1.8828     1.5629      10.16   22.27394  -96.77090    0.00009   -0.00003          1  0.000e+00
      64729   2697.000   2014.175   2036.705     4.2811     4.2820   3.366220   3.366214     1.8828     1.5629      10.16   22.27394  -96.77090    0.00010   -0.00004          1  0.000e+00
      64730   2697.042   2014.224   2036.754     4.2812     4.2817   3.366220   3.366182     1.8828     1.5629      10.16   22.27394  -96.77090    0.00012   -0.00004          1  0.000e+00
      64731   2697.083   2014.119   2036.648     4.2813     4.2820   3.366188   3.366202     1.8828     1.5641      10.16   22.27394  -96.77090    0.00014   -0.00003          1  0.000e+00
      64732   2697.125   2014.224   2036.754     4.2810     4.2819   3.366201   3.366208     1.8828     1.5629      10.13   22.27394  -96.77090    0.00013   -0.00003          1  0.000e+00
      64733   2697.167   2014.175   2036.705     4.2811     4.2818   3.366213   3.366234     1.8816     1.5641      10.16   22.27394  -96.77090    0.00012   -0.00002          1  0.000e+00
      64734   2697.208   2014.175   2036.705     4.2811     4.2822   3.366213   3.366240     1.8828     1.5629      10.16   22.27394  -96.77090    0.00011   -0.00002          1  0.000e+00
      64735   2697.250   2014.224   2036.755     4.2810     4.2821   3.366213   3.366214     1.8828     1.5629      10.16   22.27394  -96.77090    0.00011   -0.00002          1  0.000e+00
      64736   2697.292   2014.176   2036.705     4.2808     4.2822   3.366188   3.366208     1.8828     1.5629      10.13   22.27394  -96.77090    0.00011   -0.00003          1  0.000e+00
      64737   2697.333   2014.176   2036.705     4.2810     4.2821   3.366169   3.366182     1.8816     1.5641      10.18   22.27394  -96.77090    0.00010   -0.00001          1  0.000e+00
      64738   2697.375   2014.225   2036.755     4.2808     4.2818   3.366201   3.366227     1.8816     1.5641      10.28   22.27394  -96.77090    0.00010   -0.00000          1  0.000e+00
      64739   2697.417   2014.225   2036.755     4.2810     4.2820   3.366213   3.366189     1.8828     1.5641      10.33   22.27394  -96.77090    0.00012    0.00001          1  0.000e+00
      64740   2697.458   2014.225   2036.755     4.2808     4.2819   3.366188   3.366221     1.8828     1.5641      10.31   22.27394  -96.77090    0.00011    0.00002          1  0.000e+00
      64741   2697.500   2014.225   2036.755     4.2808     4.2820   3.366201   3.366221     1.8828     1.5629      10.31   22.27394  -96.77090    0.00011    0.00004          1  0.000e+00
      64742   2697.542   2014.225   2036.755     4.2808     4.2823   3.366213   3.366208     1.8828     1.5629      10.31   22.27394  -96.77090    0.00011    0.00003          1  0.000e+00
      64743   2697.583   2014.225   2036.755     4.2808     4.2820   3.366194   3.366208     1.8828     1.5629      10.31   22.27394  -96.77090    0.00010    0.00003          1  0.000e+00
      64744   2697.625   2014.281   2036.812     4.2805     4.2819   3.366182   3.366208     1.8828     1.5629      10.31   22.27394  -96.77090    0.00010    0.00004          1  0.000e+00
      64745   2697.667   2014.281   2036.812     4.2808     4.2816   3.366182   3.366234     1.8828     1.5629      10.31   22.27394  -96.77090    0.00010    0.00005          1  0.000e+00
      64746   2697.708   2014.281   2036.812     4.2810     4.2818   3.366201   3.366214     1.8828     1.5629      10.33   22.27394  -96.77090    0.00009    0.00005          1  0.000e+00
      64747   2697.750   2014.281   2036.812     4.2806     4.2819   3.366188   3.366208     1.8828     1.5629      10.31   22.27394  -96.77090    0.00010    0.00004          1  0.000e+00
      64748   2697.792   2014.330   2036.862     4.2808     4.2820   3.366182   3.366208     1.8828     1.5629      10.31   22.27394  -96.77092    0.00012    0.00006          1  0.000e+00
      64749   2697.833   2014.337   2036.869     4.2805     4.2821   3.366226   3.366208     1.8816     1.5629      10.31   22.27394  -96.77092    0.00011    0.00005          1  0.000e+00
      64750   2697.875   2014.330   2036.862     4.2808     4.2816   3.366188   3.366208     1.8816     1.5641      10.31   22.27394  -96.77092    0.00011    0.00007          1  0.000e+00
      64751   2697.917   2014.337   2036.869     4.2806     4.2817   3.366201   3.366208     1.8828     1.5641      10.31   22.27394  -96.77092    0.00010    0.00008          1  0.000e+00
      64752   2697.958   2014.386   2036.919     4.2805     4.2816   3.366188   3.366208     1.8828     1.5629      10.31   22.27394  -96.77092    0.00012    0.00008          1  0.000e+00
      64753   2698.000   2014.386   2036.919     4.2808     4.2818   3.366182   3.366208     1.8828     1.5629      10.31   22.27394  -96.77092    0.00011    0.00007          1  0.000e+00
      64754   2698.042   2014.442   2036.976     4.2808     4.2819   3.366182   3.366208     1.8828     1.5629      10.31   22.27394  -96.77092    0.00011    0.00007          1  0.000e+00
      72404   3016.792   1781.743   1800.674     4.2680     4.2691   3.355434   3.355398     1.9170     1.5958     100.00   22.27394  -96.77090   -0.00001   -0.00000          2  0.000e+00
      72405   3016.833   1781.687   1800.618     4.2682     4.2688   3.355422   3.355411     1.9170     1.5958     100.00   22.27394  -96.77090   -0.00002   -0.00001          2  0.000e+00
      72406   3016.875   1781.639   1800.569     4.2682     4.2688   3.355422   3.355398     1.9170     1.5958     100.00   22.27394  -96.77090   -0.00002   -0.00002          2  0.000e+00
      72407   3016.917   1781.743   1800.675     4.2682     4.2688   3.355422   3.355430     1.9170     1.5958     100.00   22.27394  -96.77090   -0.00003   -0.00003          2  0.000e+00
      72408   3016.958   1781.688   1800.618     4.2682     4.2689   3.355422   3.355443     1.9170     1.5971     100.00   22.27394  -96.77090   -0.00003   -0.00003          2  0.000e+00
      72409   3017.000   1781.688   1800.618     4.2681     4.2690   3.355447   3.355424     1.9170     1.5971     100.00   22.27394  -96.77090   -0.00004   -0.00002          2  0.000e+00
      72410   3017.042   1781.688   1800.618     4.2682     4.2689   3.355434   3.355418     1.9170     1.5971     100.00   22.27394  -96.77090   -0.00004   -0.00001          2  0.000e+00
      72411   3017.083   1781.688   1800.619     4.2681     4.2690   3.355428   3.355398     1.9170     1.5971     100.00   22.27394  -96.77090   -0.00004   -0.00001          2  0.000e+00
      72412   3017.125   1781.695   1800.626     4.2682     4.2689   3.355447   3.355411     1.9170     1.5958     100.00   22.27394  -96.77090   -0.00005   -0.00002          2  0.000e+00
      72413   3017.167   1781.688   1800.619     4.2681     4.2688   3.355434   3.355437     1.9170     1.5958     100.00   22.27394  -96.77090   -0.00005   -0.00003          2  0.000e+00
      72414   3017.208   1781.688   1800.619     4.2678     4.2688   3.355422   3.355450     1.9170     1.5958     100.00   22.27394  -96.77090   -0.00006   -0.00004          2  0.000e+00
      72415   3017.250   1781.640   1800.570     4.2683     4.2690   3.355441   3.355418     1.9170     1.5958     100.00   22.27394  -96.77090   -0.00006   -0.00005          2  0.000e+00
      72416   3017.292   1781.688   1800.619     4.2681     4.2688   3.355428   3.355437     1.9170     1.5958     100.00   22.27394  -96.77090   -0.00005   -0.00006          2  0.000e+00
      72417   3017.333   1781.744   1800.675     4.2680     4.2690   3.355441   3.355424     1.9170     1.5958     100.00   22.27394  -96.77090   -0.00005   -0.00008          2  0.000e+00
      72418   3017.375   1781.640   1800.570     4.2681     4.2689   3.355434   3.355398     1.9170     1.5958     100.00   22.27394  -96.77090   -0.00006   -0.00009          2  0.000e+00
      72419   3017.417   1781.688   1800.619     4.2683     4.2688   3.355447   3.355392     1.9170     1.5958     100.00   22.27394  -96.77090   -0.00004   -0.00010          2  0.000e+00
      72420   3017.458   1781.640   1800.570     4.2682     4.2689   3.355409   3.355411     1.9170     1.5958     100.00   22.27394  -96.77090   -0.00005   -0.00011          2  0.000e+00
      72421   3017.500   1781.689   1800.619     4.2685     4.2689   3.355415   3.355437     1.9170     1.5958     100.00   22.27394  -96.77090   -0.00005   -0.00010          2  0.000e+00
      72422   3017.542   1781.640   1800.570     4.2682     4.2690   3.355441   3.355418     1.9170     1.5958     100.00   22.27394  -96.77090   -0.00006   -0.00010          2  0.000e+00
      72423   3017.583   1781.640   1800.570     4.2683     4.2691   3.355472   3.355411     1.9170     1.5971     100.00   22.27394  -96.77090   -0.00006   -0.00009          2  0.000e+00
      72424   3017.625   1781.689   1800.619     4.2681     4.2688   3.355434   3.355437     1.9170     1.5958     100.00   22.27394  -96.77090   -0.00005   -0.00008          2  0.000e+00
      72425   3017.667   1781.640   1800.570     4.2680     4.2689   3.355441   3.355424     1.9170     1.5971     100.00   22.27394  -96.77090   -0.00005   -0.00006          2  0.000e+00
      72426   3017.708   1781.640   1800.570     4.2685     4.2690   3.355428   3.355437     1.9170     1.5971     100.00   22.27394  -96.77090   -0.00005   -0.00005          2  0.000e+00
      72427   3017.750   1781.640   1800.570     4.2682     4.2689   3.355441   3.355424     1.9170     1.5971     100.00   22.27394  -96.77090   -0.00006   -0.00005          2  0.000e+00
      72428   3017.792   1781.585   1800.514     4.2682     4.2691   3.355403   3.355418     1.9170     1.5971     100.00   22.27394  -96.77090   -0.00006   -0.00004          2  0.000e+00
      72429   3017.833   1781.585   1800.514     4.2681     4.2691   3.355434   3.355418     1.9182     1.5971     100.00   22.27394  -96.77090   -0.00005   -0.00004          2  0.000e+00
      72430   3017.875   1781.592   1800.521     4.2685     4.2690   3.355434   3.355411     1.9182     1.5958     100.00   22.27394  -96.77090   -0.00003   -0.00005          2  0.000e+00
      72431   3017.917   1781.641   1800.571     4.2682     4.2689   3.355447   3.355437     1.9170     1.5958     100.00   22.27394  -96.77090   -0.00002   -0.00004          2  0.000e+00
      72432   3017.958   1781.585   1800.514     4.2685     4.2691   3.355434   3.355450     1.9170     1.5958     100.00   22.27394  -96.77090   -0.00002   -0.00006          2  0.000e+00
      72433   3018.000   1781.585   1800.514     4.2681     4.2694   3.355447   3.355424     1.9170     1.5958     100.00   22.27394  -96.77090   -0.00003   -0.00007          2  0.000e+00
      72434   3018.042   1781.585   1800.514     4.2682     4.2693   3.355453   3.355437     1.9170     1.5958     100.00   22.27394  -96.77090   -0.00001   -0.00006          2  0.000e+00
      72435   3018.083   1781.537   1800.465     4.2686     4.2694   3.355428   3.355469     1.9170     1.5971     100.00   22.27394  -96.77090   -0.00002   -0.00004          2  0.000e+00
      72436   3018.125   1781.585   1800.515     4.2683     4.2693   3.355441   3.355482     1.9170     1.5958     100.00   22.27394  -96.77090   -0.00002   -0.00003          2  0.000e+00
      72437   3018.167   1781.537   1800.465     4.2680     4.2694   3.355453   3.355450     1.9170     1.5958     100.00   22.27394  -96.77090   -0.00002   -0.00003          2  0.000e+00
      72438   3018.208   1781.537   1800.465     4.2682     4.2694   3.355453   3.355469     1.9170     1.5971     100.00   22.27394  -96.77090   -0.00003   -0.00000          2  0.000e+00
      72439   3018.250   1781.537   1800.465     4.2680     4.2696   3.355434   3.355456     1.9170     1.5971     100.00   22.27394  -96.77090   -0.00003    0.00002          2  0.000e+00
      72440   3018.292   1781.537   1800.465     4.2679     4.2696   3.355422   3.355469     1.9170     1.5958     100.00   22.27394  -96.77090   -0.00003    0.00001          2  0.000e+00
