GOMECC/GOMECC-4/1db/rb2103_0421.ros
* Sea-Bird SBE 9 Data File:
* FileName = C:\Users\scs.user.rb\CTD\GOMECC4\data\rb2103_0421.hex
* Software Version Seasave V 7.26.7.107
* Temperature SN = 4799
* Conductivity SN = 3860
* Number of Bytes Per Scan = 41
* Number of Voltage Words = 4
* Number of Scans Averaged by the Deck Unit = 1
* NMEA Latitude = 28 14.68 N
* NMEA Longitude = 089 59.18 W
* NMEA UTC (Time) = Sep 26 2021  04:34:16
* NMEA baud rate = 4800
# nquan = 17
# nvalues = 1463                                  
# units = specified
# name 0 = scan: Scan Count
# name 1 = timeS: Time, Elapsed [seconds]
# name 2 = depSM: Depth [salt water, m]
# name 3 = prDM: Pressure, Digiquartz [db]
# name 4 = t090C: Temperature [ITS-90, deg C]
# name 5 = t190C: Temperature, 2 [ITS-90, deg C]
# name 6 = c0S/m: Conductivity [S/m]
# name 7 = c1S/m: Conductivity, 2 [S/m]
# name 8 = sbeox0V: Oxygen raw, SBE 43 [V]
# name 9 = sbeox1V: Oxygen raw, SBE 43, 2 [V]
# name 10 = altM: Altimeter [m]
# name 11 = latitude: Latitude [deg]
# name 12 = longitude: Longitude [deg]
# name 13 = sbox0dV/dT: Oxygen, SBE 43 [dov/dt]
# name 14 = sbox1dV/dT: Oxygen, SBE 43, 2 [dov/dt]
# name 15 = nbf: Bottles Fired
# name 16 = flag:  0.000e+00
# interval = seconds: 0.0416667
# start_time = Sep 26 2021 04:34:16 [NMEA time, header]
# bad_flag = -9.990e-29
*END*
[from data line 1192]
      35835   1493.083     24.598     24.765    28.3948    28.3966   5.827068   5.827420     3.1148     2.6508     100.00   28.24590  -89.98770   -0.00085   -0.00025          9  0.000e+00
      35836   1493.125     24.658     24.825    28.3946    28.3964   5.827100   5.827420     3.1160     2.6508     100.00   28.24590  -89.98770   -0.00086   -0.00027          9  0.000e+00
      35837   1493.167     24.628     24.795    28.3947    28.3962   5.827116   5.827380     3.1148     2.6508     100.00   28.24590  -89.98770   -0.00087   -0.00029          9  0.000e+00
      35838   1493.208     24.658     24.825    28.3948    28.3962   5.827044   5.827404     3.1148     2.6508     100.00   28.24590  -89.98770   -0.00088   -0.00030          9  0.000e+00
      35839   1493.250     24.658     24.825    28.3942    28.3962   5.826981   5.827348     3.1148     2.6508     100.00   28.24590  -89.98770   -0.00087   -0.00030          9  0.000e+00
      38111   1587.917     14.780     14.880    28.3997    28.4007   5.819995   5.820243     3.1172     2.6508      91.92   28.24588  -89.98770   -0.00002   -0.00014         10  0.000e+00
      38112   1587.958     14.704     14.804    28.3997    28.4010   5.819995   5.820179     3.1172     2.6508      91.92   28.24588  -89.98770   -0.00001   -0.00020         10  0.000e+00
      38113   1588.000     14.871     14.971    28.3997    28.4010   5.819996   5.820203     3.1160     2.6508      91.92   28.24588  -89.98770   -0.00003   -0.00025         10  0.000e+00
      38114   1588.042     14.667     14.766    28.3999    28.4007   5.819995   5.820187     3.1172     2.6508      87.64   28.24588  -89.98770   -0.00003   -0.00031         10  0.000e+00
      38115   1588.083     14.757     14.857    28.3997    28.4007   5.819995   5.820203     3.1172     2.6508      58.88   28.24588  -89.98770   -0.00003   -0.00037         10  0.000e+00
      38116   1588.125     14.727     14.826    28.3997    28.4007   5.820027   5.820251     3.1184     2.6508      44.84   28.24588  -89.98770   -0.00001   -0.00043         10  0.000e+00
      38117   1588.167     14.704     14.804    28.3999    28.4008   5.820003   5.820155     3.1172     2.6508      43.66   28.24588  -89.98770   -0.00001   -0.00049         10  0.000e+00
      38118   1588.208     14.704     14.804    28.3997    28.4008   5.819995   5.820227     3.1172     2.6508      45.13   28.24588  -89.98770   -0.00001   -0.00055         10  0.000e+00
      38119   1588.250     14.667     14.766    28.3997    28.4008   5.819995   5.820267     3.1172     2.6508      45.76   28.24588  -89.98770   -0.00001   -0.00061         10  0.000e+00
      38120   1588.292     14.704     14.804    28.3997    28.4007   5.820067   5.820195     3.1172     2.6508      45.81   28.24588  -89.98770   -0.00001   -0.00067         10  0.000e+00
      38121   1588.333     14.667     14.766    28.3999    28.4005   5.820019   5.820211     3.1172     2.6508      45.74   28.24588  -89.98770   -0.00003   -0.00073         10  0.000e+00
      38122   1588.375     14.644     14.743    28.3995    28.4005   5.820027   5.820251     3.1172     2.6508      45.71   28.24588  -89.98770   -0.00005   -0.00079         10  0.000e+00
      38123   1588.417     14.704     14.804    28.3999    28.4007   5.820003   5.820267     3.1172     2.6508      45.71   28.24588  -89.98770   -0.00007   -0.00085         10  0.000e+00
      38124   1588.458     14.614     14.712    28.3995    28.4007   5.820011   5.820267     3.1172     2.6496      45.71   28.24588  -89.98770   -0.00009   -0.00093         10  0.000e+00
      38125   1588.500     14.704     14.804    28.3995    28.4007   5.819995   5.820267     3.1172     2.6496      45.71   28.24588  -89.98770   -0.00011   -0.00101         10  0.000e+00
      38126   1588.542     14.591     14.690    28.3995    28.4007   5.820027   5.820267     3.1172     2.6508      45.71   28.24588  -89.98770   -0.00013   -0.00107         10  0.000e+00
      38127   1588.583     14.667     14.766    28.3995    28.4005   5.819932   5.820195     3.1172     2.6496      45.71   28.24588  -89.98770   -0.00016   -0.00113         10  0.000e+00
      38128   1588.625     14.644     14.743    28.3995    28.4007   5.820003   5.820171     3.1172     2.6496      45.71   28.24588  -89.98770   -0.00018   -0.00119         10  0.000e+00
      38129   1588.667     14.614     14.712    28.3994    28.4005   5.819972   5.820171     3.1160     2.6496      45.71   28.24588  -89.98770   -0.00022   -0.00125         10  0.000e+00
      38130   1588.708     14.644     14.743    28.3991    28.4007   5.819980   5.820171     3.1160     2.6496      45.71   28.24588  -89.98770   -0.00027   -0.00129         10  0.000e+00
      38131   1588.750     14.591     14.690    28.3990    28.4005   5.819956   5.820203     3.1160     2.6496      45.71   28.24588  -89.98770   -0.00029   -0.00135         10  0.000e+00
      38132   1588.792     14.614     14.712    28.3992    28.4007   5.819908   5.820179     3.1160     2.6496      45.71   28.24588  -89.98770   -0.00032   -0.00139         10  0.000e+00
      38133   1588.833     14.644     14.743    28.3991    28.4008   5.819932   5.820171     3.1160     2.6496      45.71   28.24588  -89.98770   -0.00034   -0.00144         10  0.000e+00
      38134   1588.875     14.614     14.712    28.3990    28.4008   5.819948   5.820171     3.1160     2.6496      45.71   28.24588  -89.98770   -0.00037   -0.00148         10  0.000e+00
      38135   1588.917     14.591     14.690    28.3986    28.4005   5.819908   5.820211     3.1160     2.6496      45.69   28.24588  -89.98770   -0.00039   -0.00151         10  0.000e+00
      38136   1588.958     14.591     14.690    28.3988    28.4005   5.819901   5.820251     3.1160     2.6496      45.71   28.24588  -89.98770   -0.00042   -0.00154         10  0.000e+00
      38137   1589.000     14.614     14.712    28.3990    28.4008   5.819901   5.820267     3.1160     2.6496      45.71   28.24588  -89.98770   -0.00044   -0.00154         10  0.000e+00
      38138   1589.042     14.591     14.690    28.3988    28.4007   5.819932   5.820227     3.1160     2.6484      49.16   28.24588  -89.98770   -0.00045   -0.00157         10  0.000e+00
      38139   1589.083     14.553     14.652    28.3990    28.4007   5.819877   5.820219     3.1160     2.6484      82.76   28.24588  -89.98770   -0.00047   -0.00159         10  0.000e+00
      38140   1589.125     14.644     14.743    28.3990    28.4007   5.819924   5.820251     3.1160     2.6484     100.00   28.24588  -89.98770   -0.00048   -0.00161         10  0.000e+00
      38141   1589.167     14.591     14.690    28.3990    28.4005   5.819948   5.820267     3.1160     2.6484     100.00   28.24588  -89.98770   -0.00049   -0.00162         10  0.000e+00
      38142   1589.208     14.614     14.712    28.3988    28.4007   5.819948   5.820299     3.1160     2.6471     100.00   28.24588  -89.98770   -0.00047   -0.00165         10  0.000e+00
      38143   1589.250     14.591     14.690    28.3990    28.4007   5.819908   5.820243     3.1172     2.6471     100.00   28.24588  -89.98770   -0.00046   -0.00167         10  0.000e+00
      38144   1589.292     14.591     14.690    28.3988    28.4005   5.819861   5.820179     3.1172     2.6471      99.98   28.24588  -89.98770   -0.00043   -0.00168         10  0.000e+00
      38145   1589.333     14.614     14.712    28.3990    28.4007   5.819924   5.820171     3.1172     2.6459     100.00   28.24588  -89.98770   -0.00040   -0.00170         10  0.000e+00
      38146   1589.375     14.591     14.690    28.3991    28.4007   5.819980   5.820203     3.1172     2.6459     100.00   28.24588  -89.98770   -0.00037   -0.00172         10  0.000e+00
      38147   1589.417     14.614     14.712    28.3995    28.4007   5.819995   5.820251     3.1172     2.6447     100.00   28.24588  -89.98770   -0.00034   -0.00176         10  0.000e+00
      38148   1589.458     14.591     14.690    28.3995    28.4005   5.819956   5.820227     3.1172     2.6447     100.00   28.24588  -89.98770   -0.00031   -0.00179         10  0.000e+00
      38149   1589.500     14.644     14.743    28.3993    28.4005   5.819893   5.820251     3.1172     2.6435     100.00   28.24588  -89.98770   -0.00028   -0.00183         10  0.000e+00
      38150   1589.542     14.614     14.712    28.3995    28.4005   5.819964   5.820307     3.1172     2.6435     100.00   28.24588  -89.98770   -0.00025   -0.00187         10  0.000e+00
      38151   1589.583     14.644     14.743    28.3995    28.4005   5.819956   5.820315     3.1160     2.6435     100.00   28.24588  -89.98770   -0.00023   -0.00191         10  0.000e+00
      38152   1589.625     14.553     14.652    28.3994    28.4003   5.819980   5.820315     3.1160     2.6435     100.00   28.24588  -89.98770   -0.00022   -0.00196         10  0.000e+00
      38153   1589.667     14.644     14.743    28.3993    28.4002   5.819995   5.820275     3.1160     2.6435     100.00   28.24588  -89.98770   -0.00020   -0.00201         10  0.000e+00
      38154   1589.708     14.644     14.743    28.3994    28.4001   5.819995   5.820267     3.1160     2.6435     100.00   28.24588  -89.98770   -0.00018   -0.00206         10  0.000e+00
      38155   1589.750     14.667     14.766    28.3994    28.4003   5.820027   5.820267     3.1172     2.6435     100.00   28.24588  -89.98770   -0.00015   -0.00210         10  0.000e+00
      38156   1589.792     14.644     14.743    28.3991    28.4005   5.820003   5.820267     3.1172     2.6435     100.00   28.24588  -89.98770   -0.00011   -0.00214         10  0.000e+00
      38157   1589.833     14.614     14.712    28.3992    28.4003   5.819995   5.820267     3.1172     2.6435     100.00   28.24588  -89.98770   -0.00008   -0.00217         10  0.000e+00
      38158   1589.875     14.644     14.743    28.3994    28.4007   5.819995   5.820267     3.1172     2.6435     100.00   28.24588  -89.98770   -0.00004   -0.00221         10  0.000e+00
      38159   1589.917     14.644     14.743    28.3993    28.4005   5.819995   5.820267     3.1172     2.6435     100.00   28.24588  -89.98770   -0.00000   -0.00224         10  0.000e+00
      38160   1589.958     14.727     14.827    28.3994    28.4005   5.820027   5.820227     3.1160     2.6435     100.00   28.24588  -89.98770    0.00001   -0.00226         10  0.000e+00
      38161   1590.000     14.644     14.743    28.3994    28.4007   5.819972   5.820251     3.1172     2.6435     100.00   28.24588  -89.98770    0.00005   -0.00229         10  0.000e+00
      38162   1590.042     14.704     14.804    28.3991    28.4007   5.820051   5.820267     3.1172     2.6435     100.00   28.24588  -89.98770    0.00009   -0.00231         10  0.000e+00
      38163   1590.083     14.667     14.766    28.3990    28.4008   5.820019   5.820195     3.1172     2.6447      96.70   28.24588  -89.98770    0.00015   -0.00231         10  0.000e+00
      38164   1590.125     14.704     14.804    28.3990    28.4008   5.820067   5.820211     3.1172     2.6447      62.69   28.24588  -89.98770    0.00018   -0.00230         10  0.000e+00
      38165   1590.167     14.727     14.827    28.3988    28.4008   5.820019   5.820219     3.1172     2.6447      44.40   28.24588  -89.98770    0.00022   -0.00228         10  0.000e+00
      38166   1590.208     14.704     14.804    28.3988    28.4007   5.819995   5.820179     3.1172     2.6447      42.44   28.24588  -89.98770    0.00026   -0.00225         10  0.000e+00
      38167   1590.250     14.704     14.804    28.3988    28.4007   5.820027   5.820131     3.1172     2.6447      44.15   28.24588  -89.98770    0.00030   -0.00222         10  0.000e+00
      38168   1590.292     14.727     14.827    28.3988    28.4010   5.820003   5.820227     3.1172     2.6447      45.03   28.24588  -89.98770    0.00034   -0.00219         10  0.000e+00
      38169   1590.333     14.757     14.857    28.3991    28.4010   5.819995   5.820155     3.1172     2.6447      45.10   28.24588  -89.98770    0.00037   -0.00217         10  0.000e+00
      38170   1590.375     14.780     14.880    28.3992    28.4012   5.819995   5.820155     3.1172     2.6459      45.01   28.24588  -89.98770    0.00039   -0.00211         10  0.000e+00
      38171   1590.417     14.757     14.857    28.3992    28.4016   5.819995   5.820139     3.1172     2.6459      44.98   28.24588  -89.98770    0.00041   -0.00207         10  0.000e+00
      38172   1590.458     14.704     14.804    28.3993    28.4016   5.819995   5.820155     3.1172     2.6459      44.98   28.24588  -89.98770    0.00043   -0.00203         10  0.000e+00
      38173   1590.500     14.780     14.880    28.3994    28.4014   5.819940   5.820099     3.1172     2.6459      44.98   28.24588  -89.98770    0.00046   -0.00200         10  0.000e+00
      38174   1590.542     14.818     14.918    28.3992    28.4018   5.819972   5.820107     3.1184     2.6471      44.98   28.24588  -89.98770    0.00048   -0.00195         10  0.000e+00
      38175   1590.583     14.757     14.857    28.3993    28.4023   5.819956   5.820195     3.1184     2.6471      44.98   28.24588  -89.98770    0.00050   -0.00192         10  0.000e+00
      38176   1590.625     14.833     14.933    28.3990    28.4021   5.819980   5.820323     3.1184     2.6471      44.98   28.24588  -89.98770    0.00052   -0.00188         10  0.000e+00
      38177   1590.667     14.818     14.918    28.3990    28.4025   5.819956   5.820363     3.1172     2.6471      44.98   28.24588  -89.98770    0.00053   -0.00185         10  0.000e+00
      38178   1590.708     14.780     14.880    28.3991    28.4025   5.819980   5.820363     3.1184     2.6471      44.98   28.24588  -89.98770    0.00055   -0.00183         10  0.000e+00
      38179   1590.750     14.871     14.971    28.3994    28.4025   5.819996   5.820436     3.1184     2.6471      44.98   28.24588  -89.98770    0.00055   -0.00181         10  0.000e+00
      38180   1590.792     14.818     14.918    28.3994    28.4027   5.819996   5.820460     3.1184     2.6471      44.98   28.24588  -89.98770    0.00057   -0.00179         10  0.000e+00
      38181   1590.833     14.833     14.933    28.3993    28.4027   5.819996   5.820492     3.1184     2.6471      44.98   28.24588  -89.98770    0.00057   -0.00177         10  0.000e+00
      38182   1590.875     14.871     14.971    28.3992    28.4029   5.819996   5.820468     3.1184     2.6471      44.98   28.24588  -89.98770    0.00056   -0.00174         10  0.000e+00
      38183   1590.917     14.833     14.933    28.3992    28.4029   5.820027   5.820420     3.1184     2.6459      44.98   28.24588  -89.98770    0.00056   -0.00175         10  0.000e+00
      38184   1590.958     14.871     14.971    28.3992    28.4028   5.820003   5.820412     3.1184     2.6459      44.98   28.24588  -89.98770    0.00056   -0.00176         10  0.000e+00
      38185   1591.000     14.871     14.971    28.3993    28.4027   5.819996   5.820444     3.1184     2.6459      44.98   28.24588  -89.98770    0.00055   -0.00177         10  0.000e+00
      38186   1591.042     14.893     14.994    28.3990    28.4034   5.820067   5.820644     3.1184     2.6459      48.01   28.24588  -89.98770    0.00055   -0.00178         10  0.000e+00
      38187   1591.083     14.871     14.971    28.3990    28.4040   5.820051   5.820804     3.1184     2.6459      81.90   28.24588  -89.98770    0.00054   -0.00179         10  0.000e+00
      38188   1591.125     14.871     14.971    28.3990    28.4043   5.820043   5.820908     3.1184     2.6459     100.00   28.24588  -89.98770    0.00054   -0.00179         10  0.000e+00
      38189   1591.167     14.946     15.047    28.3990    28.4043   5.820075   5.820964     3.1184     2.6459     100.00   28.24588  -89.98770    0.00053   -0.00180         10  0.000e+00
