GOMECC/GOMECC-4/1db/rb2103_1351.ros
* Sea-Bird SBE 9 Data File:
* FileName = C:\Users\scs.user.rb\CTD\GOMECC4\data\rb2103_1351.hex
* Software Version Seasave V 7.26.7.107
* Temperature SN = 4799
* Conductivity SN = 3860
* Number of Bytes Per Scan = 41
* Number of Voltage Words = 4
* Number of Scans Averaged by the Deck Unit = 1
* NMEA Latitude = 26 15.54 N
* NMEA Longitude = 083 48.34 W
* NMEA UTC (Time) = Oct 20 2021  01:30:15
* NMEA baud rate = 4800
# nquan = 17
# nvalues = 1463                                  
# units = specified
# name 0 = scan: Scan Count
# name 1 = timeS: Time, Elapsed [seconds]
# name 2 = depSM: Depth [salt water, m]
# name 3 = prDM: Pressure, Digiquartz [db]
# name 4 = t090C: Temperature [ITS-90, deg C]
# name 5 = t190C: Temperature, 2 [ITS-90, deg C]
# name 6 = c0S/m: Conductivity [S/m]
# name 7 = c1S/m: Conductivity, 2 [S/m]
# name 8 = sbeox0V: Oxygen raw, SBE 43 [V]
# name 9 = sbeox1V: Oxygen raw, SBE 43, 2 [V]
# name 10 = altM: Altimeter [m]
# name 11 = latitude: Latitude [deg]
# name 12 = longitude: Longitude [deg]
# name 13 = sbox0dV/dT: Oxygen, SBE 43 [dov/dt]
# name 14 = sbox1dV/dT: Oxygen, SBE 43, 2 [dov/dt]
# name 15 = nbf: Bottles Fired
# name 16 = flag:  0.000e+00
# interval = seconds: 0.0416667
# start_time = Oct 20 2021 01:30:15 [NMEA time, header]
# bad_flag = -9.990e-29
*END*
[from data line 1447]
      43434   1809.708      3.585      3.608    28.4868    28.4846   5.733082   5.733042     3.1368     2.6532      92.55   26.25896  -83.80514   -0.00096   -0.00049         11  0.000e+00
      43435   1809.750      3.585      3.608    28.4873    28.4853   5.733137   5.733003     3.1368     2.6545      92.55   26.25896  -83.80514   -0.00101   -0.00051         11  0.000e+00
      43436   1809.792      3.530      3.554    28.4877    28.4851   5.733185   5.733026     3.1368     2.6545      92.55   26.25896  -83.80514   -0.00104   -0.00054         11  0.000e+00
      43437   1809.833      3.632      3.656    28.4879    28.4853   5.733161   5.733074     3.1368     2.6545      92.55   26.25896  -83.80514   -0.00108   -0.00057         11  0.000e+00
      43438   1809.875      3.585      3.608    28.4879    28.4855   5.733153   5.733050     3.1368     2.6545      92.55   26.25896  -83.80514   -0.00111   -0.00059         11  0.000e+00
      43439   1809.917      3.679      3.703    28.4880    28.4853   5.733153   5.733042     3.1355     2.6557      92.55   26.25896  -83.80514   -0.00118   -0.00060         11  0.000e+00
      43440   1809.958      3.632      3.656    28.4877    28.4853   5.733153   5.733003     3.1368     2.6557      92.55   26.25896  -83.80514   -0.00121   -0.00060         11  0.000e+00
      43441   1810.000      3.632      3.656    28.4879    28.4851   5.733114   5.732995     3.1368     2.6557      92.55   26.25896  -83.80514   -0.00124   -0.00060         11  0.000e+00
      43442   1810.042      3.679      3.704    28.4880    28.4849   5.733106   5.733042     3.1368     2.6557      92.55   26.25896  -83.80514   -0.00127   -0.00057         11  0.000e+00
      43443   1810.083      3.632      3.656    28.4879    28.4851   5.733177   5.732971     3.1368     2.6557      92.55   26.25896  -83.80514   -0.00130   -0.00055         11  0.000e+00
      43444   1810.125      3.679      3.704    28.4879    28.4847   5.733200   5.732979     3.1355     2.6569      92.53   26.25896  -83.80514   -0.00133   -0.00050         11  0.000e+00
      43445   1810.167      3.679      3.704    28.4880    28.4847   5.733200   5.732955     3.1368     2.6569      92.43   26.25896  -83.80514   -0.00136   -0.00045         11  0.000e+00
      43446   1810.208      3.727      3.751    28.4879    28.4847   5.733161   5.733019     3.1368     2.6569      92.38   26.25896  -83.80514   -0.00138   -0.00039         11  0.000e+00
      43447   1810.250      3.679      3.704    28.4880    28.4849   5.733185   5.733042     3.1368     2.6569      92.38   26.25896  -83.80514   -0.00139   -0.00034         11  0.000e+00
      43448   1810.292      3.733      3.758    28.4879    28.4851   5.733161   5.733043     3.1355     2.6569      92.38   26.25896  -83.80514   -0.00143   -0.00027         11  0.000e+00
      43449   1810.333      3.733      3.758    28.4879    28.4853   5.733153   5.733074     3.1355     2.6569      92.38   26.25896  -83.80514   -0.00147   -0.00022         11  0.000e+00
