GOMECC/GOMECC-4/1db/rb2103_0621.ros
* Sea-Bird SBE 9 Data File:
* FileName = C:\Users\scs.user.rb\CTD\GOMECC4\data\rb2103_0621.hex
* Software Version Seasave V 7.26.7.107
* Temperature SN = 4799
* Conductivity SN = 3860
* Number of Bytes Per Scan = 41
* Number of Voltage Words = 4
* Number of Scans Averaged by the Deck Unit = 1
* NMEA Latitude = 26 04.01 N
* NMEA Longitude = 096 55.37 W
* NMEA UTC (Time) = Sep 30 2021  08:06:13
* NMEA baud rate = 4800
# nquan = 17
# nvalues = 399                                   
# units = specified
# name 0 = scan: Scan Count
# name 1 = timeS: Time, Elapsed [seconds]
# name 2 = depSM: Depth [salt water, m]
# name 3 = prDM: Pressure, Digiquartz [db]
# name 4 = t090C: Temperature [ITS-90, deg C]
# name 5 = t190C: Temperature, 2 [ITS-90, deg C]
# name 6 = c0S/m: Conductivity [S/m]
# name 7 = c1S/m: Conductivity, 2 [S/m]
# name 8 = sbeox0V: Oxygen raw, SBE 43 [V]
# name 9 = sbeox1V: Oxygen raw, SBE 43, 2 [V]
# name 10 = altM: Altimeter [m]
# name 11 = latitude: Latitude [deg]
# name 12 = longitude: Longitude [deg]
# name 13 = sbox0dV/dT: Oxygen, SBE 43 [dov/dt]
# name 14 = sbox1dV/dT: Oxygen, SBE 43, 2 [dov/dt]
# name 15 = nbf: Bottles Fired
# name 16 = flag:  0.000e+00
# interval = seconds: 0.0416667
# start_time = Sep 30 2021 08:06:13 [NMEA time, header]
# bad_flag = -9.990e-29
*END*
      18358    764.875     29.371     29.565    29.0679    29.0684   5.829707   5.829711     3.0122     2.5690       4.64   26.06698  -96.92406    0.00202   -0.00460          1  0.000e+00
      18359    764.917     29.290     29.484    29.0679    29.0690   5.829731   5.829783     3.0122     2.5690       4.64   26.06698  -96.92406    0.00188   -0.00465          1  0.000e+00
      18360    764.958     29.175     29.368    29.0678    29.0688   5.829699   5.829871     3.0110     2.5690       4.64   26.06698  -96.92406    0.00172   -0.00467          1  0.000e+00
      18361    765.000     29.222     29.415    29.0681    29.0691   5.829762   5.830039     3.0122     2.5690       4.64   26.06698  -96.92406    0.00159   -0.00469          1  0.000e+00
      18362    765.042     29.290     29.484    29.0679    29.0695   5.829929   5.830328     3.0110     2.5690       4.64   26.06698  -96.92406    0.00144   -0.00471          1  0.000e+00
      18363    765.083     29.276     29.470    29.0678    29.0701   5.829929   5.830633     3.0110     2.5702       4.64   26.06698  -96.92406    0.00130   -0.00470          1  0.000e+00
      18364    765.125     29.235     29.429    29.0679    29.0705   5.829889   5.830809     3.0110     2.5702       4.64   26.06698  -96.92406    0.00114   -0.00469          1  0.000e+00
      18365    765.167     29.276     29.470    29.0675    29.0708   5.829881   5.830953     3.0098     2.5714       4.64   26.06698  -96.92406    0.00098   -0.00466          1  0.000e+00
      18366    765.208     29.290     29.484    29.0676    29.0708   5.829881   5.831057     3.0098     2.5714       4.64   26.06698  -96.92406    0.00082   -0.00462          1  0.000e+00
      18367    765.250     29.276     29.470    29.0677    29.0705   5.829873   5.831081     3.0098     2.5714       4.64   26.06698  -96.92406    0.00067   -0.00458          1  0.000e+00
      18368    765.292     29.290     29.484    29.0679    29.0705   5.829873   5.831089     3.0098     2.5726       4.59   26.06698  -96.92406    0.00052   -0.00452          1  0.000e+00
      18369    765.333     29.276     29.470    29.0679    29.0705   5.829881   5.831122     3.0098     2.5726       4.57   26.06698  -96.92406    0.00036   -0.00446          1  0.000e+00
      18370    765.375     29.323     29.518    29.0681    29.0703   5.829842   5.831138     3.0098     2.5739       4.57   26.06698  -96.92406    0.00023   -0.00437          1  0.000e+00
      18371    765.417     29.290     29.484    29.0681    29.0702   5.829897   5.831210     3.0085     2.5739       4.57   26.06698  -96.92406    0.00007   -0.00430          1  0.000e+00
      18372    765.458     29.323     29.518    29.0678    29.0706   5.829921   5.831194     3.0085     2.5751       4.57   26.06698  -96.92406   -0.00007   -0.00421          1  0.000e+00
      18373    765.500     29.290     29.484    29.0681    29.0705   5.829857   5.831258     3.0085     2.5751       4.57   26.06698  -96.92406   -0.00020   -0.00412          1  0.000e+00
      18374    765.542     29.323     29.518    29.0679    29.0708   5.829865   5.831282     3.0085     2.5751       4.57   26.06698  -96.92406   -0.00034   -0.00402          1  0.000e+00
      18375    765.583     29.290     29.484    29.0685    29.0706   5.829905   5.831170     3.0085     2.5763       4.57   26.06698  -96.92406   -0.00048   -0.00391          1  0.000e+00
      18376    765.625     29.323     29.518    29.0688    29.0706   5.829921   5.831025     3.0085     2.5763       4.57   26.06698  -96.92406   -0.00061   -0.00379          1  0.000e+00
      18377    765.667     29.290     29.484    29.0686    29.0706   5.829889   5.830921     3.0073     2.5763       4.57   26.06698  -96.92406   -0.00075   -0.00369          1  0.000e+00
      18378    765.708     29.323     29.518    29.0685    29.0703   5.829952   5.830825     3.0085     2.5775       4.54   26.06698  -96.92406   -0.00086   -0.00357          1  0.000e+00
      18379    765.750     29.323     29.518    29.0684    29.0701   5.829929   5.830657     3.0073     2.5775       4.57   26.06698  -96.92406   -0.00100   -0.00344          1  0.000e+00
      18380    765.792     29.290     29.484    29.0681    29.0697   5.829921   5.830608     3.0073     2.5788       4.57   26.06698  -96.92406   -0.00113   -0.00330          1  0.000e+00
      18381    765.833     29.371     29.565    29.0684    29.0697   5.829960   5.830641     3.0073     2.5788       4.57   26.06698  -96.92406   -0.00126   -0.00316          1  0.000e+00
      18382    765.875     29.290     29.484    29.0683    29.0701   5.830008   5.830616     3.0073     2.5788       4.57   26.06698  -96.92406   -0.00137   -0.00302          1  0.000e+00
      18383    765.917     29.323     29.518    29.0683    29.0699   5.829976   5.830681     3.0073     2.5788       4.57   26.06698  -96.92406   -0.00149   -0.00289          1  0.000e+00
      18384    765.958     29.290     29.484    29.0684    29.0701   5.830039   5.830592     3.0073     2.5788       4.57   26.06698  -96.92406   -0.00161   -0.00276          1  0.000e+00
      18385    766.000     29.323     29.518    29.0683    29.0703   5.830142   5.830592     3.0073     2.5800       4.57   26.06698  -96.92406   -0.00172   -0.00261          1  0.000e+00
      18386    766.042     29.290     29.484    29.0684    29.0699   5.830379   5.830536     3.0073     2.5800       4.57   26.06698  -96.92406   -0.00183   -0.00247          1  0.000e+00
      18387    766.083     29.323     29.518    29.0688    29.0699   5.830727   5.830440     3.0085     2.5800       4.57   26.06698  -96.92406   -0.00192   -0.00230          1  0.000e+00
      18388    766.125     29.323     29.518    29.0691    29.0693   5.830870   5.830376     3.0085     2.5812       4.57   26.06698  -96.92406   -0.00201   -0.00212          1  0.000e+00
      18389    766.167     29.290     29.484    29.0699    29.0695   5.830886   5.830224     3.0085     2.5812       4.54   26.06698  -96.92406   -0.00209   -0.00194          1  0.000e+00
      18390    766.208     29.323     29.518    29.0703    29.0693   5.830917   5.830184     3.0085     2.5812       4.57   26.06698  -96.92406   -0.00216   -0.00176          1  0.000e+00
      18391    766.250     29.290     29.484    29.0700    29.0691   5.831028   5.830111     3.0098     2.5812       4.57   26.06698  -96.92406   -0.00221   -0.00157          1  0.000e+00
      18392    766.292     29.323     29.518    29.0701    29.0691   5.831186   5.830015     3.0098     2.5812       4.59   26.06698  -96.92406   -0.00226   -0.00139          1  0.000e+00
      18393    766.333     29.290     29.484    29.0701    29.0693   5.831226   5.830135     3.0098     2.5812       4.59   26.06698  -96.92406   -0.00230   -0.00119          1  0.000e+00
      18394    766.375     29.276     29.470    29.0703    29.0693   5.831352   5.830280     3.0110     2.5800       4.59   26.06698  -96.92406   -0.00231   -0.00100          1  0.000e+00
      18395    766.417     29.290     29.484    29.0707    29.0693   5.831447   5.830352     3.0098     2.5800       4.59   26.06698  -96.92406   -0.00236   -0.00082          1  0.000e+00
      18396    766.458     29.276     29.470    29.0710    29.0695   5.831463   5.830472     3.0110     2.5788       4.59   26.06698  -96.92406   -0.00237   -0.00065          1  0.000e+00
      18397    766.500     29.323     29.518    29.0713    29.0699   5.831392   5.830472     3.0122     2.5788       4.59   26.06698  -96.92406   -0.00235   -0.00047          1  0.000e+00
      18398    766.542     29.235     29.429    29.0708    29.0701   5.831281   5.830392     3.0122     2.5788       4.59   26.06698  -96.92406   -0.00234   -0.00030          1  0.000e+00
      18399    766.583     29.323     29.518    29.0703    29.0697   5.831154   5.830328     3.0134     2.5788       4.59   26.06698  -96.92406   -0.00231   -0.00013          1  0.000e+00
      18400    766.625     29.235     29.429    29.0698    29.0693   5.831305   5.830248     3.0147     2.5788       4.59   26.06698  -96.92406   -0.00225    0.00005          1  0.000e+00
      18401    766.667     29.276     29.470    29.0698    29.0693   5.831328   5.830192     3.0134     2.5775       4.59   26.06698  -96.92406   -0.00222    0.00021          1  0.000e+00
      18402    766.708     29.235     29.429    29.0703    29.0690   5.831305   5.830071     3.0147     2.5775       4.59   26.06698  -96.92406   -0.00217    0.00037          1  0.000e+00
      18403    766.750     29.276     29.470    29.0710    29.0688   5.831352   5.829927     3.0147     2.5775       4.59   26.06698  -96.92406   -0.00213    0.00053          1  0.000e+00
      18404    766.792     29.235     29.429    29.0713    29.0690   5.831297   5.829927     3.0159     2.5763       4.59   26.06698  -96.92406   -0.00204    0.00066          1  0.000e+00
      18405    766.833     29.276     29.470    29.0699    29.0690   5.831004   5.829759     3.0159     2.5763       4.59   26.06698  -96.92406   -0.00196    0.00079          1  0.000e+00
      18406    766.875     29.222     29.415    29.0688    29.0686   5.830893   5.829735     3.0171     2.5751       4.59   26.06698  -96.92406   -0.00186    0.00089          1  0.000e+00
      18407    766.917     29.235     29.429    29.0683    29.0684   5.830846   5.829783     3.0171     2.5751       4.59   26.06698  -96.92406   -0.00178    0.00099          1  0.000e+00
      18408    766.958     29.222     29.415    29.0690    29.0684   5.830838   5.829759     3.0171     2.5739       4.59   26.06698  -96.92406   -0.00170    0.00106          1  0.000e+00
      18409    767.000     29.235     29.429    29.0688    29.0684   5.830893   5.829638     3.0183     2.5739       4.59   26.06698  -96.92406   -0.00158    0.00112          1  0.000e+00
      18410    767.042     29.222     29.415    29.0700    29.0686   5.831036   5.829711     3.0195     2.5739       4.59   26.06698  -96.92406   -0.00147    0.00118          1  0.000e+00
      18411    767.083     29.188     29.381    29.0708    29.0684   5.831186   5.829823     3.0195     2.5726       4.59   26.06698  -96.92406   -0.00134    0.00121          1  0.000e+00
      18412    767.125     29.222     29.415    29.0703    29.0684   5.831257   5.829847     3.0195     2.5726       4.59   26.06698  -96.92406   -0.00121    0.00125          1  0.000e+00
      18413    767.167     29.188     29.381    29.0692    29.0686   5.830933   5.829807     3.0195     2.5726       4.59   26.06698  -96.92406   -0.00108    0.00127          1  0.000e+00
      18414    767.208     29.175     29.368    29.0688    29.0686   5.830506   5.829687     3.0208     2.5726       4.59   26.06698  -96.92406   -0.00093    0.00129          1  0.000e+00
      18415    767.250     29.175     29.368    29.0683    29.0684   5.830371   5.829542     3.0208     2.5714       4.59   26.06698  -96.92406   -0.00079    0.00130          1  0.000e+00
      18416    767.292     29.188     29.381    29.0681    29.0682   5.830245   5.829326     3.0220     2.5714       4.69   26.06698  -96.92406   -0.00063    0.00131          1  0.000e+00
      18417    767.333     29.175     29.368    29.0684    29.0678   5.830166   5.829198     3.0220     2.5714       4.74   26.06698  -96.92406   -0.00047    0.00130          1  0.000e+00
      18418    767.375     29.188     29.381    29.0683    29.0677   5.830016   5.829278     3.0220     2.5702       4.74   26.06698  -96.92406   -0.00031    0.00128          1  0.000e+00
      18419    767.417     29.127     29.320    29.0678    29.0675   5.829905   5.829318     3.0232     2.5702       4.74   26.06698  -96.92406   -0.00014    0.00126          1  0.000e+00
      18420    767.458     29.141     29.334    29.0677    29.0677   5.829810   5.829350     3.0232     2.5690       4.74   26.06698  -96.92406    0.00005    0.00122          1  0.000e+00
      18421    767.500     29.175     29.368    29.0675    29.0675   5.829778   5.829294     3.0232     2.5690       4.74   26.06698  -96.92406    0.00021    0.00119          1  0.000e+00
      18422    767.542     29.141     29.334    29.0676    29.0677   5.829818   5.829125     3.0232     2.5690       4.74   26.06698  -96.92406    0.00040    0.00116          1  0.000e+00
      18423    767.583     29.127     29.320    29.0679    29.0673   5.829865   5.829182     3.0232     2.5678       4.74   26.06698  -96.92406    0.00058    0.00111          1  0.000e+00
      18424    767.625     29.127     29.320    29.0681    29.0675   5.829842   5.829398     3.0244     2.5690       4.74   26.06698  -96.92406    0.00078    0.00106          1  0.000e+00
      18425    767.667     29.141     29.334    29.0679    29.0680   5.829826   5.829534     3.0244     2.5690       4.74   26.06698  -96.92406    0.00097    0.00102          1  0.000e+00
      18426    767.708     29.073     29.265    29.0678    29.0682   5.829936   5.829630     3.0244     2.5690       4.74   26.06698  -96.92406    0.00117    0.00097          1  0.000e+00
      18427    767.750     29.141     29.334    29.0677    29.0682   5.830079   5.829759     3.0244     2.5678       4.74   26.06698  -96.92406    0.00136    0.00092          1  0.000e+00
      18428    767.792     29.026     29.218    29.0681    29.0686   5.830261   5.829727     3.0244     2.5678       4.74   26.06698  -96.92406    0.00156    0.00086          1  0.000e+00
      18429    767.833     29.087     29.279    29.0683    29.0686   5.830514   5.829807     3.0244     2.5665       4.71   26.06698  -96.92406    0.00177    0.00077          1  0.000e+00
      18430    767.875     29.127     29.320    29.0694    29.0688   5.830917   5.830063     3.0244     2.5665       4.74   26.06698  -96.92406    0.00196    0.00069          1  0.000e+00
      18431    767.917     29.087     29.279    29.0701    29.0695   5.831099   5.830208     3.0244     2.5665       4.74   26.06698  -96.92406    0.00214    0.00060          1  0.000e+00
      18432    767.958     29.026     29.218    29.0698    29.0699   5.831075   5.830328     3.0244     2.5653       4.71   26.06698  -96.92406    0.00232    0.00048          1  0.000e+00
      18433    768.000     29.087     29.279    29.0701    29.0697   5.830996   5.830328     3.0244     2.5641       4.71   26.06698  -96.92406    0.00250    0.00035          1  0.000e+00
      18434    768.042     29.073     29.265    29.0698    29.0693   5.830980   5.830175     3.0232     2.5641       4.71   26.06698  -96.92406    0.00266    0.00022          1  0.000e+00
      18435    768.083     29.026     29.218    29.0700    29.0690   5.830909   5.830095     3.0232     2.5641       4.71   26.06698  -96.92406    0.00280    0.00007          1  0.000e+00
      18436    768.125     29.039     29.231    29.0699    29.0691   5.830980   5.830087     3.0232     2.5641       4.74   26.06698  -96.92406    0.00294   -0.00007          1  0.000e+00
      18437    768.167     29.026     29.218    29.0699    29.0691   5.830988   5.830047     3.0232     2.5641       4.71   26.06698  -96.92406    0.00307   -0.00023          1  0.000e+00
      18438    768.208     29.039     29.231    29.0698    29.0695   5.830941   5.830208     3.0232     2.5641       4.71   26.06698  -96.92406    0.00321   -0.00039          1  0.000e+00
      18439    768.250     29.073     29.265    29.0698    29.0697   5.830862   5.830376     3.0232     2.5629       4.74   26.06698  -96.92406    0.00334   -0.00058          1  0.000e+00
      18440    768.292     28.992     29.184    29.0698    29.0697   5.830893   5.830416     3.0220     2.5641       4.86   26.06698  -96.92406    0.00345   -0.00075          1  0.000e+00
      18441    768.333     29.026     29.218    29.0694    29.0699   5.830822   5.830448     3.0220     2.5641       4.88   26.06698  -96.92406    0.00356   -0.00090          1  0.000e+00
      18442    768.375     28.992     29.184    29.0694    29.0701   5.830822   5.830608     3.0220     2.5641       4.88   26.06698  -96.92406    0.00365   -0.00106          1  0.000e+00
