GOMECC/GOMECC-4/1db/rb2103_0581.ros
* Sea-Bird SBE 9 Data File:
* FileName = C:\Users\scs.user.rb\CTD\GOMECC4\data\rb2103_0581.hex
* Software Version Seasave V 7.26.7.107
* Temperature SN = 4799
* Conductivity SN = 3860
* Number of Bytes Per Scan = 41
* Number of Voltage Words = 4
* Number of Scans Averaged by the Deck Unit = 1
* NMEA Latitude = 28 20.02 N
* NMEA Longitude = 094 59.97 W
* NMEA UTC (Time) = Sep 29 2021  08:15:55
* NMEA baud rate = 4800
# nquan = 17
# nvalues = 532                                   
# units = specified
# name 0 = scan: Scan Count
# name 1 = timeS: Time, Elapsed [seconds]
# name 2 = depSM: Depth [salt water, m]
# name 3 = prDM: Pressure, Digiquartz [db]
# name 4 = t090C: Temperature [ITS-90, deg C]
# name 5 = t190C: Temperature, 2 [ITS-90, deg C]
# name 6 = c0S/m: Conductivity [S/m]
# name 7 = c1S/m: Conductivity, 2 [S/m]
# name 8 = sbeox0V: Oxygen raw, SBE 43 [V]
# name 9 = sbeox1V: Oxygen raw, SBE 43, 2 [V]
# name 10 = altM: Altimeter [m]
# name 11 = latitude: Latitude [deg]
# name 12 = longitude: Longitude [deg]
# name 13 = sbox0dV/dT: Oxygen, SBE 43 [dov/dt]
# name 14 = sbox1dV/dT: Oxygen, SBE 43, 2 [dov/dt]
# name 15 = nbf: Bottles Fired
# name 16 = flag:  0.000e+00
# interval = seconds: 0.0416667
# start_time = Sep 29 2021 08:15:55 [NMEA time, header]
# bad_flag = -9.990e-29
*END*
      16203    675.083     35.871     36.116    28.6546    28.6549   5.676767   5.676827     3.1038     2.6349       4.54   28.33408  -94.99888    0.00090    0.00051          1  0.000e+00
      16204    675.125     36.068     36.313    28.6545    28.6548   5.676743   5.676772     3.1038     2.6349       4.52   28.33408  -94.99888    0.00083    0.00054          1  0.000e+00
      16205    675.167     35.966     36.211    28.6546    28.6542   5.676806   5.676724     3.1038     2.6349       4.59   28.33408  -94.99888    0.00075    0.00058          1  0.000e+00
      16206    675.208     35.885     36.129    28.6546    28.6551   5.676798   5.676716     3.1038     2.6349       4.79   28.33408  -94.99888    0.00069    0.00061          1  0.000e+00
      16207    675.250     35.919     36.163    28.6545    28.6547   5.676743   5.676716     3.1038     2.6349       4.86   28.33408  -94.99888    0.00063    0.00065          1  0.000e+00
      16208    675.292     35.817     36.061    28.6541    28.6542   5.676735   5.676645     3.1038     2.6349       4.86   28.33408  -94.99888    0.00056    0.00068          1  0.000e+00
      16209    675.333     35.838     36.082    28.6542    28.6545   5.676665   5.676653     3.1050     2.6349       4.86   28.33408  -94.99888    0.00052    0.00072          1  0.000e+00
      16210    675.375     35.817     36.061    28.6539    28.6542   5.676642   5.676700     3.1050     2.6349       4.86   28.33408  -94.99888    0.00047    0.00074          1  0.000e+00
      16211    675.417     35.817     36.061    28.6537    28.6542   5.676602   5.676716     3.1038     2.6337       4.86   28.33408  -94.99888    0.00040    0.00074          1  0.000e+00
      16212    675.458     35.790     36.034    28.6537    28.6542   5.676555   5.676645     3.1050     2.6337       4.86   28.33408  -94.99888    0.00036    0.00075          1  0.000e+00
      16213    675.500     35.723     35.966    28.6535    28.6542   5.676509   5.676653     3.1050     2.6337       4.86   28.33408  -94.99888    0.00031    0.00075          1  0.000e+00
      16214    675.542     35.770     36.013    28.6535    28.6542   5.676501   5.676668     3.1050     2.6325       4.86   28.33408  -94.99888    0.00027    0.00074          1  0.000e+00
      16215    675.583     35.736     35.979    28.6535    28.6538   5.676501   5.676629     3.1050     2.6325       4.86   28.33408  -94.99888    0.00024    0.00072          1  0.000e+00
      16216    675.625     35.723     35.966    28.6534    28.6540   5.676501   5.676581     3.1050     2.6325       4.86   28.33408  -94.99888    0.00020    0.00070          1  0.000e+00
      16217    675.667     35.668     35.911    28.6534    28.6538   5.676462   5.676581     3.1062     2.6325       4.86   28.33408  -94.99888    0.00019    0.00069          1  0.000e+00
      16218    675.708     35.641     35.884    28.6534    28.6536   5.676485   5.676573     3.1062     2.6325       4.86   28.33408  -94.99888    0.00017    0.00067          1  0.000e+00
      16219    675.750     35.723     35.966    28.6534    28.6538   5.676462   5.676542     3.1062     2.6313       4.86   28.33408  -94.99888    0.00015    0.00064          1  0.000e+00
      16220    675.792     35.621     35.863    28.6533    28.6538   5.676430   5.676597     3.1062     2.6313       4.86   28.33408  -94.99888    0.00015    0.00061          1  0.000e+00
      16221    675.833     35.492     35.734    28.6534    28.6538   5.676477   5.676549     3.1062     2.6313       4.86   28.33408  -94.99888    0.00014    0.00057          1  0.000e+00
      16222    675.875     35.723     35.966    28.6534    28.6535   5.676430   5.676557     3.1062     2.6313       4.86   28.33408  -94.99888    0.00012    0.00054          1  0.000e+00
      16223    675.917     35.574     35.816    28.6534    28.6536   5.676477   5.676542     3.1062     2.6313       4.86   28.33408  -94.99888    0.00011    0.00051          1  0.000e+00
      16224    675.958     35.574     35.816    28.6534    28.6536   5.676532   5.676557     3.1062     2.6313       4.86   28.33408  -94.99888    0.00011    0.00050          1  0.000e+00
      16225    676.000     35.540     35.782    28.6537    28.6536   5.676579   5.676541     3.1062     2.6313       4.86   28.33408  -94.99888    0.00010    0.00047          1  0.000e+00
      16226    676.042     35.574     35.816    28.6535    28.6534   5.676594   5.676494     3.1062     2.6325       4.86   28.33408  -94.99888    0.00009    0.00046          1  0.000e+00
      16227    676.083     35.519     35.761    28.6535    28.6535   5.676524   5.676486     3.1074     2.6325       4.86   28.33408  -94.99888    0.00010    0.00045          1  0.000e+00
      16228    676.125     35.492     35.734    28.6537    28.6534   5.676532   5.676518     3.1074     2.6325       4.86   28.33408  -94.99888    0.00013    0.00044          1  0.000e+00
      16229    676.167     35.519     35.761    28.6537    28.6536   5.676508   5.676629     3.1062     2.6313       4.91   28.33408  -94.99888    0.00012    0.00042          1  0.000e+00
      16230    676.208     35.519     35.761    28.6535    28.6540   5.676462   5.676676     3.1074     2.6325       5.15   28.33408  -94.99888    0.00012    0.00042          1  0.000e+00
      16231    676.250     35.492     35.734    28.6537    28.6538   5.676485   5.676668     3.1074     2.6325       5.30   28.33408  -94.99888    0.00013    0.00042          1  0.000e+00
      16232    676.292     35.472     35.714    28.6535    28.6542   5.676501   5.676700     3.1062     2.6325       5.30   28.33408  -94.99888    0.00012    0.00041          1  0.000e+00
      16233    676.333     35.472     35.714    28.6537    28.6544   5.676501   5.676716     3.1062     2.6325       5.27   28.33408  -94.99888    0.00012    0.00040          1  0.000e+00
      16234    676.375     35.492     35.734    28.6535    28.6545   5.676477   5.676787     3.1074     2.6325       5.27   28.33408  -94.99888    0.00012    0.00040          1  0.000e+00
      16235    676.417     35.472     35.714    28.6539    28.6545   5.676524   5.676771     3.1074     2.6325       5.27   28.33408  -94.99888    0.00013    0.00039          1  0.000e+00
      16236    676.458     35.425     35.666    28.6535    28.6546   5.676579   5.676763     3.1074     2.6325       5.27   28.33408  -94.99888    0.00013    0.00038          1  0.000e+00
      16237    676.500     35.492     35.734    28.6539    28.6545   5.676626   5.676763     3.1062     2.6325       5.27   28.33408  -94.99888    0.00011    0.00036          1  0.000e+00
      16238    676.542     35.425     35.666    28.6535    28.6545   5.676571   5.676763     3.1074     2.6325       5.27   28.33408  -94.99888    0.00011    0.00034          1  0.000e+00
      16239    676.583     35.472     35.714    28.6537    28.6545   5.676579   5.676795     3.1062     2.6325       5.27   28.33408  -94.99888    0.00011    0.00031          1  0.000e+00
      16240    676.625     35.438     35.679    28.6535    28.6546   5.676555   5.676811     3.1062     2.6325       5.27   28.33408  -94.99888    0.00009    0.00027          1  0.000e+00
      16241    676.667     35.425     35.666    28.6539    28.6547   5.676579   5.676811     3.1062     2.6325       5.27   28.33408  -94.99888    0.00009    0.00023          1  0.000e+00
      16242    676.708     35.472     35.714    28.6539    28.6547   5.676626   5.676843     3.1062     2.6337       5.27   28.33408  -94.99888    0.00007    0.00020          1  0.000e+00
      16243    676.750     35.438     35.679    28.6537    28.6549   5.676602   5.676819     3.1062     2.6325       5.27   28.33408  -94.99888    0.00004    0.00016          1  0.000e+00
      16244    676.792     35.425     35.666    28.6539    28.6547   5.676594   5.676850     3.1062     2.6337       5.27   28.33408  -94.99888    0.00004    0.00012          1  0.000e+00
      16245    676.833     35.472     35.714    28.6539    28.6551   5.676594   5.676819     3.1062     2.6337       5.27   28.33408  -94.99888    0.00004    0.00007          1  0.000e+00
      16246    676.875     35.438     35.679    28.6541    28.6549   5.676626   5.676843     3.1062     2.6337       5.27   28.33408  -94.99888    0.00003    0.00003          1  0.000e+00
      16247    676.917     35.519     35.761    28.6539    28.6549   5.676641   5.676858     3.1050     2.6325       5.27   28.33408  -94.99888    0.00001   -0.00005          1  0.000e+00
      16248    676.958     35.472     35.714    28.6543    28.6551   5.676680   5.676890     3.1050     2.6337       5.27   28.33408  -94.99888   -0.00001   -0.00010          1  0.000e+00
      16249    677.000     35.343     35.584    28.6544    28.6551   5.676759   5.676969     3.1062     2.6337       5.27   28.33408  -94.99888   -0.00000   -0.00017          1  0.000e+00
      16250    677.042     35.621     35.863    28.6546    28.6551   5.676853   5.676993     3.1050     2.6325       5.27   28.33408  -94.99888   -0.00001   -0.00025          1  0.000e+00
      16251    677.083     35.519     35.761    28.6548    28.6549   5.676946   5.676961     3.1050     2.6325       5.27   28.33408  -94.99888   -0.00001   -0.00032          1  0.000e+00
      16252    677.125     35.519     35.761    28.6550    28.6551   5.676993   5.676914     3.1050     2.6325       5.27   28.33408  -94.99888   -0.00001   -0.00041          1  0.000e+00
      16253    677.167     35.540     35.782    28.6546    28.6553   5.676938   5.676969     3.1050     2.6325       5.27   28.33408  -94.99888   -0.00002   -0.00048          1  0.000e+00
      16254    677.208     35.574     35.816    28.6542    28.6555   5.676813   5.677025     3.1050     2.6325       5.27   28.33408  -94.99888   -0.00004   -0.00055          1  0.000e+00
      16255    677.250     35.574     35.816    28.6550    28.6553   5.676985   5.677001     3.1050     2.6325       5.27   28.33408  -94.99888   -0.00004   -0.00062          1  0.000e+00
      16256    677.292     35.587     35.829    28.6556    28.6549   5.677157   5.676962     3.1050     2.6325       5.27   28.33408  -94.99888   -0.00005   -0.00068          1  0.000e+00
      16257    677.333     35.574     35.816    28.6561    28.6549   5.677369   5.676882     3.1038     2.6325       5.27   28.33408  -94.99888   -0.00007   -0.00073          1  0.000e+00
      16258    677.375     35.621     35.863    28.6565    28.6548   5.677674   5.676859     3.1050     2.6325       5.27   28.33408  -94.99888   -0.00007   -0.00079          1  0.000e+00
      16259    677.417     35.641     35.884    28.6566    28.6547   5.677619   5.676859     3.1050     2.6325       5.27   28.33408  -94.99888   -0.00007   -0.00084          1  0.000e+00
      16260    677.458     35.668     35.911    28.6562    28.6547   5.677439   5.676819     3.1062     2.6325       5.27   28.33408  -94.99888   -0.00005   -0.00088          1  0.000e+00
      16261    677.500     35.668     35.911    28.6563    28.6547   5.677353   5.676843     3.1050     2.6325       5.27   28.33408  -94.99888   -0.00005   -0.00092          1  0.000e+00
      16262    677.542     35.689     35.932    28.6563    28.6545   5.677408   5.676859     3.1062     2.6325       5.27   28.33408  -94.99888   -0.00004   -0.00096          1  0.000e+00
      16263    677.583     35.723     35.966    28.6565    28.6548   5.677572   5.676890     3.1062     2.6325       5.27   28.33408  -94.99888   -0.00002   -0.00100          1  0.000e+00
      16264    677.625     35.770     36.013    28.6568    28.6545   5.677791   5.676835     3.1062     2.6325       5.27   28.33408  -94.99888   -0.00000   -0.00102          1  0.000e+00
      16265    677.667     35.736     35.979    28.6572    28.6547   5.677814   5.676882     3.1062     2.6325       5.27   28.33408  -94.99888    0.00001   -0.00104          1  0.000e+00
      16266    677.708     35.817     36.061    28.6570    28.6547   5.677947   5.676906     3.1062     2.6325       5.27   28.33408  -94.99888    0.00003   -0.00106          1  0.000e+00
      16267    677.750     35.770     36.013    28.6576    28.6546   5.678065   5.676906     3.1062     2.6337       5.27   28.33408  -94.99888    0.00006   -0.00104          1  0.000e+00
      16268    677.792     35.885     36.129    28.6574    28.6549   5.677979   5.676970     3.1062     2.6325       5.27   28.33408  -94.99888    0.00008   -0.00104          1  0.000e+00
      16269    677.833     35.817     36.061    28.6576    28.6551   5.678049   5.677025     3.1062     2.6325       5.27   28.33408  -94.99888    0.00010   -0.00104          1  0.000e+00
      16270    677.875     35.871     36.116    28.6576    28.6551   5.678088   5.677041     3.1062     2.6325       5.27   28.33408  -94.99888    0.00011   -0.00104          1  0.000e+00
      16271    677.917     35.919     36.163    28.6577    28.6549   5.678158   5.677001     3.1062     2.6337       5.27   28.33408  -94.99888    0.00015   -0.00101          1  0.000e+00
      16272    677.958     35.939     36.184    28.6576    28.6553   5.678143   5.677136     3.1062     2.6337       5.27   28.33408  -94.99888    0.00017   -0.00097          1  0.000e+00
      16273    678.000     35.919     36.163    28.6576    28.6560   5.678135   5.677390     3.1062     2.6337       5.27   28.33408  -94.99888    0.00018   -0.00092          1  0.000e+00
      16274    678.042     35.966     36.211    28.6576    28.6562   5.678205   5.677580     3.1062     2.6325       5.27   28.33408  -94.99888    0.00022   -0.00089          1  0.000e+00
      16275    678.083     35.986     36.232    28.6576    28.6571   5.678229   5.677921     3.1062     2.6325       5.27   28.33408  -94.99888    0.00024   -0.00087          1  0.000e+00
      16276    678.125     36.068     36.313    28.6577    28.6575   5.678229   5.678055     3.1062     2.6325       5.27   28.33408  -94.99888    0.00025   -0.00085          1  0.000e+00
      16277    678.167     36.014     36.259    28.6577    28.6575   5.678299   5.677849     3.1062     2.6325       5.18   28.33408  -94.99888    0.00027   -0.00083          1  0.000e+00
      16278    678.208     36.088     36.334    28.6580    28.6568   5.678393   5.677540     3.1074     2.6325       4.88   28.33408  -94.99888    0.00031   -0.00080          1  0.000e+00
      16279    678.250     36.068     36.313    28.6577    28.6556   5.678346   5.677104     3.1062     2.6325       4.79   28.33408  -94.99888    0.00032   -0.00077          1  0.000e+00
      16280    678.292     36.115     36.361    28.6577    28.6549   5.678323   5.676851     3.1062     2.6325       4.79   28.33408  -94.99888    0.00034   -0.00075          1  0.000e+00
      16281    678.333     36.135     36.381    28.6580    28.6545   5.678284   5.676772     3.1062     2.6325       4.81   28.33408  -94.99888    0.00037   -0.00072          1  0.000e+00
      16282    678.375     36.115     36.361    28.6572    28.6547   5.678307   5.676795     3.1062     2.6325       4.79   28.33408  -94.99888    0.00039   -0.00069          1  0.000e+00
      16283    678.417     36.217     36.463    28.6576    28.6547   5.678284   5.676883     3.1050     2.6325       4.79   28.33408  -94.99888    0.00039   -0.00066          1  0.000e+00
      16284    678.458     36.162     36.409    28.6576    28.6551   5.678276   5.677073     3.1050     2.6325       4.81   28.33408  -94.99888    0.00039   -0.00063          1  0.000e+00
      16285    678.500     36.237     36.484    28.6577    28.6557   5.678276   5.677342     3.1062     2.6325       4.81   28.33408  -94.99888    0.00041   -0.00060          1  0.000e+00
      16286    678.542     36.217     36.463    28.6576    28.6566   5.678417   5.677628     3.1050     2.6313       4.81   28.33408  -94.99888    0.00041   -0.00058          1  0.000e+00
      16287    678.583     36.264     36.511    28.6576    28.6571   5.678425   5.677905     3.1050     2.6313       4.79   28.33408  -94.99888    0.00041   -0.00058          1  0.000e+00
