GOMECC/GOMECC-4/1db/rb2103_0381.ros
* Sea-Bird SBE 9 Data File:
* FileName = C:\Users\scs.user.rb\CTD\GOMECC4\data\rb2103_0381.hex
* Software Version Seasave V 7.26.7.107
* Temperature SN = 4799
* Conductivity SN = 3860
* Number of Bytes Per Scan = 41
* Number of Voltage Words = 4
* Number of Scans Averaged by the Deck Unit = 1
* NMEA Latitude = 27 35.06 N
* NMEA Longitude = 089 59.95 W
* NMEA UTC (Time) = Sep 25 2021  13:55:17
* NMEA baud rate = 4800
# nquan = 17
# nvalues = 3192                                  
# units = specified
# name 0 = scan: Scan Count
# name 1 = timeS: Time, Elapsed [seconds]
# name 2 = depSM: Depth [salt water, m]
# name 3 = prDM: Pressure, Digiquartz [db]
# name 4 = t090C: Temperature [ITS-90, deg C]
# name 5 = t190C: Temperature, 2 [ITS-90, deg C]
# name 6 = c0S/m: Conductivity [S/m]
# name 7 = c1S/m: Conductivity, 2 [S/m]
# name 8 = sbeox0V: Oxygen raw, SBE 43 [V]
# name 9 = sbeox1V: Oxygen raw, SBE 43, 2 [V]
# name 10 = altM: Altimeter [m]
# name 11 = latitude: Latitude [deg]
# name 12 = longitude: Longitude [deg]
# name 13 = sbox0dV/dT: Oxygen, SBE 43 [dov/dt]
# name 14 = sbox1dV/dT: Oxygen, SBE 43, 2 [dov/dt]
# name 15 = nbf: Bottles Fired
# name 16 = flag:  0.000e+00
# interval = seconds: 0.0416667
# start_time = Sep 25 2021 13:55:17 [NMEA time, header]
# bad_flag = -9.990e-29
*END*
[from data line 426]
      71267   2969.417    794.972    801.818     6.3465     6.3476   3.495437   3.495487     1.6947     1.3944     100.00   27.59418  -89.99872    0.00002    0.00007          4  0.000e+00
      71268   2969.458    794.858    801.702     6.3463     6.3476   3.495437   3.495467     1.6935     1.3932     100.00   27.59418  -89.99872    0.00004    0.00007          4  0.000e+00
      71269   2969.500    794.957    801.802     6.3461     6.3478   3.495411   3.495506     1.6923     1.3932     100.00   27.59418  -89.99872    0.00002    0.00007          4  0.000e+00
      71270   2969.542    794.858    801.702     6.3463     6.3482   3.495449   3.495487     1.6935     1.3932     100.00   27.59418  -89.99872    0.00002    0.00007          4  0.000e+00
      71271   2969.583    794.919    801.764     6.3465     6.3486   3.495469   3.495487     1.6923     1.3932     100.00   27.59418  -89.99872   -0.00001    0.00006          4  0.000e+00
      71272   2969.625    794.843    801.687     6.3467     6.3486   3.495488   3.495539     1.6935     1.3932     100.00   27.59418  -89.99872   -0.00001    0.00006          4  0.000e+00
      71273   2969.667    794.858    801.702     6.3465     6.3490   3.495475   3.495565     1.6935     1.3944     100.00   27.59418  -89.99872   -0.00000    0.00008          4  0.000e+00
      71274   2969.708    794.858    801.702     6.3468     6.3489   3.495469   3.495630     1.6935     1.3932     100.00   27.59418  -89.99872   -0.00000    0.00008          4  0.000e+00
      71275   2969.750    794.843    801.687     6.3468     6.3489   3.495507   3.495604     1.6935     1.3932     100.00   27.59418  -89.99872 8.7921e-07    0.00007          4  0.000e+00
      71276   2969.792    794.858    801.702     6.3470     6.3490   3.495526   3.495571     1.6935     1.3932     100.00   27.59418  -89.99872    0.00000    0.00007          4  0.000e+00
      71277   2969.833    794.805    801.648     6.3475     6.3487   3.495526   3.495558     1.6935     1.3932     100.00   27.59418  -89.99872    0.00001    0.00007          4  0.000e+00
      71278   2969.875    794.790    801.633     6.3473     6.3487   3.495546   3.495578     1.6935     1.3932     100.00   27.59418  -89.99872    0.00001    0.00007          4  0.000e+00
      71279   2969.917    794.858    801.702     6.3478     6.3492   3.495558   3.495630     1.6935     1.3932     100.00   27.59418  -89.99872    0.00001    0.00007          4  0.000e+00
      71280   2969.958    794.744    801.587     6.3477     6.3492   3.495558   3.495636     1.6935     1.3944     100.00   27.59418  -89.99872    0.00001    0.00008          4  0.000e+00
      71281   2970.000    794.790    801.633     6.3479     6.3494   3.495558   3.495643     1.6935     1.3944     100.00   27.59418  -89.99872    0.00002    0.00010          4  0.000e+00
      71282   2970.042    794.805    801.648     6.3484     6.3496   3.495629   3.495695     1.6935     1.3944     100.00   27.59418  -89.99872    0.00002    0.00011          4  0.000e+00
      71283   2970.083    794.744    801.587     6.3484     6.3497   3.495629   3.495701     1.6935     1.3932     100.00   27.59418  -89.99872    0.00002    0.00011          4  0.000e+00
      71284   2970.125    794.843    801.687     6.3479     6.3500   3.495597   3.495682     1.6935     1.3944     100.00   27.59418  -89.99872    0.00002    0.00012          4  0.000e+00
      71285   2970.167    794.744    801.587     6.3477     6.3499   3.495552   3.495656     1.6935     1.3932     100.00   27.59418  -89.99872    0.00003    0.00012          4  0.000e+00
      71286   2970.208    794.691    801.533     6.3479     6.3499   3.495578   3.495708     1.6935     1.3932     100.00   27.59418  -89.99872    0.00003    0.00011          4  0.000e+00
      71287   2970.250    794.790    801.633     6.3481     6.3497   3.495635   3.495688     1.6935     1.3932      95.12   27.59418  -89.99872    0.00005    0.00011          4  0.000e+00
      71288   2970.292    794.744    801.587     6.3489     6.3497   3.495629   3.495682     1.6935     1.3932      86.13   27.59418  -89.99872    0.00005    0.00011          4  0.000e+00
      71289   2970.333    794.691    801.533     6.3494     6.3495   3.495667   3.495643     1.6935     1.3932      83.35   27.59418  -89.99872    0.00004    0.00010          4  0.000e+00
      71290   2970.375    794.729    801.572     6.3495     6.3496   3.495706   3.495643     1.6935     1.3932      83.54   27.59418  -89.99872    0.00002    0.00010          4  0.000e+00
      71291   2970.417    794.744    801.587     6.3499     6.3496   3.495719   3.495649     1.6935     1.3932      83.98   27.59418  -89.99872    0.00002    0.00010          4  0.000e+00
      71292   2970.458    794.691    801.533     6.3499     6.3495   3.495744   3.495636     1.6923     1.3932      84.10   27.59418  -89.99872   -0.00001    0.00009          4  0.000e+00
      71293   2970.500    794.729    801.572     6.3497     6.3492   3.495751   3.495643     1.6935     1.3932      84.10   27.59418  -89.99872   -0.00001    0.00009          4  0.000e+00
      71294   2970.542    794.630    801.471     6.3495     6.3492   3.495699   3.495649     1.6935     1.3932      84.08   27.59418  -89.99872   -0.00001    0.00009          4  0.000e+00
      71295   2970.583    794.744    801.587     6.3494     6.3497   3.495732   3.495636     1.6935     1.3932      84.05   27.59418  -89.99872   -0.00000    0.00008          4  0.000e+00
      71296   2970.625    794.615    801.456     6.3496     6.3494   3.495732   3.495617     1.6935     1.3932      84.05   27.59418  -89.99872   -0.00000    0.00008          4  0.000e+00
      71297   2970.667    794.691    801.533     6.3495     6.3494   3.495719   3.495636     1.6935     1.3932      84.08   27.59418  -89.99872 3.5169e-07    0.00008          4  0.000e+00
      71298   2970.708    794.744    801.587     6.3495     6.3494   3.495719   3.495604     1.6935     1.3932      84.05   27.59418  -89.99872    0.00000    0.00007          4  0.000e+00
      71299   2970.750    794.615    801.456     6.3499     6.3492   3.495764   3.495571     1.6935     1.3932      84.08   27.59418  -89.99872    0.00000    0.00007          4  0.000e+00
      71300   2970.792    794.691    801.533     6.3499     6.3487   3.495732   3.495584     1.6935     1.3932      84.05   27.59418  -89.99872    0.00001    0.00006          4  0.000e+00
      71301   2970.833    794.691    801.533     6.3496     6.3487   3.495719   3.495610     1.6935     1.3932      84.08   27.59418  -89.99872    0.00001    0.00006          4  0.000e+00
      71302   2970.875    794.676    801.518     6.3491     6.3489   3.495648   3.495604     1.6935     1.3932      84.05   27.59418  -89.99872    0.00001    0.00006          4  0.000e+00
      71303   2970.917    794.691    801.533     6.3481     6.3484   3.495552   3.495591     1.6947     1.3932      84.08   27.59418  -89.99872    0.00003    0.00005          4  0.000e+00
      71304   2970.958    794.691    801.533     6.3476     6.3487   3.495526   3.495591     1.6947     1.3944      84.05   27.59418  -89.99872    0.00005    0.00007          4  0.000e+00
      71305   2971.000    794.615    801.456     6.3473     6.3486   3.495501   3.495552     1.6935     1.3932      84.08   27.59418  -89.99872    0.00005    0.00006          4  0.000e+00
      71306   2971.042    794.691    801.533     6.3474     6.3484   3.495539   3.495578     1.6947     1.3932      84.08   27.59418  -89.99872    0.00007    0.00006          4  0.000e+00
      71307   2971.083    794.691    801.534     6.3475     6.3486   3.495558   3.495610     1.6947     1.3932      84.05   27.59418  -89.99872    0.00009    0.00006          4  0.000e+00
      71308   2971.125    794.676    801.518     6.3479     6.3482   3.495584   3.495558     1.6935     1.3932      84.08   27.59418  -89.99872    0.00009    0.00005          4  0.000e+00
      71309   2971.167    794.691    801.534     6.3481     6.3479   3.495590   3.495500     1.6935     1.3944      84.05   27.59418  -89.99872    0.00009    0.00007          4  0.000e+00
      71310   2971.208    794.691    801.534     6.3489     6.3481   3.495661   3.495513     1.6935     1.3944      84.05   27.59418  -89.99872    0.00009    0.00008          4  0.000e+00
      71311   2971.250    794.676    801.518     6.3496     6.3482   3.495706   3.495532     1.6923     1.3944      88.08   27.59418  -89.99872    0.00007    0.00009          4  0.000e+00
      71312   2971.292    794.745    801.588     6.3494     6.3481   3.495693   3.495500     1.6935     1.3932      97.46   27.59418  -89.99872    0.00007    0.00009          4  0.000e+00
      71313   2971.333    794.692    801.534     6.3489     6.3482   3.495667   3.495539     1.6935     1.3932     100.00   27.59418  -89.99872    0.00008    0.00008          4  0.000e+00
      71314   2971.375    794.676    801.518     6.3483     6.3482   3.495584   3.495617     1.6935     1.3932     100.00   27.59418  -89.99872    0.00008    0.00008          4  0.000e+00
      71315   2971.417    794.692    801.534     6.3479     6.3484   3.495578   3.495597     1.6947     1.3944     100.00   27.59418  -89.99872    0.00010    0.00009          4  0.000e+00
      71316   2971.458    794.745    801.588     6.3475     6.3482   3.495513   3.495565     1.6935     1.3932     100.00   27.59418  -89.99872    0.00008    0.00008          4  0.000e+00
      71317   2971.500    794.676    801.518     6.3469     6.3484   3.495494   3.495578     1.6935     1.3932     100.00   27.59418  -89.99872    0.00006    0.00008          4  0.000e+00
      71318   2971.542    794.745    801.588     6.3460     6.3479   3.495424   3.495552     1.6935     1.3932     100.00   27.59418  -89.99872    0.00006    0.00007          4  0.000e+00
      71319   2971.583    794.745    801.588     6.3454     6.3480   3.495385   3.495552     1.6935     1.3932     100.00   27.59418  -89.99872    0.00006    0.00007          4  0.000e+00
      71320   2971.625    794.677    801.519     6.3454     6.3484   3.495372   3.495558     1.6935     1.3932     100.00   27.59418  -89.99872    0.00006    0.00006          4  0.000e+00
      71321   2971.667    794.745    801.588     6.3455     6.3482   3.495372   3.495539     1.6935     1.3932     100.00   27.59418  -89.99872    0.00006    0.00006          4  0.000e+00
      71322   2971.708    794.806    801.650     6.3455     6.3478   3.495372   3.495454     1.6935     1.3944     100.00   27.59418  -89.99872    0.00006    0.00007          4  0.000e+00
      71323   2971.750    794.791    801.634     6.3455     6.3471   3.495372   3.495448     1.6935     1.3932     100.00   27.59418  -89.99872    0.00006    0.00006          4  0.000e+00
      71324   2971.792    794.745    801.588     6.3454     6.3471   3.495347   3.495448     1.6935     1.3944     100.00   27.59418  -89.99872    0.00006    0.00008          4  0.000e+00
      71325   2971.833    794.745    801.588     6.3450     6.3474   3.495340   3.495506     1.6935     1.3932     100.00   27.59418  -89.99872    0.00006    0.00007          4  0.000e+00
      71326   2971.875    794.791    801.634     6.3452     6.3473   3.495340   3.495500     1.6947     1.3944     100.00   27.59418  -89.99872    0.00008    0.00008          4  0.000e+00
      71327   2971.917    794.860    801.704     6.3450     6.3474   3.495340   3.495500     1.6947     1.3944     100.00   27.59418  -89.99872    0.00010    0.00009          4  0.000e+00
      71328   2971.958    794.746    801.588     6.3452     6.3475   3.495340   3.495467     1.6923     1.3944     100.00   27.59418  -89.99872    0.00009    0.00010          4  0.000e+00
      71329   2972.000    794.845    801.689     6.3450     6.3476   3.495340   3.495480     1.6923     1.3944     100.00   27.59418  -89.99872    0.00008    0.00011          4  0.000e+00
      71330   2972.042    794.807    801.650     6.3450     6.3473   3.495315   3.495409     1.6935     1.3932     100.00   27.59418  -89.99872    0.00006    0.00011          4  0.000e+00
      71331   2972.083    794.860    801.704     6.3446     6.3463   3.495289   3.495344     1.6935     1.3932     100.00   27.59418  -89.99872    0.00006    0.00010          4  0.000e+00
      71332   2972.125    794.845    801.689     6.3444     6.3452   3.495276   3.495285     1.6935     1.3944     100.00   27.59418  -89.99872    0.00006    0.00011          4  0.000e+00
      71333   2972.167    794.921    801.766     6.3444     6.3440   3.495251   3.495136     1.6935     1.3932     100.00   27.59418  -89.99872    0.00006    0.00010          4  0.000e+00
      71334   2972.208    794.860    801.704     6.3444     6.3427   3.495289   3.495084     1.6935     1.3944     100.00   27.59418  -89.99872    0.00004    0.00011          4  0.000e+00
      71335   2972.250    794.845    801.689     6.3442     6.3423   3.495283   3.495058     1.6935     1.3932     100.00   27.59418  -89.99872    0.00004    0.00010          4  0.000e+00
      71336   2972.292    794.921    801.766     6.3442     6.3422   3.495276   3.495065     1.6935     1.3944     100.00   27.59418  -89.99872    0.00004    0.00011          4  0.000e+00
      71337   2972.333    794.921    801.766     6.3439     6.3427   3.495238   3.495104     1.6935     1.3932     100.00   27.59418  -89.99872    0.00004    0.00010          4  0.000e+00
      71338   2972.375    794.960    801.804     6.3441     6.3426   3.495212   3.495065     1.6935     1.3932     100.00   27.59418  -89.99872    0.00004    0.00010          4  0.000e+00
      71339   2972.417    794.921    801.766     6.3436     6.3426   3.495186   3.495084     1.6935     1.3944     100.00   27.59418  -89.99872    0.00004    0.00010          4  0.000e+00
      71340   2972.458    794.921    801.766     6.3436     6.3423   3.495225   3.495039     1.6935     1.3944     100.00   27.59418  -89.99872    0.00004    0.00011          4  0.000e+00
      71341   2972.500    794.960    801.805     6.3434     6.3419   3.495219   3.495045     1.6935     1.3944     100.00   27.59418  -89.99872    0.00004    0.00012          4  0.000e+00
      71342   2972.542    794.975    801.820     6.3434     6.3421   3.495161   3.495039     1.6935     1.3932     100.00   27.59418  -89.99872    0.00004    0.00011          4  0.000e+00
      71343   2972.583    794.975    801.820     6.3438     6.3418   3.495219   3.495045     1.6935     1.3944     100.00   27.59418  -89.99872    0.00004    0.00012          4  0.000e+00
      71344   2972.625    795.021    801.866     6.3438     6.3419   3.495251   3.495071     1.6935     1.3944     100.00   27.59418  -89.99872    0.00004    0.00013          4  0.000e+00
      71345   2972.667    794.975    801.820     6.3436     6.3424   3.495199   3.495091     1.6947     1.3944     100.00   27.59418  -89.99872    0.00007    0.00015          4  0.000e+00
      71346   2972.708    795.036    801.882     6.3431     6.3427   3.495199   3.495136     1.6947     1.3944     100.00   27.59418  -89.99872    0.00009    0.00018          4  0.000e+00
      71347   2972.750    795.021    801.867     6.3434     6.3429   3.495186   3.495097     1.6947     1.3944     100.00   27.59418  -89.99872    0.00013    0.00018          4  0.000e+00
      71348   2972.792    795.036    801.882     6.3431     6.3424   3.495154   3.495091     1.6923     1.3944     100.00   27.59418  -89.99872    0.00011    0.00019          4  0.000e+00
      71349   2972.833    795.036    801.882     6.3426     6.3426   3.495167   3.495058     1.6935     1.3932     100.00   27.59418  -89.99872    0.00009    0.00018          4  0.000e+00
      71350   2972.875    795.074    801.921     6.3432     6.3426   3.495187   3.495052     1.6935     1.3944     100.00   27.59418  -89.99872    0.00007    0.00019          4  0.000e+00
