GOMECC/GOMECC-4/1db/rb2103_1351.cnv
* Sea-Bird SBE 9 Data File:
* FileName = C:\Users\scs.user.rb\CTD\GOMECC4\data\rb2103_1351.hex
* Software Version Seasave V 7.26.7.107
* Temperature SN = 4799
* Conductivity SN = 3860
* Number of Bytes Per Scan = 41
* Number of Voltage Words = 4
* Number of Scans Averaged by the Deck Unit = 1
* NMEA Latitude = 26 15.54 N
* NMEA Longitude = 083 48.34 W
* NMEA UTC (Time) = Oct 20 2021  01:30:15
* NMEA baud rate = 4800
# nquan = 28
# nvalues = 131                         
# units = specified
# name 0 = scan: Scan Count
# name 1 = timeS: Time, Elapsed [seconds]
# name 2 = depSM: Depth [salt water, m]
# name 3 = prDM: Pressure, Digiquartz [db]
# name 4 = t090C: Temperature [ITS-90, deg C]
# name 5 = t190C: Temperature, 2 [ITS-90, deg C]
# name 6 = c0S/m: Conductivity [S/m]
# name 7 = c1S/m: Conductivity, 2 [S/m]
# name 8 = sbeox0V: Oxygen raw, SBE 43 [V]
# name 9 = sbeox1V: Oxygen raw, SBE 43, 2 [V]
# name 10 = altM: Altimeter [m]
# name 11 = latitude: Latitude [deg]
# name 12 = longitude: Longitude [deg]
# name 13 = sbox0dV/dT: Oxygen, SBE 43 [dov/dt]
# name 14 = sbox1dV/dT: Oxygen, SBE 43, 2 [dov/dt]
# name 15 = sbeox0ML/L: Oxygen, SBE 43 [ml/l], WS = 5
# name 16 = sbeox1ML/L: Oxygen, SBE 43, 2 [ml/l], WS = 5
# name 17 = potemp090C: Potential Temperature [ITS-90, deg C]
# name 18 = potemp190C: Potential Temperature, 2 [ITS-90, deg C]
# name 19 = sal00: Salinity, Practical [PSU]
# name 20 = sal11: Salinity, Practical, 2 [PSU]
# name 21 = sigma-é00: Density [sigma-theta, kg/m^3]
# name 22 = sigma-é11: Density, 2 [sigma-theta, kg/m^3]
# name 23 = avgsvCM: Average Sound Velocity [Chen-Millero, m/s], minP = 20, minS = 20
# name 24 = sbox0Mm/Kg: Oxygen, SBE 43 [umol/kg], WS = 5
# name 25 = sbox1Mm/Kg: Oxygen, SBE 43, 2 [umol/kg], WS = 5
# name 26 = nbin: number of scans per bin
# name 27 = flag: flag
# span 0 =      13154,      45331       
# span 1 =    548.046,   1888.740       
# span 2 =      0.993,     87.408       
# span 3 =      1.000,     88.000       
# span 4 =    21.6434,    28.7471       
# span 5 =    21.6402,    28.7660       
# span 6 =   5.153029,   5.835028       
# span 7 =   5.153086,   5.837333       
# span 8 =     2.3659,     3.2158       
# span 9 =     1.9838,     2.7271       
# span 10 =      10.74,      94.80      
# span 11 =   25.93130,   26.43898      
# span 12 =  -84.37991,  -82.75949      
# span 13 =   -0.02199,    0.01047      
# span 14 =   -0.01966,    0.01001      
# span 15 =     3.4147,     4.6718      
# span 16 =     3.4207,     4.6526      
# span 17 =    21.6261,    28.7399      
# span 18 =    21.6229,    28.7590      
# span 19 =    34.9635,    36.5662      
# span 20 =    34.9643,    36.5654      
# span 21 =    22.2533,    25.4827      
# span 22 =    22.2535,    25.4788      
# span 23 =       0.00,    1559.10      
# span 24 =    148.712,    203.799      
# span 25 =    148.972,    202.961      
# span 26 =         31,         72      
# span 27 = 0.0000e+00, 0.0000e+00      
# interval = decibars: 1                
# start_time = Oct 20 2021 01:30:15 [NMEA time, header]
# bad_flag = -9.990e-29
*END*
[from data line 52]
      16378    682.381     54.634     55.000    23.9615    23.9627   5.387798   5.387872     2.9872     2.5424      43.11   26.25863  -83.80522   -0.00181   -0.00022     4.4895     4.4927    23.9499    23.9512    36.4162    36.4157    24.7289    24.7281    1541.52    195.664    195.802         45 0.0000e+00
      16427    684.419     55.627     56.000    23.6715    23.6711   5.353656   5.353852     2.9944     2.5469      41.95   26.25863  -83.80522    0.00055    0.00089     4.5273     4.5263    23.6598    23.6593    36.3929    36.3947    24.7972    24.7988    1541.39    197.296    197.251         57 0.0000e+00
      16484    686.808     56.621     57.000    23.5227    23.5222   5.340261   5.340442     2.9905     2.5416      40.95   26.25862  -83.80522    0.00305    0.00083     4.5336     4.5262    23.5130    23.5104    36.4104    36.4113    24.8538    24.8543    1541.25    197.559    197.236         51 0.0000e+00
      16530    688.712     57.614     58.000    23.3263    23.3272   5.319859   5.320148     2.9597     2.5113      40.05   26.25862  -83.80522   -0.00985   -0.00932     4.4874     4.4753    23.3143    23.3152    36.4168    36.4183    24.9170    24.9179    1541.10    195.537    195.008         44 0.0000e+00
      16581    690.817     58.607     59.000    23.1693    23.1688   5.300476   5.300684     2.9363     2.4950      39.04   26.25862  -83.80522   -0.01426   -0.01224     4.4548     4.4527    23.1571    23.1566    36.3967    36.3987    24.9477    24.9493    1540.95    194.107    194.018         59 0.0000e+00
      16641    693.313     59.600     60.000    23.1242    23.1239   5.300657   5.301002     2.9287     2.4846      38.05   26.25862  -83.80522   -0.00338   -0.00231     4.4428     4.4327    23.1118    23.1115    36.4351    36.4380    24.9900    24.9923    1540.80    193.579    193.138         53 0.0000e+00
      16685    695.160     60.593     61.000    23.1495    23.1501   5.309952   5.310266     2.9023     2.4503      37.22   26.25862  -83.80522   -0.00907   -0.01017     4.3869     4.3540    23.1369    23.1375    36.4857    36.4877    25.0211    25.0225    1540.67    191.136    189.703         42 0.0000e+00
      16737    697.346     61.586     62.000    23.1515    23.1520   5.311931   5.312227     2.8444     2.4085      36.03   26.25862  -83.80522   -0.02199   -0.01966     4.2704     4.2613    23.1387    23.1392    36.4991    36.5009    25.0307    25.0320    1540.53    186.060    185.664         61 0.0000e+00
      16793    699.650     62.579     63.000    23.1306    23.1316   5.311727   5.311993     2.8250     2.3951      35.14   26.25862  -83.80522   -0.01371   -0.01051     4.2335     4.2332    23.1176    23.1186    36.5132    36.5145    25.0476    25.0483    1540.41    184.447    184.433         49 0.0000e+00
      16841    701.680     63.573     64.000    22.9621    22.9620   5.294293   5.294164     2.7984     2.3678      34.20   26.25862  -83.80522   -0.00927   -0.00823     4.1933     4.1855    22.9490    22.9489    36.5191    36.5181    25.1010    25.1003    1540.28    182.689    182.349         50 0.0000e+00
      16891    703.761     64.566     65.000    22.7307    22.7291   5.267232   5.267166     2.7524     2.3246      33.24   26.25862  -83.80522   -0.01863   -0.01830     4.1222     4.1084    22.7175    22.7159    36.5010    36.5004    25.1542    25.1537    1540.15    179.579    178.981         50 0.0000e+00
      16949    706.173     65.559     66.000    22.5228    22.5231   5.241070   5.241257     2.7090     2.2838      32.19   26.25862  -83.80522   -0.01985   -0.01890     4.0486     4.0321    22.5094    22.5098    36.4699    36.4711    25.1904    25.1912    1540.01    176.367    175.650         65 0.0000e+00
      17002    708.380     66.553     67.000    22.4450    22.4459   5.232345   5.232623     2.6833     2.2662      31.37   26.25862  -83.80522   -0.01427   -0.01110     4.0027     3.9986    22.4315    22.4324    36.4662    36.4677    25.2099    25.2107    1539.87    174.363    174.188         39 0.0000e+00
      17044    710.141     67.545     68.000    22.4021    22.4027   5.228278   5.228503     2.6647     2.2517      30.39   26.25862  -83.80522   -0.01091   -0.00756     3.9683     3.9695    22.3884    22.3890    36.4700    36.4712    25.2250    25.2258    1539.73    172.865    172.917         52 0.0000e+00
      17102    712.556     68.539     69.000    22.3457    22.3464   5.222710   5.222923     2.6422     2.2312      29.33   26.25862  -83.80522   -0.01008   -0.00890     3.9269     3.9277    22.3318    22.3325    36.4732    36.4743    25.2436    25.2442    1539.60    171.059    171.092         54 0.0000e+00
      17152    714.607     69.532     70.000    22.2817    22.2826   5.215677   5.215918     2.6331     2.2257      28.39   26.25862  -83.80522   -0.00687   -0.00528     3.9138     3.9203    22.2676    22.2686    36.4712    36.4723    25.2604    25.2610    1539.47    170.482    170.768         51 0.0000e+00
      17203    716.751     70.525     71.000    22.2319    22.2328   5.210749   5.210998     2.6242     2.2136      27.39   26.25862  -83.80522   -0.00369   -0.00380     3.8996     3.8969    22.2177    22.2185    36.4738    36.4751    25.2766    25.2773    1539.34    169.864    169.743         49 0.0000e+00
      17252    718.798     71.518     72.000    22.2083    22.2089   5.208847   5.209059     2.6116     2.2023      26.47   26.25862  -83.80522   -0.00539   -0.00593     3.8758     3.8735    22.1939    22.1944    36.4784    36.4796    25.2868    25.2875    1539.22    168.825    168.724         55 0.0000e+00
      17312    721.310     72.511     73.000    22.1463    22.1474   5.202320   5.202515     2.6006     2.1933      25.40   26.25862  -83.80522   -0.00518   -0.00424     3.8581     3.8572    22.1317    22.1329    36.4787    36.4793    25.3046    25.3047    1539.08    168.049    168.012         55 0.0000e+00
      17355    723.088     73.504     74.000    22.0701    22.0728   5.194349   5.194693     2.5900     2.1821      24.65   26.25862  -83.80522   -0.00450   -0.00430     3.8428     3.8381    22.0553    22.0581    36.4796    36.4799    25.3269    25.3264    1538.96    167.378    167.174         38 0.0000e+00
      17409    725.316     74.497     75.000    22.0222    22.0231   5.190062   5.190346     2.5733     2.1675      23.48   26.25862  -83.80522   -0.00694   -0.00644     3.8122     3.8089    22.0073    22.0082    36.4856    36.4871    25.3451    25.3460    1538.84    166.043    165.899         67 0.0000e+00
      17466    727.710     75.491     76.000    21.9964    21.9997   5.187857   5.188303     2.5601     2.1565      22.59   26.25862  -83.80522   -0.00632   -0.00562     3.7872     3.7859    21.9813    21.9846    36.4896    36.4904    25.3555    25.3551    1538.72    164.954    164.896         43 0.0000e+00
      17510    729.547     76.484     77.000    21.9522    21.9514   5.183536   5.183645     2.5465     2.1448      21.64   26.25862  -83.80522   -0.00591   -0.00465     3.7616     3.7619    21.9365    21.9361    36.4926    36.4933    25.3704    25.3710    1538.60    163.834    163.849         50 0.0000e+00
      17566    731.874     77.477     78.000    21.9141    21.9132   5.179544   5.179530     2.5347     2.1356      20.61   26.25862  -83.80522   -0.00647   -0.00562     3.7417     3.7451    21.8986    21.8977    36.4925    36.4932    25.3810    25.3818    1538.49    162.967    163.118         56 0.0000e+00
      17618    734.035     78.470     79.000    21.8811    21.8820   5.176023   5.176244     2.5266     2.1277      19.69   26.25862  -83.80523   -0.00405   -0.00327     3.7277     3.7298    21.8655    21.8663    36.4921    36.4931    25.3900    25.3905    1538.37    162.359    162.448         51 0.0000e+00
      17669    736.161     79.463     80.000    21.8596    21.8594   5.174213   5.174329     2.5110     2.1115      18.68   26.25862  -83.80522   -0.00523   -0.00560     3.6975     3.6947    21.8437    21.8436    36.4956    36.4966    25.3988    25.3996    1538.26    161.042    160.919         48 0.0000e+00
      19946    831.053     87.408     88.000    21.6434    21.6402   5.154309   5.153566     2.3738     1.9890      10.74   26.27035  -83.84261   -0.00247   -0.00211     3.4313     3.4330    21.6261    21.6229    36.5235    36.5181    25.4827    25.4788    1538.11    149.435    149.508         43 0.0000e+00
      22483    936.755     86.414     87.000    21.6437    21.6433   5.153029   5.153086     2.3659     1.9838      11.29   26.25866  -83.80520    0.00047    0.00046     3.4147     3.4207    21.6265    21.6261    36.5074    36.5082    25.4686    25.4693    1537.39    148.712    148.972         48 0.0000e+00
      22448    935.307     85.421     86.000    21.6539    21.6528   5.154056   5.154182     2.3735     1.9891      12.33   26.25867  -83.80520    0.00159    0.00097     3.4294     3.4317    21.6370    21.6359    36.5072    36.5087    25.4656    25.4670    1537.39    149.354    149.453         49 0.0000e+00
      22542    939.217     84.428     85.000    21.6876    21.6781   5.157369   5.156617     2.3796     1.9953      13.27   26.25868  -83.80520    0.00165    0.00155     3.4393     3.4438    21.6709    21.6614    36.5054    36.5081    25.4547    25.4594    1537.39    149.788    149.982         40 0.0000e+00
      22633    942.993     83.435     84.000    21.7266    21.7202   5.161782   5.160901     2.3941     2.0069      14.38   26.25868  -83.80520    0.00371    0.00379     3.4663     3.4674    21.7101    21.7037    36.5078    36.5070    25.4456    25.4467    1537.39    150.964    151.009         36 0.0000e+00
      22882    953.394     81.449     82.000    21.8123    21.8228   5.175045   5.175809     2.4353     2.0510      16.42   26.30534  -83.95411    0.00054    0.00210     3.5450     3.5611    21.7961    21.8066    36.5662    36.5654    25.4725    25.4690    1540.12    154.396    155.097         46 0.0000e+00
      22909    954.494     80.456     81.000    21.8011    21.7936   5.167983   5.167587     2.4439     2.0577      17.14   26.25868  -83.80520    0.00225    0.00271     3.5635     3.5771    21.7850    21.7776    36.4952    36.4978    25.4149    25.4190    1537.39    155.203    155.795         38 0.0000e+00
      23010    958.727     79.463     80.000    21.8123    21.8081   5.169037   5.168805     2.4692     2.0755      18.12   26.25868  -83.80520    0.00412    0.00437     3.6158     3.6163    21.7965    21.7923    36.4950    36.4962    25.4116    25.4136    1537.39    157.477    157.501         53 0.0000e+00
      23108    962.806     78.470     79.000    21.8465    21.8329   5.172336   5.171095     2.4769     2.0828      19.14   26.25868  -83.80520    0.00186    0.00258     3.6279     3.6309    21.8308    21.8173    36.4922    36.4941    25.3998    25.4051    1537.39    158.007    158.140         31 0.0000e+00
      23198    966.542     77.477     78.000    21.8570    21.8549   5.173684   5.173674     2.4836     2.0875      20.09   26.25868  -83.80520    0.00201    0.00103     3.6403     3.6398    21.8416    21.8394    36.4942    36.4958    25.3983    25.4002    1537.39    158.549    158.528         37 0.0000e+00
      23294    970.530     76.483     77.000    21.8639    21.8596   5.174303   5.174184     2.4851     2.0897      21.03   26.25868  -83.80520   -0.00010    0.00079     3.6423     3.6440    21.8487    21.8444    36.4937    36.4963    25.3959    25.3992    1537.39    158.638    158.708         44 0.0000e+00
      23394    974.692     75.490     76.000    21.8778    21.8741   5.175473   5.175217     2.5012     2.1020      22.05   26.25867  -83.80520    0.00389    0.00333     3.6743     3.6705    21.8628    21.8591    36.4916    36.4927    25.3904    25.3922    1537.39    160.033    159.867         34 0.0000e+00
      23491    978.751     74.497     75.000    21.9086    21.8905   5.178738   5.176931     2.5134     2.1140      22.97   26.25866  -83.80520    0.00330    0.00304     3.6967     3.6963    21.8937    21.8756    36.4919    36.4928    25.3819    25.3877    1537.39    161.007    160.990         31 0.0000e+00
      23582    982.560     73.504     74.000    21.9473    21.9300   5.182275   5.180769     2.5247     2.1224      23.97   26.25866  -83.80520    0.00311    0.00243     3.7162     3.7123    21.9326    21.9153    36.4883    36.4907    25.3682    25.3749    1537.39    161.861    161.687         43 0.0000e+00
      23676    986.451     72.511     73.000    21.9712    21.9618   5.184929   5.184061     2.5318     2.1296      24.94   26.25866  -83.80520    0.00192    0.00191     3.7295     3.7261    21.9567    21.9473    36.4887    36.4897    25.3617    25.3651    1537.39    162.439    162.291         42 0.0000e+00
      23772    990.444     71.518     72.000    22.0053    22.0031   5.187527   5.187482     2.5426     2.1429      25.89   26.25866  -83.80520    0.00286    0.00366     3.7490     3.7531    21.9910    21.9888    36.4808    36.4826    25.3461    25.3480    1537.39    163.291    163.470         44 0.0000e+00
      23863    994.257     70.525     71.000    22.0548    22.0463   5.192545   5.191826     2.5545     2.1539      26.85   26.25866  -83.80520    0.00274    0.00333     3.7693     3.7748    22.0407    22.0321    36.4792    36.4807    25.3308    25.3343    1537.39    164.179    164.419         50 0.0000e+00
      23966    998.555     69.532     70.000    22.1372    22.1320   5.200740   5.200219     2.5759     2.1727      27.85   26.25866  -83.80520    0.00448    0.00460     3.8068     3.8110    22.1232    22.1180    36.4745    36.4752    25.3039    25.3059    1537.39    165.815    165.997         54 0.0000e+00
      25553   1064.661     67.546     68.000    22.3420    22.3559   5.229516   5.227560     2.6253     2.2159      30.04   26.32238  -84.00842    0.00068    0.00075     3.8884     3.8919    22.3284    22.3423    36.5328    36.5402    25.2963    25.2985    1541.12    169.379    169.532         35 0.0000e+00
      26027   1084.432     66.552     67.000    22.3095    22.3256   5.219030   5.220833     2.6218     2.2145      30.77   26.25872  -83.80520   -0.00013    0.00054     3.8871     3.8907    22.2960    22.3121    36.4754    36.4761    25.2555    25.2514    1537.39    169.322    169.480         54 0.0000e+00
      26135   1088.904     65.559     66.000    22.3271    22.3303   5.220899   5.221546     2.6211     2.2142      31.75   26.25872  -83.80519    0.00010    0.00033     3.8838     3.8891    22.3139    22.3170    36.4754    36.4752    25.2504    25.2494    1537.39    169.179    169.411         37 0.0000e+00
      26241   1093.326     64.566     65.000    22.3403    22.3459   5.222418   5.222927     2.6253     2.2183      32.86   26.25872  -83.80519    0.00063    0.00118     3.8903     3.8969    22.3272    22.3328    36.4756    36.4759    25.2467    25.2454    1537.39    169.461    169.748         39 0.0000e+00
      26336   1097.279     63.573     64.000    22.4431    22.4299   5.232394   5.229968     2.6384     2.2313      33.72   26.25874  -83.80518    0.00252    0.00279     3.9129     3.9206    22.4316    22.4176    36.4685    36.4674    25.2115    25.2162    1537.39    170.452    170.789         34 0.0000e+00
      26436   1101.476     62.580     63.000    22.5920    22.6133   5.249629   5.252368     2.6606     2.2549      34.70   26.25874  -83.80518    0.00578    0.00635     3.9437     3.9619    22.5823    22.6004    36.4807    36.4824    25.1777    25.1735    1537.39    171.798    172.593         40 0.0000e+00
      26516   1104.811     60.593     61.000    22.8803    22.8980   5.276480   5.272978     2.7285     2.3127      36.22   26.16198  -83.49637    0.01047    0.00784     4.0631     4.0657    22.8771    22.8856    36.4063    36.4026    25.0264    25.0188    1531.72    177.014    177.130         35 0.0000e+00
