GOMECC/GOMECC-4/1db/rb2103_0831.ros
* Sea-Bird SBE 9 Data File:
* FileName = C:\Users\scs.user.rb\CTD\GOMECC4\data\rb2103_0831.hex
* Software Version Seasave V 7.26.7.107
* Temperature SN = 4799
* Conductivity SN = 3860
* Number of Bytes Per Scan = 41
* Number of Voltage Words = 4
* Number of Scans Averaged by the Deck Unit = 1
* NMEA Latitude = 22 16.43 N
* NMEA Longitude = 095 00.01 W
* NMEA UTC (Time) = Oct 07 2021  05:34:53
* NMEA baud rate = 4800
# nquan = 17
# nvalues = 3192                                  
# units = specified
# name 0 = scan: Scan Count
# name 1 = timeS: Time, Elapsed [seconds]
# name 2 = depSM: Depth [salt water, m]
# name 3 = prDM: Pressure, Digiquartz [db]
# name 4 = t090C: Temperature [ITS-90, deg C]
# name 5 = t190C: Temperature, 2 [ITS-90, deg C]
# name 6 = c0S/m: Conductivity [S/m]
# name 7 = c1S/m: Conductivity, 2 [S/m]
# name 8 = sbeox0V: Oxygen raw, SBE 43 [V]
# name 9 = sbeox1V: Oxygen raw, SBE 43, 2 [V]
# name 10 = altM: Altimeter [m]
# name 11 = latitude: Latitude [deg]
# name 12 = longitude: Longitude [deg]
# name 13 = sbox0dV/dT: Oxygen, SBE 43 [dov/dt]
# name 14 = sbox1dV/dT: Oxygen, SBE 43, 2 [dov/dt]
# name 15 = nbf: Bottles Fired
# name 16 = flag:  0.000e+00
# interval = seconds: 0.0416667
# start_time = Oct 07 2021 05:34:53 [NMEA time, header]
# bad_flag = -9.990e-29
*END*
[from data line 1107]
     161885   6745.167   1386.560   1399.968     4.3379     4.3411   3.344622   3.344683     1.9414     1.6154     100.00   22.27382  -95.00034   -0.00005    0.00003          9  0.000e+00
     161886   6745.208   1386.484   1399.891     4.3377     4.3408   3.344603   3.344696     1.9414     1.6166     100.00   22.27382  -95.00034   -0.00005    0.00004          9  0.000e+00
     161887   6745.250   1386.588   1399.996     4.3378     4.3408   3.344622   3.344683     1.9402     1.6166     100.00   22.27382  -95.00034   -0.00007    0.00002          9  0.000e+00
     161888   6745.292   1386.505   1399.912     4.3378     4.3406   3.344559   3.344696     1.9414     1.6166     100.00   22.27382  -95.00034   -0.00007    0.00003          9  0.000e+00
     161889   6745.333   1386.588   1399.996     4.3376     4.3406   3.344609   3.344702     1.9426     1.6166     100.00   22.27382  -95.00034   -0.00005    0.00003          9  0.000e+00
     161890   6745.375   1386.561   1399.968     4.3379     4.3406   3.344609   3.344683     1.9426     1.6166     100.00   22.27382  -95.00034   -0.00002    0.00004          9  0.000e+00
     161891   6745.417   1386.540   1399.947     4.3382     4.3406   3.344641   3.344696     1.9414     1.6166     100.00   22.27382  -95.00034   -0.00002    0.00004          9  0.000e+00
     161892   6745.458   1386.589   1399.997     4.3387     4.3411   3.344634   3.344683     1.9414     1.6166     100.00   22.27382  -95.00034   -0.00002    0.00004          9  0.000e+00
     161893   6745.500   1386.561   1399.969     4.3389     4.3408   3.344634   3.344721     1.9414     1.6166     100.00   22.27382  -95.00034   -0.00002    0.00005          9  0.000e+00
     161894   6745.542   1386.540   1399.948     4.3386     4.3409   3.344634   3.344741     1.9414     1.6166     100.00   22.27382  -95.00034   -0.00001    0.00005          9  0.000e+00
     161895   6745.583   1386.609   1400.018     4.3382     4.3409   3.344622   3.344715     1.9426     1.6166     100.00   22.27382  -95.00034    0.00001    0.00005          9  0.000e+00
     161896   6745.625   1386.589   1399.997     4.3382     4.3408   3.344679   3.344709     1.9426     1.6166     100.00   22.27382  -95.00034    0.00004    0.00006          9  0.000e+00
     161897   6745.667   1386.589   1399.997     4.3384     4.3408   3.344672   3.344677     1.9414     1.6166     100.00   22.27382  -95.00034    0.00004    0.00006          9  0.000e+00
     161898   6745.708   1386.561   1399.969     4.3387     4.3409   3.344704   3.344721     1.9414     1.6166     100.00   22.27382  -95.00034    0.00004    0.00007          9  0.000e+00
     161899   6745.750   1386.589   1399.997     4.3388     4.3409   3.344698   3.344715     1.9414     1.6166     100.00   22.27382  -95.00034    0.00004    0.00007          9  0.000e+00
     161900   6745.792   1386.610   1400.018     4.3389     4.3408   3.344672   3.344728     1.9414     1.6166     100.00   22.27382  -95.00034    0.00003    0.00007          9  0.000e+00
     161901   6745.833   1386.589   1399.997     4.3390     4.3411   3.344679   3.344715     1.9414     1.6166     100.00   22.27382  -95.00034    0.00003    0.00008          9  0.000e+00
     161902   6745.875   1386.589   1399.997     4.3390     4.3411   3.344710   3.344728     1.9414     1.6166     100.00   22.27382  -95.00034    0.00003    0.00008          9  0.000e+00
     161903   6745.917   1386.562   1399.969     4.3388     4.3409   3.344723   3.344715     1.9414     1.6166     100.00   22.27382  -95.00034    0.00003    0.00007          9  0.000e+00
     161904   6745.958   1386.644   1400.053     4.3389     4.3411   3.344716   3.344747     1.9414     1.6154     100.00   22.27382  -95.00034    0.00003    0.00005          9  0.000e+00
     161905   6746.000   1386.610   1400.018     4.3392     4.3411   3.344679   3.344741     1.9414     1.6166     100.00   22.27382  -95.00034    0.00002    0.00006          9  0.000e+00
     161906   6746.042   1386.589   1399.997     4.3392     4.3413   3.344685   3.344715     1.9414     1.6166     100.00   22.27382  -95.00034    0.00002    0.00004          9  0.000e+00
     161907   6746.083   1386.589   1399.997     4.3390     4.3413   3.344698   3.344728     1.9414     1.6166     100.00   22.27382  -95.00034    0.00002    0.00003          9  0.000e+00
     161908   6746.125   1386.610   1400.019     4.3390     4.3411   3.344685   3.344715     1.9414     1.6166     100.00   22.27382  -95.00034    0.00004    0.00002          9  0.000e+00
     161909   6746.167   1386.590   1399.998     4.3393     4.3410   3.344691   3.344728     1.9414     1.6166      95.90   22.27382  -95.00034    0.00004 1.7584e-07          9  0.000e+00
     161910   6746.208   1386.562   1399.970     4.3387     4.3409   3.344672   3.344715     1.9414     1.6166      90.43   22.27382  -95.00034    0.00003    0.00000          9  0.000e+00
     161911   6746.250   1386.645   1400.054     4.3387     4.3409   3.344653   3.344728     1.9414     1.6166      89.11   22.27382  -95.00034    0.00003    0.00001          9  0.000e+00
     161912   6746.292   1386.645   1400.054     4.3388     4.3409   3.344660   3.344709     1.9414     1.6166      89.33   22.27382  -95.00034    0.00003    0.00001          9  0.000e+00
     161913   6746.333   1386.562   1399.970     4.3386     4.3406   3.344666   3.344683     1.9426     1.6166      89.55   22.27382  -95.00034    0.00005    0.00001          9  0.000e+00
     161914   6746.375   1386.590   1399.998     4.3389     4.3406   3.344628   3.344696     1.9414     1.6154      89.60   22.27382  -95.00034    0.00005   -0.00000          9  0.000e+00
     161915   6746.417   1386.645   1400.054     4.3387     4.3408   3.344653   3.344709     1.9414     1.6166      89.57   22.27382  -95.00034    0.00004   -0.00000          9  0.000e+00
     161916   6746.458   1386.562   1399.970     4.3387     4.3408   3.344666   3.344658     1.9414     1.6166      89.57   22.27382  -95.00034    0.00004   -0.00002          9  0.000e+00
     161917   6746.500   1386.590   1399.998     4.3387     4.3408   3.344679   3.344715     1.9414     1.6166      89.57   22.27382  -95.00034    0.00004   -0.00001          9  0.000e+00
     161918   6746.542   1386.611   1400.019     4.3386     4.3405   3.344666   3.344689     1.9414     1.6166      89.57   22.27382  -95.00034    0.00004   -0.00001          9  0.000e+00
     161919   6746.583   1386.590   1399.998     4.3386     4.3405   3.344685   3.344645     1.9426     1.6166      89.57   22.27382  -95.00034    0.00005   -0.00001          9  0.000e+00
     161920   6746.625   1386.542   1399.949     4.3383     4.3406   3.344647   3.344689     1.9414     1.6166      89.57   22.27382  -95.00034    0.00005   -0.00001          9  0.000e+00
     161921   6746.667   1386.611   1400.019     4.3387     4.3406   3.344622   3.344709     1.9402     1.6166      89.57   22.27382  -95.00034    0.00003   -0.00000          9  0.000e+00
     161922   6746.708   1386.590   1399.998     4.3387     4.3408   3.344679   3.344709     1.9414     1.6166      89.57   22.27382  -95.00034    0.00003   -0.00000          9  0.000e+00
     161923   6746.750   1386.563   1399.970     4.3387     4.3405   3.344672   3.344709     1.9414     1.6154      89.57   22.27382  -95.00034    0.00003   -0.00002          9  0.000e+00
     161924   6746.792   1386.590   1399.998     4.3387     4.3409   3.344679   3.344709     1.9414     1.6166      89.57   22.27382  -95.00034    0.00003   -0.00001          9  0.000e+00
     161925   6746.833   1386.542   1399.950     4.3385     4.3406   3.344666   3.344728     1.9426     1.6166      89.57   22.27382  -95.00034    0.00004   -0.00001          9  0.000e+00
     161926   6746.875   1386.563   1399.971     4.3389     4.3410   3.344666   3.344715     1.9414     1.6154      89.57   22.27382  -95.00034    0.00004   -0.00003          9  0.000e+00
     161927   6746.917   1386.542   1399.950     4.3390     4.3409   3.344653   3.344702     1.9414     1.6166      89.57   22.27382  -95.00034    0.00004   -0.00002          9  0.000e+00
     161928   6746.958   1386.563   1399.971     4.3390     4.3409   3.344660   3.344728     1.9414     1.6154      89.57   22.27382  -95.00034    0.00004   -0.00004          9  0.000e+00
     161929   6747.000   1386.542   1399.950     4.3388     4.3409   3.344641   3.344689     1.9414     1.6154      89.57   22.27382  -95.00034    0.00003   -0.00005          9  0.000e+00
     161930   6747.042   1386.542   1399.950     4.3390     4.3409   3.344634   3.344696     1.9414     1.6166      89.57   22.27382  -95.00034    0.00005   -0.00005          9  0.000e+00
     161931   6747.083   1386.563   1399.971     4.3389     4.3410   3.344622   3.344709     1.9414     1.6154      89.55   22.27382  -95.00034    0.00005   -0.00006          9  0.000e+00
     161932   6747.125   1386.542   1399.950     4.3386     4.3409   3.344653   3.344709     1.9414     1.6166      93.58   22.27382  -95.00034    0.00005   -0.00006          9  0.000e+00
     161933   6747.167   1386.508   1399.915     4.3385     4.3408   3.344666   3.344709     1.9414     1.6166      99.15   22.27382  -95.00034    0.00005   -0.00005          9  0.000e+00
     161934   6747.208   1386.543   1399.950     4.3384     4.3411   3.344653   3.344702     1.9414     1.6166     100.00   22.27382  -95.00034    0.00004   -0.00005          9  0.000e+00
     161935   6747.250   1386.543   1399.950     4.3386     4.3406   3.344660   3.344657     1.9414     1.6166     100.00   22.27382  -95.00034    0.00004   -0.00004          9  0.000e+00
     161936   6747.292   1386.508   1399.915     4.3384     4.3408   3.344641   3.344664     1.9426     1.6166     100.00   22.27382  -95.00034    0.00006   -0.00004          9  0.000e+00
     161937   6747.333   1386.543   1399.950     4.3390     4.3406   3.344672   3.344696     1.9426     1.6166     100.00   22.27382  -95.00034    0.00007   -0.00005          9  0.000e+00
     161938   6747.375   1386.508   1399.915     4.3389     4.3408   3.344710   3.344683     1.9414     1.6154     100.00   22.27382  -95.00034    0.00007   -0.00008          9  0.000e+00
     161939   6747.417   1386.488   1399.894     4.3392     4.3405   3.344704   3.344677     1.9414     1.6154     100.00   22.27382  -95.00034    0.00007   -0.00010          9  0.000e+00
     161940   6747.458   1386.543   1399.950     4.3390     4.3408   3.344660   3.344677     1.9414     1.6154     100.00   22.27382  -95.00034    0.00007   -0.00011          9  0.000e+00
     161941   6747.500   1386.460   1399.866     4.3392     4.3406   3.344685   3.344677     1.9414     1.6166     100.00   22.27382  -95.00034    0.00006   -0.00011          9  0.000e+00
     161942   6747.542   1386.488   1399.895     4.3390     4.3406   3.344697   3.344670     1.9414     1.6166     100.00   22.27382  -95.00034    0.00006   -0.00010          9  0.000e+00
     161943   6747.583   1386.509   1399.916     4.3389     4.3406   3.344698   3.344670     1.9414     1.6154     100.00   22.27382  -95.00034    0.00006   -0.00012          9  0.000e+00
     161944   6747.625   1386.488   1399.895     4.3392     4.3406   3.344685   3.344651     1.9414     1.6166     100.00   22.27382  -95.00034    0.00006   -0.00011          9  0.000e+00
     161945   6747.667   1386.488   1399.895     4.3389     4.3405   3.344691   3.344664     1.9414     1.6154     100.00   22.27382  -95.00034    0.00005   -0.00012          9  0.000e+00
     161946   6747.708   1386.509   1399.916     4.3391     4.3406   3.344672   3.344696     1.9414     1.6166     100.00   22.27382  -95.00034    0.00005   -0.00012          9  0.000e+00
     161947   6747.750   1386.440   1399.846     4.3390     4.3406   3.344679   3.344709     1.9414     1.6166     100.00   22.27382  -95.00034    0.00005   -0.00011          9  0.000e+00
     161948   6747.792   1386.461   1399.867     4.3392     4.3406   3.344691   3.344683     1.9414     1.6166     100.00   22.27382  -95.00034    0.00005   -0.00011          9  0.000e+00
     161949   6747.833   1386.488   1399.895     4.3390     4.3405   3.344697   3.344670     1.9402     1.6166     100.00   22.27382  -95.00034    0.00003   -0.00010          9  0.000e+00
     161950   6747.875   1386.488   1399.895     4.3388     4.3408   3.344641   3.344670     1.9414     1.6154     100.00   22.27382  -95.00034    0.00002   -0.00011          9  0.000e+00
     161951   6747.917   1386.461   1399.867     4.3390     4.3405   3.344653   3.344632     1.9414     1.6154     100.00   22.27382  -95.00034    0.00002   -0.00013          9  0.000e+00
     161952   6747.958   1386.440   1399.846     4.3387     4.3406   3.344685   3.344657     1.9414     1.6166     100.00   22.27382  -95.00034    0.00002   -0.00012          9  0.000e+00
     161953   6748.000   1386.509   1399.916     4.3389     4.3405   3.344672   3.344696     1.9414     1.6154     100.00   22.27382  -95.00034    0.00002   -0.00013          9  0.000e+00
     161954   6748.042   1386.440   1399.846     4.3388     4.3405   3.344679   3.344683     1.9426     1.6154     100.00   22.27382  -95.00034    0.00003   -0.00014          9  0.000e+00
     161955   6748.083   1386.440   1399.846     4.3390     4.3403   3.344691   3.344677     1.9414     1.6154     100.00   22.27382  -95.00034    0.00003   -0.00015          9  0.000e+00
     161956   6748.125   1386.461   1399.867     4.3389     4.3406   3.344672   3.344696     1.9414     1.6154     100.00   22.27382  -95.00034    0.00003   -0.00016          9  0.000e+00
     161957   6748.167   1386.489   1399.895     4.3389     4.3406   3.344679   3.344683     1.9414     1.6154     100.00   22.27382  -95.00034    0.00003   -0.00017          9  0.000e+00
     161958   6748.208   1386.461   1399.867     4.3389     4.3406   3.344710   3.344651     1.9414     1.6154     100.00   22.27382  -95.00034    0.00002   -0.00018          9  0.000e+00
     161959   6748.250   1386.440   1399.847     4.3387     4.3406   3.344679   3.344664     1.9414     1.6166     100.00   22.27382  -95.00034    0.00002   -0.00017          9  0.000e+00
     161960   6748.292   1386.489   1399.896     4.3387     4.3406   3.344653   3.344677     1.9426     1.6154     100.00   22.27382  -95.00034    0.00004   -0.00018          9  0.000e+00
     161961   6748.333   1386.461   1399.868     4.3387     4.3406   3.344660   3.344677     1.9414     1.6166     100.00   22.27382  -95.00034    0.00003   -0.00018          9  0.000e+00
     161962   6748.375   1386.441   1399.847     4.3389     4.3406   3.344685   3.344677     1.9414     1.6166     100.00   22.27382  -95.00034    0.00003   -0.00018          9  0.000e+00
     161963   6748.417   1386.461   1399.868     4.3390     4.3408   3.344685   3.344696     1.9414     1.6166     100.00   22.27382  -95.00034    0.00003   -0.00018          9  0.000e+00
     161964   6748.458   1386.441   1399.847     4.3389     4.3408   3.344666   3.344677     1.9414     1.6154     100.00   22.27382  -95.00034    0.00002   -0.00019          9  0.000e+00
     161965   6748.500   1386.441   1399.847     4.3387     4.3408   3.344641   3.344670     1.9414     1.6166     100.00   22.27382  -95.00034    0.00002   -0.00018          9  0.000e+00
     161966   6748.542   1386.462   1399.868     4.3389     4.3408   3.344653   3.344677     1.9414     1.6154     100.00   22.27382  -95.00034    0.00002   -0.00019          9  0.000e+00
     161967   6748.583   1386.489   1399.896     4.3390     4.3406   3.344653   3.344677     1.9414     1.6166     100.00   22.27382  -95.00034   -0.00000   -0.00018          9  0.000e+00
     161968   6748.625   1386.462   1399.868     4.3392     4.3405   3.344685   3.344677     1.9414     1.6154     100.00   22.27382  -95.00034   -0.00001   -0.00019          9  0.000e+00
