GOMECC/GOMECC-4/1db/rb2103_0831.ros
* Sea-Bird SBE 9 Data File:
* FileName = C:\Users\scs.user.rb\CTD\GOMECC4\data\rb2103_0831.hex
* Software Version Seasave V 7.26.7.107
* Temperature SN = 4799
* Conductivity SN = 3860
* Number of Bytes Per Scan = 41
* Number of Voltage Words = 4
* Number of Scans Averaged by the Deck Unit = 1
* NMEA Latitude = 22 16.43 N
* NMEA Longitude = 095 00.01 W
* NMEA UTC (Time) = Oct 07 2021  05:34:53
* NMEA baud rate = 4800
# nquan = 17
# nvalues = 3192                                  
# units = specified
# name 0 = scan: Scan Count
# name 1 = timeS: Time, Elapsed [seconds]
# name 2 = depSM: Depth [salt water, m]
# name 3 = prDM: Pressure, Digiquartz [db]
# name 4 = t090C: Temperature [ITS-90, deg C]
# name 5 = t190C: Temperature, 2 [ITS-90, deg C]
# name 6 = c0S/m: Conductivity [S/m]
# name 7 = c1S/m: Conductivity, 2 [S/m]
# name 8 = sbeox0V: Oxygen raw, SBE 43 [V]
# name 9 = sbeox1V: Oxygen raw, SBE 43, 2 [V]
# name 10 = altM: Altimeter [m]
# name 11 = latitude: Latitude [deg]
# name 12 = longitude: Longitude [deg]
# name 13 = sbox0dV/dT: Oxygen, SBE 43 [dov/dt]
# name 14 = sbox1dV/dT: Oxygen, SBE 43, 2 [dov/dt]
# name 15 = nbf: Bottles Fired
# name 16 = flag:  0.000e+00
# interval = seconds: 0.0416667
# start_time = Oct 07 2021 05:34:53 [NMEA time, header]
# bad_flag = -9.990e-29
*END*
[from data line 2979]
     220471   9186.250     14.954     15.049    29.5567    29.5604   5.965527   5.965997     3.1465     2.6593     100.00   22.27392  -95.00076   -0.00066    0.00008         23  0.000e+00
     220472   9186.292     15.002     15.097    29.5564    29.5606   5.965519   5.965997     3.1465     2.6593     100.00   22.27392  -95.00076   -0.00065   -0.00002         23  0.000e+00
     220473   9186.333     14.954     15.049    29.5562    29.5606   5.965551   5.966029     3.1465     2.6593     100.00   22.27392  -95.00076   -0.00065   -0.00011         23  0.000e+00
     220474   9186.375     14.954     15.049    29.5564    29.5604   5.965527   5.965972     3.1477     2.6593     100.00   22.27392  -95.00076   -0.00063   -0.00020         23  0.000e+00
     220475   9186.417     15.002     15.096    29.5564    29.5608   5.965519   5.966021     3.1477     2.6593     100.00   22.27392  -95.00076   -0.00061   -0.00028         23  0.000e+00
     220476   9186.458     14.954     15.049    29.5564    29.5606   5.965551   5.966045     3.1477     2.6606     100.00   22.27392  -95.00076   -0.00058   -0.00035         23  0.000e+00
     220477   9186.500     14.907     15.001    29.5564    29.5604   5.965495   5.966005     3.1477     2.6606     100.00   22.27392  -95.00076   -0.00056   -0.00042         23  0.000e+00
     220478   9186.542     14.954     15.049    29.5558    29.5599   5.965431   5.965956     3.1477     2.6606     100.00   22.27392  -95.00076   -0.00054   -0.00049         23  0.000e+00
     220479   9186.583     14.954     15.049    29.5558    29.5595   5.965423   5.965908     3.1477     2.6606     100.00   22.27392  -95.00076   -0.00052   -0.00056         23  0.000e+00
     220480   9186.625     14.907     15.001    29.5556    29.5595   5.965423   5.965932     3.1477     2.6606     100.00   22.27392  -95.00076   -0.00049   -0.00061         23  0.000e+00
     220481   9186.667     14.900     14.994    29.5558    29.5601   5.965447   5.965980     3.1477     2.6606     100.00   22.27392  -95.00076   -0.00047   -0.00065         23  0.000e+00
     220482   9186.708     14.954     15.049    29.5556    29.5604   5.965431   5.965956     3.1477     2.6618     100.00   22.27392  -95.00076   -0.00043   -0.00068         23  0.000e+00
     220483   9186.750     14.954     15.049    29.5551    29.5603   5.965423   5.965980     3.1490     2.6618     100.00   22.27392  -95.00076   -0.00038   -0.00071         23  0.000e+00
     220484   9186.792     14.907     15.001    29.5553    29.5602   5.965455   5.965997     3.1490     2.6618     100.00   22.27392  -95.00076   -0.00034   -0.00074         23  0.000e+00
     220485   9186.833     14.907     15.001    29.5553    29.5606   5.965399   5.965997     3.1477     2.6618     100.00   22.27392  -95.00076   -0.00031   -0.00077         23  0.000e+00
     220486   9186.875     14.907     15.001    29.5554    29.5604   5.965447   5.966029     3.1490     2.6618     100.00   22.27392  -95.00076   -0.00026   -0.00080         23  0.000e+00
     220487   9186.917     14.907     15.001    29.5558    29.5604   5.965471   5.966045     3.1490     2.6618     100.00   22.27392  -95.00076   -0.00022   -0.00085         23  0.000e+00
     220488   9186.958     14.859     14.953    29.5562    29.5604   5.965431   5.965972     3.1477     2.6618     100.00   22.27392  -95.00076   -0.00019   -0.00088         23  0.000e+00
     220489   9187.000     14.907     15.001    29.5562    29.5604   5.965495   5.965948     3.1490     2.6618     100.00   22.27392  -95.00076   -0.00016   -0.00091         23  0.000e+00
     220490   9187.042     14.859     14.953    29.5566    29.5604   5.965479   5.966021     3.1477     2.6618     100.00   22.27392  -95.00076   -0.00013   -0.00095         23  0.000e+00
     220491   9187.083     14.907     15.001    29.5568    29.5604   5.965543   5.965972     3.1477     2.6618     100.00   22.27392  -95.00076   -0.00011   -0.00098         23  0.000e+00
     220492   9187.125     14.859     14.953    29.5567    29.5604   5.965567   5.965948     3.1477     2.6630     100.00   22.27392  -95.00076   -0.00009   -0.00099         23  0.000e+00
     220493   9187.167     14.852     14.946    29.5573    29.5604   5.965567   5.965980     3.1490     2.6630     100.00   22.27392  -95.00076   -0.00005   -0.00100         23  0.000e+00
     220494   9187.208     14.859     14.953    29.5571    29.5604   5.965567   5.965956     3.1477     2.6630     100.00   22.27392  -95.00076   -0.00003   -0.00101         23  0.000e+00
     220495   9187.250     14.907     15.001    29.5571    29.5602   5.965599   5.965948     3.1490     2.6630     100.00   22.27392  -95.00076    0.00001   -0.00102         23  0.000e+00
     220496   9187.292     14.859     14.953    29.5573    29.5604   5.965575   5.965980     3.1490     2.6630     100.00   22.27392  -95.00076    0.00005   -0.00103         23  0.000e+00
     220497   9187.333     14.859     14.953    29.5571    29.5602   5.965639   5.965997     3.1490     2.6642     100.00   22.27392  -95.00076    0.00008   -0.00102         23  0.000e+00
     220498   9187.375     14.805     14.899    29.5571    29.5602   5.965623   5.965924     3.1477     2.6630     100.00   22.27392  -95.00076    0.00010   -0.00103         23  0.000e+00
     220499   9187.417     14.859     14.953    29.5571    29.5601   5.965575   5.965932     3.1490     2.6642     100.00   22.27392  -95.00076    0.00014   -0.00103         23  0.000e+00
     220500   9187.458     14.859     14.953    29.5570    29.5602   5.965567   5.965948     3.1477     2.6630     100.00   22.27392  -95.00076    0.00016   -0.00102         23  0.000e+00
     220501   9187.500     14.859     14.953    29.5571    29.5597   5.965495   5.965907     3.1477     2.6642     100.00   22.27392  -95.00076    0.00018   -0.00101         23  0.000e+00
     220502   9187.542     14.805     14.899    29.5567    29.5597   5.965543   5.965972     3.1477     2.6630     100.00   22.27392  -95.00076    0.00020   -0.00101         23  0.000e+00
     220503   9187.583     14.859     14.953    29.5569    29.5602   5.965567   5.965956     3.1490     2.6642     100.00   22.27392  -95.00076    0.00024   -0.00096         23  0.000e+00
     220504   9187.625     14.852     14.946    29.5569    29.5601   5.965567   5.965907     3.1477     2.6654     100.00   22.27392  -95.00076    0.00026   -0.00094         23  0.000e+00
     220505   9187.667     14.805     14.898    29.5569    29.5602   5.965527   5.965932     3.1490     2.6654     100.00   22.27392  -95.00076    0.00029   -0.00090         23  0.000e+00
     220506   9187.708     14.859     14.953    29.5569    29.5602   5.965551   5.966021     3.1477     2.6630     100.00   22.27392  -95.00076    0.00031   -0.00087         23  0.000e+00
     220507   9187.750     14.859     14.953    29.5566    29.5603   5.965495   5.966005     3.1477     2.6642     100.00   22.27392  -95.00076    0.00033   -0.00083         23  0.000e+00
     220508   9187.792     14.805     14.898    29.5566    29.5604   5.965503   5.965956     3.1477     2.6654     100.00   22.27392  -95.00076    0.00035   -0.00081         23  0.000e+00
     220509   9187.833     14.859     14.953    29.5562    29.5603   5.965551   5.965948     3.1477     2.6654     100.00   22.27392  -95.00076    0.00037   -0.00076         23  0.000e+00
     220510   9187.875     14.805     14.898    29.5562    29.5602   5.965527   5.965948     3.1477     2.6654     100.00   22.27392  -95.00076    0.00039   -0.00071         23  0.000e+00
     220511   9187.917     14.859     14.953    29.5562    29.5602   5.965479   5.965980     3.1477     2.6654     100.00   22.27392  -95.00076    0.00041   -0.00065         23  0.000e+00
     220512   9187.958     14.859     14.953    29.5567    29.5603   5.965503   5.966029     3.1477     2.6654     100.00   22.27392  -95.00076    0.00043   -0.00059         23  0.000e+00
     220513   9188.000     14.859     14.953    29.5562    29.5604   5.965519   5.965972     3.1477     2.6654     100.00   22.27392  -95.00076    0.00045   -0.00056         23  0.000e+00
     220514   9188.042     14.859     14.953    29.5560    29.5604   5.965479   5.966021     3.1477     2.6654     100.00   22.27392  -95.00076    0.00046   -0.00052         23  0.000e+00
     220515   9188.083     14.852     14.946    29.5557    29.5604   5.965503   5.965972     3.1477     2.6654     100.00   22.27392  -95.00076    0.00048   -0.00047         23  0.000e+00
     220516   9188.125     14.805     14.898    29.5556    29.5602   5.965479   5.965980     3.1477     2.6654     100.00   22.27392  -95.00076    0.00050   -0.00041         23  0.000e+00
     220517   9188.167     14.859     14.953    29.5554    29.5604   5.965503   5.965956     3.1477     2.6667     100.00   22.27392  -95.00076    0.00052   -0.00037         23  0.000e+00
     220518   9188.208     14.859     14.953    29.5558    29.5602   5.965519   5.965980     3.1477     2.6679     100.00   22.27392  -95.00076    0.00054   -0.00029         23  0.000e+00
     220519   9188.250     14.859     14.953    29.5554    29.5606   5.965519   5.965956     3.1477     2.6654     100.00   22.27392  -95.00076    0.00056   -0.00024         23  0.000e+00
     220520   9188.292     14.859     14.953    29.5558    29.5604   5.965519   5.966021     3.1477     2.6667     100.00   22.27392  -95.00076    0.00058   -0.00016         23  0.000e+00
     220521   9188.333     14.859     14.953    29.5558    29.5606   5.965519   5.965972     3.1490     2.6679     100.00   22.27392  -95.00076    0.00061   -0.00011         23  0.000e+00
     220522   9188.375     14.906     15.000    29.5558    29.5606   5.965551   5.966021     3.1477     2.6654     100.00   22.27392  -95.00076    0.00063   -0.00009         23  0.000e+00
     220523   9188.417     14.859     14.953    29.5559    29.5604   5.965527   5.966005     3.1477     2.6667     100.00   22.27392  -95.00076    0.00065   -0.00002         23  0.000e+00
     220524   9188.458     14.859     14.953    29.5560    29.5606   5.965479   5.965924     3.1477     2.6679     100.00   22.27392  -95.00076    0.00065    0.00007         23  0.000e+00
     220525   9188.500     14.859     14.953    29.5562    29.5603   5.965495   5.965932     3.1477     2.6654     100.00   22.27392  -95.00076    0.00065    0.00012         23  0.000e+00
     220526   9188.542     14.899     14.993    29.5562    29.5600   5.965511   5.965908     3.1477     2.6654     100.00   22.27392  -95.00076    0.00065    0.00017         23  0.000e+00
     220527   9188.583     14.859     14.953    29.5562    29.5600   5.965479   5.965899     3.1477     2.6654     100.00   22.27392  -95.00076    0.00065    0.00023         23  0.000e+00
     220528   9188.625     14.906     15.000    29.5558    29.5601   5.965471   5.965932     3.1477     2.6654     100.00   22.27392  -95.00076    0.00065    0.00028         23  0.000e+00
     220529   9188.667     14.906     15.000    29.5560    29.5604   5.965503   5.965908     3.1490     2.6642     100.00   22.27392  -95.00076    0.00067    0.00031         23  0.000e+00
     220530   9188.708     14.906     15.000    29.5564    29.5606   5.965479   5.965972     3.1477     2.6630     100.00   22.27392  -95.00076    0.00067    0.00033         23  0.000e+00
     220531   9188.750     14.906     15.000    29.5562    29.5608   5.965503   5.965997     3.1477     2.6642     100.00   22.27392  -95.00076    0.00067    0.00037         23  0.000e+00
     220532   9188.792     14.906     15.000    29.5566    29.5610   5.965551   5.966029     3.1477     2.6654     100.00   22.27392  -95.00076    0.00066    0.00042         23  0.000e+00
     220533   9188.833     14.906     15.000    29.5567    29.5610   5.965527   5.966005     3.1477     2.6642     100.00   22.27392  -95.00076    0.00066    0.00046         23  0.000e+00
     220534   9188.875     14.906     15.000    29.5564    29.5608   5.965519   5.965997     3.1477     2.6630     100.00   22.27392  -95.00076    0.00066    0.00048         23  0.000e+00
     220535   9188.917     14.953     15.048    29.5562    29.5610   5.965551   5.965997     3.1477     2.6654     100.00   22.27392  -95.00076    0.00064    0.00053         23  0.000e+00
     220536   9188.958     14.906     15.000    29.5564    29.5606   5.965527   5.966029     3.1477     2.6630     100.00   22.27392  -95.00076    0.00063    0.00055         23  0.000e+00
     220537   9189.000     14.899     14.993    29.5560    29.5608   5.965519   5.965972     3.1477     2.6630     100.00   22.27392  -95.00076    0.00061    0.00057         23  0.000e+00
     220538   9189.042     14.953     15.048    29.5562    29.5603   5.965551   5.965908     3.1477     2.6654     100.00   22.27392  -95.00076    0.00061    0.00063         23  0.000e+00
     220539   9189.083     14.906     15.000    29.5564    29.5606   5.965567   5.965932     3.1477     2.6642     100.00   22.27392  -95.00076    0.00058    0.00067         23  0.000e+00
     220540   9189.125     14.953     15.048    29.5564    29.5608   5.965527   5.966021     3.1477     2.6630     100.00   22.27392  -95.00076    0.00058    0.00065         23  0.000e+00
     220541   9189.167     14.953     15.048    29.5564    29.5608   5.965551   5.966005     3.1477     2.6654     100.00   22.27392  -95.00076    0.00055    0.00067         23  0.000e+00
     220542   9189.208     14.953     15.048    29.5567    29.5606   5.965567   5.966029     3.1477     2.6654     100.00   22.27392  -95.00076    0.00054    0.00073         23  0.000e+00
     220543   9189.250     14.953     15.048    29.5566    29.5608   5.965527   5.966005     3.1477     2.6654     100.00   22.27392  -95.00076    0.00054    0.00079         23  0.000e+00
     220544   9189.292     14.953     15.048    29.5566    29.5608   5.965519   5.966029     3.1477     2.6654     100.00   22.27392  -95.00076    0.00053    0.00084         23  0.000e+00
     220545   9189.333     14.953     15.048    29.5564    29.5608   5.965519   5.966005     3.1477     2.6630     100.00   22.27392  -95.00076    0.00050    0.00086         23  0.000e+00
     220546   9189.375     15.001     15.095    29.5562    29.5610   5.965519   5.965997     3.1477     2.6642     100.00   22.27392  -95.00076    0.00049    0.00087         23  0.000e+00
     220547   9189.417     14.953     15.048    29.5562    29.5608   5.965519   5.965997     3.1477     2.6654     100.00   22.27392  -95.00076    0.00048    0.00089         23  0.000e+00
     220548   9189.458     14.946     15.041    29.5562    29.5606   5.965551   5.966029     3.1477     2.6654     100.00   22.27392  -95.00076    0.00048    0.00093         23  0.000e+00
     220549   9189.500     15.000     15.095    29.5564    29.5610   5.965567   5.966005     3.1477     2.6642     100.00   22.27392  -95.00076    0.00045    0.00096         23  0.000e+00
     220550   9189.542     14.953     15.048    29.5566    29.5606   5.965527   5.966029     3.1477     2.6630     100.00   22.27392  -95.00076    0.00044    0.00098         23  0.000e+00
     223650   9318.708      2.199      2.212    29.5458    29.5498   5.963571   5.964046     3.1490     2.6618     100.00   22.27392  -95.00080   -0.00056   -0.00036         24  0.000e+00
     223651   9318.750      2.090      2.103    29.5458    29.5496   5.963595   5.964038     3.1477     2.6618     100.00   22.27392  -95.00080   -0.00061   -0.00048         24  0.000e+00
     223652   9318.792      2.253      2.267    29.5462    29.5499   5.963611   5.964111     3.1490     2.6618     100.00   22.27392  -95.00080   -0.00066   -0.00057         24  0.000e+00
     223653   9318.833      2.050      2.063    29.5462    29.5504   5.963683   5.964176     3.1477     2.6618     100.00   22.27392  -95.00080   -0.00071   -0.00064         24  0.000e+00
