GOMECC/GOMECC-4/1db/rb2103_0551.ros
* Sea-Bird SBE 9 Data File:
* FileName = C:\Users\scs.user.rb\CTD\GOMECC4\data\rb2103_0551.hex
* Software Version Seasave V 7.26.7.107
* Temperature SN = 4799
* Conductivity SN = 3860
* Number of Bytes Per Scan = 41
* Number of Voltage Words = 4
* Number of Scans Averaged by the Deck Unit = 1
* NMEA Latitude = 27 38.90 N
* NMEA Longitude = 094 59.93 W
* NMEA UTC (Time) = Sep 28 2021  16:15:21
* NMEA baud rate = 4800
# nquan = 17
# nvalues = 2660                                  
# units = specified
# name 0 = scan: Scan Count
# name 1 = timeS: Time, Elapsed [seconds]
# name 2 = depSM: Depth [salt water, m]
# name 3 = prDM: Pressure, Digiquartz [db]
# name 4 = t090C: Temperature [ITS-90, deg C]
# name 5 = t190C: Temperature, 2 [ITS-90, deg C]
# name 6 = c0S/m: Conductivity [S/m]
# name 7 = c1S/m: Conductivity, 2 [S/m]
# name 8 = sbeox0V: Oxygen raw, SBE 43 [V]
# name 9 = sbeox1V: Oxygen raw, SBE 43, 2 [V]
# name 10 = altM: Altimeter [m]
# name 11 = latitude: Latitude [deg]
# name 12 = longitude: Longitude [deg]
# name 13 = sbox0dV/dT: Oxygen, SBE 43 [dov/dt]
# name 14 = sbox1dV/dT: Oxygen, SBE 43, 2 [dov/dt]
# name 15 = nbf: Bottles Fired
# name 16 = flag:  0.000e+00
# interval = seconds: 0.0416667
# start_time = Sep 28 2021 16:15:21 [NMEA time, header]
# bad_flag = -9.990e-29
*END*
[from data line 1107]
      58255   2427.250    169.317    170.516    16.6461    16.6165   4.599747   4.596413     1.8364     1.5128     100.00   27.64764  -94.99800    0.00025   -0.00006          9  0.000e+00
      58256   2427.292    169.340    170.539    16.6461    16.6165   4.599740   4.596413     1.8364     1.5116     100.00   27.64764  -94.99800    0.00028   -0.00010          9  0.000e+00
      58257   2427.333    169.378    170.578    16.6457    16.6162   4.599769   4.596514     1.8364     1.5128     100.00   27.64764  -94.99800    0.00030   -0.00011          9  0.000e+00
      58258   2427.375    169.317    170.517    16.6461    16.6167   4.599719   4.596681     1.8364     1.5128     100.00   27.64764  -94.99800    0.00033   -0.00013          9  0.000e+00
      58259   2427.417    169.378    170.578    16.6467    16.6217   4.599762   4.596840     1.8364     1.5128     100.00   27.64764  -94.99800    0.00034   -0.00014          9  0.000e+00
      58260   2427.458    169.378    170.578    16.6467    16.6294   4.599783   4.596993     1.8364     1.5128     100.00   27.64764  -94.99800    0.00034   -0.00017          9  0.000e+00
      58261   2427.500    169.378    170.578    16.6471    16.6343   4.599747   4.597022     1.8364     1.5116     100.00   27.64764  -94.99800    0.00037   -0.00020          9  0.000e+00
      58262   2427.542    169.317    170.517    16.6473    16.6339   4.599740   4.596818     1.8364     1.5128     100.00   27.64764  -94.99800    0.00037   -0.00022          9  0.000e+00
      58263   2427.583    169.378    170.578    16.6476    16.6311   4.599769   4.596557     1.8364     1.5128     100.00   27.64764  -94.99800    0.00039   -0.00023          9  0.000e+00
      58264   2427.625    169.378    170.578    16.6476    16.6229   4.599747   4.596224     1.8364     1.5116     100.00   27.64764  -94.99800    0.00042   -0.00028          9  0.000e+00
      58265   2427.667    169.378    170.578    16.6473    16.6122   4.599769   4.595912     1.8364     1.5128     100.00   27.64764  -94.99800    0.00042   -0.00029          9  0.000e+00
      58266   2427.708    169.378    170.578    16.6461    16.6045   4.599719   4.595717     1.8364     1.5116     100.00   27.64764  -94.99800    0.00044   -0.00034          9  0.000e+00
      58267   2427.750    169.378    170.578    16.6445    16.6032   4.599697   4.595608     1.8364     1.5116     100.00   27.64764  -94.99800    0.00045   -0.00038          9  0.000e+00
      58268   2427.792    169.378    170.578    16.6440    16.6057   4.599697   4.595702     1.8364     1.5128     100.00   27.64764  -94.99800    0.00047   -0.00041          9  0.000e+00
      58269   2427.833    169.378    170.578    16.6436    16.6082   4.599669   4.595760     1.8376     1.5116     100.00   27.64764  -94.99800    0.00050   -0.00046          9  0.000e+00
      58270   2427.875    169.378    170.578    16.6435    16.6105   4.599661   4.595811     1.8376     1.5116     100.00   27.64764  -94.99800    0.00054   -0.00049          9  0.000e+00
      58271   2427.917    169.378    170.578    16.6440    16.6117   4.599633   4.595883     1.8364     1.5116     100.00   27.64764  -94.99800    0.00056   -0.00051          9  0.000e+00
      58272   2427.958    169.378    170.578    16.6449    16.6126   4.599626   4.595883     1.8364     1.5116     100.00   27.64764  -94.99800    0.00058   -0.00056          9  0.000e+00
      58273   2428.000    169.378    170.578    16.6445    16.6129   4.599561   4.595869     1.8364     1.5116     100.00   27.64764  -94.99800    0.00058   -0.00060          9  0.000e+00
      58274   2428.042    169.378    170.578    16.6442    16.6134   4.599518   4.595956     1.8364     1.5116     100.00   27.64764  -94.99800    0.00059   -0.00063          9  0.000e+00
      58275   2428.083    169.378    170.578    16.6442    16.6129   4.599511   4.596072     1.8376     1.5128     100.00   27.64764  -94.99800    0.00063   -0.00064          9  0.000e+00
      58276   2428.125    169.340    170.540    16.6442    16.6122   4.599447   4.596173     1.8376     1.5116     100.00   27.64764  -94.99800    0.00066   -0.00066          9  0.000e+00
      58277   2428.167    169.378    170.578    16.6429    16.6122   4.599339   4.596297     1.8376     1.5116     100.00   27.64764  -94.99800    0.00069   -0.00069          9  0.000e+00
      58278   2428.208    169.378    170.578    16.6424    16.6139   4.599311   4.596391     1.8364     1.5116     100.00   27.64764  -94.99800    0.00069   -0.00071          9  0.000e+00
      58279   2428.250    169.378    170.578    16.6416    16.6138   4.599246   4.596434     1.8364     1.5116     100.00   27.64764  -94.99800    0.00070   -0.00073          9  0.000e+00
      58280   2428.292    169.318    170.517    16.6413    16.6129   4.599261   4.596405     1.8364     1.5116     100.00   27.64764  -94.99800    0.00072   -0.00075          9  0.000e+00
      58281   2428.333    169.378    170.578    16.6418    16.6132   4.599182   4.596405     1.8376     1.5116     100.00   27.64764  -94.99800    0.00075   -0.00078          9  0.000e+00
      58282   2428.375    169.318    170.517    16.6414    16.6139   4.599117   4.596434     1.8364     1.5116     100.00   27.64764  -94.99800    0.00074   -0.00080          9  0.000e+00
      58283   2428.417    169.265    170.464    16.6409    16.6146   4.598845   4.596536     1.8376     1.5116     100.00   27.64764  -94.99800    0.00077   -0.00082          9  0.000e+00
      58284   2428.458    169.431    170.632    16.6401    16.6160   4.598459   4.596637     1.8364     1.5116     100.00   27.64764  -94.99800    0.00077   -0.00084          9  0.000e+00
      58285   2428.500    169.318    170.517    16.6363    16.6174   4.598072   4.596681     1.8364     1.5116     100.00   27.64764  -94.99800    0.00078   -0.00085          9  0.000e+00
      58286   2428.542    169.318    170.517    16.6311    16.6180   4.597829   4.596623     1.8376     1.5128     100.00   27.64764  -94.99800    0.00080   -0.00085          9  0.000e+00
      58287   2428.583    169.318    170.517    16.6282    16.6177   4.597657   4.596717     1.8376     1.5116     100.00   27.64764  -94.99800    0.00083   -0.00087          9  0.000e+00
      58288   2428.625    169.318    170.517    16.6272    16.6183   4.597478   4.596732     1.8376     1.5128     100.00   27.64764  -94.99800    0.00086   -0.00087          9  0.000e+00
      58289   2428.667    169.318    170.517    16.6257    16.6187   4.597307   4.596681     1.8376     1.5128     100.00   27.64764  -94.99800    0.00088   -0.00087          9  0.000e+00
      58290   2428.708    169.318    170.517    16.6252    16.6180   4.597242   4.596645     1.8364     1.5128     100.00   27.64764  -94.99800    0.00087   -0.00087          9  0.000e+00
      58291   2428.750    169.265    170.464    16.6258    16.6175   4.597063   4.596616     1.8364     1.5128     100.00   27.64764  -94.99800    0.00086   -0.00085          9  0.000e+00
      58292   2428.792    169.318    170.517    16.6243    16.6179   4.596813   4.596579     1.8364     1.5128     100.00   27.64764  -94.99800    0.00085   -0.00085          9  0.000e+00
      58293   2428.833    169.265    170.464    16.6218    16.6175   4.596555   4.596492     1.8364     1.5128     100.00   27.64764  -94.99800    0.00084   -0.00085          9  0.000e+00
      58294   2428.875    169.265    170.464    16.6211    16.6182   4.596276   4.596485     1.8376     1.5128     100.00   27.64764  -94.99800    0.00086   -0.00082          9  0.000e+00
      58295   2428.917    169.265    170.464    16.6180    16.6189   4.595832   4.596579     1.8376     1.5128     100.00   27.64764  -94.99800    0.00088   -0.00080          9  0.000e+00
      58296   2428.958    169.227    170.426    16.6118    16.6189   4.595561   4.596579     1.8364     1.5128     100.00   27.64764  -94.99800    0.00086   -0.00080          9  0.000e+00
      58297   2429.000    169.318    170.518    16.6058    16.6191   4.595496   4.596529     1.8364     1.5140     100.00   27.64764  -94.99800    0.00085   -0.00078          9  0.000e+00
      58298   2429.042    169.205    170.403    16.6021    16.6191   4.595274   4.596521     1.8364     1.5128     100.00   27.64764  -94.99800    0.00083   -0.00075          9  0.000e+00
      58299   2429.083    169.205    170.403    16.6002    16.6180   4.594859   4.596500     1.8376     1.5128     100.00   27.64764  -94.99800    0.00083   -0.00073          9  0.000e+00
      58300   2429.125    169.265    170.464    16.5966    16.6179   4.594623   4.596601     1.8364     1.5140     100.00   27.64764  -94.99800    0.00081   -0.00069          9  0.000e+00
      58301   2429.167    169.205    170.403    16.5971    16.6187   4.594444   4.596688     1.8364     1.5128     100.00   27.64764  -94.99800    0.00081   -0.00068          9  0.000e+00
      58302   2429.208    169.205    170.403    16.5977    16.6191   4.593944   4.596688     1.8376     1.5140     100.00   27.64764  -94.99800    0.00081   -0.00066          9  0.000e+00
      58303   2429.250    169.205    170.403    16.5899    16.6198   4.592978   4.596739     1.8364     1.5128     100.00   27.64764  -94.99800    0.00079   -0.00063          9  0.000e+00
      58304   2429.292    169.152    170.350    16.5795    16.6199   4.591619   4.596674     1.8376     1.5128     100.00   27.64764  -94.99800    0.00079   -0.00063          9  0.000e+00
      58305   2429.333    169.205    170.403    16.5667    16.6191   4.590281   4.596601     1.8376     1.5140     100.00   27.64764  -94.99800    0.00078   -0.00058          9  0.000e+00
      58306   2429.375    169.205    170.403    16.5547    16.6187   4.589351   4.596514     1.8376     1.5140     100.00   27.64764  -94.99800    0.00080   -0.00054          9  0.000e+00
      58307   2429.417    169.152    170.350    16.5484    16.6189   4.588787   4.596492     1.8364     1.5140     100.00   27.64764  -94.99800    0.00077   -0.00050          9  0.000e+00
      58308   2429.458    169.152    170.350    16.5433    16.6191   4.588565   4.596427     1.8376     1.5140     100.00   27.64764  -94.99800    0.00077   -0.00047          9  0.000e+00
      58309   2429.500    169.152    170.350    16.5458    16.6184   4.588694   4.596304     1.8364     1.5140     100.00   27.64764  -94.99800    0.00074   -0.00043          9  0.000e+00
      58310   2429.542    169.205    170.403    16.5516    16.6162   4.588987   4.596050     1.8364     1.5140     100.00   27.64764  -94.99800    0.00071   -0.00038          9  0.000e+00
      58311   2429.583    169.152    170.350    16.5544    16.6115   4.589151   4.595803     1.8364     1.5140     100.00   27.64764  -94.99800    0.00069   -0.00034          9  0.000e+00
      58312   2429.625    169.099    170.297    16.5547    16.6082   4.589065   4.595506     1.8364     1.5140     100.00   27.64764  -94.99800    0.00066   -0.00031          9  0.000e+00
      58313   2429.667    169.152    170.350    16.5530    16.6053   4.588794   4.595238     1.8364     1.5140     100.00   27.64764  -94.99800    0.00065   -0.00028          9  0.000e+00
      58314   2429.708    169.114    170.312    16.5499    16.6042   4.588658   4.594933     1.8376     1.5140     100.00   27.64764  -94.99800    0.00064   -0.00025          9  0.000e+00
      58315   2429.750    169.152    170.350    16.5496    16.6019   4.588543   4.594701     1.8364     1.5140     100.00   27.64764  -94.99800    0.00061   -0.00023          9  0.000e+00
      58316   2429.792    169.099    170.297    16.5502    16.5984   4.588493   4.594484     1.8364     1.5140     100.00   27.64764  -94.99800    0.00058   -0.00020          9  0.000e+00
      58317   2429.833    169.152    170.350    16.5514    16.5992   4.588386   4.594331     1.8364     1.5140     100.00   27.64764  -94.99800    0.00055   -0.00017          9  0.000e+00
      58318   2429.875    169.099    170.297    16.5511    16.5994   4.588336   4.594215     1.8364     1.5140     100.00   27.64764  -94.99800    0.00053   -0.00014          9  0.000e+00
      58319   2429.917    169.099    170.297    16.5501    16.5975   4.588264   4.594063     1.8364     1.5140     100.00   27.64764  -94.99800    0.00050   -0.00012          9  0.000e+00
      58320   2429.958    169.152    170.350    16.5484    16.5959   4.588121   4.594034     1.8364     1.5140     100.00   27.64764  -94.99800    0.00049   -0.00009          9  0.000e+00
      58321   2430.000    169.099    170.297    16.5468    16.5958   4.588036   4.594121     1.8364     1.5140     100.00   27.64764  -94.99800    0.00045   -0.00006          9  0.000e+00
      58322   2430.042    169.099    170.297    16.5460    16.5950   4.588064   4.594237     1.8364     1.5140     100.00   27.64764  -94.99800    0.00044   -0.00003          9  0.000e+00
      58323   2430.083    169.099    170.297    16.5460    16.5951   4.588150   4.594273     1.8364     1.5140     100.00   27.64764  -94.99800    0.00042   -0.00001          9  0.000e+00
      58324   2430.125    169.152    170.350    16.5455    16.5953   4.588136   4.594085     1.8364     1.5140     100.00   27.64764  -94.99800    0.00041    0.00002          9  0.000e+00
      58325   2430.167    169.039    170.236    16.5448    16.5948   4.588150   4.594027     1.8364     1.5140     100.00   27.64764  -94.99800    0.00039    0.00005          9  0.000e+00
      58326   2430.208    169.152    170.350    16.5446    16.5954   4.588114   4.594005     1.8364     1.5140     100.00   27.64764  -94.99800    0.00037    0.00008          9  0.000e+00
      58327   2430.250    169.099    170.297    16.5438    16.5955   4.588028   4.593904     1.8364     1.5140     100.00   27.64764  -94.99800    0.00035    0.00010          9  0.000e+00
      58328   2430.292    169.099    170.297    16.5424    16.5953   4.587986   4.593809     1.8364     1.5140     100.00   27.64764  -94.99800    0.00034    0.00013          9  0.000e+00
      58329   2430.333    169.099    170.297    16.5422    16.5960   4.587936   4.593708     1.8364     1.5140     100.00   27.64764  -94.99800    0.00032    0.00016          9  0.000e+00
      58330   2430.375    169.152    170.351    16.5429    16.5971   4.588136   4.593628     1.8364     1.5128     100.00   27.64764  -94.99800    0.00030    0.00017          9  0.000e+00
      58331   2430.417    169.099    170.297    16.5441    16.5979   4.588293   4.593541     1.8364     1.5140     100.00   27.64764  -94.99800    0.00028    0.00020          9  0.000e+00
      58332   2430.458    169.062    170.259    16.5448    16.5980   4.588436   4.593519     1.8364     1.5128     100.00   27.64764  -94.99800    0.00026    0.00021          9  0.000e+00
      58333   2430.500    169.205    170.404    16.5456    16.5970   4.588565   4.593411     1.8364     1.5140     100.00   27.64764  -94.99800    0.00026    0.00023          9  0.000e+00
      58334   2430.542    169.100    170.297    16.5475    16.5913   4.588708   4.593157     1.8352     1.5128     100.00   27.64764  -94.99800    0.00022    0.00024          9  0.000e+00
      58335   2430.583    169.153    170.351    16.5496    16.5850   4.588837   4.593027     1.8364     1.5128     100.00   27.64764  -94.99800    0.00020    0.00026          9  0.000e+00
      58336   2430.625    169.100    170.297    16.5502    16.5861   4.588901   4.593048     1.8364     1.5140     100.00   27.64764  -94.99800    0.00018    0.00028          9  0.000e+00
      58337   2430.667    169.153    170.351    16.5506    16.5908   4.588908   4.593200     1.8352     1.5140     100.00   27.64764  -94.99800    0.00014    0.00031          9  0.000e+00
      58338   2430.708    169.153    170.351    16.5504    16.5901   4.588851   4.593396     1.8364     1.5140     100.00   27.64764  -94.99800    0.00012    0.00034          9  0.000e+00
