GOMECC/GOMECC-4/1db/rb2103_0871.cnv
* Sea-Bird SBE 9 Data File:
* FileName = C:\Users\scs.user.rb\CTD\GOMECC4\data\rb2103_0871.hex
* Software Version Seasave V 7.26.7.107
* Temperature SN = 4799
* Conductivity SN = 3860
* Number of Bytes Per Scan = 41
* Number of Voltage Words = 4
* Number of Scans Averaged by the Deck Unit = 1
* NMEA Latitude = 19 36.52 N
* NMEA Longitude = 093 30.02 W
* NMEA UTC (Time) = Oct 08 2021  13:21:27
* NMEA baud rate = 4800
# nquan = 28
# nvalues = 558                         
# units = specified
# name 0 = scan: Scan Count
# name 1 = timeS: Time, Elapsed [seconds]
# name 2 = depSM: Depth [salt water, m]
# name 3 = prDM: Pressure, Digiquartz [db]
# name 4 = t090C: Temperature [ITS-90, deg C]
# name 5 = t190C: Temperature, 2 [ITS-90, deg C]
# name 6 = c0S/m: Conductivity [S/m]
# name 7 = c1S/m: Conductivity, 2 [S/m]
# name 8 = sbeox0V: Oxygen raw, SBE 43 [V]
# name 9 = sbeox1V: Oxygen raw, SBE 43, 2 [V]
# name 10 = altM: Altimeter [m]
# name 11 = latitude: Latitude [deg]
# name 12 = longitude: Longitude [deg]
# name 13 = sbox0dV/dT: Oxygen, SBE 43 [dov/dt]
# name 14 = sbox1dV/dT: Oxygen, SBE 43, 2 [dov/dt]
# name 15 = sbeox0ML/L: Oxygen, SBE 43 [ml/l], WS = 5
# name 16 = sbeox1ML/L: Oxygen, SBE 43, 2 [ml/l], WS = 5
# name 17 = potemp090C: Potential Temperature [ITS-90, deg C]
# name 18 = potemp190C: Potential Temperature, 2 [ITS-90, deg C]
# name 19 = sal00: Salinity, Practical [PSU]
# name 20 = sal11: Salinity, Practical, 2 [PSU]
# name 21 = sigma-é00: Density [sigma-theta, kg/m^3]
# name 22 = sigma-é11: Density, 2 [sigma-theta, kg/m^3]
# name 23 = avgsvCM: Average Sound Velocity [Chen-Millero, m/s], minP = 20, minS = 20
# name 24 = sbox0Mm/Kg: Oxygen, SBE 43 [umol/kg], WS = 5
# name 25 = sbox1Mm/Kg: Oxygen, SBE 43, 2 [umol/kg], WS = 5
# name 26 = nbin: number of scans per bin
# name 27 = flag: flag
# span 0 =      11571,     289965       
# span 1 =    482.066,  12080.850       
# span 2 =      0.994,   1069.657       
# span 3 =      1.000,   1079.000       
# span 4 =     5.7479,   733.3795       
# span 5 =     5.7482,   733.3628       
# span 6 =   3.448979, 143.711076       
# span 7 =   3.449236, 143.702677       
# span 8 =     1.5673,    77.4810       
# span 9 =     1.2714,    65.4473       
# span 10 =      10.22,    2494.23      
# span 11 =   19.22188,  489.09019      
# span 12 =-2332.12115,  -91.65536      
# span 13 =   -0.04472,    0.02501      
# span 14 =   -0.04320,    0.01656      
# span 15 =     2.3797,   107.0731      
# span 16 =     2.3936,   106.5382      
# span 17 =     5.6509,   733.3536      
# span 18 =     5.6512,   733.3369      
# span 19 =    34.2446,   871.2106      
# span 20 =    34.2458,   871.1649      
# span 21 =    21.4479,   545.6343      
# span 22 =    21.4484,   545.6059      
# span 23 =       0.00,    1545.39      
# span 24 =    103.478,   4679.510      
# span 25 =    104.082,   4656.149      
# span 26 =         30,         74      
# span 27 = 0.0000e+00, 0.0000e+00      
# interval = decibars: 1                
# start_time = Oct 08 2021 13:21:27 [NMEA time, header]
# bad_flag = -9.990e-29
*END*
[from data line 467]
      72806   3033.532    271.160    273.000    12.6943    12.6962   4.142792   4.142958     1.6557     1.3493      68.09   19.60895  -93.50100    0.00063    0.00036     2.4094     2.4234    12.6570    12.6589    35.6123    35.6121    26.9362    26.9357    1498.79    104.782    105.390         30 0.0000e+00
      73088   3045.271    260.241    262.000    12.8639    12.8614   4.161336   4.160917     1.6628     1.3562      99.99   19.60779  -93.49556    0.00061    0.00079     2.4145     2.4303    12.8278    12.8253    35.6346    35.6329    26.9194    26.9186    1498.70    105.003    105.690         34 0.0000e+00
      73197   3049.819    256.270    258.000    12.9291    12.9341   4.168820   4.169385     1.6649     1.3589     100.00   19.60984  -93.50533    0.00047    0.00078     2.4148     2.4323    12.8934    12.8984    35.6475    35.6482    26.9163    26.9159    1498.85    105.019    105.781         31 0.0000e+00
      73323   3055.081    251.307    253.000    13.0825    13.0838   4.186245   4.186350     1.6704     1.3634     100.00   19.60898  -93.50122    0.00100    0.00125     2.4185     2.4350    13.0473    13.0485    35.6714    35.6712    26.9037    26.9033    1498.79    105.179    105.898         30 0.0000e+00
      73454   3060.562    246.343    248.000    13.2424    13.2447   4.204465   4.204766     1.6781     1.3697     100.00   19.60966  -93.50446    0.00158    0.00132     2.4272     2.4420    13.2076    13.2099    35.6971    35.6978    26.8910    26.8911    1498.84    105.559    106.203         30 0.0000e+00
      74903   3120.905    200.673    202.000    14.3990    14.3997   4.336753   4.337143     1.7283     1.4159     100.00   19.60960  -93.50426    0.00120    0.00130     2.4718     2.4892    14.3690    14.3697    35.8791    35.8805    26.7880    26.7889    1498.84    107.510    108.266         55 0.0000e+00
      76375   3182.271    197.694    199.000    14.7087    14.7066   4.371613   4.371685     1.7447     1.4308      99.98   19.60552  -93.48471   -0.00007    0.00019     2.4933     2.5116    14.6788    14.6767    35.9172    35.9180    26.7497    26.7508    1498.52    108.450    109.247         58 0.0000e+00
      76905   3204.330    177.834    179.000    15.3275    15.3241   4.444004   4.443674     1.7607     1.4420      99.99   19.60757  -93.49445    0.00149    0.00101     2.4906     2.5011    15.2998    15.2964    36.0152    36.0153    26.6880    26.6889    1498.68    108.337    108.797         31 0.0000e+00
      77025   3209.322    173.861    175.000    15.5021    15.5053   4.465224   4.465632     1.7650     1.4473     100.01   19.61223  -93.51668    0.00097    0.00128     2.4896     2.5038    15.4748    15.4780    36.0515    36.0523    26.6772    26.6771    1499.04    108.297    108.915         30 0.0000e+00
      77042   3210.033    172.868    174.000    15.5158    15.5263   4.466350   4.467251     1.7656     1.4469     100.00   19.60886  -93.50062    0.00078    0.00121     2.4901     2.5014    15.4886    15.4992    36.0479    36.0464    26.6709    26.6673    1498.78    108.321    108.812         30 0.0000e+00
      77304   3220.969    162.937    164.000    15.8441    15.8384   4.504805   4.503921     1.7794     1.4605     100.01   19.61007  -93.50638    0.00072    0.00097     2.5013     2.5167    15.8184    15.8124    36.0989    36.0964    26.6352    26.6347    1498.87    108.810    109.480         30 0.0000e+00
      77330   3222.037    161.944    163.000    15.8554    15.8580   4.505808   4.506129     1.7802     1.4603     100.00   19.60886  -93.50062    0.00097    0.00072     2.5023     2.5149    15.8296    15.8322    36.0976    36.0981    26.6315    26.6313    1498.78    108.852    109.403         30 0.0000e+00
      77432   3226.307    157.972    159.000    15.9458    15.9532   4.516457   4.517336     1.7840     1.4636     100.00   19.60969  -93.50469    0.00098    0.00084     2.5049     2.5171    15.9205    15.9279    36.1127    36.1138    26.6224    26.6215    1498.85    108.967    109.500         31 0.0000e+00
      77460   3227.475    156.979    158.000    15.9605    15.9648   4.517877   4.518324     1.7847     1.4641     100.00   19.60884  -93.50062    0.00080    0.00069     2.5055     2.5174    15.9354    15.9396    36.1120    36.1121    26.6183    26.6174    1498.78    108.994    109.513         31 0.0000e+00
      77575   3232.251    153.006    154.000    16.0899    16.0988   4.533875   4.534783     1.7883     1.4666     100.02   19.61279  -93.51934    0.00091    0.00056     2.5052     2.5154    16.0653    16.0742    36.1410    36.1410    26.6111    26.6091    1499.08    108.983    109.426         32 0.0000e+00
      77600   3233.279    152.013    153.000    16.0846    16.0929   4.532586   4.533742     1.7881     1.4666     100.00   19.60886  -93.50062    0.00055    0.00097     2.5049     2.5153    16.0601    16.0684    36.1327    36.1354    26.6054    26.6056    1498.78    108.971    109.423         40 0.0000e+00
      77698   3237.359    151.020    152.000    16.0822    16.1095   4.532134   4.535442     1.7879     1.4675      77.91   19.60886  -93.50061    0.00007    0.00017     2.5044     2.5165    16.0579    16.0851    36.1312    36.1359    26.6048    26.6021    1498.78    108.950    109.475         60 0.0000e+00
      77873   3244.685    150.026    151.000    16.1873    16.1796   4.544755   4.544261     1.7897     1.4685      96.73   19.60886  -93.50060    0.00023    0.00016     2.5024     2.5147    16.1631    16.1556    36.1486    36.1464    26.5938    26.5927    1498.78    108.863    109.398         43 0.0000e+00
      78937   3288.997    148.040    149.000    16.3882    16.4016   4.567311   4.569090     1.7912     1.4706      99.97   19.60223  -93.46907   -0.00024   -0.00003     2.4945     2.5083    16.3640    16.3774    36.1643    36.1679    26.5581    26.5578    1498.27    108.520    109.121         32 0.0000e+00
      79559   3314.907    124.202    125.000    17.1623    17.1665   4.658687   4.658892     1.8044     1.4782     100.00   19.60852  -93.49912   -0.00063   -0.00084     2.4752     2.4802    17.1414    17.1456    36.2829    36.2809    26.4654    26.4628    1498.76    107.693    107.911         31 0.0000e+00
      80157   3339.851    102.348    103.000    18.2981    18.2698   4.791704   4.788452     1.8287     1.5004     100.03   19.61480  -93.52904    0.00048    0.00052     2.4631     2.4728    18.2801    18.2518    36.4287    36.4261    26.2977    26.3028    1499.24    107.184    107.607         38 0.0000e+00
      82255   3427.263     98.374     99.000    18.6423    18.6440   4.831084   4.831217     1.8289     1.4996     100.04   19.61569  -93.53339    0.00013   -0.00045     2.4444     2.4516    18.6248    18.6265    36.4559    36.4612    26.2312    26.2352    1499.31    106.379    106.689         42 0.0000e+00
      82271   3427.907     97.381     98.000    18.6384    18.6395   4.829559   4.829806     1.8289     1.4993     100.00   19.60880  -93.50052    0.00002    0.00012     2.4448     2.4509    18.6210    18.6221    36.4473    36.4485    26.2249    26.2255    1498.78    106.397    106.659         43 0.0000e+00
      82308   3429.438     96.387     97.000    18.6347    18.6346   4.829218   4.829233     1.8291     1.5000     100.00   19.60880  -93.50052    0.00027    0.00021     2.4452     2.4526    18.6175    18.6174    36.4482    36.4484    26.2264    26.2266    1498.78    106.413    106.732         34 0.0000e+00
      82342   3430.875     95.394     96.000    18.6495    18.6600   4.830859   4.832027     1.8292     1.5007     100.00   19.60880  -93.50052    0.00017    0.00041     2.4443     2.4527    18.6325    18.6430    36.4494    36.4500    26.2235    26.2214    1498.78    106.373    106.737         36 0.0000e+00
      82381   3432.519     94.400     95.000    18.7021    18.6954   4.836812   4.835882     1.8298     1.5018     100.00   19.60880  -93.50052    0.00017    0.00058     2.4428     2.4532    18.6852    18.6785    36.4537    36.4518    26.2134    26.2137    1498.78    106.308    106.763         45 0.0000e+00
      82426   3434.368     93.407     94.000    18.7398    18.7306   4.840347   4.839228     1.8298     1.5022     100.00   19.60880  -93.50052    0.00028    0.00044     2.4405     2.4523    18.7231    18.7139    36.4507    36.4494    26.2014    26.2028    1498.78    106.208    106.724         37 0.0000e+00
      84755   3531.420     85.459     86.000    19.3646    19.3845   4.911048   4.912979     1.8531     1.5221      83.77   19.61043  -93.50834    0.00174    0.00131     2.4527     2.4665    19.3489    19.3688    36.4989    36.4985    26.0773    26.0718    1498.91    106.755    107.355         31 0.0000e+00
      85140   3547.451     84.466     85.000    19.3993    19.3923   4.914613   4.913380     1.8637     1.5312     100.40   19.60877  -93.50042    0.00015   -0.00051     2.4795     2.4876    19.3838    19.3768    36.4981    36.4938    26.0673    26.0658    1498.78    107.922    108.273         35 0.0000e+00
      86640   3609.961     83.472     84.000    19.4179    19.4350   4.916349   4.918378     1.8596     1.5302      94.29   19.60878  -93.50040   -0.00010   -0.00043     2.4686     2.4828    19.4026    19.4197    36.4966    36.4986    26.0612    26.0583    1498.78    107.447    108.066         38 0.0000e+00
      86840   3618.291     82.479     83.000    19.4318    19.4399   4.917939   4.918954     1.8602     1.5300      98.85   19.60878  -93.50040    0.00010   -0.00012     2.4689     2.4817    19.4166    19.4248    36.4981    36.4992    26.0587    26.0574    1498.78    107.459    108.019         35 0.0000e+00
      87165   3631.839     80.491     81.000    19.4847    19.4867   4.926931   4.927025     1.8614     1.5305     100.12   19.63172  -93.60977   -0.00021    0.00018     2.4675     2.4799    19.4699    19.4719    36.5409    36.5419    26.0813    26.0816    1500.53    107.402    107.939         52 0.0000e+00
      87158   3631.562     79.498     80.000    19.4791    19.4843   4.922847   4.923535     1.8617     1.5305     100.00   19.60878  -93.50040    0.00076    0.00051     2.4687     2.4800    19.4644    19.4697    36.4985    36.5000    26.0465    26.0463    1498.78    107.452    107.944         44 0.0000e+00
      87257   3635.657     78.504     79.000    19.5152    19.5099   4.926150   4.926378     1.8646     1.5312     100.00   19.60878  -93.50040    0.00082    0.00011     2.4735     2.4802    19.5008    19.4955    36.4981    36.5015    26.0367    26.0407    1498.78    107.665    107.955         34 0.0000e+00
      87361   3640.016     76.517     77.000    19.5538    19.5663   4.928267   4.930001     1.8641     1.5323      92.06   19.58984  -93.41010    0.00015    0.00045     2.4699     2.4797    19.5397    19.5522    36.4675    36.4723    26.0000    26.0008    1497.33    107.507    107.936         39 0.0000e+00
      87558   3648.219     75.524     76.000    19.5901    19.6117   4.934887   4.937178     1.8664     1.5352      87.73   19.60878  -93.50040    0.00004    0.00044     2.4722     2.4841    19.5762    19.5978    36.5033    36.5050    26.0210    26.0166    1498.78    107.607    108.128         56 0.0000e+00
      87668   3652.800     74.530     75.000    19.6173    19.7168   4.937865   4.949140     1.8676     1.5379      99.42   19.60878  -93.50040    0.00013    0.00074     2.4732     2.4855    19.6012    19.7030    36.5060    36.5102    26.0164    25.9929    1498.78    107.651    108.192         37 0.0000e+00
      87787   3657.754     72.543     73.000    19.7948    19.8245   4.954836   4.957592     1.8770     1.5504      72.32   19.59353  -93.42769    0.00084    0.00213     2.4839     2.5091    19.7813    19.8110    36.4815    36.4784    25.9477    25.9375    1497.61    108.122    109.221         39 0.0000e+00
      87955   3664.760     71.550     72.000    19.8645    19.8675   4.963768   4.964599     1.8845     1.5567     107.01   19.60878  -93.50040    0.00101    0.00145     2.4963     2.5215    19.8511    19.8541    36.5050    36.5093    25.9498    25.9522    1498.78    108.666    109.763         37 0.0000e+00
      88064   3669.299     70.556     71.000    19.9150    19.9479   4.969741   4.973149     1.9025     1.5701     100.00   19.60878  -93.50040    0.00493    0.00348     2.5320     2.5489    19.9019    19.9347    36.5108    36.5104    25.9407    25.9317    1498.78    110.222    110.956         30 0.0000e+00
      88208   3675.280     69.562     70.000    20.0119    20.0755   4.978632   4.985249     1.9092     1.5816     100.00   19.60878  -93.50040    0.00252    0.00381     2.5418     2.5701    19.9989    20.0627    36.4983    36.5025    25.9055    25.8926    1498.78    110.650    111.882         47 0.0000e+00
      89649   3735.316     67.575     68.000    20.2217    20.2418   5.001934   5.004080     1.9686     1.6318      97.87   19.62683  -93.58647   -0.00076    0.00094     2.6564     2.6784    20.2090    20.2291    36.5227    36.5227    25.8711    25.8658    1500.16    115.648    116.605         58 0.0000e+00
      89652   3735.475     66.582     67.000    20.2171    20.2396   4.998260   5.001176     1.9709     1.6345      99.79   19.60878  -93.50040    0.00085    0.00145     2.6629     2.6847    20.2046    20.2271    36.4878    36.4887    25.8426    25.8372    1498.78    115.932    116.881         33 0.0000e+00
      89732   3738.811     65.588     66.000    20.2506    20.2897   5.001572   5.006017     1.9754     1.6428     100.00   19.60878  -93.50040    0.00136    0.00287     2.6692     2.7020    20.2382    20.2773    36.4836    36.4856    25.8304    25.8213    1498.78    116.205    117.632         67 0.0000e+00
      89803   3741.759     64.594     65.000    20.3221    20.3209   5.008204   5.008360     1.9919     1.6552     100.00   19.60878  -93.50040    0.00457    0.00390     2.7002     2.7285    20.3099    20.3087    36.4764    36.4787    25.8056    25.8077    1498.78    117.557    118.789         63 0.0000e+00
      89857   3744.009     63.601     64.000    20.3724    20.3557   5.013432   5.012051     2.0098     1.6641     100.00   19.60878  -93.50040    0.00754    0.00376     2.7354     2.7470    20.3604    20.3437    36.4761    36.4792    25.7918    25.7987    1498.78    119.090    119.597         55 0.0000e+00
      89915   3746.422     62.607     63.000    20.4412    20.4249   5.020844   5.019064     2.0250     1.6786     100.00   19.60878  -93.50040    0.00690    0.00558     2.7645     2.7771    20.4295    20.4131    36.4783    36.4770    25.7749    25.7783    1498.78    120.360    120.908         54 0.0000e+00
      89970   3748.697     61.613     62.000    20.4707    20.4482   5.024210   5.022272     2.0374     1.6876     100.00   19.60878  -93.50040    0.00589    0.00478     2.7878     2.7961    20.4590    20.4365    36.4801    36.4820    25.7683    25.7759    1498.78    121.374    121.737         61 0.0000e+00
      90028   3751.134     60.620     61.000    20.5011    20.5048   5.026823   5.027406     2.0474     1.6975     100.00   19.60878  -93.50040    0.00444    0.00382     2.8069     2.8161    20.4895    20.4932    36.4757    36.4773    25.7567    25.7569    1498.78    122.210    122.611         50 0.0000e+00
      90078   3753.227     59.626     60.000    20.5412    20.5348   5.029875   5.029862     2.0601     1.7074     100.00   19.60878  -93.50040    0.00499    0.00485     2.8316     2.8380    20.5299    20.5234    36.4663    36.4717    25.7387    25.7445    1498.78    123.285    123.562         60 0.0000e+00
