GOMECC/GOMECC-4/1db/rb2103_0431.cnv
* Sea-Bird SBE 9 Data File:
* FileName = C:\Users\scs.user.rb\CTD\GOMECC4\data\rb2103_0431.hex
* Software Version Seasave V 7.26.7.107
* Temperature SN = 4799
* Conductivity SN = 3860
* Number of Bytes Per Scan = 41
* Number of Voltage Words = 4
* Number of Scans Averaged by the Deck Unit = 1
* NMEA Latitude = 28 29.94 N
* NMEA Longitude = 090 00.00 W
* NMEA UTC (Time) = Sep 26 2021  07:09:27
* NMEA baud rate = 4800
# nquan = 28
# nvalues = 128                         
# units = specified
# name 0 = scan: Scan Count
# name 1 = timeS: Time, Elapsed [seconds]
# name 2 = depSM: Depth [salt water, m]
# name 3 = prDM: Pressure, Digiquartz [db]
# name 4 = t090C: Temperature [ITS-90, deg C]
# name 5 = t190C: Temperature, 2 [ITS-90, deg C]
# name 6 = c0S/m: Conductivity [S/m]
# name 7 = c1S/m: Conductivity, 2 [S/m]
# name 8 = sbeox0V: Oxygen raw, SBE 43 [V]
# name 9 = sbeox1V: Oxygen raw, SBE 43, 2 [V]
# name 10 = altM: Altimeter [m]
# name 11 = latitude: Latitude [deg]
# name 12 = longitude: Longitude [deg]
# name 13 = sbox0dV/dT: Oxygen, SBE 43 [dov/dt]
# name 14 = sbox1dV/dT: Oxygen, SBE 43, 2 [dov/dt]
# name 15 = sbeox0ML/L: Oxygen, SBE 43 [ml/l], WS = 5
# name 16 = sbeox1ML/L: Oxygen, SBE 43, 2 [ml/l], WS = 5
# name 17 = potemp090C: Potential Temperature [ITS-90, deg C]
# name 18 = potemp190C: Potential Temperature, 2 [ITS-90, deg C]
# name 19 = sal00: Salinity, Practical [PSU]
# name 20 = sal11: Salinity, Practical, 2 [PSU]
# name 21 = sigma-é00: Density [sigma-theta, kg/m^3]
# name 22 = sigma-é11: Density, 2 [sigma-theta, kg/m^3]
# name 23 = avgsvCM: Average Sound Velocity [Chen-Millero, m/s], minP = 20, minS = 20
# name 24 = sbox0Mm/Kg: Oxygen, SBE 43 [umol/kg], WS = 5
# name 25 = sbox1Mm/Kg: Oxygen, SBE 43, 2 [umol/kg], WS = 5
# name 26 = nbin: number of scans per bin
# name 27 = flag: flag
# span 0 =      18592,      42128       
# span 1 =    774.615,   1755.273       
# span 2 =      1.986,     89.379       
# span 3 =      2.000,     90.000       
# span 4 =    17.6913,    29.4965       
# span 5 =    17.6810,    29.4651       
# span 6 =   4.711784,   5.821672       
# span 7 =   4.710588,   5.821897       
# span 8 =     1.9239,     3.1499       
# span 9 =     1.5936,     2.6745       
# span 10 =       5.82,      89.95      
# span 11 =   28.11958,   28.67169      
# span 12 =  -90.54425,  -88.80079      
# span 13 =   -0.05446,    0.03337      
# span 14 =   -0.04966,    0.03345      
# span 15 =     2.6938,     4.4023      
# span 16 =     2.7163,     4.4108      
# span 17 =    17.6759,    29.4939      
# span 18 =    17.6657,    29.4629      
# span 19 =    33.2273,    36.3798      
# span 20 =    33.1873,    36.3718      
# span 21 =    21.1244,    26.3517      
# span 22 =    21.0693,    26.3514      
# span 23 =       0.00,    1548.54      
# span 24 =    117.219,    192.248      
# span 25 =    118.199,    192.618      
# span 26 =         30,         73      
# span 27 = 0.0000e+00, 0.0000e+00      
# interval = decibars: 1                
# start_time = Sep 26 2021 07:09:27 [NMEA time, header]
# bad_flag = -9.990e-29
*END*
[from data line 52]
      21384    890.972     57.604     58.000    23.4527    23.4614   5.317957   5.318909     2.4905     2.1007      37.85   28.49914  -90.00018    0.00095    0.00077     3.5373     3.5581    23.4407    23.4494    36.2980    36.2982    24.7898    24.7874    1541.03    154.154    155.062         39 0.0000e+00
      21428    892.787     58.597     59.000    22.9511    22.9613   5.265414   5.266622     2.4087     2.0079      36.82   28.49914  -90.00018   -0.01901   -0.02342     3.4106     3.3893    22.9390    22.9492    36.3056    36.3065    24.9419    24.9396    1540.87    148.609    147.681         44 0.0000e+00
      21466    894.393     59.590     60.000    22.2571    22.2790   5.190534   5.192709     2.3594     1.9781      35.99   28.49914  -90.00018   -0.03722   -0.03586     3.3545     3.3620    22.2451    22.2670    36.2972    36.2960    25.1343    25.1271    1540.70    146.138    146.465         34 0.0000e+00
      21498    895.707     60.583     61.000    21.6909    21.6970   5.130454   5.131264     2.3611     1.9918      34.99   28.49914  -90.00018   -0.02983   -0.02043     3.3841     3.4156    21.6789    21.6850    36.2969    36.2981    25.2937    25.2930    1540.51    147.404    148.780         30 0.0000e+00
      21527    896.932     61.576     62.000    21.1748    21.1860   5.072802   5.075223     2.3753     2.0028      34.08   28.49914  -90.00018   -0.00571    0.00142     3.4600     3.4867    21.1526    21.1740    36.2802    36.2815    25.4269    25.4220    1540.30    150.694    151.855         30 0.0000e+00
      21558    898.206     62.569     63.000    20.8938    20.8971   5.044207   5.044818     2.3539     1.9745      33.13   28.49914  -90.00018    0.00273    0.00327     3.4337     3.4402    20.8817    20.8850    36.2795    36.2817    25.5007    25.5015    1540.07    149.536    149.817         31 0.0000e+00
      21592    899.625     63.562     64.000    20.7619    20.7654   5.030244   5.030810     2.3261     1.9492      32.02   28.49914  -90.00018   -0.01121   -0.01372     3.3844     3.3913    20.7497    20.7533    36.2786    36.2802    25.5360    25.5362    1539.86    147.383    147.683         38 0.0000e+00
      21633    901.339     64.555     65.000    20.3554    20.3611   4.986471   4.987258     2.2932     1.9275      31.04   28.49914  -90.00017   -0.02029   -0.01763     3.3427     3.3651    20.3432    20.3488    36.2698    36.2714    25.6390    25.6388    1539.63    145.551    146.529         42 0.0000e+00
      21673    902.984     65.548     66.000    20.2204    20.2231   4.972587   4.973080     2.2918     1.9305      30.05   28.49914  -90.00017   -0.01199   -0.00733     3.3484     3.3814    20.2080    20.2108    36.2718    36.2735    25.6768    25.6773    1539.41    145.798    147.235         36 0.0000e+00
      21706    904.368     66.541     67.000    20.1622    20.1631   4.967855   4.968123     2.2941     1.9324      29.22   28.49914  -90.00018   -0.00158    0.00019     3.3573     3.3899    20.1496    20.1505    36.2827    36.2842    25.7008    25.7016    1539.18    146.179    147.597         32 0.0000e+00
      21739    905.755     67.534     68.000    20.1321    20.1339   4.967258   4.967571     2.2849     1.9234      28.14   28.49914  -90.00018   -0.00037    0.00009     3.3396     3.3706    20.1194    20.1212    36.3033    36.3044    25.7245    25.7248    1538.96    145.407    146.755         36 0.0000e+00
      21778    907.388     68.527     69.000    20.0610    20.0640   4.964490   4.964864     2.2622     1.9008      27.12   28.49914  -90.00018   -0.00712   -0.00711     3.2951     3.3213    20.0481    20.0511    36.3416    36.3421    25.7727    25.7723    1538.74    143.463    144.602         43 0.0000e+00
      21821    909.176     69.520     70.000    19.8905    19.8994   4.950702   4.952392     2.2180     1.8569      26.16   28.49914  -90.00018   -0.01908   -0.01921     3.2070     3.2230    19.8775    19.8864    36.3692    36.3696    25.8391    25.8370    1538.53    139.617    140.315         39 0.0000e+00
      21856    910.613     70.513     71.000    19.7316    19.7324   4.933467   4.933739     2.1802     1.8227      25.22   28.49914  -90.00018   -0.02391   -0.02337     3.1408     3.1578    19.7186    19.7193    36.3701    36.3718    25.8818    25.8828    1538.32    136.729    137.471         32 0.0000e+00
      21888    911.943     71.506     72.000    19.6932    19.7014   4.929416   4.930480     2.1587     1.8043      24.27   28.49914  -90.00018   -0.02401   -0.02230     3.0974     3.1167    19.6799    19.6882    36.3696    36.3712    25.8915    25.8906    1538.11    134.837    135.679         34 0.0000e+00
      21925    913.511     72.499     73.000    19.6577    19.6621   4.925852   4.926481     2.1457     1.7954      23.20   28.49914  -90.00018   -0.01576   -0.01293     3.0718     3.0981    19.6443    19.6487    36.3705    36.3718    25.9016    25.9014    1537.91    133.723    134.869         41 0.0000e+00
      21967    915.241     73.492     74.000    19.6065    19.6028   4.920471   4.920202     2.1359     1.7865      22.26   28.49914  -90.00018   -0.00786   -0.00582     3.0542     3.0810    19.5929    19.5893    36.3700    36.3709    25.9147    25.9163    1537.71    132.956    134.121         40 0.0000e+00
      22003    916.762     74.485     75.000    19.4072    19.4309   4.899656   4.901803     2.1264     1.7771      21.25   28.49914  -90.00018   -0.00584   -0.00536     3.0432     3.0684    19.3935    19.4172    36.3654    36.3672    25.9634    25.9585    1537.51    132.472    133.566         34 0.0000e+00
      22037    918.158     75.478     76.000    19.1733    19.1726   4.874409   4.874333     2.1101     1.7621      20.38   28.49914  -90.00018   -0.00717   -0.00699     3.0255     3.0486    19.1596    19.1589    36.3630    36.3630    26.0222    26.0224    1537.30    131.692    132.697         33 0.0000e+00
      22073    919.666     76.471     77.000    18.9589    18.9603   4.852275   4.852625     2.0800     1.7306      19.29   28.49914  -90.00018   -0.01301   -0.01277     2.9730     2.9857    18.9452    18.9465    36.3648    36.3665    26.0789    26.0798    1537.10    129.401    129.952         40 0.0000e+00
      22115    921.398     77.464     78.000    18.8886    18.8909   4.844955   4.845426     2.0500     1.7039      18.29   28.49914  -90.00018   -0.01864   -0.01836     2.9120     2.9259    18.8741    18.8770    36.3651    36.3665    26.0973    26.0977    1536.89    126.743    127.347         41 0.0000e+00
      22152    922.940     78.457     79.000    18.8269    18.8290   4.838772   4.839134     2.0352     1.6918      17.35   28.49914  -90.00018   -0.01540   -0.01368     2.8834     2.9005    18.8129    18.8149    36.3662    36.3675    26.1139    26.1143    1536.68    125.496    126.238         33 0.0000e+00
      22185    924.316     79.450     80.000    18.8065    18.8071   4.836813   4.837040     2.0267     1.6864      16.50   28.49914  -90.00018   -0.00985   -0.00786     2.8665     2.8890    18.7922    18.7928    36.3673    36.3687    26.1200    26.1209    1536.49    124.760    125.737         32 0.0000e+00
      23430    976.215     89.379     90.000    17.7307    17.7378   4.719406   4.720216     1.9239     1.5960       6.25   28.49372  -89.98300   -0.00030   -0.00066     2.7035     2.7313    17.7153    17.7224    36.3126    36.3132    26.3477    26.3465    1534.24    117.637    118.848         40 0.0000e+00
      26849   1118.670     89.379     90.000    17.6913    17.6810   4.711784   4.710588     1.9254     1.5946       5.82   28.46297  -89.88569    0.00034    0.00057     2.7100     2.7314    17.6759    17.6657    36.2696    36.2684    26.3214    26.3230    1532.37    117.920    118.849         38 0.0000e+00
      26984   1124.304     88.386     89.000    17.7332    17.7299   4.720047   4.719505     1.9273     1.5986       6.91   28.49924  -90.00020   -0.00024    0.00045     2.7104     2.7379    17.7179    17.7146    36.3179    36.3164    26.3517    26.3514    1534.32    117.940    119.137         61 0.0000e+00
      27064   1127.643     87.393     88.000    17.7659    17.7684   4.723968   4.723682     1.9263     1.5987       7.87   28.49924  -90.00020   -0.00031    0.00000     2.7062     2.7357    17.7508    17.7533    36.3230    36.3188    26.3475    26.3437    1534.32    117.754    119.040         39 0.0000e+00
      27142   1130.866     86.400     87.000    17.8076    17.7786   4.728395   4.724987     1.9257     1.5969       8.78   28.49924  -90.00021   -0.00006   -0.00073     2.7022     2.7303    17.7927    17.7637    36.3249    36.3213    26.3387    26.3431    1534.32    117.584    118.805         61 0.0000e+00
      27205   1133.495     85.407     86.000    17.8837    17.8368   4.736854   4.731356     1.9242     1.5961       9.78   28.49926  -90.00022   -0.00059   -0.00025     2.6941     2.7244    17.8689    17.8222    36.3303    36.3249    26.3239    26.3314    1534.32    117.232    118.550         68 0.0000e+00
      27271   1136.235     84.414     85.000    17.9020    17.8775   4.738792   4.734930     1.9248     1.5936      10.76   28.49926  -90.00022    0.00010   -0.00099     2.6938     2.7163    17.8869    17.8631    36.3314    36.3212    26.3204    26.3189    1534.32    117.219    118.199         61 0.0000e+00
      27333   1138.826     83.421     84.000    17.9774    17.9196   4.747369   4.740671     1.9280     1.5955      11.72   28.49926  -90.00022    0.00083    0.00022     2.6965     2.7182    17.9629    17.9051    36.3380    36.3319    26.3065    26.3162    1534.32    117.341    118.282         62 0.0000e+00
      27394   1141.394     82.428     83.000    18.0042    17.9851   4.750470   4.748177     1.9320     1.5999      12.74   28.49926  -90.00022    0.00168    0.00143     2.7038     2.7250    17.9898    17.9707    36.3412    36.3385    26.3023    26.3050    1534.32    117.658    118.579         64 0.0000e+00
      27459   1144.096     81.435     82.000    18.0962    18.0042   4.760125   4.751076     1.9341     1.6029      13.68   28.49926  -90.00022    0.00086    0.00151     2.7028     2.7300    18.0820    17.9900    36.3425    36.3444    26.2804    26.3047    1534.32    117.617    118.798         60 0.0000e+00
      27518   1146.537     80.442     81.000    18.2346    18.1972   4.776083   4.771632     1.9384     1.6054      14.71   28.49926  -90.00020    0.00130    0.00078     2.7042     2.7262    18.2205    18.1832    36.3566    36.3523    26.2565    26.2622    1534.32    117.679    118.637         65 0.0000e+00
      27587   1149.407     79.449     80.000    18.2926    18.2269   4.782317   4.774929     1.9455     1.6101      15.69   28.49926  -90.00020    0.00250    0.00170     2.7167     2.7360    18.2732    18.2130    36.3636    36.3539    26.2486    26.2563    1534.32    118.224    119.065         66 0.0000e+00
      27648   1151.953     78.457     79.000    18.4120    18.3262   4.794902   4.785684     1.9517     1.6142      16.61   28.49926  -90.00020    0.00230    0.00141     2.7232     2.7403    18.3981    18.3123    36.3606    36.3581    26.2149    26.2345    1534.32    118.510    119.254         56 0.0000e+00
      27704   1154.302     77.464     78.000    18.6246    18.5824   4.817624   4.812615     1.9680     1.6333      17.61   28.49926  -90.00020    0.00476    0.00510     2.7468     2.7724    18.6108    18.5686    36.3661    36.3609    26.1652    26.1720    1534.32    119.544    120.657         51 0.0000e+00
      27799   1158.268     76.471     77.000    18.6055    18.6035   4.815483   4.814605     1.9808     1.6445      18.63   28.49926  -90.00020    0.00228    0.00193     2.7758     2.7982    18.5919    18.5898    36.3652    36.3601    26.1694    26.1660    1534.32    120.805    121.782         33 0.0000e+00
      27933   1163.844     75.478     76.000    18.7695    18.8199   4.832417   4.837562     1.9979     1.6675      19.68   28.49926  -90.00020    0.00341    0.00447     2.8040     2.8417    18.7560    18.8065    36.3642    36.3623    26.1268    26.1125    1534.32    122.036    123.680         53 0.0000e+00
      29580   1232.439     69.520     70.000    19.5525    19.5513   4.912558   4.913105     2.1099     1.7671      25.41   28.47571  -89.92577    0.00042    0.00154     3.0008     3.0369    19.5422    19.5385    36.3421    36.3449    25.9045    25.9062    1533.05    130.628    132.198         64 0.0000e+00
      29698   1237.383     68.527     69.000    19.6949    19.6921   4.930077   4.929156     2.1186     1.7725      26.50   28.49928  -90.00020    0.00214    0.00179     3.0096     3.0410    19.6822    19.6794    36.3747    36.3692    25.8948    25.8912    1534.32    131.018    132.383         47 0.0000e+00
      29781   1240.847     67.534     68.000    19.8508    19.7817   4.944818   4.938259     2.1359     1.7849      27.45   28.49928  -90.00020    0.00484    0.00433     3.0369     3.0646    19.8382    19.7692    36.3620    36.3676    25.8440    25.8665    1534.32    132.211    133.414         72 0.0000e+00
      29855   1243.920     66.541     67.000    19.9572    19.9286   4.952144   4.948870     2.1708     1.8093      28.39   28.49929  -90.00020    0.01021    0.00662     3.1059     3.1141    19.9448    19.9162    36.3304    36.3281    25.7916    25.7974    1534.32    135.220    135.578         71 0.0000e+00
      29930   1247.025     65.548     66.000    20.0344    20.0059   4.958187   4.956188     2.2066     1.8478      29.43   28.49929  -90.00020    0.01229    0.01211     3.1791     3.1996    20.0221    19.9937    36.3151    36.3219    25.7595    25.7722    1534.32    138.415    139.306         73 0.0000e+00
      30006   1250.228     64.555     65.000    20.0947    20.0764   4.962787   4.961927     2.2269     1.8640      30.34   28.49929  -90.00020    0.00687    0.00582     3.2176     3.2335    20.0826    20.0643    36.3029    36.3087    25.7340    25.7433    1534.32    140.091    140.784         67 0.0000e+00
      30075   1253.101     63.562     64.000    20.1918    20.1639   4.973084   4.971013     2.2465     1.8836      31.35   28.49930  -90.00020    0.00622    0.00636     3.2515     3.2736    20.1798    20.1519    36.3010    36.3075    25.7067    25.7190    1534.32    141.574    142.531         61 0.0000e+00
      30564   1273.438     60.583     61.000    20.8890    20.8048   5.050705   5.039596     2.2691     1.9088      34.61   28.59143  -90.29115    0.00455    0.00303     3.2548     3.2941    20.8774    20.7931    36.3798    36.3617    25.5897    25.5988    1539.28    141.744    143.455         32 0.0000e+00
      31598   1316.536     58.597     59.000    22.7970    22.8408   5.250082   5.253726     2.3508     1.9735      36.26   28.50452  -90.01660   -0.00238   -0.00205     3.3024     3.3177    22.7850    22.8288    36.3167    36.3076    24.9956    24.9757    1534.60    143.890    144.560         35 0.0000e+00
      31698   1320.693     57.604     58.000    22.8644    23.0357   5.257030   5.273061     2.3498     1.9841      37.23   28.49934  -90.00022   -0.00051    0.00142     3.2956     3.3308    22.8528    23.0238    36.3125    36.2953    24.9720    24.9094    1534.32    143.594    145.140         41 0.0000e+00
      31778   1324.052     56.611     57.000    22.9584    23.2731   5.267525   5.298776     2.3600     2.0144      38.17   28.49934  -90.00022    0.00089    0.01013     3.3164     3.3843    22.9654    23.2613    36.3151    36.2985    24.9413    24.8427    1534.32    144.506    147.479         63 0.0000e+00
      31857   1327.338     55.618     56.000    23.3123    23.4022   5.303242   5.310738     2.4182     2.0812      39.14   28.49934  -90.00022    0.01756    0.02117     3.4045     3.5234    23.3003    23.3906    36.3011    36.2877    24.8333    24.7978    1534.32    148.359    153.546         64 0.0000e+00
