GOMECC/GOMECC-4/1db/rb2103_0441.ros
* Sea-Bird SBE 9 Data File:
* FileName = C:\Users\scs.user.rb\CTD\GOMECC4\data\rb2103_0441.hex
* Software Version Seasave V 7.26.7.107
* Temperature SN = 4799
* Conductivity SN = 3860
* Number of Bytes Per Scan = 41
* Number of Voltage Words = 4
* Number of Scans Averaged by the Deck Unit = 1
* NMEA Latitude = 28 44.69 N
* NMEA Longitude = 089 59.50 W
* NMEA UTC (Time) = Sep 26 2021  10:10:29
* NMEA baud rate = 4800
# nquan = 17
# nvalues = 1064                                  
# units = specified
# name 0 = scan: Scan Count
# name 1 = timeS: Time, Elapsed [seconds]
# name 2 = depSM: Depth [salt water, m]
# name 3 = prDM: Pressure, Digiquartz [db]
# name 4 = t090C: Temperature [ITS-90, deg C]
# name 5 = t190C: Temperature, 2 [ITS-90, deg C]
# name 6 = c0S/m: Conductivity [S/m]
# name 7 = c1S/m: Conductivity, 2 [S/m]
# name 8 = sbeox0V: Oxygen raw, SBE 43 [V]
# name 9 = sbeox1V: Oxygen raw, SBE 43, 2 [V]
# name 10 = altM: Altimeter [m]
# name 11 = latitude: Latitude [deg]
# name 12 = longitude: Longitude [deg]
# name 13 = sbox0dV/dT: Oxygen, SBE 43 [dov/dt]
# name 14 = sbox1dV/dT: Oxygen, SBE 43, 2 [dov/dt]
# name 15 = nbf: Bottles Fired
# name 16 = flag:  0.000e+00
# interval = seconds: 0.0416667
# start_time = Sep 26 2021 10:10:29 [NMEA time, header]
# bad_flag = -9.990e-29
*END*
[from data line 937]
      24541   1022.500      4.113      4.141    26.6412    26.6482   4.415196   4.415588     3.4493     2.9597      43.76   28.74572  -89.99220   -0.00123   -0.00146          8  0.000e+00
      24542   1022.542      4.159      4.187    26.6431    26.6469   4.415301   4.415374     3.4493     2.9597      43.76   28.74572  -89.99220   -0.00123   -0.00151          8  0.000e+00
      24543   1022.583      4.174      4.202    26.6442    26.6442   4.415400   4.415139     3.4493     2.9597      43.76   28.74572  -89.99220   -0.00122   -0.00155          8  0.000e+00
      24544   1022.625      4.174      4.202    26.6431    26.6424   4.415259   4.415003     3.4493     2.9597      43.76   28.74572  -89.99220   -0.00121   -0.00157          8  0.000e+00
      24545   1022.667      4.212      4.240    26.6422    26.6407   4.415140   4.414982     3.4493     2.9597      43.76   28.74572  -89.99220   -0.00120   -0.00160          8  0.000e+00
      24546   1022.708      4.174      4.202    26.6404    26.6405   4.414957   4.415025     3.4493     2.9609      43.76   28.74572  -89.99220   -0.00118   -0.00160          8  0.000e+00
      24547   1022.750      4.174      4.202    26.6381    26.6424   4.414731   4.415167     3.4505     2.9597      43.76   28.74572  -89.99220   -0.00115   -0.00162          8  0.000e+00
      24548   1022.792      4.159      4.187    26.6355    26.6436   4.414612   4.415253     3.4493     2.9597      43.76   28.74572  -89.99220   -0.00114   -0.00164          8  0.000e+00
      24549   1022.833      4.227      4.255    26.6344    26.6444   4.414534   4.415360     3.4505     2.9597      43.76   28.74572  -89.99220   -0.00111   -0.00166          8  0.000e+00
      24550   1022.875      4.212      4.240    26.6341    26.6438   4.414492   4.415253     3.4505     2.9597      43.76   28.74572  -89.99220   -0.00108   -0.00167          8  0.000e+00
      24551   1022.917      4.174      4.202    26.6337    26.6414   4.414422   4.415082     3.4505     2.9597      43.76   28.74572  -89.99220   -0.00104   -0.00167          8  0.000e+00
      24552   1022.958      4.227      4.255    26.6325    26.6394   4.414429   4.414911     3.4518     2.9597      43.76   28.74572  -89.99220   -0.00099   -0.00166          8  0.000e+00
      24553   1023.000      4.212      4.240    26.6323    26.6382   4.414386   4.414754     3.4518     2.9597      43.76   28.74572  -89.99220   -0.00094   -0.00166          8  0.000e+00
      24554   1023.042      4.227      4.255    26.6328    26.6369   4.414393   4.414654     3.4518     2.9585      43.76   28.74572  -89.99220   -0.00089   -0.00168          8  0.000e+00
      24555   1023.083      4.212      4.240    26.6325    26.6360   4.414429   4.414547     3.4518     2.9573      43.76   28.74572  -89.99220   -0.00083   -0.00173          8  0.000e+00
      24556   1023.125      4.280      4.309    26.6323    26.6347   4.414415   4.414497     3.4518     2.9573      43.74   28.74572  -89.99220   -0.00078   -0.00175          8  0.000e+00
      24557   1023.167      4.227      4.255    26.6317    26.6360   4.414379   4.414597     3.4518     2.9573      43.71   28.74572  -89.99220   -0.00071   -0.00177          8  0.000e+00
      24558   1023.208      4.264      4.293    26.6332    26.6382   4.414429   4.414782     3.4518     2.9573      43.71   28.74572  -89.99220   -0.00064   -0.00178          8  0.000e+00
      24559   1023.250      4.227      4.255    26.6337    26.6402   4.414443   4.414918     3.4518     2.9560      43.71   28.74572  -89.99220   -0.00058   -0.00183          8  0.000e+00
      24560   1023.292      4.264      4.293    26.6334    26.6407   4.414471   4.414932     3.4518     2.9560      43.71   28.74572  -89.99220   -0.00053   -0.00186          8  0.000e+00
      24561   1023.333      4.280      4.309    26.6323    26.6403   4.414401   4.414911     3.4518     2.9560      43.71   28.74572  -89.99220   -0.00046   -0.00189          8  0.000e+00
      24562   1023.375      4.280      4.309    26.6326    26.6409   4.414394   4.414932     3.4518     2.9560      43.71   28.74572  -89.99220   -0.00040   -0.00192          8  0.000e+00
      24563   1023.417      4.212      4.240    26.6332    26.6405   4.414436   4.414847     3.4518     2.9560      43.71   28.74572  -89.99220   -0.00034   -0.00194          8  0.000e+00
      24564   1023.458      4.340      4.369    26.6321    26.6402   4.414330   4.414882     3.4518     2.9560      43.71   28.74572  -89.99220   -0.00029   -0.00196          8  0.000e+00
      24565   1023.500      4.227      4.255    26.6303    26.6405   4.414267   4.414904     3.4518     2.9560      43.74   28.74572  -89.99220   -0.00023   -0.00197          8  0.000e+00
      24566   1023.542      4.264      4.293    26.6295    26.6402   4.414281   4.414925     3.4518     2.9573      43.71   28.74572  -89.99220   -0.00017   -0.00197          8  0.000e+00
      24567   1023.583      4.280      4.308    26.6303    26.6398   4.414260   4.414882     3.4518     2.9573      43.71   28.74572  -89.99220   -0.00011   -0.00196          8  0.000e+00
      24568   1023.625      4.325      4.354    26.6304    26.6394   4.414281   4.414825     3.4530     2.9573      43.71   28.74572  -89.99220   -0.00004   -0.00195          8  0.000e+00
      24569   1023.667      4.227      4.255    26.6301    26.6393   4.414211   4.414825     3.4530     2.9573      43.74   28.74572  -89.99220    0.00002   -0.00194          8  0.000e+00
      24570   1023.708      4.280      4.308    26.6308    26.6391   4.414239   4.414768     3.4530     2.9585      43.71   28.74572  -89.99220    0.00008   -0.00191          8  0.000e+00
      24571   1023.750      4.264      4.293    26.6306    26.6396   4.414344   4.414797     3.4530     2.9585      43.71   28.74572  -89.99220    0.00013   -0.00189          8  0.000e+00
      24572   1023.792      4.280      4.308    26.6321    26.6394   4.414372   4.414768     3.4530     2.9585      43.74   28.74572  -89.99220    0.00019   -0.00187          8  0.000e+00
      24573   1023.833      4.264      4.293    26.6334    26.6396   4.414394   4.414754     3.4530     2.9597      43.71   28.74572  -89.99220    0.00025   -0.00184          8  0.000e+00
      24574   1023.875      4.280      4.308    26.6337    26.6394   4.414408   4.414797     3.4530     2.9597      43.74   28.74572  -89.99220    0.00030   -0.00180          8  0.000e+00
      24575   1023.917      4.280      4.308    26.6334    26.6391   4.414408   4.414740     3.4530     2.9597      43.71   28.74572  -89.99220    0.00036   -0.00176          8  0.000e+00
      24576   1023.958      4.212      4.240    26.6328    26.6385   4.414429   4.414740     3.4530     2.9597      43.71   28.74572  -89.99220    0.00041   -0.00172          8  0.000e+00
      24577   1024.000      4.280      4.308    26.6334    26.6380   4.414415   4.414711     3.4530     2.9609      43.71   28.74572  -89.99220    0.00049   -0.00166          8  0.000e+00
      24578   1024.042      4.174      4.202    26.6332    26.6372   4.414436   4.414682     3.4530     2.9609      43.74   28.74572  -89.99220    0.00054   -0.00160          8  0.000e+00
      24579   1024.083      4.264      4.293    26.6339    26.6371   4.414471   4.414675     3.4530     2.9597      43.71   28.74572  -89.99220    0.00060   -0.00155          8  0.000e+00
      24580   1024.125      4.280      4.308    26.6339    26.6372   4.414506   4.414697     3.4530     2.9609      43.74   28.74572  -89.99220    0.00065   -0.00149          8  0.000e+00
      24581   1024.167      4.212      4.240    26.6343    26.6372   4.414457   4.414682     3.4530     2.9621      43.74   28.74572  -89.99220    0.00071   -0.00141          8  0.000e+00
      24582   1024.208      4.227      4.255    26.6343    26.6376   4.414443   4.414732     3.4530     2.9621      43.74   28.74572  -89.99220    0.00076   -0.00132          8  0.000e+00
      24583   1024.250      4.174      4.202    26.6343    26.6380   4.414499   4.414775     3.4530     2.9609      43.74   28.74572  -89.99220    0.00081   -0.00126          8  0.000e+00
      24584   1024.292      4.212      4.240    26.6343    26.6385   4.414464   4.414818     3.4530     2.9621      43.74   28.74572  -89.99220    0.00085   -0.00117          8  0.000e+00
      24585   1024.333      4.227      4.255    26.6341    26.6391   4.414471   4.414818     3.4530     2.9621      43.74   28.74572  -89.99220    0.00088   -0.00111          8  0.000e+00
      24586   1024.375      4.159      4.187    26.6341    26.6394   4.414485   4.414854     3.4530     2.9621      43.74   28.74572  -89.99220    0.00092   -0.00102          8  0.000e+00
      24587   1024.417      4.174      4.202    26.6343    26.6396   4.414506   4.414889     3.4530     2.9634      43.71   28.74572  -89.99220    0.00095   -0.00094          8  0.000e+00
      24588   1024.458      4.227      4.255    26.6350    26.6393   4.414576   4.414839     3.4530     2.9634      43.74   28.74572  -89.99220    0.00098   -0.00085          8  0.000e+00
      24589   1024.500      4.098      4.126    26.6355    26.6398   4.414569   4.414882     3.4530     2.9634      43.74   28.74572  -89.99220    0.00100   -0.00076          8  0.000e+00
      24590   1024.542      4.174      4.202    26.6361    26.6400   4.414583   4.414904     3.4530     2.9634      43.74   28.74572  -89.99220    0.00103   -0.00070          8  0.000e+00
      24591   1024.583      4.159      4.187    26.6368    26.6403   4.414619   4.414925     3.4530     2.9634      43.74   28.74572  -89.99220    0.00104   -0.00063          8  0.000e+00
      24592   1024.625      4.174      4.202    26.6368    26.6411   4.414661   4.414968     3.4530     2.9634      43.74   28.74572  -89.99220    0.00107   -0.00056          8  0.000e+00
      24593   1024.667      4.113      4.141    26.6375    26.6413   4.414696   4.415003     3.4530     2.9634      43.74   28.74572  -89.99220    0.00109   -0.00051          8  0.000e+00
      24594   1024.708      4.098      4.126    26.6377    26.6416   4.414738   4.415011     3.4530     2.9634      43.74   28.74572  -89.99220    0.00112   -0.00046          8  0.000e+00
      24595   1024.750      4.174      4.202    26.6375    26.6411   4.414745   4.414989     3.4530     2.9634      43.74   28.74572  -89.99220    0.00115   -0.00042          8  0.000e+00
      24596   1024.792      4.060      4.088    26.6373    26.6402   4.414689   4.414918     3.4530     2.9646      43.74   28.74572  -89.99220    0.00118   -0.00035          8  0.000e+00
      24597   1024.833      4.098      4.126    26.6373    26.6398   4.414675   4.414868     3.4530     2.9634      43.74   28.74572  -89.99220    0.00120   -0.00032          8  0.000e+00
      24598   1024.875      4.060      4.088    26.6375    26.6389   4.414724   4.414889     3.4530     2.9634      43.74   28.74572  -89.99220    0.00123   -0.00028          8  0.000e+00
      24599   1024.917      4.098      4.126    26.6379    26.6380   4.414773   4.414846     3.4530     2.9646      43.74   28.74572  -89.99220    0.00123   -0.00020          8  0.000e+00
      24600   1024.958      4.060      4.088    26.6383    26.6369   4.414809   4.414768     3.4530     2.9646      43.74   28.74572  -89.99220    0.00124   -0.00014          8  0.000e+00
      24601   1025.000      4.060      4.088    26.6388    26.6365   4.414851   4.414690     3.4530     2.9634      43.74   28.74572  -89.99220    0.00126   -0.00009          8  0.000e+00
      24602   1025.042      4.098      4.126    26.6403    26.6369   4.415083   4.414732     3.4530     2.9634      43.74   28.74572  -89.99220    0.00126   -0.00005          8  0.000e+00
      24603   1025.083      4.060      4.088    26.6429    26.6376   4.415421   4.414797     3.4530     2.9634      43.74   28.74572  -89.99220    0.00126   -0.00001          8  0.000e+00
      24604   1025.125      4.045      4.073    26.6448    26.6387   4.415822   4.414854     3.4530     2.9646      43.81   28.74572  -89.99220    0.00127    0.00008          8  0.000e+00
      24605   1025.167      4.060      4.088    26.6455    26.6389   4.415949   4.414911     3.4530     2.9634      43.86   28.74572  -89.99220    0.00127    0.00014          8  0.000e+00
      24606   1025.208      4.060      4.088    26.6462    26.6396   4.415935   4.414968     3.4542     2.9634      43.86   28.74572  -89.99220    0.00128    0.00022          8  0.000e+00
      24607   1025.250      3.985      4.012    26.6464    26.6400   4.415977   4.414982     3.4530     2.9646      43.86   28.74572  -89.99220    0.00128    0.00029          8  0.000e+00
      24608   1025.292      4.060      4.088    26.6470    26.6398   4.416026   4.414975     3.4542     2.9634      43.86   28.74572  -89.99220    0.00129    0.00035          8  0.000e+00
      24609   1025.333      4.000      4.027    26.6471    26.6389   4.416118   4.414918     3.4542     2.9646      43.86   28.74572  -89.99220    0.00131    0.00044          8  0.000e+00
      24610   1025.375      4.045      4.073    26.6477    26.6382   4.416097   4.414818     3.4542     2.9646      43.86   28.74572  -89.99220    0.00132    0.00053          8  0.000e+00
      24611   1025.417      4.000      4.027    26.6468    26.6378   4.416040   4.414754     3.4530     2.9646      43.86   28.74572  -89.99220    0.00131    0.00064          8  0.000e+00
      24612   1025.458      4.045      4.073    26.6475    26.6374   4.416153   4.414690     3.4530     2.9646      43.86   28.74572  -89.99220    0.00130    0.00075          8  0.000e+00
      24613   1025.500      4.000      4.027    26.6491    26.6376   4.416414   4.414761     3.4530     2.9646      43.86   28.74572  -89.99220    0.00129    0.00086          8  0.000e+00
      24614   1025.542      4.000      4.027    26.6502    26.6382   4.416463   4.414811     3.4530     2.9646      43.83   28.74572  -89.99220    0.00128    0.00095          8  0.000e+00
      24615   1025.583      4.045      4.073    26.6498    26.6380   4.416561   4.414768     3.4530     2.9646      43.86   28.74572  -89.99220    0.00127    0.00106          8  0.000e+00
      24616   1025.625      4.000      4.027    26.6493    26.6380   4.416632   4.414775     3.4530     2.9646      43.86   28.74572  -89.99220    0.00127    0.00115          8  0.000e+00
      24617   1025.667      4.000      4.027    26.6495    26.6380   4.416815   4.414725     3.4542     2.9646      43.83   28.74572  -89.99220    0.00128    0.00125          8  0.000e+00
      24618   1025.708      3.985      4.012    26.6509    26.6380   4.417089   4.414739     3.4530     2.9646      43.86   28.74572  -89.99220    0.00126    0.00134          8  0.000e+00
      24619   1025.750      4.000      4.027    26.6519    26.6376   4.417294   4.414690     3.4530     2.9646      43.83   28.74572  -89.99220    0.00125    0.00143          8  0.000e+00
      24620   1025.792      3.985      4.012    26.6521    26.6382   4.417350   4.414697     3.4530     2.9646      43.86   28.74572  -89.99220    0.00123    0.00152          8  0.000e+00
      24621   1025.833      4.000      4.027    26.6533    26.6383   4.417308   4.414739     3.4530     2.9634      43.83   28.74572  -89.99220    0.00121    0.00158          8  0.000e+00
      24622   1025.875      4.000      4.027    26.6531    26.6380   4.417399   4.414690     3.4530     2.9634      43.86   28.74572  -89.99220    0.00119    0.00163          8  0.000e+00
      24623   1025.917      3.985      4.012    26.6530    26.6382   4.417498   4.414704     3.4518     2.9634      43.83   28.74572  -89.99220    0.00115    0.00168          8  0.000e+00
      24624   1025.958      4.000      4.027    26.6531    26.6378   4.417625   4.414682     3.4530     2.9634      43.86   28.74572  -89.99220    0.00113    0.00172          8  0.000e+00
