GOMECC/GOMECC-4/1db/rb2103_0541.ros
* Sea-Bird SBE 9 Data File:
* FileName = C:\Users\scs.user.rb\CTD\GOMECC4\data\rb2103_0541.hex
* Software Version Seasave V 7.26.7.107
* Temperature SN = 4799
* Conductivity SN = 3860
* Number of Bytes Per Scan = 41
* Number of Voltage Words = 4
* Number of Scans Averaged by the Deck Unit = 1
* NMEA Latitude = 27 29.98 N
* NMEA Longitude = 095 00.24 W
* NMEA UTC (Time) = Sep 28 2021  12:26:08
* NMEA baud rate = 4800
# nquan = 17
# nvalues = 2793                                  
# units = specified
# name 0 = scan: Scan Count
# name 1 = timeS: Time, Elapsed [seconds]
# name 2 = depSM: Depth [salt water, m]
# name 3 = prDM: Pressure, Digiquartz [db]
# name 4 = t090C: Temperature [ITS-90, deg C]
# name 5 = t190C: Temperature, 2 [ITS-90, deg C]
# name 6 = c0S/m: Conductivity [S/m]
# name 7 = c1S/m: Conductivity, 2 [S/m]
# name 8 = sbeox0V: Oxygen raw, SBE 43 [V]
# name 9 = sbeox1V: Oxygen raw, SBE 43, 2 [V]
# name 10 = altM: Altimeter [m]
# name 11 = latitude: Latitude [deg]
# name 12 = longitude: Longitude [deg]
# name 13 = sbox0dV/dT: Oxygen, SBE 43 [dov/dt]
# name 14 = sbox1dV/dT: Oxygen, SBE 43, 2 [dov/dt]
# name 15 = nbf: Bottles Fired
# name 16 = flag:  0.000e+00
# interval = seconds: 0.0416667
# start_time = Sep 28 2021 12:26:08 [NMEA time, header]
# bad_flag = -9.990e-29
*END*
[from data line 2724]
      99309   4137.833      4.820      4.852    29.1361    29.1331   5.854429   5.854167     3.1270     2.6545     100.00   27.49798  -94.98996    0.00088    0.00129         21  0.000e+00
      99310   4137.875      4.804      4.837    29.1361    29.1330   5.854453   5.854159     3.1270     2.6532     100.00   27.49798  -94.98996    0.00086    0.00123         21  0.000e+00
      99311   4137.917      4.880      4.913    29.1360    29.1332   5.854429   5.854151     3.1270     2.6545     100.00   27.49798  -94.98996    0.00083    0.00118         21  0.000e+00
      99312   4137.958      4.820      4.852    29.1356    29.1331   5.854381   5.854175     3.1258     2.6532     100.00   27.49798  -94.98996    0.00080    0.00112         21  0.000e+00
      99313   4138.000      4.804      4.837    29.1350    29.1335   5.854405   5.854191     3.1270     2.6532     100.00   27.49798  -94.98996    0.00078    0.00107         21  0.000e+00
      99314   4138.042      4.880      4.913    29.1346    29.1334   5.854381   5.854223     3.1270     2.6532     100.00   27.49798  -94.98996    0.00075    0.00101         21  0.000e+00
      99315   4138.083      4.805      4.837    29.1348    29.1331   5.854405   5.854135     3.1258     2.6532     100.00   27.49798  -94.98996    0.00071    0.00096         21  0.000e+00
      99316   4138.125      4.820      4.852    29.1348    29.1329   5.854350   5.854095     3.1258     2.6532     100.00   27.49798  -94.98996    0.00067    0.00091         21  0.000e+00
      99317   4138.167      4.880      4.913    29.1348    29.1328   5.854358   5.854135     3.1258     2.6532     100.00   27.49798  -94.98996    0.00062    0.00086         21  0.000e+00
      99318   4138.208      4.805      4.837    29.1346    29.1323   5.854262   5.854030     3.1258     2.6532     100.00   27.49798  -94.98996    0.00056    0.00082         21  0.000e+00
      99319   4138.250      4.880      4.913    29.1346    29.1320   5.854334   5.854006     3.1258     2.6532     100.00   27.49798  -94.98996    0.00052    0.00077         21  0.000e+00
      99320   4138.292      4.820      4.852    29.1348    29.1316   5.854334   5.853966     3.1258     2.6545     100.00   27.49798  -94.98996    0.00048    0.00074         21  0.000e+00
      99321   4138.333      4.805      4.837    29.1346    29.1312   5.854286   5.853854     3.1258     2.6532     100.00   27.49798  -94.98996    0.00043    0.00069         21  0.000e+00
      99322   4138.375      4.820      4.852    29.1345    29.1309   5.854278   5.853822     3.1258     2.6545     100.00   27.49798  -94.98996    0.00039    0.00067         21  0.000e+00
      99323   4138.417      4.805      4.837    29.1337    29.1307   5.854167   5.853806     3.1258     2.6545     100.00   27.49798  -94.98996    0.00035    0.00064         21  0.000e+00
      99324   4138.458      4.767      4.799    29.1330    29.1307   5.854096   5.853814     3.1258     2.6545     100.00   27.49798  -94.98996    0.00030    0.00060         21  0.000e+00
      99325   4138.500      4.820      4.852    29.1326    29.1306   5.854088   5.853846     3.1270     2.6545     100.00   27.49798  -94.98996    0.00028    0.00057         21  0.000e+00
      99326   4138.542      4.752      4.783    29.1326    29.1305   5.854120   5.853830     3.1270     2.6545     100.00   27.49798  -94.98996    0.00027    0.00054         21  0.000e+00
      99327   4138.583      4.767      4.799    29.1328    29.1311   5.854136   5.853806     3.1270     2.6545     100.00   27.49798  -94.98996    0.00026    0.00051         21  0.000e+00
      99328   4138.625      4.706      4.738    29.1326    29.1314   5.854136   5.853886     3.1270     2.6545     100.00   27.49798  -94.98996    0.00023    0.00048         21  0.000e+00
      99329   4138.667      4.752      4.783    29.1324    29.1315   5.854096   5.853902     3.1270     2.6545     100.00   27.49798  -94.98996    0.00020    0.00045         21  0.000e+00
      99330   4138.708      4.706      4.738    29.1323    29.1315   5.854088   5.853878     3.1270     2.6545     100.00   27.49798  -94.98996    0.00020    0.00041         21  0.000e+00
      99331   4138.750      4.699      4.730    29.1319    29.1314   5.854049   5.853894     3.1270     2.6545     100.00   27.49798  -94.98996    0.00017    0.00038         21  0.000e+00
      99332   4138.792      4.706      4.738    29.1323    29.1315   5.854112   5.853878     3.1294     2.6557     100.00   27.49798  -94.98996    0.00017    0.00037         21  0.000e+00
      99333   4138.833      4.654      4.685    29.1321    29.1314   5.854064   5.853902     3.1294     2.6557     100.00   27.49798  -94.98996    0.00018    0.00035         21  0.000e+00
      99334   4138.875      4.638      4.669    29.1321    29.1313   5.854041   5.853870     3.1282     2.6557     100.00   27.49798  -94.98996    0.00017    0.00033         21  0.000e+00
      99335   4138.917      4.654      4.685    29.1319    29.1313   5.854041   5.853902     3.1282     2.6545     100.00   27.49798  -94.98996    0.00016    0.00030         21  0.000e+00
      99336   4138.958      4.586      4.616    29.1317    29.1312   5.854001   5.853902     3.1282     2.6545     100.00   27.49798  -94.98996    0.00014    0.00026         21  0.000e+00
      99337   4139.000      4.601      4.631    29.1317    29.1315   5.853993   5.853950     3.1294     2.6545     100.00   27.49798  -94.98996    0.00015    0.00023         21  0.000e+00
      99338   4139.042      4.601      4.631    29.1315    29.1319   5.853953   5.853990     3.1282     2.6545     100.00   27.49798  -94.98996    0.00013    0.00019         21  0.000e+00
      99339   4139.083      4.586      4.616    29.1313    29.1320   5.853977   5.853974     3.1294     2.6545     100.00   27.49798  -94.98996    0.00013    0.00015         21  0.000e+00
      99340   4139.125      4.540      4.571    29.1315    29.1316   5.853993   5.853918     3.1294     2.6545     100.00   27.49798  -94.98996    0.00013    0.00010         21  0.000e+00
      99341   4139.167      4.601      4.631    29.1313    29.1318   5.854025   5.853838     3.1282     2.6545     100.00   27.49798  -94.98996    0.00011    0.00004         21  0.000e+00
      99342   4139.208      4.472      4.502    29.1315    29.1315   5.854001   5.853878     3.1282     2.6545     100.00   27.49798  -94.98996    0.00009   -0.00001         21  0.000e+00
      99343   4139.250      4.540      4.571    29.1313    29.1316   5.853945   5.853878     3.1282     2.6532     100.00   27.49798  -94.98996    0.00007   -0.00007         21  0.000e+00
      99344   4139.292      4.472      4.502    29.1313    29.1313   5.854009   5.853894     3.1282     2.6545     100.00   27.49798  -94.98996    0.00005   -0.00013         21  0.000e+00
      99345   4139.333      4.427      4.457    29.1313    29.1311   5.853969   5.853910     3.1282     2.6545     100.00   27.49798  -94.98996    0.00005   -0.00019         21  0.000e+00
      99346   4139.375      4.540      4.571    29.1313    29.1312   5.853945   5.853846     3.1282     2.6545     100.00   27.49798  -94.98996    0.00005   -0.00023         21  0.000e+00
      99347   4139.417      4.419      4.449    29.1312    29.1311   5.853977   5.853846     3.1282     2.6532     100.00   27.49798  -94.98996    0.00004   -0.00028         21  0.000e+00
      99348   4139.458      4.427      4.457    29.1310    29.1308   5.853914   5.853862     3.1282     2.6532     100.00   27.49798  -94.98996    0.00004   -0.00034         21  0.000e+00
      99349   4139.500      4.488      4.517    29.1312    29.1311   5.853961   5.853854     3.1282     2.6532     100.00   27.49798  -94.98996    0.00003   -0.00040         21  0.000e+00
      99350   4139.542      4.420      4.449    29.1308    29.1308   5.853914   5.853862     3.1282     2.6532     100.00   27.49798  -94.98996    0.00003   -0.00046         21  0.000e+00
      99351   4139.583      4.427      4.457    29.1310    29.1309   5.853922   5.853854     3.1270     2.6532     100.00   27.49798  -94.98996    0.00001   -0.00052         21  0.000e+00
      99352   4139.625      4.359      4.388    29.1310    29.1309   5.853898   5.853862     3.1282     2.6520     100.00   27.49798  -94.98996 1.0301e-12   -0.00059         21  0.000e+00
      99353   4139.667      4.427      4.457    29.1312    29.1308   5.853930   5.853821     3.1282     2.6520     100.00   27.49798  -94.98996   -0.00001   -0.00067         21  0.000e+00
      99354   4139.708      4.427      4.457    29.1312    29.1307   5.853977   5.853854     3.1282     2.6508     100.00   27.49798  -94.98996   -0.00001   -0.00074         21  0.000e+00
      99355   4139.750      4.359      4.388    29.1312    29.1307   5.853945   5.853821     3.1282     2.6508     100.00   27.49798  -94.98996   -0.00004   -0.00082         21  0.000e+00
      99356   4139.792      4.427      4.457    29.1308    29.1307   5.853898   5.853854     3.1282     2.6496     100.00   27.49798  -94.98994   -0.00006   -0.00091         21  0.000e+00
      99357   4139.833      4.374      4.403    29.1310    29.1307   5.853850   5.853830     3.1282     2.6508     100.00   27.49798  -94.98994   -0.00009   -0.00098         21  0.000e+00
      99358   4139.875      4.359      4.388    29.1308    29.1305   5.853874   5.853773     3.1282     2.6496     100.00   27.49798  -94.98994   -0.00010   -0.00107         21  0.000e+00
      99359   4139.917      4.427      4.457    29.1308    29.1306   5.853922   5.853838     3.1282     2.6496     100.00   27.49798  -94.98994   -0.00012   -0.00115         21  0.000e+00
      99360   4139.958      4.427      4.457    29.1306    29.1308   5.853898   5.853894     3.1282     2.6496     100.00   27.49798  -94.98994   -0.00015   -0.00124         21  0.000e+00
      99361   4140.000      4.359      4.388    29.1304    29.1309   5.853890   5.853878     3.1270     2.6496     100.00   27.49798  -94.98994   -0.00020   -0.00132         21  0.000e+00
      99362   4140.042      4.427      4.457    29.1306    29.1307   5.853890   5.853822     3.1270     2.6496     100.00   27.49798  -94.98994   -0.00024   -0.00140         21  0.000e+00
      99363   4140.083      4.420      4.449    29.1304    29.1308   5.853890   5.853813     3.1270     2.6496     100.00   27.49798  -94.98994   -0.00027   -0.00148         21  0.000e+00
      99364   4140.125      4.427      4.457    29.1304    29.1302   5.853930   5.853773     3.1270     2.6496     100.00   27.49798  -94.98994   -0.00030   -0.00156         21  0.000e+00
      99365   4140.167      4.427      4.457    29.1308    29.1301   5.853866   5.853805     3.1270     2.6496     100.00   27.49798  -94.98994   -0.00033   -0.00162         21  0.000e+00
      99366   4140.208      4.420      4.449    29.1306    29.1306   5.853874   5.853733     3.1282     2.6496     100.00   27.49798  -94.98994   -0.00034   -0.00168         21  0.000e+00
      99367   4140.250      4.427      4.457    29.1304    29.1304   5.853850   5.853789     3.1270     2.6508     100.00   27.49798  -94.98994   -0.00035   -0.00172         21  0.000e+00
      99368   4140.292      4.488      4.518    29.1306    29.1305   5.853874   5.853773     3.1270     2.6496     100.00   27.49798  -94.98994   -0.00036   -0.00177         21  0.000e+00
      99369   4140.333      4.473      4.502    29.1306    29.1304   5.853930   5.853733     3.1270     2.6508     100.00   27.49798  -94.98994   -0.00037   -0.00179         21  0.000e+00
      99370   4140.375      4.427      4.457    29.1312    29.1301   5.853937   5.853685     3.1270     2.6508     100.00   27.49798  -94.98994   -0.00038   -0.00181         21  0.000e+00
      99371   4140.417      4.473      4.502    29.1313    29.1300   5.853977   5.853773     3.1270     2.6508     100.00   27.49798  -94.98994   -0.00037   -0.00182         21  0.000e+00
      99372   4140.458      4.541      4.571    29.1317    29.1302   5.854064   5.853781     3.1282     2.6508     100.00   27.49798  -94.98994   -0.00035   -0.00184         21  0.000e+00
      99373   4140.500      4.488      4.518    29.1319    29.1303   5.854088   5.853797     3.1282     2.6508     100.00   27.49798  -94.98994   -0.00032   -0.00185         21  0.000e+00
      99374   4140.542      4.473      4.502    29.1328    29.1307   5.854159   5.853813     3.1294     2.6496     100.00   27.49798  -94.98994   -0.00027   -0.00187         21  0.000e+00
      99375   4140.583      4.541      4.571    29.1332    29.1307   5.854215   5.853846     3.1294     2.6496     100.00   27.49798  -94.98994   -0.00023   -0.00190         21  0.000e+00
      99376   4140.625      4.488      4.518    29.1332    29.1309   5.854262   5.853862     3.1294     2.6496     100.00   27.49798  -94.98994   -0.00019   -0.00192         21  0.000e+00
      99377   4140.667      4.586      4.617    29.1336    29.1311   5.854278   5.853926     3.1282     2.6496     100.00   27.49798  -94.98994   -0.00016   -0.00194         21  0.000e+00
