GOMECC/GOMECC-4/1db/rb2103_0191.ros
* Sea-Bird SBE 9 Data File:
* FileName = C:\Users\scs.user.rb\CTD\GOMECC4\data\rb2103_0191.hex
* Software Version Seasave V 7.26.7.107
* Temperature SN = 4799
* Conductivity SN = 3860
* Number of Bytes Per Scan = 41
* Number of Voltage Words = 4
* Number of Scans Averaged by the Deck Unit = 1
* NMEA Latitude = 29 29.99 N
* NMEA Longitude = 085 22.68 W
* NMEA UTC (Time) = Sep 20 2021  17:04:31
* NMEA baud rate = 4800
# nquan = 17
# nvalues = 1197                                  
# units = specified
# name 0 = scan: Scan Count
# name 1 = timeS: Time, Elapsed [seconds]
# name 2 = depSM: Depth [salt water, m]
# name 3 = prDM: Pressure, Digiquartz [db]
# name 4 = t090C: Temperature [ITS-90, deg C]
# name 5 = t190C: Temperature, 2 [ITS-90, deg C]
# name 6 = c0S/m: Conductivity [S/m]
# name 7 = c1S/m: Conductivity, 2 [S/m]
# name 8 = sbeox0V: Oxygen raw, SBE 43 [V]
# name 9 = sbeox1V: Oxygen raw, SBE 43, 2 [V]
# name 10 = altM: Altimeter [m]
# name 11 = latitude: Latitude [deg]
# name 12 = longitude: Longitude [deg]
# name 13 = sbox0dV/dT: Oxygen, SBE 43 [dov/dt]
# name 14 = sbox1dV/dT: Oxygen, SBE 43, 2 [dov/dt]
# name 15 = nbf: Bottles Fired
# name 16 = flag:  0.000e+00
# interval = seconds: 0.0416667
# start_time = Sep 20 2021 17:04:31 [NMEA time, header]
# bad_flag = -9.990e-29
*END*
      11736    488.958     18.656     18.784    28.7160    28.7292   5.606531   5.612619     2.5910     2.1636       5.47   29.50018  -85.37810   -0.00269   -0.00208          1  0.000e+00
      11737    489.000     18.120     18.244    28.7169    28.7295   5.606290   5.612705     2.5910     2.1636       5.47   29.50018  -85.37810   -0.00271   -0.00216          1  0.000e+00
      11738    489.042     18.150     18.274    28.7176    28.7292   5.606220   5.612689     2.5910     2.1636       5.47   29.50018  -85.37810   -0.00273   -0.00223          1  0.000e+00
      11739    489.083     18.263     18.389    28.7174    28.7294   5.606251   5.612752     2.5910     2.1636       5.47   29.50018  -85.37810   -0.00274   -0.00232          1  0.000e+00
      11740    489.125     18.203     18.328    28.7174    28.7292   5.606267   5.612768     2.5922     2.1636       5.47   29.50018  -85.37810   -0.00274   -0.00240          1  0.000e+00
      11741    489.167     18.120     18.244    28.7169    28.7291   5.606158   5.612839     2.5922     2.1636       5.47   29.50018  -85.37810   -0.00273   -0.00249          1  0.000e+00
      11742    489.208     18.263     18.389    28.7169    28.7292   5.606127   5.612863     2.5922     2.1636       5.47   29.50018  -85.37810   -0.00272   -0.00257          1  0.000e+00
      11743    489.250     18.203     18.328    28.7172    28.7291   5.606018   5.612823     2.5922     2.1636       5.47   29.50018  -85.37810   -0.00273   -0.00265          1  0.000e+00
      11744    489.292     18.120     18.244    28.7172    28.7292   5.605808   5.612744     2.5922     2.1636       5.47   29.50018  -85.37810   -0.00272   -0.00273          1  0.000e+00
      11745    489.333     18.203     18.328    28.7147    28.7291   5.605590   5.612831     2.5922     2.1636       5.47   29.50018  -85.37810   -0.00272   -0.00280          1  0.000e+00
      11746    489.375     18.203     18.328    28.7126    28.7290   5.605489   5.612823     2.5922     2.1636       5.47   29.50018  -85.37810   -0.00271   -0.00287          1  0.000e+00
      11747    489.417     18.203     18.328    28.7138    28.7292   5.605621   5.612823     2.5922     2.1636       5.47   29.50018  -85.37810   -0.00269   -0.00294          1  0.000e+00
      11748    489.458     18.173     18.297    28.7160    28.7292   5.605909   5.612784     2.5922     2.1636       5.47   29.50018  -85.37810   -0.00267   -0.00301          1  0.000e+00
      11749    489.500     18.203     18.328    28.7176    28.7290   5.606127   5.612800     2.5934     2.1636       5.47   29.50018  -85.37810   -0.00264   -0.00308          1  0.000e+00
      11750    489.542     18.203     18.328    28.7187    28.7291   5.606313   5.612792     2.5934     2.1648       5.47   29.50018  -85.37810   -0.00260   -0.00313          1  0.000e+00
      11751    489.583     18.173     18.297    28.7184    28.7290   5.606321   5.612808     2.5934     2.1648       5.47   29.50018  -85.37810   -0.00258   -0.00317          1  0.000e+00
      11752    489.625     18.203     18.328    28.7189    28.7291   5.606383   5.612792     2.5934     2.1648       5.47   29.50018  -85.37810   -0.00254   -0.00322          1  0.000e+00
      11753    489.667     18.203     18.328    28.7174    28.7293   5.606298   5.612839     2.5934     2.1648       5.47   29.50018  -85.37810   -0.00249   -0.00326          1  0.000e+00
      11754    489.708     18.203     18.328    28.7174    28.7292   5.606197   5.612752     2.5934     2.1648       5.47   29.50018  -85.37810   -0.00245   -0.00328          1  0.000e+00
      11755    489.750     18.173     18.297    28.7174    28.7292   5.606212   5.612800     2.5934     2.1648       5.47   29.50018  -85.37810   -0.00240   -0.00332          1  0.000e+00
      11756    489.792     18.203     18.328    28.7174    28.7290   5.606290   5.612815     2.5934     2.1661       5.47   29.50018  -85.37810   -0.00236   -0.00334          1  0.000e+00
      11757    489.833     18.203     18.328    28.7167    28.7291   5.606282   5.612815     2.5946     2.1661       5.47   29.50018  -85.37810   -0.00229   -0.00336          1  0.000e+00
      11758    489.875     18.263     18.389    28.7167    28.7293   5.606228   5.612792     2.5946     2.1661       5.47   29.50018  -85.37810   -0.00222   -0.00335          1  0.000e+00
      11759    489.917     18.173     18.297    28.7169    28.7294   5.606181   5.612808     2.5946     2.1661       5.47   29.50018  -85.37810   -0.00214   -0.00335          1  0.000e+00
      11760    489.958     18.203     18.328    28.7176    28.7293   5.606243   5.612792     2.5946     2.1661       5.47   29.50018  -85.37810   -0.00207   -0.00333          1  0.000e+00
      11761    490.000     18.203     18.328    28.7167    28.7294   5.606127   5.612768     2.5946     2.1661       5.47   29.50018  -85.37810   -0.00200   -0.00332          1  0.000e+00
      11762    490.042     18.233     18.358    28.7139    28.7295   5.605917   5.612839     2.5946     2.1673       5.47   29.50018  -85.37810   -0.00193   -0.00330          1  0.000e+00
      11763    490.083     18.203     18.328    28.7136    28.7294   5.605956   5.612863     2.5946     2.1673       5.47   29.50018  -85.37810   -0.00186   -0.00327          1  0.000e+00
      11764    490.125     18.203     18.328    28.7145    28.7296   5.605987   5.612863     2.5946     2.1673       5.47   29.50018  -85.37810   -0.00178   -0.00324          1  0.000e+00
      11765    490.167     18.263     18.389    28.7147    28.7295   5.605855   5.612839     2.5946     2.1673       5.47   29.50018  -85.37810   -0.00169   -0.00321          1  0.000e+00
      11766    490.208     18.173     18.297    28.7165    28.7294   5.605668   5.612744     2.5946     2.1685       5.47   29.50018  -85.37810   -0.00160   -0.00316          1  0.000e+00
      11767    490.250     18.203     18.328    28.7176    28.7295   5.605691   5.612752     2.5958     2.1685       5.47   29.50018  -85.37810   -0.00150   -0.00311          1  0.000e+00
      11768    490.292     18.263     18.389    28.7156    28.7294   5.605707   5.612776     2.5946     2.1685       5.47   29.50018  -85.37810   -0.00141   -0.00306          1  0.000e+00
      11769    490.333     18.233     18.358    28.7141    28.7292   5.605567   5.612697     2.5946     2.1685       5.47   29.50018  -85.37810   -0.00133   -0.00300          1  0.000e+00
      11770    490.375     18.203     18.328    28.7141    28.7292   5.605567   5.612610     2.5958     2.1685       5.47   29.50018  -85.37810   -0.00123   -0.00293          1  0.000e+00
      11771    490.417     18.263     18.389    28.7145    28.7291   5.605777   5.612618     2.5946     2.1697       5.47   29.50018  -85.37810   -0.00113   -0.00284          1  0.000e+00
      11772    490.458     18.203     18.328    28.7158    28.7290   5.606236   5.612595     2.5946     2.1697       5.47   29.50018  -85.37810   -0.00105   -0.00275          1  0.000e+00
      11773    490.500     18.233     18.358    28.7179    28.7291   5.606881   5.612658     2.5946     2.1697       5.47   29.50018  -85.37810   -0.00097   -0.00266          1  0.000e+00
      11774    490.542     18.263     18.389    28.7198    28.7292   5.607604   5.612610     2.5946     2.1697       5.47   29.50018  -85.37810   -0.00088   -0.00257          1  0.000e+00
      11775    490.583     18.203     18.328    28.7213    28.7291   5.608211   5.612587     2.5946     2.1697       5.45   29.50018  -85.37810   -0.00079   -0.00245          1  0.000e+00
      11776    490.625     18.233     18.358    28.7224    28.7288   5.608896   5.612555     2.5946     2.1697       5.40   29.50018  -85.37810   -0.00071   -0.00234          1  0.000e+00
      11777    490.667     18.263     18.389    28.7231    28.7287   5.609674   5.612468     2.5946     2.1697       5.37   29.50018  -85.37810   -0.00062   -0.00222          1  0.000e+00
      11778    490.708     18.203     18.328    28.7240    28.7288   5.610366   5.612453     2.5946     2.1709       5.37   29.50018  -85.37810   -0.00053   -0.00207          1  0.000e+00
      11779    490.750     18.263     18.389    28.7253    28.7291   5.610895   5.612516     2.5958     2.1697       5.37   29.50018  -85.37810   -0.00042   -0.00194          1  0.000e+00
      11780    490.792     18.233     18.358    28.7262    28.7287   5.611300   5.612539     2.5958     2.1697       5.37   29.50018  -85.37810   -0.00032   -0.00180          1  0.000e+00
      11781    490.833     18.263     18.389    28.7264    28.7292   5.611486   5.612610     2.5958     2.1709       5.37   29.50018  -85.37810   -0.00021   -0.00164          1  0.000e+00
      11782    490.875     18.263     18.388    28.7255    28.7292   5.611455   5.612666     2.5958     2.1697       5.37   29.50018  -85.37810   -0.00010   -0.00152          1  0.000e+00
      11783    490.917     18.233     18.358    28.7257    28.7293   5.611300   5.612721     2.5958     2.1697       5.37   29.50018  -85.37810    0.00001   -0.00138          1  0.000e+00
      11784    490.958     18.263     18.388    28.7253    28.7296   5.611144   5.612721     2.5958     2.1697       5.37   29.50018  -85.37810    0.00010   -0.00123          1  0.000e+00
      11785    491.000     18.203     18.328    28.7250    28.7295   5.611066   5.612721     2.5958     2.1709       5.37   29.50018  -85.37810    0.00020   -0.00107          1  0.000e+00
      11786    491.042     18.263     18.388    28.7248    28.7294   5.611097   5.612729     2.5958     2.1697       5.37   29.50018  -85.37810    0.00031   -0.00093          1  0.000e+00
      11787    491.083     18.233     18.358    28.7252    28.7296   5.611253   5.612792     2.5958     2.1709       5.37   29.50018  -85.37810    0.00042   -0.00076          1  0.000e+00
      11788    491.125     18.263     18.388    28.7250    28.7295   5.611144   5.612752     2.5971     2.1709       5.37   29.50018  -85.37810    0.00055   -0.00059          1  0.000e+00
      11789    491.167     18.263     18.388    28.7239    28.7294   5.610794   5.612760     2.5971     2.1697       5.37   29.50018  -85.37810    0.00066   -0.00046          1  0.000e+00
      11790    491.208     18.233     18.358    28.7239    28.7295   5.610732   5.612768     2.5971     2.1709       5.37   29.50018  -85.37810    0.00078   -0.00031          1  0.000e+00
      11791    491.250     18.263     18.388    28.7257    28.7296   5.611004   5.612745     2.5971     2.1709       5.37   29.50018  -85.37810    0.00089   -0.00015          1  0.000e+00
      11792    491.292     18.263     18.388    28.7272    28.7295   5.611315   5.612792     2.5971     2.1709       5.37   29.50018  -85.37810    0.00100    0.00002          1  0.000e+00
      11793    491.333     18.263     18.388    28.7275    28.7294   5.611556   5.612776     2.5971     2.1709       5.37   29.50018  -85.37810    0.00112    0.00018          1  0.000e+00
      11794    491.375     18.233     18.358    28.7271    28.7293   5.611759   5.612776     2.5971     2.1709       5.37   29.50018  -85.37810    0.00123    0.00033          1  0.000e+00
      11795    491.417     18.316     18.442    28.7270    28.7294   5.611860   5.612737     2.5971     2.1709       5.37   29.50018  -85.37810    0.00132    0.00049          1  0.000e+00
      11796    491.458     18.203     18.328    28.7266    28.7294   5.611961   5.612729     2.5971     2.1709       5.37   29.50018  -85.37810    0.00142    0.00063          1  0.000e+00
      11797    491.500     18.286     18.411    28.7268    28.7295   5.612093   5.612792     2.5983     2.1722       5.40   29.50018  -85.37810    0.00153    0.00079          1  0.000e+00
      11798    491.542     18.263     18.388    28.7275    28.7294   5.612202   5.612776     2.5971     2.1709       5.37   29.50018  -85.37810    0.00162    0.00092          1  0.000e+00
      11799    491.583     18.203     18.328    28.7277    28.7295   5.612280   5.612776     2.5983     2.1722       5.37   29.50018  -85.37810    0.00172    0.00106          1  0.000e+00
      11800    491.625     18.316     18.442    28.7279    28.7292   5.612241   5.612768     2.5983     2.1722       5.35   29.50018  -85.37810    0.00181    0.00120          1  0.000e+00
      11801    491.667     18.233     18.358    28.7278    28.7295   5.612187   5.612744     2.5983     2.1709       5.35   29.50018  -85.37810    0.00190    0.00133          1  0.000e+00
      11802    491.708     18.263     18.388    28.7281    28.7294   5.612233   5.612792     2.5983     2.1709       5.35   29.50018  -85.37810    0.00197    0.00143          1  0.000e+00
      11803    491.750     18.263     18.388    28.7283    28.7294   5.612264   5.612815     2.5995     2.1709       5.35   29.50018  -85.37810    0.00206    0.00154          1  0.000e+00
      11804    491.792     18.263     18.388    28.7285    28.7293   5.612334   5.612823     2.5995     2.1722       5.37   29.50018  -85.37810    0.00215    0.00167          1  0.000e+00
      11805    491.833     18.233     18.358    28.7281    28.7294   5.612358   5.612950     2.5983     2.1709       5.37   29.50018  -85.37810    0.00221    0.00176          1  0.000e+00
      11806    491.875     18.316     18.442    28.7285    28.7293   5.612350   5.613005     2.5995     2.1722       5.37   29.50018  -85.37810    0.00230    0.00186          1  0.000e+00
      11807    491.917     18.263     18.388    28.7282    28.7296   5.612389   5.613036     2.5995     2.1709       5.35   29.50018  -85.37810    0.00238    0.00195          1  0.000e+00
      11808    491.958     18.233     18.358    28.7283    28.7293   5.612404   5.613076     2.5983     2.1709       5.35   29.50018  -85.37810    0.00242    0.00204          1  0.000e+00
      11809    492.000     18.263     18.388    28.7275    28.7294   5.612366   5.613139     2.5983     2.1709       5.35   29.50018  -85.37810    0.00247    0.00213          1  0.000e+00
      11810    492.042     18.316     18.442    28.7272    28.7295   5.612381   5.613178     2.5983     2.1709       5.37   29.50018  -85.37810    0.00251    0.00220          1  0.000e+00
      11811    492.083     18.203     18.328    28.7272    28.7296   5.612366   5.613257     2.5983     2.1697       5.35   29.50018  -85.37810    0.00253    0.00225          1  0.000e+00
      11812    492.125     18.286     18.411    28.7268    28.7296   5.612389   5.613249     2.5983     2.1697       5.37   29.50018  -85.37810    0.00255    0.00228          1  0.000e+00
      11813    492.167     18.316     18.442    28.7272    28.7295   5.612358   5.613265     2.5983     2.1697       5.35   29.50018  -85.37810    0.00257    0.00231          1  0.000e+00
      11814    492.208     18.263     18.388    28.7273    28.7296   5.612350   5.613249     2.5983     2.1685       5.37   29.50018  -85.37810    0.00258    0.00233          1  0.000e+00
      11815    492.250     18.286     18.411    28.7279    28.7295   5.612358   5.613297     2.5971     2.1697       5.35   29.50018  -85.37810    0.00256    0.00234          1  0.000e+00
      11816    492.292     18.263     18.388    28.7279    28.7296   5.612358   5.613352     2.5971     2.1685       5.37   29.50018  -85.37810    0.00253    0.00234          1  0.000e+00
      11817    492.333     18.263     18.388    28.7275    28.7297   5.612350   5.613375     2.5971     2.1685       5.37   29.50018  -85.37810    0.00249    0.00233          1  0.000e+00
      11818    492.375     18.263     18.388    28.7275    28.7298   5.612327   5.613368     2.5971     2.1685       5.37   29.50018  -85.37810    0.00246    0.00231          1  0.000e+00
      11819    492.417     18.346     18.472    28.7279    28.7298   5.612381   5.613368     2.5958     2.1685       5.35   29.50018  -85.37810    0.00241    0.00228          1  0.000e+00
      11820    492.458     18.263     18.388    28.7278    28.7297   5.612404   5.613375     2.5958     2.1685       5.37   29.50018  -85.37810    0.00234    0.00226          1  0.000e+00
