GOMECC/GOMECC-4/1db/rb2103_0251.ros
* Sea-Bird SBE 9 Data File:
* FileName = C:\Users\scs.user.rb\CTD\GOMECC4\data\rb2103_0251.hex
* Software Version Seasave V 7.26.7.107
* Temperature SN = 4799
* Conductivity SN = 3860
* Number of Bytes Per Scan = 41
* Number of Voltage Words = 4
* Number of Scans Averaged by the Deck Unit = 1
* NMEA Latitude = 28 30.98 N
* NMEA Longitude = 086 12.21 W
* NMEA UTC (Time) = Sep 21 2021  08:11:51
* NMEA baud rate = 4800
# nquan = 17
# nvalues = 2128                                  
# units = specified
# name 0 = scan: Scan Count
# name 1 = timeS: Time, Elapsed [seconds]
# name 2 = depSM: Depth [salt water, m]
# name 3 = prDM: Pressure, Digiquartz [db]
# name 4 = t090C: Temperature [ITS-90, deg C]
# name 5 = t190C: Temperature, 2 [ITS-90, deg C]
# name 6 = c0S/m: Conductivity [S/m]
# name 7 = c1S/m: Conductivity, 2 [S/m]
# name 8 = sbeox0V: Oxygen raw, SBE 43 [V]
# name 9 = sbeox1V: Oxygen raw, SBE 43, 2 [V]
# name 10 = altM: Altimeter [m]
# name 11 = latitude: Latitude [deg]
# name 12 = longitude: Longitude [deg]
# name 13 = sbox0dV/dT: Oxygen, SBE 43 [dov/dt]
# name 14 = sbox1dV/dT: Oxygen, SBE 43, 2 [dov/dt]
# name 15 = nbf: Bottles Fired
# name 16 = flag:  0.000e+00
# interval = seconds: 0.0416667
# start_time = Sep 21 2021 08:11:51 [NMEA time, header]
# bad_flag = -9.990e-29
*END*
[from data line 681]
      37906   1579.375    238.179    239.923    13.5129    13.4898   4.235298   4.232051     1.8388     1.5250     100.00   28.51670  -86.20264   -0.00076   -0.00065          6  0.000e+00
      37907   1579.417    238.195    239.938    13.5166    13.4894   4.235354   4.232093     1.8388     1.5250     100.00   28.51670  -86.20264   -0.00076   -0.00064          6  0.000e+00
      37908   1579.458    238.179    239.923    13.5237    13.4890   4.235457   4.232171     1.8388     1.5250     100.00   28.51670  -86.20264   -0.00075   -0.00065          6  0.000e+00
      37909   1579.500    238.142    239.885    13.5266    13.4901   4.235451   4.232290     1.8388     1.5250     100.00   28.51670  -86.20264   -0.00074   -0.00065          6  0.000e+00
      37910   1579.542    238.195    239.938    13.5229    13.4912   4.235333   4.232409     1.8388     1.5250     100.00   28.51670  -86.20264   -0.00074   -0.00064          6  0.000e+00
      37911   1579.583    238.180    239.923    13.5153    13.4918   4.235188   4.232437     1.8388     1.5250     100.00   28.51670  -86.20264   -0.00073   -0.00063          6  0.000e+00
      37912   1579.625    238.195    239.938    13.5110    13.4920   4.235070   4.232353     1.8388     1.5250     100.00   28.51670  -86.20264   -0.00072   -0.00062          6  0.000e+00
      37913   1579.667    238.127    239.870    13.5080    13.4925   4.234959   4.232248     1.8388     1.5250     100.00   28.51670  -86.20264   -0.00072   -0.00060          6  0.000e+00
      37914   1579.708    238.195    239.938    13.5067    13.4928   4.234821   4.232304     1.8388     1.5250     100.00   28.51670  -86.20264   -0.00073   -0.00060          6  0.000e+00
      37915   1579.750    238.180    239.923    13.5067    13.4935   4.234724   4.232297     1.8388     1.5250     100.00   28.51670  -86.20264   -0.00072   -0.00061          6  0.000e+00
      37916   1579.792    238.195    239.938    13.5065    13.4940   4.234710   4.232346     1.8388     1.5250     100.00   28.51670  -86.20264   -0.00071   -0.00059          6  0.000e+00
      37917   1579.833    238.142    239.885    13.5070    13.4932   4.234772   4.232395     1.8388     1.5250     100.00   28.51670  -86.20264   -0.00069   -0.00057          6  0.000e+00
      37918   1579.875    238.180    239.923    13.5071    13.4938   4.234925   4.232486     1.8388     1.5250     100.00   28.51670  -86.20264   -0.00069   -0.00056          6  0.000e+00
      37919   1579.917    238.142    239.885    13.5081    13.4950   4.235022   4.232486     1.8400     1.5238     100.00   28.51670  -86.20264   -0.00068   -0.00056          6  0.000e+00
      37920   1579.958    238.180    239.923    13.5095    13.4945   4.235015   4.232416     1.8388     1.5250     100.00   28.51670  -86.20264   -0.00068   -0.00054          6  0.000e+00
      37921   1580.000    238.142    239.885    13.5113    13.4952   4.234925   4.232486     1.8388     1.5250     100.00   28.51670  -86.20264   -0.00068   -0.00052          6  0.000e+00
      37922   1580.042    238.180    239.923    13.5135    13.4946   4.234786   4.232535     1.8388     1.5250     100.00   28.51670  -86.20264   -0.00068   -0.00050          6  0.000e+00
      37923   1580.083    238.142    239.885    13.5157    13.4932   4.234717   4.232521     1.8388     1.5250     100.00   28.51670  -86.20264   -0.00066   -0.00048          6  0.000e+00
      37924   1580.125    238.142    239.885    13.5118    13.4922   4.234627   4.232514     1.8388     1.5250     100.00   28.51670  -86.20264   -0.00066   -0.00045          6  0.000e+00
      37925   1580.167    238.180    239.923    13.5070    13.4914   4.234489   4.232514     1.8388     1.5250     100.00   28.51670  -86.20264   -0.00066   -0.00045          6  0.000e+00
      37926   1580.208    238.142    239.885    13.5060    13.4913   4.234378   4.232542     1.8400     1.5250     100.00   28.51670  -86.20264   -0.00064   -0.00044          6  0.000e+00
      37927   1580.250    238.127    239.870    13.5081    13.4941   4.234267   4.232682     1.8388     1.5250     100.00   28.51670  -86.20264   -0.00063   -0.00042          6  0.000e+00
      37928   1580.292    238.142    239.885    13.5085    13.4960   4.234156   4.232900     1.8388     1.5250     100.00   28.51670  -86.20264   -0.00063   -0.00040          6  0.000e+00
      37929   1580.333    238.127    239.870    13.5080    13.4946   4.234094   4.232977     1.8400     1.5250     100.00   28.51670  -86.20264   -0.00061   -0.00039          6  0.000e+00
      37930   1580.375    238.142    239.885    13.5071    13.4930   4.233977   4.233068     1.8388     1.5238     100.00   28.51670  -86.20264   -0.00060   -0.00040          6  0.000e+00
      37931   1580.417    238.142    239.885    13.5036    13.4933   4.233866   4.233096     1.8400     1.5250     100.00   28.51670  -86.20264   -0.00058   -0.00039          6  0.000e+00
      37932   1580.458    238.180    239.923    13.5013    13.4950   4.233783   4.233152     1.8388     1.5250     100.00   28.51670  -86.20264   -0.00057   -0.00038          6  0.000e+00
      37933   1580.500    238.081    239.824    13.5009    13.4980   4.233727   4.233173     1.8388     1.5250     100.00   28.51670  -86.20264   -0.00056   -0.00038          6  0.000e+00
      37934   1580.542    238.180    239.923    13.5025    13.5019   4.233748   4.233334     1.8388     1.5250     100.00   28.51670  -86.20264   -0.00056   -0.00037          6  0.000e+00
      37935   1580.583    238.081    239.824    13.5028    13.5063   4.233727   4.233580     1.8388     1.5250     100.00   28.51670  -86.20264   -0.00055   -0.00036          6  0.000e+00
      37936   1580.625    238.127    239.870    13.5024    13.5063   4.233700   4.233727     1.8400     1.5250     100.00   28.51670  -86.20264   -0.00054   -0.00035          6  0.000e+00
      37937   1580.667    238.142    239.885    13.5026    13.5050   4.233658   4.233888     1.8400     1.5250     100.00   28.51670  -86.20264   -0.00051   -0.00034          6  0.000e+00
      37938   1580.708    238.142    239.885    13.5038    13.5034   4.233672   4.234043     1.8388     1.5250     100.00   28.51670  -86.20264   -0.00050   -0.00033          6  0.000e+00
      37939   1580.750    238.066    239.809    13.5046    13.5033   4.233741   4.234169     1.8388     1.5250     100.00   28.51670  -86.20264   -0.00049   -0.00032          6  0.000e+00
      37940   1580.792    238.142    239.885    13.5051    13.5038   4.233783   4.234197     1.8388     1.5250     100.00   28.51670  -86.20264   -0.00048   -0.00031          6  0.000e+00
      37941   1580.833    238.066    239.809    13.5044    13.5026   4.233859   4.234218     1.8400     1.5250     100.00   28.51670  -86.20264   -0.00047   -0.00029          6  0.000e+00
      37942   1580.875    238.142    239.885    13.5048    13.5040   4.233900   4.234316     1.8400     1.5250     100.00   28.51670  -86.20264   -0.00046   -0.00028          6  0.000e+00
      37943   1580.917    238.066    239.809    13.5057    13.5082   4.233990   4.234421     1.8400     1.5250     100.00   28.51670  -86.20264   -0.00043   -0.00027          6  0.000e+00
      37944   1580.958    238.081    239.824    13.5073    13.5107   4.234039   4.234505     1.8388     1.5250     100.00   28.51670  -86.20264   -0.00042   -0.00026          6  0.000e+00
      37945   1581.000    238.142    239.885    13.5090    13.5089   4.234108   4.234548     1.8400     1.5250     100.00   28.51670  -86.20264   -0.00039   -0.00024          6  0.000e+00
      37946   1581.042    238.066    239.809    13.5125    13.5080   4.234212   4.234562     1.8400     1.5250     100.00   28.51670  -86.20264   -0.00036   -0.00023          6  0.000e+00
      37947   1581.083    238.082    239.824    13.5172    13.5075   4.234288   4.234583     1.8400     1.5250     100.00   28.51670  -86.20264   -0.00035   -0.00022          6  0.000e+00
      37948   1581.125    238.127    239.870    13.5179    13.5075   4.234447   4.234569     1.8400     1.5250     100.00   28.51670  -86.20264   -0.00033   -0.00020          6  0.000e+00
      37949   1581.167    238.029    239.771    13.5150    13.5088   4.234579   4.234646     1.8400     1.5250     100.00   28.51670  -86.20264   -0.00030   -0.00019          6  0.000e+00
      37950   1581.208    238.127    239.870    13.5134    13.5124   4.234669   4.234835     1.8388     1.5250     100.00   28.51670  -86.20264   -0.00031   -0.00018          6  0.000e+00
      37951   1581.250    238.082    239.824    13.5166    13.5172   4.234703   4.234968     1.8400     1.5250     100.00   28.51670  -86.20264   -0.00027   -0.00016          6  0.000e+00
      37952   1581.292    237.968    239.710    13.5130    13.5168   4.234738   4.234975     1.8388     1.5250     100.00   28.51670  -86.20264   -0.00026   -0.00014          6  0.000e+00
      37953   1581.333    238.180    239.924    13.5083    13.5153   4.234772   4.234989     1.8400     1.5250     100.00   28.51670  -86.20264   -0.00025   -0.00013          6  0.000e+00
      37954   1581.375    238.029    239.771    13.5087    13.5149   4.234807   4.235080     1.8400     1.5250     100.00   28.51670  -86.20264   -0.00023   -0.00011          6  0.000e+00
      37955   1581.417    238.066    239.809    13.5103    13.5167   4.234966   4.235242     1.8400     1.5250     100.00   28.51670  -86.20264   -0.00022   -0.00010          6  0.000e+00
      37956   1581.458    238.082    239.824    13.5127    13.5203   4.235174   4.235347     1.8400     1.5250     100.00   28.51670  -86.20264   -0.00020   -0.00008          6  0.000e+00
      37957   1581.500    238.013    239.756    13.5167    13.5226   4.235333   4.235445     1.8388     1.5250     100.00   28.51670  -86.20264   -0.00019   -0.00006          6  0.000e+00
      37958   1581.542    238.082    239.824    13.5209    13.5238   4.235478   4.235557     1.8388     1.5250     100.00   28.51670  -86.20264   -0.00019   -0.00005          6  0.000e+00
      37959   1581.583    237.968    239.710    13.5215    13.5245   4.235603   4.235501     1.8400     1.5238     100.00   28.51670  -86.20264   -0.00017   -0.00005          6  0.000e+00
      37960   1581.625    238.127    239.870    13.5172    13.5242   4.235714   4.235501     1.8400     1.5250     100.00   28.51670  -86.20264   -0.00016   -0.00003          6  0.000e+00
      37961   1581.667    238.082    239.824    13.5198    13.5221   4.235824   4.235508     1.8388     1.5250     100.00   28.51670  -86.20264   -0.00016   -0.00003          6  0.000e+00
      37962   1581.708    238.067    239.809    13.5266    13.5206   4.235983   4.235592     1.8400     1.5250     100.00   28.51670  -86.20264   -0.00012   -0.00002          6  0.000e+00
      37963   1581.750    238.029    239.771    13.5321    13.5203   4.236253   4.235649     1.8400     1.5250     100.00   28.51670  -86.20264   -0.00009   -0.00002          6  0.000e+00
      37964   1581.792    238.014    239.756    13.5370    13.5196   4.236516   4.235768     1.8400     1.5250     100.00   28.51670  -86.20264   -0.00007   -0.00002          6  0.000e+00
      37965   1581.833    238.082    239.824    13.5405    13.5206   4.236689   4.235831     1.8400     1.5250     100.00   28.51670  -86.20264   -0.00006   -0.00002          6  0.000e+00
      37966   1581.875    237.915    239.656    13.5383    13.5216   4.236648   4.235866     1.8400     1.5250     100.00   28.51670  -86.20264   -0.00004   -0.00002          6  0.000e+00
      37967   1581.917    238.127    239.870    13.5301    13.5228   4.236537   4.235908     1.8388     1.5250     100.00   28.51670  -86.20264   -0.00004   -0.00002          6  0.000e+00
      37968   1581.958    238.082    239.824    13.5265    13.5242   4.236454   4.235992     1.8388     1.5250     100.00   28.51670  -86.20264   -0.00002   -0.00002          6  0.000e+00
      37969   1582.000    238.014    239.756    13.5303    13.5250   4.236523   4.236055     1.8400     1.5250     100.00   28.51670  -86.20264    0.00001   -0.00002          6  0.000e+00
      37970   1582.042    238.029    239.771    13.5354    13.5267   4.236599   4.236139     1.8400     1.5250     100.00   28.51670  -86.20264    0.00003   -0.00002          6  0.000e+00
      37971   1582.083    238.014    239.756    13.5397    13.5280   4.236759   4.236280     1.8400     1.5250     100.00   28.51670  -86.20264    0.00005   -0.00002          6  0.000e+00
      37972   1582.125    238.029    239.771    13.5398    13.5282   4.236890   4.236315     1.8388     1.5250     100.00   28.51670  -86.20264    0.00005   -0.00001          6  0.000e+00
      37973   1582.167    237.915    239.657    13.5367    13.5291   4.236883   4.236378     1.8388     1.5250     100.00   28.51670  -86.20264    0.00005   -0.00001          6  0.000e+00
      37974   1582.208    238.180    239.924    13.5386    13.5297   4.237063   4.236441     1.8400     1.5250     100.00   28.51670  -86.20264    0.00007   -0.00001          6  0.000e+00
      37975   1582.250    238.029    239.771    13.5408    13.5297   4.237299   4.236378     1.8400     1.5250     100.00   28.51670  -86.20264    0.00007   -0.00001          6  0.000e+00
      37976   1582.292    238.014    239.756    13.5407    13.5296   4.237541   4.236322     1.8400     1.5250     100.00   28.51670  -86.20264    0.00009   -0.00001          6  0.000e+00
      37977   1582.333    238.029    239.771    13.5390    13.5282   4.237666   4.236294     1.8400     1.5250     100.00   28.51670  -86.20264    0.00009   -0.00001          6  0.000e+00
      37978   1582.375    238.014    239.756    13.5373    13.5272   4.237603   4.236167     1.8388     1.5250     100.00   28.51670  -86.20264    0.00008   -0.00001          6  0.000e+00
      37979   1582.417    238.029    239.771    13.5370    13.5265   4.237492   4.236104     1.8388     1.5250     100.00   28.51670  -86.20264    0.00008   -0.00001          6  0.000e+00
      37980   1582.458    237.968    239.710    13.5370    13.5250   4.237354   4.236041     1.8388     1.5250     100.00   28.51670  -86.20264    0.00008   -0.00001          6  0.000e+00
      37981   1582.500    238.067    239.809    13.5376    13.5251   4.237340   4.236076     1.8388     1.5250     100.00   28.51670  -86.20264    0.00008   -0.00000          6  0.000e+00
      37982   1582.542    238.029    239.771    13.5391    13.5264   4.237409   4.236097     1.8388     1.5238     100.00   28.51670  -86.20264    0.00008   -0.00002          6  0.000e+00
      37983   1582.583    238.014    239.756    13.5410    13.5267   4.237562   4.236146     1.8400     1.5250     100.00   28.51670  -86.20264    0.00010   -0.00002          6  0.000e+00
      37984   1582.625    238.029    239.771    13.5432    13.5267   4.237693   4.236392     1.8388     1.5238     100.00   28.51670  -86.20264    0.00010   -0.00004          6  0.000e+00
      37985   1582.667    238.067    239.809    13.5455    13.5248   4.237769   4.236539     1.8400     1.5250     100.00   28.51670  -86.20264    0.00012   -0.00003          6  0.000e+00
      37986   1582.708    238.029    239.771    13.5440    13.5233   4.237735   4.236518     1.8388     1.5250     100.00   28.51670  -86.20264    0.00013   -0.00003          6  0.000e+00
      37987   1582.750    237.968    239.710    13.5386    13.5247   4.237389   4.236497     1.8388     1.5238     100.00   28.51670  -86.20264    0.00011   -0.00005          6  0.000e+00
      37988   1582.792    238.067    239.809    13.5279    13.5260   4.236780   4.236420     1.8400     1.5238     100.00   28.51670  -86.20264    0.00013   -0.00006          6  0.000e+00
      37989   1582.833    238.082    239.825    13.5228    13.5268   4.236094   4.236441     1.8388     1.5250     100.00   28.51670  -86.20264    0.00012   -0.00006          6  0.000e+00
