GOMECC/GOMECC-4/1db/rb2103_0491.cnv
* Sea-Bird SBE 9 Data File:
* FileName = C:\Users\scs.user.rb\CTD\GOMECC4\data\rb2103_0491.hex
* Software Version Seasave V 7.26.7.107
* Temperature SN = 4799
* Conductivity SN = 3860
* Number of Bytes Per Scan = 41
* Number of Voltage Words = 4
* Number of Scans Averaged by the Deck Unit = 1
* NMEA Latitude = 27 55.20 N
* NMEA Longitude = 093 34.74 W
* NMEA UTC (Time) = Sep 27 2021  12:19:13
* NMEA baud rate = 4800
# nquan = 28
# nvalues = 109                         
# units = specified
# name 0 = scan: Scan Count
# name 1 = timeS: Time, Elapsed [seconds]
# name 2 = depSM: Depth [salt water, m]
# name 3 = prDM: Pressure, Digiquartz [db]
# name 4 = t090C: Temperature [ITS-90, deg C]
# name 5 = t190C: Temperature, 2 [ITS-90, deg C]
# name 6 = c0S/m: Conductivity [S/m]
# name 7 = c1S/m: Conductivity, 2 [S/m]
# name 8 = sbeox0V: Oxygen raw, SBE 43 [V]
# name 9 = sbeox1V: Oxygen raw, SBE 43, 2 [V]
# name 10 = altM: Altimeter [m]
# name 11 = latitude: Latitude [deg]
# name 12 = longitude: Longitude [deg]
# name 13 = sbox0dV/dT: Oxygen, SBE 43 [dov/dt]
# name 14 = sbox1dV/dT: Oxygen, SBE 43, 2 [dov/dt]
# name 15 = sbeox0ML/L: Oxygen, SBE 43 [ml/l], WS = 5
# name 16 = sbeox1ML/L: Oxygen, SBE 43, 2 [ml/l], WS = 5
# name 17 = potemp090C: Potential Temperature [ITS-90, deg C]
# name 18 = potemp190C: Potential Temperature, 2 [ITS-90, deg C]
# name 19 = sal00: Salinity, Practical [PSU]
# name 20 = sal11: Salinity, Practical, 2 [PSU]
# name 21 = sigma-é00: Density [sigma-theta, kg/m^3]
# name 22 = sigma-é11: Density, 2 [sigma-theta, kg/m^3]
# name 23 = avgsvCM: Average Sound Velocity [Chen-Millero, m/s], minP = 20, minS = 20
# name 24 = sbox0Mm/Kg: Oxygen, SBE 43 [umol/kg], WS = 5
# name 25 = sbox1Mm/Kg: Oxygen, SBE 43, 2 [umol/kg], WS = 5
# name 26 = nbin: number of scans per bin
# name 27 = flag: flag
# span 0 =       6303,     119240       
# span 1 =    262.565,   4967.527       
# span 2 =      1.987,    101.350       
# span 3 =      2.000,    102.026       
# span 4 =    22.8339,   544.7910       
# span 5 =    22.8067,   544.7989       
# span 6 =   5.246538, 109.882725       
# span 7 =   5.244127, 109.885146       
# span 8 =     2.8961,    47.8137       
# span 9 =     2.4773,    50.2420       
# span 10 =       4.23,    1253.96      
# span 11 =   27.77054,  530.52624      
# span 12 =-1778.14871,  -93.07760      
# span 13 =   -0.02009,    0.03400      
# span 14 =   -0.01850,    0.05890      
# span 15 =     4.3156,    66.6743      
# span 16 =     4.3278,    82.6175      
# span 17 =    22.8209,   544.7663      
# span 18 =    22.7929,   544.7742      
# span 19 =    35.4991,   676.7349      
# span 20 =    35.4998,   676.7460      
# span 21 =    22.5627,   430.1194      
# span 22 =    22.5630,   430.1250      
# span 23 =       0.00,    1574.28      
# span 24 =    188.467,   2911.772      
# span 25 =    188.972,   3608.023      
# span 26 =         30,         66      
# span 27 = 0.0000e+00, 0.0000e+00      
# interval = decibars: 1                
# start_time = Sep 27 2021 12:19:13 [NMEA time, header]
# bad_flag = -9.990e-29
*END*
[from data line 52]
       8922    371.707     57.607     58.000    23.4933    23.4926   5.314402   5.314312     3.0818     2.6445      15.63   27.92012  -93.57902   -0.00164   -0.00227     4.7193     4.7580    23.4812    23.4805    36.2322    36.2336    24.7280    24.7293    1542.13    205.679    207.363         54 0.0000e+00
       8977    373.997     58.600     59.000    23.4851    23.4849   5.313140   5.313319     3.0668     2.6285      14.53   27.92012  -93.57902   -0.00566   -0.00612     4.6939     4.7270    23.4728    23.4727    36.2341    36.2357    24.7319    24.7332    1541.96    204.571    206.010         51 0.0000e+00
       9025    376.012     59.593     60.000    23.4728    23.4777   5.312552   5.312748     3.0563     2.6199      13.71   27.92012  -93.57900   -0.00605   -0.00604     4.6718     4.7090    23.4603    23.4652    36.2351    36.2368    24.7364    24.7362    1541.81    203.608    205.226         48 0.0000e+00
       9073    377.990     60.586     61.000    23.4687    23.4682   5.311735   5.311908     3.0465     2.6111      12.78   27.92012  -93.57902   -0.00515   -0.00392     4.6555     4.6910    23.4560    23.4555    36.2361    36.2379    24.7384    24.7399    1541.66    202.896    204.440         46 0.0000e+00
       9126    380.216     61.579     62.000    23.4678    23.4646   5.311824   5.311671     3.0373     2.6037      11.64   27.92012  -93.57901   -0.00447   -0.00417     4.6378     4.6754    23.4549    23.4517    36.2372    36.2386    24.7396    24.7416    1541.52    202.125    203.764         46 0.0000e+00
       9210    383.705     62.572     63.000    23.4386    23.4282   5.308728   5.307977     3.0255     2.5878      10.82   27.92012  -93.57901   -0.00315   -0.00296     4.6174     4.6418    23.4255    23.4151    36.2353    36.2389    24.7468    24.7525    1541.38    201.234    202.296         34 0.0000e+00
       9327    388.566     63.565     64.000    23.2997    23.3006   5.293788   5.294437     2.9883     2.5589       9.73   27.92012  -93.57902   -0.00656   -0.00394     4.5540     4.5919    23.2864    23.2874    36.2346    36.2433    24.7870    24.7944    1541.26    198.461    200.112         56 0.0000e+00
       9443    393.404     64.558     65.000    23.1937    23.1894   5.282279   5.283348     3.0035     2.5715       8.69   27.92012  -93.57902    0.00260    0.00135     4.5952     4.6282    23.1802    23.1760    36.2338    36.2459    24.8173    24.8278    1541.11    200.254    201.688         40 0.0000e+00
       9536    397.286     65.551     66.000    23.0098    22.9698   5.263286   5.262315     2.9733     2.5391       7.72   27.92012  -93.57902   -0.00480   -0.00605     4.5497     4.5735    22.9962    22.9562    36.2382    36.2637    24.8741    24.9051    1540.99    198.260    199.288         35 0.0000e+00
       9922    413.393     67.537     68.000    22.8339    22.8067   5.246538   5.244127     2.9185     2.4915       5.49   27.91083  -93.54786   -0.00176   -0.00219     4.4553     4.4815    22.8209    22.7929    36.2479    36.2518    24.9310    24.9419    1540.18    194.131    195.270         66 0.0000e+00
      12103    504.240     67.537     68.000    22.8727    22.8842   5.250288   5.250419     2.8971     2.4773       4.23   27.89589  -93.49781    0.00213    0.00337     4.4097     4.4431    22.8607    22.8704    36.2394    36.2293    24.9118    24.9001    1539.27    192.148    193.606         39 0.0000e+00
      12355    514.734     66.544     67.000    22.8904    22.9052   5.253274   5.254920     2.8961     2.4792       5.18   27.92012  -93.57904    0.00139    0.00221     4.4046     4.4463    22.8767    22.8916    36.2611    36.2604    24.9261    24.9212    1540.61    191.927    193.744         34 0.0000e+00
      12469    519.492     65.551     66.000    22.9011    22.9290   5.254612   5.257682     2.9002     2.4846       6.03   27.92013  -93.57904    0.00151    0.00233     4.4122     4.4556    22.8876    22.9154    36.2618    36.2614    24.9235    24.9151    1540.61    192.258    194.151         65 0.0000e+00
      12545    522.668     64.558     65.000    22.9145    22.9463   5.255951   5.259436     2.9111     2.4950       7.01   27.92013  -93.57905    0.00378    0.00320     4.4319     4.4770    22.9012    22.9330    36.2603    36.2611    24.9184    24.9098    1540.61    193.115    195.084         40 0.0000e+00
      12583    524.269     63.565     64.000    23.0125    23.0461   5.265800   5.269042     2.9152     2.5039       7.66   27.92014  -93.57904    0.00266    0.00436     4.4323     4.4896    22.9994    23.0331    36.2561    36.2541    24.8868    24.8758    1540.61    193.141    195.639         39 0.0000e+00
      12650    527.056     62.572     63.000    23.0214    23.0420   5.266742   5.269221     2.9440     2.5222       9.01   27.92014  -93.57905    0.00786    0.00644     4.4890     4.5293    23.0084    23.0291    36.2564    36.2586    24.8844    24.8801    1540.61    195.611    197.368         42 0.0000e+00
      12758    531.534     60.586     61.000    23.3032    23.3247   5.296856   5.298235     2.9688     2.5469      10.82   27.94062  -93.64768    0.00623    0.00621     4.5148     4.5606    23.2906    23.3121    36.2682    36.2542    24.8142    24.7957    1541.74    196.751    198.751         62 0.0000e+00
      12812    533.794     59.593     60.000    23.2849    23.3477   5.292828   5.299392     2.9705     2.5514      11.80   27.92014  -93.57904    0.00374    0.00367     4.5193     4.5684    23.2725    23.3354    36.2427    36.2393    24.7971    24.7757    1540.61    196.948    199.094         58 0.0000e+00
      12856    535.614     58.600     59.000    23.3805    23.3980   5.302631   5.304869     2.9886     2.5623      12.60   27.92014  -93.57904    0.00327    0.00261     4.5459     4.5875    23.3682    23.3858    36.2392    36.2420    24.7665    24.7635    1540.61    198.115    199.928         36 0.0000e+00
      12901    537.506     57.607     58.000    23.4169    23.4308   5.306536   5.307995     3.0125     2.5827      13.52   27.92014  -93.57904    0.01107    0.00801     4.5905     4.6295    23.4049    23.4187    36.2396    36.2392    24.7561    24.7517    1540.61    200.061    201.761         38 0.0000e+00
      12973    540.497     56.613     57.000    23.4364    23.4493   5.308317   5.309617     3.0295     2.5975      14.67   27.92014  -93.57904    0.00732    0.00692     4.6221     4.6602    23.4245    23.4374    36.2377    36.2369    24.7489    24.7445    1540.61    201.440    203.099         40 0.0000e+00
      13061    544.172     54.627     55.000    23.4783    23.4948   5.310633   5.312414     3.0503     2.6136      16.59   27.90391  -93.52464    0.00605    0.00504     4.6589     4.6904    23.4669    23.4833    36.2146    36.2129    24.7166    24.7104    1539.71    203.044    204.420         41 0.0000e+00
      13173    548.833     52.641     53.000    23.6051    23.6286   5.325671   5.327695     3.0693     2.6326      18.72   27.92681  -93.60139    0.00394    0.00366     4.6850     4.7211    23.5940    23.6176    36.2375    36.2337    24.6998    24.6900    1540.98    204.191    205.765         42 0.0000e+00
      13232    551.274     51.648     52.000    23.6306    23.6788   5.327154   5.331447     3.0725     2.6365      19.47   27.92014  -93.57904    0.00161    0.00298     4.6885     4.7249    23.6197    23.6679    36.2248    36.2182    24.6816    24.6625    1540.61    204.347    205.937         38 0.0000e+00
      13268    552.811     50.655     51.000    23.8376    23.8807   5.346910   5.351781     3.0779     2.6409      20.44   27.92014  -93.57903    0.00161    0.00142     4.6812     4.7183    23.8269    23.8699    36.2070    36.2090    24.6069    24.5956    1540.61    204.042    205.661         45 0.0000e+00
      13337    555.679     49.662     50.000    23.9819    24.0944   5.361075   5.372261     3.0854     2.6566      21.45   27.92014  -93.57905    0.00288    0.00591     4.6832     4.7343    23.9713    24.0838    36.1977    36.1913    24.5569    24.5185    1540.61    204.140    206.375         39 0.0000e+00
      13379    557.421     48.669     49.000    24.2649    24.5509   5.389785   5.408129     3.1001     2.6629      22.00   27.92014  -93.57904    0.00392    0.00420     4.6857     4.7192    24.2544    24.5406    36.1860    36.1535    24.4635    24.3753    1540.61    204.265    205.741         37 0.0000e+00
      13432    559.640     47.675     48.000    24.9254    24.8431   5.453868   5.444241     3.1563     2.6877      23.63   27.92014  -93.57904    0.01683    0.00740     4.7420     4.7411    24.9150    24.8327    36.1357    36.1307    24.2258    24.2474    1540.61    206.766    206.726         47 0.0000e+00
      13493    562.149     46.683     47.000    24.9510    25.1038   5.454993   5.469614     3.1606     2.7081      24.30   27.92014  -93.57906    0.00811    0.00626     4.7424     4.7553    24.9408    25.0935    36.1291    36.1053    24.2128    24.1482    1540.61    206.788    207.363         34 0.0000e+00
      13536    563.947     45.689     46.000    25.5003    25.4185   5.506550   5.499926     3.1938     2.7328      25.33   27.92014  -93.57906    0.00888    0.01185     4.7658     4.7903    25.4901    25.4083    36.0694    36.0848    23.9990    24.0359    1540.61    207.854    208.913         57 0.0000e+00
      13596    566.474     44.696     45.000    25.6957    25.6182   5.525723   5.518626     3.2226     2.7553      26.91   27.92014  -93.57905    0.01626    0.01012     4.8025     4.8213    25.6858    25.6082    36.0559    36.0589    23.9282    23.9545    1540.61    209.470    210.284         52 0.0000e+00
      13642    568.393     43.703     44.000    25.9276    26.0471   5.546526   5.556412     3.2359     2.7731      27.78   27.92014  -93.57904    0.00799    0.00879     4.8081     4.8261    25.9178    26.0372    36.0259    36.0040    23.8331    23.7792    1540.61    209.733    210.527         49 0.0000e+00
      14126    588.542     40.724     41.000    28.2674    28.1342   5.778333   5.766941     3.1078     2.6465      30.18   28.01685  -93.90320    0.00157   -0.00190     4.3830     4.4084    28.2577    28.1245    35.9381    35.9549    23.0338    23.0895    1545.95    191.352    192.453         30 0.0000e+00
      14732    613.772     39.730     40.000    28.1862    28.3072   5.762685   5.772651     3.0958     2.6380      30.95   27.92014  -93.57906   -0.00152   -0.00082     4.3637     4.3755    28.1754    28.2977    35.8163    35.8078    22.9507    22.9043    1540.61    190.508    191.032         34 0.0000e+00
      15746    656.030     38.737     39.000    28.6092    28.5855   5.800766   5.798536     3.0921     2.6300      31.87   27.92014  -93.57906    0.00013   -0.00104     4.3244     4.3391    28.5999    28.5761    35.7757    35.7781    22.7802    22.7898    1540.61    188.828    189.465         32 0.0000e+00
      15892    662.108     37.744     38.000    28.6031    28.5977   5.799155   5.799351     3.0945     2.6303      32.85   27.92014  -93.57906    0.00028   -0.00029     4.3291     4.3383    28.5940    28.5886    35.7723    35.7749    22.7795    22.7833    1540.61    189.033    189.435         37 0.0000e+00
      16003    666.763     36.751     37.000    28.6268    28.6138   5.800280   5.800020     3.0992     2.6320      33.93   27.92014  -93.57906    0.00101    0.00073     4.3359     4.3403    28.6180    28.6049    35.7613    35.7677    22.7633    22.7725    1540.61    189.333    189.521         34 0.0000e+00
      16089    670.316     35.758     36.000    28.6190    28.5974   5.799291   5.797971     3.0993     2.6349      34.58   27.92014  -93.57906    0.00049    0.00021     4.3363     4.3468    28.6115    28.5888    35.7592    35.7646    22.7639    22.7748    1540.61    189.350    189.805         46 0.0000e+00
      16184    674.285     34.765     35.000    28.6242    28.6274   5.799294   5.800231     3.1022     2.6392      36.12   27.92014  -93.57906    0.00003    0.00079     4.3400     4.3532    28.6157    28.6190    35.7577    35.7613    22.7614    22.7628    1540.61    189.512    190.085         46 0.0000e+00
      16568    690.300     31.785     32.000    28.6765    28.6542   5.802985   5.801624     3.1078     2.6362      38.68   27.91614  -93.56571    0.00085    0.00027     4.3455     4.3434    28.6689    28.6466    35.7429    35.7474    22.7320    22.7426    1540.39    189.755    189.663         33 0.0000e+00
      18314    763.053     27.812     28.000    28.7700    28.7693   5.816533   5.816493     3.1182     2.6519      43.17   27.96401  -93.72616   -0.00049   -0.00017     4.3565     4.3671    28.7633    28.7625    35.7943    35.7946    22.7483    22.7487    1543.03    190.241    190.703         46 0.0000e+00
      18389    766.164     26.819     27.000    28.7205    28.7237   5.806682   5.807362     3.1156     2.6461      43.58   27.92012  -93.57904   -0.00008   -0.00030     4.3546     4.3565    28.7141    28.7172    35.7377    35.7390    22.7136    22.7135    1540.61    190.160    190.241         47 0.0000e+00
      18494    770.543     25.826     26.000    28.7223    28.7221   5.806221   5.806690     3.1162     2.6471      44.42   27.92012  -93.57904    0.00099   -0.00064     4.3541     4.3581    28.7161    28.7159    35.7332    35.7368    22.7096    22.7124    1540.61    190.137    190.312         47 0.0000e+00
      18763    781.740     23.839     24.000    28.7518    28.7620   5.814562   5.814755     3.1192     2.6506      46.77   27.96253  -93.72119    0.00025   -0.00019     4.3537     4.3629    28.7460    28.7562    35.7639    35.7883    22.7280    22.7458    1542.95    190.121    190.520         54 0.0000e+00
      18843    785.094     22.846     23.000    28.7234    28.7204   5.805486   5.805801     3.1148     2.6479      47.74   27.92012  -93.57904   -0.00068   -0.00001     4.3501     4.3584    28.7179    28.7149    35.7274    35.7318    22.7046    22.7090    1540.61    189.962    190.323         47 0.0000e+00
      18953    789.650     21.853     22.000    28.7222    28.7215   5.804919   5.805378     3.1145     2.6479      48.71   27.92012  -93.57905   -0.00038    0.00006     4.3492     4.3579    28.7169    28.7161    35.7247    35.7284    22.7029    22.7059    1540.61    189.925    190.303         32 0.0000e+00
      19256    802.298     19.866     20.000    28.6586    28.6596   5.791604   5.791828     3.1049     2.6415      50.53   27.86004  -93.37768   -0.00123   -0.00061     4.3339     4.3462    28.6538    28.6548    35.6440    35.6448    22.6516    22.6519    1537.29    189.257    189.792         51 0.0000e+00
      20723    863.402     17.880     18.000    28.9430    28.9442   5.846406   5.846669     3.1379     2.6664      54.43   28.14108  -94.31960    0.00049    0.00144     4.3804     4.3863    28.9387    28.9398    35.9826    35.9835    22.8657    22.8661    1552.80    191.291    191.548         45 0.0000e+00
      20844    868.470     15.893     16.000    28.7187    28.7178   5.800217   5.799669     3.1133     2.6415      55.25   27.92850  -93.60717   -0.00056   -0.00055     4.3453     4.3435    28.7148    28.7140    35.7016    35.6984    22.6878    22.6857    1541.07    189.758    189.678         40 0.0000e+00
      20990    874.537     14.900     15.000    28.7057    28.7083   5.796825   5.797650     3.1095     2.6456      55.79   27.92010  -93.57904   -0.00062    0.00132     4.3389     4.3516    28.7021    28.7047    35.6829    35.6867    22.6764    22.6784    1540.61    189.478    190.034         37 0.0000e+00
      21441    893.352     11.920     12.000    28.7255    28.7263   5.800008   5.800214     3.1136     2.6482      58.89   27.94470  -93.66147   -0.00056    0.00115     4.3442     4.3552    28.7226    28.7234    35.7060    35.7069    22.6917    22.6921    1541.97    189.713    190.189         56 0.0000e+00
