GOMECC/GOMECC-4/1db/rb2103_0651.ros
* Sea-Bird SBE 9 Data File:
* FileName = C:\Users\scs.user.rb\CTD\GOMECC4\data\rb2103_0651.hex
* Software Version Seasave V 7.26.7.107
* Temperature SN = 4799
* Conductivity SN = 3860
* Number of Bytes Per Scan = 41
* Number of Voltage Words = 4
* Number of Scans Averaged by the Deck Unit = 1
* NMEA Latitude = 26 03.47 N
* NMEA Longitude = 096 19.52 W
* NMEA UTC (Time) = Oct 02 2021  07:20:22
* NMEA baud rate = 4800
# nquan = 17
# nvalues = 1463                                  
# units = specified
# name 0 = scan: Scan Count
# name 1 = timeS: Time, Elapsed [seconds]
# name 2 = depSM: Depth [salt water, m]
# name 3 = prDM: Pressure, Digiquartz [db]
# name 4 = t090C: Temperature [ITS-90, deg C]
# name 5 = t190C: Temperature, 2 [ITS-90, deg C]
# name 6 = c0S/m: Conductivity [S/m]
# name 7 = c1S/m: Conductivity, 2 [S/m]
# name 8 = sbeox0V: Oxygen raw, SBE 43 [V]
# name 9 = sbeox1V: Oxygen raw, SBE 43, 2 [V]
# name 10 = altM: Altimeter [m]
# name 11 = latitude: Latitude [deg]
# name 12 = longitude: Longitude [deg]
# name 13 = sbox0dV/dT: Oxygen, SBE 43 [dov/dt]
# name 14 = sbox1dV/dT: Oxygen, SBE 43, 2 [dov/dt]
# name 15 = nbf: Bottles Fired
# name 16 = flag:  0.000e+00
# interval = seconds: 0.0416667
# start_time = Oct 02 2021 07:20:22 [NMEA time, header]
# bad_flag = -9.990e-29
*END*
[from data line 511]
      24011   1000.417     89.671     90.278    19.5575    19.5558   4.922823   4.922720     2.0147     1.6728      97.31   26.05904  -96.32606    0.00007   -0.00043          4  0.000e+00
      24012   1000.458     89.773     90.381    19.5576    19.5558   4.922772   4.922712     2.0147     1.6740      97.34   26.05904  -96.32606    0.00007   -0.00040          4  0.000e+00
      24013   1000.500     89.671     90.278    19.5575    19.5554   4.922757   4.922712     2.0147     1.6728      97.31   26.05904  -96.32606    0.00007   -0.00040          4  0.000e+00
      24014   1000.542     89.719     90.326    19.5576    19.5551   4.922816   4.922712     2.0147     1.6740      97.34   26.05904  -96.32606    0.00009   -0.00038          4  0.000e+00
      24015   1000.583     89.719     90.326    19.5577    19.5553   4.922772   4.922712     2.0147     1.6728      97.31   26.05904  -96.32606    0.00010   -0.00037          4  0.000e+00
      24016   1000.625     89.719     90.326    19.5575    19.5551   4.922786   4.922682     2.0147     1.6740      97.34   26.05904  -96.32606    0.00010   -0.00035          4  0.000e+00
      24017   1000.667     89.719     90.326    19.5574    19.5553   4.922823   4.922697     2.0147     1.6728      97.34   26.05904  -96.32606    0.00010   -0.00034          4  0.000e+00
      24018   1000.708     89.719     90.326    19.5576    19.5551   4.922794   4.922712     2.0147     1.6740      97.31   26.05904  -96.32606    0.00010   -0.00032          4  0.000e+00
      24019   1000.750     89.719     90.326    19.5573    19.5551   4.922794   4.922712     2.0147     1.6740      97.34   26.05904  -96.32606    0.00011   -0.00030          4  0.000e+00
      24020   1000.792     89.719     90.326    19.5576    19.5549   4.922823   4.922682     2.0147     1.6740      97.34   26.05904  -96.32606    0.00011   -0.00026          4  0.000e+00
      24021   1000.833     89.719     90.326    19.5577    19.5545   4.922809   4.922697     2.0147     1.6740      97.34   26.05904  -96.32606    0.00011   -0.00024          4  0.000e+00
      24022   1000.875     89.671     90.278    19.5576    19.5546   4.922823   4.922645     2.0147     1.6740      97.31   26.05904  -96.32606    0.00011   -0.00020          4  0.000e+00
      24023   1000.917     89.773     90.381    19.5576    19.5537   4.922809   4.922660     2.0147     1.6740      97.34   26.05904  -96.32606    0.00012   -0.00016          4  0.000e+00
      24024   1000.958     89.719     90.326    19.5575    19.5532   4.922801   4.922585     2.0134     1.6740      97.31   26.05904  -96.32606    0.00010   -0.00012          4  0.000e+00
      24025   1001.000     89.719     90.326    19.5577    19.5526   4.922890   4.922578     2.0147     1.6740      97.31   26.05904  -96.32606    0.00010   -0.00009          4  0.000e+00
      24026   1001.042     89.671     90.278    19.5575    19.5530   4.922890   4.922593     2.0147     1.6740      97.31   26.05904  -96.32606    0.00011   -0.00005          4  0.000e+00
      24027   1001.083     89.719     90.326    19.5576    19.5533   4.922882   4.922555     2.0147     1.6740      97.31   26.05904  -96.32606    0.00011   -0.00001          4  0.000e+00
      24028   1001.125     89.719     90.326    19.5577    19.5537   4.922912   4.922578     2.0134     1.6752      97.31   26.05904  -96.32606    0.00010    0.00005          4  0.000e+00
      24029   1001.167     89.719     90.326    19.5575    19.5540   4.922853   4.922615     2.0147     1.6740      97.31   26.05904  -96.32606    0.00010    0.00009          4  0.000e+00
      24030   1001.208     89.719     90.326    19.5576    19.5540   4.922867   4.922690     2.0134     1.6740      97.31   26.05904  -96.32606    0.00008    0.00011          4  0.000e+00
      24031   1001.250     89.719     90.326    19.5574    19.5549   4.922845   4.922712     2.0147     1.6740      97.31   26.05904  -96.32606    0.00009    0.00014          4  0.000e+00
      26509   1104.500     69.716     70.184    21.5991    21.5958   5.117116   5.116698     2.7473     2.3394     100.00   26.05914  -96.32610    0.00008    0.00080          5  0.000e+00
      26510   1104.542     69.364     69.830    21.5992    21.5942   5.117131   5.116508     2.7460     2.3394     100.00   26.05914  -96.32610    0.00006    0.00083          5  0.000e+00
      26511   1104.583     69.567     70.034    21.5995    21.5945   5.117101   5.116569     2.7473     2.3394     100.00   26.05914  -96.32610    0.00005    0.00086          5  0.000e+00
      26512   1104.625     69.560     70.027    21.6005    21.5958   5.117153   5.116834     2.7473     2.3394     100.00   26.05914  -96.32610    0.00004    0.00088          5  0.000e+00
      26513   1104.667     69.614     70.082    21.6012    21.5979   5.117206   5.117001     2.7473     2.3394     100.00   26.05914  -96.32610    0.00003    0.00090          5  0.000e+00
      26514   1104.708     69.560     70.027    21.6021    21.5995   5.117243   5.117221     2.7473     2.3394     100.00   26.05914  -96.32610    0.00002    0.00093          5  0.000e+00
      26515   1104.750     69.614     70.082    21.6017    21.6009   5.117326   5.117312     2.7473     2.3394     100.00   26.05914  -96.32610    0.00002    0.00095          5  0.000e+00
      26516   1104.792     69.560     70.027    21.6013    21.6016   5.117348   5.117327     2.7473     2.3394     100.00   26.05914  -96.32610   -0.00001    0.00097          5  0.000e+00
      26517   1104.833     69.614     70.082    21.6010    21.6019   5.117311   5.117395     2.7473     2.3394     100.00   26.05914  -96.32610   -0.00002    0.00098          5  0.000e+00
      26518   1104.875     69.662     70.130    21.6010    21.6022   5.117236   5.117418     2.7473     2.3394     100.00   26.05914  -96.32610   -0.00003    0.00100          5  0.000e+00
      26519   1104.917     69.614     70.082    21.6003    21.6026   5.117221   5.117380     2.7460     2.3382     100.00   26.05914  -96.32610   -0.00008    0.00100          5  0.000e+00
      26520   1104.958     69.614     70.082    21.6003    21.6023   5.117213   5.117373     2.7473     2.3382      94.46   26.05914  -96.32610   -0.00009    0.00100          5  0.000e+00
      26521   1105.000     69.614     70.082    21.6002    21.6022   5.117213   5.117403     2.7473     2.3382      69.82   26.05914  -96.32610   -0.00010    0.00100          5  0.000e+00
      26522   1105.042     69.614     70.082    21.6000    21.6019   5.117183   5.117380     2.7460     2.3382      59.78   26.05914  -96.32610   -0.00013    0.00101          5  0.000e+00
      26523   1105.083     69.668     70.137    21.5996    21.6013   5.117109   5.117342     2.7460     2.3370      59.49   26.05914  -96.32610   -0.00016    0.00101          5  0.000e+00
      26524   1105.125     69.709     70.178    21.5982    21.6009   5.116959   5.117297     2.7473     2.3382      60.59   26.05914  -96.32610   -0.00017    0.00101          5  0.000e+00
      26525   1105.167     69.668     70.137    21.5963    21.6006   5.116824   5.117289     2.7460     2.3382      60.95   26.05914  -96.32610   -0.00018    0.00100          5  0.000e+00
      26526   1105.208     69.662     70.130    21.5942    21.6000   5.116660   5.117251     2.7460     2.3382      60.95   26.05914  -96.32610   -0.00019    0.00100          5  0.000e+00
      26527   1105.250     69.668     70.137    21.5924    21.5995   5.116488   5.117176     2.7473     2.3370      60.90   26.05914  -96.32610   -0.00018    0.00098          5  0.000e+00
      26528   1105.292     69.709     70.178    21.5910    21.5993   5.116286   5.117069     2.7460     2.3370      60.88   26.05914  -96.32610   -0.00021    0.00097          5  0.000e+00
      26529   1105.333     69.668     70.137    21.5896    21.5989   5.116166   5.116994     2.7460     2.3370      60.90   26.05914  -96.32610   -0.00024    0.00097          5  0.000e+00
      26530   1105.375     69.709     70.178    21.5889    21.5974   5.116054   5.116857     2.7460     2.3370      60.88   26.05914  -96.32610   -0.00025    0.00096          5  0.000e+00
      26531   1105.417     69.716     70.184    21.5880    21.5963   5.115957   5.116683     2.7460     2.3370      60.88   26.05914  -96.32610   -0.00026    0.00094          5  0.000e+00
      26532   1105.458     69.763     70.232    21.5864    21.5943   5.115837   5.116486     2.7460     2.3370      60.88   26.05914  -96.32610   -0.00027    0.00091          5  0.000e+00
      26533   1105.500     69.716     70.184    21.5847    21.5933   5.115515   5.116296     2.7460     2.3358      60.88   26.05914  -96.32610   -0.00028    0.00087          5  0.000e+00
      26534   1105.542     69.709     70.178    21.5829    21.5927   5.115059   5.116137     2.7460     2.3370      60.88   26.05914  -96.32610   -0.00027    0.00085          5  0.000e+00
      26535   1105.583     69.763     70.232    21.5746    21.5906   5.114333   5.115833     2.7460     2.3370      60.88   26.05914  -96.32610   -0.00028    0.00082          5  0.000e+00
      26536   1105.625     69.763     70.232    21.5660    21.5828   5.113615   5.115007     2.7460     2.3370      60.88   26.05914  -96.32610   -0.00029    0.00080          5  0.000e+00
      26537   1105.667     69.763     70.232    21.5611    21.5722   5.113092   5.114249     2.7460     2.3370      60.88   26.05914  -96.32610   -0.00030    0.00078          5  0.000e+00
      26538   1105.708     69.763     70.232    21.5569    21.5666   5.112845   5.113756     2.7460     2.3370      60.88   26.05914  -96.32610   -0.00030    0.00075          5  0.000e+00
      26539   1105.750     69.818     70.287    21.5546    21.5639   5.112710   5.113521     2.7460     2.3370      60.88   26.05914  -96.32610   -0.00031    0.00072          5  0.000e+00
      26540   1105.792     69.763     70.232    21.5560    21.5608   5.112807   5.113385     2.7448     2.3370      60.88   26.05914  -96.32610   -0.00034    0.00070          5  0.000e+00
      26541   1105.833     69.763     70.232    21.5597    21.5603   5.113166   5.113355     2.7460     2.3370      60.88   26.05914  -96.32610   -0.00034    0.00067          5  0.000e+00
      26542   1105.875     69.811     70.280    21.5676    21.5613   5.113727   5.113446     2.7460     2.3370      60.88   26.05914  -96.32610   -0.00035    0.00065          5  0.000e+00
      26543   1105.917     69.818     70.287    21.5708    21.5604   5.114034   5.113339     2.7460     2.3358      63.39   26.05914  -96.32610   -0.00035    0.00060          5  0.000e+00
      26544   1105.958     69.811     70.280    21.5725    21.5590   5.114258   5.113211     2.7448     2.3358      88.21   26.05914  -96.32610   -0.00038    0.00056          5  0.000e+00
      26545   1106.000     69.818     70.287    21.5727    21.5594   5.114243   5.113188     2.7460     2.3370     100.00   26.05914  -96.32610   -0.00038    0.00053          5  0.000e+00
      26546   1106.042     69.811     70.280    21.5685    21.5606   5.114124   5.113347     2.7448     2.3370     100.00   26.05914  -96.32610   -0.00040    0.00050          5  0.000e+00
      26547   1106.083     69.818     70.287    21.5662    21.5627   5.113997   5.113559     2.7460     2.3370     100.00   26.05914  -96.32610   -0.00040    0.00048          5  0.000e+00
      26548   1106.125     69.858     70.328    21.5660    21.5643   5.113967   5.113673     2.7460     2.3370     100.00   26.05914  -96.32610   -0.00041    0.00045          5  0.000e+00
      26549   1106.167     69.818     70.287    21.5669    21.5635   5.113967   5.113627     2.7448     2.3370      99.98   26.05914  -96.32610   -0.00043    0.00042          5  0.000e+00
      26550   1106.208     69.811     70.280    21.5674    21.5629   5.113997   5.113514     2.7460     2.3370     100.00   26.05914  -96.32610   -0.00043    0.00041          5  0.000e+00
      26551   1106.250     69.865     70.335    21.5686    21.5629   5.114072   5.113544     2.7460     2.3370     100.00   26.05914  -96.32610   -0.00043    0.00038          5  0.000e+00
      26552   1106.292     69.858     70.328    21.5694    21.5633   5.114027   5.113635     2.7460     2.3382     100.00   26.05914  -96.32610   -0.00041    0.00039          5  0.000e+00
      26553   1106.333     69.818     70.287    21.5690    21.5648   5.113944   5.113862     2.7460     2.3382     100.00   26.05914  -96.32610   -0.00042    0.00039          5  0.000e+00
      26554   1106.375     69.858     70.328    21.5688    21.5649   5.113862   5.113885     2.7460     2.3382     100.00   26.05914  -96.32610   -0.00042    0.00040          5  0.000e+00
      26555   1106.417     69.818     70.287    21.5681    21.5638   5.113802   5.113772     2.7460     2.3382     100.00   26.05914  -96.32610   -0.00040    0.00040          5  0.000e+00
      26556   1106.458     69.858     70.328    21.5681    21.5656   5.113855   5.113862     2.7460     2.3382     100.00   26.05914  -96.32610   -0.00040    0.00039          5  0.000e+00
      26557   1106.500     69.818     70.287    21.5681    21.5701   5.113907   5.114257     2.7473     2.3382     100.00   26.05914  -96.32610   -0.00038    0.00038          5  0.000e+00
      26558   1106.542     69.858     70.328    21.5685    21.5748   5.113952   5.114628     2.7460     2.3394     100.00   26.05914  -96.32610   -0.00038    0.00038          5  0.000e+00
      26559   1106.583     69.865     70.335    21.5690    21.5780   5.113967   5.114909     2.7460     2.3394     100.00   26.05914  -96.32610   -0.00038    0.00038          5  0.000e+00
      26560   1106.625     69.811     70.280    21.5692    21.5797   5.114027   5.115106     2.7473     2.3394     100.00   26.05914  -96.32610   -0.00036    0.00038          5  0.000e+00
      26561   1106.667     69.865     70.335    21.5692    21.5800   5.113982   5.115129     2.7460     2.3394     100.00   26.05914  -96.32610   -0.00035    0.00038          5  0.000e+00
      26562   1106.708     69.858     70.328    21.5684    21.5800   5.113997   5.115204     2.7460     2.3394     100.00   26.05914  -96.32610   -0.00035    0.00038          5  0.000e+00
      26563   1106.750     69.818     70.287    21.5681    21.5807   5.113944   5.115235     2.7460     2.3394     100.00   26.05914  -96.32610   -0.00033    0.00038          5  0.000e+00
      26564   1106.792     69.858     70.328    21.5671    21.5810   5.113862   5.115265     2.7460     2.3394     100.00   26.05914  -96.32610   -0.00033    0.00037          5  0.000e+00
      26565   1106.833     69.818     70.287    21.5672    21.5818   5.113772   5.115371     2.7448     2.3394     100.00   26.05914  -96.32610   -0.00034    0.00037          5  0.000e+00
      26566   1106.875     69.858     70.328    21.5660    21.5823   5.113780   5.115432     2.7460     2.3394     100.00   26.05914  -96.32610   -0.00034    0.00036          5  0.000e+00
      26567   1106.917     69.818     70.287    21.5653    21.5830   5.113825   5.115477     2.7448     2.3407     100.00   26.05914  -96.32610   -0.00035    0.00038          5  0.000e+00
      26568   1106.958     69.811     70.280    21.5665    21.5834   5.113997   5.115530     2.7460     2.3407     100.00   26.05914  -96.32610   -0.00034    0.00039          5  0.000e+00
      26569   1107.000     69.818     70.287    21.5690    21.5839   5.114244   5.115568     2.7460     2.3394     100.00   26.05914  -96.32610   -0.00034    0.00038          5  0.000e+00
      26570   1107.042     69.811     70.280    21.5724    21.5841   5.114535   5.115545     2.7460     2.3394     100.00   26.05914  -96.32610   -0.00033    0.00037          5  0.000e+00
      26571   1107.083     69.818     70.287    21.5753    21.5843   5.114797   5.115629     2.7448     2.3394     100.00   26.05914  -96.32610   -0.00034    0.00035          5  0.000e+00
