GOMECC/GOMECC-4/1db/rb2103_0201.cnv
* Sea-Bird SBE 9 Data File:
* FileName = C:\Users\scs.user.rb\CTD\GOMECC4\data\rb2103_0201.hex
* Software Version Seasave V 7.26.7.107
* Temperature SN = 4799
* Conductivity SN = 3860
* Number of Bytes Per Scan = 41
* Number of Voltage Words = 4
* Number of Scans Averaged by the Deck Unit = 1
* NMEA Latitude = 29 22.66 N
* NMEA Longitude = 085 30.54 W
* NMEA UTC (Time) = Sep 20 2021  19:24:08
* NMEA baud rate = 4800
# nquan = 28
# nvalues = 19                          
# units = specified
# name 0 = scan: Scan Count
# name 1 = timeS: Time, Elapsed [seconds]
# name 2 = depSM: Depth [salt water, m]
# name 3 = prDM: Pressure, Digiquartz [db]
# name 4 = t090C: Temperature [ITS-90, deg C]
# name 5 = t190C: Temperature, 2 [ITS-90, deg C]
# name 6 = c0S/m: Conductivity [S/m]
# name 7 = c1S/m: Conductivity, 2 [S/m]
# name 8 = sbeox0V: Oxygen raw, SBE 43 [V]
# name 9 = sbeox1V: Oxygen raw, SBE 43, 2 [V]
# name 10 = altM: Altimeter [m]
# name 11 = latitude: Latitude [deg]
# name 12 = longitude: Longitude [deg]
# name 13 = sbox0dV/dT: Oxygen, SBE 43 [dov/dt]
# name 14 = sbox1dV/dT: Oxygen, SBE 43, 2 [dov/dt]
# name 15 = sbeox0ML/L: Oxygen, SBE 43 [ml/l], WS = 5
# name 16 = sbeox1ML/L: Oxygen, SBE 43, 2 [ml/l], WS = 5
# name 17 = potemp090C: Potential Temperature [ITS-90, deg C]
# name 18 = potemp190C: Potential Temperature, 2 [ITS-90, deg C]
# name 19 = sal00: Salinity, Practical [PSU]
# name 20 = sal11: Salinity, Practical, 2 [PSU]
# name 21 = sigma-é00: Density [sigma-theta, kg/m^3]
# name 22 = sigma-é11: Density, 2 [sigma-theta, kg/m^3]
# name 23 = avgsvCM: Average Sound Velocity [Chen-Millero, m/s], minP = 20, minS = 20
# name 24 = sbox0Mm/Kg: Oxygen, SBE 43 [umol/kg], WS = 5
# name 25 = sbox1Mm/Kg: Oxygen, SBE 43, 2 [umol/kg], WS = 5
# name 26 = nbin: number of scans per bin
# name 27 = flag: flag
# span 0 =       9360,      20454       
# span 1 =    389.949,    852.195       
# span 2 =      1.987,     22.843       
# span 3 =      2.000,     23.000       
# span 4 =    27.9451,    29.0437       
# span 5 =    27.9220,    29.0342       
# span 6 =   5.357916,   5.700946       
# span 7 =   5.333500,   5.705007       
# span 8 =     2.7520,     3.1654       
# span 9 =     2.3023,     2.7199       
# span 10 =      11.06,      31.21      
# span 11 =   29.17313,   29.77964      
# span 12 =  -86.67704,  -84.91178      
# span 13 =   -0.00839,    0.00734      
# span 14 =   -0.00774,    0.00664      
# span 15 =     3.6998,     4.5360      
# span 16 =     3.6736,     4.5905      
# span 17 =    27.9437,    29.0382      
# span 18 =    27.9206,    29.0287      
# span 19 =    33.0783,    34.9485      
# span 20 =    32.9782,    34.9835      
# span 21 =    20.9322,    22.0717      
# span 22 =    20.8711,    22.1011      
# span 23 =       0.00,    1563.70      
# span 24 =    161.702,    198.409      
# span 25 =    160.553,    200.791      
# span 26 =         32,         67      
# span 27 = 0.0000e+00, 0.0000e+00      
# interval = decibars: 1                
# start_time = Sep 20 2021 19:24:08 [NMEA time, header]
# bad_flag = -9.990e-29
*END*
       9360    389.949      3.973      4.000    28.1167    28.1157   5.365004   5.368479     3.1535     2.6869      29.74   29.37786  -85.50863   -0.00021    0.00006     4.5234     4.5366    28.1155    28.1147    33.1168    33.1404    20.9417    20.9596       0.00    197.874    198.445         38 0.0000e+00
       9482    395.059      4.966      5.000    28.1169    28.1072   5.385180   5.384325     3.1491     2.6848      28.83   29.37785  -85.50862   -0.00131   -0.00011     4.5124     4.5305    28.1157    28.1060    33.2563    33.2572    21.0464    21.0501       0.00    197.370    198.163         44 0.0000e+00
       9555    398.074      5.959      6.000    28.1171    28.1184   5.388281   5.388913     3.1487     2.6840      27.74   29.37785  -85.50860   -0.00025    0.00037     4.5120     4.5283    28.1157    28.1170    33.2680    33.2741    21.0552    21.0593       0.00    197.351    198.060         52 0.0000e+00
       9629    401.168      6.953      7.000    28.1156    28.1149   5.392322   5.390874     3.1467     2.6827      26.84   29.37786  -85.50860   -0.00065   -0.00052     4.5077     4.5258    28.1140    28.1133    33.3058    33.2963    21.0841    21.0772       0.00    197.159    197.950         43 0.0000e+00
       9690    403.704      7.946      8.000    28.1078    28.1102   5.393412   5.393389     3.1449     2.6833      26.04   29.37786  -85.50860   -0.00021    0.00066     4.5053     4.5273    28.1059    28.1083    33.3189    33.3170    21.0965    21.0944       0.00    197.049    198.014         49 0.0000e+00
       9755    406.420      8.939      9.000    28.1072    28.1058   5.399753   5.399333     3.1409     2.6777      24.90   29.37785  -85.50860   -0.00141   -0.00163     4.4973     4.5155    28.1051    28.1037    33.3631    33.3591    21.1300    21.1276       0.00    196.693    197.491         67 0.0000e+00
       9809    408.659      9.932     10.000    28.1118    28.1103   5.402204   5.401805     3.1410     2.6766      24.04   29.37786  -85.50860   -0.00116   -0.00107     4.4974     4.5131    28.1094    28.1080    33.3766    33.3748    21.1388    21.1379       0.00    196.695    197.383         44 0.0000e+00
       9865    410.985     10.925     11.000    28.1278    28.1185   5.406241   5.404189     3.1420     2.6750      23.00   29.37786  -85.50860    0.00079   -0.00070     4.4977     4.5088    28.1252    28.1159    33.3926    33.3839    21.1456    21.1421       0.00    196.707    197.193         63 0.0000e+00
       9922    413.373     11.919     12.000    28.2040    28.1906   5.423201   5.421281     3.1441     2.6780      22.03   29.37786  -85.50860    0.00062    0.00062     4.4945     4.5115    28.2011    28.1877    33.4715    33.4572    21.1802    21.1738       0.00    196.563    197.305         50 0.0000e+00
       9975    415.567     12.912     13.000    28.2285    28.2277   5.434196   5.433833     3.1430     2.6780      21.13   29.37786  -85.50858    0.00021    0.00134     4.4898     4.5054    28.2255    28.2247    33.5155    33.5133    21.2052    21.2038       0.00    196.350    197.034         59 0.0000e+00
      10034    418.027     13.905     14.000    28.3060    28.3033   5.456068   5.455420     3.1351     2.6667      20.04   29.37786  -85.50858   -0.00195   -0.00353     4.4672     4.4746    28.3027    28.3000    33.6114    33.6089    21.2520    21.2510       0.00    195.354    195.675         54 0.0000e+00
      10085    420.173     14.898     15.000    28.4008    28.4008   5.481243   5.481285     3.1207     2.6555      19.10   29.37786  -85.50858   -0.00570   -0.00506     4.4310     4.4423    28.3972    28.3972    33.7182    33.7184    21.3012    21.3014       0.00    193.762    194.255         49 0.0000e+00
      10879    453.262     20.857     21.000    28.8583    28.8594   5.640903   5.641165     2.8372     2.3928      13.23   29.46832  -85.77180   -0.00839   -0.00774     3.8654     3.8647    28.8533    28.8543    34.5412    34.5422    21.7852    21.7856    1543.92    168.961    168.927         32 0.0000e+00
      13920    579.938     22.843     23.000    29.0437    29.0342   5.700946   5.705007     2.7520     2.3023      11.06   29.69632  -86.43508    0.00396   -0.00050     3.6998     3.6736    29.0382    29.0287    34.9485    34.9835    22.0717    22.1011    1559.33    161.702    160.553         33 0.0000e+00
      14297    595.663     18.871     19.000    28.7825    28.7828   5.635949   5.637577     2.7650     2.3408      14.69   29.39804  -85.56686    0.00734    0.00664     3.7424     3.7609    28.7780    28.7783    34.5102    34.5202    21.7734    21.7813    1543.67    163.574    164.384         44 0.0000e+00
      17497    728.996      5.959      6.000    27.9451    27.9220   5.357916   5.333500     3.1216     2.6648      27.08   29.17313  -84.91178    0.00027   -0.00027     4.4676     4.4976    27.9437    27.9206    33.0783    32.9782    20.9322    20.8711    1531.86    195.403    196.728         36 0.0000e+00
      18209    758.687      3.973      4.000    28.4910    28.4835   5.451032   5.448020     3.1654     2.7199      29.83   29.77964  -86.67704    0.00103   -0.00027     4.5360     4.5905    28.4900    28.4826    33.6645    33.6447    21.3025    21.2901    1563.70    198.409    200.791         35 0.0000e+00
      19310    804.550      2.979      3.000    28.0999    28.0964   5.370409   5.369421     3.1493     2.6818      30.22   29.37794  -85.50766    0.00061   -0.00064     4.5153     4.5266    28.0992    28.0957    33.1662    33.1618    20.9840    20.9819    1542.61    197.507    198.001         57 0.0000e+00
      20454    852.195      1.987      2.000    28.0905    28.0927   5.365838   5.366347     3.1504     2.6874      31.21   29.37796  -85.50755   -0.00015   -0.00101     4.5181     4.5383    28.0900    28.0923    33.1413    33.1433    20.9683    20.9691    1542.61    197.632    198.519         41 0.0000e+00
