GOMECC/GOMECC-4/1db/rb2103_0511.cnv
* Sea-Bird SBE 9 Data File:
* FileName = C:\Users\scs.user.rb\CTD\GOMECC4\data\rb2103_0511.hex
* Software Version Seasave V 7.26.7.107
* Temperature SN = 4799
* Conductivity SN = 3860
* Number of Bytes Per Scan = 41
* Number of Voltage Words = 4
* Number of Scans Averaged by the Deck Unit = 1
* NMEA Latitude = 27 41.47 N
* NMEA Longitude = 094 13.19 W
* NMEA UTC (Time) = Sep 27 2021  19:13:13
* NMEA baud rate = 4800
# nquan = 28
# nvalues = 323                         
# units = specified
# name 0 = scan: Scan Count
# name 1 = timeS: Time, Elapsed [seconds]
# name 2 = depSM: Depth [salt water, m]
# name 3 = prDM: Pressure, Digiquartz [db]
# name 4 = t090C: Temperature [ITS-90, deg C]
# name 5 = t190C: Temperature, 2 [ITS-90, deg C]
# name 6 = c0S/m: Conductivity [S/m]
# name 7 = c1S/m: Conductivity, 2 [S/m]
# name 8 = sbeox0V: Oxygen raw, SBE 43 [V]
# name 9 = sbeox1V: Oxygen raw, SBE 43, 2 [V]
# name 10 = altM: Altimeter [m]
# name 11 = latitude: Latitude [deg]
# name 12 = longitude: Longitude [deg]
# name 13 = sbox0dV/dT: Oxygen, SBE 43 [dov/dt]
# name 14 = sbox1dV/dT: Oxygen, SBE 43, 2 [dov/dt]
# name 15 = sbeox0ML/L: Oxygen, SBE 43 [ml/l], WS = 5
# name 16 = sbeox1ML/L: Oxygen, SBE 43, 2 [ml/l], WS = 5
# name 17 = potemp090C: Potential Temperature [ITS-90, deg C]
# name 18 = potemp190C: Potential Temperature, 2 [ITS-90, deg C]
# name 19 = sal00: Salinity, Practical [PSU]
# name 20 = sal11: Salinity, Practical, 2 [PSU]
# name 21 = sigma-é00: Density [sigma-theta, kg/m^3]
# name 22 = sigma-é11: Density, 2 [sigma-theta, kg/m^3]
# name 23 = avgsvCM: Average Sound Velocity [Chen-Millero, m/s], minP = 20, minS = 20
# name 24 = sbox0Mm/Kg: Oxygen, SBE 43 [umol/kg], WS = 5
# name 25 = sbox1Mm/Kg: Oxygen, SBE 43, 2 [umol/kg], WS = 5
# name 26 = nbin: number of scans per bin
# name 27 = flag: flag
# span 0 =       9619,      55821       
# span 1 =    400.762,   2325.833       
# span 2 =      1.987,    276.964       
# span 3 =      2.000,    279.000       
# span 4 =    13.1683,    29.2874       
# span 5 =    13.1731,    29.2769       
# span 6 =   4.194022,   5.891450       
# span 7 =   4.194278,   5.891224       
# span 8 =     1.7183,     3.2103       
# span 9 =     1.4125,     2.7524       
# span 10 =       9.54,     102.58      
# span 11 =   27.53619,   28.09643      
# span 12 =  -95.59755,  -93.69134      
# span 13 =   -0.04865,    0.03905      
# span 14 =   -0.04460,    0.03632      
# span 15 =     2.5225,     4.8766      
# span 16 =     2.5413,     4.8953      
# span 17 =    13.1294,    29.2848      
# span 18 =    13.1343,    29.2743      
# span 19 =    35.4550,    36.4740      
# span 20 =    35.4596,    36.4755      
# span 21 =    22.4829,    26.9164      
# span 22 =    22.4860,    26.9164      
# span 23 =       0.00,    1545.03      
# span 24 =    109.779,    212.590      
# span 25 =    110.598,    213.412      
# span 26 =         30,         69      
# span 27 = 0.0000e+00, 0.0000e+00      
# interval = decibars: 1                
# start_time = Sep 27 2021 19:13:13 [NMEA time, header]
# bad_flag = -9.990e-29
*END*
[from data line 311]
      50743   2114.234     17.880     18.000    28.8431    28.8451   5.810346   5.810465     3.1132     2.6448      95.68   27.69156  -94.21998   -0.00033    0.00027     4.3368     4.3420    28.8387    28.8407    35.6728    35.6721    22.6233    22.6221    1522.77    189.399    189.624         42 0.0000e+00
      50764   2115.127     14.900     15.000    28.6811    28.6822   5.775055   5.775842     3.0963     2.6314      96.21   27.53619  -93.69134    0.00018   -0.00114     4.3125     4.3192    28.6775    28.6786    35.4550    35.4596    22.4829    22.4860    1514.23    188.338    188.628         41 0.0000e+00
      51172   2132.119     13.907     14.000    28.8437    28.8443   5.807047   5.807616     3.1153     2.6454     100.37   27.69156  -94.21999    0.00004   -0.00032     4.3390     4.3416    28.8403    28.8409    35.6507    35.6542    22.6061    22.6086    1522.77    189.497    189.610         48 0.0000e+00
      51284   2136.802     12.913     13.000    28.8468    28.8442   5.806392   5.807251     3.1130     2.6501     100.00   27.69156  -94.21999   -0.00106    0.00129     4.3355     4.3506    28.8436    28.8411    35.6451    35.6520    22.6008    22.6068    1522.77    189.344    190.001         44 0.0000e+00
      52273   2177.984     10.927     11.000    29.2874    29.2769   5.891450   5.891224     3.1591     2.6863      93.03   28.09643  -95.59755    0.00006   -0.00036     4.3952     4.4074    29.2848    29.2743    36.1535    36.1592    22.9152    22.9230    1545.03    191.952    192.487         44 0.0000e+00
      52468   2186.113      9.933     10.000    28.8743    28.8719   5.807248   5.807253     3.1156     2.6482      98.85   27.69155  -94.21998   -0.00001   -0.00039     4.3358     4.3437    28.8719    28.8695    35.6303    35.6321    22.5803    22.5824    1522.77    189.359    189.707         45 0.0000e+00
      53028   2209.453      8.940      9.000    28.8757    28.8780   5.807202   5.807502     3.1157     2.6460      89.48   27.69156  -94.21998   -0.00142   -0.00055     4.3353     4.3384    28.8736    28.8758    35.6292    35.6296    22.5789    22.5784    1522.77    189.338    189.477         46 0.0000e+00
      53192   2216.284      7.947      8.000    28.8762    28.8777   5.807156   5.807388     3.1140     2.6485      74.21   27.69156  -94.21998   -0.00124   -0.00031     4.3316     4.3429    28.8742    28.8758    35.6289    35.6294    22.5785    22.5783    1522.77    189.177    189.673         45 0.0000e+00
      53632   2234.639      4.967      5.000    28.8549    28.8558   5.802329   5.802512     3.1161     2.6507      85.52   27.66615  -94.13353   -0.00015    0.00055     4.3347     4.3459    28.8537    28.8546    35.5967    35.5973    22.5561    22.5562    1521.37    189.313    189.803         61 0.0000e+00
      54355   2264.731      3.973      4.000    28.8822    28.8831   5.807735   5.807872     3.1179     2.6497      62.51   27.69156  -94.21997   -0.00018   -0.00033     4.3361     4.3429    28.8812    28.8821    35.6296    35.6298    22.5766    22.5765    1522.77    189.376    189.671         42 0.0000e+00
      55821   2325.833      2.980      3.000    28.8864    28.8879   5.808258   5.808461     3.1181     2.6486      93.59   27.69156  -94.21996   -0.00034    0.00042     4.3357     4.3399    28.8856    28.8871    35.6304    35.6307    22.5757    22.5755    1522.77    189.357    189.540         40 0.0000e+00
      55767   2323.581      1.987      2.000    28.8852    28.8871   5.808138   5.808397     3.1189     2.6455      99.51   27.69156  -94.21996    0.00029   -0.00031     4.3367     4.3333    28.8847    28.8866    35.6308    35.6312    22.5764    22.5761    1522.77    189.401    189.250         31 0.0000e+00
