GOMECC/GOMECC-4/1db/rb2103_0471.ros
* Sea-Bird SBE 9 Data File:
* FileName = C:\Users\scs.user.rb\CTD\GOMECC4\data\rb2103_0471.hex
* Software Version Seasave V 7.26.7.107
* Temperature SN = 4799
* Conductivity SN = 3860
* Number of Bytes Per Scan = 41
* Number of Voltage Words = 4
* Number of Scans Averaged by the Deck Unit = 1
* NMEA Latitude = 28 52.63 N
* NMEA Longitude = 090 26.77 W
* NMEA UTC (Time) = Sep 26 2021  15:48:23
* NMEA baud rate = 4800
# nquan = 17
# nvalues = 931                                   
# units = specified
# name 0 = scan: Scan Count
# name 1 = timeS: Time, Elapsed [seconds]
# name 2 = depSM: Depth [salt water, m]
# name 3 = prDM: Pressure, Digiquartz [db]
# name 4 = t090C: Temperature [ITS-90, deg C]
# name 5 = t190C: Temperature, 2 [ITS-90, deg C]
# name 6 = c0S/m: Conductivity [S/m]
# name 7 = c1S/m: Conductivity, 2 [S/m]
# name 8 = sbeox0V: Oxygen raw, SBE 43 [V]
# name 9 = sbeox1V: Oxygen raw, SBE 43, 2 [V]
# name 10 = altM: Altimeter [m]
# name 11 = latitude: Latitude [deg]
# name 12 = longitude: Longitude [deg]
# name 13 = sbox0dV/dT: Oxygen, SBE 43 [dov/dt]
# name 14 = sbox1dV/dT: Oxygen, SBE 43, 2 [dov/dt]
# name 15 = nbf: Bottles Fired
# name 16 = flag:  0.000e+00
# interval = seconds: 0.0416667
# start_time = Sep 26 2021 15:48:23 [NMEA time, header]
# bad_flag = -9.990e-29
*END*
[from data line 426]
      13728    571.958      9.783      9.850    26.6891    26.6310   4.225394   4.212738     3.4176     2.9255      10.92   28.87746  -90.44652    0.00313    0.00018          4  0.000e+00
      13729    572.000      9.670      9.735    26.6883    26.6376   4.224592   4.213802     3.4176     2.9243      10.92   28.87746  -90.44652    0.00319    0.00019          4  0.000e+00
      13730    572.042      9.632      9.697    26.6698    26.6403   4.219753   4.213515     3.4164     2.9255      10.92   28.87746  -90.44652    0.00322    0.00022          4  0.000e+00
      13731    572.083      9.670      9.735    26.6466    26.6376   4.214018   4.212493     3.4164     2.9255      10.92   28.87746  -90.44652    0.00325    0.00027          4  0.000e+00
      13732    572.125      9.685      9.751    26.6511    26.6323   4.214170   4.211780     3.4164     2.9255      10.92   28.87746  -90.44652    0.00327    0.00032          4  0.000e+00
      13733    572.167      9.617      9.682    26.6607    26.6303   4.216574   4.211717     3.4164     2.9267      10.92   28.87746  -90.44652    0.00330    0.00038          4  0.000e+00
      13734    572.208      9.685      9.751    26.6687    26.6303   4.217887   4.212207     3.4164     2.9255      10.92   28.87746  -90.44652    0.00332    0.00043          4  0.000e+00
      13735    572.250      9.670      9.735    26.6567    26.6339   4.215503   4.213074     3.4164     2.9255      10.92   28.87746  -90.44652    0.00333    0.00049          4  0.000e+00
      13736    572.292      9.632      9.697    26.6293    26.6449   4.211857   4.214901     3.4164     2.9267      10.92   28.87746  -90.44652    0.00335    0.00057          4  0.000e+00
      13737    572.333      9.670      9.735    26.6272    26.6541   4.211670   4.216658     3.4164     2.9267      10.92   28.87746  -90.44652    0.00336    0.00065          4  0.000e+00
      13738    572.375      9.632      9.697    26.6301    26.6701   4.212133   4.218023     3.4164     2.9267      10.92   28.87746  -90.44652    0.00337    0.00075          4  0.000e+00
      13739    572.417      9.617      9.682    26.6275    26.6695   4.210759   4.218366     3.4164     2.9280      10.92   28.87746  -90.44652    0.00338    0.00085          4  0.000e+00
      13740    572.458      9.685      9.751    26.6225    26.6606   4.209047   4.217911     3.4151     2.9292      10.92   28.87746  -90.44652    0.00336    0.00095          4  0.000e+00
      13741    572.500      9.670      9.735    26.6176    26.6606   4.208991   4.218002     3.4151     2.9280      10.92   28.87746  -90.44652    0.00336    0.00104          4  0.000e+00
      13742    572.542      9.632      9.697    26.6219    26.6623   4.209357   4.218961     3.4164     2.9292      10.92   28.87746  -90.44652    0.00336    0.00115          4  0.000e+00
      13743    572.583      9.617      9.682    26.6143    26.6647   4.208805   4.220103     3.4164     2.9304      10.94   28.87746  -90.44652    0.00336    0.00128          4  0.000e+00
      13744    572.625      9.685      9.751    26.6070    26.6700   4.207797   4.222470     3.4164     2.9304      10.92   28.87746  -90.44652    0.00335    0.00141          4  0.000e+00
      13745    572.667      9.617      9.682    26.6004    26.6818   4.206417   4.224971     3.4151     2.9304      10.92   28.87746  -90.44652    0.00333    0.00152          4  0.000e+00
      13746    572.708      9.632      9.697    26.5915    26.6775   4.205354   4.223374     3.4151     2.9304      10.89   28.87746  -90.44652    0.00330    0.00162          4  0.000e+00
      13747    572.750      9.670      9.735    26.5897    26.6502   4.205492   4.218422     3.4151     2.9304      10.89   28.87746  -90.44652    0.00325    0.00175          4  0.000e+00
      13748    572.792      9.685      9.751    26.5958    26.6363   4.206707   4.214481     3.4139     2.9316      10.89   28.87746  -90.44652    0.00319    0.00189          4  0.000e+00
      13749    572.833      9.617      9.682    26.6049    26.6237   4.208494   4.212025     3.4139     2.9316      10.89   28.87746  -90.44652    0.00312    0.00200          4  0.000e+00
      13750    572.875      9.632      9.697    26.6141    26.6206   4.209647   4.210583     3.4127     2.9316      10.89   28.87746  -90.44652    0.00305    0.00212          4  0.000e+00
      13751    572.917      9.670      9.735    26.6243    26.6230   4.212396   4.210094     3.4139     2.9316      10.89   28.87746  -90.44652    0.00297    0.00224          4  0.000e+00
      13752    572.958      9.632      9.697    26.6461    26.6248   4.217176   4.210555     3.4127     2.9316      10.89   28.87746  -90.44652    0.00288    0.00235          4  0.000e+00
      13753    573.000      9.670      9.735    26.6627    26.6268   4.221038   4.211108     3.4115     2.9316      10.89   28.87746  -90.44652    0.00276    0.00246          4  0.000e+00
      13754    573.042      9.685      9.751    26.6707    26.6228   4.222697   4.210471     3.4115     2.9316      10.89   28.87746  -90.44652    0.00264    0.00257          4  0.000e+00
      13755    573.083      9.670      9.735    26.6758    26.6144   4.223140   4.209121     3.4103     2.9316      10.92   28.87746  -90.44652    0.00252    0.00266          4  0.000e+00
      13756    573.125      9.632      9.697    26.6769    26.6084   4.223333   4.207778     3.4103     2.9316      10.89   28.87746  -90.44652    0.00239    0.00274          4  0.000e+00
      13757    573.167      9.670      9.735    26.6783    26.6077   4.223624   4.206715     3.4090     2.9316      10.89   28.87746  -90.44652    0.00223    0.00283          4  0.000e+00
      13758    573.208      9.632      9.697    26.6809    26.6045   4.224004   4.205673     3.4090     2.9316      10.89   28.87746  -90.44652    0.00207    0.00291          4  0.000e+00
      13759    573.250      9.670      9.735    26.6840    26.6029   4.224357   4.205330     3.4078     2.9316      10.89   28.87746  -90.44652    0.00192    0.00298          4  0.000e+00
      13760    573.292      9.685      9.751    26.6889    26.6023   4.224626   4.205554     3.4066     2.9316      10.92   28.87746  -90.44652    0.00174    0.00304          4  0.000e+00
      13761    573.333      9.617      9.682    26.6878    26.6022   4.224633   4.205603     3.4066     2.9316      10.92   28.87746  -90.44652    0.00156    0.00310          4  0.000e+00
      13762    573.375      9.685      9.751    26.6836    26.6014   4.224453   4.205673     3.4054     2.9304      10.89   28.87746  -90.44652    0.00137    0.00312          4  0.000e+00
      13763    573.417      9.670      9.735    26.6854    26.6062   4.225255   4.206610     3.4054     2.9304      10.89   28.87746  -90.44652    0.00118    0.00313          4  0.000e+00
      13764    573.458      9.685      9.751    26.6931    26.6129   4.226880   4.208030     3.4042     2.9304      10.89   28.87746  -90.44652    0.00097    0.00314          4  0.000e+00
      13765    573.500      9.617      9.682    26.6887    26.6157   4.226362   4.208883     3.4029     2.9304      10.89   28.87746  -90.44652    0.00074    0.00313          4  0.000e+00
      13766    573.542      9.685      9.751    26.6765    26.6202   4.224474   4.209653     3.4029     2.9304      10.89   28.87746  -90.44652    0.00052    0.00312          4  0.000e+00
      13767    573.583      9.670      9.735    26.6743    26.6222   4.223824   4.210017     3.4017     2.9304      10.89   28.87746  -90.44652    0.00027    0.00311          4  0.000e+00
      13768    573.625      9.685      9.751    26.6782    26.6246   4.223886   4.210156     3.4017     2.9304      10.89   28.87746  -90.44652    0.00003    0.00309          4  0.000e+00
      13769    573.667      9.670      9.735    26.6840    26.6290   4.224502   4.210618     3.4005     2.9292      10.89   28.87746  -90.44652   -0.00022    0.00305          4  0.000e+00
      13770    573.708      9.632      9.697    26.6907    26.6296   4.226099   4.210982     3.3993     2.9292      10.89   28.87746  -90.44652   -0.00048    0.00301          4  0.000e+00
      13771    573.750      9.670      9.735    26.6965    26.6350   4.227690   4.211542     3.3993     2.9292      10.92   28.87746  -90.44652   -0.00075    0.00297          4  0.000e+00
      13772    573.792      9.685      9.751    26.7003    26.6394   4.228748   4.212500     3.3993     2.9292      10.92   28.87746  -90.44652   -0.00100    0.00294          4  0.000e+00
      13773    573.833      9.670      9.735    26.7054    26.6403   4.229668   4.213011     3.3993     2.9292      10.92   28.87746  -90.44652   -0.00125    0.00289          4  0.000e+00
      13774    573.875      9.632      9.697    26.7087    26.6413   4.230595   4.213179     3.3993     2.9280      10.92   28.87746  -90.44652   -0.00147    0.00282          4  0.000e+00
      13775    573.917      9.670      9.735    26.7114    26.6407   4.231169   4.213753     3.3993     2.9280      10.92   28.87746  -90.44652   -0.00170    0.00276          4  0.000e+00
      13776    573.958      9.685      9.751    26.7134    26.6431   4.231501   4.215300     3.3993     2.9280      10.92   28.87746  -90.44652   -0.00192    0.00269          4  0.000e+00
      13777    574.000      9.670      9.735    26.7147    26.6480   4.231847   4.216931     3.3993     2.9267      10.92   28.87746  -90.44652   -0.00214    0.00261          4  0.000e+00
      13778    574.042      9.632      9.697    26.7158    26.6522   4.232276   4.217729     3.3993     2.9267      10.92   28.87746  -90.44652   -0.00235    0.00253          4  0.000e+00
      13779    574.083      9.670      9.735    26.7169    26.6522   4.232712   4.217617     3.3993     2.9267      10.92   28.87746  -90.44652   -0.00255    0.00245          4  0.000e+00
      13780    574.125      9.685      9.751    26.7180    26.6510   4.233079   4.217183     3.3993     2.9255      10.92   28.87746  -90.44652   -0.00274    0.00235          4  0.000e+00
      13781    574.167      9.670      9.735    26.7189    26.6500   4.233210   4.216735     3.3993     2.9255      10.89   28.87746  -90.44652   -0.00293    0.00224          4  0.000e+00
      13782    574.208      9.685      9.751    26.7189    26.6493   4.233148   4.216329     3.4005     2.9267      10.92   28.87746  -90.44652   -0.00310    0.00215          4  0.000e+00
      13783    574.250      9.670      9.735    26.7183    26.6484   4.233169   4.216168     3.4005     2.9243      10.92   28.87746  -90.44652   -0.00326    0.00203          4  0.000e+00
      13784    574.292      9.685      9.751    26.7192    26.6493   4.233355   4.216700     3.4005     2.9243      10.92   28.87746  -90.44652   -0.00341    0.00191          4  0.000e+00
      13785    574.333      9.670      9.735    26.7236    26.6575   4.233826   4.218338     3.4005     2.9243      10.92   28.87746  -90.44652   -0.00355    0.00178          4  0.000e+00
      13786    574.375      9.685      9.751    26.7247    26.6736   4.234013   4.221041     3.4017     2.9243      10.89   28.87746  -90.44652   -0.00369    0.00166          4  0.000e+00
      13787    574.417      9.670      9.735    26.7201    26.6837   4.233701   4.223114     3.4017     2.9255      10.92   28.87746  -90.44652   -0.00381    0.00157          4  0.000e+00
      13788    574.458      9.632      9.697    26.7210    26.6844   4.234338   4.224025     3.4017     2.9243      10.92   28.87746  -90.44652   -0.00392    0.00146          4  0.000e+00
      13789    574.500      9.670      9.735    26.7269    26.6846   4.235632   4.224565     3.4017     2.9243      10.92   28.87746  -90.44652   -0.00404    0.00135          4  0.000e+00
      13790    574.542      9.685      9.751    26.7301    26.6833   4.235895   4.224614     3.4017     2.9243      10.92   28.87746  -90.44652   -0.00415    0.00124          4  0.000e+00
      13791    574.583      9.670      9.735    26.7274    26.6824   4.235266   4.224390     3.4017     2.9255      10.92   28.87746  -90.44652   -0.00426    0.00116          4  0.000e+00
      13792    574.625      9.632      9.697    26.7278    26.6809   4.235390   4.224137     3.4017     2.9255      10.89   28.87746  -90.44652   -0.00436    0.00109          4  0.000e+00
      13793    574.667      9.670      9.735    26.7267    26.6804   4.235003   4.224053     3.4017     2.9255      10.92   28.87746  -90.44652   -0.00446    0.00101          4  0.000e+00
      13794    574.708      9.685      9.751    26.7232    26.6802   4.233252   4.224039     3.4017     2.9255      10.94   28.87746  -90.44652   -0.00456    0.00095          4  0.000e+00
      13795    574.750      9.617      9.682    26.7196    26.6815   4.232110   4.224123     3.4005     2.9267      10.92   28.87746  -90.44652   -0.00466    0.00089          4  0.000e+00
      13796    574.792      9.685      9.751    26.7198    26.6838   4.231992   4.224558     3.4017     2.9255      10.94   28.87744  -90.44652   -0.00475    0.00083          4  0.000e+00
      13797    574.833      9.670      9.735    26.7198    26.6964   4.232020   4.226512     3.4017     2.9267      10.94   28.87744  -90.44652   -0.00482    0.00078          4  0.000e+00
      13798    574.875      9.632      9.697    26.7180    26.7060   4.231854   4.228517     3.4017     2.9267      10.94   28.87744  -90.44652   -0.00489    0.00074          4  0.000e+00
      13799    574.917      9.670      9.735    26.7165    26.7028   4.231460   4.228636     3.4005     2.9267      10.94   28.87744  -90.44652   -0.00498    0.00069          4  0.000e+00
      13800    574.958      9.632      9.697    26.7138    26.6959   4.231100   4.227269     3.3993     2.9267      10.92   28.87744  -90.44652   -0.00507    0.00064          4  0.000e+00
      13801    575.000      9.670      9.735    26.7112    26.6870   4.230747   4.225812     3.4005     2.9267      10.94   28.87744  -90.44652   -0.00515    0.00059          4  0.000e+00
      13802    575.042      9.632      9.697    26.7096    26.6817   4.230470   4.224971     3.4005     2.9280      10.94   28.87744  -90.44652   -0.00522    0.00056          4  0.000e+00
      13803    575.083      9.617      9.682    26.7094    26.6826   4.230214   4.224446     3.3993     2.9267      10.94   28.87744  -90.44652   -0.00531    0.00051          4  0.000e+00
      13804    575.125      9.685      9.751    26.7087    26.6804   4.229813   4.223696     3.3993     2.9280      10.94   28.87744  -90.44652   -0.00539    0.00048          4  0.000e+00
      13805    575.167      9.617      9.682    26.7080    26.6784   4.229453   4.222883     3.3980     2.9280      10.94   28.87744  -90.44652   -0.00547    0.00043          4  0.000e+00
      13806    575.208      9.632      9.697    26.7083    26.6767   4.229322   4.222323     3.3980     2.9280      10.94   28.87744  -90.44652   -0.00556    0.00038          4  0.000e+00
      13807    575.250      9.670      9.735    26.7083    26.6756   4.229439   4.221994     3.3980     2.9280      10.94   28.87744  -90.44652   -0.00563    0.00034          4  0.000e+00
      13808    575.292      9.579      9.644    26.7071    26.6738   4.229294   4.221616     3.3980     2.9280      10.92   28.87744  -90.44652   -0.00569    0.00030          4  0.000e+00
      13809    575.333      9.670      9.735    26.7047    26.6699   4.228976   4.221048     3.3968     2.9280      10.94   28.87744  -90.44652   -0.00577    0.00027          4  0.000e+00
      13810    575.375      9.632      9.697    26.7059    26.6665   4.229066   4.220593     3.3968     2.9267      10.92   28.87744  -90.44652   -0.00584    0.00021          4  0.000e+00
      13811    575.417      9.617      9.682    26.7076    26.6661   4.229536   4.220467     3.3968     2.9267      10.94   28.87744  -90.44652   -0.00589    0.00015          4  0.000e+00
