GOMECC/GOMECC-4/1db/rb2103_0501.ros
* Sea-Bird SBE 9 Data File:
* FileName = C:\Users\scs.user.rb\CTD\GOMECC4\data\rb2103_0501.hex
* Software Version Seasave V 7.26.7.107
* Temperature SN = 4799
* Conductivity SN = 3860
* Number of Bytes Per Scan = 41
* Number of Voltage Words = 4
* Number of Scans Averaged by the Deck Unit = 1
* NMEA Latitude = 27 52.19 N
* NMEA Longitude = 093 49.83 W
* NMEA UTC (Time) = Sep 27 2021  14:48:27
* NMEA baud rate = 4800
# nquan = 17
# nvalues = 1862                                  
# units = specified
# name 0 = scan: Scan Count
# name 1 = timeS: Time, Elapsed [seconds]
# name 2 = depSM: Depth [salt water, m]
# name 3 = prDM: Pressure, Digiquartz [db]
# name 4 = t090C: Temperature [ITS-90, deg C]
# name 5 = t190C: Temperature, 2 [ITS-90, deg C]
# name 6 = c0S/m: Conductivity [S/m]
# name 7 = c1S/m: Conductivity, 2 [S/m]
# name 8 = sbeox0V: Oxygen raw, SBE 43 [V]
# name 9 = sbeox1V: Oxygen raw, SBE 43, 2 [V]
# name 10 = altM: Altimeter [m]
# name 11 = latitude: Latitude [deg]
# name 12 = longitude: Longitude [deg]
# name 13 = sbox0dV/dT: Oxygen, SBE 43 [dov/dt]
# name 14 = sbox1dV/dT: Oxygen, SBE 43, 2 [dov/dt]
# name 15 = nbf: Bottles Fired
# name 16 = flag:  0.000e+00
# interval = seconds: 0.0416667
# start_time = Sep 27 2021 14:48:27 [NMEA time, header]
# bad_flag = -9.990e-29
*END*
[from data line 511]
      15592    649.625     69.598     70.075    22.0821    22.0751   5.168761   5.168216     2.7961     2.3895      23.52   27.86962  -93.82948   -0.00122   -0.00033          4  0.000e+00
      15593    649.667     69.598     70.075    22.0820    22.0751   5.168761   5.168186     2.7961     2.3895      23.52   27.86962  -93.82948   -0.00121   -0.00029          4  0.000e+00
      15594    649.708     69.538     70.014    22.0813    22.0755   5.168746   5.168231     2.7961     2.3895      23.52   27.86962  -93.82948   -0.00121   -0.00024          4  0.000e+00
      15595    649.750     69.598     70.075    22.0810    22.0756   5.168708   5.168262     2.7961     2.3895      23.52   27.86962  -93.82948   -0.00120   -0.00021          4  0.000e+00
      15596    649.792     69.598     70.075    22.0796    22.0746   5.168633   5.168171     2.7961     2.3895      23.52   27.86962  -93.82948   -0.00119   -0.00018          4  0.000e+00
      15597    649.833     69.598     70.075    22.0799    22.0735   5.168595   5.168140     2.7961     2.3883      23.52   27.86962  -93.82948   -0.00118   -0.00017          4  0.000e+00
      15598    649.875     69.598     70.075    22.0792    22.0730   5.168573   5.168094     2.7961     2.3895      23.52   27.86962  -93.82948   -0.00117   -0.00014          4  0.000e+00
      15599    649.917     69.598     70.075    22.0792    22.0738   5.168535   5.168087     2.7961     2.3895      23.52   27.86962  -93.82948   -0.00116   -0.00011          4  0.000e+00
      15600    649.958     69.598     70.075    22.0793    22.0746   5.168483   5.168056     2.7961     2.3895      23.52   27.86962  -93.82948   -0.00115   -0.00007          4  0.000e+00
      15601    650.000     69.598     70.075    22.0786    22.0753   5.168445   5.168140     2.7961     2.3895      23.52   27.86962  -93.82948   -0.00113   -0.00004          4  0.000e+00
      15602    650.042     69.651     70.128    22.0781    22.0758   5.168445   5.168231     2.7961     2.3895      23.52   27.86962  -93.82948   -0.00111   -0.00001          4  0.000e+00
      15603    650.083     69.598     70.075    22.0778    22.0751   5.168445   5.168193     2.7961     2.3895      23.52   27.86962  -93.82948   -0.00109    0.00002          4  0.000e+00
      15604    650.125     69.651     70.128    22.0779    22.0746   5.168393   5.168247     2.7973     2.3883      23.49   27.86962  -93.82948   -0.00106    0.00004          4  0.000e+00
      15605    650.167     69.598     70.075    22.0771    22.0746   5.168355   5.168353     2.7973     2.3883      23.52   27.86962  -93.82948   -0.00102    0.00006          4  0.000e+00
      15606    650.208     69.658     70.136    22.0769    22.0750   5.168287   5.168490     2.7973     2.3895      23.52   27.86962  -93.82948   -0.00098    0.00009          4  0.000e+00
      15607    650.250     69.598     70.075    22.0763    22.0762   5.168272   5.168551     2.7973     2.3895      23.52   27.86962  -93.82948   -0.00094    0.00013          4  0.000e+00
      15608    650.292     69.651     70.128    22.0752    22.0776   5.168190   5.168658     2.7961     2.3895      23.52   27.86962  -93.82948   -0.00092    0.00016          4  0.000e+00
      15609    650.333     69.651     70.128    22.0744    22.0792   5.168212   5.168719     2.7961     2.3883      23.52   27.86962  -93.82948   -0.00089    0.00018          4  0.000e+00
      15610    650.375     69.651     70.128    22.0741    22.0792   5.168160   5.168673     2.7961     2.3883      23.49   27.86962  -93.82948   -0.00086    0.00018          4  0.000e+00
      15611    650.417     69.598     70.075    22.0745    22.0787   5.168160   5.168658     2.7961     2.3883      23.44   27.86962  -93.82948   -0.00085    0.00020          4  0.000e+00
      15612    650.458     69.658     70.136    22.0748    22.0789   5.168145   5.168643     2.7961     2.3895      23.42   27.86962  -93.82948   -0.00084    0.00024          4  0.000e+00
      15654    652.208     69.878     70.357    22.0779    22.0726   5.168460   5.168018     2.7961     2.3858      23.42   27.86962  -93.82946   -0.00081   -0.00114          5  0.000e+00
      15655    652.250     69.537     70.014    22.0781    22.0726   5.168483   5.168033     2.7961     2.3858      23.42   27.86962  -93.82946   -0.00078   -0.00116          5  0.000e+00
      15656    652.292     69.492     69.968    22.0779    22.0728   5.168438   5.168132     2.7961     2.3858      23.42   27.86962  -93.82946   -0.00077   -0.00118          5  0.000e+00
      15657    652.333     69.537     70.014    22.0779    22.0731   5.168438   5.168209     2.7961     2.3858      23.42   27.86962  -93.82946   -0.00073   -0.00120          5  0.000e+00
      15658    652.375     69.537     70.014    22.0778    22.0739   5.168445   5.168254     2.7961     2.3858      23.47   27.86962  -93.82946   -0.00070   -0.00123          5  0.000e+00
      15659    652.417     69.424     69.900    22.0779    22.0740   5.168460   5.168224     2.7961     2.3871      23.54   27.86962  -93.82946   -0.00068   -0.00123          5  0.000e+00
      15660    652.458     69.537     70.014    22.0777    22.0742   5.168445   5.168277     2.7961     2.3858      23.57   27.86962  -93.82946   -0.00065   -0.00125          5  0.000e+00
      15661    652.500     69.485     69.961    22.0778    22.0762   5.168468   5.168399     2.7961     2.3871      23.57   27.86962  -93.82946   -0.00061   -0.00125          5  0.000e+00
      15662    652.542     69.492     69.968    22.0778    22.0771   5.168415   5.168528     2.7961     2.3871      23.57   27.86962  -93.82946   -0.00057   -0.00125          5  0.000e+00
      15663    652.583     69.484     69.961    22.0780    22.0783   5.168513   5.168620     2.7961     2.3858      23.57   27.86962  -93.82946   -0.00053   -0.00127          5  0.000e+00
      15664    652.625     69.484     69.961    22.0785    22.0787   5.168498   5.168650     2.7961     2.3871      23.57   27.86962  -93.82946   -0.00050   -0.00127          5  0.000e+00
      15665    652.667     69.424     69.900    22.0783    22.0792   5.168483   5.168658     2.7961     2.3871      23.57   27.86962  -93.82946   -0.00046   -0.00127          5  0.000e+00
      15666    652.708     69.484     69.961    22.0785    22.0796   5.168498   5.168643     2.7949     2.3871      23.57   27.86962  -93.82946   -0.00043   -0.00127          5  0.000e+00
      15667    652.750     69.432     69.908    22.0786    22.0794   5.168520   5.168681     2.7961     2.3871      23.57   27.86962  -93.82946   -0.00039   -0.00126          5  0.000e+00
      15668    652.792     69.484     69.961    22.0783    22.0797   5.168490   5.168764     2.7949     2.3871      23.57   27.86962  -93.82946   -0.00037   -0.00124          5  0.000e+00
      15669    652.833     69.484     69.961    22.0781    22.0817   5.168453   5.168810     2.7961     2.3883      23.57   27.86962  -93.82946   -0.00035   -0.00122          5  0.000e+00
      15670    652.875     69.424     69.900    22.0779    22.0827   5.168490   5.168909     2.7949     2.3883      23.57   27.86962  -93.82946   -0.00032   -0.00121          5  0.000e+00
      15671    652.917     69.484     69.961    22.0780    22.0829   5.168483   5.168917     2.7949     2.3883      23.57   27.86962  -93.82946   -0.00031   -0.00119          5  0.000e+00
      15672    652.958     69.424     69.900    22.0783    22.0838   5.168483   5.169039     2.7949     2.3871      23.57   27.86962  -93.82946   -0.00030   -0.00117          5  0.000e+00
      15673    653.000     69.432     69.908    22.0785    22.0862   5.168528   5.169198     2.7949     2.3871      23.57   27.86962  -93.82946   -0.00029   -0.00114          5  0.000e+00
      15674    653.042     69.484     69.961    22.0788    22.0861   5.168528   5.169252     2.7937     2.3871      23.57   27.86962  -93.82946   -0.00030   -0.00112          5  0.000e+00
      15675    653.083     69.424     69.900    22.0788    22.0872   5.168558   5.169351     2.7949     2.3871      23.57   27.86962  -93.82946   -0.00029   -0.00110          5  0.000e+00
      15676    653.125     69.484     69.961    22.0788    22.0897   5.168535   5.169480     2.7937     2.3871      23.57   27.86962  -93.82946   -0.00029   -0.00108          5  0.000e+00
      15677    653.167     69.424     69.900    22.0790    22.0900   5.168505   5.169564     2.7949     2.3871      23.57   27.86962  -93.82946   -0.00028   -0.00105          5  0.000e+00
      15678    653.208     69.432     69.908    22.0790    22.0902   5.168550   5.169663     2.7937     2.3871      23.57   27.86962  -93.82946   -0.00028   -0.00103          5  0.000e+00
      15679    653.250     69.424     69.900    22.0791    22.0920   5.168573   5.169785     2.7937     2.3871      23.57   27.86962  -93.82946   -0.00030   -0.00099          5  0.000e+00
      15680    653.292     69.484     69.961    22.0790    22.0923   5.168520   5.169770     2.7937     2.3871      23.54   27.86962  -93.82946   -0.00032   -0.00096          5  0.000e+00
      15681    653.333     69.424     69.900    22.0790    22.0918   5.168520   5.169709     2.7937     2.3871      23.57   27.86962  -93.82946   -0.00034   -0.00093          5  0.000e+00
      15682    653.375     69.424     69.900    22.0789    22.0909   5.168528   5.169625     2.7949     2.3871      23.57   27.86962  -93.82946   -0.00034   -0.00091          5  0.000e+00
      15683    653.417     69.432     69.908    22.0788    22.0886   5.168528   5.169427     2.7949     2.3858      23.57   27.86962  -93.82946   -0.00034   -0.00090          5  0.000e+00
      15684    653.458     69.424     69.900    22.0786    22.0881   5.168543   5.169252     2.7937     2.3858      23.59   27.86962  -93.82946   -0.00035   -0.00089          5  0.000e+00
      15685    653.500     69.484     69.961    22.0790    22.0878   5.168528   5.169183     2.7937     2.3858      23.61   27.86962  -93.82946   -0.00037   -0.00085          5  0.000e+00
      15686    653.542     69.424     69.900    22.0786    22.0879   5.168528   5.169198     2.7937     2.3858      23.61   27.86962  -93.82946   -0.00039   -0.00084          5  0.000e+00
      15687    653.583     69.424     69.900    22.0786    22.0865   5.168573   5.169099     2.7937     2.3858      23.61   27.86962  -93.82946   -0.00042   -0.00082          5  0.000e+00
      15688    653.625     69.484     69.961    22.0790    22.0849   5.168573   5.169046     2.7937     2.3858      23.59   27.86962  -93.82946   -0.00045   -0.00081          5  0.000e+00
      15689    653.667     69.379     69.854    22.0792    22.0853   5.168603   5.169206     2.7937     2.3858      23.61   27.86962  -93.82946   -0.00048   -0.00079          5  0.000e+00
      15690    653.708     69.484     69.961    22.0795    22.0862   5.168618   5.169275     2.7937     2.3858      23.61   27.86962  -93.82946   -0.00051   -0.00077          5  0.000e+00
      15691    653.750     69.424     69.900    22.0806    22.0867   5.168693   5.169328     2.7937     2.3858      23.61   27.86962  -93.82946   -0.00054   -0.00075          5  0.000e+00
      15692    653.792     69.424     69.900    22.0811    22.0856   5.168768   5.169244     2.7949     2.3858      23.61   27.86962  -93.82946   -0.00054   -0.00073          5  0.000e+00
      15693    653.833     69.484     69.961    22.0813    22.0838   5.168791   5.169168     2.7937     2.3871      23.61   27.86962  -93.82946   -0.00055   -0.00069          5  0.000e+00
      15694    653.875     69.432     69.908    22.0816    22.0827   5.168798   5.169000     2.7937     2.3871      23.61   27.86962  -93.82946   -0.00056   -0.00065          5  0.000e+00
      15695    653.917     69.484     69.961    22.0818    22.0817   5.168851   5.168757     2.7937     2.3858      23.61   27.86962  -93.82946   -0.00058   -0.00063          5  0.000e+00
      15696    653.958     69.424     69.900    22.0820    22.0804   5.168903   5.168627     2.7949     2.3871      23.61   27.86962  -93.82946   -0.00057   -0.00059          5  0.000e+00
      15697    654.000     69.484     69.961    22.0822    22.0790   5.168851   5.168498     2.7949     2.3871      23.61   27.86962  -93.82946   -0.00056   -0.00056          5  0.000e+00
      15698    654.042     69.424     69.900    22.0812    22.0780   5.168783   5.168445     2.7937     2.3871      23.61   27.86962  -93.82946   -0.00057   -0.00052          5  0.000e+00
      15699    654.083     69.484     69.961    22.0804    22.0771   5.168678   5.168407     2.7949     2.3871      23.61   27.86962  -93.82946   -0.00056   -0.00048          5  0.000e+00
      15700    654.125     69.432     69.908    22.0790    22.0762   5.168520   5.168315     2.7949     2.3871      23.61   27.86962  -93.82946   -0.00055   -0.00044          5  0.000e+00
      15701    654.167     69.484     69.961    22.0779    22.0751   5.168498   5.168269     2.7949     2.3871      23.61   27.86962  -93.82946   -0.00055   -0.00039          5  0.000e+00
      15702    654.208     69.484     69.961    22.0775    22.0746   5.168483   5.168170     2.7949     2.3871      23.61   27.86962  -93.82946   -0.00054   -0.00035          5  0.000e+00
      15703    654.250     69.424     69.900    22.0776    22.0742   5.168453   5.168201     2.7949     2.3871      23.61   27.86962  -93.82946   -0.00053   -0.00030          5  0.000e+00
      15704    654.292     69.484     69.961    22.0773    22.0744   5.168378   5.168209     2.7949     2.3883      23.59   27.86962  -93.82946   -0.00050   -0.00025          5  0.000e+00
      15705    654.333     69.432     69.908    22.0771    22.0742   5.168370   5.168155     2.7949     2.3871      23.59   27.86962  -93.82946   -0.00047   -0.00022          5  0.000e+00
      15706    654.375     69.484     69.961    22.0768    22.0742   5.168355   5.168201     2.7937     2.3883      23.59   27.86962  -93.82946   -0.00046   -0.00016          5  0.000e+00
      15707    654.417     69.484     69.961    22.0773    22.0758   5.168385   5.168254     2.7949     2.3883      23.59   27.86962  -93.82946   -0.00043   -0.00009          5  0.000e+00
      15708    654.458     69.484     69.961    22.0774    22.0765   5.168460   5.168315     2.7949     2.3871      23.59   27.86962  -93.82946   -0.00042   -0.00005          5  0.000e+00
      15709    654.500     69.484     69.961    22.0770    22.0760   5.168438   5.168285     2.7949     2.3871      23.57   27.86962  -93.82946   -0.00040   -0.00002          5  0.000e+00
      15710    654.542     69.484     69.961    22.0769    22.0749   5.168370   5.168201     2.7949     2.3871      23.59   27.86962  -93.82946   -0.00039    0.00002          5  0.000e+00
      15711    654.583     69.492     69.968    22.0773    22.0742   5.168355   5.168132     2.7961     2.3871      23.59   27.86962  -93.82946   -0.00036    0.00005          5  0.000e+00
      15712    654.625     69.484     69.961    22.0776    22.0737   5.168468   5.168102     2.7961     2.3871      23.59   27.86962  -93.82946   -0.00032    0.00010          5  0.000e+00
      15713    654.667     69.537     70.014    22.0782    22.0733   5.168483   5.168125     2.7961     2.3871      23.59   27.86962  -93.82946   -0.00029    0.00013          5  0.000e+00
      15714    654.708     69.484     69.961    22.0785    22.0733   5.168513   5.168140     2.7961     2.3871      23.59   27.86962  -93.82946   -0.00026    0.00016          5  0.000e+00
      15715    654.750     69.484     69.961    22.0790    22.0733   5.168558   5.168094     2.7961     2.3883      23.59   27.86962  -93.82946   -0.00023    0.00021          5  0.000e+00
      15716    654.792     69.492     69.968    22.0794    22.0733   5.168618   5.168087     2.7961     2.3883      23.59   27.86962  -93.82946   -0.00020    0.00026          5  0.000e+00
