GOMECC/GOMECC-4/1db/rb2103_0061.ros
* Sea-Bird SBE 9 Data File:
* FileName = C:\Users\scs.user.rb\CTD\GOMECC4\data\rb2103_006.hex
* Software Version Seasave V 7.26.7.107
* Temperature SN = 4799
* Conductivity SN = 3860
* Number of Bytes Per Scan = 41
* Number of Voltage Words = 4
* Number of Scans Averaged by the Deck Unit = 1
* NMEA Latitude = 26 59.43 N
* NMEA Longitude = 079 59.23 W
* NMEA UTC (Time) = Sep 15 2021  03:40:59
* NMEA baud rate = 4800
# nquan = 17
# nvalues = 1596                                  
# units = specified
# name 0 = scan: Scan Count
# name 1 = timeS: Time, Elapsed [seconds]
# name 2 = depSM: Depth [salt water, m]
# name 3 = prDM: Pressure, Digiquartz [db]
# name 4 = t090C: Temperature [ITS-90, deg C]
# name 5 = t190C: Temperature, 2 [ITS-90, deg C]
# name 6 = c0S/m: Conductivity [S/m]
# name 7 = c1S/m: Conductivity, 2 [S/m]
# name 8 = sbeox0V: Oxygen raw, SBE 43 [V]
# name 9 = sbeox1V: Oxygen raw, SBE 43, 2 [V]
# name 10 = altM: Altimeter [m]
# name 11 = latitude: Latitude [deg]
# name 12 = longitude: Longitude [deg]
# name 13 = sbox0dV/dT: Oxygen, SBE 43 [dov/dt]
# name 14 = sbox1dV/dT: Oxygen, SBE 43, 2 [dov/dt]
# name 15 = nbf: Bottles Fired
# name 16 = flag:  0.000e+00
# interval = seconds: 0.0416667
# start_time = Sep 15 2021 03:40:59 [NMEA time, header]
# bad_flag = -9.990e-29
*END*
[from data line 1192]
      31650   1318.708     20.314     20.449    29.8377    29.8391   5.893191   5.893940     3.1343     2.6642      42.44   26.99708  -79.98912   -0.00062   -0.00148          9  0.000e+00
      31651   1318.750     20.283     20.419    29.8376    29.8390   5.893198   5.893915     3.1343     2.6630      42.44   26.99708  -79.98912   -0.00062   -0.00148          9  0.000e+00
      31652   1318.792     20.344     20.479    29.8374    29.8391   5.893127   5.893956     3.1343     2.6642      42.44   26.99710  -79.98912   -0.00062   -0.00148          9  0.000e+00
      31653   1318.833     20.344     20.479    29.8376    29.8389   5.893103   5.893964     3.1343     2.6642      42.44   26.99710  -79.98912   -0.00062   -0.00148          9  0.000e+00
      31654   1318.875     20.314     20.449    29.8374    29.8388   5.893103   5.893923     3.1331     2.6630      42.44   26.99710  -79.98912   -0.00064   -0.00150          9  0.000e+00
      35571   1482.083      9.845      9.910    29.8026    29.8027   5.883710   5.884112     3.1404     2.6728      52.65   26.99796  -79.98936    0.00047    0.00154         10  0.000e+00
      35572   1482.125      9.769      9.834    29.8026    29.8026   5.883654   5.884056     3.1404     2.6728      52.65   26.99796  -79.98936    0.00049    0.00160         10  0.000e+00
      35573   1482.167      9.769      9.834    29.8028    29.8027   5.883598   5.884031     3.1404     2.6728      52.65   26.99796  -79.98936    0.00051    0.00165         10  0.000e+00
      35574   1482.208      9.958     10.024    29.8026    29.8026   5.883614   5.884064     3.1404     2.6728      52.65   26.99796  -79.98936    0.00053    0.00170         10  0.000e+00
      35575   1482.250      9.769      9.834    29.8026    29.8025   5.883630   5.884039     3.1404     2.6716      52.65   26.99796  -79.98936    0.00054    0.00173         10  0.000e+00
      35576   1482.292      9.792      9.857    29.8026    29.8026   5.883495   5.883991     3.1404     2.6716      52.65   26.99796  -79.98936    0.00056    0.00176         10  0.000e+00
      35577   1482.333      9.996     10.062    29.8028    29.8026   5.883368   5.883983     3.1404     2.6716      52.65   26.99796  -79.98936    0.00059    0.00179         10  0.000e+00
      35578   1482.375      9.731      9.796    29.8026    29.8025   5.883487   5.883983     3.1404     2.6716      52.65   26.99796  -79.98936    0.00063    0.00182         10  0.000e+00
      35579   1482.417      9.769      9.834    29.8026    29.8025   5.883503   5.883943     3.1416     2.6716      52.65   26.99796  -79.98936    0.00068    0.00185         10  0.000e+00
      35580   1482.458      9.845      9.910    29.8026    29.8027   5.883519   5.883967     3.1416     2.6703      52.65   26.99796  -79.98936    0.00073    0.00185         10  0.000e+00
      35581   1482.500      9.830      9.895    29.8026    29.8025   5.883535   5.883911     3.1416     2.6703      52.65   26.99796  -79.98936    0.00078    0.00186         10  0.000e+00
      35582   1482.542      9.905      9.971    29.8026    29.8025   5.883543   5.883887     3.1404     2.6691      52.65   26.99796  -79.98936    0.00081    0.00184         10  0.000e+00
      35583   1482.583      9.883      9.948    29.8026    29.8025   5.883607   5.883846     3.1416     2.6691      52.65   26.99796  -79.98936    0.00085    0.00182         10  0.000e+00
      35584   1482.625      9.679      9.743    29.8026    29.8027   5.883559   5.883838     3.1404     2.6691      52.65   26.99796  -79.98936    0.00088    0.00180         10  0.000e+00
      35585   1482.667      9.935     10.001    29.8028    29.8026   5.883543   5.883838     3.1404     2.6691      52.70   26.99796  -79.98936    0.00091    0.00178         10  0.000e+00
      35586   1482.708      9.731      9.796    29.8026    29.8027   5.883567   5.883870     3.1416     2.6679      52.72   26.99796  -79.98936    0.00096    0.00174         10  0.000e+00
      35587   1482.750      9.935     10.001    29.8026    29.8026   5.883479   5.883887     3.1404     2.6679      52.72   26.99796  -79.98936    0.00099    0.00171         10  0.000e+00
      35588   1482.792      9.792      9.857    29.8026    29.8027   5.883448   5.883919     3.1416     2.6679      52.72   26.99798  -79.98936    0.00103    0.00167         10  0.000e+00
      35589   1482.833      9.769      9.834    29.8026    29.8026   5.883440   5.883935     3.1416     2.6667      52.72   26.99798  -79.98936    0.00108    0.00160         10  0.000e+00
      35590   1482.875      9.905      9.971    29.8024    29.8027   5.883408   5.883895     3.1416     2.6679      52.72   26.99798  -79.98936    0.00112    0.00155         10  0.000e+00
      35591   1482.917      9.769      9.834    29.8024    29.8026   5.883392   5.883846     3.1416     2.6667      52.72   26.99798  -79.98936    0.00117    0.00148         10  0.000e+00
      35592   1482.958      9.769      9.834    29.8026    29.8027   5.883392   5.883870     3.1416     2.6667      52.72   26.99798  -79.98936    0.00121    0.00139         10  0.000e+00
      35593   1483.000      9.845      9.910    29.8024    29.8026   5.883400   5.883814     3.1416     2.6679      52.72   26.99798  -79.98936    0.00125    0.00132         10  0.000e+00
      35594   1483.042      9.830      9.895    29.8024    29.8027   5.883424   5.883822     3.1416     2.6667      52.72   26.99798  -79.98936    0.00129    0.00122         10  0.000e+00
      35595   1483.083      9.732      9.796    29.8024    29.8026   5.883440   5.883798     3.1416     2.6679      52.72   26.99798  -79.98936    0.00133    0.00115         10  0.000e+00
      35596   1483.125      9.830      9.895    29.8024    29.8028   5.883376   5.883862     3.1404     2.6679      52.72   26.99798  -79.98936    0.00134    0.00105         10  0.000e+00
      35597   1483.167      9.792      9.857    29.8026    29.8026   5.883416   5.883887     3.1404     2.6679      52.72   26.99798  -79.98936    0.00136    0.00096         10  0.000e+00
      35598   1483.208      9.830      9.895    29.8024    29.8027   5.883368   5.883846     3.1404     2.6691      52.72   26.99798  -79.98936    0.00138    0.00087         10  0.000e+00
      35599   1483.250      9.905      9.971    29.8024    29.8026   5.883384   5.883871     3.1404     2.6691      52.72   26.99798  -79.98936    0.00138    0.00078         10  0.000e+00
      35600   1483.292      9.716      9.781    29.8026    29.8027   5.883392   5.883846     3.1404     2.6691      52.72   26.99798  -79.98936    0.00138    0.00068         10  0.000e+00
      35601   1483.333      9.905      9.971    29.8022    29.8028   5.883360   5.883798     3.1404     2.6691      52.72   26.99798  -79.98936    0.00139    0.00060         10  0.000e+00
      35602   1483.375      9.716      9.781    29.8024    29.8027   5.883424   5.883718     3.1404     2.6691      52.72   26.99798  -79.98936    0.00139    0.00053         10  0.000e+00
      35603   1483.417      9.845      9.910    29.8024    29.8028   5.883368   5.883766     3.1404     2.6703      52.72   26.99798  -79.98936    0.00139    0.00045         10  0.000e+00
      35604   1483.458      9.716      9.781    29.8022    29.8028   5.883416   5.883790     3.1404     2.6703      52.72   26.99798  -79.98936    0.00139    0.00038         10  0.000e+00
      35605   1483.500      9.792      9.857    29.8024    29.8026   5.883448   5.883822     3.1416     2.6703      52.72   26.99798  -79.98936    0.00140    0.00030         10  0.000e+00
      35606   1483.542      9.883      9.948    29.8024    29.8030   5.883400   5.883798     3.1416     2.6703      52.72   26.99798  -79.98936    0.00144    0.00022         10  0.000e+00
      35607   1483.583      9.732      9.796    29.8022    29.8028   5.883392   5.883822     3.1404     2.6703      52.70   26.99798  -79.98936    0.00143    0.00012         10  0.000e+00
      35608   1483.625      9.716      9.781    29.8022    29.8027   5.883400   5.883870     3.1404     2.6703      52.72   26.99798  -79.98936    0.00143    0.00004         10  0.000e+00
      35609   1483.667      9.845      9.910    29.8022    29.8026   5.883352   5.883814     3.1404     2.6691      52.70   26.99798  -79.98936    0.00141   -0.00006         10  0.000e+00
      35610   1483.708      9.830      9.895    29.8021    29.8027   5.883344   5.883862     3.1404     2.6691      52.65   26.99798  -79.98936    0.00140   -0.00015         10  0.000e+00
      35611   1483.750      9.626      9.690    29.8020    29.8028   5.883352   5.883886     3.1404     2.6691      52.65   26.99798  -79.98936    0.00138   -0.00023         10  0.000e+00
      35612   1483.792      9.883      9.948    29.8022    29.8027   5.883344   5.883846     3.1392     2.6691      52.65   26.99798  -79.98936    0.00134   -0.00030         10  0.000e+00
      35613   1483.833      9.769      9.834    29.8019    29.8030   5.883416   5.883798     3.1404     2.6691      52.65   26.99798  -79.98936    0.00131   -0.00039         10  0.000e+00
      35614   1483.875      9.732      9.796    29.8021    29.8028   5.883376   5.883822     3.1404     2.6691      52.65   26.99798  -79.98936    0.00128   -0.00046         10  0.000e+00
      35615   1483.917      9.769      9.834    29.8019    29.8028   5.883416   5.883798     3.1404     2.6691      52.65   26.99798  -79.98936    0.00126   -0.00053         10  0.000e+00
      35616   1483.958      9.792      9.857    29.8021    29.8025   5.883408   5.883790     3.1404     2.6691      52.65   26.99798  -79.98936    0.00123   -0.00058         10  0.000e+00
      35617   1484.000      9.830      9.895    29.8021    29.8028   5.883400   5.883790     3.1404     2.6691      52.65   26.99798  -79.98936    0.00120   -0.00065         10  0.000e+00
      35618   1484.042      9.732      9.796    29.8021    29.8027   5.883392   5.883790     3.1416     2.6691      52.65   26.99798  -79.98936    0.00119   -0.00070         10  0.000e+00
      35619   1484.083      9.883      9.948    29.8017    29.8026   5.883321   5.883862     3.1416     2.6691      52.65   26.99798  -79.98936    0.00119   -0.00076         10  0.000e+00
      35620   1484.125      9.679      9.743    29.8019    29.8027   5.883297   5.883886     3.1416     2.6703      52.65   26.99798  -79.98936    0.00119   -0.00079         10  0.000e+00
      35621   1484.167      9.769      9.834    29.8019    29.8028   5.883368   5.883887     3.1416     2.6703      52.65   26.99798  -79.98936    0.00117   -0.00083         10  0.000e+00
      35622   1484.208      9.732      9.796    29.8021    29.8027   5.883400   5.883919     3.1404     2.6703      52.65   26.99798  -79.98936    0.00114   -0.00086         10  0.000e+00
      35623   1484.250      9.883      9.948    29.8019    29.8026   5.883392   5.883967     3.1404     2.6703      52.65   26.99798  -79.98936    0.00110   -0.00092         10  0.000e+00
      35624   1484.292      9.732      9.796    29.8021    29.8027   5.883392   5.883983     3.1416     2.6716      52.65   26.99798  -79.98936    0.00106   -0.00094         10  0.000e+00
      35625   1484.333      9.656      9.720    29.8021    29.8026   5.883360   5.883911     3.1416     2.6716      52.65   26.99798  -79.98936    0.00102   -0.00096         10  0.000e+00
      35626   1484.375      9.845      9.910    29.8021    29.8027   5.883376   5.883887     3.1416     2.6716      52.65   26.99798  -79.98936    0.00098   -0.00100         10  0.000e+00
      35627   1484.417      9.656      9.720    29.8019    29.8028   5.883360   5.883919     3.1416     2.6716      52.65   26.99798  -79.98936    0.00094   -0.00102         10  0.000e+00
      35628   1484.458      9.792      9.857    29.8021    29.8027   5.883424   5.883967     3.1416     2.6716      52.65   26.99798  -79.98936    0.00089   -0.00106         10  0.000e+00
      35629   1484.500      9.830      9.895    29.8019    29.8025   5.883400   5.883943     3.1416     2.6728      52.65   26.99798  -79.98936    0.00085   -0.00106         10  0.000e+00
      35630   1484.542      9.626      9.690    29.8021    29.8028   5.883392   5.883935     3.1416     2.6728      52.65   26.99798  -79.98936    0.00080   -0.00107         10  0.000e+00
      35631   1484.583      9.883      9.948    29.8021    29.8026   5.883360   5.883935     3.1416     2.6728      52.65   26.99798  -79.98936    0.00076   -0.00108         10  0.000e+00
      35632   1484.625      9.716      9.781    29.8021    29.8027   5.883344   5.883967     3.1416     2.6740      52.65   26.99798  -79.98936    0.00073   -0.00106         10  0.000e+00
      35633   1484.667      9.845      9.910    29.8021    29.8030   5.883384   5.883983     3.1404     2.6740      52.65   26.99798  -79.98936    0.00068   -0.00103         10  0.000e+00
      35634   1484.708      9.603      9.667    29.8021    29.8028   5.883321   5.884015     3.1404     2.6740      52.65   26.99798  -79.98936    0.00061   -0.00101         10  0.000e+00
      35635   1484.750      9.905      9.971    29.8021    29.8026   5.883329   5.884031     3.1404     2.6740      52.63   26.99798  -79.98936    0.00055   -0.00099         10  0.000e+00
      35636   1484.792      9.656      9.720    29.8019    29.8028   5.883344   5.884064     3.1404     2.6740      52.65   26.99798  -79.98938    0.00049   -0.00096         10  0.000e+00
      35637   1484.833      9.792      9.857    29.8021    29.8028   5.883273   5.884039     3.1404     2.6752      52.63   26.99798  -79.98938    0.00045   -0.00091         10  0.000e+00
      35638   1484.875      9.716      9.781    29.8021    29.8027   5.883352   5.884031     3.1404     2.6752      52.63   26.99798  -79.98938    0.00040   -0.00085         10  0.000e+00
      35639   1484.917      9.679      9.743    29.8021    29.8028   5.883321   5.884064     3.1404     2.6752      52.65   26.99798  -79.98938    0.00034   -0.00078         10  0.000e+00
      35640   1484.958      9.830      9.895    29.8022    29.8028   5.883337   5.884039     3.1404     2.6752      52.65   26.99798  -79.98938    0.00028   -0.00073         10  0.000e+00
      35641   1485.000      9.792      9.857    29.8021    29.8026   5.883305   5.884104     3.1404     2.6752      52.63   26.99798  -79.98938    0.00023   -0.00066         10  0.000e+00
      35642   1485.042      9.656      9.720    29.8021    29.8028   5.883257   5.884128     3.1416     2.6764      52.63   26.99798  -79.98938    0.00021   -0.00058         10  0.000e+00
      35643   1485.083      9.792      9.857    29.8021    29.8028   5.883209   5.884088     3.1416     2.6752      52.65   26.99798  -79.98938    0.00018   -0.00049         10  0.000e+00
      35644   1485.125      9.769      9.834    29.8021    29.8030   5.883233   5.884152     3.1416     2.6752      52.65   26.99798  -79.98938    0.00017   -0.00041         10  0.000e+00
      35645   1485.167      9.732      9.796    29.8024    29.8030   5.883209   5.884176     3.1416     2.6764      52.63   26.99798  -79.98938    0.00015   -0.00030         10  0.000e+00
      35646   1485.208      9.716      9.781    29.8024    29.8030   5.883201   5.884208     3.1416     2.6764      52.63   26.99798  -79.98938    0.00014   -0.00020         10  0.000e+00
      35647   1485.250      9.732      9.796    29.8024    29.8030   5.883233   5.884225     3.1416     2.6764      52.63   26.99798  -79.98938    0.00013   -0.00008         10  0.000e+00
      35648   1485.292      9.883      9.948    29.8024    29.8032   5.883210   5.884225     3.1429     2.6764      52.65   26.99798  -79.98938    0.00013    0.00003         10  0.000e+00
      35649   1485.333      9.732      9.796    29.8022    29.8032   5.883130   5.884225     3.1429     2.6764      52.65   26.99798  -79.98938    0.00013    0.00015         10  0.000e+00
