GOMECC/GOMECC-4/1db/rb2103_0151.ros
* Sea-Bird SBE 9 Data File:
* FileName = C:\Users\scs.user.rb\CTD\GOMECC4\data\rb2103_0151.hex
* Software Version Seasave V 7.26.7.107
* Temperature SN = 4799
* Conductivity SN = 3860
* Number of Bytes Per Scan = 41
* Number of Voltage Words = 4
* Number of Scans Averaged by the Deck Unit = 1
* NMEA Latitude = 27 19.93 N
* NMEA Longitude = 084 00.24 W
* NMEA UTC (Time) = Sep 19 2021  03:18:27
* NMEA baud rate = 4800
# nquan = 17
# nvalues = 1197                                  
# units = specified
# name 0 = scan: Scan Count
# name 1 = timeS: Time, Elapsed [seconds]
# name 2 = depSM: Depth [salt water, m]
# name 3 = prDM: Pressure, Digiquartz [db]
# name 4 = t090C: Temperature [ITS-90, deg C]
# name 5 = t190C: Temperature, 2 [ITS-90, deg C]
# name 6 = c0S/m: Conductivity [S/m]
# name 7 = c1S/m: Conductivity, 2 [S/m]
# name 8 = sbeox0V: Oxygen raw, SBE 43 [V]
# name 9 = sbeox1V: Oxygen raw, SBE 43, 2 [V]
# name 10 = altM: Altimeter [m]
# name 11 = latitude: Latitude [deg]
# name 12 = longitude: Longitude [deg]
# name 13 = sbox0dV/dT: Oxygen, SBE 43 [dov/dt]
# name 14 = sbox1dV/dT: Oxygen, SBE 43, 2 [dov/dt]
# name 15 = nbf: Bottles Fired
# name 16 = flag:  0.000e+00
# interval = seconds: 0.0416667
# start_time = Sep 19 2021 03:18:27 [NMEA time, header]
# bad_flag = -9.990e-29
*END*
[from data line 681]
      36197   1508.167     20.564     20.702    29.0440    29.0473   5.827615   5.828039     3.1331     2.6606      49.87   27.33384  -83.99962    0.00008   -0.00011          6  0.000e+00
      36198   1508.208     20.534     20.671    29.0438    29.0475   5.827631   5.828103     3.1331     2.6618      49.89   27.33384  -83.99962    0.00010   -0.00016          6  0.000e+00
      36199   1508.250     20.564     20.702    29.0437    29.0476   5.827591   5.828087     3.1331     2.6618      49.87   27.33384  -83.99962    0.00010   -0.00021          6  0.000e+00
      36200   1508.292     20.511     20.648    29.0430    29.0476   5.827583   5.828111     3.1331     2.6618      49.89   27.33384  -83.99962    0.00010   -0.00026          6  0.000e+00
      36201   1508.333     20.511     20.648    29.0427    29.0476   5.827615   5.828055     3.1331     2.6618      49.99   27.33384  -83.99962    0.00012   -0.00031          6  0.000e+00
      36202   1508.375     20.594     20.732    29.0427    29.0475   5.827591   5.828103     3.1331     2.6618      50.09   27.33384  -83.99962    0.00013   -0.00036          6  0.000e+00
      36203   1508.417     20.511     20.648    29.0427    29.0476   5.827615   5.828087     3.1331     2.6618      50.09   27.33384  -83.99962    0.00013   -0.00041          6  0.000e+00
      36204   1508.458     20.511     20.648    29.0431    29.0474   5.827631   5.828111     3.1331     2.6618      50.09   27.33384  -83.99962    0.00013   -0.00046          6  0.000e+00
      36205   1508.500     20.564     20.702    29.0429    29.0475   5.827631   5.828127     3.1331     2.6618      50.09   27.33384  -83.99962    0.00014   -0.00051          6  0.000e+00
      36206   1508.542     20.481     20.618    29.0431    29.0476   5.827591   5.828087     3.1331     2.6606      50.09   27.33384  -83.99962    0.00014   -0.00056          6  0.000e+00
      36207   1508.583     20.564     20.702    29.0432    29.0475   5.827583   5.828079     3.1331     2.6606      50.09   27.33384  -83.99962    0.00014   -0.00061          6  0.000e+00
      36208   1508.625     20.451     20.587    29.0431    29.0475   5.827615   5.828079     3.1331     2.6606      50.09   27.33384  -83.99962    0.00015   -0.00066          6  0.000e+00
      36209   1508.667     20.564     20.702    29.0432    29.0475   5.827591   5.828111     3.1331     2.6606      50.06   27.33384  -83.99962    0.00015   -0.00071          6  0.000e+00
      36210   1508.708     20.534     20.671    29.0433    29.0473   5.827583   5.828087     3.1319     2.6606      50.06   27.33384  -83.99962    0.00014   -0.00074          6  0.000e+00
      36211   1508.750     20.451     20.587    29.0436    29.0475   5.827544   5.828111     3.1319     2.6606      50.09   27.33384  -83.99962    0.00012   -0.00076          6  0.000e+00
      36212   1508.792     20.511     20.648    29.0437    29.0475   5.827607   5.828127     3.1331     2.6606      50.06   27.33384  -83.99962    0.00013   -0.00081          6  0.000e+00
      36213   1508.833     20.511     20.648    29.0437    29.0473   5.827631   5.828127     3.1319     2.6606      50.09   27.33384  -83.99962    0.00011   -0.00082          6  0.000e+00
      36214   1508.875     20.534     20.671    29.0436    29.0475   5.827591   5.828087     3.1319     2.6606      50.06   27.33384  -83.99962    0.00010   -0.00081          6  0.000e+00
      36215   1508.917     20.451     20.587    29.0437    29.0473   5.827583   5.828151     3.1319     2.6606      50.09   27.33384  -83.99962    0.00009   -0.00080          6  0.000e+00
      36216   1508.958     20.564     20.702    29.0434    29.0475   5.827615   5.828103     3.1319     2.6606      50.09   27.33384  -83.99962    0.00007   -0.00081          6  0.000e+00
      36217   1509.000     20.511     20.648    29.0435    29.0475   5.827631   5.828111     3.1319     2.6606      50.09   27.33384  -83.99962    0.00006   -0.00080          6  0.000e+00
      36218   1509.042     20.481     20.618    29.0436    29.0476   5.827631   5.828127     3.1306     2.6606      50.09   27.33384  -83.99962    0.00003   -0.00077          6  0.000e+00
      36219   1509.083     20.511     20.648    29.0435    29.0482   5.827631   5.828159     3.1319     2.6606      50.06   27.33384  -83.99962    0.00000   -0.00074          6  0.000e+00
      36220   1509.125     20.511     20.648    29.0435    29.0480   5.827591   5.828175     3.1306     2.6606      50.09   27.33384  -83.99962   -0.00003   -0.00072          6  0.000e+00
      36221   1509.167     20.511     20.648    29.0434    29.0476   5.827615   5.828103     3.1319     2.6593      50.06   27.33384  -83.99962   -0.00004   -0.00069          6  0.000e+00
      36222   1509.208     20.534     20.671    29.0438    29.0476   5.827591   5.828079     3.1319     2.6593      50.06   27.33384  -83.99962   -0.00005   -0.00067          6  0.000e+00
      36223   1509.250     20.511     20.648    29.0440    29.0476   5.827615   5.828111     3.1306     2.6593      50.09   27.33384  -83.99962   -0.00007   -0.00063          6  0.000e+00
      36224   1509.292     20.511     20.648    29.0440    29.0475   5.827631   5.828167     3.1319     2.6593      50.09   27.33384  -83.99962   -0.00008   -0.00061          6  0.000e+00
      36225   1509.333     20.511     20.648    29.0438    29.0473   5.827591   5.828175     3.1319     2.6593      50.09   27.33384  -83.99962   -0.00009   -0.00058          6  0.000e+00
      36226   1509.375     20.534     20.671    29.0440    29.0476   5.827655   5.828199     3.1319     2.6593      50.11   27.33384  -83.99962   -0.00010   -0.00057          6  0.000e+00
      36227   1509.417     20.511     20.648    29.0440    29.0480   5.827678   5.828183     3.1306     2.6593      50.09   27.33384  -83.99962   -0.00012   -0.00054          6  0.000e+00
      36228   1509.458     20.511     20.648    29.0442    29.0484   5.827678   5.828175     3.1319     2.6593      50.09   27.33384  -83.99962   -0.00013   -0.00051          6  0.000e+00
      36229   1509.500     20.511     20.648    29.0442    29.0488   5.827607   5.828175     3.1319     2.6593      50.09   27.33384  -83.99962   -0.00014   -0.00049          6  0.000e+00
      36230   1509.542     20.534     20.671    29.0449    29.0484   5.827655   5.828199     3.1319     2.6581      50.09   27.33384  -83.99962   -0.00014   -0.00049          6  0.000e+00
      36231   1509.583     20.511     20.648    29.0447    29.0484   5.827678   5.828183     3.1319     2.6593      50.11   27.33384  -83.99962   -0.00015   -0.00049          6  0.000e+00
      36232   1509.625     20.564     20.702    29.0443    29.0482   5.827639   5.828175     3.1319     2.6593      50.09   27.33384  -83.99962   -0.00016   -0.00048          6  0.000e+00
      36233   1509.667     20.511     20.648    29.0442    29.0484   5.827631   5.828239     3.1319     2.6593      50.11   27.33384  -83.99962   -0.00016   -0.00049          6  0.000e+00
      36234   1509.708     20.534     20.671    29.0444    29.0486   5.827662   5.828223     3.1319     2.6593      50.11   27.33384  -83.99962   -0.00017   -0.00050          6  0.000e+00
      36235   1509.750     20.564     20.702    29.0443    29.0484   5.827639   5.828183     3.1331     2.6593      50.09   27.33384  -83.99962   -0.00017   -0.00053          6  0.000e+00
      36236   1509.792     20.511     20.648    29.0446    29.0484   5.827702   5.828135     3.1331     2.6606      50.09   27.33384  -83.99962   -0.00018   -0.00054          6  0.000e+00
      36237   1509.833     20.564     20.702    29.0445    29.0484   5.827655   5.828159     3.1331     2.6593      50.09   27.33384  -83.99962   -0.00018   -0.00057          6  0.000e+00
      36238   1509.875     20.594     20.732    29.0446    29.0482   5.827631   5.828175     3.1331     2.6593      50.09   27.33384  -83.99962   -0.00019   -0.00061          6  0.000e+00
      36239   1509.917     20.564     20.702    29.0443    29.0484   5.827662   5.828199     3.1331     2.6606      50.09   27.33384  -83.99962   -0.00020   -0.00064          6  0.000e+00
      36240   1509.958     20.511     20.648    29.0442    29.0482   5.827678   5.828183     3.1331     2.6606      50.09   27.33384  -83.99962   -0.00020   -0.00066          6  0.000e+00
      36241   1510.000     20.617     20.755    29.0440    29.0484   5.827678   5.828199     3.1331     2.6606      50.11   27.33384  -83.99962   -0.00021   -0.00071          6  0.000e+00
      36242   1510.042     20.534     20.671    29.0440    29.0484   5.827568   5.828215     3.1331     2.6618      50.11   27.33384  -83.99962   -0.00022   -0.00074          6  0.000e+00
      36243   1510.083     20.564     20.702    29.0438    29.0486   5.827536   5.828183     3.1331     2.6618      50.11   27.33384  -83.99962   -0.00023   -0.00076          6  0.000e+00
      36244   1510.125     20.617     20.755    29.0438    29.0486   5.827607   5.828199     3.1331     2.6618      50.11   27.33384  -83.99962   -0.00023   -0.00079          6  0.000e+00
      36245   1510.167     20.564     20.702    29.0437    29.0484   5.827662   5.828183     3.1331     2.6630      50.09   27.33384  -83.99962   -0.00024   -0.00080          6  0.000e+00
      36246   1510.208     20.594     20.732    29.0438    29.0486   5.827710   5.828239     3.1331     2.6630      50.11   27.33384  -83.99962   -0.00023   -0.00081          6  0.000e+00
      36247   1510.250     20.617     20.755    29.0438    29.0483   5.827726   5.828223     3.1331     2.6630      50.09   27.33384  -83.99962   -0.00023   -0.00083          6  0.000e+00
      36248   1510.292     20.617     20.755    29.0438    29.0484   5.827686   5.828183     3.1331     2.6618      50.09   27.33384  -83.99962   -0.00023   -0.00086          6  0.000e+00
      36249   1510.333     20.564     20.702    29.0440    29.0486   5.827678   5.828199     3.1331     2.6642      50.09   27.33384  -83.99962   -0.00023   -0.00084          6  0.000e+00
      36250   1510.375     20.594     20.732    29.0438    29.0486   5.827678   5.828215     3.1331     2.6618      50.01   27.33384  -83.99962   -0.00022   -0.00086          6  0.000e+00
      36251   1510.417     20.617     20.755    29.0438    29.0484   5.827678   5.828215     3.1331     2.6642      49.96   27.33384  -83.99962   -0.00021   -0.00084          6  0.000e+00
      36252   1510.458     20.617     20.755    29.0438    29.0484   5.827678   5.828215     3.1331     2.6630      49.96   27.33384  -83.99962   -0.00020   -0.00082          6  0.000e+00
      36253   1510.500     20.677     20.816    29.0438    29.0486   5.827678   5.828215     3.1319     2.6630      49.96   27.33384  -83.99962   -0.00021   -0.00080          6  0.000e+00
      36254   1510.542     20.617     20.755    29.0440    29.0484   5.827710   5.828215     3.1331     2.6618      49.99   27.33384  -83.99962   -0.00020   -0.00080          6  0.000e+00
      36255   1510.583     20.647     20.785    29.0440    29.0488   5.827686   5.828183     3.1331     2.6618      49.99   27.33384  -83.99962   -0.00017   -0.00080          6  0.000e+00
      36256   1510.625     20.617     20.755    29.0440    29.0486   5.827710   5.828199     3.1331     2.6618      49.96   27.33384  -83.99962   -0.00015   -0.00079          6  0.000e+00
      36257   1510.667     20.677     20.816    29.0440    29.0482   5.827757   5.828183     3.1331     2.6618      49.96   27.33384  -83.99962   -0.00014   -0.00077          6  0.000e+00
      36258   1510.708     20.677     20.816    29.0440    29.0480   5.827734   5.828135     3.1331     2.6606      49.96   27.33384  -83.99962   -0.00013   -0.00077          6  0.000e+00
      36259   1510.750     20.647     20.785    29.0438    29.0482   5.827686   5.828159     3.1331     2.6606      49.96   27.33384  -83.99962   -0.00012   -0.00075          6  0.000e+00
      36260   1510.792     20.677     20.816    29.0449    29.0482   5.827749   5.828175     3.1319     2.6606      49.96   27.33384  -83.99962   -0.00013   -0.00075          6  0.000e+00
      36261   1510.833     20.677     20.816    29.0457    29.0482   5.827773   5.828175     3.1331     2.6606      49.99   27.33384  -83.99962   -0.00012   -0.00072          6  0.000e+00
      36262   1510.875     20.677     20.816    29.0462    29.0480   5.827844   5.828135     3.1331     2.6606      49.96   27.33384  -83.99962   -0.00012   -0.00070          6  0.000e+00
      36263   1510.917     20.647     20.785    29.0462    29.0482   5.827868   5.828159     3.1331     2.6618      49.96   27.33384  -83.99962   -0.00013   -0.00068          6  0.000e+00
      36264   1510.958     20.730     20.869    29.0459    29.0482   5.827829   5.828135     3.1331     2.6618      49.96   27.33384  -83.99962   -0.00014   -0.00064          6  0.000e+00
      36265   1511.000     20.677     20.816    29.0460    29.0476   5.827821   5.828159     3.1331     2.6618      49.96   27.33384  -83.99962   -0.00015   -0.00060          6  0.000e+00
      36266   1511.042     20.730     20.869    29.0459    29.0476   5.827781   5.828175     3.1331     2.6618      49.96   27.33384  -83.99962   -0.00016   -0.00056          6  0.000e+00
      36267   1511.083     20.647     20.785    29.0462    29.0476   5.827773   5.828175     3.1343     2.6618      49.99   27.33384  -83.99962   -0.00013   -0.00053          6  0.000e+00
      36268   1511.125     20.730     20.869    29.0464    29.0476   5.827805   5.828135     3.1343     2.6630      49.96   27.33384  -83.99962   -0.00013   -0.00047          6  0.000e+00
      36269   1511.167     20.730     20.869    29.0464    29.0478   5.827781   5.828159     3.1343     2.6630      49.99   27.33384  -83.99962   -0.00012   -0.00039          6  0.000e+00
      36270   1511.208     20.677     20.816    29.0462    29.0480   5.827805   5.828103     3.1343     2.6630      49.96   27.33384  -83.99962   -0.00010   -0.00031          6  0.000e+00
      36271   1511.250     20.760     20.899    29.0459    29.0484   5.827781   5.828111     3.1343     2.6630      49.96   27.33384  -83.99962   -0.00007   -0.00027          6  0.000e+00
      36272   1511.292     20.730     20.869    29.0456    29.0486   5.827773   5.828127     3.1343     2.6642      49.96   27.33384  -83.99962   -0.00005   -0.00021          6  0.000e+00
      36273   1511.333     20.677     20.816    29.0457    29.0486   5.827734   5.828191     3.1343     2.6630      49.94   27.33384  -83.99962   -0.00003   -0.00014          6  0.000e+00
      36274   1511.375     20.791     20.930    29.0456    29.0488   5.827757   5.828215     3.1343     2.6642      49.94   27.33384  -83.99962   -0.00001   -0.00008          6  0.000e+00
      36275   1511.417     20.700     20.838    29.0457    29.0491   5.827805   5.828215     3.1343     2.6642      49.94   27.33384  -83.99962    0.00003   -0.00000          6  0.000e+00
      36276   1511.458     20.730     20.869    29.0457    29.0495   5.827749   5.828215     3.1343     2.6630      49.94   27.33384  -83.99962    0.00007    0.00003          6  0.000e+00
      36277   1511.500     20.730     20.869    29.0456    29.0495   5.827797   5.828287     3.1331     2.6630      49.94   27.33384  -83.99962    0.00010    0.00009          6  0.000e+00
      36278   1511.542     20.791     20.930    29.0457    29.0497   5.827781   5.828207     3.1343     2.6642      49.94   27.33384  -83.99962    0.00014    0.00013          6  0.000e+00
      36279   1511.583     20.760     20.899    29.0458    29.0499   5.827773   5.828271     3.1343     2.6642      49.94   27.33384  -83.99962    0.00018    0.00019          6  0.000e+00
      36280   1511.625     20.730     20.869    29.0464    29.0497   5.827805   5.828271     3.1343     2.6630      49.94   27.33384  -83.99962    0.00022    0.00022          6  0.000e+00
