GOMECC/GOMECC-4/1db/rb2103_0071.cnv
* Sea-Bird SBE 9 Data File:
* FileName = C:\Users\scs.user.rb\CTD\GOMECC4\data\rb2103_007.hex
* Software Version Seasave V 7.26.7.107
* Temperature SN = 4799
* Conductivity SN = 3860
* Number of Bytes Per Scan = 41
* Number of Voltage Words = 4
* Number of Scans Averaged by the Deck Unit = 1
* NMEA Latitude = 26 59.68 N
* NMEA Longitude = 080 00.17 W
* NMEA UTC (Time) = Sep 15 2021  04:57:46
* NMEA baud rate = 4800
# nquan = 28
# nvalues = 8                           
# units = specified
# name 0 = scan: Scan Count
# name 1 = timeS: Time, Elapsed [seconds]
# name 2 = depSM: Depth [salt water, m]
# name 3 = prDM: Pressure, Digiquartz [db]
# name 4 = t090C: Temperature [ITS-90, deg C]
# name 5 = t190C: Temperature, 2 [ITS-90, deg C]
# name 6 = c0S/m: Conductivity [S/m]
# name 7 = c1S/m: Conductivity, 2 [S/m]
# name 8 = sbeox0V: Oxygen raw, SBE 43 [V]
# name 9 = sbeox1V: Oxygen raw, SBE 43, 2 [V]
# name 10 = altM: Altimeter [m]
# name 11 = latitude: Latitude [deg]
# name 12 = longitude: Longitude [deg]
# name 13 = sbox0dV/dT: Oxygen, SBE 43 [dov/dt]
# name 14 = sbox1dV/dT: Oxygen, SBE 43, 2 [dov/dt]
# name 15 = sbeox0ML/L: Oxygen, SBE 43 [ml/l], WS = 5
# name 16 = sbeox1ML/L: Oxygen, SBE 43, 2 [ml/l], WS = 5
# name 17 = potemp090C: Potential Temperature [ITS-90, deg C]
# name 18 = potemp190C: Potential Temperature, 2 [ITS-90, deg C]
# name 19 = sal00: Salinity, Practical [PSU]
# name 20 = sal11: Salinity, Practical, 2 [PSU]
# name 21 = sigma-é00: Density [sigma-theta, kg/m^3]
# name 22 = sigma-é11: Density, 2 [sigma-theta, kg/m^3]
# name 23 = avgsvCM: Average Sound Velocity [Chen-Millero, m/s], minP = 20, minS = 20
# name 24 = sbox0Mm/Kg: Oxygen, SBE 43 [umol/kg], WS = 5
# name 25 = sbox1Mm/Kg: Oxygen, SBE 43, 2 [umol/kg], WS = 5
# name 26 = nbin: number of scans per bin
# name 27 = flag: flag
# span 0 =      12517,      25905       
# span 1 =    521.489,   1079.341       
# span 2 =      1.987,     17.881       
# span 3 =      2.000,     18.000       
# span 4 =    29.7707,    30.4639       
# span 5 =    29.7730,    30.4619       
# span 6 =   5.878562,   6.011317       
# span 7 =   5.878965,   6.011424       
# span 8 =     3.1214,     3.1978       
# span 9 =     2.6487,     2.7166       
# span 10 =      18.12,      33.78      
# span 11 =   26.99472,   27.59335      
# span 12 =  -81.77631,  -80.00248      
# span 13 =   -0.00156,    0.00056      
# span 14 =   -0.00156,    0.00120      
# span 15 =     4.2852,     4.3869      
# span 16 =     4.2891,     4.3952      
# span 17 =    29.7662,    30.4619      
# span 18 =    29.7685,    30.4599      
# span 19 =    35.4478,    36.2342      
# span 20 =    35.4493,    36.2362      
# span 21 =    22.1268,    22.6208      
# span 22 =    22.1273,    22.6230      
# span 23 =       0.00,    1579.88      
# span 24 =    187.232,    191.679      
# span 25 =    187.400,    192.038      
# span 26 =         35,         50      
# span 27 = 0.0000e+00, 0.0000e+00      
# interval = decibars: 1                
# start_time = Sep 15 2021 04:57:46 [NMEA time, header]
# bad_flag = -9.990e-29
*END*
      12517    521.489     16.929     12.000    29.7936    29.7945   5.880685   5.880983     3.1218     2.6536      18.91   26.99472  -80.00272   -0.00156   -0.00061     4.2852     4.2968    29.7894    29.7903    35.4507    35.4521    22.1360    22.1367       0.00    187.232    187.737         35 0.0000e+00
      12634    526.371     17.881     18.000    29.7707    29.7730   5.878562   5.878965     3.1214     2.6487      18.12   26.99472  -80.00274   -0.00063   -0.00156     4.2866     4.2891    29.7662    29.7685    35.4526    35.4539    22.1453    22.1455       0.00    187.292    187.400         37 0.0000e+00
      23915    996.415      7.947      8.000    30.4639    30.4619   6.011317   6.011424     3.1978     2.7166      28.61   27.59335  -81.77631   -0.00016    0.00120     4.3869     4.3952    30.4619    30.4599    36.2342    36.2362    22.6208    22.6230    1579.88    191.679    192.038         39 0.0000e+00
      23464    977.620      6.954      7.000    29.8036    29.8054   5.880998   5.881392     3.1270     2.6595      28.76   26.99482  -80.00250    0.00018    0.00092     4.2887     4.3028    29.8019    29.8037    35.4483    35.4497    22.1300    22.1304    1545.61    187.386    188.001         44 0.0000e+00
      23557    981.497      5.961      6.000    29.8116    29.8133   5.881758   5.882150     3.1285     2.6596      29.77   26.99482  -80.00250    0.00050    0.00005     4.2902     4.3017    29.8101    29.8118    35.4478    35.4493    22.1268    22.1273    1545.61    187.451    187.957         50 0.0000e+00
      25905   1079.341      3.974      4.000    30.4344    30.4352   6.005146   6.005433     3.1934     2.7085      32.61   27.56425  -81.69000    0.00056   -0.00025     4.3781     4.3798    30.4334    30.4342    36.1961    36.1975    22.5958    22.5966    1578.21    191.293    191.368         37 0.0000e+00
      25469   1061.153      2.980      3.000    29.8063    29.8066   5.881115   5.881335     3.1276     2.6572      32.61   26.99484  -80.00248   -0.00016   -0.00053     4.2875     4.2961    29.8056    29.8058    35.4482    35.4496    22.1286    22.1296    1545.61    187.333    187.710         44 0.0000e+00
      25588   1066.126      1.987      2.000    29.8019    29.8024   5.880610   5.880869     3.1295     2.6572      33.78   26.99484  -80.00248    0.00002   -0.00026     4.2907     4.2957    29.8014    29.8019    35.4483    35.4498    22.1301    22.1311    1545.61    187.474    187.692         42 0.0000e+00
