GOMECC/GOMECC-4/1db/rb2103_1401.ros
* Sea-Bird SBE 9 Data File:
* FileName = C:\Users\scs.user.rb\CTD\GOMECC4\data\rb2103_1401.hex
* Software Version Seasave V 7.26.7.107
* Temperature SN = 4799
* Conductivity SN = 3860
* Number of Bytes Per Scan = 41
* Number of Voltage Words = 4
* Number of Scans Averaged by the Deck Unit = 1
* NMEA Latitude = 25 39.47 N
* NMEA Longitude = 084 42.92 W
* NMEA UTC (Time) = Oct 20 2021  13:16:01
* NMEA baud rate = 4800
# nquan = 17
# nvalues = 3059                                  
# units = specified
# name 0 = scan: Scan Count
# name 1 = timeS: Time, Elapsed [seconds]
# name 2 = depSM: Depth [salt water, m]
# name 3 = prDM: Pressure, Digiquartz [db]
# name 4 = t090C: Temperature [ITS-90, deg C]
# name 5 = t190C: Temperature, 2 [ITS-90, deg C]
# name 6 = c0S/m: Conductivity [S/m]
# name 7 = c1S/m: Conductivity, 2 [S/m]
# name 8 = sbeox0V: Oxygen raw, SBE 43 [V]
# name 9 = sbeox1V: Oxygen raw, SBE 43, 2 [V]
# name 10 = altM: Altimeter [m]
# name 11 = latitude: Latitude [deg]
# name 12 = longitude: Longitude [deg]
# name 13 = sbox0dV/dT: Oxygen, SBE 43 [dov/dt]
# name 14 = sbox1dV/dT: Oxygen, SBE 43, 2 [dov/dt]
# name 15 = nbf: Bottles Fired
# name 16 = flag:  0.000e+00
# interval = seconds: 0.0416667
# start_time = Oct 20 2021 13:16:01 [NMEA time, header]
# bad_flag = -9.990e-29
*END*
      44816   1867.292   1086.930   1096.905     5.1358     5.1368   3.400891   3.400893     1.8425     1.5238      10.45   25.65830  -84.71552    0.00002   -0.00001          1  0.000e+00
      44817   1867.333   1087.240   1097.218     5.1357     5.1367   3.400885   3.400855     1.8413     1.5238      10.45   25.65830  -84.71552    0.00002   -0.00001          1  0.000e+00
      44818   1867.375   1086.999   1096.975     5.1355     5.1367   3.400898   3.400887     1.8413     1.5238      10.45   25.65830  -84.71552    0.00001   -0.00001          1  0.000e+00
      44819   1867.417   1087.082   1097.058     5.1357     5.1368   3.400885   3.400881     1.8413     1.5238      10.45   25.65830  -84.71552   -0.00001   -0.00001          1  0.000e+00
      44820   1867.458   1087.137   1097.114     5.1358     5.1367   3.400904   3.400893     1.8413     1.5238      10.48   25.65830  -84.71552   -0.00001   -0.00001          1  0.000e+00
      44821   1867.500   1087.034   1097.010     5.1355     5.1367   3.400891   3.400855     1.8425     1.5238      10.45   25.65830  -84.71552   -0.00002   -0.00001          1  0.000e+00
      44822   1867.542   1087.103   1097.079     5.1355     5.1367   3.400898   3.400887     1.8413     1.5238      10.45   25.65830  -84.71552   -0.00004   -0.00001          1  0.000e+00
      44823   1867.583   1087.137   1097.114     5.1356     5.1367   3.400866   3.400881     1.8413     1.5238      10.45   25.65830  -84.71552   -0.00006   -0.00001          1  0.000e+00
      44824   1867.625   1087.137   1097.114     5.1354     5.1365   3.400879   3.400874     1.8425     1.5238      10.45   25.65830  -84.71552   -0.00005   -0.00001          1  0.000e+00
      44825   1867.667   1087.158   1097.135     5.1358     5.1367   3.400904   3.400874     1.8413     1.5238      10.45   25.65830  -84.71552   -0.00007   -0.00002          1  0.000e+00
      44826   1867.708   1087.137   1097.114     5.1358     5.1365   3.400929   3.400893     1.8413     1.5238      10.45   25.65830  -84.71552   -0.00009   -0.00002          1  0.000e+00
      44827   1867.750   1087.082   1097.059     5.1362     5.1363   3.400942   3.400881     1.8413     1.5238      10.45   25.65830  -84.71552   -0.00009   -0.00002          1  0.000e+00
      44828   1867.792   1087.185   1097.163     5.1361     5.1367   3.400898   3.400848     1.8425     1.5238      10.45   25.65832  -84.71552   -0.00008   -0.00002          1  0.000e+00
      44829   1867.833   1087.158   1097.135     5.1362     5.1365   3.400929   3.400887     1.8425     1.5238      10.45   25.65832  -84.71552   -0.00007   -0.00002          1  0.000e+00
      44830   1867.875   1087.185   1097.163     5.1360     5.1365   3.400936   3.400881     1.8425     1.5238      10.45   25.65832  -84.71552   -0.00005   -0.00002          1  0.000e+00
      44831   1867.917   1087.137   1097.114     5.1362     5.1367   3.400898   3.400874     1.8413     1.5238      10.45   25.65832  -84.71552   -0.00007   -0.00002          1  0.000e+00
      44832   1867.958   1087.185   1097.163     5.1358     5.1365   3.400929   3.400893     1.8413     1.5238      10.45   25.65832  -84.71552   -0.00008   -0.00002          1  0.000e+00
      44833   1868.000   1087.158   1097.135     5.1361     5.1365   3.400923   3.400881     1.8413     1.5238      10.45   25.65832  -84.71552   -0.00008   -0.00002          1  0.000e+00
      44834   1868.042   1087.186   1097.163     5.1358     5.1367   3.400955   3.400893     1.8413     1.5238      10.45   25.65832  -84.71552   -0.00010   -0.00003          1  0.000e+00
      44835   1868.083   1087.186   1097.163     5.1362     5.1365   3.400929   3.400881     1.8425     1.5238      10.45   25.65832  -84.71552   -0.00008   -0.00003          1  0.000e+00
      44836   1868.125   1087.158   1097.135     5.1362     5.1368   3.400917   3.400874     1.8425     1.5238      10.45   25.65832  -84.71552   -0.00007   -0.00003          1  0.000e+00
      44837   1868.167   1087.186   1097.163     5.1363     5.1367   3.400917   3.400874     1.8413     1.5238      10.35   25.65832  -84.71552   -0.00007   -0.00003          1  0.000e+00
      44838   1868.208   1087.186   1097.163     5.1362     5.1367   3.400904   3.400848     1.8413     1.5238      10.26   25.65832  -84.71552   -0.00007   -0.00003          1  0.000e+00
      44839   1868.250   1087.138   1097.115     5.1361     5.1365   3.400936   3.400906     1.8413     1.5238      10.23   25.65832  -84.71552   -0.00009   -0.00003          1  0.000e+00
      44840   1868.292   1087.158   1097.136     5.1358     5.1369   3.400923   3.400887     1.8425     1.5238      10.23   25.65832  -84.71552   -0.00008   -0.00003          1  0.000e+00
      44841   1868.333   1087.186   1097.164     5.1362     5.1367   3.400917   3.400874     1.8425     1.5238      10.26   25.65832  -84.71552   -0.00008   -0.00003          1  0.000e+00
      44842   1868.375   1087.138   1097.115     5.1361     5.1367   3.400879   3.400874     1.8413     1.5238      10.26   25.65832  -84.71552   -0.00010   -0.00003          1  0.000e+00
      44843   1868.417   1087.158   1097.136     5.1362     5.1369   3.400879   3.400893     1.8413     1.5238      10.23   25.65832  -84.71552   -0.00010   -0.00003          1  0.000e+00
      44844   1868.458   1087.138   1097.115     5.1360     5.1368   3.400904   3.400906     1.8413     1.5238      10.23   25.65832  -84.71552   -0.00011   -0.00004          1  0.000e+00
      44845   1868.500   1087.138   1097.115     5.1361     5.1367   3.400917   3.400906     1.8413     1.5238      10.23   25.65832  -84.71552   -0.00011   -0.00004          1  0.000e+00
      44846   1868.542   1087.138   1097.115     5.1362     5.1367   3.400904   3.400906     1.8413     1.5238      10.26   25.65832  -84.71552   -0.00013   -0.00004          1  0.000e+00
      44847   1868.583   1087.159   1097.136     5.1361     5.1370   3.400885   3.400906     1.8413     1.5238      10.26   25.65832  -84.71552   -0.00013   -0.00002          1  0.000e+00
      44848   1868.625   1087.138   1097.115     5.1360     5.1367   3.400904   3.400906     1.8413     1.5238      10.26   25.65832  -84.71552   -0.00013   -0.00002          1  0.000e+00
      44849   1868.667   1087.083   1097.059     5.1361     5.1368   3.400917   3.400881     1.8413     1.5238      10.26   25.65832  -84.71552   -0.00015   -0.00002          1  0.000e+00
      44850   1868.708   1087.138   1097.115     5.1361     5.1365   3.400904   3.400913     1.8413     1.5238      10.23   25.65832  -84.71552   -0.00016   -0.00002          1  0.000e+00
      44851   1868.750   1087.056   1097.032     5.1360     5.1369   3.400910   3.400932     1.8413     1.5238      10.26   25.65832  -84.71552   -0.00017   -0.00002          1  0.000e+00
      44852   1868.792   1087.083   1097.060     5.1357     5.1368   3.400891   3.400913     1.8413     1.5238      10.26   25.65830  -84.71552   -0.00018   -0.00002          1  0.000e+00
      44853   1868.833   1087.083   1097.060     5.1361     5.1369   3.400885   3.400906     1.8413     1.5238      10.26   25.65830  -84.71552   -0.00020   -0.00003          1  0.000e+00
      44854   1868.875   1087.056   1097.032     5.1360     5.1367   3.400898   3.400906     1.8413     1.5238      10.26   25.65830  -84.71552   -0.00022   -0.00003          1  0.000e+00
      44855   1868.917   1087.035   1097.011     5.1358     5.1368   3.400910   3.400881     1.8413     1.5238      10.26   25.65830  -84.71552   -0.00022   -0.00001          1  0.000e+00
      44856   1868.958   1087.083   1097.060     5.1358     5.1369   3.400917   3.400893     1.8413     1.5238      10.26   25.65830  -84.71552   -0.00022   -0.00001          1  0.000e+00
      44857   1869.000   1087.035   1097.011     5.1358     5.1367   3.400891   3.400881     1.8413     1.5238      10.23   25.65830  -84.71552   -0.00022   -0.00001          1  0.000e+00
      44858   1869.042   1087.001   1096.976     5.1358     5.1368   3.400923   3.400913     1.8413     1.5238      10.26   25.65830  -84.71552   -0.00022   -0.00001          1  0.000e+00
      44859   1869.083   1087.035   1097.011     5.1357     5.1369   3.400898   3.400861     1.8413     1.5250      10.26   25.65830  -84.71552   -0.00022    0.00001          1  0.000e+00
      44860   1869.125   1086.932   1096.907     5.1358     5.1367   3.400885   3.400861     1.8413     1.5238      10.26   25.65830  -84.71552   -0.00023    0.00001          1  0.000e+00
      44861   1869.167   1086.850   1096.823     5.1360     5.1368   3.400904   3.400848     1.8413     1.5238      10.28   25.65830  -84.71552   -0.00023    0.00001          1  0.000e+00
      44862   1869.208   1087.084   1097.060     5.1362     5.1367   3.400929   3.400887     1.8413     1.5238      10.33   25.65830  -84.71552   -0.00023    0.00000          1  0.000e+00
      44863   1869.250   1086.980   1096.956     5.1361     5.1368   3.400898   3.400880     1.8425     1.5238      10.33   25.65830  -84.71552   -0.00021    0.00000          1  0.000e+00
      44864   1869.292   1086.932   1096.907     5.1365     5.1369   3.400904   3.400874     1.8413     1.5238      10.35   25.65830  -84.71552   -0.00021    0.00000          1  0.000e+00
      44865   1869.333   1086.953   1096.928     5.1363     5.1367   3.400917   3.400893     1.8413     1.5238      10.35   25.65830  -84.71552   -0.00022    0.00000          1  0.000e+00
      44866   1869.375   1086.932   1096.907     5.1361     5.1368   3.400929   3.400880     1.8413     1.5238      10.33   25.65830  -84.71552   -0.00022    0.00000          1  0.000e+00
      44867   1869.417   1086.877   1096.851     5.1364     5.1367   3.400917   3.400874     1.8413     1.5238      10.35   25.65830  -84.71552   -0.00022    0.00000          1  0.000e+00
      44868   1869.458   1086.878   1096.852     5.1360     5.1370   3.400891   3.400874     1.8413     1.5238      10.35   25.65830  -84.71552   -0.00021 3.5169e-07          1  0.000e+00
      44869   1869.500   1086.850   1096.824     5.1364     5.1370   3.400885   3.400913     1.8413     1.5238      10.35   25.65830  -84.71552   -0.00023 -3.517e-07          1  0.000e+00
      44870   1869.542   1086.878   1096.852     5.1361     5.1370   3.400904   3.400913     1.8413     1.5238      10.35   25.65830  -84.71552   -0.00024   -0.00000          1  0.000e+00
      44871   1869.583   1086.878   1096.852     5.1362     5.1367   3.400929   3.400906     1.8413     1.5238      10.35   25.65830  -84.71552   -0.00024   -0.00000          1  0.000e+00
      44872   1869.625   1086.795   1096.768     5.1363     5.1368   3.400916   3.400906     1.8413     1.5238      10.35   25.65830  -84.71552   -0.00025   -0.00000          1  0.000e+00
      44873   1869.667   1086.830   1096.803     5.1367     5.1372   3.400936   3.400906     1.8413     1.5238      10.33   25.65830  -84.71552   -0.00025   -0.00000          1  0.000e+00
      44874   1869.708   1086.830   1096.803     5.1365     5.1373   3.400967   3.400925     1.8413     1.5238      10.35   25.65830  -84.71552   -0.00024   -0.00000          1  0.000e+00
      44875   1869.750   1086.830   1096.803     5.1368     5.1372   3.400986   3.400913     1.8413     1.5238      10.35   25.65830  -84.71552   -0.00024   -0.00000          1  0.000e+00
      44876   1869.792   1086.747   1096.720     5.1368     5.1375   3.400936   3.400925     1.8413     1.5238      10.35   25.65832  -84.71552   -0.00025   -0.00001          1  0.000e+00
      44877   1869.833   1086.775   1096.748     5.1368     5.1376   3.400961   3.400932     1.8413     1.5238      10.33   25.65832  -84.71552   -0.00026   -0.00001          1  0.000e+00
      44878   1869.875   1086.775   1096.748     5.1368     5.1374   3.400955   3.400913     1.8413     1.5238      10.35   25.65832  -84.71552   -0.00026   -0.00001          1  0.000e+00
      44879   1869.917   1086.747   1096.720     5.1370     5.1375   3.400961   3.400925     1.8425     1.5238      10.35   25.65832  -84.71552   -0.00024    0.00001          1  0.000e+00
      44880   1869.958   1086.727   1096.699     5.1368     5.1373   3.400948   3.400913     1.8413     1.5238      10.33   25.65832  -84.71552   -0.00023    0.00001          1  0.000e+00
      44881   1870.000   1086.727   1096.699     5.1368     5.1372   3.400923   3.400945     1.8413     1.5238      10.33   25.65832  -84.71552   -0.00022    0.00001          1  0.000e+00
      44882   1870.042   1086.727   1096.699     5.1365     5.1372   3.400936   3.400938     1.8413     1.5238      10.35   25.65832  -84.71552   -0.00022    0.00001          1  0.000e+00
      44883   1870.083   1086.692   1096.664     5.1364     5.1375   3.400936   3.400932     1.8413     1.5238      10.35   25.65832  -84.71552   -0.00021    0.00001          1  0.000e+00
      44884   1870.125   1086.672   1096.643     5.1364     5.1372   3.400897   3.400932     1.8413     1.5238      10.35   25.65832  -84.71552   -0.00020    0.00001          1  0.000e+00
      44885   1870.167   1086.672   1096.644     5.1362     5.1370   3.400885   3.400913     1.8413     1.5238      10.48   25.65832  -84.71552   -0.00022    0.00001          1  0.000e+00
      44886   1870.208   1086.693   1096.664     5.1364     5.1377   3.400885   3.400906     1.8413     1.5238      10.62   25.65832  -84.71552   -0.00021    0.00001          1  0.000e+00
      44887   1870.250   1086.672   1096.644     5.1358     5.1374   3.400923   3.400925     1.8425     1.5238      10.65   25.65832  -84.71552   -0.00018    0.00001          1  0.000e+00
      44888   1870.292   1086.672   1096.644     5.1361     5.1371   3.400878   3.400932     1.8413     1.5238      10.62   25.65832  -84.71552   -0.00019    0.00001          1  0.000e+00
      44889   1870.333   1086.672   1096.644     5.1362     5.1372   3.400897   3.400913     1.8413     1.5238      10.62   25.65832  -84.71552   -0.00019    0.00001          1  0.000e+00
      44890   1870.375   1086.645   1096.616     5.1362     5.1370   3.400916   3.400925     1.8425     1.5238      10.62   25.65832  -84.71552   -0.00016    0.00001          1  0.000e+00
      44891   1870.417   1086.624   1096.595     5.1362     5.1373   3.400904   3.400932     1.8413     1.5238      10.62   25.65832  -84.71552   -0.00017    0.00001          1  0.000e+00
      44892   1870.458   1086.624   1096.595     5.1360     5.1372   3.400866   3.400932     1.8413     1.5238      10.62   25.65832  -84.71552   -0.00018    0.00001          1  0.000e+00
      44893   1870.500   1086.645   1096.616     5.1361     5.1372   3.400878   3.400913     1.8413     1.5238      10.62   25.65832  -84.71552   -0.00019    0.00001          1  0.000e+00
      44894   1870.542   1086.624   1096.595     5.1361     5.1373   3.400904   3.400906     1.8425     1.5238      10.62   25.65832  -84.71552   -0.00016    0.00001          1  0.000e+00
      44895   1870.583   1086.624   1096.595     5.1361     5.1375   3.400904   3.400906     1.8413     1.5238      10.62   25.65832  -84.71552   -0.00017    0.00000          1  0.000e+00
      44896   1870.625   1086.672   1096.644     5.1360     5.1373   3.400910   3.400906     1.8413     1.5238      10.62   25.65832  -84.71552   -0.00018    0.00000          1  0.000e+00
      44897   1870.667   1086.590   1096.561     5.1361     5.1377   3.400891   3.400925     1.8413     1.5238      10.62   25.65832  -84.71552   -0.00019    0.00000          1  0.000e+00
      44898   1870.708   1086.624   1096.595     5.1361     5.1375   3.400885   3.400932     1.8413     1.5238      10.62   25.65832  -84.71552   -0.00019    0.00000          1  0.000e+00
      44899   1870.750   1086.673   1096.644     5.1360     5.1375   3.400897   3.400913     1.8413     1.5238      10.62   25.65832  -84.71552   -0.00018    0.00000          1  0.000e+00
      44900   1870.792   1086.645   1096.616     5.1358     5.1374   3.400885   3.400925     1.8413     1.5238      10.62   25.65832  -84.71552   -0.00017    0.00000          1  0.000e+00
