GOMECC/GOMECC-4/1db/rb2103_0711.cnv
* Sea-Bird SBE 9 Data File:
* FileName = C:\Users\scs.user.rb\CTD\GOMECC4\data\rb2103_0711.hex
* Software Version Seasave V 7.26.7.107
* Temperature SN = 4799
* Conductivity SN = 3860
* Number of Bytes Per Scan = 41
* Number of Voltage Words = 4
* Number of Scans Averaged by the Deck Unit = 1
* NMEA Latitude = 26 03.51 N
* NMEA Longitude = 094 11.79 W
* NMEA UTC (Time) = Oct 03 2021  22:34:45
* NMEA baud rate = 4800
# nquan = 28
# nvalues = 667                         
# units = specified
# name 0 = scan: Scan Count
# name 1 = timeS: Time, Elapsed [seconds]
# name 2 = depSM: Depth [salt water, m]
# name 3 = prDM: Pressure, Digiquartz [db]
# name 4 = t090C: Temperature [ITS-90, deg C]
# name 5 = t190C: Temperature, 2 [ITS-90, deg C]
# name 6 = c0S/m: Conductivity [S/m]
# name 7 = c1S/m: Conductivity, 2 [S/m]
# name 8 = sbeox0V: Oxygen raw, SBE 43 [V]
# name 9 = sbeox1V: Oxygen raw, SBE 43, 2 [V]
# name 10 = altM: Altimeter [m]
# name 11 = latitude: Latitude [deg]
# name 12 = longitude: Longitude [deg]
# name 13 = sbox0dV/dT: Oxygen, SBE 43 [dov/dt]
# name 14 = sbox1dV/dT: Oxygen, SBE 43, 2 [dov/dt]
# name 15 = sbeox0ML/L: Oxygen, SBE 43 [ml/l], WS = 5
# name 16 = sbeox1ML/L: Oxygen, SBE 43, 2 [ml/l], WS = 5
# name 17 = potemp090C: Potential Temperature [ITS-90, deg C]
# name 18 = potemp190C: Potential Temperature, 2 [ITS-90, deg C]
# name 19 = sal00: Salinity, Practical [PSU]
# name 20 = sal11: Salinity, Practical, 2 [PSU]
# name 21 = sigma-é00: Density [sigma-theta, kg/m^3]
# name 22 = sigma-é11: Density, 2 [sigma-theta, kg/m^3]
# name 23 = avgsvCM: Average Sound Velocity [Chen-Millero, m/s], minP = 20, minS = 20
# name 24 = sbox0Mm/Kg: Oxygen, SBE 43 [umol/kg], WS = 5
# name 25 = sbox1Mm/Kg: Oxygen, SBE 43, 2 [umol/kg], WS = 5
# name 26 = nbin: number of scans per bin
# name 27 = flag: flag
# span 0 =      18024,     245271       
# span 1 =    750.978,  10219.587       
# span 2 =      1.987,   2992.714       
# span 3 =      2.000,   3034.000       
# span 4 =     4.2901,    30.4469       
# span 5 =     4.2908,    30.4409       
# span 6 =   3.352214,   6.119088       
# span 7 =   3.352173,   6.118312       
# span 8 =     1.5664,     3.3277       
# span 9 =     1.2690,     2.8426       
# span 10 =      10.30,     105.13      
# span 11 =   25.96007,   26.84624      
# span 12 =  -97.04922,  -93.84388      
# span 13 =   -0.05326,    0.04843      
# span 14 =   -0.05164,    0.04783      
# span 15 =     2.3905,     4.9399      
# span 16 =     2.4053,     4.9412      
# span 17 =     4.0797,    30.4464      
# span 18 =     4.0808,    30.4404      
# span 19 =    34.9073,    37.1229      
# span 20 =    34.9056,    37.1242      
# span 21 =    22.7257,    27.7593      
# span 22 =    22.7274,    27.7578      
# span 23 =       0.00,    1555.17      
# span 24 =    103.943,    215.456      
# span 25 =    104.590,    215.511      
# span 26 =         30,         80      
# span 27 = 0.0000e+00, 0.0000e+00      
# interval = decibars: 1                
# start_time = Oct 03 2021 22:34:45 [NMEA time, header]
# bad_flag = -9.990e-29
*END*
[from data line 156]
      24467   1019.401    164.854    166.000    19.2688    19.2710   4.905060   4.905461     1.9026     1.5709     100.00   26.05872  -94.19668   -0.00230   -0.00163     2.5952     2.6138    19.2387    19.2408    36.5022    36.5037    26.1082    26.1088    1536.09    112.955    113.761         31 0.0000e+00
      24498   1020.728    165.846    167.000    19.1518    19.1535   4.891746   4.892113     1.8986     1.5652     100.00   26.05872  -94.19668   -0.00264   -0.00246     2.5931     2.6067    19.1216    19.1233    36.4931    36.4947    26.1316    26.1323    1536.02    112.857    113.451         33 0.0000e+00
      24533   1022.152    166.839    168.000    19.0873    19.0885   4.884532   4.884837     1.8968     1.5636     100.00   26.05872  -94.19668   -0.00253   -0.00306     2.5928     2.6059    19.0569    19.0581    36.4889    36.4904    26.1450    26.1459    1535.94    112.842    113.413         33 0.0000e+00
      24564   1023.446    167.832    169.000    19.0411    19.0426   4.879358   4.879703     1.8948     1.5619     100.00   26.05872  -94.19668   -0.00174   -0.00208     2.5912     2.6045    19.0106    19.0121    36.4857    36.4872    26.1545    26.1553    1535.87    112.774    113.351         30 0.0000e+00
      24594   1024.700    168.824    170.000    18.9957    18.9969   4.874437   4.874717     1.8917     1.5595     100.00   26.05872  -94.19668   -0.00163   -0.00133     2.5870     2.6013    18.9652    18.9663    36.4838    36.4851    26.1648    26.1655    1535.79    112.590    113.212         32 0.0000e+00
      24629   1026.175    169.817    171.000    18.9561    18.9574   4.869978   4.870269     1.8882     1.5573     100.00   26.05872  -94.19668   -0.00227   -0.00165     2.5817     2.5983    18.9254    18.9267    36.4808    36.4821    26.1727    26.1734    1535.72    112.357    113.079         38 0.0000e+00
      24665   1027.679    170.810    172.000    18.9146    18.9160   4.865265   4.865568     1.8859     1.5565     100.00   26.05872  -94.19668   -0.00212   -0.00133     2.5793     2.5988    18.8838    18.8851    36.4773    36.4787    26.1807    26.1814    1535.64    112.251    113.102         32 0.0000e+00
      24722   1030.045    172.795    174.000    18.8182    18.8198   4.853964   4.854282     1.8826     1.5530     100.00   26.05616  -94.18744   -0.00132   -0.00107     2.5778     2.5958    18.7872    18.7887    36.4650    36.4663    26.1957    26.1963    1535.34    112.183    112.969         30 0.0000e+00
      24758   1031.531    173.788    175.000    18.7420    18.7444   4.845487   4.845899     1.8798     1.5508     100.00   26.05872  -94.19668   -0.00149   -0.00141     2.5759     2.5945    18.7108    18.7132    36.4614    36.4629    26.2128    26.2133    1535.42    112.102    112.912         37 0.0000e+00
      24794   1033.055    174.780    176.000    18.6355    18.6374   4.833291   4.833655     1.8772     1.5477     100.00   26.05872  -94.19668   -0.00190   -0.00170     2.5762     2.5929    18.6042    18.6062    36.4520    36.4533    26.2327    26.2332    1535.34    112.110    112.838         34 0.0000e+00
      24826   1034.375    175.773    177.000    18.5667    18.5689   4.825476   4.825894     1.8756     1.5459     100.00   26.05872  -94.19668   -0.00173   -0.00180     2.5765     2.5922    18.5354    18.5376    36.4461    36.4478    26.2457    26.2464    1535.27    112.123    112.808         30 0.0000e+00
      24856   1035.609    176.766    178.000    18.5035    18.5061   4.818142   4.818596     1.8734     1.5445     100.00   26.05872  -94.19668   -0.00144   -0.00154     2.5755     2.5924    18.4721    18.4746    36.4394    36.4410    26.2566    26.2572    1535.20    112.077    112.814         31 0.0000e+00
      24889   1036.982    177.758    179.000    18.4238    18.4244   4.809139   4.809366     1.8712     1.5429     100.00   26.05872  -94.19668   -0.00155   -0.00125     2.5751     2.5929    18.3923    18.3929    36.4331    36.4345    26.2719    26.2728    1535.12    112.060    112.833         35 0.0000e+00
      24924   1038.472    178.751    180.000    18.4083    18.4092   4.807429   4.807662     1.8697     1.5420     100.00   26.05872  -94.19668   -0.00151   -0.00100     2.5729     2.5918    18.3766    18.3775    36.4320    36.4331    26.2750    26.2757    1535.04    111.962    112.785         35 0.0000e+00
      24957   1039.829    179.743    181.000    18.3894    18.3900   4.805265   4.805472     1.8694     1.5421     100.00   26.05872  -94.19668   -0.00099   -0.00053     2.5735     2.5935    18.3575    18.3581    36.4299    36.4311    26.2782    26.2790    1534.96    111.990    112.857         30 0.0000e+00
      24987   1041.084    180.736    182.000    18.3665    18.3667   4.802640   4.802827     1.8697     1.5425     100.00   26.05872  -94.19668   -0.00032   -0.00005     2.5758     2.5959    18.3350    18.3347    36.4280    36.4289    26.2824    26.2832    1534.89    112.090    112.966         31 0.0000e+00
      25018   1042.376    181.729    183.000    18.3048    18.3073   4.795480   4.795927     1.8688     1.5432     100.00   26.05872  -94.19668   -0.00009    0.00032     2.5774     2.6010    18.2727    18.2752    36.4207    36.4223    26.2925    26.2931    1534.81    112.158    113.183         32 0.0000e+00
      25053   1043.831    182.721    184.000    18.2395    18.2410   4.788055   4.788385     1.8680     1.5412     100.00   26.05872  -94.19668   -0.00041   -0.00002     2.5794     2.5998    18.2073    18.2089    36.4150    36.4164    26.3045    26.3052    1534.74    112.245    113.132         37 0.0000e+00
      25089   1045.322    183.714    185.000    18.1856    18.1875   4.781881   4.782228     1.8670     1.5397     100.00   26.05872  -94.19668   -0.00065   -0.00098     2.5805     2.5993    18.1534    18.1552    36.4097    36.4110    26.3140    26.3146    1534.67    112.290    113.106         33 0.0000e+00
      25120   1046.614    184.707    186.000    18.1414    18.1430   4.776723   4.777037     1.8670     1.5394     100.00   26.05872  -94.19668   -0.00047   -0.00096     2.5832     2.6010    18.1090    18.1106    36.4045    36.4058    26.3211    26.3217    1534.59    112.408    113.180         30 0.0000e+00
      25149   1047.849    185.699    187.000    18.0831    18.0843   4.770037   4.770318     1.8673     1.5397     100.00   26.05872  -94.19668   -0.00017   -0.00044     2.5873     2.6053    18.0506    18.0518    36.3987    36.4000    26.3312    26.3319    1534.52    112.585    113.368         31 0.0000e+00
      25183   1049.264    186.692    188.000    18.0364    18.0374   4.764799   4.765057     1.8684     1.5422     100.00   26.05872  -94.19668    0.00025    0.00052     2.5927     2.6141    18.0038    18.0048    36.3950    36.3963    26.3400    26.3408    1534.45    112.816    113.749         36 0.0000e+00
      25218   1050.704    187.684    189.000    18.0209    18.0218   4.763059   4.763301     1.8705     1.5452     100.00   26.05872  -94.19668    0.00086    0.00172     2.5986     2.6227    17.9881    17.9890    36.3935    36.3947    26.3428    26.3435    1534.37    113.075    114.125         32 0.0000e+00
      25279   1053.248    189.670    191.000    17.9868    17.9880   4.759078   4.759335     1.8711     1.5457     100.00   26.05763  -94.19274    0.00064    0.00077     2.6024     2.6265    17.9538    17.9549    36.3884    36.3895    26.3473    26.3479    1534.16    113.241    114.287         35 0.0000e+00
      25316   1054.781    190.662    192.000    17.9775    17.9781   4.758163   4.758349     1.8720     1.5461     100.00   26.05872  -94.19668    0.00026    0.00011     2.6053     2.6281    17.9442    17.9449    36.3890    36.3899    26.3502    26.3508    1534.15    113.364    114.359         35 0.0000e+00
      25348   1056.106    191.655    193.000    17.9721    17.9730   4.757601   4.757802     1.8722     1.5462     100.00   26.05872  -94.19668    0.00042    0.00016     2.6063     2.6291    17.9387    17.9396    36.3885    36.3894    26.3512    26.3518    1534.08    113.411    114.402         30 0.0000e+00
      25378   1057.366    192.647    194.000    17.9657    17.9657   4.756535   4.756705     1.8720     1.5449      99.91   26.05872  -94.19668    0.00023   -0.00013     2.6067     2.6268    17.9321    17.9321    36.3874    36.3882    26.3520    26.3527    1534.02    113.426    114.300         32 0.0000e+00
      25412   1058.802    193.640    195.000    17.9036    17.9060   4.749596   4.749984     1.8715     1.5452     100.00   26.05872  -94.19668   -0.00020   -0.00048     2.6094     2.6310    17.8699    17.8723    36.3799    36.3812    26.3618    26.3621    1533.94    113.540    114.481         35 0.0000e+00
      25446   1060.207    194.632    196.000    17.8692    17.8701   4.745640   4.745864     1.8721     1.5442     100.00   26.05872  -94.19668   -0.00005   -0.00024     2.6129     2.6306    17.8354    17.8363    36.3763    36.3774    26.3675    26.3681    1533.87    113.695    114.463         32 0.0000e+00
      25477   1061.491    195.625    197.000    17.8155    17.8174   4.739438   4.739767     1.8707     1.5413     100.00   26.05872  -94.19668   -0.00003   -0.00073     2.6130     2.6264    17.7817    17.7835    36.3703    36.3715    26.3762    26.3767    1533.80    113.695    114.279         31 0.0000e+00
      25509   1062.843    196.617    198.000    17.7878    17.7891   4.736235   4.736492     1.8683     1.5403      98.46   26.05872  -94.19668   -0.00088   -0.00149     2.6095     2.6257    17.7537    17.7550    36.3671    36.3682    26.3806    26.3811    1533.73    113.545    114.250         33 0.0000e+00
      25542   1064.204    197.610    199.000    17.7683    17.7694   4.733875   4.734102     1.8671     1.5392      58.93   26.05872  -94.19668   -0.00139   -0.00120     2.6080     2.6244    17.7342    17.7352    36.3638    36.3648    26.3829    26.3834    1533.66    113.481    114.193         33 0.0000e+00
      25575   1065.576    198.602    200.000    17.7419    17.7431   4.730699   4.730935     1.8654     1.5378      99.79   26.05872  -94.19668   -0.00116   -0.00087     2.6061     2.6225    17.7076    17.7088    36.3595    36.3606    26.3862    26.3867    1533.59    113.398    114.111         33 0.0000e+00
      25609   1066.980    199.595    201.000    17.7200    17.7211   4.728138   4.728360     1.8627     1.5359     100.00   26.05872  -94.19668   -0.00129   -0.00095     2.6016     2.6195    17.6856    17.6866    36.3566    36.3576    26.3894    26.3899    1533.52    113.201    113.978         33 0.0000e+00
      25640   1068.308    200.587    202.000    17.7093    17.7100   4.726914   4.727090     1.8602     1.5328     100.00   26.05872  -94.19668   -0.00170   -0.00150     2.5966     2.6126    17.6747    17.6754    36.3552    36.3562    26.3910    26.3916    1533.45    112.984    113.677         31 0.0000e+00
      25672   1069.614    201.580    203.000    17.6936    17.6946   4.725079   4.725284     1.8575     1.5316     100.00   26.05872  -94.19668   -0.00201   -0.00175     2.5918     2.6108    17.6589    17.6599    36.3530    36.3539    26.3932    26.3936    1533.38    112.774    113.600         33 0.0000e+00
      25706   1071.035    202.573    204.000    17.6691    17.6696   4.722238   4.722528     1.8561     1.5302     100.00   26.05872  -94.19668   -0.00177   -0.00131     2.5902     2.6088    17.6341    17.6347    36.3501    36.3508    26.3970    26.3975    1533.31    112.703    113.513         35 0.0000e+00
      25740   1072.460    203.565    205.000    17.6077    17.6101   4.714957   4.715337     1.8557     1.5302     100.00   26.05872  -94.19668   -0.00105   -0.00076     2.5931     2.6123    17.5727    17.5751    36.3416    36.3427    26.4055    26.4058    1533.25    112.829    113.665         33 0.0000e+00
      25801   1074.992    205.550    207.000    17.5343    17.5357   4.706465   4.706723     1.8556     1.5305     100.00   26.05852  -94.19594   -0.00011    0.00027     2.5975     2.6178    17.4991    17.5005    36.3328    36.3338    26.4169    26.4173    1533.10    113.018    113.900         31 0.0000e+00
      25834   1076.368    206.543    208.000    17.4991    17.5017   4.702384   4.702776     1.8550     1.5294     100.00   26.05872  -94.19668   -0.00012   -0.00018     2.5984     2.6171    17.4637    17.4664    36.3287    36.3297    26.4223    26.4225    1533.05    113.057    113.870         36 0.0000e+00
      25870   1077.875    207.535    209.000    17.4394    17.4428   4.695281   4.695762     1.8516     1.5270     100.00   26.05872  -94.19668   -0.00082   -0.00089     2.5943     2.6145    17.4040    17.4074    36.3201    36.3213    26.4303    26.4304    1532.98    112.880    113.757         35 0.0000e+00
      25903   1079.245    208.528    210.000    17.3688    17.3708   4.686921   4.687256     1.8462     1.5193     100.00   26.05872  -94.19668   -0.00229   -0.00214     2.5862     2.5999    17.3332    17.3353    36.3104    36.3115    26.4401    26.4404    1532.92    112.527    113.122         31 0.0000e+00
      25933   1080.509    209.520    211.000    17.3330    17.3349   4.682660   4.682975     1.8407     1.5153      87.32   26.05872  -94.19668   -0.00357   -0.00372     2.5760     2.5914    17.2974    17.2993    36.3051    36.3061    26.4447    26.4450    1532.85    112.082    112.752         30 0.0000e+00
      25965   1081.845    210.513    212.000    17.2815    17.2835   4.676550   4.676887     1.8361     1.5113      94.69   26.05872  -94.19668   -0.00413   -0.00417     2.5685     2.5845    17.2457    17.2477    36.2977    36.2989    26.4516    26.4519    1532.78    111.754    112.450         33 0.0000e+00
      25998   1083.228    211.505    213.000    17.2333    17.2338   4.670801   4.670960     1.8331     1.5099      97.10   26.05872  -94.19668   -0.00343   -0.00286     2.5646     2.5840    17.1974    17.1980    36.2905    36.2914    26.4577    26.4582    1532.71    111.581    112.425         33 0.0000e+00
      26031   1084.599    212.497    214.000    17.1948    17.1965   4.666310   4.666601     1.8313     1.5081      96.51   26.05872  -94.19668   -0.00222   -0.00154     2.5631     2.5817    17.1589    17.1606    36.2855    36.2864    26.4632    26.4635    1532.65    111.515    112.326         34 0.0000e+00
      26065   1086.015    213.490    215.000    17.1411    17.1444   4.660012   4.660480     1.8294     1.5064      92.68   26.05872  -94.19668   -0.00148   -0.00117     2.5618     2.5805    17.1051    17.1084    36.2783    36.2795    26.4706    26.4707    1532.58    111.461    112.275         34 0.0000e+00
      26098   1087.379    214.482    216.000    17.0819    17.0833   4.653150   4.653397     1.8267     1.5047      75.21   26.05872  -94.19668   -0.00150   -0.00129     2.5593     2.5799    17.0458    17.0472    36.2712    36.2722    26.4795    26.4798    1532.51    111.349    112.244         31 0.0000e+00
      26128   1088.632    215.475    217.000    17.0412    17.0429   4.648426   4.648711     1.8251     1.5043      99.73   26.05872  -94.19668   -0.00166   -0.00106     2.5580     2.5812    17.0050    17.0067    36.2661    36.2670    26.4853    26.4856    1532.44    111.294    112.301         30 0.0000e+00
      26160   1089.972    216.467    218.000    16.9873    16.9907   4.642128   4.642614     1.8236     1.5019     100.00   26.05872  -94.19668   -0.00147   -0.00087     2.5578     2.5784    16.9510    16.9544    36.2591    36.2603    26.4928    26.4930    1532.38    111.285    112.178         35 0.0000e+00
      26197   1091.488    217.460    219.000    16.9655    16.9646   4.639564   4.639540     1.8212     1.4994     100.00   26.05872  -94.19668   -0.00130   -0.00151     2.5538     2.5736    16.9290    16.9281    36.2558    36.2564    26.4956    26.4963    1532.31    111.109    111.969         36 0.0000e+00
