GOMECC/GOMECC-4/1db/rb2103_0421.ros
* Sea-Bird SBE 9 Data File:
* FileName = C:\Users\scs.user.rb\CTD\GOMECC4\data\rb2103_0421.hex
* Software Version Seasave V 7.26.7.107
* Temperature SN = 4799
* Conductivity SN = 3860
* Number of Bytes Per Scan = 41
* Number of Voltage Words = 4
* Number of Scans Averaged by the Deck Unit = 1
* NMEA Latitude = 28 14.68 N
* NMEA Longitude = 089 59.18 W
* NMEA UTC (Time) = Sep 26 2021  04:34:16
* NMEA baud rate = 4800
# nquan = 17
# nvalues = 1463                                  
# units = specified
# name 0 = scan: Scan Count
# name 1 = timeS: Time, Elapsed [seconds]
# name 2 = depSM: Depth [salt water, m]
# name 3 = prDM: Pressure, Digiquartz [db]
# name 4 = t090C: Temperature [ITS-90, deg C]
# name 5 = t190C: Temperature, 2 [ITS-90, deg C]
# name 6 = c0S/m: Conductivity [S/m]
# name 7 = c1S/m: Conductivity, 2 [S/m]
# name 8 = sbeox0V: Oxygen raw, SBE 43 [V]
# name 9 = sbeox1V: Oxygen raw, SBE 43, 2 [V]
# name 10 = altM: Altimeter [m]
# name 11 = latitude: Latitude [deg]
# name 12 = longitude: Longitude [deg]
# name 13 = sbox0dV/dT: Oxygen, SBE 43 [dov/dt]
# name 14 = sbox1dV/dT: Oxygen, SBE 43, 2 [dov/dt]
# name 15 = nbf: Bottles Fired
# name 16 = flag:  0.000e+00
# interval = seconds: 0.0416667
# start_time = Sep 26 2021 04:34:16 [NMEA time, header]
# bad_flag = -9.990e-29
*END*
[from data line 86]
      16207    675.250    190.965    192.337    14.2838    14.2831   4.322386   4.322418     1.8449     1.5287       9.72   28.24520  -89.98720    0.00005    0.00008          1  0.000e+00
      16208    675.292    190.942    192.314    14.2836    14.2832   4.322393   4.322396     1.8449     1.5287       9.74   28.24520  -89.98720    0.00004    0.00007          1  0.000e+00
      16209    675.333    190.965    192.337    14.2833    14.2835   4.322365   4.322432     1.8449     1.5287       9.72   28.24520  -89.98720    0.00004    0.00007          1  0.000e+00
      16210    675.375    190.942    192.314    14.2828    14.2836   4.322379   4.322361     1.8449     1.5287       9.72   28.24520  -89.98720    0.00003    0.00008          1  0.000e+00
      16211    675.417    190.942    192.314    14.2828    14.2835   4.322386   4.322410     1.8449     1.5287       9.72   28.24520  -89.98720    0.00004    0.00008          1  0.000e+00
      16212    675.458    190.965    192.337    14.2826    14.2836   4.322330   4.322382     1.8462     1.5287       9.74   28.24520  -89.98720    0.00005    0.00008          1  0.000e+00
      16213    675.500    190.942    192.314    14.2826    14.2837   4.322344   4.322389     1.8462     1.5287       9.74   28.24520  -89.98720    0.00006    0.00007          1  0.000e+00
      16214    675.542    190.965    192.337    14.2826    14.2836   4.322344   4.322375     1.8449     1.5287       9.74   28.24520  -89.98720    0.00005    0.00006          1  0.000e+00
      16215    675.583    190.942    192.314    14.2824    14.2835   4.322351   4.322389     1.8449     1.5287       9.72   28.24520  -89.98720    0.00004    0.00006          1  0.000e+00
      16216    675.625    190.889    192.260    14.2823    14.2834   4.322323   4.322347     1.8449     1.5287       9.74   28.24520  -89.98720    0.00005    0.00007          1  0.000e+00
      16217    675.667    190.965    192.337    14.2821    14.2832   4.322281   4.322326     1.8449     1.5287       9.74   28.24520  -89.98720    0.00006    0.00007          1  0.000e+00
      16218    675.708    190.942    192.314    14.2821    14.2829   4.322302   4.322304     1.8449     1.5287       9.74   28.24520  -89.98720    0.00005    0.00007          1  0.000e+00
      16219    675.750    190.965    192.337    14.2823    14.2828   4.322288   4.322319     1.8462     1.5287       9.72   28.24520  -89.98720    0.00006    0.00008          1  0.000e+00
      16220    675.792    190.942    192.314    14.2825    14.2829   4.322302   4.322304     1.8437     1.5287       9.72   28.24520  -89.98720    0.00004    0.00008          1  0.000e+00
      16221    675.833    190.889    192.260    14.2823    14.2828   4.322309   4.322290     1.8449     1.5287       9.74   28.24520  -89.98720    0.00003    0.00008          1  0.000e+00
      16222    675.875    190.965    192.337    14.2826    14.2828   4.322344   4.322290     1.8449     1.5287       9.72   28.24520  -89.98720    0.00002    0.00009          1  0.000e+00
      16223    675.917    190.942    192.314    14.2828    14.2827   4.322358   4.322255     1.8449     1.5287       9.72   28.24520  -89.98720    0.00001    0.00009          1  0.000e+00
      16224    675.958    190.965    192.337    14.2826    14.2831   4.322379   4.322283     1.8462     1.5287       9.72   28.24520  -89.98720    0.00002    0.00008          1  0.000e+00
      16225    676.000    190.942    192.314    14.2830    14.2828   4.322386   4.322255     1.8449     1.5287       9.74   28.24520  -89.98720    0.00001    0.00008          1  0.000e+00
      16226    676.042    190.965    192.337    14.2831    14.2829   4.322414   4.322333     1.8449     1.5287       9.74   28.24520  -89.98720    0.00001    0.00009          1  0.000e+00
      16227    676.083    190.942    192.314    14.2836    14.2827   4.322400   4.322333     1.8449     1.5287       9.77   28.24520  -89.98720   -0.00000    0.00007          1  0.000e+00
      16228    676.125    190.942    192.314    14.2836    14.2829   4.322470   4.322304     1.8462     1.5287       9.77   28.24520  -89.98720    0.00001    0.00006          1  0.000e+00
      16229    676.167    190.904    192.276    14.2839    14.2828   4.322526   4.322290     1.8462     1.5287       9.77   28.24520  -89.98720    0.00002    0.00006          1  0.000e+00
      16230    676.208    190.942    192.314    14.2846    14.2826   4.322539   4.322290     1.8449     1.5287       9.79   28.24520  -89.98720    0.00001    0.00006          1  0.000e+00
      16231    676.250    190.965    192.337    14.2851    14.2825   4.322567   4.322297     1.8449     1.5287       9.77   28.24520  -89.98720   -0.00000    0.00007          1  0.000e+00
      16232    676.292    190.942    192.314    14.2857    14.2828   4.322567   4.322290     1.8462     1.5287       9.77   28.24520  -89.98720    0.00001    0.00007          1  0.000e+00
      16233    676.333    190.942    192.314    14.2858    14.2827   4.322574   4.322319     1.8449     1.5287       9.77   28.24520  -89.98720    0.00002    0.00007          1  0.000e+00
      16234    676.375    190.904    192.276    14.2853    14.2828   4.322581   4.322326     1.8462     1.5287       9.77   28.24520  -89.98720    0.00002    0.00007          1  0.000e+00
      16235    676.417    191.003    192.375    14.2851    14.2827   4.322602   4.322326     1.8449     1.5287       9.77   28.24520  -89.98720    0.00001    0.00008          1  0.000e+00
      16236    676.458    190.965    192.337    14.2848    14.2828   4.322553   4.322326     1.8449     1.5287       9.77   28.24520  -89.98720    0.00001    0.00008          1  0.000e+00
      16237    676.500    190.889    192.260    14.2848    14.2832   4.322512   4.322326     1.8449     1.5287       9.77   28.24520  -89.98720   -0.00000    0.00008          1  0.000e+00
      16238    676.542    191.003    192.375    14.2850    14.2834   4.322477   4.322297     1.8449     1.5287       9.77   28.24520  -89.98720   -0.00001    0.00009          1  0.000e+00
      16239    676.583    190.904    192.275    14.2848    14.2830   4.322491   4.322290     1.8449     1.5287       9.77   28.24520  -89.98720   -0.00000    0.00009          1  0.000e+00
      16240    676.625    191.003    192.375    14.2843    14.2829   4.322526   4.322290     1.8449     1.5287       9.77   28.24520  -89.98720   -0.00001    0.00009          1  0.000e+00
      16241    676.667    190.965    192.337    14.2836    14.2829   4.322456   4.322319     1.8449     1.5287       9.77   28.24520  -89.98720   -0.00002    0.00009          1  0.000e+00
      16242    676.708    191.003    192.375    14.2833    14.2832   4.322421   4.322326     1.8449     1.5287       9.77   28.24520  -89.98720   -0.00003    0.00010          1  0.000e+00
      16243    676.750    190.942    192.314    14.2833    14.2829   4.322400   4.322304     1.8449     1.5287       9.77   28.24520  -89.98720   -0.00004    0.00010          1  0.000e+00
      16244    676.792    190.965    192.336    14.2831    14.2830   4.322414   4.322290     1.8449     1.5287       9.77   28.24520  -89.98720   -0.00005    0.00010          1  0.000e+00
      16245    676.833    191.003    192.375    14.2833    14.2829   4.322400   4.322269     1.8449     1.5287       9.77   28.24520  -89.98720   -0.00006    0.00010          1  0.000e+00
      16246    676.875    190.965    192.336    14.2831    14.2825   4.322386   4.322248     1.8437     1.5287       9.77   28.24520  -89.98720   -0.00008    0.00011          1  0.000e+00
      16247    676.917    191.003    192.375    14.2831    14.2826   4.322386   4.322283     1.8449     1.5287       9.79   28.24520  -89.98720   -0.00011    0.00011          1  0.000e+00
      16248    676.958    190.942    192.314    14.2830    14.2825   4.322393   4.322319     1.8449     1.5287       9.77   28.24520  -89.98720   -0.00010    0.00010          1  0.000e+00
      16249    677.000    190.965    192.336    14.2831    14.2829   4.322393   4.322389     1.8449     1.5287       9.77   28.24520  -89.98720   -0.00009    0.00010          1  0.000e+00
      16250    677.042    190.942    192.314    14.2830    14.2838   4.322386   4.322396     1.8449     1.5287       9.77   28.24520  -89.98720   -0.00010    0.00010          1  0.000e+00
      16251    677.083    190.851    192.222    14.2828    14.2839   4.322365   4.322403     1.8462     1.5287       9.77   28.24520  -89.98720   -0.00009    0.00010          1  0.000e+00
      16252    677.125    190.942    192.314    14.2830    14.2832   4.322379   4.322375     1.8449     1.5287       9.77   28.24520  -89.98720   -0.00010    0.00011          1  0.000e+00
      16253    677.167    190.828    192.199    14.2830    14.2829   4.322435   4.322417     1.8449     1.5287       9.79   28.24520  -89.98720   -0.00011    0.00009          1  0.000e+00
      19274    803.042    138.627    139.605    17.9383    17.9117   4.754495   4.751253     2.0769     1.7363      61.78   28.24522  -89.98722    0.00020    0.00087          2  0.000e+00
      19275    803.083    138.513    139.491    17.9415    17.9126   4.754728   4.751370     2.0769     1.7363      61.76   28.24522  -89.98722    0.00018    0.00087          2  0.000e+00
      19276    803.125    138.680    139.658    17.9417    17.9128   4.754742   4.751414     2.0769     1.7350      61.76   28.24522  -89.98722    0.00018    0.00085          2  0.000e+00
      19277    803.167    138.680    139.658    17.9409    17.9126   4.754699   4.751363     2.0769     1.7363      61.73   28.24522  -89.98722    0.00018    0.00084          2  0.000e+00
      19278    803.208    138.627    139.605    17.9396    17.9115   4.754568   4.751223     2.0769     1.7363      61.76   28.24522  -89.98722    0.00017    0.00083          2  0.000e+00
      19279    803.250    138.627    139.605    17.9391    17.9111   4.754408   4.751120     2.0769     1.7363      61.76   28.24522  -89.98722    0.00015    0.00081          2  0.000e+00
      19280    803.292    138.680    139.658    17.9385    17.9105   4.754307   4.750951     2.0769     1.7350      61.76   28.24522  -89.98722    0.00015    0.00077          2  0.000e+00
      19281    803.333    138.627    139.605    17.9376    17.9081   4.754256   4.750326     2.0769     1.7350      61.76   28.24522  -89.98722    0.00013    0.00072          2  0.000e+00
      19282    803.375    138.566    139.544    17.9374    17.8997   4.754249   4.749503     2.0769     1.7350      61.76   28.24522  -89.98722    0.00013    0.00070          2  0.000e+00
      19283    803.417    138.680    139.658    17.9374    17.8936   4.754307   4.748959     2.0769     1.7350      61.76   28.24522  -89.98722    0.00013    0.00065          2  0.000e+00
      19284    803.458    138.627    139.605    17.9381    17.8891   4.754358   4.748606     2.0769     1.7350      61.76   28.24522  -89.98722    0.00013    0.00061          2  0.000e+00
      19285    803.500    138.627    139.605    17.9396    17.8868   4.754488   4.748437     2.0769     1.7350      61.73   28.24522  -89.98722    0.00013    0.00058          2  0.000e+00
      19286    803.542    138.680    139.658    17.9410    17.8856   4.754648   4.748298     2.0769     1.7350      61.76   28.24522  -89.98722    0.00013    0.00055          2  0.000e+00
      19287    803.583    138.627    139.605    17.9424    17.8851   4.754807   4.748195     2.0769     1.7350      61.76   28.24522  -89.98722    0.00011    0.00052          2  0.000e+00
      19288    803.625    138.627    139.605    17.9434    17.8851   4.755032   4.748107     2.0769     1.7338      61.76   28.24522  -89.98722    0.00009    0.00045          2  0.000e+00
      19289    803.667    138.680    139.658    17.9448    17.8835   4.755185   4.748026     2.0769     1.7338      61.76   28.24522  -89.98722    0.00009    0.00039          2  0.000e+00
      19290    803.708    138.627    139.605    17.9455    17.8814   4.755330   4.747915     2.0769     1.7350      61.73   28.24522  -89.98722    0.00009    0.00034          2  0.000e+00
      19291    803.750    138.680    139.658    17.9460    17.8815   4.755374   4.748040     2.0769     1.7338      61.76   28.24522  -89.98722    0.00009    0.00029          2  0.000e+00
      19292    803.792    138.627    139.605    17.9460    17.8825   4.755374   4.748298     2.0769     1.7338      61.76   28.24522  -89.98722    0.00009    0.00024          2  0.000e+00
      19293    803.833    138.627    139.605    17.9455    17.8851   4.755286   4.748709     2.0769     1.7338      61.76   28.24522  -89.98722    0.00009    0.00019          2  0.000e+00
      19294    803.875    138.680    139.658    17.9449    17.8888   4.755221   4.748959     2.0769     1.7350      61.73   28.24522  -89.98722    0.00007    0.00016          2  0.000e+00
      19295    803.917    138.627    139.605    17.9448    17.8891   4.755185   4.748893     2.0769     1.7350      61.76   28.24522  -89.98722    0.00007    0.00013          2  0.000e+00
      19296    803.958    138.627    139.605    17.9443    17.8874   4.755178   4.748945     2.0781     1.7350      61.76   28.24522  -89.98722    0.00008    0.00010          2  0.000e+00
      19297    804.000    138.680    139.658    17.9441    17.8907   4.755112   4.749753     2.0781     1.7338      61.76   28.24522  -89.98722    0.00010    0.00005          2  0.000e+00
      19298    804.042    138.627    139.605    17.9439    17.9035   4.755003   4.751017     2.0781     1.7338      61.73   28.24522  -89.98722    0.00011 5.2753e-07          2  0.000e+00
      19299    804.083    138.627    139.605    17.9437    17.9117   4.754974   4.751709     2.0769     1.7350      61.73   28.24522  -89.98722    0.00011   -0.00003          2  0.000e+00
      19300    804.125    138.566    139.544    17.9433    17.9122   4.754909   4.751856     2.0769     1.7350      61.73   28.24522  -89.98722    0.00009   -0.00005          2  0.000e+00
      19301    804.167    138.740    139.719    17.9429    17.9164   4.754829   4.752201     2.0781     1.7350      61.73   28.24522  -89.98722    0.00009   -0.00008          2  0.000e+00
      19302    804.208    138.627    139.605    17.9406    17.9207   4.754626   4.752730     2.0781     1.7350      61.73   28.24522  -89.98722    0.00010   -0.00011          2  0.000e+00
      19303    804.250    138.627    139.605    17.9400    17.9206   4.754503   4.752694     2.0781     1.7350      61.73   28.24522  -89.98722    0.00012   -0.00015          2  0.000e+00
      19304    804.292    138.680    139.658    17.9404    17.9205   4.754488   4.752179     2.0769     1.7350      61.73   28.24522  -89.98722    0.00009   -0.00016          2  0.000e+00
      19305    804.333    138.627    139.605    17.9406    17.9180   4.754517   4.751664     2.0781     1.7350      61.73   28.24522  -89.98722    0.00009   -0.00018          2  0.000e+00
      19306    804.375    138.627    139.605    17.9405    17.9119   4.754532   4.751238     2.0781     1.7350      61.73   28.24522  -89.98722    0.00010   -0.00019          2  0.000e+00
      19307    804.417    138.627    139.605    17.9406    17.9074   4.754619   4.750804     2.0781     1.7350      61.73   28.24522  -89.98722    0.00011   -0.00021          2  0.000e+00
      19308    804.458    138.680    139.658    17.9413    17.9054   4.754648   4.750341     2.0781     1.7350      61.73   28.24522  -89.98722    0.00012   -0.00022          2  0.000e+00
      19309    804.500    138.627    139.605    17.9428    17.9029   4.754677   4.749826     2.0769     1.7350      61.73   28.24522  -89.98722    0.00012   -0.00024          2  0.000e+00
      19310    804.542    138.627    139.605    17.9436    17.8988   4.754749   4.749209     2.0781     1.7350      61.73   28.24522  -89.98722    0.00013   -0.00026          2  0.000e+00
