GOMECC/GOMECC-4/1db/rb2103_0051.ros
* Sea-Bird SBE 9 Data File:
* FileName = C:\Users\scs.user.rb\CTD\GOMECC4\data\rb2103_005.hex
* Software Version Seasave V 7.26.7.107
* Temperature SN = 4799
* Conductivity SN = 3860
* Number of Bytes Per Scan = 41
* Number of Voltage Words = 4
* Number of Scans Averaged by the Deck Unit = 1
* NMEA Latitude = 26 59.47 N
* NMEA Longitude = 079 56.01 W
* NMEA UTC (Time) = Sep 15 2021  02:01:09
* NMEA baud rate = 4800
# nquan = 17
# nvalues = 1729                                  
# units = specified
# name 0 = scan: Scan Count
# name 1 = timeS: Time, Elapsed [seconds]
# name 2 = depSM: Depth [salt water, m]
# name 3 = prDM: Pressure, Digiquartz [db]
# name 4 = t090C: Temperature [ITS-90, deg C]
# name 5 = t190C: Temperature, 2 [ITS-90, deg C]
# name 6 = c0S/m: Conductivity [S/m]
# name 7 = c1S/m: Conductivity, 2 [S/m]
# name 8 = sbeox0V: Oxygen raw, SBE 43 [V]
# name 9 = sbeox1V: Oxygen raw, SBE 43, 2 [V]
# name 10 = altM: Altimeter [m]
# name 11 = latitude: Latitude [deg]
# name 12 = longitude: Longitude [deg]
# name 13 = sbox0dV/dT: Oxygen, SBE 43 [dov/dt]
# name 14 = sbox1dV/dT: Oxygen, SBE 43, 2 [dov/dt]
# name 15 = nbf: Bottles Fired
# name 16 = flag:  0.000e+00
# interval = seconds: 0.0416667
# start_time = Sep 15 2021 02:01:09 [NMEA time, header]
# bad_flag = -9.990e-29
*END*
[from data line 1703]
      51783   2157.583      4.195      4.223    29.6245    29.6268   5.839287   5.839662     3.1477     2.6813     100.00   27.00542  -79.93096    0.00010    0.00139         13  0.000e+00
      51784   2157.625      4.119      4.147    29.6245    29.6272   5.839287   5.839670     3.1477     2.6813     100.00   27.00542  -79.93096    0.00008    0.00149         13  0.000e+00
      51785   2157.667      4.195      4.223    29.6245    29.6271   5.839287   5.839630     3.1477     2.6813     100.00   27.00542  -79.93096    0.00008    0.00159         13  0.000e+00
      51786   2157.708      4.195      4.223    29.6241    29.6272   5.839287   5.839646     3.1490     2.6813     100.00   27.00542  -79.93096    0.00009    0.00168         13  0.000e+00
      51787   2157.750      4.180      4.208    29.6243    29.6274   5.839255   5.839622     3.1477     2.6813     100.00   27.00542  -79.93096    0.00008    0.00176         13  0.000e+00
      51788   2157.792      4.195      4.223    29.6241    29.6273   5.839271   5.839622     3.1490     2.6801     100.00   27.00544  -79.93096    0.00009    0.00183         13  0.000e+00
      51789   2157.833      4.180      4.208    29.6245    29.6274   5.839216   5.839614     3.1477     2.6813     100.00   27.00544  -79.93096    0.00008    0.00189         13  0.000e+00
      51790   2157.875      4.195      4.223    29.6243    29.6272   5.839263   5.839614     3.1490     2.6801     100.00   27.00544  -79.93096    0.00008    0.00193         13  0.000e+00
      51791   2157.917      4.195      4.223    29.6243    29.6274   5.839287   5.839614     3.1477     2.6801     100.00   27.00544  -79.93096    0.00005    0.00197         13  0.000e+00
      51792   2157.958      4.180      4.208    29.6245    29.6274   5.839319   5.839590     3.1490     2.6801     100.00   27.00544  -79.93096    0.00004    0.00202         13  0.000e+00
      51793   2158.000      4.195      4.223    29.6245    29.6276   5.839295   5.839638     3.1490     2.6801     100.00   27.00544  -79.93096    0.00004    0.00204         13  0.000e+00
      51794   2158.042      4.233      4.261    29.6245    29.6276   5.839287   5.839662     3.1490     2.6801     100.00   27.00544  -79.93096    0.00003    0.00206         13  0.000e+00
      51795   2158.083      4.195      4.223    29.6247    29.6276   5.839247   5.839622     3.1490     2.6801     100.00   27.00544  -79.93096    0.00002    0.00208         13  0.000e+00
      51796   2158.125      4.135      4.162    29.6247    29.6278   5.839279   5.839622     3.1477     2.6801     100.00   27.00544  -79.93096   -0.00001    0.00209         13  0.000e+00
      51797   2158.167      4.293      4.322    29.6247    29.6274   5.839247   5.839686     3.1490     2.6801     100.00   27.00544  -79.93096   -0.00001    0.00209         13  0.000e+00
      51798   2158.208      4.195      4.223    29.6247    29.6276   5.839279   5.839670     3.1490     2.6801     100.00   27.00544  -79.93096 1.7584e-07    0.00209         13  0.000e+00
      51799   2158.250      4.180      4.208    29.6247    29.6274   5.839247   5.839662     3.1490     2.6801     100.00   27.00544  -79.93096    0.00001    0.00208         13  0.000e+00
      51800   2158.292      4.248      4.276    29.6249    29.6276   5.839239   5.839598     3.1490     2.6789     100.00   27.00544  -79.93096    0.00001    0.00206         13  0.000e+00
      51801   2158.333      4.195      4.223    29.6249    29.6276   5.839200   5.839638     3.1490     2.6789     100.00   27.00544  -79.93096    0.00002    0.00202         13  0.000e+00
      51802   2158.375      4.233      4.261    29.6247    29.6274   5.839224   5.839694     3.1490     2.6789     100.00   27.00544  -79.93096    0.00002    0.00200         13  0.000e+00
      51803   2158.417      4.195      4.223    29.6245    29.6274   5.839279   5.839646     3.1490     2.6789     100.00   27.00544  -79.93096    0.00003    0.00198         13  0.000e+00
      51804   2158.458      4.180      4.208    29.6245    29.6276   5.839247   5.839654     3.1490     2.6777     100.00   27.00544  -79.93096    0.00003    0.00192         13  0.000e+00
      51805   2158.500      4.248      4.276    29.6247    29.6276   5.839279   5.839662     3.1490     2.6777     100.00   27.00544  -79.93096    0.00003    0.00186         13  0.000e+00
      51806   2158.542      4.248      4.276    29.6249    29.6276   5.839247   5.839694     3.1490     2.6764     100.00   27.00544  -79.93096    0.00004    0.00178         13  0.000e+00
      51807   2158.583      4.233      4.261    29.6254    29.6274   5.839208   5.839718     3.1490     2.6764     100.00   27.00544  -79.93096    0.00004    0.00170         13  0.000e+00
      51808   2158.625      4.195      4.223    29.6256    29.6274   5.839295   5.839750     3.1490     2.6752     100.00   27.00544  -79.93096    0.00004    0.00160         13  0.000e+00
