GOMECC/GOMECC-4/1db/rb2103_0721.cnv
* Sea-Bird SBE 9 Data File:
* FileName = C:\Users\scs.user.rb\CTD\GOMECC4\data\rb2103_0721.hex
* Software Version Seasave V 7.26.7.107
* Temperature SN = 4799
* Conductivity SN = 3860
* Number of Bytes Per Scan = 41
* Number of Voltage Words = 4
* Number of Scans Averaged by the Deck Unit = 1
* NMEA Latitude = 26 03.50 N
* NMEA Longitude = 093 43.74 W
* NMEA UTC (Time) = Oct 04 2021  04:36:25
* NMEA baud rate = 4800
# nquan = 28
# nvalues = 570                         
# units = specified
# name 0 = scan: Scan Count
# name 1 = timeS: Time, Elapsed [seconds]
# name 2 = depSM: Depth [salt water, m]
# name 3 = prDM: Pressure, Digiquartz [db]
# name 4 = t090C: Temperature [ITS-90, deg C]
# name 5 = t190C: Temperature, 2 [ITS-90, deg C]
# name 6 = c0S/m: Conductivity [S/m]
# name 7 = c1S/m: Conductivity, 2 [S/m]
# name 8 = sbeox0V: Oxygen raw, SBE 43 [V]
# name 9 = sbeox1V: Oxygen raw, SBE 43, 2 [V]
# name 10 = altM: Altimeter [m]
# name 11 = latitude: Latitude [deg]
# name 12 = longitude: Longitude [deg]
# name 13 = sbox0dV/dT: Oxygen, SBE 43 [dov/dt]
# name 14 = sbox1dV/dT: Oxygen, SBE 43, 2 [dov/dt]
# name 15 = sbeox0ML/L: Oxygen, SBE 43 [ml/l], WS = 5
# name 16 = sbeox1ML/L: Oxygen, SBE 43, 2 [ml/l], WS = 5
# name 17 = potemp090C: Potential Temperature [ITS-90, deg C]
# name 18 = potemp190C: Potential Temperature, 2 [ITS-90, deg C]
# name 19 = sal00: Salinity, Practical [PSU]
# name 20 = sal11: Salinity, Practical, 2 [PSU]
# name 21 = sigma-é00: Density [sigma-theta, kg/m^3]
# name 22 = sigma-é11: Density, 2 [sigma-theta, kg/m^3]
# name 23 = avgsvCM: Average Sound Velocity [Chen-Millero, m/s], minP = 20, minS = 20
# name 24 = sbox0Mm/Kg: Oxygen, SBE 43 [umol/kg], WS = 5
# name 25 = sbox1Mm/Kg: Oxygen, SBE 43, 2 [umol/kg], WS = 5
# name 26 = nbin: number of scans per bin
# name 27 = flag: flag
# span 0 =      13850,     223622       
# span 1 =    577.031,   9317.554       
# span 2 =      0.993,   3083.789       
# span 3 =      1.000,   3127.000       
# span 4 =     4.2856,    29.1104       
# span 5 =     4.2864,    29.2004       
# span 6 =   3.348682,   5.890145       
# span 7 =   3.348636,   5.899107       
# span 8 =     1.5821,     3.2212       
# span 9 =     1.2863,     2.7532       
# span 10 =      13.73,     100.94      
# span 11 =   25.98091,   26.30996      
# span 12 =  -94.62395,  -93.44201      
# span 13 =   -0.04268,    0.02670      
# span 14 =   -0.03984,    0.02645      
# span 15 =     2.5240,     4.8344      
# span 16 =     2.5449,     4.8444      
# span 17 =     4.0794,    29.1082      
# span 18 =     4.0806,    29.1999      
# span 19 =    34.9071,    36.8166      
# span 20 =    34.9054,    36.8139      
# span 21 =    22.7239,    27.7595      
# span 22 =    22.7240,    27.7580      
# span 23 =       0.00,    1545.00      
# span 24 =    109.737,    210.766      
# span 25 =    110.647,    211.200      
# span 26 =         30,         76      
# span 27 = 0.0000e+00, 0.0000e+00      
# interval = decibars: 1                
# start_time = Oct 04 2021 04:36:25 [NMEA time, header]
# bad_flag = -9.990e-29
*END*
[from data line 52]
      16486    686.879     55.628     56.000    27.0441    27.0504   5.698683   5.699453     3.1880     2.7160     100.00   26.05916  -93.72324    0.01252    0.01223     4.6221     4.6258    27.0312    27.0375    36.2496    36.2508    23.6493    23.6482    1544.86    201.655    201.818         46 0.0000e+00
      16529    688.651     56.621     57.000    26.9033    26.9052   5.689492   5.689945     3.2074     2.7342     100.00   26.05916  -93.72324    0.01160    0.01116     4.6714     4.6757    26.8902    26.8921    36.2933    36.2950    23.7275    23.7281    1544.81    203.788    203.978         44 0.0000e+00
      16577    690.663     57.615     58.000    26.8373    26.8414   5.685239   5.686005     3.2109     2.7344     100.00   26.05916  -93.72324    0.00661    0.00549     4.6835     4.6818    26.8290    26.8284    36.3101    36.3126    23.7598    23.7603    1544.74    204.311    204.236         50 0.0000e+00
      16625    692.681     58.608     59.000    26.6675    26.6668   5.667825   5.668274     3.2084     2.7346     100.00   26.05916  -93.72324   -0.00013   -0.00032     4.6933     4.6950    26.6541    26.6533    36.3213    36.3233    23.8239    23.8257    1544.68    204.726    204.801         48 0.0000e+00
      16674    694.705     59.601     60.000    26.6092    26.6126   5.665218   5.665589     3.2175     2.7432     100.00   26.05916  -93.72324    0.00168    0.00200     4.7147     4.7174    26.5990    26.5990    36.3453    36.3472    23.8596    23.8607    1544.61    205.652    205.771         48 0.0000e+00
      16720    696.609     60.594     61.000    26.5016    26.5058   5.652287   5.653001     3.2212     2.7458     100.00   26.05916  -93.72324    0.00344    0.00320     4.7324     4.7328    26.4847    26.4921    36.3412    36.3433    23.8928    23.8931    1544.54    206.419    206.434         45 0.0000e+00
      16767    698.565     61.587     62.000    26.3790    26.3879   5.648404   5.648933     3.2172     2.7467      98.88   26.05916  -93.72324    0.00047    0.00139     4.7324     4.7419    26.3805    26.3741    36.3949    36.3956    23.9663    23.9656    1544.47    206.403    206.816         49 0.0000e+00
      16816    700.638     62.580     63.000    26.2127    26.2109   5.628860   5.628948     3.1989     2.7284      99.62   26.05916  -93.72324   -0.00737   -0.00588     4.7140     4.7191    26.1982    26.1966    36.3963    36.3984    24.0250    24.0271    1544.40    205.586    205.809         48 0.0000e+00
      16862    702.523     63.574     64.000    26.1218    26.1267   5.619516   5.620366     3.1996     2.7288     100.00   26.05916  -93.72324   -0.00362   -0.00444     4.7235     4.7269    26.1074    26.1123    36.3998    36.4021    24.0561    24.0563    1544.33    205.996    206.143         45 0.0000e+00
      16910    704.528     64.567     65.000    26.0389    26.0413   5.609930   5.610509     3.2014     2.7305     100.00   26.05916  -93.72324    0.00033    0.00045     4.7346     4.7381    26.0243    26.0267    36.3952    36.3975    24.0788    24.0798    1544.26    206.476    206.628         49 0.0000e+00
      16957    706.484     65.560     66.000    25.9104    25.9159   5.595592   5.596529     3.2082     2.7387     100.00   26.05916  -93.72324    0.00216    0.00256     4.7595     4.7661    25.8956    25.9012    36.3921    36.3945    24.1167    24.1168    1544.18    207.552    207.840         47 0.0000e+00
      17006    708.553     66.553     67.000    25.7960    25.8007   5.583009   5.583912     3.2105     2.7396     100.00   26.05916  -93.72324    0.00251    0.00226     4.7743     4.7778    25.7811    25.7858    36.3904    36.3933    24.1512    24.1519    1544.10    208.191    208.347         51 0.0000e+00
      17054    710.530     67.546     68.000    25.6466    25.6523   5.564085   5.565243     3.2147     2.7462      61.03   26.05916  -93.72324    0.00117    0.00146     4.7963     4.8052    25.6315    25.6372    36.3700    36.3740    24.1824    24.1837    1544.02    209.147    209.531         44 0.0000e+00
      17097    712.353     68.540     69.000    25.5980    25.5974   5.563914   5.563724     3.2199     2.7532      99.54   26.05917  -93.72324    0.00377    0.00445     4.8119     4.8254    25.5827    25.5822    36.4072    36.4063    24.2257    24.2251    1543.94    209.818    210.407         45 0.0000e+00
      17150    714.522     69.533     70.000    25.4592    25.4701   5.548149   5.550073     3.1844     2.7116     100.00   26.05917  -93.72324   -0.00749   -0.00959     4.7545     4.7466    25.4438    25.4546    36.4015    36.4071    24.2644    24.2652    1543.86    207.306    206.959         56 0.0000e+00
      17197    716.499     70.526     71.000    25.2143    25.2195   5.516174   5.517176     3.1866     2.7199     100.00   26.05918  -93.72324   -0.01339   -0.01110     4.7804     4.7846    25.1988    25.2039    36.3606    36.3639    24.3090    24.3099    1543.78    208.427    208.611         40 0.0000e+00
      17241    718.337     71.519     72.000    25.0970    25.1032   5.502938   5.504041     3.2007     2.7339     100.00   26.05918  -93.72324    0.00529    0.00672     4.8202     4.8266    25.0813    25.0874    36.3561    36.3593    24.3416    24.3422    1543.69    210.156    210.432         52 0.0000e+00
      17294    720.525     72.512     73.000    24.9821    24.9850   5.489030   5.489626     3.2002     2.7368     100.00   26.05918  -93.72324    0.00237    0.00296     4.8303     4.8436    24.9663    24.9691    36.3445    36.3466    24.3681    24.3688    1543.60    210.591    211.171         48 0.0000e+00
      17340    722.472     73.505     74.000    24.9389    24.9407   5.484673   5.485044     3.2001     2.7352      92.05   26.05918  -93.72324   -0.00016    0.00056     4.8344     4.8444    24.9228    24.9246    36.3465    36.3478    24.3829    24.3833    1543.51    210.766    211.200         50 0.0000e+00
      17390    724.526     74.499     75.000    24.8978    24.9012   5.481939   5.482589     3.1893     2.7242     100.19   26.05918  -93.72324   -0.00193   -0.00272     4.8174     4.8243    24.8815    24.8849    36.3586    36.3605    24.4046    24.4050    1543.42    210.020    210.320         44 0.0000e+00
      17433    726.330     75.491     76.000    24.8141    24.8121   5.474203   5.473820     3.1752     2.7137     100.00   26.05918  -93.72324   -0.00721   -0.00645     4.7974     4.8092    24.7976    24.7956    36.3682    36.3669    24.4374    24.4370    1543.33    209.140    209.657         48 0.0000e+00
      17486    728.534     76.485     77.000    24.8803    24.8786   5.490842   5.490429     3.1473     2.6831      78.55   26.05918  -93.72324   -0.00793   -0.00642     4.7359     4.7364    24.8636    24.8619    36.4389    36.4372    24.4709    24.4700    1543.24    206.455    206.475         52 0.0000e+00
      17532    730.472     77.478     78.000    24.9209    24.9159   5.502714   5.501771     3.0821     2.6177      99.92   26.05918  -93.72324   -0.02383   -0.02613     4.6042     4.5917    24.9039    24.8990    36.4945    36.4915    24.5006    24.4998    1543.17    200.709    200.161         44 0.0000e+00
      17579    732.417     78.471     79.000    25.0349    25.0342   5.525078   5.524606     3.0167     2.5575     100.00   26.05918  -93.72324   -0.03215   -0.03047     4.4674     4.4530    25.0168    25.0170    36.5697    36.5676    24.5229    24.5219    1543.09    194.738    194.112         50 0.0000e+00
      17631    734.584     79.464     80.000    25.0990    25.0984   5.542267   5.541988     2.9280     2.4739     100.00   26.05918  -93.72324   -0.03739   -0.03459     4.2871     4.2660    25.0816    25.0809    36.6449    36.6433    24.5600    24.5590    1543.02    186.874    185.952         50 0.0000e+00
      17675    736.410     80.457     81.000    25.1039    25.1060   5.547034   5.547359     2.8491     2.4034     100.00   26.05918  -93.72324   -0.04268   -0.03984     4.1332     4.1138    25.0862    25.0883    36.6762    36.6769    24.5822    24.5821    1542.96    180.162    179.315         41 0.0000e+00
      17722    738.389     81.450     82.000    25.0621    25.0656   5.544446   5.544913     2.7982     2.3621     100.00   26.05918  -93.72324   -0.03569   -0.03065     4.0377     4.0281    25.0441    25.0477    36.6906    36.6912    24.6060    24.6054    1542.89    175.995    175.574         55 0.0000e+00
      17775    740.573     82.443     83.000    24.9597    24.9645   5.534797   5.535532     2.7646     2.3354     100.00   26.05918  -93.72324   -0.01905   -0.01534     3.9802     3.9779    24.9416    24.9464    36.7014    36.7030    24.6456    24.6453    1542.83    173.480    173.381         45 0.0000e+00
      17817    742.329     83.436     84.000    24.8592    24.8641   5.522595   5.523847     2.7572     2.3330     100.00   26.05918  -93.72324   -0.01084   -0.00803     3.9739     3.9802    24.8371    24.8458    36.6946    36.6969    24.6723    24.6714    1542.77    173.201    173.477         44 0.0000e+00
      17865    744.333     84.430     85.000    24.6934    24.6998   5.507825   5.508549     2.7530     2.3310     100.00   26.05918  -93.72324   -0.00278   -0.00056     3.9773     3.9867    24.6750    24.6815    36.7156    36.7158    24.7376    24.7358    1542.70    173.339    173.750         50 0.0000e+00
      17914    746.378     85.423     86.000    24.6307    24.6314   5.505824   5.505826     2.7121     2.2881      92.00   26.05918  -93.72324   -0.01079   -0.01140     3.9016     3.8989    24.6122    24.6128    36.7515    36.7509    24.7838    24.7832    1542.63    170.031    169.912         49 0.0000e+00
      17964    748.448     86.416     87.000    24.6090    24.6119   5.507881   5.508349     2.6853     2.2669     100.12   26.05918  -93.72324   -0.01702   -0.01545     3.8505     3.8538    24.5903    24.5931    36.7844    36.7856    24.8154    24.8154    1542.56    167.797    167.944         49 0.0000e+00
      18009    750.336     87.409     88.000    24.5762    24.5783   5.505907   5.506224     2.6655     2.2481      90.60   26.05918  -93.72324   -0.01304   -0.01137     3.8142     3.8157    24.5572    24.5593    36.7961    36.7968    24.8343    24.8342    1542.50    166.213    166.280         42 0.0000e+00
      18053    752.153     88.402     89.000    24.5318    24.5344   5.502594   5.503089     2.6478     2.2332      81.33   26.05919  -93.72323   -0.01005   -0.00887     3.7828     3.7864    24.5126    24.5152    36.8073    36.8088    24.8562    24.8566    1542.44    164.843    164.998         48 0.0000e+00
      18104    754.283     89.395     90.000    24.4788    24.4815   5.495695   5.496128     2.6354     2.2242     100.11   26.05919  -93.72324   -0.00823   -0.00677     3.7627     3.7710    24.4595    24.4622    36.7983    36.7994    24.8655    24.8655    1542.37    163.966    164.326         52 0.0000e+00
      18154    756.361     90.388     91.000    24.4114    24.4138   5.486605   5.487163     2.6335     2.2250     100.00   26.05920  -93.72322   -0.00271   -0.00123     3.7643     3.7779    24.3918    24.3943    36.7847    36.7869    24.8756    24.8766    1542.30    164.035    164.627         47 0.0000e+00
      18198    758.192     91.381     92.000    24.2616    24.2675   5.466149   5.467277     2.6322     2.2236     100.00   26.05920  -93.72322   -0.00109   -0.00027     3.7735     3.7856    24.2419    24.2480    36.7528    36.7562    24.8966    24.8973    1542.24    164.431    164.956         43 0.0000e+00
      18244    760.109     92.374     93.000    24.0617    24.0700   5.440185   5.441566     2.6368     2.2291     100.00   26.05920  -93.72322    0.00071    0.00090     3.7976     3.8117    24.0420    24.0502    36.7198    36.7234    24.9315    24.9318    1542.17    165.476    166.090         50 0.0000e+00
      18297    762.322     93.367     94.000    23.9188    23.9235   5.422415   5.423215     2.6457     2.2387     100.00   26.05920  -93.72322    0.00342    0.00398     3.8263     3.8434    23.8989    23.9037    36.7019    36.7041    24.9606    24.9609    1542.09    166.722    167.467         51 0.0000e+00
      18340    764.134     94.360     95.000    23.9072    23.9083   5.422288   5.422584     2.6470     2.2363     100.00   26.05920  -93.72322    0.00322    0.00231     3.8300     3.8393    23.8871    23.8882    36.7102    36.7116    24.9705    24.9712    1542.02    166.882    167.287         40 0.0000e+00
      18386    766.055     95.353     96.000    23.8286    23.8359   5.412290   5.413474     2.6371     2.2286     100.00   26.05920  -93.72322   -0.00190   -0.00280     3.8179     3.8283    23.8084    23.8156    36.6985    36.7015    24.9849    24.9850    1541.95    166.349    166.805         52 0.0000e+00
      18436    768.130     96.346     97.000    23.6893    23.6921   5.394489   5.395059     2.6332     2.2291      97.03   26.05920  -93.72322   -0.00398   -0.00208     3.8197     3.8398    23.6689    23.6717    36.6771    36.6792    25.0101    25.0108    1541.88    166.426    167.301         46 0.0000e+00
      18483    770.072     97.339     98.000    23.5868    23.5943   5.381428   5.382570     2.6370     2.2298      87.62   26.05920  -93.72322    0.00033    0.00078     3.8353     3.8490    23.5663    23.5738    36.6614    36.6648    25.0285    25.0288    1541.80    167.101    167.699         50 0.0000e+00
      18534    772.201     98.332     99.000    23.2936    23.3100   5.342112   5.344730     2.6424     2.2355     100.34   26.05920  -93.72322    0.00191    0.00105     3.8691     3.8821    23.2731    23.2894    36.6016    36.6082    25.0692    25.0694    1541.72    168.568    169.137         48 0.0000e+00
      18577    774.010     99.325    100.000    22.9143    22.9171   5.291283   5.291998     2.6529     2.2510     100.00   26.05920  -93.72322    0.00367    0.00448     3.9194     3.9456    22.8938    22.8966    36.5231    36.5263    25.1201    25.1217    1541.63    170.751    171.891         42 0.0000e+00
      18625    775.988    100.318    101.000    22.8876    22.8884   5.287883   5.288162     2.6872     2.2817      80.68   26.05920  -93.72322    0.01227    0.01282     3.9924     4.0173    22.8669    22.8677    36.5186    36.5201    25.1244    25.1254    1541.54    173.931    175.016         54 0.0000e+00
      18677    778.164    101.311    102.000    22.9953    22.9916   5.312588   5.311567     2.6919     2.2846     100.77   26.05920  -93.72322    0.01003    0.00925     3.9926     4.0158    22.9743    22.9707    36.6204    36.6155    25.1706    25.1680    1541.45    173.930    174.943         45 0.0000e+00
      18719    779.914    102.304    103.000    23.0147    23.0175   5.320626   5.321150     2.6328     2.2210     100.00   26.05920  -93.72322   -0.01405   -0.01584     3.8709     3.8707    22.9935    22.9963    36.6663    36.6680    25.1999    25.2004    1541.37    168.623    168.614         45 0.0000e+00
      18769    782.015    103.297    104.000    22.9868    22.9869   5.318224   5.318226     2.6044     2.1995     100.00   26.05920  -93.72322   -0.02410   -0.02243     3.8152     3.8249    22.9655    22.9655    36.6706    36.6706    25.2113    25.2113    1541.29    166.198    166.617         52 0.0000e+00
      18818    784.021    104.290    105.000    23.0500    23.0498   5.332305   5.332056     2.5870     2.1823     100.00   26.05920  -93.72322   -0.01158   -0.00973     3.7724     3.7793    23.0317    23.0285    36.7239    36.7229    25.2325    25.2320    1541.21    164.329    164.629         47 0.0000e+00
      18866    786.033    105.283    106.000    23.0102    23.0138   5.328718   5.329293     2.5564     2.1527     100.00   26.05920  -93.72322   -0.01199   -0.01225     3.7162     3.7183    22.9883    22.9920    36.7319    36.7333    25.2512    25.2512    1541.13    161.876    161.969         47 0.0000e+00
