GOMECC/GOMECC-4/1db/rb2103_1381.cnv
* Sea-Bird SBE 9 Data File:
* FileName = C:\Users\scs.user.rb\CTD\GOMECC4\data\rb2103_1381.hex
* Software Version Seasave V 7.26.7.107
* Temperature SN = 4799
* Conductivity SN = 3860
* Number of Bytes Per Scan = 41
* Number of Voltage Words = 4
* Number of Scans Averaged by the Deck Unit = 1
* NMEA Latitude = 25 52.44 N
* NMEA Longitude = 084 23.57 W
* NMEA UTC (Time) = Oct 20 2021  08:17:47
* NMEA baud rate = 4800
# nquan = 28
# nvalues = 320                         
# units = specified
# name 0 = scan: Scan Count
# name 1 = timeS: Time, Elapsed [seconds]
# name 2 = depSM: Depth [salt water, m]
# name 3 = prDM: Pressure, Digiquartz [db]
# name 4 = t090C: Temperature [ITS-90, deg C]
# name 5 = t190C: Temperature, 2 [ITS-90, deg C]
# name 6 = c0S/m: Conductivity [S/m]
# name 7 = c1S/m: Conductivity, 2 [S/m]
# name 8 = sbeox0V: Oxygen raw, SBE 43 [V]
# name 9 = sbeox1V: Oxygen raw, SBE 43, 2 [V]
# name 10 = altM: Altimeter [m]
# name 11 = latitude: Latitude [deg]
# name 12 = longitude: Longitude [deg]
# name 13 = sbox0dV/dT: Oxygen, SBE 43 [dov/dt]
# name 14 = sbox1dV/dT: Oxygen, SBE 43, 2 [dov/dt]
# name 15 = sbeox0ML/L: Oxygen, SBE 43 [ml/l], WS = 5
# name 16 = sbeox1ML/L: Oxygen, SBE 43, 2 [ml/l], WS = 5
# name 17 = potemp090C: Potential Temperature [ITS-90, deg C]
# name 18 = potemp190C: Potential Temperature, 2 [ITS-90, deg C]
# name 19 = sal00: Salinity, Practical [PSU]
# name 20 = sal11: Salinity, Practical, 2 [PSU]
# name 21 = sigma-é00: Density [sigma-theta, kg/m^3]
# name 22 = sigma-é11: Density, 2 [sigma-theta, kg/m^3]
# name 23 = avgsvCM: Average Sound Velocity [Chen-Millero, m/s], minP = 20, minS = 20
# name 24 = sbox0Mm/Kg: Oxygen, SBE 43 [umol/kg], WS = 5
# name 25 = sbox1Mm/Kg: Oxygen, SBE 43, 2 [umol/kg], WS = 5
# name 26 = nbin: number of scans per bin
# name 27 = flag: flag
# span 0 =      11676,      49373       
# span 1 =    486.442,   2057.155       
# span 2 =      1.987,    201.583       
# span 3 =      2.000,    203.000       
# span 4 =    15.7138,    28.5917       
# span 5 =    15.7149,    28.6061       
# span 6 =   4.490374,   5.762413       
# span 7 =   4.490527,   5.762914       
# span 8 =     1.9197,     3.1860       
# span 9 =     1.5862,     2.7004       
# span 10 =      10.09,     101.57      
# span 11 =   25.50225,   25.98124      
# span 12 =  -84.74127,  -83.17848      
# span 13 =   -0.03456,    0.01600      
# span 14 =   -0.03325,    0.02105      
# span 15 =     2.8310,     4.6933      
# span 16 =     2.8380,     4.6820      
# span 17 =    15.6852,    28.5867      
# span 18 =    15.6864,    28.6011      
# span 19 =    34.8696,    36.5477      
# span 20 =    34.8704,    36.5464      
# span 21 =    22.1832,    26.6791      
# span 22 =    22.1833,    26.6788      
# span 23 =       0.00,    1547.83      
# span 24 =    123.159,    204.625      
# span 25 =    123.465,    204.117      
# span 26 =         30,         70      
# span 27 = 0.0000e+00, 0.0000e+00      
# interval = decibars: 1                
# start_time = Oct 20 2021 08:17:47 [NMEA time, header]
# bad_flag = -9.990e-29
*END*
[from data line 156]
      19076    794.801    190.665    192.000    15.7194    15.7206   4.491924   4.492058     1.9218     1.5885      21.24   25.87316  -84.38951   -0.00029   -0.00026     2.8554     2.8645    15.6891    15.6904    36.0848    36.0848    26.6537    26.6534    1525.46    124.211    124.606         33 0.0000e+00
      19113    796.330    191.657    193.000    15.7201    15.7218   4.492149   4.492336     1.9217     1.5885      20.02   25.87420  -84.39290   -0.00011   -0.00040     2.8556     2.8645    15.6897    15.6914    36.0861    36.0863    26.6547    26.6544    1525.46    124.220    124.609         38 0.0000e+00
      19149    797.830    192.650    194.000    15.7196    15.7210   4.492135   4.492283     1.9217     1.5893      19.24   25.87420  -84.39290   -0.00007    0.00000     2.8559     2.8672    15.6891    15.6904    36.0860    36.0861    26.6547    26.6545    1525.40    124.231    124.726         34 0.0000e+00
      19180    799.137    193.642    195.000    15.7207    15.7223   4.492322   4.492486     1.9216     1.5893      18.18   25.87420  -84.39290   -0.00002    0.00038     2.8559     2.8674    15.6900    15.6915    36.0863    36.0864    26.6547    26.6544    1525.34    124.232    124.734         30 0.0000e+00
      19244    801.784    195.627    197.000    15.7163    15.7175   4.491575   4.491701     1.9215     1.5872      16.27   25.87126  -84.38332   -0.00003   -0.00074     2.8567     2.8630    15.6853    15.6865    36.0817    36.0817    26.6520    26.6517    1525.04    124.269    124.542         35 0.0000e+00
      19516    813.110    197.613    199.000    15.7321    15.7335   4.496091   4.496245     1.9231     1.5891      14.07   25.89695  -84.46711   -0.00017   -0.00044     2.8596     2.8672    15.7007    15.7021    36.1171    36.1172    26.6782    26.6780    1526.45    124.392    124.727         34 0.0000e+00
      20475    853.098    201.583    203.000    15.7338    15.7351   4.496557   4.496673     1.9219     1.5889      10.09   25.89801  -84.47049    0.00013   -0.00027     2.8580     2.8681    15.7018    15.7030    36.1185    36.1184    26.6791    26.6788    1526.27    124.324    124.763         56 0.0000e+00
      22276    928.134    200.590    202.000    15.7271    15.7228   4.493128   4.492696     1.9197     1.5869      10.59   25.87430  -84.39288   -0.00017    0.00004     2.8536     2.8637    15.6952    15.6909    36.0850    36.0849    26.6525    26.6534    1524.85    124.132    124.574         48 0.0000e+00
      22432    934.635    199.598    201.000    15.7240    15.7233   4.492798   4.492694     1.9198     1.5872      11.55   25.87430  -84.39288   -0.00000    0.00014     2.8537     2.8641    15.6923    15.6915    36.0851    36.0849    26.6533    26.6533    1524.85    124.138    124.590         51 0.0000e+00
      22501    937.493    198.605    200.000    15.7267    15.7237   4.493030   4.492703     1.9206     1.5863      12.44   25.87430  -84.39288    0.00035   -0.00020     2.8550     2.8612    15.6951    15.6921    36.0850    36.0850    26.6526    26.6533    1524.85    124.193    124.464         60 0.0000e+00
      22566    940.197    197.612    199.000    15.7277    15.7255   4.493077   4.492846     1.9204     1.5862      13.46   25.87431  -84.39288    0.00002   -0.00024     2.8542     2.8606    15.6963    15.6941    36.0852    36.0851    26.6524    26.6529    1524.85    124.158    124.438         65 0.0000e+00
      22645    943.481    196.620    198.000    15.7253    15.7247   4.492791   4.492768     1.9199     1.5874      14.42   25.87432  -84.39288   -0.00013    0.00047     2.8527     2.8633    15.6940    15.6934    36.0852    36.0853    26.6529    26.6532    1524.85    124.095    124.557         49 0.0000e+00
      22684    945.131    195.628    197.000    15.7254    15.7239   4.492843   4.492802     1.9205     1.5872      15.14   25.87432  -84.39288   -0.00003    0.00010     2.8538     2.8621    15.6943    15.6929    36.0851    36.0857    26.6528    26.6536    1524.85    124.141    124.504         38 0.0000e+00
      22760    948.287    194.635    196.000    15.7231    15.7236   4.492480   4.492557     1.9206     1.5866      16.35   25.87432  -84.39288    0.00005   -0.00004     2.8538     2.8606    15.6922    15.6926    36.0852    36.0855    26.6534    26.6535    1524.85    124.141    124.440         33 0.0000e+00
      22849    952.012    192.650    194.000    15.7197    15.7204   4.491624   4.491718     1.9206     1.5867      18.20   25.87039  -84.38004    0.00008   -0.00008     2.8535     2.8604    15.6891    15.6898    36.0799    36.0801    26.6496    26.6496    1524.62    124.127    124.427         39 0.0000e+00
      22925    955.175    191.657    193.000    15.7219    15.7231   4.492232   4.492372     1.9207     1.5871      19.27   25.87434  -84.39288    0.00005    0.00010     2.8531     2.8610    15.6914    15.6926    36.0853    36.0854    26.6536    26.6535    1524.85    124.113    124.456         49 0.0000e+00
      22975    957.250    190.665    192.000    15.7222    15.7230   4.492225   4.492334     1.9207     1.5872      20.22   25.87434  -84.39288   -0.00020    0.00016     2.8527     2.8609    15.6919    15.6928    36.0853    36.0855    26.6535    26.6535    1524.85    124.094    124.452         54 0.0000e+00
      23022    959.211    189.672    191.000    15.7225    15.7234   4.492208   4.492326     1.9207     1.5874      21.12   25.87434  -84.39288    0.00007 7.9649e-07     2.8523     2.8610    15.6923    15.6932    36.0853    36.0856    26.6534    26.6534    1524.85    124.078    124.455         40 0.0000e+00
      23068    961.133    188.680    190.000    15.7219    15.7227   4.492110   4.492216     1.9207     1.5881      22.16   25.87434  -84.39288   -0.00000    0.00029     2.8521     2.8625    15.6919    15.6927    36.0854    36.0856    26.6536    26.6536    1524.85    124.068    124.522         53 0.0000e+00
      23133    963.845    187.687    189.000    15.7217    15.7226   4.492038   4.492148     1.9213     1.5879      23.13   25.87434  -84.39288    0.00010   -0.00001     2.8532     2.8616    15.6919    15.6928    36.0853    36.0855    26.6535    26.6535    1524.85    124.116    124.483         44 0.0000e+00
      23168    965.278    186.694    188.000    15.7216    15.7223   4.491986   4.492090     1.9217     1.5887      24.00   25.87434  -84.39288    0.00031    0.00009     2.8538     2.8633    15.6920    15.6927    36.0853    36.0856    26.6535    26.6536    1524.85    124.142    124.556         35 0.0000e+00
      23211    967.102    185.702    187.000    15.7207    15.7216   4.491859   4.491961     1.9217     1.5879      25.04   25.87436  -84.39288    0.00014    0.00010     2.8533     2.8610    15.6912    15.6921    36.0854    36.0855    26.6538    26.6536    1524.85    124.119    124.453         52 0.0000e+00
      23259    969.083    184.709    186.000    15.7203    15.7216   4.491765   4.491912     1.9220     1.5875      25.99   25.87436  -84.39288    0.00003   -0.00045     2.8536     2.8594    15.6910    15.6923    36.0853    36.0854    26.6537    26.6535    1524.85    124.135    124.387         42 0.0000e+00
      23303    970.924    183.717    185.000    15.7205    15.7212   4.491726   4.491833     1.9224     1.5885      26.99   25.87438  -84.39288    0.00022    0.00020     2.8544     2.8618    15.6913    15.6920    36.0852    36.0855    26.6536    26.6537    1524.85    124.170    124.491         49 0.0000e+00
      23351    972.903    182.724    184.000    15.7201    15.7208   4.491644   4.491749     1.9219     1.5894      27.97   25.87438  -84.39288    0.00002    0.00046     2.8529     2.8639    15.6911    15.6918    36.0852    36.0855    26.6536    26.6537    1524.85    124.104    124.581         42 0.0000e+00
      23388    974.456    181.731    183.000    15.7198    15.7205   4.491572   4.491667     1.9219     1.5896      28.89   25.87438  -84.39288   -0.00020    0.00043     2.8525     2.8639    15.6910    15.6917    36.0852    36.0855    26.6537    26.6537    1524.85    124.085    124.583         34 0.0000e+00
      23421    975.834    180.739    182.000    15.7199    15.7207   4.491534   4.491648     1.9219     1.5897      29.73   25.87438  -84.39288   -0.00006    0.00018     2.8522     2.8639    15.6912    15.6920    36.0853    36.0855    26.6537    26.6537    1524.85    124.073    124.579         35 0.0000e+00
      23462    977.535    179.746    181.000    15.7194    15.7205   4.491453   4.491583     1.9228     1.5895      30.92   25.87438  -84.39288    0.00017   -0.00005     2.8539     2.8631    15.6909    15.6920    36.0853    36.0855    26.6538    26.6537    1524.85    124.145    124.548         45 0.0000e+00
      23503    979.267    178.753    180.000    15.7195    15.7206   4.491412   4.491552     1.9227     1.5894      31.83   25.87440  -84.39288    0.00036   -0.00001     2.8533     2.8624    15.6912    15.6923    36.0853    36.0855    26.6537    26.6536    1524.85    124.119    124.516         36 0.0000e+00
      23536    980.611    177.761    179.000    15.7199    15.7207   4.491406   4.491517     1.9223     1.5884      32.66   25.87440  -84.39288   -0.00004   -0.00025     2.8521     2.8595    15.6917    15.6925    36.0853    36.0855    26.6536    26.6535    1524.85    124.067    124.388         30 0.0000e+00
      23566    981.888    176.768    178.000    15.7198    15.7206   4.491368   4.491470     1.9230     1.5894      33.60   25.87440  -84.39288   -0.00012   -0.00022     2.8534     2.8616    15.6918    15.6925    36.0854    36.0856    26.6537    26.6536    1524.85    124.126    124.480         32 0.0000e+00
      23603    983.426    175.775    177.000    15.7196    15.7203   4.491294   4.491385     1.9233     1.5889      34.76   25.87440  -84.39288    0.00030    0.00000     2.8537     2.8600    15.6917    15.6924    36.0854    36.0856    26.6537    26.6536    1524.85    124.137    124.411         42 0.0000e+00
      23645    985.164    174.783    176.000    15.7194    15.7203   4.491232   4.491342     1.9236     1.5896      35.77   25.87440  -84.39288    0.00023    0.00014     2.8542     2.8616    15.6917    15.6925    36.0854    36.0856    26.6537    26.6536    1524.85    124.157    124.480         39 0.0000e+00
      23679    986.593    173.790    175.000    15.7193    15.7199   4.491167   4.491247     1.9239     1.5901      36.68   25.87440  -84.39288    0.00010    0.00035     2.8544     2.8625    15.6917    15.6923    36.0853    36.0855    26.6536    26.6536    1524.85    124.167    124.521         31 0.0000e+00
      23710    987.875    172.797    174.000    15.7187    15.7194   4.491065   4.491162     1.9236     1.5901      37.55   25.87440  -84.39288    0.00010    0.00027     2.8533     2.8622    15.6913    15.6920    36.0853    36.0856    26.6537    26.6537    1524.85    124.120    124.507         32 0.0000e+00
      23748    989.475    171.805    173.000    15.7182    15.7190   4.490952   4.491072     1.9230     1.5902      38.71   25.87440  -84.39288   -0.00019    0.00001     2.8515     2.8620    15.6909    15.6917    36.0852    36.0856    26.6537    26.6538    1524.85    124.044    124.500         45 0.0000e+00
      23790    991.196    170.812    172.000    15.7183    15.7192   4.490926   4.491045     1.9231     1.5909      39.64   25.87440  -84.39288   -0.00023    0.00024     2.8516     2.8636    15.6912    15.6921    36.0853    36.0855    26.6537    26.6537    1524.85    124.046    124.570         35 0.0000e+00
      23821    992.516    169.819    171.000    15.7191    15.7202   4.490981   4.491128     1.9232     1.5903      40.52   25.87440  -84.39288    0.00006    0.00022     2.8513     2.8614    15.6922    15.6933    36.0854    36.0857    26.6536    26.6535    1524.85    124.033    124.475         30 0.0000e+00
      23855    993.901    168.826    170.000    15.7230    15.7235   4.491409   4.491480     1.9232     1.5909      41.53   25.87440  -84.39288    0.00005   -0.00005     2.8507     2.8626    15.6962    15.6967    36.0862    36.0863    26.6532    26.6532    1524.85    124.009    124.524         37 0.0000e+00
      23895    995.578    167.834    169.000    15.7240    15.7245   4.491490   4.491560     1.9243     1.5912      42.59   25.87442  -84.39288    0.00021    0.00017     2.8529     2.8629    15.6974    15.6978    36.0863    36.0866    26.6531    26.6532    1524.85    124.104    124.537         42 0.0000e+00
      23933    997.159    166.841    168.000    15.7235    15.7247   4.491377   4.491535     1.9256     1.5927      43.57   25.87442  -84.39288    0.00068    0.00044     2.8557     2.8664    15.6970    15.6982    36.0862    36.0865    26.6531    26.6530    1524.85    124.222    124.690         34 0.0000e+00
      23966    998.550    165.848    167.000    15.7260    15.7264   4.491637   4.491696     1.9266     1.5918      44.50   25.87442  -84.39288    0.00082    0.00047     2.8575     2.8635    15.6997    15.7001    36.0867    36.0868    26.6528    26.6528    1524.85    124.302    124.564         34 0.0000e+00
      24002   1000.024    164.856    166.000    15.7274    15.7304   4.491773   4.492084     1.9262     1.5929      45.52   25.87442  -84.39288    0.00043    0.00004     2.8561     2.8659    15.7013    15.7042    36.0870    36.0873    26.6527    26.6522    1524.85    124.241    124.667         36 0.0000e+00
      24038   1001.548    163.863    165.000    15.7347    15.7535   4.492634   4.494699     1.9269     1.5942      46.51   25.87442  -84.39288    0.00007    0.00054     2.8569     2.8676    15.7087    15.7275    36.0885    36.0899    26.6521    26.6489    1524.85    124.278    124.743         37 0.0000e+00
      24077   1003.155    162.870    164.000    15.7649    15.7818   4.496108   4.498006     1.9291     1.5972      47.53   25.87442  -84.39288    0.00067    0.00122     2.8601     2.8732    15.7390    15.7559    36.0926    36.0942    26.6484    26.6458    1524.85    124.417    124.988         40 0.0000e+00
      24114   1004.715    161.878    163.000    15.7929    15.7979   4.499468   4.499905     1.9338     1.6036      48.44   25.87442  -84.39287    0.00177    0.00228     2.8687     2.8883    15.7672    15.7722    36.0976    36.0970    26.6458    26.6442    1524.85    124.793    125.643         34 0.0000e+00
      24147   1006.079    160.885    162.000    15.8072    15.8189   4.501232   4.502444     1.9381     1.6064      49.41   25.87442  -84.39287    0.00270    0.00315     2.8778     2.8939    15.7816    15.7933    36.1008    36.1011    26.6450    26.6425    1524.85    125.188    125.886         33 0.0000e+00
      24191   1007.934    159.892    161.000    15.8171    15.8249   4.502325   4.503146     1.9428     1.6107      50.50   25.87442  -84.39286    0.00297    0.00266     2.8878     2.9044    15.7917    15.7995    36.1020    36.1023    26.6436    26.6420    1524.85    125.623    126.343         33 0.0000e+00
      24363   1015.064    158.900    160.000    15.8108    15.8051   4.501448   4.500648     1.9448     1.6118      51.74   25.87444  -84.39286   -0.00056   -0.00033     2.8927     2.9080    15.7855    15.7798    36.1003    36.0984    26.6437    26.6435    1524.85    125.834    126.503         37 0.0000e+00
      26324   1096.778    152.943    154.000    15.8902    15.8933   4.511217   4.511627     1.9680     1.6314      57.66   25.88153  -84.41575    0.00025    0.00041     2.9397     2.9508    15.8658    15.8689    36.1210    36.1218    26.6419    26.6418    1525.26    127.879    128.364         35 0.0000e+00
      26404   1100.130    151.950    153.000    15.8936    15.8974   4.510881   4.511444     1.9676     1.6329      58.71   25.87450  -84.39282    0.00004    0.00061     2.9385     2.9541    15.8693    15.8731    36.1124    36.1139    26.6338    26.6341    1524.85    127.829    128.508         39 0.0000e+00
