GOMECC/GOMECC-4/1db/rb2103_0741.ros
* Sea-Bird SBE 9 Data File:
* FileName = C:\Users\scs.user.rb\CTD\GOMECC4\data\rb2103_0741.hex
* Software Version Seasave V 7.26.7.107
* Temperature SN = 4799
* Conductivity SN = 3860
* Number of Bytes Per Scan = 41
* Number of Voltage Words = 4
* Number of Scans Averaged by the Deck Unit = 1
* NMEA Latitude = 24 59.96 N
* NMEA Longitude = 093 24.95 W
* NMEA UTC (Time) = Oct 04 2021  19:58:51
* NMEA baud rate = 4800
# nquan = 17
# nvalues = 3192                                  
# units = specified
# name 0 = scan: Scan Count
# name 1 = timeS: Time, Elapsed [seconds]
# name 2 = depSM: Depth [salt water, m]
# name 3 = prDM: Pressure, Digiquartz [db]
# name 4 = t090C: Temperature [ITS-90, deg C]
# name 5 = t190C: Temperature, 2 [ITS-90, deg C]
# name 6 = c0S/m: Conductivity [S/m]
# name 7 = c1S/m: Conductivity, 2 [S/m]
# name 8 = sbeox0V: Oxygen raw, SBE 43 [V]
# name 9 = sbeox1V: Oxygen raw, SBE 43, 2 [V]
# name 10 = altM: Altimeter [m]
# name 11 = latitude: Latitude [deg]
# name 12 = longitude: Longitude [deg]
# name 13 = sbox0dV/dT: Oxygen, SBE 43 [dov/dt]
# name 14 = sbox1dV/dT: Oxygen, SBE 43, 2 [dov/dt]
# name 15 = nbf: Bottles Fired
# name 16 = flag:  0.000e+00
# interval = seconds: 0.0416667
# start_time = Oct 04 2021 19:58:51 [NMEA time, header]
# bad_flag = -9.990e-29
*END*
[from data line 171]
     142754   5948.042   2862.654   2901.035     4.3522     4.3534   3.406319   3.406249     1.7387     1.4274     100.00   24.99940  -93.41620   -0.00010    0.00004          2  0.000e+00
     142755   5948.083   2862.654   2901.035     4.3525     4.3534   3.406300   3.406249     1.7399     1.4274     100.00   24.99940  -93.41620   -0.00009    0.00006          2  0.000e+00
     142756   5948.125   2862.598   2900.977     4.3523     4.3535   3.406313   3.406249     1.7399     1.4274     100.00   24.99940  -93.41620   -0.00008    0.00007          2  0.000e+00
     142757   5948.167   2862.654   2901.035     4.3525     4.3532   3.406300   3.406301     1.7387     1.4261     100.00   24.99940  -93.41620   -0.00007    0.00005          2  0.000e+00
     142758   5948.208   2862.598   2900.978     4.3525     4.3532   3.406294   3.406288     1.7387     1.4274     100.00   24.99940  -93.41620   -0.00009    0.00007          2  0.000e+00
     142759   5948.250   2862.548   2900.927     4.3525     4.3532   3.406294   3.406282     1.7387     1.4261     100.00   24.99940  -93.41620   -0.00012    0.00005          2  0.000e+00
     142760   5948.292   2862.598   2900.978     4.3526     4.3532   3.406313   3.406256     1.7399     1.4261     100.00   24.99940  -93.41620   -0.00013    0.00003          2  0.000e+00
     142761   5948.333   2862.549   2900.928     4.3525     4.3533   3.406281   3.406249     1.7399     1.4274     100.00   24.99940  -93.41620   -0.00010    0.00004          2  0.000e+00
     142762   5948.375   2862.598   2900.978     4.3525     4.3532   3.406307   3.406275     1.7387     1.4261     100.00   24.99940  -93.41620   -0.00011    0.00002          2  0.000e+00
     142763   5948.417   2862.549   2900.928     4.3527     4.3532   3.406300   3.406256     1.7387     1.4261     100.00   24.99940  -93.41620   -0.00011    0.00002          2  0.000e+00
     142764   5948.458   2862.549   2900.928     4.3525     4.3534   3.406313   3.406249     1.7399     1.4274     100.00   24.99940  -93.41620   -0.00010    0.00004          2  0.000e+00
     142765   5948.500   2862.549   2900.928     4.3524     4.3532   3.406326   3.406249     1.7399     1.4261     100.00   24.99940  -93.41620   -0.00009    0.00003          2  0.000e+00
     142766   5948.542   2862.493   2900.871     4.3525     4.3533   3.406275   3.406249     1.7399     1.4274     100.00   24.99940  -93.41620   -0.00010    0.00003          2  0.000e+00
     142767   5948.583   2862.493   2900.871     4.3525     4.3530   3.406306   3.406275     1.7399     1.4274     100.00   24.99940  -93.41620   -0.00009    0.00005          2  0.000e+00
     142768   5948.625   2862.493   2900.871     4.3525     4.3532   3.406275   3.406282     1.7411     1.4261     100.00   24.99940  -93.41620   -0.00004    0.00003          2  0.000e+00
     142769   5948.667   2862.493   2900.871     4.3525     4.3534   3.406313   3.406243     1.7387     1.4274     100.00   24.99940  -93.41620   -0.00005    0.00003          2  0.000e+00
     142770   5948.708   2862.493   2900.871     4.3526     4.3530   3.406326   3.406217     1.7387     1.4261     100.00   24.99940  -93.41620   -0.00007    0.00002          2  0.000e+00
     142771   5948.750   2862.493   2900.871     4.3527     4.3530   3.406326   3.406269     1.7387     1.4274     100.00   24.99940  -93.41620   -0.00008    0.00004          2  0.000e+00
     142772   5948.792   2862.437   2900.814     4.3525     4.3533   3.406370   3.406282     1.7399     1.4274     100.00   24.99940  -93.41620   -0.00007    0.00004          2  0.000e+00
     142773   5948.833   2862.437   2900.814     4.3525     4.3530   3.406294   3.406262     1.7399     1.4261     100.00   24.99940  -93.41620   -0.00007    0.00003          2  0.000e+00
     142774   5948.875   2862.437   2900.814     4.3525     4.3534   3.406262   3.406275     1.7387     1.4274     100.00   24.99940  -93.41620   -0.00010    0.00003          2  0.000e+00
     142775   5948.917   2862.437   2900.814     4.3526     4.3534   3.406281   3.406256     1.7387     1.4274     100.00   24.99940  -93.41620   -0.00009    0.00003          2  0.000e+00
     142776   5948.958   2862.438   2900.814     4.3525     4.3532   3.406294   3.406249     1.7411     1.4274     100.00   24.99940  -93.41620   -0.00006    0.00003          2  0.000e+00
     142777   5949.000   2862.438   2900.814     4.3527     4.3531   3.406294   3.406224     1.7399     1.4261     100.00   24.99940  -93.41620   -0.00006    0.00001          2  0.000e+00
     142778   5949.042   2862.388   2900.764     4.3525     4.3532   3.406319   3.406243     1.7399     1.4274     100.00   24.99940  -93.41620   -0.00005    0.00002          2  0.000e+00
     142779   5949.083   2862.438   2900.815     4.3527     4.3530   3.406345   3.406249     1.7399     1.4274     100.00   24.99940  -93.41620   -0.00004    0.00002          2  0.000e+00
     142780   5949.125   2862.389   2900.764     4.3525     4.3532   3.406332   3.406294     1.7399     1.4274     100.00   24.99940  -93.41620   -0.00005    0.00003          2  0.000e+00
     142781   5949.167   2862.438   2900.815     4.3522     4.3532   3.406275   3.406249     1.7387     1.4261     100.00   24.99940  -93.41620   -0.00004    0.00003          2  0.000e+00
     142782   5949.208   2862.389   2900.764     4.3525     4.3535   3.406281   3.406243     1.7387     1.4274     100.00   24.99940  -93.41620   -0.00003    0.00002          2  0.000e+00
     142783   5949.250   2862.389   2900.765     4.3523     4.3530   3.406268   3.406230     1.7411     1.4274     100.00   24.99940  -93.41620    0.00000    0.00002          2  0.000e+00
     142784   5949.292   2862.389   2900.765     4.3527     4.3534   3.406281   3.406269     1.7399     1.4261     100.00   24.99940  -93.41620   -0.00000    0.00002          2  0.000e+00
     142785   5949.333   2862.389   2900.765     4.3527     4.3530   3.406275   3.406262     1.7399     1.4274     100.00   24.99940  -93.41620    0.00001    0.00003          2  0.000e+00
     142786   5949.375   2862.439   2900.815     4.3524     4.3532   3.406287   3.406249     1.7399     1.4274     100.00   24.99940  -93.41620    0.00002    0.00003          2  0.000e+00
     142787   5949.417   2862.333   2900.707     4.3525     4.3531   3.406313   3.406249     1.7399     1.4261     100.00   24.99940  -93.41620    0.00001    0.00002          2  0.000e+00
     142788   5949.458   2862.439   2900.815     4.3527     4.3530   3.406326   3.406249     1.7387     1.4274     100.00   24.99940  -93.41620    0.00001    0.00004          2  0.000e+00
     142789   5949.500   2862.390   2900.765     4.3525     4.3530   3.406326   3.406249     1.7399     1.4274     100.00   24.99940  -93.41620    0.00003    0.00003          2  0.000e+00
     142790   5949.542   2862.390   2900.765     4.3527     4.3532   3.406300   3.406249     1.7411     1.4261     100.00   24.99940  -93.41620    0.00006    0.00003          2  0.000e+00
     142791   5949.583   2862.390   2900.765     4.3524     4.3530   3.406294   3.406275     1.7399     1.4261     100.00   24.99940  -93.41620    0.00006    0.00001          2  0.000e+00
     142792   5949.625   2862.390   2900.766     4.3522     4.3532   3.406268   3.406256     1.7387     1.4274     100.00   24.99940  -93.41620    0.00005    0.00001          2  0.000e+00
     142793   5949.667   2862.390   2900.766     4.3522     4.3530   3.406262   3.406249     1.7399     1.4274     100.00   24.99940  -93.41620    0.00006    0.00002          2  0.000e+00
     142794   5949.708   2862.390   2900.766     4.3523     4.3532   3.406237   3.406249     1.7399     1.4261     100.00   24.99940  -93.41620    0.00007    0.00002          2  0.000e+00
     142795   5949.750   2862.390   2900.766     4.3522     4.3530   3.406249   3.406230     1.7387     1.4274     100.00   24.99940  -93.41620    0.00005    0.00001          2  0.000e+00
     142796   5949.792   2862.440   2900.816     4.3522     4.3532   3.406281   3.406217     1.7411     1.4274     100.00   24.99940  -93.41620    0.00006    0.00003          2  0.000e+00
     142797   5949.833   2862.390   2900.766     4.3522     4.3530   3.406294   3.406243     1.7399     1.4274     100.00   24.99940  -93.41620    0.00007    0.00002          2  0.000e+00
     142798   5949.875   2862.334   2900.709     4.3523     4.3533   3.406268   3.406224     1.7387     1.4261     100.00   24.99940  -93.41620    0.00008 -3.517e-07          2  0.000e+00
     142799   5949.917   2862.496   2900.874     4.3520     4.3532   3.406281   3.406237     1.7387     1.4261     100.00   24.99940  -93.41620    0.00008   -0.00000          2  0.000e+00
     142800   5949.958   2862.391   2900.766     4.3520     4.3530   3.406294   3.406275     1.7387     1.4261     100.00   24.99940  -93.41620    0.00005   -0.00001          2  0.000e+00
     142801   5950.000   2862.440   2900.817     4.3522     4.3534   3.406268   3.406282     1.7387     1.4261     100.00   24.99940  -93.41620    0.00006   -0.00003          2  0.000e+00
     142802   5950.042   2862.440   2900.817     4.3522     4.3532   3.406287   3.406282     1.7399     1.4274     100.00   24.99940  -93.41620    0.00008   -0.00003          2  0.000e+00
     142803   5950.083   2862.440   2900.817     4.3523     4.3531   3.406294   3.406256     1.7399     1.4274     100.00   24.99940  -93.41620    0.00007   -0.00002          2  0.000e+00
     142804   5950.125   2862.441   2900.817     4.3522     4.3532   3.406268   3.406249     1.7399     1.4261     100.00   24.99940  -93.41620    0.00007   -0.00002          2  0.000e+00
     142805   5950.167   2862.441   2900.817     4.3522     4.3532   3.406281   3.406230     1.7387     1.4261     100.00   24.99940  -93.41620    0.00006   -0.00004          2  0.000e+00
     142806   5950.208   2862.441   2900.817     4.3522     4.3530   3.406294   3.406243     1.7399     1.4274     100.00   24.99940  -93.41620    0.00007   -0.00003          2  0.000e+00
     142807   5950.250   2862.441   2900.818     4.3520     4.3535   3.406294   3.406249     1.7399     1.4274     100.00   24.99940  -93.41620    0.00008   -0.00002          2  0.000e+00
     142808   5950.292   2862.441   2900.818     4.3522     4.3532   3.406268   3.406294     1.7387     1.4261     100.00   24.99940  -93.41620    0.00006   -0.00004          2  0.000e+00
     142809   5950.333   2862.497   2900.875     4.3525     4.3531   3.406306   3.406249     1.7387     1.4274     100.00   24.99940  -93.41620    0.00005   -0.00004          2  0.000e+00
     142810   5950.375   2862.498   2900.875     4.3522     4.3532   3.406307   3.406269     1.7399     1.4274     100.00   24.99940  -93.41620    0.00007   -0.00001          2  0.000e+00
     142811   5950.417   2862.498   2900.875     4.3522     4.3532   3.406319   3.406256     1.7411     1.4274     100.00   24.99940  -93.41620    0.00008    0.00000          2  0.000e+00
     142812   5950.458   2862.441   2900.818     4.3520     4.3530   3.406300   3.406275     1.7387     1.4261     100.00   24.99940  -93.41620    0.00006    0.00000          2  0.000e+00
     142813   5950.500   2862.554   2900.933     4.3523     4.3530   3.406313   3.406282     1.7387     1.4261     100.00   24.99940  -93.41620    0.00005   -0.00002          2  0.000e+00
     142814   5950.542   2862.498   2900.876     4.3522     4.3531   3.406326   3.406282     1.7399     1.4274     100.00   24.99940  -93.41620    0.00006   -0.00000          2  0.000e+00
     142815   5950.583   2862.498   2900.876     4.3525     4.3530   3.406275   3.406256     1.7411     1.4261     100.00   24.99940  -93.41620    0.00009   -0.00001          2  0.000e+00
     142816   5950.625   2862.555   2900.934     4.3523     4.3530   3.406262   3.406224     1.7399     1.4274     100.00   24.99940  -93.41620    0.00008   -0.00001          2  0.000e+00
     142817   5950.667   2862.498   2900.876     4.3524     4.3534   3.406262   3.406243     1.7411     1.4274     100.00   24.99940  -93.41620    0.00010    0.00000          2  0.000e+00
     142818   5950.708   2862.604   2900.984     4.3520     4.3529   3.406313   3.406224     1.7387     1.4261     100.00   24.99940  -93.41620    0.00009 7.0336e-07          2  0.000e+00
     142819   5950.750   2862.498   2900.876     4.3522     4.3530   3.406300   3.406224     1.7387     1.4274     100.00   24.99940  -93.41620    0.00008   -0.00000          2  0.000e+00
     142820   5950.792   2862.555   2900.934     4.3520     4.3530   3.406294   3.406217     1.7399     1.4274     100.00   24.99940  -93.41620    0.00008   -0.00001          2  0.000e+00
     142821   5950.833   2862.604   2900.984     4.3522     4.3530   3.406294   3.406243     1.7399     1.4261     100.00   24.99940  -93.41620    0.00009   -0.00001          2  0.000e+00
     142822   5950.875   2862.555   2900.934     4.3522     4.3530   3.406294   3.406224     1.7399     1.4261     100.00   24.99940  -93.41620    0.00010   -0.00003          2  0.000e+00
     142823   5950.917   2862.605   2900.985     4.3520     4.3532   3.406268   3.406237     1.7399     1.4274     100.00   24.99940  -93.41620    0.00011   -0.00003          2  0.000e+00
     142824   5950.958   2862.555   2900.934     4.3522     4.3530   3.406307   3.406249     1.7399     1.4274     100.00   24.99940  -93.41620    0.00010   -0.00002          2  0.000e+00
     142825   5951.000   2862.605   2900.985     4.3522     4.3532   3.406275   3.406249     1.7387     1.4261     100.00   24.99940  -93.41620    0.00008   -0.00002          2  0.000e+00
     142826   5951.042   2862.605   2900.985     4.3522     4.3532   3.406313   3.406275     1.7387     1.4274     100.00   24.99940  -93.41620    0.00005   -0.00003          2  0.000e+00
     142827   5951.083   2862.661   2901.043     4.3522     4.3529   3.406326   3.406256     1.7399     1.4274     100.00   24.99940  -93.41620    0.00005   -0.00001          2  0.000e+00
     142828   5951.125   2862.556   2900.935     4.3522     4.3534   3.406345   3.406249     1.7399     1.4274     100.00   24.99940  -93.41620    0.00006    0.00000          2  0.000e+00
     142829   5951.167   2862.662   2901.043     4.3522     4.3530   3.406307   3.406230     1.7399     1.4261     100.00   24.99940  -93.41620    0.00005 -8.792e-07          2  0.000e+00
     142830   5951.208   2862.605   2900.985     4.3520     4.3531   3.406268   3.406243     1.7399     1.4274     100.00   24.99940  -93.41620    0.00004   -0.00000          2  0.000e+00
     142831   5951.250   2862.662   2901.043     4.3522     4.3532   3.406237   3.406249     1.7399     1.4274     100.00   24.99940  -93.41620    0.00003    0.00001          2  0.000e+00
     142832   5951.292   2862.662   2901.043     4.3520     4.3530   3.406275   3.406249     1.7399     1.4261     100.00   24.99940  -93.41620    0.00004    0.00001          2  0.000e+00
     142833   5951.333   2862.606   2900.985     4.3519     4.3532   3.406294   3.406230     1.7387     1.4261     100.00   24.99940  -93.41620    0.00005   -0.00001          2  0.000e+00
     142834   5951.375   2862.606   2900.986     4.3522     4.3530   3.406294   3.406269     1.7387     1.4274     100.00   24.99940  -93.41620    0.00004 1.7584e-07          2  0.000e+00
     142835   5951.417   2862.711   2901.094     4.3522     4.3530   3.406268   3.406256     1.7411     1.4261     100.00   24.99940  -93.41620    0.00005   -0.00000          2  0.000e+00
     142836   5951.458   2862.662   2901.043     4.3522     4.3532   3.406281   3.406230     1.7411     1.4261     100.00   24.99940  -93.41620    0.00006   -0.00002          2  0.000e+00
     142837   5951.500   2862.719   2901.101     4.3522     4.3530   3.406294   3.406243     1.7387     1.4274     100.00   24.99940  -93.41620    0.00004   -0.00001          2  0.000e+00
