GOMECC/GOMECC-4/1db/rb2103_1311.cnv
* Sea-Bird SBE 9 Data File:
* FileName = C:\Users\scs.user.rb\CTD\GOMECC4\data\rb2103_1311.hex
* Software Version Seasave V 7.26.7.107
* Temperature SN = 4799
* Conductivity SN = 3860
* Number of Bytes Per Scan = 41
* Number of Voltage Words = 4
* Number of Scans Averaged by the Deck Unit = 1
* NMEA Latitude = 26 43.76 N
* NMEA Longitude = 083 06.08 W
* NMEA UTC (Time) = Oct 19 2021  16:24:23
* NMEA baud rate = 4800
# nquan = 28
# nvalues = 37                          
# units = specified
# name 0 = scan: Scan Count
# name 1 = timeS: Time, Elapsed [seconds]
# name 2 = depSM: Depth [salt water, m]
# name 3 = prDM: Pressure, Digiquartz [db]
# name 4 = t090C: Temperature [ITS-90, deg C]
# name 5 = t190C: Temperature, 2 [ITS-90, deg C]
# name 6 = c0S/m: Conductivity [S/m]
# name 7 = c1S/m: Conductivity, 2 [S/m]
# name 8 = sbeox0V: Oxygen raw, SBE 43 [V]
# name 9 = sbeox1V: Oxygen raw, SBE 43, 2 [V]
# name 10 = altM: Altimeter [m]
# name 11 = latitude: Latitude [deg]
# name 12 = longitude: Longitude [deg]
# name 13 = sbox0dV/dT: Oxygen, SBE 43 [dov/dt]
# name 14 = sbox1dV/dT: Oxygen, SBE 43, 2 [dov/dt]
# name 15 = sbeox0ML/L: Oxygen, SBE 43 [ml/l], WS = 5
# name 16 = sbeox1ML/L: Oxygen, SBE 43, 2 [ml/l], WS = 5
# name 17 = potemp090C: Potential Temperature [ITS-90, deg C]
# name 18 = potemp190C: Potential Temperature, 2 [ITS-90, deg C]
# name 19 = sal00: Salinity, Practical [PSU]
# name 20 = sal11: Salinity, Practical, 2 [PSU]
# name 21 = sigma-é00: Density [sigma-theta, kg/m^3]
# name 22 = sigma-é11: Density, 2 [sigma-theta, kg/m^3]
# name 23 = avgsvCM: Average Sound Velocity [Chen-Millero, m/s], minP = 20, minS = 20
# name 24 = sbox0Mm/Kg: Oxygen, SBE 43 [umol/kg], WS = 5
# name 25 = sbox1Mm/Kg: Oxygen, SBE 43, 2 [umol/kg], WS = 5
# name 26 = nbin: number of scans per bin
# name 27 = flag: flag
# span 0 =      15236,     117528       
# span 1 =    634.813,   4896.698       
# span 2 =      0.993,     33.774       
# span 3 =      1.000,     34.000       
# span 4 =    27.8109,   216.2325       
# span 5 =    27.8124,   216.2425       
# span 6 =   5.681745,  44.175200       
# span 7 =   5.682038,  44.176851       
# span 8 =     2.9962,    23.3082       
# span 9 =     2.5300,    19.6729       
# span 10 =       7.35,     275.18      
# span 11 =   26.13101,  203.16262      
# span 12 = -631.61142,  -81.23858      
# span 13 =   -0.00146,    0.00501      
# span 14 =   -0.00935,    0.00901      
# span 15 =     4.1693,    32.4360      
# span 16 =     4.1464,    32.2393      
# span 17 =    27.8097,   216.2249      
# span 18 =    27.8112,   216.2350      
# span 19 =    35.1796,   273.5150      
# span 20 =    35.1805,   273.5190      
# span 21 =    22.4738,   174.7265      
# span 22 =    22.4740,   174.7260      
# span 23 =       0.00,    1579.90      
# span 24 =    182.017,   1416.042      
# span 25 =    181.016,   1407.452      
# span 26 =         30,         64      
# span 27 = 0.0000e+00, 0.0000e+00      
# interval = decibars: 1                
# start_time = Oct 19 2021 16:24:23 [NMEA time, header]
# bad_flag = -9.990e-29
*END*
     117528   4896.698     31.573      3.000   216.2325   216.2425  44.175200  44.176851    23.3082    19.6729     275.18  203.16262 -631.61142    0.00501    0.00507    32.4360    32.2393   216.2249   216.2350   273.5150   273.5190   174.7265   174.7260       0.00   1416.042   1407.452         35 0.0000e+00
      15236    634.813      4.967      5.000    27.8109    27.8124   5.681745   5.682038     2.9962     2.5300      34.60   26.13101  -81.23858    0.00008    0.00065     4.1693     4.1464    27.8097    27.8112    35.1796    35.1805    22.4738    22.4740       0.00    182.017    181.016         36 0.0000e+00
      15978    665.690      7.947      8.000    28.5408    28.5423   5.831009   5.831301     3.0742     2.5949      32.60   26.81672  -83.37034   -0.00044   -0.00036     4.2792     4.2537    28.5389    28.5404    36.1029    36.1038    23.0639    23.0641       0.00    186.813    185.699         42 0.0000e+00
      16045    668.493      8.941      9.000    28.4484    28.4494   5.812172   5.812413     3.0644     2.5873      31.49   26.72980  -83.10012    0.00063    0.00088     4.2661     4.2421    28.4463    28.4472    35.9860    35.9869    22.9892    22.9896       0.00    186.240    185.197         42 0.0000e+00
      16163    673.406      9.934     10.000    28.4481    28.4500   5.812209   5.812537     3.0638     2.5857      30.53   26.72980  -83.10012   -0.00001   -0.00080     4.2654     4.2394    28.4457    28.4476    35.9862    35.9870    22.9895    22.9896       0.00    186.212    185.076         36 0.0000e+00
      16869    702.815     13.908     14.000    28.9351    28.9367   5.911635   5.911943     3.1167     2.6277      27.41   27.18497  -84.51526    0.00073   -0.00161     4.3411     4.3091    28.9317    28.9333    36.5991    36.6000    23.3805    23.3807       0.00    189.518    188.120         31 0.0000e+00
      16725    696.824     14.901     15.000    28.4523    28.4535   5.812878   5.813138     3.0616     2.5851      25.71   26.72978  -83.10014   -0.00080   -0.00002     4.2637     4.2404    28.4487    28.4500    35.9862    35.9870    22.9886    22.9888       0.00    186.138    185.122         37 0.0000e+00
      16830    701.189     15.894     16.000    28.4521    28.4532   5.812899   5.813139     3.0617     2.5821      24.78   26.72978  -83.10014   -0.00029   -0.00050     4.2644     4.2348    28.4483    28.4494    35.9862    35.9870    22.9887    22.9889       0.00    186.170    184.875         32 0.0000e+00
      16923    705.071     16.888     17.000    28.4518    28.4527   5.812885   5.813075     3.0616     2.5832      23.82   26.72978  -83.10014   -0.00031   -0.00017     4.2648     4.2377    28.4477    28.4487    35.9860    35.9866    22.9887    22.9889       0.00    186.186    185.003         44 0.0000e+00
      17025    709.347     17.881     18.000    28.4516    28.4529   5.812864   5.813146     3.0608     2.5848      22.87   26.72977  -83.10014   -0.00053   -0.00044     4.2638     4.2414    28.4473    28.4486    35.9857    35.9867    22.9887    22.9890       0.00    186.142    185.164         42 0.0000e+00
      17140    714.124     19.868     20.000    28.3185    28.3198   5.785742   5.786003     3.0463     2.5714      20.84   26.60406  -82.70934    0.00011   -0.00005     4.2446     4.2200    28.3137    28.3150    35.8168    35.8176    22.8807    22.8809    1009.53    185.305    184.229         52 0.0000e+00
      17311    721.245     20.861     21.000    28.4522    28.4538   5.813121   5.813434     3.0613     2.5832      20.02   26.72976  -83.10012    0.00030    0.00055     4.2662     4.2397    28.4472    28.4488    35.9861    35.9871    22.9890    22.9892    1430.75    186.247    185.089         36 0.0000e+00
      17404    725.144     21.854     22.000    28.4523    28.4531   5.813190   5.813403     3.0608     2.5840      19.09   26.72976  -83.10012    0.00037    0.00013     4.2657     4.2417    28.4470    28.4478    35.9862    35.9871    22.9891    22.9895    1543.70    186.226    185.175         34 0.0000e+00
      17497    728.994     22.848     23.000    28.4513    28.4539   5.813009   5.813464     3.0579     2.5889      18.10   26.72976  -83.10012   -0.00146    0.00224     4.2611     4.2521    28.4458    28.4484    35.9854    35.9866    22.9890    22.9890    1543.70    186.025    185.630         39 0.0000e+00
      17596    733.144     23.841     24.000    28.4495    28.4508   5.812838   5.813125     3.0581     2.5820      17.16   26.72976  -83.10014   -0.00009   -0.00089     4.2621     4.2390    28.4438    28.4451    35.9853    35.9863    22.9895    22.9898    1543.70    186.068    185.059         64 0.0000e+00
      17872    744.635     25.828     26.000    28.6037    28.6049   5.844704   5.844976     3.0736     2.5982      15.46   26.87735  -83.55900   -0.00073    0.00059     4.2843     4.2675    28.5975    28.5987    36.1840    36.1850    23.1176    23.1179    1552.23    187.038    186.301         43 0.0000e+00
      17884    745.133     26.821     27.000    28.4468    28.4480   5.812682   5.812956     3.0558     2.5812      14.28   26.72976  -83.10013   -0.00023   -0.00081     4.2596     4.2391    28.4403    28.4415    35.9854    35.9864    22.9907    22.9911    1543.71    185.958    185.061         33 0.0000e+00
      17978    749.048     27.815     28.000    28.4468    28.4481   5.812734   5.813035     3.0528     2.5755      13.36   26.72975  -83.10011   -0.00040   -0.00242     4.2547     4.2280    28.4401    28.4414    35.9854    35.9865    22.9908    22.9912    1543.71    185.743    184.578         30 0.0000e+00
      18079    753.251     28.808     29.000    28.4473    28.4485   5.812850   5.813114     3.0537     2.5795      12.36   26.72976  -83.10012    0.00012    0.00049     4.2568     4.2365    28.4403    28.4416    35.9856    35.9865    22.9909    22.9912    1543.72    185.837    184.952         51 0.0000e+00
      18172    757.137     29.801     30.000    28.4463    28.4474   5.812783   5.813044     3.0532     2.5781      11.42   26.72974  -83.10012    0.00015   -0.00041     4.2565     4.2343    28.4391    28.4402    35.9855    35.9865    22.9912    22.9917    1543.72    185.821    184.855         55 0.0000e+00
      18273    761.326     30.795     31.000    28.4456    28.4464   5.812757   5.812995     3.0540     2.5787      10.47   26.72974  -83.10012    0.00088   -0.00018     4.2585     4.2360    28.4382    28.4390    35.9856    35.9866    22.9916    22.9921    1543.72    185.909    184.929         32 0.0000e+00
      18366    765.202     31.788     32.000    28.4451    28.4464   5.812750   5.813050     3.0526     2.5753       9.52   26.72975  -83.10012    0.00011   -0.00039     4.2565     4.2297    28.4375    28.4388    35.9856    35.9867    22.9918    22.9922    1543.73    185.822    184.653         38 0.0000e+00
      18462    769.193     32.781     33.000    28.4461    28.4470   5.812904   5.813144     3.0524     2.5748       8.56   26.72976  -83.10012    0.00047   -0.00055     4.2566     4.2292    28.4383    28.4391    35.9856    35.9866    22.9916    22.9921    1543.73    185.826    184.630         41 0.0000e+00
      20247    843.567     33.774     34.000    28.4472    28.4485   5.813067   5.813345     3.0497     2.5738       7.35   26.72971  -83.10012   -0.00133   -0.00078     4.2521     4.2275    28.4391    28.4404    35.9856    35.9866    22.9913    22.9916    1543.74    185.632    184.556         55 0.0000e+00
      21341    889.151     28.808     29.000    28.4125    28.4139   5.805775   5.806067     3.0493     2.5726      12.02   26.69736  -82.99965    0.00021   -0.00017     4.2504     4.2238    28.4055    28.4070    35.9420    35.9429    22.9632    22.9634    1541.87    185.557    184.395         49 0.0000e+00
      21503    895.909     27.814     28.000    28.4469    28.4483   5.812765   5.813059     3.0551     2.5775      13.04   26.72968  -83.10014   -0.00022    0.00026     4.2588     4.2320    28.4403    28.4416    35.9855    35.9865    22.9909    22.9912    1543.74    185.924    184.755         38 0.0000e+00
      21638    901.537     26.821     27.000    28.4467    28.4481   5.812688   5.812992     3.0573     2.5758      13.97   26.72968  -83.10014   -0.00005   -0.00104     4.2624     4.2280    28.4403    28.4417    35.9854    35.9865    22.9908    22.9911    1543.74    186.079    184.578         34 0.0000e+00
      21771    907.063     25.828     26.000    28.4467    28.4481   5.812643   5.812940     3.0551     2.5790      14.99   26.72967  -83.10014    0.00049   -0.00100     4.2578     4.2341    28.4404    28.4419    35.9855    35.9865    22.9908    22.9910    1543.74    185.880    184.843         37 0.0000e+00
      24500   1020.803     17.881     18.000    28.3457    28.3474   5.791697   5.791998     3.0498     2.5749      22.52   26.63518  -82.80629    0.00062    0.00090     4.2489     4.2252    28.3414    28.3430    35.8582    35.8590    22.9089    22.9090    1538.28    185.493    184.459         54 0.0000e+00
      24836   1034.806     15.895     16.000    28.4438    28.4457   5.811581   5.811915     3.0568     2.5851      24.57   26.72684  -83.09121   -0.00027   -0.00016     4.2560     4.2413    28.4400    28.4418    35.9814    35.9823    22.9873    22.9874    1543.57    185.800    185.160         53 0.0000e+00
      27818   1159.025     11.921     12.000    29.0427    29.0445   5.933276   5.933583     3.1248     2.6051      29.21   27.28409  -84.82335   -0.00007   -0.00935     4.3498     4.2587    29.0399    29.0416    36.7321    36.7329    23.4646    23.4646    1575.75    189.896    185.920         36 0.0000e+00
      27370   1140.378     10.928     11.000    28.4527    28.4543   5.812690   5.813009     3.0631     2.5804      29.32   26.72982  -83.10018    0.00004    0.00901     4.2643     4.2288    28.4501    28.4517    35.9857    35.9867    22.9878    22.9880    1543.74    186.164    184.616         31 0.0000e+00
      28610   1192.044      6.954      7.000    29.1195    29.1215   5.948758   5.949070     3.1355     2.6488      34.09   27.35595  -85.04672   -0.00021    0.00026     4.3633     4.3418    29.1178    29.1198    36.8291    36.8298    23.5261    23.5260    1579.90    190.487    189.546         38 0.0000e+00
      28045   1168.482      5.960      6.000    28.4506    28.4525   5.812298   5.812624     3.0631     2.5886      34.13   26.72983  -83.10018   -0.00078    0.00040     4.2620     4.2429    28.4492    28.4511    35.9861    35.9869    22.9883    22.9883    1543.74    186.064    185.232         40 0.0000e+00
      31078   1294.879      2.980      3.000    28.8222    28.8231   5.888072   5.888323     3.1038     2.6205      37.24   27.07906  -84.18593    0.00027    0.00002     4.3173     4.2930    28.8215    28.8224    36.4561    36.4572    23.2884    23.2889    1563.91    188.480    187.417         42 0.0000e+00
      32144   1339.301      1.987      2.000    28.4505    28.4514   5.812146   5.812386     3.0668     2.5854      37.87   26.72981  -83.10017    0.00033    0.00006     4.2667     4.2346    28.4501    28.4510    35.9863    35.9873    22.9882    22.9886    1543.74    186.270    184.866         47 0.0000e+00
      32194   1341.377      0.993      1.000    28.4491    28.4498   5.811966   5.812211     3.0642     2.5818      38.79   26.72982  -83.10018   -0.00060   -0.00079     4.2616     4.2269    28.4488    28.4496    35.9865    35.9876    22.9887    22.9893    1543.74    186.044    184.529         37 0.0000e+00
