GOMECC/GOMECC-4/1db/rb2103_0471.ros
* Sea-Bird SBE 9 Data File:
* FileName = C:\Users\scs.user.rb\CTD\GOMECC4\data\rb2103_0471.hex
* Software Version Seasave V 7.26.7.107
* Temperature SN = 4799
* Conductivity SN = 3860
* Number of Bytes Per Scan = 41
* Number of Voltage Words = 4
* Number of Scans Averaged by the Deck Unit = 1
* NMEA Latitude = 28 52.63 N
* NMEA Longitude = 090 26.77 W
* NMEA UTC (Time) = Sep 26 2021  15:48:23
* NMEA baud rate = 4800
# nquan = 17
# nvalues = 931                                   
# units = specified
# name 0 = scan: Scan Count
# name 1 = timeS: Time, Elapsed [seconds]
# name 2 = depSM: Depth [salt water, m]
# name 3 = prDM: Pressure, Digiquartz [db]
# name 4 = t090C: Temperature [ITS-90, deg C]
# name 5 = t190C: Temperature, 2 [ITS-90, deg C]
# name 6 = c0S/m: Conductivity [S/m]
# name 7 = c1S/m: Conductivity, 2 [S/m]
# name 8 = sbeox0V: Oxygen raw, SBE 43 [V]
# name 9 = sbeox1V: Oxygen raw, SBE 43, 2 [V]
# name 10 = altM: Altimeter [m]
# name 11 = latitude: Latitude [deg]
# name 12 = longitude: Longitude [deg]
# name 13 = sbox0dV/dT: Oxygen, SBE 43 [dov/dt]
# name 14 = sbox1dV/dT: Oxygen, SBE 43, 2 [dov/dt]
# name 15 = nbf: Bottles Fired
# name 16 = flag:  0.000e+00
# interval = seconds: 0.0416667
# start_time = Sep 26 2021 15:48:23 [NMEA time, header]
# bad_flag = -9.990e-29
*END*
[from data line 596]
      16311    679.583      3.959      3.986    26.5088    26.5113   4.181149   4.181342     3.4481     2.9646      16.53   28.87748  -90.44658   -0.00001   -0.00015          5  0.000e+00
      16312    679.625      3.974      4.001    26.5087    26.5113   4.181135   4.181328     3.4481     2.9658      16.53   28.87748  -90.44658   -0.00002   -0.00013          5  0.000e+00
      16313    679.667      3.974      4.001    26.5088    26.5112   4.181142   4.181300     3.4481     2.9658      16.51   28.87748  -90.44658   -0.00002   -0.00013          5  0.000e+00
      16314    679.708      4.012      4.039    26.5084    26.5121   4.181108   4.181342     3.4481     2.9658      16.46   28.87748  -90.44658   -0.00003   -0.00012          5  0.000e+00
      16315    679.750      3.974      4.001    26.5086    26.5134   4.181128   4.181390     3.4481     2.9658      16.46   28.87748  -90.44658   -0.00004   -0.00012          5  0.000e+00
      16316    679.792      4.012      4.039    26.5077    26.5144   4.181190   4.181377     3.4481     2.9658      16.46   28.87748  -90.44658   -0.00005   -0.00012          5  0.000e+00
      16317    679.833      4.027      4.054    26.5068    26.5146   4.181294   4.181370     3.4481     2.9658      16.46   28.87748  -90.44658   -0.00006   -0.00011          5  0.000e+00
      16318    679.875      3.974      4.001    26.5068    26.5141   4.181321   4.181363     3.4481     2.9658      16.46   28.87748  -90.44658   -0.00006   -0.00011          5  0.000e+00
      16319    679.917      4.072      4.100    26.5068    26.5134   4.181259   4.181363     3.4493     2.9658      16.46   28.87748  -90.44658   -0.00005   -0.00011          5  0.000e+00
      16320    679.958      4.027      4.054    26.5071    26.5126   4.181218   4.181335     3.4481     2.9658      16.46   28.87748  -90.44658   -0.00006   -0.00010          5  0.000e+00
      16321    680.000      4.012      4.039    26.5072    26.5124   4.181211   4.181300     3.4481     2.9670      16.46   28.87748  -90.44658   -0.00007   -0.00008          5  0.000e+00
      16322    680.042      4.087      4.115    26.5073    26.5112   4.181156   4.181230     3.4481     2.9658      16.46   28.87748  -90.44658   -0.00008   -0.00008          5  0.000e+00
      16323    680.083      3.974      4.001    26.5073    26.5104   4.181059   4.181216     3.4493     2.9670      16.46   28.87748  -90.44658   -0.00007   -0.00006          5  0.000e+00
      16324    680.125      4.072      4.100    26.5074    26.5101   4.181032   4.181244     3.4493     2.9670      16.46   28.87748  -90.44658   -0.00008   -0.00004          5  0.000e+00
      16325    680.167      4.027      4.054    26.5073    26.5110   4.181032   4.181363     3.4505     2.9670      16.46   28.87748  -90.44658   -0.00007   -0.00002          5  0.000e+00
      16326    680.208      4.027      4.054    26.5070    26.5108   4.181115   4.181481     3.4493     2.9670      16.46   28.87748  -90.44658   -0.00006   -0.00000          5  0.000e+00
      16327    680.250      4.072      4.100    26.5073    26.5113   4.181163   4.181481     3.4493     2.9658      16.46   28.87748  -90.44658   -0.00006 1.0301e-12          5  0.000e+00
      16328    680.292      4.027      4.054    26.5082    26.5117   4.181197   4.181474     3.4493     2.9658      16.46   28.87748  -90.44658   -0.00005    0.00000          5  0.000e+00
      16329    680.333      4.072      4.100    26.5077    26.5137   4.181266   4.181495     3.4505     2.9658      16.46   28.87748  -90.44658   -0.00004    0.00000          5  0.000e+00
      16330    680.375      4.087      4.115    26.5082    26.5139   4.181252   4.181586     3.4505     2.9658      16.46   28.87748  -90.44658   -0.00004    0.00000          5  0.000e+00
      16331    680.417      4.087      4.115    26.5075    26.5146   4.181301   4.181614     3.4493     2.9658      16.46   28.87748  -90.44658   -0.00005    0.00001          5  0.000e+00
      16332    680.458      4.072      4.100    26.5063    26.5153   4.181321   4.181642     3.4493     2.9658      16.46   28.87748  -90.44658   -0.00005    0.00001          5  0.000e+00
      16333    680.500      4.140      4.168    26.5062    26.5128   4.181404   4.181516     3.4493     2.9658      16.46   28.87748  -90.44658   -0.00005    0.00001          5  0.000e+00
      16334    680.542      4.072      4.100    26.5059    26.5113   4.181431   4.181418     3.4493     2.9658      16.46   28.87748  -90.44658   -0.00006    0.00001          5  0.000e+00
      16335    680.583      4.087      4.115    26.5059    26.5106   4.181397   4.181293     3.4505     2.9658      16.46   28.87748  -90.44658   -0.00006    0.00001          5  0.000e+00
      16336    680.625      4.087      4.115    26.5062    26.5108   4.181363   4.181230     3.4493     2.9658      16.46   28.87748  -90.44658   -0.00008    0.00001          5  0.000e+00
      16337    680.667      4.072      4.100    26.5061    26.5119   4.181356   4.181244     3.4493     2.9658      16.46   28.87748  -90.44658   -0.00008    0.00001          5  0.000e+00
      16338    680.708      4.140      4.168    26.5062    26.5123   4.181356   4.181230     3.4493     2.9670      16.46   28.87748  -90.44658   -0.00006    0.00003          5  0.000e+00
      16339    680.750      4.027      4.054    26.5068    26.5119   4.181356   4.181272     3.4493     2.9670      16.46   28.87748  -90.44658   -0.00006    0.00003          5  0.000e+00
      16340    680.792      4.125      4.153    26.5075    26.5106   4.181273   4.181293     3.4493     2.9670      16.46   28.87748  -90.44658   -0.00006    0.00003          5  0.000e+00
      16341    680.833      4.140      4.168    26.5064    26.5101   4.181301   4.181370     3.4481     2.9683      16.46   28.87748  -90.44658   -0.00008    0.00005          5  0.000e+00
      16342    680.875      4.125      4.153    26.5057    26.5101   4.181397   4.181453     3.4481     2.9683      16.46   28.87748  -90.44658   -0.00008    0.00007          5  0.000e+00
      16343    680.917      4.140      4.168    26.5059    26.5115   4.181369   4.181558     3.4493     2.9683      16.46   28.87748  -90.44658   -0.00006    0.00008          5  0.000e+00
      16344    680.958      4.087      4.115    26.5068    26.5146   4.181301   4.181558     3.4493     2.9695      16.46   28.87748  -90.44658   -0.00004    0.00013          5  0.000e+00
      16345    681.000      4.186      4.214    26.5072    26.5170   4.181252   4.181593     3.4493     2.9695      16.46   28.87748  -90.44658   -0.00003    0.00018          5  0.000e+00
      16346    681.042      4.140      4.168    26.5073    26.5181   4.181190   4.181642     3.4481     2.9695      16.46   28.87748  -90.44658   -0.00003    0.00022          5  0.000e+00
      16347    681.083      4.125      4.153    26.5078    26.5186   4.181197   4.181656     3.4481     2.9695      16.46   28.87748  -90.44658   -0.00003    0.00025          5  0.000e+00
      16348    681.125      4.087      4.115    26.5088    26.5170   4.181266   4.181572     3.4481     2.9695      16.46   28.87748  -90.44658   -0.00003    0.00030          5  0.000e+00
      16349    681.167      4.140      4.168    26.5087    26.5142   4.181252   4.181460     3.4493     2.9695      16.46   28.87748  -90.44658    0.00001    0.00034          5  0.000e+00
      16350    681.208      4.186      4.214    26.5084    26.5123   4.181163   4.181384     3.4481     2.9695      16.46   28.87748  -90.44658    0.00001    0.00038          5  0.000e+00
      16351    681.250      4.140      4.168    26.5087    26.5101   4.181190   4.181335     3.4493     2.9695      16.46   28.87748  -90.44658    0.00003    0.00042          5  0.000e+00
      16352    681.292      4.140      4.168    26.5087    26.5086   4.181266   4.181328     3.4493     2.9695      16.46   28.87748  -90.44658    0.00005    0.00046          5  0.000e+00
      16353    681.333      4.125      4.153    26.5084    26.5082   4.181287   4.181328     3.4493     2.9683      16.46   28.87748  -90.44658    0.00009    0.00048          5  0.000e+00
      16354    681.375      4.201      4.229    26.5087    26.5082   4.181307   4.181028     3.4493     2.9683      16.46   28.87748  -90.44658    0.00012    0.00050          5  0.000e+00
      16355    681.417      4.125      4.153    26.5090    26.5084   4.181369   4.180951     3.4493     2.9683      16.46   28.87748  -90.44658    0.00014    0.00052          5  0.000e+00
      16356    681.458      4.140      4.168    26.5093    26.5090   4.181445   4.181209     3.4493     2.9683      16.46   28.87748  -90.44658    0.00018    0.00054          5  0.000e+00
      16357    681.500      4.201      4.229    26.5080    26.5092   4.181514   4.181237     3.4493     2.9670      16.46   28.87748  -90.44658    0.00022    0.00054          5  0.000e+00
      16358    681.542      4.125      4.153    26.5072    26.5092   4.181507   4.181272     3.4493     2.9670      16.46   28.87748  -90.44658    0.00026    0.00055          5  0.000e+00
      16359    681.583      4.201      4.229    26.5084    26.5092   4.181445   4.181237     3.4493     2.9670      16.46   28.87748  -90.44658    0.00030    0.00055          5  0.000e+00
      16360    681.625      4.125      4.153    26.5081    26.5092   4.181535   4.181216     3.4493     2.9658      16.46   28.87748  -90.44658    0.00033    0.00053          5  0.000e+00
      16361    681.667      4.201      4.229    26.5089    26.5090   4.181597   4.181272     3.4481     2.9658      16.43   28.87748  -90.44658    0.00036    0.00051          5  0.000e+00
      16362    681.708      4.140      4.168    26.5102    26.5088   4.181665   4.181314     3.4493     2.9658      16.41   28.87748  -90.44658    0.00038    0.00049          5  0.000e+00
      16363    681.750      4.186      4.214    26.5115    26.5082   4.181686   4.181356     3.4493     2.9646      16.41   28.87748  -90.44658    0.00042    0.00046          5  0.000e+00
      16364    681.792      4.140      4.168    26.5131    26.5079   4.181707   4.181446     3.4493     2.9646      16.39   28.87748  -90.44658    0.00046    0.00043          5  0.000e+00
      16365    681.833      4.201      4.229    26.5124    26.5079   4.181693   4.181419     3.4493     2.9646      16.39   28.87748  -90.44658    0.00048    0.00039          5  0.000e+00
      16366    681.875      4.186      4.214    26.5120    26.5075   4.181652   4.181453     3.4481     2.9634      16.39   28.87748  -90.44658    0.00049    0.00036          5  0.000e+00
      16367    681.917      4.201      4.229    26.5129    26.5077   4.181617   4.181446     3.4481     2.9646      16.41   28.87748  -90.44658    0.00049    0.00034          5  0.000e+00
      16368    681.958      4.186      4.214    26.5144    26.5077   4.181631   4.181432     3.4493     2.9646      16.39   28.87748  -90.44658    0.00050    0.00031          5  0.000e+00
      16369    682.000      4.201      4.229    26.5162    26.5079   4.181617   4.181432     3.4493     2.9646      16.39   28.87748  -90.44658    0.00052    0.00030          5  0.000e+00
      16370    682.042      4.140      4.168    26.5171    26.5084   4.181631   4.181412     3.4493     2.9646      16.39   28.87748  -90.44658    0.00053    0.00028          5  0.000e+00
      16371    682.083      4.238      4.267    26.5182    26.5088   4.181700   4.181426     3.4493     2.9646      16.39   28.87748  -90.44658    0.00053    0.00027          5  0.000e+00
      16372    682.125      4.140      4.168    26.5188    26.5092   4.181658   4.181432     3.4481     2.9646      16.39   28.87748  -90.44658    0.00052    0.00024          5  0.000e+00
      16373    682.167      4.186      4.214    26.5189    26.5095   4.181700   4.181439     3.4493     2.9646      16.39   28.87748  -90.44658    0.00052    0.00021          5  0.000e+00
      16374    682.208      4.201      4.229    26.5193    26.5097   4.181741   4.181460     3.4481     2.9646      16.39   28.87748  -90.44658    0.00051    0.00020          5  0.000e+00
      16375    682.250      4.201      4.229    26.5193    26.5095   4.181700   4.181474     3.4481     2.9646      16.39   28.87748  -90.44658    0.00048    0.00019          5  0.000e+00
      16376    682.292      4.186      4.214    26.5193    26.5099   4.181686   4.181446     3.4493     2.9646      16.39   28.87748  -90.44658    0.00047    0.00018          5  0.000e+00
      16377    682.333      4.201      4.229    26.5196    26.5095   4.181707   4.181488     3.4493     2.9646      16.39   28.87748  -90.44658    0.00045    0.00017          5  0.000e+00
      16378    682.375      4.254      4.282    26.5195    26.5092   4.181693   4.181509     3.4481     2.9646      16.39   28.87748  -90.44658    0.00042    0.00017          5  0.000e+00
      16379    682.417      4.186      4.214    26.5197    26.5093   4.181707   4.181481     3.4481     2.9646      16.39   28.87748  -90.44658    0.00039    0.00014          5  0.000e+00
      16439    684.917      4.185      4.214    26.5195    26.5141   4.181720   4.181474     3.4493     2.9695      16.53   28.87748  -90.44658    0.00130    0.00037          6  0.000e+00
      16440    684.958      3.694      3.719    26.5198    26.5150   4.181693   4.181474     3.4493     2.9695      16.56   28.87748  -90.44658    0.00126    0.00042          6  0.000e+00
      16441    685.000      3.846      3.872    26.5202    26.5146   4.181707   4.181495     3.4505     2.9695      16.56   28.87748  -90.44658    0.00122    0.00048          6  0.000e+00
      16442    685.042      3.747      3.773    26.5209    26.5150   4.181741   4.181453     3.4505     2.9695      16.53   28.87748  -90.44658    0.00118    0.00054          6  0.000e+00
      16443    685.083      3.861      3.887    26.5209    26.5146   4.181700   4.181460     3.4493     2.9695      16.53   28.87748  -90.44658    0.00114    0.00061          6  0.000e+00
      16444    685.125      3.906      3.932    26.5213    26.5148   4.181707   4.181446     3.4493     2.9695      16.53   28.87748  -90.44658    0.00110    0.00069          6  0.000e+00
      16445    685.167      3.808      3.834    26.5211    26.5148   4.181741   4.181439     3.4493     2.9695      16.56   28.87748  -90.44658    0.00105    0.00077          6  0.000e+00
      16446    685.208      3.846      3.872    26.5208    26.5148   4.181755   4.181411     3.4493     2.9695      16.53   28.87748  -90.44658    0.00099    0.00085          6  0.000e+00
      16447    685.250      3.808      3.834    26.5207    26.5148   4.181700   4.181453     3.4493     2.9695      16.56   28.87748  -90.44658    0.00093    0.00093          6  0.000e+00
      16448    685.292      3.861      3.887    26.5206    26.5153   4.181734   4.181418     3.4493     2.9695      16.53   28.87748  -90.44658    0.00087    0.00101          6  0.000e+00
      16449    685.333      3.793      3.818    26.5211    26.5152   4.181755   4.181481     3.4493     2.9695      16.53   28.87748  -90.44658    0.00083    0.00109          6  0.000e+00
      16450    685.375      3.808      3.834    26.5211    26.5152   4.181727   4.181446     3.4493     2.9695      16.53   28.87748  -90.44658    0.00077    0.00117          6  0.000e+00
      16451    685.417      3.861      3.887    26.5213    26.5150   4.181768   4.181432     3.4493     2.9695      16.56   28.87748  -90.44658    0.00073    0.00125          6  0.000e+00
      16452    685.458      3.846      3.872    26.5214    26.5146   4.181762   4.181411     3.4493     2.9695      16.56   28.87748  -90.44658    0.00068    0.00133          6  0.000e+00
      16453    685.500      3.808      3.834    26.5215    26.5146   4.181727   4.181404     3.4493     2.9695      16.53   28.87748  -90.44658    0.00064    0.00139          6  0.000e+00
