GOMECC/GOMECC-4/1db/rb2103_0021.cnv
* Sea-Bird SBE 9 Data File:
* FileName = C:\Users\scs.user.rb\CTD\GOMECC4\data\rb1203_002.hex
* Software Version Seasave V 7.26.7.107
* Temperature SN = 4799
* Conductivity SN = 3860
* Number of Bytes Per Scan = 41
* Number of Voltage Words = 4
* Number of Scans Averaged by the Deck Unit = 1
* NMEA Latitude = 27 00.26 N
* NMEA Longitude = 079 40.70 W
* NMEA UTC (Time) = Sep 14 2021  18:19:26
* NMEA baud rate = 4800
# nquan = 28
# nvalues = 430                         
# units = specified
# name 0 = scan: Scan Count
# name 1 = timeS: Time, Elapsed [seconds]
# name 2 = depSM: Depth [salt water, m]
# name 3 = prDM: Pressure, Digiquartz [db]
# name 4 = t090C: Temperature [ITS-90, deg C]
# name 5 = t190C: Temperature, 2 [ITS-90, deg C]
# name 6 = c0S/m: Conductivity [S/m]
# name 7 = c1S/m: Conductivity, 2 [S/m]
# name 8 = sbeox0V: Oxygen raw, SBE 43 [V]
# name 9 = sbeox1V: Oxygen raw, SBE 43, 2 [V]
# name 10 = altM: Altimeter [m]
# name 11 = latitude: Latitude [deg]
# name 12 = longitude: Longitude [deg]
# name 13 = sbox0dV/dT: Oxygen, SBE 43 [dov/dt]
# name 14 = sbox1dV/dT: Oxygen, SBE 43, 2 [dov/dt]
# name 15 = sbeox0ML/L: Oxygen, SBE 43 [ml/l], WS = 5
# name 16 = sbeox1ML/L: Oxygen, SBE 43, 2 [ml/l], WS = 5
# name 17 = potemp090C: Potential Temperature [ITS-90, deg C]
# name 18 = potemp190C: Potential Temperature, 2 [ITS-90, deg C]
# name 19 = sal00: Salinity, Practical [PSU]
# name 20 = sal11: Salinity, Practical, 2 [PSU]
# name 21 = sigma-é00: Density [sigma-theta, kg/m^3]
# name 22 = sigma-é11: Density, 2 [sigma-theta, kg/m^3]
# name 23 = avgsvCM: Average Sound Velocity [Chen-Millero, m/s], minP = 20, minS = 20
# name 24 = sbox0Mm/Kg: Oxygen, SBE 43 [umol/kg], WS = 5
# name 25 = sbox1Mm/Kg: Oxygen, SBE 43, 2 [umol/kg], WS = 5
# name 26 = nbin: number of scans per bin
# name 27 = flag: flag
# span 0 =      30707,     103643       
# span 1 =   1279.399,   4318.412       
# span 2 =      1.987,    533.768       
# span 3 =      2.000,    538.000       
# span 4 =     7.2808,    29.8601       
# span 5 =     7.2839,    29.8605       
# span 6 =   3.574070,   6.030589       
# span 7 =   3.574725,   6.030919       
# span 8 =     1.6418,     3.1837       
# span 9 =     1.3501,     2.7110       
# span 10 =       5.71,     102.40      
# span 11 =   26.97032,   27.30986      
# span 12 =  -80.52776,  -79.52298      
# span 13 =   -0.02776,    0.03429      
# span 14 =   -0.02835,    0.03313      
# span 15 =     2.6248,     4.4839      
# span 16 =     2.6651,     4.5059      
# span 17 =     7.2281,    29.8547      
# span 18 =     7.2312,    29.8551      
# span 19 =    34.9386,    37.0424      
# span 20 =    34.9401,    37.0462      
# span 21 =    22.7049,    27.3536      
# span 22 =    22.7064,    27.3526      
# span 23 =       0.00,    1546.37      
# span 24 =    114.133,    195.714      
# span 25 =    115.883,    196.660      
# span 26 =         30,         67      
# span 27 = 0.0000e+00, 0.0000e+00      
# interval = decibars: 1                
# start_time = Sep 14 2021 18:19:26 [NMEA time, header]
# bad_flag = -9.990e-29
*END*
[from data line 363]
      84243   3510.104     82.438     83.000    26.0779    26.0651   5.633788   5.633330     2.9030     2.4710     100.00   27.02030  -79.69120    0.00391    0.00371     4.1680     4.1942    26.0592    26.0464    36.5330    36.5399    24.1719    24.1811    1515.81    181.749    182.893         31 0.0000e+00
      84318   3513.207     81.445     82.000    26.2155    26.1507   5.650264   5.643161     2.9138     2.4766     100.00   27.02035  -79.69121    0.00483    0.00358     4.1776     4.1996    26.1970    26.1322    36.5440    36.5438    24.1368    24.1571    1515.81    182.174    183.128         36 0.0000e+00
      84489   3520.327     80.452     81.000    26.6798    26.5671   5.704331   5.691531     2.9147     2.4737     100.00   27.02045  -79.69125   -0.00060   -0.00150     4.1417     4.1634    26.6613    26.5487    36.5687    36.5652    24.0082    24.0414    1515.81    180.631    181.573         34 0.0000e+00
      84701   3529.149     79.458     80.000    26.8821    26.8469   5.722208   5.720053     2.9280     2.4851     100.00   27.02058  -79.69130    0.00267    0.00361     4.1538     4.1664    26.8637    26.8288    36.5429    36.5488    23.9242    23.9392    1515.81    181.174    181.720         36 0.0000e+00
      85601   3566.672     75.486     76.000    27.1186    27.1089   5.746182   5.744866     2.9794     2.5315     100.06   27.08513  -79.88053    0.00038    0.00206     4.2305     4.2469    27.1011    27.0913    36.5351    36.5634    23.8513    23.8785    1519.41    184.541    185.254         31 0.0000e+00
      86958   3623.189     74.493     75.000    27.0619    27.0610   5.732202   5.732402     2.9738     2.5288     100.00   27.02195  -79.69176   -0.00044    0.00053     4.2253     4.2423    27.0446    27.0436    36.4703    36.4725    23.8114    23.8133    1515.81    184.312    185.056         51 0.0000e+00
      87387   3641.074     73.500     74.000    27.0627    27.0640   5.732255   5.732498     2.9751     2.5292     100.00   27.02221  -79.69184    0.00016    0.00095     4.2271     4.2424    27.0457    27.0469    36.4703    36.4711    23.8111    23.8112    1515.81    184.391    185.058         62 0.0000e+00
      87450   3643.728     72.507     73.000    27.0622    27.0642   5.732171   5.732556     2.9772     2.5319      73.54   27.02225  -79.69185    0.00106    0.00076     4.2307     4.2475    27.0453    27.0473    36.4705    36.4717    23.8113    23.8115    1515.81    184.548    185.280         57 0.0000e+00
      87509   3646.168     71.514     72.000    27.0624    27.0643   5.732061   5.732426     2.9775     2.5345     101.58   27.02228  -79.69186    0.00044    0.00122     4.2307     4.2524    27.0458    27.0477    36.4698    36.4710    23.8106    23.8109    1515.81    184.550    185.496         49 0.0000e+00
      87548   3647.810     70.521     71.000    27.0638    27.0786   5.731036   5.731477     2.9773     2.5352     100.00   27.02231  -79.69188   -0.00008    0.00085     4.2298     4.2528    27.0474    27.0622    36.4617    36.4533    23.8040    23.7929    1515.81    184.509    185.515         36 0.0000e+00
      87589   3649.511     69.528     70.000    27.0799    27.1176   5.730621   5.731822     2.9822     2.5487     100.00   27.02234  -79.69188    0.00091    0.00306     4.2378     4.2780    27.0637    27.1014    36.4465    36.4255    23.7873    23.7593    1515.81    184.862    186.620         49 0.0000e+00
      87639   3651.594     68.535     69.000    27.0889    27.1359   5.731234   5.732038     2.9912     2.5645     100.00   27.02237  -79.69190    0.00367    0.00849     4.2534     4.3093    27.0730    27.1199    36.4440    36.4130    23.7824    23.7439    1515.81    185.544    187.992         44 0.0000e+00
      87676   3653.144     67.542     68.000    27.1691    27.1691   5.733271   5.733715     2.9970     2.5746     100.00   27.02238  -79.69190    0.00412    0.00658     4.2584     4.3245    27.1432    27.1534    36.4041    36.3992    23.7297    23.7228    1515.81    185.770    188.657         34 0.0000e+00
      87713   3654.656     66.549     67.000    27.2365    27.3000   5.740113   5.745674     3.0304     2.5932      95.11   27.02241  -79.69190    0.00851    0.00787     4.3143     4.3561    27.2265    27.2844    36.3885    36.3830    23.6911    23.6682    1515.81    188.221    190.047         41 0.0000e+00
      87766   3656.862     65.555     66.000    27.2850    27.3461   5.744086   5.750286     3.0433     2.6014      94.31   27.02245  -79.69192    0.01259    0.00814     4.3356     4.3696    27.2671    27.3307    36.3856    36.3802    23.6759    23.6512    1515.81    189.151    190.638         59 0.0000e+00
      87810   3658.711     64.562     65.000    27.4987    27.5090   5.765137   5.766291     3.0549     2.6055     100.01   27.02247  -79.69193    0.00626    0.00254     4.3421     4.3668    27.4835    27.4938    36.3675    36.3699    23.5921    23.5905    1515.81    189.447    190.528         33 0.0000e+00
      87841   3660.021     63.569     64.000    27.7123    27.7078   5.786609   5.786768     3.0750     2.6193     100.00   27.02249  -79.69194    0.00801    0.00371     4.3612     4.3795    27.6972    27.6928    36.3545    36.3591    23.5127    23.5177    1515.81    190.296    191.096         30 0.0000e+00
      87872   3661.279     62.576     63.000    27.7724    27.9182   5.793592   5.807523     3.0908     2.6339      69.76   27.02252  -79.69194    0.01252    0.00858     4.3851     4.3940    27.7576    27.9033    36.3577    36.3434    23.4955    23.4370    1515.81    191.344    191.744         31 0.0000e+00
      87904   3662.630     61.583     62.000    27.8739    27.9959   5.804267   5.816667     3.0976     2.6474      91.38   27.02253  -79.69194    0.01153    0.01099     4.3896     4.4153    27.8593    27.9812    36.3549    36.3482    23.4601    23.4151    1515.81    191.545    192.677         35 0.0000e+00
      87947   3664.409     60.590     61.000    27.8755    28.0149   5.804335   5.818440     3.1036     2.6506     100.06   27.02256  -79.69196    0.00555    0.00742     4.3999     4.4219    27.8611    28.0006    36.3545    36.3452    23.4592    23.4057    1515.81    191.995    192.965         48 0.0000e+00
      87988   3666.127     59.597     60.000    27.8871    28.0177   5.805234   5.818200     3.1036     2.6479     100.00   27.02258  -79.69196    0.00224    0.00052     4.4002     4.4133    27.8730    28.0035    36.3483    36.3410    23.4506    23.4019    1515.81    192.007    192.592         33 0.0000e+00
      88019   3667.419     58.604     59.000    28.1468    28.1802   5.830985   5.834725     3.1194     2.6473     100.00   27.02260  -79.69198    0.00296   -0.00126     4.4062     4.4015    28.1328    28.1662    36.3335    36.3341    23.3542    23.3436    1515.81    192.293    192.085         31 0.0000e+00
      88052   3668.796     57.610     58.000    28.2250    28.2409   5.838605   5.840984     3.1256     2.6573     100.00   27.02262  -79.69198    0.00645    0.00130     4.4122     4.4160    28.2112    28.2271    36.3272    36.3317    23.3236    23.3217    1515.81    192.557    192.722         35 0.0000e+00
      88089   3670.322     56.617     57.000    28.2627    28.2878   5.842887   5.845971     3.1281     2.6664     100.00   27.02264  -79.69198    0.00555    0.00516     4.4132     4.4304    28.2491    28.2742    36.3286    36.3309    23.3121    23.3055    1515.81    192.605    193.354         39 0.0000e+00
      88128   3671.960     55.624     56.000    28.2576    28.3586   5.842030   5.853413     3.1301     2.6706     100.00   27.02267  -79.69200    0.00192    0.00525     4.4168     4.4333    28.2443    28.3452    36.3268    36.3290    23.3124    23.2806    1515.81    192.760    193.489         39 0.0000e+00
      88166   3673.538     54.631     55.000    28.3688    28.4572   5.854389   5.863123     3.1324     2.6693      97.30   27.02269  -79.69200    0.00096    0.00205     4.4117     4.4247    28.3556    28.4440    36.3283    36.3216    23.2766    23.2423    1515.81    192.546    193.117         35 0.0000e+00
      88198   3674.895     53.638     54.000    28.5305    28.5650   5.871273   5.875087     3.1404     2.6715     100.04   27.02271  -79.69200    0.00245    0.00080     4.4121     4.4189    28.5162    28.5521    36.3236    36.3231    23.2199    23.2078    1515.81    192.572    192.872         31 0.0000e+00
      88230   3676.229     52.645     53.000    28.6123    28.6057   5.879577   5.879185     3.1446     2.6718     100.00   27.02274  -79.69202    0.00427    0.00050     4.4142     4.4163    28.5996    28.5930    36.3183    36.3206    23.1882    23.1921    1515.81    192.671    192.760         35 0.0000e+00
      88269   3677.851     51.652     52.000    28.6603    28.6215   5.883997   5.880618     3.1497     2.6758     100.00   27.02275  -79.69203    0.00368    0.00074     4.4193     4.4226    28.6478    28.6090    36.3127    36.3188    23.1679    23.1854    1515.81    192.898    193.039         42 0.0000e+00
      88311   3679.596     50.658     51.000    28.6544    28.7360   5.883169   5.890528     3.1525     2.6780      79.87   27.02278  -79.69204    0.00261    0.00176     4.4245     4.4197    28.6422    28.7238    36.3117    36.3006    23.1690    23.1335    1515.81    193.123    192.921         41 0.0000e+00
      88352   3681.289     49.665     50.000    28.7779    28.7636   5.893580   5.892228     3.1573     2.6847      99.88   27.02280  -79.69204    0.00200    0.00233     4.4235     4.4298    28.7658    28.7516    36.2902    36.2916    23.1116    23.1175    1515.81    193.090    193.367         41 0.0000e+00
      88436   3684.782     48.672     49.000    28.8560    28.8005   5.901944   5.896611     3.1647     2.6911      53.85   27.02286  -79.69206    0.00151    0.00260     4.4304     4.4394    28.8442    28.7887    36.2890    36.2943    23.0845    23.1071    1515.81    193.396    193.788         37 0.0000e+00
      88629   3692.835     47.679     48.000    29.0573    29.0480   5.922285   5.921426     3.1668     2.6937     101.86   27.02298  -79.69210    0.00056    0.00146     4.4182     4.4264    29.0456    29.0363    36.2771    36.2782    23.0081    23.0120    1515.81    192.879    193.236         53 0.0000e+00
      89554   3731.366     42.713     43.000    29.4881    29.4770   5.961596   5.961047     3.1369     2.6632      99.90   26.99618  -79.61146    0.00019   -0.00044     4.3288     4.3316    29.4776    29.4664    36.2066    36.2101    22.8035    22.8099    1514.27    189.009    189.131         42 0.0000e+00
      90853   3785.485     39.733     40.000    29.4855    29.4857   5.959504   5.959750     3.1382     2.6647      99.85   26.98419  -79.57403    0.00053   -0.00002     4.3292     4.3320    29.4757    29.4759    36.1857    36.1873    22.7858    22.7869    1513.55    189.030    189.153         58 0.0000e+00
      91644   3818.451     38.740     39.000    29.5300    29.5311   5.968351   5.968701     3.1441     2.6696     100.00   27.02480  -79.69276    0.00041    0.00056     4.3374     4.3398    29.5204    29.5215    36.2393    36.2408    22.8193    22.8201    1515.81    189.386    189.489         59 0.0000e+00
      91706   3821.021     37.747     38.000    29.5305    29.5309   5.968174   5.968588     3.1422     2.6714     100.00   27.02484  -79.69277    0.00009    0.00115     4.3334     4.3428    29.5212    29.5215    36.2380    36.2405    22.8180    22.8198    1515.81    189.211    189.621         56 0.0000e+00
      91751   3822.919     36.753     37.000    29.5296    29.5310   5.967968   5.968469     3.1437     2.6701      93.17   27.02486  -79.69278   -0.00032    0.00015     4.3357     4.3398    29.5205    29.5219    36.2375    36.2399    22.8179    22.8192    1515.81    189.313    189.489         40 0.0000e+00
      91815   3825.600     35.760     36.000    29.5321    29.5326   5.968127   5.968435     3.1431     2.6722      79.52   27.02490  -79.69279    0.00047   -0.00008     4.3339     4.3433    29.5233    29.5237    36.2370    36.2388    22.8166    22.8177    1515.81    189.235    189.646         51 0.0000e+00
      91989   3832.830     34.767     35.000    29.5381    29.5367   5.968648   5.968746     3.1450     2.6716     102.40   27.02501  -79.69283   -0.00006   -0.00061     4.3363     4.3414    29.5295    29.5281    36.2363    36.2381    22.8140    22.8157    1515.81    189.340    189.561         38 0.0000e+00
      92223   3842.566     33.774     34.000    29.5398    29.5396   5.968681   5.968911     3.1447     2.6735      99.18   27.02515  -79.69287   -0.00008    0.00022     4.3352     4.3443    29.5314    29.5312    36.2357    36.2374    22.8128    22.8141    1515.81    189.290    189.691         42 0.0000e+00
      92779   3865.748     31.787     32.000    29.5858    29.5863   5.977607   5.977905     3.1508     2.6797     100.15   27.06647  -79.81409    0.00099    0.00112     4.3430     4.3541    29.5779    29.5784    36.2895    36.2912    22.8460    22.8471    1518.11    189.635    190.119         57 0.0000e+00
      92842   3868.372     30.794     31.000    29.5405    29.5412   5.968327   5.968646     3.1479     2.6740     100.00   27.02553  -79.69300    0.00069    0.00081     4.3395     4.3437    29.5329    29.5336    36.2335    36.2352    22.8107    22.8117    1515.81    189.478    189.662         47 0.0000e+00
      94158   3923.226     29.801     30.000    29.5402    29.5410   5.968054   5.968374     3.1464     2.6757      93.23   27.02632  -79.69329   -0.00015    0.00024     4.3362     4.3468    29.5328    29.5337    36.2322    36.2338    22.8097    22.8106    1515.81    189.336    189.797         42 0.0000e+00
      94348   3931.126     28.807     29.000    29.5397    29.5404   5.967894   5.968223     3.1471     2.6770      99.99   27.02644  -79.69332    0.00084    0.00067     4.3369     4.3488    29.5326    29.5333    36.2317    36.2335    22.8095    22.8105    1515.81    189.369    189.887         32 0.0000e+00
      94410   3933.691     27.814     28.000    29.5402    29.5411   5.967862   5.968193     3.1454     2.6780     100.00   27.02648  -79.69333    0.00035    0.00095     4.3335     4.3503    29.5333    29.5342    36.2315    36.2331    22.8090    22.8099    1515.81    189.220    189.949         44 0.0000e+00
      94491   3937.080     26.821     27.000    29.5414    29.5412   5.967885   5.968143     3.1481     2.6754     100.00   27.02653  -79.69336    0.00065   -0.00011     4.3376     4.3446    29.5348    29.5346    36.2310    36.2329    22.8082    22.8097    1515.81    189.398    189.702         32 0.0000e+00
      94536   3938.957     25.827     26.000    29.5416    29.5425   5.967849   5.968179     3.1486     2.6747      99.67   27.02656  -79.69336    0.00034   -0.00097     4.3381     4.3426    29.5352    29.5361    36.2309    36.2325    22.8079    22.8089    1515.81    189.419    189.614         61 0.0000e+00
      94597   3941.491     24.834     25.000    29.5420    29.5429   5.967830   5.968153     3.1488     2.6828      96.54   27.02659  -79.69338    0.00046    0.00164     4.3379     4.3581    29.5358    29.5367    36.2308    36.2324    22.8077    22.8085    1515.81    189.409    190.291         36 0.0000e+00
      96153   4006.318     21.854     22.000    29.8601    29.8605   6.030589   6.030919     3.1837     2.7110      98.87   27.30986  -80.52776   -0.00011   -0.00058     4.3844     4.4016    29.8547    29.8551    36.6063    36.6083    23.0403    23.0417    1531.68    191.443    192.195         38 0.0000e+00
      97277   4053.160     19.867     20.000    29.7342    29.7350   6.004738   6.005049     3.1721     2.6936      98.16   27.19297  -80.18068    0.00043   -0.00082     4.3682     4.3702    29.7293    29.7301    36.4479    36.4494    22.9393    22.9402    1525.07    190.735    190.821         35 0.0000e+00
