GOMECC/GOMECC-4/1db/rb2103_0951.cnv
* Sea-Bird SBE 9 Data File:
* FileName = C:\Users\scs.user.rb\CTD\GOMECC4\data\rb2103_0951.hex
* Software Version Seasave V 7.26.7.107
* Temperature SN = 4799
* Conductivity SN = 3860
* Number of Bytes Per Scan = 41
* Number of Voltage Words = 4
* Number of Scans Averaged by the Deck Unit = 1
* NMEA Latitude = 22 16.31 N
* NMEA Longitude = 090 02.56 W
* NMEA UTC (Time) = Oct 11 2021  03:44:48
* NMEA baud rate = 4800
# nquan = 28
# nvalues = 69                          
# units = specified
# name 0 = scan: Scan Count
# name 1 = timeS: Time, Elapsed [seconds]
# name 2 = depSM: Depth [salt water, m]
# name 3 = prDM: Pressure, Digiquartz [db]
# name 4 = t090C: Temperature [ITS-90, deg C]
# name 5 = t190C: Temperature, 2 [ITS-90, deg C]
# name 6 = c0S/m: Conductivity [S/m]
# name 7 = c1S/m: Conductivity, 2 [S/m]
# name 8 = sbeox0V: Oxygen raw, SBE 43 [V]
# name 9 = sbeox1V: Oxygen raw, SBE 43, 2 [V]
# name 10 = altM: Altimeter [m]
# name 11 = latitude: Latitude [deg]
# name 12 = longitude: Longitude [deg]
# name 13 = sbox0dV/dT: Oxygen, SBE 43 [dov/dt]
# name 14 = sbox1dV/dT: Oxygen, SBE 43, 2 [dov/dt]
# name 15 = sbeox0ML/L: Oxygen, SBE 43 [ml/l], WS = 5
# name 16 = sbeox1ML/L: Oxygen, SBE 43, 2 [ml/l], WS = 5
# name 17 = potemp090C: Potential Temperature [ITS-90, deg C]
# name 18 = potemp190C: Potential Temperature, 2 [ITS-90, deg C]
# name 19 = sal00: Salinity, Practical [PSU]
# name 20 = sal11: Salinity, Practical, 2 [PSU]
# name 21 = sigma-é00: Density [sigma-theta, kg/m^3]
# name 22 = sigma-é11: Density, 2 [sigma-theta, kg/m^3]
# name 23 = avgsvCM: Average Sound Velocity [Chen-Millero, m/s], minP = 20, minS = 20
# name 24 = sbox0Mm/Kg: Oxygen, SBE 43 [umol/kg], WS = 5
# name 25 = sbox1Mm/Kg: Oxygen, SBE 43, 2 [umol/kg], WS = 5
# name 26 = nbin: number of scans per bin
# name 27 = flag: flag
# span 0 =      11079,      29686       
# span 1 =    461.588,   1236.880       
# span 2 =      0.994,     48.688       
# span 3 =      1.000,     49.000       
# span 4 =    27.8889,    29.9958       
# span 5 =    27.8975,    29.9976       
# span 6 =   4.160476,   6.051491       
# span 7 =   4.145936,   6.051900       
# span 8 =     3.1566,     3.2792       
# span 9 =     2.6730,     2.7916       
# span 10 =       5.45,      53.16      
# span 11 =   22.24748,   22.47958      
# span 12 =  -90.87577,  -89.93815      
# span 13 =   -0.00298,    0.01217      
# span 14 =   -0.00346,    0.00997      
# span 15 =     4.3387,     4.7108      
# span 16 =     4.3176,     4.7037      
# span 17 =    27.8773,    29.9953      
# span 18 =    27.8859,    29.9972      
# span 19 =    24.8391,    36.6888      
# span 20 =    24.7990,    36.6905      
# span 21 =    14.2522,    23.4961      
# span 22 =    14.2179,    23.4935      
# span 23 =       0.00,    1560.00      
# span 24 =    189.449,    205.558      
# span 25 =    188.526,    205.250      
# span 26 =         30,         76      
# span 27 = 0.0000e+00, 0.0000e+00      
# interval = decibars: 1                
# start_time = Oct 11 2021 03:44:48 [NMEA time, header]
# bad_flag = -9.990e-29
*END*
[from data line 52]
      19168    798.614     36.766     37.000    28.9052    28.9388   5.926359   5.930172     3.2273     2.7352      16.84   22.27338  -90.04266    0.00000   -0.00109     4.5305     4.5083    28.8958    28.9298    36.4238    36.4254    23.1686    23.1583    1545.70    197.749    196.782         69 0.0000e+00
      19239    801.593     35.772     36.000    28.9816    29.0021   5.934682   5.936622     3.2220     2.7258      17.82   22.27338  -90.04266   -0.00156   -0.00346     4.5133     4.4843    28.9729    28.9934    36.4251    36.4220    23.1437    23.1344    1545.70    197.005    195.738         72 0.0000e+00
      19308    804.475     34.778     35.000    29.0040    29.0381   5.937150   5.941067     3.2131     2.7204      18.75   22.27338  -90.04266   -0.00298   -0.00179     4.4956     4.4699    28.9955    29.0296    36.4247    36.4256    23.1357    23.1250    1545.70    196.232    195.114         66 0.0000e+00
      19376    807.289     33.785     34.000    29.0465    29.0656   5.941810   5.943609     3.2063     2.7182      19.72   22.27338  -90.04266   -0.00228   -0.00090     4.4793     4.4634    29.0383    29.0574    36.4246    36.4223    23.1214    23.1132    1545.70    195.522    194.833         63 0.0000e+00
      21689    903.671     27.823     28.000    29.5150    29.5196   6.011453   6.012199     3.2060     2.7138      25.98   22.44901  -90.75262    0.00014   -0.00145     4.4482     4.4276    29.5082    29.5127    36.6888    36.6905    23.2051    23.2049    1557.89    194.187    193.287         30 0.0000e+00
      21591    899.571     26.830     27.000    29.2961    29.2998   5.965601   5.966134     3.1843     2.6934      26.52   22.27340  -90.04270   -0.00038   -0.00058     4.4171     4.3937    29.2895    29.2932    36.4008    36.4015    23.0188    23.0180    1545.70    192.829    191.808         46 0.0000e+00
      21683    903.402     25.836     26.000    29.3228    29.3332   5.968287   5.969170     3.1811     2.6896      27.51   22.27340  -90.04270   -0.00082   -0.00138     4.4089     4.3832    29.3164    29.3269    36.3991    36.3977    23.0084    23.0038    1545.70    192.473    191.353         54 0.0000e+00
      21775    907.255     24.843     25.000    29.3348    29.3417   5.969286   5.969416     3.1809     2.6892      28.51   22.27341  -90.04272    0.00007   -0.00042     4.4073     4.3814    29.3287    29.3356    36.3973    36.3932    23.0029    22.9975    1545.70    192.406    191.275         37 0.0000e+00
      26717   1113.146      9.937     10.000    29.8865    29.9306   6.041616   6.047148     3.1907     2.7025      43.87   22.47958  -90.87577   -0.00054   -0.00116     4.3855     4.3704    29.8841    29.9281    36.6439    36.6480    23.0516    23.0398    1560.00    191.483    190.825         45 0.0000e+00
      26574   1107.201      8.944      9.000    29.5973    29.6011   5.984353   5.985120     3.1626     2.6730      44.32   22.27353  -90.04274    0.00061   -0.00237     4.3483     4.3243    29.5951    29.5989    36.3070    36.3094    22.8447    22.8453    1545.70    189.856    188.811         54 0.0000e+00
      26626   1109.376      7.950      8.000    29.6146    29.6322   5.986055   5.988780     3.1616     2.6739      45.23   22.27354  -90.04276   -0.00033   -0.00071     4.3446     4.3235    29.6126    29.6302    36.3060    36.3114    22.8380    22.8360    1545.70    189.698    188.775         48 0.0000e+00
      26680   1111.627      6.956      7.000    29.6381    29.6671   5.989110   5.992684     3.1616     2.6765      46.26   22.27354  -90.04276 -2.056e-07    0.00096     4.3422     4.3255    29.6364    29.6654    36.3094    36.3120    22.8325    22.8246    1545.70    189.595    188.865         60 0.0000e+00
      26734   1113.877      5.962      6.000    29.6820    29.6960   5.994307   5.996092     3.1633     2.6751      47.18   22.27354  -90.04276    0.00015    0.00021     4.3413     4.3202    29.6805    29.6945    36.3122    36.3139    22.8196    22.8160    1545.70    189.556    188.635         50 0.0000e+00
      26789   1116.154      4.969      5.000    29.7287    29.7350   5.999697   6.000726     3.1665     2.6802      48.27   22.27354  -90.04276    0.00135    0.00085     4.3427     4.3271    29.7274    29.7338    36.3129    36.3164    22.8041    22.8045    1545.70    189.622    188.940         58 0.0000e+00
      26854   1118.867      3.975      4.000    29.7515    29.7452   6.002558   6.001864     3.1674     2.6762      49.27   22.27354  -90.04276    0.00067   -0.00010     4.3422     4.3176    29.7505    29.7442    36.3169    36.3177    22.7992    22.8020    1545.70    189.602    188.526         52 0.0000e+00
      29686   1236.880      1.988      2.000    29.9958    29.9976   6.051491   6.051900     3.1937     2.6980      51.92   22.45407  -90.77217    0.00078   -0.00106     4.3772     4.3510    29.9953    29.9972    36.6113    36.6126    22.9827    22.9831    1558.22    191.129    189.985         36 0.0000e+00
      29532   1230.453      0.994      1.000    29.7164    29.7338   4.160476   4.145936     3.1638     2.6795      53.16   22.27364  -90.04279    0.00018    0.00072     4.6360     4.6242    29.7162    29.7335    24.8391    24.7990    14.2522    14.2179    1545.70    204.350    203.853         38 0.0000e+00
