GOMECC/GOMECC-4/1db/rb2103_0131.ros
* Sea-Bird SBE 9 Data File:
* FileName = C:\Users\scs.user.rb\CTD\GOMECC4\data\rb2103_0131.hex
* Software Version Seasave V 7.26.7.107
* Temperature SN = 4799
* Conductivity SN = 3860
* Number of Bytes Per Scan = 41
* Number of Voltage Words = 4
* Number of Scans Averaged by the Deck Unit = 1
* NMEA Latitude = 26 53.26 N
* NMEA Longitude = 084 39.99 W
* NMEA UTC (Time) = Sep 18 2021  19:15:07
* NMEA baud rate = 4800
# nquan = 17
# nvalues = 1995                                  
# units = specified
# name 0 = scan: Scan Count
# name 1 = timeS: Time, Elapsed [seconds]
# name 2 = depSM: Depth [salt water, m]
# name 3 = prDM: Pressure, Digiquartz [db]
# name 4 = t090C: Temperature [ITS-90, deg C]
# name 5 = t190C: Temperature, 2 [ITS-90, deg C]
# name 6 = c0S/m: Conductivity [S/m]
# name 7 = c1S/m: Conductivity, 2 [S/m]
# name 8 = sbeox0V: Oxygen raw, SBE 43 [V]
# name 9 = sbeox1V: Oxygen raw, SBE 43, 2 [V]
# name 10 = altM: Altimeter [m]
# name 11 = latitude: Latitude [deg]
# name 12 = longitude: Longitude [deg]
# name 13 = sbox0dV/dT: Oxygen, SBE 43 [dov/dt]
# name 14 = sbox1dV/dT: Oxygen, SBE 43, 2 [dov/dt]
# name 15 = nbf: Bottles Fired
# name 16 = flag:  0.000e+00
# interval = seconds: 0.0416667
# start_time = Sep 18 2021 19:15:07 [NMEA time, header]
# bad_flag = -9.990e-29
*END*
[from data line 681]
      45060   1877.458    139.427    140.396    16.9391    16.9372   4.635510   4.635365     2.0342     1.7009      88.38   26.88780  -84.66636    0.00015   -0.00072          6  0.000e+00
      45061   1877.500    139.427    140.396    16.9391    16.9371   4.635503   4.635401     2.0342     1.7009      88.38   26.88780  -84.66636    0.00015   -0.00073          6  0.000e+00
      45062   1877.542    139.427    140.396    16.9391    16.9371   4.635510   4.635394     2.0342     1.7009      88.38   26.88780  -84.66636    0.00016   -0.00074          6  0.000e+00
      45063   1877.583    139.374    140.343    16.9391    16.9372   4.635532   4.635401     2.0342     1.7009      88.38   26.88780  -84.66636    0.00016   -0.00075          6  0.000e+00
      45064   1877.625    139.427    140.396    16.9393    16.9369   4.635496   4.635380     2.0342     1.7009      88.38   26.88780  -84.66636    0.00016   -0.00076          6  0.000e+00
      45065   1877.667    139.427    140.396    16.9391    16.9369   4.635524   4.635292     2.0354     1.7009      88.38   26.88780  -84.66636    0.00018   -0.00076          6  0.000e+00
      45066   1877.708    139.427    140.396    16.9391    16.9369   4.635496   4.635314     2.0354     1.7009      88.38   26.88780  -84.66636    0.00020   -0.00077          6  0.000e+00
      45067   1877.750    139.427    140.396    16.9389    16.9371   4.635503   4.635387     2.0354     1.7009      88.38   26.88780  -84.66636    0.00022   -0.00078          6  0.000e+00
      45068   1877.792    139.427    140.396    16.9386    16.9369   4.635474   4.635365     2.0354     1.7009      88.38   26.88780  -84.66636    0.00024   -0.00078          6  0.000e+00
      45069   1877.833    139.374    140.343    16.9384    16.9371   4.635503   4.635365     2.0342     1.7009      88.38   26.88780  -84.66636    0.00024   -0.00079          6  0.000e+00
      45070   1877.875    139.427    140.396    16.9386    16.9366   4.635503   4.635329     2.0354     1.7009      88.38   26.88780  -84.66636    0.00026   -0.00079          6  0.000e+00
      45071   1877.917    139.427    140.396    16.9386    16.9369   4.635453   4.635292     2.0342     1.7009      88.38   26.88780  -84.66636    0.00024   -0.00079          6  0.000e+00
      45072   1877.958    139.427    140.396    16.9387    16.9366   4.635481   4.635351     2.0342     1.7009      88.40   26.88780  -84.66636    0.00024   -0.00080          6  0.000e+00
      45073   1878.000    139.427    140.396    16.9388    16.9369   4.635481   4.635351     2.0354     1.7009      88.38   26.88780  -84.66636    0.00026   -0.00080          6  0.000e+00
      45074   1878.042    139.427    140.396    16.9389    16.9367   4.635496   4.635365     2.0342     1.6996      88.38   26.88780  -84.66636    0.00026   -0.00082          6  0.000e+00
      45075   1878.083    139.427    140.396    16.9391    16.9369   4.635546   4.635343     2.0342     1.7009      88.13   26.88780  -84.66636    0.00025   -0.00082          6  0.000e+00
      45076   1878.125    139.427    140.396    16.9391    16.9367   4.635603   4.635380     2.0342     1.7009      83.49   26.88780  -84.66636    0.00025   -0.00082          6  0.000e+00
      45077   1878.167    139.427    140.396    16.9395    16.9363   4.635596   4.635314     2.0342     1.7009      80.68   26.88780  -84.66636    0.00025   -0.00082          6  0.000e+00
      45078   1878.208    139.427    140.396    16.9399    16.9367   4.635668   4.635307     2.0354     1.7009      80.29   26.88780  -84.66636    0.00025   -0.00081          6  0.000e+00
      45079   1878.250    139.427    140.396    16.9400    16.9365   4.635654   4.635329     2.0342     1.7009      80.54   26.88780  -84.66636    0.00025   -0.00081          6  0.000e+00
      45080   1878.292    139.427    140.396    16.9401    16.9367   4.635654   4.635336     2.0342     1.7009      80.68   26.88780  -84.66636    0.00025   -0.00081          6  0.000e+00
      45081   1878.333    139.427    140.396    16.9403    16.9367   4.635668   4.635285     2.0342     1.7009      80.68   26.88780  -84.66636    0.00023   -0.00080          6  0.000e+00
      45082   1878.375    139.427    140.396    16.9404    16.9369   4.635718   4.635343     2.0354     1.7009      80.68   26.88780  -84.66636    0.00025   -0.00080          6  0.000e+00
      45083   1878.417    139.427    140.396    16.9401    16.9367   4.635661   4.635372     2.0354     1.7009      80.66   26.88780  -84.66636    0.00026   -0.00079          6  0.000e+00
      45084   1878.458    139.427    140.396    16.9403    16.9372   4.635682   4.635387     2.0342     1.7009      80.68   26.88780  -84.66636    0.00026   -0.00079          6  0.000e+00
      45085   1878.500    139.427    140.396    16.9398    16.9372   4.635654   4.635460     2.0342     1.7009      80.68   26.88780  -84.66636    0.00026   -0.00078          6  0.000e+00
      45086   1878.542    139.487    140.457    16.9396    16.9374   4.635618   4.635467     2.0342     1.7009      80.66   26.88780  -84.66636    0.00024   -0.00077          6  0.000e+00
      45087   1878.583    139.427    140.396    16.9398    16.9374   4.635596   4.635452     2.0342     1.7009      80.68   26.88780  -84.66636    0.00024   -0.00076          6  0.000e+00
      45088   1878.625    139.374    140.343    16.9398    16.9374   4.635596   4.635416     2.0342     1.7009      80.68   26.88780  -84.66636    0.00024   -0.00075          6  0.000e+00
      45089   1878.667    139.540    140.511    16.9391    16.9374   4.635553   4.635423     2.0342     1.7009      80.66   26.88780  -84.66636    0.00023   -0.00074          6  0.000e+00
      45090   1878.708    139.374    140.343    16.9392    16.9372   4.635517   4.635409     2.0342     1.7009      80.68   26.88780  -84.66636    0.00023   -0.00073          6  0.000e+00
      45091   1878.750    139.427    140.396    16.9387    16.9372   4.635503   4.635380     2.0342     1.7009      80.68   26.88780  -84.66636    0.00019   -0.00072          6  0.000e+00
      45092   1878.792    139.488    140.457    16.9386    16.9371   4.635546   4.635387     2.0342     1.7009      80.68   26.88780  -84.66636    0.00019   -0.00071          6  0.000e+00
      45093   1878.833    139.427    140.396    16.9382    16.9372   4.635481   4.635372     2.0342     1.7009      80.68   26.88780  -84.66636    0.00019   -0.00070          6  0.000e+00
      45094   1878.875    139.427    140.396    16.9386    16.9369   4.635438   4.635329     2.0342     1.7009      80.66   26.88780  -84.66636    0.00018   -0.00068          6  0.000e+00
      45095   1878.917    139.427    140.396    16.9382    16.9367   4.635424   4.635292     2.0342     1.7021      80.68   26.88780  -84.66636    0.00018   -0.00065          6  0.000e+00
      45096   1878.958    139.488    140.457    16.9379    16.9369   4.635402   4.635321     2.0342     1.7009      80.66   26.88780  -84.66636    0.00016   -0.00064          6  0.000e+00
      45097   1879.000    139.427    140.396    16.9379    16.9369   4.635381   4.635343     2.0342     1.7021      80.68   26.88780  -84.66636    0.00016   -0.00061          6  0.000e+00
      45098   1879.042    139.488    140.457    16.9377    16.9369   4.635338   4.635365     2.0342     1.7009      80.71   26.88780  -84.66636    0.00015   -0.00059          6  0.000e+00
      45099   1879.083    139.427    140.396    16.9375    16.9369   4.635302   4.635394     2.0342     1.7009      85.08   26.88780  -84.66636    0.00015   -0.00057          6  0.000e+00
      45100   1879.125    139.488    140.457    16.9374    16.9369   4.635345   4.635365     2.0342     1.7021      88.25   26.88780  -84.66636    0.00014   -0.00054          6  0.000e+00
      45101   1879.167    139.427    140.397    16.9374    16.9369   4.635316   4.635365     2.0342     1.7009      88.79   26.88780  -84.66636    0.00012   -0.00052          6  0.000e+00
      45102   1879.208    139.427    140.397    16.9372    16.9370   4.635280   4.635387     2.0342     1.7009      88.55   26.88780  -84.66636    0.00010   -0.00050          6  0.000e+00
      45103   1879.250    139.488    140.458    16.9372    16.9371   4.635295   4.635401     2.0354     1.7009      88.40   26.88780  -84.66636    0.00011   -0.00049          6  0.000e+00
      45104   1879.292    139.427    140.397    16.9369    16.9369   4.635316   4.635380     2.0342     1.7009      88.38   26.88780  -84.66636    0.00009   -0.00047          6  0.000e+00
      45105   1879.333    139.488    140.458    16.9368    16.9370   4.635302   4.635351     2.0342     1.7009      88.40   26.88780  -84.66636    0.00007   -0.00045          6  0.000e+00
      45106   1879.375    139.488    140.458    16.9371    16.9366   4.635345   4.635336     2.0342     1.7021      88.40   26.88780  -84.66636    0.00005   -0.00041          6  0.000e+00
      45107   1879.417    139.427    140.397    16.9372    16.9369   4.635295   4.635336     2.0342     1.7021      88.40   26.88780  -84.66636    0.00002   -0.00037          6  0.000e+00
      45108   1879.458    139.488    140.458    16.9372    16.9366   4.635295   4.635285     2.0342     1.7009      88.40   26.88780  -84.66636    0.00002   -0.00035          6  0.000e+00
      45109   1879.500    139.488    140.458    16.9372    16.9369   4.635345   4.635285     2.0330     1.7009      88.40   26.88780  -84.66636   -0.00001   -0.00033          6  0.000e+00
      45110   1879.542    139.427    140.397    16.9370    16.9367   4.635316   4.635307     2.0342     1.7009      88.40   26.88780  -84.66636   -0.00003   -0.00030          6  0.000e+00
      45111   1879.583    139.488    140.458    16.9371    16.9366   4.635316   4.635270     2.0342     1.7021      88.40   26.88780  -84.66636   -0.00004   -0.00028          6  0.000e+00
      45112   1879.625    139.427    140.397    16.9370    16.9364   4.635302   4.635314     2.0342     1.7021      88.40   26.88780  -84.66636   -0.00004   -0.00026          6  0.000e+00
      45113   1879.667    139.541    140.511    16.9369    16.9363   4.635280   4.635285     2.0330     1.7009      88.40   26.88780  -84.66636   -0.00006   -0.00025          6  0.000e+00
      45114   1879.708    139.427    140.397    16.9370    16.9362   4.635323   4.635256     2.0342     1.7009      88.40   26.88780  -84.66636   -0.00007   -0.00024          6  0.000e+00
      45115   1879.750    139.488    140.458    16.9369    16.9362   4.635295   4.635278     2.0342     1.7009      88.40   26.88780  -84.66636   -0.00008   -0.00024          6  0.000e+00
      45116   1879.792    139.488    140.458    16.9367    16.9363   4.635323   4.635307     2.0342     1.7009      88.40   26.88780  -84.66636   -0.00008   -0.00023          6  0.000e+00
      45117   1879.833    139.488    140.458    16.9369    16.9362   4.635295   4.635329     2.0342     1.7009      88.40   26.88780  -84.66636   -0.00009   -0.00022          6  0.000e+00
      45118   1879.875    139.488    140.458    16.9368    16.9365   4.635266   4.635343     2.0342     1.7009      88.40   26.88780  -84.66636   -0.00009   -0.00022          6  0.000e+00
      45119   1879.917    139.488    140.458    16.9367    16.9364   4.635187   4.635365     2.0330     1.7009      88.40   26.88780  -84.66636   -0.00010   -0.00021          6  0.000e+00
      45120   1879.958    139.488    140.458    16.9367    16.9366   4.635208   4.635394     2.0330     1.7009      88.40   26.88780  -84.66636   -0.00012   -0.00020          6  0.000e+00
      45121   1880.000    139.427    140.397    16.9367    16.9367   4.635237   4.635300     2.0342     1.7009      88.40   26.88780  -84.66636   -0.00013   -0.00019          6  0.000e+00
      45122   1880.042    139.541    140.511    16.9365    16.9366   4.635208   4.635227     2.0342     1.7009      88.40   26.88780  -84.66636   -0.00013   -0.00018          6  0.000e+00
      45123   1880.083    139.488    140.458    16.9363    16.9366   4.635216   4.635183     2.0342     1.7009      88.38   26.88780  -84.66636   -0.00013   -0.00017          6  0.000e+00
      45124   1880.125    139.488    140.458    16.9364    16.9357   4.635237   4.635154     2.0342     1.7009      88.38   26.88780  -84.66636   -0.00012   -0.00016          6  0.000e+00
      45125   1880.167    139.374    140.343    16.9358    16.9354   4.635223   4.635139     2.0330     1.7009      88.35   26.88780  -84.66636   -0.00014   -0.00015          6  0.000e+00
      45126   1880.208    139.601    140.572    16.9353    16.9354   4.635144   4.635118     2.0342     1.7009      88.35   26.88780  -84.66636   -0.00015   -0.00014          6  0.000e+00
      45127   1880.250    139.488    140.458    16.9350    16.9353   4.635108   4.635161     2.0342     1.7009      88.38   26.88780  -84.66636   -0.00015   -0.00013          6  0.000e+00
      45128   1880.292    139.488    140.458    16.9347    16.9355   4.635058   4.635234     2.0330     1.7021      88.35   26.88780  -84.66636   -0.00017   -0.00010          6  0.000e+00
      45129   1880.333    139.541    140.511    16.9346    16.9357   4.635029   4.635234     2.0342     1.7009      88.35   26.88780  -84.66636   -0.00018   -0.00009          6  0.000e+00
      45130   1880.375    139.488    140.458    16.9350    16.9358   4.635072   4.635249     2.0342     1.7021      88.35   26.88780  -84.66636   -0.00018   -0.00006          6  0.000e+00
      45131   1880.417    139.488    140.458    16.9350    16.9357   4.635072   4.635256     2.0342     1.7009      88.38   26.88780  -84.66636   -0.00018   -0.00005          6  0.000e+00
      45132   1880.458    139.488    140.458    16.9350    16.9357   4.635050   4.635234     2.0342     1.7009      88.35   26.88780  -84.66636   -0.00019   -0.00004          6  0.000e+00
      45133   1880.500    139.541    140.511    16.9353    16.9357   4.635086   4.635190     2.0330     1.7009      88.38   26.88780  -84.66636   -0.00019   -0.00003          6  0.000e+00
      45134   1880.542    139.488    140.458    16.9353    16.9359   4.635086   4.635241     2.0342     1.7009      88.35   26.88780  -84.66636   -0.00019   -0.00002          6  0.000e+00
      45135   1880.583    139.488    140.458    16.9355    16.9353   4.635101   4.635169     2.0342     1.7021      88.35   26.88780  -84.66636   -0.00019    0.00001          6  0.000e+00
      45136   1880.625    139.488    140.458    16.9355    16.9352   4.635115   4.635161     2.0342     1.7021      88.35   26.88780  -84.66636   -0.00020    0.00004          6  0.000e+00
      45137   1880.667    139.541    140.511    16.9360    16.9352   4.635151   4.635183     2.0342     1.7009      88.35   26.88780  -84.66636   -0.00020    0.00006          6  0.000e+00
      45138   1880.708    139.488    140.458    16.9360    16.9350   4.635180   4.635176     2.0330     1.7009      88.35   26.88780  -84.66636   -0.00022    0.00007          6  0.000e+00
      45139   1880.750    139.488    140.458    16.9364    16.9352   4.635194   4.635154     2.0330     1.7021      88.35   26.88780  -84.66636   -0.00022    0.00010          6  0.000e+00
      45140   1880.792    139.541    140.511    16.9362    16.9350   4.635216   4.635169     2.0342     1.7021      88.35   26.88780  -84.66636   -0.00022    0.00013          6  0.000e+00
      45141   1880.833    139.488    140.458    16.9360    16.9348   4.635266   4.635176     2.0342     1.7009      88.35   26.88780  -84.66636   -0.00023    0.00013          6  0.000e+00
      45142   1880.875    139.488    140.458    16.9363    16.9348   4.635266   4.635132     2.0342     1.7009      88.38   26.88780  -84.66636   -0.00023    0.00012          6  0.000e+00
      45143   1880.917    139.541    140.511    16.9364    16.9346   4.635273   4.635074     2.0330     1.7009      88.35   26.88780  -84.66636   -0.00023    0.00012          6  0.000e+00
