GOMECC/GOMECC-4/1db/rb2103_1341.ros
* Sea-Bird SBE 9 Data File:
* FileName = C:\Users\scs.user.rb\CTD\GOMECC4\data\rb2103_1341.hex
* Software Version Seasave V 7.26.7.107
* Temperature SN = 4799
* Conductivity SN = 3860
* Number of Bytes Per Scan = 41
* Number of Voltage Words = 4
* Number of Scans Averaged by the Deck Unit = 1
* NMEA Latitude = 26 23.19 N
* NMEA Longitude = 083 36.41 W
* NMEA UTC (Time) = Oct 19 2021  23:12:43
* NMEA baud rate = 4800
# nquan = 17
# nvalues = 931                                   
# units = specified
# name 0 = scan: Scan Count
# name 1 = timeS: Time, Elapsed [seconds]
# name 2 = depSM: Depth [salt water, m]
# name 3 = prDM: Pressure, Digiquartz [db]
# name 4 = t090C: Temperature [ITS-90, deg C]
# name 5 = t190C: Temperature, 2 [ITS-90, deg C]
# name 6 = c0S/m: Conductivity [S/m]
# name 7 = c1S/m: Conductivity, 2 [S/m]
# name 8 = sbeox0V: Oxygen raw, SBE 43 [V]
# name 9 = sbeox1V: Oxygen raw, SBE 43, 2 [V]
# name 10 = altM: Altimeter [m]
# name 11 = latitude: Latitude [deg]
# name 12 = longitude: Longitude [deg]
# name 13 = sbox0dV/dT: Oxygen, SBE 43 [dov/dt]
# name 14 = sbox1dV/dT: Oxygen, SBE 43, 2 [dov/dt]
# name 15 = nbf: Bottles Fired
# name 16 = flag:  0.000e+00
# interval = seconds: 0.0416667
# start_time = Oct 19 2021 23:12:43 [NMEA time, header]
# bad_flag = -9.990e-29
*END*
[from data line 426]
      32599   1358.250     29.802     30.001    28.7751    28.7837   5.835060   5.836251     3.1331     2.6435      36.90   26.38450  -83.60870    0.00021   -0.00147          4  0.000e+00
      32600   1358.292     29.789     29.987    28.7748    28.7837   5.835037   5.836275     3.1331     2.6447      36.90   26.38450  -83.60870    0.00024   -0.00135          4  0.000e+00
      32601   1358.333     29.802     30.001    28.7746    28.7852   5.835013   5.836444     3.1331     2.6435      36.90   26.38450  -83.60870    0.00026   -0.00126          4  0.000e+00
      32602   1358.375     29.789     29.987    28.7743    28.7859   5.834918   5.836652     3.1331     2.6447      36.90   26.38450  -83.60870    0.00028   -0.00113          4  0.000e+00
      32603   1358.417     29.836     30.035    28.7739    28.7870   5.834831   5.836829     3.1331     2.6447      36.90   26.38450  -83.60870    0.00031   -0.00102          4  0.000e+00
      32604   1358.458     29.802     30.001    28.7740    28.7865   5.834886   5.836877     3.1319     2.6447      36.90   26.38450  -83.60870    0.00031   -0.00090          4  0.000e+00
      32605   1358.500     29.789     29.987    28.7739    28.7861   5.834886   5.836764     3.1331     2.6447      36.87   26.38450  -83.60870    0.00033   -0.00077          4  0.000e+00
      32606   1358.542     29.850     30.048    28.7737    28.7848   5.834863   5.836476     3.1319     2.6447      36.87   26.38450  -83.60870    0.00036   -0.00064          4  0.000e+00
      32607   1358.583     29.789     29.987    28.7732    28.7832   5.834791   5.836275     3.1319     2.6447      36.85   26.38450  -83.60870    0.00036   -0.00053          4  0.000e+00
      32608   1358.625     29.850     30.048    28.7724    28.7824   5.834673   5.836139     3.1319     2.6447      36.85   26.38450  -83.60870    0.00037   -0.00041          4  0.000e+00
      32609   1358.667     29.836     30.035    28.7719    28.7826   5.834625   5.836035     3.1319     2.6447      36.85   26.38450  -83.60870    0.00039   -0.00030          4  0.000e+00
      32610   1358.708     29.802     30.000    28.7734    28.7826   5.835052   5.836043     3.1319     2.6459      36.85   26.38450  -83.60870    0.00039   -0.00016          4  0.000e+00
      32611   1358.750     29.884     30.082    28.7772    28.7839   5.835535   5.836203     3.1331     2.6459      36.85   26.38450  -83.60870    0.00042   -0.00003          4  0.000e+00
      32612   1358.792     29.802     30.000    28.7798    28.7859   5.835851   5.836484     3.1319     2.6447      36.85   26.38450  -83.60870    0.00042    0.00008          4  0.000e+00
      32613   1358.833     29.884     30.082    28.7818    28.7867   5.836065   5.836612     3.1319     2.6459      36.85   26.38450  -83.60870    0.00043    0.00020          4  0.000e+00
      32614   1358.875     29.802     30.000    28.7825    28.7859   5.836192   5.836596     3.1331     2.6459      36.85   26.38450  -83.60870    0.00045    0.00032          4  0.000e+00
      32615   1358.917     29.884     30.082    28.7833    28.7854   5.836247   5.836444     3.1319     2.6447      36.85   26.38450  -83.60870    0.00044    0.00041          4  0.000e+00
      32616   1358.958     29.850     30.048    28.7836    28.7845   5.836334   5.836395     3.1319     2.6447      36.85   26.38450  -83.60870    0.00044    0.00051          4  0.000e+00
      32617   1359.000     29.884     30.082    28.7840    28.7842   5.836318   5.836323     3.1319     2.6447      36.85   26.38450  -83.60870    0.00043    0.00061          4  0.000e+00
      32618   1359.042     29.836     30.035    28.7838    28.7843   5.836373   5.836420     3.1319     2.6447      36.85   26.38450  -83.60870    0.00041    0.00069          4  0.000e+00
      32619   1359.083     29.850     30.048    28.7838    28.7848   5.836302   5.836588     3.1306     2.6447      36.85   26.38450  -83.60870    0.00038    0.00078          4  0.000e+00
      32620   1359.125     29.884     30.082    28.7827    28.7852   5.836152   5.836668     3.1306     2.6447      36.85   26.38450  -83.60870    0.00037    0.00086          4  0.000e+00
      32621   1359.167     29.904     30.103    28.7823    28.7856   5.835970   5.836829     3.1306     2.6435      36.85   26.38450  -83.60870    0.00034    0.00092          4  0.000e+00
      32622   1359.208     29.836     30.035    28.7801    28.7863   5.835780   5.836877     3.1306     2.6422      36.85   26.38450  -83.60870    0.00031    0.00097          4  0.000e+00
      32623   1359.250     29.904     30.103    28.7787    28.7865   5.835654   5.836893     3.1306     2.6422      36.85   26.38450  -83.60870    0.00027    0.00100          4  0.000e+00
      32624   1359.292     29.884     30.082    28.7777    28.7869   5.835448   5.836877     3.1306     2.6422      36.85   26.38450  -83.60870    0.00024    0.00103          4  0.000e+00
      32625   1359.333     29.850     30.048    28.7762    28.7863   5.835329   5.836764     3.1294     2.6422      36.85   26.38450  -83.60870    0.00019    0.00105          4  0.000e+00
      32626   1359.375     29.884     30.082    28.7755    28.7861   5.835298   5.836692     3.1294     2.6410      36.85   26.38450  -83.60870    0.00013    0.00104          4  0.000e+00
      32627   1359.417     29.904     30.103    28.7754    28.7863   5.835274   5.836716     3.1294     2.6422      36.85   26.38450  -83.60870    0.00008    0.00104          4  0.000e+00
      32628   1359.458     29.884     30.082    28.7747    28.7859   5.835250   5.836636     3.1306     2.6422      36.85   26.38450  -83.60870    0.00005    0.00103          4  0.000e+00
      32629   1359.500     29.904     30.103    28.7754    28.7856   5.835282   5.836588     3.1306     2.6422      36.80   26.38450  -83.60870    0.00002    0.00103          4  0.000e+00
      32630   1359.542     29.884     30.082    28.7761    28.7854   5.835274   5.836588     3.1294     2.6422      36.78   26.38450  -83.60870   -0.00003    0.00102          4  0.000e+00
      32631   1359.583     29.904     30.103    28.7763    28.7850   5.835321   5.836516     3.1294     2.6422      36.78   26.38450  -83.60870   -0.00008    0.00102          4  0.000e+00
      32632   1359.625     29.884     30.082    28.7759    28.7847   5.835377   5.836492     3.1294     2.6422      36.78   26.38450  -83.60870   -0.00012    0.00101          4  0.000e+00
      32633   1359.667     29.850     30.048    28.7763    28.7845   5.835400   5.836395     3.1294     2.6422      36.78   26.38450  -83.60870   -0.00019    0.00101          4  0.000e+00
      32634   1359.708     29.938     30.137    28.7769    28.7844   5.835432   5.836387     3.1306     2.6422      36.78   26.38450  -83.60870   -0.00022    0.00100          4  0.000e+00
      32635   1359.750     29.884     30.082    28.7775    28.7843   5.835472   5.836428     3.1294     2.6422      36.78   26.38450  -83.60870   -0.00027    0.00099          4  0.000e+00
      32636   1359.792     29.904     30.103    28.7783    28.7843   5.835535   5.836371     3.1282     2.6422      36.78   26.38450  -83.60870   -0.00033    0.00100          4  0.000e+00
      32637   1359.833     29.836     30.034    28.7790    28.7841   5.835606   5.836420     3.1294     2.6435      36.78   26.38450  -83.60870   -0.00038    0.00103          4  0.000e+00
      32638   1359.875     29.904     30.103    28.7790    28.7843   5.835709   5.836460     3.1282     2.6422      36.78   26.38450  -83.60870   -0.00042    0.00104          4  0.000e+00
      32639   1359.917     29.884     30.082    28.7794    28.7841   5.835796   5.836444     3.1282     2.6435      36.78   26.38450  -83.60870   -0.00047    0.00107          4  0.000e+00
      32640   1359.958     29.904     30.103    28.7799    28.7843   5.835891   5.836444     3.1282     2.6435      36.78   26.38450  -83.60870   -0.00053    0.00110          4  0.000e+00
      32641   1360.000     29.884     30.082    28.7807    28.7841   5.835930   5.836516     3.1282     2.6422      36.78   26.38450  -83.60870   -0.00057    0.00112          4  0.000e+00
      32642   1360.042     29.904     30.103    28.7814    28.7845   5.835883   5.836540     3.1282     2.6435      36.78   26.38450  -83.60870   -0.00061    0.00117          4  0.000e+00
      32643   1360.083     29.884     30.082    28.7812    28.7847   5.835828   5.836572     3.1282     2.6435      36.78   26.38450  -83.60870   -0.00065    0.00121          4  0.000e+00
      32644   1360.125     29.850     30.048    28.7791    28.7850   5.835796   5.836564     3.1282     2.6422      36.78   26.38450  -83.60870   -0.00069    0.00122          4  0.000e+00
      32645   1360.167     29.884     30.082    28.7790    28.7852   5.835812   5.836652     3.1282     2.6435      36.78   26.38450  -83.60870   -0.00073    0.00127          4  0.000e+00
      32646   1360.208     29.850     30.048    28.7792    28.7856   5.835820   5.836716     3.1282     2.6435      36.78   26.38450  -83.60870   -0.00076    0.00130          4  0.000e+00
      32647   1360.250     29.884     30.082    28.7789    28.7858   5.835836   5.836764     3.1282     2.6435      36.78   26.38450  -83.60870   -0.00080    0.00132          4  0.000e+00
      32648   1360.292     29.850     30.048    28.7790    28.7859   5.835749   5.836780     3.1282     2.6435      36.78   26.38450  -83.60870   -0.00084    0.00135          4  0.000e+00
      32649   1360.333     29.884     30.082    28.7785    28.7858   5.835701   5.836829     3.1282     2.6435      36.78   26.38450  -83.60870   -0.00085    0.00137          4  0.000e+00
      32650   1360.375     29.836     30.034    28.7777    28.7859   5.835646   5.836869     3.1282     2.6435      36.78   26.38450  -83.60870   -0.00087    0.00138          4  0.000e+00
      32651   1360.417     29.904     30.103    28.7779    28.7861   5.835590   5.836837     3.1282     2.6435      36.78   26.38450  -83.60870   -0.00088    0.00139          4  0.000e+00
      32652   1360.458     29.836     30.034    28.7780    28.7863   5.835559   5.836901     3.1282     2.6447      36.78   26.38450  -83.60870   -0.00089    0.00140          4  0.000e+00
      32653   1360.500     29.850     30.048    28.7786    28.7863   5.835606   5.836885     3.1282     2.6447      36.78   26.38450  -83.60870   -0.00090    0.00140          4  0.000e+00
      32654   1360.542     29.836     30.034    28.7796    28.7865   5.835590   5.836925     3.1294     2.6447      36.80   26.38450  -83.60870   -0.00091    0.00140          4  0.000e+00
      32655   1360.583     29.850     30.048    28.7791    28.7861   5.835630   5.836893     3.1294     2.6447      36.80   26.38450  -83.60870   -0.00090    0.00139          4  0.000e+00
      32656   1360.625     29.789     29.987    28.7783    28.7861   5.835630   5.836909     3.1294     2.6447      36.80   26.38450  -83.60870   -0.00091    0.00137          4  0.000e+00
      32657   1360.667     29.850     30.048    28.7776    28.7858   5.835662   5.836885     3.1294     2.6447      36.80   26.38450  -83.60870   -0.00092    0.00135          4  0.000e+00
      32658   1360.708     29.836     30.034    28.7774    28.7859   5.835685   5.836877     3.1294     2.6447      36.80   26.38450  -83.60870   -0.00091    0.00133          4  0.000e+00
      32659   1360.750     29.850     30.048    28.7786    28.7859   5.835749   5.836821     3.1294     2.6447      36.80   26.38450  -83.60870   -0.00091    0.00131          4  0.000e+00
      32660   1360.792     29.789     29.987    28.7806    28.7861   5.835677   5.836820     3.1294     2.6447      36.80   26.38450  -83.60870   -0.00092    0.00128          4  0.000e+00
      32661   1360.833     29.802     30.000    28.7807    28.7857   5.835630   5.836829     3.1306     2.6447      36.80   26.38450  -83.60870   -0.00090    0.00126          4  0.000e+00
      32662   1360.875     29.836     30.034    28.7802    28.7858   5.835661   5.836829     3.1294     2.6447      36.83   26.38450  -83.60870   -0.00091    0.00121          4  0.000e+00
      32663   1360.917     29.802     30.000    28.7790    28.7858   5.835685   5.836788     3.1306     2.6447      36.80   26.38450  -83.60870   -0.00089    0.00116          4  0.000e+00
      32664   1360.958     29.789     29.987    28.7788    28.7858   5.835748   5.836829     3.1306     2.6447      36.83   26.38450  -83.60870   -0.00089    0.00112          4  0.000e+00
      32665   1361.000     29.789     29.987    28.7787    28.7854   5.835772   5.836829     3.1306     2.6447      36.80   26.38450  -83.60870   -0.00090    0.00106          4  0.000e+00
      32666   1361.042     29.802     30.000    28.7779    28.7852   5.835820   5.836829     3.1306     2.6447      36.80   26.38450  -83.60870   -0.00088    0.00101          4  0.000e+00
      32667   1361.083     29.735     29.932    28.7781    28.7855   5.835899   5.836788     3.1306     2.6447      36.80   26.38450  -83.60870   -0.00087    0.00095          4  0.000e+00
      32668   1361.125     29.802     30.000    28.7798    28.7854   5.835994   5.836708     3.1306     2.6447      36.80   26.38450  -83.60870   -0.00087    0.00089          4  0.000e+00
      32669   1361.167     29.789     29.987    28.7814    28.7841   5.836097   5.836700     3.1306     2.6435      36.80   26.38450  -83.60870   -0.00087    0.00082          4  0.000e+00
      32670   1361.208     29.755     29.953    28.7820    28.7845   5.836112   5.836756     3.1294     2.6435      36.80   26.38450  -83.60870   -0.00087    0.00075          4  0.000e+00
      32671   1361.250     29.789     29.987    28.7829    28.7850   5.836120   5.836740     3.1306     2.6435      36.83   26.38450  -83.60870   -0.00087    0.00069          4  0.000e+00
      32672   1361.292     29.755     29.953    28.7838    28.7850   5.836112   5.836764     3.1306     2.6435      36.80   26.38450  -83.60870   -0.00088    0.00063          4  0.000e+00
      32673   1361.333     29.735     29.932    28.7838    28.7855   5.836073   5.836812     3.1306     2.6435      36.80   26.38450  -83.60870   -0.00086    0.00056          4  0.000e+00
      32674   1361.375     29.755     29.953    28.7821    28.7856   5.836002   5.836804     3.1306     2.6447      36.80   26.38450  -83.60870   -0.00086    0.00051          4  0.000e+00
      32675   1361.417     29.735     29.932    28.7800    28.7856   5.835970   5.836780     3.1306     2.6447      36.80   26.38450  -83.60870   -0.00086    0.00046          4  0.000e+00
      32676   1361.458     29.701     29.898    28.7809    28.7856   5.835851   5.836708     3.1306     2.6447      36.80   26.38450  -83.60870   -0.00086    0.00042          4  0.000e+00
      32677   1361.500     29.789     29.987    28.7814    28.7854   5.835796   5.836716     3.1306     2.6447      36.87   26.38450  -83.60870   -0.00086    0.00039          4  0.000e+00
      32678   1361.542     29.701     29.898    28.7817    28.7854   5.835772   5.836692     3.1306     2.6447      36.95   26.38450  -83.60870   -0.00086    0.00035          4  0.000e+00
      32679   1361.583     29.687     29.884    28.7819    28.7854   5.835891   5.836628     3.1319     2.6447      36.95   26.38450  -83.60870   -0.00085    0.00032          4  0.000e+00
      32680   1361.625     29.755     29.953    28.7822    28.7856   5.835962   5.836660     3.1319     2.6459      36.95   26.38450  -83.60870   -0.00083    0.00032          4  0.000e+00
      32681   1361.667     29.687     29.884    28.7829    28.7856   5.835970   5.836644     3.1306     2.6447      36.95   26.38450  -83.60870   -0.00082    0.00029          4  0.000e+00
      32682   1361.708     29.734     29.932    28.7836    28.7852   5.835978   5.836636     3.1306     2.6459      36.95   26.38450  -83.60870   -0.00080    0.00028          4  0.000e+00
