GOMECC/GOMECC-4/1db/rb2103_0191.ros
* Sea-Bird SBE 9 Data File:
* FileName = C:\Users\scs.user.rb\CTD\GOMECC4\data\rb2103_0191.hex
* Software Version Seasave V 7.26.7.107
* Temperature SN = 4799
* Conductivity SN = 3860
* Number of Bytes Per Scan = 41
* Number of Voltage Words = 4
* Number of Scans Averaged by the Deck Unit = 1
* NMEA Latitude = 29 29.99 N
* NMEA Longitude = 085 22.68 W
* NMEA UTC (Time) = Sep 20 2021  17:04:31
* NMEA baud rate = 4800
# nquan = 17
# nvalues = 1197                                  
# units = specified
# name 0 = scan: Scan Count
# name 1 = timeS: Time, Elapsed [seconds]
# name 2 = depSM: Depth [salt water, m]
# name 3 = prDM: Pressure, Digiquartz [db]
# name 4 = t090C: Temperature [ITS-90, deg C]
# name 5 = t190C: Temperature, 2 [ITS-90, deg C]
# name 6 = c0S/m: Conductivity [S/m]
# name 7 = c1S/m: Conductivity, 2 [S/m]
# name 8 = sbeox0V: Oxygen raw, SBE 43 [V]
# name 9 = sbeox1V: Oxygen raw, SBE 43, 2 [V]
# name 10 = altM: Altimeter [m]
# name 11 = latitude: Latitude [deg]
# name 12 = longitude: Longitude [deg]
# name 13 = sbox0dV/dT: Oxygen, SBE 43 [dov/dt]
# name 14 = sbox1dV/dT: Oxygen, SBE 43, 2 [dov/dt]
# name 15 = nbf: Bottles Fired
# name 16 = flag:  0.000e+00
# interval = seconds: 0.0416667
# start_time = Sep 20 2021 17:04:31 [NMEA time, header]
# bad_flag = -9.990e-29
*END*
[from data line 596]
      15651    652.083     10.539     10.611    28.2207    28.2194   5.356325   5.356108     3.0159     2.5604      13.14   29.50028  -85.37808    0.00199    0.00376          5  0.000e+00
      15652    652.125     10.449     10.520    28.2203    28.2196   5.356325   5.356100     3.0159     2.5604      13.14   29.50028  -85.37808    0.00234    0.00390          5  0.000e+00
      15653    652.167     10.486     10.558    28.2202    28.2198   5.356272   5.356146     3.0171     2.5604      13.14   29.50028  -85.37808    0.00271    0.00401          5  0.000e+00
      15654    652.208     10.502     10.573    28.2201    28.2200   5.356287   5.356162     3.0159     2.5592      13.14   29.50028  -85.37808    0.00307    0.00410          5  0.000e+00
      15655    652.250     10.486     10.558    28.2200    28.2202   5.356226   5.356162     3.0159     2.5592      13.14   29.50028  -85.37808    0.00340    0.00417          5  0.000e+00
      15656    652.292     10.449     10.520    28.2201    28.2200   5.356272   5.356185     3.0159     2.5592      13.14   29.50028  -85.37808    0.00373    0.00423          5  0.000e+00
      15657    652.333     10.486     10.558    28.2198    28.2200   5.356234   5.356201     3.0171     2.5580      13.14   29.50028  -85.37808    0.00408    0.00426          5  0.000e+00
      15658    652.375     10.449     10.520    28.2201    28.2202   5.356203   5.356239     3.0159     2.5568      13.14   29.50028  -85.37808    0.00439    0.00427          5  0.000e+00
      15659    652.417     10.539     10.611    28.2201    28.2203   5.356241   5.356255     3.0171     2.5568      13.14   29.50028  -85.37808    0.00471    0.00428          5  0.000e+00
      15660    652.458     10.396     10.467    28.2200    28.2202   5.356188   5.356239     3.0171     2.5568      13.14   29.50028  -85.37808    0.00504    0.00427          5  0.000e+00
      15661    652.500     10.539     10.611    28.2201    28.2200   5.356196   5.356147     3.0171     2.5568      13.14   29.50028  -85.37808    0.00534    0.00425          5  0.000e+00
      15662    652.542     10.486     10.558    28.2197    28.2198   5.356180   5.356085     3.0171     2.5568      13.14   29.50028  -85.37808    0.00563    0.00423          5  0.000e+00
      15663    652.583     10.502     10.573    28.2200    28.2196   5.356104   5.356038     3.0171     2.5568      13.11   29.50028  -85.37808    0.00589    0.00421          5  0.000e+00
      15664    652.625     10.486     10.558    28.2198    28.2194   5.356104   5.356015     3.0159     2.5556      13.06   29.50028  -85.37808    0.00613    0.00417          5  0.000e+00
      15665    652.667     10.449     10.520    28.2196    28.2191   5.356089   5.355922     3.0159     2.5556      13.04   29.50028  -85.37808    0.00637    0.00412          5  0.000e+00
      15666    652.708     10.426     10.497    28.2200    28.2187   5.356043   5.355899     3.0171     2.5556      13.04   29.50028  -85.37808    0.00661    0.00408          5  0.000e+00
      15667    652.750     10.502     10.573    28.2196    28.2183   5.356058   5.355799     3.0171     2.5543      13.04   29.50028  -85.37808    0.00684    0.00401          5  0.000e+00
      15668    652.792     10.426     10.497    28.2194    28.2186   5.356043   5.355721     3.0159     2.5543      13.04   29.50026  -85.37808    0.00704    0.00394          5  0.000e+00
      15669    652.833     10.449     10.520    28.2194    28.2178   5.355997   5.355613     3.0159     2.5543      13.04   29.50026  -85.37808    0.00723    0.00387          5  0.000e+00
      15670    652.875     10.486     10.558    28.2192    28.2170   5.355944   5.355482     3.0159     2.5531      13.04   29.50026  -85.37808    0.00740    0.00378          5  0.000e+00
      15671    652.917     10.426     10.497    28.2186    28.2163   5.355845   5.355180     3.0159     2.5531      13.04   29.50026  -85.37808    0.00755    0.00369          5  0.000e+00
      15672    652.958     10.396     10.467    28.2181    28.2154   5.355646   5.354786     3.0159     2.5519      13.04   29.50026  -85.37808    0.00769    0.00358          5  0.000e+00
      15673    653.000     10.426     10.497    28.2174    28.2143   5.355387   5.354492     3.0147     2.5507      13.04   29.50026  -85.37808    0.00780    0.00345          5  0.000e+00
      15674    653.042     10.396     10.467    28.2165    28.2132   5.355143   5.354330     3.0147     2.5507      13.04   29.50026  -85.37808    0.00788    0.00331          5  0.000e+00
      15675    653.083     10.426     10.497    28.2152    28.2125   5.354960   5.354198     3.0134     2.5507      13.04   29.50026  -85.37808    0.00794    0.00318          5  0.000e+00
      15676    653.125     10.449     10.520    28.2150    28.2121   5.354853   5.354121     3.0134     2.5495      13.04   29.50026  -85.37808    0.00798    0.00301          5  0.000e+00
      15677    653.167     10.373     10.444    28.2144    28.2122   5.354762   5.354152     3.0122     2.5482      13.04   29.50026  -85.37808    0.00798    0.00283          5  0.000e+00
      15678    653.208     10.396     10.467    28.2143    28.2121   5.354739   5.354229     3.0110     2.5482      13.04   29.50026  -85.37808    0.00796    0.00264          5  0.000e+00
      15679    653.250     10.373     10.444    28.2147    28.2128   5.354746   5.354345     3.0110     2.5470      13.04   29.50026  -85.37808    0.00791    0.00243          5  0.000e+00
      15680    653.292     10.396     10.467    28.2146    28.2135   5.354876   5.354453     3.0110     2.5470      13.04   29.50026  -85.37808    0.00785    0.00223          5  0.000e+00
      15681    653.333     10.373     10.444    28.2152    28.2139   5.354845   5.354531     3.0098     2.5470      13.04   29.50026  -85.37808    0.00776    0.00202          5  0.000e+00
      15682    653.375     10.320     10.391    28.2148    28.2139   5.354800   5.354531     3.0085     2.5458      13.04   29.50026  -85.37808    0.00764    0.00179          5  0.000e+00
      15683    653.417     10.396     10.467    28.2133    28.2134   5.354556   5.354415     3.0085     2.5446      13.04   29.50026  -85.37808    0.00751    0.00155          5  0.000e+00
      15684    653.458     10.320     10.391    28.2122    28.2125   5.354266   5.354222     3.0073     2.5433      13.04   29.50026  -85.37808    0.00734    0.00129          5  0.000e+00
      15685    653.500     10.335     10.406    28.2115    28.2126   5.354067   5.353990     3.0061     2.5433      13.04   29.50026  -85.37808    0.00714    0.00104          5  0.000e+00
      15686    653.542     10.320     10.391    28.2114    28.2121   5.354258   5.353874     3.0061     2.5421      13.04   29.50026  -85.37808    0.00693    0.00076          5  0.000e+00
      15687    653.583     10.282     10.353    28.2114    28.2114   5.354777   5.353820     3.0049     2.5421      13.06   29.50026  -85.37808    0.00669    0.00049          5  0.000e+00
      15688    653.625     10.320     10.391    28.2115    28.2114   5.355151   5.352907     3.0049     2.5409      13.16   29.50026  -85.37808    0.00644    0.00020          5  0.000e+00
      15689    653.667     10.282     10.353    28.2121    28.2121   5.355463   5.353549     3.0037     2.5409      13.19   29.50026  -85.37808    0.00618   -0.00009          5  0.000e+00
      15690    653.708     10.260     10.330    28.2122    28.2128   5.355616   5.354276     3.0024     2.5397      13.19   29.50026  -85.37808    0.00589   -0.00038          5  0.000e+00
      15691    653.750     10.169     10.239    28.2121    28.2134   5.355387   5.354523     3.0024     2.5397      13.19   29.50026  -85.37808    0.00560   -0.00066          5  0.000e+00
      15692    653.792     10.373     10.444    28.2119    28.2135   5.355181   5.354531     3.0012     2.5385      13.19   29.50028  -85.37808    0.00529   -0.00096          5  0.000e+00
      15693    653.833     10.260     10.330    28.2115    28.2132   5.354906   5.354453     3.0000     2.5385      13.19   29.50028  -85.37808    0.00496   -0.00126          5  0.000e+00
      15694    653.875     10.282     10.353    28.2114    28.2130   5.354823   5.354322     3.0000     2.5372      13.19   29.50028  -85.37808    0.00463   -0.00157          5  0.000e+00
      15695    653.917     10.207     10.277    28.2110    28.2125   5.354693   5.354221     2.9988     2.5372      13.19   29.50028  -85.37808    0.00427   -0.00187          5  0.000e+00
      15696    653.958     10.222     10.292    28.2114    28.2119   5.354517   5.354175     2.9976     2.5360      13.19   29.50028  -85.37808    0.00391   -0.00217          5  0.000e+00
      15697    654.000     10.260     10.330    28.2112    28.2122   5.354411   5.354229     2.9976     2.5360      13.19   29.50028  -85.37808    0.00354   -0.00248          5  0.000e+00
      15698    654.042     10.222     10.292    28.2110    28.2125   5.354319   5.354322     2.9963     2.5360      13.19   29.50028  -85.37808    0.00316   -0.00277          5  0.000e+00
      15699    654.083     10.207     10.277    28.2110    28.2130   5.354197   5.354461     2.9951     2.5360      13.19   29.50028  -85.37808    0.00276   -0.00307          5  0.000e+00
      15700    654.125     10.169     10.239    28.2108    28.2128   5.354098   5.354415     2.9951     2.5360      13.19   29.50028  -85.37808    0.00237   -0.00336          5  0.000e+00
      15701    654.167     10.207     10.277    28.2105    28.2125   5.353869   5.354283     2.9951     2.5348      13.19   29.50028  -85.37808    0.00197   -0.00365          5  0.000e+00
      15702    654.208     10.169     10.239    28.2103    28.2125   5.353770   5.354252     2.9939     2.5348      13.19   29.50028  -85.37808    0.00155   -0.00393          5  0.000e+00
      15703    654.250     10.207     10.277    28.2093    28.2125   5.353526   5.354245     2.9927     2.5348      13.19   29.50028  -85.37808    0.00112   -0.00421          5  0.000e+00
      15704    654.292     10.207     10.277    28.2093    28.2122   5.353389   5.354214     2.9927     2.5348      13.19   29.50028  -85.37808    0.00070   -0.00447          5  0.000e+00
      15705    654.333     10.169     10.239    28.2092    28.2119   5.353457   5.354175     2.9915     2.5348      13.19   29.50028  -85.37808    0.00028   -0.00473          5  0.000e+00
      15706    654.375     10.147     10.216    28.2095    28.2119   5.353564   5.354028     2.9915     2.5348      13.19   29.50028  -85.37808   -0.00014   -0.00498          5  0.000e+00
      15707    654.417     10.169     10.239    28.2096    28.2117   5.353617   5.353990     2.9915     2.5348      13.19   29.50028  -85.37808   -0.00055   -0.00522          5  0.000e+00
      15708    654.458     10.147     10.216    28.2093    28.2112   5.353595   5.353943     2.9902     2.5348      13.19   29.50028  -85.37808   -0.00098   -0.00544          5  0.000e+00
      15709    654.500     10.169     10.239    28.2090    28.2114   5.353587   5.353935     2.9902     2.5360      13.19   29.50028  -85.37808   -0.00140   -0.00564          5  0.000e+00
      15710    654.542     10.147     10.216    28.2093    28.2110   5.353587   5.353874     2.9902     2.5360      13.19   29.50028  -85.37808   -0.00179   -0.00584          5  0.000e+00
      15711    654.583     10.169     10.239    28.2095    28.2110   5.353549   5.353881     2.9890     2.5360      13.21   29.50028  -85.37808   -0.00220   -0.00603          5  0.000e+00
      15712    654.625     10.147     10.216    28.2095    28.2108   5.353572   5.353889     2.9902     2.5360      13.26   29.50028  -85.37808   -0.00259   -0.00621          5  0.000e+00
      15713    654.667     10.116     10.185    28.2095    28.2112   5.353610   5.353827     2.9890     2.5372      13.28   29.50028  -85.37808   -0.00298   -0.00638          5  0.000e+00
      15714    654.708     10.147     10.216    28.2094    28.2108   5.353694   5.353773     2.9890     2.5372      13.31   29.50028  -85.37808   -0.00337   -0.00654          5  0.000e+00
      15715    654.750     10.147     10.216    28.2095    28.2108   5.353617   5.353727     2.9890     2.5385      13.28   29.50028  -85.37808   -0.00374   -0.00666          5  0.000e+00
      15716    654.792     10.169     10.239    28.2093    28.2106   5.353656   5.353688     2.9890     2.5385      13.31   29.50026  -85.37808   -0.00410   -0.00677          5  0.000e+00
      15717    654.833     10.147     10.216    28.2095    28.2106   5.353739   5.353564     2.9890     2.5397      13.28   29.50026  -85.37808   -0.00444   -0.00687          5  0.000e+00
      15718    654.875     10.169     10.239    28.2099    28.2091   5.353900   5.353132     2.9890     2.5397      13.28   29.50026  -85.37808   -0.00478   -0.00696          5  0.000e+00
      15719    654.917     10.094     10.163    28.2099    28.2066   5.354075   5.352768     2.9890     2.5409      13.28   29.50026  -85.37808   -0.00510   -0.00703          5  0.000e+00
      16321    680.000     10.146     10.216    28.2194    28.2203   5.356211   5.356525     2.9915     2.5519      13.28   29.50028  -85.37808   -0.00241    0.00004          6  0.000e+00
      16322    680.042     10.335     10.406    28.2194    28.2204   5.356203   5.356525     2.9927     2.5507      13.31   29.50028  -85.37808   -0.00217    0.00028          6  0.000e+00
      16323    680.083     10.146     10.216    28.2196    28.2204   5.356272   5.356486     2.9927     2.5507      13.28   29.50028  -85.37808   -0.00193    0.00053          6  0.000e+00
      16324    680.125     10.282     10.353    28.2194    28.2204   5.356302   5.356479     2.9927     2.5507      13.28   29.50028  -85.37808   -0.00169    0.00077          6  0.000e+00
      16325    680.167     10.146     10.216    28.2200    28.2202   5.356356   5.356494     2.9927     2.5507      13.28   29.50028  -85.37808   -0.00145    0.00102          6  0.000e+00
      16326    680.208     10.282     10.353    28.2196    28.2203   5.356356   5.356510     2.9927     2.5507      13.28   29.50028  -85.37808   -0.00121    0.00125          6  0.000e+00
      16327    680.250     10.260     10.330    28.2196    28.2204   5.356310   5.356517     2.9939     2.5507      13.28   29.50028  -85.37808   -0.00096    0.00148          6  0.000e+00
      16328    680.292     10.282     10.353    28.2195    28.2204   5.356256   5.356517     2.9939     2.5519      13.28   29.50028  -85.37808   -0.00070    0.00172          6  0.000e+00
      16329    680.333     10.320     10.391    28.2196    28.2204   5.356249   5.356564     2.9939     2.5507      13.31   29.50028  -85.37808   -0.00045    0.00193          6  0.000e+00
      16330    680.375     10.260     10.330    28.2196    28.2207   5.356256   5.356603     2.9939     2.5519      13.28   29.50028  -85.37808   -0.00020    0.00214          6  0.000e+00
      16331    680.417     10.335     10.406    28.2196    28.2211   5.356310   5.356641     2.9951     2.5507      13.28   29.50028  -85.37808    0.00005    0.00233          6  0.000e+00
      16332    680.458     10.320     10.391    28.2200    28.2210   5.356379   5.356672     2.9951     2.5507      13.28   29.50028  -85.37808    0.00030    0.00251          6  0.000e+00
      16333    680.500     10.335     10.406    28.2203    28.2210   5.356523   5.356726     2.9951     2.5507      13.28   29.50028  -85.37808    0.00055    0.00268          6  0.000e+00
      16334    680.542     10.373     10.444    28.2205    28.2213   5.356554   5.356742     2.9951     2.5519      13.28   29.50028  -85.37808    0.00079    0.00285          6  0.000e+00
      16335    680.583     10.335     10.406    28.2214    28.2211   5.356729   5.356742     2.9951     2.5519      13.26   29.50028  -85.37808    0.00102    0.00302          6  0.000e+00
