GOMECC/GOMECC-4/1db/rb2103_0181.ros
* Sea-Bird SBE 9 Data File:
* FileName = C:\Users\scs.user.rb\CTD\GOMECC4\data\rb2103_0181.hex
* Software Version Seasave V 7.26.7.107
* Temperature SN = 4799
* Conductivity SN = 3860
* Number of Bytes Per Scan = 41
* Number of Voltage Words = 4
* Number of Scans Averaged by the Deck Unit = 1
* NMEA Latitude = 28 00.84 N
* NMEA Longitude = 083 00.93 W
* NMEA UTC (Time) = Sep 19 2021  18:30:14
* NMEA baud rate = 4800
# nquan = 17
# nvalues = 1064                                  
# units = specified
# name 0 = scan: Scan Count
# name 1 = timeS: Time, Elapsed [seconds]
# name 2 = depSM: Depth [salt water, m]
# name 3 = prDM: Pressure, Digiquartz [db]
# name 4 = t090C: Temperature [ITS-90, deg C]
# name 5 = t190C: Temperature, 2 [ITS-90, deg C]
# name 6 = c0S/m: Conductivity [S/m]
# name 7 = c1S/m: Conductivity, 2 [S/m]
# name 8 = sbeox0V: Oxygen raw, SBE 43 [V]
# name 9 = sbeox1V: Oxygen raw, SBE 43, 2 [V]
# name 10 = altM: Altimeter [m]
# name 11 = latitude: Latitude [deg]
# name 12 = longitude: Longitude [deg]
# name 13 = sbox0dV/dT: Oxygen, SBE 43 [dov/dt]
# name 14 = sbox1dV/dT: Oxygen, SBE 43, 2 [dov/dt]
# name 15 = nbf: Bottles Fired
# name 16 = flag:  0.000e+00
# interval = seconds: 0.0416667
# start_time = Sep 19 2021 18:30:14 [NMEA time, header]
# bad_flag = -9.990e-29
*END*
[from data line 766]
      29367   1223.583      3.825      3.850    29.6339    29.6436   5.709141   5.708800     3.4408     2.9341      12.45   28.01786  -83.01666   -0.00234   -0.00314          6  0.000e+00
      29368   1223.625      3.810      3.835    29.6335    29.6439   5.709102   5.708602     3.4420     2.9341      12.45   28.01786  -83.01666   -0.00229   -0.00324          6  0.000e+00
      29369   1223.667      3.825      3.850    29.6324    29.6466   5.709055   5.708490     3.4408     2.9353      12.45   28.01786  -83.01666   -0.00226   -0.00333          6  0.000e+00
      29370   1223.708      3.810      3.835    29.6341    29.6495   5.708945   5.708355     3.4420     2.9353      12.45   28.01786  -83.01666   -0.00221   -0.00341          6  0.000e+00
      29371   1223.750      3.825      3.850    29.6376    29.6491   5.708867   5.708363     3.4420     2.9353      12.45   28.01786  -83.01666   -0.00215   -0.00350          6  0.000e+00
      29372   1223.792      3.885      3.911    29.6393    29.6486   5.708859   5.708435     3.4420     2.9353      12.45   28.01786  -83.01666   -0.00209   -0.00358          6  0.000e+00
      29373   1223.833      3.810      3.835    29.6405    29.6497   5.708859   5.708363     3.4420     2.9353      12.45   28.01786  -83.01666   -0.00203   -0.00364          6  0.000e+00
      29374   1223.875      3.825      3.850    29.6413    29.6504   5.708859   5.708260     3.4420     2.9353      12.45   28.01786  -83.01666   -0.00199   -0.00370          6  0.000e+00
      29375   1223.917      3.810      3.835    29.6415    29.6517   5.708859   5.708053     3.4432     2.9353      12.45   28.01786  -83.01666   -0.00192   -0.00376          6  0.000e+00
      29376   1223.958      3.825      3.850    29.6420    29.6528   5.708749   5.707791     3.4420     2.9353      12.45   28.01786  -83.01666   -0.00186   -0.00382          6  0.000e+00
      29377   1224.000      3.825      3.850    29.6456    29.6545   5.708436   5.707569     3.4432     2.9353      12.45   28.01786  -83.01666   -0.00179   -0.00386          6  0.000e+00
      29378   1224.042      3.810      3.835    29.6500    29.6569   5.707918   5.707354     3.4432     2.9341      12.45   28.01786  -83.01666   -0.00171   -0.00391          6  0.000e+00
      29379   1224.083      3.825      3.850    29.6540    29.6595   5.707534   5.707187     3.4432     2.9341      12.45   28.01786  -83.01666   -0.00162   -0.00394          6  0.000e+00
      29380   1224.125      3.870      3.896    29.6562    29.6614   5.707385   5.707084     3.4432     2.9328      12.45   28.01786  -83.01666   -0.00153   -0.00401          6  0.000e+00
      29381   1224.167      3.825      3.850    29.6579    29.6625   5.707464   5.707100     3.4444     2.9328      12.45   28.01786  -83.01666   -0.00142   -0.00405          6  0.000e+00
      29382   1224.208      3.711      3.736    29.6559    29.6618   5.707362   5.707140     3.4432     2.9316      12.45   28.01786  -83.01666   -0.00134   -0.00411          6  0.000e+00
      29383   1224.250      3.870      3.896    29.6584    29.6599   5.707064   5.707195     3.4432     2.9316      12.45   28.01786  -83.01666   -0.00125   -0.00417          6  0.000e+00
      29384   1224.292      3.772      3.797    29.6577    29.6618   5.707229   5.707124     3.4432     2.9316      12.45   28.01786  -83.01666   -0.00117   -0.00422          6  0.000e+00
      29385   1224.333      3.810      3.835    29.6542    29.6653   5.707597   5.707076     3.4432     2.9316      12.45   28.01786  -83.01666   -0.00109   -0.00425          6  0.000e+00
      29386   1224.375      3.772      3.797    29.6530    29.6640   5.707793   5.707052     3.4444     2.9316      12.43   28.01786  -83.01666   -0.00099   -0.00430          6  0.000e+00
      29387   1224.417      3.772      3.797    29.6526    29.6629   5.707762   5.707060     3.4432     2.9316      12.43   28.01786  -83.01666   -0.00091   -0.00432          6  0.000e+00
      29388   1224.458      3.757      3.782    29.6574    29.6627   5.707346   5.707092     3.4432     2.9316      12.43   28.01786  -83.01666   -0.00083   -0.00434          6  0.000e+00
      29389   1224.500      3.825      3.850    29.6639    29.6618   5.707111   5.707179     3.4432     2.9316      12.43   28.01786  -83.01666   -0.00074   -0.00435          6  0.000e+00
      29390   1224.542      3.696      3.721    29.6633    29.6621   5.707221   5.706965     3.4432     2.9316      12.43   28.01786  -83.01666   -0.00067   -0.00437          6  0.000e+00
      29391   1224.583      3.825      3.850    29.6598    29.6677   5.707581   5.706409     3.4432     2.9316      12.43   28.01786  -83.01666   -0.00060   -0.00436          6  0.000e+00
      29392   1224.625      3.711      3.736    29.6576    29.6764   5.707762   5.705702     3.4432     2.9316      12.43   28.01786  -83.01666   -0.00053   -0.00434          6  0.000e+00
      29393   1224.667      3.757      3.782    29.6526    29.6839   5.708067   5.705011     3.4420     2.9316      12.43   28.01786  -83.01666   -0.00050   -0.00432          6  0.000e+00
      29394   1224.708      3.772      3.797    29.6485    29.6915   5.708334   5.704510     3.4408     2.9316      12.43   28.01786  -83.01666   -0.00047   -0.00430          6  0.000e+00
      29395   1224.750      3.696      3.721    29.6467    29.6952   5.708357   5.704383     3.4408     2.9316      12.43   28.01786  -83.01666   -0.00045   -0.00427          6  0.000e+00
      29396   1224.792      3.772      3.797    29.6460    29.6941   5.708279   5.704399     3.4408     2.9316      12.43   28.01786  -83.01666   -0.00043   -0.00423          6  0.000e+00
      29397   1224.833      3.658      3.683    29.6483    29.6904   5.708185   5.704272     3.4408     2.9316      12.43   28.01786  -83.01666   -0.00041   -0.00417          6  0.000e+00
      29398   1224.875      3.757      3.782    29.6517    29.6934   5.707981   5.704145     3.4396     2.9316      12.43   28.01786  -83.01666   -0.00040   -0.00411          6  0.000e+00
      30034   1251.375      3.824      3.850    29.6949    29.6967   5.705026   5.704979     3.4396     2.9426      12.45   28.01786  -83.01660    0.00126 1.7584e-07          7  0.000e+00
      30035   1251.417      3.363      3.386    29.6937    29.6969   5.705018   5.704963     3.4396     2.9426      12.45   28.01786  -83.01660    0.00123    0.00011          7  0.000e+00
      30036   1251.458      3.605      3.629    29.6922    29.6980   5.705081   5.704979     3.4396     2.9426      12.45   28.01786  -83.01660    0.00120    0.00019          7  0.000e+00
      30037   1251.500      3.545      3.568    29.6906    29.6982   5.705143   5.705034     3.4396     2.9426      12.45   28.01786  -83.01660    0.00116    0.00028          7  0.000e+00
      30038   1251.542      3.590      3.614    29.6901    29.6974   5.705230   5.705074     3.4396     2.9426      12.45   28.01786  -83.01660    0.00113    0.00037          7  0.000e+00
      30039   1251.583      3.658      3.683    29.6903    29.6961   5.705206   5.705169     3.4396     2.9438      12.45   28.01786  -83.01660    0.00109    0.00047          7  0.000e+00
      30040   1251.625      3.643      3.667    29.6900    29.6939   5.705269   5.705249     3.4396     2.9438      12.45   28.01786  -83.01660    0.00105    0.00056          7  0.000e+00
      30041   1251.667      3.711      3.736    29.6905    29.6935   5.705332   5.705288     3.4396     2.9438      12.45   28.01786  -83.01660    0.00101    0.00064          7  0.000e+00
      30042   1251.708      3.771      3.797    29.6906    29.6941   5.705410   5.705273     3.4396     2.9438      12.45   28.01786  -83.01660    0.00096    0.00072          7  0.000e+00
      30043   1251.750      3.590      3.614    29.6901    29.6941   5.705504   5.705288     3.4396     2.9451      12.45   28.01786  -83.01660    0.00092    0.00082          7  0.000e+00
      30044   1251.792      3.605      3.629    29.6895    29.6941   5.705567   5.705201     3.4396     2.9451      12.45   28.01786  -83.01660    0.00088    0.00092          7  0.000e+00
      30045   1251.833      3.756      3.781    29.6890    29.6949   5.705606   5.705153     3.4396     2.9451      12.45   28.01786  -83.01660    0.00084    0.00100          7  0.000e+00
      30046   1251.875      3.711      3.736    29.6887    29.6961   5.705520   5.705058     3.4396     2.9451      12.45   28.01786  -83.01660    0.00080    0.00109          7  0.000e+00
      30047   1251.917      3.711      3.736    29.6875    29.6974   5.705590   5.704939     3.4396     2.9451      12.45   28.01786  -83.01660    0.00077    0.00117          7  0.000e+00
      30048   1251.958      3.643      3.667    29.6871    29.6991   5.705551   5.704859     3.4396     2.9451      12.45   28.01786  -83.01660    0.00073    0.00124          7  0.000e+00
      30049   1252.000      3.605      3.629    29.6896    29.7001   5.705457   5.704796     3.4396     2.9451      12.45   28.01786  -83.01660    0.00069    0.00133          7  0.000e+00
      30050   1252.042      3.809      3.835    29.6880    29.7008   5.705402   5.704788     3.4396     2.9451      12.45   28.01786  -83.01660    0.00066    0.00141          7  0.000e+00
      30051   1252.083      3.711      3.736    29.6872    29.7006   5.705559   5.704748     3.4383     2.9451      12.45   28.01786  -83.01660    0.00062    0.00149          7  0.000e+00
      30052   1252.125      3.711      3.736    29.6851    29.7006   5.705833   5.704780     3.4383     2.9451      12.45   28.01786  -83.01660    0.00057    0.00158          7  0.000e+00
      30053   1252.167      3.696      3.721    29.6803    29.7002   5.706256   5.704820     3.4383     2.9451      12.45   28.01786  -83.01660    0.00053    0.00164          7  0.000e+00
      30054   1252.208      3.771      3.797    29.6773    29.6993   5.706515   5.704907     3.4383     2.9438      12.45   28.01786  -83.01660    0.00048    0.00169          7  0.000e+00
      30055   1252.250      3.756      3.781    29.6755    29.6993   5.706664   5.704987     3.4383     2.9438      12.45   28.01786  -83.01660    0.00044    0.00174          7  0.000e+00
      30056   1252.292      3.771      3.797    29.6735    29.6988   5.706735   5.704987     3.4383     2.9438      12.45   28.01786  -83.01660    0.00040    0.00178          7  0.000e+00
      30057   1252.333      3.711      3.736    29.6742    29.6976   5.706680   5.705074     3.4383     2.9438      12.45   28.01786  -83.01660    0.00035    0.00181          7  0.000e+00
      30058   1252.375      3.756      3.781    29.6751    29.6969   5.706617   5.705082     3.4383     2.9426      12.41   28.01786  -83.01660    0.00031    0.00181          7  0.000e+00
      30059   1252.417      3.824      3.850    29.6753    29.6969   5.706570   5.705058     3.4383     2.9426      12.41   28.01786  -83.01660    0.00026    0.00182          7  0.000e+00
      30060   1252.458      3.756      3.781    29.6753    29.6976   5.706523   5.704963     3.4396     2.9426      12.41   28.01786  -83.01660    0.00024    0.00180          7  0.000e+00
      30061   1252.500      3.824      3.850    29.6770    29.6980   5.706445   5.704987     3.4396     2.9426      12.41   28.01786  -83.01660    0.00021    0.00179          7  0.000e+00
      30062   1252.542      3.771      3.797    29.6781    29.6980   5.706382   5.704987     3.4396     2.9426      12.41   28.01786  -83.01660    0.00018    0.00177          7  0.000e+00
      30063   1252.583      3.756      3.781    29.6781    29.6984   5.706303   5.704963     3.4396     2.9426      12.41   28.01786  -83.01660    0.00016    0.00175          7  0.000e+00
      30064   1252.625      3.771      3.797    29.6783    29.6984   5.706351   5.704907     3.4383     2.9426      12.41   28.01786  -83.01660    0.00011    0.00173          7  0.000e+00
      30065   1252.667      3.809      3.835    29.6783    29.6982   5.706304   5.704939     3.4383     2.9426      12.41   28.01786  -83.01660    0.00007    0.00170          7  0.000e+00
      30066   1252.708      3.824      3.850    29.6781    29.6984   5.706311   5.704939     3.4383     2.9426      12.41   28.01786  -83.01660    0.00002    0.00168          7  0.000e+00
      30067   1252.750      3.711      3.736    29.6773    29.6980   5.706398   5.704955     3.4383     2.9426      12.41   28.01786  -83.01660   -0.00003    0.00165          7  0.000e+00
      30068   1252.792      3.869      3.895    29.6760    29.6978   5.706492   5.704907     3.4383     2.9426      12.41   28.01786  -83.01660   -0.00007    0.00162          7  0.000e+00
      30069   1252.833      3.771      3.797    29.6755    29.6980   5.706546   5.704979     3.4383     2.9414      12.41   28.01786  -83.01660   -0.00012    0.00157          7  0.000e+00
      30070   1252.875      3.869      3.895    29.6757    29.6986   5.706421   5.704987     3.4383     2.9414      12.41   28.01786  -83.01660   -0.00016    0.00152          7  0.000e+00
      30071   1252.917      3.771      3.797    29.6768    29.6989   5.706335   5.705002     3.4383     2.9414      12.41   28.01786  -83.01660   -0.00021    0.00149          7  0.000e+00
      30072   1252.958      3.824      3.850    29.6779    29.6988   5.706288   5.704987     3.4383     2.9414      12.41   28.01786  -83.01660   -0.00025    0.00144          7  0.000e+00
      30073   1253.000      3.809      3.835    29.6792    29.6984   5.706241   5.704963     3.4383     2.9402      12.41   28.01786  -83.01660   -0.00030    0.00137          7  0.000e+00
      30074   1253.042      3.711      3.736    29.6801    29.6984   5.706194   5.705010     3.4371     2.9402      12.41   28.01786  -83.01660   -0.00036    0.00130          7  0.000e+00
      30075   1253.083      3.922      3.949    29.6805    29.6982   5.706076   5.705010     3.4371     2.9402      12.41   28.01786  -83.01660   -0.00042    0.00123          7  0.000e+00
      30076   1253.125      3.824      3.850    29.6812    29.6980   5.706006   5.705042     3.4371     2.9402      12.41   28.01786  -83.01660   -0.00048    0.00117          7  0.000e+00
      30077   1253.167      3.711      3.736    29.6818    29.6978   5.705998   5.705034     3.4383     2.9402      12.41   28.01786  -83.01660   -0.00053    0.00111          7  0.000e+00
      30078   1253.208      3.809      3.835    29.6816    29.6976   5.706029   5.705050     3.4383     2.9402      12.41   28.01786  -83.01660   -0.00059    0.00106          7  0.000e+00
      30079   1253.250      3.824      3.850    29.6825    29.6976   5.706006   5.705002     3.4383     2.9402      12.41   28.01786  -83.01660   -0.00064    0.00102          7  0.000e+00
      30080   1253.292      3.756      3.781    29.6842    29.6976   5.705888   5.704963     3.4371     2.9402      12.41   28.01786  -83.01660   -0.00072    0.00097          7  0.000e+00
      30081   1253.333      3.824      3.850    29.6851    29.6978   5.705755   5.704979     3.4371     2.9402      12.41   28.01786  -83.01660   -0.00078    0.00095          7  0.000e+00
      30082   1253.375      3.771      3.797    29.6855    29.6978   5.705723   5.705002     3.4371     2.9414      12.41   28.01786  -83.01660   -0.00084    0.00095          7  0.000e+00
      30083   1253.417      3.809      3.835    29.6851    29.6984   5.705716   5.704955     3.4371     2.9414      12.41   28.01786  -83.01660   -0.00090    0.00094          7  0.000e+00
      30084   1253.458      3.771      3.797    29.6857    29.6988   5.705645   5.704915     3.4371     2.9414      12.41   28.01786  -83.01660   -0.00096    0.00093          7  0.000e+00
      30085   1253.500      3.643      3.667    29.6847    29.6989   5.705731   5.704891     3.4371     2.9414      12.43   28.01786  -83.01660   -0.00100    0.00094          7  0.000e+00
      30086   1253.542      3.885      3.911    29.6833    29.6993   5.705794   5.704875     3.4371     2.9414      12.43   28.01786  -83.01660   -0.00105    0.00094          7  0.000e+00
