GOMECC/GOMECC-4/1db/rb2103_0891.ros
* Sea-Bird SBE 9 Data File:
* FileName = C:\Users\scs.user.rb\CTD\GOMECC4\data\rb2103_0891.hex
* Software Version Seasave V 7.26.7.107
* Temperature SN = 4799
* Conductivity SN = 3860
* Number of Bytes Per Scan = 41
* Number of Voltage Words = 4
* Number of Scans Averaged by the Deck Unit = 1
* NMEA Latitude = 18 50.17 N
* NMEA Longitude = 093 03.96 W
* NMEA UTC (Time) = Oct 09 2021  00:32:54
* NMEA baud rate = 4800
# nquan = 17
# nvalues = 1197                                  
# units = specified
# name 0 = scan: Scan Count
# name 1 = timeS: Time, Elapsed [seconds]
# name 2 = depSM: Depth [salt water, m]
# name 3 = prDM: Pressure, Digiquartz [db]
# name 4 = t090C: Temperature [ITS-90, deg C]
# name 5 = t190C: Temperature, 2 [ITS-90, deg C]
# name 6 = c0S/m: Conductivity [S/m]
# name 7 = c1S/m: Conductivity, 2 [S/m]
# name 8 = sbeox0V: Oxygen raw, SBE 43 [V]
# name 9 = sbeox1V: Oxygen raw, SBE 43, 2 [V]
# name 10 = altM: Altimeter [m]
# name 11 = latitude: Latitude [deg]
# name 12 = longitude: Longitude [deg]
# name 13 = sbox0dV/dT: Oxygen, SBE 43 [dov/dt]
# name 14 = sbox1dV/dT: Oxygen, SBE 43, 2 [dov/dt]
# name 15 = nbf: Bottles Fired
# name 16 = flag:  0.000e+00
# interval = seconds: 0.0416667
# start_time = Oct 09 2021 00:32:54 [NMEA time, header]
# bad_flag = -9.990e-29
*END*
[from data line 256]
      37164   1548.458     53.666     53.999    24.4796    24.4777   5.421460   5.421603     2.4982     2.0977       7.42   18.83774  -93.06496   -0.00055   -0.00043          2  0.000e+00
      37165   1548.500     53.713     54.047    24.4791    24.4779   5.421444   5.421556     2.4982     2.0977       7.45   18.83774  -93.06496   -0.00052   -0.00043          2  0.000e+00
      37166   1548.542     53.632     53.965    24.4787    24.4779   5.421429   5.421564     2.4982     2.0977       7.42   18.83774  -93.06496   -0.00048   -0.00043          2  0.000e+00
      37167   1548.583     53.666     53.999    24.4785    24.4777   5.421406   5.421579     2.4982     2.0977       7.45   18.83774  -93.06496   -0.00047   -0.00043          2  0.000e+00
      37168   1548.625     53.713     54.047    24.4783    24.4780   5.421406   5.421541     2.4982     2.0977       7.42   18.83774  -93.06496   -0.00044   -0.00042          2  0.000e+00
      37169   1548.667     53.666     53.999    24.4785    24.4786   5.421421   5.421603     2.4969     2.0977       7.42   18.83774  -93.06496   -0.00043   -0.00042          2  0.000e+00
      37170   1548.708     53.713     54.047    24.4780    24.4788   5.421406   5.421579     2.4982     2.0977       7.47   18.83774  -93.06496   -0.00040   -0.00042          2  0.000e+00
      37171   1548.750     53.666     53.999    24.4776    24.4795   5.421368   5.421611     2.4969     2.0977       7.47   18.83774  -93.06496   -0.00040   -0.00042          2  0.000e+00
      37172   1548.792     53.666     53.999    24.4769    24.4798   5.421322   5.421696     2.4982     2.0977       7.47   18.83774  -93.06496   -0.00037   -0.00041          2  0.000e+00
      37173   1548.833     53.666     53.999    24.4769    24.4798   5.421268   5.421673     2.4982     2.0977       7.47   18.83774  -93.06496   -0.00032   -0.00039          2  0.000e+00
      40572   1690.458     40.345     40.594    25.2211    25.1942   5.496726   5.492437     2.6496     2.2308      20.76   18.83782  -93.06498    0.00157    0.00160          3  0.000e+00
      40573   1690.500     40.413     40.662    25.2224    25.1731   5.496764   5.490929     2.6496     2.2295      20.76   18.83782  -93.06498    0.00155    0.00151          3  0.000e+00
      40574   1690.542     40.345     40.594    25.2181    25.1640   5.496818   5.490703     2.6508     2.2295      20.76   18.83782  -93.06498    0.00154    0.00142          3  0.000e+00
      40575   1690.583     40.392     40.642    25.2102    25.1706   5.496533   5.491453     2.6496     2.2295      20.76   18.83782  -93.06498    0.00150    0.00133          3  0.000e+00
      40576   1690.625     40.291     40.540    25.2218    25.1747   5.496425   5.491828     2.6508     2.2295      20.76   18.83782  -93.06498    0.00150    0.00124          3  0.000e+00
      40577   1690.667     40.440     40.689    25.2034    25.1727   5.494675   5.491445     2.6508     2.2295      20.76   18.83782  -93.06498    0.00149    0.00116          3  0.000e+00
      40578   1690.708     40.365     40.614    25.1755    25.1669   5.492223   5.490914     2.6496     2.2295      20.66   18.83782  -93.06498    0.00146    0.00107          3  0.000e+00
      40579   1690.750     40.440     40.689    25.1651    25.1628   5.490982   5.490445     2.6496     2.2295      20.56   18.83782  -93.06498    0.00144    0.00099          3  0.000e+00
      40580   1690.792     40.392     40.642    25.1697    25.1609   5.490951   5.490164     2.6508     2.2295      20.56   18.83782  -93.06498    0.00143    0.00090          3  0.000e+00
      40581   1690.833     40.392     40.642    25.1697    25.1601   5.491221   5.490039     2.6496     2.2295      20.56   18.83782  -93.06498    0.00140    0.00081          3  0.000e+00
      40582   1690.875     40.392     40.642    25.1676    25.1606   5.491321   5.490179     2.6508     2.2295      20.59   18.83782  -93.06498    0.00139    0.00073          3  0.000e+00
      40583   1690.917     40.467     40.717    25.1709    25.1611   5.491267   5.490172     2.6496     2.2283      20.56   18.83782  -93.06498    0.00136    0.00063          3  0.000e+00
      40584   1690.958     40.392     40.642    25.1728    25.1602   5.491437   5.490008     2.6496     2.2283      20.56   18.83782  -93.06498    0.00133    0.00051          3  0.000e+00
      40585   1691.000     40.440     40.689    25.1733    25.1596   5.492054   5.490000     2.6496     2.2283      20.56   18.83782  -93.06498    0.00130    0.00039          3  0.000e+00
      40586   1691.042     40.392     40.642    25.1740    25.1593   5.492100   5.490109     2.6484     2.2283      20.56   18.83782  -93.06498    0.00126    0.00027          3  0.000e+00
      40587   1691.083     40.440     40.689    25.1672    25.1599   5.491267   5.490148     2.6484     2.2271      20.56   18.83782  -93.06498    0.00123    0.00014          3  0.000e+00
      40588   1691.125     40.467     40.717    25.1522    25.1604   5.489918   5.490148     2.6484     2.2271      20.56   18.83782  -93.06498    0.00118    0.00000          3  0.000e+00
      40589   1691.167     40.440     40.689    25.1479    25.1608   5.489186   5.490250     2.6484     2.2271      20.56   18.83782  -93.06498    0.00115   -0.00013          3  0.000e+00
      40590   1691.208     40.439     40.689    25.1500    25.1620   5.489125   5.490351     2.6471     2.2271      20.56   18.83782  -93.06498    0.00108   -0.00027          3  0.000e+00
      40591   1691.250     40.439     40.689    25.1514    25.1621   5.489217   5.490359     2.6471     2.2271      20.56   18.83782  -93.06498    0.00102   -0.00040          3  0.000e+00
      40592   1691.292     40.494     40.744    25.1548    25.1622   5.489479   5.490336     2.6471     2.2259      20.56   18.83782  -93.06498    0.00095   -0.00055          3  0.000e+00
      40593   1691.333     40.412     40.662    25.1576    25.1625   5.489695   5.490429     2.6471     2.2259      20.56   18.83782  -93.06498    0.00088   -0.00070          3  0.000e+00
      40594   1691.375     40.494     40.744    25.1554    25.1638   5.489394   5.490937     2.6471     2.2247      20.56   18.83782  -93.06498    0.00082   -0.00086          3  0.000e+00
      40595   1691.417     40.439     40.689    25.1495    25.1685   5.488739   5.492359     2.6459     2.2247      20.56   18.83782  -93.06498    0.00073   -0.00102          3  0.000e+00
      40596   1691.458     40.439     40.689    25.1428    25.1773   5.488423   5.493805     2.6471     2.2247      20.56   18.83782  -93.06498    0.00066   -0.00119          3  0.000e+00
      40597   1691.500     40.494     40.744    25.1498    25.1855   5.489094   5.493867     2.6459     2.2247      20.56   18.83782  -93.06498    0.00058   -0.00136          3  0.000e+00
      40598   1691.542     40.412     40.662    25.1600    25.1859   5.490049   5.493023     2.6459     2.2247      20.56   18.83782  -93.06498    0.00048   -0.00152          3  0.000e+00
      40599   1691.583     40.494     40.744    25.1653    25.1896   5.490627   5.492781     2.6459     2.2247      20.56   18.83782  -93.06498    0.00039   -0.00170          3  0.000e+00
      40600   1691.625     40.439     40.689    25.1670    25.1952   5.490843   5.492922     2.6459     2.2247      20.56   18.83782  -93.06498    0.00029   -0.00187          3  0.000e+00
      40601   1691.667     40.494     40.744    25.1696    25.1975   5.491013   5.493375     2.6459     2.2234      20.56   18.83782  -93.06498    0.00021   -0.00206          3  0.000e+00
      40602   1691.708     40.439     40.689    25.1709    25.1984   5.490920   5.494047     2.6459     2.2247      20.54   18.83782  -93.06498    0.00011   -0.00224          3  0.000e+00
      40603   1691.750     40.466     40.716    25.1712    25.2002   5.490974   5.494438     2.6459     2.2247      20.49   18.83782  -93.06498    0.00001   -0.00239          3  0.000e+00
      40604   1691.792     40.439     40.689    25.1708    25.2021   5.491044   5.494602     2.6459     2.2247      20.49   18.83782  -93.06498   -0.00009   -0.00254          3  0.000e+00
      40605   1691.833     40.494     40.744    25.1717    25.2026   5.491128   5.494539     2.6459     2.2247      20.46   18.83782  -93.06498   -0.00019   -0.00269          3  0.000e+00
      40606   1691.875     40.439     40.689    25.1728    25.2013   5.491221   5.494266     2.6459     2.2247      20.49   18.83782  -93.06498   -0.00030   -0.00284          3  0.000e+00
      40607   1691.917     40.439     40.689    25.1731    25.1991   5.491375   5.494062     2.6459     2.2247      20.46   18.83782  -93.06498   -0.00040   -0.00297          3  0.000e+00
      40608   1691.958     40.317     40.566    25.1742    25.1956   5.491375   5.493805     2.6459     2.2247      20.46   18.83782  -93.06498   -0.00050   -0.00310          3  0.000e+00
      40609   1692.000     40.541     40.791    25.1757    25.1944   5.491506   5.493695     2.6459     2.2247      20.49   18.83782  -93.06498   -0.00060   -0.00323          3  0.000e+00
      40610   1692.042     40.493     40.744    25.1760    25.1948   5.491699   5.493617     2.6459     2.2247      20.49   18.83782  -93.06498   -0.00068   -0.00333          3  0.000e+00
      40611   1692.083     40.392     40.641    25.1773    25.1948   5.491907   5.493601     2.6459     2.2259      20.49   18.83782  -93.06498   -0.00076   -0.00342          3  0.000e+00
      40612   1692.125     40.439     40.689    25.1780    25.1940   5.492238   5.493601     2.6459     2.2271      20.46   18.83782  -93.06498   -0.00085   -0.00349          3  0.000e+00
      40613   1692.167     40.439     40.689    25.1798    25.1938   5.492724   5.493601     2.6459     2.2271      20.46   18.83782  -93.06498   -0.00093   -0.00354          3  0.000e+00
      40614   1692.208     40.412     40.662    25.1823    25.1940   5.493418   5.493601     2.6459     2.2271      20.46   18.83782  -93.06498   -0.00101   -0.00358          3  0.000e+00
      40615   1692.250     40.439     40.689    25.1868    25.1946   5.494220   5.493601     2.6459     2.2283      20.46   18.83782  -93.06498   -0.00107   -0.00361          3  0.000e+00
      40616   1692.292     40.439     40.689    25.1958    25.1950   5.495346   5.493664     2.6459     2.2283      20.46   18.83782  -93.06498   -0.00115   -0.00364          3  0.000e+00
      40617   1692.333     40.344     40.594    25.2044    25.1962   5.496656   5.493758     2.6459     2.2295      20.49   18.83782  -93.06498   -0.00124   -0.00365          3  0.000e+00
      40618   1692.375     40.392     40.641    25.2236    25.1962   5.497690   5.493812     2.6471     2.2308      20.46   18.83782  -93.06498   -0.00130   -0.00362          3  0.000e+00
      40619   1692.417     40.412     40.662    25.2346    25.1955   5.498299   5.493758     2.6471     2.2308      20.46   18.83782  -93.06498   -0.00134   -0.00359          3  0.000e+00
      40620   1692.458     40.439     40.689    25.2479    25.1946   5.498808   5.493805     2.6471     2.2320      20.49   18.83782  -93.06498   -0.00139   -0.00354          3  0.000e+00
      40621   1692.500     40.344     40.594    25.2526    25.1936   5.499132   5.493937     2.6471     2.2332      20.46   18.83782  -93.06498   -0.00143   -0.00348          3  0.000e+00
      40622   1692.542     40.392     40.641    25.2508    25.1935   5.499201   5.494102     2.6484     2.2332      20.46   18.83782  -93.06498   -0.00146   -0.00339          3  0.000e+00
      40623   1692.583     40.392     40.641    25.2465    25.1955   5.499271   5.494281     2.6471     2.2332      20.46   18.83782  -93.06498   -0.00150   -0.00331          3  0.000e+00
      40624   1692.625     40.365     40.614    25.2474    25.1964   5.499602   5.494328     2.6484     2.2344      20.49   18.83782  -93.06498   -0.00153   -0.00320          3  0.000e+00
      40625   1692.667     40.344     40.593    25.2537    25.1952   5.499903   5.494328     2.6484     2.2344      20.46   18.83782  -93.06498   -0.00155   -0.00310          3  0.000e+00
      40626   1692.708     40.344     40.593    25.2540    25.1944   5.499810   5.494492     2.6484     2.2357      20.46   18.83782  -93.06498   -0.00158   -0.00296          3  0.000e+00
      40627   1692.750     40.392     40.641    25.2526    25.1966   5.499540   5.494727     2.6496     2.2357      20.49   18.83782  -93.06498   -0.00157   -0.00282          3  0.000e+00
      40628   1692.792     40.344     40.593    25.2496    25.2000   5.499618   5.494914     2.6496     2.2357      20.54   18.83782  -93.06498   -0.00158   -0.00270          3  0.000e+00
      40629   1692.833     40.317     40.566    25.2499    25.1998   5.500065   5.494992     2.6484     2.2369      20.56   18.83782  -93.06498   -0.00159   -0.00254          3  0.000e+00
      40630   1692.875     40.344     40.593    25.2540    25.2016   5.500543   5.495141     2.6496     2.2369      20.56   18.83782  -93.06498   -0.00160   -0.00239          3  0.000e+00
      40631   1692.917     40.344     40.593    25.2587    25.2073   5.500798   5.495391     2.6496     2.2369      20.56   18.83782  -93.06498   -0.00159   -0.00223          3  0.000e+00
      40632   1692.958     40.290     40.539    25.2654    25.2172   5.500875   5.495727     2.6496     2.2369      20.56   18.83782  -93.06498   -0.00158   -0.00207          3  0.000e+00
      40633   1693.000     40.290     40.539    25.2699    25.2225   5.501122   5.495891     2.6496     2.2369      20.56   18.83782  -93.06498   -0.00157   -0.00190          3  0.000e+00
      40634   1693.042     40.317     40.566    25.2692    25.2221   5.501369   5.495875     2.6508     2.2381      20.56   18.83782  -93.06498   -0.00153   -0.00171          3  0.000e+00
      40635   1693.083     40.290     40.539    25.2650    25.2212   5.501770   5.495828     2.6508     2.2381      20.56   18.83782  -93.06498   -0.00148   -0.00151          3  0.000e+00
      40636   1693.125     40.290     40.539    25.2652    25.2196   5.502225   5.495821     2.6508     2.2381      20.56   18.83782  -93.06498   -0.00144   -0.00132          3  0.000e+00
      40637   1693.167     40.243     40.491    25.2697    25.2212   5.502580   5.495961     2.6508     2.2381      20.56   18.83782  -93.06498   -0.00138   -0.00113          3  0.000e+00
      40638   1693.208     40.290     40.539    25.2761    25.2235   5.502858   5.496282     2.6520     2.2381      20.56   18.83782  -93.06498   -0.00130   -0.00094          3  0.000e+00
      40639   1693.250     40.263     40.512    25.2798    25.2221   5.502996   5.496680     2.6520     2.2381      20.56   18.83782  -93.06498   -0.00122   -0.00075          3  0.000e+00
      40640   1693.292     40.290     40.539    25.2825    25.2219   5.503058   5.497353     2.6532     2.2381      20.56   18.83782  -93.06498   -0.00112   -0.00055          3  0.000e+00
      40641   1693.333     40.243     40.491    25.2812    25.2237   5.502958   5.498776     2.6532     2.2381      20.56   18.83782  -93.06498   -0.00102   -0.00036          3  0.000e+00
      40642   1693.375     40.195     40.443    25.2798    25.2373   5.502896   5.500746     2.6532     2.2381      20.56   18.83782  -93.06498   -0.00093   -0.00017          3  0.000e+00
      40643   1693.417     40.290     40.539    25.2810    25.2576   5.502819   5.502364     2.6532     2.2381      20.56   18.83782  -93.06498   -0.00083    0.00002          3  0.000e+00
      40644   1693.458     40.215     40.464    25.2871    25.2716   5.502865   5.503553     2.6545     2.2393      20.56   18.83782  -93.06498   -0.00070    0.00023          3  0.000e+00
      40645   1693.500     40.195     40.443    25.2913    25.2904   5.502981   5.504553     2.6545     2.2393      20.56   18.83782  -93.06498   -0.00059    0.00043          3  0.000e+00
