GOMECC/GOMECC-4/1db/rb2103_0891.ros
* Sea-Bird SBE 9 Data File:
* FileName = C:\Users\scs.user.rb\CTD\GOMECC4\data\rb2103_0891.hex
* Software Version Seasave V 7.26.7.107
* Temperature SN = 4799
* Conductivity SN = 3860
* Number of Bytes Per Scan = 41
* Number of Voltage Words = 4
* Number of Scans Averaged by the Deck Unit = 1
* NMEA Latitude = 18 50.17 N
* NMEA Longitude = 093 03.96 W
* NMEA UTC (Time) = Oct 09 2021  00:32:54
* NMEA baud rate = 4800
# nquan = 17
# nvalues = 1197                                  
# units = specified
# name 0 = scan: Scan Count
# name 1 = timeS: Time, Elapsed [seconds]
# name 2 = depSM: Depth [salt water, m]
# name 3 = prDM: Pressure, Digiquartz [db]
# name 4 = t090C: Temperature [ITS-90, deg C]
# name 5 = t190C: Temperature, 2 [ITS-90, deg C]
# name 6 = c0S/m: Conductivity [S/m]
# name 7 = c1S/m: Conductivity, 2 [S/m]
# name 8 = sbeox0V: Oxygen raw, SBE 43 [V]
# name 9 = sbeox1V: Oxygen raw, SBE 43, 2 [V]
# name 10 = altM: Altimeter [m]
# name 11 = latitude: Latitude [deg]
# name 12 = longitude: Longitude [deg]
# name 13 = sbox0dV/dT: Oxygen, SBE 43 [dov/dt]
# name 14 = sbox1dV/dT: Oxygen, SBE 43, 2 [dov/dt]
# name 15 = nbf: Bottles Fired
# name 16 = flag:  0.000e+00
# interval = seconds: 0.0416667
# start_time = Oct 09 2021 00:32:54 [NMEA time, header]
# bad_flag = -9.990e-29
*END*
[from data line 426]
      40965   1706.833     40.259     40.508    25.2791    25.2819   5.502379   5.503349     2.6557     2.2344      20.73   18.83782  -93.06498    0.00180    0.00358          4  0.000e+00
      40966   1706.875     40.239     40.488    25.2726    25.2839   5.501554   5.503458     2.6557     2.2344      20.73   18.83782  -93.06498    0.00179    0.00351          4  0.000e+00
      40967   1706.917     40.287     40.535    25.2688    25.2846   5.500828   5.503740     2.6569     2.2344      20.76   18.83782  -93.06498    0.00180    0.00343          4  0.000e+00
      40968   1706.958     40.239     40.488    25.2560    25.2851   5.499772   5.503826     2.6569     2.2344      20.73   18.83782  -93.06498    0.00181    0.00336          4  0.000e+00
      40969   1707.000     40.287     40.535    25.2429    25.2859   5.498445   5.503904     2.6569     2.2332      20.73   18.83782  -93.06498    0.00182    0.00327          4  0.000e+00
      40970   1707.042     40.259     40.508    25.2244    25.2868   5.496749   5.504053     2.6569     2.2332      20.73   18.83782  -93.06498    0.00183    0.00317          4  0.000e+00
      40971   1707.083     40.286     40.535    25.2035    25.2885   5.494821   5.504123     2.6557     2.2332      20.76   18.83782  -93.06498    0.00183    0.00307          4  0.000e+00
      40972   1707.125     40.286     40.535    25.1926    25.2889   5.493541   5.504155     2.6569     2.2332      20.73   18.83782  -93.06498    0.00184    0.00297          4  0.000e+00
      40973   1707.167     40.286     40.535    25.1876    25.2871   5.493048   5.503873     2.6569     2.2332      20.73   18.83782  -93.06498    0.00184    0.00285          4  0.000e+00
      40974   1707.208     40.286     40.535    25.1868    25.2859   5.493040   5.503810     2.6569     2.2320      20.76   18.83782  -93.06498    0.00183    0.00271          4  0.000e+00
      40975   1707.250     40.314     40.563    25.1880    25.2873   5.493148   5.503873     2.6569     2.2320      20.76   18.83782  -93.06498    0.00183    0.00256          4  0.000e+00
      40976   1707.292     40.341     40.590    25.1911    25.2882   5.493325   5.503936     2.6557     2.2320      20.73   18.83782  -93.06498    0.00179    0.00242          4  0.000e+00
      40977   1707.333     40.286     40.535    25.1931    25.2885   5.493510   5.503920     2.6569     2.2320      20.73   18.83782  -93.06498    0.00177    0.00227          4  0.000e+00
      40978   1707.375     40.341     40.590    25.1944    25.2884   5.493587   5.503889     2.6569     2.2320      20.73   18.83782  -93.06498    0.00175    0.00212          4  0.000e+00
      40979   1707.417     40.341     40.590    25.1953    25.2875   5.493557   5.503670     2.6557     2.2308      20.73   18.83782  -93.06498    0.00171    0.00195          4  0.000e+00
      40980   1707.458     40.314     40.563    25.1940    25.2851   5.493487   5.503505     2.6569     2.2308      20.73   18.83782  -93.06498    0.00168    0.00178          4  0.000e+00
      40981   1707.500     40.388     40.637    25.1897    25.2803   5.492955   5.503365     2.6569     2.2295      20.76   18.83782  -93.06498    0.00166    0.00159          4  0.000e+00
      40982   1707.542     40.341     40.590    25.1784    25.2721   5.491999   5.502497     2.6569     2.2295      20.73   18.83782  -93.06498    0.00163    0.00140          4  0.000e+00
      40983   1707.583     40.341     40.590    25.1721    25.2607   5.491329   5.501238     2.6569     2.2295      20.76   18.83782  -93.06498    0.00160    0.00121          4  0.000e+00
      40984   1707.625     40.388     40.637    25.1697    25.2523   5.490982   5.500050     2.6557     2.2295      20.73   18.83782  -93.06498    0.00155    0.00104          4  0.000e+00
      40985   1707.667     40.361     40.610    25.1690    25.2453   5.490889   5.499151     2.6557     2.2283      20.73   18.83782  -93.06498    0.00150    0.00082          4  0.000e+00
      40986   1707.708     40.388     40.637    25.1684    25.2411   5.490905   5.498783     2.6557     2.2283      20.71   18.83782  -93.06498    0.00143    0.00061          4  0.000e+00
      40987   1707.750     40.340     40.590    25.1676    25.2375   5.490820   5.498384     2.6557     2.2283      20.63   18.83782  -93.06498    0.00137    0.00041          4  0.000e+00
      40988   1707.792     40.388     40.637    25.1672    25.2319   5.490820   5.498103     2.6557     2.2283      20.63   18.83782  -93.06498    0.00132    0.00022          4  0.000e+00
      40989   1707.833     40.388     40.637    25.1670    25.2332   5.490789   5.498080     2.6545     2.2283      20.61   18.83782  -93.06498    0.00124    0.00002          4  0.000e+00
      40990   1707.875     40.408     40.658    25.1669    25.2341   5.490751   5.498189     2.6545     2.2283      20.63   18.83782  -93.06498    0.00117   -0.00016          4  0.000e+00
      40991   1707.917     40.340     40.590    25.1663    25.2344   5.490704   5.498330     2.6545     2.2283      20.63   18.83782  -93.06498    0.00109   -0.00034          4  0.000e+00
      40992   1707.958     40.435     40.685    25.1625    25.2341   5.490350   5.498869     2.6545     2.2283      20.61   18.83782  -93.06498    0.00101   -0.00053          4  0.000e+00
      40993   1708.000     40.435     40.685    25.1566    25.2371   5.490073   5.499417     2.6532     2.2271      20.63   18.83782  -93.06498    0.00092   -0.00073          4  0.000e+00
      40994   1708.042     40.388     40.637    25.1607    25.2433   5.490042   5.500128     2.6532     2.2271      20.63   18.83782  -93.06498    0.00082   -0.00091          4  0.000e+00
      40995   1708.083     40.361     40.610    25.1613    25.2491   5.490088   5.500683     2.6532     2.2283      20.63   18.83782  -93.06498    0.00072   -0.00107          4  0.000e+00
      40996   1708.125     40.435     40.685    25.1571    25.2540   5.490003   5.501019     2.6532     2.2283      20.63   18.83782  -93.06498    0.00062   -0.00122          4  0.000e+00
      40997   1708.167     40.435     40.685    25.1581    25.2590   5.490103   5.500816     2.6520     2.2271      20.61   18.83782  -93.06498    0.00053   -0.00138          4  0.000e+00
      40998   1708.208     40.388     40.637    25.1644    25.2531   5.490381   5.499221     2.6508     2.2271      20.63   18.83782  -93.06498    0.00041   -0.00154          4  0.000e+00
      40999   1708.250     40.435     40.685    25.1672    25.2364   5.490674   5.496954     2.6508     2.2271      20.63   18.83782  -93.06498    0.00028   -0.00169          4  0.000e+00
      41000   1708.292     40.408     40.658    25.1690    25.2187   5.490812   5.495274     2.6508     2.2271      20.63   18.83782  -93.06498    0.00014   -0.00183          4  0.000e+00
      41001   1708.333     40.388     40.637    25.1699    25.2060   5.490789   5.494469     2.6508     2.2271      20.63   18.83782  -93.06498    0.00001   -0.00197          4  0.000e+00
      41002   1708.375     40.435     40.685    25.1695    25.2027   5.490643   5.494594     2.6508     2.2271      20.63   18.83782  -93.06498   -0.00011   -0.00209          4  0.000e+00
      41003   1708.417     40.388     40.637    25.1669    25.2056   5.490465   5.494922     2.6508     2.2271      20.63   18.83782  -93.06498   -0.00022   -0.00222          4  0.000e+00
      41004   1708.458     40.435     40.685    25.1641    25.2092   5.490211   5.495274     2.6496     2.2271      20.63   18.83782  -93.06498   -0.00035   -0.00234          4  0.000e+00
      41005   1708.500     40.388     40.637    25.1631    25.2089   5.490111   5.495844     2.6496     2.2271      20.63   18.83782  -93.06498   -0.00048   -0.00246          4  0.000e+00
      41006   1708.542     40.408     40.658    25.1622    25.2205   5.490065   5.497095     2.6496     2.2271      20.63   18.83782  -93.06498   -0.00060   -0.00256          4  0.000e+00
      41007   1708.583     40.435     40.685    25.1625    25.2355   5.490088   5.498244     2.6496     2.2271      20.61   18.83782  -93.06498   -0.00071   -0.00265          4  0.000e+00
      41008   1708.625     40.388     40.637    25.1604    25.2451   5.490003   5.499080     2.6508     2.2271      20.63   18.83782  -93.06498   -0.00080   -0.00275          4  0.000e+00
      41009   1708.667     40.435     40.685    25.1594    25.2507   5.489864   5.499440     2.6508     2.2271      20.63   18.83782  -93.06498   -0.00090   -0.00284          4  0.000e+00
      41010   1708.708     40.388     40.637    25.1582    25.2523   5.489726   5.499401     2.6496     2.2271      20.59   18.83782  -93.06498   -0.00101   -0.00292          4  0.000e+00
      41011   1708.750     40.361     40.610    25.1574    25.2420   5.489695   5.498916     2.6496     2.2271      20.56   18.83782  -93.06498   -0.00110   -0.00299          4  0.000e+00
      41012   1708.792     40.388     40.637    25.1580    25.2397   5.489764   5.498908     2.6496     2.2271      20.54   18.83782  -93.06498   -0.00119   -0.00306          4  0.000e+00
      41013   1708.833     40.388     40.637    25.1593    25.2443   5.489818   5.499151     2.6508     2.2271      20.54   18.83782  -93.06498   -0.00127   -0.00313          4  0.000e+00
      41014   1708.875     40.388     40.637    25.1592    25.2467   5.489826   5.499127     2.6508     2.2271      20.54   18.83782  -93.06498   -0.00134   -0.00320          4  0.000e+00
      41015   1708.917     40.388     40.637    25.1592    25.2467   5.489934   5.498955     2.6508     2.2271      20.54   18.83782  -93.06498   -0.00141   -0.00326          4  0.000e+00
      41016   1708.958     40.408     40.658    25.1647    25.2447   5.490550   5.498846     2.6508     2.2283      20.54   18.83782  -93.06498   -0.00148   -0.00331          4  0.000e+00
      41017   1709.000     40.388     40.637    25.1708    25.2447   5.491182   5.499018     2.6508     2.2283      20.54   18.83782  -93.06498   -0.00155   -0.00335          4  0.000e+00
      41018   1709.042     40.340     40.589    25.1762    25.2458   5.491637   5.499362     2.6508     2.2283      20.54   18.83782  -93.06498   -0.00159   -0.00337          4  0.000e+00
      41019   1709.083     40.340     40.589    25.1803    25.2469   5.492107   5.499690     2.6508     2.2283      20.54   18.83782  -93.06498   -0.00166   -0.00339          4  0.000e+00
      41020   1709.125     40.388     40.637    25.1832    25.2491   5.492439   5.500151     2.6508     2.2283      20.54   18.83782  -93.06498   -0.00170   -0.00340          4  0.000e+00
      41021   1709.167     40.360     40.610    25.1850    25.2522   5.492747   5.500675     2.6508     2.2283      20.54   18.83782  -93.06498   -0.00175   -0.00340          4  0.000e+00
      41022   1709.208     40.340     40.589    25.1856    25.2571   5.493002   5.501121     2.6508     2.2295      20.54   18.83782  -93.06498   -0.00179   -0.00337          4  0.000e+00
      41023   1709.250     40.340     40.589    25.1870    25.2623   5.493225   5.501433     2.6520     2.2283      20.54   18.83782  -93.06498   -0.00181   -0.00337          4  0.000e+00
      41024   1709.292     40.340     40.589    25.1888    25.2657   5.493402   5.501621     2.6508     2.2295      20.54   18.83782  -93.06498   -0.00185   -0.00334          4  0.000e+00
      41025   1709.333     40.340     40.589    25.1898    25.2678   5.493564   5.501816     2.6520     2.2295      20.54   18.83782  -93.06498   -0.00188   -0.00332          4  0.000e+00
      41026   1709.375     40.313     40.562    25.1908    25.2695   5.493811   5.501871     2.6520     2.2283      20.54   18.83782  -93.06498   -0.00188   -0.00330          4  0.000e+00
      41027   1709.417     40.340     40.589    25.1926    25.2685   5.494012   5.501715     2.6520     2.2295      20.54   18.83782  -93.06498   -0.00188   -0.00325          4  0.000e+00
      41028   1709.458     40.286     40.535    25.1963    25.2688   5.494212   5.502051     2.6520     2.2295      20.54   18.83782  -93.06498   -0.00190   -0.00322          4  0.000e+00
      41029   1709.500     40.286     40.535    25.1994    25.2745   5.494551   5.502661     2.6520     2.2295      20.54   18.83782  -93.06498   -0.00191   -0.00318          4  0.000e+00
      41030   1709.542     40.340     40.589    25.2020    25.2793   5.494883   5.503263     2.6508     2.2295      20.54   18.83782  -93.06498   -0.00193   -0.00313          4  0.000e+00
      41031   1709.583     40.259     40.507    25.2021    25.2839   5.494998   5.503732     2.6520     2.2308      20.54   18.83782  -93.06498   -0.00194   -0.00305          4  0.000e+00
      41032   1709.625     40.340     40.589    25.2026    25.2850   5.495029   5.503928     2.6520     2.2308      20.54   18.83782  -93.06498   -0.00195   -0.00297          4  0.000e+00
      41033   1709.667     40.238     40.487    25.2035    25.2852   5.495052   5.503936     2.6520     2.2308      20.54   18.83782  -93.06498   -0.00195   -0.00289          4  0.000e+00
      41034   1709.708     40.286     40.535    25.2044    25.2857   5.495021   5.503912     2.6532     2.2320      20.59   18.83782  -93.06498   -0.00192   -0.00279          4  0.000e+00
      41035   1709.750     40.238     40.487    25.2054    25.2855   5.495083   5.503599     2.6532     2.2320      20.63   18.83782  -93.06498   -0.00190   -0.00269          4  0.000e+00
      41036   1709.792     40.259     40.507    25.2066    25.2815   5.495083   5.503044     2.6520     2.2320      20.63   18.83782  -93.06498   -0.00189   -0.00259          4  0.000e+00
      41037   1709.833     40.238     40.487    25.2084    25.2791   5.495199   5.502770     2.6532     2.2332      20.63   18.83782  -93.06498   -0.00186   -0.00246          4  0.000e+00
      41038   1709.875     40.238     40.487    25.2130    25.2781   5.495546   5.502763     2.6532     2.2332      20.66   18.83782  -93.06498   -0.00183   -0.00234          4  0.000e+00
      41039   1709.917     40.238     40.487    25.2177    25.2779   5.496109   5.502825     2.6532     2.2332      20.66   18.83782  -93.06498   -0.00180   -0.00221          4  0.000e+00
      41040   1709.958     40.238     40.487    25.2211    25.2780   5.496417   5.502794     2.6532     2.2332      20.63   18.83782  -93.06498   -0.00177   -0.00209          4  0.000e+00
      41041   1710.000     40.211     40.460    25.2222    25.2730   5.496540   5.502606     2.6532     2.2332      20.63   18.83782  -93.06498   -0.00173   -0.00196          4  0.000e+00
      41042   1710.042     40.238     40.487    25.2226    25.2678   5.496494   5.502293     2.6532     2.2332      20.63   18.83782  -93.06498   -0.00170   -0.00183          4  0.000e+00
      41043   1710.083     40.191     40.439    25.2218    25.2661   5.496517   5.502223     2.6532     2.2344      20.66   18.83782  -93.06498   -0.00166   -0.00168          4  0.000e+00
      41044   1710.125     40.238     40.487    25.2222    25.2678   5.496656   5.502262     2.6532     2.2344      20.63   18.83782  -93.06498   -0.00163   -0.00153          4  0.000e+00
      41045   1710.167     40.191     40.439    25.2229    25.2648   5.496764   5.502262     2.6545     2.2344      20.63   18.83782  -93.06498   -0.00157   -0.00140          4  0.000e+00
      41046   1710.208     40.164     40.412    25.2238    25.2587   5.496934   5.502137     2.6545     2.2344      20.63   18.83782  -93.06498   -0.00152   -0.00125          4  0.000e+00
      41047   1710.250     40.238     40.487    25.2247    25.2529   5.496941   5.501856     2.6545     2.2344      20.63   18.83782  -93.06498   -0.00146   -0.00109          4  0.000e+00
      41048   1710.292     40.191     40.439    25.2260    25.2516   5.496957   5.501535     2.6545     2.2344      20.63   18.83782  -93.06498   -0.00141   -0.00094          4  0.000e+00
