GOMECC/GOMECC-4/1db/rb2103_0621.ros
* Sea-Bird SBE 9 Data File:
* FileName = C:\Users\scs.user.rb\CTD\GOMECC4\data\rb2103_0621.hex
* Software Version Seasave V 7.26.7.107
* Temperature SN = 4799
* Conductivity SN = 3860
* Number of Bytes Per Scan = 41
* Number of Voltage Words = 4
* Number of Scans Averaged by the Deck Unit = 1
* NMEA Latitude = 26 04.01 N
* NMEA Longitude = 096 55.37 W
* NMEA UTC (Time) = Sep 30 2021  08:06:13
* NMEA baud rate = 4800
# nquan = 17
# nvalues = 399                                   
# units = specified
# name 0 = scan: Scan Count
# name 1 = timeS: Time, Elapsed [seconds]
# name 2 = depSM: Depth [salt water, m]
# name 3 = prDM: Pressure, Digiquartz [db]
# name 4 = t090C: Temperature [ITS-90, deg C]
# name 5 = t190C: Temperature, 2 [ITS-90, deg C]
# name 6 = c0S/m: Conductivity [S/m]
# name 7 = c1S/m: Conductivity, 2 [S/m]
# name 8 = sbeox0V: Oxygen raw, SBE 43 [V]
# name 9 = sbeox1V: Oxygen raw, SBE 43, 2 [V]
# name 10 = altM: Altimeter [m]
# name 11 = latitude: Latitude [deg]
# name 12 = longitude: Longitude [deg]
# name 13 = sbox0dV/dT: Oxygen, SBE 43 [dov/dt]
# name 14 = sbox1dV/dT: Oxygen, SBE 43, 2 [dov/dt]
# name 15 = nbf: Bottles Fired
# name 16 = flag:  0.000e+00
# interval = seconds: 0.0416667
# start_time = Sep 30 2021 08:06:13 [NMEA time, header]
# bad_flag = -9.990e-29
*END*
[from data line 341]
      23180    965.792      3.658      3.682    29.0591    29.0599   5.818412   5.818663     3.1648     2.6825      29.91   26.06696  -96.92406    0.00013    0.00108          3  0.000e+00
      23181    965.833      3.705      3.729    29.0589    29.0599   5.818365   5.818711     3.1648     2.6825      29.89   26.06696  -96.92406    0.00011    0.00102          3  0.000e+00
      23182    965.875      3.658      3.682    29.0591    29.0599   5.818388   5.818727     3.1648     2.6825      29.91   26.06696  -96.92406    0.00008    0.00094          3  0.000e+00
      23183    965.917      3.705      3.729    29.0587    29.0601   5.818436   5.818655     3.1648     2.6838      29.91   26.06696  -96.92406    0.00006    0.00087          3  0.000e+00
      23184    965.958      3.705      3.729    29.0591    29.0599   5.818381   5.818703     3.1636     2.6825      29.91   26.06696  -96.92406    0.00002    0.00079          3  0.000e+00
      23185    966.000      3.705      3.729    29.0587    29.0599   5.818428   5.818727     3.1636     2.6838      29.91   26.06696  -96.92406   -0.00002    0.00072          3  0.000e+00
      23186    966.042      3.604      3.627    29.0589    29.0599   5.818412   5.818759     3.1648     2.6838      29.91   26.06696  -96.92406   -0.00006    0.00063          3  0.000e+00
      23187    966.083      3.854      3.879    29.0587    29.0601   5.818404   5.818663     3.1648     2.6838      29.91   26.06696  -96.92406   -0.00008    0.00055          3  0.000e+00
      23188    966.125      3.705      3.729    29.0591    29.0599   5.818436   5.818591     3.1648     2.6838      29.91   26.06696  -96.92406   -0.00010    0.00046          3  0.000e+00
      23189    966.167      3.752      3.777    29.0589    29.0601   5.818452   5.818687     3.1648     2.6838      29.91   26.06696  -96.92406   -0.00013    0.00037          3  0.000e+00
      23190    966.208      3.752      3.777    29.0589    29.0601   5.818452   5.818687     3.1648     2.6838      29.89   26.06696  -96.92406   -0.00015    0.00026          3  0.000e+00
      23191    966.250      3.705      3.729    29.0591    29.0601   5.818452   5.818679     3.1648     2.6838      29.89   26.06696  -96.92406   -0.00017    0.00017          3  0.000e+00
      23192    966.292      3.752      3.777    29.0589    29.0601   5.818412   5.818679     3.1648     2.6838      29.84   26.06696  -96.92406   -0.00019    0.00008          3  0.000e+00
      23193    966.333      3.806      3.831    29.0589    29.0602   5.818365   5.818711     3.1648     2.6838      29.79   26.06696  -96.92406   -0.00021   -0.00001          3  0.000e+00
      23194    966.375      3.705      3.729    29.0587    29.0601   5.818428   5.818687     3.1648     2.6838      29.79   26.06696  -96.92406   -0.00024   -0.00011          3  0.000e+00
      23195    966.417      3.806      3.831    29.0591    29.0597   5.818404   5.818711     3.1661     2.6838      29.79   26.06696  -96.92406   -0.00024   -0.00020          3  0.000e+00
      23196    966.458      3.752      3.777    29.0587    29.0601   5.818467   5.818759     3.1648     2.6850      29.79   26.06696  -96.92406   -0.00026   -0.00027          3  0.000e+00
      23197    966.500      3.806      3.831    29.0589    29.0602   5.818460   5.818703     3.1648     2.6850      29.79   26.06696  -96.92406   -0.00029   -0.00033          3  0.000e+00
      23198    966.542      3.752      3.777    29.0589    29.0599   5.818452   5.818711     3.1648     2.6850      29.82   26.06696  -96.92406   -0.00031   -0.00039          3  0.000e+00
      23199    966.583      3.806      3.831    29.0587    29.0601   5.818452   5.818759     3.1648     2.6850      29.79   26.06696  -96.92406   -0.00033   -0.00044          3  0.000e+00
      23200    966.625      3.806      3.831    29.0591    29.0601   5.818412   5.818735     3.1661     2.6850      29.79   26.06696  -96.92406   -0.00034   -0.00049          3  0.000e+00
      23201    966.667      3.752      3.777    29.0589    29.0601   5.818404   5.818759     3.1648     2.6850      29.79   26.06696  -96.92406   -0.00036   -0.00053          3  0.000e+00
      23202    966.708      3.806      3.831    29.0589    29.0603   5.818404   5.818735     3.1648     2.6850      29.79   26.06696  -96.92406   -0.00038   -0.00057          3  0.000e+00
      23203    966.750      3.806      3.831    29.0591    29.0602   5.818436   5.818759     3.1661     2.6850      29.79   26.06696  -96.92406   -0.00039   -0.00060          3  0.000e+00
      23204    966.792      3.800      3.825    29.0589    29.0602   5.818412   5.818735     3.1661     2.6850      29.79   26.06696  -96.92406   -0.00041   -0.00063          3  0.000e+00
      23205    966.833      3.806      3.831    29.0591    29.0604   5.818404   5.818727     3.1661     2.6850      29.79   26.06696  -96.92406   -0.00042   -0.00066          3  0.000e+00
      23206    966.875      3.806      3.831    29.0587    29.0602   5.818404   5.818687     3.1661     2.6850      29.79   26.06696  -96.92406   -0.00042   -0.00068          3  0.000e+00
      23207    966.917      3.752      3.777    29.0591    29.0602   5.818436   5.818711     3.1661     2.6850      29.79   26.06696  -96.92406   -0.00043   -0.00069          3  0.000e+00
      23208    966.958      3.752      3.777    29.0591    29.0602   5.818381   5.818759     3.1661     2.6850      29.79   26.06696  -96.92406   -0.00044   -0.00069          3  0.000e+00
      23209    967.000      3.806      3.831    29.0591    29.0604   5.818460   5.818735     3.1661     2.6850      29.79   26.06696  -96.92406   -0.00045   -0.00068          3  0.000e+00
      23210    967.042      3.806      3.831    29.0589    29.0604   5.818388   5.818759     3.1661     2.6850      29.79   26.06696  -96.92406   -0.00045   -0.00068          3  0.000e+00
      23211    967.083      3.752      3.777    29.0589    29.0604   5.818286   5.818807     3.1673     2.6850      29.79   26.06696  -96.92406   -0.00045   -0.00068          3  0.000e+00
      23212    967.125      3.752      3.777    29.0587    29.0606   5.818365   5.818783     3.1661     2.6838      29.79   26.06696  -96.92406   -0.00046   -0.00069          3  0.000e+00
      23213    967.167      3.806      3.831    29.0589    29.0604   5.818404   5.818735     3.1661     2.6838      29.79   26.06696  -96.92406   -0.00045   -0.00068          3  0.000e+00
      23214    967.208      3.752      3.777    29.0589    29.0606   5.818404   5.818727     3.1673     2.6838      29.79   26.06696  -96.92406   -0.00044   -0.00068          3  0.000e+00
      23215    967.250      3.752      3.777    29.0591    29.0605   5.818475   5.818759     3.1661     2.6838      29.79   26.06696  -96.92406   -0.00043   -0.00067          3  0.000e+00
      23216    967.292      3.705      3.729    29.0591    29.0604   5.818428   5.818775     3.1661     2.6838      29.69   26.06696  -96.92406   -0.00042   -0.00066          3  0.000e+00
      23217    967.333      3.752      3.777    29.0591    29.0606   5.818436   5.818807     3.1661     2.6825      29.62   26.06696  -96.92406   -0.00042   -0.00067          3  0.000e+00
      23218    967.375      3.705      3.729    29.0591    29.0606   5.818412   5.818751     3.1661     2.6825      29.60   26.06696  -96.92406   -0.00041   -0.00068          3  0.000e+00
      23219    967.417      3.752      3.777    29.0593    29.0604   5.818475   5.818799     3.1661     2.6825      29.62   26.06696  -96.92406   -0.00040   -0.00068          3  0.000e+00
      23220    967.458      3.658      3.682    29.0594    29.0606   5.818459   5.818751     3.1661     2.6825      29.62   26.06696  -96.92406   -0.00040   -0.00070          3  0.000e+00
      23221    967.500      3.698      3.722    29.0593    29.0604   5.818483   5.818799     3.1661     2.6825      29.62   26.06696  -96.92406   -0.00039   -0.00070          3  0.000e+00
      23222    967.542      3.658      3.682    29.0594    29.0604   5.818499   5.818783     3.1661     2.6825      29.62   26.06696  -96.92406   -0.00036   -0.00071          3  0.000e+00
      23223    967.583      3.705      3.729    29.0594    29.0604   5.818460   5.818775     3.1661     2.6825      29.62   26.06696  -96.92406   -0.00034   -0.00072          3  0.000e+00
      23224    967.625      3.658      3.682    29.0598    29.0604   5.818483   5.818775     3.1661     2.6825      29.65   26.06696  -96.92406   -0.00031   -0.00074          3  0.000e+00
      23225    967.667      3.658      3.682    29.0598    29.0604   5.818499   5.818775     3.1648     2.6813      29.62   26.06696  -96.92406   -0.00030   -0.00077          3  0.000e+00
      23226    967.708      3.603      3.627    29.0596    29.0608   5.818499   5.818807     3.1661     2.6813      29.62   26.06696  -96.92406   -0.00028   -0.00080          3  0.000e+00
      23227    967.750      3.658      3.682    29.0596    29.0608   5.818459   5.818823     3.1648     2.6813      29.62   26.06696  -96.92406   -0.00027   -0.00083          3  0.000e+00
      23228    967.792      3.603      3.627    29.0596    29.0612   5.818483   5.818823     3.1648     2.6813      29.62   26.06696  -96.92406   -0.00026   -0.00086          3  0.000e+00
      23229    967.833      3.603      3.627    29.0596    29.0608   5.818459   5.818823     3.1648     2.6813      29.62   26.06696  -96.92406   -0.00024   -0.00091          3  0.000e+00
      23230    967.875      3.603      3.627    29.0598    29.0610   5.818483   5.818823     3.1648     2.6813      29.62   26.06696  -96.92406   -0.00023   -0.00093          3  0.000e+00
      23231    967.917      3.603      3.627    29.0596    29.0610   5.818459   5.818823     3.1648     2.6813      29.62   26.06696  -96.92406   -0.00022   -0.00097          3  0.000e+00
      23232    967.958      3.556      3.579    29.0594    29.0608   5.818483   5.818823     3.1648     2.6801      29.62   26.06696  -96.92406   -0.00021   -0.00102          3  0.000e+00
      23233    968.000      3.556      3.579    29.0598    29.0610   5.818428   5.818783     3.1648     2.6801      29.62   26.06696  -96.92406   -0.00019   -0.00107          3  0.000e+00
      23234    968.042      3.556      3.579    29.0596    29.0610   5.818475   5.818807     3.1648     2.6801      29.62   26.06696  -96.92406   -0.00018   -0.00113          3  0.000e+00
      23235    968.083      3.603      3.627    29.0594    29.0610   5.818499   5.818823     3.1648     2.6789      29.62   26.06696  -96.92406   -0.00014   -0.00120          3  0.000e+00
      23236    968.125      3.556      3.579    29.0593    29.0612   5.818499   5.818823     3.1636     2.6789      29.62   26.06696  -96.92406   -0.00014   -0.00127          3  0.000e+00
      23237    968.167      3.502      3.525    29.0594    29.0612   5.818459   5.818783     3.1648     2.6789      29.62   26.06696  -96.92406   -0.00013   -0.00134          3  0.000e+00
