GOMECC/GOMECC-4/1db/rb2103_0101.ros
* Sea-Bird SBE 9 Data File:
* FileName = C:\Users\scs.user.rb\CTD\GOMECC4\data\rb2103_0101.hex
* Software Version Seasave V 7.26.7.107
* Temperature SN = 4799
* Conductivity SN = 3860
* Number of Bytes Per Scan = 41
* Number of Voltage Words = 4
* Number of Scans Averaged by the Deck Unit = 1
* NMEA Latitude = 26 13.28 N
* NMEA Longitude = 085 39.93 W
* NMEA UTC (Time) = Sep 17 2021  22:10:49
* NMEA baud rate = 4800
# nquan = 17
# nvalues = 3192                                  
# units = specified
# name 0 = scan: Scan Count
# name 1 = timeS: Time, Elapsed [seconds]
# name 2 = depSM: Depth [salt water, m]
# name 3 = prDM: Pressure, Digiquartz [db]
# name 4 = t090C: Temperature [ITS-90, deg C]
# name 5 = t190C: Temperature, 2 [ITS-90, deg C]
# name 6 = c0S/m: Conductivity [S/m]
# name 7 = c1S/m: Conductivity, 2 [S/m]
# name 8 = sbeox0V: Oxygen raw, SBE 43 [V]
# name 9 = sbeox1V: Oxygen raw, SBE 43, 2 [V]
# name 10 = altM: Altimeter [m]
# name 11 = latitude: Latitude [deg]
# name 12 = longitude: Longitude [deg]
# name 13 = sbox0dV/dT: Oxygen, SBE 43 [dov/dt]
# name 14 = sbox1dV/dT: Oxygen, SBE 43, 2 [dov/dt]
# name 15 = nbf: Bottles Fired
# name 16 = flag:  0.000e+00
# interval = seconds: 0.0416667
# start_time = Sep 17 2021 22:10:49 [NMEA time, header]
# bad_flag = -9.990e-29
*END*
     104824   4367.625   3241.939   3288.626     4.3940     4.3955   3.424661   3.424597     1.7082     1.4042       9.94   26.22166  -85.66574   -0.00007   -0.00008          1  0.000e+00
     104825   4367.667   3241.939   3288.627     4.3942     4.3953   3.424680   3.424617     1.7070     1.4042       9.94   26.22166  -85.66574   -0.00009   -0.00010          1  0.000e+00
     104826   4367.708   3242.073   3288.763     4.3940     4.3953   3.424661   3.424630     1.7082     1.4042       9.96   26.22166  -85.66574   -0.00008   -0.00011          1  0.000e+00
     104827   4367.750   3242.065   3288.755     4.3940     4.3955   3.424655   3.424630     1.7082     1.4054       9.94   26.22166  -85.66574   -0.00008   -0.00010          1  0.000e+00
     104828   4367.792   3242.065   3288.755     4.3940     4.3955   3.424636   3.424649     1.7082     1.4054       9.94   26.22168  -85.66574   -0.00008   -0.00009          1  0.000e+00
     104829   4367.833   3242.136   3288.828     4.3942     4.3957   3.424668   3.424662     1.7082     1.4054       9.94   26.22168  -85.66574   -0.00006   -0.00009          1  0.000e+00
     104830   4367.875   3242.066   3288.755     4.3942     4.3958   3.424706   3.424662     1.7070     1.4054       9.96   26.22168  -85.66574   -0.00008   -0.00008          1  0.000e+00
     104831   4367.917   3242.121   3288.812     4.3944     4.3960   3.424719   3.424662     1.7082     1.4054       9.94   26.22168  -85.66574   -0.00007   -0.00007          1  0.000e+00
     104832   4367.958   3242.136   3288.828     4.3943     4.3957   3.424693   3.424662     1.7082     1.4042       9.96   26.22168  -85.66574   -0.00007   -0.00008          1  0.000e+00
     104833   4368.000   3242.121   3288.812     4.3942     4.3957   3.424687   3.424662     1.7082     1.4042       9.96   26.22168  -85.66574   -0.00007   -0.00009          1  0.000e+00
     104834   4368.042   3242.184   3288.876     4.3943     4.3957   3.424687   3.424636     1.7082     1.4042       9.94   26.22168  -85.66574   -0.00007   -0.00010          1  0.000e+00
     104835   4368.083   3242.121   3288.812     4.3942     4.3960   3.424706   3.424649     1.7082     1.4042       9.96   26.22168  -85.66574   -0.00007   -0.00011          1  0.000e+00
     104836   4368.125   3242.200   3288.892     4.3946     4.3958   3.424693   3.424681     1.7082     1.4054       9.94   26.22168  -85.66574   -0.00007   -0.00011          1  0.000e+00
     104837   4368.167   3242.184   3288.876     4.3945     4.3957   3.424706   3.424668     1.7094     1.4054       9.96   26.22168  -85.66574   -0.00006   -0.00012          1  0.000e+00
     104838   4368.208   3242.184   3288.876     4.3945     4.3958   3.424693   3.424597     1.7094     1.4054       9.96   26.22168  -85.66574   -0.00004   -0.00011          1  0.000e+00
     104839   4368.250   3242.255   3288.949     4.3946     4.3955   3.424712   3.424617     1.7094     1.4054       9.96   26.22168  -85.66574   -0.00002   -0.00010          1  0.000e+00
     104840   4368.292   3242.184   3288.877     4.3946     4.3956   3.424712   3.424675     1.7082     1.4054       9.96   26.22168  -85.66574   -0.00003   -0.00011          1  0.000e+00
     104841   4368.333   3242.184   3288.877     4.3945     4.3958   3.424712   3.424668     1.7082     1.4054       9.94   26.22168  -85.66574   -0.00003   -0.00010          1  0.000e+00
     104842   4368.375   3242.255   3288.949     4.3943     4.3955   3.424719   3.424662     1.7082     1.4054       9.79   26.22168  -85.66574   -0.00003   -0.00010          1  0.000e+00
     104843   4368.417   3242.247   3288.941     4.3946     4.3955   3.424712   3.424636     1.7094     1.4042       9.65   26.22168  -85.66574    0.00000   -0.00011          1  0.000e+00
     104844   4368.458   3242.184   3288.877     4.3946     4.3957   3.424731   3.424630     1.7094     1.4054       9.62   26.22168  -85.66574    0.00002   -0.00010          1  0.000e+00
     104845   4368.500   3242.247   3288.941     4.3946     4.3955   3.424706   3.424630     1.7082     1.4042       9.65   26.22168  -85.66574    0.00001   -0.00011          1  0.000e+00
     104846   4368.542   3242.255   3288.949     4.3943     4.3953   3.424687   3.424604     1.7094     1.4042       9.65   26.22168  -85.66574    0.00003   -0.00012          1  0.000e+00
     104847   4368.583   3242.310   3289.006     4.3945     4.3953   3.424706   3.424630     1.7082     1.4042       9.65   26.22168  -85.66574    0.00003   -0.00013          1  0.000e+00
     104848   4368.625   3242.184   3288.877     4.3947     4.3955   3.424719   3.424630     1.7082     1.4042       9.65   26.22168  -85.66574    0.00002   -0.00015          1  0.000e+00
     104849   4368.667   3242.318   3289.014     4.3945     4.3955   3.424712   3.424630     1.7082     1.4042       9.65   26.22168  -85.66574    0.00002   -0.00016          1  0.000e+00
     104850   4368.708   3242.247   3288.941     4.3948     4.3955   3.424693   3.424604     1.7082     1.4042       9.62   26.22168  -85.66574    0.00002   -0.00017          1  0.000e+00
     104851   4368.750   3242.248   3288.941     4.3946     4.3955   3.424712   3.424598     1.7082     1.4054       9.65   26.22168  -85.66574    0.00002   -0.00016          1  0.000e+00
     104852   4368.792   3242.248   3288.941     4.3946     4.3957   3.424712   3.424643     1.7082     1.4054       9.65   26.22166  -85.66574    0.00001   -0.00017          1  0.000e+00
     104853   4368.833   3242.255   3288.950     4.3946     4.3955   3.424712   3.424636     1.7070     1.4042       9.65   26.22166  -85.66574   -0.00001   -0.00018          1  0.000e+00
     104854   4368.875   3242.311   3289.006     4.3946     4.3957   3.424719   3.424604     1.7082     1.4054       9.65   26.22166  -85.66574   -0.00001   -0.00017          1  0.000e+00
     104855   4368.917   3242.248   3288.942     4.3945     4.3958   3.424712   3.424604     1.7082     1.4054       9.65   26.22166  -85.66574   -0.00001   -0.00016          1  0.000e+00
     104856   4368.958   3242.256   3288.950     4.3946     4.3957   3.424693   3.424623     1.7082     1.4054       9.65   26.22166  -85.66574   -0.00001   -0.00015          1  0.000e+00
     104857   4369.000   3242.248   3288.942     4.3945     4.3955   3.424712   3.424630     1.7082     1.4054       9.65   26.22166  -85.66574   -0.00002   -0.00014          1  0.000e+00
     104858   4369.042   3242.248   3288.942     4.3948     4.3957   3.424738   3.424630     1.7082     1.4042       9.65   26.22166  -85.66574   -0.00002   -0.00015          1  0.000e+00
     104859   4369.083   3242.256   3288.950     4.3946     4.3957   3.424719   3.424604     1.7082     1.4042       9.65   26.22166  -85.66574   -0.00002   -0.00015          1  0.000e+00
     104860   4369.125   3242.248   3288.942     4.3948     4.3958   3.424693   3.424598     1.7082     1.4042       9.65   26.22166  -85.66574   -0.00002   -0.00016          1  0.000e+00
     104861   4369.167   3242.248   3288.942     4.3946     4.3958   3.424731   3.424617     1.7082     1.4042       9.65   26.22166  -85.66574   -0.00003   -0.00017          1  0.000e+00
     104862   4369.208   3242.248   3288.942     4.3948     4.3958   3.424719   3.424649     1.7082     1.4042       9.65   26.22166  -85.66574   -0.00003   -0.00017          1  0.000e+00
     104863   4369.250   3242.256   3288.950     4.3948     4.3958   3.424693   3.424643     1.7082     1.4042       9.65   26.22166  -85.66574   -0.00001   -0.00018          1  0.000e+00
     104864   4369.292   3242.185   3288.878     4.3948     4.3960   3.424776   3.424604     1.7082     1.4042       9.65   26.22166  -85.66574   -0.00002   -0.00019          1  0.000e+00
     104865   4369.333   3242.248   3288.942     4.3949     4.3957   3.424719   3.424617     1.7082     1.4042       9.65   26.22166  -85.66574 -8.792e-07   -0.00019          1  0.000e+00
     104866   4369.375   3242.201   3288.894     4.3948     4.3958   3.424687   3.424649     1.7082     1.4042       9.60   26.22166  -85.66574   -0.00000   -0.00020          1  0.000e+00
     104867   4369.417   3242.185   3288.878     4.3950     4.3961   3.424706   3.424636     1.7082     1.4042       9.57   26.22166  -85.66574    0.00001   -0.00020          1  0.000e+00
     104868   4369.458   3242.185   3288.878     4.3948     4.3958   3.424744   3.424649     1.7082     1.4042       9.57   26.22166  -85.66574    0.00001   -0.00021          1  0.000e+00
     104869   4369.500   3242.201   3288.894     4.3950     4.3960   3.424719   3.424662     1.7082     1.4054       9.57   26.22166  -85.66574    0.00003   -0.00019          1  0.000e+00
     104870   4369.542   3242.186   3288.878     4.3950     4.3958   3.424731   3.424636     1.7082     1.4042       9.57   26.22166  -85.66574    0.00003   -0.00020          1  0.000e+00
     104871   4369.583   3242.123   3288.814     4.3950     4.3958   3.424725   3.424636     1.7082     1.4042       9.57   26.22166  -85.66574    0.00003   -0.00020          1  0.000e+00
     104872   4369.625   3242.186   3288.878     4.3948     4.3960   3.424712   3.424630     1.7082     1.4042       9.57   26.22166  -85.66574    0.00004   -0.00020          1  0.000e+00
     104873   4369.667   3242.139   3288.830     4.3950     4.3961   3.424712   3.424604     1.7070     1.4042       9.57   26.22166  -85.66574    0.00002   -0.00021          1  0.000e+00
     104874   4369.708   3242.123   3288.814     4.3948     4.3958   3.424719   3.424617     1.7082     1.4042       9.57   26.22166  -85.66574    0.00002   -0.00021          1  0.000e+00
     104875   4369.750   3242.123   3288.814     4.3948     4.3961   3.424712   3.424630     1.7082     1.4042       9.57   26.22166  -85.66574    0.00002   -0.00021          1  0.000e+00
     104876   4369.792   3242.076   3288.766     4.3950     4.3961   3.424731   3.424675     1.7082     1.4042       9.57   26.22166  -85.66572    0.00002   -0.00021          1  0.000e+00
     104877   4369.833   3242.068   3288.758     4.3948     4.3961   3.424725   3.424668     1.7082     1.4054       9.57   26.22166  -85.66572    0.00002   -0.00020          1  0.000e+00
     104878   4369.875   3242.123   3288.814     4.3948     4.3961   3.424738   3.424681     1.7082     1.4054       9.57   26.22166  -85.66572    0.00002   -0.00018          1  0.000e+00
     104879   4369.917   3241.958   3288.645     4.3951     4.3960   3.424700   3.424655     1.7082     1.4042       9.60   26.22166  -85.66572    0.00002   -0.00018          1  0.000e+00
     104880   4369.958   3242.123   3288.814     4.3950     4.3961   3.424738   3.424681     1.7082     1.4042       9.57   26.22166  -85.66572    0.00002   -0.00018          1  0.000e+00
     104881   4370.000   3242.005   3288.694     4.3950     4.3963   3.424744   3.424668     1.7082     1.4042       9.57   26.22166  -85.66572    0.00002   -0.00018          1  0.000e+00
     104882   4370.042   3242.005   3288.694     4.3950     4.3963   3.424744   3.424681     1.7082     1.4054       9.57   26.22166  -85.66572    0.00002   -0.00017          1  0.000e+00
     104883   4370.083   3242.013   3288.702     4.3951     4.3964   3.424725   3.424668     1.7082     1.4042       9.57   26.22166  -85.66572    0.00002   -0.00019          1  0.000e+00
     104884   4370.125   3241.942   3288.630     4.3950     4.3963   3.424738   3.424681     1.7070     1.4042       9.57   26.22166  -85.66572    0.00000   -0.00019          1  0.000e+00
     104885   4370.167   3242.005   3288.694     4.3950     4.3964   3.424719   3.424694     1.7082     1.4042       9.57   26.22166  -85.66572    0.00000   -0.00020          1  0.000e+00
     104886   4370.208   3241.958   3288.646     4.3951     4.3963   3.424763   3.424694     1.7082     1.4042       9.57   26.22166  -85.66572    0.00000   -0.00022          1  0.000e+00
     104887   4370.250   3241.943   3288.630     4.3951     4.3963   3.424750   3.424694     1.7082     1.4054       9.57   26.22166  -85.66572    0.00000   -0.00021          1  0.000e+00
     104888   4370.292   3241.880   3288.565     4.3951     4.3961   3.424744   3.424655     1.7082     1.4042       9.57   26.22166  -85.66572    0.00000   -0.00021          1  0.000e+00
     104889   4370.333   3241.958   3288.646     4.3951     4.3963   3.424725   3.424681     1.7082     1.4054       9.57   26.22166  -85.66572    0.00000   -0.00019          1  0.000e+00
     104890   4370.375   3241.880   3288.566     4.3951     4.3963   3.424738   3.424668     1.7082     1.4042       9.72   26.22166  -85.66572    0.00000   -0.00019          1  0.000e+00
     104891   4370.417   3241.825   3288.509     4.3951     4.3961   3.424725   3.424636     1.7094     1.4054       9.82   26.22166  -85.66572    0.00002   -0.00017          1  0.000e+00
     104892   4370.458   3241.880   3288.566     4.3951     4.3961   3.424763   3.424675     1.7082     1.4042       9.84   26.22166  -85.66572    0.00002   -0.00017          1  0.000e+00
     104893   4370.500   3241.833   3288.517     4.3953     4.3961   3.424725   3.424694     1.7082     1.4042       9.84   26.22166  -85.66572    0.00000   -0.00017          1  0.000e+00
     104894   4370.542   3241.825   3288.509     4.3951     4.3964   3.424719   3.424668     1.7082     1.4054       9.82   26.22166  -85.66572   -0.00002   -0.00015          1  0.000e+00
     104895   4370.583   3241.825   3288.510     4.3951     4.3963   3.424738   3.424662     1.7082     1.4042       9.82   26.22166  -85.66572   -0.00002   -0.00017          1  0.000e+00
     104896   4370.625   3241.770   3288.453     4.3951     4.3963   3.424719   3.424642     1.7082     1.4042       9.82   26.22166  -85.66572   -0.00002   -0.00017          1  0.000e+00
     104897   4370.667   3241.762   3288.445     4.3950     4.3963   3.424719   3.424655     1.7082     1.4042       9.84   26.22166  -85.66572   -0.00002   -0.00016          1  0.000e+00
     104898   4370.708   3241.762   3288.445     4.3953     4.3960   3.424712   3.424636     1.7082     1.4042       9.82   26.22166  -85.66572   -0.00004   -0.00016          1  0.000e+00
     104899   4370.750   3241.770   3288.453     4.3950     4.3959   3.424693   3.424649     1.7082     1.4042       9.82   26.22166  -85.66572   -0.00004   -0.00018          1  0.000e+00
     104900   4370.792   3241.699   3288.381     4.3952     4.3960   3.424738   3.424636     1.7070     1.4042       9.84   26.22166  -85.66572   -0.00006   -0.00019          1  0.000e+00
     104901   4370.833   3241.699   3288.381     4.3951     4.3960   3.424744   3.424649     1.7082     1.4042       9.82   26.22166  -85.66572   -0.00006   -0.00019          1  0.000e+00
     104902   4370.875   3241.699   3288.381     4.3953     4.3960   3.424744   3.424662     1.7082     1.4042       9.82   26.22166  -85.66572   -0.00006   -0.00019          1  0.000e+00
     104903   4370.917   3241.652   3288.333     4.3950     4.3960   3.424750   3.424662     1.7082     1.4042       9.82   26.22166  -85.66572   -0.00006   -0.00018          1  0.000e+00
     104904   4370.958   3241.582   3288.261     4.3950     4.3960   3.424769   3.424623     1.7082     1.4042       9.82   26.22166  -85.66572   -0.00006   -0.00018          1  0.000e+00
     104905   4371.000   3241.763   3288.446     4.3951     4.3960   3.424776   3.424649     1.7082     1.4042       9.82   26.22166  -85.66572   -0.00006   -0.00018          1  0.000e+00
     104906   4371.042   3241.590   3288.269     4.3953     4.3960   3.424712   3.424636     1.7082     1.4042       9.82   26.22166  -85.66572   -0.00005   -0.00019          1  0.000e+00
     104907   4371.083   3241.637   3288.317     4.3951     4.3960   3.424731   3.424630     1.7070     1.4042       9.82   26.22166  -85.66572   -0.00005   -0.00019          1  0.000e+00
     104908   4371.125   3241.582   3288.261     4.3953     4.3961   3.424719   3.424649     1.7082     1.4042       9.82   26.22166  -85.66572   -0.00005   -0.00020          1  0.000e+00
