GOMECC/GOMECC-4/1db/rb2103_0611.ros
* Sea-Bird SBE 9 Data File:
* FileName = C:\Users\scs.user.rb\CTD\GOMECC4\data\rb2103_0611.hex
* Software Version Seasave V 7.26.7.107
* Temperature SN = 4799
* Conductivity SN = 3860
* Number of Bytes Per Scan = 41
* Number of Voltage Words = 4
* Number of Scans Averaged by the Deck Unit = 1
* NMEA Latitude = 27 20.09 N
* NMEA Longitude = 096 47.00 W
* NMEA UTC (Time) = Sep 29 2021  23:10:30
* NMEA baud rate = 4800
# nquan = 17
# nvalues = 1064                                  
# units = specified
# name 0 = scan: Scan Count
# name 1 = timeS: Time, Elapsed [seconds]
# name 2 = depSM: Depth [salt water, m]
# name 3 = prDM: Pressure, Digiquartz [db]
# name 4 = t090C: Temperature [ITS-90, deg C]
# name 5 = t190C: Temperature, 2 [ITS-90, deg C]
# name 6 = c0S/m: Conductivity [S/m]
# name 7 = c1S/m: Conductivity, 2 [S/m]
# name 8 = sbeox0V: Oxygen raw, SBE 43 [V]
# name 9 = sbeox1V: Oxygen raw, SBE 43, 2 [V]
# name 10 = altM: Altimeter [m]
# name 11 = latitude: Latitude [deg]
# name 12 = longitude: Longitude [deg]
# name 13 = sbox0dV/dT: Oxygen, SBE 43 [dov/dt]
# name 14 = sbox1dV/dT: Oxygen, SBE 43, 2 [dov/dt]
# name 15 = nbf: Bottles Fired
# name 16 = flag:  0.000e+00
# interval = seconds: 0.0416667
# start_time = Sep 29 2021 23:10:30 [NMEA time, header]
# bad_flag = -9.990e-29
*END*
[from data line 1022]
      27825   1159.333      3.416      3.439    28.7181    28.7204   5.656035   5.656392     3.1099     2.6398      52.43   27.33500  -96.78326   -0.00098    0.00094          8  0.000e+00
      27826   1159.375      3.423      3.446    28.7184    28.7200   5.656059   5.656416     3.1099     2.6398      52.43   27.33500  -96.78326   -0.00098    0.00097          8  0.000e+00
      27827   1159.417      3.376      3.398    28.7189    28.7201   5.656059   5.656487     3.1111     2.6410      52.43   27.33500  -96.78326   -0.00096    0.00102          8  0.000e+00
      27828   1159.458      3.376      3.398    28.7189    28.7206   5.656098   5.656463     3.1111     2.6410      52.43   27.33500  -96.78326   -0.00094    0.00107          8  0.000e+00
      27829   1159.500      3.322      3.344    28.7191    28.7206   5.656137   5.656479     3.1111     2.6410      52.43   27.33500  -96.78326   -0.00090    0.00112          8  0.000e+00
      27830   1159.542      3.322      3.344    28.7193    28.7213   5.656152   5.656495     3.1111     2.6422      52.43   27.33500  -96.78326   -0.00086    0.00118          8  0.000e+00
      27831   1159.583      3.274      3.296    28.7193    28.7214   5.656191   5.656558     3.1111     2.6410      52.43   27.33500  -96.78326   -0.00083    0.00123          8  0.000e+00
      27832   1159.625      3.322      3.344    28.7193    28.7219   5.656160   5.656622     3.1111     2.6422      52.43   27.33500  -96.78326   -0.00081    0.00129          8  0.000e+00
      27833   1159.667      3.274      3.296    28.7195    28.7225   5.656152   5.656693     3.1111     2.6410      52.43   27.33500  -96.78326   -0.00078    0.00133          8  0.000e+00
      27834   1159.708      3.220      3.242    28.7200    28.7230   5.656152   5.656764     3.1123     2.6410      52.43   27.33500  -96.78326   -0.00074    0.00137          8  0.000e+00
      27835   1159.750      3.227      3.248    28.7202    28.7234   5.656254   5.656764     3.1123     2.6410      52.43   27.33500  -96.78326   -0.00068    0.00141          8  0.000e+00
      27836   1159.792      3.173      3.194    28.7204    28.7235   5.656293   5.656772     3.1111     2.6410      52.43   27.33500  -96.78326   -0.00063    0.00145          8  0.000e+00
      27837   1159.833      3.173      3.194    28.7215    28.7236   5.656433   5.656804     3.1123     2.6410      52.43   27.33500  -96.78326   -0.00058    0.00149          8  0.000e+00
      27838   1159.875      3.125      3.146    28.7220    28.7232   5.656441   5.656788     3.1123     2.6410      52.43   27.33500  -96.78326   -0.00054    0.00153          8  0.000e+00
      27839   1159.917      3.173      3.194    28.7218    28.7221   5.656433   5.656629     3.1123     2.6398      52.43   27.33500  -96.78326   -0.00049    0.00155          8  0.000e+00
      27840   1159.958      3.078      3.099    28.7220    28.7209   5.656465   5.656487     3.1123     2.6398      52.43   27.33500  -96.78326   -0.00043    0.00157          8  0.000e+00
      27841   1160.000      3.078      3.099    28.7215    28.7201   5.656410   5.656408     3.1136     2.6398      52.43   27.33500  -96.78326   -0.00036    0.00157          8  0.000e+00
      27842   1160.042      2.922      2.942    28.7211    28.7198   5.656316   5.656329     3.1136     2.6398      52.43   27.33500  -96.78326   -0.00030    0.00158          8  0.000e+00
      27843   1160.083      3.125      3.146    28.7207    28.7186   5.656293   5.656266     3.1136     2.6398      52.43   27.33500  -96.78326   -0.00023    0.00160          8  0.000e+00
      27844   1160.125      2.977      2.996    28.7202    28.7183   5.656254   5.656123     3.1136     2.6398      52.38   27.33500  -96.78326   -0.00017    0.00161          8  0.000e+00
      27845   1160.167      2.929      2.949    28.7200    28.7182   5.656215   5.656107     3.1136     2.6398      52.33   27.33500  -96.78326   -0.00010    0.00163          8  0.000e+00
      27846   1160.208      2.929      2.949    28.7195    28.7177   5.656160   5.656091     3.1136     2.6386      52.31   27.33500  -96.78326   -0.00004    0.00163          8  0.000e+00
      27847   1160.250      2.875      2.894    28.7189    28.7174   5.656113   5.656036     3.1148     2.6386      52.31   27.33500  -96.78326    0.00005    0.00162          8  0.000e+00
      27848   1160.292      2.875      2.894    28.7185    28.7169   5.656035   5.655957     3.1148     2.6386      52.33   27.33500  -96.78326    0.00013    0.00162          8  0.000e+00
      27849   1160.333      2.828      2.847    28.7184    28.7169   5.656012   5.655925     3.1148     2.6386      52.33   27.33500  -96.78326    0.00019    0.00159          8  0.000e+00
      27850   1160.375      2.780      2.799    28.7188    28.7167   5.656082   5.655933     3.1148     2.6386      52.31   27.33500  -96.78326    0.00026    0.00157          8  0.000e+00
      27851   1160.417      2.774      2.792    28.7193    28.7169   5.656105   5.655965     3.1136     2.6386      52.31   27.33500  -96.78326    0.00030    0.00155          8  0.000e+00
      27852   1160.458      2.733      2.751    28.7193    28.7167   5.656066   5.655980     3.1136     2.6386      52.33   27.33500  -96.78326    0.00035    0.00152          8  0.000e+00
      27853   1160.500      2.733      2.751    28.7193    28.7171   5.656129   5.655973     3.1136     2.6386      52.31   27.33500  -96.78326    0.00039    0.00150          8  0.000e+00
      27854   1160.542      2.679      2.697    28.7193    28.7173   5.656152   5.655980     3.1136     2.6386      52.33   27.33500  -96.78326    0.00043    0.00147          8  0.000e+00
      27855   1160.583      2.679      2.697    28.7195    28.7172   5.656113   5.655973     3.1136     2.6386      52.31   27.33500  -96.78326    0.00048    0.00146          8  0.000e+00
      27856   1160.625      2.679      2.697    28.7193    28.7171   5.656144   5.656020     3.1148     2.6386      52.31   27.33500  -96.78326    0.00052    0.00144          8  0.000e+00
      27857   1160.667      2.632      2.649    28.7196    28.7167   5.656152   5.655949     3.1136     2.6386      52.33   27.33500  -96.78326    0.00055    0.00141          8  0.000e+00
      27858   1160.708      2.584      2.601    28.7195    28.7169   5.656113   5.655972     3.1148     2.6386      52.33   27.33500  -96.78326    0.00060    0.00136          8  0.000e+00
      27859   1160.750      2.577      2.595    28.7196    28.7169   5.656144   5.655941     3.1148     2.6398      52.33   27.33500  -96.78326    0.00064    0.00133          8  0.000e+00
      27860   1160.792      2.632      2.649    28.7196    28.7167   5.656152   5.655972     3.1148     2.6398      52.31   27.33500  -96.78326    0.00068    0.00130          8  0.000e+00
      27861   1160.833      2.530      2.547    28.7195    28.7171   5.656183   5.655941     3.1148     2.6398      52.33   27.33500  -96.78326    0.00072    0.00127          8  0.000e+00
      27862   1160.875      2.584      2.601    28.7191    28.7167   5.656129   5.655933     3.1136     2.6398      52.33   27.33500  -96.78326    0.00074    0.00123          8  0.000e+00
      27863   1160.917      2.530      2.547    28.7187    28.7169   5.656105   5.655925     3.1136     2.6398      52.31   27.33500  -96.78326    0.00076    0.00120          8  0.000e+00
      27864   1160.958      2.530      2.547    28.7189    28.7171   5.656175   5.655933     3.1136     2.6398      52.31   27.33500  -96.78326    0.00078    0.00116          8  0.000e+00
      27865   1161.000      2.530      2.547    28.7200    28.7167   5.656168   5.655925     3.1136     2.6398      52.33   27.33500  -96.78326    0.00080    0.00112          8  0.000e+00
      27866   1161.042      2.584      2.601    28.7195    28.7169   5.656152   5.655901     3.1136     2.6398      52.33   27.33500  -96.78326    0.00082    0.00108          8  0.000e+00
