GOMECC/GOMECC-4/1db/rb2103_0511.cnv
* Sea-Bird SBE 9 Data File:
* FileName = C:\Users\scs.user.rb\CTD\GOMECC4\data\rb2103_0511.hex
* Software Version Seasave V 7.26.7.107
* Temperature SN = 4799
* Conductivity SN = 3860
* Number of Bytes Per Scan = 41
* Number of Voltage Words = 4
* Number of Scans Averaged by the Deck Unit = 1
* NMEA Latitude = 27 41.47 N
* NMEA Longitude = 094 13.19 W
* NMEA UTC (Time) = Sep 27 2021  19:13:13
* NMEA baud rate = 4800
# nquan = 28
# nvalues = 323                         
# units = specified
# name 0 = scan: Scan Count
# name 1 = timeS: Time, Elapsed [seconds]
# name 2 = depSM: Depth [salt water, m]
# name 3 = prDM: Pressure, Digiquartz [db]
# name 4 = t090C: Temperature [ITS-90, deg C]
# name 5 = t190C: Temperature, 2 [ITS-90, deg C]
# name 6 = c0S/m: Conductivity [S/m]
# name 7 = c1S/m: Conductivity, 2 [S/m]
# name 8 = sbeox0V: Oxygen raw, SBE 43 [V]
# name 9 = sbeox1V: Oxygen raw, SBE 43, 2 [V]
# name 10 = altM: Altimeter [m]
# name 11 = latitude: Latitude [deg]
# name 12 = longitude: Longitude [deg]
# name 13 = sbox0dV/dT: Oxygen, SBE 43 [dov/dt]
# name 14 = sbox1dV/dT: Oxygen, SBE 43, 2 [dov/dt]
# name 15 = sbeox0ML/L: Oxygen, SBE 43 [ml/l], WS = 5
# name 16 = sbeox1ML/L: Oxygen, SBE 43, 2 [ml/l], WS = 5
# name 17 = potemp090C: Potential Temperature [ITS-90, deg C]
# name 18 = potemp190C: Potential Temperature, 2 [ITS-90, deg C]
# name 19 = sal00: Salinity, Practical [PSU]
# name 20 = sal11: Salinity, Practical, 2 [PSU]
# name 21 = sigma-é00: Density [sigma-theta, kg/m^3]
# name 22 = sigma-é11: Density, 2 [sigma-theta, kg/m^3]
# name 23 = avgsvCM: Average Sound Velocity [Chen-Millero, m/s], minP = 20, minS = 20
# name 24 = sbox0Mm/Kg: Oxygen, SBE 43 [umol/kg], WS = 5
# name 25 = sbox1Mm/Kg: Oxygen, SBE 43, 2 [umol/kg], WS = 5
# name 26 = nbin: number of scans per bin
# name 27 = flag: flag
# span 0 =       9619,      55821       
# span 1 =    400.762,   2325.833       
# span 2 =      1.987,    276.964       
# span 3 =      2.000,    279.000       
# span 4 =    13.1683,    29.2874       
# span 5 =    13.1731,    29.2769       
# span 6 =   4.194022,   5.891450       
# span 7 =   4.194278,   5.891224       
# span 8 =     1.7183,     3.2103       
# span 9 =     1.4125,     2.7524       
# span 10 =       9.54,     102.58      
# span 11 =   27.53619,   28.09643      
# span 12 =  -95.59755,  -93.69134      
# span 13 =   -0.04865,    0.03905      
# span 14 =   -0.04460,    0.03632      
# span 15 =     2.5225,     4.8766      
# span 16 =     2.5413,     4.8953      
# span 17 =    13.1294,    29.2848      
# span 18 =    13.1343,    29.2743      
# span 19 =    35.4550,    36.4740      
# span 20 =    35.4596,    36.4755      
# span 21 =    22.4829,    26.9164      
# span 22 =    22.4860,    26.9164      
# span 23 =       0.00,    1545.03      
# span 24 =    109.779,    212.590      
# span 25 =    110.598,    213.412      
# span 26 =         30,         69      
# span 27 = 0.0000e+00, 0.0000e+00      
# interval = decibars: 1                
# start_time = Sep 27 2021 19:13:13 [NMEA time, header]
# bad_flag = -9.990e-29
*END*
[from data line 208]
      30220   1259.131    198.578    200.000    15.5671    15.5811   4.473681   4.474701     1.8087     1.4931      86.64   27.69036  -94.21584    0.00024    0.00074     2.5983     2.6272    15.5358    15.5497    36.0562    36.0526    26.6665    26.6606    1522.70    113.027    114.283         30 0.0000e+00
      30349   1264.495    193.616    195.000    15.7465    15.7525   4.494478   4.495042     1.8108     1.4939      91.62   27.69103  -94.21812    0.00035    0.00034     2.5912     2.6180    15.7157    15.7217    36.0820    36.0816    26.6455    26.6438    1522.74    112.718    113.884         30 0.0000e+00
      30638   1276.542    182.699    184.000    16.0446    16.0558   4.529657   4.530945     1.8144     1.4966     100.01   27.69386  -94.22778   -0.00009    0.00005     2.5789     2.6045    16.0151    16.0263    36.1313    36.1326    26.6150    26.6134    1522.90    112.186    113.300         30 0.0000e+00
      30668   1277.812    181.706    183.000    16.0720    16.0904   4.532490   4.534215     1.8156     1.4984     100.00   27.69159  -94.22004    0.00023    0.00062     2.5798     2.6070    16.0427    16.0611    36.1312    36.1299    26.6083    26.6031    1522.77    112.228    113.411         30 0.0000e+00
      31038   1293.213    178.729    180.000    16.1372    16.1353   4.542005   4.541802     1.8202     1.5038      46.24   27.71042  -94.28410    0.00017    0.00067     2.5855     2.6171    16.1083    16.1065    36.1651    36.1650    26.6209    26.6213    1523.80    112.474    113.850         40 0.0000e+00
      31119   1296.594    177.737    179.000    16.2159    16.2079   4.549554   4.548351     1.8202     1.5026      70.60   27.69160  -94.22006   -0.00005   -0.00006     2.5810     2.6098    16.1870    16.1790    36.1540    36.1508    26.5924    26.5918    1522.77    112.282    113.535         40 0.0000e+00
      31329   1305.351    175.751    177.000    16.2652    16.2723   4.553950   4.555514     1.8202     1.5019      96.28   27.67881  -94.17654   -0.00010    0.00004     2.5781     2.6041    16.2366    16.2437    36.1446    36.1574    26.5725    26.5810    1522.07    112.156    113.287         45 0.0000e+00
      31475   1311.429    174.759    176.000    16.2989    16.3016   4.559580   4.559599     1.8214     1.5032      99.53   27.69160  -94.22006    0.00005    0.00019     2.5782     2.6053    16.2704    16.2731    36.1665    36.1667    26.5825    26.5821    1522.77    112.160    113.341         30 0.0000e+00
      32824   1367.641    172.774    174.000    16.3957    16.3879   4.569822   4.569123     1.8241     1.5053      99.99   27.68764  -94.20666    0.00005    0.00001     2.5784     2.6054    16.3675    16.3597    36.1732    36.1742    26.5647    26.5674    1522.55    112.172    113.345         45 0.0000e+00
      32877   1369.824    171.782    173.000    16.3992    16.3942   4.570736   4.570165     1.8242     1.5061      99.47   27.69158  -94.22006    0.00000    0.00016     2.5780     2.6068    16.3712    16.3662    36.1785    36.1781    26.5682    26.5691    1522.77    112.153    113.406         38 0.0000e+00
      32947   1372.749    170.789    172.000    16.3999    16.3963   4.570758   4.570420     1.8246     1.5064      96.58   27.69158  -94.22006    0.00011    0.00001     2.5787     2.6071    16.3720    16.3683    36.1786    36.1789    26.5681    26.5692    1522.77    112.183    113.419         39 0.0000e+00
      33053   1377.153    166.819    168.000    16.5082    16.5101   4.583434   4.583757     1.8267     1.5068      86.92   27.69339  -94.22626    0.00061    0.00001     2.5760     2.6005    16.4808    16.4827    36.1951    36.1963    26.5555    26.5560    1522.87    112.068    113.134         40 0.0000e+00
      33191   1382.924    161.856    163.000    16.7623    16.7459   4.613514   4.611404     1.8296     1.5086      78.93   27.69381  -94.22767    0.00102    0.00060     2.5669     2.5907    16.7354    16.7191    36.2332    36.2294    26.5246    26.5256    1522.89    111.677    112.711         40 0.0000e+00
      33323   1388.400    156.893    158.000    17.0058    17.0391   4.641521   4.645236     1.8330     1.5123      76.06   27.68833  -94.20897    0.00121    0.00136     2.5596     2.5828    16.9795    17.0127    36.2595    36.2620    26.4860    26.4800    1522.59    111.360    112.370         34 0.0000e+00
      33433   1392.993    152.923    154.000    17.2922    17.3130   4.675631   4.677438     1.8421     1.5204      69.78   27.69019  -94.21532    0.00254    0.00189     2.5632     2.5874    17.2664    17.2871    36.3023    36.2996    26.4499    26.4429    1522.69    111.524    112.577         30 0.0000e+00
      33807   1408.578    141.010    142.000    17.8698    17.9007   4.742850   4.747239     1.8508     1.5263     100.05   27.70549  -94.26736   -0.00018   -0.00050     2.5475     2.5671    17.8454    17.8762    36.3822    36.3886    26.3710    26.3683    1523.53    110.849    111.704         38 0.0000e+00
      35450   1477.026    134.062    135.000    18.6308    18.6242   4.831765   4.831352     1.8727     1.5460     100.10   27.72043  -94.31821    0.00018   -0.00018     2.5525     2.5760    18.6069    18.6003    36.4740    36.4755    26.2521    26.2549    1524.36    111.083    112.103         33 0.0000e+00
      35793   1491.331    133.069    134.000    18.6410    18.6484   4.830323   4.831085     1.8678     1.5412     100.00   27.69158  -94.22006   -0.00091   -0.00093     2.5420     2.5633    18.6172    18.6246    36.4379    36.4378    26.2186    26.2166    1522.77    110.625    111.551         54 0.0000e+00
      35840   1493.285    132.076    133.000    18.6596    18.6650   4.832195   4.832736     1.8669     1.5399     100.00   27.69158  -94.22006   -0.00060   -0.00093     2.5387     2.5589    18.6360    18.6414    36.4377    36.4376    26.2137    26.2122    1522.77    110.482    111.363         50 0.0000e+00
      35886   1495.214    131.083    132.000    18.6773    18.6893   4.833917   4.834350     1.8660     1.5376     100.00   27.69158  -94.22006   -0.00042   -0.00067     2.5360     2.5537    18.6538    18.6669    36.4366    36.4341    26.2083    26.2045    1522.77    110.365    111.138         39 0.0000e+00
      35921   1496.672    130.091    131.000    18.8137    18.7714   4.848202   4.844027     1.8638     1.5350     100.00   27.69158  -94.22006   -0.00079   -0.00155     2.5225     2.5413    18.7903    18.7481    36.4379    36.4418    26.1745    26.1883    1522.77    109.779    110.598         34 0.0000e+00
      35954   1498.048    129.098    130.000    18.8714    18.8619   4.854818   4.854255     1.8651     1.5378     100.00   27.69158  -94.22006   -0.00077   -0.00086     2.5227     2.5432    18.8481    18.8387    36.4432    36.4468    26.1637    26.1689    1522.77    109.793    110.682         31 0.0000e+00
      36067   1502.746    125.127    126.000    18.9762    18.9879   4.867423   4.868773     1.8738     1.5471     100.02   27.69727  -94.23942    0.00188    0.00172     2.5351     2.5583    18.9536    18.9653    36.4611    36.4622    26.1510    26.1489    1523.08    110.333    111.341         30 0.0000e+00
      36090   1503.724    124.134    125.000    18.9959    19.0323   4.868055   4.873028     1.8748     1.5488     100.00   27.69158  -94.22006    0.00169    0.00135     2.5358     2.5587    18.9645    19.0099    36.4547    36.4554    26.1427    26.1315    1522.77    110.363    111.361         31 0.0000e+00
      36217   1508.989    119.170    120.000    19.2584    19.2936   4.894856   4.898385     1.9630     1.6401      99.98   27.68717  -94.20507    0.02265    0.02269     2.7139     2.7646    19.2367    19.2718    36.4412    36.4399    26.0616    26.0514    1522.53    118.125    120.330         32 0.0000e+00
      36437   1518.150    111.228    112.000    19.6682    19.6236   4.931722   4.926915     2.0934     1.7468      99.93   27.66926  -94.14411    0.01391    0.01193     2.9723     2.9992    19.6475    19.6030    36.3854    36.3843    25.9094    25.9203    1521.54    129.387    130.557         40 0.0000e+00
      36592   1524.605    110.235    111.000    19.8398    19.6968   4.950703   4.935842     2.1401     1.7467     100.00   27.69158  -94.22005    0.01103    0.00073     3.0618     2.9942    19.8192    19.6763    36.4014    36.4040    25.8791    25.9188    1522.77    133.292    130.341         37 0.0000e+00
      36708   1529.475    109.242    110.000    19.9007    19.7107   4.955771   4.937752     2.1778     1.7615     100.00   27.69158  -94.22006    0.00748   -0.00039     3.1365     3.0283    19.8847    19.6904    36.3889    36.4090    25.8523    25.9189    1522.77    136.546    131.828         34 0.0000e+00
      37072   1544.606    106.261    107.000    20.0164    19.9803   4.966136   4.962933     2.2311     1.8686     100.05   27.70697  -94.27243   -0.00019   -0.00039     3.2459     3.2657    19.9965    19.9604    36.3816    36.3918    25.8185    25.8362    1523.62    141.314    142.176         53 0.0000e+00
      37829   1576.177    104.278    105.000    20.1560    20.1323   4.975422   4.972087     2.3362     1.9582      86.39   27.67735  -94.17169    0.00300    0.00074     3.4357     3.4535    20.1363    20.1127    36.3201    36.3154    25.7319    25.7338    1521.99    149.590    150.360         49 0.0000e+00
      38499   1604.091    103.285    104.000    20.2629    20.2570   4.983591   4.983198     2.3821     2.0108      98.35   27.69156  -94.22006    0.00050    0.00047     3.5523     3.5823    20.2433    20.2375    36.3110    36.3127    25.6973    25.7002    1522.77    154.671    155.975         52 0.0000e+00
      38580   1607.448    102.292    103.000    20.2687    20.2635   4.984003   4.983660     2.3850     2.0124     100.02   27.69156  -94.22006    0.00048    0.00025     3.5588     3.5860    20.2494    20.2441    36.3096    36.3117    25.6946    25.6976    1522.77    154.953    156.140         49 0.0000e+00
      38629   1609.484    101.299    102.000    20.2859    20.2892   4.985285   4.985645     2.3844     2.0116     100.00   27.69156  -94.22006    0.00016   -0.00034     3.5560     3.5820    20.2668    20.2700    36.3063    36.3064    25.6874    25.6866    1522.77    154.834    155.966         48 0.0000e+00
      38673   1611.328    100.306    101.000    20.3098    20.3260   4.987014   4.988588     2.3829     2.0109     100.00   27.69156  -94.22006   -0.00078   -0.00064     3.5502     3.5778    20.2884    20.3070    36.3023    36.2992    25.6786    25.6712    1522.77    154.583    155.787         41 0.0000e+00
      38711   1612.926     99.313    100.000    20.3996    20.3699   4.994562   4.992328     2.3989     2.0328     100.00   27.69156  -94.22006    0.00177    0.00334     3.5824     3.6253    20.3808    20.3513    36.2853    36.2918    25.6408    25.6535    1522.77    155.991    157.858         36 0.0000e+00
      38745   1614.334     98.320     99.000    20.4446    20.4272   4.998661   4.997397     2.4276     2.0571     100.00   27.69156  -94.22006    0.01094    0.01186     3.6362     3.6785    20.4259    20.4085    36.2805    36.2851    25.6250    25.6332    1522.77    158.334    160.177         33 0.0000e+00
      38779   1615.731     97.327     98.000    20.4795    20.4745   5.001958   5.001505     2.4552     2.0826     100.00   27.69156  -94.22006    0.01877    0.01777     3.6920     3.7346    20.4610    20.4560    36.2778    36.2784    25.6135    25.6153    1522.77    160.768    162.621         36 0.0000e+00
      38818   1617.366     96.334     97.000    20.5146    20.5217   5.004811   5.005184     2.4816     2.1072     100.00   27.69156  -94.22006    0.01876    0.01735     3.7454     3.7887    20.4962    20.5034    36.2714    36.2683    25.5991    25.5948    1522.77    163.096    164.982         40 0.0000e+00
      38855   1618.918     95.342     96.000    20.5505    20.5467   5.007128   5.006944     2.5052     2.1331     100.00   27.69156  -94.22006    0.01619    0.01573     3.7927     3.8471    20.5323    20.5285    36.2599    36.2616    25.5806    25.5829    1522.77    165.158    167.524         34 0.0000e+00
      38886   1620.209     94.349     95.000    20.6215    20.6116   5.012951   5.012270     2.5291     2.1539     100.00   27.69156  -94.22006    0.01598    0.01628     3.8370     3.8909    20.6027    20.5935    36.2475    36.2498    25.5522    25.5564    1522.77    167.092    169.435         30 0.0000e+00
      38921   1621.652     93.356     94.000    20.6627    20.6687   5.017088   5.017815     2.5645     2.1806     100.00   27.69156  -94.22006    0.01896    0.01703     3.9093     3.9487    20.6448    20.6510    36.2457    36.2458    25.5394    25.5376    1522.77    170.240    171.958         41 0.0000e+00
      38965   1623.492     92.363     93.000    20.6909    20.6971   5.020169   5.020514     2.5914     2.2060     100.00   27.69156  -94.22006    0.02029    0.01659     3.9639     4.0052    20.6732    20.6794    36.2470    36.2445    25.5327    25.5291    1522.77    172.619    174.418         41 0.0000e+00
      39039   1626.580     90.377     91.000    20.8116    20.8136   5.032107   5.031762     2.6219     2.2316      93.78   27.69931  -94.24643    0.01154    0.00929     4.0176     4.0548    20.7935    20.7963    36.2439    36.2392    25.4982    25.4939    1523.20    174.966    176.587         33 0.0000e+00
      39068   1627.772     89.384     90.000    20.8486    20.8379   5.034307   5.033586     2.6455     2.2560      99.76   27.69156  -94.22006    0.01283    0.01254     4.0648     4.1099    20.8314    20.8207    36.2282    36.2315    25.4753    25.4807    1522.77    177.025    178.989         46 0.0000e+00
      39109   1629.480     88.391     89.000    20.8725    20.8586   5.036509   5.035340     2.6669     2.2734     100.01   27.69156  -94.22006    0.01410    0.01360     4.1079     4.1482    20.8556    20.8416    36.2259    36.2284    25.4670    25.4727    1522.77    178.901    180.658         33 0.0000e+00
      39191   1632.906     86.405     87.000    20.9850    20.9782   5.049589   5.048761     2.6927     2.2960      84.64   27.70482  -94.26518    0.01012    0.00825     4.1521     4.1907    20.9683    20.9615    36.2431    36.2423    25.4510    25.4522    1523.50    180.833    182.513         39 0.0000e+00
      39214   1633.891     85.412     86.000    20.9880    21.0139   5.048624   5.051376     2.7081     2.3086     100.52   27.69156  -94.22006    0.00921    0.00825     4.1837     4.2163    20.9715    20.9974    36.2268    36.2270    25.4360    25.4291    1522.77    182.207    183.632         43 0.0000e+00
      39250   1635.371     84.419     85.000    21.1175    21.0901   5.063666   5.060586     2.7167     2.3184     100.00   27.69156  -94.22006    0.00846    0.00770     4.1904     4.2324    21.1011    21.0737    36.2384    36.2369    25.4094    25.4157    1522.77    182.505    184.335         30 0.0000e+00
      39280   1636.622     83.426     84.000    21.2465    21.2309   5.077985   5.076264     2.7273     2.3230     100.00   27.69156  -94.22006    0.00714    0.00612     4.2015     4.2315    21.2302    21.2146    36.2446    36.2440    25.3785    25.3823    1522.77    182.996    184.302         32 0.0000e+00
      39316   1638.126     82.433     83.000    21.3270    21.3055   5.087635   5.085300     2.7372     2.3305     100.00   27.69156  -94.22006    0.00734    0.00497     4.2149     4.2423    21.3108    21.2894    36.2542    36.2536    25.3636    25.3691    1522.77    183.581    184.773         40 0.0000e+00
