GOMECC/GOMECC-4/1db/rb2103_0661.ros
* Sea-Bird SBE 9 Data File:
* FileName = C:\Users\scs.user.rb\CTD\GOMECC4\data\rb2103_0661.hex
* Software Version Seasave V 7.26.7.107
* Temperature SN = 4799
* Conductivity SN = 3860
* Number of Bytes Per Scan = 41
* Number of Voltage Words = 4
* Number of Scans Averaged by the Deck Unit = 1
* NMEA Latitude = 26 03.55 N
* NMEA Longitude = 096 04.91 W
* NMEA UTC (Time) = Oct 02 2021  23:29:35
* NMEA baud rate = 4800
# nquan = 17
# nvalues = 3059                                  
# units = specified
# name 0 = scan: Scan Count
# name 1 = timeS: Time, Elapsed [seconds]
# name 2 = depSM: Depth [salt water, m]
# name 3 = prDM: Pressure, Digiquartz [db]
# name 4 = t090C: Temperature [ITS-90, deg C]
# name 5 = t190C: Temperature, 2 [ITS-90, deg C]
# name 6 = c0S/m: Conductivity [S/m]
# name 7 = c1S/m: Conductivity, 2 [S/m]
# name 8 = sbeox0V: Oxygen raw, SBE 43 [V]
# name 9 = sbeox1V: Oxygen raw, SBE 43, 2 [V]
# name 10 = altM: Altimeter [m]
# name 11 = latitude: Latitude [deg]
# name 12 = longitude: Longitude [deg]
# name 13 = sbox0dV/dT: Oxygen, SBE 43 [dov/dt]
# name 14 = sbox1dV/dT: Oxygen, SBE 43, 2 [dov/dt]
# name 15 = nbf: Bottles Fired
# name 16 = flag:  0.000e+00
# interval = seconds: 0.0416667
# start_time = Oct 02 2021 23:29:35 [NMEA time, header]
# bad_flag = -9.990e-29
*END*
[from data line 2383]
      98083   4086.750     29.790     29.987    29.2386    29.2473   5.822612   5.825059     3.1441     2.6654     100.00   26.06034  -96.08128   -0.00053   -0.00012         18  0.000e+00
      98084   4086.792     29.776     29.974    29.2389    29.2460   5.822786   5.824394     3.1441     2.6654     100.00   26.06034  -96.08128   -0.00055   -0.00009         18  0.000e+00
      98085   4086.833     29.743     29.939    29.2403    29.2449   5.823142   5.824578     3.1441     2.6642     100.00   26.06034  -96.08128   -0.00056   -0.00005         18  0.000e+00
      98086   4086.875     29.776     29.974    29.2404    29.2443   5.823410   5.825219     3.1429     2.6630     100.00   26.06034  -96.08128   -0.00059   -0.00004         18  0.000e+00
      98087   4086.917     29.743     29.940    29.2397    29.2447   5.823434   5.825908     3.1441     2.6654     100.00   26.06034  -96.08128   -0.00060   -0.00002         18  0.000e+00
      98088   4086.958     29.777     29.974    29.2387    29.2451   5.823205   5.826245     3.1441     2.6654     100.00   26.06034  -96.08128   -0.00062    0.00004         18  0.000e+00
      98089   4087.000     29.743     29.940    29.2382    29.2454   5.822778   5.826341     3.1429     2.6654     100.00   26.06034  -96.08128   -0.00065    0.00006         18  0.000e+00
      98090   4087.042     29.777     29.974    29.2378    29.2447   5.822517   5.826389     3.1429     2.6654     100.00   26.06034  -96.08128   -0.00068    0.00010         18  0.000e+00
      98091   4087.083     29.743     29.940    29.2377    29.2434   5.822399   5.826550     3.1429     2.6679     100.00   26.06034  -96.08128   -0.00071    0.00018         18  0.000e+00
      98092   4087.125     29.729     29.926    29.2379    29.2428   5.822549   5.826670     3.1429     2.6667     100.00   26.06034  -96.08128   -0.00073    0.00022         18  0.000e+00
      98093   4087.167     29.743     29.940    29.2384    29.2427   5.822731   5.826694     3.1429     2.6654     100.00   26.06034  -96.08128   -0.00076    0.00026         18  0.000e+00
     100229   4176.167     20.125     20.258    29.1851    29.1870   5.804463   5.804780     3.1416     2.6654     100.00   26.06038  -96.08124    0.00018    0.00060         19  0.000e+00
     100230   4176.208     20.031     20.163    29.1853    29.1871   5.804455   5.804756     3.1416     2.6654     100.00   26.06038  -96.08124    0.00019    0.00059         19  0.000e+00
     100231   4176.250     20.031     20.163    29.1855    29.1870   5.804432   5.804756     3.1404     2.6642     100.00   26.06038  -96.08124    0.00019    0.00057         19  0.000e+00
     100232   4176.292     20.180     20.313    29.1855    29.1867   5.804448   5.804716     3.1416     2.6630     100.00   26.06038  -96.08124    0.00020    0.00055         19  0.000e+00
     100233   4176.333     20.078     20.211    29.1855    29.1865   5.804416   5.804740     3.1404     2.6642      99.15   26.06038  -96.08124    0.00019    0.00053         19  0.000e+00
     100234   4176.375     20.085     20.218    29.1855    29.1865   5.804455   5.804716     3.1404     2.6654      68.82   26.06038  -96.08124    0.00018    0.00054         19  0.000e+00
     100235   4176.417     20.133     20.265    29.1855    29.1865   5.804495   5.804708     3.1404     2.6654      50.18   26.06038  -96.08124    0.00018    0.00055         19  0.000e+00
     100236   4176.458     20.085     20.218    29.1855    29.1865   5.804503   5.804780     3.1404     2.6654      47.84   26.06038  -96.08124    0.00017    0.00056         19  0.000e+00
     100237   4176.500     20.079     20.211    29.1853    29.1866   5.804503   5.804764     3.1416     2.6654      49.28   26.06038  -96.08124    0.00018    0.00056         19  0.000e+00
     100238   4176.542     20.085     20.218    29.1855    29.1865   5.804440   5.804756     3.1416     2.6654      50.01   26.06038  -96.08124    0.00019    0.00057         19  0.000e+00
     100239   4176.583     20.133     20.266    29.1846    29.1867   5.804479   5.804756     3.1404     2.6654      50.09   26.06038  -96.08124    0.00019    0.00057         19  0.000e+00
     100240   4176.625     20.079     20.211    29.1842    29.1870   5.804463   5.804788     3.1416     2.6654      50.01   26.06038  -96.08124    0.00020    0.00058         19  0.000e+00
     100241   4176.667     20.133     20.266    29.1846    29.1869   5.804432   5.804764     3.1404     2.6654      49.99   26.06038  -96.08124    0.00019    0.00058         19  0.000e+00
     100242   4176.708     20.086     20.218    29.1846    29.1871   5.804479   5.804828     3.1416     2.6654      49.99   26.06038  -96.08124    0.00020    0.00058         19  0.000e+00
     100243   4176.750     20.086     20.218    29.1844    29.1870   5.804503   5.804812     3.1416     2.6654      49.99   26.06038  -96.08124    0.00021    0.00057         19  0.000e+00
     100244   4176.792     20.126     20.259    29.1842    29.1871   5.804463   5.804804     3.1404     2.6654      49.99   26.06038  -96.08124    0.00020    0.00057         19  0.000e+00
     100245   4176.833     20.133     20.266    29.1846    29.1873   5.804503   5.804804     3.1404     2.6654      49.99   26.06038  -96.08124    0.00019    0.00057         19  0.000e+00
     100246   4176.875     20.086     20.218    29.1851    29.1870   5.804503   5.804804     3.1404     2.6654      49.99   26.06038  -96.08124    0.00019    0.00056         19  0.000e+00
     100247   4176.917     20.086     20.218    29.1853    29.1871   5.804463   5.804836     3.1404     2.6654      49.99   26.06038  -96.08124    0.00018    0.00057         19  0.000e+00
     100248   4176.958     20.127     20.259    29.1857    29.1871   5.804487   5.804812     3.1416     2.6654      49.96   26.06038  -96.08124    0.00019    0.00058         19  0.000e+00
     100249   4177.000     20.133     20.266    29.1853    29.1872   5.804511   5.804732     3.1404     2.6642      49.96   26.06038  -96.08124    0.00018    0.00057         19  0.000e+00
     100250   4177.042     20.133     20.266    29.1853    29.1871   5.804503   5.804740     3.1416     2.6630      49.99   26.06038  -96.08124    0.00019    0.00054         19  0.000e+00
     100251   4177.083     20.086     20.219    29.1851    29.1869   5.804463   5.804788     3.1416     2.6630      49.96   26.06038  -96.08124    0.00021    0.00053         19  0.000e+00
     100252   4177.125     20.127     20.260    29.1846    29.1868   5.804463   5.804804     3.1416     2.6642      49.99   26.06038  -96.08124    0.00022    0.00052         19  0.000e+00
     100253   4177.167     20.134     20.266    29.1844    29.1871   5.804424   5.804804     3.1416     2.6630      49.99   26.06038  -96.08124    0.00023    0.00051         19  0.000e+00
     100254   4177.208     20.086     20.219    29.1847    29.1869   5.804479   5.804764     3.1416     2.6630      49.99   26.06038  -96.08124    0.00026    0.00050         19  0.000e+00
     100255   4177.250     20.032     20.164    29.1846    29.1868   5.804432   5.804756     3.1416     2.6630      49.99   26.06038  -96.08124    0.00026    0.00049         19  0.000e+00
     100256   4177.292     20.229     20.362    29.1846    29.1871   5.804416   5.804788     3.1416     2.6630      49.99   26.06038  -96.08124    0.00029    0.00050         19  0.000e+00
     100257   4177.333     20.134     20.267    29.1844    29.1871   5.804408   5.804804     3.1416     2.6630      65.49   26.06038  -96.08124    0.00030    0.00049         19  0.000e+00
     100258   4177.375     20.134     20.267    29.1846    29.1870   5.804440   5.804804     3.1416     2.6630      93.92   26.06038  -96.08124    0.00030    0.00050         19  0.000e+00
     100259   4177.417     20.127     20.260    29.1846    29.1871   5.804392   5.804804     3.1416     2.6630     100.00   26.06038  -96.08124    0.00031    0.00049         19  0.000e+00
     100260   4177.458     20.134     20.267    29.1851    29.1873   5.804432   5.804804     3.1416     2.6630     100.00   26.06038  -96.08124    0.00032    0.00050         19  0.000e+00
     100261   4177.500     20.134     20.267    29.1851    29.1870   5.804455   5.804836     3.1429     2.6630     100.00   26.06038  -96.08124    0.00034    0.00049         19  0.000e+00
     100262   4177.542     20.087     20.219    29.1851    29.1871   5.804455   5.804812     3.1416     2.6618     100.00   26.06038  -96.08124    0.00033    0.00046         19  0.000e+00
     100263   4177.583     20.127     20.260    29.1853    29.1869   5.804432   5.804804     3.1429     2.6630      99.98   26.06038  -96.08124    0.00035    0.00045         19  0.000e+00
     100264   4177.625     20.134     20.267    29.1851    29.1868   5.804408   5.804764     3.1416     2.6618     100.00   26.06038  -96.08124    0.00036    0.00042         19  0.000e+00
     100265   4177.667     20.134     20.267    29.1851    29.1867   5.804511   5.804788     3.1416     2.6630     100.00   26.06038  -96.08124    0.00034    0.00041         19  0.000e+00
     100266   4177.708     20.134     20.267    29.1849    29.1867   5.804479   5.804804     3.1429     2.6618     100.00   26.06038  -96.08124    0.00034    0.00037         19  0.000e+00
     100267   4177.750     20.128     20.260    29.1847    29.1868   5.804432   5.804764     3.1429     2.6618     100.00   26.06038  -96.08124    0.00036    0.00034         19  0.000e+00
     100268   4177.792     20.134     20.267    29.1848    29.1865   5.804448   5.804756     3.1429     2.6618     100.00   26.06038  -96.08124    0.00036    0.00032         19  0.000e+00
     100269   4177.833     20.135     20.267    29.1847    29.1867   5.804416   5.804716     3.1416     2.6618     100.00   26.06038  -96.08124    0.00035    0.00028         19  0.000e+00
     100270   4177.875     20.135     20.267    29.1844    29.1868   5.804416   5.804740     3.1429     2.6606     100.00   26.06038  -96.08124    0.00036    0.00023         19  0.000e+00
     100271   4177.917     20.128     20.261    29.1844    29.1865   5.804408   5.804716     3.1429     2.6606     100.00   26.06038  -96.08124    0.00038    0.00019         19  0.000e+00
     100272   4177.958     20.135     20.268    29.1842    29.1867   5.804369   5.804780     3.1429     2.6606     100.00   26.06038  -96.08124    0.00039    0.00015         19  0.000e+00
     100273   4178.000     20.135     20.268    29.1844    29.1868   5.804392   5.804764     3.1429     2.6593     100.00   26.06038  -96.08124    0.00039    0.00009         19  0.000e+00
     100274   4178.042     20.128     20.261    29.1842    29.1867   5.804416   5.804756     3.1416     2.6593     100.00   26.06038  -96.08124    0.00039    0.00002         19  0.000e+00
     100275   4178.083     20.135     20.268    29.1844    29.1867   5.804408   5.804756     3.1429     2.6593     100.00   26.06038  -96.08124    0.00038   -0.00004         19  0.000e+00
     100276   4178.125     20.135     20.268    29.1846    29.1868   5.804440   5.804716     3.1429     2.6581     100.00   26.06038  -96.08124    0.00040   -0.00013         19  0.000e+00
     100277   4178.167     20.135     20.268    29.1842    29.1869   5.804432   5.804780     3.1416     2.6581     100.00   26.06038  -96.08124    0.00039   -0.00022         19  0.000e+00
     100278   4178.208     20.128     20.261    29.1846    29.1869   5.804408   5.804764     3.1416     2.6581     100.00   26.06038  -96.08124    0.00037   -0.00031         19  0.000e+00
     100279   4178.250     20.135     20.268    29.1844    29.1870   5.804369   5.804756     3.1429     2.6569     100.00   26.06038  -96.08124    0.00038   -0.00041         19  0.000e+00
     100280   4178.292     20.135     20.268    29.1844    29.1869   5.804392   5.804716     3.1416     2.6581     100.00   26.06038  -96.08124    0.00037   -0.00050         19  0.000e+00
     100281   4178.333     20.088     20.220    29.1844    29.1869   5.804416   5.804740     3.1416     2.6569     100.00   26.06038  -96.08124    0.00036   -0.00060         19  0.000e+00
     100282   4178.375     20.129     20.261    29.1846    29.1868   5.804448   5.804756     3.1404     2.6569     100.00   26.06038  -96.08124    0.00035   -0.00070         19  0.000e+00
     100283   4178.417     20.135     20.268    29.1846    29.1869   5.804384   5.804756     3.1416     2.6569     100.00   26.06038  -96.08124    0.00035   -0.00080         19  0.000e+00
     100284   4178.458     20.135     20.268    29.1844    29.1871   5.804440   5.804788     3.1416     2.6569     100.00   26.06038  -96.08124    0.00036   -0.00090         19  0.000e+00
     100285   4178.500     20.135     20.268    29.1846    29.1868   5.804384   5.804804     3.1404     2.6569     100.00   26.06038  -96.08124    0.00033   -0.00100         19  0.000e+00
     100286   4178.542     20.129     20.262    29.1842    29.1869   5.804361   5.804764     3.1404     2.6557     100.00   26.06038  -96.08124    0.00030   -0.00111         19  0.000e+00
     100287   4178.583     20.136     20.268    29.1842    29.1867   5.804392   5.804716     3.1404     2.6557     100.00   26.06038  -96.08124    0.00028   -0.00122         19  0.000e+00
     100288   4178.625     20.136     20.268    29.1838    29.1868   5.804455   5.804780     3.1404     2.6557     100.00   26.06038  -96.08124    0.00025   -0.00131         19  0.000e+00
     100289   4178.667     20.034     20.166    29.1838    29.1867   5.804384   5.804764     3.1404     2.6557     100.00   26.06038  -96.08124    0.00023   -0.00140         19  0.000e+00
     100290   4178.708     20.176     20.309    29.1837    29.1869   5.804392   5.804756     3.1404     2.6557     100.00   26.06038  -96.08124    0.00022   -0.00149         19  0.000e+00
     100291   4178.750     20.136     20.269    29.1837    29.1866   5.804337   5.804716     3.1404     2.6569     100.00   26.06038  -96.08124    0.00021   -0.00154         19  0.000e+00
     100292   4178.792     20.136     20.269    29.1840    29.1865   5.804392   5.804740     3.1404     2.6557     100.00   26.06038  -96.08124    0.00020   -0.00162         19  0.000e+00
     100293   4178.833     20.129     20.262    29.1838    29.1865   5.804376   5.804756     3.1392     2.6569     100.00   26.06038  -96.08124    0.00018   -0.00167         19  0.000e+00
     100294   4178.875     20.136     20.269    29.1838    29.1865   5.804392   5.804716     3.1392     2.6569     100.00   26.06038  -96.08124    0.00016   -0.00169         19  0.000e+00
     100295   4178.917     20.136     20.269    29.1838    29.1865   5.804305   5.804708     3.1380     2.6569     100.00   26.06038  -96.08124    0.00012   -0.00174         19  0.000e+00
     100296   4178.958     20.089     20.221    29.1838    29.1867   5.804369   5.804668     3.1392     2.6569     100.00   26.06038  -96.08124    0.00009   -0.00179         19  0.000e+00
     100297   4179.000     20.129     20.262    29.1840    29.1865   5.804408   5.804732     3.1392     2.6569     100.00   26.06038  -96.08124    0.00007   -0.00181         19  0.000e+00
     100298   4179.042     20.136     20.269    29.1842    29.1867   5.804369   5.804716     3.1380     2.6569     100.00   26.06038  -96.08124    0.00004   -0.00183         19  0.000e+00
     100299   4179.083     20.136     20.269    29.1840    29.1865   5.804408   5.804740     3.1392     2.6581     100.00   26.06038  -96.08124    0.00002   -0.00183         19  0.000e+00
     100300   4179.125     20.089     20.221    29.1838    29.1866   5.804408   5.804716     3.1380     2.6581     100.00   26.06038  -96.08124   -0.00004   -0.00187         19  0.000e+00
     100301   4179.167     20.130     20.262    29.1838    29.1867   5.804408   5.804708     3.1392     2.6581     100.00   26.06038  -96.08124   -0.00006   -0.00189         19  0.000e+00
     100302   4179.208     20.136     20.269    29.1840    29.1866   5.804384   5.804740     3.1392     2.6581     100.00   26.06038  -96.08124   -0.00007   -0.00190         19  0.000e+00
