GOMECC/GOMECC-4/1db/rb2103_0541.ros
* Sea-Bird SBE 9 Data File:
* FileName = C:\Users\scs.user.rb\CTD\GOMECC4\data\rb2103_0541.hex
* Software Version Seasave V 7.26.7.107
* Temperature SN = 4799
* Conductivity SN = 3860
* Number of Bytes Per Scan = 41
* Number of Voltage Words = 4
* Number of Scans Averaged by the Deck Unit = 1
* NMEA Latitude = 27 29.98 N
* NMEA Longitude = 095 00.24 W
* NMEA UTC (Time) = Sep 28 2021  12:26:08
* NMEA baud rate = 4800
# nquan = 17
# nvalues = 2793                                  
# units = specified
# name 0 = scan: Scan Count
# name 1 = timeS: Time, Elapsed [seconds]
# name 2 = depSM: Depth [salt water, m]
# name 3 = prDM: Pressure, Digiquartz [db]
# name 4 = t090C: Temperature [ITS-90, deg C]
# name 5 = t190C: Temperature, 2 [ITS-90, deg C]
# name 6 = c0S/m: Conductivity [S/m]
# name 7 = c1S/m: Conductivity, 2 [S/m]
# name 8 = sbeox0V: Oxygen raw, SBE 43 [V]
# name 9 = sbeox1V: Oxygen raw, SBE 43, 2 [V]
# name 10 = altM: Altimeter [m]
# name 11 = latitude: Latitude [deg]
# name 12 = longitude: Longitude [deg]
# name 13 = sbox0dV/dT: Oxygen, SBE 43 [dov/dt]
# name 14 = sbox1dV/dT: Oxygen, SBE 43, 2 [dov/dt]
# name 15 = nbf: Bottles Fired
# name 16 = flag:  0.000e+00
# interval = seconds: 0.0416667
# start_time = Sep 28 2021 12:26:08 [NMEA time, header]
# bad_flag = -9.990e-29
*END*
[from data line 2128]
      91200   3799.958     29.707     29.907    29.1588    29.1642   5.861123   5.862880     3.1221     2.6496     100.00   27.49818  -94.99112    0.00224    0.00021         17  0.000e+00
      91201   3800.000     29.821     30.021    29.1571    29.1654   5.861195   5.862808     3.1221     2.6496     100.00   27.49818  -94.99112    0.00228    0.00021         17  0.000e+00
      91202   3800.042     29.654     29.854    29.1569    29.1658   5.861123   5.862639     3.1221     2.6496     100.00   27.49818  -94.99112    0.00230    0.00021         17  0.000e+00
      91203   3800.083     29.821     30.021    29.1578    29.1662   5.861060   5.862455     3.1233     2.6508     100.00   27.49818  -94.99112    0.00234    0.00021         17  0.000e+00
      91204   3800.125     29.685     29.884    29.1573    29.1662   5.861012   5.862398     3.1233     2.6508     100.00   27.49818  -94.99112    0.00240    0.00023         17  0.000e+00
      91205   3800.167     29.768     29.968    29.1558    29.1662   5.861036   5.862575     3.1221     2.6508     100.00   27.49818  -94.99112    0.00241    0.00022         17  0.000e+00
      91206   3800.208     29.768     29.968    29.1544    29.1658   5.860981   5.862720     3.1221     2.6508     100.00   27.49818  -94.99112    0.00243    0.00023         17  0.000e+00
      91207   3800.250     29.768     29.968    29.1562    29.1657   5.861028   5.862776     3.1233     2.6508     100.00   27.49818  -94.99112    0.00247    0.00024         17  0.000e+00
      91208   3800.292     29.768     29.968    29.1601    29.1652   5.861099   5.862712     3.1233     2.6508     100.00   27.49818  -94.99112    0.00250    0.00025         17  0.000e+00
      91209   3800.333     29.821     30.021    29.1625    29.1652   5.861139   5.862647     3.1233     2.6508     100.00   27.49818  -94.99112    0.00255    0.00026         17  0.000e+00
      91210   3800.375     29.768     29.968    29.1634    29.1654   5.861147   5.862503     3.1233     2.6508     100.00   27.49818  -94.99112    0.00257    0.00026         17  0.000e+00
      91211   3800.417     29.821     30.021    29.1642    29.1660   5.861107   5.862414     3.1233     2.6508     100.00   27.49818  -94.99112    0.00259    0.00028         17  0.000e+00
      91212   3800.458     29.821     30.022    29.1647    29.1660   5.861131   5.862398     3.1233     2.6508     100.00   27.49818  -94.99112    0.00261    0.00030         17  0.000e+00
      91213   3800.500     29.821     30.022    29.1648    29.1656   5.861179   5.862446     3.1245     2.6508     100.00   27.49818  -94.99112    0.00264    0.00033         17  0.000e+00
      91214   3800.542     29.821     30.022    29.1652    29.1649   5.861226   5.862487     3.1233     2.6508     100.00   27.49818  -94.99112    0.00267    0.00037         17  0.000e+00
      91215   3800.583     29.821     30.022    29.1650    29.1645   5.861171   5.862382     3.1233     2.6496     100.00   27.49818  -94.99112    0.00267    0.00038         17  0.000e+00
      91216   3800.625     29.821     30.022    29.1647    29.1642   5.861179   5.862125     3.1245     2.6496     100.00   27.49818  -94.99112    0.00269    0.00042         17  0.000e+00
      91217   3800.667     29.851     30.052    29.1647    29.1649   5.861171   5.861820     3.1245     2.6496      99.07   27.49818  -94.99112    0.00271    0.00045         17  0.000e+00
      91218   3800.708     29.821     30.022    29.1645    29.1652   5.861147   5.861587     3.1245     2.6496      54.02   27.49818  -94.99112    0.00273    0.00048         17  0.000e+00
      91219   3800.750     29.874     30.075    29.1647    29.1654   5.861179   5.861571     3.1245     2.6496      23.47   27.49818  -94.99112    0.00275    0.00051         17  0.000e+00
      91220   3800.792     29.874     30.075    29.1650    29.1654   5.861266   5.861563     3.1245     2.6496      18.63   27.49818  -94.99112    0.00277    0.00054         17  0.000e+00
      91221   3800.833     29.874     30.075    29.1650    29.1654   5.861361   5.861651     3.1245     2.6496      20.95   27.49818  -94.99112    0.00278    0.00057         17  0.000e+00
      91222   3800.875     29.874     30.075    29.1650    29.1656   5.861313   5.861643     3.1245     2.6484      22.42   27.49818  -94.99112    0.00279    0.00060         17  0.000e+00
      91223   3800.917     29.821     30.022    29.1621    29.1658   5.861218   5.861643     3.1245     2.6484      22.61   27.49818  -94.99112    0.00279    0.00064         17  0.000e+00
      91224   3800.958     29.874     30.075    29.1586    29.1656   5.861012   5.861675     3.1233     2.6484      22.52   27.49818  -94.99112    0.00276    0.00067         17  0.000e+00
      91225   3801.000     29.874     30.075    29.1564    29.1658   5.860957   5.861715     3.1245     2.6484      22.42   27.49818  -94.99112    0.00274    0.00070         17  0.000e+00
      91226   3801.042     29.874     30.075    29.1549    29.1658   5.860973   5.861731     3.1245     2.6484      22.42   27.49818  -94.99112    0.00274    0.00073         17  0.000e+00
      91227   3801.083     29.874     30.075    29.1558    29.1658   5.861099   5.861739     3.1233     2.6484      22.42   27.49818  -94.99112    0.00272    0.00076         17  0.000e+00
      91228   3801.125     29.874     30.075    29.1573    29.1657   5.861147   5.861772     3.1245     2.6484      22.44   27.49818  -94.99112    0.00273    0.00080         17  0.000e+00
      91229   3801.167     29.874     30.075    29.1573    29.1656   5.861107   5.861812     3.1233     2.6484      22.42   27.49818  -94.99112    0.00270    0.00083         17  0.000e+00
      91230   3801.208     29.851     30.052    29.1562    29.1654   5.861028   5.861804     3.1233     2.6484      22.44   27.49818  -94.99112    0.00267    0.00086         17  0.000e+00
      91231   3801.250     29.874     30.075    29.1553    29.1656   5.861004   5.861780     3.1233     2.6484      22.44   27.49818  -94.99112    0.00264    0.00090         17  0.000e+00
      91232   3801.292     29.874     30.075    29.1551    29.1657   5.860965   5.861812     3.1233     2.6484      22.42   27.49818  -94.99112    0.00260    0.00093         17  0.000e+00
      91233   3801.333     29.874     30.075    29.1554    29.1654   5.860885   5.861836     3.1233     2.6484      22.42   27.49818  -94.99112    0.00258    0.00097         17  0.000e+00
      91234   3801.375     29.874     30.075    29.1553    29.1656   5.860878   5.861940     3.1233     2.6484      22.42   27.49818  -94.99112    0.00252    0.00100         17  0.000e+00
      91235   3801.417     29.821     30.022    29.1553    29.1651   5.860933   5.861932     3.1233     2.6484      22.44   27.49818  -94.99112    0.00248    0.00102         17  0.000e+00
      91236   3801.458     29.935     30.136    29.1553    29.1651   5.860917   5.861956     3.1233     2.6484      22.44   27.49818  -94.99112    0.00244    0.00104         17  0.000e+00
      91237   3801.500     29.821     30.022    29.1551    29.1644   5.860909   5.861980     3.1233     2.6484      22.42   27.49818  -94.99112    0.00239    0.00104         17  0.000e+00
      91238   3801.542     29.874     30.075    29.1553    29.1638   5.860870   5.861972     3.1233     2.6471      22.44   27.49818  -94.99112    0.00232    0.00102         17  0.000e+00
      91239   3801.583     29.821     30.022    29.1558    29.1630   5.860933   5.861972     3.1233     2.6471      22.42   27.49818  -94.99112    0.00225    0.00100         17  0.000e+00
      91240   3801.625     29.821     30.022    29.1562    29.1628   5.860885   5.861980     3.1233     2.6471      22.42   27.49818  -94.99112    0.00219    0.00096         17  0.000e+00
      91241   3801.667     29.874     30.075    29.1562    29.1630   5.860933   5.861972     3.1233     2.6471      23.69   27.49818  -94.99112    0.00213    0.00093         17  0.000e+00
      91242   3801.708     29.821     30.022    29.1571    29.1632   5.861028   5.861972     3.1245     2.6471      69.11   27.49818  -94.99112    0.00209    0.00087         17  0.000e+00
      91243   3801.750     29.738     29.938    29.1578    29.1636   5.860957   5.861972     3.1233     2.6471      99.22   27.49818  -94.99112    0.00201    0.00082         17  0.000e+00
      91244   3801.792     29.874     30.075    29.1580    29.1636   5.861020   5.861948     3.1233     2.6459     100.00   27.49818  -94.99112    0.00194    0.00075         17  0.000e+00
      91245   3801.833     29.821     30.022    29.1584    29.1636   5.861084   5.861964     3.1245     2.6459     100.00   27.49818  -94.99112    0.00189    0.00067         17  0.000e+00
      91246   3801.875     29.769     29.969    29.1593    29.1632   5.861171   5.861972     3.1245     2.6447     100.00   27.49818  -94.99112    0.00184    0.00058         17  0.000e+00
      91247   3801.917     29.821     30.022    29.1601    29.1627   5.861266   5.861980     3.1245     2.6447     100.00   27.49818  -94.99112    0.00180    0.00049         17  0.000e+00
      91248   3801.958     29.769     29.969    29.1608    29.1627   5.861250   5.862037     3.1233     2.6447      99.98   27.49818  -94.99112    0.00172    0.00040         17  0.000e+00
      91249   3802.000     29.769     29.969    29.1610    29.1628   5.861242   5.862093     3.1245     2.6447     100.00   27.49818  -94.99112    0.00168    0.00029         17  0.000e+00
      91250   3802.042     29.769     29.969    29.1612    29.1627   5.861242   5.862109     3.1245     2.6459     100.00   27.49818  -94.99112    0.00163    0.00022         17  0.000e+00
      91251   3802.083     29.769     29.969    29.1621    29.1625   5.861274   5.862125     3.1245     2.6447     100.00   27.49818  -94.99112    0.00158    0.00013         17  0.000e+00
      91252   3802.125     29.769     29.969    29.1626    29.1619   5.861305   5.862077     3.1245     2.6447     100.00   27.49818  -94.99112    0.00153    0.00003         17  0.000e+00
      91253   3802.167     29.708     29.908    29.1630    29.1616   5.861329   5.862021     3.1233     2.6447     100.00   27.49818  -94.99112    0.00146   -0.00004         17  0.000e+00
      91254   3802.208     29.708     29.908    29.1626    29.1610   5.861266   5.862101     3.1245     2.6447     100.00   27.49818  -94.99112    0.00140   -0.00011         17  0.000e+00
      91255   3802.250     29.708     29.908    29.1615    29.1599   5.861242   5.862109     3.1245     2.6447     100.00   27.49818  -94.99112    0.00136   -0.00019         17  0.000e+00
      91256   3802.292     29.739     29.939    29.1602    29.1589   5.861274   5.862214     3.1245     2.6459     100.00   27.49818  -94.99112    0.00132   -0.00023         17  0.000e+00
      91257   3802.333     29.655     29.855    29.1596    29.1582   5.861361   5.862302     3.1233     2.6447     100.00   27.49818  -94.99112    0.00126   -0.00028         17  0.000e+00
      91258   3802.375     29.708     29.908    29.1590    29.1595   5.861416   5.862414     3.1233     2.6459     100.00   27.49818  -94.99112    0.00121   -0.00032         17  0.000e+00
      91259   3802.417     29.655     29.855    29.1584    29.1597   5.861575   5.862551     3.1245     2.6459     100.00   27.49818  -94.99112    0.00118   -0.00035         17  0.000e+00
      91260   3802.458     29.708     29.908    29.1577    29.1595   5.861702   5.862623     3.1245     2.6471     100.00   27.49818  -94.99112    0.00117   -0.00035         17  0.000e+00
      91261   3802.500     29.595     29.794    29.1571    29.1599   5.861741   5.862688     3.1245     2.6459     100.00   27.49818  -94.99112    0.00115   -0.00037         17  0.000e+00
      91262   3802.542     29.656     29.855    29.1566    29.1602   5.861868   5.862728     3.1245     2.6471     100.00   27.49818  -94.99112    0.00113   -0.00037         17  0.000e+00
      91263   3802.583     29.656     29.855    29.1558    29.1599   5.861987   5.862736     3.1233     2.6471     100.00   27.49818  -94.99112    0.00110   -0.00037         17  0.000e+00
      91264   3802.625     29.595     29.794    29.1560    29.1597   5.861940   5.862736     3.1233     2.6471     100.00   27.49818  -94.99112    0.00106   -0.00037         17  0.000e+00
      91265   3802.667     29.595     29.794    29.1564    29.1599   5.861916   5.862744     3.1233     2.6471     100.00   27.49818  -94.99112    0.00104   -0.00037         17  0.000e+00
      91266   3802.708     29.656     29.855    29.1569    29.1595   5.861844   5.862704     3.1233     2.6471     100.00   27.49818  -94.99112    0.00102   -0.00037         17  0.000e+00
      91267   3802.750     29.595     29.794    29.1571    29.1584   5.861781   5.862615     3.1233     2.6471     100.00   27.49818  -94.99112    0.00098   -0.00037         17  0.000e+00
      91268   3802.792     29.542     29.741    29.1571    29.1569   5.861702   5.862495     3.1221     2.6471     100.00   27.49818  -94.99112    0.00094   -0.00038         17  0.000e+00
      91269   3802.833     29.573     29.772    29.1573    29.1554   5.861781   5.862447     3.1233     2.6471     100.00   27.49818  -94.99112    0.00092   -0.00040         17  0.000e+00
      91270   3802.875     29.595     29.794    29.1572    29.1538   5.861781   5.862334     3.1233     2.6471     100.00   27.49818  -94.99112    0.00089   -0.00041         17  0.000e+00
      91271   3802.917     29.542     29.741    29.1571    29.1515   5.861749   5.862334     3.1221     2.6471     100.00   27.49818  -94.99112    0.00085   -0.00043         17  0.000e+00
      91272   3802.958     29.542     29.741    29.1571    29.1504   5.861836   5.862326     3.1221     2.6471     100.00   27.49818  -94.99112    0.00079   -0.00044         17  0.000e+00
      91273   3803.000     29.542     29.741    29.1571    29.1504   5.861797   5.862270     3.1221     2.6471     100.00   27.49818  -94.99112    0.00073   -0.00046         17  0.000e+00
      91274   3803.042     29.482     29.680    29.1573    29.1504   5.861805   5.862326     3.1221     2.6484     100.00   27.49818  -94.99112    0.00068   -0.00046         17  0.000e+00
      91275   3803.083     29.542     29.741    29.1577    29.1495   5.861852   5.862254     3.1221     2.6484     100.00   27.49818  -94.99112    0.00062   -0.00046         17  0.000e+00
      91276   3803.125     29.542     29.741    29.1573    29.1487   5.861829   5.862246     3.1209     2.6471     100.00   27.49818  -94.99112    0.00054   -0.00047         17  0.000e+00
      91277   3803.167     29.482     29.680    29.1573    29.1482   5.861821   5.862254     3.1209     2.6484     100.00   27.49818  -94.99112    0.00046   -0.00047         17  0.000e+00
      91278   3803.208     29.482     29.680    29.1575    29.1476   5.861821   5.862254     3.1209     2.6496     100.00   27.49818  -94.99112    0.00038   -0.00045         17  0.000e+00
      91279   3803.250     29.482     29.680    29.1571    29.1477   5.861821   5.862053     3.1209     2.6496     100.00   27.49818  -94.99112    0.00032   -0.00043         17  0.000e+00
      91280   3803.292     29.407     29.604    29.1568    29.1474   5.861892   5.862077     3.1209     2.6496     100.00   27.49818  -94.99112    0.00026   -0.00042         17  0.000e+00
      91281   3803.333     29.595     29.795    29.1568    29.1480   5.861916   5.862141     3.1197     2.6496     100.00   27.49818  -94.99112    0.00016   -0.00042         17  0.000e+00
      91282   3803.375     29.482     29.681    29.1566    29.1486   5.861892   5.862133     3.1197     2.6496     100.00   27.49818  -94.99112    0.00008   -0.00042         17  0.000e+00
      91283   3803.417     29.482     29.681    29.1565    29.1491   5.861836   5.862109     3.1209     2.6496     100.00   27.49818  -94.99112    0.00001   -0.00043         17  0.000e+00
