GOMECC/GOMECC-4/1db/rb2103_0851.ros
* Sea-Bird SBE 9 Data File:
* FileName = C:\Users\scs.user.rb\CTD\GOMECC4\data\rb2103_0851.hex
* Software Version Seasave V 7.26.7.107
* Temperature SN = 4799
* Conductivity SN = 3860
* Number of Bytes Per Scan = 41
* Number of Voltage Words = 4
* Number of Scans Averaged by the Deck Unit = 1
* NMEA Latitude = 20 36.04 N
* NMEA Longitude = 094 17.37 W
* NMEA UTC (Time) = Oct 07 2021  22:53:37
* NMEA baud rate = 4800
# nquan = 17
# nvalues = 3059                                  
# units = specified
# name 0 = scan: Scan Count
# name 1 = timeS: Time, Elapsed [seconds]
# name 2 = depSM: Depth [salt water, m]
# name 3 = prDM: Pressure, Digiquartz [db]
# name 4 = t090C: Temperature [ITS-90, deg C]
# name 5 = t190C: Temperature, 2 [ITS-90, deg C]
# name 6 = c0S/m: Conductivity [S/m]
# name 7 = c1S/m: Conductivity, 2 [S/m]
# name 8 = sbeox0V: Oxygen raw, SBE 43 [V]
# name 9 = sbeox1V: Oxygen raw, SBE 43, 2 [V]
# name 10 = altM: Altimeter [m]
# name 11 = latitude: Latitude [deg]
# name 12 = longitude: Longitude [deg]
# name 13 = sbox0dV/dT: Oxygen, SBE 43 [dov/dt]
# name 14 = sbox1dV/dT: Oxygen, SBE 43, 2 [dov/dt]
# name 15 = nbf: Bottles Fired
# name 16 = flag:  0.000e+00
# interval = seconds: 0.0416667
# start_time = Oct 07 2021 22:53:37 [NMEA time, header]
# bad_flag = -9.990e-29
*END*
[from data line 2298]
     144798   6033.208     77.859     78.355    21.9143    21.8690   5.160744   5.157315     2.7424     2.3187     100.00   20.60058  -94.29112    0.00157    0.00179         18  0.000e+00
     144799   6033.250     77.859     78.355    21.9189    21.8686   5.160925   5.157254     2.7424     2.3175     100.00   20.60058  -94.29112    0.00154    0.00182         18  0.000e+00
     144800   6033.292     77.859     78.355    21.9196    21.8685   5.161045   5.157110     2.7424     2.3187     100.00   20.60058  -94.29112    0.00151    0.00188         18  0.000e+00
     144801   6033.333     77.859     78.355    21.9182    21.8680   5.161225   5.157026     2.7424     2.3187     100.00   20.60058  -94.29112    0.00148    0.00194         18  0.000e+00
     144802   6033.375     77.812     78.307    21.9169    21.8672   5.161375   5.156897     2.7424     2.3187     100.00   20.60058  -94.29112    0.00145    0.00200         18  0.000e+00
     144803   6033.417     77.859     78.355    21.9180    21.8664   5.161503   5.156882     2.7424     2.3187     100.00   20.60058  -94.29112    0.00143    0.00204         18  0.000e+00
     144804   6033.458     77.859     78.355    21.9185    21.8654   5.161698   5.156798     2.7424     2.3175     100.00   20.60058  -94.29112    0.00140    0.00208         18  0.000e+00
     144805   6033.500     77.859     78.355    21.9182    21.8662   5.161848   5.156767     2.7424     2.3187     100.00   20.60058  -94.29112    0.00136    0.00213         18  0.000e+00
     144806   6033.542     77.859     78.355    21.9173    21.8687   5.162014   5.156737     2.7424     2.3187     100.00   20.60058  -94.29112    0.00134    0.00219         18  0.000e+00
     144807   6033.583     77.805     78.301    21.9163    21.8720   5.162089   5.156790     2.7436     2.3187     100.00   20.60058  -94.29112    0.00133    0.00224         18  0.000e+00
     144808   6033.625     77.859     78.355    21.9155    21.8719   5.162134   5.156843     2.7424     2.3187     100.00   20.60058  -94.29112    0.00130    0.00229         18  0.000e+00
     144809   6033.667     77.859     78.355    21.9147    21.8694   5.162239   5.156950     2.7424     2.3187     100.00   20.60058  -94.29112    0.00127    0.00233         18  0.000e+00
     144810   6033.708     77.859     78.355    21.9147    21.8673   5.162277   5.156950     2.7424     2.3187     100.00   20.60058  -94.29112    0.00124    0.00238         18  0.000e+00
     144811   6033.750     77.859     78.355    21.9152    21.8661   5.162277   5.157072     2.7424     2.3187     100.00   20.60058  -94.29112    0.00122    0.00242         18  0.000e+00
     144812   6033.792     77.859     78.355    21.9161    21.8740   5.162277   5.157338     2.7424     2.3187     100.00   20.60060  -94.29112    0.00120    0.00246         18  0.000e+00
     144813   6033.833     77.859     78.355    21.9178    21.8848   5.162277   5.157832     2.7436     2.3187     100.00   20.60060  -94.29112    0.00118    0.00249         18  0.000e+00
     144814   6033.875     77.859     78.355    21.9194    21.8931   5.162239   5.158197     2.7436     2.3187     100.00   20.60060  -94.29112    0.00118    0.00252         18  0.000e+00
     144815   6033.917     77.859     78.355    21.9205    21.8947   5.162231   5.158365     2.7436     2.3187     100.00   20.60060  -94.29112    0.00117    0.00256         18  0.000e+00
     144816   6033.958     77.859     78.356    21.9198    21.8891   5.162194   5.158403     2.7424     2.3187     100.00   20.60060  -94.29112    0.00115    0.00260         18  0.000e+00
     144817   6034.000     77.859     78.356    21.9187    21.8859   5.162156   5.158434     2.7424     2.3187     100.00   20.60060  -94.29112    0.00112    0.00263         18  0.000e+00
     144818   6034.042     77.859     78.356    21.9155    21.8861   5.162179   5.158578     2.7424     2.3187     100.00   20.60060  -94.29112    0.00109    0.00266         18  0.000e+00
     144819   6034.083     77.859     78.356    21.9132    21.8860   5.162126   5.158715     2.7424     2.3199     100.00   20.60060  -94.29112    0.00106    0.00271         18  0.000e+00
     144820   6034.125     77.859     78.356    21.9118    21.8855   5.162036   5.158814     2.7424     2.3199     100.00   20.60060  -94.29112    0.00105    0.00273         18  0.000e+00
     144821   6034.167     77.914     78.410    21.9109    21.8866   5.162014   5.158867     2.7424     2.3199     100.00   20.60060  -94.29112    0.00102    0.00276         18  0.000e+00
     144822   6034.208     77.860     78.356    21.9111    21.8887   5.162014   5.158791     2.7436     2.3199     100.00   20.60060  -94.29112    0.00100    0.00278         18  0.000e+00
     144823   6034.250     77.860     78.356    21.9118    21.8892   5.161879   5.158723     2.7424     2.3199     100.00   20.60060  -94.29112    0.00099    0.00280         18  0.000e+00
     144824   6034.292     77.907     78.403    21.9120    21.8844   5.161871   5.158510     2.7424     2.3199     100.00   20.60060  -94.29112    0.00095    0.00280         18  0.000e+00
     144825   6034.333     77.914     78.410    21.9113    21.8779   5.161819   5.158251     2.7424     2.3199     100.00   20.60060  -94.29112    0.00093    0.00279         18  0.000e+00
     144826   6034.375     77.860     78.356    21.9106    21.8782   5.161736   5.158091     2.7424     2.3211     100.00   20.60060  -94.29112    0.00091    0.00282         18  0.000e+00
     144827   6034.417     77.860     78.356    21.9113    21.8790   5.161676   5.158190     2.7424     2.3211     100.00   20.60060  -94.29112    0.00089    0.00283         18  0.000e+00
     144828   6034.458     77.907     78.404    21.9111    21.8832   5.161601   5.158426     2.7424     2.3211     100.00   20.60060  -94.29112    0.00087    0.00284         18  0.000e+00
     144829   6034.500     77.914     78.410    21.9097    21.8894   5.161488   5.158685     2.7411     2.3199     100.00   20.60060  -94.29112    0.00083    0.00282         18  0.000e+00
     144830   6034.542     77.907     78.404    21.9076    21.8924   5.161390   5.158844     2.7411     2.3199     100.00   20.60060  -94.29112    0.00078    0.00280         18  0.000e+00
     144831   6034.583     77.914     78.411    21.9064    21.8892   5.161233   5.158715     2.7424     2.3199     100.00   20.60060  -94.29112    0.00076    0.00278         18  0.000e+00
     144832   6034.625     77.907     78.404    21.9051    21.8837   5.161158   5.158753     2.7424     2.3199     100.00   20.60060  -94.29112    0.00075    0.00276         18  0.000e+00
     144833   6034.667     77.914     78.411    21.9041    21.8816   5.161090   5.158982     2.7424     2.3199     100.00   20.60060  -94.29112    0.00074    0.00273         18  0.000e+00
     144834   6034.708     77.860     78.356    21.9011    21.8887   5.161068   5.159240     2.7411     2.3199     100.00   20.60060  -94.29112    0.00071    0.00270         18  0.000e+00
     144835   6034.750     77.914     78.411    21.8988    21.8947   5.161000   5.159468     2.7424     2.3199     100.00   20.60060  -94.29112    0.00069    0.00267         18  0.000e+00
     144836   6034.792     77.955     78.452    21.8977    21.8983   5.160820   5.159659     2.7411     2.3199     100.00   20.60060  -94.29112    0.00064    0.00263         18  0.000e+00
     144837   6034.833     77.914     78.411    21.8974    21.9004   5.160730   5.159826     2.7424     2.3199     100.00   20.60060  -94.29112    0.00063    0.00260         18  0.000e+00
     144838   6034.875     77.914     78.411    21.8950    21.9015   5.160625   5.160031     2.7411     2.3199     100.00   20.60060  -94.29112    0.00060    0.00256         18  0.000e+00
     144839   6034.917     77.955     78.452    21.8956    21.9007   5.160557   5.159986     2.7411     2.3199     100.00   20.60060  -94.29112    0.00057    0.00251         18  0.000e+00
     144840   6034.958     77.914     78.411    21.8963    21.8993   5.160482   5.159986     2.7411     2.3199     100.00   20.60060  -94.29112    0.00054    0.00247         18  0.000e+00
     144841   6035.000     77.907     78.404    21.8936    21.9004   5.160497   5.160001     2.7424     2.3199     100.00   20.60060  -94.29112    0.00052    0.00242         18  0.000e+00
     144842   6035.042     77.962     78.459    21.8912    21.8997   5.160407   5.160001     2.7411     2.3199     100.00   20.60060  -94.29112    0.00049    0.00238         18  0.000e+00
     144843   6035.083     77.908     78.404    21.8901    21.9007   5.160339   5.160123     2.7411     2.3199     100.00   20.60060  -94.29112    0.00046    0.00235         18  0.000e+00
     144844   6035.125     77.914     78.411    21.8912    21.9033   5.160332   5.160168     2.7411     2.3199     100.00   20.60060  -94.29112    0.00044    0.00231         18  0.000e+00
     144845   6035.167     77.955     78.452    21.8924    21.9048   5.160302   5.160237     2.7424     2.3199     100.00   20.60060  -94.29112    0.00043    0.00226         18  0.000e+00
     144846   6035.208     77.914     78.411    21.8928    21.9066   5.160189   5.160427     2.7424     2.3199     100.00   20.60060  -94.29112    0.00041    0.00222         18  0.000e+00
     144847   6035.250     77.955     78.452    21.8960    21.9079   5.160317   5.160633     2.7424     2.3199     100.00   20.60060  -94.29112    0.00040    0.00217         18  0.000e+00
     144848   6035.292     77.962     78.459    21.8990    21.9084   5.160377   5.160815     2.7424     2.3199     100.00   20.60060  -94.29112    0.00040    0.00212         18  0.000e+00
     144849   6035.333     77.908     78.404    21.9005    21.9096   5.160565   5.160922     2.7424     2.3199     100.00   20.60060  -94.29112    0.00038    0.00207         18  0.000e+00
     144850   6035.375     77.962     78.459    21.9018    21.9086   5.160602   5.161036     2.7424     2.3211     100.00   20.60060  -94.29112    0.00036    0.00204         18  0.000e+00
     144851   6035.417     77.955     78.452    21.9021    21.9081   5.160692   5.161006     2.7424     2.3211     100.00   20.60060  -94.29112    0.00034    0.00200         18  0.000e+00
     144852   6035.458     77.915     78.411    21.9011    21.9107   5.160722   5.161051     2.7424     2.3211     100.00   20.60060  -94.29112    0.00034    0.00196         18  0.000e+00
     144853   6035.500     77.955     78.452    21.8995    21.9103   5.160782   5.161074     2.7424     2.3211     100.00   20.60060  -94.29112    0.00034    0.00193         18  0.000e+00
     144854   6035.542     77.915     78.411    21.8990    21.9107   5.160805   5.161112     2.7424     2.3211     100.00   20.60060  -94.29112    0.00034    0.00188         18  0.000e+00
     144855   6035.583     77.955     78.452    21.8995    21.9093   5.160835   5.161120     2.7424     2.3211     100.00   20.60060  -94.29112    0.00033    0.00185         18  0.000e+00
     144856   6035.625     77.962     78.459    21.9009    21.9061   5.160918   5.161021     2.7424     2.3211     100.00   20.60060  -94.29112    0.00033    0.00181         18  0.000e+00
     144857   6035.667     77.915     78.411    21.9023    21.9036   5.160963   5.160891     2.7424     2.3211     100.00   20.60060  -94.29112    0.00033    0.00178         18  0.000e+00
     144858   6035.708     77.955     78.452    21.9030    21.9021   5.160948   5.160793     2.7424     2.3211     100.00   20.60060  -94.29112    0.00030    0.00174         18  0.000e+00
     144859   6035.750     77.962     78.459    21.9028    21.9015   5.160970   5.160739     2.7436     2.3211     100.00   20.60060  -94.29112    0.00032    0.00169         18  0.000e+00
     144860   6035.792     77.955     78.452    21.9034    21.9025   5.160978   5.160793     2.7424     2.3211     100.00   20.60060  -94.29112    0.00031    0.00165         18  0.000e+00
     144861   6035.833     77.915     78.411    21.9042    21.9031   5.160978   5.160815     2.7424     2.3211     100.00   20.60060  -94.29112    0.00030    0.00160         18  0.000e+00
     144862   6035.875     77.956     78.452    21.9041    21.9039   5.161008   5.160884     2.7424     2.3199     100.00   20.60060  -94.29112    0.00030    0.00155         18  0.000e+00
     144863   6035.917     77.915     78.411    21.9041    21.9039   5.161053   5.160907     2.7424     2.3211     100.00   20.60060  -94.29112    0.00029    0.00152         18  0.000e+00
     144864   6035.958     77.956     78.452    21.9039    21.9039   5.161098   5.160968     2.7424     2.3211     100.00   20.60060  -94.29112    0.00029    0.00148         18  0.000e+00
     144865   6036.000     77.915     78.411    21.9041    21.9042   5.161075   5.161051     2.7424     2.3199     100.00   20.60060  -94.29112    0.00028    0.00143         18  0.000e+00
     144866   6036.042     77.956     78.452    21.9050    21.9048   5.161158   5.161105     2.7424     2.3199     100.00   20.60060  -94.29112    0.00027    0.00137         18  0.000e+00
     144867   6036.083     77.962     78.459    21.9055    21.9048   5.161195   5.161181     2.7436     2.3199     100.00   20.60060  -94.29112    0.00028    0.00131         18  0.000e+00
     144868   6036.125     77.956     78.452    21.9062    21.9056   5.161263   5.161234     2.7424     2.3199     100.00   20.60060  -94.29112    0.00025    0.00125         18  0.000e+00
     144869   6036.167     77.915     78.412    21.9058    21.9064   5.161345   5.161249     2.7424     2.3199     100.00   20.60060  -94.29112    0.00023    0.00119         18  0.000e+00
     144870   6036.208     77.908     78.405    21.9069    21.9068   5.161436   5.161211     2.7424     2.3199     100.00   20.60060  -94.29112    0.00022    0.00114         18  0.000e+00
     144871   6036.250     77.963     78.459    21.9083    21.9064   5.161518   5.161181     2.7436     2.3199     100.00   20.60060  -94.29112    0.00022    0.00109         18  0.000e+00
     144872   6036.292     77.908     78.405    21.9092    21.9063   5.161541   5.161097     2.7436     2.3199     100.00   20.60060  -94.29112    0.00023    0.00104         18  0.000e+00
     144873   6036.333     77.915     78.412    21.9097    21.9064   5.161503   5.161104     2.7424     2.3199     100.00   20.60060  -94.29112    0.00022    0.00099         18  0.000e+00
     144874   6036.375     77.807     78.303    21.9102    21.9066   5.161563   5.161142     2.7424     2.3199     100.00   20.60060  -94.29112    0.00021    0.00094         18  0.000e+00
     144875   6036.417     78.064     78.562    21.9099    21.9063   5.161586   5.161127     2.7424     2.3187     100.00   20.60060  -94.29112    0.00019    0.00087         18  0.000e+00
     144876   6036.458     77.915     78.412    21.9095    21.9064   5.161586   5.161120     2.7424     2.3199     100.00   20.60060  -94.29112    0.00018    0.00083         18  0.000e+00
     144877   6036.500     77.908     78.405    21.9097    21.9059   5.161586   5.161120     2.7424     2.3199     100.00   20.60060  -94.29112    0.00017    0.00080         18  0.000e+00
     144878   6036.542     77.915     78.412    21.9101    21.9059   5.161586   5.161082     2.7436     2.3199     100.00   20.60060  -94.29112    0.00017    0.00076         18  0.000e+00
     144879   6036.583     77.909     78.405    21.9104    21.9056   5.161586   5.161082     2.7436     2.3199     100.00   20.60060  -94.29112    0.00017    0.00072         18  0.000e+00
     144880   6036.625     77.915     78.412    21.9108    21.9050   5.161586   5.161044     2.7436     2.3199     100.00   20.60060  -94.29112    0.00018    0.00068         18  0.000e+00
     144881   6036.667     77.909     78.405    21.9108    21.9048   5.161518   5.161059     2.7436     2.3199     100.00   20.60060  -94.29112    0.00018    0.00063         18  0.000e+00
