GOMECC/GOMECC-4/1db/rb2103_0261.cnv
* Sea-Bird SBE 9 Data File:
* FileName = C:\Users\scs.user.rb\CTD\GOMECC4\data\rb2103_0261.hex
* Software Version Seasave V 7.26.7.107
* Temperature SN = 4799
* Conductivity SN = 3860
* Number of Bytes Per Scan = 41
* Number of Voltage Words = 4
* Number of Scans Averaged by the Deck Unit = 1
* NMEA Latitude = 28 20.64 N
* NMEA Longitude = 086 20.48 W
* NMEA UTC (Time) = Sep 21 2021  10:45:37
* NMEA baud rate = 4800
# nquan = 28
# nvalues = 346                         
# units = specified
# name 0 = scan: Scan Count
# name 1 = timeS: Time, Elapsed [seconds]
# name 2 = depSM: Depth [salt water, m]
# name 3 = prDM: Pressure, Digiquartz [db]
# name 4 = t090C: Temperature [ITS-90, deg C]
# name 5 = t190C: Temperature, 2 [ITS-90, deg C]
# name 6 = c0S/m: Conductivity [S/m]
# name 7 = c1S/m: Conductivity, 2 [S/m]
# name 8 = sbeox0V: Oxygen raw, SBE 43 [V]
# name 9 = sbeox1V: Oxygen raw, SBE 43, 2 [V]
# name 10 = altM: Altimeter [m]
# name 11 = latitude: Latitude [deg]
# name 12 = longitude: Longitude [deg]
# name 13 = sbox0dV/dT: Oxygen, SBE 43 [dov/dt]
# name 14 = sbox1dV/dT: Oxygen, SBE 43, 2 [dov/dt]
# name 15 = sbeox0ML/L: Oxygen, SBE 43 [ml/l], WS = 5
# name 16 = sbeox1ML/L: Oxygen, SBE 43, 2 [ml/l], WS = 5
# name 17 = potemp090C: Potential Temperature [ITS-90, deg C]
# name 18 = potemp190C: Potential Temperature, 2 [ITS-90, deg C]
# name 19 = sal00: Salinity, Practical [PSU]
# name 20 = sal11: Salinity, Practical, 2 [PSU]
# name 21 = sigma-é00: Density [sigma-theta, kg/m^3]
# name 22 = sigma-é11: Density, 2 [sigma-theta, kg/m^3]
# name 23 = avgsvCM: Average Sound Velocity [Chen-Millero, m/s], minP = 20, minS = 20
# name 24 = sbox0Mm/Kg: Oxygen, SBE 43 [umol/kg], WS = 5
# name 25 = sbox1Mm/Kg: Oxygen, SBE 43, 2 [umol/kg], WS = 5
# name 26 = nbin: number of scans per bin
# name 27 = flag: flag
# span 0 =      11508,      80805       
# span 1 =    479.460,   3366.848       
# span 2 =      1.987,    608.008       
# span 3 =      2.000,    613.000       
# span 4 =     7.3718,    28.6352       
# span 5 =     7.3729,    28.6149       
# span 6 =   3.584993,   5.723823       
# span 7 =   3.584979,   5.724224       
# span 8 =     1.6212,     3.1238       
# span 9 =     1.3262,     2.6605       
# span 10 =      11.65,     101.22      
# span 11 =   28.33258,   28.60624      
# span 12 =  -87.14057,  -86.30687      
# span 13 =   -0.03133,    0.03464      
# span 14 =   -0.03123,    0.03592      
# span 15 =     2.5676,     4.4911      
# span 16 =     2.6001,     4.5111      
# span 17 =     7.3110,    28.6263      
# span 18 =     7.3121,    28.6104      
# span 19 =    32.5150,    36.6168      
# span 20 =    32.5146,    36.6317      
# span 21 =    20.5892,    27.3279      
# span 22 =    20.5884,    27.3269      
# span 23 =       0.00,    1546.84      
# span 24 =    111.638,    196.525      
# span 25 =    113.054,    197.402      
# span 26 =         30,         75      
# span 27 = 0.0000e+00, 0.0000e+00      
# interval = decibars: 1                
# start_time = Sep 21 2021 10:45:37 [NMEA time, header]
# bad_flag = -9.990e-29
*END*
[from data line 156]
      17681    736.666    158.870    160.000    17.1313    17.1326   4.660059   4.660228     2.0767     1.7391     100.00   28.34374  -86.34058   -0.00021   -0.00044     3.1119     3.1476    17.1045    17.1058    36.3092    36.3095    26.4945    26.4944    1530.60    135.389    136.943         33 0.0000e+00
      17713    737.992    159.863    161.000    17.0941    17.0957   4.655576   4.655770     2.0731     1.7350     100.00   28.34374  -86.34058   -0.00110   -0.00155     3.1064     3.1401    17.0672    17.0688    36.3031    36.3034    26.4987    26.4986    1530.52    135.152    136.619         31 0.0000e+00
      17746    739.357    160.855    162.000    17.0165    17.0188   4.646424   4.646657     2.0672     1.7292     100.00   28.34374  -86.34058   -0.00256   -0.00279     3.0986     3.1308    16.9895    16.9918    36.2925    36.2924    26.5093    26.5087    1530.44    134.810    136.211         34 0.0000e+00
      17780    740.788    161.848    163.000    16.9690    16.9706   4.640941   4.641139     2.0631     1.7271     100.00   28.34374  -86.34058   -0.00376   -0.00355     3.0927     3.1289    16.9419    16.9435    36.2869    36.2871    26.5164    26.5162    1530.35    134.554    136.128         34 0.0000e+00
      17814    742.214    162.840    164.000    16.9297    16.9307   4.636666   4.636737     2.0648     1.7298     100.00   28.34374  -86.34058   -0.00213   -0.00121     3.0998     3.1393    16.9025    16.9035    36.2797    36.2802    26.5204    26.5204    1530.27    134.860    136.577         35 0.0000e+00
      17848    743.638    163.833    165.000    16.9238    16.9245   4.635461   4.635563     2.0647     1.7293     100.00   28.34374  -86.34058    0.00016    0.00088     3.1003     3.1384    16.8964    16.8971    36.2788    36.2791    26.5211    26.5211    1530.19    134.882    136.538         33 0.0000e+00
      17881    744.982    164.826    166.000    16.9181    16.9192   4.634800   4.634959     2.0633     1.7264     100.00   28.34374  -86.34058    0.00008   -0.00027     3.0979     3.1318    16.8906    16.8916    36.2776    36.2781    26.5216    26.5217    1530.10    134.779    136.252         31 0.0000e+00
      17912    746.279    165.818    167.000    16.9117    16.9126   4.634049   4.634199     2.0613     1.7234     100.00   28.34374  -86.34058   -0.00086   -0.00172     3.0942     3.1250    16.8840    16.8849    36.2765    36.2769    26.5223    26.5224    1530.02    134.615    135.957         33 0.0000e+00
      17946    747.705    166.810    168.000    16.9038    16.9050   4.633162   4.633329     2.0583     1.7205     100.00   28.34374  -86.34058   -0.00158   -0.00221     3.0880     3.1186    16.8760    16.8771    36.2754    36.2758    26.5233    26.5234    1529.95    134.346    135.678         35 0.0000e+00
      17981    749.150    167.803    169.000    16.8868    16.8880   4.631115   4.631242     2.0561     1.7187     100.00   28.34374  -86.34058   -0.00193   -0.00191     3.0847     3.1159    16.8588    16.8600    36.2729    36.2731    26.5255    26.5254    1529.87    134.203    135.559         33 0.0000e+00
      18013    750.489    168.795    170.000    16.8632    16.8645   4.628339   4.628509     2.0550     1.7178      99.62   28.34374  -86.34057   -0.00152   -0.00128     3.0837     3.1153    16.8351    16.8364    36.2688    36.2692    26.5280    26.5280    1529.79    134.157    135.536         32 0.0000e+00
      18046    751.865    169.788    171.000    16.8369    16.8385   4.625146   4.625329     2.0537     1.7178      99.83   28.34374  -86.34058   -0.00100   -0.00060     3.0830     3.1173    16.8086    16.8102    36.2642    36.2643    26.5308    26.5305    1529.71    134.129    135.620         34 0.0000e+00
      18080    753.286    170.780    172.000    16.7699    16.7716   4.617075   4.617273     2.0514     1.7155     100.00   28.34374  -86.34058   -0.00115   -0.00061     3.0820     3.1156    16.7416    16.7433    36.2532    36.2534    26.5383    26.5381    1529.63    134.083    135.547         34 0.0000e+00
      18113    754.653    171.773    173.000    16.7093    16.7114   4.609731   4.609956     2.0446     1.7099     100.00   28.34374  -86.34058   -0.00238   -0.00202     3.0717     3.1067    16.6808    16.6830    36.2429    36.2429    26.5448    26.5443    1529.55    133.636    135.157         32 0.0000e+00
      18145    756.019    172.766    174.000    16.6260    16.6280   4.600106   4.600297     2.0409     1.7088      99.73   28.34374  -86.34058   -0.00357   -0.00275     3.0689     3.1094    16.5975    16.5995    36.2329    36.2327    26.5568    26.5563    1529.48    133.512    135.274         34 0.0000e+00
      18179    757.428    173.758    175.000    16.5498    16.5528   4.591150   4.591477     2.0488     1.7207      99.19   28.34374  -86.34058   -0.00163   -0.00009     3.0925     3.1447    16.5212    16.5242    36.2223    36.2224    26.5666    26.5661    1529.40    134.536    136.807         34 0.0000e+00
      18213    758.839    174.751    176.000    16.5078    16.5089   4.586117   4.586243     2.0612     1.7307     100.00   28.34374  -86.34058    0.00521    0.00662     3.1252     3.1739    16.4791    16.4802    36.2154    36.2155    26.5713    26.5711    1529.32    135.957    138.076         33 0.0000e+00
      18246    760.191    175.743    177.000    16.4643    16.4658   4.580894   4.581066     2.0633     1.7306     100.00   28.34374  -86.34058    0.00637    0.00589     3.1332     3.1766    16.4355    16.4370    36.2081    36.2083    26.5759    26.5757    1529.24    136.306    138.196         32 0.0000e+00
      18278    761.542    176.735    178.000    16.4072    16.4092   4.574079   4.574304     2.0611     1.7282      84.29   28.34374  -86.34058    0.00245    0.00107     3.1324     3.1741    16.3783    16.3803    36.1991    36.1992    26.5825    26.5821    1529.17    136.272    138.085         33 0.0000e+00
      18312    762.947    177.728    179.000    16.3337    16.3359   4.565328   4.565549     2.0543     1.7181      94.97   28.34374  -86.34058   -0.00164   -0.00259     3.1228     3.1557    16.3047    16.3069    36.1876    36.1877    26.5909    26.5903    1529.08    135.852    137.283         34 0.0000e+00
      18345    764.353    178.720    180.000    16.2826    16.2843   4.559343   4.559535     2.0494     1.7154     100.07   28.34374  -86.34058   -0.00374   -0.00432     3.1145     3.1511    16.2535    16.2553    36.1804    36.1806    26.5973    26.5969    1529.01    135.492    137.081         33 0.0000e+00
      18378    765.700    179.713    181.000    16.2137    16.2162   4.551098   4.551338     2.0481     1.7161     100.00   28.34374  -86.34058   -0.00350   -0.00289     3.1165     3.1579    16.1845    16.1870    36.1692    36.1691    26.6047    26.6040    1528.93    135.575    137.375         33 0.0000e+00
      18412    767.109    180.705    182.000    16.1569    16.1585   4.544392   4.544592     2.0488     1.7164      92.13   28.34374  -86.34058   -0.00127   -0.00031     3.1226     3.1629    16.1277    16.1293    36.1606    36.1610    26.6113    26.6112    1528.85    135.840    137.595         35 0.0000e+00
      18447    768.573    181.698    183.000    16.1321    16.1341   4.541369   4.541589     2.0478     1.7154      85.50   28.34374  -86.34058    0.00001    0.00008     3.1224     3.1624    16.1027    16.1047    36.1558    36.1560    26.6134    26.6130    1528.77    135.830    137.572         34 0.0000e+00
      18479    769.902    182.690    184.000    16.0830    16.0843   4.535468   4.535612     2.0452     1.7132      99.72   28.34374  -86.34058   -0.00070   -0.00073     3.1201     3.1605    16.0535    16.0548    36.1474    36.1475    26.6183    26.6181    1528.69    135.733    137.490         30 0.0000e+00
      18510    771.205    183.682    185.000    16.0179    16.0210   4.527786   4.528095     2.0421     1.7100      96.39   28.34374  -86.34058   -0.00171   -0.00153     3.1172     3.1565    15.9884    15.9914    36.1376    36.1375    26.6258    26.6250    1528.61    135.605    137.312         33 0.0000e+00
      18544    772.609    184.675    186.000    15.9626    15.9643   4.521298   4.521473     2.0378     1.7054     100.01   28.34374  -86.34058   -0.00244   -0.00249     3.1118     3.1492    15.9330    15.9346    36.1295    36.1295    26.6323    26.6320    1528.54    135.368    136.992         34 0.0000e+00
      18578    774.040    185.667    187.000    15.9094    15.9111   4.515021   4.515193     2.0327     1.7003     100.00   28.34374  -86.34058   -0.00310   -0.00323     3.1038     3.1399    15.8797    15.8813    36.1213    36.1213    26.6383    26.6379    1528.46    135.017    136.588         34 0.0000e+00
      18612    775.450    186.660    188.000    15.8741    15.8754   4.510836   4.510986     2.0285     1.6969     100.00   28.34374  -86.34058   -0.00330   -0.00328     3.0967     3.1340    15.8443    15.8456    36.1156    36.1157    26.6420    26.6418    1528.38    134.709    136.331         34 0.0000e+00
      18646    776.865    187.652    189.000    15.8377    15.8385   4.506597   4.506662     2.0247     1.6942     100.00   28.34374  -86.34058   -0.00306   -0.00249     3.0906     3.1296    15.8077    15.8085    36.1103    36.1102    26.6463    26.6460    1528.30    134.443    136.141         34 0.0000e+00
      18678    778.208    188.645    190.000    15.8227    15.8233   4.504868   4.504941     2.0210     1.6919     100.00   28.34374  -86.34056   -0.00277   -0.00195     3.0832     3.1251    15.7926    15.7932    36.1081    36.1082    26.6481    26.6480    1528.22    134.121    135.946         31 0.0000e+00
      18709    779.508    189.637    191.000    15.7975    15.7981   4.501859   4.501949     2.0177     1.6899     100.00   28.34374  -86.34057   -0.00270   -0.00170     3.0775     3.1209    15.7673    15.7678    36.1036    36.1036    26.6504    26.6503    1528.14    133.873    135.759         32 0.0000e+00
      18742    780.889    190.630    192.000    15.7721    15.7735   4.498852   4.499019     2.0146     1.6857     100.00   28.34374  -86.34057   -0.00254   -0.00200     3.0724     3.1131    15.7417    15.7431    36.0994    36.0996    26.6530    26.6528    1528.07    133.650    135.423         34 0.0000e+00
      18778    782.368    191.622    193.000    15.7626    15.7640   4.497774   4.497969     2.0119     1.6829     100.00   28.34374  -86.34056   -0.00216   -0.00240     3.0669     3.1069    15.7321    15.7335    36.0980    36.0984    26.6541    26.6541    1527.99    133.412    135.151         36 0.0000e+00
      18813    783.832    192.614    194.000    15.7562    15.7568   4.497092   4.497164     2.0100     1.6811      99.25   28.34374  -86.34056   -0.00175   -0.00201     3.0632     3.1031    15.7256    15.7262    36.0972    36.0973    26.6550    26.6550    1527.92    133.252    134.989         34 0.0000e+00
      18845    785.156    193.607    195.000    15.7440    15.7437   4.495676   4.495634     2.0085     1.6809      51.44   28.34374  -86.34056   -0.00137   -0.00114     3.0609     3.1038    15.7133    15.7130    36.0952    36.0951    26.6563    26.6563    1527.84    133.150    135.017         30 0.0000e+00
      18875    786.424    194.599    196.000    15.7004    15.7002   4.490476   4.490424     2.0068     1.6790      99.50   28.34374  -86.34056   -0.00121   -0.00061     3.0602     3.1023    15.6695    15.6693    36.0879    36.0875    26.6606    26.6604    1527.77    133.119    134.950         32 0.0000e+00
      18909    787.833    195.591    197.000    15.6472    15.6510   4.484159   4.484515     2.0046     1.6763     100.00   28.34374  -86.34057   -0.00131   -0.00125     3.0585     3.0987    15.6163    15.6203    36.0791    36.0795    26.6660    26.6655    1527.69    133.044    134.793         36 0.0000e+00
      18944    789.312    196.584    198.000    15.6252    15.6274   4.481534   4.481776     2.0021     1.6745     100.00   28.34374  -86.34056   -0.00163   -0.00171     3.0551     3.0962    15.5941    15.5963    36.0752    36.0753    26.6680    26.6676    1527.62    132.897    134.687         33 0.0000e+00
      29662   1235.875    603.055    608.000     7.4091     7.4103   3.587000   3.587018     1.6324     1.3381      16.59   28.34101  -86.33227   -0.00001   -0.00017     2.8049     2.8438     7.3486     7.3499    34.9280    34.9270    27.3128    27.3118    1507.29    121.935    123.628         45 0.0000e+00
      29730   1238.690    604.045    609.000     7.3975     7.4014   3.586342   3.586451     1.6326     1.3381      15.53   28.34372  -86.34052    0.00003   -0.00004     2.8065     2.8446     7.3370     7.3409    34.9306    34.9296    27.3166    27.3153    1507.40    122.006    123.664         69 0.0000e+00
      29805   1241.824    605.036    610.000     7.3913     7.3923   3.585613   3.585618     1.6328     1.3383      14.49   28.34372  -86.34052    0.00003    0.00003     2.8078     2.8463     7.3308     7.3318    34.9302    34.9292    27.3172    27.3162    1507.37    122.064    123.734         68 0.0000e+00
      30128   1255.288    608.008    613.000     7.3718     7.3729   3.584993   3.584979     1.6342     1.3393      11.65   28.35256  -86.36744    0.00011   -0.00011     2.8144     2.8520     7.3110     7.3121    34.9399    34.9388    27.3279    27.3269    1507.77    122.349    123.984         30 0.0000e+00
      32538   1355.720    603.055    608.000     7.3919     7.3926   3.585822   3.585795     1.6345     1.3401      15.52   28.34614  -86.34788    0.00001    0.00009     2.8121     2.8515     7.3316     7.3322    34.9331    34.9322    27.3194    27.3186    1507.38    122.251    123.962         30 0.0000e+00
      32568   1356.940    602.065    607.000     7.3932     7.3947   3.585622   3.585703     1.6342     1.3393      16.65   28.34372  -86.34052   -0.00017   -0.00033     2.8111     2.8485     7.3330     7.3344    34.9298    34.9292    27.3165    27.3159    1507.25    122.206    123.830         31 0.0000e+00
      32625   1359.320    600.084    605.000     7.4087     7.4097   3.587057   3.587057     1.6339     1.3394      18.60   28.34345  -86.33969   -0.00016   -0.00013     2.8084     2.8471     7.3486     7.3496    34.9310    34.9300    27.3152    27.3143    1507.24    122.086    123.771         31 0.0000e+00
      32657   1360.657    599.093    604.000     7.4125     7.4151   3.587419   3.587517     1.6339     1.3394      19.60   28.34372  -86.34052   -0.00007    0.00004     2.8075     2.8464     7.3525     7.3550    34.9314    34.9299    27.3150    27.3135    1507.25    122.050    123.739         32 0.0000e+00
      36548   1522.777    553.528    558.000     7.6133     7.6136   3.605080   3.605043     1.6314     1.3366      57.95   28.34342  -86.33968    0.00005    0.00001     2.7684     2.8056     7.5571     7.5575    34.9435    34.9427    27.2949    27.2943    1507.24    120.352    121.970         33 0.0000e+00
      36582   1524.220    552.538    557.000     7.6134     7.6145   3.605070   3.605099     1.6314     1.3367      66.63   28.34370  -86.34052   -0.00000    0.00005     2.7681     2.8055     7.5573     7.5585    34.9438    34.9430    27.2952    27.2944    1507.25    120.340    121.962         36 0.0000e+00
      36618   1525.704    551.547    556.000     7.6168     7.6190   3.605360   3.605478     1.6317     1.3371      67.65   28.34370  -86.34052    0.00007    0.00009     2.7686     2.8062     7.5609     7.5630    34.9439    34.9430    27.2948    27.2938    1507.25    120.360    121.997         34 0.0000e+00
      36651   1527.066    550.556    555.000     7.6258     7.6275   3.606211   3.606284     1.6317     1.3374      68.64   28.34370  -86.34052    0.00011    0.00021     2.7674     2.8061     7.5699     7.5716    34.9446    34.9437    27.2940    27.2930    1507.25    120.308    121.993         31 0.0000e+00
