GOMECC/GOMECC-4/1db/rb2103_1301.ros
* Sea-Bird SBE 9 Data File:
* FileName = C:\Users\scs.user.rb\CTD\GOMECC4\data\rb2103_1301.hex
* Software Version Seasave V 7.26.7.107
* Temperature SN = 4799
* Conductivity SN = 3860
* Number of Bytes Per Scan = 41
* Number of Voltage Words = 4
* Number of Scans Averaged by the Deck Unit = 1
* NMEA Latitude = 26 52.73 N
* NMEA Longitude = 082 53.32 W
* NMEA UTC (Time) = Oct 19 2021  07:34:17
* NMEA baud rate = 4800
# nquan = 17
# nvalues = 532                                   
# units = specified
# name 0 = scan: Scan Count
# name 1 = timeS: Time, Elapsed [seconds]
# name 2 = depSM: Depth [salt water, m]
# name 3 = prDM: Pressure, Digiquartz [db]
# name 4 = t090C: Temperature [ITS-90, deg C]
# name 5 = t190C: Temperature, 2 [ITS-90, deg C]
# name 6 = c0S/m: Conductivity [S/m]
# name 7 = c1S/m: Conductivity, 2 [S/m]
# name 8 = sbeox0V: Oxygen raw, SBE 43 [V]
# name 9 = sbeox1V: Oxygen raw, SBE 43, 2 [V]
# name 10 = altM: Altimeter [m]
# name 11 = latitude: Latitude [deg]
# name 12 = longitude: Longitude [deg]
# name 13 = sbox0dV/dT: Oxygen, SBE 43 [dov/dt]
# name 14 = sbox1dV/dT: Oxygen, SBE 43, 2 [dov/dt]
# name 15 = nbf: Bottles Fired
# name 16 = flag:  0.000e+00
# interval = seconds: 0.0416667
# start_time = Oct 19 2021 07:34:17 [NMEA time, header]
# bad_flag = -9.990e-29
*END*
[from data line 341]
      14975    623.917      9.955     10.021    28.5946    28.5948   5.834016   5.834239     3.0989     2.6239      21.07   26.87898  -82.88868   -0.00040    0.00154          3  0.000e+00
      14976    623.958     10.002     10.068    28.5943    28.5948   5.833945   5.834239     3.1001     2.6239      21.07   26.87898  -82.88868   -0.00038    0.00153          3  0.000e+00
      14977    624.000      9.955     10.021    28.5942    28.5946   5.833969   5.834199     3.0989     2.6239      21.10   26.87898  -82.88868   -0.00038    0.00154          3  0.000e+00
      14978    624.042     10.002     10.068    28.5945    28.5948   5.833953   5.834215     3.0989     2.6239      21.15   26.87898  -82.88868   -0.00040    0.00155          3  0.000e+00
      14979    624.083      9.955     10.021    28.5942    28.5946   5.833961   5.834199     3.1001     2.6239      21.17   26.87898  -82.88868   -0.00040    0.00154          3  0.000e+00
      14980    624.125      9.955     10.021    28.5942    28.5949   5.833945   5.834150     3.0989     2.6239      21.17   26.87898  -82.88868   -0.00041    0.00152          3  0.000e+00
      14981    624.167     10.002     10.068    28.5942    28.5945   5.833977   5.834215     3.1001     2.6239      21.17   26.87898  -82.88868   -0.00041    0.00153          3  0.000e+00
      14982    624.208      9.907      9.973    28.5942    28.5948   5.833937   5.834199     3.1001     2.6239      21.17   26.87898  -82.88868   -0.00041    0.00153          3  0.000e+00
      14983    624.250     10.002     10.068    28.5942    28.5948   5.833937   5.834191     3.0989     2.6239      21.17   26.87898  -82.88868   -0.00043    0.00152          3  0.000e+00
      14984    624.292      9.955     10.021    28.5939    28.5946   5.833977   5.834191     3.1001     2.6227      21.17   26.87898  -82.88868   -0.00042    0.00150          3  0.000e+00
      14985    624.333      9.955     10.021    28.5940    28.5945   5.833937   5.834247     3.0989     2.6227      21.17   26.87898  -82.88868   -0.00044    0.00148          3  0.000e+00
      14986    624.375      9.954     10.021    28.5937    28.5948   5.833897   5.834207     3.1001     2.6227      21.17   26.87898  -82.88868   -0.00044    0.00144          3  0.000e+00
      14987    624.417      9.907      9.973    28.5940    28.5946   5.833897   5.834191     3.1001     2.6227      21.17   26.87898  -82.88868   -0.00044    0.00139          3  0.000e+00
      14988    624.458      9.954     10.021    28.5935    28.5945   5.833913   5.834191     3.0989     2.6227      21.17   26.87898  -82.88868   -0.00045    0.00135          3  0.000e+00
      14989    624.500      9.954     10.021    28.5936    28.5948   5.833937   5.834223     3.1001     2.6227      21.17   26.87898  -82.88868   -0.00045    0.00130          3  0.000e+00
      14990    624.542      9.907      9.973    28.5938    28.5946   5.833905   5.834199     3.1001     2.6227      21.17   26.87898  -82.88868   -0.00046    0.00125          3  0.000e+00
      14991    624.583      9.954     10.021    28.5937    28.5945   5.833945   5.834191     3.1001     2.6227      21.17   26.87898  -82.88868   -0.00046    0.00122          3  0.000e+00
      14992    624.625      9.907      9.973    28.5938    28.5946   5.833913   5.834174     3.1001     2.6227      21.17   26.87898  -82.88868   -0.00046    0.00119          3  0.000e+00
      14993    624.667      9.954     10.020    28.5937    28.5948   5.833929   5.834183     3.1001     2.6227      21.17   26.87898  -82.88868   -0.00046    0.00115          3  0.000e+00
      14994    624.708      9.907      9.973    28.5938    28.5945   5.833992   5.834150     3.1001     2.6227      21.17   26.87898  -82.88868   -0.00046    0.00111          3  0.000e+00
      14995    624.750      9.907      9.973    28.5939    28.5945   5.833921   5.834215     3.1001     2.6227      21.17   26.87898  -82.88868   -0.00045    0.00108          3  0.000e+00
      14996    624.792      9.907      9.973    28.5940    28.5946   5.833929   5.834199     3.1013     2.6215      21.17   26.87898  -82.88868   -0.00043    0.00104          3  0.000e+00
      14997    624.833      9.907      9.973    28.5937    28.5945   5.833921   5.834191     3.1001     2.6215      21.17   26.87898  -82.88868   -0.00043    0.00100          3  0.000e+00
      14998    624.875      9.907      9.973    28.5938    28.5945   5.833897   5.834191     3.1001     2.6215      21.17   26.87898  -82.88868   -0.00043    0.00097          3  0.000e+00
      14999    624.917      9.907      9.973    28.5936    28.5945   5.833929   5.834174     3.1013     2.6215      21.17   26.87898  -82.88868   -0.00041    0.00095          3  0.000e+00
      15000    624.958      9.907      9.973    28.5939    28.5946   5.833992   5.834223     3.1001     2.6215      21.17   26.87898  -82.88868   -0.00041    0.00093          3  0.000e+00
      15001    625.000      9.853      9.918    28.5938    28.5946   5.833961   5.834166     3.1001     2.6203      21.17   26.87898  -82.88868   -0.00041    0.00088          3  0.000e+00
      15002    625.042      9.907      9.973    28.5937    28.5945   5.833945   5.834174     3.1001     2.6203      21.20   26.87898  -82.88868   -0.00039    0.00086          3  0.000e+00
      15003    625.083      9.907      9.973    28.5936    28.5945   5.833890   5.834191     3.1001     2.6203      21.20   26.87898  -82.88868   -0.00039    0.00082          3  0.000e+00
      15004    625.125      9.853      9.918    28.5937    28.5945   5.833961   5.834190     3.1001     2.6203      21.20   26.87898  -82.88868   -0.00037    0.00078          3  0.000e+00
      15005    625.167      9.907      9.973    28.5938    28.5945   5.833921   5.834150     3.1001     2.6203      21.20   26.87898  -82.88868   -0.00035    0.00076          3  0.000e+00
      15006    625.208      9.853      9.918    28.5935    28.5946   5.833874   5.834199     3.1001     2.6203      21.20   26.87898  -82.88868   -0.00035    0.00073          3  0.000e+00
      15007    625.250      9.853      9.918    28.5938    28.5945   5.833889   5.834199     3.1001     2.6190      21.20   26.87898  -82.88868   -0.00033    0.00069          3  0.000e+00
      15008    625.292      9.853      9.918    28.5936    28.5945   5.833858   5.834190     3.1001     2.6190      21.20   26.87898  -82.88868   -0.00031    0.00065          3  0.000e+00
      15009    625.333      9.853      9.918    28.5937    28.5945   5.833882   5.834150     3.1001     2.6190      21.20   26.87898  -82.88868   -0.00028    0.00060          3  0.000e+00
      15010    625.375      9.853      9.918    28.5938    28.5945   5.833913   5.834142     3.1001     2.6190      21.20   26.87898  -82.88868   -0.00026    0.00054          3  0.000e+00
      15011    625.417      9.853      9.918    28.5935    28.5943   5.833937   5.834174     3.1001     2.6190      21.20   26.87898  -82.88868   -0.00024    0.00048          3  0.000e+00
      15012    625.458      9.853      9.918    28.5938    28.5945   5.833905   5.834118     3.1001     2.6190      21.20   26.87898  -82.88868   -0.00022    0.00043          3  0.000e+00
      15013    625.500      9.853      9.918    28.5937    28.5945   5.833913   5.834118     3.1001     2.6190      21.20   26.87898  -82.88868   -0.00021    0.00037          3  0.000e+00
      15014    625.542      9.853      9.918    28.5936    28.5946   5.833897   5.834174     3.1001     2.6190      21.20   26.87898  -82.88868   -0.00019    0.00032          3  0.000e+00
      15015    625.583      9.853      9.918    28.5939    28.5945   5.833929   5.834150     3.1001     2.6190      21.20   26.87898  -82.88868   -0.00017    0.00027          3  0.000e+00
      15016    625.625      9.853      9.918    28.5936    28.5945   5.833921   5.834215     3.1001     2.6178      21.20   26.87898  -82.88868   -0.00015    0.00019          3  0.000e+00
      15017    625.667      9.805      9.870    28.5938    28.5945   5.833969   5.834166     3.1001     2.6190      21.20   26.87898  -82.88868   -0.00012    0.00014          3  0.000e+00
      15018    625.708      9.853      9.918    28.5937    28.5946   5.833882   5.834215     3.1001     2.6178      21.20   26.87898  -82.88868   -0.00012    0.00007          3  0.000e+00
      15019    625.750      9.853      9.918    28.5936    28.5945   5.833897   5.834166     3.1001     2.6178      21.20   26.87898  -82.88868   -0.00009 5.2753e-07          3  0.000e+00
      15020    625.792      9.805      9.870    28.5939    28.5945   5.833897   5.834166     3.1001     2.6178      21.20   26.87898  -82.88868   -0.00007   -0.00007          3  0.000e+00
      15021    625.833      9.853      9.918    28.5938    28.5945   5.833929   5.834182     3.1001     2.6178      21.20   26.87898  -82.88868   -0.00005   -0.00014          3  0.000e+00
      15022    625.875      9.805      9.870    28.5937    28.5948   5.833961   5.834190     3.1001     2.6178      21.20   26.87898  -82.88868   -0.00002   -0.00020          3  0.000e+00
      15023    625.917      9.853      9.918    28.5936    28.5945   5.833874   5.834223     3.1001     2.6178      21.20   26.87898  -82.88868    0.00000   -0.00027          3  0.000e+00
      15024    625.958      9.853      9.918    28.5939    28.5946   5.833953   5.834199     3.1001     2.6166      21.20   26.87898  -82.88868    0.00003   -0.00035          3  0.000e+00
      15025    626.000      9.805      9.870    28.5936    28.5946   5.833937   5.834150     3.0989     2.6166      21.20   26.87898  -82.88868    0.00004   -0.00042          3  0.000e+00
      15026    626.042      9.853      9.918    28.5936    28.5945   5.833937   5.834215     3.0989     2.6178      21.22   26.87898  -82.88868    0.00003   -0.00048          3  0.000e+00
      15027    626.083      9.853      9.918    28.5941    28.5945   5.833945   5.834223     3.1001     2.6178      21.22   26.87898  -82.88868    0.00006   -0.00055          3  0.000e+00
      15028    626.125      9.805      9.870    28.5938    28.5945   5.833961   5.834158     3.1001     2.6178      21.22   26.87898  -82.88868    0.00008   -0.00061          3  0.000e+00
      15029    626.167      9.853      9.918    28.5939    28.5945   5.833913   5.834174     3.0989     2.6190      21.22   26.87898  -82.88868    0.00008   -0.00065          3  0.000e+00
      15030    626.208      9.853      9.918    28.5938    28.5946   5.833929   5.834190     3.1001     2.6190      21.22   26.87898  -82.88868    0.00009   -0.00070          3  0.000e+00
      15031    626.250      9.853      9.918    28.5937    28.5945   5.833921   5.834150     3.0989     2.6190      21.22   26.87898  -82.88868    0.00008   -0.00074          3  0.000e+00
      15032    626.292      9.853      9.918    28.5934    28.5945   5.833897   5.834215     3.0989     2.6190      21.22   26.87898  -82.88868    0.00007   -0.00078          3  0.000e+00
      16286    678.542      3.553      3.577    28.5834    28.5867   5.832628   5.833169     3.1001     2.6215      27.16   26.87896  -82.88868   -0.00013   -0.00039          4  0.000e+00
      16287    678.583      3.553      3.577    28.5834    28.5873   5.832644   5.833209     3.1013     2.6215      27.16   26.87896  -82.88868   -0.00018   -0.00035          4  0.000e+00
      16288    678.625      3.607      3.631    28.5839    28.5867   5.832684   5.833153     3.1013     2.6227      27.16   26.87896  -82.88868   -0.00022   -0.00030          4  0.000e+00
      16289    678.667      3.804      3.829    28.5844    28.5862   5.832771   5.833097     3.1013     2.6227      27.16   26.87896  -82.88868   -0.00025   -0.00024          4  0.000e+00
      16290    678.708      3.655      3.679    28.5843    28.5863   5.832708   5.833089     3.1001     2.6227      27.16   26.87896  -82.88868   -0.00031   -0.00018          4  0.000e+00
      16291    678.750      3.702      3.727    28.5843    28.5860   5.832660   5.833049     3.1013     2.6227      27.16   26.87896  -82.88868   -0.00034   -0.00012          4  0.000e+00
      16292    678.792      3.702      3.727    28.5843    28.5863   5.832652   5.833041     3.1001     2.6227      27.16   26.87896  -82.88868   -0.00040   -0.00007          4  0.000e+00
      16293    678.833      3.702      3.727    28.5835    28.5858   5.832597   5.833041     3.1013     2.6227      27.16   26.87896  -82.88868   -0.00043    0.00001          4  0.000e+00
      16294    678.875      3.756      3.781    28.5830    28.5858   5.832597   5.833041     3.1013     2.6227      27.16   26.87896  -82.88868   -0.00047    0.00007          4  0.000e+00
      16295    678.917      3.702      3.727    28.5830    28.5862   5.832605   5.833073     3.1013     2.6227      27.16   26.87896  -82.88868   -0.00051    0.00012          4  0.000e+00
      16296    678.958      3.756      3.781    28.5837    28.5869   5.832621   5.833113     3.1013     2.6227      27.16   26.87896  -82.88868   -0.00054    0.00018          4  0.000e+00
      16297    679.000      3.756      3.781    28.5841    28.5871   5.832715   5.833129     3.1013     2.6227      27.16   26.87896  -82.88868   -0.00058    0.00024          4  0.000e+00
      16298    679.042      3.702      3.727    28.5841    28.5874   5.832676   5.833137     3.1013     2.6227      27.13   26.87896  -82.88868   -0.00060    0.00030          4  0.000e+00
      16299    679.083      3.804      3.829    28.5841    28.5874   5.832628   5.833137     3.1013     2.6227      27.13   26.87896  -82.88868   -0.00062    0.00036          4  0.000e+00
      16300    679.125      3.702      3.727    28.5843    28.5874   5.832676   5.833209     3.1013     2.6227      27.13   26.87896  -82.88868   -0.00063    0.00041          4  0.000e+00
      16301    679.167      3.756      3.781    28.5841    28.5873   5.832660   5.833193     3.1013     2.6215      27.13   26.87896  -82.88868   -0.00065    0.00044          4  0.000e+00
      16302    679.208      3.803      3.829    28.5846    28.5871   5.832795   5.833113     3.1013     2.6215      27.13   26.87896  -82.88868   -0.00067    0.00048          4  0.000e+00
      16303    679.250      3.756      3.781    28.5856    28.5869   5.832866   5.833121     3.1013     2.6215      27.13   26.87896  -82.88868   -0.00068    0.00052          4  0.000e+00
      16304    679.292      3.756      3.781    28.5863    28.5870   5.832882   5.833161     3.1013     2.6203      27.13   26.87896  -82.88868   -0.00070    0.00052          4  0.000e+00
      16305    679.333      3.756      3.781    28.5867    28.5869   5.832961   5.833145     3.1013     2.6203      27.13   26.87896  -82.88868   -0.00072    0.00051          4  0.000e+00
      16306    679.375      3.803      3.829    28.5874    28.5869   5.833040   5.833169     3.1013     2.6215      27.13   26.87896  -82.88868   -0.00073    0.00052          4  0.000e+00
      16307    679.417      3.756      3.781    28.5880    28.5869   5.833111   5.833185     3.1013     2.6203      27.13   26.87896  -82.88868   -0.00075    0.00050          4  0.000e+00
      16308    679.458      3.749      3.774    28.5877    28.5869   5.833056   5.833145     3.1013     2.6203      27.13   26.87896  -82.88868   -0.00076    0.00049          4  0.000e+00
      16309    679.500      3.851      3.876    28.5874    28.5871   5.832945   5.833169     3.1001     2.6215      27.13   26.87896  -82.88868   -0.00080    0.00050          4  0.000e+00
      16310    679.542      3.756      3.781    28.5868    28.5869   5.832858   5.833185     3.1013     2.6215      27.13   26.87896  -82.88868   -0.00081    0.00050          4  0.000e+00
      16311    679.583      3.803      3.829    28.5861    28.5871   5.832802   5.833113     3.1013     2.6215      27.13   26.87896  -82.88868   -0.00082    0.00051          4  0.000e+00
