GOMECC/GOMECC-4/1db/rb2103_0122.ros
* Sea-Bird SBE 9 Data File:
* FileName = C:\Users\scs.user.rb\CTD\GOMECC4\data\rb2103_0122.hex
* Software Version Seasave V 7.26.7.107
* Temperature SN = 4799
* Conductivity SN = 3860
* Number of Bytes Per Scan = 41
* Number of Voltage Words = 4
* Number of Scans Averaged by the Deck Unit = 1
* NMEA Latitude = 26 39.93 N
* NMEA Longitude = 085 00.17 W
* NMEA UTC (Time) = Sep 18 2021  13:28:43
* NMEA baud rate = 4800
# nquan = 17
# nvalues = 3192                                  
# units = specified
# name 0 = scan: Scan Count
# name 1 = timeS: Time, Elapsed [seconds]
# name 2 = depSM: Depth [salt water, m]
# name 3 = prDM: Pressure, Digiquartz [db]
# name 4 = t090C: Temperature [ITS-90, deg C]
# name 5 = t190C: Temperature, 2 [ITS-90, deg C]
# name 6 = c0S/m: Conductivity [S/m]
# name 7 = c1S/m: Conductivity, 2 [S/m]
# name 8 = sbeox0V: Oxygen raw, SBE 43 [V]
# name 9 = sbeox1V: Oxygen raw, SBE 43, 2 [V]
# name 10 = altM: Altimeter [m]
# name 11 = latitude: Latitude [deg]
# name 12 = longitude: Longitude [deg]
# name 13 = sbox0dV/dT: Oxygen, SBE 43 [dov/dt]
# name 14 = sbox1dV/dT: Oxygen, SBE 43, 2 [dov/dt]
# name 15 = nbf: Bottles Fired
# name 16 = flag:  0.000e+00
# interval = seconds: 0.0416667
# start_time = Sep 18 2021 13:28:43 [NMEA time, header]
# bad_flag = -9.990e-29
*END*
[from data line 1107]
     164444   6851.792   1386.899   1400.739     4.3950     4.3955   3.349554   3.349527     1.9316     1.6154     100.00   26.66158  -85.01088   -0.00005    0.00002          9  0.000e+00
     164445   6851.833   1386.837   1400.677     4.3950     4.3955   3.349580   3.349539     1.9316     1.6154     100.00   26.66158  -85.01088   -0.00005    0.00001          9  0.000e+00
     164446   6851.875   1386.899   1400.739     4.3950     4.3958   3.349599   3.349514     1.9316     1.6154     100.00   26.66158  -85.01088   -0.00005    0.00001          9  0.000e+00
     164447   6851.917   1386.807   1400.646     4.3950     4.3955   3.349561   3.349507     1.9316     1.6154     100.00   26.66158  -85.01088   -0.00004    0.00001          9  0.000e+00
     164448   6851.958   1386.899   1400.739     4.3950     4.3955   3.349567   3.349507     1.9316     1.6154     100.00   26.66158  -85.01088   -0.00003    0.00001          9  0.000e+00
     164449   6852.000   1386.837   1400.677     4.3946     4.3957   3.349573   3.349507     1.9316     1.6154     100.00   26.66158  -85.01088   -0.00003    0.00001          9  0.000e+00
     164450   6852.042   1386.784   1400.622     4.3951     4.3957   3.349573   3.349507     1.9316     1.6154     100.00   26.66158  -85.01088   -0.00002    0.00001          9  0.000e+00
     164451   6852.083   1386.838   1400.677     4.3951     4.3957   3.349573   3.349507     1.9316     1.6154     100.00   26.66158  -85.01088   -0.00003    0.00000          9  0.000e+00
     164452   6852.125   1386.807   1400.646     4.3950     4.3958   3.349617   3.349527     1.9316     1.6154     100.00   26.66158  -85.01088   -0.00004    0.00000          9  0.000e+00
     164453   6852.167   1386.784   1400.622     4.3951     4.3955   3.349586   3.349514     1.9328     1.6154     100.00   26.66158  -85.01088   -0.00003 8.7921e-07          9  0.000e+00
     164454   6852.208   1386.838   1400.677     4.3951     4.3957   3.349573   3.349527     1.9316     1.6154     100.00   26.66158  -85.01088   -0.00003 -8.792e-07          9  0.000e+00
     164455   6852.250   1386.784   1400.622     4.3950     4.3958   3.349599   3.349539     1.9316     1.6154     100.00   26.66158  -85.01088   -0.00002   -0.00000          9  0.000e+00
     164456   6852.292   1386.784   1400.622     4.3950     4.3957   3.349586   3.349514     1.9328     1.6154     100.00   26.66158  -85.01088   -0.00001   -0.00000          9  0.000e+00
     164457   6852.333   1386.753   1400.591     4.3950     4.3957   3.349599   3.349527     1.9316     1.6154     100.00   26.66158  -85.01088   -0.00000   -0.00001          9  0.000e+00
     164458   6852.375   1386.722   1400.560     4.3951     4.3958   3.349586   3.349514     1.9316     1.6166     100.00   26.66158  -85.01088    0.00001    0.00001          9  0.000e+00
     164459   6852.417   1386.722   1400.560     4.3950     4.3958   3.349599   3.349527     1.9328     1.6154     100.00   26.66158  -85.01088    0.00002    0.00001          9  0.000e+00
     164460   6852.458   1386.722   1400.560     4.3953     4.3958   3.349580   3.349539     1.9316     1.6154     100.00   26.66158  -85.01088    0.00001    0.00001          9  0.000e+00
     164461   6852.500   1386.722   1400.560     4.3955     4.3958   3.349573   3.349539     1.9316     1.6154     100.00   26.66158  -85.01088    0.00000    0.00000          9  0.000e+00
     164462   6852.542   1386.692   1400.529     4.3955     4.3958   3.349598   3.349539     1.9316     1.6154     100.00   26.66158  -85.01088   -0.00000    0.00000          9  0.000e+00
     164463   6852.583   1386.669   1400.506     4.3953     4.3958   3.349586   3.349514     1.9316     1.6154     100.00   26.66158  -85.01088   -0.00001   -0.00000          9  0.000e+00
     164464   6852.625   1386.669   1400.506     4.3953     4.3958   3.349598   3.349546     1.9316     1.6154     100.00   26.66158  -85.01088   -0.00002   -0.00000          9  0.000e+00
     164465   6852.667   1386.669   1400.506     4.3953     4.3958   3.349586   3.349546     1.9316     1.6154     100.00   26.66158  -85.01088   -0.00002   -0.00001          9  0.000e+00
     164466   6852.708   1386.607   1400.443     4.3953     4.3958   3.349580   3.349539     1.9316     1.6154     100.00   26.66158  -85.01088   -0.00003   -0.00001          9  0.000e+00
     164467   6852.750   1386.638   1400.475     4.3951     4.3957   3.349548   3.349514     1.9316     1.6154     100.00   26.66158  -85.01088   -0.00002   -0.00001          9  0.000e+00
     164468   6852.792   1386.607   1400.444     4.3951     4.3955   3.349586   3.349507     1.9316     1.6154     100.00   26.66158  -85.01088   -0.00003   -0.00001          9  0.000e+00
     164469   6852.833   1386.553   1400.389     4.3951     4.3955   3.349554   3.349507     1.9316     1.6154     100.00   26.66158  -85.01088   -0.00003   -0.00001          9  0.000e+00
     164470   6852.875   1386.607   1400.444     4.3953     4.3954   3.349567   3.349507     1.9316     1.6154     100.00   26.66158  -85.01088   -0.00004   -0.00002          9  0.000e+00
     164471   6852.917   1386.553   1400.389     4.3953     4.3957   3.349573   3.349482     1.9316     1.6154     100.00   26.66158  -85.01088   -0.00005   -0.00002          9  0.000e+00
     164472   6852.958   1386.577   1400.412     4.3950     4.3957   3.349554   3.349495     1.9316     1.6154     100.00   26.66158  -85.01088   -0.00004   -0.00002          9  0.000e+00
     164473   6853.000   1386.492   1400.327     4.3953     4.3955   3.349567   3.349507     1.9316     1.6154     100.00   26.66158  -85.01088   -0.00002   -0.00002          9  0.000e+00
     164474   6853.042   1386.554   1400.389     4.3952     4.3955   3.349573   3.349526     1.9328     1.6154     100.00   26.66158  -85.01088   -0.00001   -0.00002          9  0.000e+00
     164475   6853.083   1386.492   1400.327     4.3953     4.3957   3.349573   3.349463     1.9328     1.6154     100.00   26.66158  -85.01088   -0.00000   -0.00003          9  0.000e+00
     164476   6853.125   1386.492   1400.327     4.3951     4.3955   3.349598   3.349463     1.9328     1.6154     100.00   26.66158  -85.01088    0.00001   -0.00003          9  0.000e+00
     164477   6853.167   1386.523   1400.358     4.3953     4.3957   3.349561   3.349494     1.9328     1.6154     100.00   26.66158  -85.01088    0.00002   -0.00003          9  0.000e+00
     164478   6853.208   1386.438   1400.272     4.3951     4.3955   3.349567   3.349507     1.9316     1.6154     100.00   26.66158  -85.01088    0.00001   -0.00003          9  0.000e+00
     164479   6853.250   1386.492   1400.327     4.3950     4.3955   3.349573   3.349507     1.9316     1.6154     100.00   26.66158  -85.01088    0.00001   -0.00003          9  0.000e+00
     164480   6853.292   1386.377   1400.210     4.3953     4.3957   3.349554   3.349526     1.9316     1.6154     100.00   26.66158  -85.01088    0.00002   -0.00004          9  0.000e+00
     164481   6853.333   1386.461   1400.296     4.3950     4.3955   3.349586   3.349514     1.9316     1.6154     100.00   26.66158  -85.01088    0.00001   -0.00004          9  0.000e+00
     164482   6853.375   1386.377   1400.210     4.3948     4.3955   3.349586   3.349526     1.9316     1.6154     100.00   26.66158  -85.01088    0.00000   -0.00004          9  0.000e+00
     164483   6853.417   1386.438   1400.272     4.3953     4.3958   3.349573   3.349539     1.9316     1.6154     100.00   26.66158  -85.01088   -0.00001   -0.00004          9  0.000e+00
     164484   6853.458   1386.377   1400.210     4.3953     4.3957   3.349554   3.349514     1.9316     1.6154     100.00   26.66158  -85.01088   -0.00001   -0.00005          9  0.000e+00
     164485   6853.500   1386.377   1400.210     4.3951     4.3957   3.349567   3.349507     1.9316     1.6154     100.00   26.66158  -85.01088   -0.00002   -0.00005          9  0.000e+00
     164486   6853.542   1386.346   1400.179     4.3951     4.3957   3.349573   3.349507     1.9316     1.6154     100.00   26.66158  -85.01088   -0.00003   -0.00005          9  0.000e+00
     164487   6853.583   1386.377   1400.210     4.3950     4.3955   3.349573   3.349507     1.9316     1.6166     100.00   26.66158  -85.01088   -0.00003   -0.00003          9  0.000e+00
     164488   6853.625   1386.316   1400.148     4.3953     4.3958   3.349573   3.349507     1.9316     1.6154     100.00   26.66158  -85.01088   -0.00004   -0.00004          9  0.000e+00
     164489   6853.667   1386.316   1400.148     4.3948     4.3956   3.349554   3.349526     1.9316     1.6166     100.00   26.66158  -85.01088   -0.00003   -0.00000          9  0.000e+00
     164490   6853.708   1386.377   1400.210     4.3950     4.3957   3.349567   3.349488     1.9316     1.6154     100.00   26.66158  -85.01088   -0.00002    0.00001          9  0.000e+00
     164491   6853.750   1386.285   1400.117     4.3953     4.3957   3.349554   3.349494     1.9316     1.6154     100.00   26.66158  -85.01088   -0.00001    0.00001          9  0.000e+00
     164492   6853.792   1386.316   1400.148     4.3951     4.3960   3.349567   3.349482     1.9316     1.6154     100.00   26.66158  -85.01088   -0.00001    0.00001          9  0.000e+00
     164493   6853.833   1386.316   1400.148     4.3951     4.3955   3.349529   3.349494     1.9316     1.6154     100.00   26.66158  -85.01088   -0.00002    0.00000          9  0.000e+00
     164494   6853.875   1386.262   1400.094     4.3951     4.3958   3.349554   3.349482     1.9316     1.6154     100.00   26.66158  -85.01088   -0.00003    0.00000          9  0.000e+00
     164495   6853.917   1386.316   1400.148     4.3950     4.3957   3.349573   3.349475     1.9316     1.6154     100.00   26.66158  -85.01088   -0.00003 7.0337e-07          9  0.000e+00
     164496   6853.958   1386.285   1400.117     4.3950     4.3957   3.349554   3.349475     1.9328     1.6154     100.00   26.66158  -85.01088   -0.00000   -0.00000          9  0.000e+00
     164497   6854.000   1386.316   1400.148     4.3950     4.3958   3.349567   3.349475     1.9316     1.6154      88.52   26.66158  -85.01088    0.00001    0.00001          9  0.000e+00
     164498   6854.042   1386.316   1400.148     4.3950     4.3955   3.349554   3.349520     1.9328     1.6154      47.89   26.66158  -85.01088    0.00002    0.00001          9  0.000e+00
     164499   6854.083   1386.262   1400.094     4.3948     4.3958   3.349542   3.349488     1.9316     1.6154      31.48   26.66158  -85.01088    0.00002    0.00001          9  0.000e+00
     164500   6854.125   1386.285   1400.117     4.3955     4.3955   3.349567   3.349494     1.9328     1.6154      31.06   26.66158  -85.01088    0.00003    0.00001          9  0.000e+00
     164501   6854.167   1386.316   1400.148     4.3948     4.3957   3.349573   3.349507     1.9328     1.6154      33.04   26.66158  -85.01088    0.00004    0.00001          9  0.000e+00
     164502   6854.208   1386.262   1400.094     4.3953     4.3957   3.349554   3.349507     1.9328     1.6154      33.80   26.66158  -85.01088    0.00005    0.00001          9  0.000e+00
     164503   6854.250   1386.316   1400.148     4.3950     4.3957   3.349611   3.349507     1.9328     1.6154      33.80   26.66158  -85.01088    0.00006    0.00000          9  0.000e+00
     164504   6854.292   1386.316   1400.148     4.3953     4.3957   3.349586   3.349482     1.9316     1.6166      33.70   26.66158  -85.01088    0.00005    0.00002          9  0.000e+00
     164505   6854.333   1386.285   1400.117     4.3951     4.3958   3.349592   3.349494     1.9316     1.6166      33.68   26.66158  -85.01088    0.00004    0.00003          9  0.000e+00
     164506   6854.375   1386.316   1400.148     4.3951     4.3955   3.349579   3.349526     1.9316     1.6154      33.68   26.66158  -85.01088    0.00004    0.00003          9  0.000e+00
     164507   6854.417   1386.262   1400.094     4.3950     4.3957   3.349573   3.349514     1.9316     1.6154      33.65   26.66158  -85.01088    0.00003    0.00003          9  0.000e+00
     164508   6854.458   1386.316   1400.149     4.3951     4.3957   3.349573   3.349507     1.9316     1.6154      33.68   26.66158  -85.01088    0.00002    0.00003          9  0.000e+00
     164509   6854.500   1386.378   1400.211     4.3949     4.3957   3.349554   3.349526     1.9316     1.6154      33.68   26.66158  -85.01088    0.00001    0.00002          9  0.000e+00
     164510   6854.542   1386.347   1400.180     4.3951     4.3957   3.349567   3.349514     1.9316     1.6154      33.68   26.66158  -85.01088    0.00001    0.00002          9  0.000e+00
     164511   6854.583   1386.316   1400.149     4.3948     4.3957   3.349548   3.349507     1.9316     1.6166      33.68   26.66158  -85.01088    0.00002    0.00004          9  0.000e+00
     164512   6854.625   1386.378   1400.211     4.3950     4.3957   3.349523   3.349482     1.9316     1.6154      33.68   26.66158  -85.01088    0.00001    0.00003          9  0.000e+00
     164513   6854.667   1386.378   1400.211     4.3946     4.3953   3.349554   3.349494     1.9316     1.6166      33.68   26.66158  -85.01088    0.00000    0.00007          9  0.000e+00
     164514   6854.708   1386.232   1400.063     4.3946     4.3955   3.349529   3.349526     1.9316     1.6154      33.68   26.66158  -85.01088   -0.00000    0.00006          9  0.000e+00
     164515   6854.750   1386.555   1400.390     4.3946     4.3955   3.349535   3.349514     1.9316     1.6154      33.68   26.66158  -85.01088   -0.00001    0.00006          9  0.000e+00
     164516   6854.792   1386.378   1400.211     4.3948     4.3955   3.349567   3.349507     1.9316     1.6154      33.68   26.66158  -85.01088 1.7584e-07    0.00006          9  0.000e+00
     164517   6854.833   1386.439   1400.273     4.3946     4.3955   3.349554   3.349507     1.9328     1.6154      33.70   26.66158  -85.01088    0.00003    0.00006          9  0.000e+00
     164518   6854.875   1386.378   1400.211     4.3948     4.3955   3.349542   3.349507     1.9316     1.6154      33.68   26.66158  -85.01088    0.00002    0.00005          9  0.000e+00
     164519   6854.917   1386.462   1400.297     4.3945     4.3953   3.349567   3.349507     1.9328     1.6166      33.68   26.66158  -85.01088    0.00003    0.00007          9  0.000e+00
     164520   6854.958   1386.493   1400.328     4.3946     4.3955   3.349548   3.349507     1.9316     1.6154      33.68   26.66158  -85.01088    0.00003    0.00006          9  0.000e+00
     164521   6855.000   1386.439   1400.274     4.3945     4.3955   3.349567   3.349526     1.9328     1.6154      65.74   26.66158  -85.01088    0.00004    0.00006          9  0.000e+00
     164522   6855.042   1386.493   1400.328     4.3948     4.3953   3.349573   3.349514     1.9328     1.6166      96.70   26.66158  -85.01088    0.00005    0.00008          9  0.000e+00
     164523   6855.083   1386.493   1400.328     4.3948     4.3957   3.349592   3.349482     1.9328     1.6154     100.00   26.66158  -85.01088    0.00006    0.00007          9  0.000e+00
     164524   6855.125   1386.524   1400.359     4.3951     4.3955   3.349605   3.349482     1.9328     1.6154     100.00   26.66158  -85.01088    0.00007    0.00007          9  0.000e+00
     164525   6855.167   1386.555   1400.390     4.3950     4.3953   3.349580   3.349526     1.9316     1.6154     100.00   26.66158  -85.01088    0.00006    0.00006          9  0.000e+00
     164526   6855.208   1386.493   1400.328     4.3950     4.3955   3.349573   3.349488     1.9316     1.6154     100.00   26.66158  -85.01088    0.00005    0.00006          9  0.000e+00
     164527   6855.250   1386.609   1400.445     4.3948     4.3954   3.349573   3.349495     1.9328     1.6154      99.98   26.66158  -85.01088    0.00006    0.00006          9  0.000e+00
