GOMECC/GOMECC-4/1db/rb2103_0401.ros
* Sea-Bird SBE 9 Data File:
* FileName = C:\Users\scs.user.rb\CTD\GOMECC4\data\rb2103_0401.hex
* Software Version Seasave V 7.26.7.107
* Temperature SN = 4799
* Conductivity SN = 3860
* Number of Bytes Per Scan = 41
* Number of Voltage Words = 4
* Number of Scans Averaged by the Deck Unit = 1
* NMEA Latitude = 27 54.62 N
* NMEA Longitude = 090 00.08 W
* NMEA UTC (Time) = Sep 25 2021  23:21:03
* NMEA baud rate = 4800
# nquan = 17
# nvalues = 2261                                  
# units = specified
# name 0 = scan: Scan Count
# name 1 = timeS: Time, Elapsed [seconds]
# name 2 = depSM: Depth [salt water, m]
# name 3 = prDM: Pressure, Digiquartz [db]
# name 4 = t090C: Temperature [ITS-90, deg C]
# name 5 = t190C: Temperature, 2 [ITS-90, deg C]
# name 6 = c0S/m: Conductivity [S/m]
# name 7 = c1S/m: Conductivity, 2 [S/m]
# name 8 = sbeox0V: Oxygen raw, SBE 43 [V]
# name 9 = sbeox1V: Oxygen raw, SBE 43, 2 [V]
# name 10 = altM: Altimeter [m]
# name 11 = latitude: Latitude [deg]
# name 12 = longitude: Longitude [deg]
# name 13 = sbox0dV/dT: Oxygen, SBE 43 [dov/dt]
# name 14 = sbox1dV/dT: Oxygen, SBE 43, 2 [dov/dt]
# name 15 = nbf: Bottles Fired
# name 16 = flag:  0.000e+00
# interval = seconds: 0.0416667
# start_time = Sep 25 2021 23:21:03 [NMEA time, header]
# bad_flag = -9.990e-29
*END*
[from data line 1958]
      83928   3496.958     10.084     10.151    28.5009    28.5037   5.851647   5.851998     3.1343     2.6667     100.00   27.91364  -90.00428   -0.00089   -0.00085         15  0.000e+00
      83929   3497.000     10.046     10.113    28.5009    28.5034   5.851687   5.851998     3.1343     2.6667     100.00   27.91364  -90.00428   -0.00090   -0.00083         15  0.000e+00
      83930   3497.042     10.084     10.151    28.5009    28.5029   5.851632   5.851942     3.1343     2.6667     100.00   27.91364  -90.00428   -0.00090   -0.00082         15  0.000e+00
      83931   3497.083     10.046     10.113    28.5008    28.5029   5.851608   5.851901     3.1343     2.6679     100.00   27.91364  -90.00428   -0.00089   -0.00078         15  0.000e+00
      83932   3497.125     10.084     10.151    28.5011    28.5029   5.851671   5.851950     3.1343     2.6667     100.00   27.91364  -90.00428   -0.00089   -0.00079         15  0.000e+00
      83933   3497.167     10.046     10.113    28.5011    28.5029   5.851624   5.851950     3.1343     2.6679     100.00   27.91364  -90.00428   -0.00090   -0.00075         15  0.000e+00
      83934   3497.208     10.084     10.151    28.5009    28.5028   5.851679   5.851966     3.1343     2.6679     100.00   27.91364  -90.00428   -0.00091   -0.00074         15  0.000e+00
      83935   3497.250     10.046     10.113    28.5012    28.5029   5.851655   5.851990     3.1343     2.6679     100.00   27.91364  -90.00428   -0.00091   -0.00070         15  0.000e+00
      83936   3497.292     10.031     10.098    28.5011    28.5031   5.851687   5.851974     3.1343     2.6679     100.00   27.91364  -90.00428   -0.00091   -0.00067         15  0.000e+00
      83937   3497.333     10.099     10.167    28.5011    28.5029   5.851703   5.851990     3.1343     2.6679     100.00   27.91364  -90.00428   -0.00093   -0.00064         15  0.000e+00
      83938   3497.375     10.031     10.098    28.5012    28.5031   5.851695   5.851974     3.1343     2.6667     100.00   27.91364  -90.00428   -0.00093   -0.00064         15  0.000e+00
      83939   3497.417     10.046     10.113    28.5011    28.5031   5.851695   5.851934     3.1343     2.6679     100.00   27.91364  -90.00428   -0.00094   -0.00062         15  0.000e+00
      83940   3497.458     10.084     10.151    28.5012    28.5032   5.851734   5.851974     3.1343     2.6667     100.00   27.91364  -90.00428   -0.00096   -0.00062         15  0.000e+00
      83941   3497.500     10.046     10.113    28.5012    28.5029   5.851703   5.851974     3.1355     2.6679     100.00   27.91364  -90.00428   -0.00097   -0.00060         15  0.000e+00
      83942   3497.542     10.084     10.151    28.5012    28.5031   5.851663   5.851990     3.1355     2.6667     100.00   27.91364  -90.00428   -0.00097   -0.00060         15  0.000e+00
      83943   3497.583     10.099     10.167    28.5009    28.5029   5.851687   5.852014     3.1355     2.6654     100.00   27.91364  -90.00428   -0.00096   -0.00060         15  0.000e+00
      83944   3497.625     10.031     10.098    28.5011    28.5032   5.851703   5.851966     3.1368     2.6679     100.00   27.91364  -90.00428   -0.00094   -0.00058         15  0.000e+00
      83945   3497.667     10.099     10.167    28.5012    28.5031   5.851727   5.851998     3.1368     2.6654     100.00   27.91364  -90.00428   -0.00092   -0.00060         15  0.000e+00
      83946   3497.708     10.084     10.151    28.5011    28.5032   5.851711   5.852038     3.1368     2.6654     100.00   27.91364  -90.00428   -0.00089   -0.00061         15  0.000e+00
      83947   3497.750     10.046     10.113    28.5012    28.5033   5.851703   5.852022     3.1368     2.6654     100.00   27.91364  -90.00428   -0.00087   -0.00063         15  0.000e+00
      83948   3497.792     10.084     10.152    28.5012    28.5034   5.851695   5.852038     3.1368     2.6679     100.00   27.91364  -90.00430   -0.00084   -0.00061         15  0.000e+00
      83949   3497.833     10.099     10.167    28.5012    28.5035   5.851734   5.852054     3.1368     2.6667     100.00   27.91364  -90.00430   -0.00084   -0.00060         15  0.000e+00
      83950   3497.875     10.084     10.152    28.5014    28.5037   5.851711   5.852046     3.1380     2.6654     100.00   27.91364  -90.00430   -0.00081   -0.00062         15  0.000e+00
      83951   3497.917     10.099     10.167    28.5014    28.5040   5.851695   5.852054     3.1380     2.6654     100.00   27.91364  -90.00430   -0.00077   -0.00063         15  0.000e+00
      83952   3497.958     10.084     10.152    28.5014    28.5042   5.851734   5.852118     3.1368     2.6679     100.00   27.91364  -90.00430   -0.00075   -0.00061         15  0.000e+00
      83953   3498.000     10.099     10.167    28.5014    28.5042   5.851711   5.852118     3.1380     2.6654     100.00   27.91364  -90.00430   -0.00069   -0.00062         15  0.000e+00
      83954   3498.042     10.084     10.152    28.5016    28.5044   5.851703   5.852134     3.1368     2.6679     100.00   27.91364  -90.00430   -0.00064   -0.00059         15  0.000e+00
      83955   3498.083     10.159     10.228    28.5012    28.5042   5.851695   5.852118     3.1368     2.6667     100.00   27.91364  -90.00430   -0.00062   -0.00059         15  0.000e+00
      83956   3498.125     10.084     10.152    28.5012    28.5037   5.851695   5.852022     3.1380     2.6679     100.00   27.91364  -90.00430   -0.00056   -0.00056         15  0.000e+00
      83957   3498.167     10.099     10.167    28.5012    28.5032   5.851663   5.851974     3.1380     2.6679     100.00   27.91364  -90.00430   -0.00049   -0.00054         15  0.000e+00
      83958   3498.208     10.137     10.205    28.5011    28.5026   5.851679   5.851990     3.1380     2.6679     100.00   27.91364  -90.00430   -0.00043   -0.00050         15  0.000e+00
      83959   3498.250     10.159     10.228    28.5012    28.5023   5.851735   5.851901     3.1380     2.6679     100.00   27.91364  -90.00430   -0.00039   -0.00046         15  0.000e+00
      83960   3498.292     10.137     10.205    28.5012    28.5022   5.851750   5.851893     3.1380     2.6679     100.00   27.91364  -90.00430   -0.00034   -0.00041         15  0.000e+00
      83961   3498.333     10.159     10.228    28.5012    28.5023   5.851742   5.851918     3.1380     2.6691     100.00   27.91364  -90.00430   -0.00030   -0.00037         15  0.000e+00
      83962   3498.375     10.197     10.266    28.5020    28.5022   5.851782   5.851902     3.1380     2.6691     100.00   27.91364  -90.00430   -0.00025   -0.00031         15  0.000e+00
      83963   3498.417     10.159     10.228    28.5022    28.5023   5.851798   5.851877     3.1380     2.6679     100.00   27.91364  -90.00430   -0.00023   -0.00029         15  0.000e+00
      83964   3498.458     10.137     10.205    28.5020    28.5022   5.851790   5.851926     3.1380     2.6691     100.00   27.91364  -90.00430   -0.00020   -0.00023         15  0.000e+00
      87254   3635.542      4.018      4.045    28.5027    28.5033   5.851390   5.851681     3.1368     2.6716     100.00   27.91384  -90.00446   -0.00029    0.00050         16  0.000e+00
      87255   3635.583      4.018      4.045    28.5027    28.5036   5.851390   5.851697     3.1368     2.6716     100.00   27.91384  -90.00446   -0.00032    0.00048         16  0.000e+00
      87256   3635.625      3.723      3.748    28.5025    28.5035   5.851406   5.851649     3.1368     2.6728      85.13   27.91384  -90.00446   -0.00035    0.00048         16  0.000e+00
      87257   3635.667      3.965      3.991    28.5022    28.5042   5.851414   5.851649     3.1368     2.6716      72.23   27.91384  -90.00446   -0.00038    0.00048         16  0.000e+00
      87258   3635.708      3.851      3.877    28.5020    28.5039   5.851367   5.851673     3.1368     2.6716      69.67   27.91384  -90.00446   -0.00041    0.00048         16  0.000e+00
      87259   3635.750      3.889      3.915    28.5020    28.5034   5.851359   5.851625     3.1368     2.6716      70.45   27.91384  -90.00446   -0.00044    0.00047         16  0.000e+00
      87260   3635.792      3.904      3.930    28.5016    28.5035   5.851367   5.851585     3.1368     2.6728      71.09   27.91384  -90.00446   -0.00047    0.00048         16  0.000e+00
      87261   3635.833      3.851      3.877    28.5014    28.5031   5.851248   5.851561     3.1368     2.6728      71.21   27.91384  -90.00446   -0.00050    0.00048         16  0.000e+00
      87262   3635.875      3.889      3.915    28.5011    28.5007   5.851256   5.851392     3.1368     2.6716      71.16   27.91384  -90.00446   -0.00053    0.00046         16  0.000e+00
      87263   3635.917      3.791      3.816    28.5007    28.4985   5.851232   5.851224     3.1368     2.6716      71.14   27.91384  -90.00446   -0.00055    0.00045         16  0.000e+00
      87264   3635.958      3.889      3.915    28.5001    28.4979   5.851224   5.851087     3.1368     2.6716      71.14   27.91384  -90.00446   -0.00058    0.00043         16  0.000e+00
      87265   3636.000      3.851      3.877    28.4996    28.4974   5.851177   5.851079     3.1368     2.6716      71.11   27.91384  -90.00446   -0.00061    0.00040         16  0.000e+00
      87266   3636.042      3.851      3.877    28.4989    28.4979   5.851097   5.851047     3.1368     2.6716      71.11   27.91384  -90.00446   -0.00063    0.00039         16  0.000e+00
      87267   3636.083      3.836      3.862    28.4987    28.4989   5.851081   5.851159     3.1355     2.6703      71.14   27.91384  -90.00446   -0.00068    0.00037         16  0.000e+00
      87268   3636.125      3.851      3.877    28.4983    28.4995   5.851034   5.851183     3.1368     2.6703      71.14   27.91384  -90.00446   -0.00072    0.00034         16  0.000e+00
      87269   3636.167      3.851      3.877    28.4980    28.4994   5.850994   5.851159     3.1368     2.6703      71.14   27.91384  -90.00446   -0.00075    0.00033         16  0.000e+00
      87270   3636.208      3.836      3.862    28.4970    28.4984   5.850947   5.851103     3.1380     2.6716      71.14   27.91384  -90.00446   -0.00076    0.00034         16  0.000e+00
      87271   3636.250      3.851      3.877    28.4970    28.4974   5.850852   5.851063     3.1368     2.6703      71.11   27.91384  -90.00446   -0.00080    0.00033         16  0.000e+00
      87272   3636.292      3.851      3.877    28.4972    28.4973   5.850907   5.851039     3.1368     2.6703      71.11   27.91384  -90.00446   -0.00084    0.00032         16  0.000e+00
      87273   3636.333      3.836      3.862    28.4970    28.4971   5.850868   5.851015     3.1380     2.6703      71.11   27.91384  -90.00446   -0.00085    0.00031         16  0.000e+00
      87274   3636.375      3.851      3.877    28.4967    28.4977   5.850828   5.851063     3.1380     2.6703      71.14   27.91384  -90.00446   -0.00086    0.00032         16  0.000e+00
      87275   3636.417      3.836      3.862    28.4963    28.4982   5.850836   5.851095     3.1392     2.6703      71.14   27.91384  -90.00446   -0.00085    0.00033         16  0.000e+00
      87276   3636.458      3.852      3.877    28.4959    28.4975   5.850725   5.851087     3.1392     2.6716      71.14   27.91384  -90.00446   -0.00084    0.00036         16  0.000e+00
      87277   3636.500      3.852      3.877    28.4945    28.4972   5.850614   5.851063     3.1392     2.6703      71.14   27.91384  -90.00446   -0.00083    0.00037         16  0.000e+00
      87278   3636.542      3.889      3.915    28.4939    28.4977   5.850559   5.851079     3.1380     2.6703      71.14   27.91384  -90.00446   -0.00084    0.00037         16  0.000e+00
      87279   3636.583      3.852      3.877    28.4935    28.4983   5.850511   5.851095     3.1392     2.6703      71.14   27.91384  -90.00446   -0.00083    0.00038         16  0.000e+00
      87280   3636.625      3.852      3.877    28.4930    28.4984   5.850495   5.851159     3.1392     2.6703      71.70   27.91384  -90.00446   -0.00083    0.00039         16  0.000e+00
      87281   3636.667      3.836      3.862    28.4930    28.4982   5.850495   5.851087     3.1392     2.6703      88.06   27.91384  -90.00446   -0.00082    0.00040         16  0.000e+00
      87282   3636.708      3.852      3.877    28.4932    28.4982   5.850432   5.851079     3.1392     2.6703      98.53   27.91384  -90.00446   -0.00081    0.00042         16  0.000e+00
      87283   3636.750      3.904      3.931    28.4934    28.4989   5.850432   5.851167     3.1392     2.6691     100.00   27.91384  -90.00446   -0.00079    0.00041         16  0.000e+00
      87284   3636.792      3.836      3.862    28.4936    28.4992   5.850488   5.851224     3.1392     2.6691      99.22   27.91386  -90.00446   -0.00076    0.00040         16  0.000e+00
      87285   3636.833      3.852      3.877    28.4936    28.4994   5.850464   5.851207     3.1392     2.6691      98.73   27.91386  -90.00446   -0.00074    0.00040         16  0.000e+00
      87286   3636.875      3.889      3.915    28.4930    28.4995   5.850448   5.851224     3.1392     2.6691      98.66   27.91386  -90.00446   -0.00071    0.00038         16  0.000e+00
      87287   3636.917      3.904      3.931    28.4932    28.4998   5.850448   5.851208     3.1392     2.6691      98.68   27.91386  -90.00446   -0.00069    0.00035         16  0.000e+00
      87288   3636.958      3.852      3.877    28.4932    28.4999   5.850456   5.851224     3.1392     2.6691      98.71   27.91386  -90.00446   -0.00066    0.00035         16  0.000e+00
      87289   3637.000      3.889      3.915    28.4930    28.5004   5.850448   5.851240     3.1380     2.6691      98.71   27.91386  -90.00446   -0.00066    0.00033         16  0.000e+00
      87290   3637.042      3.852      3.877    28.4934    28.5003   5.850448   5.851232     3.1392     2.6691      98.73   27.91386  -90.00446   -0.00063    0.00031         16  0.000e+00
      87291   3637.083      3.904      3.931    28.4941    28.5004   5.850527   5.851280     3.1392     2.6691      98.73   27.91386  -90.00446   -0.00061    0.00029         16  0.000e+00
      87292   3637.125      3.889      3.915    28.4943    28.5004   5.850575   5.851248     3.1380     2.6691      98.71   27.91386  -90.00446   -0.00060    0.00027         16  0.000e+00
      87293   3637.167      3.904      3.931    28.4941    28.5006   5.850559   5.851280     3.1380     2.6679      98.73   27.91386  -90.00446   -0.00059    0.00023         16  0.000e+00
      87294   3637.208      3.904      3.931    28.4943    28.5007   5.850583   5.851320     3.1380     2.6679      98.73   27.91386  -90.00446   -0.00058    0.00020         16  0.000e+00
      87295   3637.250      3.889      3.915    28.4941    28.5006   5.850551   5.851304     3.1380     2.6679      98.73   27.91386  -90.00446   -0.00057    0.00016         16  0.000e+00
      87296   3637.292      3.904      3.931    28.4941    28.5010   5.850583   5.851320     3.1380     2.6679      98.71   27.91386  -90.00446   -0.00056    0.00013         16  0.000e+00
      87297   3637.333      3.889      3.915    28.4943    28.5007   5.850598   5.851304     3.1368     2.6667      98.73   27.91386  -90.00446   -0.00057    0.00008         16  0.000e+00
      87298   3637.375      3.904      3.931    28.4943    28.5007   5.850591   5.851320     3.1380     2.6667      98.73   27.91386  -90.00446   -0.00056    0.00001         16  0.000e+00
      87299   3637.417      3.965      3.991    28.4947    28.5006   5.850662   5.851336     3.1380     2.6667      98.73   27.91386  -90.00446   -0.00053   -0.00006         16  0.000e+00
      87300   3637.458      3.889      3.915    28.4952    28.5004   5.850693   5.851328     3.1380     2.6654      98.73   27.91386  -90.00446   -0.00051   -0.00014         16  0.000e+00
