GOMECC/GOMECC-4/1db/rb2103_0661.cnv
* Sea-Bird SBE 9 Data File:
* FileName = C:\Users\scs.user.rb\CTD\GOMECC4\data\rb2103_0661.hex
* Software Version Seasave V 7.26.7.107
* Temperature SN = 4799
* Conductivity SN = 3860
* Number of Bytes Per Scan = 41
* Number of Voltage Words = 4
* Number of Scans Averaged by the Deck Unit = 1
* NMEA Latitude = 26 03.55 N
* NMEA Longitude = 096 04.91 W
* NMEA UTC (Time) = Oct 02 2021  23:29:35
* NMEA baud rate = 4800
# nquan = 28
# nvalues = 419                         
# units = specified
# name 0 = scan: Scan Count
# name 1 = timeS: Time, Elapsed [seconds]
# name 2 = depSM: Depth [salt water, m]
# name 3 = prDM: Pressure, Digiquartz [db]
# name 4 = t090C: Temperature [ITS-90, deg C]
# name 5 = t190C: Temperature, 2 [ITS-90, deg C]
# name 6 = c0S/m: Conductivity [S/m]
# name 7 = c1S/m: Conductivity, 2 [S/m]
# name 8 = sbeox0V: Oxygen raw, SBE 43 [V]
# name 9 = sbeox1V: Oxygen raw, SBE 43, 2 [V]
# name 10 = altM: Altimeter [m]
# name 11 = latitude: Latitude [deg]
# name 12 = longitude: Longitude [deg]
# name 13 = sbox0dV/dT: Oxygen, SBE 43 [dov/dt]
# name 14 = sbox1dV/dT: Oxygen, SBE 43, 2 [dov/dt]
# name 15 = sbeox0ML/L: Oxygen, SBE 43 [ml/l], WS = 5
# name 16 = sbeox1ML/L: Oxygen, SBE 43, 2 [ml/l], WS = 5
# name 17 = potemp090C: Potential Temperature [ITS-90, deg C]
# name 18 = potemp190C: Potential Temperature, 2 [ITS-90, deg C]
# name 19 = sal00: Salinity, Practical [PSU]
# name 20 = sal11: Salinity, Practical, 2 [PSU]
# name 21 = sigma-é00: Density [sigma-theta, kg/m^3]
# name 22 = sigma-é11: Density, 2 [sigma-theta, kg/m^3]
# name 23 = avgsvCM: Average Sound Velocity [Chen-Millero, m/s], minP = 20, minS = 20
# name 24 = sbox0Mm/Kg: Oxygen, SBE 43 [umol/kg], WS = 5
# name 25 = sbox1Mm/Kg: Oxygen, SBE 43, 2 [umol/kg], WS = 5
# name 26 = nbin: number of scans per bin
# name 27 = flag: flag
# span 0 =      23633,     110788       
# span 1 =    984.674,   4616.123       
# span 2 =      1.987,    851.648       
# span 3 =      2.000,    859.000       
# span 4 =     5.7500,    29.3930       
# span 5 =     5.7501,    29.3927       
# span 6 =   3.444635,   5.858777       
# span 7 =   3.444621,   5.858745       
# span 8 =     1.5993,     3.3956       
# span 9 =     1.3040,     2.9033       
# span 10 =      10.57,     104.68      
# span 11 =   25.61548,   26.07056      
# span 12 =  -96.12009,  -94.44074      
# span 13 =   -0.04010,    0.02123      
# span 14 =   -0.03748,    0.02609      
# span 15 =     2.4806,     5.0995      
# span 16 =     2.4978,     5.1110      
# span 17 =     5.6739,    29.3925      
# span 18 =     5.6740,    29.3922      
# span 19 =    34.7507,    36.4470      
# span 20 =    34.7518,    36.4485      
# span 21 =    21.8482,    27.5331      
# span 22 =    21.8511,    27.5329      
# span 23 =       0.00,    1544.72      
# span 24 =    107.857,    222.384      
# span 25 =    108.699,    222.888      
# span 26 =         30,         78      
# span 27 = 0.0000e+00, 0.0000e+00      
# interval = decibars: 1                
# start_time = Oct 02 2021 23:29:35 [NMEA time, header]
# bad_flag = -9.990e-29
*END*
[from data line 208]
      58344   2430.960    677.439    683.000     6.5950     6.5955   3.513765   3.513786     1.6782     1.3773      99.79   26.05905  -96.08003   -0.00067   -0.00019     3.0396     3.0682     6.5310     6.5314    34.9106    34.9105    27.4125    27.4124    1500.81    132.128    133.370         35 0.0000e+00
      58508   2437.788    671.498    677.000     6.6379     6.6427   3.517590   3.518012     1.6761     1.3739     100.00   26.05944  -96.08147   -0.00038   -0.00052     3.0270     3.0501     6.5742     6.5790    34.9124    34.9122    27.4081    27.4073    1500.83    131.581    132.585         33 0.0000e+00
      58635   2443.067    666.547    672.000     6.6717     6.6735   3.520717   3.520902     1.6729     1.3711      99.92   26.06087  -96.08670   -0.00068   -0.00050     3.0119     3.0360     6.6083     6.6101    34.9151    34.9155    27.4057    27.4058    1500.91    130.922    131.971         32 0.0000e+00
      58666   2444.366    665.556    671.000     6.6720     6.6739   3.520550   3.520725     1.6718     1.3698     100.00   26.05950  -96.08162   -0.00077   -0.00069     3.0082     3.0313     6.6087     6.6106    34.9135    34.9135    27.4043    27.4041    1500.83    130.763    131.768         34 0.0000e+00
      58783   2449.244    660.605    666.000     6.7034     6.7038   3.523376   3.523400     1.6691     1.3673     100.00   26.06010  -96.08385   -0.00053   -0.00046     2.9953     3.0184     6.6405     6.6409    34.9154    34.9152    27.4015    27.4014    1500.86    130.205    131.206         30 0.0000e+00
      58813   2450.509    659.614    665.000     6.7026     6.7050   3.523165   3.523390     1.6680     1.3665     100.00   26.05950  -96.08162   -0.00067   -0.00062     2.9915     3.0151     6.6398     6.6422    34.9142    34.9143    27.4007    27.4004    1500.83    130.039    131.065         31 0.0000e+00
      58934   2455.534    654.663    660.000     6.7385     6.7405   3.526165   3.526329     1.6671     1.3662     100.00   26.05964  -96.08213   -0.00010   -0.00028     2.9837     3.0093     6.6760     6.6780    34.9134    34.9132    27.3951    27.3947    1500.84    129.699    130.811         30 0.0000e+00
      60263   2510.899    602.168    607.000     7.1103     7.1156   3.559481   3.560163     1.6422     1.3430      62.91   26.06269  -96.09329   -0.00046   -0.00029     2.8571     2.8813     7.0513     7.0567    34.9312    34.9319    27.3576    27.3573    1501.01    124.202    125.253         32 0.0000e+00
      60322   2513.365    601.177    606.000     7.0839     7.0885   3.556653   3.557193     1.6405     1.3413      98.79   26.05952  -96.08160   -0.00054   -0.00052     2.8532     2.8777     7.0251     7.0298    34.9256    34.9256    27.3567    27.3561    1500.83    124.029    125.096         65 0.0000e+00
      60502   2520.864    599.196    604.000     7.0970     7.1149   3.557892   3.559656     1.6412     1.3426     100.00   26.06054  -96.08535    0.00009    0.00007     2.8537     2.8794     7.0384     7.0562    34.9268    34.9277    27.3558    27.3541    1500.89    124.053    125.169         67 0.0000e+00
      60593   2524.669    598.205    603.000     7.1147     7.1188   3.559459   3.559871     1.6408     1.3411     100.00   26.05952  -96.08160   -0.00004   -0.00049     2.8509     2.8735     7.0561     7.0602    34.9266    34.9269    27.3532    27.3529    1500.83    123.931    124.912         40 0.0000e+00
      60680   2528.283    597.215    602.000     7.1480     7.1494   3.562749   3.562833     1.6401     1.3406     100.00   26.05952  -96.08160   -0.00024   -0.00011     2.8460     2.8693     7.0893     7.0907    34.9278    34.9268    27.3495    27.3485    1500.83    123.717    124.731         52 0.0000e+00
      60775   2532.271    596.224    601.000     7.1845     7.1802   3.566049   3.565639     1.6381     1.3385     100.00   26.05952  -96.08160   -0.00043   -0.00050     2.8364     2.8594     7.1258     7.1216    34.9293    34.9291    27.3456    27.3460    1500.83    123.302    124.301         38 0.0000e+00
      61242   2551.716    595.234    600.000     7.1954     7.1960   3.567211   3.567270     1.6346     1.3356     100.00   26.05954  -96.08160   -0.00053   -0.00049     2.8244     2.8482     7.1368     7.1374    34.9315    34.9306    27.3457    27.3449    1500.83    122.781    123.814         55 0.0000e+00
      62132   2588.783    593.252    598.000     7.2197     7.2214   3.569418   3.569530     1.6323     1.3345     100.00   26.05949  -96.08128    0.00013    0.00029     2.8147     2.8418     7.1612     7.1628    34.9320    34.9322    27.3427    27.3426    1500.82    122.357    123.538         39 0.0000e+00
      62168   2590.296    592.261    597.000     7.2197     7.2229   3.569321   3.569711     1.6325     1.3343      82.83   26.05958  -96.08160    0.00008    0.00011     2.8148     2.8407     7.1612     7.1645    34.9323    34.9325    27.3429    27.3426    1500.83    122.365    123.489         32 0.0000e+00
      62200   2591.628    591.271    596.000     7.2252     7.2301   3.569620   3.570303     1.6324     1.3342      90.16   26.05958  -96.08160    0.00006   -0.00008     2.8142     2.8398     7.1668     7.1717    34.9318    34.9329    27.3417    27.3419    1500.83    122.336    123.450         36 0.0000e+00
      62241   2593.345    590.280    595.000     7.2373     7.2416   3.570952   3.571400     1.6330     1.3344     100.45   26.05958  -96.08160    0.00017    0.00001     2.8146     2.8390     7.1790     7.1833    34.9324    34.9330    27.3405    27.3404    1500.83    122.354    123.417         40 0.0000e+00
      62355   2598.077    586.318    591.000     7.2793     7.2812   3.574821   3.575021     1.6319     1.3326     100.00   26.05870  -96.07830   -0.00023   -0.00042     2.8066     2.8287     7.2211     7.2231    34.9343    34.9345    27.3360    27.3359    1500.78    122.007    122.966         31 0.0000e+00
      63511   2646.231    541.733    546.000     7.7048     7.7060   3.614495   3.614579     1.6174     1.3198     100.00   26.05962  -96.08166   -0.00005   -0.00007     2.7150     2.7392     7.6495     7.6507    34.9593    34.9590    27.2940    27.2935    1500.83    118.031    119.084         32 0.0000e+00
      64529   2688.680    503.085    507.000     8.1771     8.1827   3.660763   3.661365     1.6013     1.3048      96.51   26.05978  -96.08216    0.00003    0.00018     2.6197     2.6436     8.1241     8.1297    35.0023    35.0028    27.2570    27.2565    1500.84    113.890    114.930         45 0.0000e+00
      64611   2692.068    502.094    506.000     8.1702     8.1737   3.659863   3.660211     1.6008     1.3042      98.35   26.05962  -96.08156   -0.00017   -0.00020     2.6185     2.6419     8.1173     8.1208    35.0008    35.0015    27.2568    27.2568    1500.83    113.841    114.858         56 0.0000e+00
      64679   2694.912    501.102    505.000     8.1827     8.1770   3.661265   3.660562     1.6012     1.3046      79.15   26.05962  -96.08156    0.00020    0.00008     2.6187     2.6427     8.1299     8.1242    35.0030    35.0019    27.2566    27.2567    1500.83    113.846    114.892         43 0.0000e+00
      64791   2699.576    500.111    504.000     8.1849     8.1966   3.661260   3.662455     1.6005     1.3054     102.80   26.05962  -96.08156   -0.00030    0.00014     2.6160     2.6436     8.1322     8.1438    35.0021    35.0033    27.2556    27.2547    1500.83    113.731    114.932         39 0.0000e+00
      64864   2702.643    499.120    503.000     8.2040     8.2151   3.663126   3.664228     1.6014     1.3047     100.00   26.05962  -96.08156    0.00009   -0.00015     2.6170     2.6400     8.1514     8.1624    35.0035    35.0053    27.2538    27.2535    1500.83    113.774    114.776         36 0.0000e+00
      64944   2705.977    498.130    502.000     8.2260     8.2221   3.665352   3.665015     1.6016     1.3041     100.00   26.05962  -96.08156    0.00005   -0.00027     2.6159     2.6372     8.1733     8.1695    35.0058    35.0060    27.2523    27.2529    1500.83    113.726    114.651         39 0.0000e+00
      65040   2709.968    497.138    501.000     8.2294     8.2202   3.665570   3.664791     1.6010     1.3042     100.00   26.05962  -96.08156   -0.00016    0.00001     2.6135     2.6373     8.1768     8.1677    35.0065    35.0061    27.2523    27.2533    1500.83    113.624    114.656         71 0.0000e+00
      65469   2727.833    496.147    500.000     8.2378     8.2369   3.666549   3.666433     1.6010     1.3048     100.00   26.05963  -96.08156    0.00007    0.00019     2.6126     2.6377     8.1853     8.1844    35.0078    35.0075    27.2519    27.2518    1500.83    113.584    114.675         47 0.0000e+00
      66391   2766.256    495.156    499.000     8.2500     8.2497   3.667714   3.667692     1.6007     1.3051     100.00   26.05964  -96.08156    0.00004    0.00013     2.6104     2.6375     8.1976     8.1972    35.0085    35.0087    27.2507    27.2509    1500.83    113.486    114.665         68 0.0000e+00
      66463   2769.258    494.165    498.000     8.2490     8.2495   3.667559   3.667633     1.6007     1.3047     100.00   26.05964  -96.08156    0.00003   -0.00016     2.6101     2.6359     8.1967     8.1972    35.0084    35.0086    27.2507    27.2508    1500.83    113.476    114.595         54 0.0000e+00
      66526   2771.862    493.174    497.000     8.2479     8.2494   3.667246   3.667512     1.6008     1.3048     100.00   26.05964  -96.08156   -0.00002    0.00008     2.6100     2.6360     8.1957     8.1972    35.0083    35.0088    27.2508    27.2509    1500.83    113.469    114.599         55 0.0000e+00
      66576   2773.979    492.183    496.000     8.2500     8.2533   3.667609   3.667962     1.6011     1.3053     100.00   26.05964  -96.08155    0.00015    0.00020     2.6107     2.6370     8.1979     8.2012    35.0088    35.0093    27.2508    27.2508    1500.83    113.501    114.642         42 0.0000e+00
      66613   2775.514    491.191    495.000     8.2553     8.2589   3.668108   3.668484     1.6013     1.3051     100.00   26.05965  -96.08154    0.00008    0.00008     2.6106     2.6354     8.2033     8.2069    35.0094    35.0098    27.2505    27.2503    1500.83    113.495    114.577         38 0.0000e+00
      66656   2777.296    490.201    494.000     8.2624     8.2686   3.668744   3.669422     1.6019     1.3052     100.00   26.05966  -96.08154    0.00021   -0.00008     2.6114     2.6348     8.2105     8.2167    35.0096    35.0106    27.2496    27.2494    1500.83    113.532    114.547         42 0.0000e+00
      66769   2781.981    486.236    490.000     8.3214     8.3240   3.674684   3.674972     1.6020     1.3051     100.00   26.05968  -96.08161    0.00001   -0.00003     2.6064     2.6294     8.2697     8.2723    35.0161    35.0166    27.2456    27.2456    1500.83    113.314    114.314         30 0.0000e+00
      66800   2783.272    485.245    489.000     8.3291     8.3298   3.675346   3.675462     1.6018     1.3047     100.00   26.05966  -96.08154   -0.00003   -0.00011     2.6051     2.6275     8.2775     8.2781    35.0160    35.0165    27.2443    27.2446    1500.83    113.257    114.234         32 0.0000e+00
      66832   2784.617    484.254    488.000     8.3356     8.3354   3.676054   3.675994     1.6014     1.3041     100.00   26.05966  -96.08154   -0.00011   -0.00028     2.6030     2.6247     8.2840     8.2838    35.0176    35.0171    27.2445    27.2442    1500.83    113.168    114.111         31 0.0000e+00
      66962   2790.039    479.297    483.000     8.3752     8.3749   3.679959   3.679896     1.6012     1.3040     100.00   26.06002  -96.08287    0.00001   -0.00001     2.5979     2.6202     8.3240     8.3237    35.0221    35.0218    27.2420    27.2418    1500.85    112.945    113.916         33 0.0000e+00
      68898   2870.695    403.954    407.000     9.5691     9.5871   3.802574   3.804415     1.6033     1.3052      87.74   26.06157  -96.08844    0.00028    0.00029     2.5001     2.5201     9.5226     9.5405    35.1659    35.1674    27.1625    27.1607    1500.94    108.702    109.570         31 0.0000e+00
      68963   2873.430    402.963    406.000     9.4828     9.5041   3.792992   3.795339     1.6019     1.3044      91.10   26.05970  -96.08154   -0.00032   -0.00019     2.5018     2.5226     9.4360     9.4578    35.1520    35.1548    27.1659    27.1645    1500.83    108.775    109.678         55 0.0000e+00
      69042   2876.691    401.971    405.000     9.5602     9.5180   3.800712   3.796617     1.6030     1.3055      79.01   26.05972  -96.08154    0.00021    0.00024     2.4993     2.5246     9.5134     9.4719    35.1582    35.1564    27.1579    27.1634    1500.83    108.667    109.767         63 0.0000e+00
      69191   2882.904    399.988    403.000     9.6447     9.6494   3.809396   3.810572     1.6041     1.3071      73.95   26.05546  -96.06583    0.00038    0.00034     2.4966     2.5211     9.5984     9.6051    35.1630    35.1670    27.1472    27.1494    1500.58    108.550    109.617         52 0.0000e+00
      69299   2887.430    398.996    402.000     9.7042     9.7100   3.816599   3.817304     1.6050     1.3075      69.53   26.05972  -96.08154    0.00009    0.00005     2.4947     2.5181     9.6578     9.6640    35.1804    35.1814    27.1511    27.1509    1500.83    108.468    109.484         33 0.0000e+00
      69386   2891.029    398.005    401.000     9.7571     9.7526   3.821973   3.821709     1.6055     1.3077     104.68   26.05972  -96.08154    0.00014    0.00001     2.4925     2.5156     9.7107     9.7062    35.1846    35.1862    27.1454    27.1475    1500.83    108.375    109.376         64 0.0000e+00
      70917   2954.846    395.030    398.000     9.8444     9.8434   3.831068   3.831065     1.6066     1.3088      99.99   26.05746  -96.07315    0.00031   -0.00001     2.4892     2.5125     9.7981     9.7971    35.1946    35.1955    27.1384    27.1393    1500.70    108.230    109.242         50 0.0000e+00
      70976   2957.295    394.038    397.000     9.8569     9.8585   3.832603   3.832808     1.6069     1.3090      78.03   26.05974  -96.08154    0.00015    0.00001     2.4888     2.5116     9.8106     9.8122    35.1983    35.1988    27.1392    27.1394    1500.83    108.212    109.205         60 0.0000e+00
      71036   2959.796    393.047    396.000     9.8717     9.8678   3.834089   3.833780     1.6069     1.3089     101.30   26.05974  -96.08154    0.00003    0.00001     2.4875     2.5105     9.8256     9.8217    35.1995    35.2001    27.1376    27.1388    1500.83    108.159    109.155         49 0.0000e+00
      71076   2961.450    392.055    395.000     9.8745     9.8663   3.834664   3.833927     1.6070     1.3091     100.00   26.05974  -96.08154   -0.00001   -0.00000     2.4872     2.5107     9.8285     9.8203    35.2026    35.2018    27.1396    27.1404    1500.83    108.145    109.163         36 0.0000e+00
      71109   2962.852    391.064    394.000     9.9174     9.9255   3.838607   3.839461     1.6077     1.3094      91.97   26.05974  -96.08154    0.00014    0.00008     2.4870     2.5092     9.8713     9.8795    35.2059    35.2071    27.1349    27.1344    1500.83    108.135    109.099         31 0.0000e+00
      71140   2964.129    390.072    393.000     9.9309     9.9383   3.840342   3.841137     1.6080     1.3099     100.03   26.05974  -96.08154    0.00034    0.00027     2.4859     2.5084     9.8849     9.8923    35.2073    35.2082    27.1336    27.1331    1500.83    108.090    109.064         31 0.0000e+00
