GOMECC/GOMECC-4/1db/rb2103_0122.ros
* Sea-Bird SBE 9 Data File:
* FileName = C:\Users\scs.user.rb\CTD\GOMECC4\data\rb2103_0122.hex
* Software Version Seasave V 7.26.7.107
* Temperature SN = 4799
* Conductivity SN = 3860
* Number of Bytes Per Scan = 41
* Number of Voltage Words = 4
* Number of Scans Averaged by the Deck Unit = 1
* NMEA Latitude = 26 39.93 N
* NMEA Longitude = 085 00.17 W
* NMEA UTC (Time) = Sep 18 2021  13:28:43
* NMEA baud rate = 4800
# nquan = 17
# nvalues = 3192                                  
# units = specified
# name 0 = scan: Scan Count
# name 1 = timeS: Time, Elapsed [seconds]
# name 2 = depSM: Depth [salt water, m]
# name 3 = prDM: Pressure, Digiquartz [db]
# name 4 = t090C: Temperature [ITS-90, deg C]
# name 5 = t190C: Temperature, 2 [ITS-90, deg C]
# name 6 = c0S/m: Conductivity [S/m]
# name 7 = c1S/m: Conductivity, 2 [S/m]
# name 8 = sbeox0V: Oxygen raw, SBE 43 [V]
# name 9 = sbeox1V: Oxygen raw, SBE 43, 2 [V]
# name 10 = altM: Altimeter [m]
# name 11 = latitude: Latitude [deg]
# name 12 = longitude: Longitude [deg]
# name 13 = sbox0dV/dT: Oxygen, SBE 43 [dov/dt]
# name 14 = sbox1dV/dT: Oxygen, SBE 43, 2 [dov/dt]
# name 15 = nbf: Bottles Fired
# name 16 = flag:  0.000e+00
# interval = seconds: 0.0416667
# start_time = Sep 18 2021 13:28:43 [NMEA time, header]
# bad_flag = -9.990e-29
*END*
[from data line 1277]
     170648   7110.292   1189.073   1200.368     4.6251     4.6256   3.360928   3.360832     1.9084     1.5946     100.00   26.66142  -85.01118 -3.517e-07    0.00003         10  0.000e+00
     170649   7110.333   1189.019   1200.314     4.6252     4.6254   3.360897   3.360851     1.9096     1.5946     100.00   26.66142  -85.01118 -5.275e-07    0.00003         10  0.000e+00
     170650   7110.375   1189.081   1200.376     4.6254     4.6258   3.360897   3.360839     1.9084     1.5946     100.00   26.66142  -85.01118   -0.00002    0.00003         10  0.000e+00
     170651   7110.417   1189.073   1200.368     4.6252     4.6256   3.360878   3.360832     1.9084     1.5946     100.00   26.66142  -85.01118   -0.00004    0.00003         10  0.000e+00
     170652   7110.458   1189.081   1200.376     4.6252     4.6258   3.360909   3.360813     1.9084     1.5946     100.00   26.66142  -85.01118   -0.00005    0.00003         10  0.000e+00
     170653   7110.500   1189.073   1200.368     4.6252     4.6254   3.360897   3.360826     1.9096     1.5946     100.00   26.66142  -85.01118   -0.00005    0.00004         10  0.000e+00
     170654   7110.542   1189.073   1200.368     4.6251     4.6256   3.360872   3.360851     1.9084     1.5946     100.00   26.66142  -85.01118   -0.00006    0.00004         10  0.000e+00
     170655   7110.583   1189.134   1200.430     4.6251     4.6256   3.360891   3.360819     1.9084     1.5946     100.00   26.66142  -85.01118   -0.00006    0.00004         10  0.000e+00
     170656   7110.625   1189.073   1200.368     4.6251     4.6254   3.360903   3.360845     1.9084     1.5946     100.00   26.66142  -85.01118   -0.00006    0.00004         10  0.000e+00
     170657   7110.667   1189.134   1200.430     4.6251     4.6256   3.360891   3.360839     1.9084     1.5934     100.00   26.66142  -85.01118   -0.00005    0.00002         10  0.000e+00
     170658   7110.708   1189.135   1200.430     4.6251     4.6258   3.360897   3.360832     1.9084     1.5946     100.00   26.66142  -85.01118   -0.00005    0.00003         10  0.000e+00
     170659   7110.750   1189.073   1200.368     4.6251     4.6258   3.360903   3.360877     1.9084     1.5946     100.00   26.66142  -85.01118   -0.00005    0.00003         10  0.000e+00
     170660   7110.792   1189.135   1200.431     4.6252     4.6258   3.360865   3.360845     1.9096     1.5946     100.00   26.66142  -85.01118   -0.00003    0.00001         10  0.000e+00
     170661   7110.833   1189.135   1200.431     4.6251     4.6256   3.360865   3.360851     1.9096     1.5946     100.00   26.66142  -85.01118   -0.00001    0.00002         10  0.000e+00
     170662   7110.875   1189.135   1200.431     4.6251     4.6258   3.360891   3.360864     1.9096     1.5946     100.00   26.66142  -85.01118    0.00000    0.00002         10  0.000e+00
     170663   7110.917   1189.188   1200.485     4.6252     4.6256   3.360903   3.360839     1.9084     1.5946     100.00   26.66142  -85.01118    0.00001    0.00002         10  0.000e+00
     170664   7110.958   1189.135   1200.431     4.6251     4.6256   3.360891   3.360832     1.9084     1.5946     100.00   26.66142  -85.01118   -0.00001    0.00002         10  0.000e+00
     170665   7111.000   1189.135   1200.431     4.6252     4.6258   3.360897   3.360832     1.9084     1.5946     100.00   26.66142  -85.01118   -0.00003    0.00002         10  0.000e+00
     170666   7111.042   1189.188   1200.485     4.6251     4.6254   3.360903   3.360832     1.9096     1.5946     100.00   26.66142  -85.01118   -0.00002    0.00002         10  0.000e+00
     170667   7111.083   1189.135   1200.431     4.6252     4.6258   3.360916   3.360832     1.9096     1.5958     100.00   26.66142  -85.01118   -0.00002    0.00003         10  0.000e+00
     170668   7111.125   1189.135   1200.431     4.6251     4.6256   3.360903   3.360813     1.9096     1.5946     100.00   26.66142  -85.01118   -0.00002    0.00001         10  0.000e+00
     170669   7111.167   1189.189   1200.485     4.6252     4.6254   3.360903   3.360826     1.9096     1.5946     100.00   26.66142  -85.01118   -0.00002    0.00001         10  0.000e+00
     170670   7111.208   1189.135   1200.431     4.6252     4.6258   3.360922   3.360851     1.9084     1.5946     100.00   26.66142  -85.01118   -0.00004    0.00001         10  0.000e+00
     170671   7111.250   1189.189   1200.485     4.6252     4.6256   3.360947   3.360858     1.9084     1.5946     100.00   26.66142  -85.01118   -0.00006    0.00001         10  0.000e+00
     170672   7111.292   1189.135   1200.431     4.6252     4.6256   3.360916   3.360819     1.9084     1.5946     100.00   26.66142  -85.01118   -0.00007    0.00001         10  0.000e+00
     170673   7111.333   1189.189   1200.485     4.6251     4.6254   3.360903   3.360845     1.9084     1.5946     100.00   26.66142  -85.01118   -0.00009    0.00001         10  0.000e+00
     170674   7111.375   1189.135   1200.431     4.6252     4.6258   3.360922   3.360858     1.9084     1.5946     100.00   26.66142  -85.01118   -0.00011    0.00001         10  0.000e+00
     170675   7111.417   1189.135   1200.431     4.6252     4.6256   3.360922   3.360839     1.9084     1.5946     100.00   26.66142  -85.01118   -0.00011    0.00001         10  0.000e+00
     170676   7111.458   1189.189   1200.485     4.6251     4.6259   3.360903   3.360832     1.9084     1.5946     100.00   26.66142  -85.01118   -0.00011    0.00001         10  0.000e+00
     170677   7111.500   1189.020   1200.315     4.6252     4.6258   3.360922   3.360851     1.9084     1.5946     100.00   26.66142  -85.01118   -0.00011    0.00002         10  0.000e+00
     170678   7111.542   1189.250   1200.548     4.6252     4.6258   3.360897   3.360839     1.9084     1.5946     100.00   26.66142  -85.01118   -0.00010    0.00002         10  0.000e+00
     170679   7111.583   1189.135   1200.431     4.6252     4.6254   3.360897   3.360813     1.9084     1.5946     100.00   26.66142  -85.01118   -0.00010    0.00002         10  0.000e+00
     170680   7111.625   1189.135   1200.431     4.6251     4.6256   3.360903   3.360845     1.9084     1.5946     100.00   26.66142  -85.01118   -0.00010    0.00002         10  0.000e+00
     170681   7111.667   1189.135   1200.431     4.6251     4.6258   3.360903   3.360813     1.9084     1.5946     100.00   26.66142  -85.01118   -0.00010    0.00002         10  0.000e+00
     170682   7111.708   1189.135   1200.431     4.6252     4.6258   3.360891   3.360819     1.9096     1.5946     100.00   26.66142  -85.01118   -0.00008    0.00002         10  0.000e+00
     170683   7111.750   1189.082   1200.377     4.6252     4.6256   3.360897   3.360832     1.9096     1.5946     100.00   26.66142  -85.01118   -0.00007    0.00002         10  0.000e+00
     170684   7111.792   1189.135   1200.431     4.6252     4.6256   3.360903   3.360813     1.9096     1.5946     100.00   26.66142  -85.01118   -0.00007    0.00002         10  0.000e+00
     170685   7111.833   1189.082   1200.377     4.6252     4.6258   3.360922   3.360826     1.9096     1.5946     100.00   26.66142  -85.01118   -0.00007    0.00002         10  0.000e+00
     170686   7111.875   1189.135   1200.431     4.6252     4.6256   3.360922   3.360813     1.9096     1.5946     100.00   26.66142  -85.01118   -0.00005    0.00002         10  0.000e+00
     170687   7111.917   1189.074   1200.369     4.6252     4.6259   3.360903   3.360845     1.9096     1.5946     100.00   26.66142  -85.01118   -0.00005    0.00002         10  0.000e+00
     170688   7111.958   1189.082   1200.377     4.6252     4.6256   3.360922   3.360839     1.9084     1.5946     100.00   26.66142  -85.01118   -0.00006    0.00002         10  0.000e+00
     170689   7112.000   1189.074   1200.369     4.6252     4.6258   3.360922   3.360832     1.9096     1.5946     100.00   26.66142  -85.01118   -0.00006    0.00002         10  0.000e+00
     170690   7112.042   1189.020   1200.315     4.6249     4.6256   3.360903   3.360832     1.9084     1.5946     100.00   26.66142  -85.01118   -0.00008    0.00002         10  0.000e+00
     170691   7112.083   1189.074   1200.369     4.6251     4.6256   3.360922   3.360832     1.9084     1.5946     100.00   26.66142  -85.01118   -0.00010    0.00002         10  0.000e+00
     170692   7112.125   1189.021   1200.315     4.6252     4.6256   3.360928   3.360807     1.9084     1.5946     100.00   26.66142  -85.01118   -0.00011    0.00003         10  0.000e+00
     170693   7112.167   1189.021   1200.315     4.6251     4.6256   3.360897   3.360819     1.9084     1.5946     100.00   26.66142  -85.01118   -0.00011    0.00003         10  0.000e+00
     170694   7112.208   1188.959   1200.253     4.6252     4.6258   3.360871   3.360832     1.9084     1.5946     100.00   26.66142  -85.01118   -0.00011    0.00003         10  0.000e+00
     170695   7112.250   1189.021   1200.315     4.6249     4.6256   3.360890   3.360813     1.9096     1.5946     100.00   26.66142  -85.01118   -0.00011    0.00003         10  0.000e+00
     170696   7112.292   1189.021   1200.315     4.6252     4.6256   3.360903   3.360826     1.9084     1.5946     100.00   26.66142  -85.01118   -0.00012    0.00003         10  0.000e+00
     170697   7112.333   1188.959   1200.253     4.6252     4.6258   3.360916   3.360832     1.9084     1.5946     100.00   26.66142  -85.01118   -0.00012    0.00003         10  0.000e+00
     170698   7112.375   1188.967   1200.261     4.6252     4.6256   3.360884   3.360832     1.9084     1.5946     100.00   26.66142  -85.01118   -0.00012    0.00003         10  0.000e+00
     170699   7112.417   1188.959   1200.253     4.6252     4.6258   3.360890   3.360807     1.9096     1.5946     100.00   26.66142  -85.01118   -0.00010    0.00001         10  0.000e+00
     170700   7112.458   1188.967   1200.261     4.6251     4.6258   3.360890   3.360819     1.9084     1.5946     100.00   26.66142  -85.01118   -0.00010    0.00001         10  0.000e+00
     177265   7386.000    990.174    999.101     5.2786     5.2792   3.409093   3.409074     1.8107     1.5031     100.00   26.66126  -85.01150   -0.00010   -0.00023         11  0.000e+00
     177266   7386.042    989.830    998.753     5.2786     5.2792   3.409093   3.409094     1.8107     1.5043     100.00   26.66126  -85.01150   -0.00011   -0.00023         11  0.000e+00
     177267   7386.083    990.250    999.178     5.2784     5.2794   3.409093   3.409100     1.8107     1.5031     100.00   26.66126  -85.01150   -0.00011   -0.00023         11  0.000e+00
     177268   7386.125    990.113    999.039     5.2782     5.2794   3.409093   3.409081     1.8107     1.5043     100.00   26.66126  -85.01150   -0.00010   -0.00021         11  0.000e+00
     177269   7386.167    990.075    999.000     5.2783     5.2795   3.409093   3.409068     1.8107     1.5043     100.00   26.66126  -85.01150   -0.00009   -0.00018         11  0.000e+00
     177270   7386.208    990.113    999.039     5.2781     5.2795   3.409042   3.409068     1.8107     1.5031     100.00   26.66126  -85.01150   -0.00008   -0.00018         11  0.000e+00
     177271   7386.250    990.113    999.039     5.2780     5.2794   3.409074   3.409068     1.8107     1.5031     100.00   26.66126  -85.01150   -0.00007   -0.00018         11  0.000e+00
     177272   7386.292    990.075    999.000     5.2780     5.2794   3.409093   3.409049     1.8107     1.5043     100.00   26.66126  -85.01150   -0.00006   -0.00016         11  0.000e+00
     177273   7386.333    990.113    999.039     5.2776     5.2792   3.409068   3.409042     1.8107     1.5031     100.00   26.66126  -85.01150   -0.00007   -0.00015         11  0.000e+00
     177274   7386.375    989.998    998.923     5.2778     5.2794   3.409062   3.409042     1.8107     1.5031     100.00   26.66126  -85.01150   -0.00006   -0.00017         11  0.000e+00
     177275   7386.417    990.189    999.117     5.2778     5.2795   3.409011   3.409062     1.8107     1.5031     100.00   26.66126  -85.01150   -0.00004   -0.00016         11  0.000e+00
     177276   7386.458    990.113    999.039     5.2777     5.2794   3.409042   3.409094     1.8107     1.5031     100.00   26.66126  -85.01150   -0.00003   -0.00016         11  0.000e+00
     177277   7386.500    990.075    999.000     5.2780     5.2794   3.409062   3.409074     1.8107     1.5043     100.00   26.66126  -85.01150   -0.00004   -0.00013         11  0.000e+00
     177278   7386.542    990.113    999.039     5.2780     5.2794   3.409036   3.409068     1.8107     1.5031     100.00   26.66126  -85.01150   -0.00004   -0.00013         11  0.000e+00
     177279   7386.583    990.113    999.039     5.2781     5.2794   3.409074   3.409068     1.8107     1.5043     100.00   26.66126  -85.01150   -0.00005   -0.00011         11  0.000e+00
     177280   7386.625    990.136    999.062     5.2779     5.2797   3.409017   3.409068     1.8120     1.5043     100.00   26.66126  -85.01150   -0.00002   -0.00008         11  0.000e+00
     177281   7386.667    990.113    999.039     5.2781     5.2794   3.409017   3.409113     1.8120     1.5043     100.00   26.66126  -85.01150   -0.00000   -0.00006         11  0.000e+00
     177282   7386.708    990.113    999.039     5.2776     5.2794   3.409030   3.409087     1.8107     1.5031     100.00   26.66126  -85.01150   -0.00001   -0.00007         11  0.000e+00
     177283   7386.750    990.136    999.063     5.2777     5.2792   3.409004   3.409049     1.8120     1.5043     100.00   26.66126  -85.01150    0.00000   -0.00007         11  0.000e+00
     177284   7386.792    990.113    999.039     5.2780     5.2795   3.409017   3.409061     1.8120     1.5043     100.00   26.66126  -85.01150    0.00002   -0.00005         11  0.000e+00
     177285   7386.833    990.075    999.001     5.2780     5.2795   3.409049   3.409068     1.8107     1.5043     100.00   26.66126  -85.01150    0.00001   -0.00004         11  0.000e+00
     177286   7386.875    990.174    999.101     5.2780     5.2794   3.409011   3.409068     1.8107     1.5043     100.00   26.66126  -85.01150    0.00000   -0.00004         11  0.000e+00
     177287   7386.917    990.113    999.039     5.2779     5.2797   3.409042   3.409094     1.8107     1.5043     100.00   26.66126  -85.01150   -0.00000   -0.00003         11  0.000e+00
     177288   7386.958    990.136    999.063     5.2778     5.2795   3.409036   3.409100     1.8107     1.5031     100.00   26.66126  -85.01150   -0.00001   -0.00005         11  0.000e+00
     177289   7387.000    990.174    999.101     5.2778     5.2795   3.409004   3.409074     1.8120     1.5031     100.00   26.66126  -85.01150    0.00000   -0.00004         11  0.000e+00
     177290   7387.042    990.174    999.101     5.2776     5.2795   3.408998   3.409094     1.8107     1.5031     100.00   26.66126  -85.01150   -0.00000   -0.00004         11  0.000e+00
     177291   7387.083    990.136    999.063     5.2775     5.2797   3.408998   3.409100     1.8107     1.5043     100.00   26.66126  -85.01150   -0.00001   -0.00003         11  0.000e+00
     177292   7387.125    990.113    999.040     5.2778     5.2795   3.409011   3.409100     1.8107     1.5031     100.00   26.66126  -85.01150   -0.00002   -0.00005         11  0.000e+00
     177293   7387.167    990.136    999.063     5.2778     5.2792   3.409049   3.409074     1.8107     1.5031     100.00   26.66126  -85.01150   -0.00002   -0.00004         11  0.000e+00
     177294   7387.208    990.175    999.102     5.2781     5.2794   3.409011   3.409094     1.8107     1.5043     100.00   26.66126  -85.01150   -0.00001   -0.00002         11  0.000e+00
     177295   7387.250    990.175    999.102     5.2780     5.2794   3.409043   3.409074     1.8107     1.5043     100.00   26.66126  -85.01150   -0.00002    0.00000         11  0.000e+00
