GOMECC/GOMECC-4/1db/rb2103_0131.cnv
* Sea-Bird SBE 9 Data File:
* FileName = C:\Users\scs.user.rb\CTD\GOMECC4\data\rb2103_0131.hex
* Software Version Seasave V 7.26.7.107
* Temperature SN = 4799
* Conductivity SN = 3860
* Number of Bytes Per Scan = 41
* Number of Voltage Words = 4
* Number of Scans Averaged by the Deck Unit = 1
* NMEA Latitude = 26 53.26 N
* NMEA Longitude = 084 39.99 W
* NMEA UTC (Time) = Sep 18 2021  19:15:07
* NMEA baud rate = 4800
# nquan = 28
# nvalues = 265                         
# units = specified
# name 0 = scan: Scan Count
# name 1 = timeS: Time, Elapsed [seconds]
# name 2 = depSM: Depth [salt water, m]
# name 3 = prDM: Pressure, Digiquartz [db]
# name 4 = t090C: Temperature [ITS-90, deg C]
# name 5 = t190C: Temperature, 2 [ITS-90, deg C]
# name 6 = c0S/m: Conductivity [S/m]
# name 7 = c1S/m: Conductivity, 2 [S/m]
# name 8 = sbeox0V: Oxygen raw, SBE 43 [V]
# name 9 = sbeox1V: Oxygen raw, SBE 43, 2 [V]
# name 10 = altM: Altimeter [m]
# name 11 = latitude: Latitude [deg]
# name 12 = longitude: Longitude [deg]
# name 13 = sbox0dV/dT: Oxygen, SBE 43 [dov/dt]
# name 14 = sbox1dV/dT: Oxygen, SBE 43, 2 [dov/dt]
# name 15 = sbeox0ML/L: Oxygen, SBE 43 [ml/l], WS = 5
# name 16 = sbeox1ML/L: Oxygen, SBE 43, 2 [ml/l], WS = 5
# name 17 = potemp090C: Potential Temperature [ITS-90, deg C]
# name 18 = potemp190C: Potential Temperature, 2 [ITS-90, deg C]
# name 19 = sal00: Salinity, Practical [PSU]
# name 20 = sal11: Salinity, Practical, 2 [PSU]
# name 21 = sigma-é00: Density [sigma-theta, kg/m^3]
# name 22 = sigma-é11: Density, 2 [sigma-theta, kg/m^3]
# name 23 = avgsvCM: Average Sound Velocity [Chen-Millero, m/s], minP = 20, minS = 20
# name 24 = sbox0Mm/Kg: Oxygen, SBE 43 [umol/kg], WS = 5
# name 25 = sbox1Mm/Kg: Oxygen, SBE 43, 2 [umol/kg], WS = 5
# name 26 = nbin: number of scans per bin
# name 27 = flag: flag
# span 0 =      15346,      68348       
# span 1 =    639.362,   2847.783       
# span 2 =      4.967,    222.408       
# span 3 =      5.000,    224.000       
# span 4 =    13.1689,    28.7740       
# span 5 =    13.1741,    28.7754       
# span 6 =   4.194406,   5.785827       
# span 7 =   4.195079,   5.786125       
# span 8 =     1.7462,     3.2162       
# span 9 =     1.4418,     2.7483       
# span 10 =       3.33,     105.71      
# span 11 =   26.68170,   27.03365      
# span 12 =  -85.12487,  -84.01650      
# span 13 =   -0.04139,    0.01366      
# span 14 =   -0.03857,    0.01037      
# span 15 =     2.5965,     4.7436      
# span 16 =     2.6373,     4.7749      
# span 17 =    13.1376,    28.7669      
# span 18 =    13.1427,    28.7683      
# span 19 =    34.8541,    36.6406      
# span 20 =    34.8523,    36.6388      
# span 21 =    22.0872,    26.8983      
# span 22 =    22.0861,    26.8995      
# span 23 =       0.00,    1543.45      
# span 24 =    112.922,    206.877      
# span 25 =    114.700,    208.254      
# span 26 =         30,         70      
# span 27 = 0.0000e+00, 0.0000e+00      
# interval = decibars: 1                
# start_time = Sep 18 2021 19:15:07 [NMEA time, header]
# bad_flag = -9.990e-29
*END*
[from data line 156]
      22474    936.393    191.643    193.000    14.2984    14.3004   4.323846   4.324051     1.8249     1.5172      36.89   26.88319  -84.65279    0.00303    0.00335     2.7123     2.7638    14.2699    14.2719    35.8546    35.8546    26.7899    26.7895    1525.44    117.969    120.212         33 0.0000e+00
      22513    937.991    192.636    194.000    14.2425    14.2418   4.317872   4.317732     1.8276     1.5187      35.83   26.88746  -84.66622    0.00337    0.00277     2.7228     2.7714    14.2139    14.2132    35.8509    35.8499    26.7994    26.7988    1525.59    118.425    120.542         37 0.0000e+00
      22548    939.449    193.628    195.000    14.1677    14.1702   4.309121   4.309337     1.8295     1.5195      34.94   26.88746  -84.66622    0.00193    0.00106     2.7323     2.7785    14.1391    14.1416    35.8396    35.8393    26.8067    26.8059    1525.51    118.841    120.846         32 0.0000e+00
      22607    941.937    195.613    197.000    14.0287    14.0297   4.292825   4.293130     1.8314     1.5208      32.96   26.88565  -84.66051    0.00111    0.00080     2.7466     2.7913    13.9999    14.0010    35.8143    35.8136    26.8166    26.8158    1525.23    119.462    121.403         33 0.0000e+00
      22643    943.400    196.605    198.000    14.0127    14.0146   4.291027   4.291212     1.8299     1.5178      32.00   26.88746  -84.66622    0.00021   -0.00029     2.7443     2.7846    13.9839    13.9857    35.8137    35.8137    26.8196    26.8192    1525.24    119.362    121.111         35 0.0000e+00
      22677    944.829    197.598    199.000    14.0009    14.0024   4.289726   4.289855     1.8275     1.5149      30.90   26.88746  -84.66622   -0.00102   -0.00182     2.7393     2.7778    13.9720    13.9734    35.8121    35.8119    26.8209    26.8205    1525.15    119.143    120.818         33 0.0000e+00
      22708    946.139    198.590    200.000    13.9883    13.9899   4.288335   4.288461     1.8250     1.5132      30.02   26.88746  -84.66622   -0.00162   -0.00197     2.7344     2.7744    13.9592    13.9608    35.8104    35.8101    26.8224    26.8218    1525.05    118.928    120.668         30 0.0000e+00
      23179    965.738    216.454    218.000    13.3096    13.3121   4.210228   4.210542     1.7861     1.4756      12.23   26.88773  -84.66701   -0.00587   -0.00525     2.6866     2.7201    13.2789    13.2815    35.7013    35.7019    26.8796    26.8796    1523.55    116.845    118.300         30 0.0000e+00
      23335    972.263    222.408    224.000    13.2086    13.2138   4.198852   4.199342     1.7610     1.4541       6.31   26.88727  -84.66555   -0.00367   -0.00315     2.6316     2.6691    13.1772    13.1824    35.6853    35.6852    26.8880    26.8868    1523.04    114.451    116.080         34 0.0000e+00
      25608   1066.979    222.408    224.000    13.1689    13.1741   4.194406   4.195079     1.7462     1.4418       5.60   26.89141  -84.67864    0.00031    0.00004     2.5965     2.6376    13.1376    13.1427    35.6815    35.6831    26.8934    26.8936    1523.22    112.922    114.711         37 0.0000e+00
      25717   1071.483    221.416    223.000    13.1874    13.2073   4.196054   4.198066     1.7473     1.4425       6.47   26.88748  -84.66626    0.00041    0.00005     2.5981     2.6373    13.1562    13.1760    35.6791    35.6795    26.8875    26.8838    1523.00    112.994    114.700         34 0.0000e+00
      27594   1149.708    218.439    220.000    13.2958    13.3019   4.210723   4.210834     1.7611     1.4544       9.63   26.90196  -84.71174    0.00025   -0.00028     2.6234     2.6629    13.2648    13.2709    35.7074    35.7182    26.8877    26.8954    1523.82    114.095    115.812         51 0.0000e+00
      27805   1158.515    217.446    219.000    13.2984    13.3003   4.209036   4.209192     1.7614     1.4548      10.44   26.88752  -84.66625    0.00020    0.00022     2.6253     2.6641    13.2676    13.2695    35.6999    35.6996    26.8809    26.8803    1523.00    114.178    115.865         46 0.0000e+00
      27913   1163.007    216.454    218.000    13.3031    13.3030   4.209567   4.209464     1.7621     1.4557      11.39   26.88752  -84.66625    0.00014    0.00009     2.6267     2.6660    13.2724    13.2723    35.7005    35.7001    26.8804    26.8801    1523.00    114.239    115.946         42 0.0000e+00
      28176   1173.945    214.469    216.000    13.3238    13.3238   4.213945   4.213792     1.7694     1.4626      13.59   26.90799  -84.73071    0.00067    0.00099     2.6420     2.6826    13.2934    13.2934    35.7274    35.7289    26.8983    26.8995    1524.16    114.902    116.670         44 0.0000e+00
      28591   1191.255    210.500    212.000    13.4848    13.4791   4.230727   4.230312     1.7847     1.4770      17.43   26.89646  -84.69434    0.00151    0.00200     2.6687     2.7118    13.4499    13.4490    35.7302    35.7387    26.8674    26.8742    1523.51    116.068    117.940         45 0.0000e+00
      28688   1195.301    209.507    211.000    13.5934    13.5992   4.241487   4.242178     1.7962     1.4859      18.37   26.88754  -84.66626    0.00248    0.00210     2.6920     2.7295    13.5623    13.5691    35.7383    35.7393    26.8498    26.8491    1523.00    117.082    118.713         38 0.0000e+00
      29950   1247.867    201.568    203.000    13.8312    13.8506   4.270596   4.272854     1.8216     1.5101      26.36   26.89109  -84.67743   -0.00044    0.00003     2.7369     2.7759    13.8019    13.8212    35.7894    35.7937    26.8395    26.8388    1523.20    119.035    120.730         38 0.0000e+00
      30099   1254.096    200.575    202.000    13.8537    13.8601   4.272793   4.273494     1.8208     1.5100      27.25   26.88754  -84.66626   -0.00036   -0.00005     2.7332     2.7747    13.8245    13.8308    35.7894    35.7901    26.8345    26.8337    1523.00    118.873    120.680         54 0.0000e+00
      30260   1260.793    199.583    201.000    13.8673    13.8703   4.274351   4.274656     1.8202     1.5096      28.12   26.88754  -84.66626   -0.00026   -0.00024     2.7305     2.7724    13.8382    13.8412    35.7918    35.7919    26.8335    26.8329    1523.00    118.757    120.581         32 0.0000e+00
      33241   1385.004    197.598    199.000    14.0150    14.0172   4.292799   4.293143     1.8235     1.5113      30.40   26.90156  -84.71034    0.00007   -0.00006     2.7282     2.7671    13.9860    13.9882    35.8325    35.8332    26.8348    26.8349    1523.79    118.657    120.351         57 0.0000e+00
      33314   1388.029    196.605    198.000    14.0133    14.0119   4.291196   4.291171     1.8235     1.5113      31.23   26.88759  -84.66632    0.00028   -0.00001     2.7284     2.7671    13.9844    13.9830    35.8148    35.8152    26.8204    26.8210    1523.00    118.670    120.352         35 0.0000e+00
      33403   1391.740    195.613    197.000    14.0182    14.0133   4.291662   4.291322     1.8240     1.5106      32.25   26.88760  -84.66632    0.00005   -0.00007     2.7290     2.7651    13.9895    13.9847    35.8149    35.8162    26.8194    26.8214    1523.00    118.692    120.262         35 0.0000e+00
      33511   1396.270    194.620    196.000    14.0849    14.0805   4.299164   4.298405     1.8267     1.5136      33.25   26.88760  -84.66632    0.00067    0.00057     2.7311     2.7687    14.0562    14.0519    35.8234    35.8204    26.8118    26.8104    1523.00    118.787    120.421         54 0.0000e+00
      33668   1402.777    192.635    194.000    14.1607    14.1701   4.306566   4.306047     1.8298     1.5165      35.03   26.86742  -84.60278    0.00038    0.00016     2.7356     2.7711    14.1322    14.1429    35.8260    35.8034    26.7970    26.7766    1521.86    118.981    120.527         42 0.0000e+00
      33804   1408.459    191.643    193.000    14.2325    14.2523   4.315877   4.318913     1.8312     1.5157      36.18   26.88760  -84.66632   -0.00007   -0.00050     2.7318     2.7625    14.2041    14.2237    35.8420    35.8529    26.7946    26.7988    1523.00    118.818    120.155         45 0.0000e+00
      33907   1412.768    190.651    192.000    14.2656    14.2711   4.320066   4.320981     1.8294     1.5164      37.17   26.88762  -84.66632   -0.00038   -0.00004     2.7249     2.7631    14.2372    14.2428    35.8517    35.8552    26.7951    26.7966    1523.00    118.516    120.179         46 0.0000e+00
      34005   1416.839    189.658    191.000    14.3251    14.3059   4.326947   4.325000     1.8290     1.5157      38.15   26.88762  -84.66632   -0.00019   -0.00020     2.7199     2.7587    14.2969    14.2777    35.8609    35.8606    26.7894    26.7933    1523.00    118.304    119.989         34 0.0000e+00
      34102   1420.867    188.665    190.000    14.3639    14.3904   4.331623   4.334361     1.8276     1.5133      39.17   26.88762  -84.66632   -0.00034   -0.00070     2.7137     2.7467    14.3357    14.3622    35.8688    35.8696    26.7871    26.7820    1523.00    118.032    119.469         38 0.0000e+00
      34722   1446.725    183.703    185.000    14.7022    14.6851   4.368202   4.367080     1.8096     1.4964      43.92   26.86603  -84.59826    0.00028   -0.00010     2.6479     2.6829    14.6732    14.6572    35.8877    35.8863    26.7267    26.7291    1521.78    115.174    116.698         34 0.0000e+00
      34902   1454.208    182.710    184.000    14.7173    14.7550   4.373011   4.377378     1.8113     1.5003      45.10   26.88764  -84.66632    0.00045    0.00073     2.6500     2.6882    14.6884    14.7272    35.9279    35.9329    26.7562    26.7516    1523.00    115.264    116.928         46 0.0000e+00
      37280   1553.273    175.762    177.000    14.9668    14.9652   4.400560   4.400458     1.8201     1.5073      51.95   26.87497  -84.62643    0.00030   -0.00013     2.6541     2.6922    14.9398    14.9383    35.9477    35.9482    26.7152    26.7159    1522.28    115.447    117.102         39 0.0000e+00
      37494   1562.191    173.777    175.000    14.9966    14.9929   4.403365   4.402955     1.8231     1.5098      53.79   26.86619  -84.59874    0.00005    0.00073     2.6591     2.6968    14.9699    14.9662    35.9436    35.9462    26.7046    26.7076    1521.78    115.666    117.305         40 0.0000e+00
      37701   1570.823    171.792    173.000    15.0909    15.0823   4.412375   4.411734     1.8275     1.5162      55.74   26.85520  -84.56415    0.00044    0.00123     2.6639     2.7078    15.0644    15.0558    35.9360    35.9380    26.6769    26.6803    1521.16    115.873    117.784         35 0.0000e+00
      37896   1578.964    170.799    172.000    15.1620    15.1684   4.425162   4.425875     1.8402     1.5234      56.97   26.88766  -84.66628    0.00181    0.00093     2.6882     2.7208    15.1356    15.1420    35.9984    35.9999    26.7119    26.7117    1523.00    116.930    118.349         40 0.0000e+00
      39086   1628.550    162.859    164.000    15.5735    15.6019   4.476018   4.478318     1.8507     1.5353      65.17   26.92043  -84.76950   -0.00009    0.00058     2.6851     2.7233    15.5479    15.5763    36.0986    36.0942    26.6995    26.6898    1524.86    116.801    118.464         30 0.0000e+00
      39497   1645.657    159.880    161.000    15.7331    15.7514   4.491600   4.493262     1.8593     1.5422      67.87   26.88912  -84.67091    0.00080    0.00015     2.6954     2.7327    15.7062    15.7260    36.0842    36.0845    26.6496    26.6453    1523.08    117.251    118.875         44 0.0000e+00
      41845   1743.481    154.917    156.000    16.2193    16.1808   4.546318   4.543846     1.9329     1.6001      72.48   26.85887  -84.57549    0.01011    0.00652     2.8379     2.8535    16.1898    16.1557    36.1243    36.1333    26.5662    26.5810    1521.37    123.458    124.135         46 0.0000e+00
      42012   1750.443    153.924    155.000    16.2963    16.2780   4.559772   4.557722     1.9691     1.6383      73.74   26.88772  -84.66630    0.00634    0.00574     2.9173     2.9447    16.2770    16.2530    36.1766    36.1802    26.5888    26.5972    1523.00    126.911    128.102         52 0.0000e+00
      42118   1754.878    152.932    154.000    16.3329    16.3324   4.563990   4.563903     1.9861     1.6586      74.75   26.88772  -84.66630    0.00380    0.00455     2.9534     2.9927    16.3095    16.3074    36.1852    36.1862    26.5878    26.5891    1523.00    128.483    130.194         33 0.0000e+00
      42214   1758.860    151.939    153.000    16.3536    16.3600   4.565963   4.566954     1.9952     1.6688      75.72   26.88772  -84.66630    0.00216    0.00246     2.9750     3.0167    16.3289    16.3353    36.1885    36.1886    26.5858    26.5844    1523.00    129.424    131.237         36 0.0000e+00
      42318   1763.217    150.946    152.000    16.3784    16.3736   4.568993   4.569027     2.0000     1.6729      76.65   26.88772  -84.66630    0.00122    0.00043     2.9813     3.0260    16.3537    16.3490    36.1902    36.1934    26.5813    26.5849    1523.00    129.697    131.643         34 0.0000e+00
      42421   1767.516    149.953    151.000    16.3886    16.3855   4.570335   4.569857     2.0065     1.6748      77.71   26.88772  -84.66630    0.00152    0.00046     2.9961     3.0296    16.3641    16.3610    36.1936    36.1920    26.5815    26.5810    1523.00    130.342    131.797         58 0.0000e+00
      42687   1778.564    146.975    148.000    16.4326    16.4523   4.573411   4.575625     2.0093     1.6758      80.50   26.86093  -84.58190   -0.00025   -0.00036     3.0001     3.0282    16.4085    16.4282    36.1757    36.1806    26.5554    26.5547    1521.48    130.517    131.737         51 0.0000e+00
      42860   1785.777    145.983    147.000    16.4707    16.4839   4.579994   4.581470     2.0102     1.6801      81.60   26.88774  -84.66634   -0.00053    0.00042     2.9976     3.0353    16.4426    16.4603    36.2101    36.2080    26.5758    26.5702    1523.00    130.406    132.048         45 0.0000e+00
      43104   1795.947    143.005    144.000    16.6041    16.5802   4.590755   4.588109     2.0119     1.6800      84.23   26.83750  -84.50815    0.00024   -0.00045     2.9929     3.0284    16.5806    16.5567    36.1620    36.1603    26.5014    26.5058    1520.15    130.206    131.749         30 0.0000e+00
      43352   1806.285    142.012    143.000    16.7023    16.7069   4.606622   4.608997     2.0179     1.6843      85.64   26.88774  -84.66634   -0.00034   -0.00042     2.9990     3.0317    16.6788    16.6846    36.2432    36.2467    26.5455    26.5454    1523.00    130.471    131.893         33 0.0000e+00
      46249   1926.995    134.069    135.000    17.1928    17.1520   4.667443   4.662545     2.0421     1.7060      93.63   26.90632  -84.72460    0.00063   -0.00002     3.0187     3.0536    17.1702    17.1294    36.3358    36.3270    26.5009    26.5039    1524.05    131.336    132.856         37 0.0000e+00
      46330   1930.375    133.077    134.000    17.1923    17.1420   4.665537   4.659972     2.0425     1.7066      94.44   26.88782  -84.66634    0.00040    0.00029     3.0198     3.0550    17.1698    17.1197    36.3124    36.3080    26.4812    26.4896    1523.00    131.385    132.916         37 0.0000e+00
      49666   2069.359    119.177    120.000    17.9201    17.9309   4.748854   4.749924     2.0276     1.6926      62.02   26.87585  -84.62867   -0.00009    0.00012     2.9346     2.9676    17.8994    17.9102    36.3828    36.3842    26.3553    26.3537    1522.32    127.693    129.129         44 0.0000e+00
      49859   2077.426    118.184    119.000    17.9256    17.9405   4.750554   4.752518     2.0277     1.6962      95.27   26.88782  -84.66636   -0.00049    0.00052     2.9339     2.9754    17.9050    17.9200    36.3981    36.4018    26.3669    26.3661    1523.00    127.663    129.468         41 0.0000e+00
