GOMECC/GOMECC-4/1db/rb2103_1391.ros
* Sea-Bird SBE 9 Data File:
* FileName = C:\Users\scs.user.rb\CTD\GOMECC4\data\rb2103_1391.hex
* Software Version Seasave V 7.26.7.107
* Temperature SN = 4799
* Conductivity SN = 3860
* Number of Bytes Per Scan = 41
* Number of Voltage Words = 4
* Number of Scans Averaged by the Deck Unit = 1
* NMEA Latitude = 25 44.68 N
* NMEA Longitude = 084 35.32 W
* NMEA UTC (Time) = Oct 20 2021  10:34:58
* NMEA baud rate = 4800
# nquan = 17
# nvalues = 2128                                  
# units = specified
# name 0 = scan: Scan Count
# name 1 = timeS: Time, Elapsed [seconds]
# name 2 = depSM: Depth [salt water, m]
# name 3 = prDM: Pressure, Digiquartz [db]
# name 4 = t090C: Temperature [ITS-90, deg C]
# name 5 = t190C: Temperature, 2 [ITS-90, deg C]
# name 6 = c0S/m: Conductivity [S/m]
# name 7 = c1S/m: Conductivity, 2 [S/m]
# name 8 = sbeox0V: Oxygen raw, SBE 43 [V]
# name 9 = sbeox1V: Oxygen raw, SBE 43, 2 [V]
# name 10 = altM: Altimeter [m]
# name 11 = latitude: Latitude [deg]
# name 12 = longitude: Longitude [deg]
# name 13 = sbox0dV/dT: Oxygen, SBE 43 [dov/dt]
# name 14 = sbox1dV/dT: Oxygen, SBE 43, 2 [dov/dt]
# name 15 = nbf: Bottles Fired
# name 16 = flag:  0.000e+00
# interval = seconds: 0.0416667
# start_time = Oct 20 2021 10:34:58 [NMEA time, header]
# bad_flag = -9.990e-29
*END*
[from data line 1958]
      61092   2545.458      3.223      3.244    28.2943    28.2993   5.728611   5.729162     3.1270     2.6459     100.00   25.74522  -84.58870    0.00141    0.00118         15  0.000e+00
      61093   2545.500      3.223      3.244    28.2941    28.2994   5.728650   5.729242     3.1282     2.6459     100.00   25.74522  -84.58870    0.00138    0.00124         15  0.000e+00
      61094   2545.542      3.277      3.298    28.2946    28.2996   5.728634   5.729353     3.1282     2.6447     100.00   25.74522  -84.58870    0.00135    0.00128         15  0.000e+00
      61095   2545.583      3.277      3.298    28.2945    28.2998   5.728697   5.729306     3.1282     2.6447     100.00   25.74522  -84.58870    0.00134    0.00131         15  0.000e+00
      61096   2545.625      3.270      3.291    28.2949    28.3000   5.728721   5.729353     3.1270     2.6435     100.00   25.74522  -84.58870    0.00130    0.00133         15  0.000e+00
      61097   2545.667      3.277      3.298    28.2952    28.2994   5.728721   5.729337     3.1270     2.6422     100.00   25.74522  -84.58870    0.00127    0.00133         15  0.000e+00
      61098   2545.708      3.277      3.298    28.2952    28.2998   5.728768   5.729329     3.1270     2.6422     100.00   25.74522  -84.58870    0.00122    0.00134         15  0.000e+00
      61099   2545.750      3.277      3.298    28.2952    28.3002   5.728768   5.729361     3.1270     2.6422     100.00   25.74522  -84.58870    0.00116    0.00134         15  0.000e+00
      61100   2545.792      3.324      3.346    28.2951    28.3004   5.728768   5.729337     3.1282     2.6422     100.00   25.74522  -84.58870    0.00113    0.00134         15  0.000e+00
      61101   2545.833      3.277      3.298    28.2951    28.3002   5.728729   5.729329     3.1270     2.6410     100.00   25.74522  -84.58870    0.00109    0.00132         15  0.000e+00
      61102   2545.875      3.324      3.346    28.2950    28.3000   5.728721   5.729329     3.1270     2.6410     100.00   25.74522  -84.58870    0.00105    0.00131         15  0.000e+00
      61103   2545.917      3.318      3.339    28.2951    28.3000   5.728721   5.729290     3.1270     2.6410     100.00   25.74522  -84.58870    0.00099    0.00129         15  0.000e+00
      61104   2545.958      3.324      3.346    28.2949    28.3000   5.728729   5.729282     3.1270     2.6410     100.00   25.74522  -84.58870    0.00093    0.00126         15  0.000e+00
      61105   2546.000      3.324      3.346    28.2951    28.2996   5.728721   5.729242     3.1282     2.6410     100.00   25.74522  -84.58870    0.00089    0.00123         15  0.000e+00
      61106   2546.042      3.324      3.346    28.2951    28.2993   5.728682   5.729194     3.1270     2.6410     100.00   25.74522  -84.58870    0.00083    0.00119         15  0.000e+00
      61107   2546.083      3.372      3.394    28.2950    28.2993   5.728705   5.729186     3.1270     2.6410     100.00   25.74522  -84.58870    0.00079    0.00116         15  0.000e+00
      61108   2546.125      3.324      3.346    28.2951    28.2991   5.728721   5.729218     3.1270     2.6410     100.00   25.74522  -84.58870    0.00074    0.00113         15  0.000e+00
      61109   2546.167      3.324      3.346    28.2949    28.2993   5.728682   5.729194     3.1282     2.6410     100.00   25.74522  -84.58870    0.00072    0.00110         15  0.000e+00
      61110   2546.208      3.365      3.387    28.2947    28.2991   5.728705   5.729258     3.1282     2.6422     100.00   25.74522  -84.58870    0.00069    0.00108         15  0.000e+00
      61111   2546.250      3.324      3.346    28.2948    28.2993   5.728697   5.729242     3.1270     2.6422     100.00   25.74522  -84.58870    0.00064    0.00106         15  0.000e+00
      61112   2546.292      3.372      3.394    28.2947    28.2993   5.728713   5.729266     3.1270     2.6422     100.00   25.74522  -84.58870    0.00059    0.00105         15  0.000e+00
      61113   2546.333      3.324      3.346    28.2947    28.2993   5.728682   5.729210     3.1270     2.6422     100.00   25.74522  -84.58870    0.00054    0.00103         15  0.000e+00
      61114   2546.375      3.372      3.394    28.2947    28.2991   5.728674   5.729218     3.1270     2.6422     100.00   25.74522  -84.58870    0.00049    0.00102         15  0.000e+00
      61115   2546.417      3.324      3.346    28.2947    28.2987   5.728634   5.729194     3.1270     2.6422     100.00   25.74522  -84.58870    0.00046    0.00100         15  0.000e+00
      61116   2546.458      3.372      3.394    28.2946    28.2989   5.728658   5.729186     3.1270     2.6435     100.00   25.74522  -84.58870    0.00043    0.00100         15  0.000e+00
      61117   2546.500      3.365      3.387    28.2945    28.2985   5.728721   5.729186     3.1270     2.6435     100.00   25.74522  -84.58870    0.00039    0.00100         15  0.000e+00
      61118   2546.542      3.324      3.346    28.2949    28.2987   5.728689   5.729186     3.1270     2.6435     100.00   25.74522  -84.58870    0.00036    0.00100         15  0.000e+00
      61119   2546.583      3.372      3.394    28.2947    28.2984   5.728674   5.729147     3.1270     2.6435     100.00   25.74522  -84.58870    0.00033    0.00099         15  0.000e+00
      61120   2546.625      3.324      3.346    28.2952    28.2985   5.728674   5.729139     3.1282     2.6435     100.00   25.74522  -84.58870    0.00031    0.00099         15  0.000e+00
      61121   2546.667      3.372      3.394    28.2951    28.2981   5.728744   5.729067     3.1270     2.6435     100.00   25.74522  -84.58870    0.00027    0.00097         15  0.000e+00
      61122   2546.708      3.277      3.299    28.2949    28.2974   5.728697   5.729043     3.1270     2.6435     100.00   25.74522  -84.58870    0.00024    0.00095         15  0.000e+00
      61123   2546.750      3.372      3.394    28.2949    28.2971   5.728705   5.729043     3.1270     2.6447     100.00   25.74522  -84.58870    0.00020    0.00094         15  0.000e+00
      61124   2546.792      3.318      3.339    28.2948    28.2969   5.728658   5.729011     3.1282     2.6447     100.00   25.74522  -84.58870    0.00018    0.00093         15  0.000e+00
      61125   2546.833      3.325      3.346    28.2949    28.2972   5.728666   5.729027     3.1282     2.6447     100.00   25.74522  -84.58870    0.00016    0.00093         15  0.000e+00
      61126   2546.875      3.277      3.299    28.2949    28.2971   5.728705   5.729043     3.1282     2.6447     100.00   25.74522  -84.58870    0.00014    0.00092         15  0.000e+00
      61127   2546.917      3.277      3.299    28.2949    28.2974   5.728721   5.729043     3.1282     2.6447     100.00   25.74522  -84.58870    0.00012    0.00090         15  0.000e+00
      61128   2546.958      3.325      3.346    28.2952    28.2972   5.728721   5.729011     3.1282     2.6447     100.00   25.74522  -84.58870    0.00010    0.00089         15  0.000e+00
      61210   2550.375      3.373      3.395    28.2954    28.2934   5.728674   5.728725     3.1245     2.6447      98.61   25.74522  -84.58870   -0.00074   -0.00046         16  0.000e+00
      61211   2550.417      3.326      3.347    28.2952    28.2952   5.728674   5.728749     3.1245     2.6447      94.21   25.74522  -84.58870   -0.00075   -0.00045         16  0.000e+00
      61212   2550.458      3.326      3.347    28.2947    28.2945   5.728705   5.728836     3.1245     2.6447      92.63   25.74522  -84.58870   -0.00075   -0.00044         16  0.000e+00
      61213   2550.500      3.326      3.347    28.2948    28.2945   5.728682   5.728789     3.1245     2.6447      92.65   25.74522  -84.58870   -0.00076   -0.00043         16  0.000e+00
      61214   2550.542      3.319      3.341    28.2951    28.2946   5.728705   5.728765     3.1245     2.6447      92.84   25.74522  -84.58870   -0.00076   -0.00042         16  0.000e+00
      61215   2550.583      3.278      3.300    28.2951    28.2947   5.728768   5.728725     3.1245     2.6447      92.89   25.74522  -84.58870   -0.00076   -0.00041         16  0.000e+00
      61216   2550.625      3.373      3.395    28.2954    28.2946   5.728697   5.728717     3.1245     2.6447      92.89   25.74522  -84.58870   -0.00077   -0.00038         16  0.000e+00
      61217   2550.667      3.278      3.300    28.2954    28.2947   5.728705   5.728788     3.1245     2.6447      92.89   25.74522  -84.58870   -0.00077   -0.00036         16  0.000e+00
      61218   2550.708      3.373      3.395    28.2952    28.2947   5.728682   5.728812     3.1245     2.6447      92.89   25.74522  -84.58870   -0.00077   -0.00033         16  0.000e+00
      61219   2550.750      3.278      3.300    28.2951    28.2946   5.728705   5.728812     3.1258     2.6447      92.89   25.74522  -84.58870   -0.00075   -0.00031         16  0.000e+00
      61220   2550.792      3.373      3.395    28.2947    28.2947   5.728721   5.728741     3.1258     2.6447      92.89   25.74522  -84.58870   -0.00072   -0.00028         16  0.000e+00
      61221   2550.833      3.272      3.293    28.2949    28.2946   5.728721   5.728788     3.1258     2.6447      92.89   25.74522  -84.58870   -0.00070   -0.00026         16  0.000e+00
      61222   2550.875      3.326      3.348    28.2948    28.2947   5.728658   5.728741     3.1258     2.6447      92.89   25.74522  -84.58870   -0.00068   -0.00024         16  0.000e+00
      61223   2550.917      3.326      3.348    28.2947    28.2947   5.728697   5.728789     3.1245     2.6447      92.89   25.74522  -84.58870   -0.00068   -0.00020         16  0.000e+00
      61224   2550.958      3.373      3.395    28.2951    28.2948   5.728721   5.728773     3.1258     2.6447      92.89   25.74522  -84.58870   -0.00064   -0.00016         16  0.000e+00
      61225   2551.000      3.326      3.348    28.2949    28.2947   5.728682   5.728765     3.1270     2.6435      92.89   25.74522  -84.58870   -0.00059   -0.00013         16  0.000e+00
      61226   2551.042      3.279      3.300    28.2952    28.2946   5.728674   5.728765     3.1258     2.6435      92.89   25.74522  -84.58870   -0.00055   -0.00011         16  0.000e+00
      61227   2551.083      3.326      3.348    28.2952    28.2948   5.728674   5.728765     3.1258     2.6435      92.89   25.74522  -84.58870   -0.00051   -0.00008         16  0.000e+00
      61228   2551.125      3.319      3.341    28.2949    28.2945   5.728650   5.728765     3.1258     2.6422      92.89   25.74522  -84.58870   -0.00047   -0.00008         16  0.000e+00
      61229   2551.167      3.326      3.348    28.2947    28.2945   5.728627   5.728725     3.1270     2.6422      92.89   25.74522  -84.58870   -0.00041   -0.00007         16  0.000e+00
      61230   2551.208      3.326      3.348    28.2945    28.2945   5.728627   5.728749     3.1258     2.6422      92.89   25.74522  -84.58870   -0.00037   -0.00006         16  0.000e+00
      61231   2551.250      3.326      3.348    28.2943    28.2943   5.728627   5.728725     3.1258     2.6410      92.89   25.74522  -84.58870   -0.00033   -0.00007         16  0.000e+00
      61232   2551.292      3.326      3.348    28.2943    28.2941   5.728587   5.728677     3.1258     2.6410      92.89   25.74522  -84.58870   -0.00029   -0.00008         16  0.000e+00
      61233   2551.333      3.279      3.300    28.2940    28.2945   5.728611   5.728701     3.1258     2.6410      94.36   25.74522  -84.58870   -0.00024   -0.00008         16  0.000e+00
      61234   2551.375      3.373      3.395    28.2940    28.2941   5.728627   5.728677     3.1258     2.6410      98.73   25.74522  -84.58870   -0.00020   -0.00009         16  0.000e+00
      61235   2551.417      3.272      3.293    28.2941    28.2941   5.728634   5.728701     3.1258     2.6410     100.00   25.74522  -84.58870   -0.00016   -0.00009         16  0.000e+00
      61236   2551.458      3.373      3.395    28.2939    28.2941   5.728595   5.728717     3.1258     2.6410     100.00   25.74522  -84.58870   -0.00013   -0.00010         16  0.000e+00
      61237   2551.500      3.326      3.348    28.2936    28.2941   5.728580   5.728717     3.1258     2.6410     100.00   25.74522  -84.58870   -0.00010   -0.00010         16  0.000e+00
      61238   2551.542      3.279      3.300    28.2938    28.2941   5.728580   5.728717     3.1258     2.6410     100.00   25.74522  -84.58870   -0.00007   -0.00010         16  0.000e+00
      61239   2551.583      3.326      3.348    28.2936    28.2941   5.728611   5.728749     3.1258     2.6398     100.00   25.74522  -84.58870   -0.00003   -0.00012         16  0.000e+00
      61240   2551.625      3.326      3.348    28.2939    28.2943   5.728627   5.728725     3.1245     2.6398     100.00   25.74522  -84.58870   -0.00002   -0.00013         16  0.000e+00
      61241   2551.667      3.326      3.348    28.2938    28.2945   5.728603   5.728749     3.1258     2.6398     100.00   25.74522  -84.58870    0.00001   -0.00013         16  0.000e+00
      61242   2551.708      3.319      3.341    28.2938    28.2943   5.728580   5.728725     3.1258     2.6398     100.00   25.74522  -84.58870    0.00004   -0.00012         16  0.000e+00
      61243   2551.750      3.326      3.348    28.2941    28.2945   5.728580   5.728749     3.1258     2.6398     100.00   25.74522  -84.58870    0.00007   -0.00012         16  0.000e+00
      61244   2551.792      3.326      3.348    28.2940    28.2943   5.728580   5.728725     3.1258     2.6398     100.00   25.74522  -84.58870    0.00011   -0.00011         16  0.000e+00
      61245   2551.833      3.326      3.348    28.2943    28.2941   5.728611   5.728717     3.1258     2.6398     100.00   25.74522  -84.58870    0.00012   -0.00011         16  0.000e+00
      61246   2551.875      3.326      3.348    28.2941    28.2939   5.728627   5.728677     3.1258     2.6398     100.00   25.74522  -84.58870    0.00013   -0.00010         16  0.000e+00
      61247   2551.917      3.326      3.348    28.2943    28.2939   5.728627   5.728701     3.1258     2.6398     100.00   25.74522  -84.58870    0.00015   -0.00011         16  0.000e+00
      61248   2551.958      3.279      3.300    28.2943    28.2939   5.728634   5.728717     3.1258     2.6398     100.00   25.74522  -84.58870    0.00016   -0.00009         16  0.000e+00
      61249   2552.000      3.367      3.389    28.2944    28.2937   5.728666   5.728717     3.1258     2.6398     100.00   25.74522  -84.58870    0.00017   -0.00009         16  0.000e+00
      61250   2552.042      3.279      3.300    28.2945    28.2937   5.728674   5.728677     3.1245     2.6410     100.00   25.74522  -84.58870    0.00015   -0.00008         16  0.000e+00
      61251   2552.083      3.326      3.348    28.2945    28.2937   5.728674   5.728669     3.1258     2.6410     100.00   25.74522  -84.58870    0.00015   -0.00006         16  0.000e+00
      61252   2552.125      3.279      3.300    28.2947    28.2939   5.728674   5.728669     3.1245     2.6410     100.00   25.74522  -84.58870    0.00012   -0.00005         16  0.000e+00
      61253   2552.167      3.279      3.300    28.2947    28.2939   5.728674   5.728741     3.1245     2.6410     100.00   25.74522  -84.58870    0.00010   -0.00005         16  0.000e+00
      61254   2552.208      3.326      3.348    28.2950    28.2939   5.728682   5.728725     3.1245     2.6422     100.00   25.74522  -84.58870    0.00008   -0.00003         16  0.000e+00
      61255   2552.250      3.279      3.300    28.2951    28.2945   5.728713   5.728677     3.1245     2.6422     100.00   25.74522  -84.58870    0.00006   -0.00003         16  0.000e+00
      61256   2552.292      3.171      3.191    28.2949    28.2945   5.728681   5.728741     3.1245     2.6422     100.00   25.74522  -84.58870    0.00004   -0.00002         16  0.000e+00
