GOMECC/GOMECC-4/1db/rb2103_1351.ros
* Sea-Bird SBE 9 Data File:
* FileName = C:\Users\scs.user.rb\CTD\GOMECC4\data\rb2103_1351.hex
* Software Version Seasave V 7.26.7.107
* Temperature SN = 4799
* Conductivity SN = 3860
* Number of Bytes Per Scan = 41
* Number of Voltage Words = 4
* Number of Scans Averaged by the Deck Unit = 1
* NMEA Latitude = 26 15.54 N
* NMEA Longitude = 083 48.34 W
* NMEA UTC (Time) = Oct 20 2021  01:30:15
* NMEA baud rate = 4800
# nquan = 17
# nvalues = 1463                                  
# units = specified
# name 0 = scan: Scan Count
# name 1 = timeS: Time, Elapsed [seconds]
# name 2 = depSM: Depth [salt water, m]
# name 3 = prDM: Pressure, Digiquartz [db]
# name 4 = t090C: Temperature [ITS-90, deg C]
# name 5 = t190C: Temperature, 2 [ITS-90, deg C]
# name 6 = c0S/m: Conductivity [S/m]
# name 7 = c1S/m: Conductivity, 2 [S/m]
# name 8 = sbeox0V: Oxygen raw, SBE 43 [V]
# name 9 = sbeox1V: Oxygen raw, SBE 43, 2 [V]
# name 10 = altM: Altimeter [m]
# name 11 = latitude: Latitude [deg]
# name 12 = longitude: Longitude [deg]
# name 13 = sbox0dV/dT: Oxygen, SBE 43 [dov/dt]
# name 14 = sbox1dV/dT: Oxygen, SBE 43, 2 [dov/dt]
# name 15 = nbf: Bottles Fired
# name 16 = flag:  0.000e+00
# interval = seconds: 0.0416667
# start_time = Oct 20 2021 01:30:15 [NMEA time, header]
# bad_flag = -9.990e-29
*END*
[from data line 256]
      21846    910.208     87.759     88.354    21.6311    21.6355   5.151753   5.152349     2.3626     1.9805      10.31   26.25866  -83.80520   -0.00020    0.00054          2  0.000e+00
      21847    910.250     87.711     88.306    21.6313    21.6354   5.151768   5.152318     2.3626     1.9805      10.31   26.25866  -83.80520   -0.00020    0.00053          2  0.000e+00
      21848    910.292     87.711     88.306    21.6314    21.6350   5.151768   5.152311     2.3626     1.9805      10.31   26.25866  -83.80520   -0.00018    0.00053          2  0.000e+00
      21849    910.333     87.759     88.354    21.6314    21.6349   5.151738   5.152311     2.3626     1.9805      10.28   26.25866  -83.80520   -0.00016    0.00052          2  0.000e+00
      21850    910.375     87.711     88.306    21.6313    21.6352   5.151723   5.152372     2.3639     1.9805      10.31   26.25866  -83.80520   -0.00015    0.00052          2  0.000e+00
      21851    910.417     87.759     88.354    21.6314    21.6350   5.151753   5.152326     2.3626     1.9792      10.31   26.25866  -83.80520   -0.00013    0.00047          2  0.000e+00
      21852    910.458     87.711     88.306    21.6314    21.6351   5.151768   5.152334     2.3639     1.9805      10.31   26.25866  -83.80520   -0.00011    0.00047          2  0.000e+00
      21853    910.500     87.759     88.354    21.6314    21.6354   5.151768   5.152379     2.3639     1.9792      10.31   26.25866  -83.80520   -0.00009    0.00044          2  0.000e+00
      21854    910.542     87.711     88.306    21.6313    21.6356   5.151798   5.152425     2.3639     1.9805      10.31   26.25866  -83.80520   -0.00008    0.00044          2  0.000e+00
      21855    910.583     87.759     88.354    21.6314    21.6359   5.151776   5.152463     2.3639     1.9792      10.31   26.25866  -83.80520   -0.00004    0.00041          2  0.000e+00
      24956   1039.792     67.544     67.999    22.3026    22.3077   5.217842   5.218548     2.6288     2.2222      29.96   26.25868  -83.80520    0.00062    0.00187          3  0.000e+00
      24957   1039.833     67.700     68.156    22.3017    22.3081   5.217842   5.218517     2.6276     2.2222      29.99   26.25868  -83.80520    0.00058    0.00191          3  0.000e+00
      24958   1039.875     67.592     68.047    22.3017    22.3080   5.217804   5.218533     2.6288     2.2210      29.99   26.25868  -83.80520    0.00057    0.00190          3  0.000e+00
      24959   1039.917     67.700     68.156    22.3017    22.3079   5.217759   5.218540     2.6276     2.2222      29.99   26.25868  -83.80520    0.00054    0.00192          3  0.000e+00
      24960   1039.958     67.592     68.047    22.3020    22.3079   5.217752   5.218548     2.6288     2.2210      29.96   26.25868  -83.80520    0.00053    0.00191          3  0.000e+00
      24961   1040.000     67.693     68.149    22.3023    22.3084   5.217752   5.218578     2.6288     2.2222      29.96   26.25868  -83.80520    0.00052    0.00192          3  0.000e+00
      24962   1040.042     67.653     68.108    22.3019    22.3091   5.217774   5.218563     2.6288     2.2234      29.96   26.25868  -83.80520    0.00050    0.00194          3  0.000e+00
      24963   1040.083     67.646     68.101    22.3010    22.3091   5.217767   5.218540     2.6288     2.2210      29.91   26.25868  -83.80520    0.00049    0.00193          3  0.000e+00
      24964   1040.125     67.700     68.156    22.3012    22.3093   5.217714   5.218571     2.6288     2.2210      29.87   26.25868  -83.80520    0.00049    0.00192          3  0.000e+00
      24965   1040.167     67.646     68.101    22.3015    22.3091   5.217767   5.218586     2.6288     2.2234      29.87   26.25868  -83.80520    0.00047    0.00193          3  0.000e+00
      24966   1040.208     67.653     68.108    22.3039    22.3097   5.217797   5.218617     2.6288     2.2222      29.87   26.25868  -83.80520    0.00046    0.00193          3  0.000e+00
      24967   1040.250     67.693     68.149    22.3049    22.3100   5.217789   5.218594     2.6288     2.2210      29.87   26.25868  -83.80520    0.00045    0.00189          3  0.000e+00
      24968   1040.292     67.653     68.108    22.3040    22.3102   5.217797   5.218586     2.6288     2.2222      29.87   26.25868  -83.80520    0.00045    0.00189          3  0.000e+00
      24969   1040.333     67.693     68.149    22.3028    22.3100   5.217827   5.218617     2.6288     2.2222      29.87   26.25868  -83.80520    0.00045    0.00188          3  0.000e+00
      24970   1040.375     67.693     68.149    22.3023    22.3099   5.217797   5.218594     2.6276     2.2210      29.87   26.25868  -83.80520    0.00043    0.00185          3  0.000e+00
      24971   1040.417     67.653     68.108    22.3018    22.3089   5.217797   5.218586     2.6288     2.2210      29.87   26.25868  -83.80520    0.00043    0.00182          3  0.000e+00
      24972   1040.458     67.646     68.101    22.3019    22.3075   5.217827   5.218548     2.6288     2.2210      29.87   26.25868  -83.80520    0.00041    0.00179          3  0.000e+00
      24973   1040.500     67.700     68.156    22.3023    22.3079   5.217767   5.218601     2.6288     2.2210      29.87   26.25868  -83.80520    0.00040    0.00176          3  0.000e+00
      24974   1040.542     67.646     68.101    22.3020    22.3080   5.217820   5.218601     2.6276     2.2234      29.87   26.25868  -83.80520    0.00038    0.00176          3  0.000e+00
      24975   1040.583     67.700     68.156    22.3014    22.3086   5.217835   5.218586     2.6276     2.2222      29.89   26.25868  -83.80520    0.00036    0.00174          3  0.000e+00
      24976   1040.625     67.693     68.149    22.3010    22.3089   5.217797   5.218609     2.6288     2.2210      29.89   26.25868  -83.80520    0.00035    0.00170          3  0.000e+00
      24977   1040.667     67.693     68.149    22.3008    22.3100   5.217835   5.218632     2.6276     2.2210      29.87   26.25868  -83.80520    0.00032    0.00168          3  0.000e+00
      24978   1040.708     67.700     68.156    22.3010    22.3104   5.217835   5.218594     2.6276     2.2210      29.87   26.25868  -83.80520    0.00030    0.00166          3  0.000e+00
      24979   1040.750     67.646     68.101    22.3010    22.3111   5.217797   5.218647     2.6276     2.2210      29.87   26.25868  -83.80520    0.00027    0.00163          3  0.000e+00
      24980   1040.792     67.700     68.156    22.3010    22.3113   5.217857   5.218678     2.6288     2.2234      29.87   26.25868  -83.80520    0.00027    0.00166          3  0.000e+00
      24981   1040.833     67.693     68.149    22.3008    22.3113   5.217910   5.218708     2.6288     2.2210      29.87   26.25868  -83.80520    0.00026    0.00163          3  0.000e+00
      24982   1040.875     67.700     68.156    22.3008    22.3115   5.217857   5.218716     2.6276     2.2210      29.87   26.25868  -83.80520    0.00025    0.00160          3  0.000e+00
      24983   1040.917     67.646     68.101    22.3008    22.3115   5.217872   5.218693     2.6276     2.2210      29.87   26.25868  -83.80520    0.00024    0.00157          3  0.000e+00
      24984   1040.958     67.741     68.197    22.3008    22.3136   5.217910   5.218731     2.6276     2.2210      29.89   26.25868  -83.80520    0.00021    0.00153          3  0.000e+00
      24985   1041.000     67.653     68.108    22.3011    22.3159   5.217925   5.218861     2.6276     2.2234      29.87   26.25868  -83.80520    0.00020    0.00153          3  0.000e+00
      24986   1041.042     67.693     68.149    22.3019    22.3168   5.217865   5.218892     2.6276     2.2222      29.87   26.25868  -83.80520    0.00018    0.00151          3  0.000e+00
      24987   1041.083     67.653     68.108    22.3026    22.3171   5.217963   5.218953     2.6276     2.2210      29.84   26.25868  -83.80520    0.00017    0.00148          3  0.000e+00
      24988   1041.125     67.693     68.149    22.3031    22.3163   5.217918   5.218976     2.6276     2.2210      29.84   26.25868  -83.80520    0.00016    0.00144          3  0.000e+00
      24989   1041.167     67.700     68.156    22.3035    22.3148   5.217910   5.218976     2.6276     2.2210      29.84   26.25868  -83.80520    0.00015    0.00139          3  0.000e+00
      24990   1041.208     67.693     68.149    22.3026    22.3141   5.217925   5.219106     2.6276     2.2222      29.84   26.25868  -83.80520    0.00014    0.00137          3  0.000e+00
      24991   1041.250     67.653     68.108    22.3024    22.3147   5.217865   5.219152     2.6276     2.2222      29.84   26.25868  -83.80520    0.00013    0.00134          3  0.000e+00
      24992   1041.292     67.693     68.149    22.3021    22.3157   5.217872   5.219182     2.6288     2.2210      29.84   26.25868  -83.80520    0.00013    0.00130          3  0.000e+00
      24993   1041.333     67.693     68.149    22.3016    22.3161   5.217842   5.219160     2.6276     2.2210      29.84   26.25868  -83.80520    0.00012    0.00127          3  0.000e+00
      24994   1041.375     67.700     68.156    22.3011    22.3152   5.217812   5.219221     2.6276     2.2210      29.84   26.25868  -83.80520    0.00011    0.00124          3  0.000e+00
      24995   1041.417     67.646     68.101    22.3012    22.3152   5.217857   5.219198     2.6276     2.2222      29.84   26.25868  -83.80520    0.00010    0.00120          3  0.000e+00
      24996   1041.458     67.700     68.156    22.3021    22.3148   5.217842   5.219167     2.6276     2.2234      29.84   26.25868  -83.80520    0.00009    0.00120          3  0.000e+00
      24997   1041.500     67.693     68.149    22.3027    22.3136   5.217872   5.219114     2.6276     2.2210      29.84   26.25868  -83.80520    0.00008    0.00117          3  0.000e+00
      24998   1041.542     67.653     68.108    22.3033    22.3120   5.217880   5.219137     2.6276     2.2210      29.84   26.25868  -83.80520    0.00007    0.00113          3  0.000e+00
      24999   1041.583     67.693     68.149    22.3035    22.3116   5.217910   5.218991     2.6288     2.2210      29.84   26.25868  -83.80520    0.00008    0.00110          3  0.000e+00
      25000   1041.625     67.693     68.149    22.3031    22.3118   5.217925   5.218930     2.6276     2.2210      29.84   26.25868  -83.80520    0.00007    0.00106          3  0.000e+00
      25001   1041.667     67.653     68.108    22.3026    22.3123   5.217887   5.218961     2.6276     2.2210      29.84   26.25868  -83.80520    0.00006    0.00102          3  0.000e+00
      25002   1041.708     67.693     68.149    22.3028    22.3125   5.217880   5.219014     2.6276     2.2210      29.84   26.25868  -83.80520    0.00005    0.00098          3  0.000e+00
      25003   1041.750     67.653     68.108    22.3029    22.3127   5.217918   5.219052     2.6276     2.2210      29.84   26.25868  -83.80520    0.00006    0.00094          3  0.000e+00
      25004   1041.792     67.693     68.149    22.3033    22.3128   5.217887   5.219030     2.6276     2.2210      29.84   26.25868  -83.80520    0.00006    0.00089          3  0.000e+00
      25005   1041.833     67.653     68.108    22.3033    22.3134   5.217910   5.218961     2.6276     2.2210      29.84   26.25868  -83.80520    0.00005    0.00085          3  0.000e+00
      25006   1041.875     67.693     68.149    22.3036    22.3134   5.217925   5.218968     2.6288     2.2210      29.84   26.25868  -83.80520    0.00006    0.00080          3  0.000e+00
      25007   1041.917     67.653     68.108    22.3039    22.3134   5.217955   5.218938     2.6276     2.2210      29.84   26.25868  -83.80520    0.00005    0.00078          3  0.000e+00
      25008   1041.958     67.693     68.149    22.3041    22.3137   5.217940   5.218938     2.6276     2.2210      29.84   26.25868  -83.80520    0.00006    0.00073          3  0.000e+00
      25009   1042.000     67.646     68.101    22.3045    22.3136   5.217986   5.218930     2.6288     2.2210      29.84   26.25868  -83.80520    0.00007    0.00068          3  0.000e+00
      25010   1042.042     67.700     68.156    22.3047    22.3130   5.217940   5.218907     2.6276     2.2210      29.84   26.25868  -83.80520    0.00006    0.00065          3  0.000e+00
      25011   1042.083     67.646     68.101    22.3049    22.3127   5.217963   5.218953     2.6276     2.2210      29.84   26.25868  -83.80520    0.00005    0.00062          3  0.000e+00
      25012   1042.125     67.700     68.156    22.3054    22.3134   5.217963   5.218938     2.6276     2.2210      29.84   26.25868  -83.80520    0.00003    0.00059          3  0.000e+00
      25013   1042.167     67.646     68.101    22.3056    22.3120   5.217963   5.219068     2.6288     2.2210      29.84   26.25868  -83.80520    0.00004    0.00055          3  0.000e+00
      25014   1042.208     67.700     68.156    22.3056    22.3102   5.218008   5.219106     2.6276     2.2210      29.87   26.25868  -83.80520    0.00003    0.00052          3  0.000e+00
      25015   1042.250     67.646     68.101    22.3058    22.3091   5.218008   5.219137     2.6276     2.2210      29.84   26.25868  -83.80520    0.00002    0.00049          3  0.000e+00
      25016   1042.292     67.646     68.101    22.3063    22.3090   5.218008   5.219121     2.6276     2.2210      29.87   26.25868  -83.80520    0.00001    0.00045          3  0.000e+00
      25017   1042.333     67.653     68.108    22.3074    22.3093   5.218046   5.219106     2.6276     2.2210      29.87   26.25868  -83.80520 2.5752e-13    0.00041          3  0.000e+00
      25018   1042.375     67.693     68.149    22.3077    22.3102   5.218053   5.219137     2.6276     2.2210      29.84   26.25868  -83.80520    0.00001    0.00038          3  0.000e+00
      25019   1042.417     67.653     68.108    22.3076    22.3116   5.218084   5.219190     2.6264     2.2210      29.84   26.25868  -83.80520   -0.00002    0.00036          3  0.000e+00
      25020   1042.458     67.693     68.149    22.3072    22.3130   5.218038   5.219190     2.6276     2.2210      29.84   26.25868  -83.80520   -0.00003    0.00032          3  0.000e+00
      25021   1042.500     67.653     68.108    22.3065    22.3139   5.218046   5.219282     2.6276     2.2210      29.84   26.25868  -83.80520   -0.00004    0.00028          3  0.000e+00
      25022   1042.542     67.646     68.101    22.3060    22.3139   5.218053   5.219259     2.6264     2.2198      29.84   26.25868  -83.80520   -0.00007    0.00023          3  0.000e+00
      25023   1042.583     67.544     67.999    22.3052    22.3137   5.218053   5.219297     2.6276     2.2186      29.84   26.25868  -83.80520   -0.00008    0.00017          3  0.000e+00
      25024   1042.625     67.802     68.258    22.3044    22.3130   5.218054   5.219328     2.6276     2.2210      29.84   26.25868  -83.80520   -0.00009    0.00013          3  0.000e+00
      25025   1042.667     67.646     68.101    22.3045    22.3128   5.218091   5.219290     2.6276     2.2210      29.84   26.25868  -83.80520   -0.00010    0.00011          3  0.000e+00
      25026   1042.708     67.700     68.156    22.3052    22.3132   5.218099   5.219305     2.6264     2.2210      29.84   26.25868  -83.80520   -0.00010    0.00007          3  0.000e+00
      25027   1042.750     67.646     68.101    22.3051    22.3147   5.218121   5.219358     2.6276     2.2210      29.84   26.25868  -83.80520   -0.00011    0.00005          3  0.000e+00
      25028   1042.792     67.653     68.108    22.3047    22.3152   5.218182   5.219328     2.6276     2.2210      29.84   26.25868  -83.80520   -0.00012    0.00002          3  0.000e+00
      25029   1042.833     67.693     68.149    22.3047    22.3156   5.218121   5.219389     2.6264     2.2198      29.84   26.25868  -83.80520   -0.00015   -0.00004          3  0.000e+00
