GOMECC/GOMECC-4/1db/rb2103_0131.ros
* Sea-Bird SBE 9 Data File:
* FileName = C:\Users\scs.user.rb\CTD\GOMECC4\data\rb2103_0131.hex
* Software Version Seasave V 7.26.7.107
* Temperature SN = 4799
* Conductivity SN = 3860
* Number of Bytes Per Scan = 41
* Number of Voltage Words = 4
* Number of Scans Averaged by the Deck Unit = 1
* NMEA Latitude = 26 53.26 N
* NMEA Longitude = 084 39.99 W
* NMEA UTC (Time) = Sep 18 2021  19:15:07
* NMEA baud rate = 4800
# nquan = 17
# nvalues = 1995                                  
# units = specified
# name 0 = scan: Scan Count
# name 1 = timeS: Time, Elapsed [seconds]
# name 2 = depSM: Depth [salt water, m]
# name 3 = prDM: Pressure, Digiquartz [db]
# name 4 = t090C: Temperature [ITS-90, deg C]
# name 5 = t190C: Temperature, 2 [ITS-90, deg C]
# name 6 = c0S/m: Conductivity [S/m]
# name 7 = c1S/m: Conductivity, 2 [S/m]
# name 8 = sbeox0V: Oxygen raw, SBE 43 [V]
# name 9 = sbeox1V: Oxygen raw, SBE 43, 2 [V]
# name 10 = altM: Altimeter [m]
# name 11 = latitude: Latitude [deg]
# name 12 = longitude: Longitude [deg]
# name 13 = sbox0dV/dT: Oxygen, SBE 43 [dov/dt]
# name 14 = sbox1dV/dT: Oxygen, SBE 43, 2 [dov/dt]
# name 15 = nbf: Bottles Fired
# name 16 = flag:  0.000e+00
# interval = seconds: 0.0416667
# start_time = Sep 18 2021 19:15:07 [NMEA time, header]
# bad_flag = -9.990e-29
*END*
[from data line 1447]
      59859   2494.083     64.843     65.282    22.8516    22.8584   5.278556   5.279103     2.7851     2.3822     100.00   26.88798  -84.66644    0.00096    0.00165         11  0.000e+00
      59860   2494.125     64.896     65.335    22.8519    22.8579   5.278533   5.279165     2.7863     2.3822     100.00   26.88798  -84.66644    0.00092    0.00164         11  0.000e+00
      59861   2494.167     64.843     65.282    22.8521    22.8581   5.278594   5.279188     2.7863     2.3822     100.00   26.88798  -84.66644    0.00088    0.00164         11  0.000e+00
      59862   2494.208     64.843     65.282    22.8530    22.8577   5.278586   5.279219     2.7863     2.3834     100.00   26.88798  -84.66644    0.00084    0.00165         11  0.000e+00
      59863   2494.250     64.896     65.335    22.8537    22.8579   5.278571   5.279303     2.7863     2.3822     100.00   26.88798  -84.66644    0.00080    0.00163         11  0.000e+00
      59864   2494.292     64.790     65.229    22.8538    22.8583   5.278609   5.279326     2.7863     2.3822     100.00   26.88798  -84.66644    0.00077    0.00162         11  0.000e+00
      59865   2494.333     64.896     65.335    22.8538    22.8575   5.278685   5.279188     2.7863     2.3822     100.00   26.88798  -84.66644    0.00074    0.00161         11  0.000e+00
      59866   2494.375     64.783     65.221    22.8535    22.8568   5.278669   5.279111     2.7863     2.3822     100.00   26.88798  -84.66644    0.00071    0.00157         11  0.000e+00
      59867   2494.417     64.896     65.335    22.8524    22.8563   5.278563   5.279165     2.7863     2.3822     100.00   26.88798  -84.66644    0.00068    0.00154         11  0.000e+00
      59868   2494.458     64.790     65.229    22.8526    22.8566   5.278396   5.279188     2.7863     2.3822     100.00   26.88798  -84.66644    0.00067    0.00150         11  0.000e+00
      59869   2494.500     64.843     65.282    22.8501    22.8571   5.278146   5.279188     2.7851     2.3822     100.00   26.88798  -84.66644    0.00062    0.00148         11  0.000e+00
      59870   2494.542     64.843     65.282    22.8469    22.8575   5.277926   5.279249     2.7863     2.3822     100.00   26.88798  -84.66644    0.00058    0.00143         11  0.000e+00
      59871   2494.583     64.790     65.229    22.8450    22.8577   5.277805   5.279341     2.7863     2.3822     100.00   26.88798  -84.66644    0.00054    0.00139         11  0.000e+00
      59872   2494.625     64.843     65.282    22.8443    22.8586   5.277714   5.279495     2.7863     2.3810     100.00   26.88798  -84.66644    0.00052    0.00133         11  0.000e+00
      59873   2494.667     64.783     65.221    22.8437    22.8595   5.277691   5.279603     2.7863     2.3810     100.00   26.88798  -84.66644    0.00050    0.00126         11  0.000e+00
      59874   2494.708     64.843     65.282    22.8430    22.8608   5.277669   5.279656     2.7863     2.3810     100.00   26.88798  -84.66644    0.00048    0.00121         11  0.000e+00
      63806   2658.542     40.124     40.393    25.9269    25.9441   5.572362   5.573746     3.1954     2.7350     100.00   26.88806  -84.66646   -0.00021    0.00070         12  0.000e+00
      63807   2658.583     39.859     40.127    25.9309    25.9473   5.572493   5.573950     3.1954     2.7350     100.00   26.88806  -84.66646   -0.00024    0.00058         12  0.000e+00
      63808   2658.625     39.897     40.165    25.9346    25.9489   5.572656   5.574052     3.1954     2.7350     100.00   26.88806  -84.66646   -0.00027    0.00046         12  0.000e+00
      63809   2658.667     39.958     40.226    25.9365    25.9491   5.572625   5.574139     3.1954     2.7350     100.00   26.88806  -84.66646   -0.00032    0.00034         12  0.000e+00
      63810   2658.708     39.958     40.226    25.9358    25.9511   5.572563   5.574264     3.1954     2.7350     100.00   26.88806  -84.66646   -0.00036    0.00022         12  0.000e+00
      63811   2658.750     40.011     40.279    25.9325    25.9530   5.572385   5.574398     3.1954     2.7350     100.00   26.88806  -84.66646   -0.00039    0.00009         12  0.000e+00
      63812   2658.792     39.897     40.165    25.9296    25.9534   5.572261   5.574437     3.1954     2.7350     100.00   26.88806  -84.66646   -0.00044   -0.00001         12  0.000e+00
      63813   2658.833     39.973     40.241    25.9262    25.9534   5.572199   5.574264     3.1966     2.7350     100.00   26.88806  -84.66646   -0.00045   -0.00012         12  0.000e+00
      63814   2658.875     39.958     40.226    25.9242    25.9521   5.572121   5.574068     3.1966     2.7350     100.00   26.88806  -84.66646   -0.00046   -0.00023         12  0.000e+00
      63815   2658.917     39.958     40.226    25.9275    25.9464   5.572168   5.573643     3.1966     2.7350     100.00   26.88806  -84.66646   -0.00047   -0.00033         12  0.000e+00
      63816   2658.958     39.958     40.226    25.9298    25.9433   5.572144   5.573376     3.1966     2.7350     100.00   26.88806  -84.66646   -0.00049   -0.00042         12  0.000e+00
      63817   2659.000     39.958     40.226    25.9304    25.9446   5.572106   5.573399     3.1966     2.7350     100.00   26.88806  -84.66646   -0.00050   -0.00051         12  0.000e+00
      63818   2659.042     39.958     40.226    25.9307    25.9460   5.572028   5.573392     3.1966     2.7350     100.00   26.88806  -84.66646   -0.00051   -0.00060         12  0.000e+00
      63819   2659.083     39.897     40.165    25.9302    25.9460   5.572106   5.573242     3.1966     2.7338      73.26   26.88806  -84.66646   -0.00052   -0.00069         12  0.000e+00
      63820   2659.125     40.026     40.294    25.9316    25.9428   5.572245   5.572951     3.1966     2.7350      16.41   26.88806  -84.66646   -0.00053   -0.00076         12  0.000e+00
      63821   2659.167     40.011     40.279    25.9327    25.9399   5.572284   5.572629     3.1966     2.7350       0.00   26.88806  -84.66646   -0.00054   -0.00083         12  0.000e+00
      63822   2659.208     39.958     40.226    25.9329    25.9355   5.572245   5.572488     3.1966     2.7338       0.00   26.88806  -84.66646   -0.00055   -0.00092         12  0.000e+00
      63823   2659.250     39.958     40.226    25.9343    25.9311   5.572237   5.572393     3.1954     2.7350       0.32   26.88806  -84.66646   -0.00058   -0.00099         12  0.000e+00
      63824   2659.292     39.958     40.226    25.9354    25.9277   5.572307   5.572268     3.1966     2.7338       1.59   26.88806  -84.66646   -0.00057   -0.00108         12  0.000e+00
      63825   2659.333     40.011     40.279    25.9365    25.9280   5.572346   5.572330     3.1966     2.7350       1.86   26.88806  -84.66646   -0.00059   -0.00116         12  0.000e+00
      63826   2659.375     39.973     40.241    25.9354    25.9321   5.572299   5.572574     3.1954     2.7350       1.81   26.88806  -84.66646   -0.00060   -0.00123         12  0.000e+00
      63827   2659.417     39.897     40.165    25.9336    25.9355   5.572284   5.572920     3.1954     2.7350       1.76   26.88806  -84.66646   -0.00060   -0.00130         12  0.000e+00
      63828   2659.458     40.011     40.279    25.9325    25.9372   5.572175   5.572873     3.1954     2.7350       1.73   26.88806  -84.66646   -0.00063   -0.00137         12  0.000e+00
      63829   2659.500     39.958     40.226    25.9318    25.9368   5.572106   5.572653     3.1954     2.7350       1.73   26.88806  -84.66646   -0.00066   -0.00144         12  0.000e+00
      63830   2659.542     40.011     40.279    25.9305    25.9355   5.572129   5.572456     3.1954     2.7363       1.76   26.88806  -84.66646   -0.00067   -0.00149         12  0.000e+00
      63831   2659.583     39.958     40.226    25.9300    25.9328   5.572036   5.572417     3.1954     2.7363       1.73   26.88806  -84.66646   -0.00067   -0.00154         12  0.000e+00
      63832   2659.625     39.973     40.241    25.9287    25.9315   5.571966   5.572551     3.1941     2.7350       1.73   26.88806  -84.66646   -0.00070   -0.00159         12  0.000e+00
      63833   2659.667     39.958     40.226    25.9247    25.9333   5.571788   5.572739     3.1941     2.7363       1.73   26.88806  -84.66646   -0.00072   -0.00162         12  0.000e+00
      63834   2659.708     39.958     40.226    25.9237    25.9344   5.571640   5.572786     3.1941     2.7350       1.73   26.88806  -84.66646   -0.00074   -0.00167         12  0.000e+00
      63835   2659.750     40.011     40.279    25.9213    25.9344   5.571594   5.572786     3.1941     2.7350       1.73   26.88806  -84.66646   -0.00076   -0.00170         12  0.000e+00
      63836   2659.792     39.958     40.226    25.9212    25.9331   5.571594   5.572716     3.1941     2.7350       1.73   26.88808  -84.66646   -0.00078   -0.00173         12  0.000e+00
      63837   2659.833     39.958     40.226    25.9213    25.9348   5.571594   5.572904     3.1941     2.7350       1.76   26.88808  -84.66646   -0.00078   -0.00175         12  0.000e+00
      63838   2659.875     39.973     40.241    25.9228    25.9375   5.571695   5.573172     3.1941     2.7350       1.73   26.88808  -84.66646   -0.00080   -0.00178         12  0.000e+00
      63839   2659.917     39.958     40.226    25.9253    25.9404   5.571757   5.573447     3.1941     2.7350       1.76   26.88808  -84.66646   -0.00082   -0.00179         12  0.000e+00
      63840   2659.958     40.011     40.279    25.9275    25.9433   5.571912   5.573753     3.1941     2.7350       1.73   26.88808  -84.66646   -0.00083   -0.00180         12  0.000e+00
      63841   2660.000     39.958     40.226    25.9280    25.9464   5.571888   5.573871     3.1941     2.7350       1.73   26.88808  -84.66646   -0.00085   -0.00180         12  0.000e+00
      63842   2660.042     39.958     40.226    25.9282    25.9472   5.571896   5.573848     3.1929     2.7350       1.73   26.88808  -84.66646   -0.00088   -0.00180         12  0.000e+00
      63843   2660.083     39.958     40.226    25.9295    25.9457   5.571966   5.573675     3.1929     2.7350      30.67   26.88808  -84.66646   -0.00091   -0.00181         12  0.000e+00
      63844   2660.125     39.958     40.226    25.9318    25.9441   5.572106   5.573541     3.1929     2.7350      86.59   26.88808  -84.66646   -0.00093   -0.00181         12  0.000e+00
      63845   2660.167     39.973     40.241    25.9329    25.9433   5.572144   5.573549     3.1941     2.7350     100.00   26.88808  -84.66646   -0.00093   -0.00181         12  0.000e+00
      63846   2660.208     39.958     40.226    25.9334    25.9448   5.572245   5.573698     3.1941     2.7350     100.00   26.88808  -84.66646   -0.00093   -0.00181         12  0.000e+00
      63847   2660.250     39.958     40.226    25.9345    25.9462   5.572284   5.573981     3.1941     2.7350     100.00   26.88808  -84.66646   -0.00094   -0.00180         12  0.000e+00
      63848   2660.292     40.011     40.280    25.9350    25.9480   5.572447   5.574036     3.1941     2.7350     100.00   26.88808  -84.66646   -0.00095   -0.00180         12  0.000e+00
      63849   2660.333     39.898     40.165    25.9368    25.9493   5.572579   5.574091     3.1941     2.7363      99.98   26.88808  -84.66646   -0.00095   -0.00177         12  0.000e+00
      63850   2660.375     40.011     40.280    25.9387    25.9497   5.572672   5.574044     3.1941     2.7350      99.98   26.88808  -84.66646   -0.00095   -0.00177         12  0.000e+00
      63851   2660.417     39.913     40.181    25.9396    25.9486   5.572695   5.573918     3.1941     2.7363     100.00   26.88808  -84.66646   -0.00096   -0.00174         12  0.000e+00
      63852   2660.458     40.011     40.280    25.9403    25.9462   5.572749   5.573745     3.1941     2.7363     100.00   26.88808  -84.66646   -0.00096   -0.00172         12  0.000e+00
      63853   2660.500     39.898     40.165    25.9410    25.9462   5.572850   5.573769     3.1941     2.7363     100.00   26.88808  -84.66646   -0.00096   -0.00169         12  0.000e+00
      63854   2660.542     39.958     40.226    25.9421    25.9472   5.572912   5.573863     3.1941     2.7363     100.00   26.88808  -84.66646   -0.00096   -0.00166         12  0.000e+00
      63855   2660.583     39.958     40.226    25.9441    25.9481   5.572928   5.573887     3.1954     2.7350     100.00   26.88808  -84.66646   -0.00094   -0.00165         12  0.000e+00
      63856   2660.625     39.898     40.165    25.9433    25.9479   5.572858   5.573816     3.1954     2.7363     100.00   26.88808  -84.66646   -0.00092   -0.00160         12  0.000e+00
      63857   2660.667     39.973     40.242    25.9432    25.9468   5.572866   5.573753     3.1954     2.7363     100.00   26.88808  -84.66646   -0.00090   -0.00155         12  0.000e+00
      63858   2660.708     39.958     40.226    25.9421    25.9468   5.572811   5.573785     3.1954     2.7363     100.00   26.88808  -84.66646   -0.00087   -0.00149         12  0.000e+00
      63859   2660.750     39.958     40.226    25.9417    25.9475   5.572819   5.573824     3.1954     2.7363     100.00   26.88808  -84.66646   -0.00087   -0.00144         12  0.000e+00
      63860   2660.792     39.898     40.166    25.9437    25.9480   5.572866   5.573871     3.1954     2.7363     100.00   26.88808  -84.66646   -0.00087   -0.00139         12  0.000e+00
      63861   2660.833     39.958     40.226    25.9439    25.9486   5.572881   5.573918     3.1954     2.7363     100.00   26.88808  -84.66646   -0.00086   -0.00133         12  0.000e+00
      63862   2660.875     39.898     40.166    25.9419    25.9479   5.572835   5.573793     3.1954     2.7363     100.00   26.88808  -84.66646   -0.00084   -0.00127         12  0.000e+00
      63863   2660.917     39.958     40.226    25.9412    25.9468   5.572796   5.573745     3.1954     2.7363     100.00   26.88808  -84.66646   -0.00083   -0.00121         12  0.000e+00
      63864   2660.958     39.913     40.181    25.9405    25.9460   5.572718   5.573643     3.1954     2.7363     100.00   26.88808  -84.66646   -0.00082   -0.00115         12  0.000e+00
      63865   2661.000     39.898     40.166    25.9398    25.9453   5.572625   5.573572     3.1941     2.7363     100.00   26.88808  -84.66646   -0.00082   -0.00111         12  0.000e+00
      63866   2661.042     39.958     40.226    25.9396    25.9446   5.572602   5.573596     3.1941     2.7363     100.00   26.88808  -84.66646   -0.00081   -0.00104         12  0.000e+00
      63867   2661.083     39.898     40.166    25.9381    25.9446   5.572563   5.573643     3.1954     2.7363     100.00   26.88808  -84.66646   -0.00078   -0.00100         12  0.000e+00
      63868   2661.125     39.898     40.166    25.9370    25.9457   5.572555   5.573690     3.1954     2.7375     100.00   26.88808  -84.66646   -0.00075   -0.00093         12  0.000e+00
      63869   2661.167     39.898     40.166    25.9374    25.9459   5.572586   5.573769     3.1941     2.7375     100.00   26.88808  -84.66646   -0.00076   -0.00087         12  0.000e+00
      63870   2661.208     39.913     40.181    25.9370    25.9466   5.572602   5.573824     3.1954     2.7363     100.00   26.88808  -84.66646   -0.00075   -0.00082         12  0.000e+00
      63871   2661.250     39.898     40.166    25.9365    25.9469   5.572703   5.573840     3.1954     2.7363     100.00   26.88808  -84.66646   -0.00074   -0.00077         12  0.000e+00
      63872   2661.292     39.898     40.166    25.9367    25.9477   5.572726   5.573911     3.1954     2.7363     100.00   26.88808  -84.66646   -0.00071   -0.00072         12  0.000e+00
      63873   2661.333     39.898     40.166    25.9368    25.9473   5.572703   5.573934     3.1954     2.7363     100.00   26.88808  -84.66646   -0.00068   -0.00066         12  0.000e+00
