GOMECC/GOMECC-4/1db/rb2103_0911.ros
* Sea-Bird SBE 9 Data File:
* FileName = C:\Users\scs.user.rb\CTD\GOMECC4\data\rb2103_0911.hex
* Software Version Seasave V 7.26.7.107
* Temperature SN = 4799
* Conductivity SN = 3860
* Number of Bytes Per Scan = 41
* Number of Voltage Words = 4
* Number of Scans Averaged by the Deck Unit = 1
* NMEA Latitude = 21 44.01 N
* NMEA Longitude = 092 19.10 W
* NMEA UTC (Time) = Oct 10 2021  02:10:50
* NMEA baud rate = 4800
# nquan = 17
# nvalues = 1862                                  
# units = specified
# name 0 = scan: Scan Count
# name 1 = timeS: Time, Elapsed [seconds]
# name 2 = depSM: Depth [salt water, m]
# name 3 = prDM: Pressure, Digiquartz [db]
# name 4 = t090C: Temperature [ITS-90, deg C]
# name 5 = t190C: Temperature, 2 [ITS-90, deg C]
# name 6 = c0S/m: Conductivity [S/m]
# name 7 = c1S/m: Conductivity, 2 [S/m]
# name 8 = sbeox0V: Oxygen raw, SBE 43 [V]
# name 9 = sbeox1V: Oxygen raw, SBE 43, 2 [V]
# name 10 = altM: Altimeter [m]
# name 11 = latitude: Latitude [deg]
# name 12 = longitude: Longitude [deg]
# name 13 = sbox0dV/dT: Oxygen, SBE 43 [dov/dt]
# name 14 = sbox1dV/dT: Oxygen, SBE 43, 2 [dov/dt]
# name 15 = nbf: Bottles Fired
# name 16 = flag:  0.000e+00
# interval = seconds: 0.0416667
# start_time = Oct 10 2021 02:10:50 [NMEA time, header]
# bad_flag = -9.990e-29
*END*
[from data line 511]
      31818   1325.708     80.061     80.578    21.4221    21.4380   5.103042   5.104699     2.6068     2.2149      35.78   21.73420  -92.31930   -0.00018    0.00206          4  0.000e+00
      31819   1325.750     80.163     80.680    21.4212    21.4384   5.103057   5.104760     2.6081     2.2149      35.75   21.73420  -92.31930   -0.00017    0.00207          4  0.000e+00
      31820   1325.792     80.061     80.578    21.4212    21.4384   5.103034   5.104744     2.6081     2.2149      35.75   21.73420  -92.31930   -0.00015    0.00207          4  0.000e+00
      31821   1325.833     80.109     80.625    21.4207    21.4377   5.102997   5.104760     2.6068     2.2149      35.75   21.73420  -92.31930   -0.00014    0.00208          4  0.000e+00
      31822   1325.875     80.109     80.625    21.4209    21.4382   5.103049   5.104835     2.6068     2.2149      35.75   21.73420  -92.31930   -0.00015    0.00208          4  0.000e+00
      31823   1325.917     80.109     80.625    21.4212    21.4394   5.103101   5.104835     2.6068     2.2137      35.75   21.73420  -92.31930   -0.00017    0.00207          4  0.000e+00
      31824   1325.958     80.115     80.632    21.4216    21.4409   5.103176   5.104949     2.6068     2.2149      35.75   21.73420  -92.31930   -0.00018    0.00207          4  0.000e+00
      31825   1326.000     80.109     80.625    21.4226    21.4414   5.103228   5.104896     2.6068     2.2149      35.75   21.73420  -92.31930   -0.00018    0.00207          4  0.000e+00
      31826   1326.042     80.109     80.625    21.4230    21.4401   5.103236   5.104835     2.6068     2.2149      35.75   21.73420  -92.31930   -0.00018    0.00207          4  0.000e+00
      31827   1326.083     80.109     80.625    21.4228    21.4387   5.103176   5.104828     2.6068     2.2149      35.75   21.73420  -92.31930   -0.00020    0.00205          4  0.000e+00
      31828   1326.125     80.115     80.632    21.4221    21.4391   5.103124   5.104888     2.6068     2.2149      35.75   21.73420  -92.31930   -0.00021    0.00203          4  0.000e+00
      31829   1326.167     80.109     80.625    21.4218    21.4400   5.103079   5.104911     2.6068     2.2149      35.75   21.73420  -92.31930   -0.00021    0.00201          4  0.000e+00
      31830   1326.208     80.109     80.625    21.4211    21.4396   5.103004   5.104911     2.6056     2.2149      35.75   21.73420  -92.31930   -0.00023    0.00198          4  0.000e+00
      31831   1326.250     80.109     80.625    21.4202    21.4387   5.102952   5.104934     2.6056     2.2149      35.75   21.73420  -92.31930   -0.00024    0.00197          4  0.000e+00
      31832   1326.292     80.061     80.578    21.4200    21.4385   5.102944   5.104881     2.6056     2.2137      35.75   21.73420  -92.31930   -0.00026    0.00194          4  0.000e+00
      31833   1326.333     80.109     80.625    21.4198    21.4380   5.102967   5.104858     2.6056     2.2149      35.75   21.73420  -92.31930   -0.00029    0.00192          4  0.000e+00
      31834   1326.375     80.109     80.625    21.4197    21.4380   5.103012   5.104926     2.6056     2.2149      35.75   21.73420  -92.31930   -0.00032    0.00188          4  0.000e+00
      31835   1326.417     80.109     80.625    21.4197    21.4385   5.102997   5.104919     2.6068     2.2149      35.75   21.73420  -92.31930   -0.00034    0.00185          4  0.000e+00
      31836   1326.458     80.109     80.625    21.4198    21.4391   5.102989   5.104911     2.6056     2.2137      35.75   21.73420  -92.31930   -0.00037    0.00182          4  0.000e+00
      31837   1326.500     80.115     80.632    21.4200    21.4396   5.102922   5.104972     2.6056     2.2149      35.75   21.73420  -92.31930   -0.00038    0.00178          4  0.000e+00
      31838   1326.542     80.061     80.578    21.4198    21.4398   5.102967   5.104994     2.6056     2.2149      35.75   21.73420  -92.31930   -0.00041    0.00174          4  0.000e+00
      33891   1412.083     69.728     70.176    22.4466    22.4443   5.209544   5.209374     2.8242     2.4029      45.86   21.73428  -92.31938    0.00048   -0.00071          5  0.000e+00
      33892   1412.125     69.925     70.374    22.4462    22.4441   5.209627   5.209366     2.8242     2.4029      45.86   21.73428  -92.31938    0.00048   -0.00068          5  0.000e+00
      33893   1412.167     69.931     70.381    22.4472    22.4441   5.209650   5.209267     2.8242     2.4029      45.89   21.73428  -92.31938    0.00050   -0.00066          5  0.000e+00
      33894   1412.208     69.925     70.374    22.4483    22.4439   5.209680   5.209336     2.8242     2.4029      45.86   21.73428  -92.31938    0.00050   -0.00063          5  0.000e+00
      33895   1412.250     69.877     70.326    22.4491    22.4443   5.209823   5.209366     2.8230     2.4029      45.89   21.73428  -92.31938    0.00048   -0.00060          5  0.000e+00
      33896   1412.292     69.925     70.374    22.4499    22.4446   5.209899   5.209397     2.8230     2.4029      45.86   21.73428  -92.31938    0.00046   -0.00058          5  0.000e+00
      33897   1412.333     69.877     70.326    22.4507    22.4452   5.210004   5.209442     2.8242     2.4029      45.86   21.73428  -92.31938    0.00046   -0.00057          5  0.000e+00
      33898   1412.375     69.925     70.374    22.4510    22.4448   5.210042   5.209420     2.8242     2.4029      45.86   21.73428  -92.31938    0.00044   -0.00055          5  0.000e+00
      33899   1412.417     69.877     70.326    22.4510    22.4445   5.210072   5.209374     2.8242     2.4029      45.89   21.73428  -92.31938    0.00044   -0.00056          5  0.000e+00
      33900   1412.458     69.925     70.374    22.4514    22.4443   5.210050   5.209397     2.8242     2.4029      45.89   21.73428  -92.31938    0.00044   -0.00057          5  0.000e+00
      33901   1412.500     69.877     70.326    22.4512    22.4443   5.210072   5.209381     2.8242     2.4029      45.89   21.73428  -92.31938    0.00043   -0.00056          5  0.000e+00
      33902   1412.542     69.925     70.374    22.4508    22.4446   5.210087   5.209397     2.8242     2.4029      45.86   21.73428  -92.31938    0.00043   -0.00056          5  0.000e+00
      33903   1412.583     69.931     70.381    22.4512    22.4452   5.210050   5.209473     2.8230     2.4029      45.86   21.73428  -92.31938    0.00040   -0.00057          5  0.000e+00
      33904   1412.625     69.925     70.374    22.4515    22.4450   5.210110   5.209465     2.8242     2.4029      45.86   21.73428  -92.31938    0.00038   -0.00057          5  0.000e+00
      33905   1412.667     69.931     70.381    22.4519    22.4448   5.210155   5.209481     2.8242     2.4029      45.86   21.73428  -92.31938    0.00037   -0.00058          5  0.000e+00
      33906   1412.708     69.877     70.326    22.4519    22.4452   5.210200   5.209496     2.8230     2.4029      45.86   21.73428  -92.31938    0.00035   -0.00059          5  0.000e+00
      33907   1412.750     69.925     70.374    22.4519    22.4441   5.210012   5.209496     2.8230     2.4029      45.86   21.73428  -92.31938    0.00032   -0.00059          5  0.000e+00
      33908   1412.792     69.931     70.381    22.4503    22.4418   5.209718   5.209397     2.8230     2.4029      45.86   21.73428  -92.31938    0.00030   -0.00060          5  0.000e+00
      33909   1412.833     69.925     70.374    22.4466    22.4427   5.209386   5.209336     2.8230     2.4042      45.86   21.73428  -92.31938    0.00027   -0.00059          5  0.000e+00
      33910   1412.875     69.931     70.381    22.4420    22.4457   5.209100   5.209488     2.8242     2.4029      45.86   21.73428  -92.31938    0.00026   -0.00059          5  0.000e+00
      33911   1412.917     69.925     70.374    22.4409    22.4471   5.208941   5.209542     2.8230     2.4042      45.86   21.73428  -92.31938    0.00023   -0.00058          5  0.000e+00
      33912   1412.958     69.931     70.381    22.4395    22.4466   5.208813   5.209611     2.8242     2.4042      45.86   21.73428  -92.31938    0.00022   -0.00057          5  0.000e+00
      33913   1413.000     69.925     70.374    22.4384    22.4464   5.208647   5.209695     2.8242     2.4029      45.86   21.73428  -92.31938    0.00021   -0.00058          5  0.000e+00
      33914   1413.042     69.931     70.381    22.4386    22.4465   5.208632   5.209687     2.8242     2.4042      45.86   21.73428  -92.31938    0.00022   -0.00057          5  0.000e+00
      33915   1413.083     69.925     70.374    22.4391    22.4464   5.208617   5.209702     2.8230     2.4042      45.86   21.73428  -92.31938    0.00019   -0.00054          5  0.000e+00
      33916   1413.125     69.931     70.381    22.4393    22.4469   5.208738   5.209718     2.8230     2.4042      45.86   21.73428  -92.31938    0.00018   -0.00053          5  0.000e+00
      33917   1413.167     69.925     70.374    22.4436    22.4473   5.209077   5.209649     2.8242     2.4042      45.86   21.73428  -92.31938    0.00017   -0.00052          5  0.000e+00
      33918   1413.208     69.931     70.381    22.4467    22.4471   5.209303   5.209656     2.8242     2.4042      45.86   21.73428  -92.31938    0.00017   -0.00051          5  0.000e+00
      33919   1413.250     69.925     70.374    22.4455    22.4469   5.209349   5.209740     2.8242     2.4042      45.86   21.73428  -92.31938    0.00017   -0.00048          5  0.000e+00
      33920   1413.292     69.979     70.428    22.4430    22.4468   5.209145   5.209794     2.8230     2.4042      45.86   21.73428  -92.31938    0.00016   -0.00046          5  0.000e+00
      33921   1413.333     69.925     70.374    22.4405    22.4468   5.208949   5.209672     2.8242     2.4042      45.86   21.73428  -92.31938    0.00017   -0.00043          5  0.000e+00
      33922   1413.375     69.931     70.381    22.4429    22.4471   5.208745   5.209595     2.8242     2.4029      45.86   21.73428  -92.31938    0.00017   -0.00042          5  0.000e+00
      33923   1413.417     69.925     70.374    22.4432    22.4469   5.208693   5.209649     2.8242     2.4029      45.86   21.73428  -92.31938    0.00017   -0.00041          5  0.000e+00
      33924   1413.458     69.979     70.428    22.4420    22.4473   5.208663   5.209702     2.8242     2.4042      45.86   21.73428  -92.31938    0.00018   -0.00038          5  0.000e+00
      33925   1413.500     69.925     70.374    22.4409    22.4486   5.208715   5.209779     2.8242     2.4042      45.84   21.73428  -92.31938    0.00016   -0.00034          5  0.000e+00
      33926   1413.542     69.931     70.381    22.4396    22.4505   5.208572   5.209931     2.8230     2.4029      45.86   21.73428  -92.31938    0.00014   -0.00031          5  0.000e+00
      33927   1413.583     69.925     70.374    22.4391    22.4514   5.208587   5.210008     2.8230     2.4029      45.86   21.73428  -92.31938    0.00013   -0.00028          5  0.000e+00
      33928   1413.625     69.979     70.428    22.4379    22.4503   5.208632   5.210023     2.8230     2.4029      45.84   21.73428  -92.31938    0.00011   -0.00025          5  0.000e+00
      33929   1413.667     69.925     70.374    22.4377    22.4495   5.208746   5.209985     2.8230     2.4029      45.81   21.73428  -92.31938    0.00010   -0.00022          5  0.000e+00
      33930   1413.708     69.931     70.381    22.4377    22.4500   5.208715   5.209977     2.8242     2.4029      45.84   21.73428  -92.31938    0.00010   -0.00019          5  0.000e+00
      33931   1413.750     69.972     70.422    22.4390    22.4503   5.208723   5.210069     2.8230     2.4029      45.84   21.73428  -92.31938    0.00008   -0.00016          5  0.000e+00
      33932   1413.792     69.931     70.381    22.4391    22.4505   5.208828   5.210107     2.8230     2.4029      45.84   21.73428  -92.31938    0.00007   -0.00013          5  0.000e+00
      33933   1413.833     69.931     70.381    22.4391    22.4510   5.208964   5.210107     2.8230     2.4029      45.81   21.73428  -92.31938    0.00005   -0.00009          5  0.000e+00
      33934   1413.875     69.972     70.422    22.4389    22.4510   5.209024   5.210107     2.8230     2.4029      45.81   21.73428  -92.31938    0.00004   -0.00004          5  0.000e+00
      33935   1413.917     69.931     70.381    22.4398    22.4505   5.209107   5.210069     2.8230     2.4029      45.84   21.73428  -92.31938    0.00002   -0.00001          5  0.000e+00
      33936   1413.958     69.925     70.374    22.4413    22.4491   5.209160   5.210092     2.8230     2.4029      45.84   21.73428  -92.31938   -0.00001    0.00003          5  0.000e+00
      33937   1414.000     69.931     70.381    22.4423    22.4487   5.209077   5.210038     2.8230     2.4029      45.84   21.73428  -92.31938   -0.00001    0.00006          5  0.000e+00
      33938   1414.042     69.925     70.374    22.4428    22.4489   5.208911   5.210046     2.8217     2.4029      45.84   21.73428  -92.31938   -0.00004    0.00010          5  0.000e+00
      33939   1414.083     69.979     70.428    22.4423    22.4495   5.208994   5.210031     2.8230     2.4029      45.84   21.73428  -92.31938   -0.00004    0.00014          5  0.000e+00
      33940   1414.125     69.925     70.374    22.4417    22.4496   5.209168   5.209985     2.8217     2.4017      45.84   21.73428  -92.31938   -0.00007    0.00016          5  0.000e+00
      33941   1414.167     69.931     70.381    22.4425    22.4495   5.209311   5.209977     2.8217     2.4017      45.84   21.73428  -92.31938   -0.00011    0.00018          5  0.000e+00
      33942   1414.208     69.972     70.422    22.4455    22.4496   5.209643   5.209977     2.8217     2.4017      45.84   21.73428  -92.31938   -0.00012    0.00020          5  0.000e+00
      33943   1414.250     69.931     70.381    22.4476    22.4495   5.209967   5.209977     2.8217     2.4029      45.84   21.73428  -92.31938   -0.00013    0.00025          5  0.000e+00
      33944   1414.292     69.925     70.374    22.4514    22.4496   5.210170   5.209939     2.8217     2.4017      45.84   21.73428  -92.31938   -0.00016    0.00025          5  0.000e+00
      33945   1414.333     69.931     70.381    22.4531    22.4495   5.210344   5.209931     2.8217     2.4017      45.84   21.73428  -92.31938   -0.00019    0.00026          5  0.000e+00
      33946   1414.375     69.925     70.374    22.4533    22.4498   5.210457   5.209931     2.8205     2.4017      45.84   21.73428  -92.31938   -0.00022    0.00027          5  0.000e+00
      33947   1414.417     69.931     70.381    22.4538    22.4498   5.210479   5.209931     2.8217     2.4017      45.84   21.73428  -92.31938   -0.00023    0.00028          5  0.000e+00
      33948   1414.458     69.925     70.374    22.4546    22.4495   5.210570   5.209863     2.8217     2.4005      45.84   21.73428  -92.31938   -0.00024    0.00027          5  0.000e+00
      33949   1414.500     69.931     70.381    22.4547    22.4487   5.210638   5.209878     2.8217     2.4005      45.81   21.73428  -92.31938   -0.00025    0.00026          5  0.000e+00
      33950   1414.542     69.925     70.374    22.4547    22.4482   5.210615   5.209855     2.8217     2.4005      45.84   21.73428  -92.31938   -0.00026    0.00024          5  0.000e+00
      33951   1414.583     69.931     70.381    22.4549    22.4484   5.210570   5.209779     2.8217     2.4005      45.84   21.73428  -92.31938   -0.00029    0.00022          5  0.000e+00
      33952   1414.625     69.925     70.374    22.4554    22.4484   5.210562   5.209786     2.8217     2.4005      45.81   21.73428  -92.31938   -0.00030    0.00020          5  0.000e+00
      33953   1414.667     69.931     70.381    22.4560    22.4484   5.210562   5.209771     2.8217     2.3993      45.81   21.73428  -92.31938   -0.00030    0.00016          5  0.000e+00
