GOMECC/GOMECC-4/1db/rb2103_1261.ros
* Sea-Bird SBE 9 Data File:
* FileName = C:\Users\scs.user.rb\CTD\GOMECC4\data\rb2103_1261.hex
* Software Version Seasave V 7.26.7.107
* Temperature SN = 4799
* Conductivity SN = 3860
* Number of Bytes Per Scan = 41
* Number of Voltage Words = 4
* Number of Scans Averaged by the Deck Unit = 1
* NMEA Latitude = 26 37.81 N
* NMEA Longitude = 082 33.26 W
* NMEA UTC (Time) = Oct 19 2021  03:53:17
* NMEA baud rate = 4800
# nquan = 17
# nvalues = 266                                   
# units = specified
# name 0 = scan: Scan Count
# name 1 = timeS: Time, Elapsed [seconds]
# name 2 = depSM: Depth [salt water, m]
# name 3 = prDM: Pressure, Digiquartz [db]
# name 4 = t090C: Temperature [ITS-90, deg C]
# name 5 = t190C: Temperature, 2 [ITS-90, deg C]
# name 6 = c0S/m: Conductivity [S/m]
# name 7 = c1S/m: Conductivity, 2 [S/m]
# name 8 = sbeox0V: Oxygen raw, SBE 43 [V]
# name 9 = sbeox1V: Oxygen raw, SBE 43, 2 [V]
# name 10 = altM: Altimeter [m]
# name 11 = latitude: Latitude [deg]
# name 12 = longitude: Longitude [deg]
# name 13 = sbox0dV/dT: Oxygen, SBE 43 [dov/dt]
# name 14 = sbox1dV/dT: Oxygen, SBE 43, 2 [dov/dt]
# name 15 = nbf: Bottles Fired
# name 16 = flag:  0.000e+00
# interval = seconds: 0.0416667
# start_time = Oct 19 2021 03:53:17 [NMEA time, header]
# bad_flag = -9.990e-29
*END*
[from data line 171]
      21669    902.833      3.272      3.294    28.5610    28.5642   5.716539   5.717069     3.1868     2.6972      17.46   26.63074  -82.55826    0.00010   -0.00068          2  0.000e+00
      21670    902.875      3.272      3.294    28.5619    28.5642   5.716719   5.717005     3.1868     2.6972      17.46   26.63074  -82.55826    0.00009   -0.00069          2  0.000e+00
      21671    902.917      3.272      3.294    28.5624    28.5640   5.716798   5.716974     3.1868     2.6972      17.46   26.63074  -82.55826    0.00009   -0.00071          2  0.000e+00
      21672    902.958      3.272      3.294    28.5630    28.5642   5.716876   5.716974     3.1868     2.6972      17.46   26.63074  -82.55826    0.00010   -0.00072          2  0.000e+00
      21673    903.000      3.225      3.246    28.5635    28.5640   5.716899   5.716974     3.1880     2.6984      17.44   26.63074  -82.55826    0.00012   -0.00072          2  0.000e+00
      21674    903.042      3.272      3.294    28.5634    28.5636   5.716939   5.716950     3.1868     2.6972      17.46   26.63074  -82.55826    0.00012   -0.00074          2  0.000e+00
      21675    903.083      3.273      3.294    28.5632    28.5636   5.716915   5.716894     3.1868     2.6972      17.44   26.63074  -82.55826    0.00011   -0.00075          2  0.000e+00
      21676    903.125      3.218      3.240    28.5633    28.5634   5.716907   5.716910     3.1868     2.6972      17.46   26.63074  -82.55826    0.00011   -0.00075          2  0.000e+00
      21677    903.167      3.273      3.294    28.5632    28.5632   5.716907   5.716886     3.1868     2.6972      17.51   26.63074  -82.55826    0.00011   -0.00076          2  0.000e+00
      21678    903.208      3.273      3.294    28.5632    28.5631   5.716907   5.716926     3.1868     2.6984      17.53   26.63074  -82.55826    0.00010   -0.00076          2  0.000e+00
      21679    903.250      3.273      3.294    28.5636    28.5631   5.716978   5.716854     3.1868     2.6984      17.53   26.63074  -82.55826    0.00010   -0.00073          2  0.000e+00
      21680    903.292      3.273      3.294    28.5635    28.5631   5.717033   5.716902     3.1868     2.6972      17.53   26.63074  -82.55826    0.00010   -0.00075          2  0.000e+00
      21681    903.333      3.273      3.294    28.5641    28.5633   5.717080   5.716926     3.1868     2.6972      17.53   26.63074  -82.55826    0.00009   -0.00074          2  0.000e+00
      21682    903.375      3.273      3.294    28.5646    28.5631   5.717166   5.716934     3.1868     2.6972      17.53   26.63074  -82.55826    0.00009   -0.00074          2  0.000e+00
      21683    903.417      3.273      3.294    28.5644    28.5634   5.717111   5.716926     3.1868     2.6972      17.53   26.63074  -82.55826    0.00009   -0.00073          2  0.000e+00
      21684    903.458      3.327      3.349    28.5643    28.5631   5.717056   5.716926     3.1868     2.6972      17.51   26.63074  -82.55826    0.00008   -0.00072          2  0.000e+00
      21685    903.500      3.320      3.342    28.5639    28.5631   5.716978   5.716926     3.1868     2.6972      17.53   26.63074  -82.55826    0.00008   -0.00071          2  0.000e+00
      21686    903.542      3.374      3.396    28.5638    28.5631   5.716954   5.716902     3.1868     2.6972      17.53   26.63074  -82.55826    0.00010   -0.00070          2  0.000e+00
      21687    903.583      3.374      3.396    28.5635    28.5629   5.716915   5.716878     3.1868     2.6972      17.53   26.63074  -82.55826    0.00011   -0.00068          2  0.000e+00
      21688    903.625      3.327      3.349    28.5634    28.5631   5.716907   5.716910     3.1868     2.6972      17.53   26.63074  -82.55826    0.00011   -0.00065          2  0.000e+00
      21689    903.667      3.421      3.444    28.5632    28.5631   5.716868   5.716926     3.1868     2.6972      17.53   26.63074  -82.55826    0.00012   -0.00062          2  0.000e+00
      21690    903.708      3.374      3.396    28.5630    28.5629   5.716860   5.716926     3.1856     2.6972      17.53   26.63074  -82.55826    0.00010   -0.00059          2  0.000e+00
      21691    903.750      3.421      3.444    28.5629    28.5629   5.716719   5.716902     3.1856     2.6972      17.53   26.63074  -82.55826    0.00009   -0.00056          2  0.000e+00
      21692    903.792      3.421      3.444    28.5622    28.5629   5.716602   5.716878     3.1856     2.6972      17.53   26.63072  -82.55826    0.00007   -0.00053          2  0.000e+00
      21693    903.833      3.476      3.499    28.5618    28.5629   5.716398   5.716807     3.1856     2.6984      17.53   26.63072  -82.55826    0.00005   -0.00047          2  0.000e+00
      21694    903.875      3.469      3.492    28.5608    28.5627   5.716155   5.716815     3.1856     2.6972      17.53   26.63072  -82.55826    0.00003   -0.00044          2  0.000e+00
      21695    903.917      3.476      3.499    28.5598    28.5623   5.716139   5.716735     3.1856     2.6972      17.51   26.63072  -82.55826    0.00003   -0.00040          2  0.000e+00
      21696    903.958      3.523      3.546    28.5596    28.5623   5.716115   5.716767     3.1856     2.6972      17.53   26.63072  -82.55826    0.00001   -0.00037          2  0.000e+00
      21697    904.000      3.476      3.499    28.5595    28.5621   5.716178   5.716854     3.1856     2.6972      17.53   26.63072  -82.55826   -0.00000   -0.00035          2  0.000e+00
      21698    904.042      3.570      3.594    28.5594    28.5625   5.716131   5.717021     3.1856     2.6984      17.53   26.63072  -82.55826   -0.00002   -0.00029          2  0.000e+00
      21699    904.083      3.523      3.546    28.5587    28.5633   5.715966   5.717077     3.1856     2.6972      17.53   26.63072  -82.55826   -0.00004   -0.00027          2  0.000e+00
      21700    904.125      3.523      3.546    28.5584    28.5636   5.715849   5.717180     3.1856     2.6972      17.53   26.63072  -82.55826   -0.00005   -0.00025          2  0.000e+00
      21701    904.167      3.624      3.648    28.5577    28.5638   5.715786   5.717069     3.1856     2.6972      17.53   26.63072  -82.55826   -0.00007   -0.00023          2  0.000e+00
      21702    904.208      3.570      3.594    28.5567    28.5638   5.715637   5.716950     3.1856     2.6972      17.51   26.63072  -82.55826   -0.00008   -0.00020          2  0.000e+00
      21703    904.250      3.624      3.648    28.5562    28.5631   5.715614   5.716870     3.1868     2.6972      17.48   26.63072  -82.55826   -0.00008   -0.00018          2  0.000e+00
      21704    904.292      3.570      3.594    28.5564    28.5631   5.715629   5.716831     3.1868     2.6972      17.51   26.63072  -82.55826   -0.00008   -0.00016          2  0.000e+00
      21705    904.333      3.672      3.696    28.5565    28.5629   5.715637   5.716831     3.1868     2.6972      17.48   26.63072  -82.55826   -0.00007   -0.00013          2  0.000e+00
      21706    904.375      3.625      3.648    28.5566    28.5631   5.715606   5.716902     3.1868     2.6984      17.48   26.63072  -82.55826   -0.00007   -0.00009          2  0.000e+00
      21707    904.417      3.625      3.648    28.5567    28.5629   5.715622   5.716870     3.1868     2.6972      17.48   26.63072  -82.55826   -0.00007   -0.00006          2  0.000e+00
      21708    904.458      3.672      3.696    28.5568    28.5629   5.715637   5.716831     3.1868     2.6984      17.48   26.63072  -82.55826   -0.00007   -0.00003          2  0.000e+00
      21709    904.500      3.672      3.696    28.5565    28.5627   5.715496   5.716799     3.1868     2.6984      17.48   26.63072  -82.55826   -0.00006   -0.00001          2  0.000e+00
      21710    904.542      3.719      3.744    28.5554    28.5629   5.715237   5.716791     3.1868     2.6984      17.48   26.63072  -82.55826   -0.00006    0.00002          2  0.000e+00
      21711    904.583      3.625      3.649    28.5550    28.5623   5.715049   5.716727     3.1868     2.6984      17.48   26.63072  -82.55826   -0.00006    0.00005          2  0.000e+00
      21712    904.625      3.719      3.744    28.5542    28.5627   5.714955   5.716664     3.1868     2.6984      17.48   26.63072  -82.55826   -0.00005    0.00007          2  0.000e+00
      21713    904.667      3.665      3.689    28.5532    28.5631   5.714900   5.716648     3.1868     2.6984      17.48   26.63072  -82.55826   -0.00005    0.00010          2  0.000e+00
      21714    904.708      3.719      3.744    28.5530    28.5631   5.714892   5.716425     3.1880     2.6984      17.48   26.63072  -82.55826   -0.00003    0.00013          2  0.000e+00
      21715    904.750      3.719      3.744    28.5523    28.5612   5.714892   5.716235     3.1868     2.6984      17.48   26.63072  -82.55826   -0.00003    0.00015          2  0.000e+00
      21716    904.792      3.719      3.744    28.5524    28.5594   5.714892   5.716179     3.1880     2.6972      17.48   26.63072  -82.55826   -0.00003    0.00016          2  0.000e+00
      21717    904.833      3.719      3.744    28.5525    28.5595   5.714853   5.716600     3.1880     2.6972      17.48   26.63072  -82.55826   -0.00001    0.00017          2  0.000e+00
      21718    904.875      3.719      3.744    28.5525    28.5612   5.714877   5.717053     3.1868     2.6972      17.48   26.63072  -82.55826   -0.00001    0.00018          2  0.000e+00
      21719    904.917      3.719      3.744    28.5520    28.5631   5.714798   5.717244     3.1880     2.6972      17.48   26.63072  -82.55826   -0.00000    0.00019          2  0.000e+00
      21720    904.958      3.719      3.744    28.5518    28.5634   5.714822   5.717117     3.1880     2.6972      17.48   26.63072  -82.55826   -0.00000    0.00019          2  0.000e+00
      21721    905.000      3.774      3.798    28.5514    28.5629   5.714775   5.716958     3.1868     2.6972      17.48   26.63072  -82.55826   -0.00002    0.00018          2  0.000e+00
      21722    905.042      3.774      3.798    28.5511    28.5620   5.714712   5.716886     3.1880     2.6972      17.48   26.63072  -82.55826   -0.00002    0.00019          2  0.000e+00
      21723    905.083      3.719      3.744    28.5505    28.5622   5.714704   5.716855     3.1880     2.6960      17.48   26.63072  -82.55826   -0.00002    0.00016          2  0.000e+00
      21724    905.125      3.774      3.798    28.5506    28.5623   5.714736   5.716831     3.1880     2.6960      17.48   26.63072  -82.55826   -0.00003    0.00014          2  0.000e+00
      21725    905.167      3.719      3.744    28.5514    28.5614   5.714712   5.716831     3.1880     2.6960      17.44   26.63072  -82.55826   -0.00001    0.00012          2  0.000e+00
      21726    905.208      3.719      3.744    28.5514    28.5609   5.714720   5.716902     3.1880     2.6972      17.44   26.63072  -82.55826    0.00000    0.00011          2  0.000e+00
      21727    905.250      3.774      3.798    28.5517    28.5610   5.714704   5.716902     3.1880     2.6972      17.44   26.63072  -82.55826 -5.275e-07    0.00011          2  0.000e+00
      21728    905.292      3.719      3.744    28.5512    28.5614   5.714775   5.716878     3.1880     2.6972      17.44   26.63072  -82.55826   -0.00000    0.00010          2  0.000e+00
      21729    905.333      3.774      3.798    28.5514    28.5618   5.714830   5.716839     3.1880     2.6972      17.41   26.63072  -82.55826    0.00001    0.00010          2  0.000e+00
      21730    905.375      3.719      3.744    28.5519    28.5622   5.714877   5.716727     3.1880     2.6960      17.44   26.63072  -82.55826    0.00000    0.00007          2  0.000e+00
      21731    905.417      3.774      3.798    28.5523    28.5622   5.714963   5.716672     3.1880     2.6972      17.44   26.63072  -82.55826    0.00001    0.00007          2  0.000e+00
      21732    905.458      3.719      3.744    28.5530    28.5618   5.715057   5.716616     3.1868     2.6960      17.44   26.63072  -82.55826    0.00001    0.00004          2  0.000e+00
      21733    905.500      3.719      3.744    28.5542    28.5614   5.715081   5.716672     3.1880     2.6972      17.44   26.63072  -82.55826    0.00002    0.00002          2  0.000e+00
      21734    905.542      3.719      3.744    28.5543    28.5622   5.715096   5.716863     3.1880     2.6972      17.44   26.63072  -82.55826    0.00003   -0.00000          2  0.000e+00
      21735    905.583      3.719      3.744    28.5539    28.5629   5.715120   5.716870     3.1868     2.6972      17.44   26.63072  -82.55826    0.00002   -0.00002          2  0.000e+00
      21736    905.625      3.719      3.744    28.5539    28.5625   5.715128   5.716696     3.1868     2.6972      17.41   26.63072  -82.55826    0.00002   -0.00005          2  0.000e+00
      21737    905.667      3.719      3.744    28.5539    28.5621   5.715128   5.716751     3.1880     2.6972      17.44   26.63072  -82.55826    0.00003   -0.00007          2  0.000e+00
      21738    905.708      3.672      3.696    28.5537    28.5623   5.715128   5.716791     3.1868     2.6972      17.41   26.63072  -82.55826    0.00002   -0.00010          2  0.000e+00
      21739    905.750      3.719      3.744    28.5538    28.5625   5.715230   5.716767     3.1868     2.6972      17.44   26.63072  -82.55826    0.00001   -0.00012          2  0.000e+00
      21740    905.792      3.672      3.696    28.5547    28.5625   5.715371   5.716743     3.1868     2.6972      17.44   26.63072  -82.55826    0.00003   -0.00015          2  0.000e+00
      21741    905.833      3.625      3.649    28.5552    28.5625   5.715371   5.716743     3.1868     2.6972      17.41   26.63072  -82.55826    0.00002   -0.00017          2  0.000e+00
      21742    905.875      3.516      3.540    28.5551    28.5623   5.715308   5.716743     3.1868     2.6972      17.44   26.63072  -82.55826    0.00001   -0.00020          2  0.000e+00
      21743    905.917      3.774      3.799    28.5546    28.5623   5.715269   5.716751     3.1868     2.6972      17.41   26.63072  -82.55826    0.00002   -0.00022          2  0.000e+00
      21744    905.958      3.625      3.649    28.5539    28.5623   5.715229   5.716711     3.1868     2.6972      17.44   26.63072  -82.55826    0.00003   -0.00023          2  0.000e+00
      21745    906.000      3.571      3.594    28.5539    28.5622   5.715292   5.716624     3.1868     2.6972      17.44   26.63072  -82.55826    0.00005   -0.00024          2  0.000e+00
      21746    906.042      3.571      3.594    28.5539    28.5616   5.715245   5.716529     3.1868     2.6972      17.44   26.63072  -82.55826    0.00006   -0.00025          2  0.000e+00
      21747    906.083      3.571      3.594    28.5542    28.5610   5.715182   5.716441     3.1868     2.6972      17.44   26.63072  -82.55826    0.00005   -0.00026          2  0.000e+00
      21748    906.125      3.571      3.594    28.5537    28.5607   5.715104   5.716409     3.1868     2.6972      17.44   26.63072  -82.55826    0.00005   -0.00027          2  0.000e+00
      21749    906.167      3.523      3.547    28.5538    28.5609   5.715112   5.716481     3.1856     2.6972      17.44   26.63072  -82.55826    0.00004   -0.00026          2  0.000e+00
      21750    906.208      3.523      3.547    28.5543    28.5607   5.715245   5.716505     3.1868     2.6972      17.46   26.63072  -82.55826    0.00004   -0.00025          2  0.000e+00
      21751    906.250      3.476      3.499    28.5550    28.5611   5.715410   5.716552     3.1856     2.6972      17.44   26.63072  -82.55826    0.00003   -0.00024          2  0.000e+00
      21752    906.292      3.469      3.492    28.5558    28.5612   5.715488   5.716552     3.1868     2.6972      17.44   26.63072  -82.55826    0.00003   -0.00023          2  0.000e+00
