GOMECC/GOMECC-4/1db/rb2103_0431.ros
* Sea-Bird SBE 9 Data File:
* FileName = C:\Users\scs.user.rb\CTD\GOMECC4\data\rb2103_0431.hex
* Software Version Seasave V 7.26.7.107
* Temperature SN = 4799
* Conductivity SN = 3860
* Number of Bytes Per Scan = 41
* Number of Voltage Words = 4
* Number of Scans Averaged by the Deck Unit = 1
* NMEA Latitude = 28 29.94 N
* NMEA Longitude = 090 00.00 W
* NMEA UTC (Time) = Sep 26 2021  07:09:27
* NMEA baud rate = 4800
# nquan = 17
# nvalues = 931                                   
# units = specified
# name 0 = scan: Scan Count
# name 1 = timeS: Time, Elapsed [seconds]
# name 2 = depSM: Depth [salt water, m]
# name 3 = prDM: Pressure, Digiquartz [db]
# name 4 = t090C: Temperature [ITS-90, deg C]
# name 5 = t190C: Temperature, 2 [ITS-90, deg C]
# name 6 = c0S/m: Conductivity [S/m]
# name 7 = c1S/m: Conductivity, 2 [S/m]
# name 8 = sbeox0V: Oxygen raw, SBE 43 [V]
# name 9 = sbeox1V: Oxygen raw, SBE 43, 2 [V]
# name 10 = altM: Altimeter [m]
# name 11 = latitude: Latitude [deg]
# name 12 = longitude: Longitude [deg]
# name 13 = sbox0dV/dT: Oxygen, SBE 43 [dov/dt]
# name 14 = sbox1dV/dT: Oxygen, SBE 43, 2 [dov/dt]
# name 15 = nbf: Bottles Fired
# name 16 = flag:  0.000e+00
# interval = seconds: 0.0416667
# start_time = Sep 26 2021 07:09:27 [NMEA time, header]
# bad_flag = -9.990e-29
*END*
[from data line 681]
      39166   1631.875      9.812      9.878    29.3455    29.5053   5.715155   5.749185     3.1441     2.6703      84.40   28.49944  -90.00024    0.00052    0.00109          6  0.000e+00
      39167   1631.917      9.827      9.893    29.3711    29.5414   5.719327   5.759508     3.1441     2.6703      84.37   28.49944  -90.00024    0.00054    0.00099          6  0.000e+00
      39168   1631.958      9.812      9.878    29.3975    29.5617   5.725486   5.764716     3.1429     2.6716      84.37   28.49944  -90.00024    0.00054    0.00091          6  0.000e+00
      39169   1632.000      9.827      9.893    29.4216    29.5716   5.729693   5.764947     3.1429     2.6716      84.40   28.49944  -90.00024    0.00055    0.00084          6  0.000e+00
      39170   1632.042      9.812      9.878    29.4305    29.5569   5.729622   5.761230     3.1429     2.6716      84.37   28.49944  -90.00024    0.00055    0.00077          6  0.000e+00
      39171   1632.083      9.880      9.947    29.4305    29.5033   5.727612   5.755593     3.1429     2.6728      84.32   28.49944  -90.00024    0.00054    0.00072          6  0.000e+00
      39172   1632.125      9.812      9.878    29.4190    29.4851   5.724434   5.753178     3.1416     2.6728      84.30   28.49944  -90.00024    0.00051    0.00070          6  0.000e+00
      39173   1632.167      9.827      9.893    29.3835    29.4962   5.720739   5.754055     3.1416     2.6728      84.30   28.49944  -90.00024    0.00048    0.00067          6  0.000e+00
      39174   1632.208      9.865      9.931    29.3641    29.4992   5.718535   5.753513     3.1416     2.6728      84.30   28.49944  -90.00024    0.00045    0.00063          6  0.000e+00
      39175   1632.250      9.827      9.893    29.3606    29.5127   5.716951   5.753138     3.1416     2.6740      84.30   28.49944  -90.00024    0.00041    0.00063          6  0.000e+00
      39176   1632.292      9.865      9.931    29.3517    29.5074   5.715398   5.750882     3.1416     2.6740      84.30   28.49944  -90.00024    0.00038    0.00063          6  0.000e+00
      39177   1632.333      9.827      9.893    29.3484    29.4877   5.714787   5.745273     3.1416     2.6740      84.30   28.49944  -90.00024    0.00035    0.00064          6  0.000e+00
      39178   1632.375      9.865      9.931    29.3462    29.4758   5.715257   5.740973     3.1416     2.6740      84.30   28.49944  -90.00024    0.00032    0.00063          6  0.000e+00
      39179   1632.417      9.880      9.947    29.3483    29.4777   5.716426   5.739093     3.1416     2.6740      84.30   28.49944  -90.00024    0.00029    0.00063          6  0.000e+00
      39180   1632.458      9.812      9.878    29.3628    29.4669   5.717986   5.736323     3.1416     2.6752      84.30   28.49944  -90.00024    0.00026    0.00065          6  0.000e+00
      39181   1632.500      9.827      9.893    29.3801    29.4289   5.719249   5.732193     3.1404     2.6752      84.30   28.49944  -90.00024    0.00021    0.00068          6  0.000e+00
      39182   1632.542      9.865      9.931    29.3827    29.4124   5.719390   5.731517     3.1404     2.6740      84.30   28.49944  -90.00024    0.00016    0.00069          6  0.000e+00
      39183   1632.583      9.880      9.947    29.3777    29.4368   5.718276   5.735273     3.1416     2.6740      84.30   28.49944  -90.00024    0.00015    0.00074          6  0.000e+00
      39184   1632.625      9.812      9.878    29.3687    29.4580   5.716653   5.738799     3.1416     2.6752      84.30   28.49944  -90.00024    0.00012    0.00077          6  0.000e+00
      39185   1632.667      9.827      9.893    29.3613    29.4615   5.714928   5.739786     3.1416     2.6740      84.30   28.49944  -90.00024    0.00011    0.00081          6  0.000e+00
      39186   1632.708      9.865      9.931    29.3484    29.4470   5.712176   5.737661     3.1429     2.6740      84.30   28.49944  -90.00024    0.00011    0.00085          6  0.000e+00
      39187   1632.750      9.827      9.893    29.3355    29.4359   5.708790   5.734103     3.1429     2.6752      84.30   28.49944  -90.00024    0.00012    0.00090          6  0.000e+00
      39188   1632.792      9.865      9.931    29.3265    29.4242   5.707152   5.731469     3.1429     2.6752      84.30   28.49944  -90.00024    0.00010    0.00096          6  0.000e+00
      39189   1632.833      9.880      9.947    29.3320    29.4183   5.708868   5.729702     3.1429     2.6740      84.30   28.49944  -90.00024    0.00009    0.00099          6  0.000e+00
      39190   1632.875      9.812      9.878    29.3512    29.4092   5.711282   5.727753     3.1441     2.6752      84.30   28.49944  -90.00024    0.00009    0.00106          6  0.000e+00
      39191   1632.917      9.827      9.893    29.3580    29.3996   5.712270   5.724587     3.1441     2.6752      84.30   28.49944  -90.00024    0.00010    0.00112          6  0.000e+00
      39192   1632.958      9.865      9.931    29.3486    29.3840   5.714724   5.721422     3.1441     2.6752      84.30   28.49944  -90.00024    0.00010    0.00118          6  0.000e+00
      39193   1633.000      9.827      9.893    29.3497    29.3713   5.717681   5.719395     3.1453     2.6752      84.30   28.49944  -90.00024    0.00012    0.00125          6  0.000e+00
      39194   1633.042      9.812      9.878    29.3610    29.3651   5.720065   5.718274     3.1465     2.6764      84.27   28.49944  -90.00024    0.00016    0.00131          6  0.000e+00
      39195   1633.083      9.827      9.893    29.3881    29.3587   5.721139   5.717543     3.1465     2.6752      84.25   28.49944  -90.00024    0.00019    0.00138          6  0.000e+00
      39196   1633.125      9.865      9.931    29.4028    29.3618   5.719264   5.718743     3.1465     2.6752      84.25   28.49944  -90.00024    0.00024    0.00144          6  0.000e+00
      39197   1633.167      9.774      9.840    29.3890    29.3725   5.717350   5.721923     3.1465     2.6752      84.27   28.49944  -90.00024    0.00029    0.00149          6  0.000e+00
      39198   1633.208      9.865      9.931    29.4010    29.3727   5.718284   5.722607     3.1477     2.6752      84.27   28.49944  -90.00024    0.00036    0.00154          6  0.000e+00
      39199   1633.250      9.774      9.840    29.3995    29.3721   5.716605   5.720882     3.1490     2.6764      84.27   28.49944  -90.00024    0.00046    0.00161          6  0.000e+00
      39200   1633.292      9.812      9.878    29.3836    29.3755   5.712481   5.718679     3.1477     2.6764      84.27   28.49944  -90.00024    0.00052    0.00168          6  0.000e+00
      39201   1633.333      9.812      9.878    29.3554    29.3674   5.710122   5.717177     3.1490     2.6764      84.25   28.49944  -90.00024    0.00060    0.00176          6  0.000e+00
      39202   1633.375      9.774      9.840    29.3462    29.3668   5.710498   5.714935     3.1490     2.6764      84.27   28.49944  -90.00024    0.00068    0.00184          6  0.000e+00
      39203   1633.417      9.812      9.878    29.3512    29.3418   5.710859   5.710700     3.1490     2.6764      84.25   28.49944  -90.00024    0.00075    0.00192          6  0.000e+00
      39204   1633.458      9.774      9.840    29.3530    29.3202   5.710961   5.707666     3.1502     2.6764      84.25   28.49944  -90.00024    0.00084    0.00200          6  0.000e+00
      39205   1633.500      9.812      9.878    29.3506    29.3105   5.712144   5.706824     3.1502     2.6764      84.27   28.49944  -90.00024    0.00093    0.00205          6  0.000e+00
      39206   1633.542      9.774      9.840    29.3506    29.3022   5.713305   5.705958     3.1502     2.6752      84.27   28.49944  -90.00024    0.00102    0.00211          6  0.000e+00
      39207   1633.583      9.751      9.817    29.3585    29.2991   5.713399   5.704942     3.1502     2.6752      84.25   28.49944  -90.00024    0.00111    0.00214          6  0.000e+00
      39208   1633.625      9.774      9.840    29.3630    29.2965   5.713297   5.703901     3.1502     2.6752      84.27   28.49944  -90.00024    0.00119    0.00220          6  0.000e+00
      39209   1633.667      9.751      9.817    29.3639    29.2952   5.713101   5.702250     3.1502     2.6752      84.25   28.49944  -90.00024    0.00125    0.00223          6  0.000e+00
      39210   1633.708      9.774      9.840    29.3580    29.2885   5.712121   5.700813     3.1502     2.6752      84.27   28.49944  -90.00024    0.00131    0.00228          6  0.000e+00
      39211   1633.750      9.699      9.764    29.3490    29.2818   5.710796   5.700352     3.1490     2.6740      84.25   28.49944  -90.00024    0.00135    0.00229          6  0.000e+00
      39212   1633.792      9.774      9.840    29.3315    29.2803   5.710114   5.700265     3.1502     2.6752      84.25   28.49944  -90.00024    0.00141    0.00234          6  0.000e+00
      39213   1633.833      9.751      9.817    29.3217    29.2811   5.711055   5.699693     3.1502     2.6752      84.27   28.49944  -90.00024    0.00146    0.00236          6  0.000e+00
      39214   1633.875      9.714      9.779    29.3344    29.2790   5.712529   5.698550     3.1502     2.6752      84.27   28.49944  -90.00024    0.00152    0.00241          6  0.000e+00
      39215   1633.917      9.751      9.817    29.3388    29.2686   5.713360   5.697010     3.1502     2.6740      84.25   28.49944  -90.00024    0.00155    0.00243          6  0.000e+00
      39216   1633.958      9.714      9.779    29.3425    29.2560   5.713760   5.695518     3.1502     2.6752      84.27   28.49944  -90.00024    0.00159    0.00247          6  0.000e+00
      39217   1634.000      9.699      9.764    29.3459    29.2514   5.714301   5.694693     3.1502     2.6752      84.27   28.49944  -90.00024    0.00164    0.00251          6  0.000e+00
      39218   1634.042      9.661      9.726    29.3449    29.2468   5.714826   5.694614     3.1502     2.6752      84.37   28.49944  -90.00024    0.00168    0.00253          6  0.000e+00
      39219   1634.083      9.699      9.764    29.3412    29.2484   5.715422   5.695265     3.1502     2.6752      84.47   28.49944  -90.00024    0.00171    0.00255          6  0.000e+00
      39220   1634.125      9.774      9.840    29.3394    29.2514   5.715893   5.695344     3.1502     2.6752      84.49   28.49944  -90.00024    0.00177    0.00258          6  0.000e+00
      39221   1634.167      9.638      9.703    29.3460    29.2501   5.716779   5.694796     3.1502     2.6764      84.47   28.49944  -90.00024    0.00182    0.00263          6  0.000e+00
      39222   1634.208      9.714      9.779    29.3630    29.2512   5.718802   5.694320     3.1502     2.6764      84.47   28.49944  -90.00024    0.00185    0.00268          6  0.000e+00
      39223   1634.250      9.638      9.703    29.3619    29.2517   5.720873   5.694368     3.1502     2.6764      84.47   28.49944  -90.00024    0.00190    0.00271          6  0.000e+00
      39224   1634.292      9.661      9.726    29.3527    29.2534   5.722599   5.694653     3.1502     2.6777      84.47   28.49944  -90.00024    0.00194    0.00275          6  0.000e+00
      39225   1634.333      9.699      9.764    29.3482    29.2521   5.723431   5.695399     3.1502     2.6777      84.47   28.49944  -90.00024    0.00199    0.00279          6  0.000e+00
      39226   1634.375      9.661      9.726    29.3551    29.2657   5.723070   5.696963     3.1502     2.6777      84.47   28.49944  -90.00024    0.00203    0.00283          6  0.000e+00
      39227   1634.417      9.638      9.703    29.3678    29.2764   5.722238   5.697748     3.1502     2.6777      84.47   28.49944  -90.00024    0.00207    0.00289          6  0.000e+00
      39228   1634.458      9.714      9.779    29.3746    29.2772   5.721453   5.697550     3.1502     2.6789      84.47   28.49944  -90.00024    0.00210    0.00294          6  0.000e+00
      39229   1634.500      9.585      9.650    29.3811    29.2729   5.720527   5.697129     3.1502     2.6789      84.47   28.49944  -90.00024    0.00216    0.00299          6  0.000e+00
      39230   1634.542      9.661      9.726    29.3705    29.2710   5.720174   5.696566     3.1502     2.6789      84.47   28.49944  -90.00024    0.00219    0.00304          6  0.000e+00
      39231   1634.583      9.638      9.703    29.3747    29.2672   5.721971   5.695248     3.1502     2.6777      84.47   28.49944  -90.00024    0.00222    0.00306          6  0.000e+00
      39232   1634.625      9.661      9.726    29.3858    29.2523   5.725910   5.693788     3.1502     2.6777      84.47   28.49944  -90.00024    0.00225    0.00307          6  0.000e+00
      39233   1634.667      9.638      9.703    29.3967    29.2430   5.729528   5.693487     3.1502     2.6777      84.47   28.49944  -90.00024    0.00227    0.00309          6  0.000e+00
      39234   1634.708      9.661      9.726    29.4159    29.2427   5.731663   5.694598     3.1502     2.6777      84.47   28.49944  -90.00024    0.00230    0.00309          6  0.000e+00
      39235   1634.750      9.585      9.650    29.4228    29.2525   5.733477   5.697288     3.1502     2.6777      84.47   28.49944  -90.00024    0.00232    0.00309          6  0.000e+00
      39236   1634.792      9.661      9.726    29.4389    29.2690   5.734929   5.701258     3.1490     2.6777      84.47   28.49944  -90.00024    0.00232    0.00308          6  0.000e+00
      39237   1634.833      9.699      9.764    29.4482    29.2786   5.736209   5.707230     3.1490     2.6764      84.49   28.49944  -90.00024    0.00234    0.00304          6  0.000e+00
      39238   1634.875      9.548      9.612    29.4512    29.3028   5.736806   5.714889     3.1490     2.6764      84.47   28.49944  -90.00024    0.00234    0.00299          6  0.000e+00
      39239   1634.917      9.638      9.703    29.4536    29.3403   5.736617   5.722520     3.1490     2.6764      84.47   28.49944  -90.00024    0.00234    0.00295          6  0.000e+00
      39240   1634.958      9.661      9.726    29.4530    29.3588   5.736798   5.728478     3.1490     2.6764      84.47   28.49944  -90.00024    0.00233    0.00286          6  0.000e+00
      39241   1635.000      9.585      9.650    29.4547    29.3898   5.737293   5.732122     3.1490     2.6764      84.47   28.49944  -90.00024    0.00235    0.00277          6  0.000e+00
      39242   1635.042      9.661      9.726    29.4545    29.4079   5.737851   5.733840     3.1477     2.6764      84.42   28.49944  -90.00024    0.00234    0.00273          6  0.000e+00
      39243   1635.083      9.638      9.703    29.4563    29.4107   5.738259   5.734692     3.1477     2.6764      84.40   28.49944  -90.00024    0.00231    0.00267          6  0.000e+00
      39244   1635.125      9.661      9.726    29.4576    29.4313   5.738330   5.734899     3.1477     2.6752      84.40   28.49944  -90.00024    0.00229    0.00257          6  0.000e+00
      39245   1635.167      9.638      9.703    29.4532    29.4426   5.738966   5.732924     3.1477     2.6752      84.40   28.49944  -90.00024    0.00226    0.00245          6  0.000e+00
      39246   1635.208      9.600      9.665    29.4626    29.4111   5.740396   5.730004     3.1477     2.6752      84.40   28.49944  -90.00024    0.00223    0.00234          6  0.000e+00
      39247   1635.250      9.638      9.703    29.4689    29.3936   5.740891   5.727069     3.1477     2.6752      84.40   28.49944  -90.00024    0.00220    0.00225          6  0.000e+00
      39248   1635.292      9.661      9.726    29.4606    29.3855   5.741142   5.724054     3.1477     2.6752      84.40   28.49944  -90.00024    0.00216    0.00216          6  0.000e+00
      39249   1635.333      9.638      9.703    29.4623    29.3840   5.742266   5.721303     3.1477     2.6752      84.40   28.49944  -90.00024    0.00213    0.00205          6  0.000e+00
