GOMECC/GOMECC-4/1db/rb2103_0671.ros
* Sea-Bird SBE 9 Data File:
* FileName = C:\Users\scs.user.rb\CTD\GOMECC4\data\rb2103_0671.hex
* Software Version Seasave V 7.26.7.107
* Temperature SN = 4799
* Conductivity SN = 3860
* Number of Bytes Per Scan = 41
* Number of Voltage Words = 4
* Number of Scans Averaged by the Deck Unit = 1
* NMEA Latitude = 26 03.51 N
* NMEA Longitude = 095 50.44 W
* NMEA UTC (Time) = Oct 03 2021  02:51:18
* NMEA baud rate = 4800
# nquan = 17
# nvalues = 2527                                  
# units = specified
# name 0 = scan: Scan Count
# name 1 = timeS: Time, Elapsed [seconds]
# name 2 = depSM: Depth [salt water, m]
# name 3 = prDM: Pressure, Digiquartz [db]
# name 4 = t090C: Temperature [ITS-90, deg C]
# name 5 = t190C: Temperature, 2 [ITS-90, deg C]
# name 6 = c0S/m: Conductivity [S/m]
# name 7 = c1S/m: Conductivity, 2 [S/m]
# name 8 = sbeox0V: Oxygen raw, SBE 43 [V]
# name 9 = sbeox1V: Oxygen raw, SBE 43, 2 [V]
# name 10 = altM: Altimeter [m]
# name 11 = latitude: Latitude [deg]
# name 12 = longitude: Longitude [deg]
# name 13 = sbox0dV/dT: Oxygen, SBE 43 [dov/dt]
# name 14 = sbox1dV/dT: Oxygen, SBE 43, 2 [dov/dt]
# name 15 = nbf: Bottles Fired
# name 16 = flag:  0.000e+00
# interval = seconds: 0.0416667
# start_time = Oct 03 2021 02:51:18 [NMEA time, header]
# bad_flag = -9.990e-29
*END*
[from data line 1107]
      95208   3966.958    169.349    170.529    17.0460    17.0495   4.647644   4.648033     1.8706     1.5458     100.00   26.06008  -95.83986   -0.00013    0.00030          9  0.000e+00
      95209   3967.000    169.349    170.529    17.0458    17.0496   4.647651   4.648055     1.8706     1.5458     100.00   26.06008  -95.83986   -0.00012    0.00030          9  0.000e+00
      95210   3967.042    169.302    170.481    17.0458    17.0498   4.647565   4.648091     1.8706     1.5458     100.00   26.06008  -95.83986   -0.00012    0.00031          9  0.000e+00
      95211   3967.083    169.349    170.529    17.0462    17.0496   4.647594   4.648106     1.8706     1.5458     100.00   26.06008  -95.83986   -0.00011    0.00030          9  0.000e+00
      95212   3967.125    169.370    170.549    17.0460    17.0496   4.647572   4.648077     1.8706     1.5458     100.00   26.06008  -95.83986   -0.00011    0.00029          9  0.000e+00
      95213   3967.167    169.349    170.529    17.0456    17.0498   4.647543   4.648091     1.8706     1.5458     100.00   26.06008  -95.83986   -0.00010    0.00028          9  0.000e+00
      95214   3967.208    169.349    170.529    17.0451    17.0496   4.647536   4.648077     1.8706     1.5458     100.00   26.06008  -95.83986   -0.00009    0.00026          9  0.000e+00
      95215   3967.250    169.349    170.529    17.0445    17.0498   4.647472   4.648091     1.8706     1.5458     100.00   26.06008  -95.83986   -0.00009    0.00025          9  0.000e+00
      95216   3967.292    169.302    170.481    17.0441    17.0498   4.647500   4.648106     1.8706     1.5458     100.00   26.06008  -95.83986   -0.00008    0.00024          9  0.000e+00
      95217   3967.333    169.316    170.495    17.0441    17.0498   4.647472   4.648106     1.8706     1.5446     100.00   26.06008  -95.83986   -0.00007    0.00021          9  0.000e+00
      95218   3967.375    169.350    170.529    17.0439    17.0496   4.647457   4.648128     1.8706     1.5458     100.00   26.06008  -95.83986   -0.00008    0.00020          9  0.000e+00
      95219   3967.417    169.350    170.529    17.0443    17.0497   4.647486   4.648084     1.8706     1.5458     100.00   26.06008  -95.83986   -0.00009    0.00018          9  0.000e+00
      95220   3967.458    169.302    170.481    17.0439    17.0500   4.647457   4.648091     1.8706     1.5458     100.00   26.06008  -95.83986   -0.00008    0.00017          9  0.000e+00
      95221   3967.500    169.302    170.481    17.0439    17.0500   4.647421   4.648128     1.8706     1.5458     100.00   26.06008  -95.83986   -0.00007    0.00017          9  0.000e+00
      95222   3967.542    169.370    170.550    17.0439    17.0498   4.647421   4.648113     1.8706     1.5446     100.00   26.06008  -95.83986   -0.00006    0.00014          9  0.000e+00
      95223   3967.583    169.302    170.481    17.0438    17.0496   4.647385   4.648106     1.8706     1.5446     100.00   26.06008  -95.83986   -0.00007    0.00011          9  0.000e+00
      95224   3967.625    169.302    170.482    17.0434    17.0496   4.647400   4.648106     1.8706     1.5446     100.00   26.06008  -95.83986   -0.00008    0.00008          9  0.000e+00
      95225   3967.667    169.302    170.482    17.0433    17.0495   4.647385   4.648077     1.8706     1.5446     100.00   26.06008  -95.83986   -0.00009    0.00005          9  0.000e+00
      95226   3967.708    169.350    170.529    17.0436    17.0498   4.647349   4.648091     1.8706     1.5446     100.00   26.06008  -95.83986   -0.00008    0.00002          9  0.000e+00
      95227   3967.750    169.269    170.447    17.0438    17.0496   4.647342   4.648106     1.8706     1.5446     100.00   26.06008  -95.83986   -0.00007   -0.00001          9  0.000e+00
      95228   3967.792    169.350    170.530    17.0438    17.0498   4.647385   4.648077     1.8706     1.5446     100.00   26.06008  -95.83986   -0.00008   -0.00005          9  0.000e+00
      95229   3967.833    169.255    170.434    17.0436    17.0496   4.647356   4.648055     1.8706     1.5446     100.00   26.06008  -95.83986   -0.00009   -0.00006          9  0.000e+00
      95230   3967.875    169.303    170.482    17.0434    17.0496   4.647364   4.648033     1.8706     1.5446     100.00   26.06008  -95.83986   -0.00009   -0.00007          9  0.000e+00
      95231   3967.917    169.303    170.482    17.0433    17.0496   4.647378   4.648113     1.8718     1.5446     100.00   26.06008  -95.83986   -0.00007   -0.00008          9  0.000e+00
      95232   3967.958    169.167    170.345    17.0433    17.0498   4.647335   4.648084     1.8706     1.5446     100.00   26.06008  -95.83986   -0.00007   -0.00010          9  0.000e+00
      95233   3968.000    169.452    170.632    17.0434    17.0498   4.647364   4.648091     1.8706     1.5446     100.00   26.06008  -95.83986   -0.00008   -0.00013          9  0.000e+00
      95234   3968.042    169.255    170.434    17.0436    17.0498   4.647349   4.648076     1.8706     1.5458     100.00   26.06008  -95.83986   -0.00009   -0.00014          9  0.000e+00
      95235   3968.083    169.303    170.482    17.0436    17.0496   4.647364   4.648069     1.8706     1.5446     100.00   26.06008  -95.83986   -0.00008   -0.00017          9  0.000e+00
      95236   3968.125    169.255    170.434    17.0438    17.0496   4.647335   4.648069     1.8718     1.5446     100.00   26.06008  -95.83986   -0.00007   -0.00018          9  0.000e+00
      95237   3968.167    169.303    170.482    17.0436    17.0495   4.647392   4.648033     1.8706     1.5446     100.00   26.06008  -95.83986   -0.00008   -0.00019          9  0.000e+00
      95238   3968.208    169.269    170.448    17.0439    17.0495   4.647385   4.648084     1.8706     1.5446     100.00   26.06008  -95.83986   -0.00007   -0.00021          9  0.000e+00
      95239   3968.250    169.303    170.482    17.0438    17.0495   4.647407   4.648077     1.8706     1.5446     100.00   26.06008  -95.83986   -0.00007   -0.00022          9  0.000e+00
      95240   3968.292    169.256    170.434    17.0436    17.0498   4.647407   4.648055     1.8706     1.5446     100.00   26.06008  -95.83986   -0.00008   -0.00023          9  0.000e+00
      95241   3968.333    169.256    170.434    17.0433    17.0496   4.647443   4.648033     1.8706     1.5446     100.00   26.06008  -95.83986   -0.00007   -0.00024          9  0.000e+00
      95242   3968.375    169.256    170.435    17.0436    17.0500   4.647457   4.648055     1.8718     1.5458     100.00   26.06008  -95.83986   -0.00006   -0.00025          9  0.000e+00
      95243   3968.417    169.269    170.448    17.0436    17.0498   4.647457   4.648091     1.8718     1.5446     100.00   26.06008  -95.83986   -0.00005   -0.00026          9  0.000e+00
      95244   3968.458    169.256    170.435    17.0438    17.0497   4.647443   4.648076     1.8706     1.5446     100.00   26.06008  -95.83986   -0.00006   -0.00029          9  0.000e+00
      95245   3968.500    169.256    170.435    17.0439    17.0495   4.647421   4.648091     1.8706     1.5446     100.00   26.06008  -95.83986   -0.00005   -0.00030          9  0.000e+00
      95246   3968.542    169.256    170.435    17.0438    17.0496   4.647385   4.648077     1.8718     1.5446     100.00   26.06008  -95.83986   -0.00004   -0.00031          9  0.000e+00
      95247   3968.583    169.256    170.435    17.0434    17.0496   4.647421   4.648091     1.8706     1.5446     100.00   26.06008  -95.83986   -0.00005   -0.00032          9  0.000e+00
      95248   3968.625    169.222    170.401    17.0438    17.0495   4.647421   4.648106     1.8706     1.5458     100.00   26.06008  -95.83986   -0.00005   -0.00031          9  0.000e+00
      95249   3968.667    169.256    170.435    17.0439    17.0498   4.647443   4.648040     1.8706     1.5458     100.00   26.06008  -95.83986   -0.00006   -0.00030          9  0.000e+00
      95250   3968.708    169.256    170.435    17.0441    17.0492   4.647457   4.647996     1.8718     1.5458     100.00   26.06008  -95.83986   -0.00005   -0.00029          9  0.000e+00
      95251   3968.750    169.256    170.435    17.0443    17.0489   4.647443   4.647975     1.8718     1.5458     100.00   26.06008  -95.83986   -0.00003   -0.00029          9  0.000e+00
      95252   3968.792    169.256    170.435    17.0443    17.0484   4.647421   4.647953     1.8706     1.5458     100.00   26.06008  -95.83986   -0.00003   -0.00028          9  0.000e+00
      95253   3968.833    169.222    170.401    17.0441    17.0480   4.647479   4.647916     1.8718     1.5458     100.00   26.06008  -95.83986   -0.00002   -0.00027          9  0.000e+00
      95254   3968.875    169.256    170.435    17.0439    17.0482   4.647464   4.647931     1.8718     1.5458     100.00   26.06008  -95.83986   -0.00002   -0.00026          9  0.000e+00
      95255   3968.917    169.202    170.381    17.0436    17.0486   4.647443   4.647974     1.8718     1.5458     100.00   26.06008  -95.83986   -0.00001   -0.00025          9  0.000e+00
      95256   3968.958    169.202    170.381    17.0434    17.0489   4.647450   4.648047     1.8706     1.5458     100.00   26.06008  -95.83986   -0.00002   -0.00025          9  0.000e+00
      95257   3969.000    169.256    170.435    17.0436    17.0495   4.647486   4.648120     1.8718     1.5458     100.00   26.06008  -95.83986   -0.00001   -0.00024          9  0.000e+00
      95258   3969.042    169.168    170.346    17.0438    17.0495   4.647464   4.648084     1.8718     1.5458     100.00   26.06008  -95.83986 3.5168e-07   -0.00023          9  0.000e+00
      95259   3969.083    169.304    170.483    17.0439    17.0498   4.647479   4.648120     1.8706     1.5458     100.00   26.06008  -95.83986   -0.00001   -0.00022          9  0.000e+00
      95260   3969.125    169.257    170.435    17.0438    17.0500   4.647522   4.648113     1.8706     1.5458     100.00   26.06008  -95.83986   -0.00000   -0.00021          9  0.000e+00
      95261   3969.167    169.202    170.381    17.0446    17.0500   4.647536   4.648106     1.8718     1.5458     100.00   26.06008  -95.83986    0.00002   -0.00021          9  0.000e+00
      95262   3969.208    169.257    170.436    17.0453    17.0500   4.647536   4.648098     1.8718     1.5458     100.00   26.06008  -95.83986    0.00005   -0.00020          9  0.000e+00
      95263   3969.250    169.202    170.381    17.0455    17.0503   4.647522   4.648127     1.8706     1.5458     100.00   26.06008  -95.83986    0.00004   -0.00019          9  0.000e+00
      95264   3969.292    169.270    170.449    17.0455    17.0501   4.647529   4.648142     1.8718     1.5458     100.00   26.06008  -95.83986    0.00005   -0.00018          9  0.000e+00
      95265   3969.333    169.203    170.381    17.0460    17.0501   4.647565   4.648113     1.8718     1.5458     100.00   26.06008  -95.83986    0.00006   -0.00017          9  0.000e+00
      95266   3969.375    169.257    170.436    17.0456    17.0500   4.647601   4.648127     1.8718     1.5458     100.00   26.06008  -95.83986    0.00008   -0.00017          9  0.000e+00
      95267   3969.417    169.257    170.436    17.0460    17.0501   4.647543   4.648142     1.8718     1.5458     100.00   26.06008  -95.83986    0.00011   -0.00016          9  0.000e+00
      95268   3969.458    169.257    170.436    17.0453    17.0500   4.647500   4.648142     1.8718     1.5458     100.00   26.06008  -95.83986    0.00011   -0.00015          9  0.000e+00
      95269   3969.500    169.271    170.450    17.0450    17.0496   4.647522   4.648142     1.8718     1.5458     100.00   26.06008  -95.83986    0.00012   -0.00014          9  0.000e+00
      95270   3969.542    169.203    170.381    17.0450    17.0498   4.647594   4.648084     1.8718     1.5458     100.00   26.06008  -95.83986    0.00013   -0.00013          9  0.000e+00
      95271   3969.583    169.257    170.436    17.0463    17.0496   4.647637   4.648069     1.8718     1.5458     100.00   26.06008  -95.83986    0.00013   -0.00013          9  0.000e+00
      95272   3969.625    169.257    170.436    17.0472    17.0496   4.647737   4.648069     1.8718     1.5458     100.00   26.06008  -95.83986    0.00014   -0.00012          9  0.000e+00
      95273   3969.667    169.305    170.484    17.0480    17.0498   4.647860   4.648091     1.8718     1.5458     100.00   26.06008  -95.83986    0.00014   -0.00011          9  0.000e+00
      95274   3969.708    169.271    170.450    17.0486    17.0496   4.647896   4.648098     1.8718     1.5458     100.00   26.06008  -95.83986    0.00015   -0.00010          9  0.000e+00
      95275   3969.750    169.257    170.436    17.0487    17.0500   4.647917   4.648106     1.8718     1.5458     100.00   26.06008  -95.83986    0.00017   -0.00009          9  0.000e+00
      95276   3969.792    169.305    170.484    17.0486    17.0500   4.647903   4.648128     1.8718     1.5458     100.00   26.06008  -95.83986    0.00019   -0.00008          9  0.000e+00
      95277   3969.833    169.257    170.436    17.0484    17.0501   4.647896   4.648084     1.8718     1.5458     100.00   26.06008  -95.83986    0.00022   -0.00008          9  0.000e+00
      95278   3969.875    169.305    170.484    17.0484    17.0501   4.647860   4.648091     1.8718     1.5458     100.00   26.06008  -95.83986    0.00022   -0.00007          9  0.000e+00
      95279   3969.917    169.271    170.450    17.0482    17.0501   4.647874   4.648164     1.8718     1.5458     100.00   26.06008  -95.83986    0.00023   -0.00006          9  0.000e+00
      95280   3969.958    169.305    170.484    17.0481    17.0503   4.647860   4.648149     1.8706     1.5446     100.00   26.06008  -95.83986    0.00021   -0.00007          9  0.000e+00
      95281   3970.000    169.305    170.484    17.0480    17.0500   4.647824   4.648113     1.8718     1.5458     100.00   26.06008  -95.83986    0.00023   -0.00006          9  0.000e+00
      95282   3970.042    169.305    170.484    17.0480    17.0501   4.647838   4.648128     1.8718     1.5458     100.00   26.06008  -95.83986    0.00024   -0.00005          9  0.000e+00
      95283   3970.083    169.353    170.532    17.0477    17.0500   4.647809   4.648113     1.8718     1.5458     100.00   26.06008  -95.83986    0.00024   -0.00004          9  0.000e+00
      95284   3970.125    169.170    170.348    17.0472    17.0500   4.647781   4.648098     1.8706     1.5458     100.00   26.06008  -95.83986    0.00023   -0.00002          9  0.000e+00
      95285   3970.167    169.455    170.635    17.0474    17.0498   4.647774   4.648077     1.8718     1.5458     100.00   26.06008  -95.83986    0.00023   -0.00001          9  0.000e+00
      95286   3970.208    169.353    170.532    17.0470    17.0500   4.647802   4.648069     1.8718     1.5458     100.00   26.06008  -95.83986    0.00025 -5.275e-07          9  0.000e+00
      95287   3970.250    169.305    170.485    17.0462    17.0496   4.647687   4.648069     1.8718     1.5458     100.00   26.06008  -95.83986    0.00027    0.00001          9  0.000e+00
      95288   3970.292    169.407    170.587    17.0455    17.0498   4.647623   4.648120     1.8706     1.5458     100.00   26.06008  -95.83986    0.00028    0.00002          9  0.000e+00
      95289   3970.333    169.353    170.533    17.0450    17.0500   4.647551   4.648113     1.8718     1.5458     100.00   26.06008  -95.83986    0.00030    0.00003          9  0.000e+00
      95290   3970.375    169.373    170.553    17.0448    17.0498   4.647536   4.648106     1.8718     1.5458     100.00   26.06008  -95.83986    0.00030    0.00003          9  0.000e+00
      95291   3970.417    169.353    170.533    17.0450    17.0500   4.647558   4.648128     1.8706     1.5458     100.00   26.06008  -95.83986    0.00030    0.00004          9  0.000e+00
