GOMECC/GOMECC-4/1db/urb2103_0841.cnv
* Sea-Bird SBE 9 Data File:
* FileName = C:\Users\scs.user.rb\CTD\GOMECC4\data\rb2103_0841.hex
* Software Version Seasave V 7.26.7.107
* Temperature SN = 4799
* Conductivity SN = 3860
* Number of Bytes Per Scan = 41
* Number of Voltage Words = 4
* Number of Scans Averaged by the Deck Unit = 1
* NMEA Latitude = 20 43.74 N
* NMEA Longitude = 094 44.99 W
* NMEA UTC (Time) = Oct 07 2021  16:02:53
* NMEA baud rate = 4800
# nquan = 28
# nvalues = 418                         
# units = specified
# name 0 = scan: Scan Count
# name 1 = timeS: Time, Elapsed [seconds]
# name 2 = depSM: Depth [salt water, m]
# name 3 = prDM: Pressure, Digiquartz [db]
# name 4 = t090C: Temperature [ITS-90, deg C]
# name 5 = t190C: Temperature, 2 [ITS-90, deg C]
# name 6 = c0S/m: Conductivity [S/m]
# name 7 = c1S/m: Conductivity, 2 [S/m]
# name 8 = sbeox0V: Oxygen raw, SBE 43 [V]
# name 9 = sbeox1V: Oxygen raw, SBE 43, 2 [V]
# name 10 = altM: Altimeter [m]
# name 11 = latitude: Latitude [deg]
# name 12 = longitude: Longitude [deg]
# name 13 = sbox0dV/dT: Oxygen, SBE 43 [dov/dt]
# name 14 = sbox1dV/dT: Oxygen, SBE 43, 2 [dov/dt]
# name 15 = sbeox0ML/L: Oxygen, SBE 43 [ml/l], WS = 5
# name 16 = sbeox1ML/L: Oxygen, SBE 43, 2 [ml/l], WS = 5
# name 17 = potemp090C: Potential Temperature [ITS-90, deg C]
# name 18 = potemp190C: Potential Temperature, 2 [ITS-90, deg C]
# name 19 = sal00: Salinity, Practical [PSU]
# name 20 = sal11: Salinity, Practical, 2 [PSU]
# name 21 = sigma-é00: Density [sigma-theta, kg/m^3]
# name 22 = sigma-é11: Density, 2 [sigma-theta, kg/m^3]
# name 23 = avgsvCM: Average Sound Velocity [Chen-Millero, m/s], minP = 20, minS = 20
# name 24 = sbox0Mm/Kg: Oxygen, SBE 43 [umol/kg], WS = 5
# name 25 = sbox1Mm/Kg: Oxygen, SBE 43, 2 [umol/kg], WS = 5
# name 26 = nbin: number of scans per bin
# name 27 = flag: flag
# span 0 =     104646,     245304       
# span 1 =   4360.192,  10220.976       
# span 2 =      0.994,   3190.645       
# span 3 =      1.000,   3235.000       
# span 4 =     4.2654,    30.1133       
# span 5 =     4.2664,    30.1149       
# span 6 =   3.340785,   6.114497       
# span 7 =   3.340734,   6.114687       
# span 8 =     1.5650,     3.3146       
# span 9 =     1.2677,     2.8205       
# span 10 =      11.23,     103.12      
# span 11 =   20.62452,   21.14600      
# span 12 =  -96.65973,  -94.27599      
# span 13 =   -0.01188,    0.02163      
# span 14 =   -0.00824,    0.02317      
# span 15 =     2.3814,     4.9554      
# span 16 =     2.3934,     4.9520      
# span 17 =     4.0774,    30.1123      
# span 18 =     4.0783,    30.1139      
# span 19 =    34.9119,    37.1664      
# span 20 =    34.9099,    37.1667      
# span 21 =    22.8780,    27.7596      
# span 22 =    22.8775,    27.7583      
# span 23 =    1494.33,    1532.11      
# span 24 =    103.553,    216.108      
# span 25 =    104.078,    215.944      
# span 26 =         30,         71      
# span 27 = 0.0000e+00, 0.0000e+00      
# interval = decibars: 1                
# start_time = Oct 07 2021 16:02:53 [NMEA time, header]
# bad_flag = -9.990e-29
*END*
[from data line 259]
     197363   8223.430    663.813    669.000     6.5840     6.5887   3.512629   3.513045     1.6730     1.3657     100.79   20.72852  -94.75098   -0.00095   -0.00122     3.0182     3.0230     6.5214     6.5260    34.9161    34.9159    27.4181    27.4174    1501.86    131.197    131.403         30 0.0000e+00
     197739   8239.063    649.943    655.000     6.7272     6.7336   3.525530   3.525974     1.6594     1.3536      53.93   20.72879  -94.75216   -0.00069   -0.00094     2.9582     2.9649     6.6653     6.6716    34.9202    34.9188    27.4020    27.4000    1501.88    128.592    128.879         31 0.0000e+00
     198130   8255.363    635.082    640.000     6.8304     6.8365   3.534501   3.534947     1.6484     1.3444     100.00   20.72814  -94.74913   -0.00053   -0.00037     2.9100     2.9200     6.7694     6.7755    34.9219    34.9206    27.3891    27.3873    1501.83    126.496    126.929         30 0.0000e+00
     198239   8259.928    631.119    636.000     6.8592     6.8615   3.537051   3.537164     1.6469     1.3432     100.00   20.72888  -94.75250   -0.00031   -0.00033     2.9015     2.9123     6.7985     6.8008    34.9228    34.9218    27.3858    27.3847    1501.88    126.126    126.595         31 0.0000e+00
     198387   8266.072    628.146    633.000     6.8651     6.8725   3.537887   3.538582     1.6448     1.3415     100.02   20.73180  -94.76584   -0.00049   -0.00048     2.8931     2.9044     6.8046     6.8120    34.9280    34.9234    27.3893    27.3845    1502.10    125.761    126.252         46 0.0000e+00
     198439   8268.259    627.156    632.000     6.8589     6.8728   3.537003   3.538008     1.6438     1.3409     100.00   20.72854  -94.75094   -0.00037   -0.00046     2.8903     2.9021     6.7986     6.8124    34.9230    34.9215    27.3860    27.3829    1501.86    125.639    126.153         53 0.0000e+00
     198541   8272.519    626.164    631.000     6.8731     6.9035   3.538166   3.540769     1.6443     1.3412     100.00   20.72854  -94.75094    0.00017    0.00022     2.8905     2.9007     6.8128     6.8431    34.9229    34.9217    27.3840    27.3789    1501.86    125.647    126.091         61 0.0000e+00
     198655   8277.245    625.174    630.000     6.9072     6.9277   3.541342   3.542995     1.6436     1.3392     100.00   20.72854  -94.75094   -0.00014   -0.00043     2.8853     2.8914     6.8468     6.8672    34.9244    34.9218    27.3805    27.3756    1501.86    125.422    125.688         51 0.0000e+00
     198912   8287.943    623.192    628.000     6.9515     6.9756   3.546552   3.548182     1.6391     1.3359     100.02   20.73293  -94.77101   -0.00050   -0.00024     2.8667     2.8755     6.8912     6.9151    34.9334    34.9316    27.3816    27.3769    1502.18    124.617    124.996         46 0.0000e+00
     200147   8339.432    620.219    625.000     7.0252     7.0302   3.552557   3.552847     1.6310     1.3294     100.00   20.72904  -94.75312   -0.00014    0.00003     2.8349     2.8487     6.9648     6.9697    34.9307    34.9289    27.3692    27.3671    1501.90    123.235    123.835         46 0.0000e+00
     200422   8350.867    619.229    624.000     7.0281     7.0320   3.552708   3.552944     1.6305     1.3287     100.00   20.72856  -94.75088    0.00004    0.00003     2.8330     2.8458     6.9678     6.9716    34.9299    34.9286    27.3681    27.3665    1501.86    123.150    123.707         51 0.0000e+00
     200469   8352.831    618.238    623.000     7.0356     7.0343   3.553337   3.553185     1.6305     1.3289     100.00   20.72856  -94.75088    0.00010   -0.00017     2.8321     2.8458     6.9754     6.9740    34.9297    34.9284    27.3669    27.3660    1501.86    123.112    123.709         43 0.0000e+00
     200507   8354.412    617.247    622.000     7.0458     7.0494   3.554266   3.554302     1.6309     1.3293     100.00   20.72856  -94.75088    0.00009    0.00015     2.8321     2.8461     6.9856     6.9892    34.9301    34.9289    27.3658    27.3643    1501.86    123.115    123.721         34 0.0000e+00
     200545   8356.002    616.256    621.000     7.0593     7.0617   3.555493   3.555579     1.6311     1.3297     100.00   20.72856  -94.75088    0.00016    0.00029     2.8313     2.8460     6.9991     7.0015    34.9304    34.9288    27.3641    27.3625    1501.86    123.076    123.715         37 0.0000e+00
     201097   8379.003    594.455    599.000     7.2592     7.2624   3.573708   3.573856     1.6216     1.3199     100.00   20.72790  -94.74785   -0.00067   -0.00072     2.7791     2.7902     7.2003     7.2035    34.9385    34.9369    27.3422    27.3406    1501.81    120.813    121.296         30 0.0000e+00
     202290   8428.689    548.865    553.000     7.9121     7.9218   3.636900   3.637711     1.5846     1.2854     100.00   20.72850  -94.75088   -0.00034   -0.00031     2.6033     2.6136     7.8552     7.8649    34.9900    34.9890    27.2877    27.2855    1501.86    113.177    113.623         30 0.0000e+00
     202774   8448.871    530.031    534.000     8.1140     8.1144   3.655976   3.655848     1.5834     1.2849      51.92   20.72803  -94.74873    0.00018    0.00014     2.5798     2.5929     8.0584     8.0588    35.0020    35.0002    27.2666    27.2652    1501.83    112.155    112.727         32 0.0000e+00
     202829   8451.170    529.040    533.000     8.1119     8.1165   3.655785   3.656076     1.5827     1.2848      97.43   20.72850  -94.75088   -0.00008   -0.00005     2.5776     2.5920     8.0563     8.0610    35.0026    35.0011    27.2675    27.2656    1501.86    112.062    112.686         42 0.0000e+00
     202925   8455.163    528.049    532.000     8.0913     8.1047   3.653778   3.654917     1.5823     1.2845      54.72   20.72850  -94.75088   -0.00015   -0.00007     2.5773     2.5915     8.0366     8.0492    35.0014    35.0010    27.2695    27.2673    1501.86    112.048    112.663         32 0.0000e+00
     203043   8460.103    527.057    531.000     8.1186     8.1186   3.656333   3.656175     1.5830     1.2854      79.90   20.72850  -94.75088    0.00009    0.00020     2.5774     2.5932     8.0632     8.0633    35.0028    35.0010    27.2666    27.2652    1501.86    112.049    112.738         55 0.0000e+00
     203164   8465.107    526.066    530.000     8.1182     8.1190   3.656301   3.656525     1.5829     1.2857      97.91   20.72850  -94.75088    0.00003    0.00012     2.5765     2.5938     8.0629     8.0637    35.0027    35.0024    27.2666    27.2662    1501.86    112.014    112.763         30 0.0000e+00
     203261   8469.184    525.075    529.000     8.1396     8.1385   3.658383   3.658181     1.5826     1.2851     100.00   20.72850  -94.75088   -0.00006   -0.00017     2.5739     2.5903     8.0844     8.0832    35.0054    35.0037    27.2654    27.2643    1501.86    111.901    112.612         30 0.0000e+00
     203372   8473.792    524.084    528.000     8.1446     8.1468   3.658934   3.658995     1.5820     1.2844     100.00   20.72850  -94.75088   -0.00012   -0.00009     2.5716     2.5873     8.0894     8.0916    35.0062    35.0046    27.2653    27.2637    1501.86    111.798    112.480         31 0.0000e+00
     203487   8478.589    523.092    527.000     8.1618     8.1643   3.660718   3.660974     1.5813     1.2832     100.00   20.72850  -94.75088   -0.00021   -0.00037     2.5681     2.5817     8.1067     8.1092    35.0085    35.0087    27.2645    27.2643    1501.86    111.646    112.237         32 0.0000e+00
     204916   8538.117    521.109    525.000     8.3057     8.3077   3.675979   3.676069     1.5704     1.2735      99.45   20.73089  -94.76184    0.00012    0.00021     2.5249     2.5401     8.2502     8.2522    35.0295    35.0285    27.2592    27.2581    1502.03    109.772    110.430         45 0.0000e+00
     204996   8541.441    520.118    524.000     8.3069     8.3068   3.675765   3.675640     1.5699     1.2728     100.00   20.72850  -94.75090   -0.00009   -0.00004     2.5233     2.5378     8.2515     8.2514    35.0260    35.0248    27.2561    27.2552    1501.86    109.701    110.331         70 0.0000e+00
     205053   8543.815    519.127    523.000     8.3104     8.3113   3.676053   3.676007     1.5700     1.2725     100.00   20.72850  -94.75090    0.00006   -0.00022     2.5231     2.5362     8.2551     8.2560    35.0261    35.0247    27.2557    27.2544    1501.86    109.692    110.262         38 0.0000e+00
     205092   8545.465    518.136    522.000     8.3260     8.3260   3.677542   3.677407     1.5703     1.2732     100.00   20.72850  -94.75090    0.00007    0.00007     2.5225     2.5370     8.2708     8.2707    35.0269    35.0255    27.2539    27.2528    1501.86    109.665    110.297         42 0.0000e+00
     205129   8547.006    517.144    521.000     8.3309     8.3301   3.678032   3.677855     1.5704     1.2728     100.00   20.72850  -94.75090    0.00010    0.00017     2.5221     2.5352     8.2757     8.2749    35.0277    35.0266    27.2538    27.2531    1501.86    109.650    110.220         32 0.0000e+00
     207278   8636.554    428.895    432.000     9.3674     9.3798   3.782602   3.783812     1.5655     1.2681     100.01   20.73011  -94.75834    0.00002    0.00007     2.4129     2.4260     9.3186     9.3309    35.1455    35.1456    27.1803    27.1784    1501.98    104.909    105.480         42 0.0000e+00
     207345   8639.341    427.903    431.000     9.3712     9.3698   3.782754   3.782448     1.5650     1.2677     100.00   20.72850  -94.75092   -0.00013   -0.00008     2.4112     2.4252     9.3224     9.3211    35.1431    35.1413    27.1778    27.1765    1501.86    104.837    105.443         30 0.0000e+00
     207445   8643.483    426.911    430.000     9.3958     9.3843   3.785359   3.783930     1.5659     1.2685     100.00   20.72850  -94.75094    0.00037    0.00024     2.4118     2.4266     9.3471     9.3357    35.1463    35.1429    27.1762    27.1754    1501.86    104.862    105.504         55 0.0000e+00
     207538   8647.357    424.927    428.000     9.4407     9.4348   3.788238   3.788087     1.5651     1.2684      99.96   20.71985  -94.71141    0.00002    0.00020     2.4072     2.4230     9.3921     9.3862    35.1360    35.1352    27.1602    27.1606    1501.23    104.662    105.351         39 0.0000e+00
     207740   8655.785    423.935    427.000     9.4606     9.4616   3.791861   3.792144     1.5659     1.2686     100.00   20.72850  -94.75094    0.00001   -0.00013     2.4070     2.4213     9.4120     9.4131    35.1529    35.1537    27.1706    27.1710    1501.86    104.652    105.277         38 0.0000e+00
     207837   8659.835    422.933    426.000     9.4670     9.4712   3.792465   3.792830     1.5667     1.2688     100.00   20.72850  -94.75094    0.00022    0.00013     2.4084     2.4210     9.4185     9.4227    35.1535    35.1532    27.1700    27.1691    1501.86    104.716    105.263         43 0.0000e+00
     208694   8695.537    421.952    425.000     9.4857     9.4874   3.794663   3.794731     1.5665     1.2694     100.00   20.72850  -94.75095   -0.00001   -0.00000     2.4065     2.4215     9.4373     9.4390    35.1571    35.1561    27.1697    27.1687    1501.86    104.633    105.284         33 0.0000e+00
     209091   8712.086    420.960    424.000     9.4871     9.4907   3.794836   3.795096     1.5663     1.2697     100.00   20.72850  -94.75096   -0.00009    0.00005     2.4056     2.4221     9.4388     9.4424    35.1580    35.1571    27.1702    27.1688    1501.86    104.594    105.308         56 0.0000e+00
     209156   8714.772    419.968    423.000     9.4913     9.4944   3.795212   3.795399     1.5664     1.2690      99.80   20.72850  -94.75096   -0.00004   -0.00021     2.4052     2.4192     9.4431     9.4462    35.1582    35.1571    27.1696    27.1682    1501.86    104.574    105.184         42 0.0000e+00
     209195   8716.419    418.977    422.000     9.5111     9.5089   3.797134   3.796717     1.5666     1.2692      98.76   20.72850  -94.75096    0.00010   -0.00010     2.4047     2.4190     9.4630     9.4608    35.1604    35.1585    27.1680    27.1669    1501.86    104.553    105.175         34 0.0000e+00
     209236   8718.130    417.985    421.000     9.5218     9.5210   3.798343   3.798057     1.5670     1.2698     100.00   20.72850  -94.75096    0.00019    0.00022     2.4046     2.4195     9.4738     9.4729    35.1617    35.1595    27.1672    27.1657    1501.86    104.551    105.199         41 0.0000e+00
     209279   8719.906    416.993    420.000     9.5337     9.5445   3.800004   3.800576     1.5675     1.2699     100.00   20.72850  -94.75096    0.00021    0.00024     2.4045     2.4183     9.4857     9.4965    35.1644    35.1618    27.1674    27.1635    1501.86    104.544    105.144         41 0.0000e+00
     209345   8722.687    415.009    418.000     9.6070     9.6068   3.807361   3.807239     1.5684     1.2705     100.00   20.72890  -94.75277    0.00034    0.00011     2.4023     2.4156     9.5590     9.5589    35.1728    35.1718    27.1617    27.1610    1501.89    104.450    105.026         30 0.0000e+00
     209374   8723.867    414.017    417.000     9.6194     9.6229   3.808721   3.808832     1.5688     1.2711     100.00   20.72850  -94.75096    0.00032    0.00030     2.4023     2.4162     9.5715     9.5750    35.1752    35.1729    27.1615    27.1591    1501.86    104.450    105.052         35 0.0000e+00
     209410   8725.375    413.025    416.000     9.6378     9.6366   3.810485   3.810233     1.5691     1.2711     100.00   20.72850  -94.75098    0.00027    0.00030     2.4018     2.4150     9.5899     9.5888    35.1759    35.1744    27.1590    27.1580    1501.86    104.427    105.004         37 0.0000e+00
     209529   8730.341    409.058    412.000     9.7210     9.7254   3.819346   3.819623     1.5705     1.2713     100.00   20.72862  -94.75152    0.00028    0.00002     2.3993     2.4091     9.6734     9.6778    35.1879    35.1862    27.1543    27.1523    1501.87    104.320    104.745         31 0.0000e+00
     209560   8731.605    408.066    411.000     9.7277     9.7293   3.820021   3.819981     1.5706     1.2721     100.00   20.72850  -94.75098    0.00026    0.00022     2.3990     2.4109     9.6801     9.6818    35.1886    35.1866    27.1538    27.1519    1501.86    104.306    104.825         31 0.0000e+00
     209623   8734.252    406.082    409.000     9.7364     9.7377   3.820825   3.820882     1.5712     1.2723     100.00   20.72915  -94.75395    0.00017    0.00031     2.3997     2.4106     9.6891     9.6904    35.1901    35.1888    27.1534    27.1522    1501.91    104.338    104.811         30 0.0000e+00
     209647   8735.270    405.091    408.000     9.7412     9.7430   3.821240   3.821305     1.5715     1.2729     100.00   20.72850  -94.75098    0.00025    0.00017     2.3997     2.4118     9.6940     9.6958    35.1893    35.1883    27.1520    27.1508    1501.86    104.337    104.863         31 0.0000e+00
     210117   8754.841    387.236    390.000     9.9637     9.9678   3.844401   3.844613     1.5772     1.2787     100.00   20.72867  -94.75174    0.00058    0.00043     2.3966     2.4106     9.9180     9.9221    35.2184    35.2165    27.1366    27.1345    1501.87    104.203    104.811         30 0.0000e+00
     210212   8758.811    383.268    386.000    10.0241    10.0278   3.850622   3.850842     1.5775     1.2787     100.00   20.72771  -94.74736    0.00010   -0.00008     2.3927     2.4057     9.9786     9.9824    35.2248    35.2234    27.1312    27.1294    1501.80    104.035    104.599         30 0.0000e+00
     210320   8763.271    379.300    382.000    10.0801    10.0866   3.856621   3.857106     1.5774     1.2781     100.00   20.72803  -94.74873    0.00004   -0.00010     2.3876     2.3993    10.0350    10.0414    35.2334    35.2321    27.1283    27.1261    1501.82    103.816    104.324         30 0.0000e+00
