GOMECC/GOMECC-4/1db/urb2103_0251.cnv
* Sea-Bird SBE 9 Data File:
* FileName = C:\Users\scs.user.rb\CTD\GOMECC4\data\rb2103_0251.hex
* Software Version Seasave V 7.26.7.107
* Temperature SN = 4799
* Conductivity SN = 3860
* Number of Bytes Per Scan = 41
* Number of Voltage Words = 4
* Number of Scans Averaged by the Deck Unit = 1
* NMEA Latitude = 28 30.98 N
* NMEA Longitude = 086 12.21 W
* NMEA UTC (Time) = Sep 21 2021  08:11:51
* NMEA baud rate = 4800
# nquan = 28
# nvalues = 170                         
# units = specified
# name 0 = scan: Scan Count
# name 1 = timeS: Time, Elapsed [seconds]
# name 2 = depSM: Depth [salt water, m]
# name 3 = prDM: Pressure, Digiquartz [db]
# name 4 = t090C: Temperature [ITS-90, deg C]
# name 5 = t190C: Temperature, 2 [ITS-90, deg C]
# name 6 = c0S/m: Conductivity [S/m]
# name 7 = c1S/m: Conductivity, 2 [S/m]
# name 8 = sbeox0V: Oxygen raw, SBE 43 [V]
# name 9 = sbeox1V: Oxygen raw, SBE 43, 2 [V]
# name 10 = altM: Altimeter [m]
# name 11 = latitude: Latitude [deg]
# name 12 = longitude: Longitude [deg]
# name 13 = sbox0dV/dT: Oxygen, SBE 43 [dov/dt]
# name 14 = sbox1dV/dT: Oxygen, SBE 43, 2 [dov/dt]
# name 15 = sbeox0ML/L: Oxygen, SBE 43 [ml/l], WS = 5
# name 16 = sbeox1ML/L: Oxygen, SBE 43, 2 [ml/l], WS = 5
# name 17 = potemp090C: Potential Temperature [ITS-90, deg C]
# name 18 = potemp190C: Potential Temperature, 2 [ITS-90, deg C]
# name 19 = sal00: Salinity, Practical [PSU]
# name 20 = sal11: Salinity, Practical, 2 [PSU]
# name 21 = sigma-é00: Density [sigma-theta, kg/m^3]
# name 22 = sigma-é11: Density, 2 [sigma-theta, kg/m^3]
# name 23 = avgsvCM: Average Sound Velocity [Chen-Millero, m/s], minP = 20, minS = 20
# name 24 = sbox0Mm/Kg: Oxygen, SBE 43 [umol/kg], WS = 5
# name 25 = sbox1Mm/Kg: Oxygen, SBE 43, 2 [umol/kg], WS = 5
# name 26 = nbin: number of scans per bin
# name 27 = flag: flag
# span 0 =      25497,      65035       
# span 1 =   1062.322,   2709.749       
# span 2 =      2.980,    394.957       
# span 3 =      3.000,    398.000       
# span 4 =     9.8918,    29.3284       
# span 5 =     9.8866,    29.2550       
# span 6 =   3.835125,   5.811046       
# span 7 =   3.834547,   5.815009       
# span 8 =     1.6070,     3.1678       
# span 9 =     1.3127,     2.6895       
# span 10 =      10.78,     100.75      
# span 11 =   28.46672,   29.05832      
# span 12 =  -87.83993,  -86.05163      
# span 13 =   -0.01134,    0.01595      
# span 14 =   -0.01225,    0.01617      
# span 15 =     2.4874,     4.4718      
# span 16 =     2.5211,     4.4625      
# span 17 =     9.8453,    29.3255      
# span 18 =     9.8402,    29.2521      
# span 19 =    33.9613,    36.5445      
# span 20 =    34.0280,    36.5469      
# span 21 =    21.5966,    27.1265      
# span 22 =    21.6291,    27.1268      
# span 23 =    1512.13,    1543.55      
# span 24 =    108.155,    195.290      
# span 25 =    109.620,    194.889      
# span 26 =         30,         76      
# span 27 = 0.0000e+00, 0.0000e+00      
# interval = decibars: 1                
# start_time = Sep 21 2021 08:11:51 [NMEA time, header]
# bad_flag = -9.990e-29
*END*
[from data line 52]
      44115   1838.101    161.846    163.000    16.3724    16.3592   4.568727   4.567152     2.0201     1.6848      98.58   28.51670  -86.20268    0.00270    0.00120     3.0335     3.0615    16.3460    16.3328    36.1891    36.1871    26.5824    26.5839    1514.78    131.966    133.185         37 0.0000e+00
      44151   1839.572    160.853    162.000    16.4193    16.4316   4.574118   4.575977     2.0224     1.6873     100.01   28.51670  -86.20268    0.00215    0.00146     3.0353     3.0627    16.3930    16.4053    36.1948    36.2002    26.5757    26.5770    1514.78    132.045    133.239         34 0.0000e+00
      44186   1841.023    159.861    161.000    16.4956    16.4919   4.583070   4.582913     2.0246     1.6903     100.00   28.51670  -86.20268    0.00166    0.00182     3.0350     3.0661    16.4694    16.4656    36.2054    36.2074    26.5659    26.5683    1514.78    132.037    133.389         36 0.0000e+00
      44222   1842.555    158.868    160.000    16.5331    16.5310   4.587535   4.587437     2.0267     1.6917      83.12   28.51670  -86.20268    0.00153    0.00165     3.0369     3.0668    16.5070    16.5049    36.2114    36.2124    26.5616    26.5630    1514.78    132.117    133.419         37 0.0000e+00
      44258   1844.055    157.875    159.000    16.5632    16.5570   4.591464   4.590480     2.0280     1.6934      99.60   28.51670  -86.20268    0.00122    0.00124     3.0375     3.0692    16.5372    16.5311    36.2193    36.2162    26.5606    26.5597    1514.78    132.145    133.525         34 0.0000e+00
      44291   1845.414    156.883    158.000    16.6064    16.5984   4.596456   4.595497     2.0292     1.6946      99.99   28.51670  -86.20268    0.00091    0.00106     3.0371     3.0687    16.5805    16.5731    36.2247    36.2233    26.5546    26.5553    1514.78    132.128    133.505         32 0.0000e+00
      44324   1846.795    155.890    157.000    16.6635    16.6545   4.602984   4.601812     2.0314     1.6960      97.61   28.51670  -86.20268    0.00108    0.00091     3.0381     3.0686    16.6377    16.6287    36.2311    36.2290    26.5460    26.5464    1514.78    132.171    133.500         33 0.0000e+00
      44357   1848.159    154.898    156.000    16.7101    16.7007   4.608705   4.607672     2.0338     1.6978      68.24   28.51670  -86.20268    0.00149    0.00094     3.0400     3.0697    16.6845    16.6750    36.2398    36.2393    26.5416    26.5434    1514.78    132.255    133.550         32 0.0000e+00
      44485   1853.481    152.913    154.000    16.8321    16.8454   4.625774   4.628050     2.0390     1.7038     100.12   28.54952  -86.30190    0.00111    0.00141     3.0425     3.0746    16.8067    16.8200    36.2932    36.3012    26.5566    26.5596    1516.52    132.365    133.765         33 0.0000e+00
      44517   1854.827    151.920    153.000    16.6819    16.7592   4.604872   4.613977     2.0346     1.7003     100.00   28.51670  -86.20268   -0.00031   -0.00024     3.0425     3.0714    16.6567    16.7340    36.2327    36.2431    26.5427    26.5323    1514.78    132.366    133.625         43 0.0000e+00
      44611   1858.736    150.927    152.000    16.7548    16.8231   4.613502   4.621142     2.0350     1.7019      89.64   28.51670  -86.20268    0.00004    0.00026     3.0382     3.0710    16.7297    16.7980    36.2433    36.2488    26.5334    26.5214    1514.78    132.181    133.607         35 0.0000e+00
      45289   1886.999    148.942    150.000    16.9832    16.9949   4.637159   4.640040     2.0343     1.6992      91.87   28.49324  -86.13179   -0.00004    0.00003     3.0216     3.0535    16.9583    16.9705    36.2397    36.2497    26.4739    26.4782    1513.53    131.461    132.849         50 0.0000e+00
      47237   1968.152    147.950    149.000    17.2863    17.2836   4.676340   4.676251     2.0405     1.7047      99.65   28.51668  -86.20270    0.00058    0.00016     3.0149     3.0476    17.2612    17.2585    36.3174    36.3178    26.4629    26.4638    1514.78    131.173    132.596         66 0.0000e+00
      47390   1974.556    146.957    148.000    17.3038    17.2884   4.678518   4.677074     2.0424     1.7058     100.00   28.51668  -86.20270    0.00077    0.00062     3.0176     3.0499    17.2788    17.2635    36.3217    36.3209    26.4619    26.4650    1514.78    131.291    132.696         61 0.0000e+00
      47444   1976.791    145.965    147.000    17.3168    17.3088   4.680188   4.679470     2.0424     1.7066     100.00   28.51668  -86.20270    0.00005   -0.00003     3.0164     3.0501    17.2921    17.2841    36.3230    36.3240    26.4598    26.4625    1514.78    131.239    132.707         49 0.0000e+00
      47487   1978.583    144.972    146.000    17.3774    17.4173   4.687540   4.691756     2.0443     1.7089     100.00   28.51668  -86.20270    0.00038    0.00095     3.0153     3.0488    17.3505    17.3928    36.3292    36.3351    26.4503    26.4449    1514.78    131.192    132.651         36 0.0000e+00
      47521   1980.016    143.979    145.000    17.5262    17.5695   4.704411   4.709482     2.0467     1.7098     100.00   28.51668  -86.20270    0.00122    0.00118     3.0119     3.0412    17.5016    17.5448    36.3495    36.3517    26.4291    26.4202    1514.78    131.046    132.324         34 0.0000e+00
      47555   1981.435    142.987    144.000    17.6523    17.6554   4.719898   4.720319     2.0465     1.7065     100.00   28.51668  -86.20270    0.00119   -0.00004     3.0029     3.0273    17.6277    17.6308    36.3681    36.3690    26.4124    26.4124    1514.78    130.659    131.722         33 0.0000e+00
      47587   1982.752    141.994    143.000    17.7282    17.7459   4.728625   4.730690     2.0448     1.7040     100.00   28.51668  -86.20270    0.00002   -0.00152     2.9938     3.0152    17.7036    17.7214    36.3760    36.3781    26.3998    26.3970    1514.78    130.263    131.196         31 0.0000e+00
      47619   1984.073    141.002    142.000    17.8098    17.8050   4.738494   4.737959     2.0427     1.7027     100.00   28.51668  -86.20270   -0.00106   -0.00188     2.9828     3.0078    17.7854    17.7806    36.3887    36.3884    26.3894    26.3903    1514.78    129.788    130.877         33 0.0000e+00
      47651   1985.431    140.009    141.000    17.8463    17.8511   4.742742   4.743485     2.0397     1.6993     100.00   28.51668  -86.20270   -0.00168   -0.00157     2.9739     2.9964    17.8221    17.8269    36.3930    36.3951    26.3836    26.3840    1514.78    129.401    130.381         32 0.0000e+00
      47684   1986.771    139.016    140.000    17.8833    17.8918   4.747092   4.747771     2.0363     1.6956     100.00   28.51668  -86.20270   -0.00211   -0.00216     2.9637     2.9846    17.8592    17.8677    36.3978    36.3961    26.3781    26.3747    1514.78    128.956    129.865         33 0.0000e+00
      47716   1988.108    138.024    139.000    17.9234    17.9242   4.751432   4.751472     2.0306     1.6875     100.00   28.51668  -86.20270   -0.00289   -0.00337     2.9478     2.9619    17.8994    17.9002    36.3998    36.3995    26.3697    26.3692    1514.78    128.267    128.878         30 0.0000e+00
      48165   2006.849    123.133    124.000    19.1013    19.1067   4.890176   4.891035     2.1343     1.7857      99.90   28.52574  -86.23009    0.00474    0.00320     3.0978     3.1240    19.0789    19.0843    36.5445    36.5469    26.1829    26.1833    1515.26    134.818    135.961         56 0.0000e+00
      48240   2009.972    122.141    123.000    19.0094    19.0775   4.878817   4.886458     2.1338     1.7872      99.90   28.51668  -86.20270    0.00057    0.00096     3.1022     3.1293    18.9873    19.0553    36.5264    36.5314    26.1917    26.1779    1514.78    135.010    136.189         32 0.0000e+00
      48477   2019.846    119.162    120.000    19.1037    19.1773   4.883952   4.891226     2.1318     1.7890      99.83   28.46672  -86.05163   -0.00081    0.00168     3.0941     3.1266    19.0820    19.1556    36.4852    36.4623    26.1321    26.0936    1512.13    134.659    136.077         31 0.0000e+00
      49880   2078.278    118.170    119.000    19.4123    19.3966   4.920718   4.919087     2.1484     1.7963      74.71   28.51670  -86.20270    0.00031   -0.00055     3.1075     3.1307    19.3906    19.3749    36.5251    36.5250    26.0862    26.0902    1514.78    135.254    136.260         66 0.0000e+00
      49926   2080.217    117.177    118.000    19.3870    19.3841   4.918083   4.917881     2.1476     1.7989     100.50   28.51670  -86.20270   -0.00036    0.00042     3.1070     3.1373    19.3655    19.3626    36.5254    36.5262    26.0929    26.0943    1514.78    135.229    136.548         55 0.0000e+00
      49974   2082.227    116.184    117.000    19.4151    19.4026   4.920745   4.919614     2.1487     1.7982     100.00   28.51670  -86.20270    0.00017    0.00053     3.1073     3.1340    19.3937    19.3813    36.5234    36.5248    26.0840    26.0884    1514.78    135.243    136.406         44 0.0000e+00
      50016   2083.957    115.192    116.000    19.4572    19.4600   4.924723   4.925205     2.1495     1.7989     100.00   28.51670  -86.20270    0.00049   -0.00019     3.1063     3.1323    19.4376    19.4388    36.5193    36.5217    26.0695    26.0709    1514.78    135.202    136.334         38 0.0000e+00
      50052   2085.474    114.199    115.000    19.4794    19.4825   4.926957   4.927310     2.1510     1.8014     100.00   28.51670  -86.20270    0.00065    0.00078     3.1076     3.1363    19.4584    19.4615    36.5196    36.5198    26.0642    26.0636    1514.78    135.258    136.509         37 0.0000e+00
      50091   2087.099    113.206    114.000    19.5061    19.5105   4.929386   4.929916     2.1512     1.8020     100.00   28.51670  -86.20270    0.00069    0.00100     3.1059     3.1357    19.4853    19.4896    36.5168    36.5174    26.0551    26.0544    1514.78    135.189    136.483         38 0.0000e+00
      50127   2088.576    112.213    113.000    19.5252    19.5246   4.931266   4.931298     2.1519     1.8028     100.00   28.51670  -86.20270    0.00030    0.00061     3.1059     3.1366    19.5045    19.5039    36.5161    36.5170    26.0495    26.0503    1514.78    135.188    136.524         35 0.0000e+00
      50164   2090.106    111.221    112.000    19.5634    19.5678   4.934674   4.935113     2.1533     1.8020     100.00   28.51670  -86.20270    0.00052    0.00024     3.1063     3.1317    19.5429    19.5473    36.5115    36.5113    26.0359    26.0346    1514.78    135.207    136.314         37 0.0000e+00
      50198   2091.523    110.228    111.000    19.5682    19.5699   4.934942   4.935451     2.1540     1.8029     100.00   28.51670  -86.20270    0.00078   -0.00014     3.1071     3.1335    19.5478    19.5495    36.5099    36.5126    26.0334    26.0350    1514.78    135.242    136.389         32 0.0000e+00
      50230   2092.863    109.235    110.000    19.5706    19.5692   4.935393   4.935340     2.1552     1.8037     100.00   28.51670  -86.20270    0.00071    0.00042     3.1092     3.1349    19.5505    19.5490    36.5119    36.5127    26.0342    26.0352    1514.78    135.335    136.453         32 0.0000e+00
      50262   2094.200    108.242    109.000    19.5886    19.5987   4.936984   4.937936     2.1562     1.8038     100.00   28.51670  -86.20270    0.00068    0.00055     3.1099     3.1332    19.5686    19.5787    36.5097    36.5089    26.0278    26.0245    1514.78    135.364    136.378         33 0.0000e+00
      50297   2095.676    107.249    108.000    19.6270    19.6538   4.940485   4.942897     2.1585     1.8072     100.00   28.51670  -86.20270    0.00099    0.00073     3.1122     3.1375    19.6069    19.6340    36.5060    36.5023    26.0149    26.0050    1514.78    135.468    136.568         38 0.0000e+00
      50334   2097.228    106.257    107.000    19.6725    19.6894   4.944715   4.945888     2.1609     1.8109     100.00   28.51670  -86.20270    0.00143    0.00197     3.1143     3.1442    19.6528    19.6697    36.5015    36.4965    25.9994    25.9911    1514.78    135.558    136.863         34 0.0000e+00
      50366   2098.555    105.264    106.000    19.7628    19.7557   4.952978   4.952391     2.1651     1.8141     100.00   28.51670  -86.20270    0.00188    0.00246     3.1176     3.1475    19.7433    19.7361    36.4916    36.4930    25.9680    25.9710    1514.78    135.708    137.007         31 0.0000e+00
      50398   2099.860    104.271    105.000    19.8317    19.8447   4.958199   4.959105     2.1726     1.8219      99.92   28.51670  -86.20270    0.00326    0.00305     3.1281     3.1607    19.8122    19.8252    36.4763    36.4714    25.9381    25.9310    1514.78    136.168    137.590         33 0.0000e+00
      50432   2101.301    103.278    104.000    19.9190    19.9152   4.964881   4.964539     2.1836     1.8355     100.00   28.51670  -86.20270    0.00562    0.00589     3.1477     3.1885    19.8997    19.8959    36.4549    36.4554    25.8987    25.9000    1514.78    137.028    138.804         36 0.0000e+00
      50468   2102.786    102.285    103.000    19.9733    19.9968   4.969536   4.971739     2.1982     1.8502     100.00   28.51670  -86.20270    0.00791    0.00912     3.1754     3.2182    19.9542    19.9776    36.4466    36.4444    25.8778    25.8699    1514.78    138.237    140.100         34 0.0000e+00
      50501   2104.182    101.293    102.000    20.0504    20.0864   4.975769   4.978619     2.2132     1.8654     100.00   28.51670  -86.20270    0.00959    0.00999     3.2001     3.2489    20.0304    20.0674    36.4315    36.4238    25.8461    25.8303    1514.78    139.317    141.441         33 0.0000e+00
      50535   2105.573    100.300    101.000    20.1264    20.1409   4.980993   4.981953     2.2341     1.8902      80.56   28.51670  -86.20270    0.01155    0.01239     3.2427     3.3036    20.1075    20.1221    36.4091    36.4044    25.8084    25.8009    1514.78    141.177    143.830         35 0.0000e+00
      50570   2107.052     99.307    100.000    20.1667    20.1761   4.983495   4.984332     2.2592     1.9138      98.84   28.51670  -86.20270    0.01485    0.01617     3.2936     3.3569    20.1480    20.1573    36.3951    36.3939    25.7869    25.7836    1514.78    143.397    146.153         35 0.0000e+00
      50603   2108.429     98.314     99.000    20.1910    20.2040   4.985272   4.986500     2.2779     1.9267      99.99   28.51670  -86.20270    0.01595    0.01505     3.3309     3.3851    20.1725    20.1855    36.3894    36.3884    25.7761    25.7718    1514.78    145.020    147.379         32 0.0000e+00
      50636   2109.798     97.321     98.000    20.2282    20.2466   4.988033   4.989479     2.2930     1.9412      95.43   28.51670  -86.20270    0.01371    0.01110     3.3613     3.4164    20.2098    20.2283    36.3800    36.3760    25.7589    25.7509    1514.78    146.347    148.746         34 0.0000e+00
      50671   2111.247     96.329     97.000    20.2517    20.2593   4.989821   4.990501     2.3090     1.9552      62.27   28.51670  -86.20270    0.01153    0.00996     3.3938     3.4479    20.2335    20.2410    36.3748    36.3739    25.7485    25.7458    1514.78    147.761    150.119         34 0.0000e+00
      50778   2115.727     94.343     95.000    20.3060    20.3198   4.996187   4.997173     2.3326     1.9759     100.07   28.53593  -86.26084    0.00807    0.00685     3.4394     3.4921    20.2881    20.3019    36.3890    36.3858    25.7471    25.7410    1515.80    149.751    152.047         43 0.0000e+00
      52249   2177.014     89.378     90.000    20.5701    20.5809   5.021241   5.022315     2.4555     2.0790     100.12   28.55223  -86.31016    0.00090    0.00067     3.6782     3.7122    20.5531    20.5638    36.3741    36.3736    25.6664    25.6631    1516.67    160.161    161.644         35 0.0000e+00
