GOMECC/GOMECC-4/1db/urb2103_0161.cnv
* Sea-Bird SBE 9 Data File:
* FileName = C:\Users\scs.user.rb\CTD\GOMECC4\data\rb2103_0161.hex
* Software Version Seasave V 7.26.7.107
* Temperature SN = 4799
* Conductivity SN = 3860
* Number of Bytes Per Scan = 41
* Number of Voltage Words = 4
* Number of Scans Averaged by the Deck Unit = 1
* NMEA Latitude = 27 33.29 N
* NMEA Longitude = 083 39.94 W
* NMEA UTC (Time) = Sep 19 2021  06:56:19
* NMEA baud rate = 4800
# nquan = 28
# nvalues = 21                          
# units = specified
# name 0 = scan: Scan Count
# name 1 = timeS: Time, Elapsed [seconds]
# name 2 = depSM: Depth [salt water, m]
# name 3 = prDM: Pressure, Digiquartz [db]
# name 4 = t090C: Temperature [ITS-90, deg C]
# name 5 = t190C: Temperature, 2 [ITS-90, deg C]
# name 6 = c0S/m: Conductivity [S/m]
# name 7 = c1S/m: Conductivity, 2 [S/m]
# name 8 = sbeox0V: Oxygen raw, SBE 43 [V]
# name 9 = sbeox1V: Oxygen raw, SBE 43, 2 [V]
# name 10 = altM: Altimeter [m]
# name 11 = latitude: Latitude [deg]
# name 12 = longitude: Longitude [deg]
# name 13 = sbox0dV/dT: Oxygen, SBE 43 [dov/dt]
# name 14 = sbox1dV/dT: Oxygen, SBE 43, 2 [dov/dt]
# name 15 = sbeox0ML/L: Oxygen, SBE 43 [ml/l], WS = 5
# name 16 = sbeox1ML/L: Oxygen, SBE 43, 2 [ml/l], WS = 5
# name 17 = potemp090C: Potential Temperature [ITS-90, deg C]
# name 18 = potemp190C: Potential Temperature, 2 [ITS-90, deg C]
# name 19 = sal00: Salinity, Practical [PSU]
# name 20 = sal11: Salinity, Practical, 2 [PSU]
# name 21 = sigma-é00: Density [sigma-theta, kg/m^3]
# name 22 = sigma-é11: Density, 2 [sigma-theta, kg/m^3]
# name 23 = avgsvCM: Average Sound Velocity [Chen-Millero, m/s], minP = 20, minS = 20
# name 24 = sbox0Mm/Kg: Oxygen, SBE 43 [umol/kg], WS = 5
# name 25 = sbox1Mm/Kg: Oxygen, SBE 43, 2 [umol/kg], WS = 5
# name 26 = nbin: number of scans per bin
# name 27 = flag: flag
# span 0 =      19736,      31644       
# span 1 =    822.300,   1318.473       
# span 2 =      1.987,     38.738       
# span 3 =      2.000,     39.000       
# span 4 =    28.7278,    30.1780       
# span 5 =    28.5785,    30.1747       
# span 6 =   5.744764,   6.034556       
# span 7 =   5.745037,   6.033914       
# span 8 =     3.0065,     3.2417       
# span 9 =     2.5399,     2.7612       
# span 10 =       8.16,      45.57      
# span 11 =   27.18155,   28.55807      
# span 12 =  -86.70757,  -82.52875      
# span 13 =   -0.00105,    0.00681      
# span 14 =   -0.00200,    0.00595      
# span 15 =     4.1472,     4.4951      
# span 16 =     4.1496,     4.5151      
# span 17 =    28.7258,    30.1772      
# span 18 =    28.5691,    30.1739      
# span 19 =    35.0770,    36.8504      
# span 20 =    35.0775,    36.8484      
# span 21 =    22.1391,    23.2592      
# span 22 =    22.1389,    23.2587      
# span 23 =    1524.16,    1601.34      
# span 24 =    181.063,    196.346      
# span 25 =    181.152,    197.220      
# span 26 =         30,         63      
# span 27 = 0.0000e+00, 0.0000e+00      
# interval = decibars: 1                
# start_time = Sep 19 2021 06:56:19 [NMEA time, header]
# bad_flag = -9.990e-29
*END*
      19736    822.300     38.738     39.000    28.7916    28.5785   5.859226   5.836441     3.0065     2.5399       8.16   27.51013  -83.52769    0.00251    0.00116     4.1472     4.1496    28.7784    28.5691    36.0190    36.0273    22.8945    22.9713    1542.60    181.063    181.152         57 0.0000e+00
      19873    828.020     37.745     38.000    29.0364    28.8726   5.887022   5.871603     3.0431     2.5587       9.23   27.55542  -83.66514    0.00681    0.00324     4.1965     4.1665    29.0267    28.8635    36.0499    36.0682    22.8436    22.9116    1545.14    183.229    181.910         36 0.0000e+00
      19962    831.727     36.752     37.000    29.1557    28.9904   5.895210   5.882633     3.0645     2.5772      10.30   27.55542  -83.66514    0.00424    0.00510     4.2289     4.1969    29.1467    28.9815    36.0207    36.0570    22.7814    22.8643    1545.14    184.657    183.243         31 0.0000e+00
      20060    835.785     35.759     36.000    29.1270    29.1409   5.892588   5.893832     3.0764     2.6069      11.18   27.55542  -83.66513    0.00260    0.00595     4.2494     4.2460    29.1254    29.1322    36.0173    36.0208    22.7860    22.7864    1545.14    185.549    185.403         58 0.0000e+00
      20159    839.931     34.766     35.000    29.1558    29.1567   5.892518   5.892636     3.0822     2.6186      12.21   27.55542  -83.66514    0.00124    0.00279     4.2581     4.2683    29.1480    29.1482    36.0003    36.0010    22.7657    22.7661    1545.14    185.933    186.378         45 0.0000e+00
      22492    937.107     27.813     28.000    29.1597    29.1607   5.858856   5.858774     3.1332     2.6610      19.24   27.57325  -83.71892    0.00018   -0.00078     4.3525     4.3561    29.1529    29.1539    35.7790    35.7777    22.6014    22.6000    1546.14    190.089    190.246         43 0.0000e+00
      22568    940.310     26.819     27.000    29.1357    29.1404   5.855109   5.854449     3.1296     2.6572      20.13   27.55550  -83.66504    0.00056   -0.00200     4.3467     4.3485    29.1292    29.1338    35.7573    35.7523    22.5895    22.5842    1545.14    189.835    189.917         38 0.0000e+00
      22678    944.881     25.826     26.000    29.1401    29.1475   5.854166   5.854659     3.1298     2.6611      21.21   27.55550  -83.66504    0.00027    0.00121     4.3466     4.3552    29.1338    29.1412    35.7509    35.7487    22.5831    22.5790    1545.14    189.831    190.211         63 0.0000e+00
      22777    949.017     24.833     25.000    29.1442    29.1535   5.854143   5.854315     3.1301     2.6610      22.18   27.55552  -83.66504   -0.00041    0.00122     4.3462     4.3544    29.1382    29.1474    35.7479    35.7422    22.5794    22.5720    1545.14    189.814    190.175         36 0.0000e+00
      22859    952.405     23.840     24.000    29.1595    29.1618   5.852921   5.852869     3.1317     2.6605      23.20   27.55552  -83.66503   -0.00105    0.00201     4.3479     4.3527    29.1536    29.1559    35.7284    35.7264    22.5596    22.5572    1545.14    189.891    190.105         33 0.0000e+00
      22975    957.256     22.847     23.000    29.1590    29.1647   5.853495   5.853461     3.1335     2.6590      24.17   27.55552  -83.66502    0.00063   -0.00159     4.3506     4.3487    29.1534    29.1591    35.7330    35.7285    22.5631    22.5578    1545.14    190.012    189.929         31 0.0000e+00
      23653    985.487     19.867     20.000    29.0882    29.0650   5.835946   5.831073     3.1297     2.6560      27.09   27.55556  -83.66499    0.00030   -0.00006     4.3485     4.3501    29.0829    29.0602    35.6655    35.6495    22.5361    22.5317    1545.14    189.923    189.997         43 0.0000e+00
      24844   1035.106     16.887     17.000    28.9695    28.9903   5.811411   5.810080     3.1219     2.6518      29.96   27.48380  -83.44687    0.00050    0.00113     4.3410     4.3450    28.9654    28.9862    35.5414    35.5693    22.4680    22.4867    1541.11    189.600    189.773         33 0.0000e+00
      25034   1043.038     15.893     16.000    29.0387    29.0374   5.825074   5.824434     3.1275     2.6585      31.05   27.55563  -83.66494   -0.00052   -0.00031     4.3484     4.3559    29.0348    29.0335    35.6290    35.6251    22.5248    22.5223    1545.14    189.923    190.250         33 0.0000e+00
      25596   1066.439     10.927     11.000    29.0261    29.0499   5.813864   5.812029     3.1238     2.6596      35.84   27.49057  -83.46734    0.00011    0.00013     4.3378     4.3524    29.0235    29.0472    35.5221    35.4913    22.4353    22.4042    1541.49    189.466    190.109         32 0.0000e+00
      25933   1080.498      9.934     10.000    29.1133    29.1176   5.824237   5.823628     3.1325     2.6625      36.86   27.55566  -83.66491   -0.00017    0.00038     4.3494     4.3566    29.1109    29.1152    35.5693    35.5619    22.4545    22.4474    1545.14    189.979    190.294         30 0.0000e+00
      27249   1135.346      7.947      8.000    28.7278    28.7296   5.744764   5.745037     3.0903     2.6266      38.33   27.18155  -82.52875    0.00012   -0.00023     4.2896     4.2964    28.7258    28.7276    35.0770    35.0775    22.1391    22.1389    1524.16    187.366    187.664         45 0.0000e+00
      27837   1159.854      6.954      7.000    29.1231    29.1267   5.823824   5.824708     3.1343     2.6640      39.92   27.55574  -83.66482   -0.00001   -0.00156     4.3505     4.3573    29.1214    29.1250    35.5601    35.5635    22.4440    22.4454    1545.14    190.029    190.324         36 0.0000e+00
      28845   1201.839      4.967      5.000    29.7970    29.7984   5.958560   5.958806     3.2073     2.7249      42.99   28.19244  -85.59790    0.00007    0.00011     4.4510     4.4556    29.7958    29.7972    36.3828    36.3835    22.9629    22.9629    1580.84    194.418    194.618         36 0.0000e+00
      31644   1318.473      2.980      3.000    30.1780    30.1747   6.034556   6.033914     3.2417     2.7612      45.57   28.55807  -86.70757   -0.00003    0.00073     4.4951     4.5151    30.1772    30.1739    36.8504    36.8484    23.2592    23.2587    1601.34    196.346    197.220         41 0.0000e+00
      30706   1279.354      1.987      2.000    29.1159    29.1152   5.822164   5.822105     3.1279     2.6623      44.97   27.55586  -83.66468    0.00024    0.00024     4.3372     4.3523    29.1154    29.1148    35.5555    35.5554    22.4426    22.4426    1545.14    189.447    190.108         36 0.0000e+00
