GOMECC/GOMECC-4/1db/urb2103_1221.cnv
* Sea-Bird SBE 9 Data File:
* FileName = C:\Users\scs.user.rb\CTD\GOMECC4\data\rb2103_1221.hex
* Software Version Seasave V 7.26.7.107
* Temperature SN = 4799
* Conductivity SN = 3860
* Number of Bytes Per Scan = 41
* Number of Voltage Words = 4
* Number of Scans Averaged by the Deck Unit = 1
* NMEA Latitude = 24 31.02 N
* NMEA Longitude = 080 37.81 W
* NMEA UTC (Time) = Oct 17 2021  20:29:11
* NMEA baud rate = 4800
# nquan = 28
# nvalues = 127                         
# units = specified
# name 0 = scan: Scan Count
# name 1 = timeS: Time, Elapsed [seconds]
# name 2 = depSM: Depth [salt water, m]
# name 3 = prDM: Pressure, Digiquartz [db]
# name 4 = t090C: Temperature [ITS-90, deg C]
# name 5 = t190C: Temperature, 2 [ITS-90, deg C]
# name 6 = c0S/m: Conductivity [S/m]
# name 7 = c1S/m: Conductivity, 2 [S/m]
# name 8 = sbeox0V: Oxygen raw, SBE 43 [V]
# name 9 = sbeox1V: Oxygen raw, SBE 43, 2 [V]
# name 10 = altM: Altimeter [m]
# name 11 = latitude: Latitude [deg]
# name 12 = longitude: Longitude [deg]
# name 13 = sbox0dV/dT: Oxygen, SBE 43 [dov/dt]
# name 14 = sbox1dV/dT: Oxygen, SBE 43, 2 [dov/dt]
# name 15 = sbeox0ML/L: Oxygen, SBE 43 [ml/l], WS = 5
# name 16 = sbeox1ML/L: Oxygen, SBE 43, 2 [ml/l], WS = 5
# name 17 = potemp090C: Potential Temperature [ITS-90, deg C]
# name 18 = potemp190C: Potential Temperature, 2 [ITS-90, deg C]
# name 19 = sal00: Salinity, Practical [PSU]
# name 20 = sal11: Salinity, Practical, 2 [PSU]
# name 21 = sigma-é00: Density [sigma-theta, kg/m^3]
# name 22 = sigma-é11: Density, 2 [sigma-theta, kg/m^3]
# name 23 = avgsvCM: Average Sound Velocity [Chen-Millero, m/s], minP = 20, minS = 20
# name 24 = sbox0Mm/Kg: Oxygen, SBE 43 [umol/kg], WS = 5
# name 25 = sbox1Mm/Kg: Oxygen, SBE 43, 2 [umol/kg], WS = 5
# name 26 = nbin: number of scans per bin
# name 27 = flag: flag
# span 0 =      31395,      67524       
# span 1 =   1308.099,   2813.445       
# span 2 =      1.987,    232.371       
# span 3 =      2.000,    234.000       
# span 4 =    13.8460,    31.0749       
# span 5 =    14.0873,    31.0927       
# span 6 =   4.273611,   6.277550       
# span 7 =   4.302318,   6.279706       
# span 8 =     1.8702,     3.4078       
# span 9 =     1.5566,     2.8829       
# span 10 =      12.55,     108.02      
# span 11 =   24.29353,   26.49698      
# span 12 =  -87.07099,  -79.83916      
# span 13 =   -0.00177,    0.01740      
# span 14 =   -0.00192,    0.01605      
# span 15 =     2.8682,     4.7611      
# span 16 =     2.9002,     4.7363      
# span 17 =    13.8121,    31.0744      
# span 18 =    14.0530,    31.0923      
# span 19 =    35.5047,    38.6081      
# span 20 =    35.5142,    38.6099      
# span 21 =    22.5868,    26.8382      
# span 22 =    22.5873,    26.8213      
# span 23 =    1515.79,    1653.15      
# span 24 =    124.744,    207.911      
# span 25 =    126.139,    206.830      
# span 26 =         30,         81      
# span 27 = 0.0000e+00, 0.0000e+00      
# interval = decibars: 1                
# start_time = Oct 17 2021 20:29:11 [NMEA time, header]
# bad_flag = -9.990e-29
*END*
[from data line 104]
      48365   2015.182     48.681     49.000    28.7983    28.8143   5.889185   5.891317     3.1354     2.6486     100.00   24.52617  -80.61471    0.00072   -0.00010     4.3828     4.3542    28.7865    28.8025    36.2444    36.2470    23.0703    23.0669    1530.45    191.324    190.072         69 0.0000e+00
      48445   2018.512     47.687     48.000    28.8041    28.8192   5.889891   5.891857     3.1369     2.6508     100.00   24.52619  -80.61468    0.00045    0.00063     4.3845     4.3576    28.7925    28.8076    36.2452    36.2477    23.0689    23.0657    1530.45    191.395    190.224         78 0.0000e+00
      48527   2021.912     46.694     47.000    28.8124    28.8229   5.890874   5.892137     3.1382     2.6526      92.31   24.52621  -80.61464    0.00033    0.00045     4.3856     4.3606    28.8011    28.8116    36.2459    36.2473    23.0666    23.0641    1530.45    191.446    190.354         76 0.0000e+00
      48608   2025.301     45.701     46.000    28.8177    28.8239   5.891437   5.892224     3.1393     2.6502     100.02   24.52623  -80.61461    0.00046   -0.00055     4.3868     4.3551    28.8065    28.8128    36.2462    36.2468    23.0649    23.0633    1530.45    191.498    190.115         81 0.0000e+00
      48690   2028.726     44.707     45.000    28.8193    28.8235   5.891451   5.891935     3.1381     2.6506      85.22   24.52625  -80.61457   -0.00040    0.00007     4.3840     4.3554    28.8084    28.8126    36.2453    36.2455    23.0637    23.0624    1530.45    191.376    190.126         67 0.0000e+00
      48772   2032.124     43.714     44.000    28.8199    28.8251   5.891348   5.891810     3.1377     2.6502     100.32   24.52628  -80.61453   -0.00013    0.00034     4.3827     4.3540    28.8093    28.8144    36.2444    36.2437    23.0627    23.0604    1530.45    191.321    190.068         51 0.0000e+00
      48852   2035.460     42.720     43.000    28.8212    28.8250   5.891196   5.891583     3.1394     2.6516     100.00   24.52629  -80.61449    0.00028   -0.00019     4.3852     4.3563    28.8108    28.8146    36.2427    36.2425    23.0609    23.0595    1530.45    191.429    190.167         72 0.0000e+00
      48936   2038.971     41.727     42.000    28.8201    28.8274   5.890987   5.891684     3.1392     2.6531     100.00   24.52632  -80.61446   -0.00020    0.00029     4.3844     4.3586    28.8100    28.8172    36.2424    36.2416    23.0609    23.0579    1530.45    191.392    190.267         50 0.0000e+00
      49014   2042.223     40.734     41.000    28.8248    28.8356   5.891192   5.892428     3.1392     2.6538     100.00   24.52634  -80.61443 8.2171e-07    0.00025     4.3836     4.3590    28.8149    28.8257    36.2407    36.2412    23.0580    23.0548    1530.45    191.360    190.286         68 0.0000e+00
      49095   2045.600     39.740     40.000    28.8336    28.8432   5.892023   5.893112     3.1391     2.6528     100.00   24.52636  -80.61438    0.00008 -3.363e-08     4.3822     4.3559    28.8240    28.8335    36.2398    36.2401    23.0543    23.0513    1530.45    191.299    190.153         47 0.0000e+00
      50802   2116.693     38.747     39.000    28.8422    28.8446   5.892644   5.893136     3.1408     2.6544      78.64   24.52684  -80.61362   -0.00009   -0.00036     4.3841     4.3586    28.8328    28.8351    36.2379    36.2396    23.0500    23.0504    1530.45    191.381    190.268         52 0.0000e+00
      50976   2123.955     37.753     38.000    28.8420    28.8445   5.892558   5.892971     3.1401     2.6585      91.62   24.52689  -80.61354   -0.00038    0.00119     4.3823     4.3664    28.8328    28.8353    36.2378    36.2387    23.0498    23.0497    1530.45    191.305    190.608         60 0.0000e+00
      51039   2126.597     36.760     37.000    28.8422    28.8446   5.892339   5.892744     3.1427     2.6568      99.98   24.52691  -80.61352    0.00078    0.00009     4.3865     4.3624    28.8333    28.8357    36.2364    36.2374    23.0487    23.0486    1530.45    191.488    190.435         66 0.0000e+00
      51103   2129.241     35.766     36.000    28.8419    28.8442   5.892112   5.892143     3.1435     2.6518     100.00   24.52693  -80.61349    0.00024   -0.00192     4.3876     4.3519    28.8332    28.8355    36.2354    36.2339    23.0479    23.0460    1530.45    191.536    189.976         60 0.0000e+00
      51164   2131.799     34.773     35.000    28.8417    28.8438   5.891619   5.891534     3.1433     2.6573     100.00   24.52695  -80.61346    0.00011    0.00129     4.3868     4.3626    28.8332    28.8354    36.2324    36.2303    23.0457    23.0434    1530.45    191.499    190.447         65 0.0000e+00
      51233   2134.673     33.780     34.000    28.8400    28.8364   5.890819   5.889050     3.1434     2.6575      99.97   24.52697  -80.61343    0.00009    0.00035     4.3867     4.3632    28.8318    28.8282    36.2293    36.2189    23.0438    23.0372    1530.45    191.497    190.473         67 0.0000e+00
      51320   2138.298     32.786     33.000    28.8355    28.8289   5.889300   5.886597     3.1440     2.6591      98.72   24.52699  -80.61340    0.00036    0.00067     4.3877     4.3668    28.8275    28.8209    36.2217    36.2079    23.0395    23.0313    1530.45    191.541    190.630         42 0.0000e+00
      51405   2141.815     31.793     32.000    28.8339    28.8207   5.888383   5.884138     3.1446     2.6570      89.91   24.52702  -80.61336   -0.00019    0.00001     4.3884     4.3628    28.8262    28.8129    36.2168    36.1974    23.0363    23.0261    1530.45    191.575    190.455         62 0.0000e+00
      51494   2145.547     30.799     31.000    28.8204    28.8134   5.884277   5.881936     3.1425     2.6565      99.51   24.52705  -80.61331   -0.00055    0.00034     4.3856     4.3621    28.8129    28.8059    36.1988    36.1879    23.0272    23.0213    1530.45    191.454    190.428         59 0.0000e+00
      55695   2320.570     11.923     12.000    28.4084    28.4761   5.762299   5.759636     3.1171     2.6380      99.09   24.29353  -79.83916   -0.00063    0.00091     4.3615     4.3425    28.4055    28.4732    35.5047    35.5728    22.5894    22.6310    1515.79    190.440    189.614         43 0.0000e+00
      56344   2347.611     10.929     11.000    28.6822    28.6848   5.814884   5.814340     3.1467     2.6648     100.00   24.52847  -80.61110   -0.00035   -0.00006     4.4025     4.3865    28.6795    28.6822    35.8273    35.8215    22.7924    22.7872    1530.45    192.236    191.535         37 0.0000e+00
      58259   2427.396      3.974      4.000    28.4754    28.4742   5.764600   5.764440     3.1244     2.6441      99.21   24.35460  -80.03639   -0.00068   -0.00001     4.3697     4.3500    28.4745    28.4732    35.5141    35.5142    22.5868    22.5873    1519.56    190.808    189.949         47 0.0000e+00
      67524   2813.445      1.987      2.000    31.0749    31.0927   6.277550   6.279706     3.4078     2.8829     108.02   26.49698  -87.07099    0.00113    0.00102     4.7611     4.7363    31.0744    31.0923    38.6081    38.6099    24.5191    24.5145    1653.15    207.911    206.830         38 0.0000e+00
