GOMECC/GOMECC-4/1db/urb2103_1311.cnv
* Sea-Bird SBE 9 Data File:
* FileName = C:\Users\scs.user.rb\CTD\GOMECC4\data\rb2103_1311.hex
* Software Version Seasave V 7.26.7.107
* Temperature SN = 4799
* Conductivity SN = 3860
* Number of Bytes Per Scan = 41
* Number of Voltage Words = 4
* Number of Scans Averaged by the Deck Unit = 1
* NMEA Latitude = 26 43.76 N
* NMEA Longitude = 083 06.08 W
* NMEA UTC (Time) = Oct 19 2021  16:24:23
* NMEA baud rate = 4800
# nquan = 28
# nvalues = 13                          
# units = specified
# name 0 = scan: Scan Count
# name 1 = timeS: Time, Elapsed [seconds]
# name 2 = depSM: Depth [salt water, m]
# name 3 = prDM: Pressure, Digiquartz [db]
# name 4 = t090C: Temperature [ITS-90, deg C]
# name 5 = t190C: Temperature, 2 [ITS-90, deg C]
# name 6 = c0S/m: Conductivity [S/m]
# name 7 = c1S/m: Conductivity, 2 [S/m]
# name 8 = sbeox0V: Oxygen raw, SBE 43 [V]
# name 9 = sbeox1V: Oxygen raw, SBE 43, 2 [V]
# name 10 = altM: Altimeter [m]
# name 11 = latitude: Latitude [deg]
# name 12 = longitude: Longitude [deg]
# name 13 = sbox0dV/dT: Oxygen, SBE 43 [dov/dt]
# name 14 = sbox1dV/dT: Oxygen, SBE 43, 2 [dov/dt]
# name 15 = sbeox0ML/L: Oxygen, SBE 43 [ml/l], WS = 5
# name 16 = sbeox1ML/L: Oxygen, SBE 43, 2 [ml/l], WS = 5
# name 17 = potemp090C: Potential Temperature [ITS-90, deg C]
# name 18 = potemp190C: Potential Temperature, 2 [ITS-90, deg C]
# name 19 = sal00: Salinity, Practical [PSU]
# name 20 = sal11: Salinity, Practical, 2 [PSU]
# name 21 = sigma-é00: Density [sigma-theta, kg/m^3]
# name 22 = sigma-é11: Density, 2 [sigma-theta, kg/m^3]
# name 23 = avgsvCM: Average Sound Velocity [Chen-Millero, m/s], minP = 20, minS = 20
# name 24 = sbox0Mm/Kg: Oxygen, SBE 43 [umol/kg], WS = 5
# name 25 = sbox1Mm/Kg: Oxygen, SBE 43, 2 [umol/kg], WS = 5
# name 26 = nbin: number of scans per bin
# name 27 = flag: flag
# span 0 =      21341,      32194       
# span 1 =    889.151,   1341.377       
# span 2 =      0.993,     28.808       
# span 3 =      1.000,     29.000       
# span 4 =    28.3457,    29.1195       
# span 5 =    28.3474,    29.1215       
# span 6 =   5.791697,   5.948758       
# span 7 =   5.791998,   5.949070       
# span 8 =     3.0493,     3.1355       
# span 9 =     2.5726,     2.6488       
# span 10 =      12.02,      38.79      
# span 11 =   26.63518,   27.35595      
# span 12 =  -85.04672,  -82.80629      
# span 13 =   -0.00078,    0.00062      
# span 14 =   -0.00935,    0.00901      
# span 15 =     4.2489,     4.3633      
# span 16 =     4.2238,     4.3418      
# span 17 =    28.3414,    29.1178      
# span 18 =    28.3430,    29.1198      
# span 19 =    35.8582,    36.8291      
# span 20 =    35.8590,    36.8298      
# span 21 =    22.9089,    23.5261      
# span 22 =    22.9090,    23.5260      
# span 23 =    1538.28,    1579.90      
# span 24 =    185.493,    190.487      
# span 25 =    184.395,    189.546      
# span 26 =         31,         54      
# span 27 = 0.0000e+00, 0.0000e+00      
# interval = decibars: 1                
# start_time = Oct 19 2021 16:24:23 [NMEA time, header]
# bad_flag = -9.990e-29
*END*
      21341    889.151     28.808     29.000    28.4125    28.4139   5.805775   5.806067     3.0493     2.5726      12.02   26.69736  -82.99965    0.00021   -0.00017     4.2504     4.2238    28.4055    28.4070    35.9420    35.9429    22.9632    22.9634    1541.87    185.557    184.395         49 0.0000e+00
      21503    895.909     27.814     28.000    28.4469    28.4483   5.812765   5.813059     3.0551     2.5775      13.04   26.72968  -83.10014   -0.00022    0.00026     4.2588     4.2320    28.4403    28.4416    35.9855    35.9865    22.9909    22.9912    1543.74    185.924    184.755         38 0.0000e+00
      21638    901.537     26.821     27.000    28.4467    28.4481   5.812688   5.812992     3.0573     2.5758      13.97   26.72968  -83.10014   -0.00005   -0.00104     4.2624     4.2280    28.4403    28.4417    35.9854    35.9865    22.9908    22.9911    1543.74    186.079    184.578         34 0.0000e+00
      21771    907.063     25.828     26.000    28.4467    28.4481   5.812643   5.812940     3.0551     2.5790      14.99   26.72967  -83.10014    0.00049   -0.00100     4.2578     4.2341    28.4404    28.4419    35.9855    35.9865    22.9908    22.9910    1543.74    185.880    184.843         37 0.0000e+00
      24500   1020.803     17.881     18.000    28.3457    28.3474   5.791697   5.791998     3.0498     2.5749      22.52   26.63518  -82.80629    0.00062    0.00090     4.2489     4.2252    28.3414    28.3430    35.8582    35.8590    22.9089    22.9090    1538.28    185.493    184.459         54 0.0000e+00
      24836   1034.806     15.895     16.000    28.4438    28.4457   5.811581   5.811915     3.0568     2.5851      24.57   26.72684  -83.09121   -0.00027   -0.00016     4.2560     4.2413    28.4400    28.4418    35.9814    35.9823    22.9873    22.9874    1543.57    185.800    185.160         53 0.0000e+00
      27818   1159.025     11.921     12.000    29.0427    29.0445   5.933276   5.933583     3.1248     2.6051      29.21   27.28409  -84.82335   -0.00007   -0.00935     4.3498     4.2587    29.0399    29.0416    36.7321    36.7329    23.4646    23.4646    1575.75    189.896    185.920         36 0.0000e+00
      27370   1140.378     10.928     11.000    28.4527    28.4543   5.812690   5.813009     3.0631     2.5804      29.32   26.72982  -83.10018    0.00004    0.00901     4.2643     4.2288    28.4501    28.4517    35.9857    35.9867    22.9878    22.9880    1543.74    186.164    184.616         31 0.0000e+00
      28610   1192.044      6.954      7.000    29.1195    29.1215   5.948758   5.949070     3.1355     2.6488      34.09   27.35595  -85.04672   -0.00021    0.00026     4.3633     4.3418    29.1178    29.1198    36.8291    36.8298    23.5261    23.5260    1579.90    190.487    189.546         38 0.0000e+00
      28045   1168.482      5.960      6.000    28.4506    28.4525   5.812298   5.812624     3.0631     2.5886      34.13   26.72983  -83.10018   -0.00078    0.00040     4.2620     4.2429    28.4492    28.4511    35.9861    35.9869    22.9883    22.9883    1543.74    186.064    185.232         40 0.0000e+00
      31078   1294.879      2.980      3.000    28.8222    28.8231   5.888072   5.888323     3.1038     2.6205      37.24   27.07906  -84.18593    0.00027    0.00002     4.3173     4.2930    28.8215    28.8224    36.4561    36.4572    23.2884    23.2889    1563.91    188.480    187.417         42 0.0000e+00
      32144   1339.301      1.987      2.000    28.4505    28.4514   5.812146   5.812386     3.0668     2.5854      37.87   26.72981  -83.10017    0.00033    0.00006     4.2667     4.2346    28.4501    28.4510    35.9863    35.9873    22.9882    22.9886    1543.74    186.270    184.866         47 0.0000e+00
      32194   1341.377      0.993      1.000    28.4491    28.4498   5.811966   5.812211     3.0642     2.5818      38.79   26.72982  -83.10018   -0.00060   -0.00079     4.2616     4.2269    28.4488    28.4496    35.9865    35.9876    22.9887    22.9893    1543.74    186.044    184.529         37 0.0000e+00
