GOMECC/GOMECC-4/1db/urb2103_0881.cnv
* Sea-Bird SBE 9 Data File:
* FileName = C:\Users\scs.user.rb\CTD\GOMECC4\data\rb2103_0881.hex
* Software Version Seasave V 7.26.7.107
* Temperature SN = 4799
* Conductivity SN = 3860
* Number of Bytes Per Scan = 41
* Number of Voltage Words = 4
* Number of Scans Averaged by the Deck Unit = 1
* NMEA Latitude = 19 10.20 N
* NMEA Longitude = 093 17.93 W
* NMEA UTC (Time) = Oct 08 2021  18:58:02
* NMEA baud rate = 4800
# nquan = 28
# nvalues = 284                         
# units = specified
# name 0 = scan: Scan Count
# name 1 = timeS: Time, Elapsed [seconds]
# name 2 = depSM: Depth [salt water, m]
# name 3 = prDM: Pressure, Digiquartz [db]
# name 4 = t090C: Temperature [ITS-90, deg C]
# name 5 = t190C: Temperature, 2 [ITS-90, deg C]
# name 6 = c0S/m: Conductivity [S/m]
# name 7 = c1S/m: Conductivity, 2 [S/m]
# name 8 = sbeox0V: Oxygen raw, SBE 43 [V]
# name 9 = sbeox1V: Oxygen raw, SBE 43, 2 [V]
# name 10 = altM: Altimeter [m]
# name 11 = latitude: Latitude [deg]
# name 12 = longitude: Longitude [deg]
# name 13 = sbox0dV/dT: Oxygen, SBE 43 [dov/dt]
# name 14 = sbox1dV/dT: Oxygen, SBE 43, 2 [dov/dt]
# name 15 = sbeox0ML/L: Oxygen, SBE 43 [ml/l], WS = 5
# name 16 = sbeox1ML/L: Oxygen, SBE 43, 2 [ml/l], WS = 5
# name 17 = potemp090C: Potential Temperature [ITS-90, deg C]
# name 18 = potemp190C: Potential Temperature, 2 [ITS-90, deg C]
# name 19 = sal00: Salinity, Practical [PSU]
# name 20 = sal11: Salinity, Practical, 2 [PSU]
# name 21 = sigma-é00: Density [sigma-theta, kg/m^3]
# name 22 = sigma-é11: Density, 2 [sigma-theta, kg/m^3]
# name 23 = avgsvCM: Average Sound Velocity [Chen-Millero, m/s], minP = 20, minS = 20
# name 24 = sbox0Mm/Kg: Oxygen, SBE 43 [umol/kg], WS = 5
# name 25 = sbox1Mm/Kg: Oxygen, SBE 43, 2 [umol/kg], WS = 5
# name 26 = nbin: number of scans per bin
# name 27 = flag: flag
# span 0 =      45672,      97301       
# span 1 =   1902.947,   4054.155       
# span 2 =      0.994,    716.377       
# span 3 =      1.000,    722.000       
# span 4 =     6.7202,    29.7398       
# span 5 =     6.7203,    29.7441       
# span 6 =   3.529047,   5.983931       
# span 7 =   3.529114,   5.984461       
# span 8 =     1.5591,     3.1996       
# span 9 =     1.2624,     2.7357       
# span 10 =      10.45,     105.81      
# span 11 =   19.00407,   19.30466      
# span 12 =  -93.95723,  -92.49434      
# span 13 =   -0.02546,    0.03305      
# span 14 =   -0.01947,    0.02742      
# span 15 =     2.3284,     4.7628      
# span 16 =     2.3422,     4.7768      
# span 17 =     6.6516,    29.7351      
# span 18 =     6.6517,    29.7394      
# span 19 =    34.9349,    36.5132      
# span 20 =    34.9347,    36.5144      
# span 21 =    21.9739,    27.4155      
# span 22 =    21.9734,    27.4154      
# span 23 =    1493.22,    1516.83      
# span 24 =    101.249,    207.650      
# span 25 =    101.847,    208.269      
# span 26 =         30,         73      
# span 27 = 0.0000e+00, 0.0000e+00      
# interval = decibars: 1                
# start_time = Oct 08 2021 18:58:02 [NMEA time, header]
# bad_flag = -9.990e-29
*END*
[from data line 259]
      83280   3469.973     33.791     34.000    24.8647    24.9041   5.467646   5.472578     3.1090     2.6783     100.00   19.16918  -93.29746    0.01099    0.01776     4.6439     4.7037    24.8573    24.8967    36.2921    36.2972    24.3615    24.3535    1506.18    202.463    205.074         57 0.0000e+00
      83350   3472.862     32.797     33.000    24.9530    25.0292   5.478965   5.487065     3.1756     2.7177     100.00   19.16918  -93.29744    0.02234    0.01808     4.7628     4.7768    24.9458    25.0220    36.3060    36.3051    24.3451    24.3212    1506.18    207.650    208.269         62 0.0000e+00
      83401   3474.981     31.803     32.000    25.5970    25.5809   5.553979   5.546058     3.1996     2.7312     100.00   19.16918  -93.29744    0.01191    0.00552     4.7591     4.7665    25.6584    25.5738    36.2920    36.3012    24.1148    24.1481    1506.18    207.537    207.852         37 0.0000e+00
      83462   3477.531     30.810     31.000    25.6855    25.8807   5.555860   5.576891     3.1885     2.7357     100.00   19.16918  -93.29744    0.00175    0.00550     4.7307     4.7488    25.6815    25.8737    36.2880    36.2811    24.1049    24.0397    1506.18    206.301    207.097         55 0.0000e+00
      83524   3480.129     29.816     30.000    25.8166    26.1514   5.566433   5.600313     3.1858     2.6795      77.88   19.16918  -93.29744   -0.00746   -0.01916     4.7074     4.6109    25.8098    26.1447    36.2642    36.2389    24.0468    23.9196    1506.18    205.296    201.106         45 0.0000e+00
      83571   3482.097     28.822     29.000    26.4091    26.4538   5.622637   5.627460     3.1510     2.6412     100.29   19.16918  -93.29744   -0.00211   -0.01947     4.5938     4.5034    26.4026    26.4472    36.2066    36.2066    23.8173    23.8031    1506.18    200.385    196.446         50 0.0000e+00
      83652   3485.469     27.828     28.000    26.3881    26.9973   5.621184   5.679448     3.0648     2.5750      63.55   19.16918  -93.29744   -0.02546   -0.01927     4.4308     4.3261    26.3818    26.9908    36.2129    36.1567    23.8286    23.5921    1506.18    193.273    188.752         42 0.0000e+00
      83723   3488.430     26.835     27.000    27.3782    27.5173   5.725335   5.735631     3.0737     2.5719     103.60   19.16918  -93.29744   -0.00107   -0.00575     4.3677     4.2819    27.4074    27.5110    36.1614    36.1542    23.4602    23.4211    1506.18    190.591    186.852         33 0.0000e+00
      83815   3492.246     24.847     25.000    28.7790    29.2207   5.877853   5.929053     3.1251     2.6632      96.68   19.14507  -93.18013    0.01912    0.01424     4.3524     4.3425    28.7730    29.2147    36.1654    36.1861    23.0082    22.8761    1504.29    190.000    189.594         49 0.0000e+00
      84006   3500.205     23.853     24.000    29.1493    29.3979   5.924162   5.952630     3.1491     2.6770      96.35   19.16916  -93.29742    0.01206    0.00511     4.3679     4.3566    29.1435    29.3921    36.2273    36.2402    22.9376    22.8656    1506.18    190.696    190.219         42 0.0000e+00
      84104   3504.302     22.859     23.000    29.3545    29.4663   5.948110   5.960546     3.1668     2.6835      99.56   19.16916  -93.29742    0.00651    0.00184     4.3833     4.3636    29.3489    29.4606    36.2375    36.2375    22.8761    22.8377    1506.18    191.380    190.528         36 0.0000e+00
      84205   3508.507     21.866     22.000    29.4559    29.5392   5.958472   5.967000     3.1721     2.6845      98.71   19.16916  -93.29742    0.00254    0.00003     4.3845     4.3603    29.4505    29.5338    36.2324    36.2281    22.8378    22.8063    1506.18    191.440    190.388         45 0.0000e+00
      84299   3512.429     20.872     21.000    29.5265    29.6532   5.964271   5.976341     3.1703     2.6753      99.81   19.16916  -93.29742    0.00011   -0.00192     4.3739     4.3338    29.5213    29.6480    36.2193    36.2065    22.8039    22.7513    1506.18    190.981    189.244         41 0.0000e+00
      85773   3573.817     19.878     20.000    29.7043    29.7306   5.981130   5.983984     3.1663     2.6797      99.43   19.16911  -93.29740    0.00016    0.00084     4.3546     4.3368    29.6994    29.7257    36.2016    36.2009    22.7301    22.7206    1506.18    190.153    189.378         35 0.0000e+00
      86166   3590.222     18.884     19.000    29.7398    29.7441   5.983931   5.984461     3.1655     2.6797     100.11   19.16910  -93.29740   -0.00005    0.00063     4.3504     4.3354    29.7351    29.7394    36.1938    36.1943    22.7121    22.7110    1506.18    189.975    189.318         51 0.0000e+00
      86265   3594.351     17.890     18.000    29.7351    29.6910   5.981631   5.963585     3.1636     2.6735     100.00   19.16910  -93.29740   -0.00020   -0.00111     4.3471     4.3273    29.7307    29.6867    36.1820    36.0877    22.7047    22.6472    1506.18    189.830    188.975         38 0.0000e+00
      86377   3599.014     16.896     17.000    29.6782    29.6175   5.951369   5.915695     3.1556     2.6668      99.98   19.16910  -93.29740   -0.00221   -0.00218     4.3428     4.3254    29.6749    29.6134    36.0212    35.8205    22.6030    22.4737    1506.18    189.661    188.924         39 0.0000e+00
      86050   3585.372     14.909     15.000    29.3229    29.2583   5.843334   5.811749     3.1255     2.6402      99.33   19.04149  -92.67630   -0.00078   -0.00005     4.3194     4.2999    29.3438    29.2547    35.4247    35.2598    22.2348    22.1371    1496.15    188.686    187.851         37 0.0000e+00
      87695   3653.897     11.927     12.000    29.5668    29.5694   5.855034   5.854312     3.1591     2.6737     100.69   19.30466  -93.95723    0.00046    0.00126     4.3764     4.3616    29.5639    29.5665    35.5657    35.5588    22.3385    22.3325    1516.83    191.210    190.566         32 0.0000e+00
      88888   3703.627      9.939     10.000    29.1084    29.1108   5.760904   5.761224     3.1125     2.6331      83.39   19.00407  -92.49434   -0.00029   -0.00057     4.3124     4.2951    29.1060    29.1084    34.9907    34.9911    21.9739    21.9734    1493.22    188.416    187.660         32 0.0000e+00
      90854   3785.557      4.970      5.000    29.4756    29.4760   5.832064   5.832027     3.1549     2.6714     100.30   19.25333  -93.70737   -0.00009    0.00020     4.3706     4.3579    29.4744    29.4748    35.4317    35.4311    22.2532    22.2526    1512.80    190.961    190.405         58 0.0000e+00
      92529   3855.316      3.976      4.000    29.3443    29.3442   5.805802   5.805769     3.1441     2.6617      77.93   19.16905  -93.29730    0.00058    0.00076     4.3566     4.3425    29.3433    29.3432    35.2735    35.2734    22.1542    22.1541    1506.18    190.349    189.732         43 0.0000e+00
      97301   4054.155      2.982      3.000    29.3414    29.3438   5.804587   5.804939     3.1443     2.6556     102.07   19.16899  -93.29721   -0.00059   -0.00070     4.3570     4.3300    29.3406    29.3431    35.2677    35.2682    22.1507    22.1503    1506.18    190.366    189.188         44 0.0000e+00
      96958   4039.888      1.988      2.000    29.3410    29.3434   5.804564   5.804908     3.1448     2.6601     100.00   19.16900  -93.29722   -0.00004    0.00125     4.3573     4.3385    29.3405    29.3429    35.2681    35.2687    22.1510    22.1507    1506.18    190.379    189.557         43 0.0000e+00
      97026   4042.711      0.994      1.000    29.3431    29.3462   5.803985   5.805201     3.1437     2.6598     100.00   19.16899  -93.29722    0.00010    0.00003     4.3548     4.3371    29.3428    29.3460    35.2628    35.2689    22.1463    22.1498    1506.18    190.271    189.498         37 0.0000e+00
