GOMECC/GOMECC-4/1db/urb2103_0081.cnv
* Sea-Bird SBE 9 Data File:
* FileName = C:\Users\scs.user.rb\CTD\GOMECC4\data\rb2103_008.hex
* Software Version Seasave V 7.26.7.107
* Temperature SN = 4799
* Conductivity SN = 3860
* Number of Bytes Per Scan = 41
* Number of Voltage Words = 4
* Number of Scans Averaged by the Deck Unit = 1
* NMEA Latitude = 25 29.79 N
* NMEA Longitude = 080 01.43 W
* NMEA UTC (Time) = Sep 15 2021  16:51:51
* NMEA baud rate = 4800
# nquan = 28
# nvalues = 135                         
# units = specified
# name 0 = scan: Scan Count
# name 1 = timeS: Time, Elapsed [seconds]
# name 2 = depSM: Depth [salt water, m]
# name 3 = prDM: Pressure, Digiquartz [db]
# name 4 = t090C: Temperature [ITS-90, deg C]
# name 5 = t190C: Temperature, 2 [ITS-90, deg C]
# name 6 = c0S/m: Conductivity [S/m]
# name 7 = c1S/m: Conductivity, 2 [S/m]
# name 8 = sbeox0V: Oxygen raw, SBE 43 [V]
# name 9 = sbeox1V: Oxygen raw, SBE 43, 2 [V]
# name 10 = altM: Altimeter [m]
# name 11 = latitude: Latitude [deg]
# name 12 = longitude: Longitude [deg]
# name 13 = sbox0dV/dT: Oxygen, SBE 43 [dov/dt]
# name 14 = sbox1dV/dT: Oxygen, SBE 43, 2 [dov/dt]
# name 15 = sbeox0ML/L: Oxygen, SBE 43 [ml/l], WS = 5
# name 16 = sbeox1ML/L: Oxygen, SBE 43, 2 [ml/l], WS = 5
# name 17 = potemp090C: Potential Temperature [ITS-90, deg C]
# name 18 = potemp190C: Potential Temperature, 2 [ITS-90, deg C]
# name 19 = sal00: Salinity, Practical [PSU]
# name 20 = sal11: Salinity, Practical, 2 [PSU]
# name 21 = sigma-é00: Density [sigma-theta, kg/m^3]
# name 22 = sigma-é11: Density, 2 [sigma-theta, kg/m^3]
# name 23 = avgsvCM: Average Sound Velocity [Chen-Millero, m/s], minP = 20, minS = 20
# name 24 = sbox0Mm/Kg: Oxygen, SBE 43 [umol/kg], WS = 5
# name 25 = sbox1Mm/Kg: Oxygen, SBE 43, 2 [umol/kg], WS = 5
# name 26 = nbin: number of scans per bin
# name 27 = flag: flag
# span 0 =      29998,      68814       
# span 1 =   1249.885,   2867.201       
# span 2 =      3.974,    318.677       
# span 3 =      4.000,    321.000       
# span 4 =     7.7720,    29.4759       
# span 5 =     7.7729,    29.5106       
# span 6 =   3.611627,   5.813400       
# span 7 =   3.611703,   5.816807       
# span 8 =     1.6721,     3.1623       
# span 9 =     1.3783,     2.6947       
# span 10 =      10.36,     107.63      
# span 11 =   25.43331,   25.52149      
# span 12 =  -80.06478,  -79.78612      
# span 13 =   -0.00091,    0.01976      
# span 14 =   -0.00214,    0.02032      
# span 15 =     2.7429,     4.4756      
# span 16 =     2.7893,     4.5021      
# span 17 =     7.7398,    29.4741      
# span 18 =     7.7407,    29.5096      
# span 19 =    33.9400,    36.4900      
# span 20 =    33.9525,    36.4910      
# span 21 =    21.1097,    27.2886      
# span 22 =    21.1072,    27.2882      
# span 23 =    1505.52,    1510.77      
# span 24 =    119.255,    195.340      
# span 25 =    121.272,    196.411      
# span 26 =         30,         77      
# span 27 = 0.0000e+00, 0.0000e+00      
# interval = decibars: 1                
# start_time = Sep 15 2021 16:51:51 [NMEA time, header]
# bad_flag = -9.990e-29
*END*
[from data line 52]
      41654   1735.540    139.047    140.000    13.0857    13.0972   4.180448   4.181898     1.8392     1.5288     100.00   25.50632  -80.01990    0.00115    0.00109     2.8079     2.8525    13.0663    13.0778    35.6615    35.6645    26.8922    26.8922    1509.92    122.115    124.059         35 0.0000e+00
      41689   1736.999    138.054    139.000    13.1370    13.1408   4.185938   4.186366     1.8413     1.5307     100.00   25.50632  -80.01990    0.00124    0.00091     2.8093     2.8543    13.1176    13.1215    35.6641    35.6665    26.8838    26.8848    1509.92    122.177    124.138         32 0.0000e+00
      41720   1738.275    137.062    138.000    13.2389    13.2310   4.197083   4.196686     1.8441     1.5339     100.00   25.50634  -80.01988    0.00144    0.00132     2.8094     2.8570    13.2196    13.2117    35.6769    35.6805    26.8728    26.8772    1509.92    122.182    124.253         30 0.0000e+00
      41805   1741.830    135.076    136.000    13.3848    13.3880   4.214504   4.215010     1.8545     1.5445     100.06   25.52065  -80.06478    0.00318    0.00339     2.8247     2.8748    13.3657    13.3688    35.7110    35.7128    26.8704    26.8712    1510.77    122.851    125.033         40 0.0000e+00
      41847   1743.574    134.083    135.000    13.3728    13.3630   4.211703   4.210377     1.8600     1.5479      99.84   25.50636  -80.01988    0.00286    0.00236     2.8393     2.8857    13.3538    13.3440    35.6906    35.6880    26.8560    26.8560    1509.92    123.487    125.504         54 0.0000e+00
      41923   1746.764    133.090    134.000    13.2940    13.2910   4.203443   4.202410     1.8610     1.5470     100.02   25.50638  -80.01988    0.00051   -0.00033     2.8465     2.8876    13.2750    13.2722    35.6877    35.6804    26.8699    26.8648    1509.92    123.799    125.588         50 0.0000e+00
      42015   1750.568    132.097    133.000    13.3125    13.3096   4.204577   4.205162     1.8573     1.5464     100.00   25.50640  -80.01986   -0.00091   -0.00021     2.8360     2.8842    13.2939    13.2910    35.6811    35.6886    26.8609    26.8673    1509.92    123.341    125.438         58 0.0000e+00
      42246   1760.195    129.119    130.000    13.7844    13.7494   4.253539   4.248753     1.8801     1.5687      85.15   25.48146  -79.94142    0.00467    0.00394     2.8616     2.9162    13.7663    13.7308    35.6958    35.6833    26.7726    26.7701    1508.44    124.466    126.840         51 0.0000e+00
      42405   1766.853    128.126    129.000    13.9938    14.0002   4.277026   4.278154     1.9018     1.5853      77.94   25.50649  -80.01984    0.00429    0.00370     2.8997     2.9436    13.9751    13.9815    35.7295    35.7340    26.7564    26.7585    1509.92    126.124    128.037         44 0.0000e+00
      42492   1770.445    127.133    128.000    14.2006    14.0502   4.299121   4.281516     1.9133     1.5947     107.63   25.50651  -80.01984    0.00271    0.00299     2.9138     2.9640    14.1819    14.0319    35.7440    35.7473    26.7237    26.7586    1509.92    126.746    128.923         40 0.0000e+00
      42631   1776.242    125.147    126.000    14.4608    14.3392   4.323393   4.308667     1.9424     1.6125      99.89   25.47804  -79.93037    0.00379    0.00212     2.9670     2.9941    14.4420    14.3206    35.7171    35.6953    26.6449    26.6539    1508.23    129.062    130.239         38 0.0000e+00
      42786   1782.726    124.154    125.000    14.6081    14.5040   4.345001   4.332286     1.9600     1.6240      97.02   25.50658  -80.01982    0.00335    0.00189     2.9983     3.0123    14.5892    14.4864    35.7944    35.7647    26.6747    26.6725    1509.92    130.426    131.034         48 0.0000e+00
      42914   1788.043    122.168    123.000    15.0629    15.0390   4.390609   4.390596     1.9869     1.6622      92.13   25.47822  -79.93066    0.00424    0.00359     3.0335     3.0773    15.0464    15.0203    35.7846    35.8062    26.5648    26.5867    1508.24    131.967    133.868         45 0.0000e+00
      43069   1794.503    121.175    122.000    15.1509    15.1976   4.404338   4.410378     2.0000     1.6787     101.84   25.50665  -80.01980    0.00220    0.00360     3.0568     3.1093    15.1325    15.1789    35.8399    35.8524    26.5904    26.5897    1509.92    132.981    135.265         40 0.0000e+00
      43171   1798.737    120.182    121.000    15.2191    15.4516   4.411474   4.437300     2.0061     1.6914     100.00   25.50668  -80.01978    0.00143    0.00353     3.0665     3.1268    15.2005    15.4330    35.8431    35.8688    26.5777    26.5463    1509.92    133.404    136.032         56 0.0000e+00
      45135   1880.591    118.196    119.000    16.5372    16.5090   4.559860   4.557249     2.1205     1.7783     100.06   25.52149  -80.06464    0.00046    0.00053     3.2426     3.2768    16.5179    16.4898    35.9849    35.9873    26.3864    26.3945    1510.77    141.096    142.581         46 0.0000e+00
      45170   1882.022    117.203    118.000    16.6857    16.6471   4.574714   4.571271     2.1308     1.7908      78.56   25.50716  -80.01964    0.00363    0.00442     3.2561     3.2985    16.6664    16.6278    35.9770    35.9814    26.3438    26.3563    1509.92    141.685    143.526         64 0.0000e+00
      45230   1884.532    116.210    117.000    16.7753    16.6915   4.583725   4.576373     2.1458     1.8008     100.10   25.50718  -80.01964    0.00593    0.00482     3.2841     3.3204    16.7561    16.6724    35.9764    35.9868    26.3221    26.3500    1509.92    142.907    144.482         56 0.0000e+00
      45284   1886.799    115.217    116.000    16.9882    16.9048   4.605720   4.596316     2.1618     1.8117      91.85   25.50720  -80.01962    0.00611    0.00396     3.3041     3.3321    16.9661    16.8858    35.9784    35.9765    26.2735    26.2928    1509.92    143.784    145.000         52 0.0000e+00
      45335   1888.912    114.225    115.000    17.3609    17.2731   4.648011   4.636873     2.1944     1.8419      76.23   25.50720  -80.01962    0.01155    0.00951     3.3529     3.3838    17.3415    17.2538    36.0161    35.9973    26.2121    26.2189    1509.92    145.917    147.259         51 0.0000e+00
      45387   1891.101    113.232    114.000    17.6912    17.4476   4.682858   4.657807     2.2296     1.8744     100.19   25.50722  -80.01962    0.01614    0.01570     3.4094     3.4520    17.6718    17.4283    36.0248    36.0244    26.1382    26.1974    1509.92    148.385    150.231         53 0.0000e+00
      45437   1893.160    112.238    113.000    17.8594    17.7598   4.701396   4.691302     2.2639     1.8997     100.00   25.50722  -80.01962    0.01662    0.01257     3.4738     3.4928    17.8400    17.7405    36.0362    36.0373    26.1056    26.1309    1509.92    151.191    152.018         47 0.0000e+00
      45483   1895.079    111.245    112.000    17.9825    17.9920   4.717476   4.716907     2.2840     1.9281     100.00   25.50724  -80.01962    0.01405    0.01390     3.5086     3.5463    17.9615    17.9727    36.0591    36.0525    26.0930    26.0853    1509.92    152.708    154.351         47 0.0000e+00
      45533   1897.149    110.252    111.000    18.3524    18.1724   4.756391   4.737086     2.3085     1.9522     100.00   25.50726  -80.01960    0.01060    0.01334     3.5366     3.5921    18.3330    18.1532    36.0729    36.0666    26.0107    26.0512    1509.92    153.941    156.350         49 0.0000e+00
      45579   1899.101    109.260    110.000    18.5669    18.3264   4.781847   4.758617     2.3416     1.9691     100.00   25.50726  -80.01960    0.01465    0.01006     3.5935     3.6178    18.5475    18.3072    36.1013    36.1044    25.9786    26.0416    1509.92    156.423    157.473         46 0.0000e+00
      45627   1901.065    108.266    109.000    18.6172    18.7617   4.785688   4.803017     2.3573     1.9938     100.00   25.50728  -80.01960    0.01325    0.01021     3.6245     3.6505    18.5979    18.7424    36.0902    36.1101    25.9573    25.9359    1509.92    157.776    158.910         48 0.0000e+00
      45674   1903.021    107.274    108.000    19.1637    18.9822   4.847098   4.827785     2.3745     2.0179     100.00   25.50728  -80.01960    0.00761    0.01279     3.6227     3.6927    19.1442    18.9629    36.1304    36.1266    25.8482    25.8921    1509.92    157.714    160.753         46 0.0000e+00
      45719   1904.935    106.281    107.000    19.2897    19.5176   4.870817   4.892623     2.4095     2.0457     100.00   25.50730  -80.01960    0.01413    0.01290     3.6854     3.7206    19.2703    19.4982    36.2197    36.1954    25.8839    25.8037    1509.92    160.439    161.983         46 0.0000e+00
      45765   1906.837    105.288    106.000    19.8751    19.9168   4.934773   4.937871     2.4461     2.0808     100.00   25.50732  -80.01960    0.01755    0.01629     3.7213     3.7740    19.8555    19.8971    36.2435    36.2330    25.7488    25.7298    1509.92    162.020    164.318         46 0.0000e+00
      45811   1908.749    104.294    105.000    20.1055    20.3100   4.958429   4.984877     2.4810     2.1234     100.00   25.50732  -80.01960    0.01976    0.02013     3.7788     3.8449    20.0859    20.2903    36.2401    36.2811    25.6851    25.6619    1509.92    164.533    167.418         44 0.0000e+00
      45854   1910.561    103.302    104.000    20.3070    20.5520   4.981978   5.013115     2.5107     2.1536      90.37   25.50734  -80.01958    0.01748    0.02032     3.8263     3.8975    20.2875    20.5323    36.2603    36.3044    25.6467    25.6145    1509.92    166.611    169.714         43 0.0000e+00
      45896   1912.312    102.308    103.000    20.4450    20.7501   4.998303   5.035636     2.5326     2.1804      98.31   25.50734  -80.01958    0.01511    0.01661     3.8580     3.9449    20.4437    20.7306    36.2801    36.3181    25.6198    25.5712    1509.92    167.994    171.785         42 0.0000e+00
      45939   1914.091    101.315    102.000    20.3564    20.8452   4.989397   5.047306     2.5393     2.1997      99.99   25.50735  -80.01958    0.00952    0.01374     3.8823     3.9820    20.3373    20.8257    36.2794    36.3320    25.6479    25.5560    1509.92    169.049    173.406         44 0.0000e+00
      45983   1915.937    100.322    101.000    20.5188    20.9142   5.011856   5.055008     2.5456     2.2086      95.81   25.50736  -80.01958    0.00341    0.00836     3.8819     4.0014    20.4997    20.8948    36.3060    36.3358    25.6246    25.5400    1509.92    169.032    174.249         44 0.0000e+00
      46027   1917.744     99.329    100.000    20.9567    21.0983   5.057461   5.077249     2.5754     2.2206      85.92   25.50737  -80.01957    0.00904    0.00532     3.9112     4.0105    20.9375    21.0790    36.3242    36.3588    25.5195    25.5071    1509.92    170.329    174.654         43 0.0000e+00
      46071   1919.583     98.336     99.000    21.1442    21.2891   5.081426   5.098059     2.6013     2.2367      99.99   25.50739  -80.01956    0.01498    0.00748     3.9501     4.0330    21.1250    21.2699    36.3537    36.3642    25.4905    25.4587    1509.92    172.028    175.641         45 0.0000e+00
      46116   1921.450     97.343     98.000    21.3103    21.4865   5.099246   5.121556     2.6245     2.2525     100.00   25.50740  -80.01956    0.01347    0.00879     3.9854     4.0540    21.2913    21.4673    36.3561    36.3854    25.4466    25.4201    1509.92    173.572    176.563         44 0.0000e+00
      46157   1923.177     96.350     97.000    21.3231    21.6591   5.101322   5.142797     2.6323     2.2637     100.00   25.50740  -80.01956    0.00965    0.00772     4.0002     4.0659    21.3043    21.6400    36.3622    36.4092    25.4476    25.3901    1509.92    174.217    177.086         39 0.0000e+00
      46196   1924.779     95.357     96.000    21.6437    21.8709   5.137837   5.167644     2.6426     2.2727     100.00   25.50742  -80.01956    0.00560    0.00640     4.0005     4.0699    21.6279    21.8519    36.3803    36.4282    25.3714    25.3452    1509.92    174.241    177.269         38 0.0000e+00
      46236   1926.443     94.364     95.000    21.8500    21.9980   5.166176   5.182447     2.6638     2.2806     100.00   25.50742  -80.01956    0.00876    0.00538     4.0225     4.0782    21.8312    21.9791    36.4345    36.4417    25.3558    25.3196    1509.92    175.204    177.636         43 0.0000e+00
      46280   1928.309     93.371     94.000    21.9380    22.0101   5.175118   5.184169     2.6753     2.2871     100.00   25.50744  -80.01956    0.00945    0.00425     4.0390     4.0919    21.9194    21.9914    36.4316    36.4411    25.3288    25.3157    1509.92    175.927    178.234         46 0.0000e+00
      46326   1930.191     92.378     93.000    22.0837    22.1700   5.190400   5.202497     2.6856     2.2944     100.00   25.50745  -80.01956    0.00575    0.00356     4.0486     4.0953    22.0651    22.1514    36.4302    36.4532    25.2866    25.2797    1509.92    176.350    178.388         43 0.0000e+00
      46364   1931.801     91.385     92.000    22.1837    22.2420   5.203083   5.210670     2.6924     2.3010     100.00   25.50746  -80.01955    0.00503    0.00401     4.0540     4.1043    22.1653    22.2236    36.4465    36.4574    25.2707    25.2624    1509.92    176.590    178.782         36 0.0000e+00
      46403   1933.403     90.392     91.000    22.2585    22.2808   5.211989   5.215114     2.6992     2.3046     100.00   25.50747  -80.01954    0.00445    0.00350     4.0620     4.1090    22.2402    22.2625    36.4543    36.4602    25.2553    25.2534    1509.92    176.941    178.988         42 0.0000e+00
      46448   1935.299     89.399     90.000    22.2811    22.3194   5.214686   5.219219     2.7054     2.3091     100.00   25.50748  -80.01954    0.00396    0.00223     4.0719     4.1160    22.2630    22.3013    36.4569    36.4604    25.2508    25.2426    1509.92    177.373    179.294         48 0.0000e+00
      46492   1937.124     88.406     89.000    22.3151    22.3974   5.219081   5.227771     2.7078     2.3153     100.00   25.50748  -80.01954    0.00228    0.00298     4.0725     4.1235    22.2973    22.3795    36.4568    36.4621    25.2410    25.2216    1509.92    177.399    179.626         37 0.0000e+00
      46526   1938.545     87.412     88.000    22.4658    22.4573   5.234278   5.233805     2.7152     2.3184     100.00   25.50750  -80.01954    0.00224    0.00315     4.0767     4.1257    22.4480    22.4396    36.4566    36.4601    25.1979    25.2029    1509.92    177.592    179.724         34 0.0000e+00
      46563   1940.071     86.419     87.000    22.4879    22.4956   5.236354   5.237877     2.7250     2.3227      87.03   25.50751  -80.01954    0.00504    0.00234     4.0947     4.1322    22.4703    22.4780    36.4548    36.4603    25.1901    25.1921    1509.92    178.374    180.011         39 0.0000e+00
      46602   1941.693     85.426     86.000    22.5155    22.5531   5.239859   5.243845     2.7301     2.3314     100.04   25.50752  -80.01954    0.00538    0.00359     4.1020     4.1469    22.4981    22.5357    36.4591    36.4593    25.1854    25.1748    1509.92    178.694    180.653         38 0.0000e+00
      46639   1943.232     84.433     85.000    22.6481    22.6574   5.254010   5.254968     2.7363     2.3371     100.00   25.50752  -80.01954    0.00343    0.00480     4.1041     4.1517    22.6308    22.6402    36.4598    36.4595    25.1478    25.1449    1509.92    178.794    180.866         35 0.0000e+00
      46672   1944.620     83.440     84.000    22.9089    22.8105   5.283836   5.273428     2.7483     2.3442     100.00   25.50754  -80.01954    0.00487    0.00432     4.1073     4.1554    22.8917    22.7934    36.4752    36.4761    25.0843    25.1134    1509.92    178.944    181.035         32 0.0000e+00
