GOMECC/GOMECC-4/1db/urb2103_0361.cnv
* Sea-Bird SBE 9 Data File:
* FileName = C:\Users\scs.user.rb\CTD\GOMECC4\data\rb2103_0361.hex
* Software Version Seasave V 7.26.7.107
* Temperature SN = 4799
* Conductivity SN = 3860
* Number of Bytes Per Scan = 41
* Number of Voltage Words = 4
* Number of Scans Averaged by the Deck Unit = 1
* NMEA Latitude = 28 20.83 N
* NMEA Longitude = 087 59.99 W
* NMEA UTC (Time) = Sep 24 2021  17:05:11
* NMEA baud rate = 4800
# nquan = 28
# nvalues = 240                         
# units = specified
# name 0 = scan: Scan Count
# name 1 = timeS: Time, Elapsed [seconds]
# name 2 = depSM: Depth [salt water, m]
# name 3 = prDM: Pressure, Digiquartz [db]
# name 4 = t090C: Temperature [ITS-90, deg C]
# name 5 = t190C: Temperature, 2 [ITS-90, deg C]
# name 6 = c0S/m: Conductivity [S/m]
# name 7 = c1S/m: Conductivity, 2 [S/m]
# name 8 = sbeox0V: Oxygen raw, SBE 43 [V]
# name 9 = sbeox1V: Oxygen raw, SBE 43, 2 [V]
# name 10 = altM: Altimeter [m]
# name 11 = latitude: Latitude [deg]
# name 12 = longitude: Longitude [deg]
# name 13 = sbox0dV/dT: Oxygen, SBE 43 [dov/dt]
# name 14 = sbox1dV/dT: Oxygen, SBE 43, 2 [dov/dt]
# name 15 = sbeox0ML/L: Oxygen, SBE 43 [ml/l], WS = 5
# name 16 = sbeox1ML/L: Oxygen, SBE 43, 2 [ml/l], WS = 5
# name 17 = potemp090C: Potential Temperature [ITS-90, deg C]
# name 18 = potemp190C: Potential Temperature, 2 [ITS-90, deg C]
# name 19 = sal00: Salinity, Practical [PSU]
# name 20 = sal11: Salinity, Practical, 2 [PSU]
# name 21 = sigma-é00: Density [sigma-theta, kg/m^3]
# name 22 = sigma-é11: Density, 2 [sigma-theta, kg/m^3]
# name 23 = avgsvCM: Average Sound Velocity [Chen-Millero, m/s], minP = 20, minS = 20
# name 24 = sbox0Mm/Kg: Oxygen, SBE 43 [umol/kg], WS = 5
# name 25 = sbox1Mm/Kg: Oxygen, SBE 43, 2 [umol/kg], WS = 5
# name 26 = nbin: number of scans per bin
# name 27 = flag: flag
# span 0 =      79426,     189632       
# span 1 =   3309.376,   7901.295       
# span 2 =      1.986,   2218.127       
# span 3 =      2.000,   2245.000       
# span 4 =     4.2849,    29.1409       
# span 5 =     4.2860,    29.1980       
# span 6 =   3.342377,   5.851032       
# span 7 =   3.342335,   5.849090       
# span 8 =     1.6205,     3.1609       
# span 9 =     1.3222,     2.6783       
# span 10 =      10.70,     106.50      
# span 11 =   28.23527,   28.75262      
# span 12 =  -89.25708,  -87.65155      
# span 13 =   -0.01373,    0.03560      
# span 14 =   -0.00500,    0.02544      
# span 15 =     2.5416,     4.6653      
# span 16 =     2.5616,     4.6966      
# span 17 =     4.0914,    29.1339      
# span 18 =     4.0925,    29.1912      
# span 19 =    30.4938,    36.5159      
# span 20 =    30.4935,    36.5132      
# span 21 =    19.0992,    27.7554      
# span 22 =    19.0986,    27.7539      
# span 23 =    1489.50,    1516.78      
# span 24 =    110.537,    202.724      
# span 25 =    111.407,    204.086      
# span 26 =         30,         79      
# span 27 = 0.0000e+00, 0.0000e+00      
# interval = decibars: 1                
# start_time = Sep 24 2021 17:05:11 [NMEA time, header]
# bad_flag = -9.990e-29
*END*
[from data line 52]
     113358   4723.213   1292.235   1305.000     4.3619     4.3625   3.342570   3.342483     1.9612     1.6398      99.50   28.34746  -88.00066    0.00007    0.00000     4.5386     4.5730     4.2557     4.2562    34.9638    34.9622    27.7302    27.7289    1495.44    197.226    198.722         30 0.0000e+00
     113453   4727.154   1291.247   1304.000     4.3622     4.3633   3.342532   3.342517     1.9613     1.6398     100.00   28.34746  -88.00066   -0.00000   -0.00001     4.5384     4.5724     4.2560     4.2571    34.9636    34.9622    27.7301    27.7288    1495.44    197.217    198.693         32 0.0000e+00
     113547   4731.078   1290.260   1303.000     4.3639     4.3653   3.342642   3.342650     1.9613     1.6399     100.00   28.34748  -88.00066    0.00000   -0.00005     4.5374     4.5718     4.2578     4.2592    34.9636    34.9622    27.7299    27.7286    1495.44    197.175    198.667         63 0.0000e+00
     113650   4735.383   1289.273   1302.000     4.3662     4.3668   3.342796   3.342747     1.9609     1.6395      79.96   28.34748  -88.00066   -0.00010   -0.00011     4.5353     4.5694     4.2601     4.2608    34.9635    34.9622    27.7295    27.7284    1495.44    197.080    198.562         48 0.0000e+00
     113746   4739.355   1288.286   1301.000     4.3665     4.3672   3.342784   3.342726     1.9607     1.6394      95.88   28.34748  -88.00066   -0.00008   -0.00004     4.5339     4.5683     4.2605     4.2612    34.9635    34.9621    27.7295    27.7283    1495.44    197.022    198.515         46 0.0000e+00
     114956   4789.773   1287.299   1300.000     4.3673     4.3681   3.342820   3.342773     1.9603     1.6396     100.00   28.34747  -88.00065   -0.00007    0.00001     4.5318     4.5685     4.2614     4.2622    34.9636    34.9622    27.7294    27.7282    1495.44    196.930    198.523         55 0.0000e+00
     115481   4811.685   1286.312   1299.000     4.3678     4.3684   3.342817   3.342755     1.9602     1.6395     100.00   28.34746  -88.00064    0.00004   -0.00010     4.5307     4.5676     4.2620     4.2626    34.9635    34.9622    27.7293    27.7282    1495.44    196.882    198.484         54 0.0000e+00
     115554   4814.729   1285.325   1298.000     4.3680     4.3684   3.342789   3.342709     1.9608     1.6398     100.00   28.34746  -88.00064    0.00015    0.00014     4.5322     4.5679     4.2623     4.2627    34.9635    34.9621    27.7292    27.7281    1495.44    196.947    198.497         46 0.0000e+00
     115591   4816.265   1284.337   1297.000     4.3672     4.3678   3.342677   3.342615     1.9610     1.6398     100.00   28.34746  -88.00062    0.00016    0.00002     4.5324     4.5675     4.2616     4.2622    34.9635    34.9622    27.7293    27.7283    1495.44    196.957    198.482         30 0.0000e+00
     115623   4817.599   1283.350   1296.000     4.3674     4.3679   3.342657   3.342586     1.9613     1.6397     100.00   28.34746  -88.00062    0.00021 -5.683e-07     4.5330     4.5665     4.2619     4.2624    34.9635    34.9622    27.7294    27.7282    1495.44    196.980    198.437         32 0.0000e+00
     115657   4819.010   1282.363   1295.000     4.3675     4.3680   3.342624   3.342550     1.9617     1.6396     100.00   28.34746  -88.00062    0.00021   -0.00005     4.5339     4.5656     4.2621     4.2626    34.9635    34.9621    27.7293    27.7282    1495.44    197.022    198.398         35 0.0000e+00
     115691   4820.411   1281.375   1294.000     4.3674     4.3680   3.342569   3.342500     1.9618     1.6398     100.00   28.34746  -88.00062    0.00019   -0.00001     4.5335     4.5657     4.2621     4.2626    34.9635    34.9621    27.7293    27.7281    1495.44    197.003    198.404         32 0.0000e+00
     120236   5009.779   1096.687   1107.000     4.5584     4.5602   3.351200   3.351239     1.9455     1.6246     100.01   28.34927  -88.00623   -0.00029   -0.00029     4.3434     4.3738     4.4683     4.4700    34.9568    34.9554    27.7014    27.7002    1495.53    188.747    190.070         43 0.0000e+00
     120437   5018.181   1094.711   1105.000     4.5606     4.5631   3.351183   3.351241     1.9442     1.6243     100.00   28.34774  -88.00147    0.00007    0.00009     4.3376     4.3715     4.4706     4.4731    34.9547    34.9534    27.6995    27.6982    1495.45    188.494    189.968         33 0.0000e+00
     120575   5023.932   1093.723   1104.000     4.5638     4.5649   3.351349   3.351316     1.9432     1.6236     100.00   28.34748  -88.00068   -0.00012   -0.00010     4.3329     4.3681     4.4738     4.4749    34.9543    34.9528    27.6988    27.6975    1495.44    188.290    189.823         53 0.0000e+00
     122611   5108.760   1089.771   1100.000     4.5757     4.5753   3.352429   3.352284     1.9406     1.6216      99.40   28.34976  -88.00772    0.00004    0.00010     4.3198     4.3567     4.4860     4.4856    34.9565    34.9552    27.6993    27.6983    1495.56    187.721    189.328         39 0.0000e+00
     122654   5110.545   1088.783   1099.000     4.5749     4.5751   3.352074   3.352002     1.9408     1.6215     100.03   28.34750  -88.00070    0.00006    0.00003     4.3202     4.3557     4.4853     4.4855    34.9536    34.9525    27.6971    27.6961    1495.44    187.739    189.284         49 0.0000e+00
     122698   5112.365   1087.795   1098.000     4.5746     4.5746   3.352009   3.351933     1.9411     1.6216     100.00   28.34750  -88.00068    0.00011   -0.00000     4.3208     4.3556     4.4851     4.4851    34.9538    34.9528    27.6972    27.6964    1495.44    187.766    189.279         41 0.0000e+00
     122735   5113.917   1086.806   1097.000     4.5766     4.5767   3.352152   3.352053     1.9414     1.6216      79.07   28.34750  -88.00069    0.00019    0.00005     4.3209     4.3548     4.4872     4.4873    34.9537    34.9524    27.6969    27.6959    1495.44    187.770    189.245         34 0.0000e+00
     122768   5115.293   1085.818   1096.000     4.5788     4.5794   3.352288   3.352239     1.9415     1.6219      99.72   28.34750  -88.00070    0.00014    0.00007     4.3206     4.3552     4.4894     4.4900    34.9535    34.9523    27.6965    27.6955    1495.44    187.758    189.264         34 0.0000e+00
     122806   5116.859   1084.830   1095.000     4.5808     4.5811   3.352420   3.352342     1.9417     1.6221     100.00   28.34750  -88.00070    0.00012    0.00020     4.3205     4.3553     4.4915     4.4918    34.9534    34.9523    27.6962    27.6953    1495.44    187.754    189.266         39 0.0000e+00
     122898   5120.692   1081.866   1092.000     4.5852     4.5855   3.352682   3.352587     1.9414     1.6218     100.00   28.34753  -88.00078   -0.00011   -0.00012     4.3172     4.3518     4.4961     4.4965    34.9534    34.9519    27.6957    27.6945    1495.44    187.610    189.115         32 0.0000e+00
     123159   5131.588   1071.984   1082.000     4.6003     4.6002   3.353573   3.353458     1.9407     1.6204     100.00   28.34776  -88.00148    0.00002   -0.00001     4.3071     4.3392     4.5120     4.5119    34.9529    34.9517    27.6935    27.6926    1495.45    187.172    188.565         31 0.0000e+00
     125201   5216.681    989.948    999.000     4.7879     4.7910   3.366205   3.366317     1.9121     1.5934     100.00   28.34724  -87.99984   -0.00078   -0.00067     4.1395     4.1684     4.7056     4.7086    34.9448    34.9431    27.6654    27.6637    1495.43    179.891    181.148         30 0.0000e+00
     127465   5311.005    898.979    907.000     5.1340     5.1361   3.392545   3.392622     1.8612     1.5465     100.01   28.34907  -88.00560   -0.00061   -0.00056     3.8780     3.9073     5.0575     5.0596    34.9340    34.9327    27.6163    27.6150    1495.52    168.538    169.809         31 0.0000e+00
     127541   5314.147    897.990    906.000     5.1226     5.1272   3.391344   3.391629     1.8586     1.5437     100.00   28.34748  -88.00068   -0.00076   -0.00079     3.8702     3.8975     5.0463     5.0509    34.9325    34.9310    27.6164    27.6146    1495.44    168.197    169.384         64 0.0000e+00
     127618   5317.359    897.001    905.000     5.1226     5.1243   3.391288   3.391350     1.8581     1.5443      97.05   28.34749  -88.00069   -0.00027    0.00008     3.8677     3.8996     5.0463     5.0480    34.9324    34.9313    27.6163    27.6152    1495.44    168.091    169.478         79 0.0000e+00
     127704   5320.950    896.012    904.000     5.1339     5.1292   3.392242   3.391734     1.8584     1.5443      98.42   28.34749  -88.00069    0.00006    0.00006     3.8670     3.8987     5.0577     5.0530    34.9320    34.9311    27.6147    27.6145    1495.44    168.060    169.439         54 0.0000e+00
     127785   5324.331    895.023    903.000     5.1342     5.1364   3.392222   3.392310     1.8575     1.5437     100.18   28.34749  -88.00068   -0.00030   -0.00028     3.8635     3.8951     5.0581     5.0602    34.9320    34.9307    27.6146    27.6133    1495.44    167.906    169.280         53 0.0000e+00
     127865   5327.666    894.034    902.000     5.1412     5.1392   3.392759   3.392400     1.8566     1.5434     100.00   28.34748  -88.00068   -0.00028   -0.00010     3.8594     3.8930     5.0651     5.0631    34.9315    34.9303    27.6134    27.6127    1495.44    167.731    169.191         36 0.0000e+00
     127940   5330.778    893.045    901.000     5.1460     5.1396   3.393135   3.392576     1.8559     1.5432      78.38   28.34748  -88.00068   -0.00028   -0.00001     3.8560     3.8918     5.0700     5.0636    34.9310    34.9308    27.6124    27.6130    1495.44    167.581    169.137         48 0.0000e+00
     129222   5384.219    892.056    900.000     5.1568     5.1579   3.394037   3.394021     1.8532     1.5403      99.28   28.34751  -88.00068   -0.00006   -0.00014     3.8447     3.8788     5.0807     5.0818    34.9312    34.9302    27.6113    27.6103    1495.44    167.093    168.572         44 0.0000e+00
     130230   5426.211    891.067    899.000     5.1661     5.1663   3.394830   3.394745     1.8511     1.5380     100.00   28.34754  -88.00070    0.00004   -0.00002     3.8364     3.8692     5.0901     5.0903    34.9308    34.9297    27.6099    27.6090    1495.44    166.728    168.154         57 0.0000e+00
     130344   5430.938    890.078    898.000     5.1654     5.1668   3.394724   3.394746     1.8510     1.5377     100.00   28.34754  -88.00071    0.00000   -0.00008     3.8357     3.8673     5.0895     5.0909    34.9308    34.9297    27.6100    27.6089    1495.44    166.700    168.075         67 0.0000e+00
     130409   5433.673    889.089    897.000     5.1678     5.1676   3.394874   3.394800     1.8513     1.5380     100.00   28.34754  -88.00070    0.00010    0.00004     3.8359     3.8678     5.0920     5.0918    34.9305    34.9299    27.6094    27.6090    1495.44    166.709    168.096         49 0.0000e+00
     130486   5436.890    888.100    896.000     5.1731     5.1728   3.395283   3.395191     1.8511     1.5382     100.00   28.34754  -88.00070   -0.00003    0.00009     3.8343     3.8677     5.0973     5.0970    34.9302    34.9295    27.6086    27.6081    1495.44    166.637    168.090         58 0.0000e+00
     130545   5439.346    887.111    895.000     5.1753     5.1738   3.395416   3.395237     1.8510     1.5370     100.00   28.34754  -88.00071   -0.00004   -0.00029     3.8333     3.8626     5.0996     5.0981    34.9300    34.9294    27.6082    27.6079    1495.44    166.595    167.870         59 0.0000e+00
     130593   5441.351    886.122    894.000     5.1753     5.1757   3.395410   3.395392     1.8509     1.5368     100.00   28.34754  -88.00070   -0.00006   -0.00043     3.8325     3.8609     5.0997     5.1000    34.9306    34.9295    27.6086    27.6077    1495.44    166.561    167.793         30 0.0000e+00
     130678   5444.874    883.154    891.000     5.1826     5.1830   3.395918   3.395852     1.8508     1.5372      95.49   28.34743  -88.00035   -0.00000    0.00015     3.8299     3.8603     5.1072     5.1076    34.9301    34.9290    27.6074    27.6064    1495.43    166.448    167.770         32 0.0000e+00
     131031   5459.576    869.307    877.000     5.2231     5.2239   3.398898   3.398868     1.8466     1.5335     100.00   28.34784  -88.00161   -0.00035   -0.00031     3.8043     3.8354     5.1487     5.1495    34.9293    34.9281    27.6018    27.6008    1495.46    165.335    166.689         30 0.0000e+00
     132333   5513.837    816.875    824.000     5.4210     5.4207   3.413783   3.413684     1.8180     1.5054     100.00   28.34672  -87.99810   -0.00026   -0.00061     3.6624     3.6873     5.3502     5.3499    34.9207    34.9199    27.5709    27.5703    1495.40    159.175    160.257         31 0.0000e+00
     135271   5636.264    701.083    707.000     6.0516     6.0525   3.465272   3.465310     1.7469     1.4387     100.02   28.35328  -88.01827   -0.00152   -0.00145     3.3156     3.3372     5.9880     5.9890    34.9129    34.9123    27.4855    27.4850    1495.74    144.114    145.053         34 0.0000e+00
     135309   5637.851    700.093    706.000     6.0373     6.0451   3.463409   3.464000     1.7432     1.4370     100.00   28.34764  -88.00076   -0.00132   -0.00076     3.3050     3.3315     5.9740     5.9817    34.9065    34.9052    27.4822    27.4801    1495.44    143.652    144.804         50 0.0000e+00
     135410   5642.041    699.103    705.000     6.0498     6.0413   3.464572   3.463348     1.7435     1.4372     100.00   28.34764  -88.00076    0.00012    0.00004     3.3046     3.3325     5.9865     5.9780    34.9068    34.9050    27.4808    27.4804    1495.44    143.635    144.849         41 0.0000e+00
     135513   5646.323    698.113    704.000     6.0639     6.0581   3.465663   3.465038     1.7436     1.4391     100.00   28.34764  -88.00076    0.00008    0.00039     3.3030     3.3368     6.0005     5.9949    34.9055    34.9041    27.4780    27.4776    1495.44    143.567    145.036         33 0.0000e+00
     135613   5650.494    697.123    703.000     6.0607     6.0643   3.465281   3.465512     1.7419     1.4375      99.72   28.34764  -88.00076   -0.00010   -0.00017     3.2976     3.3303     5.9975     6.0011    34.9050    34.9039    27.4780    27.4766    1495.44    143.332    144.756         51 0.0000e+00
     135705   5654.353    696.133    702.000     6.0638     6.0586   3.465518   3.465133     1.7408     1.4358     100.06   28.34764  -88.00076   -0.00033   -0.00034     3.2933     3.3245     6.0007     5.9955    34.9050    34.9057    27.4776    27.4788    1495.44    143.145    144.499         45 0.0000e+00
     135810   5658.712    695.144    701.000     6.0734     6.0759   3.466344   3.466522     1.7401     1.4356     100.00   28.34764  -88.00078   -0.00031   -0.00008     3.2896     3.3219     6.0103     6.0128    34.9049    34.9044    27.4763    27.4756    1495.44    142.987    144.389         37 0.0000e+00
     137450   5727.045    694.154    700.000     6.0984     6.0977   3.468568   3.468479     1.7361     1.4320      99.99   28.34764  -88.00078   -0.00010   -0.00016     3.2741     3.3068     6.0353     6.0346    34.9049    34.9045    27.4730    27.4728    1495.44    142.311    143.733         30 0.0000e+00
     138535   5772.243    693.164    699.000     6.1117     6.1114   3.469769   3.469661     1.7343     1.4299     100.00   28.34764  -88.00078 -6.583e-07    0.00000     3.2667     3.2980     6.0486     6.0483    34.9052    34.9043    27.4716    27.4709    1495.44    141.991    143.350         38 0.0000e+00
     138771   5782.101    692.173    698.000     6.1128     6.1151   3.469833   3.469991     1.7339     1.4290     100.00   28.34764  -88.00078   -0.00003   -0.00015     3.2650     3.2940     6.0498     6.0521    34.9052    34.9042    27.4715    27.4703    1495.44    141.914    143.177         49 0.0000e+00
