GOMECC/GOMECC-4/1db/urb2103_0711.cnv
* Sea-Bird SBE 9 Data File:
* FileName = C:\Users\scs.user.rb\CTD\GOMECC4\data\rb2103_0711.hex
* Software Version Seasave V 7.26.7.107
* Temperature SN = 4799
* Conductivity SN = 3860
* Number of Bytes Per Scan = 41
* Number of Voltage Words = 4
* Number of Scans Averaged by the Deck Unit = 1
* NMEA Latitude = 26 03.51 N
* NMEA Longitude = 094 11.79 W
* NMEA UTC (Time) = Oct 03 2021  22:34:45
* NMEA baud rate = 4800
# nquan = 28
# nvalues = 415                         
# units = specified
# name 0 = scan: Scan Count
# name 1 = timeS: Time, Elapsed [seconds]
# name 2 = depSM: Depth [salt water, m]
# name 3 = prDM: Pressure, Digiquartz [db]
# name 4 = t090C: Temperature [ITS-90, deg C]
# name 5 = t190C: Temperature, 2 [ITS-90, deg C]
# name 6 = c0S/m: Conductivity [S/m]
# name 7 = c1S/m: Conductivity, 2 [S/m]
# name 8 = sbeox0V: Oxygen raw, SBE 43 [V]
# name 9 = sbeox1V: Oxygen raw, SBE 43, 2 [V]
# name 10 = altM: Altimeter [m]
# name 11 = latitude: Latitude [deg]
# name 12 = longitude: Longitude [deg]
# name 13 = sbox0dV/dT: Oxygen, SBE 43 [dov/dt]
# name 14 = sbox1dV/dT: Oxygen, SBE 43, 2 [dov/dt]
# name 15 = sbeox0ML/L: Oxygen, SBE 43 [ml/l], WS = 5
# name 16 = sbeox1ML/L: Oxygen, SBE 43, 2 [ml/l], WS = 5
# name 17 = potemp090C: Potential Temperature [ITS-90, deg C]
# name 18 = potemp190C: Potential Temperature, 2 [ITS-90, deg C]
# name 19 = sal00: Salinity, Practical [PSU]
# name 20 = sal11: Salinity, Practical, 2 [PSU]
# name 21 = sigma-é00: Density [sigma-theta, kg/m^3]
# name 22 = sigma-é11: Density, 2 [sigma-theta, kg/m^3]
# name 23 = avgsvCM: Average Sound Velocity [Chen-Millero, m/s], minP = 20, minS = 20
# name 24 = sbox0Mm/Kg: Oxygen, SBE 43 [umol/kg], WS = 5
# name 25 = sbox1Mm/Kg: Oxygen, SBE 43, 2 [umol/kg], WS = 5
# name 26 = nbin: number of scans per bin
# name 27 = flag: flag
# span 0 =     100727,     245271       
# span 1 =   4196.923,  10219.587       
# span 2 =      1.987,   2991.735       
# span 3 =      2.000,   3033.000       
# span 4 =     4.2901,    30.4469       
# span 5 =     4.2908,    30.4409       
# span 6 =   3.352214,   6.119088       
# span 7 =   3.352173,   6.118312       
# span 8 =     1.5664,     3.2538       
# span 9 =     1.2690,     2.7454       
# span 10 =      11.15,     105.13      
# span 11 =   25.96007,   26.84624      
# span 12 =  -97.04922,  -93.84388      
# span 13 =   -0.01148,    0.04843      
# span 14 =   -0.00838,    0.04783      
# span 15 =     2.3905,     4.7253      
# span 16 =     2.4053,     4.7412      
# span 17 =     4.0800,    30.4464      
# span 18 =     4.0812,    30.4404      
# span 19 =    34.9073,    37.1229      
# span 20 =    34.9056,    37.1242      
# span 21 =    22.8837,    27.7589      
# span 22 =    22.8772,    27.7575      
# span 23 =    1497.05,    1548.17      
# span 24 =    103.943,    206.091      
# span 25 =    104.590,    206.777      
# span 26 =         30,         80      
# span 27 = 0.0000e+00, 0.0000e+00      
# interval = decibars: 1                
# start_time = Oct 03 2021 22:34:45 [NMEA time, header]
# bad_flag = -9.990e-29
*END*
[from data line 363]
     218324   9096.779     92.374     93.000    23.9184    23.9239   5.421625   5.421049     2.6511     2.2422     100.00   26.05812  -94.19730   -0.00024    0.00033     3.8367     3.8508    23.8987    23.9042    36.6966    36.6876    24.9566    24.9482    1502.69    167.173    167.791         33 0.0000e+00
     218358   9098.203     91.381     92.000    23.9358    23.9490   5.421162   5.422217     2.6696     2.2634     100.00   26.05812  -94.19730    0.00374    0.00808     3.8720     3.8955    23.9164    23.9295    36.6790    36.6762    24.9381    24.9320    1502.69    168.718    169.743         34 0.0000e+00
     218392   9099.604     90.388     91.000    24.0744    24.0693   5.438929   5.436148     2.6896     2.2750     100.00   26.05812  -94.19730    0.01126    0.01249     3.8933     3.9085    24.0555    24.0505    36.7000    36.6865    24.9124    24.9051    1502.69    169.649    170.312         33 0.0000e+00
     218424   9100.972     89.395     90.000    24.2896    24.3575   5.468356   5.477181     2.6927     2.2693      99.82   26.05812  -94.19730    0.01176    0.00720     3.8901     3.8785    24.2703    24.3384    36.7471    36.7567    24.8837    24.8701    1502.69    169.516    169.010         33 0.0000e+00
     218458   9102.356     88.402     89.000    24.4039    24.4511   5.484506   5.490215     2.6810     2.2526     100.00   26.05812  -94.19730    0.00261   -0.00354     3.8577     3.8346    24.3848    24.4320    36.7757    36.7800    24.8710    24.8599    1502.69    168.102    167.099         32 0.0000e+00
     218500   9104.109     87.409     88.000    24.4429    24.4759   5.489087   5.492660     2.6693     2.2455      80.66   26.05812  -94.19730   -0.00611   -0.00758     3.8318     3.8172    24.4259    24.4570    36.7770    36.7785    24.8595    24.8513    1502.69    166.976    166.344         36 0.0000e+00
     218576   9107.302     86.416     87.000    24.3978    24.4134   5.483595   5.485474     2.6620     2.2456     105.13   26.05812  -94.19730   -0.00239    0.00105     3.8196     3.8213    24.3805    24.3952    36.7733    36.7699    24.8704    24.8614    1502.69    166.442    166.520         37 0.0000e+00
     218690   9112.023     85.423     86.000    24.3772    24.3354   5.479420   5.473929     2.6683     2.2496     100.00   26.05812  -94.19731    0.00072    0.00100     3.8336     3.8350    24.3581    24.3171    36.7607    36.7522    24.8676    24.8733    1502.69    167.056    167.115         41 0.0000e+00
     220252   9177.104     79.464     80.000    24.9775    24.9403   5.538438   5.534376     2.7547     2.3272      91.82   26.05706  -94.19372    0.00239    0.00060     3.9577     3.9601    24.9601    24.9229    36.7145    36.7125    24.6496    24.6596    1502.63    172.499    172.602         57 0.0000e+00
     220703   9195.923     78.471     79.000    24.9836    24.9503   5.539240   5.535597     2.7629     2.3357      99.90   26.05806  -94.19738   -0.00041    0.00010     3.9728     3.9774    24.9657    24.9331    36.7176    36.7163    24.6504    24.6594    1502.69    173.157    173.355         63 0.0000e+00
     220784   9199.283     77.478     78.000    24.9829    25.0170   5.538653   5.543009     2.7628     2.3357     100.00   26.05806  -94.19738    0.00009    0.00002     3.9723     3.9731    24.9659    25.0000    36.7143    36.7178    24.6479    24.6401    1502.69    173.136    173.170         62 0.0000e+00
     220838   9201.561     76.485     77.000    25.1316    25.1690   5.554805   5.559684     2.7675     2.3393     100.00   26.05806  -94.19738    0.00061    0.00062     3.9702     3.9692    25.1148    25.1521    36.7130    36.7190    24.6013    24.5944    1502.69    173.051    173.011         52 0.0000e+00
     220892   9203.794     75.492     76.000    25.2339    25.2441   5.565356   5.566816     2.7796     2.3489     100.00   26.05804  -94.19738    0.00432    0.00340     3.9856     3.9844    25.2172    25.2274    36.7089    36.7115    24.5667    24.5655    1502.69    173.729    173.675         49 0.0000e+00
     220934   9205.561     74.499     75.000    25.2180    25.2225   5.555938   5.556736     2.7962     2.3657     100.00   26.05804  -94.19739    0.00688    0.00584     4.0198     4.0226    25.2015    25.2060    36.6520    36.6543    24.5285    24.5289    1502.69    175.226    175.349         39 0.0000e+00
     220971   9207.065     73.506     74.000    25.1549    25.1571   5.536961   5.537795     2.8513     2.4295     100.00   26.05804  -94.19740    0.01582    0.01753     4.1329     4.1653    25.1387    25.1409    36.5622    36.5666    24.4799    24.4825    1502.69    180.163    181.578         34 0.0000e+00
     221004   9208.442     72.512     73.000    25.1201    25.1244   5.526048   5.527043     2.9177     2.4923     100.00   26.05804  -94.19740    0.03850    0.04192     4.2647     4.3030    25.1041    25.1085    36.5093    36.5132    24.4505    24.4521    1502.69    185.914    187.582         32 0.0000e+00
     221036   9209.792     71.519     72.000    25.2729    25.2672   5.543699   5.542395     2.9843     2.5498     100.00   26.05804  -94.19740    0.04843    0.04783     4.3814     4.4150    25.2571    25.2514    36.5176    36.5126    24.4097    24.4077    1502.69    191.011    192.476         34 0.0000e+00
     221071   9211.238     70.526     71.000    25.4198    25.4422   5.562500   5.564743     3.0064     2.5615     100.00   26.05804  -94.19740    0.04005    0.03281     4.4115     4.4257    25.4041    25.4265    36.5392    36.5378    24.3807    24.3727    1502.69    192.327    192.950         34 0.0000e+00
     221104   9212.642     68.540     69.000    25.6289    25.6333   5.586314   5.587133     3.0021     2.5460      99.99   26.05473  -94.18543    0.00264   -0.00320     4.3852     4.3773    25.6137    25.6180    36.5465    36.5492    24.3209    24.3216    1502.50    191.194    190.850         30 0.0000e+00
     221181   9215.831     67.547     68.000    25.6669    25.6853   5.589692   5.591433     3.0044     2.5512      97.18   26.05804  -94.19740   -0.00033   -0.00167     4.3836     4.3840    25.6515    25.6702    36.5428    36.5406    24.3067    24.2993    1502.69    191.128    191.143         35 0.0000e+00
     221264   9219.302     66.553     67.000    25.6234    25.6843   5.585854   5.591128     3.0024     2.5597     100.01   26.05804  -94.19740   -0.00026    0.00301     4.3850     4.4022    25.6085    25.6695    36.5495    36.5378    24.3252    24.2967    1502.69    191.185    191.937         65 0.0000e+00
     221336   9222.284     65.560     66.000    25.5861    25.5744   5.581470   5.581143     3.0007     2.5515      91.18   26.05803  -94.19740   -0.00200   -0.00208     4.3843     4.3912    25.5715    25.5598    36.5474    36.5553    24.3351    24.3448    1502.69    191.149    191.449         34 0.0000e+00
     221428   9226.141     64.567     65.000    25.7111    25.8126   5.592457   5.602412     3.0133     2.5667     100.09   26.05802  -94.19740    0.00328    0.00406     4.3984     4.4089    25.7056    25.7983    36.5211    36.5169    24.2735    24.2391    1502.69    191.777    192.241         71 0.0000e+00
     221511   9229.579     63.574     64.000    25.7841    25.8910   5.598410   5.609379     3.0228     2.5869     100.00   26.05802  -94.19741    0.00217    0.00546     4.4106     4.4430    25.7702    25.8767    36.5139    36.5092    24.2479    24.2110    1502.69    192.315    193.735         44 0.0000e+00
     221589   9232.854     62.580     63.000    25.9561    25.9945   5.613071   5.617542     3.0492     2.6100     100.00   26.05802  -94.19742    0.00590    0.00703     4.4475     4.4847    25.9420    25.9805    36.4848    36.4878    24.1722    24.1628    1502.69    193.938    195.562         44 0.0000e+00
     221677   9236.514     61.587     62.000    26.2093    26.1694   5.640208   5.636109     3.0904     2.6303     100.00   26.05802  -94.19742    0.01105    0.00584     4.5051     4.5128    26.1954    26.1554    36.4820    36.4838    24.0905    24.1044    1502.69    196.464    196.797         70 0.0000e+00
     224030   9334.524     59.601     60.000    26.3747    26.3851   5.658245   5.658728     3.1941     2.7454     100.14   26.12683  -94.44643    0.00140    0.00057     4.6898     4.7412    26.3611    26.3715    36.5276    36.5209    24.0854    24.0770    1506.66    204.533    206.777         39 0.0000e+00
     223832   9326.283     57.614     58.000    26.4059    26.3890   5.651814   5.650490     3.2153     2.7386     100.00   26.05774  -94.19676    0.00179   -0.00247     4.7253     4.7229    26.3927    26.3758    36.4118    36.4156    23.9752    23.9834    1502.68    206.091    205.983         58 0.0000e+00
     223896   9328.959     56.621     57.000    26.6533    26.6070   5.681245   5.675005     3.2124     2.7337     100.00   26.05794  -94.19748    0.00227    0.00052     4.6979     4.6944    26.6403    26.5940    36.4302    36.4216    23.9105    23.9187    1502.69    204.910    204.754         67 0.0000e+00
     223959   9331.582     55.628     56.000    26.8431    26.7482   5.704688   5.692108     3.1790     2.7114     100.00   26.05794  -94.19748   -0.01148   -0.00838     4.6180     4.6362    26.8302    26.7354    36.4503    36.4342    23.8650    23.8832    1502.69    201.433    202.222         59 0.0000e+00
     224017   9334.003     54.635     55.000    27.0091    26.9784   5.722660   5.718186     3.1560     2.6913     100.00   26.05794  -94.19748   -0.01096   -0.00761     4.5604     4.5758    26.9972    26.9658    36.4489    36.4436    23.8105    23.8164    1502.69    198.930    199.600         55 0.0000e+00
     224072   9336.274     53.642     54.000    27.0733    27.0748   5.729195   5.729103     3.1466     2.6768     100.00   26.05794  -94.19748   -0.00629   -0.00807     4.5375     4.5379    27.0609    27.0623    36.4442    36.4446    23.7865    23.7863    1502.69    197.938    197.953         57 0.0000e+00
     224129   9338.649     52.649     53.000    27.1433    27.1485   5.735530   5.735424     3.1504     2.6762      87.04   26.05794  -94.19748    0.00053   -0.00136     4.5386     4.5309    27.1310    27.1363    36.4376    36.4328    23.7589    23.7536    1502.69    197.990    197.653         55 0.0000e+00
     224181   9340.851     51.655     52.000    27.1707    27.1662   5.736606   5.736275     3.1560     2.6779      99.98   26.05794  -94.19748    0.00198    0.00011     4.5467     4.5329    27.1587    27.1541    36.4238    36.4252    23.7396    23.7421    1502.69    198.348    197.745         52 0.0000e+00
     224234   9343.042     50.662     51.000    27.2108    27.2038   5.738683   5.737912     3.1731     2.6989      91.24   26.05794  -94.19750    0.00610    0.00626     4.5752     4.5729    27.1990    27.1920    36.4076    36.4076    23.7144    23.7166    1502.69    199.597    199.495         53 0.0000e+00
     224288   9345.283     49.669     50.000    27.2825    27.2699   5.745803   5.744482     3.1825     2.7066      91.46   26.05794  -94.19750    0.00555    0.00595     4.5865     4.5834    27.2709    27.2584    36.4028    36.4040    23.6876    23.6928    1502.69    200.093    199.959         50 0.0000e+00
     224435   9351.405     41.723     42.000    27.9108    28.0336   5.793967   5.804311     3.2186     2.7352      99.62   25.96007  -93.84388   -0.00188   -0.00076     4.5960     4.5783    27.8969    28.0238    36.1992    36.1829    23.3109    23.2606    1497.05    200.564    199.803         41 0.0000e+00
     225441   9393.350     40.729     41.000    28.3387    28.3373   5.847552   5.848175     3.2202     2.7292     100.00   26.05790  -94.19752   -0.00169   -0.00157     4.5677     4.5458    28.3295    28.3275    36.3102    36.3120    23.2718    23.2732    1502.69    199.354    198.400         39 0.0000e+00
     226810   9450.383     39.736     40.000    28.6525    28.6594   5.873592   5.874664     3.1918     2.7096     100.00   26.05786  -94.19757   -0.00012   -0.00050     4.4923     4.4834    28.6428    28.6498    36.2540    36.2533    23.1254    23.1225    1502.69    196.091    195.705         31 0.0000e+00
     227035   9459.735     38.743     39.000    28.6394    28.6078   5.873088   5.870568     3.1896     2.6992     100.00   26.05786  -94.19758   -0.00182   -0.00216     4.4885     4.4655    28.6301    28.5984    36.2535    36.2582    23.1293    23.1434    1502.69    195.923    194.919         34 0.0000e+00
     227124   9463.438     37.749     38.000    28.7097    28.7284   5.878321   5.878874     3.1895     2.6982     100.00   26.05786  -94.19759   -0.00006   -0.00177     4.4823     4.4550    28.7006    28.7192    36.2397    36.2293    23.0954    23.0814    1502.69    195.659    194.472         64 0.0000e+00
     227212   9467.139     36.756     37.000    28.7416    28.7482   5.876296   5.875751     3.1834     2.6962     100.00   26.05785  -94.19760   -0.00164   -0.00100     4.4691     4.4496    28.7327    28.7393    36.2014    36.1927    23.0559    23.0472    1502.69    195.092    194.244         36 0.0000e+00
     227299   9470.753     35.763     36.000    28.7480    28.7455   5.873067   5.872845     3.1787     2.6949      94.87   26.05784  -94.19760   -0.00176   -0.00025     4.4601     4.4471    28.7393    28.7368    36.1727    36.1748    23.0321    23.0346    1502.69    194.706    194.137         48 0.0000e+00
     227386   9474.365     34.769     35.000    28.7377    28.7398   5.868965   5.868791     3.1773     2.6927     100.78   26.05784  -94.19760   -0.00069   -0.00027     4.4585     4.4433    28.7293    28.7314    36.1544    36.1513    23.0217    23.0187    1502.69    194.634    193.972         54 0.0000e+00
     227478   9478.229     33.776     34.000    28.7416    28.7526   5.868715   5.868800     3.1738     2.6872      92.48   26.05784  -94.19761   -0.00049   -0.00113     4.4510     4.4310    28.7334    28.7444    36.1501    36.1420    23.0171    23.0073    1502.69    194.308    193.436         53 0.0000e+00
     227558   9481.549     32.783     33.000    28.7611    28.7852   5.868672   5.870525     3.1731     2.6847     102.06   26.05784  -94.19762   -0.00080   -0.00058     4.4485     4.4234    28.7532    28.7773    36.1348    36.1294    22.9990    22.9869    1502.69    194.203    193.109         47 0.0000e+00
     227666   9486.042     31.789     32.000    28.7954    28.8142   5.872203   5.873245     3.1615     2.6802     100.00   26.05784  -94.19762   -0.00298   -0.00173     4.4244     4.4118    28.7877    28.8064    36.1316    36.1267    22.9851    22.9751    1502.69    193.153    192.604         33 0.0000e+00
     228469   9519.511     29.803     30.000    29.0715    29.0802   5.909821   5.908817     3.1660     2.6825     100.11   26.12562  -94.44264   -0.00069   -0.00067     4.4124     4.3987    29.0601    29.0731    36.2322    36.2255    22.9838    22.9781    1506.60    192.640    192.043         50 0.0000e+00
     227976   9498.949     28.809     29.000    29.0654    29.0851   5.903901   5.906185     3.1502     2.6682     100.00   26.05783  -94.19762   -0.00159   -0.00171     4.3810     4.3659    29.0577    29.0781    36.1497    36.1516    22.9083    22.9033    1502.69    191.272    190.616         32 0.0000e+00
     228064   9502.608     27.816     28.000    29.1031    29.1304   5.908136   5.912929     3.1452     2.6669     100.00   26.05782  -94.19762   -0.00232   -0.00062     4.3683     4.3592    29.0963    29.1235    36.1505    36.1630    22.8959    22.8961    1502.69    190.723    190.322         32 0.0000e+00
     228179   9507.434     26.823     27.000    29.1566    29.1708   5.915061   5.916249     3.1499     2.6702      95.77   26.05782  -94.19764   -0.00073   -0.00061     4.3720     4.3625    29.1500    29.1643    36.1584    36.1561    22.8837    22.8772    1502.69    190.888    190.471         48 0.0000e+00
