GOMECC/GOMECC-4/1db/urb2103_0711.cnv
* Sea-Bird SBE 9 Data File:
* FileName = C:\Users\scs.user.rb\CTD\GOMECC4\data\rb2103_0711.hex
* Software Version Seasave V 7.26.7.107
* Temperature SN = 4799
* Conductivity SN = 3860
* Number of Bytes Per Scan = 41
* Number of Voltage Words = 4
* Number of Scans Averaged by the Deck Unit = 1
* NMEA Latitude = 26 03.51 N
* NMEA Longitude = 094 11.79 W
* NMEA UTC (Time) = Oct 03 2021  22:34:45
* NMEA baud rate = 4800
# nquan = 28
# nvalues = 415                         
# units = specified
# name 0 = scan: Scan Count
# name 1 = timeS: Time, Elapsed [seconds]
# name 2 = depSM: Depth [salt water, m]
# name 3 = prDM: Pressure, Digiquartz [db]
# name 4 = t090C: Temperature [ITS-90, deg C]
# name 5 = t190C: Temperature, 2 [ITS-90, deg C]
# name 6 = c0S/m: Conductivity [S/m]
# name 7 = c1S/m: Conductivity, 2 [S/m]
# name 8 = sbeox0V: Oxygen raw, SBE 43 [V]
# name 9 = sbeox1V: Oxygen raw, SBE 43, 2 [V]
# name 10 = altM: Altimeter [m]
# name 11 = latitude: Latitude [deg]
# name 12 = longitude: Longitude [deg]
# name 13 = sbox0dV/dT: Oxygen, SBE 43 [dov/dt]
# name 14 = sbox1dV/dT: Oxygen, SBE 43, 2 [dov/dt]
# name 15 = sbeox0ML/L: Oxygen, SBE 43 [ml/l], WS = 5
# name 16 = sbeox1ML/L: Oxygen, SBE 43, 2 [ml/l], WS = 5
# name 17 = potemp090C: Potential Temperature [ITS-90, deg C]
# name 18 = potemp190C: Potential Temperature, 2 [ITS-90, deg C]
# name 19 = sal00: Salinity, Practical [PSU]
# name 20 = sal11: Salinity, Practical, 2 [PSU]
# name 21 = sigma-é00: Density [sigma-theta, kg/m^3]
# name 22 = sigma-é11: Density, 2 [sigma-theta, kg/m^3]
# name 23 = avgsvCM: Average Sound Velocity [Chen-Millero, m/s], minP = 20, minS = 20
# name 24 = sbox0Mm/Kg: Oxygen, SBE 43 [umol/kg], WS = 5
# name 25 = sbox1Mm/Kg: Oxygen, SBE 43, 2 [umol/kg], WS = 5
# name 26 = nbin: number of scans per bin
# name 27 = flag: flag
# span 0 =     100727,     245271       
# span 1 =   4196.923,  10219.587       
# span 2 =      1.987,   2991.735       
# span 3 =      2.000,   3033.000       
# span 4 =     4.2901,    30.4469       
# span 5 =     4.2908,    30.4409       
# span 6 =   3.352214,   6.119088       
# span 7 =   3.352173,   6.118312       
# span 8 =     1.5664,     3.2538       
# span 9 =     1.2690,     2.7454       
# span 10 =      11.15,     105.13      
# span 11 =   25.96007,   26.84624      
# span 12 =  -97.04922,  -93.84388      
# span 13 =   -0.01148,    0.04843      
# span 14 =   -0.00838,    0.04783      
# span 15 =     2.3905,     4.7253      
# span 16 =     2.4053,     4.7412      
# span 17 =     4.0800,    30.4464      
# span 18 =     4.0812,    30.4404      
# span 19 =    34.9073,    37.1229      
# span 20 =    34.9056,    37.1242      
# span 21 =    22.8837,    27.7589      
# span 22 =    22.8772,    27.7575      
# span 23 =    1497.05,    1548.17      
# span 24 =    103.943,    206.091      
# span 25 =    104.590,    206.777      
# span 26 =         30,         80      
# span 27 = 0.0000e+00, 0.0000e+00      
# interval = decibars: 1                
# start_time = Oct 03 2021 22:34:45 [NMEA time, header]
# bad_flag = -9.990e-29
*END*
     100727   4196.923   2991.735   3033.000     4.3642     4.3651   3.412515   3.412462     1.7434     1.4322      11.15   26.05892  -94.19652   -0.00003    0.00003     4.6814     4.6917     4.0804     4.0813    34.9762    34.9747    27.7588    27.7575    1502.69    203.423    203.874         41 0.0000e+00
     100870   4202.879   2990.756   3032.000     4.3640     4.3651   3.412467   3.412419     1.7435     1.4322      12.11   26.05892  -94.19652    0.00004    0.00003     4.6812     4.6913     4.0803     4.0814    34.9763    34.9746    27.7589    27.7575    1502.69    203.416    203.857         80 0.0000e+00
     100946   4206.026   2989.776   3031.000     4.3638     4.3650   3.412407   3.412365     1.7436     1.4324      13.07   26.05892  -94.19652    0.00004    0.00004     4.6814     4.6915     4.0802     4.0814    34.9762    34.9745    27.7589    27.7574    1502.69    203.426    203.865         64 0.0000e+00
     100998   4208.216   2988.796   3030.000     4.3637     4.3649   3.412359   3.412322     1.7437     1.4325      13.90   26.05892  -94.19652    0.00004    0.00007     4.6809     4.6917     4.0803     4.0814    34.9762    34.9746    27.7588    27.7574    1502.69    203.402    203.872         46 0.0000e+00
     101043   4210.089   2987.817   3029.000     4.3634     4.3646   3.412295   3.412259     1.7438     1.4322      14.85   26.05892  -94.19652    0.00004   -0.00006     4.6809     4.6896     4.0801     4.0812    34.9762    34.9746    27.7589    27.7574    1502.69    203.403    203.780         46 0.0000e+00
     101086   4211.889   2986.837   3028.000     4.3633     4.3645   3.412247   3.412206     1.7439     1.4324      15.75   26.05892  -94.19652    0.00005   -0.00005     4.6808     4.6900     4.0800     4.0812    34.9763    34.9745    27.7589    27.7574    1502.69    203.398    203.801         38 0.0000e+00
     101120   4213.307   2985.858   3027.000     4.3632     4.3643   3.412195   3.412156     1.7440     1.4325      30.71   26.05892  -94.19652    0.00006    0.00008     4.6808     4.6899     4.0801     4.0812    34.9761    34.9746    27.7588    27.7574    1502.69    203.399    203.795         31 0.0000e+00
     106270   4427.885   2790.845   2828.000     4.3438     4.3449   3.402957   3.402912     1.7639     1.4511      89.20   26.05957  -94.19901    0.00009    0.00007     4.6528     4.6627     4.0836     4.0846    34.9759    34.9743    27.7582    27.7569    1502.73    202.184    202.612         38 0.0000e+00
     106325   4430.152   2789.864   2827.000     4.3436     4.3446   3.402817   3.402778     1.7642     1.4516      99.87   26.05890  -94.19657    0.00009    0.00014     4.6537     4.6647     4.0834     4.0844    34.9749    34.9734    27.7575    27.7562    1502.69    202.222    202.699         66 0.0000e+00
     106398   4433.226   2788.883   2826.000     4.3435     4.3446   3.402771   3.402737     1.7643     1.4518      99.99   26.05890  -94.19657    0.00004    0.00009     4.6535     4.6650     4.0835     4.0846    34.9749    34.9733    27.7574    27.7561    1502.69    202.213    202.711         59 0.0000e+00
     106469   4436.157   2787.903   2825.000     4.3433     4.3445   3.402724   3.402690     1.7643     1.4519     100.00   26.05890  -94.19656    0.00002    0.00004     4.6529     4.6648     4.0834     4.0845    34.9750    34.9734    27.7575    27.7562    1502.69    202.185    202.705         45 0.0000e+00
     107630   4484.534   2786.923   2824.000     4.3437     4.3449   3.402710   3.402693     1.7645     1.4519      89.62   26.05888  -94.19656   -0.00001    0.00001     4.6529     4.6640     4.0839     4.0850    34.9748    34.9734    27.7574    27.7561    1502.69    202.185    202.668         50 0.0000e+00
     108356   4514.807   2785.942   2823.000     4.3437     4.3449   3.402670   3.402655     1.7644     1.4518      99.90   26.05888  -94.19656    0.00001    0.00001     4.6521     4.6631     4.0840     4.0852    34.9749    34.9734    27.7574    27.7561    1502.69    202.152    202.632         58 0.0000e+00
     108426   4517.691   2784.962   2822.000     4.3433     4.3446   3.402600   3.402592     1.7648     1.4518     100.00   26.05888  -94.19656    0.00009   -0.00001     4.6531     4.6627     4.0837     4.0850    34.9749    34.9735    27.7574    27.7562    1502.69    202.197    202.611         60 0.0000e+00
     108483   4520.069   2783.981   2821.000     4.3433     4.3444   3.402554   3.402531     1.7650     1.4519     100.00   26.05888  -94.19656    0.00013    0.00003     4.6534     4.6624     4.0838     4.0849    34.9748    34.9734    27.7574    27.7561    1502.69    202.207    202.601         52 0.0000e+00
     108529   4522.019   2783.001   2820.000     4.3431     4.3442   3.402503   3.402474     1.7651     1.4518      92.59   26.05888  -94.19656    0.00005   -0.00000     4.6536     4.6615     4.0837     4.0848    34.9749    34.9734    27.7574    27.7561    1502.69    202.219    202.560         43 0.0000e+00
     108572   4523.772   2782.020   2819.000     4.3430     4.3440   3.402452   3.402411     1.7651     1.4519      86.72   26.05888  -94.19656    0.00004    0.00001     4.6530     4.6614     4.0837     4.0848    34.9748    34.9733    27.7574    27.7560    1502.69    202.189    202.558         42 0.0000e+00
     108613   4525.484   2781.040   2818.000     4.3429     4.3439   3.402411   3.402370     1.7656     1.4527     100.20   26.05888  -94.19656    0.00013    0.00016     4.6546     4.6643     4.0837     4.0848    34.9749    34.9733    27.7574    27.7561    1502.69    202.262    202.683         39 0.0000e+00
     108648   4526.967   2780.060   2817.000     4.3429     4.3440   3.402372   3.402338     1.7656     1.4529     100.00   26.05888  -94.19656    0.00017    0.00035     4.6537     4.6650     4.0839     4.0849    34.9748    34.9734    27.7574    27.7561    1502.69    202.220    202.712         33 0.0000e+00
     108679   4528.252   2779.079   2816.000     4.3429     4.3439   3.402334   3.402297     1.7656     1.4529     100.00   26.05888  -94.19656    0.00004    0.00023     4.6533     4.6642     4.0840     4.0850    34.9748    34.9734    27.7574    27.7561    1502.69    202.202    202.676         30 0.0000e+00
     108709   4529.511   2778.099   2815.000     4.3428     4.3439   3.402288   3.402253     1.7656     1.4530     100.00   26.05888  -94.19656   -0.00001    0.00002     4.6528     4.6639     4.0840     4.0851    34.9749    34.9733    27.7574    27.7560    1502.69    202.184    202.666         30 0.0000e+00
     108741   4530.813   2777.118   2814.000     4.3427     4.3438   3.402245   3.402211     1.7658     1.4530     100.00   26.05888  -94.19656    0.00004    0.00003     4.6528     4.6634     4.0839     4.0851    34.9750    34.9734    27.7575    27.7561    1502.69    202.181    202.641         31 0.0000e+00
     109481   4561.680   2749.663   2786.000     4.3408     4.3418   3.401001   3.400969     1.7705     1.4569     100.00   26.05884  -94.19641    0.00014    0.00003     4.6573     4.6656     4.0853     4.0863    34.9748    34.9733    27.7572    27.7559    1502.69    202.378    202.738         30 0.0000e+00
     112833   4701.348   2623.130   2657.000     4.3282     4.3291   3.394993   3.394949     1.7865     1.4721     100.00   26.05950  -94.19899    0.00003    0.00007     4.6511     4.6619     4.0870     4.0880    34.9753    34.9738    27.7574    27.7562    1502.73    202.110    202.578         53 0.0000e+00
     112895   4703.909   2622.148   2656.000     4.3278     4.3288   3.394849   3.394811     1.7866     1.4722     100.00   26.05884  -94.19660    0.00003    0.00004     4.6514     4.6617     4.0868     4.0878    34.9744    34.9730    27.7567    27.7555    1502.69    202.120    202.568         55 0.0000e+00
     112986   4707.699   2621.167   2655.000     4.3277     4.3287   3.394797   3.394762     1.7868     1.4723     100.00   26.05884  -94.19660    0.00006    0.00003     4.6514     4.6616     4.0868     4.0877    34.9744    34.9730    27.7567    27.7555    1502.69    202.122    202.565         33 0.0000e+00
     113054   4710.553   2620.186   2654.000     4.3276     4.3287   3.394754   3.394724     1.7869     1.4724      78.40   26.05884  -94.19660   -0.00002    0.00010     4.6515     4.6612     4.0868     4.0879    34.9744    34.9729    27.7567    27.7554    1502.69    202.124    202.548         41 0.0000e+00
     113158   4714.877   2619.205   2653.000     4.3278     4.3288   3.394725   3.394699     1.7873     1.4725     100.41   26.05884  -94.19660    0.00009    0.00001     4.6525     4.6612     4.0871     4.0881    34.9744    34.9730    27.7567    27.7555    1502.69    202.171    202.547         56 0.0000e+00
     113239   4718.235   2618.223   2652.000     4.3277     4.3287   3.394682   3.394650     1.7874     1.4725     100.00   26.05884  -94.19660    0.00003    0.00001     4.6524     4.6608     4.0871     4.0881    34.9744    34.9730    27.7567    27.7554    1502.69    202.164    202.530         42 0.0000e+00
     113318   4721.535   2617.242   2651.000     4.3276     4.3289   3.394637   3.394626     1.7875     1.4726      85.77   26.05884  -94.19660    0.00007    0.00002     4.6523     4.6603     4.0871     4.0884    34.9744    34.9730    27.7567    27.7554    1502.69    202.160    202.510         35 0.0000e+00
     113849   4743.680   2616.261   2650.000     4.3277     4.3287   3.394600   3.394573     1.7876     1.4732      97.88   26.05884  -94.19660    0.00002    0.00012     4.6520     4.6626     4.0873     4.0883    34.9744    34.9730    27.7566    27.7555    1502.69    202.146    202.610         43 0.0000e+00
     115458   4810.698   2615.280   2649.000     4.3280     4.3291   3.394585   3.394562     1.7876     1.4732      99.95   26.05883  -94.19662    0.00004   -0.00005     4.6516     4.6623     4.0877     4.0888    34.9743    34.9730    27.7566    27.7554    1502.69    202.128    202.593         40 0.0000e+00
     115569   4815.347   2614.299   2648.000     4.3280     4.3291   3.394549   3.394523     1.7877     1.4733     100.00   26.05883  -94.19662    0.00001    0.00003     4.6513     4.6621     4.0879     4.0890    34.9743    34.9729    27.7566    27.7553    1502.69    202.115    202.584         38 0.0000e+00
     115640   4818.310   2613.317   2647.000     4.3278     4.3287   3.394500   3.394451     1.7877     1.4735      91.71   26.05883  -94.19663    0.00001    0.00002     4.6507     4.6626     4.0878     4.0886    34.9744    34.9730    27.7566    27.7554    1502.69    202.093    202.609         55 0.0000e+00
     115688   4820.289   2612.336   2646.000     4.3274     4.3284   3.394418   3.394386     1.7878     1.4737      99.08   26.05882  -94.19663    0.00001    0.00006     4.6504     4.6628     4.0875     4.0885    34.9743    34.9729    27.7566    27.7554    1502.69    202.079    202.616         39 0.0000e+00
     115725   4821.813   2611.355   2645.000     4.3273     4.3283   3.394368   3.394341     1.7881     1.4738      99.99   26.05882  -94.19664    0.00005    0.00007     4.6511     4.6627     4.0875     4.0885    34.9743    34.9729    27.7566    27.7554    1502.69    202.109    202.611         37 0.0000e+00
     115763   4823.404   2610.374   2644.000     4.3272     4.3283   3.394330   3.394298     1.7882     1.4738     100.00   26.05881  -94.19664    0.00011    0.00004     4.6511     4.6620     4.0875     4.0885    34.9744    34.9730    27.7566    27.7554    1502.69    202.108    202.584         39 0.0000e+00
     115801   4825.009   2609.393   2643.000     4.3271     4.3281   3.394277   3.394242     1.7884     1.4743     100.00   26.05880  -94.19664    0.00013    0.00012     4.6513     4.6636     4.0875     4.0885    34.9743    34.9729    27.7566    27.7554    1502.69    202.118    202.652         37 0.0000e+00
     115836   4826.445   2608.411   2642.000     4.3271     4.3281   3.394233   3.394198     1.7884     1.4740     100.00   26.05882  -94.19664    0.00010    0.00011     4.6509     4.6620     4.0876     4.0886    34.9743    34.9729    27.7565    27.7553    1502.69    202.100    202.580         32 0.0000e+00
     115866   4827.722   2607.430   2641.000     4.3269     4.3279   3.394190   3.394144     1.7885     1.4740     100.00   26.05882  -94.19664    0.00006   -0.00002     4.6509     4.6614     4.0875     4.0886    34.9744    34.9728    27.7567    27.7553    1502.69    202.099    202.558         30 0.0000e+00
     115897   4829.015   2606.449   2640.000     4.3268     4.3278   3.394137   3.394110     1.7889     1.4742     100.00   26.05882  -94.19664    0.00012   -0.00002     4.6517     4.6617     4.0875     4.0885    34.9744    34.9730    27.7566    27.7554    1502.69    202.135    202.569         32 0.0000e+00
     115929   4830.322   2605.468   2639.000     4.3267     4.3277   3.394086   3.394059     1.7892     1.4744     100.00   26.05882  -94.19664    0.00019    0.00009     4.6525     4.6617     4.0876     4.0886    34.9743    34.9730    27.7565    27.7554    1502.69    202.169    202.569         30 0.0000e+00
     119329   4971.987   2475.904   2507.000     4.3165     4.3175   3.388049   3.388011     1.8067     1.4901     100.00   26.05883  -94.19679    0.00012    0.00012     4.6498     4.6570     4.0918     4.0927    34.9740    34.9725    27.7559    27.7546    1502.69    202.053    202.367         30 0.0000e+00
     120670   5027.858   2424.842   2455.000     4.3123     4.3133   3.385684   3.385648     1.8133     1.4969     100.00   26.05913  -94.19790    0.00016    0.00007     4.6473     4.6576     4.0932     4.0942    34.9743    34.9729    27.7560    27.7548    1502.71    201.944    202.390         31 0.0000e+00
     120709   5029.496   2423.860   2454.000     4.3122     4.3131   3.385590   3.385556     1.8134     1.4969     100.00   26.05880  -94.19666    0.00010    0.00001     4.6472     4.6570     4.0932     4.0940    34.9738    34.9725    27.7556    27.7544    1502.69    201.937    202.367         56 0.0000e+00
     120772   5032.134   2422.877   2453.000     4.3120     4.3129   3.385539   3.385499     1.8135     1.4970     100.00   26.05879  -94.19666    0.00006    0.00003     4.6471     4.6568     4.0932     4.0940    34.9738    34.9724    27.7556    27.7544    1502.69    201.933    202.355         60 0.0000e+00
     121759   5073.237   2419.931   2450.000     4.3122     4.3133   3.385313   3.385278     1.8141     1.4975      98.19   26.05768  -94.19257    0.00003   -0.00001     4.6476     4.6574     4.0937     4.0947    34.9723    34.9708    27.7543    27.7530    1502.63    201.955    202.383         36 0.0000e+00
     122778   5115.690   2418.949   2449.000     4.3127     4.3136   3.385435   3.385397     1.8140     1.4980      99.96   26.05882  -94.19663    0.00002    0.00000     4.6466     4.6589     4.0942     4.0951    34.9737    34.9724    27.7554    27.7542    1502.69    201.914    202.446         44 0.0000e+00
     122881   5120.010   2417.967   2448.000     4.3126     4.3135   3.385392   3.385346     1.8143     1.4982     100.00   26.05880  -94.19664    0.00004    0.00008     4.6470     4.6594     4.0943     4.0951    34.9738    34.9723    27.7554    27.7542    1502.69    201.932    202.470         44 0.0000e+00
     122943   5122.590   2416.985   2447.000     4.3124     4.3133   3.385332   3.385290     1.8143     1.4983     100.00   26.05880  -94.19664    0.00004    0.00003     4.6467     4.6590     4.0941     4.0950    34.9738    34.9724    27.7554    27.7542    1502.69    201.915    202.454         57 0.0000e+00
     123004   5125.115   2416.003   2446.000     4.3122     4.3132   3.385282   3.385242     1.8144     1.4982     100.00   26.05880  -94.19664    0.00004   -0.00002     4.6464     4.6581     4.0941     4.0950    34.9738    34.9724    27.7554    27.7542    1502.69    201.904    202.412         58 0.0000e+00
