GOMECC/GOMECC-4/1db/urb2103_1101.cnv
* Sea-Bird SBE 9 Data File:
* FileName = C:\Users\scs.user.rb\CTD\GOMECC4\data\rb2103_1101.hex
* Software Version Seasave V 7.26.7.107
* Temperature SN = 4799
* Conductivity SN = 3860
* Number of Bytes Per Scan = 41
* Number of Voltage Words = 4
* Number of Scans Averaged by the Deck Unit = 1
* NMEA Latitude = 22 32.38 N
* NMEA Longitude = 086 36.68 W
* NMEA UTC (Time) = Oct 15 2021  05:55:57
* NMEA baud rate = 4800
# nquan = 28
# nvalues = 298                         
# units = specified
# name 0 = scan: Scan Count
# name 1 = timeS: Time, Elapsed [seconds]
# name 2 = depSM: Depth [salt water, m]
# name 3 = prDM: Pressure, Digiquartz [db]
# name 4 = t090C: Temperature [ITS-90, deg C]
# name 5 = t190C: Temperature, 2 [ITS-90, deg C]
# name 6 = c0S/m: Conductivity [S/m]
# name 7 = c1S/m: Conductivity, 2 [S/m]
# name 8 = sbeox0V: Oxygen raw, SBE 43 [V]
# name 9 = sbeox1V: Oxygen raw, SBE 43, 2 [V]
# name 10 = altM: Altimeter [m]
# name 11 = latitude: Latitude [deg]
# name 12 = longitude: Longitude [deg]
# name 13 = sbox0dV/dT: Oxygen, SBE 43 [dov/dt]
# name 14 = sbox1dV/dT: Oxygen, SBE 43, 2 [dov/dt]
# name 15 = sbeox0ML/L: Oxygen, SBE 43 [ml/l], WS = 5
# name 16 = sbeox1ML/L: Oxygen, SBE 43, 2 [ml/l], WS = 5
# name 17 = potemp090C: Potential Temperature [ITS-90, deg C]
# name 18 = potemp190C: Potential Temperature, 2 [ITS-90, deg C]
# name 19 = sal00: Salinity, Practical [PSU]
# name 20 = sal11: Salinity, Practical, 2 [PSU]
# name 21 = sigma-é00: Density [sigma-theta, kg/m^3]
# name 22 = sigma-é11: Density, 2 [sigma-theta, kg/m^3]
# name 23 = avgsvCM: Average Sound Velocity [Chen-Millero, m/s], minP = 20, minS = 20
# name 24 = sbox0Mm/Kg: Oxygen, SBE 43 [umol/kg], WS = 5
# name 25 = sbox1Mm/Kg: Oxygen, SBE 43, 2 [umol/kg], WS = 5
# name 26 = nbin: number of scans per bin
# name 27 = flag: flag
# span 0 =      21384,      64638       
# span 1 =    890.939,   2693.190       
# span 2 =      1.987,    359.417       
# span 3 =      2.000,    362.000       
# span 4 =    12.1267,    29.7888       
# span 5 =    12.1271,    29.7888       
# span 6 =   4.081681,   5.986957       
# span 7 =   4.081791,   5.987169       
# span 8 =     1.7794,     3.1658       
# span 9 =     1.4631,     2.6742       
# span 10 =      11.35,     102.19      
# span 11 =   22.23413,   22.61374      
# span 12 =  -86.84276,  -85.36185      
# span 13 =   -0.00404,    0.01310      
# span 14 =   -0.00408,    0.01486      
# span 15 =     2.7962,     4.3458      
# span 16 =     2.8103,     4.3335      
# span 17 =    12.0786,    29.7869      
# span 18 =    12.0789,    29.7873      
# span 19 =    35.5201,    36.9439      
# span 20 =    35.5204,    36.9484      
# span 21 =    22.3556,    26.9781      
# span 22 =    22.3558,    26.9783      
# span 23 =    1502.08,    1528.18      
# span 24 =    121.597,    189.763      
# span 25 =    122.211,    189.218      
# span 26 =         30,         75      
# span 27 = 0.0000e+00, 0.0000e+00      
# interval = decibars: 1                
# start_time = Oct 15 2021 05:55:57 [NMEA time, header]
# bad_flag = -9.990e-29
*END*
[from data line 208]
      36297   1512.325    138.083    139.000    20.2745    20.2581   5.040737   5.038626     2.3008     1.9266     100.00   22.55269  -86.61738    0.00208    0.00190     3.3845     3.3909    20.2483    20.2319    36.7573    36.7542    26.0365    26.0385    1524.23    147.315    147.595         54 0.0000e+00
      36347   1514.406    137.090    138.000    20.3726    20.3392   5.053723   5.049660     2.3077     1.9334      88.81   22.55270  -86.61738    0.00273    0.00242     3.3920     3.4008    20.3465    20.3131    36.7786    36.7744    26.0263    26.0322    1524.23    147.643    148.027         51 0.0000e+00
      36402   1516.690    136.096    137.000    20.4485    20.4314   5.063269   5.060504     2.3246     1.9452     100.01   22.55272  -86.61737    0.00582    0.00434     3.4211     3.4223    20.4226    20.4054    36.7911    36.7834    26.0154    26.0141    1524.23    148.915    148.965         56 0.0000e+00
      36457   1519.011    135.103    136.000    20.5212    20.4579   5.072519   5.065460     2.3390     1.9583      99.95   22.55273  -86.61736    0.00686    0.00578     3.4473     3.4504    20.4953    20.4321    36.8039    36.8012    26.0055    26.0205    1524.23    150.055    150.187         54 0.0000e+00
      36508   1521.124    134.110    135.000    20.5509    20.5090   5.076476   5.071264     2.3523     1.9673      99.95   22.55274  -86.61736    0.00626    0.00481     3.4731     3.4670    20.5253    20.4834    36.8107    36.8081    26.0026    26.0119    1524.23    151.179    150.909         49 0.0000e+00
      36558   1523.225    133.117    134.000    20.5733    20.5464   5.079314   5.076102     2.3598     1.9748     100.00   22.55276  -86.61736    0.00497    0.00397     3.4870     3.4824    20.5478    20.5209    36.8148    36.8120    25.9996    26.0047    1524.23    151.784    151.583         53 0.0000e+00
      36613   1525.491    132.124    133.000    20.6144    20.5932   5.083657   5.081371     2.3642     1.9813     100.00   22.55276  -86.61736    0.00253    0.00304     3.4935     3.4942    20.5891    20.5679    36.8157    36.8148    25.9891    25.9942    1524.23    152.067    152.099         54 0.0000e+00
      36665   1527.671    131.131    132.000    20.6409    20.6201   5.086855   5.084726     2.3647     1.9835     100.00   22.55278  -86.61736    0.00106    0.00215     3.4920     3.4969    20.6158    20.5950    36.8183    36.8192    25.9838    25.9904    1524.23    152.002    152.217         53 0.0000e+00
      36720   1529.939    130.138    131.000    20.6989    20.6649   5.092488   5.089317     2.3596     1.9795     100.00   22.55279  -86.61736   -0.00123   -0.00088     3.4755     3.4844    20.6741    20.6399    36.8140    36.8179    25.9647    25.9770    1524.23    151.289    151.675         52 0.0000e+00
      36767   1531.914    129.145    130.000    20.7341    20.7249   5.096338   5.095737     2.3520     1.9751      84.17   22.55279  -86.61736   -0.00297   -0.00185     3.4578     3.4698    20.7092    20.7000    36.8154    36.8184    25.9562    25.9611    1524.23    150.517    151.042         45 0.0000e+00
      36815   1533.916    128.152    129.000    20.7889    20.7851   5.102802   5.102144     2.3447     1.9647      97.28   22.55280  -86.61736   -0.00404   -0.00371     3.4379     3.4407    20.7647    20.7604    36.8210    36.8187    25.9454    25.9448    1524.23    149.654    149.778         54 0.0000e+00
      36869   1536.187    127.158    128.000    20.9678    20.8995   5.122797   5.115773     2.3397     1.9581     100.09   22.55280  -86.61735   -0.00275   -0.00408     3.4151     3.4182    20.9431    20.8749    36.8285    36.8306    25.9022    25.9226    1524.23    148.667    148.801         48 0.0000e+00
      36914   1538.030    126.165    127.000    21.0847    21.0595   5.136761   5.134104     2.3394     1.9584      63.66   22.55282  -86.61734   -0.00129   -0.00174     3.4060     3.4081    21.0601    21.0350    36.8408    36.8415    25.8795    25.8869    1524.23    148.275    148.363         47 0.0000e+00
      36963   1540.092    125.172    126.000    21.1613    21.1549   5.144978   5.144883     2.3419     1.9580     100.95   22.55282  -86.61734    0.00045    0.00012     3.4058     3.4009    21.1368    21.1305    36.8414    36.8461    25.8588    25.8642    1524.23    148.270    148.054         47 0.0000e+00
      37006   1541.865    124.179    125.000    21.2071    21.1926   5.150120   5.149004     2.3435     1.9631     100.00   22.55282  -86.61734    0.00120    0.00083     3.4057     3.4098    21.1828    21.1683    36.8437    36.8472    25.8479    25.8546    1524.23    148.265    148.443         42 0.0000e+00
      37054   1543.886    123.186    124.000    21.2440    21.2359   5.154836   5.154009     2.3472     1.9670     100.00   22.55282  -86.61734    0.00136    0.00241     3.4105     3.4158    21.2199    21.2117    36.8502    36.8506    25.8427    25.8452    1524.23    148.476    148.708         54 0.0000e+00
      37104   1545.949    122.193    123.000    21.3191    21.2897   5.162926   5.159041     2.3506     1.9697     100.00   22.55282  -86.61733    0.00181    0.00183     3.4130     3.4180    21.2951    21.2657    36.8530    36.8475    25.8239    25.8279    1524.23    148.587    148.805         43 0.0000e+00
      37144   1547.639    121.200    122.000    21.3132    21.3409   5.163532   5.166380     2.3528     1.9713     100.00   22.55282  -86.61732    0.00145    0.00093     3.4166     3.4182    21.2894    21.3171    36.8614    36.8604    25.8319    25.8235    1524.23    148.745    148.812         40 0.0000e+00
      37189   1549.501    120.207    121.000    21.3910    21.4051   5.172779   5.174677     2.3547     1.9741      92.10   22.55282  -86.61732    0.00129    0.00134     3.4149     3.4200    21.3674    21.3814    36.8691    36.8722    25.8161    25.8146    1524.23    148.670    148.893         52 0.0000e+00
      37244   1551.784    119.214    120.000    21.4325    21.4586   5.177924   5.181347     2.3556     1.9764      95.17   22.55282  -86.61732    0.00059    0.00129     3.4135     3.4214    21.4090    21.4350    36.8750    36.8801    25.8091    25.8057    1524.23    148.612    148.957         49 0.0000e+00
      37285   1553.491    118.220    119.000    21.5340    21.5779   5.190628   5.196369     2.3588     1.9769      99.98   22.55284  -86.61732    0.00092    0.00047     3.4127     3.4141    21.5105    21.5544    36.8900    36.8982    25.7922    25.7862    1524.23    148.580    148.640         39 0.0000e+00
      37332   1555.444    117.227    118.000    21.6267    21.6336   5.202331   5.204007     2.3606     1.9775     100.00   22.55284  -86.61730    0.00158    0.00051     3.4100     3.4117    21.6034    21.6104    36.9092    36.9115    25.7809    25.7806    1524.23    148.461    148.536         57 0.0000e+00
      37391   1557.904    116.234    117.000    21.6447    21.6411   5.205084   5.204850     2.3611     1.9778     100.00   22.55284  -86.61730    0.00007   -0.00009     3.4091     3.4111    21.6216    21.6184    36.9111    36.9127    25.7772    25.7799    1524.23    148.425    148.511         54 0.0000e+00
      37437   1559.830    115.241    116.000    21.7577    21.7360   5.218307   5.216277     2.3642     1.9816     100.00   22.55286  -86.61730    0.00078    0.00106     3.4076     3.4137    21.7347    21.7130    36.9203    36.9227    25.7526    25.7604    1524.23    148.360    148.626         43 0.0000e+00
      37491   1562.065    114.248    115.000    21.7981    21.8058   5.223257   5.224814     2.3711     1.9880     100.00   22.55287  -86.61730    0.00257    0.00258     3.4187     3.4233    21.7753    21.7829    36.9255    36.9313    25.7451    25.7473    1524.23    148.847    149.047         66 0.0000e+00
      37554   1564.693    113.254    114.000    21.8143    21.8805   5.225876   5.233557     2.3747     1.9934     100.00   22.55288  -86.61730    0.00185    0.00208     3.4245     3.4304    21.7916    21.8578    36.9310    36.9372    25.7447    25.7308    1524.23    149.101    149.360         56 0.0000e+00
      37606   1566.881    112.261    113.000    21.9231    21.9834   5.238857   5.245450     2.3824     2.0001     100.00   22.55289  -86.61729    0.00215    0.00245     3.4330     3.4388    21.9006    21.9608    36.9439    36.9441    25.7238    25.7070    1524.23    149.473    149.726         52 0.0000e+00
      37662   1569.225    111.268    112.000    22.0768    22.1570   5.253895   5.265027     2.3922     2.0121      90.14   22.55291  -86.61728    0.00406    0.00437     3.4425     3.4550    22.0543    22.1345    36.9317    36.9484    25.6710    25.6610    1524.23    149.894    150.441         64 0.0000e+00
      37727   1571.910    110.275    111.000    22.1480    22.4796   5.261153   5.294700     2.3999     2.0303     100.40   22.55292  -86.61728    0.00338    0.00642     3.4533     3.4839    22.1257    22.4571    36.9288    36.9140    25.6486    25.5428    1524.23    150.368    151.710         56 0.0000e+00
      37778   1574.051    109.282    110.000    22.4363    22.4875   5.291120   5.296573     2.4159     2.0383      68.50   22.55292  -86.61728    0.00478    0.00540     3.4670     3.4938    22.4140    22.4652    36.9203    36.9196    25.5599    25.5448    1524.23    150.979    152.145         56 0.0000e+00
      37846   1576.871    108.288    109.000    22.5035    22.5531   5.297771   5.303279     2.4305     2.0470     101.53   22.55294  -86.61728    0.00670    0.00304     3.4918     3.5083    22.4809    22.5309    36.9179    36.9172    25.5389    25.5240    1524.23    152.062    152.781         69 0.0000e+00
      37902   1579.227    107.295    108.000    22.5287    22.5725   5.300379   5.305130     2.4365     2.0484     100.00   22.55295  -86.61728    0.00270    0.00168     3.5021     3.5098    22.5068    22.5506    36.9154    36.9155    25.5296    25.5172    1524.23    152.510    152.850         45 0.0000e+00
      37967   1581.911    106.302    107.000    22.5760    22.6048   5.305361   5.308475     2.4420     2.0504     100.00   22.55297  -86.61728    0.00235    0.00049     3.5093     3.5121    22.5542    22.5830    36.9143    36.9148    25.5151    25.5073    1524.23    152.826    152.948         55 0.0000e+00
      38034   1584.702    105.309    106.000    22.5922    22.6196   5.306926   5.309493     2.4422     2.0515     100.00   22.55298  -86.61728    0.00040    0.00036     3.5088     3.5135    22.5707    22.5980    36.9137    36.9154    25.5100    25.5034    1524.23    152.805    153.011         55 0.0000e+00
      38092   1587.113    104.316    105.000    22.6144    22.6371   5.309315   5.311991     2.4443     2.0531     100.00   22.55299  -86.61728    0.00024    0.00066     3.5111     3.5151    22.5930    22.6157    36.9140    36.9155    25.5038    25.4984    1524.23    152.908    153.081         48 0.0000e+00
      40712   1696.285     98.356     99.000    23.1302    23.1444   5.366360   5.368182     2.4875     2.0922      99.99   22.55150  -86.60866    0.00075    0.00057     3.5615     3.5679    23.1097    23.1239    36.9243    36.9266    25.3615    25.3591    1524.07    155.123    155.401         61 0.0000e+00
      40797   1699.846     97.363     98.000    23.1496    23.1691   5.368901   5.371355     2.4903     2.0934      99.37   22.55384  -86.61755    0.00100    0.00036     3.5654     3.5685    23.1293    23.1489    36.9295    36.9322    25.3602    25.3565    1524.23    155.291    155.428         44 0.0000e+00
      40873   1702.986     96.370     97.000    23.1753    23.2026   5.371942   5.374765     2.4912     2.0947      99.99   22.55387  -86.61756    0.00030    0.00025     3.5643     3.5686    23.1552    23.1825    36.9319    36.9309    25.3544    25.3457    1524.23    155.244    155.436         75 0.0000e+00
      40958   1706.521     95.376     96.000    23.2461    23.2615   5.379577   5.382364     2.4968     2.0993     100.00   22.55390  -86.61758    0.00136    0.00118     3.5710     3.5747    23.2241    23.2416    36.9337    36.9406    25.3357    25.3358    1524.23    155.541    155.701         50 0.0000e+00
      41029   1709.516     94.383     95.000    23.3485    23.4064   5.391353   5.397597     2.5017     2.1053      98.61   22.55393  -86.61758    0.00126    0.00163     3.5747     3.5790    23.3304    23.3867    36.9361    36.9393    25.3063    25.2922    1524.23    155.707    155.895         65 0.0000e+00
      41120   1713.288     93.390     94.000    23.4153    23.4797   5.398510   5.405743     2.5087     2.1140      99.77   22.55396  -86.61760    0.00154    0.00221     3.5829     3.5928    23.3960    23.4601    36.9369    36.9394    25.2876    25.2707    1524.23    156.064    156.500         38 0.0000e+00
      41187   1716.086     92.396     93.000    23.5606    23.5796   5.413666   5.415600     2.5163     2.1173     100.00   22.55398  -86.61761    0.00225    0.00080     3.5879     3.5937    23.5412    23.5601    36.9327    36.9317    25.2417    25.2353    1524.23    156.289    156.542         58 0.0000e+00
      41279   1719.903     91.403     92.000    23.5868    23.5746   5.416149   5.415436     2.5229     2.1223     100.00   22.55402  -86.61763    0.00156    0.00114     3.5990     3.6047    23.5679    23.5553    36.9299    36.9337    25.2316    25.2383    1524.23    156.775    157.024         42 0.0000e+00
      41348   1722.790     90.410     91.000    23.6285    23.6160   5.420103   5.418911     2.5267     2.1225      76.05   22.55405  -86.61764    0.00077    0.00009     3.6038     3.6018    23.6094    23.5969    36.9268    36.9291    25.2170    25.2225    1524.23    156.986    156.898         61 0.0000e+00
      41435   1726.397     89.417     90.000    23.6256    23.6247   5.419835   5.419622     2.5289     2.1235      97.69   22.55409  -86.61766    0.00054    0.00033     3.6074     3.6032    23.6068    23.6058    36.9269    36.9262    25.2179    25.2176    1524.23    157.146    156.960         49 0.0000e+00
      41503   1729.250     88.423     89.000    23.6480    23.6640   5.421705   5.422840     2.5307     2.1267     100.00   22.55411  -86.61766    0.00071    0.00014     3.6085     3.6076    23.6293    23.6453    36.9194    36.9184    25.2055    25.2001    1524.23    157.194    157.157         41 0.0000e+00
      41597   1733.186     87.430     88.000    23.6840    23.6879   5.424906   5.424961     2.5320     2.1289      97.92   22.55415  -86.61769    0.00061    0.00078     3.6089     3.6104    23.6655    23.6694    36.9177    36.9166    25.1935    25.1915    1524.23    157.213    157.279         48 0.0000e+00
      41656   1735.632     86.437     87.000    23.7915    23.8056   5.435580   5.437142     2.5347     2.1337      96.31   22.55417  -86.61770    0.00073    0.00186     3.6068     3.6132    23.7731    23.7873    36.9105    36.9104    25.1561    25.1519    1524.23    157.128    157.408         39 0.0000e+00
      41757   1739.816     85.443     86.000    23.8703    23.9633   5.443315   5.452803     2.5439     2.1453     100.12   22.55421  -86.61771    0.00195    0.00267     3.6195     3.6289    23.8521    23.9451    36.9045    36.8997    25.1281    25.0967    1524.23    157.683    158.099         51 0.0000e+00
      41827   1742.761     84.450     85.000    24.0675    24.0652   5.462992   5.463198     2.5577     2.1507     100.00   22.55423  -86.61773    0.00286    0.00227     3.6337     3.6335    24.0494    24.0472    36.8913    36.8939    25.0593    25.0619    1524.23    158.313    158.303         45 0.0000e+00
