GOMECC/GOMECC-4/1db/urb2103_0391.cnv
* Sea-Bird SBE 9 Data File:
* FileName = C:\Users\scs.user.rb\CTD\GOMECC4\data\rb2103_0391.hex
* Software Version Seasave V 7.26.7.107
* Temperature SN = 4799
* Conductivity SN = 3860
* Number of Bytes Per Scan = 41
* Number of Voltage Words = 4
* Number of Scans Averaged by the Deck Unit = 1
* NMEA Latitude = 27 44.23 N
* NMEA Longitude = 089 59.91 W
* NMEA UTC (Time) = Sep 25 2021  20:49:51
* NMEA baud rate = 4800
# nquan = 28
# nvalues = 322                         
# units = specified
# name 0 = scan: Scan Count
# name 1 = timeS: Time, Elapsed [seconds]
# name 2 = depSM: Depth [salt water, m]
# name 3 = prDM: Pressure, Digiquartz [db]
# name 4 = t090C: Temperature [ITS-90, deg C]
# name 5 = t190C: Temperature, 2 [ITS-90, deg C]
# name 6 = c0S/m: Conductivity [S/m]
# name 7 = c1S/m: Conductivity, 2 [S/m]
# name 8 = sbeox0V: Oxygen raw, SBE 43 [V]
# name 9 = sbeox1V: Oxygen raw, SBE 43, 2 [V]
# name 10 = altM: Altimeter [m]
# name 11 = latitude: Latitude [deg]
# name 12 = longitude: Longitude [deg]
# name 13 = sbox0dV/dT: Oxygen, SBE 43 [dov/dt]
# name 14 = sbox1dV/dT: Oxygen, SBE 43, 2 [dov/dt]
# name 15 = sbeox0ML/L: Oxygen, SBE 43 [ml/l], WS = 5
# name 16 = sbeox1ML/L: Oxygen, SBE 43, 2 [ml/l], WS = 5
# name 17 = potemp090C: Potential Temperature [ITS-90, deg C]
# name 18 = potemp190C: Potential Temperature, 2 [ITS-90, deg C]
# name 19 = sal00: Salinity, Practical [PSU]
# name 20 = sal11: Salinity, Practical, 2 [PSU]
# name 21 = sigma-é00: Density [sigma-theta, kg/m^3]
# name 22 = sigma-é11: Density, 2 [sigma-theta, kg/m^3]
# name 23 = avgsvCM: Average Sound Velocity [Chen-Millero, m/s], minP = 20, minS = 20
# name 24 = sbox0Mm/Kg: Oxygen, SBE 43 [umol/kg], WS = 5
# name 25 = sbox1Mm/Kg: Oxygen, SBE 43, 2 [umol/kg], WS = 5
# name 26 = nbin: number of scans per bin
# name 27 = flag: flag
# span 0 =      36981,      96590       
# span 1 =   1540.834,   4024.556       
# span 2 =      2.980,    937.590       
# span 3 =      3.000,    946.000       
# span 4 =     5.5929,    28.9865       
# span 5 =     5.5922,    28.9881       
# span 6 =   3.434505,   5.948165       
# span 7 =   3.434351,   5.948405       
# span 8 =     1.6132,     3.1826       
# span 9 =     1.3167,     2.7022       
# span 10 =       4.09,     105.12      
# span 11 =   27.48561,   28.17989      
# span 12 =  -91.40248,  -89.15071      
# span 13 =   -0.02163,    0.01634      
# span 14 =   -0.02135,    0.01535      
# span 15 =     2.5851,     4.5761      
# span 16 =     2.6084,     4.5662      
# span 17 =     5.5096,    28.9848      
# span 18 =     5.5088,    28.9864      
# span 19 =    34.9057,    36.7920      
# span 20 =    34.9049,    36.7925      
# span 21 =    22.9214,    27.5501      
# span 22 =    22.9220,    27.5495      
# span 23 =    1488.91,    1526.51      
# span 24 =    112.402,    199.633      
# span 25 =    113.415,    199.205      
# span 26 =         30,         67      
# span 27 = 0.0000e+00, 0.0000e+00      
# interval = decibars: 1                
# start_time = Sep 25 2021 20:49:51 [NMEA time, header]
# bad_flag = -9.990e-29
*END*
[from data line 156]
      63360   2639.955    369.201    372.000    11.8592    11.8639   4.050783   4.051254     1.7579     1.4481      94.32   27.74496  -90.00122    0.00021    0.00013     2.7619     2.7886    11.8105    11.8152    35.4676    35.4680    26.9887    26.9881    1503.13    120.104    121.267         37 0.0000e+00
      63394   2641.356    368.209    371.000    11.8625    11.8809   4.051247   4.053111     1.7580     1.4484     100.10   27.74496  -90.00122    0.00027    0.00012     2.7616     2.7880    11.8139    11.8322    35.4694    35.4701    26.9895    26.9865    1503.13    120.094    121.241         31 0.0000e+00
      63528   2646.979    363.251    366.000    11.9863    11.9933   4.064692   4.065350     1.7635     1.4547     100.00   27.74388  -89.99769    0.00135    0.00136     2.7661     2.7971    11.9380    11.9449    35.4853    35.4852    26.9781    26.9766    1503.07    120.288    121.635         37 0.0000e+00
      63655   2652.236    358.293    361.000    12.0841    12.0859   4.075861   4.076050     1.7678     1.4570     100.00   27.74636  -90.00571    0.00088    0.00052     2.7689     2.7959    12.0362    12.0380    35.5043    35.5043    26.9741    26.9737    1503.20    120.411    121.587         34 0.0000e+00
      63684   2653.466    357.302    360.000    12.0999    12.0843   4.077216   4.075806     1.7680     1.4578     100.00   27.74498  -90.00124    0.00079    0.00056     2.7683     2.7975    12.0516    12.0365    35.5030    35.5036    26.9700    26.9734    1503.13    120.387    121.657         30 0.0000e+00
      63992   2666.288    345.402    348.000    12.3788    12.3805   4.108524   4.108633     1.7847     1.4735     100.01   27.74714  -90.00817    0.00303    0.00274     2.7890     2.8192    12.3320    12.3336    35.5480    35.5475    26.9506    26.9499    1503.25    121.288    122.602         31 0.0000e+00
      64114   2671.362    340.443    343.000    12.4783    12.4835   4.119157   4.119541     1.7944     1.4821     100.00   27.74378  -89.99728    0.00173    0.00166     2.8060     2.8352    12.4319    12.4370    35.5580    35.5568    26.9386    26.9366    1503.06    122.030    123.299         34 0.0000e+00
      64253   2677.181    335.485    338.000    12.5488    12.5462   4.127617   4.127283     1.8008     1.4885     100.02   27.75035  -90.01856    0.00112    0.00100     2.8159     2.8474    12.5029    12.5003    35.5770    35.5762    26.9398    26.9397    1503.42    122.461    123.830         39 0.0000e+00
      64278   2678.215    334.492    337.000    12.5426    12.5404   4.126107   4.126022     1.8015     1.4896     100.00   27.74502  -90.00126    0.00091    0.00085     2.8174     2.8505    12.4968    12.4946    35.5689    35.5685    26.9343    26.9345    1503.13    122.526    123.964         31 0.0000e+00
      64390   2682.863    329.534    332.000    12.5777    12.5794   4.129921   4.130039     1.8045     1.4911      99.99   27.74360  -89.99667    0.00070    0.00045     2.8219     2.8507    12.5325    12.5342    35.5726    35.5722    26.9301    26.9294    1503.05    122.719    123.973         31 0.0000e+00
      64452   2685.439    327.550    330.000    12.5939    12.5958   4.131850   4.132033     1.8060     1.4922     100.00   27.74482  -90.00060    0.00053    0.00052     2.8238     2.8520    12.5490    12.5508    35.5771    35.5771    26.9304    26.9300    1503.12    122.805    124.028         31 0.0000e+00
      64569   2690.324    322.591    325.000    12.6796    12.6802   4.141233   4.141266     1.8118     1.4971      95.05   27.74279  -89.99399    0.00140    0.00105     2.8314     2.8583    12.6352    12.6357    35.5881    35.5879    26.9217    26.9214    1503.01    123.136    124.305         35 0.0000e+00
      65063   2710.901    303.746    306.000    12.8232    12.8235   4.157256   4.157283     1.8243     1.5091     100.00   27.74616  -90.00493    0.00061    0.00064     2.8470     2.8757    12.7811    12.7814    35.6158    35.6157    26.9143    26.9141    1503.19    123.814    125.064         31 0.0000e+00
      65217   2717.317    297.795    300.000    13.0378    13.0519   4.182150   4.183731     1.8293     1.5112     100.01   27.74701  -90.00768    0.00110    0.00078     2.8428     2.8643    12.9961    13.0101    35.6548    35.6566    26.9013    26.8999    1503.24    123.633    124.571         31 0.0000e+00
      65245   2718.495    296.803    299.000    13.0341    13.0625   4.181600   4.184391     1.8281     1.5094     100.00   27.74505  -90.00131    0.00034   -0.00041     2.8397     2.8584    12.9925    13.0208    35.6528    35.6528    26.9004    26.8946    1503.13    123.501    124.311         32 0.0000e+00
      65367   2723.593    291.843    294.000    13.1337    13.1395   4.192894   4.193511     1.8242     1.5074      65.72   27.74537  -90.00231   -0.00077   -0.00023     2.8212     2.8460    13.0926    13.0984    35.6692    35.6696    26.8928    26.8919    1503.15    122.695    123.772         42 0.0000e+00
      65514   2729.698    285.891    288.000    13.2985    13.2970   4.211517   4.211093     1.8280     1.5110      99.99   27.74242  -89.99274    0.00127    0.00094     2.8178     2.8436    13.2578    13.2564    35.6933    35.6906    26.8776    26.8758    1502.99    122.550    123.670         35 0.0000e+00
      65674   2736.386    279.939    282.000    13.5411    13.5507   4.239721   4.240691     1.8371     1.5186     100.00   27.74476  -90.00032    0.00183    0.00137     2.8226     2.8459    13.5009    13.5104    35.7363    35.7365    26.8610    26.8591    1503.11    122.759    123.771         31 0.0000e+00
      65769   2740.348    277.955    280.000    13.5821    13.5800   4.245057   4.245034     1.8398     1.5224     100.03   27.75359  -90.02894    0.00082    0.00105     2.8255     2.8537    13.5421    13.5399    35.7519    35.7537    26.8651    26.8669    1503.59    122.886    124.112         38 0.0000e+00
      65936   2747.301    275.971    278.000    13.5797    13.5883   4.242819   4.243949     1.8405     1.5242      99.96   27.73338  -89.96338    0.00093    0.00126     2.8275     2.8579    13.5400    13.5485    35.7276    35.7337    26.8453    26.8487    1502.50    122.975    124.297         37 0.0000e+00
      66160   2756.643    273.986    276.000    13.6136    13.6082   4.245716   4.244373     1.8433     1.5261      99.93   27.72553  -89.93793    0.00015    0.00014     2.8320     2.8611    13.5740    13.5686    35.7217    35.7196    26.8331    26.8326    1502.07    123.167    124.437         36 0.0000e+00
      66478   2769.879    272.995    275.000    13.6548    13.6320   4.252380   4.249734     1.8484     1.5291     100.00   27.74508  -90.00137    0.00033    0.00006     2.8408     2.8670    13.6153    13.5926    35.7524    35.7487    26.8497    26.8515    1503.13    123.553    124.691         65 0.0000e+00
      67735   2822.234    272.003    274.000    13.7913    13.7944   4.268306   4.268590     1.8608     1.5407     100.00   27.74514  -90.00149   -0.00000   -0.00003     2.8626     2.8881    13.7517    13.7548    35.7753    35.7744    26.8389    26.8376    1503.13    124.502    125.613         46 0.0000e+00
      67794   2824.721    270.019    272.000    13.7810    13.7836   4.267327   4.267624     1.8611     1.5413     100.01   27.74896  -90.01387    0.00029    0.00004     2.8632     2.8896    13.7417    13.7444    35.7777    35.7780    26.8431    26.8428    1503.34    124.530    125.675         31 0.0000e+00
      67823   2825.919    269.026    271.000    13.7923    13.7951   4.268190   4.268537     1.8605     1.5412     100.00   27.74516  -90.00150   -0.00004    0.00008     2.8606     2.8883    13.7532    13.7559    35.7744    35.7751    26.8379    26.8379    1503.13    124.416    125.619         48 0.0000e+00
      67869   2827.828    268.035    270.000    13.7949    13.7938   4.268523   4.268387     1.8599     1.5413     100.00   27.74516  -90.00151   -0.00032   -0.00004     2.8588     2.8882    13.7559    13.7548    35.7747    35.7753    26.8376    26.8383    1503.13    124.337    125.618         36 0.0000e+00
      67982   2832.526    264.066    266.000    13.9739    13.9766   4.290027   4.290328     1.8614     1.5398     100.02   27.75256  -90.02553    0.00060   -0.00027     2.8488     2.8707    13.9352    13.9379    35.8143    35.8146    26.8310    26.8306    1503.53    123.903    124.857         36 0.0000e+00
      68001   2833.344    263.074    265.000    13.9638    13.9643   4.288042   4.288289     1.8571     1.5362     100.00   27.74516  -90.00152   -0.00086   -0.00191     2.8385     2.8615    13.9252    13.9257    35.8032    35.8051    26.8239    26.8253    1503.13    123.458    124.455         35 0.0000e+00
      68101   2837.519    259.106    261.000    14.0363    14.0369   4.296649   4.296658     1.8547     1.5350     100.00   27.74698  -90.00743   -0.00040   -0.00035     2.8263     2.8521    13.9982    13.9988    35.8184    35.8180    26.8204    26.8199    1503.23    122.925    124.047         31 0.0000e+00
      68465   2852.656    245.215    247.000    14.1880    14.1874   4.313797   4.313654     1.8625     1.5435      75.73   27.74690  -90.00714    0.00051    0.00074     2.8307     2.8605    14.1517    14.1510    35.8431    35.8424    26.8068    26.8064    1503.22    123.120    124.415         32 0.0000e+00
      68492   2853.799    244.223    246.000    14.1887    14.1883   4.313611   4.313524     1.8638     1.5441      95.39   27.74518  -90.00156    0.00072    0.00060     2.8335     2.8619    14.1525    14.1521    35.8406    35.8401    26.8046    26.8043    1503.13    123.241    124.477         30 0.0000e+00
      68614   2858.875    239.262    241.000    14.2290    14.2267   4.318106   4.317788     1.8676     1.5487      99.10   27.74437  -89.99894    0.00079    0.00113     2.8384     2.8700    14.1935    14.1911    35.8468    35.8460    26.8005    26.8005    1503.09    123.456    124.829         33 0.0000e+00
      68797   2866.515    232.317    234.000    14.4167    14.4168   4.340211   4.340155     1.8720     1.5496     100.01   27.74694  -90.00729    0.00016   -0.00034     2.8344     2.8578    14.3819    14.3820    35.8816    35.8810    26.7872    26.7867    1503.23    123.281    124.302         31 0.0000e+00
      68825   2867.671    231.324    233.000    14.4252    14.4311   4.341042   4.341537     1.8699     1.5472     100.00   27.74520  -90.00158   -0.00081   -0.00107     2.8283     2.8501    14.3905    14.3964    35.8813    35.8804    26.7850    26.7830    1503.13    123.019    123.966         32 0.0000e+00
      68968   2873.620    226.363    228.000    14.5384    14.5348   4.355105   4.354970     1.8604     1.5377     100.04   27.75542  -90.03474   -0.00223   -0.00214     2.7954     2.8159    14.5043    14.5007    35.9096    35.9103    26.7829    26.7843    1503.68    121.588    122.480         40 0.0000e+00
      68982   2874.227    225.371    227.000    14.5269    14.5284   4.352605   4.352794     1.8538     1.5326     100.00   27.74520  -90.00160   -0.00339   -0.00314     2.7803     2.8027    14.4930    14.4945    35.8965    35.8967    26.7745    26.7743    1503.13    120.930    121.907         34 0.0000e+00
      69105   2879.315    220.410    222.000    14.7361    14.7490   4.377284   4.378749     1.8538     1.5336     100.01   27.74864  -90.01277    0.00037    0.00050     2.7651     2.7900    14.7026    14.7154    35.9339    35.9355    26.7581    26.7565    1503.32    120.270    121.354         37 0.0000e+00
      69132   2880.464    219.417    221.000    14.7260    14.7351   4.375944   4.376927     1.8548     1.5340      98.46   27.74520  -90.00162    0.00068    0.00102     2.7679     2.7917    14.6927    14.7018    35.9301    35.9308    26.7570    26.7555    1503.13    120.391    121.429         32 0.0000e+00
      69252   2885.447    214.455    216.000    14.9374    14.9542   4.400666   4.402448     1.8839     1.5663     100.00   27.74509  -90.00127    0.00709    0.00804     2.8232     2.8621    14.9045    14.9213    35.9641    35.9650    26.7367    26.7337    1503.12    122.800    124.492         31 0.0000e+00
      69663   2902.570    198.578    200.000    15.2067    15.2026   4.431332   4.430843     1.8830     1.5591     100.00   27.74427  -89.99865   -0.00221   -0.00202     2.7984     2.8220    15.1759    15.1718    36.0026    36.0019    26.7061    26.7065    1503.08    121.724    122.752         33 0.0000e+00
      69800   2908.286    193.615    195.000    15.3522    15.3523   4.448771   4.448689     1.8874     1.5667     100.02   27.75093  -90.02018    0.00107    0.00138     2.7981     2.8314    15.3219    15.3221    36.0320    36.0311    26.6967    26.6959    1503.44    121.712    123.161         30 0.0000e+00
      69820   2909.123    192.623    194.000    15.3416    15.3511   4.446934   4.447970     1.9047     1.5878     100.00   27.74522  -90.00167    0.00653    0.00790     2.8397     2.8862    15.3115    15.3210    36.0234    36.0242    26.6919    26.6903    1503.13    123.522    125.547         38 0.0000e+00
      69951   2914.591    187.661    189.000    15.6731    15.6703   4.485211   4.485142     1.9543     1.6324     100.02   27.74986  -90.01673    0.01102    0.01005     2.9343     2.9803    15.6431    15.6405    36.0690    36.0708    26.6523    26.6542    1503.38    127.646    129.645         30 0.0000e+00
      69973   2915.495    186.668    188.000    15.6525    15.6747   4.483106   4.485433     1.9689     1.6435     100.00   27.74522  -90.00168    0.01411    0.01218     2.9705     3.0089    15.6229    15.6451    36.0685    36.0692    26.6562    26.6517    1503.13    129.218    130.890         34 0.0000e+00
      70135   2922.247    180.713    182.000    16.0800    16.0723   4.533010   4.531686     2.0036     1.6679     100.02   27.74956  -90.01573    0.00536    0.00370     3.0219     3.0441    16.0509    16.0431    36.1306    36.1258    26.6063    26.6044    1503.36    131.462    132.427         33 0.0000e+00
      70162   2923.386    178.729    180.000    16.1209    16.1007   4.536356   4.534267     2.0093     1.6734      98.73   27.73460  -89.96719    0.00302    0.00257     3.0318     3.0551    16.0921    16.0718    36.1178    36.1182    26.5856    26.5906    1502.55    131.891    132.907         36 0.0000e+00
      70240   2926.628    177.736    179.000    16.0510    16.0092   4.528628   4.524190     2.0118     1.6760      96.59   27.74524  -90.00170    0.00176    0.00167     3.0422     3.0680    16.0224    15.9806    36.1175    36.1157    26.6024    26.6107    1503.13    132.342    133.464         39 0.0000e+00
      70337   2930.681    176.743    178.000    16.2197    16.2613   4.548590   4.552807     2.0167     1.6818      96.06   27.74526  -90.00170    0.00201    0.00224     3.0417     3.0671    16.1910    16.2325    36.1426    36.1471    26.5826    26.5765    1503.13    132.326    133.430         44 0.0000e+00
      70401   2933.341    175.751    177.000    16.3306    16.3599   4.560053   4.564335     2.0198     1.6853      99.29   27.74526  -90.00171    0.00251    0.00251     3.0414     3.0684    16.2945    16.3313    36.1493    36.1553    26.5637    26.5597    1503.13    132.314    133.490         47 0.0000e+00
      70499   2937.430    174.758    176.000    16.4502    16.4464   4.575515   4.574603     2.0263     1.6887      90.86   27.74528  -90.00172    0.00157    0.00085     3.0479     3.0712    16.4229    16.4178    36.1723    36.1689    26.5514    26.5500    1503.13    132.596    133.614         45 0.0000e+00
      70717   2946.506    173.766    175.000    16.6981    16.7732   4.604101   4.612590     2.0368     1.7003     100.62   27.74529  -90.00173    0.00043    0.00080     3.0557     3.0795    16.6692    16.7443    36.2023    36.2094    26.5161    26.5039    1503.13    132.941    133.979         47 0.0000e+00
