GOMECC/GOMECC-4/1db/urb2103_0391.cnv
* Sea-Bird SBE 9 Data File:
* FileName = C:\Users\scs.user.rb\CTD\GOMECC4\data\rb2103_0391.hex
* Software Version Seasave V 7.26.7.107
* Temperature SN = 4799
* Conductivity SN = 3860
* Number of Bytes Per Scan = 41
* Number of Voltage Words = 4
* Number of Scans Averaged by the Deck Unit = 1
* NMEA Latitude = 27 44.23 N
* NMEA Longitude = 089 59.91 W
* NMEA UTC (Time) = Sep 25 2021  20:49:51
* NMEA baud rate = 4800
# nquan = 28
# nvalues = 322                         
# units = specified
# name 0 = scan: Scan Count
# name 1 = timeS: Time, Elapsed [seconds]
# name 2 = depSM: Depth [salt water, m]
# name 3 = prDM: Pressure, Digiquartz [db]
# name 4 = t090C: Temperature [ITS-90, deg C]
# name 5 = t190C: Temperature, 2 [ITS-90, deg C]
# name 6 = c0S/m: Conductivity [S/m]
# name 7 = c1S/m: Conductivity, 2 [S/m]
# name 8 = sbeox0V: Oxygen raw, SBE 43 [V]
# name 9 = sbeox1V: Oxygen raw, SBE 43, 2 [V]
# name 10 = altM: Altimeter [m]
# name 11 = latitude: Latitude [deg]
# name 12 = longitude: Longitude [deg]
# name 13 = sbox0dV/dT: Oxygen, SBE 43 [dov/dt]
# name 14 = sbox1dV/dT: Oxygen, SBE 43, 2 [dov/dt]
# name 15 = sbeox0ML/L: Oxygen, SBE 43 [ml/l], WS = 5
# name 16 = sbeox1ML/L: Oxygen, SBE 43, 2 [ml/l], WS = 5
# name 17 = potemp090C: Potential Temperature [ITS-90, deg C]
# name 18 = potemp190C: Potential Temperature, 2 [ITS-90, deg C]
# name 19 = sal00: Salinity, Practical [PSU]
# name 20 = sal11: Salinity, Practical, 2 [PSU]
# name 21 = sigma-é00: Density [sigma-theta, kg/m^3]
# name 22 = sigma-é11: Density, 2 [sigma-theta, kg/m^3]
# name 23 = avgsvCM: Average Sound Velocity [Chen-Millero, m/s], minP = 20, minS = 20
# name 24 = sbox0Mm/Kg: Oxygen, SBE 43 [umol/kg], WS = 5
# name 25 = sbox1Mm/Kg: Oxygen, SBE 43, 2 [umol/kg], WS = 5
# name 26 = nbin: number of scans per bin
# name 27 = flag: flag
# span 0 =      36981,      96590       
# span 1 =   1540.834,   4024.556       
# span 2 =      2.980,    937.590       
# span 3 =      3.000,    946.000       
# span 4 =     5.5929,    28.9865       
# span 5 =     5.5922,    28.9881       
# span 6 =   3.434505,   5.948165       
# span 7 =   3.434351,   5.948405       
# span 8 =     1.6132,     3.1826       
# span 9 =     1.3167,     2.7022       
# span 10 =       4.09,     105.12      
# span 11 =   27.48561,   28.17989      
# span 12 =  -91.40248,  -89.15071      
# span 13 =   -0.02163,    0.01634      
# span 14 =   -0.02135,    0.01535      
# span 15 =     2.5851,     4.5761      
# span 16 =     2.6084,     4.5662      
# span 17 =     5.5096,    28.9848      
# span 18 =     5.5088,    28.9864      
# span 19 =    34.9057,    36.7920      
# span 20 =    34.9049,    36.7925      
# span 21 =    22.9214,    27.5501      
# span 22 =    22.9220,    27.5495      
# span 23 =    1488.91,    1526.51      
# span 24 =    112.402,    199.633      
# span 25 =    113.415,    199.205      
# span 26 =         30,         67      
# span 27 = 0.0000e+00, 0.0000e+00      
# interval = decibars: 1                
# start_time = Sep 25 2021 20:49:51 [NMEA time, header]
# bad_flag = -9.990e-29
*END*
      36981   1540.834    937.590    946.000     5.5929     5.5922   3.434505   3.434351     1.7766     1.4711      20.04   27.74359  -90.00114   -0.00001   -0.00002     3.5634     3.6029     5.5096     5.5088    34.9189    34.9180    27.5501    27.5495    1503.15    154.875    156.592         36 0.0000e+00
      37338   1555.719    923.746    932.000     5.7113     5.7069   3.444332   3.443871     1.7651     1.4585      26.71   27.74305  -89.99926   -0.00140   -0.00159     3.5066     3.5396     5.6285     5.6241    34.9152    34.9145    27.5325    27.5325    1503.12    152.408    153.844         34 0.0000e+00
      37462   1560.889    918.801    927.000     5.7556     5.7566   3.448229   3.448228     1.7617     1.4554      31.57   27.74461  -90.00428   -0.00049   -0.00053     3.4889     3.5212     5.6729     5.6740    34.9162    34.9152    27.5278    27.5269    1503.20    151.640    153.046         32 0.0000e+00
      37495   1562.262    917.812    926.000     5.7554     5.7577   3.447850   3.448015     1.7598     1.4534      32.69   27.74326  -89.99990   -0.00089   -0.00119     3.4827     3.5145     5.6728     5.6751    34.9142    34.9131    27.5263    27.5250    1503.13    151.372    152.754         36 0.0000e+00
      37617   1567.316    912.867    921.000     5.7639     5.7641   3.448644   3.448564     1.7565     1.4498      37.63   27.74445  -90.00371   -0.00060   -0.00068     3.4677     3.4976     5.6818     5.6819    34.9153    34.9143    27.5260    27.5252    1503.19    150.718    152.020         31 0.0000e+00
      37651   1568.745    911.878    920.000     5.7640     5.7637   3.448484   3.448362     1.7556     1.4494      38.84   27.74328  -89.99992   -0.00046   -0.00062     3.4646     3.4958     5.6820     5.6817    34.9138    34.9127    27.5248    27.5240    1503.13    150.583    151.941         38 0.0000e+00
      37804   1575.144    905.944    914.000     5.7704     5.7701   3.448795   3.448686     1.7551     1.4499      44.58   27.74361  -90.00099   -0.00008    0.00009     3.4594     3.4943     5.6889     5.6886    34.9138    34.9128    27.5239    27.5232    1503.15    150.358    151.876         39 0.0000e+00
      37933   1580.503    900.999    909.000     5.8154     5.8088   3.452670   3.452114     1.7553     1.4493      49.67   27.74518  -90.00602    0.00020   -0.00007     3.4540     3.4859     5.7340     5.7275    34.9148    34.9133    27.5191    27.5187    1503.23    150.125    151.511         34 0.0000e+00
      37967   1581.912    900.010    908.000     5.8168     5.8109   3.452677   3.452061     1.7537     1.4478      50.81   27.74330  -89.99992   -0.00035   -0.00041     3.4477     3.4801     5.7356     5.7297    34.9127    34.9119    27.5172    27.5173    1503.13    149.852    151.259         35 0.0000e+00
      38148   1589.450    893.086    901.000     5.8428     5.8473   3.454754   3.455113     1.7492     1.4439      57.10   27.74354  -90.00065   -0.00053   -0.00067     3.4270     3.4595     5.7620     5.7665    34.9130    34.9117    27.5142    27.5126    1503.14    148.954    150.365         32 0.0000e+00
      38276   1594.773    888.141    896.000     5.8640     5.8630   3.456416   3.456256     1.7459     1.4414      62.58   27.74372  -90.00122   -0.00078   -0.00044     3.4119     3.4469     5.7836     5.7825    34.9124    34.9117    27.5110    27.5105    1503.15    148.294    149.817         31 0.0000e+00
      38307   1596.070    887.152    895.000     5.8667     5.8641   3.456568   3.456260     1.7452     1.4408      65.14   27.74334  -89.99994   -0.00076   -0.00071     3.4088     3.4441     5.7864     5.7838    34.9118    34.9110    27.5101    27.5099    1503.13    148.164    149.694         31 0.0000e+00
      38491   1603.745    880.228    888.000     5.9027     5.8942   3.459530   3.458706     1.7431     1.4397      69.99   27.74363  -90.00083   -0.00035   -0.00015     3.3956     3.4340     5.8228     5.8144    34.9117    34.9111    27.5055    27.5061    1503.14    147.586    149.259         32 0.0000e+00
      38620   1609.113    875.282    883.000     5.9411     5.9360   3.462810   3.462256     1.7407     1.4355      74.66   27.74388  -90.00158   -0.00019   -0.00076     3.3820     3.4131     5.8614     5.8563    34.9117    34.9107    27.5006    27.5005    1503.16    146.997    148.348         31 0.0000e+00
      39062   1627.549    858.465    866.000     5.9538     5.9504   3.463107   3.462730     1.7364     1.4321      91.04   27.74321  -89.99921    0.00008    0.00022     3.3590     3.3920     5.8756     5.8722    34.9103    34.9095    27.4977    27.4975    1503.12    145.996    147.432         30 0.0000e+00
      39221   1634.179    852.530    860.000     5.9671     5.9641   3.464174   3.463846     1.7363     1.4321      96.82   27.74439  -90.00296   -0.00001   -0.00013     3.3547     3.3882     5.8894     5.8865    34.9117    34.9109    27.4971    27.4968    1503.18    145.813    147.270         41 0.0000e+00
      39258   1635.710    851.541    859.000     5.9623     5.9714   3.463595   3.464353     1.7357     1.4321      97.49   27.74346  -89.99996   -0.00005   -0.00007     3.3529     3.3871     5.8848     5.8938    34.9105    34.9097    27.4967    27.4949    1503.13    145.735    147.218         31 0.0000e+00
      39380   1640.774    846.594    854.000     6.0035     6.0050   3.467024   3.467086     1.7343     1.4295      98.30   27.74248  -89.99672   -0.00036   -0.00074     3.3425     3.3725     5.9262     5.9277    34.9092    34.9083    27.4904    27.4895    1503.08    145.280    146.586         53 0.0000e+00
      39511   1646.261    841.648    849.000     6.0064     6.0065   3.467478   3.467416     1.7325     1.4285     100.01   27.74647  -90.00968   -0.00026   -0.00013     3.3338     3.3667     5.9296     5.9296    34.9141    34.9133    27.4939    27.4933    1503.29    144.903    146.335         41 0.0000e+00
      39550   1647.874    840.658    848.000     6.0061     6.0063   3.467089   3.467030     1.7318     1.4284      51.89   27.74350  -89.99998   -0.00019   -0.00001     3.3314     3.3661     5.9294     5.9296    34.9102    34.9094    27.4908    27.4901    1503.13    144.798    146.307         37 0.0000e+00
      39672   1652.950    835.711    843.000     6.0073     6.0072   3.466897   3.466813     1.7318     1.4288      98.07   27.74268  -89.99727    0.00005    0.00002     3.3291     3.3651     5.9310     5.9309    34.9092    34.9084    27.4898    27.4892    1503.08    144.700    146.265         47 0.0000e+00
      39805   1658.516    830.765    838.000     6.0059     6.0060   3.466560   3.466493     1.7323     1.4288     100.00   27.74275  -89.99748    0.00018   -0.00003     3.3288     3.3631     5.9302     5.9302    34.9093    34.9085    27.4899    27.4893    1503.09    144.687    146.178         40 0.0000e+00
      39941   1664.155    825.818    833.000     6.0157     6.0111   3.467408   3.466913     1.7328     1.4293     100.00   27.74439  -90.00275    0.00012    0.00009     3.3273     3.3623     5.9403     5.9358    34.9109    34.9104    27.4900    27.4902    1503.18    144.624    146.143         32 0.0000e+00
      39972   1665.449    824.828    832.000     6.0161     6.0118   3.467305   3.466849     1.7327     1.4295     100.00   27.74354  -90.00000   -0.00000    0.00011     3.3264     3.3624     5.9408     5.9365    34.9102    34.9096    27.4894    27.4894    1503.13    144.585    146.148         32 0.0000e+00
      40291   1678.754    812.955    820.000     6.0470     6.0467   3.469610   3.469515     1.7305     1.4273     100.00   27.74400  -90.00135   -0.00030   -0.00020     3.3114     3.3462     5.9727     5.9724    34.9104    34.9096    27.4854    27.4849    1503.15    143.930    145.442         30 0.0000e+00
      40427   1684.429    808.008    815.000     6.0480     6.0481   3.469496   3.469433     1.7308     1.4276     100.00   27.74415  -90.00180    0.00005    0.00014     3.3100     3.3450     5.9742     5.9743    34.9105    34.9097    27.4853    27.4847    1503.16    143.872    145.393         30 0.0000e+00
      40533   1688.813    804.050    811.000     6.0610     6.0554   3.470567   3.469962     1.7312     1.4277     100.00   27.74464  -90.00341    0.00005    0.00007     3.3086     3.3430     5.9875     5.9819    34.9108    34.9100    27.4839    27.4840    1503.19    143.808    145.305         31 0.0000e+00
      40563   1690.096    803.060    810.000     6.0651     6.0583   3.470729   3.470094     1.7311     1.4276     100.00   27.74360  -90.00002    0.00009    0.00015     3.3076     3.3420     5.9917     5.9849    34.9092    34.9091    27.4821    27.4828    1503.13    143.765    145.260         32 0.0000e+00
      40703   1695.908    800.092    807.000     6.0791     6.0805   3.472235   3.472283     1.7291     1.4262      98.47   27.74659  -90.00967   -0.00032   -0.00029     3.2981     3.3336     6.0059     6.0073    34.9135    34.9123    27.4837    27.4825    1503.29    143.352    144.897         42 0.0000e+00
      40822   1700.879    799.102    806.000     6.0841     6.0854   3.472313   3.472371     1.7275     1.4245      67.12   27.74364  -90.00002   -0.00025   -0.00039     3.2922     3.3270     6.0109     6.0122    34.9096    34.9089    27.4799    27.4792    1503.13    143.098    144.611         53 0.0000e+00
      41030   1709.562    798.113    805.000     6.0942     6.0956   3.473178   3.473228     1.7261     1.4234     105.12   27.74367  -90.00003   -0.00012   -0.00027     3.2864     3.3215     6.0210     6.0224    34.9094    34.9085    27.4784    27.4776    1503.13    142.844    144.371         34 0.0000e+00
      41226   1717.720    797.123    804.000     6.0942     6.0950   3.473135   3.473134     1.7258     1.4231      99.13   27.74368  -90.00004    0.00000   -0.00002     3.2849     3.3202     6.0212     6.0220    34.9094    34.9085    27.4784    27.4776    1503.13    142.779    144.314         61 0.0000e+00
      41403   1725.095    796.134    803.000     6.0934     6.0916   3.473019   3.472783     1.7263     1.4234      99.98   27.74370  -90.00004    0.00012    0.00010     3.2861     3.3210     6.0205     6.0187    34.9094    34.9086    27.4785    27.4781    1503.13    142.831    144.348         50 0.0000e+00
      42050   1752.047    794.154    801.000     6.0927     6.0934   3.472564   3.472558     1.7260     1.4236      99.99   27.74082  -89.99052   -0.00004    0.00000     3.2848     3.3209     6.0199     6.0206    34.9057    34.9049    27.4756    27.4749    1502.97    142.777    144.343         53 0.0000e+00
      43132   1797.127    793.165    800.000     6.0909     6.0907   3.472670   3.472585     1.7267     1.4245      99.85   27.74390  -90.00008    0.00003    0.00025     3.2863     3.3238     6.0183     6.0180    34.9095    34.9088    27.4789    27.4783    1503.13    142.843    144.472         36 0.0000e+00
      43270   1802.886    792.175    799.000     6.0904     6.0899   3.472569   3.472468     1.7266     1.4237     100.01   27.74392  -90.00009   -0.00005   -0.00026     3.2859     3.3208     6.0178     6.0174    34.9094    34.9087    27.4789    27.4784    1503.13    142.825    144.339         33 0.0000e+00
      43387   1807.762    787.227    794.000     6.0931     6.0901   3.472525   3.472189     1.7279     1.4245     100.00   27.74318  -89.99758    0.00030    0.00000     3.2878     3.3213     6.0210     6.0181    34.9085    34.9077    27.4777    27.4775    1503.09    142.905    144.364         32 0.0000e+00
      43537   1814.021    781.290    788.000     6.0957     6.0957   3.472614   3.472541     1.7285     1.4251     100.00   27.74397  -90.00009    0.00010    0.00003     3.2870     3.3205     6.0242     6.0242    34.9098    34.9090    27.4783    27.4777    1503.13    142.870    144.327         30 0.0000e+00
      43714   1821.385    774.362    781.000     6.0958     6.0956   3.472262   3.472180     1.7294     1.4263     100.00   27.74352  -89.99855    0.00010    0.00012     3.2870     3.3217     6.0250     6.0248    34.9091    34.9084    27.4777    27.4772    1503.10    142.871    144.381         31 0.0000e+00
      43937   1830.651    765.455    772.000     6.1400     6.1272   3.475897   3.474608     1.7289     1.4254     100.00   27.74349  -89.99831   -0.00043   -0.00019     3.2774     3.3120     6.0698     6.0570    34.9091    34.9077    27.4719    27.4725    1503.10    142.454    143.957         32 0.0000e+00
      44062   1835.854    760.507    767.000     6.1519     6.1530   3.476850   3.476880     1.7264     1.4237     100.00   27.74438  -90.00113   -0.00060   -0.00051     3.2662     3.3015     6.0821     6.0831    34.9101    34.9094    27.4712    27.4704    1503.15    141.970    143.504         41 0.0000e+00
      44217   1842.352    754.569    761.000     6.1809     6.1789   3.479415   3.479163     1.7256     1.4221     100.01   27.74595  -90.00611   -0.00019   -0.00022     3.2582     3.2908     6.1115     6.1095    34.9123    34.9115    27.4691    27.4688    1503.23    141.619    143.039         36 0.0000e+00
      44252   1843.788    753.579    760.000     6.1793     6.1786   3.479027   3.478910     1.7245     1.4211     100.00   27.74410  -90.00010   -0.00042   -0.00058     3.2546     3.2869     6.1100     6.1094    34.9098    34.9092    27.4673    27.4669    1503.13    141.465    142.871         35 0.0000e+00
      44374   1848.873    748.630    755.000     6.1795     6.1786   3.478783   3.478629     1.7236     1.4211     100.00   27.74378  -89.99900   -0.00013 9.0997e-07     3.2495     3.2849     6.1106     6.1098    34.9094    34.9086    27.4669    27.4664    1503.11    141.244    142.783         44 0.0000e+00
      44502   1854.200    743.681    750.000     6.1881     6.1875   3.479532   3.479412     1.7243     1.4214     100.01   27.74557  -90.00474    0.00012    0.00007     3.2489     3.2830     6.1197     6.1191    34.9116    34.9108    27.4675    27.4670    1503.21    141.217    142.698         30 0.0000e+00
      44535   1855.566    742.691    749.000     6.1869     6.1873   3.479233   3.479197     1.7241     1.4212     100.00   27.74414  -90.00010    0.00004   -0.00006     3.2480     3.2820     6.1186     6.1190    34.9098    34.9089    27.4662    27.4654    1503.13    141.178    142.658         39 0.0000e+00
      44665   1860.993    737.742    744.000     6.1951     6.1939   3.480018   3.479843     1.7244     1.4213     100.01   27.74654  -90.00783    0.00004    0.00000     3.2459     3.2794     6.1273     6.1261    34.9128    34.9121    27.4675    27.4671    1503.26    141.086    142.542         41 0.0000e+00
      44702   1862.524    736.752    743.000     6.1934     6.1958   3.479554   3.479736     1.7241     1.4209     100.00   27.74418  -90.00010   -0.00008   -0.00010     3.2450     3.2777     6.1256     6.1280    34.9097    34.9092    27.4652    27.4645    1503.13    141.050    142.469         33 0.0000e+00
      44792   1866.296    732.793    739.000     6.2710     6.2605   3.486728   3.485708     1.7246     1.4208     100.01   27.74611  -90.00635    0.00027    0.00010     3.2378     3.2699     6.2032     6.1927    34.9128    34.9121    27.4576    27.4584    1503.23    140.738    142.133         31 0.0000e+00
      44825   1867.669    731.803    738.000     6.2642     6.2602   3.485869   3.485438     1.7223     1.4188     100.00   27.74419  -90.00010   -0.00050   -0.00077     3.2309     3.2626     6.1966     6.1926    34.9104    34.9096    27.4565    27.4564    1503.13    140.436    141.816         38 0.0000e+00
      44982   1874.195    725.864    732.000     6.3829     6.3671   3.496771   3.495087     1.7148     1.4097     100.00   27.74494  -90.00245   -0.00151   -0.00208     3.1939     3.2188     6.3151     6.2995    34.9128    34.9113    27.4429    27.4438    1503.17    138.829    139.913         30 0.0000e+00
