GOMECC/GOMECC-4/1db/urb2103_0501.cnv
* Sea-Bird SBE 9 Data File:
* FileName = C:\Users\scs.user.rb\CTD\GOMECC4\data\rb2103_0501.hex
* Software Version Seasave V 7.26.7.107
* Temperature SN = 4799
* Conductivity SN = 3860
* Number of Bytes Per Scan = 41
* Number of Voltage Words = 4
* Number of Scans Averaged by the Deck Unit = 1
* NMEA Latitude = 27 52.19 N
* NMEA Longitude = 093 49.83 W
* NMEA UTC (Time) = Sep 27 2021  14:48:27
* NMEA baud rate = 4800
# nquan = 28
# nvalues = 64                          
# units = specified
# name 0 = scan: Scan Count
# name 1 = timeS: Time, Elapsed [seconds]
# name 2 = depSM: Depth [salt water, m]
# name 3 = prDM: Pressure, Digiquartz [db]
# name 4 = t090C: Temperature [ITS-90, deg C]
# name 5 = t190C: Temperature, 2 [ITS-90, deg C]
# name 6 = c0S/m: Conductivity [S/m]
# name 7 = c1S/m: Conductivity, 2 [S/m]
# name 8 = sbeox0V: Oxygen raw, SBE 43 [V]
# name 9 = sbeox1V: Oxygen raw, SBE 43, 2 [V]
# name 10 = altM: Altimeter [m]
# name 11 = latitude: Latitude [deg]
# name 12 = longitude: Longitude [deg]
# name 13 = sbox0dV/dT: Oxygen, SBE 43 [dov/dt]
# name 14 = sbox1dV/dT: Oxygen, SBE 43, 2 [dov/dt]
# name 15 = sbeox0ML/L: Oxygen, SBE 43 [ml/l], WS = 5
# name 16 = sbeox1ML/L: Oxygen, SBE 43, 2 [ml/l], WS = 5
# name 17 = potemp090C: Potential Temperature [ITS-90, deg C]
# name 18 = potemp190C: Potential Temperature, 2 [ITS-90, deg C]
# name 19 = sal00: Salinity, Practical [PSU]
# name 20 = sal11: Salinity, Practical, 2 [PSU]
# name 21 = sigma-é00: Density [sigma-theta, kg/m^3]
# name 22 = sigma-é11: Density, 2 [sigma-theta, kg/m^3]
# name 23 = avgsvCM: Average Sound Velocity [Chen-Millero, m/s], minP = 20, minS = 20
# name 24 = sbox0Mm/Kg: Oxygen, SBE 43 [umol/kg], WS = 5
# name 25 = sbox1Mm/Kg: Oxygen, SBE 43, 2 [umol/kg], WS = 5
# name 26 = nbin: number of scans per bin
# name 27 = flag: flag
# span 0 =      13799,      30002       
# span 1 =    574.926,   1250.047       
# span 2 =      1.986,     88.390       
# span 3 =      2.000,     89.000       
# span 4 =    20.7429,    28.9328       
# span 5 =    20.7454,    28.9338       
# span 6 =   5.034631,   5.829721       
# span 7 =   5.034979,   5.829839       
# span 8 =     2.3940,     3.2269       
# span 9 =     2.0261,     2.7594       
# span 10 =       5.22,      77.64      
# span 11 =   27.52287,   28.32627      
# span 12 =  -95.36693,  -92.66212      
# span 13 =   -0.01286,    0.01667      
# span 14 =   -0.01880,    0.01926      
# span 15 =     3.5387,     4.8697      
# span 16 =     3.5798,     4.9033      
# span 17 =    20.7260,    28.9294      
# span 18 =    20.7284,    28.9304      
# span 19 =    34.9864,    36.3488      
# span 20 =    35.0405,    36.3383      
# span 21 =    22.2714,    25.5750      
# span 22 =    22.3038,    25.5749      
# span 23 =    1517.49,    1561.78      
# span 24 =    154.097,    212.264      
# span 25 =    155.889,    213.730      
# span 26 =         30,         69      
# span 27 = 0.0000e+00, 0.0000e+00      
# interval = decibars: 1                
# start_time = Sep 27 2021 14:48:27 [NMEA time, header]
# bad_flag = -9.990e-29
*END*
      13799    574.926     88.390     89.000    20.7429    20.7454   5.034631   5.034979     2.3940     2.0261       5.22   27.86966  -93.82959    0.00088    0.00112     3.5387     3.5798    20.7260    20.7284    36.3213    36.3221    25.5750    25.5749    1536.59    154.097    155.889         50 0.0000e+00
      13954    581.360     87.397     88.000    20.7742    20.7880   5.037539   5.038953     2.3979     2.0317       6.13   27.86966  -93.82958    0.00082    0.00159     3.5444     3.5897    20.7574    20.7712    36.3186    36.3183    25.5644    25.5604    1536.59    154.346    156.321         69 0.0000e+00
      14004    583.464     86.404     87.000    20.8899    20.9011   5.049716   5.051387     2.4075     2.0446       6.90   27.86966  -93.82957    0.00305    0.00365     3.5593     3.6133    20.8822    20.8846    36.3112    36.3128    25.5247    25.5244    1536.59    155.004    157.354         33 0.0000e+00
      14047    585.245     85.411     86.000    20.9483    20.9711   5.054744   5.057218     2.4336     2.0746       7.91   27.86966  -93.82956    0.00827    0.01051     3.6069     3.6762    20.9318    20.9545    36.3100    36.3106    25.5103    25.5045    1536.59    157.079    160.098         47 0.0000e+00
      14090    587.023     84.418     85.000    20.9582    20.9685   5.055788   5.056874     2.4557     2.0927       8.82   27.86966  -93.82956    0.01443    0.01538     3.6523     3.7178    20.9419    20.9522    36.3104    36.3103    25.5078    25.5049    1536.59    159.055    161.907         37 0.0000e+00
      14124    588.445     83.425     84.000    21.0133    21.0073   5.060945   5.060817     2.4652     2.0951       9.72   27.86966  -93.82956    0.01136    0.00808     3.6679     3.7203    20.9972    20.9912    36.3054    36.3095    25.4889    25.4936    1536.59    159.739    162.020         33 0.0000e+00
      14158    589.880     82.432     83.000    21.1009    21.0902   5.069934   5.069086     2.4818     2.1097      10.74   27.86966  -93.82956    0.00843    0.00498     3.6962     3.7479    21.0848    21.0741    36.3038    36.3061    25.4636    25.4683    1536.59    160.973    163.225         36 0.0000e+00
      14197    591.492     81.439     82.000    21.1240    21.1180   5.072223   5.071668     2.5027     2.1268      11.74   27.86966  -93.82956    0.01165    0.00906     3.7382     3.7850    21.1081    21.1021    36.3029    36.3035    25.4566    25.4587    1536.59    162.802    164.842         40 0.0000e+00
      14234    593.054     80.446     81.000    21.1415    21.1342   5.073832   5.073188     2.5199     2.1384      12.75   27.86966  -93.82956    0.01271    0.00984     3.7723     3.8104    21.1258    21.1186    36.3014    36.3023    25.4505    25.4532    1536.59    164.288    165.948         36 0.0000e+00
      14269    594.505     79.453     80.000    21.1514    21.1451   5.074731   5.074226     2.5272     2.1461      13.62   27.86964  -93.82956    0.00942    0.00728     3.7865     3.8268    21.1360    21.1296    36.3005    36.3018    25.4471    25.4498    1536.59    164.910    166.663         33 0.0000e+00
      14303    595.915     78.460     79.000    21.1585    21.1585   5.075466   5.075464     2.5319     2.1519      14.60   27.86964  -93.82956    0.00552    0.00542     3.7954     3.8390    21.1432    21.1432    36.3008    36.3008    25.4452    25.4453    1536.59    165.297    167.194         35 0.0000e+00
      14340    597.475     77.467     78.000    21.1673    21.1737   5.076189   5.076854     2.5369     2.1562      15.61   27.86964  -93.82956    0.00342    0.00383     3.8048     3.8472    21.1522    21.1586    36.2994    36.2994    25.4418    25.4400    1536.59    165.704    167.552         40 0.0000e+00
      14379    599.103     76.475     77.000    21.1803    21.1923   5.077575   5.078566     2.5418     2.1623      16.57   27.86964  -93.82955    0.00314    0.00315     3.8120     3.8591    21.1654    21.1774    36.2992    36.2980    25.4379    25.4339    1536.59    166.023    168.071         36 0.0000e+00
      14412    600.451     75.481     76.000    21.2488    21.2578   5.083649   5.084684     2.5489     2.1673      17.45   27.86964  -93.82954    0.00353    0.00360     3.8276     3.8679    21.2341    21.2431    36.2962    36.2964    25.4167    25.4144    1536.59    166.702    168.457         31 0.0000e+00
      14444    601.811     74.488     75.000    21.2686    21.2774   5.086256   5.087196     2.5580     2.1749      18.45   27.86964  -93.82954    0.00505    0.00410     3.8401     3.8817    21.2541    21.2628    36.2956    36.2957    25.4108    25.4085    1536.59    167.249    169.062         36 0.0000e+00
      14486    603.540     73.495     74.000    21.2653    21.2833   5.085846   5.087811     2.5639     2.1834      19.54   27.86964  -93.82954    0.00540    0.00536     3.8521     3.9003    21.2509    21.2689    36.2954    36.2959    25.4115    25.4069    1536.59    167.772    169.872         44 0.0000e+00
      14525    605.156     72.502     73.000    21.3328    21.3889   5.092782   5.098212     2.5677     2.1883      20.46   27.86964  -93.82954    0.00313    0.00403     3.8546     3.9039    21.3186    21.3747    36.2941    36.2902    25.3918    25.3733    1536.59    167.886    170.032         32 0.0000e+00
      14555    606.406     71.509     72.000    21.5853    21.5710   5.118020   5.117332     2.5878     2.2116      21.32   27.86964  -93.82954    0.00488    0.00603     3.8775     3.9438    21.5712    21.5569    36.2828    36.2894    25.3131    25.3221    1536.59    168.892    171.780         31 0.0000e+00
      14589    607.843     70.516     71.000    21.6982    21.7146   5.130391   5.132136     2.6284     2.2501      22.35   27.86964  -93.82954    0.01370    0.01488     3.9529     4.0210    21.6843    21.7006    36.2865    36.2867    25.2844    25.2800    1536.59    172.181    175.151         32 0.0000e+00
      16198    674.883     68.530     69.000    22.1171    22.1192   5.174755   5.174650     2.8030     2.3980      24.21   27.89102  -93.90146    0.00163    0.00267     4.2789     4.3263    22.1034    22.1054    36.2915    36.2952    25.1728    25.1755    1537.77    186.406    188.474         35 0.0000e+00
      16250    677.030     67.537     68.000    22.1520    22.1479   5.175428   5.175096     2.8091     2.4003      25.03   27.86961  -93.82942    0.00243    0.00182     4.2886     4.3283    22.1384    22.1343    36.2634    36.2643    25.1391    25.1409    1536.59    186.831    188.561         47 0.0000e+00
      16306    679.359     66.544     67.000    22.2173    22.2529   5.182060   5.186139     2.8243     2.4199      26.05   27.86961  -93.82942    0.00499    0.00464     4.3134     4.3641    22.2039    22.2395    36.2617    36.2638    25.1192    25.1107    1536.59    187.916    190.124         52 0.0000e+00
      16372    682.122     65.551     66.000    22.2366    22.2631   5.184548   5.187456     2.8362     2.4296      26.95   27.86961  -93.82942    0.00540    0.00622     4.3357     4.3845    22.2234    22.2498    36.2636    36.2661    25.1151    25.1095    1536.59    188.889    191.014         40 0.0000e+00
      16410    683.695     64.558     65.000    22.3795    22.4474   5.199688   5.207281     2.8430     2.4370      27.92   27.86961  -93.82941    0.00359    0.00221     4.3390     4.3893    22.3665    22.4343    36.2651    36.2684    25.0756    25.0587    1536.59    189.041    191.232         36 0.0000e+00
      16468    686.141     63.565     64.000    22.4451    22.4943   5.206598   5.211814     2.8665     2.4658      29.00   27.86961  -93.82940    0.00800    0.01007     4.3794     4.4465    22.4322    22.4813    36.2649    36.2652    25.0567    25.0429    1536.59    190.802    193.730         63 0.0000e+00
      16518    688.193     62.572     63.000    22.5332    22.5890   5.215518   5.221219     2.8810     2.4740      29.85   27.86961  -93.82940    0.00826    0.00720     4.4019     4.4575    22.5204    22.5763    36.2622    36.2603    25.0294    25.0120    1536.59    191.787    194.216         39 0.0000e+00
      16561    689.991     61.579     62.000    22.6372    22.6997   5.226186   5.232376     2.9017     2.4998      30.81   27.86961  -93.82940    0.00871    0.00793     4.4344     4.5057    22.6246    22.6871    36.2595    36.2558    24.9975    24.9767    1536.59    193.212    196.321         52 0.0000e+00
      16618    692.361     60.586     61.000    22.7375    22.8094   5.236197   5.243296     2.9447     2.5470      31.81   27.86960  -93.82940    0.01605    0.01926     4.5129     4.6019    22.7251    22.7969    36.2547    36.2504    24.9650    24.9410    1536.59    196.636    200.520         53 0.0000e+00
      16662    694.210     59.593     60.000    22.8103    22.8512   5.243993   5.247964     2.9698     2.5673      32.73   27.86960  -93.82940    0.01667    0.01642     4.5570     4.6432    22.7981    22.8390    36.2553    36.2524    24.9444    24.9304    1536.59    198.563    202.323         43 0.0000e+00
      16711    696.260     58.600     59.000    22.9070    22.9806   5.253791   5.261251     2.9984     2.5882      33.72   27.86960  -93.82940    0.01401    0.01015     4.6061     4.6789    22.8949    22.9685    36.2519    36.2489    24.9139    24.8903    1536.59    200.710    203.885         46 0.0000e+00
      18509    771.184     53.634     54.000    24.1457    24.1239   5.393182   5.391913     3.1855     2.7340      38.36   27.94727  -94.09084    0.00033    0.00064     4.8697     4.9033    24.1343    24.1125    36.3488    36.3383    24.6348    24.6319    1540.87    212.264    213.730         46 0.0000e+00
      18564    773.457     52.641     53.000    24.0764    24.0591   5.377893   5.376355     3.1724     2.7228      39.05   27.86958  -93.82927   -0.00137   -0.00051     4.8470     4.8817    24.0652    24.0479    36.2477    36.2489    24.5669    24.5729    1536.59    211.277    212.789         32 0.0000e+00
      18685    778.518     50.655     51.000    24.0691    24.0258   5.368330   5.364325     3.1699     2.7213      40.62   27.78953  -93.55974    0.00056    0.00093     4.8400     4.8774    24.0583    24.0151    36.1385    36.1433    24.4739    24.4905    1532.18    210.975    212.604         43 0.0000e+00
      18861    785.843     49.662     50.000    24.1858    24.1847   5.388145   5.387988     3.1800     2.7295      41.93   27.86958  -93.82924    0.00035    0.00008     4.8510     4.8844    24.1752    24.1741    36.2372    36.2372    24.5260    24.5263    1536.59    211.460    212.916         55 0.0000e+00
      18993    791.322     47.676     48.000    24.2335    24.2925   5.382587   5.385716     3.1580     2.7053      43.51   27.78758  -93.55325    0.00118   -0.00326     4.8006     4.8211    24.2233    24.2823    36.1129    36.1357    24.4048    24.4080    1532.07    209.274    210.168         42 0.0000e+00
      19166    798.521     46.683     47.000    24.4385    24.4969   5.410609   5.416334     3.1192     2.6416      44.72   27.86956  -93.82922   -0.01286   -0.01880     4.7083     4.6671    24.4285    24.4868    36.2035    36.1994    24.4245    24.4038    1536.59    205.259    203.468         48 0.0000e+00
      19265    802.662     45.689     46.000    24.5065    24.5921   5.416783   5.425305     3.0819     2.6224      45.64   27.86956  -93.82922   -0.01090   -0.00672     4.6289     4.6189    24.4966    24.5822    36.1954    36.1921    24.3978    24.3701    1536.59    201.804    201.372         46 0.0000e+00
      20603    858.421     42.710     43.000    25.3138    25.3074   5.511221   5.507289     3.1812     2.7059      48.12   27.89680  -93.92091   -0.00176   -0.00222     4.7509     4.7383    25.3037    25.2979    36.2623    36.2445    24.2069    24.1952    1538.09    207.165    206.617         43 0.0000e+00
      20685    861.840     41.717     42.000    25.4192    25.4152   5.518064   5.519057     3.1791     2.7204      48.92   27.86954  -93.82914    0.00305    0.00381     4.7368     4.7583    25.4098    25.4059    36.2191    36.2306    24.1370    24.1468    1536.59    206.560    207.498         32 0.0000e+00
      20787    866.092     40.724     41.000    25.6987    25.7113   5.549146   5.551732     3.2064     2.7450      49.86   27.86954  -93.82914    0.00783    0.00627     4.7642     4.7864    25.6896    25.7022    36.2272    36.2205    24.0563    24.0473    1536.59    207.773    208.741         40 0.0000e+00
      20884    870.117     39.731     40.000    25.9514    26.0088   5.572976   5.577519     3.2269     2.7594      50.75   27.86952  -93.82914    0.00518    0.00230     4.7816     4.7930    25.9424    25.9998    36.2021    36.2005    23.9587    23.9396    1536.59    208.548    209.049         38 0.0000e+00
      21001    875.011     38.737     39.000    26.1078    26.3826   5.587662   5.612692     3.2214     2.7531      51.81   27.86952  -93.82912   -0.00088   -0.00130     4.7577     4.7477    26.0990    26.3737    36.1862    36.1519    23.8975    23.7851    1536.59    207.519    207.108         35 0.0000e+00
      21110    879.538     37.744     38.000    26.3994    26.5676   5.614761   5.632124     3.2059     2.7395      52.78   27.86952  -93.82912   -0.00449   -0.00319     4.7038     4.7087    26.3908    26.5590    36.1542    36.1482    23.7814    23.7233    1536.59    205.191    205.414         43 0.0000e+00
      21125    880.148     35.758     36.000    26.5135    26.5956   5.600911   5.608024     3.1763     2.7153      53.80   27.65723  -93.11437   -0.00174   -0.00160     4.6314     4.6458    26.5053    26.5874    35.8407    35.8290    23.4715    23.4364    1524.89    202.059    202.692         30 0.0000e+00
      22834    951.392     32.778     33.000    27.8845    27.8358   5.715165   5.711837     3.1671     2.6983      56.14   27.79795  -93.58816   -0.00450   -0.00559     4.5136     4.5271    27.8767    27.8280    35.6838    35.6974    22.9359    22.9620    1532.65    197.046    197.633         31 0.0000e+00
      23013    958.814     31.785     32.000    28.0831    28.1782   5.738971   5.745654     3.1482     2.6892      57.20   27.86946  -93.82898   -0.00544   -0.00271     4.4624     4.4870    28.0756    28.1706    35.7435    35.7184    22.9291    22.8790    1536.59    194.824    195.906         36 0.0000e+00
      23196    966.465     29.799     30.000    28.4055    28.3433   5.755722   5.750753     3.1185     2.6624      59.20   27.82987  -93.69568   -0.00443   -0.00119     4.3859     4.4188    28.3983    28.3362    35.5940    35.6084    22.7028    22.7341    1534.41    191.522    192.950         52 0.0000e+00
      23348    972.811     28.805     29.000    28.4939    28.4591   5.766877   5.764736     3.1207     2.6563      59.73   27.86946  -93.82896   -0.00181   -0.00105     4.3843     4.3997    28.4869    28.4522    35.6318    35.6410    22.7095    22.7278    1536.59    191.454    192.124         48 0.0000e+00
      23459    977.436     27.812     28.000    28.5135    28.5090   5.768702   5.768401     3.1158     2.6555      60.71   27.86946  -93.82896   -0.00073   -0.00026     4.3731     4.3945    28.5068    28.5023    35.6285    35.6290    22.7004    22.7023    1536.59    190.967    191.900         32 0.0000e+00
      23567    981.935     26.819     27.000    28.5254    28.5301   5.766214   5.768643     3.1187     2.6530      61.90   27.86946  -93.82896    0.00064   -0.00013     4.3792     4.3878    28.5190    28.5237    35.6029    35.6179    22.6771    22.6869    1536.59    191.240    191.614         37 0.0000e+00
      23614    983.873     24.832     25.000    28.3437    28.3410   5.723284   5.722639     3.1000     2.6410      62.85   27.69799  -93.25163   -0.00007    0.00093     4.3536     4.3706    28.3378    28.3350    35.3505    35.3336    22.5156    22.5027    1527.14    190.124    190.869         49 0.0000e+00
