GOMECC/GOMECC-4/1db/urb2103_0031.cnv
* Sea-Bird SBE 9 Data File:
* FileName = C:\Users\scs.user.rb\CTD\GOMECC4\data\rb2103_003.hex
* Software Version Seasave V 7.26.7.107
* Temperature SN = 4799
* Conductivity SN = 3860
* Number of Bytes Per Scan = 41
* Number of Voltage Words = 4
* Number of Scans Averaged by the Deck Unit = 1
* NMEA Latitude = 26 59.30 N
* NMEA Longitude = 079 46.65 W
* NMEA UTC (Time) = Sep 14 2021  20:49:18
* NMEA baud rate = 4800
# nquan = 28
# nvalues = 221                         
# units = specified
# name 0 = scan: Scan Count
# name 1 = timeS: Time, Elapsed [seconds]
# name 2 = depSM: Depth [salt water, m]
# name 3 = prDM: Pressure, Digiquartz [db]
# name 4 = t090C: Temperature [ITS-90, deg C]
# name 5 = t190C: Temperature, 2 [ITS-90, deg C]
# name 6 = c0S/m: Conductivity [S/m]
# name 7 = c1S/m: Conductivity, 2 [S/m]
# name 8 = sbeox0V: Oxygen raw, SBE 43 [V]
# name 9 = sbeox1V: Oxygen raw, SBE 43, 2 [V]
# name 10 = altM: Altimeter [m]
# name 11 = latitude: Latitude [deg]
# name 12 = longitude: Longitude [deg]
# name 13 = sbox0dV/dT: Oxygen, SBE 43 [dov/dt]
# name 14 = sbox1dV/dT: Oxygen, SBE 43, 2 [dov/dt]
# name 15 = sbeox0ML/L: Oxygen, SBE 43 [ml/l], WS = 5
# name 16 = sbeox1ML/L: Oxygen, SBE 43, 2 [ml/l], WS = 5
# name 17 = potemp090C: Potential Temperature [ITS-90, deg C]
# name 18 = potemp190C: Potential Temperature, 2 [ITS-90, deg C]
# name 19 = sal00: Salinity, Practical [PSU]
# name 20 = sal11: Salinity, Practical, 2 [PSU]
# name 21 = sigma-é00: Density [sigma-theta, kg/m^3]
# name 22 = sigma-é11: Density, 2 [sigma-theta, kg/m^3]
# name 23 = avgsvCM: Average Sound Velocity [Chen-Millero, m/s], minP = 20, minS = 20
# name 24 = sbox0Mm/Kg: Oxygen, SBE 43 [umol/kg], WS = 5
# name 25 = sbox1Mm/Kg: Oxygen, SBE 43, 2 [umol/kg], WS = 5
# name 26 = nbin: number of scans per bin
# name 27 = flag: flag
# span 0 =      35435,      75079       
# span 1 =   1476.421,   3128.230       
# span 2 =      1.987,    348.396       
# span 3 =      2.000,    351.000       
# span 4 =     9.7478,    29.6522       
# span 5 =     9.8906,    29.6378       
# span 6 =   3.822335,   5.999852       
# span 7 =   3.836428,   5.997224       
# span 8 =     1.6961,     3.1792       
# span 9 =     1.3992,     2.7041       
# span 10 =      26.96,     101.36      
# span 11 =   26.72850,   27.16493      
# span 12 =  -80.22636,  -78.93829      
# span 13 =   -0.01103,    0.01837      
# span 14 =   -0.01023,    0.01369      
# span 15 =     2.7154,     4.4593      
# span 16 =     2.7554,     4.4628      
# span 17 =     9.7073,    29.6470      
# span 18 =     9.8497,    29.6326      
# span 19 =    35.2062,    36.9445      
# span 20 =    35.2268,    36.9469      
# span 21 =    22.1538,    27.1631      
# span 22 =    22.1543,    27.1551      
# span 23 =    1501.83,    1526.33      
# span 24 =    118.068,    194.647      
# span 25 =    119.806,    194.619      
# span 26 =         30,         74      
# span 27 = 0.0000e+00, 0.0000e+00      
# interval = decibars: 1                
# start_time = Sep 14 2021 20:49:18 [NMEA time, header]
# bad_flag = -9.990e-29
*END*
[from data line 208]
      67290   2803.692     25.827     26.000    29.3058    29.3142   5.950830   5.951943     3.1652     2.6894     100.00   27.01318  -79.77886    0.00067   -0.00079     4.3843     4.3867    29.2994    29.3079    36.2922    36.2935    22.9339    22.9319    1517.82    191.411    191.518         50 0.0000e+00
      68246   2843.543     20.861     21.000    29.6522    29.6378   5.999852   5.997224     3.1792     2.7041      54.41   27.16493  -80.22636    0.00013    0.00164     4.3864     4.3973    29.6470    29.6326    36.4674    36.4600    22.9791    22.9784    1526.33    191.521    191.996         51 0.0000e+00
      69324   2888.479     19.868     20.000    29.4448    29.4445   5.959343   5.959493     3.1677     2.6931      99.86   27.01393  -79.77888    0.00027    0.00059     4.3761     4.3827    29.4399    29.4396    36.2473    36.2486    22.8526    22.8536    1517.82    191.070    191.356         58 0.0000e+00
      69446   2893.539     18.874     19.000    29.4365    29.4349   5.957451   5.956341     3.1689     2.6962      95.69   27.01398  -79.77888    0.00038   -0.00006     4.3785     4.3892    29.4319    29.4303    36.2409    36.2345    22.8505    22.8462    1517.82    191.174    191.643         38 0.0000e+00
      69530   2897.023     17.881     18.000    29.4341    29.4468   5.956009   5.956052     3.1708     2.6995      90.87   27.01400  -79.77888    0.00083   -0.00026     4.3817     4.3946    29.4297    29.4424    36.2330    36.2238    22.8453    22.8341    1517.82    191.318    191.882         36 0.0000e+00
      69630   2901.208     16.887     17.000    29.4604    29.4837   5.957544   5.960076     3.1706     2.6949      97.98   27.01404  -79.77888    0.00005   -0.00171     4.3791     4.3825    29.4562    29.4795    36.2245    36.2247    22.8299    22.8222    1517.82    191.203    191.355         41 0.0000e+00
      69719   2904.902     15.894     16.000    29.4811    29.4997   5.959663   5.962092     3.1692     2.6927     100.17   27.01407  -79.77888   -0.00047    0.00055     4.3745     4.3763    29.4772    29.4957    36.2234    36.2263    22.8220    22.8179    1517.82    191.006    191.085         45 0.0000e+00
      69819   2909.077     14.901     15.000    29.4945    29.5032   5.961188   5.962076     3.1648     2.6853     100.00   27.01411  -79.77888   -0.00127   -0.00153     4.3650     4.3609    29.4908    29.4995    36.2240    36.2236    22.8178    22.8145    1517.82    190.592    190.414         35 0.0000e+00
      69285   2886.852     12.914     13.000    29.2251    29.1967   5.898536   5.897888     3.1340     2.6631      98.97   26.73683  -78.95984    0.00056    0.00067     4.3267     4.3265    29.2219    29.1935    35.8775    35.8345    22.5969    22.5685    1502.24    188.923    188.912         35 0.0000e+00
      71417   2975.647      9.934     10.000    29.4668    29.4705   5.931514   5.929345     3.1566     2.6858      80.40   26.97158  -79.65150   -0.00073    0.00148     4.3546     4.3644    29.4772    29.4680    36.0118    35.9994    22.6563    22.6483    1515.40    190.165    190.590         30 0.0000e+00
      72159   3006.580      5.960      6.000    29.2481    29.2070   5.841547   5.826076     3.1354     2.6655      95.29   26.74819  -78.99037    0.00019    0.00027     4.3393     4.3395    29.2467    29.2055    35.5240    35.3434    22.3300    22.1979    1502.82    189.526    189.552         43 0.0000e+00
      75044   3126.777      2.980      3.000    29.6016    29.6047   5.851344   5.852099     3.1650     2.6894      82.62   27.05420  -79.89188   -0.00064   -0.00001     4.3730     4.3777    29.6008    29.6040    35.4204    35.4231    22.1853    22.1863    1519.97    191.066    191.273         60 0.0000e+00
      75079   3128.230      1.987      2.000    29.5604    29.5604   5.843087   5.843313     3.1634     2.6859      97.98   27.01600  -79.77896    0.00097   -0.00046     4.3715     4.3718    29.5599    29.5599    35.3705    35.3712    22.1538    22.1543    1517.82    191.002    191.014         53 0.0000e+00
