GOMECC/GOMECC-4/1db/urb2103_1031.cnv
* Sea-Bird SBE 9 Data File:
* FileName = C:\Users\scs.user.rb\CTD\GOMECC4\data\rb2103_1031.hex
* Software Version Seasave V 7.26.7.107
* Temperature SN = 4799
* Conductivity SN = 3860
* Number of Bytes Per Scan = 41
* Number of Voltage Words = 4
* Number of Scans Averaged by the Deck Unit = 1
* NMEA Latitude = 24 23.15 N
* NMEA Longitude = 088 00.13 W
* NMEA UTC (Time) = Oct 13 2021  03:19:12
* NMEA baud rate = 4800
# nquan = 28
# nvalues = 144                         
# units = specified
# name 0 = scan: Scan Count
# name 1 = timeS: Time, Elapsed [seconds]
# name 2 = depSM: Depth [salt water, m]
# name 3 = prDM: Pressure, Digiquartz [db]
# name 4 = t090C: Temperature [ITS-90, deg C]
# name 5 = t190C: Temperature, 2 [ITS-90, deg C]
# name 6 = c0S/m: Conductivity [S/m]
# name 7 = c1S/m: Conductivity, 2 [S/m]
# name 8 = sbeox0V: Oxygen raw, SBE 43 [V]
# name 9 = sbeox1V: Oxygen raw, SBE 43, 2 [V]
# name 10 = altM: Altimeter [m]
# name 11 = latitude: Latitude [deg]
# name 12 = longitude: Longitude [deg]
# name 13 = sbox0dV/dT: Oxygen, SBE 43 [dov/dt]
# name 14 = sbox1dV/dT: Oxygen, SBE 43, 2 [dov/dt]
# name 15 = sbeox0ML/L: Oxygen, SBE 43 [ml/l], WS = 5
# name 16 = sbeox1ML/L: Oxygen, SBE 43, 2 [ml/l], WS = 5
# name 17 = potemp090C: Potential Temperature [ITS-90, deg C]
# name 18 = potemp190C: Potential Temperature, 2 [ITS-90, deg C]
# name 19 = sal00: Salinity, Practical [PSU]
# name 20 = sal11: Salinity, Practical, 2 [PSU]
# name 21 = sigma-é00: Density [sigma-theta, kg/m^3]
# name 22 = sigma-é11: Density, 2 [sigma-theta, kg/m^3]
# name 23 = avgsvCM: Average Sound Velocity [Chen-Millero, m/s], minP = 20, minS = 20
# name 24 = sbox0Mm/Kg: Oxygen, SBE 43 [umol/kg], WS = 5
# name 25 = sbox1Mm/Kg: Oxygen, SBE 43, 2 [umol/kg], WS = 5
# name 26 = nbin: number of scans per bin
# name 27 = flag: flag
# span 0 =      41329,     102726       
# span 1 =   1721.982,   4280.193       
# span 2 =      0.994,    517.021       
# span 3 =      1.000,    521.000       
# span 4 =     7.8213,    30.2256       
# span 5 =     7.8227,    30.2269       
# span 6 =   3.623567,   6.118056       
# span 7 =   3.623656,   6.118382       
# span 8 =     1.6473,     3.2341       
# span 9 =     1.3445,     2.7360       
# span 10 =      18.55,     103.16      
# span 11 =   24.26381,   25.15568      
# span 12 =  -90.76244,  -87.54659      
# span 13 =   -0.00801,    0.02369      
# span 14 =   -0.01049,    0.02023      
# span 15 =     2.6961,     4.5593      
# span 16 =     2.7122,     4.5688      
# span 17 =     7.7682,    30.2248      
# span 18 =     7.7696,    30.2262      
# span 19 =    34.9529,    37.2990      
# span 20 =    34.9525,    37.3002      
# span 21 =    21.9801,    27.2715      
# span 22 =    22.1119,    27.2710      
# span 23 =    1502.80,    1557.88      
# span 24 =    117.227,    198.700      
# span 25 =    117.927,    199.111      
# span 26 =         30,         74      
# span 27 = 0.0000e+00, 0.0000e+00      
# interval = decibars: 1                
# start_time = Oct 13 2021 03:19:12 [NMEA time, header]
# bad_flag = -9.990e-29
*END*
[from data line 104]
      74063   3085.917     87.419     88.000    23.0406    23.0361   5.305297   5.305498     2.5998     2.1899     100.00   24.39326  -88.01468    0.00855    0.00679     3.7979     3.7957    23.0225    23.0180    36.5309    36.5362    25.0887    25.0940    1510.87    165.465    165.366         55 0.0000e+00
      74129   3088.669     86.426     87.000    23.0571    23.0498   5.306833   5.306318     2.6225     2.2075      88.98   24.39326  -88.01468    0.00959    0.00912     3.8422     3.8336    23.0392    23.0319    36.5294    36.5315    25.0827    25.0864    1510.87    167.392    167.017         51 0.0000e+00
      74170   3090.359     85.433     86.000    23.1516    23.1558   5.315926   5.316284     2.6311     2.2200      99.80   24.39326  -88.01468    0.00625    0.00486     3.8527     3.8544    23.1339    23.1380    36.5216    36.5209    25.0492    25.0475    1510.87    167.856    167.932         40 0.0000e+00
      74228   3092.782     84.440     85.000    23.2111    23.2151   5.321588   5.322155     2.6814     2.2688      94.52   24.39326  -88.01470    0.01298    0.01482     3.9495     3.9585    23.1935    23.1975    36.5164    36.5175    25.0279    25.0275    1510.87    172.079    172.470         63 0.0000e+00
      74279   3094.930     83.446     84.000    23.2417    23.2914   5.323891   5.328042     2.6920     2.2695      79.52   24.39327  -88.01470    0.01308    0.00918     3.9607     3.9539    23.2214    23.2744    36.5115    36.5077    25.0160    25.0005    1510.87    172.566    172.276         39 0.0000e+00
      74330   3097.038     82.453     83.000    23.4194    23.3894   5.340467   5.338337     2.7466     2.3200      99.37   24.39328  -88.01470    0.01586    0.01281     4.0662     4.0584    23.4020    23.3721    36.4921    36.4989    24.9484    24.9624    1510.87    177.175    176.836         64 0.0000e+00
      74389   3099.516     81.460     82.000    23.4337    23.4074   5.339850   5.338487     2.7875     2.3515     100.00   24.39328  -88.01470    0.02369    0.01847     4.1446     4.1265    23.4166    23.3904    36.4740    36.4860    24.9304    24.9475    1510.87    180.597    179.804         44 0.0000e+00
      74434   3101.389     80.467     81.000    23.4460    23.4383   5.335982   5.335518     2.8182     2.3911     100.00   24.39328  -88.01470    0.01475    0.01532     4.2058     4.2129    23.4292    23.4214    36.4344    36.4372    24.8966    24.9011    1510.87    183.267    183.577         51 0.0000e+00
      74494   3103.879     79.473     80.000    23.4318    23.4302   5.331720   5.333214     2.8700     2.4316     100.00   24.39328  -88.01472    0.02061    0.02023     4.3109     4.3028    23.4151    23.4135    36.4137    36.4265    24.8851    24.8953    1510.87    187.848    187.495         60 0.0000e+00
      74544   3105.962     78.480     79.000    23.4005    23.4029   5.323936   5.324707     2.8921     2.4494     100.00   24.39328  -88.01472    0.01504    0.01001     4.3580     4.3448    23.3841    23.3865    36.3799    36.3838    24.8686    24.8708    1510.87    189.906    189.329         43 0.0000e+00
      74597   3108.181     77.487     78.000    23.3689    23.3600   5.317033   5.316691     2.9351     2.4905     100.00   24.39329  -88.01472    0.01551    0.01488     4.4439     4.4391    23.3528    23.3438    36.3564    36.3578    24.8599    24.8636    1510.87    193.649    193.440         66 0.0000e+00
      74656   3110.646     76.494     77.000    23.3903    23.3782   5.318820   5.317288     2.9462     2.5119     100.00   24.39330  -88.01472    0.01266    0.01251     4.4647     4.4848    23.3705    23.3623    36.3526    36.3477    24.8519    24.8506    1510.87    194.558    195.432         44 0.0000e+00
      77114   3213.029     74.507     75.000    23.6643    23.6753   5.344454   5.347321     3.0032     2.5607      99.79   24.34244  -87.83083   -0.00009    0.00002     4.5572     4.5688    23.6486    23.6596    36.2942    36.3175    24.7179    24.7353    1507.71    198.604    199.111         39 0.0000e+00
      77378   3224.058     73.514     74.000    23.7762    23.7651   5.363598   5.361705     3.0097     2.5616     100.00   24.39354  -88.01524   -0.00074   -0.00171     4.5593     4.5616    23.7607    23.7496    36.3765    36.3715    24.7550    24.7545    1510.87    198.700    198.800         63 0.0000e+00
      77442   3226.688     72.521     73.000    23.8858    23.8879   5.378766   5.378117     3.0008     2.5592     100.00   24.39355  -88.01526   -0.00199   -0.00070     4.5309     4.5453    23.8705    23.8725    36.4031    36.3965    24.7426    24.7370    1510.87    197.466    198.095         63 0.0000e+00
      77501   3229.166     71.528     72.000    24.0138    24.0661   5.398038   5.402900     2.9806     2.5386     100.00   24.39356  -88.01527   -0.00708   -0.00521     4.4787     4.4847    23.9985    24.0508    36.4455    36.4396    24.7366    24.7166    1510.87    195.192    195.455         58 0.0000e+00
      77560   3231.614     70.534     71.000    24.2029    24.2288   5.422519   5.426365     2.9616     2.5141      93.53   24.39356  -88.01529   -0.00801   -0.01049     4.4241     4.4169    24.1877    24.2136    36.4771    36.4851    24.7040    24.7023    1510.87    192.816    192.506         57 0.0000e+00
      77625   3234.322     69.541     70.000    24.3494    24.3593   5.443432   5.444527     2.9426     2.4931      66.53   24.39358  -88.01530   -0.00724   -0.00901     4.3733     4.3600    24.3344    24.3443    36.5161    36.5163    24.6895    24.6867    1510.87    190.606    190.027         62 0.0000e+00
      77679   3236.576     68.547     69.000    24.4669    24.5062   5.459488   5.462477     2.9388     2.4908      57.93   24.39358  -88.01532   -0.00453   -0.00263     4.3558     4.3417    24.4521    24.4913    36.5399    36.5322    24.6720    24.6544    1510.87    189.848    189.235         44 0.0000e+00
      77742   3239.206     67.555     68.000    24.7768    24.8445   5.493148   5.501532     2.9327     2.4804      99.55   24.39358  -88.01534   -0.00169   -0.00265     4.3179     4.2948    24.7621    24.8298    36.5430    36.5509    24.5805    24.5659    1510.87    188.211    187.205         51 0.0000e+00
      77800   3241.610     66.561     67.000    24.8766    24.8813   5.503098   5.504957     2.9280     2.4736     100.00   24.39360  -88.01536   -0.00368   -0.00483     4.3001     4.2784    24.8574    24.8668    36.5407    36.5532    24.5497    24.5573    1510.87    187.442    186.492         47 0.0000e+00
      77860   3244.145     65.568     66.000    25.0325    25.1200   5.520559   5.529932     2.9211     2.4728     100.00   24.39360  -88.01537   -0.00097    0.00017     4.2743     4.2577    25.0183    25.1055    36.5414    36.5405    24.5011    24.4736    1510.87    186.325    185.604         63 0.0000e+00
      77918   3246.555     64.575     65.000    25.1483    25.2098   5.533292   5.539255     2.9099     2.4515     100.00   24.39361  -88.01540   -0.00501   -0.00623     4.2428     4.2044    25.1347    25.1955    36.5426    36.5378    24.4663    24.4440    1510.87    184.958    183.287         56 0.0000e+00
      77979   3249.080     63.581     64.000    25.2846    25.2954   5.547276   5.548099     2.8981     2.4441     100.00   24.39362  -88.01541   -0.00483   -0.00480     4.2101     4.1824    25.2705    25.2813    36.5374    36.5349    24.4206    24.4154    1510.87    183.542    182.335         66 0.0000e+00
      78040   3251.613     62.588     63.000    25.3459    25.3401   5.553678   5.552317     2.8863     2.4421     100.00   24.39363  -88.01542   -0.00429   -0.00214     4.1812     4.1745    25.3320    25.3262    36.5342    36.5305    24.3992    24.3982    1510.87    182.286    181.995         54 0.0000e+00
      78099   3254.086     61.594     62.000    25.3904    25.4170   5.557887   5.560836     2.8831     2.4365     100.00   24.39364  -88.01544   -0.00232   -0.00111     4.1713     4.1566    25.3767    25.4033    36.5316    36.5320    24.3834    24.3755    1510.87    181.858    181.218         66 0.0000e+00
      78158   3256.561     60.601     61.000    25.4853    25.4939   5.567611   5.568262     2.8794     2.4346     100.00   24.39364  -88.01546   -0.00142   -0.00139     4.1565     4.1469    25.4719    25.4804    36.5275    36.5255    24.3509    24.3467    1510.87    181.217    180.797         51 0.0000e+00
      78218   3259.027     59.608     60.000    25.5191    25.5496   5.570414   5.573943     2.8824     2.4389     100.00   24.39365  -88.01548   -0.00002    0.00069     4.1595     4.1515    25.5058    25.5363    36.5215    36.5231    24.3358    24.3276    1510.87    181.348    181.003         66 0.0000e+00
      78279   3261.580     58.615     59.000    25.5848    25.6054   5.577541   5.578945     2.8883     2.4388     100.00   24.39366  -88.01550    0.00247    0.00100     4.1655     4.1476    25.5717    25.5924    36.5217    36.5180    24.3156    24.3074    1510.87    181.614    180.836         50 0.0000e+00
      80659   3360.747     52.655     53.000    26.2147    26.2195   5.618515   5.618929     3.0068     2.5455      99.47   24.26381  -87.54659   -0.00023    0.00054     4.3389     4.3233    26.2018    26.2077    36.2367    36.2358    23.8776    23.8754    1502.80    189.230    188.553         32 0.0000e+00
      81220   3384.131     51.661     52.000    26.6336    26.7107   5.676821   5.683677     3.0283     2.5645     100.00   24.39406  -88.01654    0.00171    0.00070     4.3501     4.3316    26.6216    26.6988    36.4154    36.4043    23.9053    23.8723    1510.87    189.738    188.938         38 0.0000e+00
      81313   3387.995     50.668     51.000    26.8646    26.9736   5.700436   5.710178     3.0315     2.5644     100.00   24.39406  -88.01657    0.00074   -0.00034     4.3378     4.3122    26.8529    26.9618    36.4043    36.3889    23.8231    23.7765    1510.87    189.219    188.109         40 0.0000e+00
      81384   3390.957     49.674     50.000    27.0259    27.1236   5.717292   5.727084     3.0339     2.5629      99.97   24.39408  -88.01659    0.00156    0.00212     4.3295     4.2975    27.0144    27.1121    36.3993    36.3930    23.7676    23.7315    1510.87    188.868    187.477         42 0.0000e+00
      82618   3442.364     46.694     47.000    27.7070    27.6860   5.802421   5.800555     3.0493     2.5745     100.57   24.53237  -88.51558    0.00069   -0.00049     4.3092     4.2857    27.6960    27.6750    36.5713    36.5744    23.7056    23.7148    1519.43    188.016    186.991         30 0.0000e+00
      88288   3678.621     30.800     31.000    28.6983    28.7344   5.872761   5.876506     3.1256     2.6452      64.41   24.38952  -87.99873    0.00059    0.00275     4.3638     4.3454    28.6909    28.7270    36.2080    36.2054    23.0737    23.0598    1510.54    190.490    189.688         36 0.0000e+00
      95453   3977.149     13.910     14.000    29.4025    29.4037   5.951283   5.951576     3.1491     2.6556     100.28   24.46486  -88.26965    0.00007   -0.00172     4.3473     4.3127    29.3990    29.4002    36.2752    36.2763    22.9032    22.9036    1515.14    189.816    188.306         42 0.0000e+00
      97906   4079.369      7.949      8.000    29.8473    29.8484   6.040982   6.041311     3.1961     2.7018     101.80   24.83513  -89.60565    0.00076   -0.00140     4.4087     4.3870    29.8453    29.8464    36.8235    36.8249    23.2488    23.2495    1538.06    192.497    191.547         35 0.0000e+00
     102726   4280.193      2.981      3.000    30.2256    30.2269   6.118056   6.118382     3.2341     2.7360      78.85   25.15568  -90.76244   -0.00034   -0.00053     4.4577     4.4399    30.2248    30.2262    37.2990    37.3002    23.5509    23.5513    1557.88    194.637    193.859         32 0.0000e+00
      99783   4157.566      1.987      2.000    29.3120    29.3129   5.933237   5.933495     3.1383     2.6511      86.97   24.39658  -88.02358    0.00051   -0.00089     4.3260     4.3009    29.3115    29.3124    36.1735    36.1746    22.8406    22.8411    1510.87    188.886    187.790         31 0.0000e+00
      99872   4161.273      0.994      1.000    29.2957    29.2955   5.803368   5.801738     3.1382     2.6531      99.60   24.39659  -88.02364    0.00004    0.00098     4.3591     4.3318    29.2954    29.2953    35.0131    35.1900    21.9801    22.1119    1510.87    190.543    189.305         44 0.0000e+00
