GOMECC/GOMECC-4/1db/urb2103_1201.cnv
* Sea-Bird SBE 9 Data File:
* FileName = C:\Users\scs.user.rb\CTD\GOMECC4\data\rb2103_1201.hex
* Software Version Seasave V 7.26.7.107
* Temperature SN = 4799
* Conductivity SN = 3860
* Number of Bytes Per Scan = 41
* Number of Voltage Words = 4
* Number of Scans Averaged by the Deck Unit = 1
* NMEA Latitude = 21 40.66 N
* NMEA Longitude = 085 53.83 W
* NMEA UTC (Time) = Oct 16 2021  08:41:52
* NMEA baud rate = 4800
# nquan = 28
# nvalues = 213                         
# units = specified
# name 0 = scan: Scan Count
# name 1 = timeS: Time, Elapsed [seconds]
# name 2 = depSM: Depth [salt water, m]
# name 3 = prDM: Pressure, Digiquartz [db]
# name 4 = t090C: Temperature [ITS-90, deg C]
# name 5 = t190C: Temperature, 2 [ITS-90, deg C]
# name 6 = c0S/m: Conductivity [S/m]
# name 7 = c1S/m: Conductivity, 2 [S/m]
# name 8 = sbeox0V: Oxygen raw, SBE 43 [V]
# name 9 = sbeox1V: Oxygen raw, SBE 43, 2 [V]
# name 10 = altM: Altimeter [m]
# name 11 = latitude: Latitude [deg]
# name 12 = longitude: Longitude [deg]
# name 13 = sbox0dV/dT: Oxygen, SBE 43 [dov/dt]
# name 14 = sbox1dV/dT: Oxygen, SBE 43, 2 [dov/dt]
# name 15 = sbeox0ML/L: Oxygen, SBE 43 [ml/l], WS = 5
# name 16 = sbeox1ML/L: Oxygen, SBE 43, 2 [ml/l], WS = 5
# name 17 = potemp090C: Potential Temperature [ITS-90, deg C]
# name 18 = potemp190C: Potential Temperature, 2 [ITS-90, deg C]
# name 19 = sal00: Salinity, Practical [PSU]
# name 20 = sal11: Salinity, Practical, 2 [PSU]
# name 21 = sigma-é00: Density [sigma-theta, kg/m^3]
# name 22 = sigma-é11: Density, 2 [sigma-theta, kg/m^3]
# name 23 = avgsvCM: Average Sound Velocity [Chen-Millero, m/s], minP = 20, minS = 20
# name 24 = sbox0Mm/Kg: Oxygen, SBE 43 [umol/kg], WS = 5
# name 25 = sbox1Mm/Kg: Oxygen, SBE 43, 2 [umol/kg], WS = 5
# name 26 = nbin: number of scans per bin
# name 27 = flag: flag
# span 0 =      64104,     160109       
# span 1 =   2670.977,   6671.181       
# span 2 =      0.994,   1930.864       
# span 3 =      1.000,   1952.000       
# span 4 =     4.1808,    31.1499       
# span 5 =     4.1816,    31.0295       
# span 6 =   3.348682,   6.244950       
# span 7 =   3.348670,   6.245153       
# span 8 =     1.6292,     3.2810       
# span 9 =     1.3261,     2.7695       
# span 10 =      10.66,     104.84      
# span 11 =   20.90421,   22.47439      
# span 12 =  -89.00740,  -82.79030      
# span 13 =   -0.00420,    0.00847      
# span 14 =   -0.00109,    0.00776      
# span 15 =     2.6735,     5.2643      
# span 16 =     2.6836,     5.2770      
# span 17 =     4.0153,    31.1496      
# span 18 =     4.0161,    31.0292      
# span 19 =    34.9012,    37.5615      
# span 20 =    34.9005,    37.4168      
# span 21 =    21.8173,    27.7735      
# span 22 =    21.8168,    27.7727      
# span 23 =    1447.43,    1556.12      
# span 24 =    116.240,    228.750      
# span 25 =    116.682,    229.302      
# span 26 =         30,         72      
# span 27 = 0.0000e+00, 0.0000e+00      
# interval = decibars: 1                
# start_time = Oct 16 2021 08:41:52 [NMEA time, header]
# bad_flag = -9.990e-29
*END*
[from data line 52]
      89729   3738.653   1248.394   1260.000     4.4864     4.4870   3.351824   3.351818     1.9854     1.6557     100.00   21.68512  -85.89999   -0.00003   -0.00038     4.5840     4.5928     4.3830     4.3836    34.9635    34.9628    27.7162    27.7155    1501.79    199.198    199.582         30 0.0000e+00
      89760   3739.953   1247.406   1259.000     4.4871     4.4877   3.351840   3.351834     1.9853     1.6557     100.00   21.68508  -85.89982   -0.00003   -0.00029     4.5829     4.5921     4.3838     4.3844    34.9634    34.9627    27.7160    27.7153    1501.79    199.154    199.551         33 0.0000e+00
      95625   3984.329   1019.093   1028.000     5.0549     5.0641   3.391136   3.391917     1.8967     1.5737      99.91   21.68487  -85.89806   -0.00093   -0.00063     4.0702     4.0788     4.9679     4.9770    34.9400    34.9393    27.6315    27.6298    1501.76    176.887    177.263         47 0.0000e+00
      95729   3988.682   1018.104   1027.000     5.0606     5.0682   3.391671   3.392283     1.8971     1.5739      78.52   21.68536  -85.89991    0.00006    0.00003     4.0708     4.0786     4.9737     4.9812    34.9405    34.9399    27.6312    27.6298    1501.79    176.915    177.254         46 0.0000e+00
      97314   4054.689   1014.149   1023.000     5.1168     5.1177   3.396617   3.396649     1.8858     1.5650     100.01   21.68705  -85.90633    0.00013    0.00006     4.0235     4.0373     5.0298     5.0307    34.9412    34.9406    27.6252    27.6247    1501.90    174.857    175.460         48 0.0000e+00
      97540   4064.137   1012.171   1021.000     5.1172     5.1177   3.396599   3.396587     1.8861     1.5651     100.01   21.68723  -85.90701    0.00000    0.00017     4.0231     4.0370     5.0304     5.0308    34.9415    34.9409    27.6255    27.6249    1501.91    174.841    175.445         59 0.0000e+00
      97594   4066.377   1011.182   1020.000     5.1150     5.1169   3.396123   3.396227     1.8862     1.5653     100.00   21.68544  -85.89992    0.00006    0.00017     4.0237     4.0374     5.0282     5.0302    34.9388    34.9379    27.6235    27.6226    1501.79    174.866    175.462         57 0.0000e+00
      97645   4068.508   1010.193   1019.000     5.1125     5.1161   3.395859   3.396110     1.8861     1.5655      95.13   21.68545  -85.89992    0.00003    0.00008     4.0229     4.0375     5.0259     5.0294    34.9389    34.9380    27.6239    27.6227    1501.79    174.834    175.467         48 0.0000e+00
      97688   4070.289   1009.204   1018.000     5.1147     5.1150   3.395999   3.395960     1.8863     1.5655      94.93   21.68545  -85.89992    0.00003    0.00003     4.0230     4.0371     5.0281     5.0284    34.9386    34.9381    27.6233    27.6229    1501.79    174.837    175.451         38 0.0000e+00
      97722   4071.714   1008.215   1017.000     5.1174     5.1165   3.396198   3.396079     1.8866     1.5660     100.02   21.68546  -85.89992    0.00013    0.00007     4.0232     4.0383     5.0309     5.0300    34.9386    34.9381    27.6230    27.6228    1501.79    174.847    175.502         31 0.0000e+00
      97753   4073.003   1007.226   1016.000     5.1198     5.1189   3.396353   3.396230     1.8868     1.5662     100.00   21.68546  -85.89992    0.00016    0.00028     4.0229     4.0384     5.0334     5.0325    34.9384    34.9379    27.6225    27.6223    1501.79    174.834    175.508         31 0.0000e+00
     102428   4267.795    822.208    829.000     6.6860     6.6979   3.528311   3.529279     1.6928     1.3836     100.01   21.68693  -85.90492   -0.00128   -0.00108     3.1366     3.1399     6.6068     6.6188    34.9091    34.9077    27.4012    27.3984    1501.88    136.343    136.488         38 0.0000e+00
     102486   4270.213    821.218    828.000     6.6742     6.6824   3.526982   3.527659     1.6898     1.3819      96.11   21.68568  -85.89992   -0.00118   -0.00080     3.1277     3.1348     6.5952     6.6034    34.9067    34.9058    27.4008    27.3990    1501.79    135.959    136.265         41 0.0000e+00
     102573   4273.840    820.228    827.000     6.6805     6.6925   3.527405   3.528641     1.6897     1.3822      99.89   21.68568  -85.89992   -0.00022   -0.00002     3.1265     3.1350     6.6016     6.6136    34.9054    34.9046    27.3989    27.3967    1501.79    135.906    136.277         50 0.0000e+00
     104097   4337.336    817.259    824.000     6.7621     6.7624   3.534502   3.534496     1.6811     1.3748     100.00   21.68624  -85.90186    0.00016    0.00001     3.0906     3.1021     6.6830     6.6834    34.9027    34.9022    27.3858    27.3854    1501.82    134.347    134.845         56 0.0000e+00
     104150   4339.544    816.269    823.000     6.7608     6.7621   3.534289   3.534295     1.6812     1.3751     100.00   21.68576  -85.89994    0.00012    0.00005     3.0909     3.1027     6.6818     6.6831    34.9020    34.9012    27.3854    27.3845    1501.79    134.360    134.875         49 0.0000e+00
     104199   4341.593    815.279    822.000     6.7642     6.7637   3.534480   3.534398     1.6812     1.3752     100.00   21.68576  -85.89994    0.00002    0.00013     3.0901     3.1023     6.6853     6.6848    34.9012    34.9008    27.3842    27.3840    1501.79    134.326    134.857         47 0.0000e+00
     104239   4343.231    814.289    821.000     6.7683     6.7666   3.534825   3.534662     1.6811     1.3750     100.00   21.68576  -85.89994   -0.00003   -0.00002     3.0892     3.1012     6.6894     6.6878    34.9014    34.9013    27.3838    27.3840    1501.79    134.285    134.810         34 0.0000e+00
     104273   4344.652    813.299    820.000     6.7723     6.7729   3.535153   3.535160     1.6811     1.3751     100.00   21.68576  -85.89994   -0.00001   -0.00004     3.0884     3.1006     6.6936     6.6942    34.9014    34.9008    27.3833    27.3828    1501.79    134.254    134.783         34 0.0000e+00
     104305   4346.008    812.309    819.000     6.7784     6.7789   3.535676   3.535670     1.6809     1.3754     100.00   21.68576  -85.89994   -0.00006    0.00005     3.0869     3.1008     6.6997     6.7002    34.9015    34.9009    27.3826    27.3820    1501.79    134.185    134.792         31 0.0000e+00
     104339   4347.397    811.320    818.000     6.7850     6.7843   3.536228   3.536088     1.6810     1.3750      97.47   21.68576  -85.89994   -0.00005    0.00006     3.0861     3.0986     6.7064     6.7057    34.9013    34.9005    27.3815    27.3809    1501.79    134.151    134.697         35 0.0000e+00
     104429   4351.176    808.350    815.000     6.8207     6.8198   3.539492   3.539357     1.6803     1.3738      94.64   21.68612  -85.90136   -0.00019   -0.00035     3.0797     3.0901     6.7422     6.7413    34.9023    34.9017    27.3774    27.3771    1501.81    133.873    134.326         32 0.0000e+00
     106668   4444.446    723.200    729.000     7.5279     7.5326   3.602367   3.602466     1.6330     1.3291     100.00   21.68550  -85.89832   -0.00041   -0.00022     2.8418     2.8491     7.4542     7.4589    34.9186    34.9149    27.2903    27.2867    1501.76    123.544    123.860         47 0.0000e+00
     107889   4495.317    719.239    725.000     7.6839     7.6939   3.618942   3.619391     1.6311     1.3283      83.65   21.68854  -85.91009   -0.00004   -0.00010     2.8225     2.8327     7.6098     7.6197    34.9374    34.9367    27.2826    27.2806    1501.97    122.705    123.151         36 0.0000e+00
     108306   4512.702    718.249    724.000     7.7173     7.7168   3.621254   3.621164     1.6305     1.3280     100.50   21.68600  -85.89996    0.00003   -0.00004     2.8176     2.8297     7.6431     7.6426    34.9357    34.9352    27.2763    27.2760    1501.79    122.494    123.020         36 0.0000e+00
     108384   4515.952    717.259    723.000     7.7175     7.7183   3.621369   3.621279     1.6306     1.3278     100.00   21.68600  -85.89996    0.00007   -0.00010     2.8178     2.8285     7.6434     7.6442    34.9357    34.9351    27.2763    27.2757    1501.79    122.503    122.967         53 0.0000e+00
     108449   4518.681    716.268    722.000     7.7414     7.7356   3.623537   3.622888     1.6310     1.3276      88.40   21.68600  -85.89996    0.00009    0.00001     2.8167     2.8261     7.6673     7.6615    34.9373    34.9359    27.2740    27.2737    1501.79    122.453    122.864         69 0.0000e+00
     108509   4521.177    715.278    721.000     7.7450     7.7386   3.623511   3.623196     1.6306     1.3274      99.86   21.68601  -85.89996   -0.00002   -0.00019     2.8147     2.8249     7.6710     7.6646    34.9374    34.9373    27.2736    27.2744    1501.79    122.367    122.809         57 0.0000e+00
     108570   4523.707    714.288    720.000     7.7576     7.7527   3.625123   3.624559     1.6306     1.3277      80.80   21.68602  -85.89996   -0.00014    0.00015     2.8135     2.8247     7.6836     7.6788    34.9387    34.9377    27.2728    27.2726    1501.79    122.315    122.800         59 0.0000e+00
     108619   4525.768    713.297    719.000     7.7828     7.7770   3.627553   3.626878     1.6312     1.3275      98.10   21.68602  -85.89996    0.00020   -0.00003     2.8132     2.8219     7.7088     7.7030    34.9408    34.9389    27.2707    27.2700    1501.79    122.303    122.679         42 0.0000e+00
     108656   4527.297    712.307    718.000     7.8293     7.8248   3.632291   3.631785     1.6314     1.3277     100.01   21.68602  -85.89996    0.00025    0.00002     2.8099     2.8186     7.7552     7.7506    34.9454    34.9445    27.2675    27.2674    1501.79    122.158    122.538         33 0.0000e+00
     108688   4528.644    711.316    717.000     7.8570     7.8497   3.635034   3.634342     1.6313     1.3272     100.00   21.68602  -85.89996    0.00008   -0.00003     2.8071     2.8147     7.7828     7.7756    34.9477    34.9476    27.2652    27.2661    1501.79    122.037    122.368         32 0.0000e+00
     108722   4530.035    710.326    716.000     7.8884     7.8826   3.638134   3.637499     1.6308     1.3268      63.47   21.68602  -85.89996   -0.00010   -0.00026     2.8030     2.8107     7.8141     7.8084    34.9502    34.9491    27.2625    27.2625    1501.79    121.859    122.194         34 0.0000e+00
     108754   4531.379    709.336    715.000     7.9220     7.9207   3.641617   3.641342     1.6305     1.3261      89.84   21.68602  -85.89996   -0.00020   -0.00035     2.7992     2.8052     7.8476     7.8464    34.9546    34.9530    27.2610    27.2599    1501.79    121.695    121.954         30 0.0000e+00
     111015   4625.589    624.146    629.000     9.2253     9.2157   3.772032   3.771028     1.6298     1.3261     100.00   21.68654  -85.90147    0.00003    0.00013     2.6735     2.6838     9.1542     9.1446    35.0850    35.0832    27.1598    27.1600    1501.82    116.240    116.689         44 0.0000e+00
     111095   4628.905    623.155    628.000     9.1895     9.2061   3.768256   3.769077     1.6292     1.3261     100.00   21.68616  -85.89996   -0.00035    0.00004     2.6737     2.6848     9.1186     9.1351    35.0802    35.0797    27.1618    27.1587    1501.79    116.251    116.734         41 0.0000e+00
     111199   4633.239    622.165    627.000     9.2133     9.2366   3.771161   3.773286     1.6305     1.3272     100.00   21.68616  -85.89996    0.00026    0.00023     2.6753     2.6858     9.1424     9.1685    35.0867    35.0858    27.1631    27.1586    1501.79    116.320    116.777         39 0.0000e+00
     111297   4637.327    621.173    626.000     9.2477     9.2798   3.774243   3.777572     1.6311     1.3282     100.00   21.68617  -85.89996    0.00023    0.00040     2.6750     2.6855     9.1789     9.2080    35.0847    35.0898    27.1556    27.1547    1501.79    116.305    116.765         41 0.0000e+00
     112693   4695.500    619.192    624.000     9.3564     9.3553   3.786436   3.786350     1.6344     1.3302     100.02   21.69156  -85.92107   -0.00007    0.00004     2.6756     2.6858     9.2853     9.2842    35.1091    35.1090    27.1575    27.1577    1502.16    116.332    116.778         31 0.0000e+00
     112809   4700.336    617.210    622.000     9.3484     9.3506   3.784588   3.784960     1.6338     1.3298      95.41   21.68510  -85.89547    0.00004   -0.00015     2.6741     2.6844     9.2775     9.2797    35.0992    35.0988    27.1507    27.1500    1501.71    116.270    116.714         46 0.0000e+00
     112868   4702.786    616.219    621.000     9.3567     9.3586   3.785785   3.785915     1.6344     1.3302      99.84   21.68624  -85.89998    0.00020    0.00006     2.6751     2.6847     9.2859     9.2878    35.1019    35.1014    27.1515    27.1508    1501.79    116.313    116.727         61 0.0000e+00
     112925   4705.174    615.228    620.000     9.3634     9.3631   3.786356   3.786345     1.6345     1.3306      99.71   21.68624  -85.89998    0.00002    0.00012     2.6743     2.6853     9.2927     9.2923    35.1027    35.1019    27.1510    27.1505    1501.79    116.278    116.754         46 0.0000e+00
     112972   4707.144    614.238    619.000     9.3655     9.3674   3.786620   3.786727     1.6348     1.3309     100.00   21.68626  -85.89998    0.00012    0.00021     2.6749     2.6857     9.2949     9.2968    35.1028    35.1021    27.1508    27.1498    1501.79    116.305    116.775         49 0.0000e+00
     113016   4708.951    613.247    618.000     9.3678     9.3677   3.786791   3.786749     1.6350     1.3310     100.00   21.68626  -85.89999    0.00015    0.00011     2.6750     2.6856     9.2973     9.2972    35.1028    35.1025    27.1504    27.1501    1501.79    116.306    116.768         36 0.0000e+00
     113051   4710.399    612.256    617.000     9.3727     9.3723   3.787289   3.787199     1.6353     1.3312     100.00   21.68626  -85.90000    0.00012    0.00007     2.6751     2.6856     9.3023     9.3019    35.1036    35.1031    27.1501    27.1498    1501.79    116.313    116.768         38 0.0000e+00
     113091   4712.081    611.265    616.000     9.3765     9.3764   3.787640   3.787559     1.6353     1.3317     100.00   21.68626  -85.90000    0.00012    0.00019     2.6744     2.6865     9.3062     9.3061    35.1040    35.1032    27.1498    27.1492    1501.79    116.283    116.810         39 0.0000e+00
     113126   4713.545    610.274    615.000     9.3784     9.3788   3.787849   3.787821     1.6356     1.3319     100.00   21.68626  -85.89998    0.00007    0.00025     2.6748     2.6866     9.3082     9.3086    35.1048    35.1041    27.1501    27.1495    1501.79    116.299    116.813         33 0.0000e+00
     113160   4714.952    609.283    614.000     9.3830     9.3840   3.788308   3.788354     1.6360     1.3319     100.00   21.68626  -85.89998    0.00019    0.00012     2.6754     2.6860     9.3129     9.3139    35.1054    35.1050    27.1498    27.1493    1501.79    116.326    116.786         33 0.0000e+00
     113193   4716.328    608.293    613.000     9.3889     9.3889   3.788868   3.788816     1.6363     1.3322     100.00   21.68626  -85.89998    0.00028    0.00009     2.6756     2.6863     9.3189     9.3189    35.1060    35.1054    27.1493    27.1489    1501.79    116.333    116.798         32 0.0000e+00
     113280   4719.942    605.320    610.000     9.4403     9.4472   3.794162   3.794697     1.6374     1.3329     100.00   21.68582  -85.89817    0.00030    0.00020     2.6742     2.6836     9.3704     9.3772    35.1117    35.1106    27.1453    27.1432    1501.76    116.275    116.682         31 0.0000e+00
     115314   4804.693    525.043    529.000    11.1298    11.1305   3.975270   3.975442     1.7022     1.3913     100.00   21.68655  -85.90061    0.00138    0.00113     2.7147     2.7241    11.0629    11.0635    35.3504    35.3515    27.0371    27.0378    1501.80    118.046    118.455         35 0.0000e+00
