GOMECC/GOMECC-4/1db/urb2103_0921.cnv
* Sea-Bird SBE 9 Data File:
* FileName = C:\Users\scs.user.rb\CTD\GOMECC4\data\rb2103_0921.hex
* Software Version Seasave V 7.26.7.107
* Temperature SN = 4799
* Conductivity SN = 3860
* Number of Bytes Per Scan = 41
* Number of Voltage Words = 4
* Number of Scans Averaged by the Deck Unit = 1
* NMEA Latitude = 21 26.99 N
* NMEA Longitude = 091 34.00 W
* NMEA UTC (Time) = Oct 10 2021  09:11:05
* NMEA baud rate = 4800
# nquan = 28
# nvalues = 18                          
# units = specified
# name 0 = scan: Scan Count
# name 1 = timeS: Time, Elapsed [seconds]
# name 2 = depSM: Depth [salt water, m]
# name 3 = prDM: Pressure, Digiquartz [db]
# name 4 = t090C: Temperature [ITS-90, deg C]
# name 5 = t190C: Temperature, 2 [ITS-90, deg C]
# name 6 = c0S/m: Conductivity [S/m]
# name 7 = c1S/m: Conductivity, 2 [S/m]
# name 8 = sbeox0V: Oxygen raw, SBE 43 [V]
# name 9 = sbeox1V: Oxygen raw, SBE 43, 2 [V]
# name 10 = altM: Altimeter [m]
# name 11 = latitude: Latitude [deg]
# name 12 = longitude: Longitude [deg]
# name 13 = sbox0dV/dT: Oxygen, SBE 43 [dov/dt]
# name 14 = sbox1dV/dT: Oxygen, SBE 43, 2 [dov/dt]
# name 15 = sbeox0ML/L: Oxygen, SBE 43 [ml/l], WS = 5
# name 16 = sbeox1ML/L: Oxygen, SBE 43, 2 [ml/l], WS = 5
# name 17 = potemp090C: Potential Temperature [ITS-90, deg C]
# name 18 = potemp190C: Potential Temperature, 2 [ITS-90, deg C]
# name 19 = sal00: Salinity, Practical [PSU]
# name 20 = sal11: Salinity, Practical, 2 [PSU]
# name 21 = sigma-é00: Density [sigma-theta, kg/m^3]
# name 22 = sigma-é11: Density, 2 [sigma-theta, kg/m^3]
# name 23 = avgsvCM: Average Sound Velocity [Chen-Millero, m/s], minP = 20, minS = 20
# name 24 = sbox0Mm/Kg: Oxygen, SBE 43 [umol/kg], WS = 5
# name 25 = sbox1Mm/Kg: Oxygen, SBE 43, 2 [umol/kg], WS = 5
# name 26 = nbin: number of scans per bin
# name 27 = flag: flag
# span 0 =      15152,      24151       
# span 1 =    631.283,   1006.235       
# span 2 =      0.994,     41.736       
# span 3 =      1.000,     42.000       
# span 4 =    27.8160,    31.2047       
# span 5 =    27.9060,    31.2052       
# span 6 =   5.812049,   6.357854       
# span 7 =   5.822550,   6.358097       
# span 8 =     2.8278,     3.3332       
# span 9 =     2.4060,     2.8133       
# span 10 =       6.30,      46.97      
# span 11 =   21.28443,   22.70056      
# span 12 =  -96.90300,  -90.85820      
# span 13 =   -0.00082,    0.02130      
# span 14 =   -0.00152,    0.00958      
# span 15 =     3.8836,     4.5764      
# span 16 =     3.9166,     4.5448      
# span 17 =    27.8061,    31.2039      
# span 18 =    27.8961,    31.2045      
# span 19 =    36.2547,    38.6837      
# span 20 =    36.2555,    38.6849      
# span 21 =    22.9208,    24.4112      
# span 22 =    22.9198,    24.4120      
# span 23 =    1534.20,    1636.27      
# span 24 =    169.449,    199.776      
# span 25 =    170.893,    198.394      
# span 26 =         30,         57      
# span 27 = 0.0000e+00, 0.0000e+00      
# interval = decibars: 1                
# start_time = Oct 10 2021 09:11:05 [NMEA time, header]
# bad_flag = -9.990e-29
*END*
      15152    631.283     41.736     42.000    27.8160    27.9060   5.812049   5.822550     2.8278     2.4060       6.30   21.45054  -91.56747    0.00305    0.00788     3.8836     3.9166    27.8061    27.8961    36.4610    36.4676    23.5574    23.5329    1546.18    169.449    170.893         45 0.0000e+00
      15259    635.737     40.742     41.000    27.8801    27.9748   5.819402   5.830304     2.8580     2.4312       7.28   21.45054  -91.56748    0.00549    0.00698     3.9342     3.9644    27.8704    27.9651    36.4636    36.4680    23.5383    23.5105    1546.18    171.659    172.983         35 0.0000e+00
      15348    639.461     39.748     40.000    27.9492    28.3182   5.827513   5.869153     2.8793     2.4778       8.23   21.45055  -91.56748    0.00384    0.00915     3.9680     4.0325    27.9398    28.3087    36.4676    36.4752    23.5186    23.4029    1546.18    173.140    175.973         37 0.0000e+00
      15452    643.801     38.755     39.000    28.3557    28.5850   5.874916   5.900088     2.9630     2.5426       9.22   21.45056  -91.56748    0.01976    0.00958     4.0915     4.1461    28.3464    28.5756    36.4828    36.4867    23.3958    23.3227    1546.18    178.549    180.944         57 0.0000e+00
      15551    647.914     37.761     38.000    28.7664    28.9165   5.924112   5.940580     3.0480     2.5907      10.19   21.45056  -91.56748    0.02130    0.00872     4.2145     4.2185    28.7572    28.9073    36.5140    36.5143    23.2826    23.2325    1546.18    183.938    184.121         39 0.0000e+00
      15646    651.875     36.767     37.000    29.1327    29.1581   5.967590   5.968685     3.0942     2.6177      11.18   21.45056  -91.56748    0.00897    0.00654     4.2690     4.2563    29.1237    29.1492    36.5357    36.5245    23.1760    23.1590    1546.18    186.333    185.783         30 0.0000e+00
      15745    656.015     35.774     36.000    29.1204    29.2791   5.967157   5.984212     3.1107     2.6350      12.11   21.45056  -91.56748    0.00159    0.00342     4.2999     4.2821    29.1116    29.2703    36.5432    36.5433    23.1858    23.1323    1546.18    187.682    186.913         35 0.0000e+00
      15845    660.174     34.780     35.000    29.2369    29.3019   5.978226   5.986469     3.1201     2.6432      13.13   21.45056  -91.56748    0.00149    0.00040     4.3076     4.2942    29.2284    29.2933    36.5308    36.5382    23.1371    23.1207    1546.18    188.027    187.444         45 0.0000e+00
      16222    675.868     29.812     30.000    29.1877    29.1633   5.954395   5.955035     3.1168     2.6377      17.71   21.32335  -91.02446    0.00000   -0.00076     4.3009     4.2848    29.1803    29.1559    36.3466    36.3286    22.9862    22.9780    1537.01    187.742    187.037         33 0.0000e+00
      17695    737.251     25.837     26.000    29.1333    29.1379   5.946128   5.946757     3.1217     2.6393      21.53   21.28443  -90.85820    0.00021   -0.00013     4.3047     4.2850    29.1269    29.1316    36.2547    36.2555    22.9208    22.9198    1534.20    187.905    187.048         46 0.0000e+00
      17963    748.411     24.844     25.000    29.3641    29.3669   5.992819   5.993265     3.1440     2.6587      22.87   21.45060  -91.56754    0.00084   -0.00024     4.3354     4.3155    29.3580    29.3607    36.5373    36.5384    23.0982    23.0980    1546.18    189.246    188.377         44 0.0000e+00
      18449    768.681     20.869     21.000    29.4499    29.4766   6.014366   6.014898     3.1585     2.6678      26.88   21.52402  -91.88085    0.00074    0.00010     4.3504     4.3282    29.4448    29.4715    36.6316    36.6646    23.1539    23.1745    1551.47    189.902    188.933         38 0.0000e+00
      20093    837.152     16.894     17.000    29.4066    29.4100   5.998900   5.999548     3.1491     2.6691      30.67   21.46298  -91.62025   -0.00021    0.00110     4.3377     4.3296    29.4024    29.4058    36.5595    36.5613    23.1029    23.1032    1547.07    189.351    188.997         36 0.0000e+00
      20195    841.410     15.900     16.000    29.4227    29.4315   5.999757   6.001056     3.1477     2.6624      31.62   21.45064  -91.56756   -0.00034   -0.00152     4.3328     4.3134    29.4187    29.4275    36.5432    36.5455    23.0820    23.0807    1546.18    189.138    188.291         40 0.0000e+00
      20306    846.026     14.907     15.000    29.4479    29.4597   6.003038   6.004836     3.1480     2.6637      32.58   21.45064  -91.56756   -0.00082   -0.00063     4.3308     4.3134    29.4442    29.4560    36.5469    36.5503    23.0761    23.0746    1546.18    189.050    188.294         38 0.0000e+00
      24151   1006.235      2.981      3.000    31.2047    31.2052   6.357854   6.358097     3.3332     2.8133      46.97   22.70056  -96.90300   -0.00062   -0.00078     4.5764     4.5448    31.2039    31.2045    38.6837    38.6849    24.4112    24.4120    1636.27    199.776    198.394         32 0.0000e+00
      23869    994.491      1.987      2.000    29.4865    29.4874   6.007746   6.008018     3.1505     2.6604      45.17   21.45070  -91.56760   -0.00000   -0.00022     4.3255     4.2980    29.4860    29.4869    36.5537    36.5549    23.0671    23.0677    1546.18    188.822    187.621         34 0.0000e+00
      23977    998.990      0.994      1.000    29.4852    29.4859   6.007454   6.007406     3.1508     2.6615      46.16   21.45070  -91.56760    0.00013    0.00105     4.3262     4.3008    29.4849    29.4856    36.5537    36.5521    23.0674    23.0660    1546.18    188.851    187.743         44 0.0000e+00
