GOMECC/GOMECC-4/1db/urb2103_0241.cnv
* Sea-Bird SBE 9 Data File:
* FileName = C:\Users\scs.user.rb\CTD\GOMECC4\data\rb2103_0241.hex
* Software Version Seasave V 7.26.7.107
* Temperature SN = 4799
* Conductivity SN = 3860
* Number of Bytes Per Scan = 41
* Number of Voltage Words = 4
* Number of Scans Averaged by the Deck Unit = 1
* NMEA Latitude = 28 41.35 N
* NMEA Longitude = 086 03.85 W
* NMEA UTC (Time) = Sep 21 2021  05:37:15
* NMEA baud rate = 4800
# nquan = 28
# nvalues = 253                         
# units = specified
# name 0 = scan: Scan Count
# name 1 = timeS: Time, Elapsed [seconds]
# name 2 = depSM: Depth [salt water, m]
# name 3 = prDM: Pressure, Digiquartz [db]
# name 4 = t090C: Temperature [ITS-90, deg C]
# name 5 = t190C: Temperature, 2 [ITS-90, deg C]
# name 6 = c0S/m: Conductivity [S/m]
# name 7 = c1S/m: Conductivity, 2 [S/m]
# name 8 = sbeox0V: Oxygen raw, SBE 43 [V]
# name 9 = sbeox1V: Oxygen raw, SBE 43, 2 [V]
# name 10 = altM: Altimeter [m]
# name 11 = latitude: Latitude [deg]
# name 12 = longitude: Longitude [deg]
# name 13 = sbox0dV/dT: Oxygen, SBE 43 [dov/dt]
# name 14 = sbox1dV/dT: Oxygen, SBE 43, 2 [dov/dt]
# name 15 = sbeox0ML/L: Oxygen, SBE 43 [ml/l], WS = 5
# name 16 = sbeox1ML/L: Oxygen, SBE 43, 2 [ml/l], WS = 5
# name 17 = potemp090C: Potential Temperature [ITS-90, deg C]
# name 18 = potemp190C: Potential Temperature, 2 [ITS-90, deg C]
# name 19 = sal00: Salinity, Practical [PSU]
# name 20 = sal11: Salinity, Practical, 2 [PSU]
# name 21 = sigma-é00: Density [sigma-theta, kg/m^3]
# name 22 = sigma-é11: Density, 2 [sigma-theta, kg/m^3]
# name 23 = avgsvCM: Average Sound Velocity [Chen-Millero, m/s], minP = 20, minS = 20
# name 24 = sbox0Mm/Kg: Oxygen, SBE 43 [umol/kg], WS = 5
# name 25 = sbox1Mm/Kg: Oxygen, SBE 43, 2 [umol/kg], WS = 5
# name 26 = nbin: number of scans per bin
# name 27 = flag: flag
# span 0 =      24882,      61132       
# span 1 =   1036.708,   2547.143       
# span 2 =      2.980,    303.724       
# span 3 =      3.000,    306.000       
# span 4 =    11.2296,    29.0401       
# span 5 =    11.2291,    29.0399       
# span 6 =   3.977723,   5.815547       
# span 7 =   3.977603,   5.819740       
# span 8 =     1.6716,     3.2045       
# span 9 =     1.3713,     2.7274       
# span 10 =      12.42,     102.47      
# span 11 =   28.58614,   29.39776      
# span 12 =  -88.18850,  -85.75378      
# span 13 =   -0.00423,    0.01771      
# span 14 =   -0.00449,    0.01532      
# span 15 =     2.5499,     4.6145      
# span 16 =     2.5813,     4.6122      
# span 17 =    11.1910,    29.0391      
# span 18 =    11.1905,    29.0389      
# span 19 =    34.7576,    36.5931      
# span 20 =    34.7577,    36.5890      
# span 21 =    22.1010,    27.0348      
# span 22 =    22.1015,    27.0341      
# span 23 =    1512.18,    1555.11      
# span 24 =    110.882,    201.394      
# span 25 =    112.245,    201.299      
# span 26 =         30,         76      
# span 27 = 0.0000e+00, 0.0000e+00      
# interval = decibars: 1                
# start_time = Sep 21 2021 05:37:15 [NMEA time, header]
# bad_flag = -9.990e-29
*END*
      24882   1036.708    303.724    306.000    11.2296    11.2291   3.977723   3.977603     1.6716     1.3719      12.42   28.68928  -86.06335    0.00019    0.00019     2.5502     2.5850    11.1910    11.1905    35.3776    35.3764    27.0347    27.0339    1517.63    110.895    112.406         66 0.0000e+00
      24934   1038.884    302.732    305.000    11.2719    11.2600   3.981873   3.980496     1.6725     1.3713      13.20   28.68928  -86.06334    0.00037   -0.00041     2.5499     2.5813    11.2326    11.2215    35.3787    35.3764    27.0279    27.0282    1517.63    110.882    112.245         40 0.0000e+00
      24971   1040.424    301.740    304.000    11.2521    11.2446   3.980095   3.979131     1.6739     1.3737      14.21   28.68928  -86.06334    0.00061    0.00036     2.5543     2.5884    11.2137    11.2062    35.3804    35.3780    27.0327    27.0323    1517.63    111.073    112.557         39 0.0000e+00
      25013   1042.165    300.748    303.000    11.2310    11.2343   3.977793   3.978071     1.6744     1.3747      15.22   28.68928  -86.06334    0.00067    0.00112     2.5566     2.5920    11.1928    11.1961    35.3782    35.3774    27.0348    27.0337    1517.63    111.172    112.712         43 0.0000e+00
      25052   1043.789    299.756    302.000    11.2318    11.2317   3.977731   3.977735     1.6741     1.3747      16.12   28.68928  -86.06334    0.00017    0.00046     2.5556     2.5919    11.1937    11.1936    35.3773    35.3774    27.0340    27.0341    1517.63    111.128    112.706         34 0.0000e+00
      25142   1047.541    296.781    299.000    11.2342    11.2355   3.977922   3.978041     1.6752     1.3756      19.06   28.68868  -86.06154    0.00027    0.00014     2.5573     2.5932    11.1965    11.1978    35.3780    35.3780    27.0340    27.0338    1517.60    111.202    112.765         32 0.0000e+00
      25579   1065.746    280.911    283.000    11.6305    11.6309   4.022168   4.022204     1.7115     1.4081      35.19   28.69480  -86.07989    0.00092    0.00046     2.6231     2.6573    11.5941    11.5944    35.4452    35.4451    27.0126    27.0125    1517.92    114.067    115.554         43 0.0000e+00
      25624   1067.617    279.919    282.000    11.6144    11.6277   4.019724   4.021314     1.7122     1.4093      36.20   28.68928  -86.06332    0.00067    0.00041     2.6260     2.6606    11.5781    11.5914    35.4356    35.4385    27.0078    27.0076    1517.63    114.193    115.699         55 0.0000e+00
      25673   1069.659    278.927    281.000    11.5890    11.6101   4.016926   4.018992     1.7125     1.4102      37.15   28.68928  -86.06332    0.00027    0.00058     2.6279     2.6644    11.5529    11.5739    35.4327    35.4356    27.0103    27.0086    1517.63    114.277    115.863         44 0.0000e+00
      25720   1071.616    277.935    280.000    11.6046    11.6083   4.018543   4.018982     1.7129     1.4104      38.22   28.68928  -86.06332    0.00015    0.00028     2.6278     2.6643    11.5686    11.5723    35.4342    35.4350    27.0085    27.0085    1517.63    114.270    115.860         52 0.0000e+00
      25771   1073.764    276.943    279.000    11.6102    11.6533   4.019298   4.023922     1.7133     1.4112      39.22   28.68928  -86.06332    0.00022    0.00015     2.6281     2.6634    11.5743    11.6173    35.4367    35.4411    27.0094    27.0047    1517.63    114.285    115.818         49 0.0000e+00
      26442   1101.701    275.951    278.000    11.6996    11.7313   4.028906   4.032479     1.7160     1.4132      40.31   28.68927  -86.06331    0.00001    0.00016     2.6293     2.6639    11.6636    11.6953    35.4472    35.4512    27.0007    26.9979    1517.63    114.337    115.841         39 0.0000e+00
      27195   1133.098    274.959    277.000    11.7416    11.7493   4.034039   4.034609     1.7182     1.4159      41.29   28.68926  -86.06329   -0.00024    0.00018     2.6320     2.6704    11.7057    11.7133    35.4572    35.4570    27.0005    26.9989    1517.63    114.454    116.126         65 0.0000e+00
      27229   1134.507    273.967    276.000    11.7404    11.7372   4.033729   4.033336     1.7184     1.4156      42.13   28.68926  -86.06328   -0.00004    0.00028     2.6321     2.6697    11.7046    11.7014    35.4557    35.4550    26.9996    26.9996    1517.63    114.460    116.096         50 0.0000e+00
      27279   1136.596    272.975    275.000    11.7628    11.7570   4.036176   4.035552     1.7189     1.4160      43.08   28.68926  -86.06328    0.00018   -0.00016     2.6318     2.6695    11.7271    11.7213    35.4589    35.4583    26.9978    26.9984    1517.63    114.445    116.084         50 0.0000e+00
      27332   1138.786    271.983    274.000    11.7938    11.7871   4.039551   4.038905     1.7197     1.4167      45.65   28.68926  -86.06328    0.00029    0.00034     2.6315     2.6690    11.7581    11.7515    35.4630    35.4630    26.9951    26.9963    1517.63    114.432    116.066         52 0.0000e+00
      27380   1140.776    270.991    273.000    11.8222    11.8193   4.042710   4.042601     1.7210     1.4179      53.34   28.68926  -86.06328    0.00052    0.00043     2.6329     2.6701    11.7866    11.7837    35.4673    35.4690    26.9930    26.9949    1517.63    114.494    116.114         43 0.0000e+00
      27417   1142.333    269.999    272.000    11.8307    11.8366   4.043804   4.044428     1.7218     1.4188      45.99   28.68926  -86.06328    0.00067    0.00064     2.6341     2.6714    11.7953    11.8011    35.4704    35.4709    26.9937    26.9930    1517.63    114.546    116.167         35 0.0000e+00
      27453   1143.824    269.007    271.000    11.8563    11.8550   4.046573   4.046447     1.7226     1.4189      46.85   28.68926  -86.06328    0.00055    0.00041     2.6342     2.6700    11.8210    11.8197    35.4735    35.4735    26.9913    26.9916    1517.63    114.551    116.109         37 0.0000e+00
      27491   1145.431    268.015    270.000    11.8689    11.8742   4.048080   4.048507     1.7240     1.4205      48.02   28.68926  -86.06328    0.00062    0.00040     2.6366     2.6732    11.8337    11.8390    35.4767    35.4759    26.9914    26.9897    1517.63    114.658    116.247         39 0.0000e+00
      27528   1146.973    267.023    269.000    11.8958    11.9004   4.050866   4.051478     1.7256     1.4220      48.82   28.68926  -86.06328    0.00085    0.00090     2.6389     2.6753    11.8607    11.8652    35.4788    35.4805    26.9879    26.9883    1517.63    114.756    116.341         34 0.0000e+00
      27560   1148.284    266.031    268.000    11.9259    11.9264   4.054256   4.054371     1.7273     1.4235      49.82   28.68926  -86.06328    0.00107    0.00108     2.6411     2.6777    11.8908    11.8913    35.4839    35.4845    26.9861    26.9864    1517.63    114.850    116.446         31 0.0000e+00
      27590   1149.538    265.039    267.000    11.9531    11.9557   4.057382   4.057723     1.7287     1.4244      50.76   28.68926  -86.06328    0.00124    0.00095     2.6426     2.6780    11.9181    11.9207    35.4890    35.4898    26.9848    26.9850    1517.63    114.916    116.458         30 0.0000e+00
      27621   1150.822    264.047    266.000    11.9741    11.9751   4.059717   4.059751     1.7296     1.4249      51.77   28.68926  -86.06328    0.00110    0.00081     2.6433     2.6782    11.9392    11.9402    35.4922    35.4916    26.9833    26.9826    1517.63    114.949    116.465         30 0.0000e+00
      27710   1154.548    261.071    263.000    12.0289    12.0442   4.065969   4.067355     1.7313     1.4261      54.78   28.68993  -86.06529    0.00039    0.00033     2.6430     2.6763    11.9942    12.0095    35.5027    35.5024    26.9809    26.9777    1517.67    114.937    116.386         32 0.0000e+00
      27742   1155.859    260.079    262.000    12.0729    12.0758   4.070619   4.071044     1.7324     1.4265      55.75   28.68926  -86.06328    0.00056    0.00008     2.6428     2.6750    12.0383    12.0412    35.5066    35.5079    26.9754    26.9759    1517.63    114.926    116.330         32 0.0000e+00
      27773   1157.148    259.087    261.000    12.1065    12.1058   4.074505   4.074410     1.7333     1.4276      56.80   28.68926  -86.06328    0.00079    0.00035     2.6426     2.6759    12.0720    12.0713    35.5129    35.5127    26.9738    26.9737    1517.63    114.919    116.367         30 0.0000e+00
      27832   1159.616    257.103    259.000    12.1769    12.1711   4.082625   4.081849     1.7346     1.4295      58.68   28.69060  -86.06726    0.00053    0.00070     2.6408     2.6765    12.1425    12.1368    35.5261    35.5243    26.9705    26.9702    1517.70    114.839    116.394         30 0.0000e+00
      27862   1160.854    256.111    258.000    12.1950    12.1976   4.084402   4.084728     1.7357     1.4304      59.73   28.68926  -86.06326    0.00063    0.00080     2.6423     2.6771    12.1607    12.1633    35.5266    35.5273    26.9673    26.9672    1517.63    114.907    116.419         32 0.0000e+00
      27942   1164.214    254.127    256.000    12.2918    12.2944   4.096499   4.096617     1.7395     1.4344      58.20   28.70123  -86.09917    0.00096    0.00104     2.6444     2.6815    12.2576    12.2602    35.5550    35.5549    26.9710    26.9705    1518.26    115.000    116.612         44 0.0000e+00
      27980   1165.808    253.134    255.000    12.2707    12.3055   4.092190   4.096857     1.7406     1.4355      62.97   28.68926  -86.06326    0.00114    0.00113     2.6491     2.6836    12.2367    12.2714    35.5328    35.5440    26.9573    26.9592    1517.63    115.201    116.704         57 0.0000e+00
      28034   1168.062    252.142    254.000    12.2441    12.2662   4.089200   4.092340     1.7399     1.4352      63.97   28.68926  -86.06326    0.00013    0.00010     2.6488     2.6850    12.2103    12.2323    35.5282    35.5404    26.9588    26.9641    1517.63    115.190    116.766         51 0.0000e+00
      28093   1170.503    251.150    253.000    12.2361    12.2624   4.088112   4.091637     1.7399     1.4359      64.95   28.68926  -86.06326   -0.00019    0.00020     2.6491     2.6868    12.1963    12.2286    35.5317    35.5351    26.9642    26.9607    1517.63    115.204    116.840         64 0.0000e+00
      28151   1172.926    250.158    252.000    12.3303    12.2958   4.099966   4.095579     1.7411     1.4363      65.94   28.68926  -86.06326    0.00024    0.00009     2.6455     2.6855    12.2966    12.2621    35.5520    35.5422    26.9605    26.9596    1517.63    115.047    116.785         53 0.0000e+00
      28208   1175.287    249.166    251.000    12.3841    12.3754   4.105646   4.104434     1.7439     1.4386      66.94   28.68926  -86.06326    0.00105    0.00075     2.6490     2.6868    12.3504    12.3417    35.5566    35.5530    26.9535    26.9525    1517.63    115.200    116.845         64 0.0000e+00
      28274   1178.035    248.174    250.000    12.3896    12.3684   4.106610   4.103953     1.7455     1.4398      67.97   28.68926  -86.06326    0.00070    0.00059     2.6519     2.6899    12.3560    12.3349    35.5591    35.5602    26.9544    26.9594    1517.63    115.327    116.978         58 0.0000e+00
      29064   1210.970    247.182    249.000    12.5272    12.5069   4.121779   4.120906     1.7525     1.4454      68.87   28.68926  -86.06324    0.00026    0.00007     2.6613     2.6961    12.4935    12.4732    35.5778    35.5731    26.9419    26.9422    1517.63    115.735    117.250         40 0.0000e+00
      29568   1231.973    246.190    248.000    12.5833    12.5931   4.128050   4.129184     1.7558     1.4483      69.75   28.68926  -86.06322   -0.00001   -0.00021     2.6660     2.6994    12.5496    12.5594    35.5859    35.5869    26.9371    26.9360    1517.63    115.942    117.391         51 0.0000e+00
      29640   1234.974    245.198    247.000    12.5883    12.5884   4.128531   4.128620     1.7560     1.4493      71.05   28.68926  -86.06322   -0.00000    0.00025     2.6658     2.7022    12.5548    12.5548    35.5863    35.5871    26.9363    26.9370    1517.63    115.934    117.517         46 0.0000e+00
      29689   1237.011    244.206    246.000    12.6166    12.6192   4.131694   4.131887     1.7570     1.4501      71.97   28.68926  -86.06322    0.00026    0.00044     2.6663     2.7020    12.5832    12.5858    35.5904    35.5896    26.9339    26.9328    1517.63    115.955    117.508         55 0.0000e+00
      29745   1239.336    243.213    245.000    12.6309    12.6300   4.133337   4.133191     1.7583     1.4505      73.10   28.68926  -86.06322    0.00063    0.00028     2.6683     2.7023    12.5976    12.5967    35.5932    35.5916    26.9332    26.9321    1517.63    116.043    117.519         52 0.0000e+00
      29792   1241.308    242.221    244.000    12.6262    12.6300   4.132794   4.133294     1.7584     1.4516      73.91   28.68926  -86.06322    0.00025    0.00034     2.6685     2.7050    12.5930    12.5968    35.5931    35.5942    26.9341    26.9342    1517.63    116.047    117.637         46 0.0000e+00
      29841   1243.317    241.229    243.000    12.6475    12.6484   4.135158   4.135168     1.7593     1.4518      84.71   28.68926  -86.06322    0.00024    0.00029     2.6692     2.7040    12.6144    12.6153    35.5959    35.5952    26.9320    26.9313    1517.63    116.078    117.592         52 0.0000e+00
      29894   1245.538    240.237    242.000    12.6648    12.6603   4.137059   4.136362     1.7601     1.4521      75.76   28.68926  -86.06322    0.00045    0.00013     2.6699     2.7038    12.6319    12.6273    35.5983    35.5962    26.9304    26.9297    1517.63    116.112    117.584         50 0.0000e+00
      29942   1247.537    239.245    241.000    12.6718    12.6696   4.137915   4.137658     1.7605     1.4530      76.82   28.68926  -86.06322    0.00024    0.00018     2.6701     2.7053    12.6390    12.6368    35.6003    35.6000    26.9306    26.9307    1517.63    116.118    117.652         51 0.0000e+00
      29995   1249.762    238.253    240.000    12.6844    12.6836   4.139288   4.139175     1.7611     1.4546      65.49   28.68926  -86.06322    0.00023    0.00076     2.6705     2.7087    12.6517    12.6509    35.6021    35.6018    26.9294    26.9293    1517.63    116.137    117.796         51 0.0000e+00
      30042   1251.698    237.261    239.000    12.6914    12.6894   4.140052   4.139896     1.7615     1.4553      78.85   28.68926  -86.06321    0.00028    0.00057     2.6706     2.7098    12.6588    12.6568    35.6033    35.6037    26.9289    26.9297    1517.63    116.142    117.848         45 0.0000e+00
      30091   1253.752    236.268    238.000    12.7005    12.6973   4.141047   4.140702     1.7624     1.4553      79.98   28.68926  -86.06320    0.00030    0.00013     2.6721     2.7090    12.6681    12.6648    35.6047    35.6044    26.9281    26.9286    1517.63    116.206    117.812         55 0.0000e+00
      30146   1256.027    235.276    237.000    12.7062    12.7040   4.141681   4.141390     1.7630     1.4549      80.88   28.68926  -86.06320    0.00041   -0.00001     2.6730     2.7072    12.6738    12.6716    35.6059    35.6052    26.9279    26.9278    1517.63    116.246    117.734         50 0.0000e+00
      30194   1258.029    234.284    236.000    12.7171    12.7165   4.142895   4.142900     1.7631     1.4550      81.83   28.68926  -86.06320    0.00010   -0.00018     2.6722     2.7065    12.6848    12.6842    35.6072    35.6078    26.9268    26.9273    1517.63    116.209    117.702         48 0.0000e+00
      30241   1260.010    233.292    235.000    12.7311    12.7278   4.144436   4.144099     1.7638     1.4563      84.71   28.68926  -86.06320    0.00021    0.00036     2.6727     2.7088    12.6990    12.6956    35.6097    35.6096    26.9259    26.9265    1517.63    116.235    117.804         50 0.0000e+00
