GOMECC/GOMECC-4/1db/urb2103_0031.cnv
* Sea-Bird SBE 9 Data File:
* FileName = C:\Users\scs.user.rb\CTD\GOMECC4\data\rb2103_003.hex
* Software Version Seasave V 7.26.7.107
* Temperature SN = 4799
* Conductivity SN = 3860
* Number of Bytes Per Scan = 41
* Number of Voltage Words = 4
* Number of Scans Averaged by the Deck Unit = 1
* NMEA Latitude = 26 59.30 N
* NMEA Longitude = 079 46.65 W
* NMEA UTC (Time) = Sep 14 2021  20:49:18
* NMEA baud rate = 4800
# nquan = 28
# nvalues = 221                         
# units = specified
# name 0 = scan: Scan Count
# name 1 = timeS: Time, Elapsed [seconds]
# name 2 = depSM: Depth [salt water, m]
# name 3 = prDM: Pressure, Digiquartz [db]
# name 4 = t090C: Temperature [ITS-90, deg C]
# name 5 = t190C: Temperature, 2 [ITS-90, deg C]
# name 6 = c0S/m: Conductivity [S/m]
# name 7 = c1S/m: Conductivity, 2 [S/m]
# name 8 = sbeox0V: Oxygen raw, SBE 43 [V]
# name 9 = sbeox1V: Oxygen raw, SBE 43, 2 [V]
# name 10 = altM: Altimeter [m]
# name 11 = latitude: Latitude [deg]
# name 12 = longitude: Longitude [deg]
# name 13 = sbox0dV/dT: Oxygen, SBE 43 [dov/dt]
# name 14 = sbox1dV/dT: Oxygen, SBE 43, 2 [dov/dt]
# name 15 = sbeox0ML/L: Oxygen, SBE 43 [ml/l], WS = 5
# name 16 = sbeox1ML/L: Oxygen, SBE 43, 2 [ml/l], WS = 5
# name 17 = potemp090C: Potential Temperature [ITS-90, deg C]
# name 18 = potemp190C: Potential Temperature, 2 [ITS-90, deg C]
# name 19 = sal00: Salinity, Practical [PSU]
# name 20 = sal11: Salinity, Practical, 2 [PSU]
# name 21 = sigma-é00: Density [sigma-theta, kg/m^3]
# name 22 = sigma-é11: Density, 2 [sigma-theta, kg/m^3]
# name 23 = avgsvCM: Average Sound Velocity [Chen-Millero, m/s], minP = 20, minS = 20
# name 24 = sbox0Mm/Kg: Oxygen, SBE 43 [umol/kg], WS = 5
# name 25 = sbox1Mm/Kg: Oxygen, SBE 43, 2 [umol/kg], WS = 5
# name 26 = nbin: number of scans per bin
# name 27 = flag: flag
# span 0 =      35435,      75079       
# span 1 =   1476.421,   3128.230       
# span 2 =      1.987,    348.396       
# span 3 =      2.000,    351.000       
# span 4 =     9.7478,    29.6522       
# span 5 =     9.8906,    29.6378       
# span 6 =   3.822335,   5.999852       
# span 7 =   3.836428,   5.997224       
# span 8 =     1.6961,     3.1792       
# span 9 =     1.3992,     2.7041       
# span 10 =      26.96,     101.36      
# span 11 =   26.72850,   27.16493      
# span 12 =  -80.22636,  -78.93829      
# span 13 =   -0.01103,    0.01837      
# span 14 =   -0.01023,    0.01369      
# span 15 =     2.7154,     4.4593      
# span 16 =     2.7554,     4.4628      
# span 17 =     9.7073,    29.6470      
# span 18 =     9.8497,    29.6326      
# span 19 =    35.2062,    36.9445      
# span 20 =    35.2268,    36.9469      
# span 21 =    22.1538,    27.1631      
# span 22 =    22.1543,    27.1551      
# span 23 =    1501.83,    1526.33      
# span 24 =    118.068,    194.647      
# span 25 =    119.806,    194.619      
# span 26 =         30,         74      
# span 27 = 0.0000e+00, 0.0000e+00      
# interval = decibars: 1                
# start_time = Sep 14 2021 20:49:18 [NMEA time, header]
# bad_flag = -9.990e-29
*END*
[from data line 52]
      43753   1822.991    243.245    245.000    14.3654    14.2811   4.334074   4.325793     1.8946     1.5751     100.13   27.00456  -79.77878    0.00090    0.00039     2.8977     2.9390    14.3290    14.2449    35.8672    35.8685    26.7873    26.8064    1517.82    126.035    127.827         50 0.0000e+00
      43807   1825.257    242.252    244.000    14.4236    14.3852   4.341099   4.336476     1.8977     1.5785      75.79   27.00458  -79.77878    0.00118    0.00115     2.9009     2.9410    14.3873    14.3492    35.8789    35.8715    26.7838    26.7863    1517.82    126.175    127.919         63 0.0000e+00
      43867   1827.734    241.260    243.000    14.4608    14.4332   4.345483   4.342086     1.9008     1.5814     100.96   27.00460  -79.77878    0.00125    0.00153     2.9056     2.9456    14.4245    14.3970    35.8853    35.8794    26.7807    26.7821    1517.82    126.381    128.120         48 0.0000e+00
      43909   1829.503    240.268    242.000    14.4777    14.4543   4.347134   4.344630     1.9018     1.5812     100.00   27.00462  -79.77877    0.00104    0.00057     2.9066     2.9433    14.4416    14.4186    35.8867    35.8838    26.7781    26.7808    1517.82    126.424    128.018         40 0.0000e+00
      43947   1831.087    239.276    241.000    14.4915    14.4759   4.348984   4.347255     1.9027     1.5817      64.02   27.00463  -79.77876    0.00060    0.00002     2.9075     2.9427    14.4555    14.4400    35.8901    35.8885    26.7777    26.7799    1517.82    126.463    127.994         37 0.0000e+00
      43984   1832.633    238.283    240.000    14.5017    14.4983   4.350188   4.349829     1.9039     1.5830      99.16   27.00465  -79.77876    0.00063    0.00035     2.9092     2.9446    14.4658    14.4625    35.8911    35.8920    26.7763    26.7776    1517.82    126.538    128.074         38 0.0000e+00
      44023   1834.245    237.291    239.000    14.5197    14.5071   4.352034   4.350858     1.9052     1.5851     100.00   27.00466  -79.77876    0.00075    0.00094     2.9111     2.9490    14.4839    14.4714    35.8930    35.8938    26.7738    26.7771    1517.82    126.618    128.269         39 0.0000e+00
      44061   1835.818    236.299    238.000    14.5369    14.5304   4.354048   4.353383     1.9060     1.5855     100.00   27.00468  -79.77876    0.00064    0.00104     2.9115     2.9484    14.5013    14.4948    35.8961    35.8960    26.7724    26.7737    1517.82    126.639    128.242         35 0.0000e+00
      44096   1837.283    235.306    237.000    14.5649    14.5603   4.357372   4.356937     1.9071     1.5865      99.89   27.00470  -79.77876    0.00066    0.00054     2.9119     2.9488    14.5294    14.5249    35.9013    35.9015    26.7704    26.7715    1517.82    126.656    128.258         36 0.0000e+00
      44136   1838.966    234.314    236.000    14.5904    14.5873   4.360219   4.359959     1.9079     1.5884     100.00   27.00471  -79.77876    0.00065    0.00077     2.9119     2.9516    14.5550    14.5519    35.9044    35.9049    26.7672    26.7683    1517.82    126.657    128.384         43 0.0000e+00
      44176   1840.628    233.322    235.000    14.6103    14.6012   4.362619   4.361811     1.9093     1.5896     100.00   27.00472  -79.77876    0.00060    0.00094     2.9136     2.9536    14.5750    14.5660    35.9086    35.9095    26.7660    26.7687    1517.82    126.730    128.468         36 0.0000e+00
      44208   1841.977    232.330    234.000    14.6469    14.6377   4.366993   4.365945     1.9106     1.5915      67.40   27.00473  -79.77876    0.00084    0.00087     2.9143     2.9561    14.6118    14.6043    35.9160    35.9134    26.7638    26.7629    1517.82    126.761    128.579         30 0.0000e+00
      44238   1843.228    231.338    233.000    14.6636    14.6555   4.368896   4.368051     1.9119     1.5926      87.67   27.00474  -79.77876    0.00093    0.00111     2.9157     2.9574    14.6285    14.6204    35.9180    35.9177    26.7617    26.7632    1517.82    126.820    128.636         31 0.0000e+00
      44270   1844.556    230.345    232.000    14.6759    14.6647   4.370312   4.369109     1.9138     1.5932      99.94   27.00475  -79.77876    0.00108    0.00097     2.9192     2.9580    14.6410    14.6298    35.9200    35.9193    26.7605    26.7624    1517.82    126.972    128.660         32 0.0000e+00
      44399   1849.936    225.383    227.000    14.8035    14.7849   4.385042   4.383232     1.9204     1.6004     100.00   27.00599  -79.78228    0.00135    0.00132     2.9248     2.9674    14.7692    14.7506    35.9402    35.9407    26.7481    26.7526    1517.89    127.219    129.072         30 0.0000e+00
      44428   1851.117    224.391    226.000    14.8312    14.8183   4.388120   4.386510     1.9236     1.6036     100.00   27.00482  -79.77876    0.00201    0.00189     2.9305     2.9735    14.7969    14.7841    35.9429    35.9400    26.7440    26.7446    1517.82    127.466    129.335         30 0.0000e+00
      44934   1872.219    205.536    207.000    15.3156    15.3330   4.445633   4.447644     1.9748     1.6496     100.01   27.00685  -79.78420    0.00167    0.00124     3.0143     3.0540    15.2836    15.3009    36.0308    36.0331    26.7040    26.7019    1517.92    131.117    132.846         58 0.0000e+00
      44998   1874.857    204.543    206.000    15.3062    15.2716   4.444517   4.440300     1.9748     1.6490      99.90   27.00503  -79.77876    0.00017    0.00007     3.0146     3.0564    15.2743    15.2398    36.0266    36.0218    26.7027    26.7067    1517.82    131.132    132.950         35 0.0000e+00
      45099   1879.101    203.551    205.000    15.3443    15.3526   4.448497   4.449650     1.9768     1.6519      99.44   27.00506  -79.77876    0.00049    0.00071     3.0165     3.0579    15.3125    15.3208    36.0306    36.0335    26.6972    26.6976    1517.82    131.213    133.014         53 0.0000e+00
      45186   1882.703    202.558    204.000    15.3661    15.3716   4.450939   4.451906     1.9780     1.6538     100.05   27.00510  -79.77876    0.00023    0.00067     3.0169     3.0615    15.3344    15.3401    36.0332    36.0355    26.6943    26.6952    1517.82    131.233    133.173         65 0.0000e+00
      45466   1894.390    200.574    202.000    15.6531    15.6053   4.486769   4.481730     1.9814     1.6552     100.10   27.03325  -79.86173   -0.00019    0.00028     3.0048     3.0486    15.6213    15.5737    36.1057    36.1060    26.6878    26.6989    1519.40    130.709    132.613         37 0.0000e+00
      46831   1951.258    198.589    200.000    15.7462    15.7369   4.496373   4.495620     1.9760     1.6494     100.01   27.01075  -79.79370    0.00001   -0.00039     2.9851     3.0244    15.7147    15.7054    36.0987    36.1004    26.6590    26.6625    1518.10    129.852    131.563         35 0.0000e+00
      47015   1958.917    196.604    198.000    15.7928    15.7950   4.501264   4.502256     1.9770     1.6504      96.02   27.01054  -79.79285    0.00024   -0.00004     2.9843     3.0225    15.7614    15.7650    36.1037    36.1083    26.6522    26.6553    1518.09    129.819    131.481         42 0.0000e+00
      47062   1960.857    195.611    197.000    15.8011    15.8218   4.502370   4.504625     1.9779     1.6528      98.73   27.00579  -79.77876    0.00057    0.00085     2.9852     3.0266    15.7699    15.7906    36.1025    36.1038    26.6490    26.6452    1517.82    129.859    131.660         62 0.0000e+00
      47117   1963.148    194.619    196.000    15.8050    15.7994   4.502773   4.502409     1.9781     1.6516      95.23   27.00581  -79.77875    0.00023    0.00031     2.9848     3.0246    15.7740    15.7684    36.1028    36.1048    26.6483    26.6511    1517.82    129.841    131.570         47 0.0000e+00
      47165   1965.157    193.626    195.000    15.9574    15.9311   4.519468   4.516541     1.9803     1.6526      81.73   27.00582  -79.77876    0.00041   -0.00037     2.9799     3.0185    15.9263    15.9001    36.1142    36.1119    26.6221    26.6263    1517.82    129.632    131.308         49 0.0000e+00
      47209   1967.007    192.634    194.000    16.0778    16.0350   4.535006   4.529929     1.9841     1.6548     100.27   27.00584  -79.77875    0.00165    0.00091     2.9806     3.0169    16.0455    16.0040    36.1451    36.1376    26.6184    26.6222    1517.82    129.662    131.239         40 0.0000e+00
      47246   1968.537    191.641    193.000    16.1419    16.1140   4.542955   4.539996     1.9858     1.6571     100.00   27.00585  -79.77875    0.00174    0.00126     2.9795     3.0173    16.1109    16.0830    36.1571    36.1561    26.6125    26.6181    1517.82    129.615    131.260         34 0.0000e+00
      47279   1969.909    190.649    192.000    16.2315    16.1873   4.553273   4.548927     1.9886     1.6597      68.06   27.00587  -79.77874    0.00148    0.00151     2.9799     3.0189    16.2005    16.1564    36.1680    36.1694    26.6001    26.6114    1517.82    129.633    131.327         34 0.0000e+00
      47315   1971.437    189.656    191.000    16.3051    16.2953   4.562312   4.560823     1.9911     1.6606      92.61   27.00588  -79.77874    0.00176    0.00153     2.9804     3.0142    16.2742    16.2645    36.1820    36.1776    26.5937    26.5925    1517.82    129.659    131.129         38 0.0000e+00
      47353   1972.990    188.664    190.000    16.3805    16.3563   4.571178   4.568309     1.9908     1.6594     100.15   27.00589  -79.77874    0.00125    0.00032     2.9743     3.0067    16.3497    16.3255    36.1927    36.1892    26.5842    26.5872    1517.82    129.393    130.800         35 0.0000e+00
      47451   1977.085    185.686    187.000    16.5849    16.5620   4.596098   4.593693     2.0010     1.6721     100.02   27.01079  -79.79309    0.00258    0.00335     2.9831     3.0250    16.5541    16.5314    36.2307    36.2308    26.5657    26.5712    1518.09    129.779    131.601         34 0.0000e+00
      47478   1978.217    184.694    186.000    16.6084    16.6070   4.598225   4.598230     2.0059     1.6773     100.00   27.00594  -79.77874    0.00386    0.00383     2.9932     3.0351    16.5780    16.5766    36.2274    36.2287    26.5572    26.5586    1517.82    130.217    132.041         37 0.0000e+00
      47514   1979.706    183.701    185.000    16.6285    16.6393   4.600797   4.601961     2.0100     1.6812     100.00   27.00596  -79.77874    0.00343    0.00335     3.0011     3.0427    16.5982    16.6090    36.2323    36.2329    26.5563    26.5541    1517.82    130.561    132.372         34 0.0000e+00
      47576   1982.279    181.716    183.000    16.7270    16.7222   4.612543   4.611960     2.0185     1.6889     100.00   27.00638  -79.77991    0.00303    0.00265     3.0133     3.0560    16.6969    16.6921    36.2478    36.2471    26.5448    26.5454    1517.84    131.096    132.952         31 0.0000e+00
      47609   1983.647    180.723    182.000    16.7679    16.7732   4.617552   4.617783     2.0246     1.6942     100.00   27.00598  -79.77874    0.00363    0.00331     3.0244     3.0660    16.7379    16.7431    36.2552    36.2525    26.5407    26.5374    1517.82    131.580    133.389         37 0.0000e+00
      47648   1985.284    179.731    181.000    16.7953    16.7995   4.620794   4.621514     2.0299     1.7002     100.00   27.00600  -79.77874    0.00395    0.00386     3.0345     3.0789    16.7654    16.7696    36.2595    36.2620    26.5375    26.5384    1517.82    132.018    133.949         39 0.0000e+00
      47684   1986.775    178.738    180.000    16.8806    16.9097   4.630084   4.633690     2.0348     1.7045     100.00   27.00602  -79.77874    0.00335    0.00343     3.0380     3.0825    16.8508    16.8804    36.2644    36.2722    26.5209    26.5206    1517.82    132.172    134.108         31 0.0000e+00
      47714   1988.024    177.746    179.000    16.9673    16.9642   4.641050   4.641226     2.0403     1.7074      96.15   27.00602  -79.77874    0.00335    0.00290     3.0466     3.0863    16.9375    16.9349    36.2840    36.2870    26.5153    26.5180    1517.82    132.548    134.274         30 0.0000e+00
      47743   1989.252    176.753    178.000    16.9933    16.9957   4.644286   4.644687     2.0425     1.7093      98.79   27.00604  -79.77874    0.00344    0.00240     3.0493     3.0884    16.9636    16.9661    36.2884    36.2897    26.5124    26.5128    1517.82    132.664    134.365         30 0.0000e+00
      47775   1990.578    175.761    177.000    17.0198    17.0021   4.647448   4.645453     2.0435     1.7092      99.98   27.00605  -79.77874    0.00246    0.00145     3.0495     3.0873    16.9903    16.9726    36.2925    36.2911    26.5091    26.5122    1517.82    132.674    134.319         34 0.0000e+00
      47812   1992.107    174.768    176.000    17.0311    17.0275   4.648560   4.648118     2.0432     1.7094      99.99   27.00606  -79.77874    0.00079    0.00031     3.0476     3.0859    17.0017    16.9981    36.2925    36.2919    26.5064    26.5068    1517.82    132.593    134.258         38 0.0000e+00
      47848   1993.643    173.775    175.000    17.0400    17.0677   4.649467   4.652779     2.0430     1.7093      69.40   27.00608  -79.77874   -0.00012    0.00003     3.0463     3.0827    17.0108    17.0385    36.2928    36.2969    26.5044    26.5009    1517.82    132.536    134.121         35 0.0000e+00
      47882   1995.022    172.783    174.000    17.1076    17.1178   4.657159   4.658665     2.0435     1.7077     100.03   27.00609  -79.77874   -0.00001   -0.00025     3.0427     3.0751    17.0785    17.0887    36.2997    36.3036    26.4934    26.4940    1517.82    132.380    133.789         32 0.0000e+00
      47914   1996.389    171.790    173.000    17.1596    17.1479   4.663528   4.662286     2.0418     1.7043     100.00   27.00610  -79.77874   -0.00003   -0.00114     3.0347     3.0643    17.1323    17.1189    36.3074    36.3086    26.4864    26.4906    1517.82    132.031    133.318         34 0.0000e+00
      47948   1997.794    170.798    172.000    17.2009    17.1857   4.668166   4.666558     2.0367     1.6989     100.00   27.00612  -79.77874   -0.00146   -0.00259     3.0201     3.0479    17.1720    17.1568    36.3126    36.3123    26.4808    26.4843    1517.82    131.398    132.606         33 0.0000e+00
      47981   1999.150    169.805    171.000    17.2497    17.2319   4.673723   4.671878     2.0314     1.6948      55.53   27.00614  -79.77874   -0.00320   -0.00344     3.0045     3.0343    17.2210    17.2032    36.3176    36.3165    26.4728    26.4763    1517.82    130.722    132.014         33 0.0000e+00
      48014   2000.538    168.813    170.000    17.3378    17.3094   4.683478   4.681252     2.0277     1.6917      98.94   27.00614  -79.77874   -0.00361   -0.00298     2.9897     3.0214    17.3091    17.2808    36.3275    36.3300    26.4590    26.4679    1517.82    130.077    131.454         33 0.0000e+00
      48048   2001.946    167.820    169.000    17.4163    17.4114   4.692756   4.692222     2.0239     1.6886     100.01   27.00615  -79.77874   -0.00296   -0.00237     2.9759     3.0070    17.3877    17.3828    36.3345    36.3343    26.4453    26.4463    1517.82    129.478    130.831         34 0.0000e+00
      48081   2003.352    166.827    168.000    17.4601    17.4646   4.698942   4.698983     2.0209     1.6874     100.00   27.00616  -79.77874   -0.00250   -0.00197     2.9656     3.0003    17.4316    17.4361    36.3493    36.3457    26.4460    26.4421    1517.82    129.032    130.542         33 0.0000e+00
      48116   2004.785    165.835    167.000    17.5314    17.5500   4.707059   4.709028     2.0207     1.6885     100.00   27.00617  -79.77874   -0.00178   -0.00075     2.9605     2.9982    17.5030    17.5216    36.3562    36.3598    26.4339    26.4321    1517.82    128.811    130.450         30 0.0000e+00
