GOMECC/GOMECC-4/1db/urb2103_0751.cnv
* Sea-Bird SBE 9 Data File:
* FileName = C:\Users\scs.user.rb\CTD\GOMECC4\data\rb2103_0751.hex
* Software Version Seasave V 7.26.7.107
* Temperature SN = 4799
* Conductivity SN = 3860
* Number of Bytes Per Scan = 41
* Number of Voltage Words = 4
* Number of Scans Averaged by the Deck Unit = 1
* NMEA Latitude = 22 16.49 N
* NMEA Longitude = 097 43.15 W
* NMEA UTC (Time) = Oct 05 2021  22:28:17
* NMEA baud rate = 4800
# nquan = 28
# nvalues = 14                          
# units = specified
# name 0 = scan: Scan Count
# name 1 = timeS: Time, Elapsed [seconds]
# name 2 = depSM: Depth [salt water, m]
# name 3 = prDM: Pressure, Digiquartz [db]
# name 4 = t090C: Temperature [ITS-90, deg C]
# name 5 = t190C: Temperature, 2 [ITS-90, deg C]
# name 6 = c0S/m: Conductivity [S/m]
# name 7 = c1S/m: Conductivity, 2 [S/m]
# name 8 = sbeox0V: Oxygen raw, SBE 43 [V]
# name 9 = sbeox1V: Oxygen raw, SBE 43, 2 [V]
# name 10 = altM: Altimeter [m]
# name 11 = latitude: Latitude [deg]
# name 12 = longitude: Longitude [deg]
# name 13 = sbox0dV/dT: Oxygen, SBE 43 [dov/dt]
# name 14 = sbox1dV/dT: Oxygen, SBE 43, 2 [dov/dt]
# name 15 = sbeox0ML/L: Oxygen, SBE 43 [ml/l], WS = 5
# name 16 = sbeox1ML/L: Oxygen, SBE 43, 2 [ml/l], WS = 5
# name 17 = potemp090C: Potential Temperature [ITS-90, deg C]
# name 18 = potemp190C: Potential Temperature, 2 [ITS-90, deg C]
# name 19 = sal00: Salinity, Practical [PSU]
# name 20 = sal11: Salinity, Practical, 2 [PSU]
# name 21 = sigma-é00: Density [sigma-theta, kg/m^3]
# name 22 = sigma-é11: Density, 2 [sigma-theta, kg/m^3]
# name 23 = avgsvCM: Average Sound Velocity [Chen-Millero, m/s], minP = 20, minS = 20
# name 24 = sbox0Mm/Kg: Oxygen, SBE 43 [umol/kg], WS = 5
# name 25 = sbox1Mm/Kg: Oxygen, SBE 43, 2 [umol/kg], WS = 5
# name 26 = nbin: number of scans per bin
# name 27 = flag: flag
# span 0 =      20395,      26830       
# span 1 =    849.769,   1117.865       
# span 2 =      0.994,     17.887       
# span 3 =      1.000,     18.000       
# span 4 =    28.8359,    29.3574       
# span 5 =    29.0874,    29.3583       
# span 6 =   3.818059,   5.858367       
# span 7 =   3.891141,   5.861174       
# span 8 =     3.1291,     3.1538       
# span 9 =     2.6432,     2.6602       
# span 10 =       9.46,      30.63      
# span 11 =   22.27499,   22.33990      
# span 12 =  -98.00448,  -97.71970      
# span 13 =   -0.00025,    0.00093      
# span 14 =   -0.00156,    0.00302      
# span 15 =     4.3290,     4.7223      
# span 16 =     4.3042,     4.6713      
# span 17 =    28.8357,    29.3559      
# span 18 =    29.0872,    29.3568      
# span 19 =    22.9911,    35.6388      
# span 20 =    23.3752,    35.6553      
# span 21 =    13.1454,    22.4336      
# span 22 =    13.3595,    22.4447      
# span 23 =    1545.23,    1549.73      
# span 24 =    189.092,    208.423      
# span 25 =    188.008,    206.100      
# span 26 =         32,         62      
# span 27 = 0.0000e+00, 0.0000e+00      
# interval = decibars: 1                
# start_time = Oct 05 2021 22:28:17 [NMEA time, header]
# bad_flag = -9.990e-29
*END*
      20395    849.769     17.887     18.000    29.3323    29.3361   5.858367   5.861174     3.1291     2.6437       9.46   22.27499  -97.71970    0.00083    0.00074     4.3290     4.3053    29.3279    29.3317    35.6388    35.6553    22.4336    22.4447    1545.23    189.092    188.055         37 0.0000e+00
      20509    854.513     16.893     17.000    29.3293    29.3339   5.856413   5.859055     3.1312     2.6434      10.45   22.27500  -97.71970    0.00047   -0.00061     4.3328     4.3046    29.3252    29.3297    35.6279    35.6427    22.4264    22.4359    1545.23    189.260    188.026         35 0.0000e+00
      20590    857.863     15.900     16.000    29.3281    29.3310   5.855256   5.856637     3.1322     2.6432      11.42   22.27500  -97.71970    0.00093   -0.00156     4.3345     4.3042    29.3242    29.3271    35.6212    35.6285    22.4216    22.4261    1545.23    189.332    188.008         43 0.0000e+00
      20721    863.324     14.906     15.000    29.3265    29.3292   5.854456   5.855794     3.1342     2.6489      12.40   22.27500  -97.71970    0.00066   -0.00088     4.3377     4.3154    29.3228    29.3255    35.6172    35.6244    22.4190    22.4236    1545.23    189.474    188.497         50 0.0000e+00
      20831    867.899     13.912     14.000    29.3261    29.3289   5.854272   5.855521     3.1342     2.6505      13.31   22.27500  -97.71972   -0.00010   -0.00008     4.3373     4.3180    29.3227    29.3255    35.6165    35.6230    22.4186    22.4225    1545.23    189.456    188.611         50 0.0000e+00
      20933    872.150     12.919     13.000    29.3257    29.3279   5.854073   5.854835     3.1351     2.6493      14.35   22.27500  -97.71972    0.00060   -0.00025     4.3383     4.3153    29.3226    29.3247    35.6157    35.6193    22.4180    22.4200    1545.23    189.500    188.493         32 0.0000e+00
      21040    876.610     11.925     12.000    29.3239    29.3257   5.853068   5.853543     3.1357     2.6514      15.29   22.27500  -97.71972    0.00030    0.00089     4.3392     4.3193    29.3210    29.3228    35.6104    35.6124    22.4146    22.4155    1545.23    189.540    188.671         60 0.0000e+00
      21158    881.549     10.931     11.000    29.3143    29.3197   5.847239   5.850226     3.1388     2.6518      16.24   22.27500  -97.71972    0.00088    0.00046     4.3452     4.3208    29.3116    29.3170    35.5844    35.5956    22.3982    22.4048    1545.23    189.804    188.737         38 0.0000e+00
      23473    977.991      5.962      6.000    29.3574    29.3583   5.841301   5.841774     3.1538     2.6591      21.36   22.33990  -98.00448    0.00036   -0.00001     4.3725     4.3362    29.3559    29.3568    35.5566    35.5592    22.3787    22.3803    1549.73    191.013    189.429         62 0.0000e+00
      23572    982.113      4.969      5.000    29.2717    29.2729   5.824131   5.824468     3.1446     2.6549      22.25   22.27500  -97.71975    0.00033    0.00017     4.3594     4.3302    29.2705    29.2717    35.4525    35.4540    22.3131    22.3138    1545.23    190.440    189.166         46 0.0000e+00
      23909    996.166      3.975      4.000    29.2717    29.2724   5.823902   5.824063     3.1440     2.6557      23.28   22.27499  -97.71974    0.00017    0.00064     4.3578     4.3314    29.2707    29.2714    35.4513    35.4518    22.3121    22.3122    1545.23    190.372    189.219         54 0.0000e+00
      26587   1107.758      2.981      3.000    29.2754    29.2762   5.824712   5.824692     3.1427     2.6566      24.18   22.27500  -97.71978    0.00004    0.00016     4.3545     4.3324    29.2747    29.2754    35.4544    35.4537    22.3130    22.3123    1545.23    190.227    189.263         47 0.0000e+00
      26749   1114.519      1.988      2.000    29.2752    29.2724   5.824700   5.824417     3.1435     2.6524      25.08   22.27500  -97.71978   -0.00025   -0.00047     4.3554     4.3238    29.2747    29.2719    35.4549    35.4549    22.3135    22.3144    1545.23    190.267    188.885         42 0.0000e+00
      26830   1117.865      0.994      1.000    28.8359    29.0874   3.818059   3.891141     3.1411     2.6602      30.63   22.27500  -97.71978    0.00008    0.00302     4.7223     4.6713    28.8357    29.0872    22.9911    23.3752    13.1454    13.3595    1545.23    208.423    206.100         43 0.0000e+00
