GOMECC/GOMECC-4/1db/urb2103_0861.cnv
* Sea-Bird SBE 9 Data File:
* FileName = C:\Users\scs.user.rb\CTD\GOMECC4\data\rb2103_0861.hex
* Software Version Seasave V 7.26.7.107
* Temperature SN = 4799
* Conductivity SN = 3860
* Number of Bytes Per Scan = 41
* Number of Voltage Words = 4
* Number of Scans Averaged by the Deck Unit = 1
* NMEA Latitude = 20 01.19 N
* NMEA Longitude = 093 46.26 W
* NMEA UTC (Time) = Oct 08 2021  06:53:11
* NMEA baud rate = 4800
# nquan = 28
# nvalues = 307                         
# units = specified
# name 0 = scan: Scan Count
# name 1 = timeS: Time, Elapsed [seconds]
# name 2 = depSM: Depth [salt water, m]
# name 3 = prDM: Pressure, Digiquartz [db]
# name 4 = t090C: Temperature [ITS-90, deg C]
# name 5 = t190C: Temperature, 2 [ITS-90, deg C]
# name 6 = c0S/m: Conductivity [S/m]
# name 7 = c1S/m: Conductivity, 2 [S/m]
# name 8 = sbeox0V: Oxygen raw, SBE 43 [V]
# name 9 = sbeox1V: Oxygen raw, SBE 43, 2 [V]
# name 10 = altM: Altimeter [m]
# name 11 = latitude: Latitude [deg]
# name 12 = longitude: Longitude [deg]
# name 13 = sbox0dV/dT: Oxygen, SBE 43 [dov/dt]
# name 14 = sbox1dV/dT: Oxygen, SBE 43, 2 [dov/dt]
# name 15 = sbeox0ML/L: Oxygen, SBE 43 [ml/l], WS = 5
# name 16 = sbeox1ML/L: Oxygen, SBE 43, 2 [ml/l], WS = 5
# name 17 = potemp090C: Potential Temperature [ITS-90, deg C]
# name 18 = potemp190C: Potential Temperature, 2 [ITS-90, deg C]
# name 19 = sal00: Salinity, Practical [PSU]
# name 20 = sal11: Salinity, Practical, 2 [PSU]
# name 21 = sigma-é00: Density [sigma-theta, kg/m^3]
# name 22 = sigma-é11: Density, 2 [sigma-theta, kg/m^3]
# name 23 = avgsvCM: Average Sound Velocity [Chen-Millero, m/s], minP = 20, minS = 20
# name 24 = sbox0Mm/Kg: Oxygen, SBE 43 [umol/kg], WS = 5
# name 25 = sbox1Mm/Kg: Oxygen, SBE 43, 2 [umol/kg], WS = 5
# name 26 = nbin: number of scans per bin
# name 27 = flag: flag
# span 0 =      58706,     130211       
# span 1 =   2446.062,   5425.421       
# span 2 =      2.981,   1461.805       
# span 3 =      3.000,   1476.000       
# span 4 =     4.3873,    29.5618       
# span 5 =     4.3877,    29.5832       
# span 6 =   3.349845,   5.871497       
# span 7 =   3.349718,   5.870338       
# span 8 =     1.5718,     3.1351       
# span 9 =     1.2747,     2.6501       
# span 10 =      20.89,     102.05      
# span 11 =   19.89638,   20.11993      
# span 12 =  -94.23645,  -93.18923      
# span 13 =   -0.00275,    0.02018      
# span 14 =   -0.00334,    0.02279      
# span 15 =     2.3927,     4.5253      
# span 16 =     2.4097,     4.5482      
# span 17 =     4.2665,    29.5596      
# span 18 =     4.2670,    29.5810      
# span 19 =    34.8782,    36.5212      
# span 20 =    34.8687,    36.5257      
# span 21 =    21.8425,    27.7298      
# span 22 =    21.8364,    27.7290      
# span 23 =    1486.60,    1503.30      
# span 24 =    104.055,    196.649      
# span 25 =    104.793,    197.643      
# span 26 =         30,         65      
# span 27 = 0.0000e+00, 0.0000e+00      
# interval = decibars: 1                
# start_time = Oct 08 2021 06:53:11 [NMEA time, header]
# bad_flag = -9.990e-29
*END*
[from data line 52]
      68495   2853.933   1140.810   1151.000     4.7677     4.7687   3.371153   3.371180     1.8964     1.5757     100.00   20.02067  -93.77357   -0.00038   -0.00014     4.1684     4.1858     4.6717     4.6728    34.9477    34.9470    27.6715    27.6708    1495.93    181.150    181.904         31 0.0000e+00
      68526   2855.217   1139.822   1150.000     4.7673     4.7695   3.371053   3.371114     1.8955     1.5748     100.00   20.02026  -93.77166   -0.00039   -0.00042     4.1649     4.1818     4.6714     4.6736    34.9475    34.9458    27.6713    27.6698    1495.90    180.995    181.728         32 0.0000e+00
      68656   2860.626   1134.879   1145.000     4.7784     4.7797   3.371708   3.371734     1.8935     1.5727     100.00   20.01985  -93.76965   -0.00033   -0.00024     4.1537     4.1700     4.6829     4.6842    34.9459    34.9448    27.6688    27.6678    1495.87    180.508    181.219         32 0.0000e+00
      68764   2865.107   1130.925   1141.000     4.7951     4.7958   3.373107   3.373082     1.8919     1.5719     100.00   20.02059  -93.77313   -0.00027   -0.00012     4.1438     4.1629     4.6999     4.7006    34.9466    34.9456    27.6675    27.6666    1495.92    180.079    180.908         34 0.0000e+00
      68896   2870.612   1125.983   1136.000     4.8247     4.8204   3.375380   3.374932     1.8884     1.5682      99.51   20.02004  -93.77055   -0.00050   -0.00065     4.1256     4.1430     4.7297     4.7253    34.9445    34.9439    27.6624    27.6624    1495.88    179.290    180.044         36 0.0000e+00
      69029   2876.154   1121.040   1131.000     4.8481     4.8496   3.377249   3.377286     1.8835     1.5631     100.00   20.02033  -93.77193   -0.00082   -0.00100     4.1029     4.1174     4.7533     4.7548    34.9442    34.9431    27.6595    27.6585    1495.90    178.305    178.934         36 0.0000e+00
      69160   2881.625   1116.098   1126.000     4.8640     4.8646   3.378406   3.378386     1.8795     1.5604     100.00   20.02028  -93.77168   -0.00056   -0.00031     4.0842     4.1029     4.7695     4.7701    34.9435    34.9426    27.6571    27.6563    1495.90    177.493    178.304         31 0.0000e+00
      69348   2889.465   1109.178   1119.000     4.8949     4.8950   3.380716   3.380660     1.8746     1.5553     100.00   20.01991  -93.76986   -0.00071   -0.00084     4.0601     4.0764     4.8008     4.8009    34.9416    34.9406    27.6520    27.6512    1495.87    176.444    177.154         36 0.0000e+00
      69451   2893.732   1105.224   1115.000     4.9075     4.9081   3.381947   3.381908     1.8726     1.5533     100.00   20.02176  -93.77854   -0.00048   -0.00050     4.0490     4.0650     4.8137     4.8143    34.9446    34.9435    27.6529    27.6520    1496.01    175.964    176.658         30 0.0000e+00
      69485   2895.173   1104.235   1114.000     4.9078     4.9080   3.381688   3.381642     1.8714     1.5530     100.00   20.02030  -93.77170   -0.00048   -0.00037     4.0443     4.0634     4.8140     4.8142    34.9417    34.9409    27.6506    27.6500    1495.90    175.760    176.591         42 0.0000e+00
      69580   2899.143   1100.280   1110.000     4.9191     4.9200   3.382580   3.382580     1.8699     1.5516     100.00   20.02071  -93.77362   -0.00036   -0.00031     4.0357     4.0546     4.8257     4.8265    34.9422    34.9413    27.6496    27.6488    1495.93    175.383    176.206         31 0.0000e+00
      69612   2900.442   1099.292   1109.000     4.9190     4.9212   3.382474   3.382547     1.8690     1.5507     100.00   20.02030  -93.77170   -0.00042   -0.00034     4.0323     4.0507     4.8257     4.8278    34.9415    34.9401    27.6491    27.6477    1495.90    175.237    176.039         33 0.0000e+00
      69746   2906.032   1094.349   1104.000     4.9387     4.9393   3.384109   3.384099     1.8669     1.5483     100.01   20.02138  -93.77676   -0.00036   -0.00061     4.0197     4.0368     4.8456     4.8462    34.9424    34.9417    27.6476    27.6469    1495.98    174.690    175.435         31 0.0000e+00
      69903   2912.588   1093.360   1103.000     4.9348     4.9359   3.383557   3.383584     1.8638     1.5472     100.00   20.02030  -93.77171   -0.00035   -0.00010     4.0092     4.0327     4.8419     4.8429    34.9405    34.9397    27.6464    27.6457    1495.90    174.233    175.255         61 0.0000e+00
      70124   2921.772   1092.371   1102.000     4.9370     4.9380   3.383703   3.383721     1.8632     1.5464     100.00   20.02030  -93.77172    0.00005   -0.00010     4.0063     4.0288     4.8441     4.8451    34.9404    34.9396    27.6461    27.6454    1495.90    174.108    175.087         38 0.0000e+00
      70336   2930.637   1091.383   1101.000     4.9385     4.9409   3.383789   3.383938     1.8624     1.5457     100.00   20.02030  -93.77174   -0.00004   -0.00007     4.0025     4.0253     4.8457     4.8481    34.9403    34.9396    27.6458    27.6450    1495.90    173.943    174.933         61 0.0000e+00
      71049   2960.329   1090.394   1100.000     4.9432     4.9455   3.384153   3.384283     1.8618     1.5450     100.00   20.02032  -93.77174    0.00000    0.00002     3.9995     4.0217     4.8505     4.8528    34.9401    34.9392    27.6451    27.6442    1495.90    173.812    174.776         53 0.0000e+00
      71757   2989.844   1077.541   1087.000     4.9557     4.9590   3.384742   3.384957     1.8623     1.5450     100.00   20.02054  -93.77273   -0.00009   -0.00021     3.9932     4.0133     4.8641     4.8673    34.9403    34.9394    27.6437    27.6427    1495.92    173.541    174.412         34 0.0000e+00
      71882   2995.047   1072.597   1082.000     4.9944     4.9972   3.387886   3.388012     1.8617     1.5437     100.00   20.02009  -93.77061   -0.00001   -0.00027     3.9842     4.0018     4.9029     4.9057    34.9387    34.9373    27.6380    27.6365    1495.88    173.150    173.912         31 0.0000e+00
      72741   3030.819   1038.977   1048.000     5.1007     5.1004   3.395741   3.395660     1.8415     1.5259      93.53   20.02066  -93.77326   -0.00025   -0.00008     3.8849     3.9057     5.0115     5.0112    34.9353    34.9347    27.6227    27.6223    1495.92    168.835    169.740         36 0.0000e+00
      72864   3035.950   1034.032   1043.000     5.1115     5.1115   3.396396   3.396326     1.8399     1.5242      52.32   20.02001  -93.77023   -0.00029   -0.00023     3.8759     3.8957     5.0227     5.0227    34.9341    34.9333    27.6204    27.6198    1495.88    168.446    169.305         37 0.0000e+00
      72965   3040.147   1030.076   1039.000     5.1253     5.1265   3.397552   3.397602     1.8389     1.5227     100.00   20.02090  -93.77439   -0.00025   -0.00028     3.8688     3.8863     5.0368     5.0380    34.9351    34.9344    27.6196    27.6189    1495.94    168.137    168.898         30 0.0000e+00
      73598   3066.560   1005.351   1014.000     5.3558     5.3592   3.416862   3.417090     1.8162     1.4983      69.34   20.02155  -93.77745   -0.00152   -0.00165     3.7537     3.7588     5.2678     5.2711    34.9297    34.9288    27.5879    27.5868    1495.99    163.140    163.363         33 0.0000e+00
      73629   3067.820   1004.362   1013.000     5.3510     5.3480   3.416214   3.415872     1.8118     1.4935     102.05   20.02034  -93.77178   -0.00194   -0.00237     3.7388     3.7418     5.2631     5.2602    34.9276    34.9268    27.5868    27.5866    1495.90    162.490    162.622         32 0.0000e+00
      73746   3072.701    999.416   1008.000     5.3964     5.3959   3.419903   3.419748     1.8001     1.4843     100.00   20.01963  -93.76837   -0.00218   -0.00168     3.6917     3.7002     5.3087     5.3082    34.9251    34.9240    27.5794    27.5785    1495.85    160.448    160.816         34 0.0000e+00
      73872   3077.938    994.471   1003.000     5.4119     5.4123   3.421135   3.421088     1.7934     1.4793      74.37   20.02023  -93.77116   -0.00111   -0.00099     3.6648     3.6777     5.3246     5.3250    34.9256    34.9247    27.5779    27.5771    1495.89    159.279    159.837         33 0.0000e+00
      73998   3083.215    989.525    998.000     5.4300     5.4329   3.422567   3.422744     1.7902     1.4774     100.00   20.02068  -93.77326   -0.00052   -0.00028     3.6497     3.6662     5.3430     5.3459    34.9258    34.9247    27.5758    27.5746    1495.92    158.620    159.340         33 0.0000e+00
      74821   3117.483    956.881    965.000     5.5449     5.5445   3.431270   3.431170     1.7730     1.4617     100.00   20.02038  -93.77189   -0.00044   -0.00037     3.5644     3.5821     5.4601     5.4597    34.9223    34.9216    27.5588    27.5583    1495.90    154.916    155.687         34 0.0000e+00
      74946   3122.704    951.934    960.000     5.5480     5.5493   3.431413   3.431460     1.7721     1.4609     100.00   20.02100  -93.77477   -0.00015   -0.00015     3.5589     3.5764     5.4637     5.4650    34.9233    34.9225    27.5592    27.5584    1495.95    154.678    155.441         34 0.0000e+00
      75071   3127.913    946.987    955.000     5.5628     5.5629   3.432603   3.432549     1.7725     1.4616      99.47   20.02154  -93.77732    0.00014    0.00008     3.5564     3.5751     5.4788     5.4789    34.9241    34.9233    27.5580    27.5574    1495.99    154.567    155.383         34 0.0000e+00
      75101   3129.160    945.998    954.000     5.5612     5.5636   3.432242   3.432381     1.7717     1.4610      95.28   20.02036  -93.77180   -0.00009   -0.00009     3.5536     3.5726     5.4774     5.4797    34.9219    34.9211    27.5564    27.5555    1495.90    154.448    155.276         30 0.0000e+00
      75197   3133.180    942.041    950.000     5.5749     5.5761   3.433474   3.433522     1.7714     1.4604      97.66   20.02164  -93.77780   -0.00013   -0.00021     3.5491     3.5672     5.4913     5.4925    34.9239    34.9232    27.5563    27.5557    1496.00    154.251    155.038         36 0.0000e+00
      75228   3134.459    941.051    949.000     5.5734     5.5749   3.433122   3.433177     1.7705     1.4601     100.18   20.02036  -93.77180   -0.00029   -0.00024     3.5459     3.5660     5.4900     5.4914    34.9218    34.9209    27.5548    27.5539    1495.90    154.111    154.985         30 0.0000e+00
      75319   3138.233    937.094    945.000     5.5942     5.5928   3.434976   3.434787     1.7703     1.4593     100.01   20.02158  -93.77753   -0.00009   -0.00019     3.5413     3.5594     5.5110     5.5096    34.9235    34.9228    27.5536    27.5532    1495.99    153.916    154.701         33 0.0000e+00
      75350   3139.531    936.104    944.000     5.5912     5.5916   3.434489   3.434448     1.7695     1.4588     100.00   20.02036  -93.77180   -0.00013   -0.00033     3.5385     3.5573     5.5081     5.5084    34.9214    34.9206    27.5523    27.5516    1495.90    153.793    154.610         34 0.0000e+00
      75470   3144.539    931.157    939.000     5.6354     5.6378   3.438237   3.438369     1.7671     1.4553     100.00   20.02047  -93.77233   -0.00036   -0.00064     3.5237     3.5376     5.5525     5.5548    34.9208    34.9199    27.5464    27.5453    1495.91    153.149    153.752         36 0.0000e+00
      75593   3149.675    926.210    934.000     5.6525     5.6547   3.439530   3.439626     1.7623     1.4508     100.00   20.02041  -93.77205   -0.00075   -0.00061     3.5038     3.5174     5.5699     5.5720    34.9204    34.9192    27.5439    27.5427    1495.90    152.284    152.877         31 0.0000e+00
      76144   3172.607    904.441    912.000     5.7764     5.7760   3.449644   3.449519     1.7445     1.4356      66.22   20.02038  -93.77188   -0.00057   -0.00046     3.4225     3.4409     5.6951     5.6946    34.9181    34.9171    27.5265    27.5258    1495.90    148.756    149.556         30 0.0000e+00
      76266   3177.698    899.493    907.000     5.7942     5.7935   3.450998   3.450883     1.7426     1.4344     100.00   20.02044  -93.77212   -0.00038   -0.00013     3.4121     3.4326     5.7132     5.7125    34.9175    34.9169    27.5239    27.5235    1495.91    148.303    149.194         32 0.0000e+00
      76396   3183.126    895.535    903.000     5.8050     5.8063   3.452085   3.452142     1.7407     1.4321     100.01   20.02249  -93.78170   -0.00042   -0.00050     3.4028     3.4211     5.7244     5.7256    34.9209    34.9202    27.5252    27.5245    1496.06    147.897    148.696         34 0.0000e+00
      76546   3189.358    894.545    902.000     5.8034     5.8082   3.451556   3.451978     1.7389     1.4309      86.62   20.02037  -93.77180   -0.00009   -0.00015     3.3968     3.4163     5.7228     5.7276    34.9168    34.9167    27.5221    27.5213    1495.90    147.636    148.486         41 0.0000e+00
      77860   3244.138    891.576    899.000     5.8677     5.8674   3.456899   3.456818     1.7290     1.4226      99.99   20.01801  -93.76069   -0.00009    0.00012     3.3568     3.3799     5.7870     5.7867    34.9122    34.9117    27.5103    27.5099    1495.72    145.901    146.905         42 0.0000e+00
      77917   3246.496    890.587    898.000     5.8697     5.8687   3.457375   3.457231     1.7293     1.4224     100.00   20.02038  -93.77180   -0.00009   -0.00010     3.3569     3.3786     5.7890     5.7881    34.9163    34.9158    27.5134    27.5131    1495.90    145.903    146.847         32 0.0000e+00
      77957   3248.186    889.597    897.000     5.8698     5.8682   3.457343   3.457155     1.7296     1.4225     100.00   20.02038  -93.77179    0.00011   -0.00008     3.3576     3.3784     5.7893     5.7876    34.9163    34.9159    27.5134    27.5132    1495.90    145.933    146.841         46 0.0000e+00
      78009   3250.337    888.608    896.000     5.8710     5.8698   3.457403   3.457222     1.7290     1.4226     100.00   20.02038  -93.77178   -0.00003    0.00004     3.3550     3.3784     5.7905     5.7893    34.9163    34.9156    27.5132    27.5128    1495.90    145.821    146.838         34 0.0000e+00
      78102   3254.226    885.639    893.000     5.8738     5.8741   3.457619   3.457604     1.7302     1.4233     100.00   20.02100  -93.77469    0.00030    0.00009     3.3574     3.3789     5.7936     5.7938    34.9175    34.9170    27.5137    27.5133    1495.95    145.925    146.860         43 0.0000e+00
      78139   3255.765    884.649    892.000     5.8742     5.8748   3.457521   3.457514     1.7301     1.4233     100.00   20.02038  -93.77178    0.00012   -0.00002     3.3567     3.3786     5.7941     5.7947    34.9163    34.9157    27.5127    27.5121    1495.90    145.897    146.847         33 0.0000e+00
      78225   3259.331    881.680    889.000     5.8850     5.8873   3.458400   3.458534     1.7302     1.4227     100.00   20.02049  -93.77231    0.00005   -0.00019     3.3548     3.3741     5.8051     5.8074    34.9164    34.9156    27.5114    27.5105    1495.91    145.814    146.652         36 0.0000e+00
      78330   3263.721    877.721    885.000     5.9003     5.9020   3.459565   3.459636     1.7291     1.4215     100.00   20.02020  -93.77094   -0.00023   -0.00019     3.3479     3.3667     5.8207     5.8224    34.9159    34.9150    27.5091    27.5081    1495.89    145.516    146.332         31 0.0000e+00
      78783   3282.593    859.907    867.000     5.9865     5.9862   3.466658   3.466584     1.7245     1.4152     100.00   20.02071  -93.77323   -0.00022   -0.00068     3.3170     3.3284     5.9080     5.9078    34.9162    34.9157    27.4983    27.4979    1495.92    144.171    144.670         31 0.0000e+00
      78905   3287.671    854.958    862.000     6.0485     6.0515   3.472052   3.472211     1.7194     1.4107     100.00   20.02042  -93.77190   -0.00095   -0.00098     3.2925     3.3045     5.9701     5.9731    34.9157    34.9144    27.4900    27.4886    1495.90    143.109    143.632         31 0.0000e+00
