GOMECC/GOMECC-4/1db/urb2103_1041.cnv
* Sea-Bird SBE 9 Data File:
* FileName = C:\Users\scs.user.rb\CTD\GOMECC4\data\rb2103_1041.hex
* Software Version Seasave V 7.26.7.107
* Temperature SN = 4799
* Conductivity SN = 3860
* Number of Bytes Per Scan = 41
* Number of Voltage Words = 4
* Number of Scans Averaged by the Deck Unit = 1
* NMEA Latitude = 24 59.65 N
* NMEA Longitude = 087 59.43 W
* NMEA UTC (Time) = Oct 13 2021  08:39:27
* NMEA baud rate = 4800
# nquan = 28
# nvalues = 246                         
# units = specified
# name 0 = scan: Scan Count
# name 1 = timeS: Time, Elapsed [seconds]
# name 2 = depSM: Depth [salt water, m]
# name 3 = prDM: Pressure, Digiquartz [db]
# name 4 = t090C: Temperature [ITS-90, deg C]
# name 5 = t190C: Temperature, 2 [ITS-90, deg C]
# name 6 = c0S/m: Conductivity [S/m]
# name 7 = c1S/m: Conductivity, 2 [S/m]
# name 8 = sbeox0V: Oxygen raw, SBE 43 [V]
# name 9 = sbeox1V: Oxygen raw, SBE 43, 2 [V]
# name 10 = altM: Altimeter [m]
# name 11 = latitude: Latitude [deg]
# name 12 = longitude: Longitude [deg]
# name 13 = sbox0dV/dT: Oxygen, SBE 43 [dov/dt]
# name 14 = sbox1dV/dT: Oxygen, SBE 43, 2 [dov/dt]
# name 15 = sbeox0ML/L: Oxygen, SBE 43 [ml/l], WS = 5
# name 16 = sbeox1ML/L: Oxygen, SBE 43, 2 [ml/l], WS = 5
# name 17 = potemp090C: Potential Temperature [ITS-90, deg C]
# name 18 = potemp190C: Potential Temperature, 2 [ITS-90, deg C]
# name 19 = sal00: Salinity, Practical [PSU]
# name 20 = sal11: Salinity, Practical, 2 [PSU]
# name 21 = sigma-é00: Density [sigma-theta, kg/m^3]
# name 22 = sigma-é11: Density, 2 [sigma-theta, kg/m^3]
# name 23 = avgsvCM: Average Sound Velocity [Chen-Millero, m/s], minP = 20, minS = 20
# name 24 = sbox0Mm/Kg: Oxygen, SBE 43 [umol/kg], WS = 5
# name 25 = sbox1Mm/Kg: Oxygen, SBE 43, 2 [umol/kg], WS = 5
# name 26 = nbin: number of scans per bin
# name 27 = flag: flag
# span 0 =     103799,     228661       
# span 1 =   4324.906,   9527.486       
# span 2 =      1.987,   3416.683       
# span 3 =      2.000,   3467.000       
# span 4 =     4.2981,    29.5944       
# span 5 =     4.2991,    29.5989       
# span 6 =   3.351009,   5.988335       
# span 7 =   3.350984,   5.988959       
# span 8 =     1.6260,     3.1867       
# span 9 =     1.3224,     2.7001       
# span 10 =       9.21,     102.83      
# span 11 =   24.73953,   25.08604      
# span 12 =  -88.25073,  -87.02534      
# span 13 =   -0.00135,    0.00756      
# span 14 =   -0.00166,    0.00681      
# span 15 =     2.6652,     4.6258      
# span 16 =     2.6738,     4.6186      
# span 17 =     4.0789,    29.5823      
# span 18 =     4.0801,    29.5869      
# span 19 =    34.8888,    37.0187      
# span 20 =    34.8879,    37.0192      
# span 21 =    22.6002,    27.7584      
# span 22 =    22.6018,    27.7572      
# span 23 =    1489.83,    1510.85      
# span 24 =    115.881,    201.008      
# span 25 =    116.254,    200.698      
# span 26 =         30,         69      
# span 27 = 0.0000e+00, 0.0000e+00      
# interval = decibars: 1                
# start_time = Oct 13 2021 08:39:27 [NMEA time, header]
# bad_flag = -9.990e-29
*END*
[from data line 208]
     223854   9327.202     47.686     48.000    29.5264    29.5266   5.974307   5.974451     3.1378     2.6510     100.07   25.01642  -88.00368   -0.00048    0.00022     4.3301     4.3069    29.5146    29.5147    36.2802    36.2811    22.8519    22.8525    1506.61    189.063    188.049         37 0.0000e+00
     223886   9328.531     46.692     47.000    29.5315    29.5300   5.974821   5.974788     3.1394     2.6493     100.00   25.01644  -88.00368   -0.00072   -0.00138     4.3320     4.3024    29.5199    29.5184    36.2802    36.2808    22.8501    22.8511    1506.61    189.147    187.854         31 0.0000e+00
     223916   9329.805     45.699     46.000    29.5323    29.5321   5.974882   5.974935     3.1408     2.6514     100.00   25.01644  -88.00369    0.00035   -0.00043     4.3339     4.3062    29.5210    29.5208    36.2802    36.2807    22.8498    22.8503    1506.61    189.228    188.018         30 0.0000e+00
     223950   9331.198     44.706     45.000    29.5326    29.5329   5.974880   5.975002     3.1398     2.6531     100.00   25.01644  -88.00370    0.00070    0.00141     4.3315     4.3090    29.5215    29.5218    36.2803    36.2809    22.8497    22.8500    1506.61    189.124    188.141         39 0.0000e+00
     223994   9333.021     43.712     44.000    29.5322    29.5325   5.974780   5.974912     3.1391     2.6563     100.00   25.01646  -88.00370   -0.00051    0.00171     4.3298     4.3149    29.5214    29.5217    36.2802    36.2809    22.8497    22.8500    1506.61    189.050    188.397         46 0.0000e+00
     224039   9334.922     42.719     43.000    29.5318    29.5325   5.974692   5.974868     3.1408     2.6588      70.57   25.01646  -88.00372    0.00033    0.00148     4.3325     4.3192    29.5212    29.5220    36.2802    36.2809    22.8497    22.8500    1506.61    189.168    188.587         46 0.0000e+00
     224087   9336.927     41.725     42.000    29.5317    29.5323   5.974631   5.974810     3.1411     2.6553      79.78   25.01648  -88.00372    0.00057   -0.00022     4.3324     4.3119    29.5214    29.5220    36.2802    36.2809    22.8496    22.8500    1506.61    189.165    188.267         48 0.0000e+00
     224133   9338.842     40.732     41.000    29.5317    29.5322   5.974590   5.974756     3.1412     2.6569     100.09   25.01648  -88.00372    0.00007   -0.00112     4.3321     4.3144    29.5216    29.5221    36.2802    36.2810    22.8496    22.8500    1506.61    189.151    188.378         45 0.0000e+00
     224180   9340.790     39.739     40.000    29.5304    29.5313   5.974416   5.974616     3.1426     2.6605     100.00   25.01650  -88.00374    0.00028    0.00187     4.3341     4.3212    29.5206    29.5215    36.2803    36.2810    22.8500    22.8502    1506.61    189.239    188.671         49 0.0000e+00
     224227   9342.757     38.746     39.000    29.5282    29.5293   5.974154   5.974374     3.1461     2.6552     100.00   25.01650  -88.00374    0.00114   -0.00025     4.3401     4.3104    29.5186    29.5198    36.2804    36.2811    22.8508    22.8509    1506.61    189.499    188.201         45 0.0000e+00
     224273   9344.672     37.752     38.000    29.5274    29.5275   5.974024   5.974134     3.1448     2.6586     100.00   25.01652  -88.00375    0.00100   -0.00087     4.3373     4.3167    29.5181    29.5182    36.2804    36.2811    22.8510    22.8514    1506.61    189.378    188.478         47 0.0000e+00
     224319   9346.592     36.759     37.000    29.5264    29.5261   5.973881   5.973941     3.1438     2.6570      61.14   25.01652  -88.00376   -0.00075    0.00077     4.3351     4.3130    29.5174    29.5170    36.2805    36.2812    22.8512    22.8519    1506.61    189.278    188.313         46 0.0000e+00
     224368   9348.621     35.765     36.000    29.5264    29.5264   5.973816   5.973926     3.1420     2.6551     100.34   25.01654  -88.00378   -0.00094   -0.00110     4.3314     4.3088    29.5175    29.5176    36.2804    36.2811    22.8511    22.8516    1506.61    189.118    188.130         50 0.0000e+00
     224414   9350.549     34.772     35.000    29.5254    29.5258   5.973673   5.973838     3.1427     2.6561     100.00   25.01654  -88.00378   -0.00003   -0.00029     4.3322     4.3103    29.5168    29.5172    36.2804    36.2812    22.8514    22.8519    1506.61    189.155    188.196         43 0.0000e+00
     224461   9352.483     33.779     34.000    29.5252    29.5254   5.973610   5.973747     3.1423     2.6563     100.00   25.01656  -88.00379    0.00011    0.00001     4.3311     4.3102    29.5168    29.5170    36.2805    36.2813    22.8514    22.8519    1506.61    189.104    188.193         51 0.0000e+00
     226249   9426.987     28.811     29.000    29.5520    29.5515   5.978982   5.979623     3.1484     2.6567     100.10   25.04086  -88.08832    0.00022   -0.00165     4.3382     4.3072    29.5449    29.5443    36.3154    36.3103    22.8735    22.8689    1508.05    189.416    188.062         56 0.0000e+00
     226090   9420.382     27.818     28.000    29.5210    29.5233   5.972953   5.973228     3.1467     2.6605     100.00   25.01693  -88.00411    0.00011    0.00132     4.3360     4.3155    29.5141    29.5164    36.2809    36.2810    22.8527    22.8520    1506.61    189.319    188.427         58 0.0000e+00
     226146   9422.718     26.825     27.000    29.5250    29.5239   5.973321   5.973303     3.1442     2.6603      90.37   25.01694  -88.00412   -0.00029    0.00077     4.3308     4.3146    29.5184    29.5172    36.2807    36.2814    22.8510    22.8520    1506.61    189.094    188.385         59 0.0000e+00
     226212   9425.446     25.831     26.000    29.5253    29.5259   5.973285   5.973479     3.1463     2.6584      95.82   25.01696  -88.00414   -0.00034   -0.00063     4.3340     4.3102    29.5189    29.5195    36.2805    36.2814    22.8507    22.8512    1506.61    189.235    188.193         61 0.0000e+00
     226268   9427.800     24.838     25.000    29.5258    29.5261   5.973312   5.973448     3.1464     2.6579      97.85   25.01697  -88.00414    0.00109   -0.00037     4.3337     4.3087    29.5196    29.5200    36.2806    36.2813    22.8506    22.8509    1506.61    189.219    188.127         61 0.0000e+00
     226330   9430.394     23.844     24.000    29.5262    29.5264   5.973310   5.973442     3.1441     2.6625      75.62   25.01698  -88.00416   -0.00116    0.00095     4.3290     4.3173    29.5203    29.5205    36.2806    36.2814    22.8503    22.8508    1506.61    189.013    188.504         57 0.0000e+00
     226391   9432.912     22.851     23.000    29.5265    29.5267   5.973303   5.973440     3.1463     2.6616      99.58   25.01700  -88.00417    0.00020    0.00039     4.3324     4.3149    29.5209    29.5211    36.2806    36.2814    22.8501    22.8506    1506.61    189.163    188.399         69 0.0000e+00
     226452   9435.476     21.857     22.000    29.5276    29.5272   5.973368   5.973444     3.1498     2.6642     100.00   25.01701  -88.00419    0.00175    0.00082     4.3380     4.3195    29.5222    29.5218    36.2805    36.2814    22.8496    22.8504    1506.61    189.406    188.601         51 0.0000e+00
     226512   9437.959     20.864     21.000    29.5271    29.5276   5.973282   5.973443     3.1500     2.6638     100.00   25.01703  -88.00420    0.00021    0.00016     4.3379     4.3182    29.5220    29.5224    36.2806    36.2813    22.8497    22.8501    1506.61    189.404    188.541         69 0.0000e+00
     226574   9440.525     19.870     20.000    29.5275    29.5279   5.973271   5.973452     3.1503     2.6594     100.00   25.01704  -88.00422    0.00048   -0.00088     4.3379     4.3089    29.5226    29.5230    36.2805    36.2814    22.8494    22.8500    1506.61    189.404    188.136         50 0.0000e+00
     226636   9443.123     18.877     19.000    29.5276    29.5280   5.973240   5.973401     3.1484     2.6621      99.99   25.01706  -88.00422   -0.00064    0.00015     4.3339     4.3138    29.5229    29.5234    36.2805    36.2813    22.8494    22.8498    1506.61    189.228    188.351         67 0.0000e+00
     226696   9445.643     17.883     18.000    29.5278    29.5286   5.973229   5.973419     3.1491     2.6627     100.00   25.01708  -88.00424   -0.00003    0.00023     4.3347     4.3145    29.5234    29.5242    36.2806    36.2813    22.8493    22.8495    1506.61    189.263    188.380         35 0.0000e+00
     228462   9519.198     13.909     14.000    29.5486    29.5554   5.978498   5.979371     3.1514     2.6643      98.72   25.04617  -88.10569    0.00052   -0.00080     4.3362     4.3149    29.5452    29.5520    36.3225    36.3234    22.8798    22.8781    1508.34    189.326    188.399         44 0.0000e+00
     228249   9510.350     12.916     13.000    29.5129    29.5148   5.971400   5.971742     3.1490     2.6645      99.98   25.01744  -88.00462   -0.00116    0.00181     4.3331     4.3164    29.5097    29.5116    36.2808    36.2817    22.8540    22.8541    1506.61    189.191    188.461         47 0.0000e+00
     228295   9512.241     11.922     12.000    29.5183    29.5171   5.971924   5.971901     3.1515     2.6631     100.00   25.01746  -88.00462    0.00183    0.00029     4.3367     4.3131    29.5153    29.5142    36.2806    36.2813    22.8520    22.8529    1506.61    189.348    188.320         41 0.0000e+00
     228332   9513.801     10.929     11.000    29.5205    29.5200   5.972122   5.972187     3.1502     2.6647      98.50   25.01746  -88.00463    0.00078   -0.00045     4.3336     4.3155    29.5178    29.5173    36.2806    36.2814    22.8511    22.8519    1506.61    189.217    188.424         34 0.0000e+00
     228367   9515.247      9.936     10.000    29.5216    29.5216   5.972193   5.972313     3.1493     2.6662      99.96   25.01746  -88.00464   -0.00070    0.00105     4.3315     4.3178    29.5191    29.5191    36.2806    36.2814    22.8507    22.8513    1506.61    189.122    188.525         39 0.0000e+00
     228410   9517.024      8.942      9.000    29.5213    29.5218   5.972124   5.972292     3.1492     2.6662     100.00   25.01748  -88.00464   -0.00039    0.00072     4.3308     4.3173    29.5190    29.5196    36.2806    36.2814    22.8508    22.8512    1506.61    189.090    188.503         42 0.0000e+00
     228443   9518.416      7.948      8.000    29.5202    29.5218   5.971989   5.972249     3.1497     2.6664     100.00   25.01748  -88.00466    0.00006    0.00006     4.3311     4.3170    29.5183    29.5198    36.2808    36.2814    22.8511    22.8511    1506.61    189.105    188.491         31 0.0000e+00
     228492   9520.446      6.955      7.000    29.5201    29.5218   5.971914   5.972219     3.1518     2.6669     100.00   25.01750  -88.00467    0.00054   -0.00018     4.3344     4.3176    29.5183    29.5201    36.2807    36.2814    22.8511    22.8510    1506.61    189.250    188.518         54 0.0000e+00
     228554   9523.040      5.961      6.000    29.5196    29.5195   5.971805   5.971938     3.1531     2.6691     100.00   25.01752  -88.00468    0.00080    0.00146     4.3362     4.3216    29.5181    29.5180    36.2806    36.2816    22.8511    22.8518    1506.61    189.327    188.693         46 0.0000e+00
     228661   9527.486      4.968      5.000    29.5172    29.5175   5.971527   5.971670     3.1548     2.6669     100.00   25.01754  -88.00470    0.00014   -0.00035     4.3389     4.3168    29.5159    29.5163    36.2808    36.2815    22.8519    22.8524    1506.61    189.445    188.483         51 0.0000e+00
     228588   9524.465      1.987      2.000    29.1793    29.1770   5.903872   5.903733     3.1181     2.6320      97.95   24.73953  -87.02534   -0.00015   -0.00166     4.2870     4.2577    29.1788    29.1765    35.8767    35.8777    22.6002    22.6018    1489.83    187.181    185.902         43 0.0000e+00
