GOMECC/GOMECC-4/1db/urb2103_0361.cnv
* Sea-Bird SBE 9 Data File:
* FileName = C:\Users\scs.user.rb\CTD\GOMECC4\data\rb2103_0361.hex
* Software Version Seasave V 7.26.7.107
* Temperature SN = 4799
* Conductivity SN = 3860
* Number of Bytes Per Scan = 41
* Number of Voltage Words = 4
* Number of Scans Averaged by the Deck Unit = 1
* NMEA Latitude = 28 20.83 N
* NMEA Longitude = 087 59.99 W
* NMEA UTC (Time) = Sep 24 2021  17:05:11
* NMEA baud rate = 4800
# nquan = 28
# nvalues = 240                         
# units = specified
# name 0 = scan: Scan Count
# name 1 = timeS: Time, Elapsed [seconds]
# name 2 = depSM: Depth [salt water, m]
# name 3 = prDM: Pressure, Digiquartz [db]
# name 4 = t090C: Temperature [ITS-90, deg C]
# name 5 = t190C: Temperature, 2 [ITS-90, deg C]
# name 6 = c0S/m: Conductivity [S/m]
# name 7 = c1S/m: Conductivity, 2 [S/m]
# name 8 = sbeox0V: Oxygen raw, SBE 43 [V]
# name 9 = sbeox1V: Oxygen raw, SBE 43, 2 [V]
# name 10 = altM: Altimeter [m]
# name 11 = latitude: Latitude [deg]
# name 12 = longitude: Longitude [deg]
# name 13 = sbox0dV/dT: Oxygen, SBE 43 [dov/dt]
# name 14 = sbox1dV/dT: Oxygen, SBE 43, 2 [dov/dt]
# name 15 = sbeox0ML/L: Oxygen, SBE 43 [ml/l], WS = 5
# name 16 = sbeox1ML/L: Oxygen, SBE 43, 2 [ml/l], WS = 5
# name 17 = potemp090C: Potential Temperature [ITS-90, deg C]
# name 18 = potemp190C: Potential Temperature, 2 [ITS-90, deg C]
# name 19 = sal00: Salinity, Practical [PSU]
# name 20 = sal11: Salinity, Practical, 2 [PSU]
# name 21 = sigma-é00: Density [sigma-theta, kg/m^3]
# name 22 = sigma-é11: Density, 2 [sigma-theta, kg/m^3]
# name 23 = avgsvCM: Average Sound Velocity [Chen-Millero, m/s], minP = 20, minS = 20
# name 24 = sbox0Mm/Kg: Oxygen, SBE 43 [umol/kg], WS = 5
# name 25 = sbox1Mm/Kg: Oxygen, SBE 43, 2 [umol/kg], WS = 5
# name 26 = nbin: number of scans per bin
# name 27 = flag: flag
# span 0 =      79426,     189632       
# span 1 =   3309.376,   7901.295       
# span 2 =      1.986,   2218.127       
# span 3 =      2.000,   2245.000       
# span 4 =     4.2849,    29.1409       
# span 5 =     4.2860,    29.1980       
# span 6 =   3.342377,   5.851032       
# span 7 =   3.342335,   5.849090       
# span 8 =     1.6205,     3.1609       
# span 9 =     1.3222,     2.6783       
# span 10 =      10.70,     106.50      
# span 11 =   28.23527,   28.75262      
# span 12 =  -89.25708,  -87.65155      
# span 13 =   -0.01373,    0.03560      
# span 14 =   -0.00500,    0.02544      
# span 15 =     2.5416,     4.6653      
# span 16 =     2.5616,     4.6966      
# span 17 =     4.0914,    29.1339      
# span 18 =     4.0925,    29.1912      
# span 19 =    30.4938,    36.5159      
# span 20 =    30.4935,    36.5132      
# span 21 =    19.0992,    27.7554      
# span 22 =    19.0986,    27.7539      
# span 23 =    1489.50,    1516.78      
# span 24 =    110.537,    202.724      
# span 25 =    111.407,    204.086      
# span 26 =         30,         79      
# span 27 = 0.0000e+00, 0.0000e+00      
# interval = decibars: 1                
# start_time = Sep 24 2021 17:05:11 [NMEA time, header]
# bad_flag = -9.990e-29
*END*
[from data line 208]
     171578   7149.034     71.507     72.000    19.5161    19.5177   4.908822   4.908970     2.1005     1.7528      62.46   28.34782  -88.00094    0.02746    0.02544     2.9829     3.0056    19.5029    19.5045    36.3525    36.3524    25.9249    25.9244    1495.44    129.848    130.839         33 0.0000e+00
     171778   7157.365     69.521     70.000    19.7080    19.6902   4.932510   4.930521     2.1645     1.8075      99.64   28.36609  -88.05765    0.01841    0.01565     3.1080     3.1243    19.6951    19.6774    36.3912    36.3902    25.9061    25.9100    1496.40    135.302    136.007         46 0.0000e+00
     171144   7130.968     67.535     68.000    19.7565    19.7802   4.927447   4.930873     2.1846     1.8296      99.82   28.23527  -87.65155    0.00240    0.00266     3.1484     3.1689    19.7439    19.7676    36.2494    36.2571    25.7698    25.7694    1489.50    137.063    137.953         35 0.0000e+00
     171951   7164.575     66.542     67.000    19.9805    20.0013   4.963418   4.968588     2.2021     1.8442     100.00   28.34782  -88.00094    0.00155    0.00134     3.1700     3.1901    19.9714    19.9888    36.4018    36.4278    25.8390    25.8543    1495.44    138.007    138.882         52 0.0000e+00
     172052   7168.781     65.549     66.000    20.0322    20.1357   4.973181   4.985767     2.2062     1.8563     100.00   28.34783  -88.00094    0.00112    0.00348     3.1747     3.2095    20.0202    20.1234    36.4391    36.4531    25.8546    25.8377    1495.44    138.207    139.725         58 0.0000e+00
     173767   7240.268     64.556     65.000    20.5234    20.5013   5.021930   5.028796     2.2739     1.9050     100.00   28.34785  -88.00098    0.00060    0.00055     3.3012     3.3001    20.5112    20.4890    36.4837    36.4901    25.7569    25.7678    1495.44    143.729    143.682         33 0.0000e+00
     174403   7266.729     63.563     64.000    20.5499    20.5516   5.032385   5.033026     2.2890     1.9213     100.00   28.34786  -88.00100    0.00023    0.00006     3.3172     3.3348    20.5378    20.5394    36.4843    36.4843    25.7503    25.7498    1495.44    144.429    145.192         46 0.0000e+00
     174530   7272.051     62.570     63.000    20.5372    20.5446   5.030291   5.030018     2.2927     1.9284     100.00   28.34786  -88.00100    0.00058    0.00150     3.3243     3.3515    20.5253    20.5327    36.4721    36.4629    25.7443    25.7353    1495.44    144.735    145.923         44 0.0000e+00
     174614   7275.560     61.577     62.000    20.5604    20.5641   5.030802   5.030048     2.2996     1.9408     100.00   28.34786  -88.00100    0.00175    0.00356     3.3378     3.3791    20.5486    20.5526    36.4569    36.4474    25.7264    25.7182    1495.44    145.327    147.128         66 0.0000e+00
     174675   7278.097     60.584     61.000    20.5933    20.5785   5.028158   5.027923     2.3150     1.9561     100.00   28.34786  -88.00100    0.00405    0.00409     3.3684     3.4131    20.5817    20.5669    36.4063    36.4177    25.6789    25.6916    1495.44    146.667    148.609         51 0.0000e+00
     174723   7280.086     59.591     60.000    21.0715    20.7190   5.072229   5.037984     2.3713     1.9834     100.00   28.34786  -88.00100    0.01597    0.00987     3.4754     3.4694    21.0599    20.7075    36.3615    36.3812    25.5144    25.6256    1495.44    151.351    151.074         49 0.0000e+00
     174776   7282.301     58.598     59.000    21.2981    20.8706   5.097148   5.052909     2.4553     2.0292      99.68   28.34786  -88.00100    0.03560    0.01852     3.6135     3.5571    21.2826    20.8593    36.3668    36.3712    25.4571    25.5767    1495.44    157.371    154.903         53 0.0000e+00
     174824   7284.283     57.605     58.000    21.5445    21.4009   5.128249   5.111848     2.4957     2.0751      75.88   28.34786  -88.00100    0.03026    0.02109     3.6803     3.6347    21.5333    21.3896    36.4038    36.3946    25.4157    25.4487    1495.44    160.287    158.295         41 0.0000e+00
     174860   7285.776     56.612     57.000    21.9113    21.6958   5.171702   5.147555     2.5187     2.1109     100.39   28.34786  -88.00100    0.01858    0.02371     3.7005     3.6955    21.9000    21.6846    36.4400    36.4302    25.3406    25.3936    1495.44    161.180    160.953         33 0.0000e+00
     174893   7287.148     55.619     56.000    22.1961    22.0320   5.208433   5.188620     2.5418     2.1368     100.00   28.34786  -88.00100    0.01632    0.02336     3.7263     3.7305    22.1849    22.0208    36.4909    36.4727    25.2988    25.3314    1495.44    162.308    162.489         35 0.0000e+00
     174929   7288.687     54.625     55.000    22.3378    22.2057   5.225940   5.209812     2.5598     2.1561      94.22   28.34786  -88.00100    0.01544    0.01800     3.7521     3.7614    22.3268    22.1947    36.5101    36.4941    25.2731    25.2985    1495.44    163.439    163.840         37 0.0000e+00
     174964   7290.127     53.633     54.000    22.4856    22.3797   5.242430   5.230771     2.5715     2.1668      54.19   28.34786  -88.00100    0.01144    0.01203     3.7647     3.7728    22.4747    22.3689    36.5159    36.5132    25.2353    25.2634    1495.44    163.992    164.341         33 0.0000e+00
     175115   7296.408     50.653     51.000    22.6903    23.0085   5.255383   5.276634     2.6311     2.2905      99.97   28.33990  -87.97628    0.00278    0.01121     3.8711     4.0100    22.6809    22.9980    36.4434    36.3444    25.1201    24.9532    1495.02    168.648    174.722         42 0.0000e+00
     174906   7287.692     46.681     47.000    23.5011    23.8098   5.311473   5.335167     2.6258     2.2045      99.63   28.24274  -87.67466   -0.01373    0.00929     3.8028     3.7667    23.4912    23.7999    36.1576    36.1260    24.6531    24.5378    1489.89    165.732    164.175         45 0.0000e+00
     176956   7373.111     44.695     45.000    24.5562    24.8134   5.438081   5.462985     2.5987     2.1927     100.19   28.40287  -88.17174   -0.00115    0.00019     3.6807     3.6757    24.5466    24.8037    36.3197    36.3247    24.4834    24.4113    1498.34    160.452    160.254         34 0.0000e+00
     177407   7391.910     43.702     44.000    25.0110    25.0285   5.475868   5.478129     2.5532     2.1489     100.00   28.34786  -88.00100   -0.00244   -0.00500     3.5553     3.5636    25.0014    25.0189    36.2352    36.2354    24.2748    24.2695    1495.44    155.016    155.380         51 0.0000e+00
     177437   7393.167     42.708     43.000    24.9777    25.0632   5.473195   5.481212     2.5507     2.1483     100.00   28.34787  -88.00100   -0.00151   -0.00092     3.5546     3.5620    24.9684    25.0538    36.2392    36.2309    24.2878    24.2553    1495.44    154.983    155.310         66 0.0000e+00
     177516   7396.449     41.715     42.000    25.0059    25.1062   5.475437   5.485399     2.5502     2.1705      96.75   28.34788  -88.00100   -0.00011    0.00689     3.5516     3.6062    24.9967    25.0971    36.2342    36.2279    24.2753    24.2399    1495.44    154.857    157.241         65 0.0000e+00
     177578   7399.022     40.722     41.000    25.0915    25.1550   5.483584   5.490241     2.5577     2.1733     100.05   28.34788  -88.00100    0.00151    0.00232     3.5573     3.6090    25.0825    25.1460    36.2264    36.2253    24.2432    24.2232    1495.44    155.108    157.365         58 0.0000e+00
     177633   7401.339     39.729     40.000    25.4460    25.2914   5.517504   5.502384     2.5707     2.1758      96.67   28.34788  -88.00100    0.00563    0.00169     3.5625     3.6060    25.4372    25.2826    36.1974    36.2066    24.1121    24.1667    1495.44    155.357    157.243         56 0.0000e+00
     177691   7403.741     38.736     39.000    25.6066    25.5359   5.533580   5.526468     2.5660     2.1691      59.34   28.34788  -88.00100    0.00073   -0.00161     3.5429     3.5769    25.5979    25.5273    36.1863    36.1901    24.0540    24.0788    1495.44    154.510    155.990         49 0.0000e+00
     180632   7526.274     28.804     29.000    29.1409    29.1793   5.851032   5.849090     2.8626     2.4308      97.88   28.40571  -88.18041    0.00328    0.00880     3.8686     3.8952    29.1338    29.1723    35.7391    35.7086    22.5832    22.5469    1498.49    168.961    170.129         64 0.0000e+00
     180338   7514.041     27.811     28.000    29.1407    29.1980   5.842863   5.848004     2.8797     2.4440     100.05   28.34794  -88.00106    0.00535    0.00605     3.8978     3.9206    29.1339    29.1912    35.6719    35.6635    22.5238    22.4987    1495.44    170.241    171.241         73 0.0000e+00
     189539   7897.420      4.967      5.000    27.9447    28.1263   4.987703   5.020651     3.1609     2.6783     101.17   28.75262  -89.25708    0.00074   -0.00123     4.5868     4.6038    27.9436    28.1252    30.7373    30.9413    19.2502    19.3787    1516.78    201.006    201.749         36 0.0000e+00
     187242   7801.727      3.973      4.000    27.7274    27.7277   4.948614   4.948588     3.1156     2.6498      99.33   28.34804  -88.00113   -0.00003    0.00043     4.5502     4.5560    27.7265    27.7268    30.4986    30.4982    19.1015    19.1011    1495.44    199.405    199.658         42 0.0000e+00
     189444   7893.476      2.980      3.000    27.7238    27.7244   4.947598   4.947570     3.1143     2.6479      93.55   28.34797  -88.00110   -0.00004   -0.00034     4.5477     4.5519    27.7231    27.7237    30.4942    30.4935    19.0992    19.0986    1495.44    199.295    199.479         43 0.0000e+00
     189632   7901.295      1.986      2.000    27.7191    27.7212   4.947058   4.947202     3.1136     2.6499      97.13   28.34796  -88.00108   -0.00005    0.00055     4.5462     4.5558    27.7186    27.7208    30.4938    30.4937    19.1004    19.0996    1495.44    199.229    199.649         41 0.0000e+00
