GOMECC/GOMECC-4/1db/urb2103_0861.cnv
* Sea-Bird SBE 9 Data File:
* FileName = C:\Users\scs.user.rb\CTD\GOMECC4\data\rb2103_0861.hex
* Software Version Seasave V 7.26.7.107
* Temperature SN = 4799
* Conductivity SN = 3860
* Number of Bytes Per Scan = 41
* Number of Voltage Words = 4
* Number of Scans Averaged by the Deck Unit = 1
* NMEA Latitude = 20 01.19 N
* NMEA Longitude = 093 46.26 W
* NMEA UTC (Time) = Oct 08 2021  06:53:11
* NMEA baud rate = 4800
# nquan = 28
# nvalues = 307                         
# units = specified
# name 0 = scan: Scan Count
# name 1 = timeS: Time, Elapsed [seconds]
# name 2 = depSM: Depth [salt water, m]
# name 3 = prDM: Pressure, Digiquartz [db]
# name 4 = t090C: Temperature [ITS-90, deg C]
# name 5 = t190C: Temperature, 2 [ITS-90, deg C]
# name 6 = c0S/m: Conductivity [S/m]
# name 7 = c1S/m: Conductivity, 2 [S/m]
# name 8 = sbeox0V: Oxygen raw, SBE 43 [V]
# name 9 = sbeox1V: Oxygen raw, SBE 43, 2 [V]
# name 10 = altM: Altimeter [m]
# name 11 = latitude: Latitude [deg]
# name 12 = longitude: Longitude [deg]
# name 13 = sbox0dV/dT: Oxygen, SBE 43 [dov/dt]
# name 14 = sbox1dV/dT: Oxygen, SBE 43, 2 [dov/dt]
# name 15 = sbeox0ML/L: Oxygen, SBE 43 [ml/l], WS = 5
# name 16 = sbeox1ML/L: Oxygen, SBE 43, 2 [ml/l], WS = 5
# name 17 = potemp090C: Potential Temperature [ITS-90, deg C]
# name 18 = potemp190C: Potential Temperature, 2 [ITS-90, deg C]
# name 19 = sal00: Salinity, Practical [PSU]
# name 20 = sal11: Salinity, Practical, 2 [PSU]
# name 21 = sigma-é00: Density [sigma-theta, kg/m^3]
# name 22 = sigma-é11: Density, 2 [sigma-theta, kg/m^3]
# name 23 = avgsvCM: Average Sound Velocity [Chen-Millero, m/s], minP = 20, minS = 20
# name 24 = sbox0Mm/Kg: Oxygen, SBE 43 [umol/kg], WS = 5
# name 25 = sbox1Mm/Kg: Oxygen, SBE 43, 2 [umol/kg], WS = 5
# name 26 = nbin: number of scans per bin
# name 27 = flag: flag
# span 0 =      58706,     130211       
# span 1 =   2446.062,   5425.421       
# span 2 =      2.981,   1461.805       
# span 3 =      3.000,   1476.000       
# span 4 =     4.3873,    29.5618       
# span 5 =     4.3877,    29.5832       
# span 6 =   3.349845,   5.871497       
# span 7 =   3.349718,   5.870338       
# span 8 =     1.5718,     3.1351       
# span 9 =     1.2747,     2.6501       
# span 10 =      20.89,     102.05      
# span 11 =   19.89638,   20.11993      
# span 12 =  -94.23645,  -93.18923      
# span 13 =   -0.00275,    0.02018      
# span 14 =   -0.00334,    0.02279      
# span 15 =     2.3927,     4.5253      
# span 16 =     2.4097,     4.5482      
# span 17 =     4.2665,    29.5596      
# span 18 =     4.2670,    29.5810      
# span 19 =    34.8782,    36.5212      
# span 20 =    34.8687,    36.5257      
# span 21 =    21.8425,    27.7298      
# span 22 =    21.8364,    27.7290      
# span 23 =    1486.60,    1503.30      
# span 24 =    104.055,    196.649      
# span 25 =    104.793,    197.643      
# span 26 =         30,         65      
# span 27 = 0.0000e+00, 0.0000e+00      
# interval = decibars: 1                
# start_time = Oct 08 2021 06:53:11 [NMEA time, header]
# bad_flag = -9.990e-29
*END*
[from data line 104]
      80077   3336.512    808.432    815.000     6.3279     6.3302   3.495456   3.495609     1.6827     1.3777     100.00   20.02022  -93.77098   -0.00060   -0.00034     3.1284     3.1440     6.2524     6.2546    34.9149    34.9143    27.4528    27.4520    1495.89    135.982    136.659         31 0.0000e+00
      80428   3351.125    794.572    801.000     6.3838     6.3867   3.499909   3.500132     1.6775     1.3736     100.00   20.01978  -93.76891   -0.00055   -0.00032     3.1015     3.1190     6.3092     6.3122    34.9144    34.9139    27.4449    27.4441    1495.85    134.812    135.575         32 0.0000e+00
      80529   3355.327    790.612    797.000     6.4245     6.4257   3.503811   3.503877     1.6767     1.3720     100.01   20.02161  -93.77749   -0.00017   -0.00041     3.0935     3.1084     6.3501     6.3514    34.9185    34.9180    27.4429    27.4423    1495.99    134.464    135.115         33 0.0000e+00
      80558   3356.539    789.621    796.000     6.4223     6.4251   3.503388   3.503455     1.6751     1.3705     100.00   20.02040  -93.77184   -0.00052   -0.00077     3.0884     3.1030     6.3480     6.3508    34.9163    34.9154    27.4414    27.4402    1495.90    134.243    134.881         32 0.0000e+00
      80655   3360.600    785.661    792.000     6.4525     6.4538   3.506289   3.506351     1.6731     1.3687     100.01   20.02199  -93.77929   -0.00056   -0.00039     3.0775     3.0927     6.3785     6.3798    34.9200    34.9194    27.4403    27.4396    1496.02    133.769    134.432         33 0.0000e+00
      80683   3361.754    784.671    791.000     6.4497     6.4520   3.505774   3.505909     1.6720     1.3672     100.00   20.02040  -93.77184   -0.00058   -0.00067     3.0741     3.0874     6.3758     6.3781    34.9174    34.9165    27.4385    27.4375    1495.90    133.621    134.201         31 0.0000e+00
      80780   3365.779    780.711    787.000     6.4592     6.4593   3.506691   3.506650     1.6704     1.3665     100.01   20.02194  -93.77905   -0.00046   -0.00026     3.0664     3.0826     6.3857     6.3858    34.9200    34.9195    27.4394    27.4389    1496.01    133.288    133.991         34 0.0000e+00
      80808   3366.979    779.720    786.000     6.4576     6.4585   3.506257   3.506287     1.6697     1.3663      96.66   20.02040  -93.77184   -0.00035   -0.00004     3.0640     3.0815     6.3842     6.3850    34.9171    34.9166    27.4372    27.4367    1495.90    133.183    133.943         32 0.0000e+00
      80928   3371.964    774.769    781.000     6.4736     6.4789   3.507682   3.508082     1.6699     1.3663      99.23   20.02105  -93.77491    0.00007    0.00004     3.0613     3.0778     6.4005     6.4058    34.9187    34.9175    27.4363    27.4346    1495.95    133.065    133.783         32 0.0000e+00
      81051   3377.076    769.818    776.000     6.5135     6.5151   3.511245   3.511348     1.6682     1.3638     100.00   20.02122  -93.77567   -0.00040   -0.00044     3.0505     3.0643     6.4407     6.4423    34.9206    34.9202    27.4324    27.4319    1495.96    132.596    133.200         30 0.0000e+00
      81078   3378.220    768.828    775.000     6.5135     6.5135   3.511069   3.511079     1.6670     1.3626     100.00   20.02040  -93.77184   -0.00065   -0.00071     3.0463     3.0599     6.4408     6.4408    34.9191    34.9187    27.4312    27.4310    1495.90    132.416    133.008         31 0.0000e+00
      81454   3393.891    753.975    760.000     6.5893     6.5900   3.517459   3.517492     1.6591     1.3563     100.00   20.02086  -93.77402   -0.00030   -0.00015     3.0087     3.0260     6.5176     6.5183    34.9202    34.9198    27.4219    27.4215    1495.93    130.783    131.533         36 0.0000e+00
      81580   3399.120    749.024    755.000     6.6170     6.6146   3.519970   3.519659     1.6583     1.3549     100.00   20.02123  -93.77574   -0.00005   -0.00025     3.0020     3.0170     6.5457     6.5433    34.9223    34.9213    27.4198    27.4194    1495.96    130.493    131.144         44 0.0000e+00
      81699   3404.095    744.072    750.000     6.6498     6.6546   3.522702   3.523101     1.6560     1.3528      98.82   20.02022  -93.77101   -0.00030   -0.00025     2.9901     3.0047     6.5788     6.5835    34.9216    34.9211    27.4147    27.4137    1495.89    129.975    130.610         41 0.0000e+00
      81825   3409.323    739.120    745.000     6.6725     6.6740   3.524655   3.524721     1.6533     1.3500      71.98   20.02059  -93.77271   -0.00040   -0.00036     2.9777     2.9916     6.6019     6.6033    34.9226    34.9218    27.4124    27.4116    1495.91    129.438    130.040         31 0.0000e+00
      82870   3452.885    699.503    705.000     6.8703     6.8716   3.541847   3.542044     1.6384     1.3369     100.02   20.02453  -93.79112   -0.00022   -0.00022     2.8997     2.9156     6.8026     6.8039    34.9338    34.9331    27.3941    27.3934    1496.21    126.049    126.740         34 0.0000e+00
      83286   3470.212    696.532    702.000     6.8704     6.8686   3.541725   3.541526     1.6378     1.3374     100.02   20.02360  -93.78676   -0.00000    0.00008     2.8963     2.9164     6.8030     6.8012    34.9317    34.9312    27.3924    27.3923    1496.14    125.902    126.774         45 0.0000e+00
      83400   3474.940    695.541    701.000     6.8707     6.8730   3.541278   3.541447     1.6379     1.3365     100.00   20.02042  -93.77186    0.00008   -0.00011     2.8965     2.9130     6.8034     6.8057    34.9263    34.9259    27.3879    27.3873    1495.90    125.911    126.625         38 0.0000e+00
      83534   3480.546    694.550    700.000     6.8763     6.8768   3.541766   3.541783     1.6375     1.3366     100.00   20.02042  -93.77186   -0.00009    0.00002     2.8944     2.9125     6.8091     6.8096    34.9265    34.9262    27.3873    27.3870    1495.90    125.818    126.604         39 0.0000e+00
      84572   3523.781    693.560    699.000     6.8895     6.8923   3.542974   3.543212     1.6361     1.3350     100.00   20.02042  -93.77186    0.00005   -0.00004     2.8887     2.9054     6.8223     6.8251    34.9269    34.9267    27.3859    27.3853    1495.90    125.570    126.295         36 0.0000e+00
      84600   3524.964    691.579    697.000     6.8936     6.8937   3.543381   3.543369     1.6362     1.3356     100.00   20.02116  -93.77534    0.00007    0.00026     2.8879     2.9065     6.8266     6.8267    34.9284    34.9282    27.3865    27.3863    1495.96    125.535    126.345         31 0.0000e+00
      84635   3526.417    690.588    696.000     6.8954     6.8974   3.543433   3.543540     1.6364     1.3357     100.00   20.02042  -93.77186    0.00005    0.00015     2.8882     2.9064     6.8285     6.8305    34.9274    34.9266    27.3854    27.3845    1495.90    125.547    126.341         44 0.0000e+00
      84672   3527.969    689.597    695.000     6.8983     6.8994   3.543657   3.543672     1.6366     1.3357     100.00   20.02043  -93.77186    0.00013    0.00005     2.8882     2.9059     6.8315     6.8325    34.9274    34.9266    27.3850    27.3842    1495.90    125.548    126.318         30 0.0000e+00
      84751   3531.266    686.626    692.000     6.9122     6.9137   3.544964   3.545042     1.6362     1.3352      95.54   20.02112  -93.77504   -0.00014   -0.00007     2.8847     2.9018     6.8456     6.8471    34.9293    34.9287    27.3846    27.3838    1495.95    125.396    126.139         32 0.0000e+00
      84781   3532.513    685.635    691.000     6.9132     6.9142   3.544899   3.544935     1.6361     1.3346     100.11   20.02044  -93.77187   -0.00008   -0.00036     2.8839     2.8994     6.8466     6.8477    34.9280    34.9274    27.3834    27.3827    1495.90    125.361    126.035         32 0.0000e+00
      84862   3535.862    682.664    688.000     6.9329     6.9337   3.546646   3.546678     1.6361     1.3344      74.43   20.02048  -93.77208    0.00001   -0.00001     2.8814     2.8962     6.8666     6.8674    34.9287    34.9283    27.3812    27.3807    1495.90    125.253    125.899         30 0.0000e+00
      84977   3540.659    678.701    684.000     7.0036     7.0040   3.553313   3.553267     1.6350     1.3317     100.00   20.02075  -93.77334   -0.00020   -0.00042     2.8708     2.8799     6.9373     6.9377    34.9325    34.9316    27.3744    27.3736    1495.92    124.795    125.190         30 0.0000e+00
      85006   3541.879    677.710    683.000     7.0098     7.0138   3.553829   3.554145     1.6341     1.3302      98.43   20.02044  -93.77188   -0.00034   -0.00085     2.8673     2.8740     6.9436     6.9476    34.9323    34.9317    27.3734    27.3723    1495.90    124.640    124.934         30 0.0000e+00
      85634   3568.042    652.943    658.000     7.1641     7.1654   3.567609   3.567684     1.6210     1.3205     100.00   20.02078  -93.77353   -0.00021   -0.00013     2.8053     2.8206     7.0996     7.1010    34.9396    34.9391    27.3573    27.3568    1495.93    121.946    122.614         30 0.0000e+00
      86127   3588.593    633.127    638.000     7.2453     7.2463   3.574603   3.574525     1.6168     1.3162     100.00   20.02047  -93.77212   -0.00018   -0.00053     2.7789     2.7929     7.1825     7.1835    34.9437    34.9419    27.3489    27.3473    1495.90    120.802    121.411         31 0.0000e+00
      86252   3593.786    628.173    633.000     7.2979     7.2983   3.579647   3.579650     1.6153     1.3148     100.00   20.02109  -93.77499   -0.00025   -0.00024     2.7687     2.7826     7.2353     7.2357    34.9482    34.9474    27.3450    27.3442    1495.95    120.358    120.962         35 0.0000e+00
      86375   3598.910    623.218    628.000     7.3274     7.3291   3.582526   3.582614     1.6124     1.3126      95.18   20.02236  -93.78093   -0.00042   -0.00045     2.7555     2.7712     7.2652     7.2670    34.9526    34.9517    27.3442    27.3433    1496.04    119.787    120.467         30 0.0000e+00
      86402   3600.030    622.228    627.000     7.3276     7.3267   3.582201   3.582067     1.6116     1.3112      99.55   20.02043  -93.77188   -0.00046   -0.00056     2.7528     2.7663     7.2656     7.2646    34.9489    34.9484    27.3412    27.3409    1495.90    119.670    120.254         37 0.0000e+00
      86526   3605.226    617.273    622.000     7.3695     7.3701   3.586301   3.586313     1.6107     1.3102      97.48   20.02191  -93.77885   -0.00012   -0.00006     2.7450     2.7580     7.3078     7.3083    34.9541    34.9537    27.3393    27.3389    1496.01    119.330    119.896         45 0.0000e+00
      86643   3610.078    612.319    617.000     7.3988     7.4004   3.588985   3.589058     1.6087     1.3090      99.38   20.02190  -93.77879   -0.00032   -0.00008     2.7349     2.7499     7.3375     7.3391    34.9558    34.9554    27.3364    27.3359    1496.01    118.892    119.545         30 0.0000e+00
      86671   3611.253    611.327    616.000     7.3969     7.3951   3.588514   3.588271     1.6079     1.3080      93.23   20.02042  -93.77188   -0.00036   -0.00021     2.7327     2.7467     7.3357     7.3339    34.9532    34.9524    27.3346    27.3342    1495.90    118.793    119.406         36 0.0000e+00
      86788   3616.133    606.373    611.000     7.4205     7.4207   3.590485   3.590378     1.6063     1.3069      79.98   20.01954  -93.76776   -0.00018   -0.00015     2.7244     2.7395     7.3597     7.3599    34.9532    34.9523    27.3311    27.3303    1495.83    118.433    119.092         33 0.0000e+00
      86977   3624.004    599.436    604.000     7.4529     7.4538   3.593795   3.593851     1.6058     1.3067     100.01   20.02282  -93.78313   -0.00009   -0.00000     2.7175     2.7339     7.3927     7.3935    34.9605    34.9602    27.3323    27.3319    1496.08    118.134    118.849         31 0.0000e+00
      87113   3629.678    598.445    603.000     7.4531     7.4626   3.593400   3.594274     1.6044     1.3058      95.49   20.02042  -93.77187   -0.00010    0.00004     2.7132     2.7301     7.3930     7.4024    34.9560    34.9560    27.3286    27.3272    1495.90    117.950    118.682         58 0.0000e+00
      87279   3636.567    597.454    602.000     7.4554     7.4690   3.593614   3.594958     1.6041     1.3048      64.19   20.02042  -93.77186    0.00010   -0.00003     2.7117     2.7259     7.3953     7.4089    34.9565    34.9573    27.3286    27.3273    1495.90    117.882    118.500         35 0.0000e+00
      87465   3644.347    596.463    601.000     7.4588     7.4659   3.593942   3.594591     1.6034     1.3044      94.48   20.02042  -93.77186    0.00002    0.00011     2.7091     2.7243     7.3988     7.4059    34.9569    34.9571    27.3285    27.3276    1495.90    117.768    118.431         54 0.0000e+00
      87963   3665.075    595.472    600.000     7.4793     7.4904   3.595899   3.597176     1.6021     1.3034     100.25   20.02042  -93.77187    0.00001    0.00010     2.7033     2.7188     7.4193     7.4304    34.9583    34.9588    27.3266    27.3254    1495.90    117.517    118.194         38 0.0000e+00
      88626   3692.714    594.481    599.000     7.5112     7.5174   3.599017   3.599581     1.6001     1.3016     100.00   20.02042  -93.77186    0.00002    0.00012     2.6944     2.7109     7.4512     7.4573    34.9605    34.9603    27.3237    27.3227    1495.90    117.131    117.847         51 0.0000e+00
      88674   3694.704    593.490    598.000     7.4980     7.5091   3.597677   3.598726     1.6000     1.3022     100.00   20.02042  -93.77187    0.00015    0.00010     2.6948     2.7131     7.4382     7.4492    34.9598    34.9604    27.3250    27.3240    1495.90    117.147    117.945         33 0.0000e+00
      88758   3698.222    590.517    595.000     7.5329     7.5415   3.601031   3.601852     1.6020     1.3031     100.00   20.02117  -93.77538    0.00049    0.00033     2.6973     2.7126     7.4732     7.4818    34.9627    34.9629    27.3223    27.3212    1495.96    117.256    117.923         35 0.0000e+00
      88789   3699.499    589.525    594.000     7.5409     7.5510   3.601692   3.602612     1.6020     1.3028     100.00   20.02042  -93.77187    0.00059    0.00001     2.6962     2.7106     7.4813     7.4913    34.9622    34.9620    27.3207    27.3191    1495.90    117.212    117.838         32 0.0000e+00
      89289   3720.347    569.704    574.000     7.6681     7.6707   3.613627   3.613843     1.5973     1.2978     100.01   20.02184  -93.77850   -0.00026   -0.00042     2.6659     2.6787     7.6101     7.6127    34.9736    34.9733    27.3110    27.3104    1496.01    115.894    116.449         31 0.0000e+00
      89407   3725.269    564.748    569.000     7.6939     7.6952   3.615866   3.615938     1.5954     1.2967     100.00   20.02086  -93.77390   -0.00022   -0.00031     2.6568     2.6718     7.6363     7.6376    34.9741    34.9736    27.3075    27.3069    1495.93    115.500    116.151         30 0.0000e+00
      90090   3753.693    536.993    541.000     7.9335     7.9371   3.638421   3.638745     1.5868     1.2885      97.69   20.01936  -93.76683   -0.00062   -0.00056     2.6048     2.6188     7.8778     7.8814    34.9904    34.9903    27.2846    27.2839    1495.82    113.242    113.848         32 0.0000e+00
      90194   3758.037    533.028    537.000     7.9754     7.9779   3.642889   3.643096     1.5853     1.2869     100.01   20.02230  -93.78063   -0.00043   -0.00051     2.5956     2.6092     7.9200     7.9225    34.9990    34.9987    27.2852    27.2846    1496.04    112.840    113.434         30 0.0000e+00
      90217   3759.013    532.037    536.000     7.9653     7.9712   3.641591   3.642141     1.5848     1.2860      81.36   20.02044  -93.77190   -0.00028   -0.00035     2.5948     2.6067     7.9100     7.9159    34.9953    34.9953    27.2837    27.2828    1495.90    112.805    113.326         32 0.0000e+00
