GOMECC/GOMECC-4/1db/urb2103_0701.cnv
* Sea-Bird SBE 9 Data File:
* FileName = C:\Users\scs.user.rb\CTD\GOMECC4\data\rb2103_0701.hex
* Software Version Seasave V 7.26.7.107
* Temperature SN = 4799
* Conductivity SN = 3860
* Number of Bytes Per Scan = 41
* Number of Voltage Words = 4
* Number of Scans Averaged by the Deck Unit = 1
* NMEA Latitude = 26 03.47 N
* NMEA Longitude = 094 40.25 W
* NMEA UTC (Time) = Oct 03 2021  15:59:31
* NMEA baud rate = 4800
# nquan = 28
# nvalues = 485                         
# units = specified
# name 0 = scan: Scan Count
# name 1 = timeS: Time, Elapsed [seconds]
# name 2 = depSM: Depth [salt water, m]
# name 3 = prDM: Pressure, Digiquartz [db]
# name 4 = t090C: Temperature [ITS-90, deg C]
# name 5 = t190C: Temperature, 2 [ITS-90, deg C]
# name 6 = c0S/m: Conductivity [S/m]
# name 7 = c1S/m: Conductivity, 2 [S/m]
# name 8 = sbeox0V: Oxygen raw, SBE 43 [V]
# name 9 = sbeox1V: Oxygen raw, SBE 43, 2 [V]
# name 10 = altM: Altimeter [m]
# name 11 = latitude: Latitude [deg]
# name 12 = longitude: Longitude [deg]
# name 13 = sbox0dV/dT: Oxygen, SBE 43 [dov/dt]
# name 14 = sbox1dV/dT: Oxygen, SBE 43, 2 [dov/dt]
# name 15 = sbeox0ML/L: Oxygen, SBE 43 [ml/l], WS = 5
# name 16 = sbeox1ML/L: Oxygen, SBE 43, 2 [ml/l], WS = 5
# name 17 = potemp090C: Potential Temperature [ITS-90, deg C]
# name 18 = potemp190C: Potential Temperature, 2 [ITS-90, deg C]
# name 19 = sal00: Salinity, Practical [PSU]
# name 20 = sal11: Salinity, Practical, 2 [PSU]
# name 21 = sigma-é00: Density [sigma-theta, kg/m^3]
# name 22 = sigma-é11: Density, 2 [sigma-theta, kg/m^3]
# name 23 = avgsvCM: Average Sound Velocity [Chen-Millero, m/s], minP = 20, minS = 20
# name 24 = sbox0Mm/Kg: Oxygen, SBE 43 [umol/kg], WS = 5
# name 25 = sbox1Mm/Kg: Oxygen, SBE 43, 2 [umol/kg], WS = 5
# name 26 = nbin: number of scans per bin
# name 27 = flag: flag
# span 0 =      98266,     229637       
# span 1 =   4094.359,   9568.172       
# span 2 =      0.993,   3012.304       
# span 3 =      1.000,   3054.000       
# span 4 =     4.2991,    29.3184       
# span 5 =     4.2999,    29.3350       
# span 6 =   3.352996,   5.942188       
# span 7 =   3.352769,   5.942478       
# span 8 =     1.5712,     3.4070       
# span 9 =     1.2747,     2.9151       
# span 10 =      10.41,     104.60      
# span 11 =   25.89812,   26.10013      
# span 12 =  -94.80923,  -94.07409      
# span 13 =   -0.02173,    0.03216      
# span 14 =   -0.02089,    0.02971      
# span 15 =     2.3809,     5.0812      
# span 16 =     2.3978,     5.0778      
# span 17 =     4.0799,    29.3098      
# span 18 =     4.0810,    29.3265      
# span 19 =    34.9107,    36.6156      
# span 20 =    34.9099,    36.6062      
# span 21 =    22.5455,    27.7591      
# span 22 =    22.5805,    27.7577      
# span 23 =    1493.35,    1505.02      
# span 24 =    103.535,    221.626      
# span 25 =    104.268,    221.480      
# span 26 =         30,         74      
# span 27 = 0.0000e+00, 0.0000e+00      
# interval = decibars: 1                
# start_time = Oct 03 2021 15:59:31 [NMEA time, header]
# bad_flag = -9.990e-29
*END*
[from data line 467]
     216954   9039.711     40.729     41.000    29.2056    29.1768   5.922657   5.920327     3.1518     2.6676     100.18   26.06151  -94.66900   -0.00226   -0.00317     4.3788     4.3637    29.1956    29.1668    36.1694    36.1750    22.8767    22.8905    1502.79    191.185    190.522         47 0.0000e+00
     216999   9041.595     39.736     40.000    29.2764    29.2631   5.932267   5.930469     3.1436     2.6608      91.27   26.06152  -94.66900   -0.00258   -0.00210     4.3576     4.3435    29.2666    29.2533    36.1824    36.1801    22.8624    22.8652    1502.79    190.260    189.642         39 0.0000e+00
     217081   9045.012     38.742     39.000    29.2681    29.2773   5.931237   5.932273     3.1359     2.6553      90.10   26.06152  -94.66900   -0.00252   -0.00191     4.3441     4.3309    29.2586    29.2678    36.1825    36.1820    22.8653    22.8618    1502.79    189.671    189.094         55 0.0000e+00
     217161   9048.333     37.749     38.000    29.2419    29.2535   5.927976   5.929489     3.1359     2.6530     101.46   26.06152  -94.66900    0.00074   -0.00035     4.3456     4.3272    29.2327    29.2442    36.1794    36.1812    22.8716    22.8691    1502.79    189.733    188.934         43 0.0000e+00
     217278   9053.199     36.756     37.000    29.2311    29.2737   5.926824   5.931869     3.1407     2.6550     100.00   26.06152  -94.66899    0.00077   -0.00038     4.3544     4.3293    29.2220    29.2647    36.1800    36.1826    22.8757    22.8632    1502.79    190.119    189.023         55 0.0000e+00
     217812   9075.470     34.769     35.000    29.3184    29.3350   5.942188   5.942478     3.1381     2.6541     100.15   26.10013  -94.80923   -0.00028    0.00007     4.3409     4.3239    29.3098    29.3265    36.2174    36.2358    22.8796    22.8906    1505.02    189.534    188.789         39 0.0000e+00
     217578   9065.716     33.776     34.000    29.2855    29.2850   5.932597   5.932558     3.1335     2.6444     100.00   26.06152  -94.66898   -0.00047   -0.00190     4.3356     4.3059    29.2772    29.2767    36.1796    36.1797    22.8568    22.8570    1502.79    189.299    188.003         40 0.0000e+00
     217642   9068.374     31.789     32.000    29.2581    29.2601   5.927178   5.927481     3.1322     2.6539      99.93   26.04387  -94.60488   -0.00001    0.00080     4.3340     4.3251    29.2503    29.2523    36.1517    36.1523    22.8411    22.8409    1501.77    189.232    188.841         33 0.0000e+00
     217890   9078.713     30.796     31.000    29.2707    29.2700   5.929726   5.929377     3.1325     2.6537     100.00   26.06152  -94.66898    0.00125    0.00037     4.3338     4.3243    29.2632    29.2625    36.1718    36.1700    22.8557    22.8545    1502.79    189.223    188.807         38 0.0000e+00
     218882   9120.056     29.803     30.000    29.2575    29.2582   5.926644   5.926681     3.1355     2.6569      83.50   26.06155  -94.66896    0.00040    0.00033     4.3402     4.3312    29.2502    29.2509    36.1614    36.1610    22.8522    22.8517    1502.79    189.503    189.111         46 0.0000e+00
     219239   9134.925     28.809     29.000    29.2429    29.2459   5.924892   5.925114     3.1346     2.6542      99.13   26.06156  -94.66895   -0.00014    0.00014     4.3389     4.3262    29.2358    29.2388    36.1600    36.1594    22.8560    22.8546    1502.79    189.445    188.892         37 0.0000e+00
     219343   9139.252     27.816     28.000    29.2414    29.2422   5.924546   5.924643     3.1344     2.6561     100.00   26.06156  -94.66894   -0.00012    0.00047     4.3381     4.3297    29.2346    29.2354    36.1592    36.1593    22.8559    22.8556    1502.79    189.412    189.041         74 0.0000e+00
     218936   9122.292     22.849     23.000    29.1234    29.1580   5.899158   5.898812     3.1239     2.6457      99.57   25.95046  -94.26531    0.00054   -0.00024     4.3220     4.3105    29.1177    29.1524    36.0006    36.0451    22.7524    22.7811    1496.38    188.709    188.208         34 0.0000e+00
     219990   9166.222     21.856     22.000    29.2488    29.2483   5.924277   5.924278     3.1393     2.6551     100.00   26.06158  -94.66894    0.00085   -0.00024     4.3434     4.3244    29.2434    29.2429    36.1536    36.1539    22.8486    22.8490    1502.79    189.644    188.812         46 0.0000e+00
     220106   9171.032     20.862     21.000    29.2467    29.2458   5.923838   5.923593     3.1374     2.6567     100.00   26.06158  -94.66894   -0.00038    0.00006     4.3398     4.3273    29.2416    29.2406    36.1524    36.1513    22.8483    22.8478    1502.79    189.484    188.942         35 0.0000e+00
     220930   9205.382     17.882     18.000    29.1026    29.0999   5.894725   5.893696     3.1280     2.6504      91.95   25.96539  -94.31937   -0.00028   -0.00013     4.3296     4.3197    29.0983    29.0956    35.9969    35.9920    22.7594    22.7567    1497.24    189.043    188.610         58 0.0000e+00
     221817   9242.348     10.928     11.000    29.0699    29.0728   5.887047   5.887372     3.1309     2.6485      99.55   25.94368  -94.24045    0.00079   -0.00119     4.3329     4.3137    29.0672    29.0702    35.9565    35.9565    22.7349    22.7339    1495.99    189.186    188.350         33 0.0000e+00
     229637   9568.172      0.993      1.000    29.1564    29.1481   5.866676   5.876961     3.1300     2.6485      98.81   25.89812  -94.07409    0.00037    0.00027     4.3264     4.3036    29.1562    29.1479    35.7523    35.8004    22.5455    22.5805    1493.35    188.934    187.927         49 0.0000e+00
