GOMECC/GOMECC-4/1db/urb2103_0841.cnv
* Sea-Bird SBE 9 Data File:
* FileName = C:\Users\scs.user.rb\CTD\GOMECC4\data\rb2103_0841.hex
* Software Version Seasave V 7.26.7.107
* Temperature SN = 4799
* Conductivity SN = 3860
* Number of Bytes Per Scan = 41
* Number of Voltage Words = 4
* Number of Scans Averaged by the Deck Unit = 1
* NMEA Latitude = 20 43.74 N
* NMEA Longitude = 094 44.99 W
* NMEA UTC (Time) = Oct 07 2021  16:02:53
* NMEA baud rate = 4800
# nquan = 28
# nvalues = 418                         
# units = specified
# name 0 = scan: Scan Count
# name 1 = timeS: Time, Elapsed [seconds]
# name 2 = depSM: Depth [salt water, m]
# name 3 = prDM: Pressure, Digiquartz [db]
# name 4 = t090C: Temperature [ITS-90, deg C]
# name 5 = t190C: Temperature, 2 [ITS-90, deg C]
# name 6 = c0S/m: Conductivity [S/m]
# name 7 = c1S/m: Conductivity, 2 [S/m]
# name 8 = sbeox0V: Oxygen raw, SBE 43 [V]
# name 9 = sbeox1V: Oxygen raw, SBE 43, 2 [V]
# name 10 = altM: Altimeter [m]
# name 11 = latitude: Latitude [deg]
# name 12 = longitude: Longitude [deg]
# name 13 = sbox0dV/dT: Oxygen, SBE 43 [dov/dt]
# name 14 = sbox1dV/dT: Oxygen, SBE 43, 2 [dov/dt]
# name 15 = sbeox0ML/L: Oxygen, SBE 43 [ml/l], WS = 5
# name 16 = sbeox1ML/L: Oxygen, SBE 43, 2 [ml/l], WS = 5
# name 17 = potemp090C: Potential Temperature [ITS-90, deg C]
# name 18 = potemp190C: Potential Temperature, 2 [ITS-90, deg C]
# name 19 = sal00: Salinity, Practical [PSU]
# name 20 = sal11: Salinity, Practical, 2 [PSU]
# name 21 = sigma-é00: Density [sigma-theta, kg/m^3]
# name 22 = sigma-é11: Density, 2 [sigma-theta, kg/m^3]
# name 23 = avgsvCM: Average Sound Velocity [Chen-Millero, m/s], minP = 20, minS = 20
# name 24 = sbox0Mm/Kg: Oxygen, SBE 43 [umol/kg], WS = 5
# name 25 = sbox1Mm/Kg: Oxygen, SBE 43, 2 [umol/kg], WS = 5
# name 26 = nbin: number of scans per bin
# name 27 = flag: flag
# span 0 =     104646,     245304       
# span 1 =   4360.192,  10220.976       
# span 2 =      0.994,   3190.645       
# span 3 =      1.000,   3235.000       
# span 4 =     4.2654,    30.1133       
# span 5 =     4.2664,    30.1149       
# span 6 =   3.340785,   6.114497       
# span 7 =   3.340734,   6.114687       
# span 8 =     1.5650,     3.3146       
# span 9 =     1.2677,     2.8205       
# span 10 =      11.23,     103.12      
# span 11 =   20.62452,   21.14600      
# span 12 =  -96.65973,  -94.27599      
# span 13 =   -0.01188,    0.02163      
# span 14 =   -0.00824,    0.02317      
# span 15 =     2.3814,     4.9554      
# span 16 =     2.3934,     4.9520      
# span 17 =     4.0774,    30.1123      
# span 18 =     4.0783,    30.1139      
# span 19 =    34.9119,    37.1664      
# span 20 =    34.9099,    37.1667      
# span 21 =    22.8780,    27.7596      
# span 22 =    22.8775,    27.7583      
# span 23 =    1494.33,    1532.11      
# span 24 =    103.553,    216.108      
# span 25 =    104.078,    215.944      
# span 26 =         30,         71      
# span 27 = 0.0000e+00, 0.0000e+00      
# interval = decibars: 1                
# start_time = Oct 07 2021 16:02:53 [NMEA time, header]
# bad_flag = -9.990e-29
*END*
[from data line 311]
     211710   8821.229    329.693    332.000    10.9316    10.9413   3.947304   3.948257     1.6045     1.3035     100.00   20.72854  -94.75101    0.00008    0.00015     2.3958     2.4099    10.8904    10.9001    35.3488    35.3491    27.0672    27.0657    1501.86    104.175    104.790         31 0.0000e+00
     211819   8825.740    328.701    331.000    10.9188    10.9082   3.945686   3.944410     1.6047     1.3032      87.66   20.72854  -94.75102    0.00011   -0.00018     2.3969     2.4107    10.8778    10.8672    35.3470    35.3428    27.0680    27.0667    1501.86    104.226    104.823         50 0.0000e+00
     211971   8832.067    326.716    329.000    10.9982    11.0236   3.953330   3.956412     1.6054     1.3056      86.34   20.72277  -94.72474    0.00006    0.00018     2.3940     2.4105    10.9572    10.9825    35.3467    35.3510    27.0530    27.0517    1501.44    104.101    104.816         35 0.0000e+00
     212149   8839.489    325.724    328.000    11.0327    11.0567   3.958425   3.960830     1.6081     1.3060      90.43   20.72852  -94.75102    0.00046    0.00006     2.3980     2.4092    10.9917    11.0157    35.3630    35.3662    27.0599    27.0580    1501.86    104.274    104.762         37 0.0000e+00
     212252   8843.773    324.731    327.000    11.0767    11.0856   3.962811   3.963750     1.6087     1.3068     103.12   20.72852  -94.75102    0.00002    0.00034     2.3970     2.4099    11.0358    11.0447    35.3680    35.3686    27.0557    27.0546    1501.86    104.228    104.793         32 0.0000e+00
     212364   8848.474    323.739    326.000    11.0853    11.0955   3.964049   3.965135     1.6095     1.3085     100.00   20.72852  -94.75104    0.00003    0.00020     2.3982     2.4137    11.0445    11.0547    35.3704    35.3718    27.0560    27.0552    1501.86    104.280    104.958         46 0.0000e+00
     213862   8910.866    322.747    325.000    11.1577    11.1576   3.971977   3.971916     1.6110     1.3089     100.00   20.72848  -94.75110    0.00002   -0.00002     2.3975     2.4110    11.1168    11.1167    35.3809    35.3801    27.0510    27.0503    1501.86    104.252    104.839         37 0.0000e+00
     214044   8918.476    321.755    324.000    11.1584    11.1580   3.972121   3.971990     1.6112     1.3091      89.64   20.72848  -94.75110    0.00010    0.00001     2.3979     2.4112    11.1177    11.1173    35.3825    35.3812    27.0520    27.0511    1501.86    104.268    104.846         63 0.0000e+00
     214114   8921.364    320.762    323.000    11.1631    11.1645   3.972523   3.972569     1.6105     1.3092     101.01   20.72849  -94.75110   -0.00014    0.00011     2.3953     2.4107    11.1225    11.1239    35.3820    35.3812    27.0508    27.0499    1501.86    104.159    104.828         54 0.0000e+00
     214152   8922.975    319.770    322.000    11.1812    11.1783   3.974539   3.974098     1.6105     1.3090      98.81   20.72850  -94.75110   -0.00024   -0.00007     2.3938     2.4091    11.1407    11.1378    35.3851    35.3836    27.0499    27.0492    1501.86    104.093    104.755         32 0.0000e+00
     214182   8924.219    318.778    321.000    11.1958    11.1955   3.976152   3.975969     1.6106     1.3089      88.85   20.72850  -94.75110   -0.00002   -0.00009     2.3930     2.4077    11.1554    11.1551    35.3877    35.3861    27.0491    27.0480    1501.86    104.056    104.695         30 0.0000e+00
     214214   8925.539    317.785    320.000    11.2068    11.2074   3.977310   3.977287     1.6100     1.3086     100.16   20.72850  -94.75110   -0.00006   -0.00010     2.3904     2.4058    11.1664    11.1671    35.3891    35.3882    27.0482    27.0474    1501.86    103.943    104.612         32 0.0000e+00
     214573   8940.512    303.893    306.000    11.4866    11.4911   4.007987   4.008110     1.6144     1.3114     100.00   20.72833  -94.75035    0.00063    0.00010     2.3814     2.3934    11.4475    11.4519    35.4312    35.4281    27.0289    27.0257    1501.85    103.553    104.078         31 0.0000e+00
     215616   8983.963    265.186    267.000    12.5213    12.5308   4.122879   4.123706     1.6630     1.3552     100.01   20.72976  -94.75690    0.00149    0.00104     2.4364     2.4475    12.4851    12.4946    35.5869    35.5859    26.9507    26.9481    1501.95    105.952    106.438         31 0.0000e+00
     215738   8989.022    260.223    262.000    12.6707    12.6688   4.139621   4.139048     1.6669     1.3595     100.00   20.72898  -94.75335    0.00084    0.00067     2.4362     2.4503    12.6350    12.6331    35.6089    35.6052    26.9381    26.9356    1501.89    105.946    106.559         32 0.0000e+00
     216093   9003.817    246.327    248.000    13.1175    13.1216   4.189690   4.190055     1.6760     1.3674      99.99   20.72743  -94.74638    0.00078    0.00076     2.4292     2.4427    13.0829    13.0870    35.6730    35.6726    26.8976    26.8964    1501.78    105.647    106.232         30 0.0000e+00
     216705   9029.338    226.472    228.000    13.7953    13.7944   4.267838   4.267882     1.7029     1.3908     100.02   20.73224  -94.76834    0.00134    0.00115     2.4515     2.4634    13.7624    13.7615    35.7881    35.7897    26.8469    26.8483    1502.13    106.624    107.140         48 0.0000e+00
     216761   9031.665    225.480    227.000    13.8667    13.8676   4.275307   4.274338     1.7052     1.3931     100.00   20.72848  -94.75116    0.00074    0.00073     2.4531     2.4653    13.8338    13.8347    35.7904    35.7806    26.8333    26.8255    1501.86    106.691    107.225         39 0.0000e+00
     216854   9035.541    224.487    226.000    13.9247    13.9030   4.281136   4.276590     1.7084     1.3956      72.99   20.72848  -94.75117    0.00103    0.00116     2.4576     2.4697    13.8919    13.8702    35.7925    35.7810    26.8227    26.8184    1501.86    106.890    107.415         31 0.0000e+00
     217335   9055.598    223.494    225.000    13.9841    14.0071   4.289040   4.291045     1.7130     1.4008     101.47   20.72847  -94.75119    0.00054    0.00086     2.4651     2.4779    13.9514    13.9743    35.8103    35.8086    26.8239    26.8177    1501.86    107.214    107.772         60 0.0000e+00
     218503   9104.265    222.501    224.000    14.0712    14.0669   4.299247   4.298597     1.7184     1.4055     100.00   20.72846  -94.75121   -0.00005   -0.00003     2.4731     2.4869    14.0385    14.0342    35.8251    35.8243    26.8169    26.8172    1501.86    107.566    108.163         56 0.0000e+00
     218531   9105.430    221.509    223.000    14.0774    14.0699   4.299811   4.298911     1.7188     1.4058      83.21   20.72846  -94.75122    0.00014    0.00005     2.4734     2.4871    14.0448    14.0373    35.8250    35.8238    26.8155    26.8161    1501.86    107.576    108.171         67 0.0000e+00
     218586   9107.707    220.516    222.000    14.1013    14.1105   4.302457   4.303260     1.7194     1.4068     101.31   20.72846  -94.75122    0.00028    0.00039     2.4730     2.4873    14.0682    14.0784    35.8279    35.8274    26.8127    26.8104    1501.86    107.559    108.181         36 0.0000e+00
     218621   9109.156    219.523    221.000    14.1725    14.1726   4.310623   4.310779     1.7211     1.4085     100.00   20.72846  -94.75122    0.00052    0.00070     2.4734     2.4882    14.1401    14.1402    35.8388    35.8396    26.8059    26.8065    1501.86    107.578    108.220         34 0.0000e+00
     218719   9113.230    216.545    218.000    14.1992    14.2014   4.314024   4.314186     1.7244     1.4102     100.01   20.72988  -94.75772    0.00092    0.00044     2.4787     2.4902    14.1672    14.1693    35.8470    35.8465    26.8065    26.8057    1501.96    107.809    108.308         30 0.0000e+00
     218828   9117.779    211.581    213.000    14.2499    14.2528   4.319404   4.319670     1.7271     1.4135     100.00   20.72744  -94.74654    0.00059    0.00066     2.4811     2.4947    14.2184    14.2214    35.8511    35.8510    26.7985    26.7978    1501.79    107.913    108.506         30 0.0000e+00
     218951   9122.932    207.609    209.000    14.3675    14.3715   4.333308   4.333505     1.7302     1.4176      77.04   20.72887  -94.75311    0.00077    0.00091     2.4806     2.4978    14.3365    14.3405    35.8733    35.8714    26.7904    26.7881    1501.89    107.892    108.642         31 0.0000e+00
     219073   9127.982    202.645    204.000    14.4668    14.4859   4.344433   4.346290     1.7352     1.4214      59.35   20.72743  -94.74649    0.00079    0.00099     2.4855     2.5003    14.4365    14.4555    35.8857    35.8852    26.7783    26.7739    1501.79    108.109    108.750         30 0.0000e+00
     219241   9134.992    197.680    199.000    14.5784    14.5924   4.357751   4.359097     1.7414     1.4272     100.01   20.73052  -94.76065    0.00123    0.00077     2.4925     2.5080    14.5486    14.5626    35.9090    35.9084    26.7723    26.7689    1502.01    108.414    109.088         31 0.0000e+00
     219372   9140.472    192.716    194.000    14.7707    14.7867   4.379948   4.381447     1.7488     1.4326     100.01   20.73024  -94.75936    0.00135    0.00112     2.4981     2.5104    14.7414    14.7573    35.9377    35.9367    26.7524    26.7481    1501.99    108.657    109.192         32 0.0000e+00
     219789   9157.836    176.829    178.000    15.4569    15.4630   4.459609   4.460348     1.7772     1.4569      99.00   20.72832  -94.75062    0.00135    0.00070     2.5225     2.5322    15.4292    15.4352    36.0390    36.0402    26.6774    26.6770    1501.85    109.727    110.149         30 0.0000e+00
     219912   9162.940    172.857    174.000    15.5616    15.5723   4.471992   4.472999     1.7804     1.4609     100.01   20.72960  -94.75644    0.00072    0.00111     2.5227     2.5352    15.5344    15.5450    36.0575    36.0568    26.6680    26.6651    1501.94    109.736    110.281         30 0.0000e+00
     220021   9167.495    167.892    169.000    15.7094    15.7266   4.489045   4.490750     1.7884     1.4686      74.60   20.72713  -94.74516    0.00135    0.00141     2.5317     2.5453    15.6828    15.6999    36.0771    36.0767    26.6491    26.6449    1501.76    110.133    110.724         31 0.0000e+00
     220244   9176.781    160.940    162.000    16.0162    15.9964   4.525243   4.523015     1.8020     1.4804     100.01   20.73022  -94.75930    0.00123    0.00112     2.5441     2.5588    15.9903    15.9706    36.1261    36.1244    26.6167    26.6199    1501.99    110.675    111.313         31 0.0000e+00
     220730   9197.033    142.071    143.000    17.0074    17.0132   4.641388   4.642169     1.8387     1.5124      99.99   20.72707  -94.74493    0.00049    0.00054     2.5677     2.5794    16.9836    16.9895    36.2633    36.2649    26.4881    26.4879    1501.76    111.716    112.225         30 0.0000e+00
     220861   9202.516    138.099    139.000    17.2993    17.3242   4.676091   4.679093     1.8505     1.5231     100.00   20.72948  -94.75591    0.00297    0.00257     2.5772     2.5886    17.2759    17.3008    36.3068    36.3105    26.4514    26.4482    1501.93    112.130    112.626         30 0.0000e+00
     221193   9216.339    130.153    131.000    17.5349    17.6314   4.704294   4.715497     1.8584     1.5303      88.93   20.73576  -94.78465   -0.00076   -0.00020     2.5793     2.5876    17.5126    17.6091    36.3471    36.3577    26.4254    26.4100    1502.39    112.225    112.590         55 0.0000e+00
     221209   9217.013    129.160    130.000    17.6114    17.6695   4.712157   4.719621     1.8606     1.5325      98.78   20.72846  -94.75122    0.00099    0.00100     2.5801     2.5908    17.5893    17.6473    36.3431    36.3557    26.4026    26.3980    1501.86    112.261    112.730         48 0.0000e+00
     221307   9221.077    128.167    129.000    17.7575    17.8108   4.728933   4.735534     1.8640     1.5360      99.99   20.72846  -94.75122    0.00111    0.00109     2.5793     2.5917    17.7354    17.7886    36.3579    36.3673    26.3781    26.3721    1501.86    112.232    112.771         31 0.0000e+00
     221398   9224.864    127.173    128.000    17.9154    17.9088   4.747994   4.746968     1.8680     1.5401     100.00   20.72846  -94.75122    0.00099    0.00082     2.5796     2.5962    17.8865    17.8872    36.3877    36.3804    26.3636    26.3584    1501.86    112.246    112.967         45 0.0000e+00
     221496   9228.968    126.179    127.000    18.0396    18.1024   4.762786   4.769526     1.8756     1.5453     100.00   20.72846  -94.75122    0.00144    0.00146     2.5892     2.5989    18.0174    18.0803    36.3962    36.4003    26.3375    26.3251    1501.86    112.665    113.089         44 0.0000e+00
     221595   9233.071    125.186    126.000    18.1239    18.1748   4.772521   4.777735     1.8820     1.5518     100.00   20.72846  -94.75122    0.00155    0.00177     2.5985     2.6105    18.1020    18.1529    36.4066    36.4065    26.3245    26.3117    1501.86    113.072    113.598         32 0.0000e+00
     221849   9243.686    124.194    125.000    18.2196    18.2253   4.783315   4.783864     1.8870     1.5570     100.00   20.72846  -94.75122    0.00064    0.00084     2.6044     2.6204    18.1978    18.2034    36.4148    36.4144    26.3068    26.3051    1501.86    113.330    114.029         71 0.0000e+00
     223726   9321.889    123.200    124.000    18.3629    18.3697   4.800227   4.800943     1.9037     1.5697     100.00   20.72845  -94.75126    0.00019   -0.00012     2.6330     2.6434    18.3412    18.3479    36.4322    36.4324    26.2841    26.2825    1501.86    114.580    115.031         39 0.0000e+00
     224012   9333.785    121.214    122.000    18.5490    18.5336   4.821193   4.818841     1.9083     1.5757     100.00   20.72844  -94.75126    0.00078    0.00116     2.6337     2.6492    18.5275    18.5120    36.4464    36.4426    26.2479    26.2489    1501.86    114.612    115.287         62 0.0000e+00
     224085   9336.851    120.221    121.000    18.7966    18.6319   4.848922   4.831136     1.9193     1.5794      71.01   20.72844  -94.75126    0.00317    0.00138     2.6432     2.6493    18.7741    18.6110    36.4636    36.4588    26.1983    26.2367    1501.86    115.030    115.296         53 0.0000e+00
     224136   9338.956    119.227    120.000    18.9193    18.8484   4.864132   4.855990     1.9277     1.5842     100.57   20.72844  -94.75126    0.00433    0.00129     2.6543     2.6523    18.8978    18.8269    36.4833    36.4771    26.1816    26.1951    1501.86    115.515    115.429         39 0.0000e+00
     224176   9340.616    118.234    119.000    18.9780    18.9589   4.870578   4.868270     1.9316     1.5903     100.00   20.72844  -94.75126    0.00338    0.00297     2.6593     2.6611    18.9566    18.9376    36.4862    36.4836    26.1688    26.1717    1501.86    115.738    115.814         41 0.0000e+00
     224211   9342.073    117.241    118.000    19.0596    19.0289   4.879535   4.875974     1.9339     1.5929     100.00   20.72844  -94.75126    0.00224    0.00322     2.6598     2.6640    19.0384    19.0076    36.4901    36.4873    26.1508    26.1565    1501.86    115.758    115.943         31 0.0000e+00
     224243   9343.404    116.247    117.000    19.1199    19.1222   4.885985   4.886034     1.9357     1.5960     100.00   20.72844  -94.75126    0.00165    0.00229     2.6600     2.6657    19.0987    19.1010    36.4916    36.4900    26.1363    26.1345    1501.86    115.768    116.020         33 0.0000e+00
     224276   9344.796    115.254    116.000    19.1522    19.1642   4.889605   4.890652     1.9367     1.5972     100.00   20.72844  -94.75126    0.00125    0.00174     2.6601     2.6662    19.1312    19.1432    36.4940    36.4922    26.1297    26.1253    1501.86    115.774    116.040         33 0.0000e+00
