GOMECC/GOMECC-4/1db/urb2103_0091.cnv
* Sea-Bird SBE 9 Data File:
* FileName = C:\Users\scs.user.rb\CTD\GOMECC4\data\rb2103_0091.hex
* Software Version Seasave V 7.26.7.107
* Temperature SN = 4799
* Conductivity SN = 3860
* Number of Bytes Per Scan = 41
* Number of Voltage Words = 4
* Number of Scans Averaged by the Deck Unit = 1
* NMEA Latitude = 26 00.03 N
* NMEA Longitude = 085 59.98 W
* NMEA UTC (Time) = Sep 17 2021  12:33:51
* NMEA baud rate = 4800
# nquan = 28
# nvalues = 759                         
# units = specified
# name 0 = scan: Scan Count
# name 1 = timeS: Time, Elapsed [seconds]
# name 2 = depSM: Depth [salt water, m]
# name 3 = prDM: Pressure, Digiquartz [db]
# name 4 = t090C: Temperature [ITS-90, deg C]
# name 5 = t190C: Temperature, 2 [ITS-90, deg C]
# name 6 = c0S/m: Conductivity [S/m]
# name 7 = c1S/m: Conductivity, 2 [S/m]
# name 8 = sbeox0V: Oxygen raw, SBE 43 [V]
# name 9 = sbeox1V: Oxygen raw, SBE 43, 2 [V]
# name 10 = altM: Altimeter [m]
# name 11 = latitude: Latitude [deg]
# name 12 = longitude: Longitude [deg]
# name 13 = sbox0dV/dT: Oxygen, SBE 43 [dov/dt]
# name 14 = sbox1dV/dT: Oxygen, SBE 43, 2 [dov/dt]
# name 15 = sbeox0ML/L: Oxygen, SBE 43 [ml/l], WS = 5
# name 16 = sbeox1ML/L: Oxygen, SBE 43, 2 [ml/l], WS = 5
# name 17 = potemp090C: Potential Temperature [ITS-90, deg C]
# name 18 = potemp190C: Potential Temperature, 2 [ITS-90, deg C]
# name 19 = sal00: Salinity, Practical [PSU]
# name 20 = sal11: Salinity, Practical, 2 [PSU]
# name 21 = sigma-é00: Density [sigma-theta, kg/m^3]
# name 22 = sigma-é11: Density, 2 [sigma-theta, kg/m^3]
# name 23 = avgsvCM: Average Sound Velocity [Chen-Millero, m/s], minP = 20, minS = 20
# name 24 = sbox0Mm/Kg: Oxygen, SBE 43 [umol/kg], WS = 5
# name 25 = sbox1Mm/Kg: Oxygen, SBE 43, 2 [umol/kg], WS = 5
# name 26 = nbin: number of scans per bin
# name 27 = flag: flag
# span 0 =     107364,     238919       
# span 1 =   4473.439,   9954.924       
# span 2 =      1.987,   3221.809       
# span 3 =      2.000,   3268.000       
# span 4 =     4.2864,    29.2968       
# span 5 =     4.2868,    29.2995       
# span 6 =   3.343186,   5.930560       
# span 7 =   3.343037,   5.930955       
# span 8 =     1.6153,     3.2646       
# span 9 =     1.3204,     2.7969       
# span 10 =      17.73,     101.57      
# span 11 =   24.85797,   26.27387      
# span 12 =  -86.93548,  -82.25065      
# span 13 =   -0.01761,    0.05182      
# span 14 =   -0.01414,    0.05087      
# span 15 =     2.5117,     4.8138      
# span 16 =     2.5434,     4.8424      
# span 17 =     4.0769,    29.2937      
# span 18 =     4.0781,    29.2964      
# span 19 =    34.3886,    36.8439      
# span 20 =    34.7020,    36.8403      
# span 21 =    21.8037,    27.7618      
# span 22 =    22.0013,    27.7601      
# span 23 =    1437.37,    1519.26      
# span 24 =    109.232,    209.874      
# span 25 =    110.611,    211.114      
# span 26 =         30,         70      
# span 27 = 0.0000e+00, 0.0000e+00      
# interval = decibars: 1                
# start_time = Sep 17 2021 12:33:51 [NMEA time, header]
# bad_flag = -9.990e-29
*END*
[from data line 467]
     185716   7738.129   1031.646   1041.000     4.7931     4.7919   3.368609   3.368410     1.8994     1.5854      79.16   25.99402  -85.99132   -0.00080   -0.00071     4.1172     4.1608     4.7069     4.7057    34.9463    34.9453    27.6664    27.6658    1502.87    178.923    180.821         30 0.0000e+00
     185836   7743.143   1026.703   1036.000     4.8085     4.8071   3.369625   3.369414     1.8960     1.5823     100.00   25.99307  -85.98824   -0.00054   -0.00062     4.1008     4.1447     4.7227     4.7213    34.9444    34.9435    27.6631    27.6625    1502.81    178.210    180.121         30 0.0000e+00
     185966   7748.547   1021.760   1031.000     4.8272     4.8249   3.371106   3.370826     1.8934     1.5798     100.00   25.99366  -85.99020   -0.00049   -0.00041     4.0869     4.1305     4.7417     4.7394    34.9446    34.9437    27.6611    27.6607    1502.85    177.608    179.501         33 0.0000e+00
     186090   7753.723   1016.817   1026.000     4.8416     4.8399   3.372142   3.371891     1.8907     1.5775     100.00   25.99369  -85.99030   -0.00049   -0.00029     4.0733     4.1175     4.7564     4.7547    34.9440    34.9429    27.6590    27.6583    1502.85    177.018    178.938         33 0.0000e+00
     186640   7776.636    997.044   1006.000     4.8913     4.8899   3.375708   3.375501     1.8811     1.5691      73.78   25.99471  -85.99391   -0.00036   -0.00025     4.0238     4.0694     4.8076     4.8062    34.9434    34.9424    27.6527    27.6520    1502.91    174.869    176.850         44 0.0000e+00
     186747   7781.089    996.055   1005.000     4.8987     4.9040   3.376137   3.376517     1.8805     1.5679     101.57   25.99330  -85.98930   -0.00009   -0.00024     4.0203     4.0630     4.8150     4.8202    34.9411    34.9400    27.6500    27.6485    1502.83    174.716    176.573         50 0.0000e+00
     186832   7784.615    995.066   1004.000     4.9032     4.9047   3.376494   3.376542     1.8795     1.5670      73.44   25.99330  -85.98931   -0.00015   -0.00033     4.0158     4.0590     4.8195     4.8210    34.9410    34.9400    27.6494    27.6484    1502.83    174.520    176.397         40 0.0000e+00
     187041   7793.354    993.089   1002.000     4.9069     4.9120   3.376622   3.376973     1.8778     1.5659     100.00   25.99232  -85.98616   -0.00015   -0.00004     4.0085     4.0531     4.8234     4.8284    34.9395    34.9384    27.6478    27.6463    1502.77    174.202    176.140         44 0.0000e+00
     187165   7798.501    992.100   1001.000     4.9104     4.9147   3.376986   3.377254     1.8775     1.5655      89.49   25.99328  -85.98936   -0.00004 2.5189e-07     4.0067     4.0507     4.8270     4.8313    34.9406    34.9396    27.6483    27.6469    1502.83    174.126    176.038         53 0.0000e+00
     187419   7809.077    991.111   1000.000     4.9136     4.9181   3.377227   3.377544     1.8768     1.5649      99.76   25.99327  -85.98938   -0.00010   -0.00011     4.0034     4.0474     4.8302     4.8347    34.9407    34.9396    27.6479    27.6465    1502.83    173.979    175.896         31 0.0000e+00
     188395   7849.757    990.123    999.000     4.9194     4.9206   3.377681   3.377712     1.8757     1.5649     100.00   25.99319  -85.98948   -0.00006    0.00002     3.9984     4.0468     4.8361     4.8373    34.9403    34.9394    27.6470    27.6461    1502.83    173.766    175.869         34 0.0000e+00
     188616   7858.954    986.167    995.000     4.9257     4.9264   3.377964   3.377930     1.8759     1.5640     100.00   25.99213  -85.98604    0.00013   -0.00030     3.9963     4.0406     4.8427     4.8434    34.9393    34.9378    27.6454    27.6441    1502.77    173.676    175.598         46 0.0000e+00
     188749   7864.504    981.223    990.000     4.9467     4.9492   3.379573   3.379680     1.8761     1.5629      72.13   25.99195  -85.98548    0.00000   -0.00027     3.9921     4.0315     4.8640     4.8664    34.9382    34.9368    27.6420    27.6406    1502.76    173.490    175.205         43 0.0000e+00
     188889   7870.354    976.280    985.000     4.9772     4.9728   3.382088   3.381617     1.8735     1.5609     100.00   25.99263  -85.98774   -0.00045   -0.00017     3.9772     4.0185     4.8947     4.8903    34.9379    34.9371    27.6383    27.6381    1502.80    172.845    174.640         32 0.0000e+00
     189392   7891.311    957.491    966.000     5.0704     5.0716   3.389566   3.389573     1.8594     1.5472     100.00   25.99405  -85.99256   -0.00082   -0.00094     3.9087     3.9470     4.9890     4.9902    34.9366    34.9354    27.6263    27.6252    1502.88    169.869    171.533         35 0.0000e+00
     189420   7892.462    956.502    965.000     5.0728     5.0691   3.389594   3.389197     1.8581     1.5455     100.00   25.99316  -85.98962   -0.00097   -0.00117     3.9033     3.9404     4.9915     4.9878    34.9348    34.9341    27.6246    27.6245    1502.83    169.636    171.246         30 0.0000e+00
     189519   7896.601    952.547    961.000     5.0917     5.0896   3.391181   3.390894     1.8562     1.5435     100.00   25.99377  -85.99164   -0.00051   -0.00050     3.8926     3.9285     5.0106     5.0085    34.9354    34.9343    27.6228    27.6222    1502.87    169.171    170.733         39 0.0000e+00
     189654   7902.215    947.602    956.000     5.1089     5.1101   3.392596   3.392596     1.8534     1.5416      99.57   25.99495  -85.99561   -0.00041   -0.00046     3.8787     3.9169     5.0281     5.0293    34.9357    34.9347    27.6211    27.6201    1502.93    168.567    170.228         35 0.0000e+00
     189679   7903.265    946.613    955.000     5.1070     5.1074   3.392164   3.392107     1.8522     1.5407     100.04   25.99316  -85.98964   -0.00056   -0.00063     3.8743     3.9132     5.0263     5.0267    34.9337    34.9327    27.6197    27.6188    1502.83    168.377    170.067         35 0.0000e+00
     189796   7908.130    941.668    950.000     5.1316     5.1312   3.393996   3.393862     1.8481     1.5365     100.00   25.99227  -85.98679   -0.00081   -0.00082     3.8553     3.8929     5.0512     5.0508    34.9317    34.9306    27.6151    27.6143    1502.78    167.548    169.185         40 0.0000e+00
     189930   7913.693    936.723    945.000     5.1537     5.1529   3.395830   3.395688     1.8452     1.5348     100.00   25.99343  -85.99064   -0.00042   -0.00025     3.8403     3.8817     5.0736     5.0728    34.9323    34.9316    27.6130    27.6125    1502.85    166.901    168.697         30 0.0000e+00
     189958   7914.875    935.734    944.000     5.1564     5.1528   3.395979   3.395600     1.8443     1.5340     100.00   25.99314  -85.98968   -0.00052   -0.00025     3.8366     3.8780     5.0764     5.0728    34.9317    34.9311    27.6122    27.6122    1502.83    166.741    168.538         31 0.0000e+00
     191240   7968.305    886.278    894.000     5.4036     5.4017   3.415527   3.415270     1.8110     1.5025     100.00   25.99342  -85.99107   -0.00089   -0.00087     3.6738     3.7122     5.3265     5.3246    34.9240    34.9230    27.5764    27.5758    1502.85    159.669    161.340         30 0.0000e+00
     191364   7973.479    881.332    889.000     5.4255     5.4192   3.417213   3.416570     1.8075     1.4992      98.80   25.99324  -85.99047   -0.00054   -0.00061     3.6573     3.6959     5.3486     5.3424    34.9231    34.9222    27.5730    27.5730    1502.84    158.951    160.632         33 0.0000e+00
     191520   7979.940    875.396    883.000     5.4626     5.4519   3.420259   3.419209     1.8039     1.4957     100.00   25.99350  -85.99142   -0.00048   -0.00072     3.6388     3.6769     5.3861     5.3754    34.9224    34.9216    27.5679    27.5685    1502.86    158.149    159.804         33 0.0000e+00
     191651   7985.411    870.450    878.000     5.4796     5.4792   3.421660   3.421510     1.7997     1.4928     100.01   25.99456  -85.99493   -0.00079   -0.00044     3.6204     3.6613     5.4034     5.4030    34.9223    34.9217    27.5658    27.5653    1502.92    157.351    159.127         32 0.0000e+00
     191675   7986.408    869.460    877.000     5.4801     5.4781   3.421456   3.421186     1.7983     1.4908     100.00   25.99300  -85.98984   -0.00100   -0.00101     3.6155     3.6539     5.4040     5.4020    34.9209    34.9199    27.5645    27.5640    1502.83    157.136    158.804         35 0.0000e+00
     191792   7991.276    864.513    872.000     5.4996     5.4992   3.422898   3.422764     1.7958     1.4885     100.00   25.99241  -85.98788   -0.00039   -0.00030     3.6030     3.6409     5.4239     5.4235    34.9196    34.9185    27.5611    27.5602    1502.80    156.593    158.244         37 0.0000e+00
     191950   7997.865    858.577    866.000     5.5314     5.5305   3.425555   3.425383     1.7937     1.4857     100.00   25.99358  -85.99177   -0.00035   -0.00068     3.5897     3.6251     5.4560     5.4552    34.9200    34.9190    27.5575    27.5568    1502.86    156.017    157.554         30 0.0000e+00
     191977   7999.005    857.588    865.000     5.5316     5.5276   3.425454   3.425011     1.7924     1.4847     100.00   25.99300  -85.98987   -0.00061   -0.00074     3.5849     3.6213     5.4563     5.4523    34.9191    34.9183    27.5568    27.5566    1502.83    155.810    157.390         33 0.0000e+00
     192106   8004.380    852.641    860.000     5.5767     5.5738   3.429320   3.428987     1.7898     1.4826     100.00   25.99401  -85.99329   -0.00039   -0.00028     3.5694     3.6068     5.5016     5.4987    34.9191    34.9183    27.5513    27.5509    1502.89    155.137    156.760         36 0.0000e+00
     192231   8009.596    847.694    855.000     5.6007     5.5995   3.431235   3.431040     1.7849     1.4786     100.00   25.99395  -85.99315   -0.00080   -0.00061     3.5487     3.5872     5.5259     5.5247    34.9186    34.9175    27.5478    27.5472    1502.89    154.234    155.910         31 0.0000e+00
     192256   8010.608    846.704    854.000     5.6026     5.5993   3.431236   3.430856     1.7833     1.4776     100.00   25.99296  -85.98988   -0.00095   -0.00067     3.5425     3.5835     5.5279     5.5246    34.9170    34.9161    27.5463    27.5461    1502.83    153.965    155.747         30 0.0000e+00
     192480   8019.978    837.799    845.000     5.6343     5.6320   3.433662   3.433378     1.7787     1.4732     100.00   25.99314  -85.99057   -0.00043   -0.00010     3.5200     3.5602     5.5603     5.5579    34.9163    34.9155    27.5418    27.5415    1502.84    152.989    154.738         31 0.0000e+00
     192610   8025.371    832.852    840.000     5.6568     5.6567   3.435466   3.435370     1.7765     1.4708      77.45   25.99345  -85.99168   -0.00039   -0.00043     3.5083     3.5468     5.5831     5.5829    34.9160    34.9151    27.5388    27.5381    1502.86    152.483    154.156         37 0.0000e+00
     192736   8030.618    827.904    835.000     5.6789     5.6766   3.437228   3.436938     1.7735     1.4684     100.00   25.99371  -85.99255   -0.00051   -0.00047     3.4939     3.5339     5.6055     5.6032    34.9158    34.9148    27.5358    27.5354    1502.88    151.855    153.594         33 0.0000e+00
     193062   8044.209    815.040    822.000     5.7652     5.7581   3.444184   3.443522     1.7649     1.4600     100.00   25.99261  -85.98907   -0.00106   -0.00123     3.4516     3.4904     5.6924     5.6854    34.9120    34.9118    27.5221    27.5228    1502.81    150.021    151.707         31 0.0000e+00
     193193   8049.666    810.092    817.000     5.8140     5.8096   3.448364   3.447874     1.7595     1.4538     100.00   25.99308  -85.99064   -0.00107   -0.00128     3.4268     3.4610     5.7414     5.7370    34.9116    34.9106    27.5156    27.5154    1502.84    148.943    150.430         32 0.0000e+00
     193323   8055.065    805.144    812.000     5.8413     5.8362   3.450594   3.450012     1.7540     1.4491     100.00   25.99316  -85.99091   -0.00092   -0.00073     3.4039     3.4398     5.7690     5.7640    34.9112    34.9098    27.5118    27.5114    1502.85    147.946    149.507         34 0.0000e+00
     193443   8060.086    800.196    807.000     5.8636     5.8616   3.452195   3.451943     1.7500     1.4467      98.09   25.99200  -85.98714   -0.00057   -0.00025     3.3868     3.4265     5.7916     5.7897    34.9087    34.9079    27.5070    27.5066    1502.78    147.206    148.931         34 0.0000e+00
     193561   8065.014    796.237    803.000     5.8812     5.8812   3.453903   3.453832     1.7483     1.4450      96.04   25.99458  -85.99572   -0.00040   -0.00038     3.3775     3.4169     5.8096     5.8096    34.9117    34.9110    27.5071    27.5067    1502.93    146.803    148.515         36 0.0000e+00
     193585   8065.991    795.247    802.000     5.8809     5.8802   3.453592   3.453473     1.7476     1.4442      85.97   25.99286  -85.99003   -0.00030   -0.00036     3.3751     3.4136     5.8093     5.8087    34.9093    34.9086    27.5053    27.5048    1502.83    146.697    148.372         31 0.0000e+00
     193686   8070.213    791.289    798.000     5.9126     5.9111   3.456408   3.456159     1.7463     1.4429     100.00   25.99388  -85.99342   -0.00026   -0.00028     3.3661     3.4044     5.8413     5.8397    34.9104    34.9093    27.5022    27.5014    1502.89    146.305    147.970         38 0.0000e+00
     193807   8075.240    786.340    793.000     5.9508     5.9471   3.459466   3.459058     1.7437     1.4400     100.00   25.99289  -85.99018   -0.00040   -0.00043     3.3518     3.3888     5.8796     5.8760    34.9081    34.9074    27.4955    27.4953    1502.83    145.684    147.293         32 0.0000e+00
     193963   8081.748    780.402    787.000     5.9850     5.9841   3.462284   3.462112     1.7391     1.4354     100.00   25.99317  -85.99115   -0.00057   -0.00082     3.3312     3.3664     5.9142     5.9134    34.9077    34.9067    27.4908    27.4900    1502.85    144.791    146.322         32 0.0000e+00
     193992   8082.966    779.412    786.000     5.9850     5.9817   3.462181   3.461817     1.7379     1.4344     100.00   25.99284  -85.99006   -0.00078   -0.00099     3.3268     3.3625     5.9143     5.9111    34.9070    34.9065    27.4902    27.4902    1502.83    144.601    146.154         30 0.0000e+00
     194113   8087.998    774.463    781.000     6.0153     6.0106   3.464640   3.464136     1.7351     1.4319     100.00   25.99250  -85.98895   -0.00052   -0.00046     3.3127     3.3490     5.9449     5.9403    34.9060    34.9051    27.4855    27.4854    1502.81    143.987    145.567         32 0.0000e+00
     194273   8094.672    768.525    775.000     6.0372     6.0363   3.466437   3.466262     1.7317     1.4291     100.00   25.99337  -85.99193   -0.00040   -0.00055     3.2971     3.3343     5.9672     5.9664    34.9068    34.9057    27.4833    27.4825    1502.86    143.312    144.928         39 0.0000e+00
     194398   8099.861    763.576    770.000     6.0602     6.0578   3.468265   3.467943     1.7289     1.4267      93.93   25.99311  -85.99105   -0.00035   -0.00045     3.2836     3.3217     5.9906     5.9883    34.9062    34.9050    27.4799    27.4792    1502.85    142.725    144.381         36 0.0000e+00
     194781   8115.829    748.727    755.000     6.1242     6.1223   3.473274   3.472985     1.7214     1.4212     100.00   25.99231  -85.98854   -0.00039   -0.00010     3.2476     3.2902     6.0557     6.0538    34.9042    34.9031    27.4698    27.4693    1502.80    141.160    143.014         30 0.0000e+00
