GOMECC/GOMECC-4/1db/urb2103_0861.cnv
* Sea-Bird SBE 9 Data File:
* FileName = C:\Users\scs.user.rb\CTD\GOMECC4\data\rb2103_0861.hex
* Software Version Seasave V 7.26.7.107
* Temperature SN = 4799
* Conductivity SN = 3860
* Number of Bytes Per Scan = 41
* Number of Voltage Words = 4
* Number of Scans Averaged by the Deck Unit = 1
* NMEA Latitude = 20 01.19 N
* NMEA Longitude = 093 46.26 W
* NMEA UTC (Time) = Oct 08 2021  06:53:11
* NMEA baud rate = 4800
# nquan = 28
# nvalues = 307                         
# units = specified
# name 0 = scan: Scan Count
# name 1 = timeS: Time, Elapsed [seconds]
# name 2 = depSM: Depth [salt water, m]
# name 3 = prDM: Pressure, Digiquartz [db]
# name 4 = t090C: Temperature [ITS-90, deg C]
# name 5 = t190C: Temperature, 2 [ITS-90, deg C]
# name 6 = c0S/m: Conductivity [S/m]
# name 7 = c1S/m: Conductivity, 2 [S/m]
# name 8 = sbeox0V: Oxygen raw, SBE 43 [V]
# name 9 = sbeox1V: Oxygen raw, SBE 43, 2 [V]
# name 10 = altM: Altimeter [m]
# name 11 = latitude: Latitude [deg]
# name 12 = longitude: Longitude [deg]
# name 13 = sbox0dV/dT: Oxygen, SBE 43 [dov/dt]
# name 14 = sbox1dV/dT: Oxygen, SBE 43, 2 [dov/dt]
# name 15 = sbeox0ML/L: Oxygen, SBE 43 [ml/l], WS = 5
# name 16 = sbeox1ML/L: Oxygen, SBE 43, 2 [ml/l], WS = 5
# name 17 = potemp090C: Potential Temperature [ITS-90, deg C]
# name 18 = potemp190C: Potential Temperature, 2 [ITS-90, deg C]
# name 19 = sal00: Salinity, Practical [PSU]
# name 20 = sal11: Salinity, Practical, 2 [PSU]
# name 21 = sigma-é00: Density [sigma-theta, kg/m^3]
# name 22 = sigma-é11: Density, 2 [sigma-theta, kg/m^3]
# name 23 = avgsvCM: Average Sound Velocity [Chen-Millero, m/s], minP = 20, minS = 20
# name 24 = sbox0Mm/Kg: Oxygen, SBE 43 [umol/kg], WS = 5
# name 25 = sbox1Mm/Kg: Oxygen, SBE 43, 2 [umol/kg], WS = 5
# name 26 = nbin: number of scans per bin
# name 27 = flag: flag
# span 0 =      58706,     130211       
# span 1 =   2446.062,   5425.421       
# span 2 =      2.981,   1461.805       
# span 3 =      3.000,   1476.000       
# span 4 =     4.3873,    29.5618       
# span 5 =     4.3877,    29.5832       
# span 6 =   3.349845,   5.871497       
# span 7 =   3.349718,   5.870338       
# span 8 =     1.5718,     3.1351       
# span 9 =     1.2747,     2.6501       
# span 10 =      20.89,     102.05      
# span 11 =   19.89638,   20.11993      
# span 12 =  -94.23645,  -93.18923      
# span 13 =   -0.00275,    0.02018      
# span 14 =   -0.00334,    0.02279      
# span 15 =     2.3927,     4.5253      
# span 16 =     2.4097,     4.5482      
# span 17 =     4.2665,    29.5596      
# span 18 =     4.2670,    29.5810      
# span 19 =    34.8782,    36.5212      
# span 20 =    34.8687,    36.5257      
# span 21 =    21.8425,    27.7298      
# span 22 =    21.8364,    27.7290      
# span 23 =    1486.60,    1503.30      
# span 24 =    104.055,    196.649      
# span 25 =    104.793,    197.643      
# span 26 =         30,         65      
# span 27 = 0.0000e+00, 0.0000e+00      
# interval = decibars: 1                
# start_time = Oct 08 2021 06:53:11 [NMEA time, header]
# bad_flag = -9.990e-29
*END*
[from data line 259]
     116734   4863.883     60.618     61.000    20.6809    20.7452   5.044229   5.051154     2.0543     1.7078     100.00   20.02080  -93.77234    0.00141    0.00226     2.8119     2.8280    20.6692    20.7336    36.4628    36.4637    25.6982    25.6815    1495.90    122.434    123.134         49 0.0000e+00
     116782   4865.860     59.625     60.000    20.8032    20.8780   5.056763   5.064894     2.0534     1.7124     100.00   20.02080  -93.77234    0.00120    0.00110     2.8030     2.8314    20.7918    20.8665    36.4598    36.4616    25.6626    25.6437    1495.90    122.049    123.289         39 0.0000e+00
     116862   4869.204     58.631     59.000    20.8188    20.8621   5.059554   5.063666     2.0586     1.7165     100.00   20.02080  -93.77234    0.00130    0.00171     2.8126     2.8411    20.8075    20.8508    36.4695    36.4656    25.6657    25.6510    1495.90    122.470    123.711         43 0.0000e+00
     116896   4870.618     57.638     58.000    20.9641    21.0605   5.073478   5.082373     2.0657     1.7221     100.00   20.02081  -93.77234    0.00215    0.00095     2.8210     2.8451    20.9554    21.0493    36.4558    36.4475    25.6149    25.5828    1495.90    122.839    123.892         40 0.0000e+00
     116974   4873.873     56.644     57.000    21.0574    21.0589   5.081280   5.081573     2.1182     1.7932     100.00   20.02082  -93.77234    0.01381    0.02279     2.9240     3.0072    21.0463    21.0479    36.4417    36.4428    25.5793    25.5796    1495.90    127.328    130.954         34 0.0000e+00
     117012   4875.453     55.650     56.000    21.1137    21.1560   5.084266   5.088102     2.1386     1.7836     100.00   20.02081  -93.77234    0.01701    0.00964     2.9645     2.9809    21.1029    21.1453    36.4181    36.4110    25.5457    25.5281    1495.90    129.095    129.811         30 0.0000e+00
     117071   4877.928     54.657     55.000    21.1244    21.1640   5.085399   5.088461     2.1981     1.8569     100.00   20.02081  -93.77234    0.02018    0.01700     3.0860     3.1476    21.1138    21.1534    36.4174    36.4095    25.5422    25.5253    1495.90    134.387    137.071         52 0.0000e+00
     117218   4884.043     52.670     53.000    21.2623    21.3226   5.099588   5.105067     2.2479     1.9007     100.05   20.03125  -93.82118    0.01367    0.01159     3.1817     3.2380    21.2520    21.3123    36.4229    36.4127    25.5102    25.4850    1496.68    138.561    141.017         48 0.0000e+00
     117214   4883.862     51.676     52.000    21.2706    21.2806   5.098919   5.100130     2.2741     1.9161     100.00   20.02082  -93.77234    0.01273    0.01132     3.2353     3.2754    21.2605    21.2705    36.4037    36.4049    25.4913    25.4895    1495.90    140.895    142.646         41 0.0000e+00
     117250   4885.371     50.682     51.000    21.3468    21.4150   5.106984   5.113886     2.2790     1.9169     100.00   20.02082  -93.77234    0.00885    0.00371     3.2405     3.2690    21.3368    21.4050    36.4041    36.4015    25.4705    25.4496    1495.90    141.126    142.371         40 0.0000e+00
     117300   4887.458     49.689     50.000    21.4040    21.4728   5.112418   5.119357     2.2877     1.9347     100.00   20.02082  -93.77234    0.00401    0.00496     3.2546     3.3056    21.3943    21.4630    36.3994    36.3966    25.4510    25.4298    1495.90    141.744    143.966         56 0.0000e+00
     117348   4889.469     48.695     49.000    21.4758    21.5558   5.118972   5.126732     2.3027     1.9487     100.00   20.02082  -93.77234    0.00562    0.00776     3.2811     3.3325    21.4662    21.5462    36.3913    36.3855    25.4249    25.3982    1495.90    142.901    145.145         40 0.0000e+00
     119178   4965.706     43.726     44.000    22.0523    22.0019   5.171608   5.167790     2.7148     2.2704      88.66   20.04327  -93.87746    0.00525   -0.00227     4.0895     4.0329    22.0435    21.9932    36.3415    36.3530    25.2296    25.2525    1497.58    178.148    175.676         50 0.0000e+00
     119113   4963.000     42.733     43.000    22.0559    22.0400   5.169291   5.168052     2.7037     2.2712      97.97   20.02084  -93.77239   -0.00096   -0.00005     4.0661     4.0309    22.0473    22.0315    36.3043    36.3102    25.1959    25.2049    1495.90    177.131    175.596         48 0.0000e+00
     119175   4965.588     41.739     42.000    22.0777    22.1285   5.171718   5.176237     2.7001     2.2890      83.24   20.02083  -93.77238   -0.00275    0.00428     4.0562     4.0608    22.0666    22.1202    36.3069    36.3016    25.1925    25.1743    1495.90    176.701    176.903         51 0.0000e+00
     119227   4967.765     40.745     41.000    22.3047    22.3328   5.194855   5.196972     2.7208     2.3187      99.51   20.02082  -93.77238    0.00391    0.01075     4.0835     4.1161    22.2964    22.3246    36.2983    36.2986    25.1207    25.1130    1495.90    177.902    179.321         59 0.0000e+00
     119288   4970.295     39.752     40.000    22.3567    22.4479   5.200345   5.211168     2.7389     2.3306     100.00   20.02082  -93.77238    0.01064    0.00939     4.1130     4.1333    22.3486    22.4399    36.2975    36.3067    25.1052    25.0862    1495.90    179.188    180.078         53 0.0000e+00
     119332   4972.105     38.758     39.000    22.5475    22.5815   5.221904   5.225731     2.7458     2.3326     100.00   20.02082  -93.77238    0.00472    0.00282     4.1119     4.1275    22.5396    22.5736    36.3086    36.3102    25.0591    25.0506    1495.90    179.146    179.829         41 0.0000e+00
     119378   4974.027     37.764     38.000    22.6506    22.7234   5.232945   5.240238     2.7596     2.3428     100.00   20.02082  -93.77238    0.00552    0.00288     4.1313     4.1405    22.6429    22.7157    36.3094    36.3058    25.0302    25.0065    1495.90    179.998    180.402         51 0.0000e+00
     119429   4976.166     36.770     37.000    22.7239    22.8210   5.240081   5.250250     2.7711     2.3673      94.40   20.02082  -93.77238    0.00632    0.00922     4.1485     4.1863    22.7164    22.8134    36.3045    36.3032    25.0053    24.9763    1495.90    180.751    182.406         47 0.0000e+00
     119476   4978.140     35.777     36.000    22.8344    23.0101   5.252627   5.271133     2.7906     2.3845      98.42   20.02082  -93.77238    0.00752    0.00987     4.1785     4.2099    22.8270    23.0027    36.3097    36.3090    24.9773    24.9260    1495.90    182.065    183.443         50 0.0000e+00
     119524   4980.136     34.783     35.000    23.0454    23.0980   5.274881   5.279568     2.8075     2.3913     100.01   20.02082  -93.77238    0.00952    0.00638     4.1974     4.2189    23.0383    23.0908    36.3093    36.3100    24.9159    24.9012    1495.90    182.898    183.836         43 0.0000e+00
     119573   4982.147     33.789     34.000    23.1363    23.1809   5.283965   5.289898     2.8186     2.3986      88.10   20.02083  -93.77238    0.00701    0.00328     4.2103     4.2274    23.1293    23.1739    36.3048    36.3142    24.8860    24.8801    1495.90    183.465    184.212         58 0.0000e+00
     119628   4984.446     32.796     33.000    23.1682    23.2037   5.288187   5.292075     2.8253     2.4016     100.53   20.02084  -93.77238    0.00388    0.00285     4.2205     4.2318    23.1614    23.1969    36.3115    36.3122    24.8818    24.8719    1495.90    183.911    184.404         44 0.0000e+00
     119707   4987.760     31.802     32.000    23.1827    23.1605   5.289270   5.289470     2.8305     2.4035     100.00   20.02084  -93.77239    0.00017   -0.00166     4.2293     4.2385    23.1761    23.1538    36.3082    36.3281    24.8749    24.8963    1495.90    184.298    184.692         34 0.0000e+00
     121456   5060.632     29.815     30.000    25.2084    25.2150   5.518098   5.518714     2.9569     2.5102      94.92   20.11993  -94.23645    0.00162    0.00112     4.3200     4.3217    25.2019    25.2084    36.4702    36.4695    24.4133    24.4108    1503.30    188.354    188.430         35 0.0000e+00
     121305   5054.349     28.821     29.000    25.5426    25.5134   5.538367   5.535696     2.9665     2.5248     101.34   20.02086  -93.77240    0.00529    0.00648     4.3091     4.3270    25.5328    25.5070    36.2786    36.2764    24.1441    24.1504    1495.90    187.906    188.687         34 0.0000e+00
     121332   5055.465     27.827     28.000    25.7694    25.8153   5.564357   5.568688     3.0031     2.5524     100.01   20.02086  -93.77242    0.00297    0.00452     4.3614     4.3623    25.7785    25.8090    36.2749    36.2825    24.0648    24.0610    1495.90    190.202    190.242         50 0.0000e+00
     121442   5060.032     26.833     27.000    26.2479    26.2783   5.615716   5.618380     3.0274     2.5705      89.19   20.02087  -93.77242    0.00431    0.00385     4.3689     4.3657    26.2415    26.2722    36.2842    36.2794    23.9268    23.9134    1495.90    190.554    190.419         45 0.0000e+00
     121499   5062.408     25.840     26.000    26.3062    26.3242   5.623268   5.625283     3.0435     2.5854      83.61   20.02087  -93.77242    0.00503    0.00609     4.3939     4.3926    26.3003    26.3183    36.2932    36.2937    23.9150    23.9096    1495.90    191.647    191.591         33 0.0000e+00
     121592   5066.310     24.846     25.000    26.4471    26.4871   5.636267   5.640865     3.0702     2.6111     101.16   20.02087  -93.77242    0.00683    0.00635     4.4305     4.4334    26.4325    26.4815    36.2839    36.2787    23.8661    23.8467    1495.90    193.252    193.385         37 0.0000e+00
     121761   5073.330     22.858     23.000    27.5770    27.8611   5.721539   5.750085     3.1069     2.6348      93.83   20.01351  -93.73791   -0.00098   -0.00143     4.4181     4.3909    27.5717    27.8557    36.0327    35.9885    23.3093    23.1835    1495.35    192.816    191.651         53 0.0000e+00
     121910   5079.551     21.865     22.000    28.0962    27.9999   5.767371   5.760225     3.1181     2.6324      99.59   20.02088  -93.77244    0.00170   -0.00109     4.3986     4.3720    28.0910    27.9947    35.9538    35.9706    23.0821    23.1263    1495.90    192.009    190.840         42 0.0000e+00
     121724   5071.777     18.883     19.000    28.7226    28.6325   5.799888   5.794312     3.1170     2.6426      99.62   19.93921  -93.38986   -0.00183   -0.00334     4.3482     4.3482    28.7180    28.6279    35.6378    35.6799    22.6147    22.6799    1489.80    189.880    189.870         44 0.0000e+00
     121659   5069.069     16.895     17.000    29.2425    28.7198   5.842775   5.797216     3.1129     2.6285      97.59   19.89638  -93.18923   -0.00005   -0.00242     4.2987     4.3070    29.2383    28.7157    35.4916    35.5685    22.3186    22.5520    1486.60    187.765    188.083         53 0.0000e+00
     122534   5105.527     15.902     16.000    29.3849    29.3778   5.871497   5.870338     3.1291     2.6490      91.13   20.02089  -93.77247   -0.00183   -0.00218     4.3229     4.3110    29.3810    29.3738    35.6905    35.6879    22.4544    22.4548    1495.90    188.820    188.303         50 0.0000e+00
     123167   5131.933     14.908     15.000    29.4690    29.4900   5.813942   5.812556     3.1213     2.6418      90.12   20.02091  -93.77247   -0.00108   -0.00074     4.3135     4.2995    29.4653    29.4864    35.2347    35.2097    22.0838    22.0580    1495.90    188.481    187.873         34 0.0000e+00
     123692   5153.778     13.914     14.000    29.4432    29.4658   5.783880   5.789281     3.1206     2.6408     100.20   20.02092  -93.77247   -0.00031   -0.00012     4.3175     4.3021    29.4398    29.4624    35.0482    35.0686    21.9525    21.9602    1495.90    188.678    188.004         40 0.0000e+00
     123748   5156.126     12.920     13.000    29.4402    29.4523   5.781405   5.785133     3.1212     2.6414      93.73   20.02092  -93.77248    0.00082    0.00122     4.3185     4.3042    29.4370    29.4491    35.0338    35.0504    21.9427    21.9510    1495.90    188.725    188.096         35 0.0000e+00
     123787   5157.753     11.926     12.000    29.4846    29.4841   5.795827   5.795105     3.1225     2.6414      94.75   20.02092  -93.77248    0.00010   -0.00102     4.3156     4.3005    29.4817    29.4811    35.1002    35.0956    21.9774    21.9742    1495.90    188.589    187.930         46 0.0000e+00
     123860   5160.774     10.933     11.000    29.4653    29.4894   5.789857   5.797293     3.1221     2.6409      99.73   20.02092  -93.77248    0.00035   -0.00015     4.3163     4.2985    29.4626    29.4867    35.0738    35.1072    21.9640    21.9808    1495.90    188.623    187.842         40 0.0000e+00
     124440   5184.952      8.945      9.000    29.5618    29.5832   5.808511   5.812242     3.1351     2.6501     100.37   20.09736  -94.13048    0.00002   -0.00039     4.3329     4.3142    29.5596    29.5810    35.1747    35.2054    22.0263    22.0441    1501.61    189.352    188.531         38 0.0000e+00
     124030   5167.858      7.951      8.000    29.4658    29.4796   5.789227   5.793777     3.1225     2.6411      89.17   20.02092  -93.77247   -0.00023   -0.00051     4.3156     4.2987    29.4638    29.4777    35.0700    35.0888    21.9608    21.9702    1495.90    188.592    187.852         44 0.0000e+00
     124083   5170.071      6.957      7.000    29.4591    29.4715   5.786120   5.790531     3.1229     2.6399     100.32   20.02092  -93.77246   -0.00008    0.00043     4.3166     4.2962    29.4577    29.4698    35.0537    35.0751    21.9507    21.9626    1495.90    188.640    187.743         41 0.0000e+00
     124154   5173.053      5.963      6.000    29.4474    29.4461   5.781029   5.780782     3.1238     2.6412      99.05   20.02092  -93.77247   -0.00014    0.00066     4.3193     4.3013    29.4460    29.4446    35.0279    35.0272    21.9352    21.9352    1495.90    188.760    187.974         44 0.0000e+00
     124212   5175.451      4.969      5.000    29.4436    29.4430   5.778453   5.778015     3.1235     2.6426      99.04   20.02092  -93.77247    0.00032    0.00022     4.3188     4.3041    29.4424    29.4418    35.0134    35.0108    21.9256    21.9238    1495.90    188.740    188.097         45 0.0000e+00
     124587   5191.077      3.976      4.000    29.4334    29.4264   5.774237   5.769841     3.1240     2.6449      99.53   20.02092  -93.77248   -0.00022    0.00034     4.3206     4.3105    29.4324    29.4254    34.9917    34.9674    21.9126    21.8967    1495.90    188.823    188.381         52 0.0000e+00
     130211   5425.421      2.981      3.000    29.3886    29.3856   5.752711   5.751011     3.1260     2.6455      96.61   20.02094  -93.77248   -0.00012    0.00068     4.3297     4.3164    29.3879    29.3849    34.8782    34.8687    21.8425    21.8364    1495.90    189.230    188.649         47 0.0000e+00
