GOMECC/GOMECC-4/1db/urb2103_0881.cnv
* Sea-Bird SBE 9 Data File:
* FileName = C:\Users\scs.user.rb\CTD\GOMECC4\data\rb2103_0881.hex
* Software Version Seasave V 7.26.7.107
* Temperature SN = 4799
* Conductivity SN = 3860
* Number of Bytes Per Scan = 41
* Number of Voltage Words = 4
* Number of Scans Averaged by the Deck Unit = 1
* NMEA Latitude = 19 10.20 N
* NMEA Longitude = 093 17.93 W
* NMEA UTC (Time) = Oct 08 2021  18:58:02
* NMEA baud rate = 4800
# nquan = 28
# nvalues = 284                         
# units = specified
# name 0 = scan: Scan Count
# name 1 = timeS: Time, Elapsed [seconds]
# name 2 = depSM: Depth [salt water, m]
# name 3 = prDM: Pressure, Digiquartz [db]
# name 4 = t090C: Temperature [ITS-90, deg C]
# name 5 = t190C: Temperature, 2 [ITS-90, deg C]
# name 6 = c0S/m: Conductivity [S/m]
# name 7 = c1S/m: Conductivity, 2 [S/m]
# name 8 = sbeox0V: Oxygen raw, SBE 43 [V]
# name 9 = sbeox1V: Oxygen raw, SBE 43, 2 [V]
# name 10 = altM: Altimeter [m]
# name 11 = latitude: Latitude [deg]
# name 12 = longitude: Longitude [deg]
# name 13 = sbox0dV/dT: Oxygen, SBE 43 [dov/dt]
# name 14 = sbox1dV/dT: Oxygen, SBE 43, 2 [dov/dt]
# name 15 = sbeox0ML/L: Oxygen, SBE 43 [ml/l], WS = 5
# name 16 = sbeox1ML/L: Oxygen, SBE 43, 2 [ml/l], WS = 5
# name 17 = potemp090C: Potential Temperature [ITS-90, deg C]
# name 18 = potemp190C: Potential Temperature, 2 [ITS-90, deg C]
# name 19 = sal00: Salinity, Practical [PSU]
# name 20 = sal11: Salinity, Practical, 2 [PSU]
# name 21 = sigma-é00: Density [sigma-theta, kg/m^3]
# name 22 = sigma-é11: Density, 2 [sigma-theta, kg/m^3]
# name 23 = avgsvCM: Average Sound Velocity [Chen-Millero, m/s], minP = 20, minS = 20
# name 24 = sbox0Mm/Kg: Oxygen, SBE 43 [umol/kg], WS = 5
# name 25 = sbox1Mm/Kg: Oxygen, SBE 43, 2 [umol/kg], WS = 5
# name 26 = nbin: number of scans per bin
# name 27 = flag: flag
# span 0 =      45672,      97301       
# span 1 =   1902.947,   4054.155       
# span 2 =      0.994,    716.377       
# span 3 =      1.000,    722.000       
# span 4 =     6.7202,    29.7398       
# span 5 =     6.7203,    29.7441       
# span 6 =   3.529047,   5.983931       
# span 7 =   3.529114,   5.984461       
# span 8 =     1.5591,     3.1996       
# span 9 =     1.2624,     2.7357       
# span 10 =      10.45,     105.81      
# span 11 =   19.00407,   19.30466      
# span 12 =  -93.95723,  -92.49434      
# span 13 =   -0.02546,    0.03305      
# span 14 =   -0.01947,    0.02742      
# span 15 =     2.3284,     4.7628      
# span 16 =     2.3422,     4.7768      
# span 17 =     6.6516,    29.7351      
# span 18 =     6.6517,    29.7394      
# span 19 =    34.9349,    36.5132      
# span 20 =    34.9347,    36.5144      
# span 21 =    21.9739,    27.4155      
# span 22 =    21.9734,    27.4154      
# span 23 =    1493.22,    1516.83      
# span 24 =    101.249,    207.650      
# span 25 =    101.847,    208.269      
# span 26 =         30,         73      
# span 27 = 0.0000e+00, 0.0000e+00      
# interval = decibars: 1                
# start_time = Oct 08 2021 18:58:02 [NMEA time, header]
# bad_flag = -9.990e-29
*END*
      45672   1902.947    716.377    722.000     6.7202     6.7203   3.529158   3.529128     1.6488     1.3480      10.45   19.16946  -93.29780    0.00000   -0.00001     2.9506     2.9718     6.6516     6.6517    34.9350    34.9347    27.4155    27.4153    1506.18    128.259    129.181         56 0.0000e+00
      45909   1912.838    715.386    721.000     6.7203     6.7204   3.529047   3.529114     1.6493     1.3482      11.46   19.16946  -93.29780    0.00017    0.00007     2.9518     2.9720     6.6518     6.6519    34.9349    34.9348    27.4154    27.4153    1506.18    128.311    129.187         37 0.0000e+00
      45965   1915.178    714.396    720.000     6.7215     6.7210   3.529196   3.529151     1.6495     1.3481      12.42   19.16947  -93.29780    0.00014 -9.139e-07     2.9521     2.9714     6.6530     6.6526    34.9351    34.9351    27.4154    27.4154    1506.18    128.324    129.162         50 0.0000e+00
      46026   1917.719    713.406    719.000     6.7212     6.7213   3.529124   3.529131     1.6497     1.3481      13.34   19.16947  -93.29780    0.00003    0.00001     2.9521     2.9710     6.6529     6.6530    34.9351    34.9350    27.4154    27.4153    1506.18    128.324    129.145         43 0.0000e+00
      46062   1919.192    712.415    718.000     6.7247     6.7244   3.529405   3.529372     1.6497     1.3481      14.23   19.16948  -93.29780    0.00001   -0.00000     2.9515     2.9704     6.6564     6.6562    34.9351    34.9350    27.4150    27.4149    1506.18    128.297    129.118         33 0.0000e+00
      46098   1920.695    711.424    717.000     6.7244     6.7249   3.529356   3.529390     1.6497     1.3485      15.20   19.16947  -93.29780    0.00006    0.00009     2.9512     2.9712     6.6563     6.6567    34.9353    34.9352    27.4151    27.4150    1506.18    128.286    129.154         38 0.0000e+00
      47161   1964.998    670.809    676.000     6.9642     6.9660   3.550687   3.550828     1.6394     1.3377      55.91   19.16926  -93.29672   -0.00017   -0.00022     2.8844     2.9000     6.8990     6.9007    34.9471    34.9469    27.3912    27.3907    1506.16    125.383    126.063         30 0.0000e+00
      47752   1989.606    648.021    653.000     7.1838     7.1831   3.571076   3.570994     1.6264     1.3261      78.85   19.16991  -93.29987   -0.00011    0.00002     2.8185     2.8358     7.1198     7.1191    34.9600    34.9597    27.3706    27.3705    1506.21    122.519    123.272         30 0.0000e+00
      47877   1994.827    643.067    648.000     7.2646     7.2677   3.578795   3.578982     1.6244     1.3228      83.89   19.16964  -93.29852   -0.00048   -0.00050     2.8043     2.8169     7.2007     7.2037    34.9651    34.9641    27.3632    27.3620    1506.19    121.903    122.451         32 0.0000e+00
      48006   2000.221    638.113    643.000     7.3555     7.3615   3.587646   3.588117     1.6210     1.3194      89.01   19.17082  -93.30425   -0.00058   -0.00052     2.7850     2.7966     7.2917     7.2976    34.9727    34.9718    27.3563    27.3547    1506.28    121.065    121.570         31 0.0000e+00
      48035   2001.431    637.122    642.000     7.3568     7.3690   3.587503   3.588649     1.6192     1.3178      90.03   19.16950  -93.29782   -0.00068   -0.00083     2.7792     2.7903     7.2931     7.3052    34.9700    34.9703    27.3539    27.3524    1506.18    120.812    121.298         31 0.0000e+00
      48131   2005.425    633.159    638.000     7.4319     7.4172   3.594813   3.593301     1.6162     1.3146      93.91   19.16998  -93.30014   -0.00071   -0.00071     2.7630     2.7746     7.3682     7.3536    34.9760    34.9744    27.3479    27.3487    1506.22    120.110    120.613         31 0.0000e+00
      48973   2040.483    600.457    605.000     7.9245     7.9233   3.641822   3.641731     1.5912     1.2916     100.00   19.16871  -93.29417   -0.00052   -0.00045     2.6397     2.6514     7.8620     7.8608    35.0057    35.0059    27.2990    27.2993    1506.12    114.755    115.264         30 0.0000e+00
      49100   2045.780    595.501    600.000     7.9565     7.9573   3.644818   3.644902     1.5876     1.2897     100.00   19.16896  -93.29536   -0.00053   -0.00030     2.6249     2.6411     7.8944     7.8952    35.0083    35.0084    27.2962    27.2962    1506.14    114.113    114.816         31 0.0000e+00
      49225   2050.997    590.546    595.000     7.9774     7.9800   3.646613   3.646782     1.5862     1.2890      99.85   19.16826  -93.29195   -0.00030    0.00000     2.6176     2.6354     7.9157     7.9183    35.0090    35.0081    27.2935    27.2925    1506.09    113.797    114.568         33 0.0000e+00
      50230   2092.876    552.881    557.000     8.6508     8.6542   3.713969   3.714297     1.5653     1.2689     100.01   19.17152  -93.30782   -0.00060   -0.00036     2.4972     2.5132     8.5904     8.5938    35.0750    35.0751    27.2422    27.2417    1506.34    108.568    109.262         45 0.0000e+00
      50418   2100.699    550.898    555.000     8.6243     8.6443   3.710214   3.712336     1.5651     1.2694      99.97   19.16606  -93.28122    0.00036    0.00033     2.4983     2.5151     8.5646     8.5841    35.0608    35.0637    27.2348    27.2340    1505.91    108.616    109.345         39 0.0000e+00
      50551   2106.231    549.907    554.000     8.6516     8.6612   3.713621   3.714275     1.5652     1.2685     100.00   19.16946  -93.29778   -0.00014   -0.00012     2.4962     2.5107     8.5916     8.6011    35.0714    35.0716    27.2390    27.2378    1506.18    108.523    109.153         45 0.0000e+00
      50837   2118.154    546.933    551.000     8.6676     8.6710   3.713982   3.714534     1.5637     1.2678      99.96   19.16223  -93.26259 -2.362e-07   -0.00015     2.4903     2.5073     8.6078     8.6112    35.0590    35.0604    27.2264    27.2270    1505.61    108.267    109.008         42 0.0000e+00
      52101   2170.818    545.942    550.000     8.6998     8.6969   3.718387   3.718075     1.5631     1.2681      96.67   19.16946  -93.29778   -0.00010   -0.00001     2.4854     2.5058     8.6400     8.6371    35.0759    35.0756    27.2350    27.2352    1506.18    108.058    108.941         44 0.0000e+00
      52135   2172.247    544.951    549.000     8.6956     8.6929   3.717944   3.717703     1.5630     1.2684      99.92   19.16946  -93.29778   -0.00004    0.00008     2.4852     2.5065     8.6359     8.6333    35.0758    35.0759    27.2355    27.2360    1506.18    108.045    108.970         65 0.0000e+00
      52206   2175.223    543.959    548.000     8.6932     8.6938   3.717620   3.717707     1.5632     1.2686     100.00   19.16946  -93.29776    0.00001    0.00013     2.4855     2.5070     8.6336     8.6343    35.0752    35.0755    27.2354    27.2356    1506.18    108.061    108.993         47 0.0000e+00
      52252   2177.140    542.968    547.000     8.6817     8.6822   3.716401   3.716529     1.5636     1.2683     100.00   19.16946  -93.29776    0.00020   -0.00003     2.4872     2.5064     8.6222     8.6228    35.0743    35.0751    27.2365    27.2371    1506.18    108.132    108.966         43 0.0000e+00
      52299   2179.087    541.976    546.000     8.6936     8.6989   3.717503   3.718047     1.5640     1.2686     100.00   19.16946  -93.29776    0.00019   -0.00006     2.4872     2.5059     8.6342     8.6395    35.0745    35.0750    27.2348    27.2344    1506.18    108.132    108.947         47 0.0000e+00
      52340   2180.800    540.985    545.000     8.7145     8.7181   3.719668   3.720103     1.5645     1.2686     100.00   19.16946  -93.29776    0.00020    0.00012     2.4870     2.5043     8.6552     8.6587    35.0771    35.0782    27.2335    27.2339    1506.18    108.123    108.878         35 0.0000e+00
      52372   2182.131    539.994    544.000     8.7272     8.7324   3.720969   3.721601     1.5648     1.2685     100.00   19.16946  -93.29778    0.00031    0.00001     2.4869     2.5028     8.6679     8.6731    35.0788    35.0803    27.2328    27.2332    1506.18    108.120    108.813         31 0.0000e+00
      52405   2183.502    539.002    543.000     8.7452     8.7494   3.722791   3.723260     1.5652     1.2686     100.00   19.16946  -93.29778    0.00028   -0.00003     2.4863     2.5016     8.6860     8.6901    35.0807    35.0815    27.2315    27.2314    1506.18    108.095    108.759         36 0.0000e+00
      52441   2184.997    538.011    542.000     8.7559     8.7577   3.723869   3.724005     1.5652     1.2680     100.00   19.16946  -93.29778    0.00016   -0.00008     2.4854     2.4988     8.6967     8.6986    35.0819    35.0815    27.2308    27.2301    1506.18    108.056    108.639         34 0.0000e+00
      52562   2190.050    534.046    538.000     8.8242     8.8335   3.730889   3.731884     1.5644     1.2671     100.00   19.17027  -93.30170   -0.00013   -0.00016     2.4772     2.4900     8.7652     8.7744    35.0903    35.0916    27.2265    27.2261    1506.24    107.699    108.257         33 0.0000e+00
      53388   2224.463    502.319    506.000     9.3094     9.3097   3.780140   3.780183     1.5593     1.2625      98.63   19.16948  -93.29796   -0.00005    0.00023     2.4216     2.4358     9.2522     9.2525    35.1421    35.1422    27.1885    27.1885    1506.18    105.288    105.905         31 0.0000e+00
      53515   2229.750    497.362    501.000     9.3243     9.3246   3.781351   3.781401     1.5591     1.2624     100.00   19.16854  -93.29341   -0.00001   -0.00010     2.4188     2.4332     9.2677     9.2679    35.1420    35.1423    27.1859    27.1860    1506.11    105.164    105.792         34 0.0000e+00
      53981   2249.152    479.514    483.000     9.6075     9.6091   3.810778   3.810990     1.5593     1.2624     100.00   19.16949  -93.29805   -0.00002    0.00000     2.3961     2.4104     9.5518     9.5534    35.1779    35.1786    27.1669    27.1672    1506.18    104.179    104.799         32 0.0000e+00
      54107   2254.417    474.555    478.000     9.6522     9.6564   3.815211   3.815622     1.5600     1.2635     100.00   19.16891  -93.29522    0.00025    0.00032     2.3938     2.4095     9.5970     9.6012    35.1821    35.1821    27.1626    27.1619    1506.14    104.080    104.763         30 0.0000e+00
      54237   2259.828    469.597    473.000     9.7469     9.7450   3.825254   3.825012     1.5610     1.2639     100.00   19.16975  -93.29928    0.00029    0.00019     2.3894     2.4038     9.6920     9.6900    35.1955    35.1949    27.1572    27.1570    1506.20    103.889    104.516         31 0.0000e+00
      54663   2277.587    454.721    458.000     9.8925     9.8979   3.839875   3.840921     1.5630     1.2661     100.01   19.17143  -93.30744    0.00002    0.00017     2.3818     2.3965     9.8388     9.8442    35.2148    35.2150    27.1473    27.1466    1506.34    103.558    104.201         39 0.0000e+00
      54745   2281.015    453.730    457.000     9.8773     9.8711   3.838539   3.837790     1.5626     1.2662     100.00   19.16944  -93.29776   -0.00015    0.00008     2.3810     2.3984     9.8239     9.8176    35.2119    35.2103    27.1476    27.1474    1506.18    103.527    104.283         73 0.0000e+00
      54834   2284.689    452.738    456.000     9.9005     9.8942   3.840924   3.840287     1.5630     1.2664     100.00   19.16944  -93.29776    0.00026    0.00012     2.3806     2.3973     9.8470     9.8409    35.2139    35.2136    27.1452    27.1460    1506.18    103.506    104.233         40 0.0000e+00
      54927   2288.600    451.746    455.000     9.9052     9.8910   3.841337   3.840061     1.5629     1.2663     100.00   19.16944  -93.29776   -0.00001    0.00000     2.3797     2.3967     9.8519     9.8377    35.2141    35.2131    27.1446    27.1462    1506.18    103.470    104.208         54 0.0000e+00
      55015   2292.248    450.754    454.000     9.9122     9.8983   3.842142   3.840397     1.5630     1.2666     100.00   19.16944  -93.29776    0.00002    0.00004     2.3793     2.3973     9.8590     9.8451    35.2153    35.2122    27.1443    27.1442    1506.18    103.450    104.235         42 0.0000e+00
      55114   2296.390    449.762    453.000     9.9786     9.9584   3.847441   3.846516     1.5637     1.2675     100.00   19.16944  -93.29776    0.00020    0.00037     2.3772     2.3955     9.9194     9.9061    35.2111    35.2167    27.1307    27.1376    1506.18    103.360    104.157         42 0.0000e+00
      55212   2300.465    448.771    452.000    10.0074    10.0155   3.852394   3.853006     1.5632     1.2663     100.00   19.16944  -93.29776   -0.00010   -0.00027     2.3733     2.3886     9.9546     9.9621    35.2302    35.2278    27.1396    27.1365    1506.18    103.191    103.858         45 0.0000e+00
      55313   2304.647    447.779    451.000    10.0397    10.0403   3.855841   3.855898     1.5625     1.2645     100.00   19.16944  -93.29774   -0.00018   -0.00039     2.3692     2.3813     9.9864     9.9870    35.2337    35.2336    27.1369    27.1367    1506.18    103.014    103.540         55 0.0000e+00
      56183   2340.936    446.787    450.000    10.0532    10.0468   3.857136   3.856459     1.5614     1.2646     100.00   19.16944  -93.29774   -0.00019   -0.00015     2.3650     2.3809    10.0000     9.9936    35.2342    35.2335    27.1349    27.1355    1506.18    102.833    103.521         56 0.0000e+00
      56722   2363.376    445.795    449.000    10.0539    10.0560   3.857338   3.857500     1.5615     1.2650      95.08   19.16944  -93.29774    0.00007   -0.00004     2.3649     2.3815    10.0008    10.0029    35.2359    35.2356    27.1362    27.1355    1506.18    102.827    103.546         69 0.0000e+00
      56803   2366.743    444.804    448.000    10.0800    10.0855   3.860013   3.860648     1.5618     1.2649     100.06   19.16944  -93.29774    0.00010   -0.00002     2.3638     2.3790    10.0269    10.0324    35.2387    35.2395    27.1338    27.1335    1506.18    102.777    103.441         57 0.0000e+00
      56853   2368.837    443.812    447.000    10.1232    10.1281   3.864564   3.865246     1.5616     1.2643     100.00   19.16944  -93.29774    0.00002   -0.00021     2.3606     2.3743    10.0701    10.0750    35.2432    35.2455    27.1299    27.1308    1506.18    102.638    103.235         50 0.0000e+00
      56898   2370.690    442.820    446.000    10.1589    10.1624   3.868530   3.868952     1.5618     1.2649      99.94   19.16944  -93.29774   -0.00000   -0.00002     2.3584     2.3740    10.1058    10.1093    35.2494    35.2503    27.1286    27.1287    1506.18    102.546    103.220         39 0.0000e+00
      56933   2372.164    441.828    445.000    10.1828    10.1872   3.871041   3.871678     1.5618     1.2650     100.00   19.16944  -93.29775    0.00003    0.00025     2.3567     2.3725    10.1298    10.1341    35.2522    35.2544    27.1266    27.1276    1506.18    102.472    103.156         33 0.0000e+00
      56966   2373.555    440.836    444.000    10.2088    10.2101   3.873880   3.874048     1.5620     1.2650     100.00   19.16944  -93.29775    0.00005    0.00010     2.3554     2.3708    10.1558    10.1571    35.2564    35.2568    27.1254    27.1254    1506.18    102.416    103.086         34 0.0000e+00
      57000   2374.950    439.844    443.000    10.2256    10.2330   3.875656   3.876425     1.5623     1.2652     100.00   19.16944  -93.29775    0.00015    0.00001     2.3550     2.3697    10.1727    10.1800    35.2585    35.2592    27.1241    27.1233    1506.18    102.396    103.038         33 0.0000e+00
      57032   2376.277    438.853    442.000    10.2530    10.2585   3.878515   3.879209     1.5629     1.2654     100.00   19.16944  -93.29774    0.00025    0.00015     2.3547     2.3686    10.2001    10.2056    35.2615    35.2633    27.1217    27.1221    1506.18    102.383    102.986         30 0.0000e+00
