GOMECC/GOMECC-4/1db/urb2103_0961.cnv
* Sea-Bird SBE 9 Data File:
* FileName = C:\Users\scs.user.rb\CTD\GOMECC4\data\rb2103_0961.hex
* Software Version Seasave V 7.26.7.107
* Temperature SN = 4799
* Conductivity SN = 3860
* Number of Bytes Per Scan = 41
* Number of Voltage Words = 4
* Number of Scans Averaged by the Deck Unit = 1
* NMEA Latitude = 22 39.54 N
* NMEA Longitude = 090 17.28 W
* NMEA UTC (Time) = Oct 11 2021  07:29:15
* NMEA baud rate = 4800
# nquan = 28
# nvalues = 64                          
# units = specified
# name 0 = scan: Scan Count
# name 1 = timeS: Time, Elapsed [seconds]
# name 2 = depSM: Depth [salt water, m]
# name 3 = prDM: Pressure, Digiquartz [db]
# name 4 = t090C: Temperature [ITS-90, deg C]
# name 5 = t190C: Temperature, 2 [ITS-90, deg C]
# name 6 = c0S/m: Conductivity [S/m]
# name 7 = c1S/m: Conductivity, 2 [S/m]
# name 8 = sbeox0V: Oxygen raw, SBE 43 [V]
# name 9 = sbeox1V: Oxygen raw, SBE 43, 2 [V]
# name 10 = altM: Altimeter [m]
# name 11 = latitude: Latitude [deg]
# name 12 = longitude: Longitude [deg]
# name 13 = sbox0dV/dT: Oxygen, SBE 43 [dov/dt]
# name 14 = sbox1dV/dT: Oxygen, SBE 43, 2 [dov/dt]
# name 15 = sbeox0ML/L: Oxygen, SBE 43 [ml/l], WS = 5
# name 16 = sbeox1ML/L: Oxygen, SBE 43, 2 [ml/l], WS = 5
# name 17 = potemp090C: Potential Temperature [ITS-90, deg C]
# name 18 = potemp190C: Potential Temperature, 2 [ITS-90, deg C]
# name 19 = sal00: Salinity, Practical [PSU]
# name 20 = sal11: Salinity, Practical, 2 [PSU]
# name 21 = sigma-é00: Density [sigma-theta, kg/m^3]
# name 22 = sigma-é11: Density, 2 [sigma-theta, kg/m^3]
# name 23 = avgsvCM: Average Sound Velocity [Chen-Millero, m/s], minP = 20, minS = 20
# name 24 = sbox0Mm/Kg: Oxygen, SBE 43 [umol/kg], WS = 5
# name 25 = sbox1Mm/Kg: Oxygen, SBE 43, 2 [umol/kg], WS = 5
# name 26 = nbin: number of scans per bin
# name 27 = flag: flag
# span 0 =      16581,      45839       
# span 1 =    690.831,   1909.926       
# span 2 =      0.994,    131.130       
# span 3 =      1.000,    132.000       
# span 4 =    19.7215,    29.6793       
# span 5 =    19.7219,    29.7076       
# span 6 =   4.946495,   6.018176       
# span 7 =   4.946718,   6.018775       
# span 8 =     1.9331,     3.1714       
# span 9 =     1.5960,     2.6875       
# span 10 =       6.40,     100.00      
# span 11 =   22.21906,   22.80956      
# span 12 =  -90.88372,  -88.53056      
# span 13 =   -0.00043,    0.02443      
# span 14 =   -0.00141,    0.02283      
# span 15 =     2.6272,     4.3599      
# span 16 =     2.6404,     4.3550      
# span 17 =    19.6989,    29.6758      
# span 18 =    19.6988,    29.7042      
# span 19 =    35.5176,    36.5370      
# span 20 =    35.5189,    36.5744      
# span 21 =    22.3576,    25.9616      
# span 22 =    22.3587,    25.9625      
# span 23 =    1504.97,    1544.97      
# span 24 =    114.362,    190.355      
# span 25 =    114.935,    190.143      
# span 26 =         38,         72      
# span 27 = 0.0000e+00, 0.0000e+00      
# interval = decibars: 1                
# start_time = Oct 11 2021 07:29:15 [NMEA time, header]
# bad_flag = -9.990e-29
*END*
[from data line 52]
      42988   1791.109     12.918     13.000    29.5130    29.5150   5.977937   5.977917     3.1502     2.6696      91.47   22.65998  -90.28768    0.00007    0.00006     4.3340     4.3255    29.5098    29.5118    36.3254    36.3239    22.8875    22.8857    1534.84    189.224    188.855         72 0.0000e+00
      43055   1793.915     11.925     12.000    29.5257    29.5245   5.974965   5.975407     3.1497     2.6666      19.69   22.65998  -90.28768   -0.00028   -0.00086     4.3324     4.3188    29.5228    29.5215    36.2959    36.2999    22.8609    22.8644    1534.84    189.161    188.568         67 0.0000e+00
      43123   1796.753     10.931     11.000    29.5394    29.5353   5.971895   5.973111     3.1496     2.6657      26.28   22.65998  -90.28768   -0.00019   -0.00059     4.3313     4.3164    29.5367    29.5326    36.2641    36.2754    22.8324    22.8422    1534.84    189.117    188.464         66 0.0000e+00
      43189   1799.508      9.937     10.000    29.5427    29.5407   5.970074   5.971040     3.1475     2.6638      83.40   22.65998  -90.28768   -0.00024   -0.00022     4.3277     4.3122    29.5403    29.5382    36.2501    36.2587    22.8206    22.8278    1534.84    188.964    188.283         66 0.0000e+00
      43253   1802.155      8.943      9.000    29.5385    29.5404   5.967212   5.968210     3.1480     2.6606      86.26   22.65998  -90.28768   -0.00043   -0.00127     4.3285     4.3058    29.5363    29.5382    36.2339    36.2394    22.8098    22.8133    1534.84    188.997    188.009         67 0.0000e+00
      43320   1804.962      7.950      8.000    29.5354    29.5369   5.965926   5.966634     3.1462     2.6628      86.38   22.65998  -90.28768   -0.00033   -0.00025     4.3252     4.3100    29.5335    29.5350    36.2280    36.2314    22.8063    22.8084    1534.84    188.854    188.191         60 0.0000e+00
      43386   1807.711      6.956      7.000    29.5363    29.5372   5.965925   5.966215     3.1462     2.6635      78.32   22.65998  -90.28768    0.00006    0.00093     4.3250     4.3110    29.5345    29.5355    36.2278    36.2286    22.8058    22.8061    1534.84    188.847    188.236         64 0.0000e+00
      43452   1810.462      5.962      6.000    29.5375    29.5381   5.965996   5.966368     3.1486     2.6579      75.14   22.65998  -90.28768    0.00005   -0.00141     4.3282     4.2994    29.5360    29.5366    36.2272    36.2293    22.8049    22.8062    1534.84    188.989    187.730         58 0.0000e+00
      43519   1813.232      4.968      5.000    29.5383    29.5394   5.965980   5.966264     3.1481     2.6640      86.55   22.65998  -90.28768    0.00021    0.00113     4.3266     4.3109    29.5370    29.5381    36.2268    36.2280    22.8043    22.8047    1534.84    188.919    188.233         71 0.0000e+00
      43586   1816.054      3.975      4.000    29.5392    29.5406   5.966148   5.966402     3.1499     2.6603      62.04   22.65998  -90.28768    0.00092   -0.00077     4.3294     4.3030    29.5382    29.5396    36.2276    36.2283    22.8044    22.8045    1534.84    189.039    187.888         57 0.0000e+00
      44925   1871.846      1.987      2.000    28.9618    28.9615   5.848962   5.849113     3.0874     2.6074      98.84   22.21906  -88.53056    0.00049   -0.00089     4.2423     4.2164    28.9613    28.9610    35.5176    35.5189    22.3576    22.3587    1504.97    185.237    184.108         46 0.0000e+00
      45839   1909.926      0.994      1.000    29.5331    29.5330   5.886418   5.956767     3.1519     2.6634     100.00   22.66006  -90.28766    0.00062    0.00068     4.3447     4.3095    29.5329    29.5327    35.6974    36.1689    22.4092    22.7623    1534.84    189.786    188.180         53 0.0000e+00
