GOMECC/GOMECC-4/1db/urb2103_1071.cnv
* Sea-Bird SBE 9 Data File:
* FileName = C:\Users\scs.user.rb\CTD\GOMECC4\data\rb2103_1071.hex
* Software Version Seasave V 7.26.7.107
* Temperature SN = 4799
* Conductivity SN = 3860
* Number of Bytes Per Scan = 41
* Number of Voltage Words = 4
* Number of Scans Averaged by the Deck Unit = 1
* NMEA Latitude = 23 05.26 N
* NMEA Longitude = 086 16.38 W
* NMEA UTC (Time) = Oct 14 2021  17:43:34
* NMEA baud rate = 4800
# nquan = 28
# nvalues = 490                         
# units = specified
# name 0 = scan: Scan Count
# name 1 = timeS: Time, Elapsed [seconds]
# name 2 = depSM: Depth [salt water, m]
# name 3 = prDM: Pressure, Digiquartz [db]
# name 4 = t090C: Temperature [ITS-90, deg C]
# name 5 = t190C: Temperature, 2 [ITS-90, deg C]
# name 6 = c0S/m: Conductivity [S/m]
# name 7 = c1S/m: Conductivity, 2 [S/m]
# name 8 = sbeox0V: Oxygen raw, SBE 43 [V]
# name 9 = sbeox1V: Oxygen raw, SBE 43, 2 [V]
# name 10 = altM: Altimeter [m]
# name 11 = latitude: Latitude [deg]
# name 12 = longitude: Longitude [deg]
# name 13 = sbox0dV/dT: Oxygen, SBE 43 [dov/dt]
# name 14 = sbox1dV/dT: Oxygen, SBE 43, 2 [dov/dt]
# name 15 = sbeox0ML/L: Oxygen, SBE 43 [ml/l], WS = 5
# name 16 = sbeox1ML/L: Oxygen, SBE 43, 2 [ml/l], WS = 5
# name 17 = potemp090C: Potential Temperature [ITS-90, deg C]
# name 18 = potemp190C: Potential Temperature, 2 [ITS-90, deg C]
# name 19 = sal00: Salinity, Practical [PSU]
# name 20 = sal11: Salinity, Practical, 2 [PSU]
# name 21 = sigma-é00: Density [sigma-theta, kg/m^3]
# name 22 = sigma-é11: Density, 2 [sigma-theta, kg/m^3]
# name 23 = avgsvCM: Average Sound Velocity [Chen-Millero, m/s], minP = 20, minS = 20
# name 24 = sbox0Mm/Kg: Oxygen, SBE 43 [umol/kg], WS = 5
# name 25 = sbox1Mm/Kg: Oxygen, SBE 43, 2 [umol/kg], WS = 5
# name 26 = nbin: number of scans per bin
# name 27 = flag: flag
# span 0 =      48166,     138408       
# span 1 =   2006.857,   5766.937       
# span 2 =      0.994,   1218.646       
# span 3 =      1.000,   1230.000       
# span 4 =     4.3669,    31.4619       
# span 5 =     4.3673,    30.8405       
# span 6 =   3.339715,   6.270927       
# span 7 =   3.339780,   6.239101       
# span 8 =     1.6128,     3.2695       
# span 9 =     1.3114,     2.7759       
# span 10 =      11.49,     105.59      
# span 11 =   22.71926,   23.80460      
# span 12 =  -88.94793,  -84.89302      
# span 13 =   -0.00340,    0.01099      
# span 14 =   -0.00374,    0.00975      
# span 15 =     2.6612,     4.5613      
# span 16 =     2.6718,     4.5824      
# span 17 =     4.2674,    31.4617      
# span 18 =     4.2678,    30.8403      
# span 19 =    34.8982,    37.4115      
# span 20 =    34.8990,    37.0147      
# span 21 =    22.3753,    27.7292      
# span 22 =    22.3799,    27.7290      
# span 23 =    1483.55,    1554.42      
# span 24 =    115.708,    198.212      
# span 25 =    116.169,    199.128      
# span 26 =         30,         71      
# span 27 = 0.0000e+00, 0.0000e+00      
# interval = decibars: 1                
# start_time = Oct 14 2021 17:43:34 [NMEA time, header]
# bad_flag = -9.990e-29
*END*
[from data line 363]
     102492   4270.478    167.866    169.000    22.7604    22.7522   5.335224   5.336589     2.4201     2.0333      62.38   23.08790  -86.27292    0.00174    0.00232     3.4785     3.4883    22.7128    22.7179    36.9817    36.9893    25.5207    25.5254    1507.66    151.481    151.911         34 0.0000e+00
     102570   4273.698    165.881    167.000    22.9900    23.0222   5.363307   5.366584     2.4366     2.0451     100.02   23.09145  -86.28616    0.00496    0.00296     3.4955     3.4982    22.9556    22.9877    36.9988    36.9969    25.4639    25.4531    1507.89    152.231    152.352         35 0.0000e+00
     102593   4274.680    164.888    166.000    23.0255    23.0342   5.366493   5.367817     2.4399     2.0462     100.00   23.08790  -86.27292    0.00465    0.00367     3.4995     3.4994    22.9912    22.9999    36.9918    36.9948    25.4477    25.4474    1507.66    152.409    152.407         45 0.0000e+00
     102636   4276.463    163.895    165.000    23.0737    23.0803   5.371648   5.372317     2.4405     2.0480     100.00   23.08790  -86.27292    0.00149    0.00109     3.4970     3.5003    23.0396    23.0462    36.9915    36.9912    25.4334    25.4312    1507.66    152.304    152.448         38 0.0000e+00
     102671   4277.907    162.902    164.000    23.0937    23.1294   5.374029   5.377830     2.4415     2.0498     100.00   23.08790  -86.27291    0.00045    0.00101     3.4973     3.5009    23.0598    23.0954    36.9936    36.9930    25.4291    25.4183    1507.66    152.314    152.476         33 0.0000e+00
     102705   4279.331    161.909    163.000    23.1873    23.2202   5.384742   5.387645     2.4447     2.0534     100.00   23.08790  -86.27292    0.00106    0.00166     3.4973     3.5029    23.1567    23.1864    36.9957    36.9931    25.4024    25.3917    1507.66    152.319    152.568         35 0.0000e+00
     102741   4280.816    160.916    162.000    23.2630    23.2853   5.392807   5.395460     2.4506     2.0579      98.79   23.08790  -86.27292    0.00234    0.00237     3.5037     3.5083    23.2293    23.2517    36.9974    36.9991    25.3825    25.3772    1507.66    152.603    152.804         35 0.0000e+00
     102775   4282.246    159.923    161.000    23.3045    23.3197   5.397690   5.399379     2.4564     2.0615      81.63   23.08790  -86.27292    0.00379    0.00275     3.5122     3.5138    23.2711    23.2862    37.0006    37.0009    25.3727    25.3684    1507.66    152.974    153.046         35 0.0000e+00
     102815   4283.923    158.930    160.000    23.3507    23.3512   5.402616   5.402957     2.4604     2.0634      99.84   23.08790  -86.27292    0.00348    0.00215     3.5170     3.5157    23.3173    23.3179    37.0003    37.0025    25.3589    25.3604    1507.66    153.186    153.128         46 0.0000e+00
     102859   4285.752    157.937    159.000    23.3832    23.4022   5.406110   5.408581     2.4658     2.0691     100.00   23.08790  -86.27292    0.00274    0.00193     3.5252     3.5248    23.3500    23.3690    37.0003    37.0035    25.3493    25.3461    1507.66    153.545    153.527         43 0.0000e+00
     103035   4293.076    155.951    157.000    23.4888    23.5908   5.418841   5.429906     2.4775     2.0843      99.91   23.09646  -86.30489    0.00066    0.00200     3.5403     3.5459    23.4553    23.5578    37.0149    37.0147    25.3304    25.3002    1508.22    154.205    154.455         44 0.0000e+00
     103447   4310.266    152.973    154.000    23.7003    23.6994   5.439195   5.439364     2.4903     2.0885     100.00   23.08788  -86.27292    0.00011   -0.00096     3.5516     3.5475    23.6679    23.6670    36.9913    36.9933    25.2486    25.2504    1507.66    154.708    154.529         32 0.0000e+00
     103600   4316.615    151.980    153.000    23.8287    23.8129   5.452352   5.450897     2.5021     2.1010     100.00   23.08788  -86.27290    0.00174    0.00113     3.5665     3.5679    23.7964    23.7806    36.9854    36.9874    25.2060    25.2122    1507.66    155.362    155.424         43 0.0000e+00
     103756   4323.106    150.987    152.000    23.9522    23.9424   5.466071   5.465262     2.5093     2.1062     100.00   23.08788  -86.27290    0.00043   -0.00012     3.5722     3.5709    23.9200    23.9102    36.9878    36.9898    25.1710    25.1755    1507.66    155.615    155.560         30 0.0000e+00
     103906   4329.394    149.994    151.000    24.1094    24.1010   5.480940   5.480669     2.5190     2.1162     100.00   23.08788  -86.27290    0.00080    0.00042     3.5809     3.5828    24.0772    24.0689    36.9709    36.9757    25.1112    25.1174    1507.66    156.007    156.086         48 0.0000e+00
     105044   4376.786    149.001    150.000    24.2255    24.2151   5.492444   5.491774     2.5379     2.1327     100.00   23.08792  -86.27289    0.00054    0.00035     3.6106     3.6117    24.1935    24.1831    36.9624    36.9659    25.0700    25.0757    1507.66    157.307    157.351         63 0.0000e+00
     105640   4401.645    148.008    149.000    24.2871    24.2634   5.499051   5.496898     2.5452     2.1387     100.00   23.08794  -86.27289    0.00082    0.00033     3.6206     3.6215    24.2552    24.2315    36.9620    36.9652    25.0511    25.0606    1507.66    157.746    157.781         71 0.0000e+00
     105684   4403.458    147.015    148.000    24.2981    24.2883   5.500570   5.499186     2.5438     2.1396     100.00   23.08794  -86.27288   -0.00029    0.00047     3.6157     3.6211    24.2664    24.2570    36.9624    36.9627    25.0480    25.0517    1507.66    157.530    157.765         41 0.0000e+00
     105735   4405.596    146.022    147.000    24.3404    24.3405   5.504729   5.504849     2.5443     2.1409      94.62   23.08794  -86.27288   -0.00007    0.00060     3.6143     3.6206    24.3089    24.3090    36.9615    36.9624    25.0346    25.0352    1507.66    157.472    157.748         66 0.0000e+00
     105793   4407.983    145.029    146.000    24.3661    24.3572   5.507197   5.506510     2.5457     2.1402      92.73   23.08794  -86.27288    0.00038    0.00022     3.6152     3.6177    24.3348    24.3259    36.9595    36.9613    25.0252    25.0293    1507.66    157.512    157.620         32 0.0000e+00
     105823   4409.254    144.036    145.000    24.4416    24.4417   5.514807   5.514857     2.5494     2.1393      99.92   23.08794  -86.27288    0.00130   -0.00054     3.6170     3.6101    24.4104    24.4105    36.9550    36.9553    24.9990    24.9992    1507.66    157.596    157.295         30 0.0000e+00
     105855   4410.588    143.043    144.000    24.5118    24.4929   5.521391   5.519907     2.5519     2.1433     100.00   23.08794  -86.27288    0.00187   -0.00001     3.6168     3.6152    24.4808    24.4619    36.9471    36.9515    24.9718    24.9808    1507.66    157.593    157.521         35 0.0000e+00
     105899   4412.407    142.050    143.000    24.5459    24.5462   5.524589   5.524986     2.5577     2.1500      75.82   23.08794  -86.27288    0.00248    0.00285     3.6258     3.6261    24.5150    24.5154    36.9435    36.9462    24.9587    24.9606    1507.66    157.984    157.998         52 0.0000e+00
     105946   4414.387    141.057    142.000    24.5852    24.5717   5.528530   5.527483     2.5618     2.1541     101.26   23.08794  -86.27288    0.00295    0.00309     3.6309     3.6332    24.5545    24.5411    36.9413    36.9444    24.9450    24.9514    1507.66    158.209    158.308         37 0.0000e+00
     106033   4418.019    139.071    140.000    24.8888    24.8754   5.560027   5.558543     2.5963     2.1830     100.03   23.09404  -86.29561    0.00738    0.00603     3.6768     3.6750    24.8583    24.8458    36.9334    36.9375    24.8478    24.8565    1508.06    160.224    160.147         30 0.0000e+00
     106043   4418.402    138.078    139.000    24.9165    24.9324   5.562106   5.563489     2.6026     2.1900     100.00   23.08795  -86.27286    0.01099    0.00975     3.6877     3.6875    24.8862    24.9021    36.9225    36.9201    24.8299    24.8232    1507.66    160.705    160.696         48 0.0000e+00
     106093   4420.493    137.085    138.000    24.8590    24.9451   5.556172   5.564640     2.6041     2.1958     100.00   23.08794  -86.27286    0.00509    0.00583     3.6942     3.6989    24.8289    24.9150    36.9255    36.9200    24.8496    24.8192    1507.66    160.984    161.193         44 0.0000e+00
     106225   4426.014    134.106    135.000    25.3199    25.3079   5.600512   5.599568     2.6406     2.2203      99.95   23.09499  -86.29913    0.00981    0.00668     3.7339     3.7283    25.2902    25.2782    36.8860    36.8893    24.6795    24.6860    1508.12    162.740    162.497         45 0.0000e+00
     106240   4426.605    133.112    134.000    25.3163    25.3587   5.598465   5.603348     2.6459     2.2261     100.00   23.08796  -86.27286    0.00685    0.00468     3.7440     3.7376    25.2868    25.3294    36.8692    36.8694    24.6664    24.6530    1507.66    163.183    162.903         43 0.0000e+00
     106274   4428.049    132.120    133.000    25.3823    25.3881   5.602786   5.603787     2.6511     2.2317     100.00   23.08796  -86.27286    0.00336    0.00373     3.7497     3.7472    25.3530    25.3587    36.8479    36.8507    24.6299    24.6302    1507.66    163.434    163.325         31 0.0000e+00
     106306   4429.394    131.126    132.000    25.4325    25.4228   5.606923   5.606535     2.6553     2.2359     100.00   23.08796  -86.27286    0.00323    0.00356     3.7541     3.7536    25.4033    25.3936    36.8382    36.8432    24.6070    24.6138    1507.66    163.631    163.610         36 0.0000e+00
     106348   4431.110    130.133    131.000    25.5085    25.4822   5.613451   5.611450     2.6624     2.2419      72.09   23.08796  -86.27286    0.00351    0.00334     3.7625     3.7627    25.4795    25.4532    36.8253    36.8318    24.5736    24.5867    1507.66    164.004    164.008         42 0.0000e+00
     106385   4432.661    129.140    130.000    25.6294    25.5799   5.622699   5.618797     2.6680     2.2462     100.27   23.08796  -86.27286    0.00387    0.00343     3.7642     3.7646    25.6005    25.5510    36.7962    36.8074    24.5141    24.5379    1507.66    164.087    164.101         34 0.0000e+00
     106419   4434.099    128.147    129.000    25.7495    25.6963   5.632809   5.629002     2.6760     2.2503     100.00   23.08796  -86.27286    0.00443    0.00281     3.7726     3.7668    25.7208    25.6676    36.7742    36.7890    24.4600    24.4878    1507.66    164.461    164.203         37 0.0000e+00
     106460   4435.799    127.154    128.000    25.7937    25.7591   5.636689   5.633726     2.6831     2.2551     100.00   23.08796  -86.27286    0.00482    0.00270     3.7828     3.7729    25.7652    25.7306    36.7675    36.7735    24.4411    24.4564    1507.66    164.908    164.475         43 0.0000e+00
     106499   4437.424    126.161    127.000    25.8719    25.8378   5.642236   5.640324     2.6903     2.2637      53.11   23.08796  -86.27286    0.00413    0.00369     3.7910     3.7860    25.8435    25.8094    36.7475    36.7591    24.4015    24.4209    1507.66    165.274    165.053         34 0.0000e+00
     106532   4438.796    125.168    126.000    25.9855    25.8974   5.651380   5.644641     2.7014     2.2687      77.08   23.08796  -86.27286    0.00520    0.00453     3.8049     3.7928    25.9572    25.8692    36.7219    36.7432    24.3465    24.3902    1507.66    165.887    165.352         34 0.0000e+00
     106569   4440.326    124.175    125.000    26.0662    26.0043   5.658017   5.652654     2.7154     2.2799      99.59   23.08796  -86.27286    0.00772    0.00507     3.8262     3.8098    26.0381    25.9762    36.7062    36.7165    24.3093    24.3365    1507.66    166.822    166.102         40 0.0000e+00
     106609   4441.996    123.182    124.000    26.1725    26.0936   5.666679   5.659987     2.7292     2.2923      96.25   23.08796  -86.27286    0.00898    0.00703     3.8459     3.8304    26.1446    26.0657    36.6848    36.6990    24.2596    24.2952    1507.66    167.690    167.007         38 0.0000e+00
     106645   4443.516    122.189    123.000    26.2596    26.2060   5.673672   5.669782     2.7400     2.3038      91.58   23.08796  -86.27286    0.00796    0.00739     3.8598     3.8474    26.2317    26.1782    36.6666    36.6810    24.2184    24.2462    1507.66    168.301    167.756         36 0.0000e+00
     106683   4445.089    121.196    122.000    26.3683    26.3036   5.681867   5.677017     2.7551     2.3150      99.92   23.08796  -86.27286    0.00800    0.00748     3.8809     3.8647    26.3406    26.2760    36.6400    36.6562    24.1639    24.1966    1507.66    169.230    168.518         40 0.0000e+00
     106722   4446.720    120.202    121.000    26.4039    26.3544   5.684527   5.680832     2.7650     2.3236      99.84   23.08798  -86.27286    0.00842    0.00667     3.8973     3.8794    26.3764    26.3270    36.6313    36.6438    24.1460    24.1711    1507.66    169.951    169.166         36 0.0000e+00
     106757   4448.147    119.210    120.000    26.4308    26.3940   5.686576   5.683968     2.7700     2.3302      50.19   23.08798  -86.27286    0.00582    0.00526     3.9045     3.8904    26.4035    26.3668    36.6251    36.6354    24.1328    24.1522    1507.66    170.267    169.646         34 0.0000e+00
     106791   4449.580    118.216    119.000    26.4527    26.4283   5.688088   5.686340     2.7753     2.3352      99.17   23.08798  -86.27286    0.00397    0.00458     3.9128     3.8985    26.4257    26.4013    36.6190    36.6257    24.1211    24.1339    1507.66    170.628    170.003         36 0.0000e+00
     106829   4451.146    117.223    118.000    26.4899    26.4531   5.690734   5.688193     2.7803     2.3390     100.00   23.08798  -86.27286    0.00355    0.00320     3.9194     3.9044    26.4631    26.4263    36.6089    36.6198    24.1017    24.1215    1507.66    170.921    170.262         39 0.0000e+00
     106870   4452.883    116.230    117.000    26.5398    26.5088   5.694517   5.692466     2.7850     2.3457     100.00   23.08798  -86.27286    0.00292    0.00286     3.9241     3.9141    26.5132    26.4822    36.5951    36.6043    24.0754    24.0921    1507.66    171.130    170.693         42 0.0000e+00
     106907   4454.433    115.237    116.000    26.6562    26.6006   5.702372   5.699236     2.7955     2.3539     100.00   23.08798  -86.27286    0.00359    0.00431     3.9367     3.9272    26.6297    26.5743    36.5653    36.5826    24.0157    24.0461    1507.66    171.691    171.271         33 0.0000e+00
     106939   4455.769    114.244    115.000    26.7006    26.6581   5.706207   5.703249     2.8058     2.3574     100.00   23.08798  -86.27286    0.00608    0.00456     3.9527     3.9294    26.6743    26.6319    36.5551    36.5673    23.9938    24.0166    1507.66    172.393    171.372         32 0.0000e+00
     106973   4457.173    113.251    114.000    26.7576    26.7264   5.710991   5.708695     2.8133     2.3678     100.00   23.08798  -86.27286    0.00733    0.00454     3.9626     3.9464    26.7315    26.7003    36.5450    36.5530    23.9680    23.9840    1507.66    172.827    172.120         36 0.0000e+00
     107014   4458.861    112.257    113.000    26.8159    26.7692   5.715246   5.712017     2.8225     2.3751     100.00   23.08798  -86.27286    0.00595    0.00542     3.9760     3.9594    26.7900    26.7433    36.5330    36.5435    23.9403    23.9631    1507.66    173.416    172.688         45 0.0000e+00
     107057   4460.686    111.264    112.000    26.8205    26.8298   5.715876   5.717087     2.8272     2.3834      88.55   23.08798  -86.27286    0.00421    0.00484     3.9837     3.9717    26.7948    26.8041    36.5311    36.5325    23.9373    23.9354    1507.66    173.755    173.232         39 0.0000e+00
