GOMECC/GOMECC-4/1db/urb2103_0961.cnv
* Sea-Bird SBE 9 Data File:
* FileName = C:\Users\scs.user.rb\CTD\GOMECC4\data\rb2103_0961.hex
* Software Version Seasave V 7.26.7.107
* Temperature SN = 4799
* Conductivity SN = 3860
* Number of Bytes Per Scan = 41
* Number of Voltage Words = 4
* Number of Scans Averaged by the Deck Unit = 1
* NMEA Latitude = 22 39.54 N
* NMEA Longitude = 090 17.28 W
* NMEA UTC (Time) = Oct 11 2021  07:29:15
* NMEA baud rate = 4800
# nquan = 28
# nvalues = 64                          
# units = specified
# name 0 = scan: Scan Count
# name 1 = timeS: Time, Elapsed [seconds]
# name 2 = depSM: Depth [salt water, m]
# name 3 = prDM: Pressure, Digiquartz [db]
# name 4 = t090C: Temperature [ITS-90, deg C]
# name 5 = t190C: Temperature, 2 [ITS-90, deg C]
# name 6 = c0S/m: Conductivity [S/m]
# name 7 = c1S/m: Conductivity, 2 [S/m]
# name 8 = sbeox0V: Oxygen raw, SBE 43 [V]
# name 9 = sbeox1V: Oxygen raw, SBE 43, 2 [V]
# name 10 = altM: Altimeter [m]
# name 11 = latitude: Latitude [deg]
# name 12 = longitude: Longitude [deg]
# name 13 = sbox0dV/dT: Oxygen, SBE 43 [dov/dt]
# name 14 = sbox1dV/dT: Oxygen, SBE 43, 2 [dov/dt]
# name 15 = sbeox0ML/L: Oxygen, SBE 43 [ml/l], WS = 5
# name 16 = sbeox1ML/L: Oxygen, SBE 43, 2 [ml/l], WS = 5
# name 17 = potemp090C: Potential Temperature [ITS-90, deg C]
# name 18 = potemp190C: Potential Temperature, 2 [ITS-90, deg C]
# name 19 = sal00: Salinity, Practical [PSU]
# name 20 = sal11: Salinity, Practical, 2 [PSU]
# name 21 = sigma-é00: Density [sigma-theta, kg/m^3]
# name 22 = sigma-é11: Density, 2 [sigma-theta, kg/m^3]
# name 23 = avgsvCM: Average Sound Velocity [Chen-Millero, m/s], minP = 20, minS = 20
# name 24 = sbox0Mm/Kg: Oxygen, SBE 43 [umol/kg], WS = 5
# name 25 = sbox1Mm/Kg: Oxygen, SBE 43, 2 [umol/kg], WS = 5
# name 26 = nbin: number of scans per bin
# name 27 = flag: flag
# span 0 =      16581,      45839       
# span 1 =    690.831,   1909.926       
# span 2 =      0.994,    131.130       
# span 3 =      1.000,    132.000       
# span 4 =    19.7215,    29.6793       
# span 5 =    19.7219,    29.7076       
# span 6 =   4.946495,   6.018176       
# span 7 =   4.946718,   6.018775       
# span 8 =     1.9331,     3.1714       
# span 9 =     1.5960,     2.6875       
# span 10 =       6.40,     100.00      
# span 11 =   22.21906,   22.80956      
# span 12 =  -90.88372,  -88.53056      
# span 13 =   -0.00043,    0.02443      
# span 14 =   -0.00141,    0.02283      
# span 15 =     2.6272,     4.3599      
# span 16 =     2.6404,     4.3550      
# span 17 =    19.6989,    29.6758      
# span 18 =    19.6988,    29.7042      
# span 19 =    35.5176,    36.5370      
# span 20 =    35.5189,    36.5744      
# span 21 =    22.3576,    25.9616      
# span 22 =    22.3587,    25.9625      
# span 23 =    1504.97,    1544.97      
# span 24 =    114.362,    190.355      
# span 25 =    114.935,    190.143      
# span 26 =         38,         72      
# span 27 = 0.0000e+00, 0.0000e+00      
# interval = decibars: 1                
# start_time = Oct 11 2021 07:29:15 [NMEA time, header]
# bad_flag = -9.990e-29
*END*
      16581    690.831    131.130    132.000    19.7264    19.7270   4.947441   4.947655     1.9343     1.5960       6.40   22.65956  -90.28784    0.00015   -0.00021     2.6301     2.6408    19.7020    19.7027    36.4678    36.4690    25.9607    25.9615    1534.84    114.489    114.955         67 0.0000e+00
      16652    693.777    130.137    131.000    19.7263    19.7266   4.947418   4.947566     1.9331     1.5970       7.35   22.65956  -90.28784   -0.00018    0.00004     2.6272     2.6430    19.7022    19.7025    36.4679    36.4690    25.9607    25.9615    1534.84    114.362    115.048         57 0.0000e+00
      16702    695.876    129.144    130.000    19.7311    19.7329   4.948038   4.948317     1.9343     1.5964       8.28   22.65956  -90.28784   -0.00004    0.00017     2.6295     2.6407    19.7071    19.7090    36.4680    36.4689    25.9595    25.9597    1534.84    114.462    114.951         53 0.0000e+00
      16762    698.361    128.151    129.000    19.7268    19.7280   4.947346   4.947580     1.9347     1.5973       9.32   22.65956  -90.28784    0.00048    0.00009     2.6301     2.6430    19.7030    19.7042    36.4678    36.4688    25.9605    25.9609    1534.84    114.486    115.049         57 0.0000e+00
      16811    700.428    127.158    128.000    19.7297    19.7284   4.947677   4.947670     1.9353     1.5973      10.23   22.65956  -90.28784    0.00012    0.00011     2.6308     2.6426    19.7061    19.7048    36.4679    36.4693    25.9597    25.9612    1534.84    114.519    115.033         51 0.0000e+00
      16866    702.721    126.165    127.000    19.7235    19.7245   4.946917   4.947135     1.9352     1.5984      11.22   22.65956  -90.28783    0.00013    0.00028     2.6306     2.6451    19.7001    19.7010    36.4679    36.4688    25.9613    25.9617    1534.84    114.511    115.139         54 0.0000e+00
      16921    705.004    125.171    126.000    19.7226    19.7228   4.946793   4.946949     1.9360     1.5999      12.22   22.65956  -90.28784    0.00019    0.00074     2.6321     2.6483    19.6994    19.6996    36.4679    36.4691    25.9615    25.9624    1534.84    114.577    115.280         59 0.0000e+00
      16979    707.401    124.178    125.000    19.7219    19.7219   4.946661   4.946792     1.9358     1.5983      13.19   22.65956  -90.28784    0.00012   -0.00036     2.6314     2.6444    19.6989    19.6988    36.4678    36.4690    25.9616    25.9625    1534.84    114.545    115.110         52 0.0000e+00
      17030    709.530    123.185    124.000    19.7223    19.7223   4.946667   4.946786     1.9345     1.5980      14.12   22.65956  -90.28784   -0.00033   -0.00030     2.6283     2.6433    19.6995    19.6995    36.4679    36.4689    25.9615    25.9622    1534.84    114.408    115.064         55 0.0000e+00
      17089    711.980    122.192    123.000    19.7217    19.7220   4.946561   4.946718     1.9352     1.5979      15.13   22.65956  -90.28784   -0.00018   -0.00017     2.6296     2.6428    19.6990    19.6993    36.4679    36.4690    25.9616    25.9624    1534.84    114.464    115.041         58 0.0000e+00
      17141    714.173    121.199    122.000    19.7215    19.7227   4.946495   4.946738     1.9359     1.5980      16.07   22.65956  -90.28784    0.00043    0.00008     2.6307     2.6426    19.6990    19.7002    36.4679    36.4689    25.9616    25.9620    1534.84    114.514    115.031         49 0.0000e+00
      17198    716.526    120.206    121.000    19.7227    19.7238   4.946576   4.946805     1.9354     1.5980      17.09   22.65956  -90.28782    0.00002    0.00001     2.6291     2.6422    19.7004    19.7015    36.4679    36.4689    25.9613    25.9617    1534.84    114.445    115.017         64 0.0000e+00
      17255    718.928    119.212    120.000    19.7240    19.7257   4.946662   4.946968     1.9348     1.5974      17.99   22.65956  -90.28782   -0.00036   -0.00015     2.6274     2.6404    19.7018    19.7036    36.4679    36.4689    25.9609    25.9612    1534.84    114.373    114.935         44 0.0000e+00
      17305    721.007    118.219    119.000    19.7281    19.7288   4.947018   4.947223     1.9353     1.5983      19.04   22.65956  -90.28782    0.00003    0.00009     2.6281     2.6421    19.7062    19.7069    36.4676    36.4687    25.9595    25.9602    1534.84    114.403    115.010         65 0.0000e+00
      17368    723.637    117.226    118.000    19.7288    19.7301   4.947037   4.947289     1.9360     1.5989      19.99   22.65956  -90.28782    0.00031    0.00040     2.6292     2.6430    19.7071    19.7083    36.4675    36.4685    25.9592    25.9596    1534.84    114.447    115.050         50 0.0000e+00
      17415    725.596    116.233    117.000    19.7320    19.7335   4.947280   4.947559     1.9369     1.5988      20.93   22.65956  -90.28782    0.00031   -0.00007     2.6306     2.6424    19.7104    19.7119    36.4672    36.4682    25.9580    25.9584    1534.84    114.512    115.023         52 0.0000e+00
      17478    728.215    115.240    116.000    19.7335    19.7355   4.947363   4.947699     1.9380     1.6006      21.95   22.65956  -90.28782    0.00054    0.00071     2.6326     2.6461    19.7121    19.7141    36.4669    36.4679    25.9574    25.9576    1534.84    114.596    115.187         58 0.0000e+00
      17527    730.252    114.247    115.000    19.7364    19.7375   4.947595   4.947840     1.9378     1.5999      22.87   22.65957  -90.28782    0.00008   -0.00004     2.6317     2.6440    19.7152    19.7163    36.4667    36.4677    25.9564    25.9569    1534.84    114.558    115.093         51 0.0000e+00
      17588    732.800    113.254    114.000    19.7378    19.7387   4.947673   4.947915     1.9387     1.5998      23.91   22.65958  -90.28782    0.00017   -0.00010     2.6332     2.6435    19.7168    19.7177    36.4665    36.4677    25.9558    25.9565    1534.84    114.624    115.071         61 0.0000e+00
      17639    734.905    112.261    113.000    19.7409    19.7418   4.947911   4.948147     1.9391     1.6017      24.74   22.65958  -90.28782    0.00035    0.00043     2.6336     2.6476    19.7200    19.7210    36.4662    36.4673    25.9547    25.9553    1534.84    114.643    115.250         49 0.0000e+00
      17697    737.315    111.267    112.000    19.7438    19.7446   4.948138   4.948355     1.9387     1.6023      25.83   22.65958  -90.28782   -0.00009    0.00062     2.6323     2.6484    19.7231    19.7239    36.4659    36.4670    25.9537    25.9543    1534.84    114.586    115.284         62 0.0000e+00
      17751    739.580    110.274    111.000    19.7452    19.7471   4.948233   4.948530     1.9409     1.6023      26.71   22.65957  -90.28782    0.00047   -0.00015     2.6366     2.6480    19.7247    19.7266    36.4658    36.4666    25.9532    25.9534    1534.84    114.774    115.267         50 0.0000e+00
      17807    741.935    109.281    110.000    19.7487    19.7503   4.948505   4.948777     1.9422     1.6041      27.71   22.65956  -90.28782    0.00080    0.00067     2.6391     2.6519    19.7284    19.7300    36.4653    36.4662    25.9519    25.9521    1534.84    114.880    115.439         62 0.0000e+00
      17863    744.255    108.288    109.000    19.7508    19.7523   4.948656   4.948932     1.9429     1.6045      28.64   22.65956  -90.28782    0.00044    0.00035     2.6402     2.6525    19.7307    19.7321    36.4651    36.4661    25.9511    25.9515    1534.84    114.928    115.463         48 0.0000e+00
      17915    746.434    107.295    108.000    19.7583    19.7602   4.949324   4.949643     1.9427     1.6049      29.64   22.65956  -90.28782    0.00004    0.00018     2.6388     2.6524    19.7384    19.7403    36.4650    36.4662    25.9490    25.9494    1534.84    114.867    115.459         59 0.0000e+00
      17974    748.877    106.301    107.000    19.7622    19.7650   4.949859   4.950271     1.9419     1.6042      30.60   22.65957  -90.28782   -0.00030   -0.00019     2.6366     2.6502    19.7424    19.7453    36.4654    36.4662    25.9483    25.9481    1534.84    114.771    115.367         56 0.0000e+00
      18029    751.172    105.308    106.000    19.7729    19.7768   4.950743   4.951291     1.9437     1.6057      31.62   22.65958  -90.28782    0.00032    0.00018     2.6396     2.6530    19.7534    19.7572    36.4643    36.4655    25.9445    25.9444    1534.84    114.904    115.488         55 0.0000e+00
      18084    753.472    104.315    105.000    19.7821    19.7883   4.951697   4.952353     1.9478     1.6100      32.60   22.65958  -90.28782    0.00138    0.00147     2.6475     2.6622    19.7627    19.7689    36.4645    36.4646    25.9422    25.9406    1534.84    115.250    115.889         55 0.0000e+00
      18139    755.735    103.322    104.000    19.7958    19.8028   4.953020   4.953921     1.9508     1.6140      33.50   22.65958  -90.28782    0.00170    0.00190     2.6533     2.6707    19.7766    19.7835    36.4640    36.4654    25.9381    25.9374    1534.84    115.500    116.258         54 0.0000e+00
      19951    831.260     98.355     99.000    19.9492    19.9862   4.969179   4.973201     1.9876     1.6512      38.32   22.66385  -90.30476    0.00150    0.00061     2.7226     2.7477    19.9308    19.9678    36.4685    36.4695    25.9014    25.8923    1535.13    118.523    119.617         40 0.0000e+00
      19991    832.915     97.362     98.000    19.9970    20.0174   4.973236   4.975751     1.9885     1.6549      39.42   22.65960  -90.28781   -0.00038    0.00079     2.7217     2.7545    19.9787    19.9991    36.4584    36.4614    25.8803    25.8772    1534.84    118.483    119.912         45 0.0000e+00
      20033    834.661     96.369     97.000    20.0563    20.1026   4.979427   4.984103     1.9986     1.6624      40.33   22.65960  -90.28780    0.00257    0.00292     2.7399     2.7675    20.0382    20.0845    36.4583    36.4567    25.8645    25.8509    1534.84    119.280    120.483         38 0.0000e+00
      20076    836.457     95.376     96.000    20.1654    20.1896   4.990987   4.993571     2.0201     1.6846      41.32   22.65960  -90.28780    0.00773    0.00726     2.7795     2.8149    20.1474    20.1716    36.4593    36.4596    25.8361    25.8298    1534.84    121.005    122.547         55 0.0000e+00
      20134    838.859     94.382     95.000    20.1993    20.2126   4.994140   4.995543     2.0485     1.7102      42.34   22.65960  -90.28780    0.01287    0.01232     2.8381     2.8736    20.1815    20.1947    36.4562    36.4563    25.8246    25.8211    1534.84    123.561    125.103         53 0.0000e+00
      20190    841.193     93.389     94.000    20.2729    20.2553   5.001761   5.000097     2.0656     1.7189      43.40   22.65960  -90.28780    0.00855    0.00540     2.8697     2.8912    20.2552    20.2377    36.4536    36.4573    25.8029    25.8105    1534.84    124.939    125.870         62 0.0000e+00
      20250    843.695     92.396     93.000    20.3204    20.3346   5.006458   5.007851     2.0858     1.7340      44.31   22.65960  -90.28780    0.00806    0.00506     2.9102     2.9221    20.3029    20.3171    36.4533    36.4524    25.7899    25.7854    1534.84    126.703    127.219         55 0.0000e+00
      20304    845.950     91.402     92.000    20.3771    20.3794   5.012504   5.012735     2.0996     1.7510      45.28   22.65960  -90.28780    0.00671    0.00731     2.9380     2.9590    20.3603    20.3621    36.4534    36.4541    25.7745    25.7746    1534.84    127.915    128.829         56 0.0000e+00
      20362    848.363     90.409     91.000    20.4312    20.4355   5.018229   5.018519     2.1172     1.7643      46.33   22.65960  -90.28780    0.00687    0.00617     2.9698     2.9866    20.4140    20.4183    36.4547    36.4534    25.7611    25.7590    1534.84    129.301    130.032         58 0.0000e+00
      20419    850.749     89.416     90.000    20.4568    20.4728   5.020919   5.022608     2.1268     1.7757      47.29   22.65960  -90.28780    0.00557    0.00513     2.9885     3.0108    20.4398    20.4557    36.4550    36.4550    25.7544    25.7501    1534.84    130.117    131.089         59 0.0000e+00
      20478    853.190     88.422     89.000    20.5440    20.5478   5.029059   5.029301     2.1397     1.7869      48.26   22.65960  -90.28780    0.00410    0.00451     3.0077     3.0293    20.5265    20.5312    36.4472    36.4472    25.7251    25.7245    1534.84    130.955    131.897         55 0.0000e+00
      20532    855.451     87.429     88.000    20.6067    20.6312   5.036174   5.038734     2.1741     1.8227      49.28   22.65960  -90.28780    0.01161    0.01114     3.0848     3.1180    20.6002    20.6152    36.4423    36.4398    25.7013    25.6920    1534.84    134.313    135.761         57 0.0000e+00
      20592    857.973     86.436     87.000    20.6774    20.6836   5.040057   5.040560     2.2211     1.8681      50.25   22.65960  -90.28780    0.01695    0.01750     3.1744     3.2134    20.6607    20.6670    36.4225    36.4212    25.6698    25.6672    1534.84    138.220    139.918         60 0.0000e+00
      20648    860.293     85.443     86.000    20.7331    20.7437   5.044338   5.044860     2.2642     1.9071      51.16   22.65960  -90.28781    0.01934    0.01720     3.2620     3.3006    20.7166    20.7272    36.4097    36.4049    25.6449    25.6383    1534.84    142.040    143.719         53 0.0000e+00
      20704    862.607     84.450     85.000    20.8066    20.8187   5.050042   5.050848     2.3078     1.9481      52.24   22.65960  -90.28780    0.01863    0.01737     3.3493     3.3909    20.7904    20.8024    36.3933    36.3895    25.6123    25.6062    1534.84    145.843    147.656         61 0.0000e+00
      20764    865.127     83.456     84.000    20.8518    20.8898   5.053697   5.057794     2.3473     1.9837      53.12   22.65960  -90.28780    0.01716    0.01579     3.4247     3.4681    20.8333    20.8737    36.3852    36.3844    25.5945    25.5828    1534.84    149.128    151.022         53 0.0000e+00
      20817    867.339     82.463     83.000    21.0928    21.1529   5.078326   5.084242     2.3851     2.0234      54.18   22.65960  -90.28780    0.01546    0.01524     3.5000     3.5541    21.0817    21.1370    36.3766    36.3707    25.5199    25.4990    1534.84    152.422    154.777         61 0.0000e+00
      20879    869.914     81.469     82.000    21.2774    21.2683   5.096875   5.095739     2.4536     2.0819      55.09   22.65960  -90.28780    0.02443    0.02283     3.6224     3.6696    21.2613    21.2524    36.3708    36.3696    25.4661    25.4676    1534.84    157.758    159.812         54 0.0000e+00
      20933    872.164     80.476     81.000    21.4144    21.4210   5.110957   5.111744     2.4899     2.1090      56.12   22.65960  -90.28780    0.02121    0.01545     3.6885     3.7215    21.3986    21.4052    36.3677    36.3685    25.4257    25.4245    1534.84    160.645    162.084         61 0.0000e+00
      20992    874.628     79.483     80.000    21.5715    21.5659   5.126252   5.125849     2.5412     2.1550      57.11   22.65960  -90.28780    0.01807    0.01634     3.7794     3.8169    21.5569    21.5502    36.3567    36.3589    25.3734    25.3769    1534.84    164.610    166.245         53 0.0000e+00
      21048    876.948     78.490     79.000    21.5947    21.6008   5.127635   5.128415     2.5733     2.1811      58.05   22.65960  -90.28780    0.01789    0.01479     3.8485     3.8739    21.5791    21.5853    36.3492    36.3502    25.3614    25.3605    1534.84    167.622    168.729         60 0.0000e+00
      21104    879.300     77.496     78.000    21.6478    21.6572   5.131602   5.132365     2.6080     2.2179      59.03   22.65960  -90.28780    0.01283    0.01292     3.9169     3.9539    21.6322    21.6419    36.3365    36.3344    25.3370    25.3327    1534.84    170.606    172.218         38 0.0000e+00
