GOMECC/GOMECC-4/1db/urb2103_0361.cnv
* Sea-Bird SBE 9 Data File:
* FileName = C:\Users\scs.user.rb\CTD\GOMECC4\data\rb2103_0361.hex
* Software Version Seasave V 7.26.7.107
* Temperature SN = 4799
* Conductivity SN = 3860
* Number of Bytes Per Scan = 41
* Number of Voltage Words = 4
* Number of Scans Averaged by the Deck Unit = 1
* NMEA Latitude = 28 20.83 N
* NMEA Longitude = 087 59.99 W
* NMEA UTC (Time) = Sep 24 2021  17:05:11
* NMEA baud rate = 4800
# nquan = 28
# nvalues = 240                         
# units = specified
# name 0 = scan: Scan Count
# name 1 = timeS: Time, Elapsed [seconds]
# name 2 = depSM: Depth [salt water, m]
# name 3 = prDM: Pressure, Digiquartz [db]
# name 4 = t090C: Temperature [ITS-90, deg C]
# name 5 = t190C: Temperature, 2 [ITS-90, deg C]
# name 6 = c0S/m: Conductivity [S/m]
# name 7 = c1S/m: Conductivity, 2 [S/m]
# name 8 = sbeox0V: Oxygen raw, SBE 43 [V]
# name 9 = sbeox1V: Oxygen raw, SBE 43, 2 [V]
# name 10 = altM: Altimeter [m]
# name 11 = latitude: Latitude [deg]
# name 12 = longitude: Longitude [deg]
# name 13 = sbox0dV/dT: Oxygen, SBE 43 [dov/dt]
# name 14 = sbox1dV/dT: Oxygen, SBE 43, 2 [dov/dt]
# name 15 = sbeox0ML/L: Oxygen, SBE 43 [ml/l], WS = 5
# name 16 = sbeox1ML/L: Oxygen, SBE 43, 2 [ml/l], WS = 5
# name 17 = potemp090C: Potential Temperature [ITS-90, deg C]
# name 18 = potemp190C: Potential Temperature, 2 [ITS-90, deg C]
# name 19 = sal00: Salinity, Practical [PSU]
# name 20 = sal11: Salinity, Practical, 2 [PSU]
# name 21 = sigma-é00: Density [sigma-theta, kg/m^3]
# name 22 = sigma-é11: Density, 2 [sigma-theta, kg/m^3]
# name 23 = avgsvCM: Average Sound Velocity [Chen-Millero, m/s], minP = 20, minS = 20
# name 24 = sbox0Mm/Kg: Oxygen, SBE 43 [umol/kg], WS = 5
# name 25 = sbox1Mm/Kg: Oxygen, SBE 43, 2 [umol/kg], WS = 5
# name 26 = nbin: number of scans per bin
# name 27 = flag: flag
# span 0 =      79426,     189632       
# span 1 =   3309.376,   7901.295       
# span 2 =      1.986,   2218.127       
# span 3 =      2.000,   2245.000       
# span 4 =     4.2849,    29.1409       
# span 5 =     4.2860,    29.1980       
# span 6 =   3.342377,   5.851032       
# span 7 =   3.342335,   5.849090       
# span 8 =     1.6205,     3.1609       
# span 9 =     1.3222,     2.6783       
# span 10 =      10.70,     106.50      
# span 11 =   28.23527,   28.75262      
# span 12 =  -89.25708,  -87.65155      
# span 13 =   -0.01373,    0.03560      
# span 14 =   -0.00500,    0.02544      
# span 15 =     2.5416,     4.6653      
# span 16 =     2.5616,     4.6966      
# span 17 =     4.0914,    29.1339      
# span 18 =     4.0925,    29.1912      
# span 19 =    30.4938,    36.5159      
# span 20 =    30.4935,    36.5132      
# span 21 =    19.0992,    27.7554      
# span 22 =    19.0986,    27.7539      
# span 23 =    1489.50,    1516.78      
# span 24 =    110.537,    202.724      
# span 25 =    111.407,    204.086      
# span 26 =         30,         79      
# span 27 = 0.0000e+00, 0.0000e+00      
# interval = decibars: 1                
# start_time = Sep 24 2021 17:05:11 [NMEA time, header]
# bad_flag = -9.990e-29
*END*
[from data line 156]
     167301   6970.832    128.099    129.000    15.4298    15.4243   4.454411   4.453577     1.8050     1.4863      91.62   28.34770  -88.00086   -0.00043   -0.00037     2.5745     2.5951    15.4098    15.4043    36.0370    36.0345    26.6802    26.6796    1495.44    111.987    112.887         58 0.0000e+00
     167350   6972.865    127.106    128.000    15.4889    15.4732   4.461329   4.459218     1.8030     1.4847     100.04   28.34770  -88.00086   -0.00060   -0.00076     2.5660     2.5878    15.4689    15.4533    36.0459    36.0411    26.6738    26.6736    1495.44    111.618    112.567         40 0.0000e+00
     167386   6974.391    126.113    127.000    15.5476    15.5229   4.468479   4.465188     1.8018     1.4833     100.00   28.34770  -88.00086   -0.00098   -0.00077     2.5597     2.5811    15.5277    15.5030    36.0548    36.0501    26.6673    26.6693    1495.44    111.349    112.277         33 0.0000e+00
     167418   6975.702    125.121    126.000    15.6089    15.6048   4.475202   4.474868     1.8009     1.4824      99.85   28.34770  -88.00086   -0.00085   -0.00079     2.5536     2.5740    15.5891    15.5851    36.0622    36.0631    26.6592    26.6607    1495.44    111.082    111.969         31 0.0000e+00
     167452   6977.120    124.128    125.000    15.6257    15.6200   4.477329   4.476588     1.8013     1.4831     100.00   28.34770  -88.00086   -0.00050   -0.00043     2.5530     2.5745    15.6061    15.6004    36.0664    36.0650    26.6585    26.6587    1495.44    111.058    111.994         37 0.0000e+00
     167489   6978.667    123.135    124.000    15.6466    15.6427   4.479521   4.479015     1.8020     1.4826     100.00   28.34770  -88.00086    0.00018   -0.00006     2.5531     2.5716    15.6272    15.6234    36.0667    36.0669    26.6540    26.6551    1495.44    111.061    111.866         36 0.0000e+00
     167522   6980.042    122.142    123.000    15.7445    15.7186   4.491054   4.487796     1.8038     1.4843      76.29   28.34770  -88.00086    0.00066    0.00017     2.5522     2.5717    15.7280    15.6993    36.0844    36.0767    26.6446    26.6452    1495.44    111.024    111.871         31 0.0000e+00
     167553   6981.350    121.150    122.000    15.8075    15.7905   4.498444   4.496251     1.8080     1.4884      65.73   28.34770  -88.00086    0.00148    0.00129     2.5576     2.5779    15.7883    15.7713    36.0918    36.0875    26.6365    26.6371    1495.44    111.260    112.140         33 0.0000e+00
     167589   6982.848    120.157    121.000    15.8286    15.8140   4.501037   4.498913     1.8133     1.4935      99.86   28.34772  -88.00086    0.00289    0.00279     2.5685     2.5894    15.8095    15.7951    36.0963    36.0906    26.6352    26.6341    1495.44    111.733    112.644         38 0.0000e+00
     167626   6984.367    119.164    120.000    15.8419    15.8330   4.502638   4.501871     1.8176     1.4973     100.00   28.34772  -88.00086    0.00344    0.00321     2.5776     2.5976    15.8230    15.8147    36.0988    36.0980    26.6340    26.6348    1495.44    112.130    112.997         34 0.0000e+00
     167659   6985.764    118.171    119.000    15.8644    15.8568   4.505195   4.504111     1.8201     1.5002     100.00   28.34772  -88.00086    0.00269    0.00254     2.5817     2.6037    15.8456    15.8380    36.1016    36.0989    26.6310    26.6306    1495.44    112.309    113.267         34 0.0000e+00
     167694   6987.189    117.178    118.000    15.8776    15.8691   4.506689   4.505523     1.8223     1.5024     100.00   28.34772  -88.00086    0.00185    0.00197     2.5859     2.6083    15.8589    15.8504    36.1034    36.1012    26.6293    26.6295    1495.44    112.490    113.463         34 0.0000e+00
     167728   6988.611    116.186    117.000    15.8860    15.8851   4.507685   4.507539     1.8240     1.5040     100.00   28.34772  -88.00088    0.00151    0.00163     2.5890     2.6111    15.8675    15.8666    36.1051    36.1047    26.6286    26.6285    1495.44    112.626    113.588         34 0.0000e+00
     167761   6990.010    115.193    116.000    15.9005    15.8939   4.509357   4.508491     1.8257     1.5049     100.00   28.34772  -88.00088    0.00128    0.00100     2.5919     2.6128    15.8821    15.8755    36.1074    36.1055    26.6270    26.6271    1495.44    112.753    113.660         35 0.0000e+00
     167797   6991.510    114.200    115.000    15.9130    15.9006   4.510564   4.509204     1.8269     1.5065     100.00   28.34772  -88.00088    0.00110    0.00087     2.5937     2.6162    15.8948    15.8824    36.1071    36.1063    26.6239    26.6261    1495.44    112.830    113.807         35 0.0000e+00
     167831   6992.905    113.208    114.000    15.9926    15.9375   4.519883   4.513667     1.8294     1.5058      25.83   28.34772  -88.00088    0.00111    0.00063     2.5947     2.6118    15.9745    15.9194    36.1185    36.1130    26.6143    26.6228    1495.44    112.876    113.616         32 0.0000e+00
     167864   6994.283    112.215    113.000    16.1066    16.0503   4.533492   4.526348     1.8340     1.5097      99.54   28.34772  -88.00088    0.00190    0.00060     2.5985     2.6152    16.0885    16.0323    36.1368    36.1242    26.6021    26.6054    1495.44    113.042    113.769         35 0.0000e+00
     167900   6995.809    111.222    112.000    16.1698    16.0867   4.540684   4.530625     1.8389     1.5138     100.00   28.34772  -88.00088    0.00308    0.00222     2.6060     2.6235    16.1518    16.0688    36.1440    36.1298    26.5929    26.6012    1495.44    113.367    114.132         38 0.0000e+00
     167937   6997.343    110.229    111.000    16.2301    16.1460   4.547749   4.538382     1.8428     1.5165     100.00   28.34772  -88.00088    0.00307    0.00242     2.6112     2.6267    16.2122    16.1282    36.1526    36.1455    26.5855    26.5995    1495.44    113.599    114.271         34 0.0000e+00
     167969   6998.682    109.236    110.000    16.3210    16.2829   4.558648   4.554133     1.8467     1.5210      99.74   28.34772  -88.00088    0.00267    0.00227     2.6145     2.6302    16.3033    16.2652    36.1674    36.1619    26.5756    26.5802    1495.44    113.743    114.421         31 0.0000e+00
     168001   6999.987    108.244    109.000    16.3779    16.3580   4.565669   4.562872     1.8495     1.5234     100.00   28.34772  -88.00088    0.00261    0.00263     2.6175     2.6322    16.3602    16.3403    36.1786    36.1718    26.5709    26.5704    1495.44    113.872    114.510         33 0.0000e+00
     168036   7001.451    107.251    108.000    16.4029    16.3693   4.568652   4.564590     1.8514     1.5264     100.00   28.34772  -88.00088    0.00217    0.00234     2.6202     2.6385    16.3854    16.3518    36.1828    36.1772    26.5683    26.5718    1495.44    113.988    114.787         38 0.0000e+00
     168076   7003.107    106.258    107.000    16.4234    16.3665   4.570933   4.564024     1.8529     1.5279     100.00   28.34772  -88.00088    0.00128    0.00152     2.6220     2.6422    16.4060    16.3492    36.1849    36.1751    26.5650    26.5708    1495.44    114.067    114.947         38 0.0000e+00
     168108   7004.479    105.265    106.000    16.4744    16.4668   4.575050   4.575681     1.8544     1.5300     100.00   28.34774  -88.00088    0.00087    0.00112     2.6225     2.6420    16.4572    16.4496    36.1814    36.1881    26.5503    26.5572    1495.44    114.090    114.941         30 0.0000e+00
     168139   7005.730    104.273    105.000    16.5500    16.5471   4.585478   4.585214     1.8568     1.5313     100.00   28.34774  -88.00088    0.00118    0.00131     2.6232     2.6401    16.5329    16.5300    36.2000    36.2001    26.5468    26.5475    1495.44    114.124    114.858         32 0.0000e+00
     168175   7007.250    103.280    104.000    16.5819    16.5609   4.588966   4.586754     1.8582     1.5332     100.00   28.34774  -88.00088    0.00157    0.00125     2.6243     2.6437    16.5649    16.5440    36.2022    36.2016    26.5409    26.5454    1495.44    114.174    115.015         39 0.0000e+00
     168212   7008.786    102.287    103.000    16.6453    16.6091   4.596180   4.591699     1.8590     1.5336      96.60   28.34774  -88.00088    0.00086    0.00091     2.6222     2.6414    16.6284    16.5922    36.2090    36.2027    26.5312    26.5349    1495.44    114.080    114.914         33 0.0000e+00
     168244   7010.141    101.294    102.000    16.7293    16.7092   4.605807   4.603401     1.8610     1.5341      72.16   28.34774  -88.00088    0.00074    0.00048     2.6216     2.6374    16.7126    16.6925    36.2184    36.2154    26.5184    26.5209    1495.44    114.058    114.741         34 0.0000e+00
     168281   7011.653    100.301    101.000    16.7837    16.7502   4.611970   4.608285     1.8608     1.5334     100.53   28.34774  -88.00088    0.00093    0.00005     2.6179     2.6331    16.7670    16.7336    36.2240    36.2218    26.5098    26.5160    1495.44    113.896    114.557         37 0.0000e+00
     168315   7013.080     99.308    100.000    16.8878    16.7707   4.623844   4.609796     1.8604     1.5339     100.00   28.34774  -88.00088    0.00009   -0.00010     2.6108     2.6331    16.8713    16.7543    36.2376    36.2170    26.4954    26.5074    1495.44    113.588    114.555         32 0.0000e+00
     168348   7014.449     98.316     99.000    16.9640    16.9069   4.632577   4.625961     1.8622     1.5364     100.00   28.34774  -88.00088    0.00008    0.00052     2.6102     2.6314    16.9475    16.8905    36.2433    36.2367    26.4816    26.4901    1495.44    113.563    114.486         35 0.0000e+00
     168395   7016.430     97.323     98.000    17.0049    16.9613   4.637628   4.632262     1.8650     1.5381      79.01   28.34774  -88.00088    0.00116    0.00118     2.6138     2.6325    16.9875    16.9450    36.2521    36.2430    26.4787    26.4820    1495.44    113.721    114.536         49 0.0000e+00
     168462   7019.189     96.330     97.000    16.8986    16.9286   4.624753   4.628996     1.8635     1.5390     102.70   28.34774  -88.00088    0.00007    0.00030     2.6163     2.6361    16.8827    16.9125    36.2342    36.2446    26.4900    26.4909    1495.44    113.827    114.692         48 0.0000e+00
     169083   7045.070     90.372     91.000    17.6131    17.6946   4.709811   4.719004     1.8820     1.5633      86.63   28.34020  -87.97743    0.00069    0.00162     2.6163     2.6529    17.5976    17.6791    36.3345    36.3401    26.3932    26.3775    1495.04    113.837    115.431         36 0.0000e+00
     170333   7097.149     89.379     90.000    17.8075    17.8438   4.732766   4.737118     1.8955     1.5694      99.70   28.34779  -88.00093    0.00044    0.00081     2.6348     2.6606    17.7921    17.8283    36.3614    36.3666    26.3667    26.3618    1495.44    114.646    115.772         53 0.0000e+00
     170883   7120.075     88.387     89.000    17.9082    17.9091   4.744734   4.744708     1.9015     1.5711     100.00   28.34780  -88.00094    0.00038    0.00019     2.6422     2.6598    17.8929    17.8938    36.3746    36.3741    26.3520    26.3513    1495.44    114.971    115.738         68 0.0000e+00
     170947   7122.753     87.394     88.000    17.9569    17.9672   4.750004   4.751319     1.9034     1.5739     100.00   28.34780  -88.00094    0.00071    0.00069     2.6435     2.6633    17.9417    17.9520    36.3774    36.3795    26.3420    26.3411    1495.44    115.030    115.892         55 0.0000e+00
     170995   7124.755     86.401     87.000    18.0580    18.0415   4.761657   4.759616     1.9074     1.5752     100.00   28.34780  -88.00094    0.00132    0.00100     2.6465     2.6624    18.0429    18.0265    36.3877    36.3850    26.3248    26.3267    1495.44    115.160    115.851         52 0.0000e+00
     171053   7127.182     85.408     86.000    18.1394    18.1302   4.771203   4.769776     1.9108     1.5783     100.00   28.34780  -88.00094    0.00167    0.00096     2.6491     2.6649    18.1244    18.1152    36.3975    36.3935    26.3119    26.3111    1495.44    115.277    115.962         55 0.0000e+00
     171101   7129.176     84.415     85.000    18.2289    18.2111   4.781451   4.779333     1.9136     1.5808     100.00   28.34780  -88.00094    0.00145    0.00134     2.6499     2.6663    18.2140    18.1962    36.4068    36.4037    26.2966    26.2987    1495.44    115.312    116.025         45 0.0000e+00
     171144   7130.945     83.422     84.000    18.2806    18.2771   4.787714   4.787470     1.9127     1.5817     100.00   28.34780  -88.00094    0.00064    0.00097     2.6447     2.6646    18.2659    18.2624    36.4140    36.4150    26.2891    26.2908    1495.44    115.088    115.953         39 0.0000e+00
     171182   7132.531     82.429     83.000    18.3758    18.3475   4.798458   4.795822     1.9155     1.5835     100.00   28.34780  -88.00094    0.00040    0.00089     2.6457     2.6653    18.3612    18.3330    36.4215    36.4203    26.2708    26.2771    1495.44    115.131    115.985         37 0.0000e+00
     171219   7134.071     81.436     82.000    18.5373    18.4918   4.816680   4.812681     1.9346     1.5965     100.00   28.34780  -88.00094    0.00574    0.00341     2.6792     2.6892    18.5228    18.4774    36.4378    36.4401    26.2425    26.2558    1495.44    116.595    117.029         36 0.0000e+00
     171253   7135.502     80.443     81.000    18.5902    18.5760   4.823707   4.822032     1.9489     1.6119     100.00   28.34780  -88.00094    0.00974    0.00752     2.7065     2.7207    18.5759    18.5617    36.4470    36.4453    26.2361    26.2384    1495.44    117.782    118.401         33 0.0000e+00
     171287   7136.901     79.450     80.000    18.6393    18.6207   4.829525   4.827148     1.9567     1.6212     100.00   28.34780  -88.00094    0.00951    0.00922     2.7206     2.7404    18.6251    18.6065    36.4533    36.4495    26.2284    26.2303    1495.44    118.397    119.259         35 0.0000e+00
     171323   7138.418     78.458     79.000    18.6912    18.6724   4.834643   4.832931     1.9630     1.6273      99.98   28.34780  -88.00094    0.00602    0.00685     2.7312     2.7521    18.6771    18.6586    36.4512    36.4513    26.2135    26.2178    1495.44    118.859    119.771         37 0.0000e+00
     171360   7139.966     77.464     78.000    18.7148    18.7109   4.835162   4.834729     1.9640     1.6275     100.00   28.34781  -88.00094    0.00345    0.00334     2.7320     2.7506    18.7009    18.6970    36.4350    36.4348    26.1951    26.1960    1495.44    118.897    119.706         37 0.0000e+00
     171398   7141.558     76.472     77.000    18.8414    18.8302   4.846470   4.844488     1.9581     1.6203      98.72   28.34782  -88.00094   -0.00052   -0.00119     2.7124     2.7268    18.8309    18.8168    36.4165    36.4109    26.1477    26.1467    1495.44    118.049    118.678         40 0.0000e+00
     171436   7143.140     75.479     76.000    18.9985    18.9602   4.860249   4.856825     1.9627     1.6256      72.96   28.34782  -88.00094   -0.00177   -0.00219     2.7135     2.7330    18.9848    18.9465    36.3976    36.4024    26.0938    26.1073    1495.44    118.102    118.949         34 0.0000e+00
     171468   7144.449     74.486     75.000    19.1078    19.0903   4.869597   4.867893     1.9809     1.6426      99.81   28.34782  -88.00094    0.00397    0.00394     2.7472     2.7668    19.0942    19.0767    36.3805    36.3816    26.0525    26.0578    1495.44    119.576    120.428         31 0.0000e+00
     171501   7145.841     73.493     74.000    19.2325    19.2115   4.880100   4.878347     2.0180     1.6784     100.00   28.34782  -88.00094    0.01362    0.01325     2.8206     2.8456    19.2191    19.1982    36.3597    36.3633    26.0043    26.0125    1495.44    122.777    123.865         37 0.0000e+00
