GOMECC/GOMECC-4/1db/urb2103_1121.cnv
* Sea-Bird SBE 9 Data File:
* FileName = C:\Users\scs.user.rb\CTD\GOMECC4\data\rb2103_1121.hex
* Software Version Seasave V 7.26.7.107
* Temperature SN = 4799
* Conductivity SN = 3860
* Number of Bytes Per Scan = 41
* Number of Voltage Words = 4
* Number of Scans Averaged by the Deck Unit = 1
* NMEA Latitude = 22 15.23 N
* NMEA Longitude = 086 48.60 W
* NMEA UTC (Time) = Oct 15 2021  11:26:45
* NMEA baud rate = 4800
# nquan = 28
# nvalues = 82                          
# units = specified
# name 0 = scan: Scan Count
# name 1 = timeS: Time, Elapsed [seconds]
# name 2 = depSM: Depth [salt water, m]
# name 3 = prDM: Pressure, Digiquartz [db]
# name 4 = t090C: Temperature [ITS-90, deg C]
# name 5 = t190C: Temperature, 2 [ITS-90, deg C]
# name 6 = c0S/m: Conductivity [S/m]
# name 7 = c1S/m: Conductivity, 2 [S/m]
# name 8 = sbeox0V: Oxygen raw, SBE 43 [V]
# name 9 = sbeox1V: Oxygen raw, SBE 43, 2 [V]
# name 10 = altM: Altimeter [m]
# name 11 = latitude: Latitude [deg]
# name 12 = longitude: Longitude [deg]
# name 13 = sbox0dV/dT: Oxygen, SBE 43 [dov/dt]
# name 14 = sbox1dV/dT: Oxygen, SBE 43, 2 [dov/dt]
# name 15 = sbeox0ML/L: Oxygen, SBE 43 [ml/l], WS = 5
# name 16 = sbeox1ML/L: Oxygen, SBE 43, 2 [ml/l], WS = 5
# name 17 = potemp090C: Potential Temperature [ITS-90, deg C]
# name 18 = potemp190C: Potential Temperature, 2 [ITS-90, deg C]
# name 19 = sal00: Salinity, Practical [PSU]
# name 20 = sal11: Salinity, Practical, 2 [PSU]
# name 21 = sigma-é00: Density [sigma-theta, kg/m^3]
# name 22 = sigma-é11: Density, 2 [sigma-theta, kg/m^3]
# name 23 = avgsvCM: Average Sound Velocity [Chen-Millero, m/s], minP = 20, minS = 20
# name 24 = sbox0Mm/Kg: Oxygen, SBE 43 [umol/kg], WS = 5
# name 25 = sbox1Mm/Kg: Oxygen, SBE 43, 2 [umol/kg], WS = 5
# name 26 = nbin: number of scans per bin
# name 27 = flag: flag
# span 0 =      17451,      42279       
# span 1 =    727.072,   1761.587       
# span 2 =      1.987,    125.175       
# span 3 =      2.000,    126.000       
# span 4 =    17.0635,    30.0611       
# span 5 =    17.0640,    30.0663       
# span 6 =   4.647993,   6.131801       
# span 7 =   4.648155,   6.132508       
# span 8 =     2.1016,     3.2422       
# span 9 =     1.7538,     2.7444       
# span 10 =       7.53,     100.67      
# span 11 =   22.23461,   23.15023      
# span 12 =  -90.30618,  -86.73475      
# span 13 =   -0.00423,    0.01267      
# span 14 =   -0.00338,    0.01336      
# span 15 =     3.0256,     4.4920      
# span 16 =     3.0283,     4.4770      
# span 17 =    17.0433,    30.0604      
# span 18 =    17.0438,    30.0656      
# span 19 =    36.2185,    37.6778      
# span 20 =    36.2191,    37.6788      
# span 21 =    23.0110,    26.4954      
# span 22 =    23.0118,    26.4952      
# span 23 =    1525.00,    1587.80      
# span 24 =    131.714,    196.101      
# span 25 =    131.831,    195.445      
# span 26 =         30,         75      
# span 27 = 0.0000e+00, 0.0000e+00      
# interval = decibars: 1                
# start_time = Oct 15 2021 11:26:45 [NMEA time, header]
# bad_flag = -9.990e-29
*END*
[from data line 52]
      25221   1050.835     61.604     62.000    20.2045    20.1800   5.002443   5.000193     2.1433     1.7816      70.21   22.25398  -86.81020   -0.00021   -0.00138     3.0269     3.0292    20.1939    20.1684    36.5316    36.5348    25.8789    25.8881    1526.33    131.773    131.870         55 0.0000e+00
      25274   1053.044     60.610     61.000    20.2197    20.2100   5.004251   5.002956     2.1443     1.7821      71.20   22.25398  -86.81020    0.00081    0.00017     3.0275     3.0283    20.2082    20.1986    36.5341    36.5319    25.8769    25.8778    1526.33    131.799    131.831         48 0.0000e+00
      25318   1054.870     59.616     60.000    20.2814    20.2501   5.010388   5.007312     2.1455     1.7844      72.12   22.25398  -86.81020    0.00036    0.00033     3.0267     3.0312    20.2713    20.2390    36.5313    36.5321    25.8579    25.8669    1526.33    131.765    131.960         42 0.0000e+00
      25366   1056.876     58.623     59.000    20.3490    20.3114   5.017295   5.013587     2.1528     1.7911      73.22   22.25397  -86.81020    0.00201    0.00243     3.0373     3.0428    20.3379    20.3003    36.5298    36.5319    25.8388    25.8506    1526.33    132.228    132.469         54 0.0000e+00
      25419   1059.087     57.630     58.000    20.4012    20.3793   5.022204   5.020750     2.1602     1.7980      74.13   22.25396  -86.81020    0.00384    0.00305     3.0494     3.0548    20.3903    20.3684    36.5252    36.5323    25.8212    25.8325    1526.33    132.760    132.991         51 0.0000e+00
      25470   1061.207     56.636     57.000    20.5655    20.5089   5.042183   5.036041     2.1765     1.8129      75.10   22.25396  -86.81020    0.00458    0.00498     3.0733     3.0814    20.5546    20.4981    36.5469    36.5457    25.7934    25.8078    1526.33    133.804    134.153         49 0.0000e+00
      25516   1063.118     55.643     56.000    20.6219    20.6382   5.049321   5.053093     2.1971     1.8303      75.97   22.25396  -86.81020    0.01020    0.00794     3.1136     3.1154    20.6113    20.6277    36.5610    36.5693    25.7889    25.7895    1526.33    135.556    135.636         47 0.0000e+00
      25567   1065.246     54.649     55.000    20.7286    20.6700   5.063437   5.056361     2.2193     1.8536      76.99   22.25396  -86.81020    0.01030    0.01071     3.1524     3.1654    20.7181    20.6596    36.5800    36.5733    25.7743    25.7853    1526.33    137.247    137.812         52 0.0000e+00
      25618   1067.384     53.656     54.000    20.8796    20.7403   5.080742   5.064755     2.2398     1.8628      78.04   22.25396  -86.81020    0.01007    0.00672     3.1900     3.1818    20.8693    20.7300    36.5909    36.5810    25.7414    25.7719    1526.33    138.889    138.530         52 0.0000e+00
      25670   1069.523     52.662     53.000    20.9409    20.8257   5.086675   5.072875     2.2581     1.8738      78.97   22.25396  -86.81020    0.00931    0.00463     3.2196     3.2022    20.9307    20.8155    36.5865    36.5738    25.7213    25.7430    1526.33    140.180    139.421         48 0.0000e+00
      27538   1147.360     49.682     50.000    21.3598    21.3590   5.138706   5.139323     2.2856     1.9105      82.77   22.36591  -87.24683   -0.00015    0.00019     3.2496     3.2552    21.3501    21.3493    36.7165    36.7077    25.7231    25.7156    1534.01    141.505    141.750         31 0.0000e+00
      27462   1144.204     48.688     49.000    21.2499    21.2505   5.112583   5.112863     2.2734     1.8995      82.99   22.25398  -86.81022   -0.00045   -0.00112     3.2316     3.2356    21.2403    21.2410    36.5323    36.5341    25.5948    25.5960    1526.33    140.723    140.893         30 0.0000e+00
      27577   1148.986     47.695     48.000    21.2517    21.2585   5.112701   5.113618     2.2755     1.9028      84.01   22.25398  -86.81022    0.00044    0.00052     3.2355     3.2423    21.2424    21.2492    36.5321    36.5336    25.5941    25.5934    1526.33    140.892    141.188         42 0.0000e+00
      27682   1153.395     46.701     47.000    21.2533    21.2599   5.112841   5.113679     2.2754     1.9035      84.97   22.25398  -86.81022   -0.00000    0.00060     3.2348     3.2433    21.2442    21.2507    36.5321    36.5333    25.5936    25.5928    1526.33    140.860    141.233         34 0.0000e+00
      27776   1157.306     45.708     46.000    21.2569    21.2652   5.113240   5.114212     2.2756     1.9032      85.96   22.25398  -86.81022   -0.00007   -0.00009     3.2346     3.2420    21.2480    21.2563    36.5327    36.5334    25.5930    25.5912    1526.33    140.854    141.173         38 0.0000e+00
      27887   1161.911     44.714     45.000    21.2577    21.2706   5.113264   5.114708     2.2747     1.9059      86.95   22.25398  -86.81022   -0.00016    0.00052     3.2324     3.2474    21.2489    21.2618    36.5326    36.5331    25.5927    25.5895    1526.33    140.758    141.409         40 0.0000e+00
      27995   1166.412     43.720     44.000    21.2631    21.3279   5.113782   5.121057     2.2760     1.9078      87.89   22.25398  -86.81022    0.00009    0.00078     3.2342     3.2487    21.2546    21.3193    36.5324    36.5333    25.5910    25.5738    1526.33    140.836    141.467         35 0.0000e+00
      28080   1169.951     42.727     43.000    21.2692    21.3281   5.114588   5.120747     2.2773     1.9085      88.98   22.25398  -86.81022   -0.00007    0.00106     3.2363     3.2487    21.2609    21.3197    36.5331    36.5349    25.5898    25.5748    1526.33    140.926    141.469         32 0.0000e+00
      28196   1174.798     41.733     42.000    21.3278    21.4666   5.121005   5.136163     2.2836     1.9208      89.86   22.25398  -86.81024    0.00155    0.00279     3.2452     3.2694    21.3196    21.4585    36.5360    36.5396    25.5757    25.5401    1526.33    141.317    142.373         39 0.0000e+00
      28304   1179.288     40.740     41.000    21.3797    21.5839   5.126391   5.148318     2.2895     1.9297      90.81   22.25398  -86.81024    0.00165    0.00274     3.2537     3.2817    21.3717    21.5759    36.5353    36.5370    25.5608    25.5053    1526.33    141.691    142.916         33 0.0000e+00
      28478   1186.542     39.746     40.000    21.4460    21.6004   5.134054   5.151842     2.2961     1.9415      89.12   22.25398  -86.81024    0.00073    0.00603     3.2634     3.3066    21.4383    21.5926    36.5404    36.5514    25.5462    25.5116    1526.33    142.112    143.998         32 0.0000e+00
      33430   1392.878     25.836     26.000    23.9213    24.0393   5.411741   5.422936     2.5978     2.1944     100.67   22.40376  -87.39446    0.00031    0.00125     3.7064     3.7152    23.9159    24.0338    36.7448    36.7224    25.0166    24.9626    1536.60    161.514    161.905         36 0.0000e+00
      33355   1389.768     24.842     25.000    23.8909    24.0291   5.389623   5.404099     2.5927     2.1970     100.00   22.25398  -86.81018    0.00317    0.00506     3.6961     3.7186    23.8856    24.0238    36.4978    36.4965    24.8098    24.7677    1526.33    161.073    162.058         42 0.0000e+00
      33815   1408.910     22.855     23.000    24.0126    24.2658   5.407937   5.437767     2.6076     2.2329     100.18   22.29295  -86.96219    0.00050    0.00416     3.7166     3.7840    24.0078    24.2609    36.5647    36.5870    24.8317    24.7736    1529.00    161.969    164.913         44 0.0000e+00
      38446   1601.869      7.950      8.000    28.9167    28.9156   5.897752   5.897619     3.1156     2.6333     100.04   22.26276  -86.84438   -0.00029   -0.00077     4.3177     4.2961    28.9148    28.9137    36.2329    36.2339    23.0209    23.0220    1526.93    188.492    187.546         43 0.0000e+00
      38509   1604.515      6.956      7.000    28.9065    28.9062   5.895514   5.895560     3.1143     2.6333     100.00   22.25396  -86.81006    0.00008    0.00044     4.3152     4.2958    28.9048    28.9046    36.2185    36.2191    23.0113    23.0118    1526.33    188.381    187.533         60 0.0000e+00
      38576   1607.288      5.962      6.000    28.9034    28.8816   5.895117   5.892999     3.1136     2.6358     100.00   22.25396  -86.81006   -0.00060    0.00074     4.3132     4.3021    28.9019    28.8802    36.2187    36.2203    23.0124    23.0209    1526.33    188.296    187.808         61 0.0000e+00
      38637   1609.850      4.969      5.000    28.9069    28.8911   5.895471   5.894001     3.1167     2.6326     100.00   22.25396  -86.81006    0.00105   -0.00072     4.3185     4.2944    28.9057    28.8899    36.2185    36.2204    23.0110    23.0176    1526.33    188.524    187.473         57 0.0000e+00
      42279   1761.587      2.981      3.000    30.0611    30.0663   6.131801   6.132508     3.2422     2.7444     100.32   23.15023  -90.30618    0.00056    0.00029     4.4920     4.4770    30.0604    30.0656    37.6778    37.6788    23.9413    23.9404    1587.80    196.101    195.445         41 0.0000e+00
      40987   1707.764      1.987      2.000    28.8960    28.8989   5.894252   5.894715     3.1160     2.6374     100.21   22.25398  -86.81002   -0.00028   -0.00042     4.3165     4.3018    28.8955    28.8985    36.2193    36.2203    23.0149    23.0147    1526.33    188.439    187.797         45 0.0000e+00
