GOMECC/GOMECC-4/1db/urb2103_0691.cnv
* Sea-Bird SBE 9 Data File:
* FileName = C:\Users\scs.user.rb\CTD\GOMECC4\data\rb2103_0691.hex
* Software Version Seasave V 7.26.7.107
* Temperature SN = 4799
* Conductivity SN = 3860
* Number of Bytes Per Scan = 41
* Number of Voltage Words = 4
* Number of Scans Averaged by the Deck Unit = 1
* NMEA Latitude = 26 03.53 N
* NMEA Longitude = 095 07.24 W
* NMEA UTC (Time) = Oct 03 2021  11:22:54
* NMEA baud rate = 4800
# nquan = 28
# nvalues = 358                         
# units = specified
# name 0 = scan: Scan Count
# name 1 = timeS: Time, Elapsed [seconds]
# name 2 = depSM: Depth [salt water, m]
# name 3 = prDM: Pressure, Digiquartz [db]
# name 4 = t090C: Temperature [ITS-90, deg C]
# name 5 = t190C: Temperature, 2 [ITS-90, deg C]
# name 6 = c0S/m: Conductivity [S/m]
# name 7 = c1S/m: Conductivity, 2 [S/m]
# name 8 = sbeox0V: Oxygen raw, SBE 43 [V]
# name 9 = sbeox1V: Oxygen raw, SBE 43, 2 [V]
# name 10 = altM: Altimeter [m]
# name 11 = latitude: Latitude [deg]
# name 12 = longitude: Longitude [deg]
# name 13 = sbox0dV/dT: Oxygen, SBE 43 [dov/dt]
# name 14 = sbox1dV/dT: Oxygen, SBE 43, 2 [dov/dt]
# name 15 = sbeox0ML/L: Oxygen, SBE 43 [ml/l], WS = 5
# name 16 = sbeox1ML/L: Oxygen, SBE 43, 2 [ml/l], WS = 5
# name 17 = potemp090C: Potential Temperature [ITS-90, deg C]
# name 18 = potemp190C: Potential Temperature, 2 [ITS-90, deg C]
# name 19 = sal00: Salinity, Practical [PSU]
# name 20 = sal11: Salinity, Practical, 2 [PSU]
# name 21 = sigma-é00: Density [sigma-theta, kg/m^3]
# name 22 = sigma-é11: Density, 2 [sigma-theta, kg/m^3]
# name 23 = avgsvCM: Average Sound Velocity [Chen-Millero, m/s], minP = 20, minS = 20
# name 24 = sbox0Mm/Kg: Oxygen, SBE 43 [umol/kg], WS = 5
# name 25 = sbox1Mm/Kg: Oxygen, SBE 43, 2 [umol/kg], WS = 5
# name 26 = nbin: number of scans per bin
# name 27 = flag: flag
# span 0 =      63473,     154871       
# span 1 =   2644.653,   6452.927       
# span 2 =      1.987,   1915.523       
# span 3 =      2.000,   1937.000       
# span 4 =     4.3167,    30.0000       
# span 5 =     4.3174,    30.0010       
# span 6 =   3.352800,   6.067061       
# span 7 =   3.352770,   6.066899       
# span 8 =     1.5699,     3.3754       
# span 9 =     1.2732,     2.8821       
# span 10 =      30.83,     102.45      
# span 11 =   26.01396,   26.57033      
# span 12 =  -96.98970,  -94.95757      
# span 13 =   -0.00827,    0.02519      
# span 14 =   -0.00978,    0.02550      
# span 15 =     2.4108,     5.0239      
# span 16 =     2.4272,     5.0279      
# span 17 =     4.1508,    29.9963      
# span 18 =     4.1515,    29.9973      
# span 19 =    34.9059,    36.9144      
# span 20 =    34.9053,    36.9125      
# span 21 =    22.6483,    27.7469      
# span 22 =    22.6479,    27.7459      
# span 23 =    1495.97,    1527.99      
# span 24 =    104.830,    219.126      
# span 25 =    105.542,    219.285      
# span 26 =         30,         74      
# span 27 = 0.0000e+00, 0.0000e+00      
# interval = decibars: 1                
# start_time = Oct 03 2021 11:22:54 [NMEA time, header]
# bad_flag = -9.990e-29
*END*
[from data line 208]
     127875   5328.103    202.573    204.000    17.3523    17.3745   4.685819   4.687949     1.8921     1.5643     100.00   26.05868  -95.12066    0.00219    0.00252     2.6906     2.7102    17.3178    17.3400    36.3180    36.3165    26.4496    26.4431    1498.54    117.064    117.917         34 0.0000e+00
     127948   5331.137    201.580    203.000    17.3150    17.3587   4.681396   4.686153     1.8963     1.5669     100.00   26.05868  -95.12066    0.00191    0.00140     2.7021     2.7173    17.2807    17.3243    36.3134    36.3155    26.4551    26.4462    1498.54    117.564    118.226         47 0.0000e+00
     128080   5336.617    200.587    202.000    17.3667    17.3530   4.687457   4.685617     1.9000     1.5687     100.00   26.05867  -95.12066    0.00154    0.00077     2.7075     2.7220    17.3325    17.3188    36.3201    36.3174    26.4476    26.4490    1498.54    117.799    118.431         31 0.0000e+00
     128195   5341.435    199.595    201.000    17.4171    17.4297   4.693455   4.694590     1.9055     1.5735     100.00   26.05866  -95.12068    0.00220    0.00108     2.7164     2.7294    17.3830    17.3957    36.3274    36.3260    26.4410    26.4368    1498.54    118.190    118.753         49 0.0000e+00
     128517   5354.833    198.602    200.000    17.4990    17.4979   4.703076   4.703935     1.9145     1.5816      98.11   26.05866  -95.12068    0.00121    0.00014     2.7318     2.7449    17.4650    17.4639    36.3379    36.3378    26.4290    26.4293    1498.54    118.863    119.432         32 0.0000e+00
     129326   5388.524    197.610    199.000    17.5916    17.6023   4.714231   4.715548     1.9244     1.5920      99.98   26.05868  -95.12068    0.00008    0.00019     2.7487     2.7652    17.5576    17.5684    36.3520    36.3529    26.4173    26.4153    1498.54    119.599    120.314         55 0.0000e+00
     129390   5391.197    196.618    198.000    17.5992    17.6038   4.715005   4.715636     1.9244     1.5928     100.00   26.05868  -95.12068   -0.00007    0.00058     2.7479     2.7668    17.5655    17.5700    36.3523    36.3537    26.4155    26.4155    1498.54    119.564    120.387         55 0.0000e+00
     129435   5393.086    195.625    197.000    17.6443    17.6333   4.720134   4.718964     1.9248     1.5934     100.00   26.05868  -95.12068    0.00006    0.00033     2.7458     2.7661    17.6107    17.5997    36.3567    36.3564    26.4079    26.4103    1498.54    119.475    120.357         35 0.0000e+00
     129473   5394.668    194.632    196.000    17.6822    17.6862   4.724613   4.725175     1.9267     1.5951     100.00   26.05868  -95.12068    0.00051    0.00052     2.7477     2.7671    17.6486    17.6526    36.3620    36.3632    26.4026    26.4026    1498.54    119.554    120.402         40 0.0000e+00
     129510   5396.190    193.640    195.000    17.6995    17.7066   4.726646   4.727288     1.9285     1.5953     100.00   26.05868  -95.12068    0.00110    0.00079     2.7504     2.7662    17.6661    17.6732    36.3644    36.3636    26.4002    26.3978    1498.54    119.672    120.359         32 0.0000e+00
     129576   5398.976    191.655    193.000    17.7766    17.7794   4.735894   4.736256     1.9310     1.5960     100.01   26.06068  -95.12795    0.00114    0.00013     2.7508     2.7630    17.7434    17.7463    36.3770    36.3776    26.3910    26.3907    1498.65    119.692    120.225         30 0.0000e+00
     129602   5400.048    190.662    192.000    17.7847    17.7999   4.736737   4.738330     1.9314     1.5961     100.00   26.05868  -95.12066    0.00077    0.00020     2.7509     2.7620    17.7517    17.7669    36.3766    36.3767    26.3884    26.3848    1498.54    119.696    120.178         44 0.0000e+00
     129648   5401.943    189.670    191.000    17.7773    17.8048   4.735743   4.738771     1.9307     1.5970     100.00   26.05868  -95.12066    0.00006    0.00031     2.7494     2.7636    17.7445    17.7719    36.3749    36.3765    26.3889    26.3834    1498.54    119.630    120.249         40 0.0000e+00
     129769   5406.995    186.692    188.000    17.9161    17.9208   4.752781   4.753442     1.9377     1.6039     100.02   26.06468  -95.14257    0.00174    0.00163     2.7552     2.7729    17.8837    17.8883    36.3993    36.4023    26.3735    26.3748    1498.89    119.888    120.654         41 0.0000e+00
     129781   5407.510    185.699    187.000    17.9065    17.8990   4.751339   4.750427     1.9402     1.6060     100.00   26.05868  -95.12066    0.00211    0.00250     2.7619     2.7791    17.8742    17.8667    36.3954    36.3943    26.3726    26.3736    1498.54    120.176    120.924         39 0.0000e+00
     129862   5410.875    183.714    185.000    18.1199    18.1174   4.776848   4.776691     1.9488     1.6140     100.01   26.06229  -95.13384    0.00232    0.00195     2.7675     2.7857    18.0877    18.0851    36.4256    36.4268    26.3427    26.3444    1498.75    120.426    121.217         33 0.0000e+00
     129880   5411.605    182.721    184.000    18.1387    18.1577   4.779176   4.781033     1.9550     1.6204     100.00   26.05868  -95.12066    0.00395    0.00388     2.7805     2.7992    18.1066    18.1256    36.4287    36.4277    26.3402    26.3347    1498.54    120.990    121.803         37 0.0000e+00
     129915   5413.067    181.729    183.000    18.2181    18.2454   4.787767   4.791427     1.9611     1.6250     100.00   26.05868  -95.12066    0.00438    0.00408     2.7893     2.8055    18.1861    18.2134    36.4319    36.4390    26.3228    26.3214    1498.54    121.375    122.080         33 0.0000e+00
     129947   5414.418    180.736    182.000    18.3132    18.3391   4.800370   4.803088     1.9700     1.6361     100.00   26.05868  -95.12066    0.00463    0.00443     2.8031     2.8268    18.2813    18.3071    36.4554    36.4556    26.3169    26.3106    1498.54    121.975    123.007         33 0.0000e+00
     129980   5415.809    179.744    181.000    18.3887    18.3974   4.809626   4.810612     1.9878     1.6553     100.00   26.05868  -95.12066    0.00677    0.00765     2.8381     2.8702    18.3569    18.3656    36.4676    36.4683    26.3073    26.3056    1498.54    123.498    124.899         34 0.0000e+00
     130016   5417.307    178.751    180.000    18.4234    18.4539   4.813821   4.817066     2.0088     1.6756     100.00   26.05868  -95.12066    0.01215    0.01287     2.8824     2.9164    18.3917    18.4221    36.4730    36.4735    26.3026    26.2953    1498.54    125.429    126.908         37 0.0000e+00
     130051   5418.742    177.758    179.000    18.4814    18.4975   4.820838   4.822489     2.0233     1.6885     100.00   26.05868  -95.12066    0.01287    0.01258     2.9110     2.9451    18.4498    18.4659    36.4816    36.4814    26.2945    26.2903    1498.54    126.677    128.160         31 0.0000e+00
     130082   5420.034    176.766    178.000    18.5194    18.5337   4.825300   4.827032     2.0355     1.6983     100.00   26.05868  -95.12066    0.01098    0.00999     2.9358     2.9666    18.4879    18.5022    36.4862    36.4883    26.2884    26.2864    1498.54    127.752    129.094         33 0.0000e+00
     130119   5421.564    175.773    177.000    18.5340    18.5477   4.827131   4.828656     2.0474     1.7082      99.68   26.05868  -95.12066    0.00932    0.00754     2.9609     2.9896    18.5027    18.5163    36.4892    36.4900    26.2870    26.2841    1498.54    128.849    130.097         40 0.0000e+00
     130156   5423.112    174.781    176.000    18.5631    18.5802   4.830468   4.832335     2.0538     1.7143      98.57   26.05868  -95.12066    0.00698    0.00593     2.9731     3.0023    18.5319    18.5490    36.4921    36.4928    26.2818    26.2780    1498.54    129.379    130.649         33 0.0000e+00
     130236   5426.449    172.795    174.000    18.8029    18.8058   4.859139   4.859839     2.0712     1.7248     100.01   26.06244  -95.13438    0.00537    0.00382     2.9957     3.0132    18.7716    18.7749    36.5246    36.5270    26.2459    26.2467    1498.76    130.367    131.127         33 0.0000e+00
     130253   5427.172    171.802    173.000    18.8038    18.8271   4.859206   4.861951     2.0727     1.7239     100.00   26.05868  -95.12066    0.00525    0.00298     2.9989     3.0098    18.7729    18.7961    36.5236    36.5262    26.2446    26.2406    1498.54    130.506    130.979         40 0.0000e+00
     130292   5428.807    170.809    172.000    18.8546    18.8615   4.863207   4.865329     2.0741     1.7253      98.75   26.05868  -95.12066    0.00219    0.00041     2.9984     3.0099    18.8169    18.8307    36.5221    36.5246    26.2321    26.2305    1498.54    130.486    130.986         37 0.0000e+00
     130363   5431.762    168.824    170.000    19.0094    19.0218   4.881991   4.883357     2.0710     1.7190     100.01   26.06044  -95.12707    0.00026    0.00005     2.9814     2.9854    18.9787    18.9911    36.5362    36.5367    26.2015    26.1988    1498.64    129.751    129.925         30 0.0000e+00
     130387   5432.763    167.832    169.000    19.0232    19.0275   4.883289   4.883680     2.0584     1.7045     100.00   26.05868  -95.12066   -0.00327   -0.00478     2.9525     2.9497    18.9928    18.9971    36.5345    36.5339    26.1964    26.1949    1498.54    128.491    128.371         37 0.0000e+00
     130425   5434.329    166.839    168.000    19.0243    19.0360   4.883123   4.884128     2.0456     1.6938      93.14   26.05868  -95.12066   -0.00827   -0.00908     2.9237     2.9229    18.9940    19.0057    36.5325    36.5306    26.1946    26.1902    1498.54    127.238    127.206         35 0.0000e+00
     130459   5435.763    165.846    167.000    19.0711    19.0797   4.887837   4.888815     2.0396     1.6885      98.93   26.05868  -95.12066   -0.00717   -0.00653     2.9074     2.9074    19.0410    19.0496    36.5312    36.5319    26.1815    26.1798    1498.54    126.533    126.533         36 0.0000e+00
     130496   5437.275    164.854    166.000    19.1277    19.1446   4.893920   4.895383     2.0314     1.6808     100.02   26.05868  -95.12066   -0.00492   -0.00436     2.8877     2.8851    19.0977    19.1145    36.5327    36.5306    26.1680    26.1620    1498.54    125.675    125.565         35 0.0000e+00
     130529   5438.654    163.861    165.000    19.1819    19.1841   4.899407   4.899500     2.0204     1.6702      96.93   26.05868  -95.12066   -0.00575   -0.00542     2.8580     2.8568    19.1521    19.1542    36.5316    36.5304    26.1531    26.1516    1498.54    124.385    124.332         31 0.0000e+00
     130560   5439.961    162.868    164.000    19.2231    19.2299   4.903639   4.904494     2.0106     1.6616      68.90   26.05868  -95.12066   -0.00728   -0.00691     2.8338     2.8331    19.1934    19.2001    36.5312    36.5324    26.1421    26.1413    1498.54    123.334    123.305         33 0.0000e+00
     130594   5441.374    161.875    163.000    19.2347    19.2498   4.904967   4.906369     2.0007     1.6539      99.97   26.05868  -95.12066   -0.00756   -0.00680     2.8111     2.8134    19.2051    19.2202    36.5326    36.5310    26.1401    26.1350    1498.54    122.347    122.444         35 0.0000e+00
     130629   5442.852    160.883    162.000    19.2536    19.2605   4.906867   4.907360     1.9947     1.6477     100.00   26.05868  -95.12066   -0.00637   -0.00554     2.7964     2.7975    19.2242    19.2311    36.5322    36.5302    26.1349    26.1316    1498.54    121.708    121.753         35 0.0000e+00
     130664   5444.282    159.890    161.000    19.2890    19.2882   4.910528   4.910238     1.9904     1.6460     100.00   26.05868  -95.12066   -0.00426   -0.00337     2.7848     2.7915    19.2597    19.2589    36.5322    36.5304    26.1256    26.1245    1498.54    121.200    121.494         34 0.0000e+00
     130698   5445.702    158.897    160.000    19.3242    19.3409   4.914349   4.915873     1.9859     1.6432      99.29   26.05868  -95.12066   -0.00317   -0.00179     2.7727     2.7817    19.2950    19.3117    36.5333    36.5323    26.1173    26.1122    1498.54    120.677    121.068         34 0.0000e+00
     130732   5447.138    157.905    159.000    19.3767    19.3807   4.920232   4.920716     1.9830     1.6401     100.01   26.05868  -95.12066   -0.00294   -0.00194     2.7630     2.7717    19.3477    19.3517    36.5370    36.5376    26.1065    26.1058    1498.54    120.255    120.634         35 0.0000e+00
     130766   5448.561    156.912    158.000    19.4142    19.4206   4.925111   4.925703     1.9850     1.6437     100.00   26.05868  -95.12066   -0.00140   -0.00105     2.7647     2.7779    19.3853    19.3917    36.5453    36.5446    26.1029    26.1007    1498.54    120.328    120.905         34 0.0000e+00
     130801   5449.991    155.919    157.000    19.4566    19.4579   4.930127   4.930076     1.9902     1.6527     100.00   26.05868  -95.12066    0.00137    0.00253     2.7736     2.7970    19.4278    19.4292    36.5503    36.5487    26.0957    26.0941    1498.54    120.720    121.738         35 0.0000e+00
     130836   5451.439    154.926    156.000    19.4724    19.4704   4.931457   4.931211     1.9976     1.6568      46.60   26.05868  -95.12066    0.00372    0.00468     2.7883     2.8060    19.4438    19.4418    36.5479    36.5477    26.0897    26.0900    1498.54    121.358    122.129         34 0.0000e+00
     130869   5452.813    153.934    155.000    19.4778    19.4797   4.931723   4.931661     1.9999     1.6569      99.38   26.05868  -95.12066    0.00406    0.00324     2.7926     2.8052    19.4495    19.4513    36.5457    36.5436    26.0866    26.0844    1498.54    121.545    122.097         32 0.0000e+00
     132641   5526.672    147.977    149.000    19.8418    19.8386   4.971028   4.970660     2.0376     1.6902      80.84   26.05603  -95.11106    0.00064    0.00001     2.8520     2.8635    19.8142    19.8110    36.5559    36.5547    25.9982    25.9980    1498.39    124.143    124.644         54 0.0000e+00
     132705   5529.353    146.984    148.000    19.8615    19.8566   4.973451   4.973026     2.0384     1.6917     100.57   26.05866  -95.12066    0.00037    0.00024     2.8522     2.8656    19.8340    19.8291    36.5595    36.5603    25.9959    25.9978    1498.54    124.151    124.736         45 0.0000e+00
     132748   5531.107    145.992    147.000    19.9060    19.9014   4.978648   4.978123     2.0407     1.6933     100.00   26.05866  -95.12066    0.00061    0.00075     2.8541     2.8665    19.8787    19.8741    36.5641    36.5637    25.9876    25.9885    1498.54    124.236    124.777         40 0.0000e+00
     132783   5532.591    144.999    146.000    19.9313    19.9323   4.981151   4.981261     2.0433     1.6967     100.00   26.05866  -95.12066    0.00142    0.00136     2.8581     2.8727    19.9042    19.9051    36.5630    36.5631    25.9800    25.9798    1498.54    124.411    125.045         33 0.0000e+00
     132818   5534.059    144.006    145.000    19.9404    19.9410   4.981274   4.981399     2.0400     1.6916     100.00   26.05866  -95.12066    0.00073    0.00071     2.8501     2.8598    19.9134    19.9140    36.5565    36.5570    25.9726    25.9728    1498.54    124.064    124.484         40 0.0000e+00
     132862   5535.890    143.013    144.000    19.9622    19.9629   4.982947   4.983349     2.0331     1.6853     100.00   26.05866  -95.12066   -0.00264   -0.00298     2.8338     2.8436    19.9354    19.9361    36.5518    36.5544    25.9631    25.9649    1498.54    123.353    123.781         44 0.0000e+00
