GOMECC/GOMECC-4/1db/urb2103_1131.cnv
* Sea-Bird SBE 9 Data File:
* FileName = C:\Users\scs.user.rb\CTD\GOMECC4\data\rb2103_1131.hex
* Software Version Seasave V 7.26.7.107
* Temperature SN = 4799
* Conductivity SN = 3860
* Number of Bytes Per Scan = 41
* Number of Voltage Words = 4
* Number of Scans Averaged by the Deck Unit = 1
* NMEA Latitude = 22 12.33 N
* NMEA Longitude = 086 49.99 W
* NMEA UTC (Time) = Oct 15 2021  12:44:10
* NMEA baud rate = 4800
# nquan = 28
# nvalues = 68                          
# units = specified
# name 0 = scan: Scan Count
# name 1 = timeS: Time, Elapsed [seconds]
# name 2 = depSM: Depth [salt water, m]
# name 3 = prDM: Pressure, Digiquartz [db]
# name 4 = t090C: Temperature [ITS-90, deg C]
# name 5 = t190C: Temperature, 2 [ITS-90, deg C]
# name 6 = c0S/m: Conductivity [S/m]
# name 7 = c1S/m: Conductivity, 2 [S/m]
# name 8 = sbeox0V: Oxygen raw, SBE 43 [V]
# name 9 = sbeox1V: Oxygen raw, SBE 43, 2 [V]
# name 10 = altM: Altimeter [m]
# name 11 = latitude: Latitude [deg]
# name 12 = longitude: Longitude [deg]
# name 13 = sbox0dV/dT: Oxygen, SBE 43 [dov/dt]
# name 14 = sbox1dV/dT: Oxygen, SBE 43, 2 [dov/dt]
# name 15 = sbeox0ML/L: Oxygen, SBE 43 [ml/l], WS = 5
# name 16 = sbeox1ML/L: Oxygen, SBE 43, 2 [ml/l], WS = 5
# name 17 = potemp090C: Potential Temperature [ITS-90, deg C]
# name 18 = potemp190C: Potential Temperature, 2 [ITS-90, deg C]
# name 19 = sal00: Salinity, Practical [PSU]
# name 20 = sal11: Salinity, Practical, 2 [PSU]
# name 21 = sigma-é00: Density [sigma-theta, kg/m^3]
# name 22 = sigma-é11: Density, 2 [sigma-theta, kg/m^3]
# name 23 = avgsvCM: Average Sound Velocity [Chen-Millero, m/s], minP = 20, minS = 20
# name 24 = sbox0Mm/Kg: Oxygen, SBE 43 [umol/kg], WS = 5
# name 25 = sbox1Mm/Kg: Oxygen, SBE 43, 2 [umol/kg], WS = 5
# name 26 = nbin: number of scans per bin
# name 27 = flag: flag
# span 0 =      12863,      29949       
# span 1 =    535.935,   1247.852       
# span 2 =      0.994,     90.412       
# span 3 =      1.000,     91.000       
# span 4 =    18.5535,    28.6732       
# span 5 =    18.5465,    28.6765       
# span 6 =   4.818618,   5.871452       
# span 7 =   4.817974,   5.871923       
# span 8 =     2.0525,     3.1140       
# span 9 =     1.7061,     2.6369       
# span 10 =       6.37,      95.33      
# span 11 =   21.95140,   22.25472      
# span 12 =  -87.02542,  -85.83927      
# span 13 =   -0.00175,    0.01103      
# span 14 =   -0.00345,    0.01250      
# span 15 =     2.9309,     4.3295      
# span 16 =     2.9428,     4.3162      
# span 17 =    18.5383,    28.6727      
# span 18 =    18.5314,    28.6760      
# span 19 =    36.1086,    36.5921      
# span 20 =    36.1533,    36.5930      
# span 21 =    23.0978,    26.2360      
# span 22 =    23.0973,    26.2382      
# span 23 =    1510.61,    1531.48      
# span 24 =    127.558,    188.989      
# span 25 =    128.081,    188.409      
# span 26 =         30,         71      
# span 27 = 0.0000e+00, 0.0000e+00      
# interval = decibars: 1                
# start_time = Oct 15 2021 12:44:10 [NMEA time, header]
# bad_flag = -9.990e-29
*END*
[from data line 52]
      25603   1066.739     17.887     18.000    24.4172    24.4068   5.439929   5.440783     2.6298     2.2069      78.12   22.20542  -86.83256    0.01103    0.00985     3.7321     3.7123    24.4131    24.4029    36.4534    36.4645    24.6183    24.6293    1528.09    162.673    161.807         34 0.0000e+00
      26237   1093.187     14.906     15.000    25.0577    25.2209   5.511390   5.514654     2.7708     2.3238      80.79   22.15023  -86.61670    0.00152   -0.00345     3.8716     3.9072    25.0544    25.2176    36.3257    36.3231    24.3136    24.2615    1524.29    168.794    170.352         35 0.0000e+00
      26930   1122.025     13.912     14.000    26.7755    26.4466   5.678365   5.642866     2.9373     2.4370      82.05   22.20542  -86.83250    0.00573    0.00401     4.1433     4.0673    26.7723    26.4434    36.3238    36.3320    23.7871    23.8996    1528.09    180.741    177.406         42 0.0000e+00
      27058   1127.396     12.918     13.000    26.9559    26.7298   5.698527   5.673924     2.9571     2.4712      83.01   22.20542  -86.83249    0.00308    0.00852     4.1740     4.1183    26.9602    26.7268    36.3252    36.3311    23.7291    23.8080    1528.09    182.092    179.644         57 0.0000e+00
      27127   1130.240     11.925     12.000    27.1076    27.2897   5.711667   5.731016     2.9720     2.5094      83.90   22.20542  -86.83248    0.00498    0.00728     4.1903     4.1593    27.1049    27.2870    36.3068    36.2861    23.6688    23.5840    1528.09    182.813    181.471         57 0.0000e+00
      27191   1132.904     10.931     11.000    27.2513    27.3761   5.726644   5.739225     2.9828     2.5261      84.88   22.20542  -86.83248    0.00438    0.01250     4.1995     4.1873    27.2487    27.3735    36.3023    36.2950    23.6190    23.5732    1528.09    183.220    182.697         71 0.0000e+00
      27259   1135.743      9.937     10.000    27.5295    27.4764   5.752916   5.749883     3.0010     2.5392      85.87   22.20542  -86.83246    0.00514    0.00440     4.2126     4.2057    27.5272    27.4741    36.2736    36.2932    23.5072    23.5392    1528.09    183.812    183.508         62 0.0000e+00
      27319   1138.259      8.944      9.000    27.7095    27.7469   5.773439   5.776316     3.0250     2.5576      86.77   22.20542  -86.83246    0.00998    0.00575     4.2426     4.2246    27.7074    27.7448    36.2802    36.2765    23.4535    23.4385    1528.09    185.131    184.351         65 0.0000e+00
      27389   1141.183      7.950      8.000    27.8174    27.6985   5.784186   5.772902     3.0377     2.5620      87.81   22.20542  -86.83246    0.00477    0.00419     4.2552     4.2359    27.8144    27.6966    36.2739    36.2850    23.4138    23.4607    1528.09    185.691    184.839         66 0.0000e+00
      27450   1143.689      6.956      7.000    28.0056    28.0232   5.803963   5.806095     3.0528     2.5780      88.81   22.20542  -86.83246    0.00531    0.00399     4.2704     4.2456    28.0039    28.0216    36.2680    36.2694    23.3472    23.3424    1528.09    186.365    185.283         64 0.0000e+00
      27519   1146.579      5.962      6.000    28.1501    28.0844   5.817682   5.811715     3.0659     2.5881      89.80   22.20542  -86.83246    0.00485    0.00475     4.2834     4.2613    28.1486    28.0830    36.2536    36.2616    23.2888    23.3163    1528.09    186.944    185.972         69 0.0000e+00
      27583   1149.241      4.969      5.000    28.2879    28.1979   5.832247   5.823476     3.0811     2.5937      90.76   22.20542  -86.83246    0.00542    0.00201     4.2980     4.2642    28.2854    28.1967    36.2513    36.2560    23.2420    23.2748    1528.09    187.588    186.109         51 0.0000e+00
      27655   1152.236      3.975      4.000    28.5702    28.4073   5.860719   5.844280     3.1000     2.6097      91.82   22.20542  -86.83244    0.00598    0.00408     4.3132     4.2770    28.5694    28.4063    36.2336    36.2436    23.1345    23.1962    1528.09    188.270    186.683         45 0.0000e+00
      28239   1176.566      2.981      3.000    28.6455    28.5418   5.868654   5.858131     3.1096     2.6241      92.56   22.20542  -86.83242    0.00273    0.00261     4.3242     4.3005    28.6447    28.5411    36.2319    36.2377    23.1081    23.1470    1528.09    188.755    187.717         34 0.0000e+00
      29925   1246.826      1.987      2.000    28.6732    28.6765   5.871452   5.871923     3.1120     2.6363      92.15   22.20540  -86.83234   -0.00064    0.00093     4.3260     4.3152    28.6727    28.6760    36.2305    36.2313    23.0978    23.0973    1528.09    188.838    188.367         37 0.0000e+00
      29949   1247.852      0.994      1.000    28.6631    28.6732   5.870198   5.871514     3.1140     2.6369      95.33   22.20540  -86.83234   -0.00012   -0.00034     4.3295     4.3162    28.6629    28.6730    36.2308    36.2316    23.1013    23.0985    1528.09    188.989    188.409         39 0.0000e+00
