GOMECC/GOMECC-4/1db/urb2103_1201.cnv
* Sea-Bird SBE 9 Data File:
* FileName = C:\Users\scs.user.rb\CTD\GOMECC4\data\rb2103_1201.hex
* Software Version Seasave V 7.26.7.107
* Temperature SN = 4799
* Conductivity SN = 3860
* Number of Bytes Per Scan = 41
* Number of Voltage Words = 4
* Number of Scans Averaged by the Deck Unit = 1
* NMEA Latitude = 21 40.66 N
* NMEA Longitude = 085 53.83 W
* NMEA UTC (Time) = Oct 16 2021  08:41:52
* NMEA baud rate = 4800
# nquan = 28
# nvalues = 213                         
# units = specified
# name 0 = scan: Scan Count
# name 1 = timeS: Time, Elapsed [seconds]
# name 2 = depSM: Depth [salt water, m]
# name 3 = prDM: Pressure, Digiquartz [db]
# name 4 = t090C: Temperature [ITS-90, deg C]
# name 5 = t190C: Temperature, 2 [ITS-90, deg C]
# name 6 = c0S/m: Conductivity [S/m]
# name 7 = c1S/m: Conductivity, 2 [S/m]
# name 8 = sbeox0V: Oxygen raw, SBE 43 [V]
# name 9 = sbeox1V: Oxygen raw, SBE 43, 2 [V]
# name 10 = altM: Altimeter [m]
# name 11 = latitude: Latitude [deg]
# name 12 = longitude: Longitude [deg]
# name 13 = sbox0dV/dT: Oxygen, SBE 43 [dov/dt]
# name 14 = sbox1dV/dT: Oxygen, SBE 43, 2 [dov/dt]
# name 15 = sbeox0ML/L: Oxygen, SBE 43 [ml/l], WS = 5
# name 16 = sbeox1ML/L: Oxygen, SBE 43, 2 [ml/l], WS = 5
# name 17 = potemp090C: Potential Temperature [ITS-90, deg C]
# name 18 = potemp190C: Potential Temperature, 2 [ITS-90, deg C]
# name 19 = sal00: Salinity, Practical [PSU]
# name 20 = sal11: Salinity, Practical, 2 [PSU]
# name 21 = sigma-é00: Density [sigma-theta, kg/m^3]
# name 22 = sigma-é11: Density, 2 [sigma-theta, kg/m^3]
# name 23 = avgsvCM: Average Sound Velocity [Chen-Millero, m/s], minP = 20, minS = 20
# name 24 = sbox0Mm/Kg: Oxygen, SBE 43 [umol/kg], WS = 5
# name 25 = sbox1Mm/Kg: Oxygen, SBE 43, 2 [umol/kg], WS = 5
# name 26 = nbin: number of scans per bin
# name 27 = flag: flag
# span 0 =      64104,     160109       
# span 1 =   2670.977,   6671.181       
# span 2 =      0.994,   1930.864       
# span 3 =      1.000,   1952.000       
# span 4 =     4.1808,    31.1499       
# span 5 =     4.1816,    31.0295       
# span 6 =   3.348682,   6.244950       
# span 7 =   3.348670,   6.245153       
# span 8 =     1.6292,     3.2810       
# span 9 =     1.3261,     2.7695       
# span 10 =      10.66,     104.84      
# span 11 =   20.90421,   22.47439      
# span 12 =  -89.00740,  -82.79030      
# span 13 =   -0.00420,    0.00847      
# span 14 =   -0.00109,    0.00776      
# span 15 =     2.6735,     5.2643      
# span 16 =     2.6836,     5.2770      
# span 17 =     4.0153,    31.1496      
# span 18 =     4.0161,    31.0292      
# span 19 =    34.9012,    37.5615      
# span 20 =    34.9005,    37.4168      
# span 21 =    21.8173,    27.7735      
# span 22 =    21.8168,    27.7727      
# span 23 =    1447.43,    1556.12      
# span 24 =    116.240,    228.750      
# span 25 =    116.682,    229.302      
# span 26 =         30,         72      
# span 27 = 0.0000e+00, 0.0000e+00      
# interval = decibars: 1                
# start_time = Oct 16 2021 08:41:52 [NMEA time, header]
# bad_flag = -9.990e-29
*END*
[from data line 156]
     133907   5579.434    122.200    123.000    26.0491    26.0527   5.655449   5.655768     2.7275     2.2975      99.94   21.68752  -85.90012    0.00027    0.00095     3.8495     3.8433    26.0215    26.0251    36.7014    36.7015    24.3109    24.3099    1501.79    167.837    167.569         63 0.0000e+00
     133964   5581.807    121.206    122.000    26.1527    26.1183   5.663135   5.660657     2.7331     2.2984      69.24   21.68754  -85.90012    0.00126    0.00100     3.8533     3.8410    26.1252    26.0908    36.6753    36.6848    24.2586    24.2765    1501.79    168.013    167.472         47 0.0000e+00
     134014   5583.877    120.213    121.000    26.2536    26.2021   5.670737   5.666435     2.7514     2.3083      99.42   21.68754  -85.90012    0.00562    0.00237     3.8810     3.8552    26.2263    26.1748    36.6506    36.6634    24.2080    24.2340    1501.79    169.229    168.102         55 0.0000e+00
     134068   5586.111    119.220    120.000    26.2762    26.2506   5.672578   5.670653     2.7565     2.3163     100.00   21.68754  -85.90012    0.00557    0.00410     3.8893     3.8702    26.2490    26.2234    36.6459    36.6526    24.1973    24.2105    1501.79    169.592    168.756         47 0.0000e+00
     134107   5587.736    118.227    119.000    26.3162    26.2840   5.675196   5.673112     2.7594     2.3233     100.00   21.68754  -85.90012    0.00246    0.00427     3.8929     3.8823    26.2893    26.2571    36.6371    36.6443    24.1780    24.1936    1501.79    169.752    169.287         33 0.0000e+00
     134141   5589.150    117.234    118.000    26.3997    26.3392   5.682212   5.677536     2.7671     2.3270     100.00   21.68754  -85.90012    0.00271    0.00389     3.9003     3.8864    26.3729    26.3124    36.6188    36.6329    24.1377    24.1675    1501.79    170.083    169.473         37 0.0000e+00
     134180   5590.798    116.240    117.000    26.4909    26.4327   5.688945   5.684253     2.7791     2.3315     100.00   21.68754  -85.90012    0.00567    0.00289     3.9169     3.8898    26.4642    26.4061    36.5955    36.6077    24.0912    24.1188    1501.79    170.812    169.629         39 0.0000e+00
     134216   5592.288    115.247    116.000    26.5441    26.5102   5.693292   5.690754     2.7835     2.3364     100.00   21.68756  -85.90012    0.00598    0.00279     3.9213     3.8949    26.5177    26.4838    36.5851    36.5937    24.0664    24.0836    1501.79    171.009    169.856         34 0.0000e+00
     134248   5593.614    114.254    115.000    26.6039    26.5772   5.697989   5.695974     2.7886     2.3447     100.00   21.68756  -85.90012    0.00399    0.00381     3.9266     3.9078    26.5777    26.5510    36.5721    36.5787    24.0375    24.0509    1501.79    171.244    170.422         31 0.0000e+00
     134281   5594.986    113.261    114.000    26.6484    26.6369   5.701695   5.700581     2.7949     2.3502     100.00   21.68756  -85.90012    0.00377    0.00504     3.9350     3.9153    26.6224    26.6109    36.5641    36.5651    24.0172    24.0216    1501.79    171.614    170.755         34 0.0000e+00
     134314   5596.360    112.268    113.000    26.7412    26.6872   5.708848   5.704627     2.8004     2.3544     100.00   21.68756  -85.90012    0.00414    0.00431     3.9389     3.9205    26.7153    26.6614    36.5427    36.5549    23.9714    23.9978    1501.79    171.792    170.984         32 0.0000e+00
     134346   5597.719    111.274    112.000    26.8406    26.7890   5.717009   5.712721     2.8100     2.3624     100.00   21.68756  -85.90012    0.00491    0.00386     3.9499     3.9307    26.8149    26.7633    36.5235    36.5333    23.9252    23.9490    1501.79    172.280    171.439         33 0.0000e+00
     134379   5599.081    110.281    111.000    26.8984    26.8647   5.721439   5.718593     2.8169     2.3702     100.00   21.68756  -85.90012    0.00590    0.00521     3.9587     3.9417    26.8729    26.8392    36.5102    36.5162    23.8966    23.9119    1501.79    172.668    171.927         33 0.0000e+00
     134412   5600.471    109.288    110.000    27.0019    26.9241   5.728595   5.723075     2.8254     2.3779     100.00   21.68756  -85.90011    0.00576    0.00586     3.9688     3.9539    26.9766    26.8988    36.4826    36.5020    23.8425    23.8821    1501.79    173.118    172.463         34 0.0000e+00
     134447   5601.903    108.295    109.000    27.0788    27.0174   5.735351   5.730441     2.8345     2.3845     100.00   21.68756  -85.90010    0.00594    0.00510     3.9791     3.9613    27.0536    26.9923    36.4690    36.4819    23.8075    23.8369    1501.79    173.576    172.792         33 0.0000e+00
     134478   5603.205    107.301    108.000    27.1003    27.0743   5.737443   5.735229     2.8411     2.3933     100.00   21.68756  -85.90010    0.00611    0.00537     3.9895     3.9757    27.0754    27.0494    36.4674    36.4719    23.7993    23.8111    1501.79    174.031    173.425         30 0.0000e+00
     134508   5604.464    106.308    107.000    27.1226    27.1087   5.739360   5.738194     2.8450     2.3957     100.00   21.68756  -85.90010    0.00490    0.00526     3.9948     3.9781    27.0978    27.0840    36.4641    36.4666    23.7896    23.7959    1501.79    174.263    173.534         32 0.0000e+00
     134542   5605.863    105.315    106.000    27.1559    27.1307   5.742030   5.740040     2.8501     2.3974     100.00   21.68757  -85.90010    0.00373    0.00297     4.0016     3.9797    27.1314    27.1062    36.4574    36.4629    23.7737    23.7860    1501.79    174.563    173.605         36 0.0000e+00
     134579   5607.406    104.321    105.000    27.1898    27.1745   5.744612   5.743349     2.8543     2.4009     100.00   21.68758  -85.90010    0.00345    0.00156     4.0068     3.9840    27.1655    27.1502    36.4497    36.4526    23.7569    23.7640    1501.79    174.793    173.794         36 0.0000e+00
     134612   5608.806    103.328    104.000    27.1974    27.1905   5.745281   5.744718     2.8567     2.4055     100.00   21.68758  -85.90010    0.00263    0.00255     4.0105     3.9919    27.1733    27.1664    36.4488    36.4501    23.7537    23.7570    1501.79    174.951    174.142         31 0.0000e+00
     134642   5610.061    102.335    103.000    27.2195    27.2046   5.746904   5.745785     2.8603     2.4042      73.80   21.68758  -85.90010    0.00218    0.00205     4.0152     3.9879    27.1956    27.1807    36.4434    36.4471    23.7425    23.7500    1501.79    175.160    173.969         30 0.0000e+00
     134674   5611.378    101.342    102.000    27.2620    27.2197   5.749597   5.747003     2.8618     2.4080      90.93   21.68758  -85.90010    0.00209    0.00104     4.0149     3.9937    27.2342    27.1960    36.4330    36.4434    23.7222    23.7424    1501.79    175.149    174.224         33 0.0000e+00
     134708   5612.785    100.348    101.000    27.3239    27.2762   5.754796   5.750858     2.8649     2.4118     100.09   21.68758  -85.90010    0.00186    0.00181     4.0163     3.9986    27.3012    27.2528    36.4182    36.4287    23.6894    23.7130    1501.79    175.217    174.440         34 0.0000e+00
     134741   5614.187     99.355    100.000    27.3740    27.3321   5.758614   5.755301     2.8717     2.4164     100.00   21.68758  -85.90010    0.00267    0.00298     4.0249     4.0039    27.3507    27.3088    36.4073    36.4164    23.6652    23.6856    1501.79    175.597    174.677         33 0.0000e+00
     136656   5693.965     93.395     94.000    27.6745    27.6795   5.782422   5.782937     2.9200     2.4665     100.00   21.69076  -85.91218    0.00015    0.00244     4.0918     4.0829    27.6525    27.6574    36.3472    36.3451    23.5226    23.5192    1502.00    178.540    178.152         65 0.0000e+00
     136697   5695.669     92.402     93.000    27.6953    27.6955   5.783381   5.783550     2.9262     2.4669     100.00   21.68772  -85.90012    0.00230    0.00141     4.1008     4.0823    27.6735    27.6737    36.3352    36.3370    23.5059    23.5073    1501.79    178.937    178.127         55 0.0000e+00
     136755   5698.097     91.408     92.000    27.7393    27.7313   5.787033   5.786646     2.9356     2.4764      90.46   21.68772  -85.90012    0.00330    0.00204     4.1153     4.0990    27.7177    27.7096    36.3279    36.3314    23.4861    23.4913    1501.79    179.574    178.861         61 0.0000e+00
     136814   5700.525     90.415     91.000    27.7701    27.7849   5.789989   5.792006     2.9478     2.4922     100.02   21.68773  -85.90012    0.00433    0.00582     4.1355     4.1281    27.7488    27.7635    36.3254    36.3278    23.4741    23.4708    1501.79    180.457    180.130         56 0.0000e+00
     136867   5702.752     89.421     90.000    27.8102    27.8373   5.794041   5.797246     2.9653     2.5058      85.59   21.68774  -85.90012    0.00713    0.00656     4.1628     4.1514    27.7884    27.8161    36.3237    36.3250    23.4598    23.4518    1501.79    181.650    181.152         53 0.0000e+00
     136922   5705.048     88.428     89.000    27.9009    27.8857   5.803111   5.802107     2.9860     2.5235      99.39   21.68774  -85.90012    0.00815    0.00721     4.1996     4.1842    27.8803    27.8649    36.3173    36.3213    23.4249    23.4327    1501.79    183.262    182.588         53 0.0000e+00
     136973   5707.161     87.435     88.000    27.9221    27.9222   5.805050   5.805508     3.0004     2.5335     100.00   21.68774  -85.90012    0.00847    0.00589     4.2203     4.2016    27.9014    27.9014    36.3152    36.3184    23.4164    23.4188    1501.79    184.167    183.350         49 0.0000e+00
     137019   5709.072     86.441     87.000    27.9353    27.9648   5.806259   5.809773     3.0072     2.5400     100.00   21.68774  -85.90012    0.00535    0.00415     4.2315     4.2118    27.9148    27.9447    36.3139    36.3117    23.4110    23.3979    1501.79    184.656    183.797         43 0.0000e+00
     137064   5710.942     85.448     86.000    27.9988    27.9820   5.811713   5.810800     3.0139     2.5473     100.00   21.68774  -85.90012    0.00322    0.00392     4.2388     4.2249    27.9784    27.9616    36.3037    36.3102    23.3825    23.3929    1501.79    184.981    184.369         46 0.0000e+00
     137105   5712.680     84.455     85.000    28.0249    28.0253   5.814061   5.814359     3.0210     2.5484     100.00   21.68776  -85.90012    0.00396    0.00236     4.2495     4.2238    28.0051    28.0052    36.3001    36.3023    23.3711    23.3727    1501.79    185.447    184.328         35 0.0000e+00
     137138   5714.053     83.461     84.000    28.0903    28.0700   5.820119   5.818308     3.0258     2.5543     100.00   21.68776  -85.90012    0.00387    0.00178     4.2532     4.2322    28.0703    28.0501    36.2930    36.2958    23.3443    23.3530    1501.79    185.615    184.698         34 0.0000e+00
     137176   5715.631     82.468     83.000    28.1140    28.1074   5.822455   5.821852     3.0342     2.5607     100.00   21.68776  -85.90012    0.00418    0.00363     4.2664     4.2423    28.0943    28.0877    36.2914    36.2923    23.3352    23.3380    1501.79    186.194    185.140         41 0.0000e+00
     137215   5717.250     81.475     82.000    28.1578    28.1472   5.825899   5.825063     3.0414     2.5668     100.00   21.68776  -85.90012    0.00480    0.00401     4.2760     4.2514    28.1383    28.1277    36.2823    36.2851    23.3138    23.3194    1501.79    186.617    185.540         36 0.0000e+00
     137250   5718.717     80.481     81.000    28.1783    28.1713   5.827601   5.827256     3.0459     2.5718     100.00   21.68776  -85.90012    0.00408    0.00372     4.2822     4.2598    28.1591    28.1520    36.2788    36.2818    23.3043    23.3089    1501.79    186.890    185.909         35 0.0000e+00
     137286   5720.205     79.488     80.000    28.1774    28.1993   5.827746   5.829664     3.0476     2.5755     100.00   21.68776  -85.90012    0.00298    0.00318     4.2850     4.2650    28.1584    28.1803    36.2808    36.2775    23.3061    23.2964    1501.79    187.009    186.139         35 0.0000e+00
     137322   5721.694     78.494     79.000    28.2147    28.2226   5.830941   5.831999     3.0501     2.5786     100.00   21.68777  -85.90012    0.00160    0.00258     4.2867     4.2692    28.1959    28.2038    36.2749    36.2763    23.2893    23.2877    1501.79    187.085    186.322         36 0.0000e+00
     137358   5723.202     77.501     78.000    28.2538    28.2554   5.834970   5.835241     3.0573     2.5829     100.00   21.68778  -85.90012    0.00223    0.00248     4.2962     4.2751    28.2352    28.2368    36.2735    36.2741    23.2752    23.2752    1501.79    187.505    186.581         36 0.0000e+00
     139413   5808.820     70.547     71.000    28.6075    28.6078   5.866421   5.866560     3.1275     2.6456      99.82   21.64811  -85.74223   -0.00135   -0.00070     4.3917     4.3714    28.5904    28.5907    36.1913    36.1918    23.0858    23.0861    1499.03    191.701    190.815         47 0.0000e+00
     139792   5824.612     69.553     70.000    28.7293    28.7297   5.885969   5.886087     3.1415     2.6556     100.00   21.68798  -85.90006    0.00068    0.00023     4.4094     4.3846    28.7125    28.7129    36.2680    36.2684    23.1127    23.1129    1501.79    192.477    191.391         43 0.0000e+00
     140649   5860.328     63.593     64.000    29.0908    29.0672   5.924267   5.922152     3.1712     2.6785     100.15   21.72123  -86.03159    0.00326    0.00241     4.4335     4.4045    29.0753    29.0517    36.2782    36.2827    23.0064    23.0177    1504.09    193.551    192.285         45 0.0000e+00
     140549   5856.177     60.612     61.000    29.1814    29.3138   5.924740   5.940697     3.1819     2.6945      99.87   21.65983  -85.78822    0.00120    0.00110     4.4439     4.4153    29.1680    29.2989    36.1836    36.1832    22.8911    22.8449    1499.84    194.020    192.779         30 0.0000e+00
     141374   5890.561     57.632     58.000    29.3506    29.3534   5.935973   5.936310     3.1838     2.6894      90.03   21.58384  -85.48666    0.00033   -0.00077     4.4277     4.3965    29.3364    29.3391    36.0622    36.0625    22.7217    22.7209    1494.56    193.328    191.966         31 0.0000e+00
     142187   5924.430     56.638     57.000    29.5071    29.5009   5.966526   5.965811     3.1968     2.7022      96.00   21.68820  -85.89998   -0.00014    0.00061     4.4430     4.4161    29.4931    29.4869    36.2387    36.2378    22.8281    22.8295    1501.79    193.997    192.821         37 0.0000e+00
     142271   5927.923     55.645     56.000    29.5063    29.4920   5.966267   5.964645     3.1985     2.7065     101.29   21.68820  -85.89998    0.00031    0.00051     4.4457     4.4249    29.4925    29.4783    36.2378    36.2378    22.8276    22.8324    1501.79    194.112    193.203         33 0.0000e+00
     142384   5932.628     54.651     55.000    29.5472    29.5173   5.970540   5.967385     3.1966     2.7037     100.00   21.68822  -85.89996   -0.00021    0.00015     4.4385     4.4171    29.5336    29.5038    36.2366    36.2371    22.8128    22.8232    1501.79    193.803    192.864         60 0.0000e+00
     142376   5932.300     52.664     53.000    29.6145    29.5296   5.974433   5.964987     3.1944     2.6994      99.86   21.65774  -85.77921   -0.00009    0.00000     4.4267     4.4048    29.6014    29.5166    36.1884    36.1876    22.7455    22.7739    1499.68    193.293    192.331         33 0.0000e+00
     142684   5945.105     51.671     52.000    29.7590    29.6551   5.994511   5.983117     3.1972     2.7048     100.00   21.68824  -85.89996    0.00091    0.00117     4.4214     4.4074    29.7461    29.6423    36.2421    36.2423    22.7446    22.7801    1501.79    193.068    192.449         37 0.0000e+00
