GOMECC/GOMECC-4/1db/urb2103_1071.cnv
* Sea-Bird SBE 9 Data File:
* FileName = C:\Users\scs.user.rb\CTD\GOMECC4\data\rb2103_1071.hex
* Software Version Seasave V 7.26.7.107
* Temperature SN = 4799
* Conductivity SN = 3860
* Number of Bytes Per Scan = 41
* Number of Voltage Words = 4
* Number of Scans Averaged by the Deck Unit = 1
* NMEA Latitude = 23 05.26 N
* NMEA Longitude = 086 16.38 W
* NMEA UTC (Time) = Oct 14 2021  17:43:34
* NMEA baud rate = 4800
# nquan = 28
# nvalues = 490                         
# units = specified
# name 0 = scan: Scan Count
# name 1 = timeS: Time, Elapsed [seconds]
# name 2 = depSM: Depth [salt water, m]
# name 3 = prDM: Pressure, Digiquartz [db]
# name 4 = t090C: Temperature [ITS-90, deg C]
# name 5 = t190C: Temperature, 2 [ITS-90, deg C]
# name 6 = c0S/m: Conductivity [S/m]
# name 7 = c1S/m: Conductivity, 2 [S/m]
# name 8 = sbeox0V: Oxygen raw, SBE 43 [V]
# name 9 = sbeox1V: Oxygen raw, SBE 43, 2 [V]
# name 10 = altM: Altimeter [m]
# name 11 = latitude: Latitude [deg]
# name 12 = longitude: Longitude [deg]
# name 13 = sbox0dV/dT: Oxygen, SBE 43 [dov/dt]
# name 14 = sbox1dV/dT: Oxygen, SBE 43, 2 [dov/dt]
# name 15 = sbeox0ML/L: Oxygen, SBE 43 [ml/l], WS = 5
# name 16 = sbeox1ML/L: Oxygen, SBE 43, 2 [ml/l], WS = 5
# name 17 = potemp090C: Potential Temperature [ITS-90, deg C]
# name 18 = potemp190C: Potential Temperature, 2 [ITS-90, deg C]
# name 19 = sal00: Salinity, Practical [PSU]
# name 20 = sal11: Salinity, Practical, 2 [PSU]
# name 21 = sigma-é00: Density [sigma-theta, kg/m^3]
# name 22 = sigma-é11: Density, 2 [sigma-theta, kg/m^3]
# name 23 = avgsvCM: Average Sound Velocity [Chen-Millero, m/s], minP = 20, minS = 20
# name 24 = sbox0Mm/Kg: Oxygen, SBE 43 [umol/kg], WS = 5
# name 25 = sbox1Mm/Kg: Oxygen, SBE 43, 2 [umol/kg], WS = 5
# name 26 = nbin: number of scans per bin
# name 27 = flag: flag
# span 0 =      48166,     138408       
# span 1 =   2006.857,   5766.937       
# span 2 =      0.994,   1218.646       
# span 3 =      1.000,   1230.000       
# span 4 =     4.3669,    31.4619       
# span 5 =     4.3673,    30.8405       
# span 6 =   3.339715,   6.270927       
# span 7 =   3.339780,   6.239101       
# span 8 =     1.6128,     3.2695       
# span 9 =     1.3114,     2.7759       
# span 10 =      11.49,     105.59      
# span 11 =   22.71926,   23.80460      
# span 12 =  -88.94793,  -84.89302      
# span 13 =   -0.00340,    0.01099      
# span 14 =   -0.00374,    0.00975      
# span 15 =     2.6612,     4.5613      
# span 16 =     2.6718,     4.5824      
# span 17 =     4.2674,    31.4617      
# span 18 =     4.2678,    30.8403      
# span 19 =    34.8982,    37.4115      
# span 20 =    34.8990,    37.0147      
# span 21 =    22.3753,    27.7292      
# span 22 =    22.3799,    27.7290      
# span 23 =    1483.55,    1554.42      
# span 24 =    115.708,    198.212      
# span 25 =    116.169,    199.128      
# span 26 =         30,         71      
# span 27 = 0.0000e+00, 0.0000e+00      
# interval = decibars: 1                
# start_time = Oct 14 2021 17:43:34 [NMEA time, header]
# bad_flag = -9.990e-29
*END*
[from data line 415]
     107160   4464.959    108.285    109.000    26.9440    26.9433   5.726560   5.726639     2.8440     2.3968      81.33   23.08798  -86.27287    0.00417    0.00333     4.0057     3.9913    26.9190    26.9182    36.5117    36.5129    23.8829    23.8841    1507.66    174.720    174.092         47 0.0000e+00
     107224   4467.627    107.292    108.000    26.9917    27.0252   5.730719   5.733443     2.8502     2.4060      99.87   23.08798  -86.27287    0.00248    0.00395     4.0140     4.0066    26.9679    27.0003    36.5037    36.4985    23.8612    23.8469    1507.66    175.087    174.767         44 0.0000e+00
     107270   4469.555    106.298    107.000    27.0232    27.0383   5.732976   5.734414     2.8563     2.4124     100.00   23.08798  -86.27287    0.00297    0.00302     4.0226     4.0170    26.9986    27.0136    36.4962    36.4946    23.8457    23.8396    1507.66    175.465    175.222         50 0.0000e+00
     107227   4467.736    104.312    105.000    27.0770    27.1270   5.728855   5.733589     2.8759     2.4336      99.81   23.04297  -86.10466    0.00535    0.00458     4.0545     4.0535    27.0527    27.1027    36.4168    36.3874    23.7608    23.7204    1504.72    176.865    176.827         35 0.0000e+00
     107567   4481.901    103.319    104.000    27.2083    27.2454   5.746662   5.750118     2.8902     2.4486     100.00   23.08798  -86.27287    0.00260    0.00294     4.0725     4.0781    27.1842    27.2212    36.4502    36.4460    23.7512    23.7362    1507.66    177.660    177.904         64 0.0000e+00
     107464   4477.640    101.332    102.000    27.1854    27.1968   5.736168   5.737387     2.8929     2.4463      99.76   23.03036  -86.05756    0.00151    0.00064     4.0770     4.0735    27.1617    27.1731    36.3519    36.3519    23.6719    23.6682    1503.90    177.858    177.706         31 0.0000e+00
     110372   4598.773     98.353     99.000    27.6501    27.6314   5.788415   5.786555     2.9697     2.5100     100.08   23.11779  -86.38395    0.00212    0.00193     4.1877     4.1770    27.6269    27.6082    36.4211    36.4039    23.5916    23.5820    1509.60    182.716    182.248         41 0.0000e+00
     110285   4595.175     97.359     98.000    27.6854    27.6716   5.787030   5.785922     2.9803     2.5199     100.00   23.08806  -86.27284    0.00491    0.00486     4.2029     4.1943    27.6624    27.6486    36.3661    36.3707    23.5329    23.5408    1507.66    183.386    183.010         69 0.0000e+00
     110344   4597.644     96.366     97.000    27.8061    27.7925   5.796232   5.795211     3.0027     2.5350      76.82   23.08806  -86.27284    0.00812    0.00613     4.2374     4.2177    27.7833    27.7697    36.3398    36.3431    23.4736    23.4806    1507.66    184.903    184.040         45 0.0000e+00
     110396   4599.797     95.373     96.000    27.8548    27.7908   5.801235   5.795558     3.0149     2.5455     102.00   23.08804  -86.27284    0.00807    0.00567     4.2557     4.2387    27.8321    27.7682    36.3379    36.3472    23.4562    23.4841    1507.66    185.705    184.959         40 0.0000e+00
     110474   4603.057     94.380     95.000    27.8863    27.8812   5.804080   5.803911     3.0254     2.5556     100.00   23.08804  -86.27284    0.00364    0.00276     4.2724     4.2530    27.8673    27.8588    36.3313    36.3367    23.4397    23.4465    1507.66    186.433    185.587         47 0.0000e+00
     110523   4605.069     93.386     94.000    27.9102    27.8873   5.806224   5.804463     3.0280     2.5602     100.00   23.08805  -86.27284    0.00119    0.00332     4.2751     4.2615    27.8883    27.8651    36.3307    36.3361    23.4324    23.4441    1507.66    186.553    185.960         53 0.0000e+00
     110592   4607.956     92.393     93.000    27.9638    27.9111   5.811088   5.806169     3.0368     2.5656     100.00   23.08806  -86.27283    0.00308    0.00150     4.2879     4.2689    27.9418    27.8892    36.3259    36.3304    23.4112    23.4321    1507.66    187.117    186.288         70 0.0000e+00
     110656   4610.605     91.400     92.000    28.0052    28.0356   5.815347   5.818776     3.0465     2.5767      96.29   23.08804  -86.27282    0.00369    0.00334     4.3012     4.2841    27.9834    28.0138    36.3225    36.3232    23.3950    23.3856    1507.66    187.701    186.957         62 0.0000e+00
     110735   4613.917     90.407     91.000    28.0838    28.1110   5.822736   5.825474     3.0600     2.5904     100.28   23.08804  -86.27282    0.00301    0.00517     4.3174     4.3064    28.0622    28.0894    36.3124    36.3126    23.3615    23.3527    1507.66    188.411    187.934         34 0.0000e+00
     110836   4618.130     89.414     90.000    28.1889    28.2106   5.832542   5.835449     3.0772     2.6059     100.00   23.08805  -86.27282    0.00439    0.00263     4.3437     4.3306    28.1675    28.1892    36.3027    36.3064    23.3196    23.3151    1507.66    189.568    188.997         46 0.0000e+00
     111456   4643.939     86.434     87.000    28.5532    28.5412   5.874791   5.874377     3.1042     2.6266     100.15   23.12489  -86.41043    0.00050    0.00030     4.3648     4.3490    28.5324    28.5204    36.3472    36.3433    23.2409    23.2409    1510.06    190.512    189.822         31 0.0000e+00
     111389   4641.156     85.440     86.000    28.5437    28.5505   5.869064   5.870134     3.1016     2.6248     100.00   23.08806  -86.27282    0.00133    0.00093     4.3591     4.3431    28.5231    28.5298    36.2885    36.2897    23.1912    23.1899    1507.66    190.264    189.568         59 0.0000e+00
     113245   4718.508     82.460     83.000    28.6626    28.6202   5.880052   5.875181     3.1129     2.6326      99.92   23.07045  -86.20678   -0.00032   -0.00010     4.3696     4.3519    28.6434    28.6002    36.2632    36.2594    23.1289    23.1395    1506.51    190.731    189.955         48 0.0000e+00
     113456   4727.296     81.467     82.000    28.6898    28.6747   5.884417   5.883044     3.1189     2.6328      99.91   23.08812  -86.27280    0.00089   -0.00004     4.3775     4.3484    28.6701    28.6550    36.2846    36.2860    23.1393    23.1454    1507.66    191.076    189.805         53 0.0000e+00
     113558   4731.538     80.474     81.000    28.7097    28.6918   5.886257   5.884763     3.1190     2.6399     100.00   23.08812  -86.27280   -0.00045    0.00246     4.3755     4.3610    28.6902    28.6723    36.2820    36.2852    23.1307    23.1391    1507.66    190.994    190.356         37 0.0000e+00
     113645   4735.158     79.480     80.000    28.7248    28.7027   5.887747   5.885690     3.1255     2.6390     100.00   23.08812  -86.27279    0.00127    0.00028     4.3846     4.3578    28.7055    28.6834    36.2810    36.2837    23.1248    23.1342    1507.66    191.391    190.220         30 0.0000e+00
     113743   4739.238     78.487     79.000    28.8150    28.7158   5.896817   5.886923     3.1295     2.6394      93.80   23.08812  -86.27278    0.00128    0.00013     4.3859     4.3573    28.7960    28.6968    36.2757    36.2825    23.0906    23.1289    1507.66    191.453    190.199         36 0.0000e+00
     113835   4743.086     77.494     78.000    28.8407    28.7876   5.899645   5.894048     3.1332     2.6497     101.20   23.08812  -86.27278    0.00075    0.00134     4.3899     4.3726    28.8218    28.7688    36.2760    36.2780    23.0823    23.1015    1507.66    191.629    190.871         47 0.0000e+00
     113942   4747.522     75.507     76.000    28.8883    28.8419   5.902932   5.898279     3.1371     2.6536      99.94   23.07284  -86.21567   -0.00031    0.00060     4.3918     4.3744    28.8699    28.8235    36.2517    36.2543    23.0443    23.0617    1506.66    191.717    190.955         43 0.0000e+00
     114125   4755.177     74.514     75.000    28.9875    28.8984   5.915360   5.905931     3.1452     2.6558     100.00   23.08812  -86.27278    0.00112   -0.00059     4.3987     4.3751    28.9693    28.8803    36.2736    36.2766    23.0310    23.0631    1507.66    192.025    190.986         48 0.0000e+00
     114218   4759.054     73.520     74.000    29.0019    28.9422   5.916707   5.910465     3.1487     2.6593     100.00   23.08812  -86.27278    0.00099    0.00056     4.4036     4.3787    28.9840    28.9242    36.2728    36.2750    23.0255    23.0472    1507.66    192.239    191.148         49 0.0000e+00
     114566   4773.561     71.534     72.000    29.1167    29.0455   5.931791   5.924157     3.1610     2.6699     100.13   23.11700  -86.38071    0.00092    0.00081     4.4182     4.3928    29.0992    29.0280    36.3141    36.3121    23.0247    23.0461    1509.55    192.881    191.769         46 0.0000e+00
     116036   4834.812     69.547     70.000    29.2304    29.2284   5.944069   5.943982     3.1628     2.6736     100.10   23.11218  -86.36266    0.00039    0.00000     4.4102     4.3860    29.2133    29.2113    36.3078    36.3088    22.9804    22.9818    1509.23    192.541    191.483         36 0.0000e+00
     116056   4835.627     68.554     69.000    29.2041    29.2035   5.938321   5.938409     3.1608     2.6707      97.91   23.08813  -86.27275    0.00037   -0.00027     4.4072     4.3802    29.1873    29.1866    36.2702    36.2713    22.9552    22.9562    1507.66    192.411    191.229         43 0.0000e+00
     116169   4840.332     67.561     68.000    29.2240    29.2051   5.940500   5.938545     3.1586     2.6738      99.63   23.08814  -86.27274   -0.00025    0.00066     4.4012     4.3858    29.2074    29.1885    36.2705    36.2713    22.9486    22.9556    1507.66    192.148    191.474         33 0.0000e+00
     116249   4843.686     66.567     67.000    29.2234    29.2223   5.940604   5.940466     3.1578     2.6708      73.94   23.08814  -86.27274   -0.00018   -0.00036     4.3993     4.3780    29.2070    29.2059    36.2719    36.2718    22.9498    22.9501    1507.66    192.064    191.136         43 0.0000e+00
     116362   4848.362     65.573     66.000    29.2863    29.2382   5.946801   5.942197     3.1685     2.6782      99.42   23.08815  -86.27274    0.00247    0.00137     4.4133     4.3912    29.2702    29.2221    36.2673    36.2717    22.9250    22.9446    1507.66    192.681    191.711         48 0.0000e+00
     116395   4849.755     62.594     63.000    29.2977    29.2399   5.940787   5.936043     3.1708     2.6761      99.79   23.03981  -86.09214    0.00032    0.00010     4.4146     4.3830    29.2822    29.2245    36.1947    36.1926    22.8560    22.8726    1504.50    192.741    191.359         45 0.0000e+00
     116738   4864.051     61.600     62.000    29.3808    29.3575   5.956011   5.953631     3.1807     2.6893     100.00   23.08814  -86.27275    0.00067    0.00186     4.4260     4.4030    29.3656    29.3423    36.2604    36.2616    22.8876    22.8964    1507.66    193.242    192.234         51 0.0000e+00
     116853   4868.823     60.607     61.000    29.4090    29.3878   5.958904   5.956839     3.1861     2.6917     100.00   23.08814  -86.27275    0.00122    0.00023     4.4329     4.4051    29.3940    29.3728    36.2593    36.2611    22.8771    22.8856    1507.66    193.548    192.329         53 0.0000e+00
     116937   4872.314     59.613     60.000    29.4283    29.3976   5.960800   5.957783     3.1887     2.6947     100.00   23.08815  -86.27276    0.00020    0.00042     4.4349     4.4098    29.4136    29.3829    36.2574    36.2604    22.8691    22.8818    1507.66    193.635    192.536         32 0.0000e+00
     117033   4876.316     58.620     59.000    29.4456    29.4120   5.962492   5.959225     3.1900     2.6964      99.88   23.08816  -86.27276    0.00028    0.00135     4.4363     4.4116    29.4312    29.3975    36.2568    36.2598    22.8627    22.8763    1507.66    193.695    192.617         52 0.0000e+00
     117146   4881.043     57.626     58.000    29.4652    29.4410   5.964377   5.962045     3.1898     2.6981      98.38   23.08816  -86.27276   -0.00053    0.00066     4.4339     4.4124    29.4509    29.4268    36.2553    36.2576    22.8549    22.8647    1507.66    193.593    192.655         40 0.0000e+00
     117280   4886.619     55.640     56.000    29.5405    29.4351   5.971512   5.960084     3.1919     2.6994      98.46   23.07800  -86.23477    0.00020   -0.00022     4.4292     4.4139    29.5270    29.4214    36.2408    36.2414    22.8158    22.8519    1507.00    193.393    192.721         67 0.0000e+00
     117943   4914.262     54.646     55.000    29.7157    29.7061   5.994011   5.992621     3.1617     2.6729      97.94   23.08817  -86.27273    0.00012   -0.00269     4.3657     4.3421    29.7021    29.6925    36.2671    36.2674    22.7783    22.7818    1507.66    190.631    189.597         40 0.0000e+00
     119130   4963.715     53.653     54.000    29.7731    29.7719   6.000199   6.000284     3.1533     2.6653      79.49   23.08820  -86.27272    0.00075   -0.00037     4.3416     4.3210    29.7598    29.7586    36.2704    36.2713    22.7612    22.7622    1507.66    189.580    188.681         43 0.0000e+00
     119049   4960.313     52.659     53.000    29.7657    29.7621   5.999417   5.999098     3.1568     2.6680     100.00   23.08818  -86.27272    0.00089    0.00043     4.3486     4.3267    29.7526    29.7490    36.2702    36.2708    22.7635    22.7651    1507.66    189.887    188.928         52 0.0000e+00
     119246   4968.558     50.672     51.000    29.7793    29.7772   6.001658   6.001566     3.1553     2.6650     100.02   23.09376  -86.29350   -0.00012   -0.00022     4.3442     4.3188    29.7666    29.7646    36.2802    36.2807    22.7675    22.7686    1508.02    189.694    188.586         70 0.0000e+00
     119296   4970.635     49.679     50.000    29.7738    29.7743   6.000485   6.000573     3.1531     2.6672     100.00   23.08820  -86.27272    0.00023    0.00120     4.3399     4.3226    29.7614    29.7619    36.2720    36.2726    22.7618    22.7621    1507.66    189.507    188.750         44 0.0000e+00
     119397   4974.842     48.685     49.000    29.7766    29.7758   6.000738   6.000773     3.1549     2.6662      86.20   23.08820  -86.27272    0.00048    0.00021     4.3424     4.3199    29.7645    29.7637    36.2722    36.2730    22.7609    22.7618    1507.66    189.614    188.634         54 0.0000e+00
     119471   4977.909     47.692     48.000    29.7766    29.7778   6.000710   6.000979     3.1542     2.6683     105.59   23.08822  -86.27272   -0.00059    0.00038     4.3406     4.3234    29.7647    29.7659    36.2723    36.2733    22.7609    22.7612    1507.66    189.539    188.787         32 0.0000e+00
     119572   4982.107     46.699     47.000    29.7776    29.7777   6.000751   6.000907     3.1538     2.6683     100.00   23.08822  -86.27270   -0.00058    0.00059     4.3392     4.3229    29.7660    29.7661    36.2721    36.2731    22.7603    22.7611    1507.66    189.477    188.763         61 0.0000e+00
     119744   4989.286     44.712     45.000    29.7299    29.7306   5.990974   5.991207     3.1516     2.6619      99.85   23.05075  -86.13266    0.00017   -0.00066     4.3364     4.3108    29.7188    29.7195    36.2131    36.2142    22.7229    22.7235    1505.21    189.355    188.234         38 0.0000e+00
     122225   5092.686     40.738     41.000    29.9504    29.9509   6.035155   6.035343     3.1736     2.6839      73.29   23.22102  -86.76876    0.00021   -0.00011     4.3639     4.3449    29.9403    29.9407    36.4807    36.4816    22.8901    22.8907    1516.33    190.554    189.727         37 0.0000e+00
     121610   5067.037     39.744     40.000    29.7794    29.7792   6.000655   6.000765     3.1574     2.6691     100.32   23.08826  -86.27268   -0.00078   -0.00029     4.3419     4.3209    29.7695    29.7693    36.2722    36.2731    22.7591    22.7599    1507.66    189.594    188.678         30 0.0000e+00
