GOMECC/GOMECC-4/1db/urb2103_1201.cnv
* Sea-Bird SBE 9 Data File:
* FileName = C:\Users\scs.user.rb\CTD\GOMECC4\data\rb2103_1201.hex
* Software Version Seasave V 7.26.7.107
* Temperature SN = 4799
* Conductivity SN = 3860
* Number of Bytes Per Scan = 41
* Number of Voltage Words = 4
* Number of Scans Averaged by the Deck Unit = 1
* NMEA Latitude = 21 40.66 N
* NMEA Longitude = 085 53.83 W
* NMEA UTC (Time) = Oct 16 2021  08:41:52
* NMEA baud rate = 4800
# nquan = 28
# nvalues = 213                         
# units = specified
# name 0 = scan: Scan Count
# name 1 = timeS: Time, Elapsed [seconds]
# name 2 = depSM: Depth [salt water, m]
# name 3 = prDM: Pressure, Digiquartz [db]
# name 4 = t090C: Temperature [ITS-90, deg C]
# name 5 = t190C: Temperature, 2 [ITS-90, deg C]
# name 6 = c0S/m: Conductivity [S/m]
# name 7 = c1S/m: Conductivity, 2 [S/m]
# name 8 = sbeox0V: Oxygen raw, SBE 43 [V]
# name 9 = sbeox1V: Oxygen raw, SBE 43, 2 [V]
# name 10 = altM: Altimeter [m]
# name 11 = latitude: Latitude [deg]
# name 12 = longitude: Longitude [deg]
# name 13 = sbox0dV/dT: Oxygen, SBE 43 [dov/dt]
# name 14 = sbox1dV/dT: Oxygen, SBE 43, 2 [dov/dt]
# name 15 = sbeox0ML/L: Oxygen, SBE 43 [ml/l], WS = 5
# name 16 = sbeox1ML/L: Oxygen, SBE 43, 2 [ml/l], WS = 5
# name 17 = potemp090C: Potential Temperature [ITS-90, deg C]
# name 18 = potemp190C: Potential Temperature, 2 [ITS-90, deg C]
# name 19 = sal00: Salinity, Practical [PSU]
# name 20 = sal11: Salinity, Practical, 2 [PSU]
# name 21 = sigma-é00: Density [sigma-theta, kg/m^3]
# name 22 = sigma-é11: Density, 2 [sigma-theta, kg/m^3]
# name 23 = avgsvCM: Average Sound Velocity [Chen-Millero, m/s], minP = 20, minS = 20
# name 24 = sbox0Mm/Kg: Oxygen, SBE 43 [umol/kg], WS = 5
# name 25 = sbox1Mm/Kg: Oxygen, SBE 43, 2 [umol/kg], WS = 5
# name 26 = nbin: number of scans per bin
# name 27 = flag: flag
# span 0 =      64104,     160109       
# span 1 =   2670.977,   6671.181       
# span 2 =      0.994,   1930.864       
# span 3 =      1.000,   1952.000       
# span 4 =     4.1808,    31.1499       
# span 5 =     4.1816,    31.0295       
# span 6 =   3.348682,   6.244950       
# span 7 =   3.348670,   6.245153       
# span 8 =     1.6292,     3.2810       
# span 9 =     1.3261,     2.7695       
# span 10 =      10.66,     104.84      
# span 11 =   20.90421,   22.47439      
# span 12 =  -89.00740,  -82.79030      
# span 13 =   -0.00420,    0.00847      
# span 14 =   -0.00109,    0.00776      
# span 15 =     2.6735,     5.2643      
# span 16 =     2.6836,     5.2770      
# span 17 =     4.0153,    31.1496      
# span 18 =     4.0161,    31.0292      
# span 19 =    34.9012,    37.5615      
# span 20 =    34.9005,    37.4168      
# span 21 =    21.8173,    27.7735      
# span 22 =    21.8168,    27.7727      
# span 23 =    1447.43,    1556.12      
# span 24 =    116.240,    228.750      
# span 25 =    116.682,    229.302      
# span 26 =         30,         72      
# span 27 = 0.0000e+00, 0.0000e+00      
# interval = decibars: 1                
# start_time = Oct 16 2021 08:41:52 [NMEA time, header]
# bad_flag = -9.990e-29
*END*
      64104   2670.977   1930.864   1952.000     4.1808     4.1816   3.354953   3.354950     2.0367     1.7034      10.66   21.68398  -85.89966   -0.00002    0.00004     5.2633     5.2741     4.0153     4.0161    34.9860    34.9851    27.7735    27.7727    1501.79    228.705    229.176         43 0.0000e+00
      64155   2673.095   1929.879   1951.000     4.1809     4.1817   3.354921   3.354922     2.0371     1.7040      11.62   21.68398  -85.89966    0.00005    0.00012     5.2639     5.2759     4.0155     4.0163    34.9860    34.9851    27.7735    27.7727    1501.79    228.733    229.254         53 0.0000e+00
      64206   2675.192   1928.894   1950.000     4.1809     4.1817   3.354879   3.354875     2.0373     1.7044      12.54   21.68398  -85.89966    0.00021    0.00034     5.2643     5.2770     4.0156     4.0164    34.9860    34.9851    27.7734    27.7727    1501.79    228.750    229.302         44 0.0000e+00
      64244   2676.788   1927.910   1949.000     4.1812     4.1819   3.354855   3.354849     2.0374     1.7041      13.45   21.68398  -85.89966    0.00006    0.00002     5.2639     5.2750     4.0160     4.0167    34.9859    34.9850    27.7733    27.7725    1501.79    228.733    229.216         35 0.0000e+00
      64277   2678.180   1926.925   1948.000     4.1816     4.1822   3.354846   3.354834     2.0375     1.7043      14.30   21.68398  -85.89966    0.00003   -0.00008     5.2635     5.2750     4.0165     4.0171    34.9858    34.9850    27.7732    27.7725    1501.79    228.714    229.215         31 0.0000e+00
      64822   2700.865   1906.246   1927.000     4.1970     4.1975   3.355238   3.355202     2.0312     1.6964      34.87   21.68392  -85.89934   -0.00079   -0.00090     5.2216     5.2241     4.0338     4.0343    34.9841    34.9832    27.7700    27.7692    1501.78    226.898    227.004         31 0.0000e+00
      68554   2856.356   1760.453   1779.000     4.2683     4.2691   3.354733   3.354732     1.9529     1.6263     100.00   21.68374  -85.89798    0.00015    0.00029     4.8070     4.8184     4.1186     4.1193    34.9738    34.9731    27.7529    27.7522    1501.76    208.883    209.379         33 0.0000e+00
      69012   2875.454   1757.496   1776.000     4.2689     4.2697   3.354687   3.354687     1.9532     1.6260      99.67   21.68400  -85.89898    0.00006   -0.00003     4.8062     4.8154     4.1194     4.1202    34.9741    34.9733    27.7531    27.7523    1501.78    208.847    209.250         60 0.0000e+00
      72429   3017.837   1755.526   1774.000     4.2701     4.2709   3.355156   3.355160     1.9532     1.6266     100.01   21.68748  -85.91224   -0.00004    0.00001     4.8041     4.8162     4.1208     4.1217    34.9795    34.9787    27.7573    27.7565    1502.01    208.759    209.283         35 0.0000e+00
      72489   3020.340   1754.540   1773.000     4.2696     4.2703   3.354644   3.354633     1.9533     1.6264      98.73   21.68432  -85.89970    0.00005    0.00000     4.8044     4.8152     4.1205     4.1211    34.9743    34.9735    27.7531    27.7524    1501.79    208.770    209.238         42 0.0000e+00
      72571   3023.769   1753.554   1772.000     4.2697     4.2704   3.354619   3.354606     1.9533     1.6264      99.96   21.68432  -85.89970    0.00004   -0.00001     4.8039     4.8143     4.1207     4.1213    34.9744    34.9735    27.7531    27.7524    1501.79    208.749    209.199         70 0.0000e+00
      72642   3026.696   1752.569   1771.000     4.2698     4.2704   3.354573   3.354557     1.9534     1.6263     100.00   21.68434  -85.89970    0.00003   -0.00003     4.8036     4.8134     4.1208     4.1214    34.9742    34.9734    27.7530    27.7523    1501.79    208.734    209.163         59 0.0000e+00
      72705   3029.334   1751.583   1770.000     4.2694     4.2703   3.354508   3.354502     1.9533     1.6264     100.00   21.68434  -85.89969   -0.00003    0.00004     4.8027     4.8133     4.1206     4.1214    34.9744    34.9734    27.7531    27.7523    1501.79    208.695    209.155         68 0.0000e+00
      72761   3031.653   1750.598   1769.000     4.2697     4.2704   3.354487   3.354474     1.9532     1.6265     100.00   21.68434  -85.89968   -0.00002    0.00002     4.8016     4.8131     4.1209     4.1216    34.9743    34.9735    27.7530    27.7523    1501.79    208.650    209.149         44 0.0000e+00
      72804   3033.445   1749.612   1768.000     4.2694     4.2701   3.354412   3.354408     1.9534     1.6265     100.00   21.68434  -85.89968    0.00002    0.00005     4.8019     4.8125     4.1207     4.1214    34.9742    34.9734    27.7530    27.7523    1501.79    208.663    209.122         46 0.0000e+00
      72853   3035.483   1748.627   1767.000     4.2694     4.2702   3.354372   3.354372     1.9536     1.6264     100.00   21.68436  -85.89968    0.00009   -0.00005     4.8017     4.8114     4.1208     4.1216    34.9742    34.9734    27.7530    27.7522    1501.79    208.654    209.075         48 0.0000e+00
      72895   3037.235   1747.642   1766.000     4.2694     4.2701   3.354336   3.354316     1.9536     1.6265     100.00   21.68436  -85.89968    0.00004   -0.00003     4.8012     4.8110     4.1209     4.1216    34.9743    34.9734    27.7531    27.7522    1501.79    208.630    209.056         38 0.0000e+00
      72931   3038.769   1746.656   1765.000     4.2693     4.2700   3.354277   3.354274     1.9536     1.6265     100.00   21.68436  -85.89968    0.00001    0.00003     4.8007     4.8105     4.1209     4.1216    34.9742    34.9734    27.7529    27.7522    1501.79    208.608    209.036         36 0.0000e+00
      72968   3040.293   1745.671   1764.000     4.2692     4.2700   3.354232   3.354227     1.9537     1.6268     100.00   21.68436  -85.89968    0.00003    0.00010     4.8004     4.8113     4.1209     4.1217    34.9743    34.9734    27.7530    27.7522    1501.79    208.596    209.071         36 0.0000e+00
      73001   3041.660   1744.685   1763.000     4.2691     4.2699   3.354182   3.354176     1.9536     1.6273     100.00   21.68436  -85.89968    0.00001    0.00021     4.7995     4.8127     4.1209     4.1217    34.9743    34.9734    27.7530    27.7522    1501.79    208.556    209.132         30 0.0000e+00
      73031   3042.916   1743.700   1762.000     4.2690     4.2698   3.354139   3.354133     1.9538     1.6274     100.00   21.68436  -85.89968    0.00002    0.00021     4.7995     4.8123     4.1209     4.1217    34.9743    34.9734    27.7530    27.7522    1501.79    208.556    209.115         31 0.0000e+00
      73063   3044.249   1742.714   1761.000     4.2689     4.2697   3.354093   3.354083     1.9537     1.6276      65.23   21.68436  -85.89969    0.00002    0.00018     4.7988     4.8127     4.1209     4.1217    34.9744    34.9734    27.7531    27.7522    1501.79    208.526    209.130         34 0.0000e+00
      73098   3045.698   1741.728   1760.000     4.2689     4.2697   3.354041   3.354033     1.9539     1.6275     100.25   21.68436  -85.89970    0.00005    0.00011     4.7986     4.8118     4.1210     4.1218    34.9743    34.9733    27.7530    27.7522    1501.79    208.520    209.091         34 0.0000e+00
      73130   3047.037   1740.743   1759.000     4.2689     4.2697   3.353995   3.353988     1.9545     1.6276     100.00   21.68436  -85.89970    0.00017    0.00001     4.8006     4.8113     4.1210     4.1218    34.9742    34.9733    27.7530    27.7521    1501.79    208.605    209.070         30 0.0000e+00
      73187   3049.424   1738.772   1757.000     4.2687     4.2695   3.353912   3.353903     1.9547     1.6275      99.73   21.68441  -85.89990    0.00025   -0.00002     4.8002     4.8099     4.1211     4.1218    34.9744    34.9735    27.7531    27.7523    1501.79    208.587    209.010         31 0.0000e+00
      73218   3050.708   1737.786   1756.000     4.2687     4.2694   3.353861   3.353847     1.9548     1.6277      97.53   21.68436  -85.89970    0.00009    0.00002     4.7997     4.8099     4.1211     4.1219    34.9743    34.9734    27.7530    27.7522    1501.79    208.566    209.009         31 0.0000e+00
      79423   3309.256   1490.272   1505.000     4.3367     4.3374   3.349284   3.349281     1.9786     1.6496     100.00   21.68468  -85.90007   -0.00004   -0.00003     4.7264     4.7360     4.2122     4.2129    34.9706    34.9699    27.7403    27.7397    1501.79    205.382    205.802         40 0.0000e+00
      79502   3312.523   1489.286   1504.000     4.3363     4.3370   3.349199   3.349190     1.9783     1.6496     100.00   21.68461  -85.89978   -0.00020    0.00001     4.7247     4.7356     4.2119     4.2126    34.9706    34.9698    27.7403    27.7396    1501.79    205.311    205.783         51 0.0000e+00
      79732   3322.126   1487.312   1502.000     4.3373     4.3377   3.349055   3.349027     1.9788     1.6498     100.00   21.68359  -85.89569   -0.00001    0.00004     4.7255     4.7350     4.2131     4.2135    34.9688    34.9680    27.7387    27.7381    1501.72    205.345    205.756         34 0.0000e+00
      79884   3328.449   1486.325   1501.000     4.3388     4.3393   3.349282   3.349260     1.9783     1.6498     100.00   21.68462  -85.89978   -0.00006 -6.730e-07     4.7227     4.7343     4.2147     4.2152    34.9703    34.9696    27.7398    27.7392    1501.79    205.222    205.727         31 0.0000e+00
      81208   3383.617   1485.339   1500.000     4.3387     4.3393   3.349224   3.349206     1.9779     1.6494     100.00   21.68467  -85.89979   -0.00002   -0.00014     4.7204     4.7322     4.2147     4.2152    34.9703    34.9695    27.7398    27.7391    1501.79    205.122    205.635         39 0.0000e+00
      81797   3408.168   1484.352   1499.000     4.3383     4.3392   3.349154   3.349151     1.9782     1.6499     100.00   21.68470  -85.89980    0.00004   -0.00001     4.7211     4.7333     4.2144     4.2152    34.9703    34.9694    27.7399    27.7391    1501.79    205.155    205.682         64 0.0000e+00
      81868   3411.122   1483.365   1498.000     4.3386     4.3392   3.349121   3.349120     1.9782     1.6496     100.00   21.68470  -85.89980   -0.00002   -0.00004     4.7204     4.7318     4.2147     4.2154    34.9702    34.9695    27.7397    27.7391    1501.79    205.123    205.618         66 0.0000e+00
      81921   3413.315   1482.378   1497.000     4.3387     4.3392   3.349086   3.349065     1.9783     1.6496     100.00   21.68472  -85.89980    0.00001   -0.00007     4.7202     4.7308     4.2149     4.2154    34.9702    34.9694    27.7397    27.7390    1501.79    205.114    205.577         39 0.0000e+00
      82037   3418.163   1478.431   1493.000     4.3391     4.3399   3.348970   3.348970     1.9790     1.6496      97.66   21.68483  -85.90023    0.00010    0.00006     4.7201     4.7285     4.2157     4.2165    34.9703    34.9695    27.7397    27.7390    1501.80    205.112    205.474         30 0.0000e+00
      82266   3427.713   1469.551   1484.000     4.3409     4.3416   3.348782   3.348780     1.9792     1.6492      98.15   21.68514  -85.90148    0.00004   -0.00018     4.7151     4.7211     4.2183     4.2191    34.9706    34.9699    27.7397    27.7390    1501.82    204.892    205.154         30 0.0000e+00
      82295   3428.928   1468.564   1483.000     4.3410     4.3416   3.348682   3.348670     1.9789     1.6497     100.02   21.68472  -85.89980    0.00003    0.00000     4.7137     4.7224     4.2185     4.2192    34.9698    34.9690    27.7390    27.7383    1501.79    204.830    205.211         31 0.0000e+00
      87448   3643.608   1266.174   1278.000     4.4675     4.4686   3.350821   3.350879     1.9847     1.6555     100.00   21.68410  -85.89640   -0.00022   -0.00004     4.5946     4.6050     4.3626     4.3638    34.9628    34.9622    27.7178    27.7172    1501.73    199.659    200.113         50 0.0000e+00
      88036   3668.119   1263.211   1275.000     4.4694     4.4704   3.350681   3.350719     1.9843     1.6555      99.99   21.68287  -85.89139    0.00008    0.00007     4.5911     4.6034     4.3648     4.3658    34.9605    34.9599    27.7157    27.7151    1501.64    199.508    200.044         31 0.0000e+00
      89093   3712.157   1262.223   1274.000     4.4734     4.4736   3.351286   3.351244     1.9844     1.6558     100.00   21.68504  -85.89982    0.00004    0.00001     4.5901     4.6031     4.3689     4.3690    34.9639    34.9633    27.7180    27.7175    1501.79    199.464    200.030         51 0.0000e+00
      89124   3713.474   1261.235   1273.000     4.4730     4.4736   3.351210   3.351193     1.9842     1.6559     100.00   21.68505  -85.89982   -0.00004    0.00006     4.5891     4.6029     4.3686     4.3691    34.9640    34.9632    27.7181    27.7174    1501.79    199.420    200.023         56 0.0000e+00
      89189   3716.175   1260.248   1272.000     4.4727     4.4733   3.351145   3.351135     1.9845     1.6557      88.34   21.68506  -85.89982    0.00006   -0.00003     4.5894     4.6017     4.3684     4.3690    34.9640    34.9633    27.7182    27.7175    1501.79    199.436    199.971         67 0.0000e+00
      89257   3719.020   1259.260   1271.000     4.4728     4.4734   3.351113   3.351094     1.9848     1.6558      95.49   21.68506  -85.89982    0.00008    0.00001     4.5899     4.6014     4.3686     4.3691    34.9640    34.9632    27.7181    27.7175    1501.79    199.455    199.958         64 0.0000e+00
      89316   3721.459   1258.272   1270.000     4.4729     4.4733   3.351069   3.351038     1.9851     1.6559      99.81   21.68506  -85.89982    0.00018    0.00002     4.5905     4.6014     4.3687     4.3691    34.9640    34.9632    27.7181    27.7174    1501.79    199.485    199.956         60 0.0000e+00
      89380   3724.123   1257.284   1269.000     4.4735     4.4736   3.351078   3.351035     1.9852     1.6566     100.00   21.68506  -85.89982    0.00000    0.00023     4.5900     4.6034     4.3695     4.3695    34.9638    34.9632    27.7179    27.7174    1501.79    199.463    200.041         55 0.0000e+00
      89427   3726.070   1256.297   1268.000     4.4745     4.4746   3.351117   3.351074     1.9853     1.6566      95.78   21.68506  -85.89982    0.00006    0.00015     4.5900     4.6025     4.3705     4.3706    34.9638    34.9632    27.7178    27.7172    1501.79    199.459    200.006         51 0.0000e+00
      89485   3728.509   1255.309   1267.000     4.4749     4.4753   3.351116   3.351093     1.9855     1.6568     100.27   21.68506  -85.89982    0.00007    0.00003     4.5897     4.6029     4.3710     4.3714    34.9639    34.9632    27.7177    27.7172    1501.79    199.449    200.020         55 0.0000e+00
      89529   3730.343   1254.321   1266.000     4.4772     4.4770   3.351264   3.351191     1.9860     1.6569      99.97   21.68508  -85.89982    0.00011    0.00009     4.5906     4.6024     4.3734     4.3732    34.9637    34.9630    27.7173    27.7168    1501.79    199.488    199.998         38 0.0000e+00
      89565   3731.814   1253.333   1265.000     4.4805     4.4803   3.351518   3.351425     1.9863     1.6569     100.00   21.68508  -85.89982    0.00023    0.00002     4.5908     4.6013     4.3767     4.3765    34.9636    34.9628    27.7169    27.7163    1501.79    199.498    199.953         34 0.0000e+00
      89599   3733.262   1252.345   1264.000     4.4823     4.4828   3.351637   3.351608     1.9859     1.6569     100.00   21.68508  -85.89982    0.00010    0.00000     4.5886     4.6003     4.3786     4.3791    34.9637    34.9628    27.7168    27.7160    1501.79    199.400    199.908         36 0.0000e+00
      89636   3734.781   1251.357   1263.000     4.4832     4.4841   3.351670   3.351691     1.9856     1.6569      99.77   21.68508  -85.89982   -0.00014   -0.00001     4.5866     4.5996     4.3796     4.3805    34.9636    34.9629    27.7166    27.7159    1501.79    199.314    199.880         36 0.0000e+00
