GOMECC/GOMECC-4/1db/urb2103_0691.cnv
* Sea-Bird SBE 9 Data File:
* FileName = C:\Users\scs.user.rb\CTD\GOMECC4\data\rb2103_0691.hex
* Software Version Seasave V 7.26.7.107
* Temperature SN = 4799
* Conductivity SN = 3860
* Number of Bytes Per Scan = 41
* Number of Voltage Words = 4
* Number of Scans Averaged by the Deck Unit = 1
* NMEA Latitude = 26 03.53 N
* NMEA Longitude = 095 07.24 W
* NMEA UTC (Time) = Oct 03 2021  11:22:54
* NMEA baud rate = 4800
# nquan = 28
# nvalues = 358                         
# units = specified
# name 0 = scan: Scan Count
# name 1 = timeS: Time, Elapsed [seconds]
# name 2 = depSM: Depth [salt water, m]
# name 3 = prDM: Pressure, Digiquartz [db]
# name 4 = t090C: Temperature [ITS-90, deg C]
# name 5 = t190C: Temperature, 2 [ITS-90, deg C]
# name 6 = c0S/m: Conductivity [S/m]
# name 7 = c1S/m: Conductivity, 2 [S/m]
# name 8 = sbeox0V: Oxygen raw, SBE 43 [V]
# name 9 = sbeox1V: Oxygen raw, SBE 43, 2 [V]
# name 10 = altM: Altimeter [m]
# name 11 = latitude: Latitude [deg]
# name 12 = longitude: Longitude [deg]
# name 13 = sbox0dV/dT: Oxygen, SBE 43 [dov/dt]
# name 14 = sbox1dV/dT: Oxygen, SBE 43, 2 [dov/dt]
# name 15 = sbeox0ML/L: Oxygen, SBE 43 [ml/l], WS = 5
# name 16 = sbeox1ML/L: Oxygen, SBE 43, 2 [ml/l], WS = 5
# name 17 = potemp090C: Potential Temperature [ITS-90, deg C]
# name 18 = potemp190C: Potential Temperature, 2 [ITS-90, deg C]
# name 19 = sal00: Salinity, Practical [PSU]
# name 20 = sal11: Salinity, Practical, 2 [PSU]
# name 21 = sigma-é00: Density [sigma-theta, kg/m^3]
# name 22 = sigma-é11: Density, 2 [sigma-theta, kg/m^3]
# name 23 = avgsvCM: Average Sound Velocity [Chen-Millero, m/s], minP = 20, minS = 20
# name 24 = sbox0Mm/Kg: Oxygen, SBE 43 [umol/kg], WS = 5
# name 25 = sbox1Mm/Kg: Oxygen, SBE 43, 2 [umol/kg], WS = 5
# name 26 = nbin: number of scans per bin
# name 27 = flag: flag
# span 0 =      63473,     154871       
# span 1 =   2644.653,   6452.927       
# span 2 =      1.987,   1915.523       
# span 3 =      2.000,   1937.000       
# span 4 =     4.3167,    30.0000       
# span 5 =     4.3174,    30.0010       
# span 6 =   3.352800,   6.067061       
# span 7 =   3.352770,   6.066899       
# span 8 =     1.5699,     3.3754       
# span 9 =     1.2732,     2.8821       
# span 10 =      30.83,     102.45      
# span 11 =   26.01396,   26.57033      
# span 12 =  -96.98970,  -94.95757      
# span 13 =   -0.00827,    0.02519      
# span 14 =   -0.00978,    0.02550      
# span 15 =     2.4108,     5.0239      
# span 16 =     2.4272,     5.0279      
# span 17 =     4.1508,    29.9963      
# span 18 =     4.1515,    29.9973      
# span 19 =    34.9059,    36.9144      
# span 20 =    34.9053,    36.9125      
# span 21 =    22.6483,    27.7469      
# span 22 =    22.6479,    27.7459      
# span 23 =    1495.97,    1527.99      
# span 24 =    104.830,    219.126      
# span 25 =    105.542,    219.285      
# span 26 =         30,         74      
# span 27 = 0.0000e+00, 0.0000e+00      
# interval = decibars: 1                
# start_time = Oct 03 2021 11:22:54 [NMEA time, header]
# bad_flag = -9.990e-29
*END*
[from data line 259]
     132940   5539.135    141.028    142.000    20.0504    20.0629   4.991893   4.993014     2.0386     1.6924     100.00   26.05867  -95.12066    0.00069    0.00121     2.8400     2.8545    20.0239    20.0364    36.5495    36.5479    25.9379    25.9333    1498.54    123.626    124.260         38 0.0000e+00
     132978   5540.696    140.035    141.000    20.0814    20.0778   4.994156   4.993994     2.0438     1.6976     100.00   26.05868  -95.12066    0.00346    0.00378     2.8493     2.8657    20.0551    20.0514    36.5416    36.5434    25.9236    25.9259    1498.54    124.033    124.748         37 0.0000e+00
     133015   5542.242    139.042    140.000    20.1163    20.1186   4.997121   4.997282     2.0428     1.6969     100.00   26.05868  -95.12066    0.00239    0.00259     2.8449     2.8617    20.0901    20.0924    36.5360    36.5354    25.9100    25.9089    1498.54    123.845    124.575         38 0.0000e+00
     133058   5544.022    138.049    139.000    20.1549    20.1702   5.000535   5.001816     2.0368     1.6890      95.31   26.05868  -95.12066   -0.00139   -0.00175     2.8296     2.8400    20.1288    20.1441    36.5311    36.5283    25.8958    25.8896    1498.54    123.179    123.633         46 0.0000e+00
     133099   5545.739    137.056    138.000    20.2191    20.2378   5.006265   5.008178     2.0329     1.6864      98.67   26.05866  -95.12066   -0.00324   -0.00373     2.8171     2.8301    20.1847    20.2133    36.5300    36.5282    25.8801    25.8733    1498.54    122.640    123.205         35 0.0000e+00
     133134   5547.188    136.063    137.000    20.3194    20.3154   5.017926   5.017505     2.0387     1.6941      99.98   26.05866  -95.12066   -0.00079    0.00004     2.8237     2.8437    20.2935    20.2896    36.5320    36.5321    25.8525    25.8536    1498.54    122.929    123.798         37 0.0000e+00
     133174   5548.877    135.071    136.000    20.3455    20.3608   5.020854   5.021863     2.0466     1.7011     100.00   26.05866  -95.12066    0.00363    0.00428     2.8388     2.8574    20.3199    20.3351    36.5337    36.5288    25.8467    25.8388    1498.54    123.587    124.399         44 0.0000e+00
     133215   5550.597    134.078    135.000    20.3893    20.3879   5.024553   5.024799     2.0496     1.7016      78.25   26.05866  -95.12066    0.00376    0.00291     2.8428     2.8567    20.3638    20.3624    36.5280    36.5297    25.8305    25.8322    1498.54    123.761    124.369         36 0.0000e+00
     133249   5552.007    133.085    134.000    20.4490    20.4517   5.030058   5.030292     2.0520     1.7036      99.50   26.05866  -95.12066    0.00191    0.00076     2.8441     2.8580    20.4237    20.4263    36.5203    36.5199    25.8085    25.8075    1498.54    123.821    124.428         35 0.0000e+00
     133291   5553.753    132.092    133.000    20.4876    20.5045   5.033632   5.034829     2.0602     1.7143     100.00   26.05866  -95.12066    0.00283    0.00306     2.8593     2.8799    20.4624    20.4793    36.5165    36.5117    25.7952    25.7869    1498.54    124.486    125.383         48 0.0000e+00
     133334   5555.556    131.099    132.000    20.5062    20.5082   5.035205   5.035107     2.0658     1.7210      99.19   26.05866  -95.12066    0.00408    0.00536     2.8697     2.8953    20.4812    20.4831    36.5137    36.5112    25.7879    25.7855    1498.54    124.940    126.054         35 0.0000e+00
     133367   5556.897    130.106    131.000    20.5757    20.5746   5.040953   5.040962     2.0750     1.7270      76.09   26.05866  -95.12067    0.00396    0.00390     2.8855     2.9056    20.5508    20.5498    36.5010    36.5020    25.7595    25.7606    1498.54    125.628    126.505         34 0.0000e+00
     133408   5558.628    129.114    130.000    20.5860    20.5937   5.041391   5.041786     2.0914     1.7451      99.74   26.05866  -95.12068    0.00741    0.00632     2.9195     2.9464    20.5613    20.5690    36.4961    36.4927    25.7529    25.7482    1498.54    127.110    128.284         48 0.0000e+00
     133451   5560.399    128.121    129.000    20.5907    20.6061   5.041370   5.042318     2.1000     1.7533      35.58   26.05866  -95.12068    0.00781    0.00798     2.9371     2.9649    20.5662    20.5815    36.4922    36.4867    25.7486    25.7403    1498.54    127.879    129.088         34 0.0000e+00
     133485   5561.834    127.128    128.000    20.6481    20.6498   5.044774   5.044928     2.1074     1.7642      48.84   26.05866  -95.12068    0.00585    0.00705     2.9501     2.9884    20.6237    20.6254    36.4709    36.4707    25.7168    25.7162    1498.54    128.449    130.114         39 0.0000e+00
     133528   5563.635    126.135    127.000    20.6598    20.6738   5.045195   5.045652     2.1543     1.8123     101.53   26.05866  -95.12068    0.01531    0.01605     3.0484     3.0988    20.6356    20.6496    36.4647    36.4564    25.7088    25.6987    1498.54    132.728    134.926         43 0.0000e+00
     133566   5565.213    125.142    126.000    20.7067    20.7118   5.048040   5.048206     2.1778     1.8298     100.00   26.05866  -95.12068    0.01973    0.01879     3.0954     3.1374    20.6826    20.6878    36.4479    36.4448    25.6833    25.6795    1498.54    134.781    136.607         34 0.0000e+00
     133600   5566.605    124.149    125.000    20.7608    20.7642   5.051571   5.051665     2.1910     1.8392     100.00   26.05866  -95.12068    0.01501    0.01243     3.1202     3.1563    20.7369    20.7403    36.4305    36.4284    25.6552    25.6527    1498.54    135.864    137.433         37 0.0000e+00
     133644   5568.479    123.156    124.000    20.7710    20.7747   5.051973   5.052009     2.2092     1.8522     100.00   26.05866  -95.12068    0.01018    0.00725     3.1578     3.1856    20.7473    20.7510    36.4254    36.4225    25.6486    25.6453    1498.54    137.500    138.712         49 0.0000e+00
     133687   5570.235    122.164    123.000    20.7892    20.7883   5.051514   5.051720     2.2216     1.8626     100.00   26.05866  -95.12068    0.00863    0.00646     3.1798     3.2059    20.7657    20.7647    36.4075    36.4094    25.6299    25.6316    1498.54    138.460    139.599         35 0.0000e+00
     133720   5571.639    121.171    122.000    20.8629    20.8780   5.056022   5.057189     2.2491     1.8936     100.00   26.05866  -95.12068    0.00993    0.00967     3.2368     3.2761    20.8395    20.8546    36.3803    36.3768    25.5891    25.5822    1498.54    140.949    142.661         34 0.0000e+00
     133758   5573.218    120.177    121.000    20.9270    20.9566   5.063259   5.066208     2.2936     1.9408     100.00   26.05866  -95.12068    0.02039    0.02213     3.3262     3.3805    20.9037    20.9333    36.3844    36.3830    25.5747    25.5655    1498.54    144.845    147.211         42 0.0000e+00
     133801   5575.002    119.185    120.000    21.0123    21.0218   5.073230   5.073735     2.3302     1.9701     100.00   26.05866  -95.12068    0.02519    0.02550     3.3818     3.4372    20.9891    20.9986    36.3853    36.3806    25.5520    25.5458    1498.54    147.270    149.682         41 0.0000e+00
     133838   5576.559    118.192    119.000    21.1174    21.1196   5.083491   5.083187     2.3603     1.9935     100.00   26.05866  -95.12068    0.02048    0.01644     3.4537     3.4918    21.0944    21.0966    36.3860    36.3816    25.5236    25.5197    1498.54    150.404    152.063         36 0.0000e+00
     133878   5578.217    117.199    118.000    21.1250    21.1203   5.081830   5.080675     2.3888     2.0135     100.00   26.05866  -95.12068    0.01905    0.01438     3.5131     3.5379    21.1022    21.0975    36.3665    36.3612    25.5066    25.5038    1498.54    152.993    154.073         43 0.0000e+00
     133919   5579.904    116.206    117.000    21.1211    21.1195   5.079063   5.079156     2.4004     2.0218      67.67   26.05866  -95.12068    0.01305    0.00958     3.5382     3.5572    21.0985    21.0968    36.3491    36.3501    25.4944    25.4955    1498.54    154.085    154.914         37 0.0000e+00
     133954   5581.384    115.213    116.000    21.1278    21.1264   5.077116   5.076163     2.4148     2.0360      99.75   26.05866  -95.12068    0.00829    0.00660     3.5676     3.5898    21.1054    21.1040    36.3269    36.3204    25.4755    25.4710    1498.54    155.370    156.338         36 0.0000e+00
     133993   5583.014    114.220    115.000    21.1250    21.1290   5.073618   5.073090     2.4429     2.0676     100.00   26.05866  -95.12068    0.01148    0.01200     3.6271     3.6628    21.1027    21.1068    36.3015    36.2938    25.4569    25.4500    1498.54    157.965    159.523         43 0.0000e+00
     134037   5584.838    113.227    114.000    21.1371    21.1391   5.073623   5.073657     2.4757     2.0990      83.94   26.05866  -95.12068    0.01790    0.01890     3.6951     3.7344    21.1150    21.1171    36.2916    36.2902    25.4460    25.4444    1498.54    160.927    162.640         41 0.0000e+00
     134075   5586.399    112.234    113.000    21.1965    21.2032   5.079817   5.079887     2.4954     2.1160      81.10   26.05866  -95.12068    0.01602    0.01509     3.7263     3.7645    21.1746    21.1817    36.2913    36.2902    25.4294    25.4288    1498.54    162.289    163.952         35 0.0000e+00
     134111   5587.912    111.241    112.000    21.3758    21.4340   5.101421   5.108721     2.5270     2.1431      99.69   26.05866  -95.12068    0.01515    0.01275     3.7937     3.8275    21.3539    21.4122    36.3131    36.3223    25.3965    25.3874    1498.54    165.231    166.701         38 0.0000e+00
     134151   5589.604    110.248    111.000    21.4180    21.4741   5.107343   5.113489     2.5537     2.1708     100.00   26.05866  -95.12070    0.01847    0.01688     3.8361     3.8746    21.3964    21.4524    36.3251    36.3268    25.3938    25.3796    1498.54    167.080    168.755         41 0.0000e+00
     134190   5591.204    109.255    110.000    21.4746    21.4867   5.113307   5.114888     2.5701     2.1839     100.00   26.05866  -95.12070    0.01505    0.01548     3.8658     3.9035    21.4531    21.4652    36.3252    36.3276    25.3782    25.3767    1498.54    168.372    170.016         37 0.0000e+00
     134228   5592.803    108.262    109.000    21.4922    21.4986   5.114689   5.115074     2.5836     2.1934     100.00   26.05866  -95.12070    0.01010    0.00791     3.8923     3.9242    21.4709    21.4772    36.3217    36.3195    25.3706    25.3672    1498.54    169.531    170.919         40 0.0000e+00
     134269   5594.517    107.269    108.000    21.5270    21.5305   5.118440   5.117957     2.6010     2.2077     100.00   26.05866  -95.12070    0.00910    0.00679     3.9248     3.9534    21.5058    21.5093    36.3215    36.3152    25.3608    25.3550    1498.54    170.944    172.192         42 0.0000e+00
     134311   5596.239    106.276    107.000    21.6065    21.6755   5.126841   5.133304     2.6200     2.2239     100.00   26.05866  -95.12070    0.01043    0.00867     3.9592     3.9835    21.5855    21.6548    36.3249    36.3182    25.3412    25.3155    1498.54    172.446    173.509         40 0.0000e+00
     134348   5597.789    105.283    106.000    21.7483    21.7844   5.144122   5.148564     2.6393     2.2476     100.00   26.05866  -95.12070    0.01120    0.01083     3.9871     4.0259    21.7274    21.7634    36.3412    36.3461    25.3139    25.3076    1498.54    173.667    175.357         35 0.0000e+00
     134382   5599.213    104.290    105.000    21.8386    21.8433   5.151498   5.152355     2.6687     2.2760     100.00   26.05866  -95.12070    0.01328    0.01515     4.0410     4.0864    21.8178    21.8225    36.3241    36.3270    25.2756    25.2765    1498.54    176.022    178.002         35 0.0000e+00
     134425   5600.983    103.297    104.000    21.8209    21.8318   5.148179   5.150059     2.6984     2.2959     100.00   26.05866  -95.12070    0.01813    0.01671     4.1044     4.1325    21.8004    21.8113    36.3130    36.3187    25.2720    25.2733    1498.54    178.784    180.008         49 0.0000e+00
     134469   5602.836    102.304    103.000    21.8070    21.8108   5.145256   5.145972     2.7017     2.2968     100.00   26.05865  -95.12070    0.01064    0.00669     4.1114     4.1360    21.7866    21.7905    36.3019    36.3074    25.2674    25.2706    1498.54    179.092    180.162         37 0.0000e+00
     134504   5604.275    101.311    102.000    21.9809    21.9554   5.157433   5.154552     2.7095     2.3049     100.00   26.05864  -95.12070    0.00373    0.00186     4.1227     4.1494    21.9597    21.9364    36.2852    36.2867    25.2061    25.2234    1498.54    179.592    180.757         35 0.0000e+00
     134540   5605.789    100.318    101.000    22.0342    22.0552   5.167944   5.170525     2.7397     2.3360     100.00   26.05864  -95.12070    0.00874    0.00873     4.1716     4.2062    22.0141    22.0351    36.2915    36.2955    25.1956    25.1927    1498.54    181.723    183.231         37 0.0000e+00
     134580   5607.455     99.325    100.000    22.0678    22.0591   5.170863   5.170611     2.7679     2.3612     100.00   26.05864  -95.12070    0.01761    0.01770     4.2267     4.2627    22.0479    22.0391    36.2867    36.2921    25.1824    25.1889    1498.54    184.127    185.694         45 0.0000e+00
     134628   5609.458     98.332     99.000    22.0683    22.0683   5.170671   5.170720     2.7842     2.3718      98.36   26.05864  -95.12070    0.01339    0.01000     4.2598     4.2857    22.0486    22.0486    36.2851    36.2855    25.1810    25.1813    1498.54    185.568    186.697         43 0.0000e+00
     134663   5610.898     97.339     98.000    22.1047    22.1046   5.172726   5.172796     2.7908     2.3761     100.00   26.05864  -95.12070    0.00709    0.00451     4.2703     4.2925    22.0851    22.0851    36.2712    36.2719    25.1601    25.1606    1498.54    186.030    186.997         30 0.0000e+00
     134696   5612.279     96.346     97.000    22.1753    22.1770   5.179695   5.179923     2.8055     2.3861     100.00   26.05864  -95.12070    0.00646    0.00407     4.2962     4.3107    22.1571    22.1587    36.2665    36.2656    25.1361    25.1346    1498.54    187.162    187.798         38 0.0000e+00
     134738   5614.036     95.353     96.000    22.2032    22.2308   5.182773   5.185771     2.8235     2.4053      80.85   26.05864  -95.12070    0.00987    0.00820     4.3285     4.3480    22.1839    22.2115    36.2688    36.2693    25.1302    25.1229    1498.54    188.572    189.422         45 0.0000e+00
     134781   5615.826     94.360     95.000    22.2214    22.2283   5.185536   5.185087     2.8355     2.4173      95.33   26.05864  -95.12070    0.00901    0.00959     4.3468     4.3740    22.2024    22.2093    36.2699    36.2657    25.1259    25.1207    1498.54    189.370    190.555         37 0.0000e+00
     135773   5657.146     89.395     90.000    22.8761    22.9624   5.263503   5.272329     2.9905     2.5609     100.18   26.10611  -95.29395    0.00122    0.00091     4.6133     4.6368    22.8613    22.9440    36.3655    36.3656    25.0171    24.9933    1501.27    201.011    202.041         42 0.0000e+00
     137156   5714.772     81.450     82.000    23.3573    23.3613   5.303084   5.303049     3.0488     2.6037      95.50   26.01396  -94.95757    0.00019   -0.00043     4.6793     4.6928    23.3403    23.3443    36.2287    36.2331    24.7597    24.7624    1495.97    203.921    204.509         32 0.0000e+00
     137538   5730.689     80.457     81.000    23.4641    23.4676   5.319056   5.319280     3.0656     2.6194      72.20   26.05862  -95.12066    0.00152    0.00207     4.7042     4.7193    23.4473    23.4507    36.2893    36.2882    24.7813    24.7795    1498.54    205.009    205.667         44 0.0000e+00
