GOMECC/GOMECC-4/1db/urb2103_1361.cnv
* Sea-Bird SBE 9 Data File:
* FileName = C:\Users\scs.user.rb\CTD\GOMECC4\data\rb2103_1361.hex
* Software Version Seasave V 7.26.7.107
* Temperature SN = 4799
* Conductivity SN = 3860
* Number of Bytes Per Scan = 41
* Number of Voltage Words = 4
* Number of Scans Averaged by the Deck Unit = 1
* NMEA Latitude = 26 07.92 N
* NMEA Longitude = 084 00.17 W
* NMEA UTC (Time) = Oct 20 2021  03:44:28
* NMEA baud rate = 4800
# nquan = 28
# nvalues = 98                          
# units = specified
# name 0 = scan: Scan Count
# name 1 = timeS: Time, Elapsed [seconds]
# name 2 = depSM: Depth [salt water, m]
# name 3 = prDM: Pressure, Digiquartz [db]
# name 4 = t090C: Temperature [ITS-90, deg C]
# name 5 = t190C: Temperature, 2 [ITS-90, deg C]
# name 6 = c0S/m: Conductivity [S/m]
# name 7 = c1S/m: Conductivity, 2 [S/m]
# name 8 = sbeox0V: Oxygen raw, SBE 43 [V]
# name 9 = sbeox1V: Oxygen raw, SBE 43, 2 [V]
# name 10 = altM: Altimeter [m]
# name 11 = latitude: Latitude [deg]
# name 12 = longitude: Longitude [deg]
# name 13 = sbox0dV/dT: Oxygen, SBE 43 [dov/dt]
# name 14 = sbox1dV/dT: Oxygen, SBE 43, 2 [dov/dt]
# name 15 = sbeox0ML/L: Oxygen, SBE 43 [ml/l], WS = 5
# name 16 = sbeox1ML/L: Oxygen, SBE 43, 2 [ml/l], WS = 5
# name 17 = potemp090C: Potential Temperature [ITS-90, deg C]
# name 18 = potemp190C: Potential Temperature, 2 [ITS-90, deg C]
# name 19 = sal00: Salinity, Practical [PSU]
# name 20 = sal11: Salinity, Practical, 2 [PSU]
# name 21 = sigma-é00: Density [sigma-theta, kg/m^3]
# name 22 = sigma-é11: Density, 2 [sigma-theta, kg/m^3]
# name 23 = avgsvCM: Average Sound Velocity [Chen-Millero, m/s], minP = 20, minS = 20
# name 24 = sbox0Mm/Kg: Oxygen, SBE 43 [umol/kg], WS = 5
# name 25 = sbox1Mm/Kg: Oxygen, SBE 43, 2 [umol/kg], WS = 5
# name 26 = nbin: number of scans per bin
# name 27 = flag: flag
# span 0 =      25111,      48742       
# span 1 =   1046.254,   2030.859       
# span 2 =      0.994,    127.127       
# span 3 =      1.000,    128.000       
# span 4 =    18.3366,    28.8903       
# span 5 =    18.3395,    28.8910       
# span 6 =   4.799582,   5.831849       
# span 7 =   4.799929,   5.832052       
# span 8 =     2.0381,     3.2655       
# span 9 =     1.6879,     2.7702       
# span 10 =      10.74,     104.40      
# span 11 =   25.97862,   26.47507      
# span 12 =  -85.10253,  -83.50720      
# span 13 =   -0.00267,    0.01776      
# span 14 =   -0.00237,    0.01621      
# span 15 =     2.8951,     4.7667      
# span 16 =     2.8969,     4.7399      
# span 17 =    18.3143,    28.8889      
# span 18 =    18.3173,    28.8896      
# span 19 =    35.3362,    36.5441      
# span 20 =    35.3372,    36.5446      
# span 21 =    22.4996,    26.3388      
# span 22 =    22.5004,    26.3358      
# span 23 =    1523.28,    1552.38      
# span 24 =    125.996,    207.954      
# span 25 =    126.074,    206.775      
# span 26 =         30,         72      
# span 27 = 0.0000e+00, 0.0000e+00      
# interval = decibars: 1                
# start_time = Oct 20 2021 03:44:28 [NMEA time, header]
# bad_flag = -9.990e-29
*END*
      25111   1046.254    127.127    128.000    18.3603    18.3601   4.805944   4.806225     2.0736     1.7219      10.74   26.16645  -84.11290    0.00014   -0.00043     3.0118     3.0160    18.3379    18.3376    36.4974    36.4938    26.3388    26.3358    1534.32    131.058    131.242         30 0.0000e+00
      25168   1048.645    126.134    127.000    18.3366    18.3395   4.799582   4.799929     2.0707     1.7198      11.52   26.13210  -84.00248   -0.00010    0.00009     3.0071     3.0121    18.3143    18.3173    36.4490    36.4494    26.3038    26.3033    1532.31    130.857    131.071         36 0.0000e+00
      25256   1052.312    125.141    126.000    18.3385    18.3436   4.799677   4.800251     2.0702     1.7181      12.46   26.13210  -84.00248   -0.00020   -0.00037     3.0055     3.0075    18.3164    18.3215    36.4485    36.4489    26.3028    26.3019    1532.31    130.785    130.871         42 0.0000e+00
      25328   1055.288    124.148    125.000    18.3540    18.3650   4.801039   4.802354     2.0686     1.7164      13.35   26.13210  -84.00248   -0.00033   -0.00074     3.0006     3.0016    18.3321    18.3431    36.4467    36.4463    26.2975    26.2945    1532.31    130.574    130.617         54 0.0000e+00
      25392   1057.957    123.156    124.000    18.3634    18.3692   4.801947   4.802633     2.0621     1.7104      14.38   26.13210  -84.00248   -0.00162   -0.00172     2.9854     2.9863    18.3417    18.3474    36.4465    36.4473    26.2949    26.2941    1532.31    129.910    129.951         64 0.0000e+00
      25448   1060.309    122.163    123.000    18.3853    18.3968   4.804524   4.805881     2.0574     1.7073      15.30   26.13211  -84.00248   -0.00267   -0.00216     2.9731     2.9769    18.3637    18.3752    36.4494    36.4507    26.2916    26.2897    1532.31    129.379    129.544         55 0.0000e+00
      25502   1062.562    121.170    122.000    18.4159    18.4222   4.808091   4.808951     2.0617     1.7129      16.24   26.13212  -84.00248    0.00035    0.00134     2.9804     2.9886    18.3944    18.4007    36.4530    36.4548    26.2866    26.2864    1532.31    129.696    130.054         49 0.0000e+00
      25548   1064.463    120.177    121.000    18.4300    18.4391   4.809572   4.810707     2.0642     1.7126      17.18   26.13212  -84.00248    0.00203    0.00140     2.9847     2.9865    18.4087    18.4178    36.4535    36.4551    26.2834    26.2823    1532.31    129.883    129.961         49 0.0000e+00
      25605   1066.832    119.184    120.000    18.4465    18.4538   4.811591   4.812484     2.0600     1.7089      18.24   26.13212  -84.00248   -0.00071   -0.00129     2.9739     2.9761    18.4254    18.4326    36.4564    36.4576    26.2814    26.2805    1532.31    129.413    129.508         56 0.0000e+00
      25651   1068.747    118.191    119.000    18.4619    18.4689   4.813306   4.814179     2.0583     1.7094      19.10   26.13212  -84.00248   -0.00159   -0.00078     2.9688     2.9762    18.4410    18.4479    36.4577    36.4590    26.2785    26.2777    1532.31    129.194    129.513         43 0.0000e+00
      25703   1070.899    117.198    118.000    18.4808    18.4844   4.815443   4.815897     2.0586     1.7096      20.14   26.13212  -84.00248   -0.00026    0.00032     2.9680     2.9755    18.4601    18.4636    36.4595    36.4602    26.2750    26.2747    1532.31    129.157    129.483         58 0.0000e+00
      25756   1073.110    116.205    117.000    18.4988    18.5018   4.817415   4.817813     2.0584     1.7085      21.09   26.13212  -84.00248    0.00000   -0.00040     2.9660     2.9713    18.4781    18.4812    36.4608    36.4615    26.2714    26.2712    1532.31    129.072    129.300         48 0.0000e+00
      25804   1075.111    115.212    116.000    18.5456    18.5637   4.822473   4.824377     2.0581     1.7092      22.02   26.13212  -84.00248   -0.00001    0.00001     2.9622     2.9695    18.5251    18.5436    36.4626    36.4620    26.2609    26.2553    1532.31    128.907    129.224         48 0.0000e+00
      25851   1077.082    114.219    115.000    18.5991    18.5915   4.828189   4.827647     2.0548     1.7049      23.02   26.13212  -84.00248   -0.00085   -0.00083     2.9512     2.9567    18.5787    18.5711    36.4642    36.4663    26.2485    26.2521    1532.31    128.431    128.669         49 0.0000e+00
      25908   1079.471    113.226    114.000    18.6493    18.6476   4.833425   4.833281     2.0479     1.6993      24.06   26.13212  -84.00248   -0.00252   -0.00237     2.9327     2.9396    18.6290    18.6274    36.4645    36.4648    26.2360    26.2366    1532.31    127.626    127.925         59 0.0000e+00
      25955   1081.427    112.233    113.000    18.7525    18.7720   4.845409   4.847666     2.0439     1.6959      24.88   26.13212  -84.00248   -0.00257   -0.00222     2.9172     2.9238    18.7324    18.7518    36.4751    36.4770    26.2178    26.2142    1532.31    126.952    127.243         40 0.0000e+00
      26004   1083.468    111.241    112.000    18.8751    18.8812   4.858780   4.859611     2.0414     1.6909      26.00   26.13213  -84.00248   -0.00167   -0.00191     2.9040     2.9054    18.8551    18.8611    36.4801    36.4818    26.1902    26.1900    1532.31    126.383    126.443         60 0.0000e+00
      26059   1085.767    110.248    111.000    18.8680    18.8944   4.857862   4.861126     2.0381     1.6879      26.90   26.13213  -84.00248   -0.00128   -0.00227     2.8970     2.8969    18.8482    18.8746    36.4791    36.4833    26.1912    26.1877    1532.31    126.077    126.074         45 0.0000e+00
      26104   1087.626    109.255    110.000    18.9407    18.9639   4.866419   4.869433     2.0394     1.6901      27.84   26.13214  -84.00248   -0.00059   -0.00003     2.8951     2.8985    18.9210    18.9446    36.4874    36.4915    26.1789    26.1758    1532.31    125.996    126.146         50 0.0000e+00
      26160   1089.962    108.262    109.000    19.0375    19.0174   4.876986   4.874944     2.0438     1.6937      28.90   26.13214  -84.00248    0.00146    0.00151     2.8985     2.9032    19.0178    18.9978    36.4916    36.4921    26.1572    26.1627    1532.31    126.147    126.353         55 0.0000e+00
      26206   1091.863    107.269    108.000    19.0820    19.0779   4.881130   4.881287     2.0461     1.6959      29.82   26.13214  -84.00248    0.00171    0.00138     2.9006     2.9048    19.0625    19.0585    36.4913    36.4933    26.1454    26.1480    1532.31    126.240    126.424         39 0.0000e+00
      26257   1093.985    106.276    107.000    19.1513    19.1515   4.889691   4.889793     2.0483     1.6986      30.85   26.13214  -84.00248    0.00109    0.00114     2.9009     2.9068    19.1320    19.1322    36.4989    36.4996    26.1333    26.1338    1532.31    126.257    126.510         60 0.0000e+00
      26314   1096.366    105.283    106.000    19.1788    19.1664   4.892389   4.891087     2.0505     1.7017      31.77   26.13214  -84.00248    0.00100    0.00138     2.9039     2.9132    19.1597    19.1473    36.4977    36.4977    26.1252    26.1284    1532.31    126.386    126.790         49 0.0000e+00
      26358   1098.223    104.290    105.000    19.1746    19.1838   4.892102   4.893358     2.0516     1.7036      32.70   26.13214  -84.00248    0.00079    0.00113     2.9062     2.9162    19.1556    19.1649    36.4994    36.5018    26.1275    26.1270    1532.31    126.484    126.919         44 0.0000e+00
      26409   1100.318    103.297    104.000    19.2324    19.2372   4.898533   4.899234     2.0547     1.7053      33.73   26.13214  -84.00248    0.00102    0.00093     2.9096     2.9171    19.2141    19.2183    36.5024    36.5049    26.1147    26.1156    1532.31    126.635    126.961         56 0.0000e+00
      26463   1102.567    102.304    103.000    19.2466    19.2543   4.900327   4.900901     2.0564     1.7069      34.68   26.13214  -84.00247    0.00111    0.00080     2.9112     2.9194    19.2279    19.2356    36.5047    36.5038    26.1129    26.1102    1532.31    126.706    127.065         48 0.0000e+00
      26511   1104.604    101.311    102.000    19.2749    19.2818   4.903222   4.904146     2.0581     1.7091      35.68   26.13214  -84.00247    0.00079    0.00080     2.9133     2.9227    19.2563    19.2633    36.5055    36.5073    26.1061    26.1057    1532.31    126.797    127.209         42 0.0000e+00
      28053   1168.830     94.360     95.000    19.6686    19.6743   4.948045   4.948952     2.0912     1.7362      42.73   26.14041  -84.02887    0.00062    0.00025     2.9584     2.9623    19.6511    19.6568    36.5401    36.5414    26.0304    26.0298    1532.79    128.773    128.941         52 0.0000e+00
      28677   1194.831     93.367     94.000    19.6983    19.6953   4.950165   4.949989     2.0960     1.7409      43.61   26.13220  -84.00244    0.00015    0.00050     2.9671     2.9723    19.6810    19.6780    36.5314    36.5322    26.0149    26.0163    1532.31    129.152    129.378         49 0.0000e+00
      28771   1198.760     92.374     93.000    19.7001    19.6998   4.950583   4.950503     2.0955     1.7405      44.60   26.13220  -84.00244   -0.00011   -0.00001     2.9656     2.9709    19.6829    19.6826    36.5317    36.5319    26.0146    26.0148    1532.31    129.085    129.317         35 0.0000e+00
      28846   1201.889     91.380     92.000    19.7170    19.7075   4.952299   4.951648     2.0961     1.7395      45.70   26.13220  -84.00244    0.00020   -0.00020     2.9657     2.9675    19.7000    19.6905    36.5313    36.5330    26.0098    26.0136    1532.31    129.089    129.169         47 0.0000e+00
      28922   1205.038     90.387     91.000    19.7631    19.7425   4.957312   4.955113     2.0990     1.7419      46.59   26.13220  -84.00244    0.00084    0.00079     2.9696     2.9709    19.7463    19.7257    36.5331    36.5332    25.9990    26.0045    1532.31    129.261    129.318         58 0.0000e+00
      28988   1207.794     89.394     90.000    19.7846    19.7890   4.959758   4.960353     2.1044     1.7471      47.56   26.13220  -84.00244    0.00183    0.00164     2.9788     2.9803    19.7680    19.7724    36.5347    36.5358    25.9944    25.9941    1532.31    129.662    129.728         72 0.0000e+00
      29058   1210.728     88.401     89.000    19.8022    19.8058   4.961640   4.962030     2.1086     1.7514      48.53   26.13220  -84.00244    0.00146    0.00164     2.9863     2.9892    19.7857    19.7894    36.5354    36.5354    25.9903    25.9894    1532.31    129.988    130.114         62 0.0000e+00
      29125   1213.486     87.408     88.000    19.8265    19.8412   4.964263   4.965829     2.1105     1.7544      49.50   26.13220  -84.00244    0.00090    0.00121     2.9887     2.9939    19.8102    19.8249    36.5365    36.5364    25.9846    25.9807    1532.31    130.094    130.320         67 0.0000e+00
      29182   1215.860     86.415     87.000    19.8625    19.8656   4.968043   4.968483     2.1151     1.7585      50.34   26.13220  -84.00244    0.00136    0.00117     2.9959     3.0016    19.8463    19.8495    36.5365    36.5358    25.9751    25.9737    1532.31    130.410    130.658         56 0.0000e+00
      29246   1218.535     85.422     86.000    19.9083    19.9272   4.972895   4.975012     2.1230     1.7673      51.49   26.13220  -84.00242    0.00278    0.00311     3.0098     3.0187    19.8924    19.9112    36.5371    36.5382    25.9634    25.9592    1532.31    131.017    131.405         60 0.0000e+00
      29299   1220.735     84.429     85.000    19.9633    19.9591   4.978698   4.978315     2.1304     1.7735      52.34   26.13220  -84.00242    0.00316    0.00301     3.0220     3.0310    19.9475    19.9433    36.5375    36.5379    25.9490    25.9505    1532.31    131.550    131.940         47 0.0000e+00
      29349   1222.818     83.436     84.000    20.0302    20.0662   4.986296   4.989789     2.1388     1.7820      53.39   26.13221  -84.00242    0.00374    0.00330     3.0355     3.0445    20.0146    20.0505    36.5424    36.5399    25.9349    25.9234    1532.31    132.138    132.532         57 0.0000e+00
      29409   1225.354     82.443     83.000    20.0828    20.1291   4.991832   4.996178     2.1474     1.7908      54.38   26.13222  -84.00242    0.00375    0.00405     3.0504     3.0614    20.0673    20.1136    36.5427    36.5382    25.9211    25.9054    1532.31    132.789    133.268         58 0.0000e+00
      29460   1227.463     81.450     82.000    20.1476    20.1499   4.998457   4.998821     2.1520     1.7945      55.29   26.13222  -84.00242    0.00264    0.00245     3.0559     3.0685    20.1322    20.1346    36.5413    36.5423    25.9027    25.9029    1532.31    133.030    133.580         46 0.0000e+00
      29508   1229.472     80.457     81.000    20.2197    20.2172   5.006254   5.006657     2.1581     1.7993      56.36   26.13222  -84.00242    0.00240    0.00178     3.0641     3.0754    20.2045    20.2027    36.5434    36.5446    25.8850    25.8857    1532.31    133.391    133.880         55 0.0000e+00
      29571   1232.071     79.464     80.000    20.2336    20.2131   5.007533   5.005326     2.1668     1.8024      57.33   26.13222  -84.00242    0.00368    0.00201     3.0814     3.0825    20.2186    20.1981    36.5441    36.5418    25.8818    25.8855    1532.31    134.143    134.191         62 0.0000e+00
      29621   1234.170     78.471     79.000    20.3034    20.3034   5.013345   5.014997     2.1679     1.8051      58.30   26.13222  -84.00242    0.00154    0.00060     3.0801     3.0834    20.2886    20.2885    36.5333    36.5431    25.8548    25.8623    1532.31    134.090    134.234         43 0.0000e+00
      29670   1236.211     77.477     78.000    20.4305    20.4314   5.028376   5.028222     2.1787     1.8175      59.27   26.13222  -84.00242    0.00275    0.00382     3.0944     3.1046    20.4157    20.4167    36.5433    36.5410    25.8282    25.8262    1532.31    134.715    135.161         62 0.0000e+00
      29742   1239.216     76.484     77.000    20.4357    20.4380   5.028876   5.028978     2.1923     1.8272      60.37   26.13222  -84.00242    0.00514    0.00414     3.1225     3.1264    20.4211    20.4234    36.5430    36.5419    25.8265    25.8251    1532.31    135.938    136.111         64 0.0000e+00
      29841   1243.317     75.491     76.000    20.3688    20.4279   5.021639   5.027905     2.1909     1.8286      61.38   26.13222  -84.00242    0.00025    0.00040     3.1229     3.1298    20.3545    20.4136    36.5435    36.5421    25.8448    25.8279    1532.31    135.957    136.260         33 0.0000e+00
      30603   1275.102     74.498     75.000    21.2614    21.1908   5.114250   5.107024     2.3699     2.0019      62.39   26.13225  -84.00241    0.00007   -0.00022     3.4407     3.4770    21.2468    21.1762    36.5259    36.5280    25.5868    25.6079    1532.31    149.828    151.409         40 0.0000e+00
      31192   1299.620     73.505     74.000    21.9035    21.8861   5.181478   5.179824     2.5333     2.1335      63.25   26.13226  -84.00240    0.00447    0.00109     3.7374     3.7399    21.8889    21.8714    36.5182    36.5198    25.4033    25.4095    1532.31    162.776    162.885         64 0.0000e+00
      31252   1302.120     72.512     73.000    21.9020    21.9454   5.181685   5.186466     2.5395     2.1426      64.34   26.13226  -84.00240    0.00420    0.00359     3.7496     3.7561    21.8875    21.9309    36.5215    36.5220    25.4062    25.3941    1532.31    163.307    163.591         70 0.0000e+00
      31323   1305.100     71.519     72.000    21.9386    21.9918   5.185611   5.190939     2.5422     2.1519      65.23   26.13226  -84.00240    0.00014    0.00327     3.7520     3.7750    21.9243    21.9775    36.5220    36.5205    25.3962    25.3800    1532.31    163.415    164.418         59 0.0000e+00
