GOMECC/GOMECC-4/1db/urb2103_0861.cnv
* Sea-Bird SBE 9 Data File:
* FileName = C:\Users\scs.user.rb\CTD\GOMECC4\data\rb2103_0861.hex
* Software Version Seasave V 7.26.7.107
* Temperature SN = 4799
* Conductivity SN = 3860
* Number of Bytes Per Scan = 41
* Number of Voltage Words = 4
* Number of Scans Averaged by the Deck Unit = 1
* NMEA Latitude = 20 01.19 N
* NMEA Longitude = 093 46.26 W
* NMEA UTC (Time) = Oct 08 2021  06:53:11
* NMEA baud rate = 4800
# nquan = 28
# nvalues = 307                         
# units = specified
# name 0 = scan: Scan Count
# name 1 = timeS: Time, Elapsed [seconds]
# name 2 = depSM: Depth [salt water, m]
# name 3 = prDM: Pressure, Digiquartz [db]
# name 4 = t090C: Temperature [ITS-90, deg C]
# name 5 = t190C: Temperature, 2 [ITS-90, deg C]
# name 6 = c0S/m: Conductivity [S/m]
# name 7 = c1S/m: Conductivity, 2 [S/m]
# name 8 = sbeox0V: Oxygen raw, SBE 43 [V]
# name 9 = sbeox1V: Oxygen raw, SBE 43, 2 [V]
# name 10 = altM: Altimeter [m]
# name 11 = latitude: Latitude [deg]
# name 12 = longitude: Longitude [deg]
# name 13 = sbox0dV/dT: Oxygen, SBE 43 [dov/dt]
# name 14 = sbox1dV/dT: Oxygen, SBE 43, 2 [dov/dt]
# name 15 = sbeox0ML/L: Oxygen, SBE 43 [ml/l], WS = 5
# name 16 = sbeox1ML/L: Oxygen, SBE 43, 2 [ml/l], WS = 5
# name 17 = potemp090C: Potential Temperature [ITS-90, deg C]
# name 18 = potemp190C: Potential Temperature, 2 [ITS-90, deg C]
# name 19 = sal00: Salinity, Practical [PSU]
# name 20 = sal11: Salinity, Practical, 2 [PSU]
# name 21 = sigma-é00: Density [sigma-theta, kg/m^3]
# name 22 = sigma-é11: Density, 2 [sigma-theta, kg/m^3]
# name 23 = avgsvCM: Average Sound Velocity [Chen-Millero, m/s], minP = 20, minS = 20
# name 24 = sbox0Mm/Kg: Oxygen, SBE 43 [umol/kg], WS = 5
# name 25 = sbox1Mm/Kg: Oxygen, SBE 43, 2 [umol/kg], WS = 5
# name 26 = nbin: number of scans per bin
# name 27 = flag: flag
# span 0 =      58706,     130211       
# span 1 =   2446.062,   5425.421       
# span 2 =      2.981,   1461.805       
# span 3 =      3.000,   1476.000       
# span 4 =     4.3873,    29.5618       
# span 5 =     4.3877,    29.5832       
# span 6 =   3.349845,   5.871497       
# span 7 =   3.349718,   5.870338       
# span 8 =     1.5718,     3.1351       
# span 9 =     1.2747,     2.6501       
# span 10 =      20.89,     102.05      
# span 11 =   19.89638,   20.11993      
# span 12 =  -94.23645,  -93.18923      
# span 13 =   -0.00275,    0.02018      
# span 14 =   -0.00334,    0.02279      
# span 15 =     2.3927,     4.5253      
# span 16 =     2.4097,     4.5482      
# span 17 =     4.2665,    29.5596      
# span 18 =     4.2670,    29.5810      
# span 19 =    34.8782,    36.5212      
# span 20 =    34.8687,    36.5257      
# span 21 =    21.8425,    27.7298      
# span 22 =    21.8364,    27.7290      
# span 23 =    1486.60,    1503.30      
# span 24 =    104.055,    196.649      
# span 25 =    104.793,    197.643      
# span 26 =         30,         65      
# span 27 = 0.0000e+00, 0.0000e+00      
# interval = decibars: 1                
# start_time = Oct 08 2021 06:53:11 [NMEA time, header]
# bad_flag = -9.990e-29
*END*
[from data line 208]
     106840   4451.628    230.453    232.000    13.0990    13.1002   4.186961   4.187206     1.6705     1.3627     100.00   20.02068  -93.77220    0.00178    0.00166     2.4114     2.4258    13.0667    13.0679    35.6716    35.6728    26.8999    26.9006    1495.90    104.870    105.496         30 0.0000e+00
     106963   4456.747    226.482    228.000    13.2438    13.2400   4.204396   4.203722     1.6764     1.3678     100.01   20.02460  -93.79056    0.00138    0.00125     2.4165     2.4309    13.2118    13.2080    35.7037    35.7032    26.8955    26.8960    1496.19    105.094    105.719         37 0.0000e+00
     107068   4461.136    221.518    223.000    13.2775    13.2780   4.207064   4.207144     1.6781     1.3706      99.99   20.01877  -93.76324    0.00042    0.00075     2.4178     2.4352    13.2462    13.2467    35.6983    35.6986    26.8838    26.8840    1495.76    105.152    105.907         32 0.0000e+00
     107173   4465.502    217.547    219.000    13.3194    13.3209   4.211706   4.211838     1.6805     1.3708      99.99   20.01826  -93.76086    0.00048   -0.00007     2.4203     2.4320    13.2885    13.2901    35.7046    35.7044    26.8800    26.8795    1495.72    105.262    105.769         31 0.0000e+00
     107296   4470.636    213.575    215.000    13.4008    13.4036   4.221133   4.221121     1.6828     1.3736     100.00   20.02111  -93.77419    0.00041    0.00044     2.4201     2.4339    13.3704    13.3732    35.7205    35.7185    26.8758    26.8736    1495.93    105.252    105.852         33 0.0000e+00
     107433   4476.344    209.604    211.000    13.7189    13.7361   4.258790   4.260541     1.6922     1.3823     100.03   20.02744  -93.80387    0.00228    0.00213     2.4238     2.4379    13.6886    13.7058    35.7828    35.7832    26.8586    26.8553    1496.41    105.417    106.031         35 0.0000e+00
     107433   4476.317    208.611    210.000    13.6958    13.7032   4.255241   4.256131     1.6933     1.3829      91.47   20.02070  -93.77220    0.00219    0.00187     2.4280     2.4413    13.6657    13.6730    35.7685    35.7700    26.8516    26.8513    1495.90    105.600    106.176         33 0.0000e+00
     107543   4480.931    204.640    206.000    13.9026    13.8989   4.279241   4.278651     1.7000     1.3887     100.01   20.02279  -93.78210    0.00183    0.00135     2.4317     2.4449    13.8727    13.8691    35.8035    35.8015    26.8355    26.8347    1496.06    105.760    106.336         35 0.0000e+00
     107963   4498.420    200.668    202.000    14.0571    14.0482   4.297402   4.296389     1.7099     1.3993     100.03   20.02744  -93.80390    0.00054    0.00053     2.4458     2.4640    14.0276    14.0187    35.8333    35.8321    26.8262    26.8272    1496.41    106.377    107.168         32 0.0000e+00
     108097   4503.994    199.675    201.000    14.0665    14.0533   4.297484   4.296024     1.7106     1.3989     100.00   20.02068  -93.77222    0.00027    0.00010     2.4469     2.4625    14.0371    14.0240    35.8227    35.8213    26.8153    26.8170    1495.90    106.426    107.104         63 0.0000e+00
     108738   4530.706    198.682    200.000    14.1721    14.1577   4.310058   4.308452     1.7163     1.4041     100.00   20.02068  -93.77222    0.00015    0.00008     2.4547     2.4705    14.1427    14.1283    35.8422    35.8406    26.8079    26.8097    1495.90    106.766    107.452         36 0.0000e+00
     109299   4554.089    197.689    199.000    14.2253    14.2056   4.316336   4.313797     1.7193     1.4065      93.02   20.02070  -93.77222   -0.00013   -0.00033     2.4586     2.4741    14.1959    14.1763    35.8518    35.8463    26.8040    26.8039    1495.90    106.934    107.611         37 0.0000e+00
     109357   4556.509    196.696    198.000    14.1934    14.1947   4.312466   4.312425     1.7184     1.4060      77.41   20.02070  -93.77222   -0.00021   -0.00017     2.4581     2.4730    14.1643    14.1656    35.8456    35.8441    26.8059    26.8045    1495.90    106.914    107.561         49 0.0000e+00
     109418   4559.059    195.703    197.000    14.2060    14.2120   4.313689   4.314422     1.7179     1.4055      99.79   20.02070  -93.77222   -0.00037   -0.00028     2.4559     2.4703    14.1770    14.1830    35.8457    35.8470    26.8033    26.8030    1495.90    106.818    107.445         39 0.0000e+00
     109454   4560.550    194.710    196.000    14.2200    14.2176   4.315327   4.315057     1.7187     1.4059      49.46   20.02070  -93.77222    0.00007   -0.00008     2.4568     2.4709    14.1911    14.1888    35.8484    35.8481    26.8024    26.8026    1495.90    106.857    107.470         32 0.0000e+00
     109490   4562.047    193.717    195.000    14.2279    14.2252   4.316308   4.315956     1.7192     1.4066      95.20   20.02070  -93.77222    0.00039    0.00031     2.4572     2.4720    14.1992    14.1965    35.8506    35.8488    26.8023    26.8015    1495.90    106.873    107.519         38 0.0000e+00
     109525   4563.480    192.725    194.000    14.3032    14.3040   4.324476   4.325340     1.7197     1.4075     100.00   20.02070  -93.77222    0.00034    0.00047     2.4538     2.4697    14.2745    14.2753    35.8571    35.8643    26.7912    26.7966    1495.90    106.728    107.419         32 0.0000e+00
     109555   4564.769    191.731    193.000    14.3987    14.4273   4.335945   4.339089     1.7220     1.4096     100.00   20.02070  -93.77222    0.00062    0.00078     2.4537     2.4684    14.3701    14.3986    35.8753    35.8779    26.7847    26.7806    1495.90    106.725    107.363         31 0.0000e+00
     109588   4566.127    190.738    192.000    14.4471    14.4695   4.341730   4.344110     1.7234     1.4107     100.00   20.02070  -93.77222    0.00125    0.00118     2.4541     2.4688    14.4186    14.4409    35.8844    35.8857    26.7813    26.7775    1495.90    106.743    107.382         33 0.0000e+00
     110314   4596.394    160.947    162.000    15.3072    15.3172   4.441223   4.442310     1.7437     1.4284     100.00   20.02008  -93.76923    0.00203    0.00174     2.4458     2.4606    15.2821    15.2921    36.0159    36.0166    26.6926    26.6909    1495.85    106.390    107.034         31 0.0000e+00
     110455   4602.239    154.988    156.000    15.6025    15.6293   4.475413   4.478667     1.7527     1.4358      99.99   20.01913  -93.76480    0.00154    0.00091     2.4491     2.4616    15.5780    15.6049    36.0570    36.0618    26.6574    26.6550    1495.78    106.536    107.081         30 0.0000e+00
     110755   4614.732    143.070    144.000    15.9868    16.0091   4.520906   4.522936     1.7787     1.4588     100.00   20.02128  -93.77485    0.00300    0.00260     2.4856     2.4970    15.9639    15.9861    36.1211    36.1190    26.6188    26.6121    1495.94    108.128    108.625         32 0.0000e+00
     110879   4619.909    138.104    139.000    16.1762    16.1925   4.543106   4.544914     1.7877     1.4687      99.97   20.02186  -93.77758    0.00180    0.00211     2.4945     2.5110    16.1539    16.1701    36.1495    36.1508    26.5968    26.5940    1495.99    108.518    109.238         30 0.0000e+00
     110984   4624.291    133.138    134.000    16.3642    16.3707   4.564966   4.565734     1.8113     1.4917      94.48   20.01900  -93.76421    0.00564    0.00567     2.5377     2.5588    16.3425    16.3490    36.1739    36.1748    26.5712    26.5704    1495.77    110.401    111.317         30 0.0000e+00
     111893   4662.150    102.345    103.000    18.1514    18.1720   4.775544   4.777748     1.8345     1.5038     100.07   20.03512  -93.83962   -0.00118   -0.00040     2.4834     2.4860    18.1335    18.1540    36.4258    36.4264    26.3334    26.3287    1496.97    108.064    108.177         49 0.0000e+00
     111939   4664.103    101.352    102.000    18.2307    18.2138   4.782665   4.780371     1.8320     1.5014     100.00   20.02074  -93.77228    0.00160    0.00190     2.4738     2.4780    18.2130    18.1961    36.4082    36.4023    26.2979    26.2976    1495.90    107.650    107.831         32 0.0000e+00
     113328   4721.944     98.372     99.000    18.4148    18.4106   4.805195   4.804998     1.8115     1.4870     100.06   20.03367  -93.83276   -0.00035   -0.00035     2.4177     2.4320    18.3974    18.3932    36.4458    36.4463    26.2823    26.2837    1496.86    105.211    105.834         47 0.0000e+00
     113303   4720.908     97.378     98.000    18.4483    18.4207   4.807006   4.804235     1.8118     1.4862     100.00   20.02076  -93.77230    0.00043    0.00009     2.4168     2.4296    18.4311    18.4035    36.4242    36.4255    26.2553    26.2632    1495.90    105.173    105.731         41 0.0000e+00
     113336   4722.274     96.385     97.000    18.5301    18.5236   4.816537   4.815894     1.8133     1.4862     100.00   20.02076  -93.77230    0.00078   -0.00004     2.4155     2.4244    18.5130    18.5065    36.4331    36.4335    26.2414    26.2434    1495.90    105.120    105.505         32 0.0000e+00
     113368   4723.642     95.391     96.000    18.5200    18.5276   4.815575   4.816547     1.8144     1.4867     100.00   20.02076  -93.77230    0.00094    0.00016     2.4183     2.4251    18.5031    18.5107    36.4343    36.4358    26.2448    26.2441    1495.90    105.240    105.536         34 0.0000e+00
     113400   4724.979     94.398     95.000    18.5016    18.5026   4.813716   4.814615     1.8138     1.4870     100.00   20.02076  -93.77230    0.00057    0.00022     2.4175     2.4260    18.4848    18.4858    36.4336    36.4324    26.2489    26.2478    1495.90    105.206    105.574         30 0.0000e+00
     113518   4729.879     91.417     92.000    18.8085    18.8321   4.849534   4.852292     1.8206     1.4934     100.03   20.02695  -93.80130    0.00192    0.00194     2.4161     2.4255    18.7921    18.8157    36.4723    36.4747    26.2013    26.1971    1496.36    105.149    105.560         31 0.0000e+00
     113517   4729.814     90.424     91.000    18.8288    18.8529   4.850629   4.853641     1.8206     1.4930     100.00   20.02076  -93.77230    0.00122    0.00093     2.4148     2.4234    18.8125    18.8367    36.4602    36.4643    26.1859    26.1829    1495.90    105.095    105.469         37 0.0000e+00
     113554   4731.373     89.431     90.000    18.8644    18.8848   4.854803   4.856966     1.8208     1.4938     100.00   20.02076  -93.77230    0.00036    0.00025     2.4133     2.4237    18.8484    18.8687    36.4644    36.4647    26.1799    26.1749    1495.90    105.027    105.480         36 0.0000e+00
     113696   4737.290     86.450     87.000    19.1729    19.2053   4.890385   4.894234     1.8309     1.5031     100.04   20.02930  -93.81230    0.00243    0.00233     2.4184     2.4296    19.1565    19.1896    36.4973    36.5018    26.1267    26.1218    1496.54    105.256    105.743         38 0.0000e+00
     113687   4736.913     85.457     86.000    19.2004    19.2341   4.892690   4.896249     1.8334     1.5047     100.00   20.02076  -93.77230    0.00266    0.00208     2.4229     2.4320    19.1849    19.2185    36.4888    36.4890    26.1119    26.1033    1495.90    105.452    105.850         38 0.0000e+00
     113817   4742.317     82.477     83.000    19.4040    19.4419   4.915926   4.919761     1.8446     1.5162     100.03   20.02766  -93.80455    0.00275    0.00287     2.4362     2.4490    19.3889    19.4267    36.5100    36.5088    26.0761    26.0654    1496.41    106.035    106.593         36 0.0000e+00
     113817   4742.348     81.483     82.000    19.4043    19.4648   4.914857   4.921337     1.8493     1.5209     100.00   20.02078  -93.77232    0.00365    0.00375     2.4463     2.4588    19.3894    19.4498    36.4968    36.4979    26.0649    26.0499    1495.90    106.477    107.023         40 0.0000e+00
     113955   4748.084     78.502     79.000    19.6272    19.6343   4.939629   4.940539     1.8654     1.5335     100.04   20.02834  -93.80775    0.00390    0.00325     2.4686     2.4796    19.6127    19.6198    36.5153    36.5154    26.0217    26.0200    1496.47    107.453    107.932         43 0.0000e+00
     113951   4747.914     77.509     78.000    19.6173    19.6313   4.937597   4.938976     1.8682     1.5353     100.00   20.02078  -93.77231    0.00396    0.00227     2.4754     2.4839    19.6030    19.6169    36.5013    36.5006    26.0124    26.0082    1495.90    107.750    108.119         33 0.0000e+00
     114035   4751.397     75.522     76.000    19.6950    19.7137   4.946291   4.948580     1.8728     1.5405     100.02   20.02509  -93.79249    0.00166    0.00180     2.4813     2.4922    19.6811    19.7002    36.5083    36.5097    25.9977    25.9934    1496.22    108.008    108.482         31 0.0000e+00
     114044   4751.788     74.528     75.000    19.7194    19.7554   4.948261   4.951726     1.8756     1.5441     100.00   20.02078  -93.77230    0.00201    0.00223     2.4854     2.4980    19.7056    19.7415    36.5019    36.4993    25.9858    25.9743    1495.90    108.185    108.737         37 0.0000e+00
     114080   4753.279     73.535     74.000    19.7705    19.8086   4.953239   4.957281     1.8788     1.5480     100.00   20.02078  -93.77230    0.00228    0.00257     2.4895     2.5045    19.7568    19.7949    36.4990    36.4993    25.9701    25.9603    1495.90    108.366    109.020         32 0.0000e+00
     114569   4773.682     70.554     71.000    20.0344    20.0403   4.983162   4.983884     1.9160     1.5792     100.08   20.03673  -93.84701    0.00107    0.00047     2.5544     2.5656    20.0212    20.0271    36.5212    36.5257    25.9191    25.9212    1497.09    111.200    111.687         59 0.0000e+00
     114805   4783.486     69.560     70.000    20.0533    20.0440   4.982142   4.981734     1.9174     1.5781     100.00   20.02079  -93.77231    0.00025   -0.00039     2.5579     2.5635    20.0403    20.0310    36.4991    36.4998    25.8950    25.8980    1495.90    111.350    111.594         37 0.0000e+00
     115522   4813.369     68.567     69.000    20.1300    20.1390   4.990732   4.991699     1.9313     1.5920     100.00   20.02080  -93.77233    0.00069   -0.00055     2.5825     2.5908    20.1171    20.1261    36.4982    36.4982    25.8739    25.8714    1495.90    112.427    112.786         30 0.0000e+00
     115879   4828.232     66.580     67.000    20.1631    20.1819   4.992688   4.994701     1.9363     1.5986      99.95   20.01088  -93.72589    0.00030    0.00076     2.5909     2.6035    20.1506    20.1693    36.4795    36.4798    25.8490    25.8442    1495.16    112.793    113.340         58 0.0000e+00
     116112   4837.943     65.586     66.000    20.2392    20.2308   5.001550   5.001000     1.9443     1.6030     100.00   20.02080  -93.77234    0.00157    0.00120     2.6035     2.6110    20.2269    20.2184    36.4947    36.4960    25.8419    25.8451    1495.90    113.344    113.669         33 0.0000e+00
     116259   4844.074     64.593     65.000    20.3482    20.3461   5.012316   5.011103     1.9599     1.6226     100.00   20.02080  -93.77234    0.00288    0.00403     2.6325     2.6510    20.3359    20.3338    36.4874    36.4802    25.8070    25.8020    1495.90    114.611    115.414         51 0.0000e+00
     116413   4850.481     63.599     64.000    20.4987    20.5537   5.026954   5.031217     1.9958     1.6541     100.00   20.02080  -93.77234    0.00566    0.00695     2.7012     2.7142    20.4866    20.5416    36.4777    36.4650    25.7591    25.7345    1495.90    117.607    118.174         43 0.0000e+00
