GOMECC/GOMECC-4/1db/urb2103_0091.cnv
* Sea-Bird SBE 9 Data File:
* FileName = C:\Users\scs.user.rb\CTD\GOMECC4\data\rb2103_0091.hex
* Software Version Seasave V 7.26.7.107
* Temperature SN = 4799
* Conductivity SN = 3860
* Number of Bytes Per Scan = 41
* Number of Voltage Words = 4
* Number of Scans Averaged by the Deck Unit = 1
* NMEA Latitude = 26 00.03 N
* NMEA Longitude = 085 59.98 W
* NMEA UTC (Time) = Sep 17 2021  12:33:51
* NMEA baud rate = 4800
# nquan = 28
# nvalues = 759                         
# units = specified
# name 0 = scan: Scan Count
# name 1 = timeS: Time, Elapsed [seconds]
# name 2 = depSM: Depth [salt water, m]
# name 3 = prDM: Pressure, Digiquartz [db]
# name 4 = t090C: Temperature [ITS-90, deg C]
# name 5 = t190C: Temperature, 2 [ITS-90, deg C]
# name 6 = c0S/m: Conductivity [S/m]
# name 7 = c1S/m: Conductivity, 2 [S/m]
# name 8 = sbeox0V: Oxygen raw, SBE 43 [V]
# name 9 = sbeox1V: Oxygen raw, SBE 43, 2 [V]
# name 10 = altM: Altimeter [m]
# name 11 = latitude: Latitude [deg]
# name 12 = longitude: Longitude [deg]
# name 13 = sbox0dV/dT: Oxygen, SBE 43 [dov/dt]
# name 14 = sbox1dV/dT: Oxygen, SBE 43, 2 [dov/dt]
# name 15 = sbeox0ML/L: Oxygen, SBE 43 [ml/l], WS = 5
# name 16 = sbeox1ML/L: Oxygen, SBE 43, 2 [ml/l], WS = 5
# name 17 = potemp090C: Potential Temperature [ITS-90, deg C]
# name 18 = potemp190C: Potential Temperature, 2 [ITS-90, deg C]
# name 19 = sal00: Salinity, Practical [PSU]
# name 20 = sal11: Salinity, Practical, 2 [PSU]
# name 21 = sigma-é00: Density [sigma-theta, kg/m^3]
# name 22 = sigma-é11: Density, 2 [sigma-theta, kg/m^3]
# name 23 = avgsvCM: Average Sound Velocity [Chen-Millero, m/s], minP = 20, minS = 20
# name 24 = sbox0Mm/Kg: Oxygen, SBE 43 [umol/kg], WS = 5
# name 25 = sbox1Mm/Kg: Oxygen, SBE 43, 2 [umol/kg], WS = 5
# name 26 = nbin: number of scans per bin
# name 27 = flag: flag
# span 0 =     107364,     238919       
# span 1 =   4473.439,   9954.924       
# span 2 =      1.987,   3221.809       
# span 3 =      2.000,   3268.000       
# span 4 =     4.2864,    29.2968       
# span 5 =     4.2868,    29.2995       
# span 6 =   3.343186,   5.930560       
# span 7 =   3.343037,   5.930955       
# span 8 =     1.6153,     3.2646       
# span 9 =     1.3204,     2.7969       
# span 10 =      17.73,     101.57      
# span 11 =   24.85797,   26.27387      
# span 12 =  -86.93548,  -82.25065      
# span 13 =   -0.01761,    0.05182      
# span 14 =   -0.01414,    0.05087      
# span 15 =     2.5117,     4.8138      
# span 16 =     2.5434,     4.8424      
# span 17 =     4.0769,    29.2937      
# span 18 =     4.0781,    29.2964      
# span 19 =    34.3886,    36.8439      
# span 20 =    34.7020,    36.8403      
# span 21 =    21.8037,    27.7618      
# span 22 =    22.0013,    27.7601      
# span 23 =    1437.37,    1519.26      
# span 24 =    109.232,    209.874      
# span 25 =    110.611,    211.114      
# span 26 =         30,         70      
# span 27 = 0.0000e+00, 0.0000e+00      
# interval = decibars: 1                
# start_time = Sep 17 2021 12:33:51 [NMEA time, header]
# bad_flag = -9.990e-29
*END*
[from data line 208]
     137604   5733.462   2427.799   2458.000     4.3138     4.3144   3.385916   3.385829     1.8120     1.5017      95.89   25.99561  -85.98562    0.00017    0.00013     4.6431     4.6811     4.0943     4.0949    34.9742    34.9725    27.7557    27.7544    1502.84    201.760    203.412         31 0.0000e+00
     137635   5734.769   2426.817   2457.000     4.3135     4.3143   3.385838   3.385750     1.8120     1.5018      73.89   25.99540  -85.98494    0.00013    0.00020     4.6427     4.6812     4.0942     4.0949    34.9740    34.9722    27.7556    27.7541    1502.83    201.743    203.416         33 0.0000e+00
     137740   5739.111   2422.889   2453.000     4.3132     4.3139   3.385679   3.385593     1.8125     1.5019     100.00   25.99562  -85.98567    0.00014    0.00000     4.6424     4.6792     4.0943     4.0950    34.9742    34.9725    27.7558    27.7544    1502.84    201.731    203.331         30 0.0000e+00
     137769   5740.354   2421.907   2452.000     4.3131     4.3138   3.385604   3.385528     1.8126     1.5018     100.00   25.99540  -85.98494    0.00011    0.00001     4.6422     4.6784     4.0942     4.0950    34.9740    34.9723    27.7556    27.7542    1502.83    201.721    203.295         31 0.0000e+00
     137875   5744.747   2417.978   2448.000     4.3128     4.3134   3.385431   3.385348     1.8133     1.5025     100.00   25.99547  -85.98522    0.00019    0.00017     4.6429     4.6792     4.0944     4.0951    34.9740    34.9724    27.7556    27.7543    1502.83    201.751    203.331         30 0.0000e+00
     137907   5746.071   2416.996   2447.000     4.3127     4.3134   3.385358   3.385295     1.8134     1.5028     100.00   25.99538  -85.98496    0.00020    0.00024     4.6426     4.6798     4.0944     4.0952    34.9738    34.9722    27.7554    27.7541    1502.83    201.739    203.355         33 0.0000e+00
     138013   5750.513   2413.068   2443.000     4.3123     4.3130   3.385221   3.385147     1.8140     1.5034     100.00   25.99572  -85.98609    0.00020    0.00014     4.6429     4.6804     4.0945     4.0952    34.9744    34.9728    27.7559    27.7546    1502.85    201.750    203.382         30 0.0000e+00
     138043   5751.732   2412.086   2442.000     4.3123     4.3129   3.385130   3.385049     1.8143     1.5037     100.00   25.99538  -85.98497    0.00008    0.00019     4.6435     4.6808     4.0945     4.0952    34.9738    34.9722    27.7554    27.7541    1502.83    201.780    203.401         32 0.0000e+00
     138147   5756.074   2408.157   2438.000     4.3119     4.3126   3.384968   3.384879     1.8147     1.5040     100.00   25.99553  -85.98547    0.00007    0.00005     4.6430     4.6800     4.0946     4.0953    34.9741    34.9724    27.7557    27.7542    1502.84    201.757    203.363         31 0.0000e+00
     138177   5757.333   2407.175   2437.000     4.3118     4.3125   3.384888   3.384821     1.8148     1.5043     100.00   25.99538  -85.98498    0.00007    0.00002     4.6427     4.6806     4.0946     4.0953    34.9738    34.9722    27.7554    27.7541    1502.83    201.745    203.390         31 0.0000e+00
     138613   5775.487   2391.460   2421.000     4.3106     4.3113   3.384139   3.384071     1.8170     1.5066     100.00   25.99521  -85.98451    0.00010    0.00023     4.6428     4.6819     4.0951     4.0958    34.9736    34.9720    27.7552    27.7539    1502.82    201.748    203.446         32 0.0000e+00
     138722   5780.054   2387.531   2417.000     4.3108     4.3113   3.384068   3.383977     1.8178     1.5070     100.00   25.99579  -85.98644    0.00018    0.00007     4.6436     4.6812     4.0957     4.0963    34.9744    34.9728    27.7558    27.7544    1502.85    201.781    203.419         31 0.0000e+00
     138753   5781.321   2386.549   2416.000     4.3105     4.3113   3.383959   3.383894     1.8178     1.5070     100.00   25.99536  -85.98502    0.00012    0.00012     4.6431     4.6807     4.0955     4.0964    34.9738    34.9722    27.7554    27.7540    1502.83    201.760    203.397         33 0.0000e+00
     138860   5785.786   2382.619   2412.000     4.3104     4.3110   3.383792   3.383716     1.8186     1.5076     100.00   25.99541  -85.98526    0.00022    0.00018     4.6438     4.6810     4.0959     4.0965    34.9738    34.9723    27.7553    27.7540    1502.83    201.793    203.409         34 0.0000e+00
     138969   5790.352   2378.690   2408.000     4.3101     4.3108   3.383631   3.383551     1.8193     1.5082     100.00   25.99552  -85.98563    0.00016    0.00010     4.6446     4.6812     4.0960     4.0967    34.9741    34.9724    27.7555    27.7541    1502.84    201.827    203.416         30 0.0000e+00
     139062   5794.208   2376.726   2406.000     4.3100     4.3109   3.383665   3.383591     1.8195     1.5089     100.00   25.99652  -85.98897    0.00007    0.00020     4.6441     4.6830     4.0962     4.0970    34.9755    34.9738    27.7566    27.7552    1502.90    201.803    203.493         44 0.0000e+00
     139237   5801.519   2375.744   2405.000     4.3098     4.3106   3.383467   3.383396     1.8198     1.5092     100.00   25.99532  -85.98508    0.00005    0.00003     4.6448     4.6839     4.0960     4.0968    34.9738    34.9722    27.7553    27.7539    1502.83    201.836    203.536         46 0.0000e+00
     139399   5808.238   2374.761   2404.000     4.3097     4.3104   3.383421   3.383345     1.8195     1.5093     100.00   25.99531  -85.98509    0.00004    0.00004     4.6432     4.6838     4.0961     4.0967    34.9738    34.9722    27.7553    27.7539    1502.83    201.766    203.532         47 0.0000e+00
     139573   5815.516   2373.779   2403.000     4.3096     4.3103   3.383373   3.383306     1.8199     1.5094     100.00   25.99530  -85.98511    0.00005    0.00000     4.6441     4.6837     4.0961     4.0968    34.9738    34.9723    27.7553    27.7540    1502.83    201.806    203.524         36 0.0000e+00
     139760   5823.310   2372.796   2402.000     4.3095     4.3103   3.383326   3.383264     1.8202     1.5095     100.00   25.99528  -85.98512    0.00002   -0.00001     4.6447     4.6836     4.0961     4.0969    34.9738    34.9723    27.7553    27.7540    1502.83    201.830    203.523         38 0.0000e+00
     139912   5829.626   2371.814   2401.000     4.3094     4.3102   3.383278   3.383202     1.8202     1.5097     100.00   25.99528  -85.98514    0.00005    0.00009     4.6445     4.6840     4.0961     4.0969    34.9738    34.9722    27.7553    27.7539    1502.83    201.821    203.539         36 0.0000e+00
     141010   5875.368   2370.832   2400.000     4.3093     4.3101   3.383229   3.383163     1.8204     1.5100     100.00   25.99518  -85.98523    0.00004 -6.730e-07     4.6445     4.6849     4.0961     4.0969    34.9738    34.9722    27.7553    27.7539    1502.83    201.821    203.577         47 0.0000e+00
     141325   5888.483   2369.849   2399.000     4.3092     4.3100   3.383182   3.383112     1.8206     1.5103      95.13   25.99516  -85.98527    0.00010    0.00002     4.6449     4.6857     4.0961     4.0968    34.9738    34.9723    27.7553    27.7540    1502.83    201.841    203.610         51 0.0000e+00
     141384   5890.949   2368.867   2398.000     4.3092     4.3100   3.383140   3.383076     1.8208     1.5104      99.35   25.99516  -85.98528    0.00009    0.00004     4.6451     4.6853     4.0961     4.0970    34.9739    34.9723    27.7553    27.7539    1502.83    201.848    203.594         54 0.0000e+00
     141437   5893.166   2367.885   2397.000     4.3091     4.3099   3.383090   3.383027     1.8210     1.5103     100.00   25.99516  -85.98528    0.00005   -0.00002     4.6454     4.6845     4.0961     4.0970    34.9738    34.9723    27.7553    27.7539    1502.83    201.860    203.560         54 0.0000e+00
     141507   5896.084   2366.902   2396.000     4.3090     4.3098   3.383036   3.382975     1.8211     1.5104      67.59   25.99516  -85.98528    0.00008    0.00002     4.6453     4.6842     4.0962     4.0970    34.9737    34.9722    27.7552    27.7539    1502.83    201.857    203.547         47 0.0000e+00
     141546   5897.700   2365.920   2395.000     4.3090     4.3096   3.382990   3.382922     1.8216     1.5104      99.10   25.99514  -85.98528    0.00013    0.00002     4.6466     4.6838     4.0963     4.0969    34.9736    34.9722    27.7551    27.7539    1502.83    201.913    203.528         37 0.0000e+00
     141609   5900.328   2364.938   2394.000     4.3087     4.3094   3.382939   3.382862     1.8218     1.5105      87.32   25.99515  -85.98529    0.00011    0.00005     4.6468     4.6836     4.0961     4.0968    34.9738    34.9722    27.7553    27.7539    1502.83    201.922    203.520         42 0.0000e+00
     141745   5905.981   2360.026   2389.000     4.3084     4.3091   3.382736   3.382670     1.8223     1.5116     100.00   25.99533  -85.98594    0.00007    0.00033     4.6461     4.6854     4.0964     4.0971    34.9740    34.9725    27.7554    27.7542    1502.84    201.892    203.598         34 0.0000e+00
     141778   5907.362   2359.044   2388.000     4.3084     4.3091   3.382669   3.382598     1.8227     1.5115     100.00   25.99514  -85.98530    0.00007    0.00013     4.6469     4.6846     4.0964     4.0971    34.9737    34.9722    27.7552    27.7539    1502.83    201.927    203.564         33 0.0000e+00
     141878   5911.522   2355.114   2384.000     4.3080     4.3086   3.382519   3.382441     1.8234     1.5118     100.00   25.99550  -85.98655    0.00015    0.00005     4.6478     4.6835     4.0965     4.0971    34.9743    34.9727    27.7556    27.7543    1502.85    201.964    203.518         30 0.0000e+00
     141909   5912.840   2354.132   2383.000     4.3078     4.3085   3.382425   3.382346     1.8233     1.5122     100.00   25.99513  -85.98532    0.00021    0.00014     4.6466     4.6845     4.0964     4.0970    34.9738    34.9722    27.7552    27.7539    1502.83    201.912    203.562         36 0.0000e+00
     142043   5918.428   2349.220   2378.000     4.3074     4.3080   3.382176   3.382088     1.8235     1.5121     100.00   25.99508  -85.98520   -0.00001   -0.00006     4.6447     4.6814     4.0965     4.0971    34.9736    34.9720    27.7551    27.7537    1502.83    201.830    203.426         34 0.0000e+00
     142176   5923.951   2344.308   2373.000     4.3069     4.3074   3.381940   3.381857     1.8243     1.5128     100.00   25.99518  -85.98553    0.00013    0.00007     4.6449     4.6815     4.0965     4.0971    34.9737    34.9722    27.7551    27.7538    1502.83    201.840    203.430         34 0.0000e+00
     142310   5929.541   2339.395   2368.000     4.3064     4.3069   3.381698   3.381607     1.8242     1.5134     100.00   25.99519  -85.98565   -0.00004    0.00017     4.6418     4.6813     4.0965     4.0970    34.9737    34.9721    27.7551    27.7538    1502.84    201.706    203.423         34 0.0000e+00
     142446   5935.191   2334.483   2363.000     4.3061     4.3066   3.381457   3.381372     1.8248     1.5134     100.00   25.99512  -85.98543    0.00010   -0.00016     4.6412     4.6784     4.0968     4.0973    34.9734    34.9719    27.7549    27.7536    1502.83    201.680    203.295         34 0.0000e+00
     142551   5939.590   2330.553   2359.000     4.3059     4.3064   3.381318   3.381240     1.8256     1.5139      99.40   25.99540  -85.98641    0.00015    0.00006     4.6423     4.6783     4.0970     4.0975    34.9739    34.9725    27.7552    27.7540    1502.85    201.724    203.290         30 0.0000e+00
     142582   5940.862   2329.570   2358.000     4.3056     4.3063   3.381234   3.381154     1.8256     1.5140     100.00   25.99510  -85.98540    0.00013    0.00013     4.6418     4.6780     4.0969     4.0975    34.9736    34.9720    27.7550    27.7537    1502.83    201.706    203.279         34 0.0000e+00
     143252   5968.811   2305.006   2333.000     4.3025     4.3032   3.379942   3.379865     1.8261     1.5146      87.91   25.99515  -85.98576   -0.00009   -0.00012     4.6293     4.6658     4.0964     4.0971    34.9732    34.9716    27.7548    27.7534    1502.83    201.159    202.749         31 0.0000e+00
     143386   5974.365   2300.093   2328.000     4.3027     4.3033   3.379753   3.379682     1.8265     1.5147     100.00   25.99511  -85.98565    0.00008    0.00014     4.6276     4.6635     4.0971     4.0978    34.9732    34.9717    27.7546    27.7534    1502.83    201.087    202.649         32 0.0000e+00
     143548   5981.137   2294.197   2322.000     4.3025     4.3032   3.379496   3.379416     1.8273     1.5156      75.78   25.99500  -85.98540    0.00018    0.00007     4.6275     4.6640     4.0976     4.0982    34.9731    34.9715    27.7545    27.7532    1502.83    201.082    202.669         30 0.0000e+00
     143685   5986.840   2289.284   2317.000     4.3025     4.3031   3.379328   3.379248     1.8281     1.5165     100.00   25.99534  -85.98653    0.00018    0.00026     4.6277     4.6649     4.0981     4.0987    34.9735    34.9719    27.7548    27.7535    1502.85    201.094    202.707         36 0.0000e+00
     143818   5992.375   2284.370   2312.000     4.3021     4.3026   3.379065   3.378987     1.8286     1.5170      93.90   25.99513  -85.98585    0.00012    0.00012     4.6270     4.6643     4.0982     4.0987    34.9731    34.9716    27.7545    27.7533    1502.84    201.063    202.681         36 0.0000e+00
     143953   5998.008   2279.456   2307.000     4.3017     4.3022   3.378865   3.378777     1.8295     1.5179     100.00   25.99533  -85.98658    0.00019    0.00013     4.6278     4.6653     4.0983     4.0988    34.9735    34.9719    27.7548    27.7535    1502.85    201.097    202.726         32 0.0000e+00
     143984   5999.271   2278.473   2306.000     4.3015     4.3021   3.378774   3.378698     1.8295     1.5182     100.00   25.99502  -85.98558    0.00016    0.00021     4.6274     4.6663     4.0983     4.0989    34.9730    34.9715    27.7544    27.7531    1502.83    201.078    202.771         31 0.0000e+00
     144112   6004.628   2273.560   2301.000     4.3015     4.3021   3.378585   3.378494     1.8305     1.5189     100.00   25.99510  -85.98593    0.00014    0.00002     4.6284     4.6661     4.0988     4.0993    34.9732    34.9715    27.7545    27.7531    1502.84    201.123    202.761         30 0.0000e+00
     144143   6005.910   2272.577   2300.000     4.3013     4.3021   3.378526   3.378452     1.8306     1.5188      69.68   25.99500  -85.98560    0.00008   -0.00001     4.6284     4.6652     4.0987     4.0995    34.9731    34.9714    27.7544    27.7530    1502.83    201.121    202.720         31 0.0000e+00
     144248   6010.283   2268.646   2296.000     4.3012     4.3017   3.378386   3.378304     1.8311     1.5189     100.00   25.99532  -85.98666    0.00014    0.00003     4.6278     4.6633     4.0990     4.0995    34.9734    34.9719    27.7546    27.7534    1502.85    201.094    202.640         31 0.0000e+00
     144277   6011.498   2267.663   2295.000     4.3011     4.3017   3.378297   3.378226     1.8311     1.5192      99.91   25.99500  -85.98560    0.00007    0.00006     4.6276     4.6640     4.0990     4.0996    34.9730    34.9715    27.7543    27.7530    1502.83    201.086    202.668         30 0.0000e+00
     144571   6023.768   2256.852   2284.000     4.3005     4.3010   3.377812   3.377723     1.8324     1.5212      87.54   25.99497  -85.98560    0.00018    0.00023     4.6263     4.6663     4.0996     4.1001    34.9730    34.9714    27.7542    27.7529    1502.83    201.032    202.769         32 0.0000e+00
