GOMECC/GOMECC-4/1db/urb2103_0691.cnv
* Sea-Bird SBE 9 Data File:
* FileName = C:\Users\scs.user.rb\CTD\GOMECC4\data\rb2103_0691.hex
* Software Version Seasave V 7.26.7.107
* Temperature SN = 4799
* Conductivity SN = 3860
* Number of Bytes Per Scan = 41
* Number of Voltage Words = 4
* Number of Scans Averaged by the Deck Unit = 1
* NMEA Latitude = 26 03.53 N
* NMEA Longitude = 095 07.24 W
* NMEA UTC (Time) = Oct 03 2021  11:22:54
* NMEA baud rate = 4800
# nquan = 28
# nvalues = 358                         
# units = specified
# name 0 = scan: Scan Count
# name 1 = timeS: Time, Elapsed [seconds]
# name 2 = depSM: Depth [salt water, m]
# name 3 = prDM: Pressure, Digiquartz [db]
# name 4 = t090C: Temperature [ITS-90, deg C]
# name 5 = t190C: Temperature, 2 [ITS-90, deg C]
# name 6 = c0S/m: Conductivity [S/m]
# name 7 = c1S/m: Conductivity, 2 [S/m]
# name 8 = sbeox0V: Oxygen raw, SBE 43 [V]
# name 9 = sbeox1V: Oxygen raw, SBE 43, 2 [V]
# name 10 = altM: Altimeter [m]
# name 11 = latitude: Latitude [deg]
# name 12 = longitude: Longitude [deg]
# name 13 = sbox0dV/dT: Oxygen, SBE 43 [dov/dt]
# name 14 = sbox1dV/dT: Oxygen, SBE 43, 2 [dov/dt]
# name 15 = sbeox0ML/L: Oxygen, SBE 43 [ml/l], WS = 5
# name 16 = sbeox1ML/L: Oxygen, SBE 43, 2 [ml/l], WS = 5
# name 17 = potemp090C: Potential Temperature [ITS-90, deg C]
# name 18 = potemp190C: Potential Temperature, 2 [ITS-90, deg C]
# name 19 = sal00: Salinity, Practical [PSU]
# name 20 = sal11: Salinity, Practical, 2 [PSU]
# name 21 = sigma-é00: Density [sigma-theta, kg/m^3]
# name 22 = sigma-é11: Density, 2 [sigma-theta, kg/m^3]
# name 23 = avgsvCM: Average Sound Velocity [Chen-Millero, m/s], minP = 20, minS = 20
# name 24 = sbox0Mm/Kg: Oxygen, SBE 43 [umol/kg], WS = 5
# name 25 = sbox1Mm/Kg: Oxygen, SBE 43, 2 [umol/kg], WS = 5
# name 26 = nbin: number of scans per bin
# name 27 = flag: flag
# span 0 =      63473,     154871       
# span 1 =   2644.653,   6452.927       
# span 2 =      1.987,   1915.523       
# span 3 =      2.000,   1937.000       
# span 4 =     4.3167,    30.0000       
# span 5 =     4.3174,    30.0010       
# span 6 =   3.352800,   6.067061       
# span 7 =   3.352770,   6.066899       
# span 8 =     1.5699,     3.3754       
# span 9 =     1.2732,     2.8821       
# span 10 =      30.83,     102.45      
# span 11 =   26.01396,   26.57033      
# span 12 =  -96.98970,  -94.95757      
# span 13 =   -0.00827,    0.02519      
# span 14 =   -0.00978,    0.02550      
# span 15 =     2.4108,     5.0239      
# span 16 =     2.4272,     5.0279      
# span 17 =     4.1508,    29.9963      
# span 18 =     4.1515,    29.9973      
# span 19 =    34.9059,    36.9144      
# span 20 =    34.9053,    36.9125      
# span 21 =    22.6483,    27.7469      
# span 22 =    22.6479,    27.7459      
# span 23 =    1495.97,    1527.99      
# span 24 =    104.830,    219.126      
# span 25 =    105.542,    219.285      
# span 26 =         30,         74      
# span 27 = 0.0000e+00, 0.0000e+00      
# interval = decibars: 1                
# start_time = Oct 03 2021 11:22:54 [NMEA time, header]
# bad_flag = -9.990e-29
*END*
[from data line 156]
     125708   5237.789    269.060    271.000    14.5998    14.5974   4.362829   4.362519     1.7353     1.4220     100.00   26.05923  -95.12251   -0.00018    0.00001     2.4990     2.5167    14.5592    14.5567    35.9055    35.9049    26.7671    26.7672    1498.57    108.696    109.466         38 0.0000e+00
     125743   5239.234    268.068    270.000    14.6338    14.6346   4.366506   4.366567     1.7344     1.4211     100.00   26.05870  -95.12066   -0.00062   -0.00050     2.4947     2.5119    14.5932    14.5940    35.9082    35.9080    26.7618    26.7615    1498.54    108.510    109.256         35 0.0000e+00
     125775   5240.573    267.076    269.000    14.6812    14.6819   4.372029   4.372171     1.7358     1.4213     100.00   26.05870  -95.12066   -0.00024   -0.00045     2.4950     2.5095    14.6406    14.6413    35.9157    35.9164    26.7573    26.7577    1498.54    108.523    109.154         30 0.0000e+00
     125839   5243.252    265.091    267.000    14.7755    14.7747   4.383256   4.383120     1.7389     1.4242     100.00   26.05964  -95.12409    0.00112    0.00077     2.4966     2.5114    14.7350    14.7342    35.9331    35.9326    26.7501    26.7499    1498.59    108.595    109.236         34 0.0000e+00
     125870   5244.551    264.099    266.000    14.7872    14.7992   4.384603   4.385927     1.7405     1.4268     100.00   26.05870  -95.12066    0.00127    0.00135     2.4996     2.5169    14.7469    14.7589    35.9347    35.9358    26.7487    26.7469    1498.54    108.726    109.475         37 0.0000e+00
     125905   5245.987    263.107    265.000    14.8156    14.8130   4.387628   4.387556     1.7421     1.4284     100.00   26.05870  -95.12066    0.00114    0.00152     2.5016     2.5200    14.7754    14.7728    35.9367    35.9384    26.7440    26.7459    1498.54    108.812    109.613         32 0.0000e+00
     125935   5247.264    262.115    264.000    14.8435    14.8435   4.390934   4.391055     1.7437     1.4299     100.00   26.05870  -95.12066    0.00113    0.00125     2.5036     2.5221    14.8034    14.8035    35.9417    35.9428    26.7417    26.7426    1498.54    108.899    109.702         30 0.0000e+00
     125998   5249.859    260.130    262.000    14.9111    14.9086   4.398953   4.398460     1.7495     1.4364     100.00   26.05904  -95.12189    0.00192    0.00217     2.5133     2.5352    14.8712    14.8687    35.9539    35.9523    26.7363    26.7355    1498.56    109.320    110.272         33 0.0000e+00
     126031   5251.257    259.138    261.000    14.9137    14.9204   4.399100   4.399880     1.7524     1.4382     100.00   26.05870  -95.12066    0.00230    0.00226     2.5197     2.5390    14.8740    14.8806    35.9531    35.9542    26.7350    26.7343    1498.54    109.602    110.440         38 0.0000e+00
     126067   5252.757    258.146    260.000    14.9251    14.9264   4.400341   4.400615     1.7539     1.4394     100.00   26.05870  -95.12066    0.00177    0.00125     2.5224     2.5415    14.8854    14.8868    35.9545    35.9557    26.7335    26.7342    1498.54    109.719    110.546         32 0.0000e+00
     126098   5254.032    257.153    259.000    14.9323    14.9326   4.401253   4.401311     1.7543     1.4408     100.00   26.05870  -95.12066    0.00105    0.00091     2.5228     2.5446    14.8928    14.8931    35.9566    35.9568    26.7335    26.7336    1498.54    109.735    110.683         30 0.0000e+00
     126127   5255.255    256.161    258.000    14.9383    14.9371   4.401898   4.401768     1.7549     1.4408     100.00   26.05870  -95.12066    0.00054    0.00079     2.5234     2.5441    14.8989    14.8977    35.9574    35.9573    26.7328    26.7330    1498.54    109.762    110.661         30 0.0000e+00
     126158   5256.561    255.169    257.000    14.9470    14.9467   4.402860   4.402780     1.7561     1.4414     100.00   26.05870  -95.12066    0.00054    0.00044     2.5257     2.5447    14.9078    14.9075    35.9586    35.9581    26.7317    26.7314    1498.54    109.858    110.686         33 0.0000e+00
     126194   5258.026    254.177    256.000    14.9615    14.9647   4.404477   4.404840     1.7573     1.4425     100.00   26.05870  -95.12066    0.00082    0.00039     2.5274     2.5463    14.9224    14.9257    35.9604    35.9603    26.7299    26.7291    1498.54    109.933    110.757         37 0.0000e+00
     126229   5259.504    253.185    255.000    14.9891    14.9917   4.407661   4.408030     1.7582     1.4433     100.00   26.05870  -95.12066    0.00080    0.00070     2.5278     2.5467    14.9501    14.9527    35.9645    35.9655    26.7270    26.7272    1498.54    109.954    110.775         33 0.0000e+00
     126292   5262.145    251.200    253.000    15.0749    15.0743   4.417658   4.417574     1.7596     1.4438     100.00   26.05932  -95.12291    0.00051    0.00024     2.5255     2.5429    15.0361    15.0355    35.9780    35.9778    26.7184    26.7184    1498.58    109.852    110.609         30 0.0000e+00
     126321   5263.329    250.208    252.000    15.1225    15.1131   4.423224   4.422029     1.7606     1.4454     100.00   26.05870  -95.12066    0.00059    0.00044     2.5249     2.5446    15.0838    15.0743    35.9852    35.9830    26.7133    26.7137    1498.54    109.830    110.686         33 0.0000e+00
     126356   5264.776    249.216    251.000    15.1556    15.1517   4.426549   4.426579     1.7623     1.4460     100.00   26.05870  -95.12066    0.00087    0.00072     2.5269     2.5436    15.1170    15.1131    35.9855    35.9893    26.7061    26.7100    1498.54    109.914    110.644         35 0.0000e+00
     126389   5266.184    248.223    250.000    15.1894    15.1862   4.430848   4.430774     1.7632     1.4477     100.00   26.05870  -95.12066    0.00100    0.00079     2.5268     2.5459    15.1509    15.1476    35.9940    35.9963    26.7051    26.7076    1498.54    109.910    110.740         33 0.0000e+00
     126422   5267.525    247.231    249.000    15.2555    15.2558   4.438766   4.438827     1.7649     1.4487     100.00   26.05870  -95.12066    0.00092    0.00092     2.5267     2.5446    15.2170    15.2173    36.0058    36.0073    26.6995    26.7006    1498.54    109.906    110.688         32 0.0000e+00
     126454   5268.864    246.239    248.000    15.2908    15.2956   4.442959   4.443242     1.7668     1.4506     100.00   26.05870  -95.12066    0.00105    0.00108     2.5289     2.5469    15.2524    15.2572    36.0119    36.0101    26.6963    26.6938    1498.54    110.003    110.787         32 0.0000e+00
     126485   5270.177    245.246    247.000    15.3314    15.3266   4.447841   4.447181     1.7685     1.4517     100.00   26.05870  -95.12066    0.00140    0.00105     2.5304     2.5478    15.2931    15.2883    36.0194    36.0178    26.6929    26.6928    1498.54    110.069    110.827         31 0.0000e+00
     126516   5271.463    244.254    246.000    15.3666    15.3748   4.451992   4.452768     1.7707     1.4541     100.00   26.05870  -95.12066    0.00148    0.00119     2.5334     2.5511    15.3284    15.3366    36.0252    36.0247    26.6895    26.6873    1498.54    110.202    110.972         31 0.0000e+00
     126548   5272.811    243.261    245.000    15.4045    15.4171   4.456361   4.457768     1.7726     1.4564     100.00   26.05870  -95.12066    0.00149    0.00157     2.5355     2.5546    15.3663    15.3790    36.0305    36.0317    26.6850    26.6831    1498.54    110.293    111.121         35 0.0000e+00
     126585   5274.342    242.269    244.000    15.4272    15.4447   4.459139   4.461063     1.7745     1.4579     100.00   26.05870  -95.12066    0.00144    0.00153     2.5384     2.5567    15.3892    15.4066    36.0353    36.0367    26.6836    26.6808    1498.54    110.418    111.214         36 0.0000e+00
     126682   5278.359    239.292    241.000    15.5722    15.5702   4.476124   4.475817     1.7813     1.4628     100.00   26.05955  -95.12376    0.00188    0.00139     2.5456     2.5618    15.5344    15.5324    36.0577    36.0568    26.6682    26.6679    1498.59    110.731    111.439         34 0.0000e+00
     126713   5279.669    238.300    240.000    15.5902    15.6016   4.478064   4.479224     1.7835     1.4635      88.35   26.05870  -95.12066    0.00168    0.00082     2.5493     2.5615    15.5525    15.5639    36.0589    36.0589    26.6649    26.6623    1498.54    110.896    111.426         37 0.0000e+00
     126748   5281.129    237.308    239.000    15.6317    15.6428   4.482676   4.484582     1.7855     1.4675      62.93   26.05870  -95.12066    0.00141    0.00111     2.5515     2.5693    15.5942    15.6052    36.0629    36.0700    26.6585    26.6615    1498.54    110.993    111.764         32 0.0000e+00
     126814   5283.878    235.323    237.000    15.7590    15.7701   4.498495   4.499610     1.8005     1.4861     100.01   26.06046  -95.12709    0.00317    0.00436     2.5788     2.6099    15.7215    15.7326    36.0907    36.0915    26.6511    26.6492    1498.64    112.181    113.532         30 0.0000e+00
     126839   5284.936    234.331    236.000    15.7877    15.8156   4.500913   4.505005     1.8153     1.5018     100.00   26.05870  -95.12066    0.00741    0.00881     2.6129     2.6483    15.7503    15.7782    36.0859    36.0972    26.6406    26.6430    1498.54    113.664    115.205         39 0.0000e+00
     126877   5286.491    233.338    235.000    15.8340    15.8378   4.506636   4.506915     1.8302     1.5158     100.00   26.05870  -95.12066    0.01081    0.01159     2.6445     2.6833    15.7959    15.8006    36.0962    36.0945    26.6382    26.6358    1498.54    115.041    116.727         34 0.0000e+00
     126908   5287.811    232.346    234.000    15.9323    15.9393   4.518685   4.519976     1.8380     1.5197     100.00   26.05870  -95.12066    0.00923    0.00834     2.6588     2.6874    15.8950    15.9032    36.1145    36.1154    26.6295    26.6276    1498.54    115.663    116.908         30 0.0000e+00
     126974   5290.548    230.361    232.000    16.0381    16.0688   4.532113   4.535302     1.8484     1.5300     100.00   26.05986  -95.12490    0.00439    0.00322     2.6752     2.7058    16.0010    16.0316    36.1395    36.1400    26.6245    26.6178    1498.61    116.377    117.706         32 0.0000e+00
     127002   5291.722    229.369    231.000    16.0906    16.1233   4.537377   4.540644     1.8565     1.5365     100.00   26.05870  -95.12066    0.00484    0.00465     2.6914     2.7194    16.0535    16.0862    36.1387    36.1388    26.6116    26.6041    1498.54    117.083    118.302         36 0.0000e+00
     127038   5293.200    228.376    230.000    16.1578    16.1965   4.545509   4.550036     1.8643     1.5414     100.00   26.05870  -95.12066    0.00570    0.00457     2.7050     2.7274    16.1208    16.1594    36.1505    36.1557    26.6051    26.6001    1498.54    117.675    118.648         34 0.0000e+00
     127107   5296.101    226.391    228.000    16.3196    16.3297   4.564785   4.565927     1.8658     1.5361     100.01   26.06053  -95.12735    0.00270    0.00026     2.6985     2.7052    16.2827    16.2927    36.1768    36.1778    26.5878    26.5862    1498.65    117.395    117.687         30 0.0000e+00
     127131   5297.088    225.399    227.000    16.3402    16.3673   4.567288   4.570271     1.8612     1.5337     100.00   26.05870  -95.12066   -0.00088   -0.00265     2.6858     2.6966    16.3034    16.3305    36.1800    36.1819    26.5853    26.5804    1498.54    116.843    117.312         36 0.0000e+00
     127168   5298.612    224.407    226.000    16.3603    16.3899   4.569171   4.572896     1.8609     1.5357     100.00   26.05870  -95.12066   -0.00220   -0.00155     2.6837     2.7002    16.3236    16.3532    36.1789    36.1851    26.5797    26.5776    1498.54    116.751    117.469         33 0.0000e+00
     127199   5299.899    223.414    225.000    16.4364    16.4411   4.578574   4.578777     1.8631     1.5389     100.00   26.05870  -95.12066   -0.00043    0.00098     2.6852     2.7055    16.4011    16.4045    36.1926    36.1923    26.5721    26.5710    1498.54    116.816    117.702         30 0.0000e+00
     127258   5302.394    221.429    223.000    16.4764    16.4934   4.582983   4.585009     1.8739     1.5500     100.00   26.05859  -95.12026    0.00358    0.00402     2.7061     2.7300    16.4400    16.4570    36.1974    36.1999    26.5666    26.5645    1498.53    117.729    118.766         33 0.0000e+00
     127294   5303.868    220.437    222.000    16.5056    16.5240   4.586195   4.588499     1.8774     1.5528     100.00   26.05870  -95.12066    0.00374    0.00365     2.7122     2.7351    16.4694    16.4877    36.2012    36.2035    26.5627    26.5602    1498.54    117.993    118.989         36 0.0000e+00
     127328   5305.299    219.444    221.000    16.5467    16.5795   4.591009   4.595276     1.8821     1.5589     100.00   26.05870  -95.12066    0.00278    0.00267     2.7207     2.7472    16.5106    16.5433    36.2055    36.2136    26.5563    26.5548    1498.54    118.362    119.517         32 0.0000e+00
     127360   5306.610    218.452    220.000    16.6188    16.6272   4.599887   4.601363     1.8914     1.5709     100.00   26.05870  -95.12066    0.00383    0.00474     2.7375     2.7746    16.5828    16.5911    36.2192    36.2247    26.5498    26.5520    1498.54    119.096    120.709         32 0.0000e+00
     127392   5307.971    217.460    219.000    16.6783    16.6868   4.606507   4.608332     1.9032     1.5824     100.00   26.05870  -95.12066    0.00663    0.00806     2.7618     2.8006    16.6385    16.6508    36.2277    36.2311    26.5431    26.5429    1498.54    120.155    121.843         32 0.0000e+00
     127465   5310.989    215.475    217.000    16.8068    16.8242   4.622721   4.624794     1.9227     1.5966     100.01   26.06141  -95.13053    0.00866    0.00722     2.7981     2.8278    16.7709    16.7883    36.2530    36.2554    26.5314    26.5292    1498.70    121.733    123.024         30 0.0000e+00
     127488   5311.968    214.482    216.000    16.8229    16.8398   4.624240   4.626267     1.9238     1.5939     100.00   26.05870  -95.12066    0.00547    0.00294     2.7994     2.8196    16.7871    16.8041    36.2511    36.2536    26.5258    26.5237    1498.54    121.790    122.668         44 0.0000e+00
     127528   5313.611    213.490    215.000    16.8290    16.8492   4.624971   4.627543     1.9218     1.5901     100.00   26.05870  -95.12066    0.00047   -0.00160     2.7939     2.8090    16.7934    16.8136    36.2524    36.2567    26.5253    26.5239    1498.54    121.551    122.211         31 0.0000e+00
     127618   5317.371    210.513    212.000    16.9862    17.0043   4.643006   4.645001     1.9051     1.5650     100.00   26.05897  -95.12171   -0.00256   -0.00437     2.7456     2.7365    16.9509    16.9689    36.2702    36.2715    26.5015    26.4981    1498.56    119.454    119.055         46 0.0000e+00
     127657   5319.004    209.520    211.000    16.9694    16.9914   4.640800   4.643621     1.8986     1.5616     100.00   26.05868  -95.12066   -0.00782   -0.00978     2.7303     2.7271    16.9343    16.9562    36.2663    36.2712    26.5024    26.5009    1498.54    118.789    118.648         31 0.0000e+00
     127744   5322.618    206.543    208.000    17.1907    17.2528   4.666699   4.674309     1.8873     1.5535     100.00   26.05844  -95.11979   -0.00306   -0.00267     2.6901     2.6911    17.1558    17.2178    36.2948    36.3054    26.4710    26.4642    1498.53    117.042    117.088         41 0.0000e+00
     127783   5324.229    205.550    207.000    17.1730    17.2413   4.665140   4.673070     1.8837     1.5553     100.00   26.05868  -95.12066   -0.00443   -0.00135     2.6827     2.6960    17.1383    17.2065    36.2975    36.3064    26.4774    26.4677    1498.54    116.718    117.297         33 0.0000e+00
