GOMECC/GOMECC-4/1db/urb2103_0001.cnv
* Sea-Bird SBE 9 Data File:
* FileName = C:\Users\scs.user.rb\CTD\GOMECC4\data\rb2103_000.hex
* Software Version Seasave V 7.26.7.107
* Temperature SN = 4799
* Conductivity SN = 3860
* Number of Bytes Per Scan = 41
* Number of Voltage Words = 4
* Number of Scans Averaged by the Deck Unit = 1
* NMEA Latitude = 24 13.42 N
* NMEA Longitude = 081 36.66 W
* NMEA UTC (Time) = Sep 13 2021  22:57:13
* NMEA baud rate = 4800
# nquan = 28
# nvalues = 155                         
# units = specified
# name 0 = scan: Scan Count
# name 1 = timeS: Time, Elapsed [seconds]
# name 2 = depSM: Depth [salt water, m]
# name 3 = prDM: Pressure, Digiquartz [db]
# name 4 = t090C: Temperature [ITS-90, deg C]
# name 5 = t190C: Temperature, 2 [ITS-90, deg C]
# name 6 = c0S/m: Conductivity [S/m]
# name 7 = c1S/m: Conductivity, 2 [S/m]
# name 8 = sbeox0V: Oxygen raw, SBE 43 [V]
# name 9 = sbeox1V: Oxygen raw, SBE 43, 2 [V]
# name 10 = altM: Altimeter [m]
# name 11 = latitude: Latitude [deg]
# name 12 = longitude: Longitude [deg]
# name 13 = sbox0dV/dT: Oxygen, SBE 43 [dov/dt]
# name 14 = sbox1dV/dT: Oxygen, SBE 43, 2 [dov/dt]
# name 15 = sbeox0ML/L: Oxygen, SBE 43 [ml/l], WS = 5
# name 16 = sbeox1ML/L: Oxygen, SBE 43, 2 [ml/l], WS = 5
# name 17 = potemp090C: Potential Temperature [ITS-90, deg C]
# name 18 = potemp190C: Potential Temperature, 2 [ITS-90, deg C]
# name 19 = sal00: Salinity, Practical [PSU]
# name 20 = sal11: Salinity, Practical, 2 [PSU]
# name 21 = sigma-é00: Density [sigma-theta, kg/m^3]
# name 22 = sigma-é11: Density, 2 [sigma-theta, kg/m^3]
# name 23 = avgsvCM: Average Sound Velocity [Chen-Millero, m/s], minP = 20, minS = 20
# name 24 = sbox0Mm/Kg: Oxygen, SBE 43 [umol/kg], WS = 5
# name 25 = sbox1Mm/Kg: Oxygen, SBE 43, 2 [umol/kg], WS = 5
# name 26 = nbin: number of scans per bin
# name 27 = flag: flag
# span 0 =      51608,      67524       
# span 1 =   2150.284,   2813.478       
# span 2 =    800.296,   1233.369       
# span 3 =    807.000,   1245.000       
# span 4 =     9.0681,    29.3424       
# span 5 =     9.0683,    29.3884       
# span 6 =   3.751938,   5.823045       
# span 7 =   3.751977,   5.823256       
# span 8 =     1.6240,     3.1625       
# span 9 =     1.3314,     2.6948       
# span 10 =      29.58,     100.64      
# span 11 =   24.22084,   24.22663      
# span 12 =  -81.61335,  -81.59383      
# span 13 =   -0.02102,    0.02801      
# span 14 =   -0.01971,    0.02868      
# span 15 =     2.8741,     4.9624      
# span 16 =     2.9212,     5.0123      
# span 17 =     8.9247,    29.1420      
# span 18 =     8.9249,    29.1878      
# span 19 =    33.0082,    36.3130      
# span 20 =    33.0076,    36.3138      
# span 21 =    20.6220,    26.9389      
# span 22 =    20.6216,    26.9390      
# span 23 =    1534.89,    1535.26      
# span 24 =    124.994,    216.585      
# span 25 =    127.047,    218.697      
# span 26 =         30,         74      
# span 27 = 0.0000e+00, 0.0000e+00      
# interval = decibars: 1                
# start_time = Sep 13 2021 22:57:13 [NMEA time, header]
# bad_flag = -9.990e-29
*END*
      51608   2150.284   1233.369   1245.000     9.0681     9.0683   3.751938   3.751977     1.6240     1.3315      29.58   24.22572  -81.61000    0.00004   -0.00011     2.8911     2.9391     8.9247     8.9249    34.7557    34.7559    26.9389    26.9390    1535.19    125.731    127.817         60 0.0000e+00
      51666   2152.720   1232.381   1244.000     9.0731     9.0732   3.752378   3.752411     1.6241     1.3314      30.58   24.22552  -81.60932    0.00003   -0.00009     2.8904     2.9380     8.9298     8.9298    34.7558    34.7561    26.9382    26.9384    1535.18    125.701    127.768         57 0.0000e+00
      51728   2155.275   1231.394   1243.000     9.0776     9.0787   3.752818   3.752927     1.6244     1.3319      31.75   24.22552  -81.60932    0.00006    0.00016     2.8909     2.9389     8.9344     8.9354    34.7565    34.7566    26.9380    26.9379    1535.18    125.721    127.808         56 0.0000e+00
      51773   2157.152   1230.406   1242.000     9.0906     9.0915   3.754062   3.754248     1.6248     1.3323      32.67   24.22552  -81.60932    0.00019    0.00021     2.8908     2.9388     8.9473     8.9482    34.7573    34.7583    26.9365    26.9372    1535.18    125.719    127.806         43 0.0000e+00
      51814   2158.863   1229.418   1241.000     9.1019     9.1032   3.755226   3.755432     1.6257     1.3326      33.93   24.22552  -81.60932    0.00030    0.00017     2.8924     2.9385     8.9587     8.9600    34.7589    34.7596    26.9359    26.9363    1535.18    125.785    127.793         34 0.0000e+00
      52043   2168.405   1221.516   1233.000     9.1574     9.1576   3.760665   3.760692     1.6278     1.3351      42.61   24.22562  -81.60967    0.00007    0.00011     2.8918     2.9402     9.0147     9.0148    34.7649    34.7651    26.9317    26.9318    1535.19    125.762    127.866         30 0.0000e+00
      52155   2173.101   1217.564   1229.000     9.1581     9.1584   3.760495   3.760544     1.6289     1.3358      47.23   24.22548  -81.60920    0.00024   -0.00002     2.8940     2.9413     9.0159     9.0162    34.7642    34.7645    26.9309    26.9311    1535.18    125.856    127.913         30 0.0000e+00
      52268   2177.798   1213.613   1225.000     9.1729     9.1740   3.761838   3.761931     1.6299     1.3362      51.69   24.22536  -81.60877    0.00021    0.00007     2.8946     2.9398     9.0310     9.0321    34.7656    34.7654    26.9296    26.9293    1535.17    125.881    127.850         30 0.0000e+00
      52381   2182.499   1209.662   1221.000     9.2123     9.2128   3.765739   3.765801     1.6312     1.3380      56.29   24.22551  -81.60928    0.00026    0.00037     2.8941     2.9418     9.0706     9.0710    34.7696    34.7698    26.9264    26.9264    1535.18    125.862    127.937         31 0.0000e+00
      52493   2187.162   1205.711   1217.000     9.2686     9.2756   3.771510   3.772180     1.6332     1.3401      60.86   24.22568  -81.60991    0.00053    0.00055     2.8949     2.9426     9.1269     9.1338    34.7766    34.7768    26.9228    26.9218    1535.19    125.895    127.973         32 0.0000e+00
      52635   2193.067   1200.771   1212.000     9.3358     9.3415   3.778271   3.778954     1.6348     1.3417      66.51   24.22532  -81.60869    0.00023    0.00038     2.8930     2.9415     9.1941     9.1997    34.7837    34.7852    26.9174    26.9177    1535.17    125.814    127.925         31 0.0000e+00
      52746   2197.692   1196.820   1208.000     9.3960     9.4039   3.784492   3.785416     1.6363     1.3420      71.08   24.22555  -81.60946    0.00041    0.00002     2.8916     2.9364     9.2543     9.2621    34.7915    34.7934    26.9137    26.9140    1535.18    125.752    127.701         30 0.0000e+00
      52776   2198.975   1195.832   1207.000     9.3978     9.4133   3.784359   3.786371     1.6366     1.3419      72.28   24.22550  -81.60928    0.00033    0.00001     2.8921     2.9350     9.2562     9.2715    34.7903    34.7946    26.9125    26.9134    1535.18    125.776    127.642         31 0.0000e+00
      52887   2203.604   1191.880   1203.000     9.4332     9.4367   3.788292   3.788672     1.6383     1.3442      76.81   24.22573  -81.61005    0.00036    0.00058     2.8932     2.9395     9.2917     9.2952    34.7970    34.7975    26.9119    26.9118    1535.19    125.826    127.837         31 0.0000e+00
      53310   2221.206   1177.061   1188.000     9.7907     9.7806   3.825345   3.824678     1.6443     1.3480      93.68   24.22523  -81.60844    0.00067    0.00003     2.8801     2.9212     9.6480     9.6380    34.8440    34.8441    26.8897    26.8915    1535.16    125.258    127.047         30 0.0000e+00
      53422   2225.871   1173.109   1184.000     9.8152     9.8149   3.828338   3.828309     1.6436     1.3497      86.85   24.22521  -81.60835   -0.00018    0.00043     2.8741     2.9232     9.6728     9.6725    34.8480    34.8480    26.8886    26.8887    1535.16    124.994    127.132         30 0.0000e+00
      53564   2231.807   1168.169   1179.000     9.8242     9.8253   3.828990   3.829119     1.6446     1.3506      87.78   24.22542  -81.60907    0.00020    0.00005     2.8747     2.9234     9.6824     9.6835    34.8482    34.8484    26.8872    26.8872    1535.18    125.025    127.140         30 0.0000e+00
      53734   2238.891   1162.240   1173.000     9.8990     9.9029   3.836797   3.837213     1.6470     1.3529     100.00   24.22566  -81.60986    0.00054    0.00031     2.8743     2.9232     9.7573     9.7612    34.8587    34.8591    26.8828    26.8825    1535.19    125.007    127.134         31 0.0000e+00
      53845   2243.505   1158.288   1169.000     9.9665     9.9739   3.843819   3.844648     1.6496     1.3557      61.38   24.22554  -81.60947    0.00052    0.00073     2.8761     2.9260     9.8248     9.8321    34.8671    34.8684    26.8780    26.8778    1535.18    125.087    127.256         31 0.0000e+00
      53876   2244.789   1157.300   1168.000     9.9762     9.9837   3.844846   3.845667     1.6499     1.3565     100.54   24.22548  -81.60928    0.00047    0.00087     2.8758     2.9276     9.8345     9.8419    34.8686    34.8698    26.8776    26.8772    1535.18    125.072    127.324         30 0.0000e+00
      54185   2257.659   1146.431   1157.000    10.1221    10.1232   3.860072   3.860168     1.6578     1.3625     100.00   24.22562  -81.60974    0.00083    0.00060     2.8855     2.9334     9.9806     9.9817    34.8882    34.8881    26.8680    26.8677    1535.19    125.493    127.578         30 0.0000e+00
      54215   2258.920   1145.442   1156.000    10.1488    10.1656   3.862688   3.864566     1.6589     1.3633     100.00   24.22548  -81.60928    0.00079    0.00059     2.8865     2.9332    10.0072    10.0262    34.8896    34.8917    26.8645    26.8631    1535.18    125.539    127.571         30 0.0000e+00
      54296   2262.285   1142.478   1153.000    10.2517    10.2650   3.873851   3.875220     1.6628     1.3675     100.00   24.22586  -81.61055    0.00114    0.00124     2.8896     2.9384    10.1096    10.1228    34.9055    34.9067    26.8594    26.8581    1535.20    125.673    127.795         31 0.0000e+00
      54326   2263.559   1141.490   1152.000    10.2671    10.2825   3.875502   3.877122     1.6642     1.3690     100.00   24.22548  -81.60928    0.00121    0.00120     2.8923     2.9418    10.1250    10.1403    34.9078    34.9095    26.8585    26.8572    1535.18    125.793    127.946         31 0.0000e+00
      54437   2268.161   1137.537   1148.000    10.3818    10.3922   3.887778   3.888959     1.6708     1.3749     100.00   24.22542  -81.60908    0.00145    0.00136     2.9026     2.9516    10.2393    10.2496    34.9239    34.9258    26.8513    26.8510    1535.18    126.239    128.374         31 0.0000e+00
      54468   2269.443   1136.549   1147.000    10.3999    10.4087   3.889659   3.890793     1.6722     1.3765     100.00   24.22548  -81.60928    0.00136    0.00132     2.9053     2.9556    10.2573    10.2661    34.9260    34.9290    26.8498    26.8506    1535.18    126.357    128.544         30 0.0000e+00
      54692   2278.774   1128.644   1139.000    10.5813    10.5952   3.908952   3.910506     1.6825     1.3851      96.88   24.22552  -81.60940    0.00123    0.00086     2.9201     2.9673    10.4384    10.4521    34.9504    34.9528    26.8372    26.8366    1535.18    127.003    129.055         32 0.0000e+00
      54833   2284.672   1123.702   1134.000    10.7680    10.7751   3.929316   3.930160     1.6909     1.3930     100.00   24.22531  -81.60872    0.00157    0.00135     2.9296     2.9780    10.6241    10.6312    34.9788    34.9804    26.8265    26.8265    1535.17    127.418    129.525         30 0.0000e+00
      54946   2289.387   1119.749   1130.000    10.8574    10.8579   3.939119   3.939239     1.6952     1.3968      99.57   24.22583  -81.61044    0.00096    0.00096     2.9345     2.9831    10.7134    10.7138    34.9934    34.9939    26.8220    26.8224    1535.20    127.632    129.744         32 0.0000e+00
      54977   2290.661   1118.761   1129.000    10.8603    10.8618   3.939299   3.939556     1.6956     1.3973     100.01   24.22548  -81.60928    0.00053    0.00067     2.9350     2.9839    10.7164    10.7178    34.9929    34.9940    26.8211    26.8217    1535.18    127.653    129.782         30 0.0000e+00
      55059   2294.093   1115.796   1126.000    10.8778    10.8771   3.941103   3.941083     1.6979     1.3992     100.00   24.22624  -81.61185    0.00064    0.00047     2.9396     2.9881    10.7342    10.7334    34.9957    34.9962    26.8201    26.8207    1535.23    127.855    129.963         30 0.0000e+00
      55088   2295.297   1114.808   1125.000    10.8823    10.8837   3.941662   3.941830     1.6988     1.4002     100.00   24.22548  -81.60928    0.00081    0.00076     2.9415     2.9904    10.7387    10.7401    34.9955    34.9959    26.8191    26.8192    1535.18    127.935    130.063         31 0.0000e+00
      55201   2300.001   1110.855   1121.000    10.9696    10.9705   3.950849   3.951004     1.7039     1.4062     100.00   24.22571  -81.61004    0.00116    0.00129     2.9489     3.0021    10.8259    10.8268    35.0076    35.0083    26.8130    26.8133    1535.19    128.261    130.574         30 0.0000e+00
      55766   2323.526   1091.088   1101.000    11.4180    11.4377   3.999969   4.001956     1.7266     1.4255     100.00   24.22554  -81.60948    0.00055    0.00046     2.9755     3.0229    11.2735    11.2929    35.0777    35.0788    26.7861    26.7833    1535.18    129.420    131.479         30 0.0000e+00
      55796   2324.777   1090.099   1100.000    11.4780    11.4880   4.006192   4.007904     1.7273     1.4259     100.00   24.22548  -81.60928    0.00062    0.00070     2.9726     3.0199    11.3286    11.3448    35.0870    35.0910    26.7831    26.7837    1535.18    129.294    131.351         30 0.0000e+00
      55908   2329.441   1086.146   1096.000    11.5925    11.5980   4.019532   4.020283     1.7263     1.4236     100.00   24.22528  -81.60866   -0.00036   -0.00063     2.9595     3.0029    11.4472    11.4527    35.1075    35.1097    26.7770    26.7777    1535.17    128.726    130.610         31 0.0000e+00
      56020   2334.146   1082.192   1092.000    11.6395    11.6426   4.024628   4.024997     1.7251     1.4230     100.00   24.22524  -81.60854   -0.00015   -0.00020     2.9513     2.9964    11.4945    11.4975    35.1148    35.1155    26.7739    26.7739    1535.17    128.366    130.330         31 0.0000e+00
      56276   2344.784   1073.296   1083.000    11.7762    11.7806   4.039669   4.039998     1.7280     1.4267     100.00   24.22538  -81.60901    0.00050    0.00052     2.9463     2.9947    11.6313    11.6357    35.1371    35.1361    26.7656    26.7641    1535.17    128.153    130.260         31 0.0000e+00
      56388   2349.454   1069.342   1079.000    11.9421    11.9405   4.058057   4.057783     1.7337     1.4312      50.53   24.22563  -81.60984    0.00139    0.00084     2.9493     2.9960    11.7965    11.7949    35.1622    35.1611    26.7540    26.7534    1535.19    128.282    130.312         30 0.0000e+00
      56418   2350.696   1068.353   1078.000    11.9707    11.9745   4.061200   4.061728     1.7351     1.4326     100.35   24.22546  -81.60928    0.00128    0.00112     2.9509     2.9976    11.8250    11.8288    35.1663    35.1679    26.7517    26.7522    1535.18    128.352    130.386         30 0.0000e+00
      56529   2355.344   1064.399   1074.000    12.0776    12.0892   4.073329   4.074668     1.7402     1.4368      69.49   24.22536  -81.60894    0.00119    0.00094     2.9564     3.0012    11.9316    11.9431    35.1855    35.1877    26.7464    26.7458    1535.17    128.593    130.542         30 0.0000e+00
      56642   2360.025   1060.445   1070.000    12.1245    12.1243   4.078380   4.078492     1.7442     1.4407      74.29   24.22550  -81.60941    0.00071    0.00080     2.9628     3.0094    11.9788    11.9786    35.1922    35.1935    26.7425    26.7436    1535.18    128.874    130.897         30 0.0000e+00
      56673   2361.329   1059.456   1069.000    12.1259    12.1335   4.078451   4.079403     1.7449     1.4415      86.58   24.22546  -81.60928    0.00068    0.00092     2.9644     3.0111    11.9803    11.9878    35.1920    35.1942    26.7420    26.7423    1535.18    128.944    130.971         31 0.0000e+00
      56785   2365.996   1055.502   1065.000    12.1669    12.1676   4.082955   4.083115     1.7477     1.4444     100.00   24.22585  -81.61059    0.00061    0.00068     2.9682     3.0161    12.0216    12.0223    35.1990    35.1999    26.7396    26.7402    1535.20    129.108    131.189         31 0.0000e+00
      56982   2374.213   1048.582   1058.000    12.2815    12.2898   4.095480   4.096506     1.7543     1.4499     100.00   24.22551  -81.60943    0.00099    0.00079     2.9762     3.0219    12.1363    12.1446    35.2157    35.2178    26.7305    26.7305    1535.18    129.455    131.444         31 0.0000e+00
      57236   2384.797   1039.684   1049.000    12.4811    12.4888   4.117780   4.118691     1.7658     1.4617     100.00   24.22529  -81.60873    0.00099    0.00101     2.9910     3.0412    12.3357    12.3433    35.2477    35.2493    26.7166    26.7164    1535.17    130.102    132.284         30 0.0000e+00
      57349   2389.509   1035.730   1045.000    12.6004    12.5973   4.131335   4.131099     1.7749     1.4689      96.18   24.22553  -81.60960    0.00212    0.00161     3.0067     3.0543    12.4547    12.4517    35.2683    35.2689    26.7093    26.7104    1535.19    130.785    132.857         31 0.0000e+00
      57489   2395.341   1030.787   1040.000    12.7218    12.7322   4.144874   4.146254     1.7838     1.4783      97.88   24.22533  -81.60886    0.00160    0.00226     3.0209     3.0718    12.5759    12.5863    35.2869    35.2903    26.6999    26.7005    1535.17    131.406    133.617         32 0.0000e+00
      57659   2402.427   1024.854   1034.000    12.8001    12.8055   4.153548   4.154318     1.7921     1.4859     100.00   24.22536  -81.60895    0.00121    0.00099     3.0368     3.0875    12.6545    12.6599    35.2993    35.3016    26.6940    26.6947    1535.17    132.098    134.304         30 0.0000e+00
      57970   2415.374   1013.978   1023.000    13.0982    13.1009   4.187543   4.187881     1.8107     1.5018     100.00   24.22566  -81.60998    0.00103    0.00082     3.0629     3.1107    12.9520    12.9548    35.3506    35.3513    26.6743    26.6743    1535.19    133.237    135.316         30 0.0000e+00
      58001   2416.655   1012.989   1022.000    13.1082    13.1173   4.188489   4.189744     1.8119     1.5019     100.00   24.22546  -81.60930    0.00101    0.00047     3.0652     3.1095    12.9621    12.9712    35.3506    35.3541    26.6723    26.6731    1535.18    133.337    135.262         32 0.0000e+00
