GOMECC/GOMECC-4/1db/urb2103_0821.cnv
* Sea-Bird SBE 9 Data File:
* FileName = C:\Users\scs.user.rb\CTD\GOMECC4\data\rb2103_0821.hex
* Software Version Seasave V 7.26.7.107
* Temperature SN = 4799
* Conductivity SN = 3860
* Number of Bytes Per Scan = 41
* Number of Voltage Words = 4
* Number of Scans Averaged by the Deck Unit = 1
* NMEA Latitude = 22 16.54 N
* NMEA Longitude = 095 35.27 W
* NMEA UTC (Time) = Oct 06 2021  22:50:02
* NMEA baud rate = 4800
# nquan = 28
# nvalues = 551                         
# units = specified
# name 0 = scan: Scan Count
# name 1 = timeS: Time, Elapsed [seconds]
# name 2 = depSM: Depth [salt water, m]
# name 3 = prDM: Pressure, Digiquartz [db]
# name 4 = t090C: Temperature [ITS-90, deg C]
# name 5 = t190C: Temperature, 2 [ITS-90, deg C]
# name 6 = c0S/m: Conductivity [S/m]
# name 7 = c1S/m: Conductivity, 2 [S/m]
# name 8 = sbeox0V: Oxygen raw, SBE 43 [V]
# name 9 = sbeox1V: Oxygen raw, SBE 43, 2 [V]
# name 10 = altM: Altimeter [m]
# name 11 = latitude: Latitude [deg]
# name 12 = longitude: Longitude [deg]
# name 13 = sbox0dV/dT: Oxygen, SBE 43 [dov/dt]
# name 14 = sbox1dV/dT: Oxygen, SBE 43, 2 [dov/dt]
# name 15 = sbeox0ML/L: Oxygen, SBE 43 [ml/l], WS = 5
# name 16 = sbeox1ML/L: Oxygen, SBE 43, 2 [ml/l], WS = 5
# name 17 = potemp090C: Potential Temperature [ITS-90, deg C]
# name 18 = potemp190C: Potential Temperature, 2 [ITS-90, deg C]
# name 19 = sal00: Salinity, Practical [PSU]
# name 20 = sal11: Salinity, Practical, 2 [PSU]
# name 21 = sigma-é00: Density [sigma-theta, kg/m^3]
# name 22 = sigma-é11: Density, 2 [sigma-theta, kg/m^3]
# name 23 = avgsvCM: Average Sound Velocity [Chen-Millero, m/s], minP = 20, minS = 20
# name 24 = sbox0Mm/Kg: Oxygen, SBE 43 [umol/kg], WS = 5
# name 25 = sbox1Mm/Kg: Oxygen, SBE 43, 2 [umol/kg], WS = 5
# name 26 = nbin: number of scans per bin
# name 27 = flag: flag
# span 0 =      98481,     231714       
# span 1 =   4103.317,   9654.688       
# span 2 =      0.994,   2978.797       
# span 3 =      1.000,   3019.000       
# span 4 =     4.2759,    29.7622       
# span 5 =     4.2770,    29.7662       
# span 6 =   3.345702,   6.014704       
# span 7 =   3.345683,   6.015252       
# span 8 =     1.5624,     3.3891       
# span 9 =     1.2651,     2.8953       
# span 10 =      10.94,     101.89      
# span 11 =   21.52081,   22.46482      
# span 12 =  -96.40962,  -92.35855      
# span 13 =   -0.00910,    0.04151      
# span 14 =   -0.01746,    0.04061      
# span 15 =     2.3637,     5.0836      
# span 16 =     2.3761,     5.0863      
# span 17 =     4.0787,    29.7580      
# span 18 =     4.0797,    29.7620      
# span 19 =    34.9132,    36.5390      
# span 20 =    34.9121,    36.5398      
# span 21 =    22.0451,    27.7581      
# span 22 =    22.0448,    27.7569      
# span 23 =    1450.53,    1514.15      
# span 24 =    102.780,    221.738      
# span 25 =    103.321,    221.832      
# span 26 =         30,         74      
# span 27 = 0.0000e+00, 0.0000e+00      
# interval = decibars: 1                
# start_time = Oct 06 2021 22:50:02 [NMEA time, header]
# bad_flag = -9.990e-29
*END*
[from data line 156]
     146231   6092.919   1567.161   1583.000     4.2961     4.2974   3.348757   3.348742     1.9308     1.6066     100.00   22.27492  -95.59111    0.00006    0.00007     4.5987     4.6129     4.1647     4.1661    34.9692    34.9677    27.7443    27.7430    1501.32    199.833    200.453         33 0.0000e+00
     146262   6094.207   1566.174   1582.000     4.2961     4.2976   3.348699   3.348685     1.9308     1.6067      57.33   22.27478  -95.59040    0.00007    0.00004     4.5980     4.6126     4.1649     4.1663    34.9690    34.9673    27.7441    27.7426    1501.31    199.803    200.436         30 0.0000e+00
     146438   6101.541   1559.270   1575.000     4.2990     4.3002   3.348645   3.348620     1.9317     1.6066      94.96   22.27470  -95.59009    0.00009   -0.00004     4.5967     4.6075     4.1684     4.1696    34.9687    34.9672    27.7435    27.7421    1501.30    199.748    200.217         30 0.0000e+00
     146469   6102.838   1558.284   1574.000     4.2993     4.3006   3.348632   3.348602     1.9316     1.6066     100.10   22.27478  -95.59041    0.00002   -0.00007     4.5960     4.6071     4.1688     4.1700    34.9688    34.9671    27.7435    27.7420    1501.31    199.715    200.197         30 0.0000e+00
     146592   6107.946   1553.352   1569.000     4.3001     4.3013   3.348577   3.348535     1.9318     1.6068     100.00   22.27532  -95.59282    0.00006   -0.00001     4.5936     4.6046     4.1701     4.1712    34.9697    34.9680    27.7441    27.7427    1501.35    199.610    200.090         31 0.0000e+00
     146624   6109.293   1552.366   1568.000     4.3000     4.3010   3.348434   3.348396     1.9316     1.6067     100.00   22.27478  -95.59040   -0.00000   -0.00004     4.5921     4.6037     4.1700     4.1710    34.9687    34.9671    27.7433    27.7420    1501.31    199.548    200.051         38 0.0000e+00
     146744   6114.303   1547.434   1563.000     4.3003     4.3013   3.348332   3.348300     1.9320     1.6078      97.00   22.27533  -95.59286    0.00006    0.00021     4.5904     4.6052     4.1708     4.1718    34.9695    34.9681    27.7439    27.7427    1501.35    199.475    200.117         30 0.0000e+00
     146775   6115.597   1546.448   1562.000     4.3001     4.3012   3.348191   3.348155     1.9323     1.6073     100.12   22.27476  -95.59040    0.00006    0.00017     4.5911     4.6028     4.1707     4.1718    34.9686    34.9670    27.7432    27.7418    1501.31    199.502    200.010         37 0.0000e+00
     146965   6123.500   1540.529   1556.000     4.3013     4.3021   3.348109   3.348047     1.9328     1.6082     100.00   22.27520  -95.59233   -0.00004    0.00004     4.5892     4.6025     4.1725     4.1733    34.9693    34.9677    27.7435    27.7422    1501.34    199.420    199.998         43 0.0000e+00
     147011   6125.432   1539.543   1555.000     4.3007     4.3012   3.347955   3.347873     1.9327     1.6084      92.24   22.27477  -95.59042   -0.00004    0.00001     4.5884     4.6029     4.1720     4.1725    34.9686    34.9671    27.7430    27.7418    1501.31    199.388    200.017         33 0.0000e+00
     147052   6127.126   1538.556   1554.000     4.3011     4.3020   3.347948   3.347900     1.9327     1.6090      99.90   22.27477  -95.59042    0.00001    0.00021     4.5879     4.6046     4.1725     4.1733    34.9686    34.9671    27.7429    27.7417    1501.31    199.364    200.092         42 0.0000e+00
     147147   6131.095   1537.570   1553.000     4.3010     4.3023   3.347897   3.347879     1.9327     1.6092      63.35   22.27478  -95.59042    0.00003    0.00011     4.5872     4.6051     4.1725     4.1738    34.9685    34.9670    27.7429    27.7415    1501.31    199.335    200.114         46 0.0000e+00
     147225   6134.343   1536.583   1552.000     4.3011     4.3021   3.347863   3.347817     1.9331     1.6093      98.01   22.27477  -95.59042    0.00007    0.00004     4.5883     4.6046     4.1726     4.1736    34.9686    34.9670    27.7430    27.7416    1501.31    199.380    200.092         36 0.0000e+00
     147323   6138.409   1535.597   1551.000     4.3012     4.3023   3.347827   3.347798     1.9334     1.6093     100.00   22.27478  -95.59042    0.00009    0.00002     4.5887     4.6043     4.1728     4.1739    34.9685    34.9670    27.7429    27.7416    1501.31    199.400    200.076         47 0.0000e+00
     148099   6170.748   1534.611   1550.000     4.3022     4.3033   3.347873   3.347842     1.9335     1.6093     100.00   22.27477  -95.59043    0.00004    0.00002     4.5884     4.6033     4.1739     4.1750    34.9684    34.9669    27.7427    27.7414    1501.31    199.385    200.033         37 0.0000e+00
     149035   6209.744   1532.638   1548.000     4.3033     4.3042   3.348080   3.348029     1.9340     1.6094     100.01   22.27628  -95.59695    0.00007    0.00002     4.5886     4.6022     4.1752     4.1761    34.9708    34.9692    27.7445    27.7431    1501.41    199.394    199.988         56 0.0000e+00
     149083   6211.757   1531.651   1547.000     4.3032     4.3043   3.347832   3.347795     1.9339     1.6094      88.37   22.27476  -95.59045    0.00009    0.00003     4.5879     4.6019     4.1752     4.1763    34.9684    34.9668    27.7425    27.7411    1501.31    199.367    199.973         61 0.0000e+00
     149156   6214.781   1530.665   1546.000     4.3036     4.3047   3.347813   3.347783     1.9340     1.6095      99.96   22.27476  -95.59044    0.00002    0.00006     4.5877     4.6017     4.1756     4.1768    34.9683    34.9667    27.7424    27.7410    1501.31    199.355    199.963         55 0.0000e+00
     149207   6216.899   1529.669   1545.000     4.3038     4.3052   3.347798   3.347783     1.9341     1.6094     100.00   22.27476  -95.59044 -9.526e-07   -0.00007     4.5874     4.6008     4.1760     4.1773    34.9683    34.9667    27.7424    27.7410    1501.31    199.343    199.926         33 0.0000e+00
     149242   6218.382   1528.692   1544.000     4.3046     4.3059   3.347827   3.347799     1.9342     1.6096     100.00   22.27476  -95.59044    0.00006    0.00000     4.5872     4.6007     4.1768     4.1781    34.9684    34.9667    27.7423    27.7409    1501.31    199.334    199.923         36 0.0000e+00
     149286   6220.199   1527.705   1543.000     4.3048     4.3061   3.347804   3.347783     1.9343     1.6099     100.00   22.27476  -95.59044    0.00008    0.00016     4.5867     4.6015     4.1771     4.1785    34.9683    34.9667    27.7423    27.7408    1501.31    199.314    199.957         50 0.0000e+00
     149328   6221.946   1526.719   1542.000     4.3053     4.3064   3.347796   3.347767     1.9344     1.6103     100.00   22.27476  -95.59044    0.00005    0.00019     4.5865     4.6023     4.1777     4.1789    34.9682    34.9667    27.7421    27.7408    1501.31    199.303    199.990         31 0.0000e+00
     149408   6225.275   1523.760   1539.000     4.3061     4.3072   3.347821   3.347772     1.9345     1.6105     100.00   22.27522  -95.59245    0.00003    0.00008     4.5850     4.6014     4.1788     4.1799    34.9691    34.9674    27.7427    27.7412    1501.34    199.238    199.950         30 0.0000e+00
     149438   6226.523   1522.773   1538.000     4.3061     4.3074   3.347705   3.347683     1.9346     1.6105     100.00   22.27476  -95.59046    0.00004    0.00007     4.5847     4.6008     4.1789     4.1802    34.9682    34.9667    27.7420    27.7406    1501.31    199.227    199.926         35 0.0000e+00
     149544   6230.957   1518.827   1534.000     4.3080     4.3091   3.347721   3.347684     1.9352     1.6105     100.00   22.27491  -95.59108    0.00018    0.00001     4.5843     4.5981     4.1811     4.1822    34.9684    34.9668    27.7419    27.7405    1501.32    199.208    199.807         31 0.0000e+00
     149802   6241.695   1508.962   1524.000     4.3113     4.3126   3.347554   3.347524     1.9354     1.6112      99.61   22.27464  -95.58993   -0.00005    0.00006     4.5790     4.5945     4.1854     4.1866    34.9678    34.9662    27.7410    27.7395    1501.30    198.980    199.653         30 0.0000e+00
     150518   6271.559   1481.336   1496.000     4.3177     4.3189   3.346954   3.346929     1.9380     1.6130     100.00   22.27488  -95.59107    0.00014    0.00011     4.5711     4.5841     4.1943     4.1955    34.9678    34.9662    27.7400    27.7386    1501.32    198.635    199.202         30 0.0000e+00
     151005   6291.830   1462.588   1477.000     4.3248     4.3260   3.346793   3.346764     1.9393     1.6142     100.00   22.27510  -95.59206    0.00007   -0.00001     4.5638     4.5771     4.2031     4.2042    34.9677    34.9662    27.7390    27.7376    1501.33    198.317    198.896         30 0.0000e+00
     151131   6297.091   1457.654   1472.000     4.3258     4.3268   3.346646   3.346597     1.9393     1.6136     100.00   22.27492  -95.59127    0.00002   -0.00024     4.5607     4.5715     4.2045     4.2055    34.9674    34.9658    27.7386    27.7372    1501.32    198.185    198.652         31 0.0000e+00
     151489   6312.015   1443.838   1458.000     4.3290     4.3302   3.346293   3.346267     1.9405     1.6151     100.00   22.27464  -95.59011    0.00005   -0.00002     4.5566     4.5688     4.2090     4.2102    34.9667    34.9651    27.7376    27.7362    1501.30    198.005    198.537         31 0.0000e+00
     151796   6324.773   1431.995   1446.000     4.3352     4.3367   3.346361   3.346362     1.9408     1.6157     100.00   22.27495  -95.59149   -0.00004    0.00006     4.5496     4.5631     4.2163     4.2178    34.9669    34.9653    27.7369    27.7355    1501.33    197.701    198.290         31 0.0000e+00
     151826   6326.022   1431.008   1445.000     4.3357     4.3372   3.346313   3.346310     1.9407     1.6157      82.91   22.27472  -95.59052   -0.00002   -0.00008     4.5488     4.5627     4.2168     4.2183    34.9663    34.9647    27.7364    27.7350    1501.31    197.668    198.273         31 0.0000e+00
     151954   6331.387   1426.074   1440.000     4.3372     4.3383   3.346408   3.346376     1.9412     1.6156     100.01   22.27593  -95.59573    0.00012   -0.00004     4.5474     4.5591     4.2188     4.2199    34.9684    34.9668    27.7378    27.7365    1501.39    197.604    198.116         37 0.0000e+00
     151986   6332.720   1425.087   1439.000     4.3368     4.3380   3.346164   3.346141     1.9413     1.6154     100.00   22.27472  -95.59052    0.00013    0.00001     4.5474     4.5579     4.2184     4.2197    34.9664    34.9648    27.7363    27.7349    1501.31    197.606    198.063         36 0.0000e+00
     152101   6337.493   1420.152   1434.000     4.3376     4.3388   3.346044   3.346015     1.9414     1.6166      97.08   22.27484  -95.59104    0.00004    0.00030     4.5445     4.5596     4.2198     4.2209    34.9665    34.9650    27.7362    27.7349    1501.32    197.482    198.138         37 0.0000e+00
     152135   6338.897   1419.165   1433.000     4.3375     4.3387   3.345970   3.345941     1.9413     1.6166      69.25   22.27472  -95.59052   -0.00001    0.00023     4.5438     4.5590     4.2198     4.2209    34.9662    34.9647    27.7360    27.7347    1501.31    197.448    198.111         30 0.0000e+00
     152282   6345.044   1413.243   1427.000     4.3391     4.3403   3.345855   3.345825     1.9417     1.6168     100.00   22.27473  -95.59057   -0.00002    0.00003     4.5413     4.5562     4.2218     4.2231    34.9662    34.9646    27.7358    27.7343    1501.31    197.342    197.988         41 0.0000e+00
     152489   6353.672   1405.346   1419.000     4.3419     4.3435   3.345725   3.345732     1.9426     1.6171     100.00   22.27452  -95.58966    0.00006   -0.00011     4.5398     4.5522     4.2254     4.2270    34.9656    34.9640    27.7350    27.7335    1501.30    197.277    197.816         32 0.0000e+00
     152616   6358.967   1400.412   1414.000     4.3446     4.3459   3.345859   3.345843     1.9431     1.6179     100.00   22.27533  -95.59316    0.00012    0.00014     4.5381     4.5522     4.2285     4.2298    34.9668    34.9653    27.7356    27.7342    1501.35    197.201    197.817         35 0.0000e+00
     152647   6360.242   1399.424   1413.000     4.3443     4.3456   3.345702   3.345683     1.9429     1.6179     100.00   22.27472  -95.59052    0.00005    0.00009     4.5369     4.5515     4.2283     4.2296    34.9658    34.9642    27.7347    27.7334    1501.31    197.152    197.783         32 0.0000e+00
     152768   6365.286   1394.489   1408.000     4.3490     4.3504   3.345906   3.345899     1.9430     1.6178     100.00   22.27477  -95.59074    0.00005   -0.00003     4.5339     4.5475     4.2335     4.2349    34.9657    34.9641    27.7341    27.7327    1501.31    197.020    197.609         34 0.0000e+00
     152897   6370.658   1389.553   1403.000     4.3520     4.3532   3.345933   3.345908     1.9430     1.6177     100.00   22.27462  -95.59010    0.00003   -0.00001     4.5304     4.5438     4.2369     4.2380    34.9653    34.9638    27.7334    27.7321    1501.30    196.866    197.450         30 0.0000e+00
     153179   6382.409   1378.695   1392.000     4.3575     4.3586   3.345976   3.345938     1.9428     1.6175      98.84   22.27484  -95.59105    0.00002   -0.00006     4.5227     4.5357     4.2433     4.2444    34.9655    34.9638    27.7329    27.7315    1501.32    196.533    197.100         31 0.0000e+00
     153333   6388.849   1372.771   1386.000     4.3608     4.3617   3.345956   3.345908     1.9426     1.6177      99.91   22.27456  -95.58984   -0.00008    0.00008     4.5179     4.5328     4.2471     4.2480    34.9647    34.9632    27.7319    27.7306    1501.30    196.324    196.972         38 0.0000e+00
     153462   6394.193   1367.836   1381.000     4.3636     4.3651   3.346095   3.346092     1.9430     1.6174     100.00   22.27530  -95.59311    0.00007   -0.00004     4.5159     4.5281     4.2504     4.2519    34.9659    34.9642    27.7325    27.7310    1501.35    196.239    196.770         40 0.0000e+00
     153589   6399.486   1362.899   1376.000     4.3664     4.3677   3.346122   3.346089     1.9430     1.6171      93.90   22.27530  -95.59313    0.00007   -0.00005     4.5129     4.5237     4.2536     4.2549    34.9657    34.9640    27.7320    27.7305    1501.35    196.107    196.577         30 0.0000e+00
     153616   6400.643   1361.912   1375.000     4.3664     4.3675   3.345991   3.345952     1.9429     1.6174     100.18   22.27470  -95.59054    0.00007    0.00004     4.5120     4.5245     4.2537     4.2548    34.9646    34.9630    27.7311    27.7297    1501.31    196.070    196.613         32 0.0000e+00
     153973   6415.502   1348.090   1361.000     4.3771     4.3783   3.346311   3.346283     1.9427     1.6178     100.00   22.27458  -95.58995   -0.00009    0.00004     4.5014     4.5163     4.2656     4.2668    34.9640    34.9624    27.7293    27.7279    1501.30    195.610    196.255         31 0.0000e+00
     154063   6419.268   1345.128   1358.000     4.3781     4.3796   3.346219   3.346216     1.9424     1.6178     100.00   22.27418  -95.58823   -0.00007    0.00000     4.4985     4.5144     4.2669     4.2683    34.9633    34.9618    27.7286    27.7272    1501.27    195.483    196.172         34 0.0000e+00
     154135   6422.233   1344.140   1357.000     4.3766     4.3777   3.346113   3.346079     1.9417     1.6173     100.00   22.27472  -95.59054   -0.00026   -0.00011     4.4955     4.5121     4.2655     4.2665    34.9642    34.9626    27.7295    27.7281    1501.31    195.352    196.072         41 0.0000e+00
     154215   6425.570   1343.153   1356.000     4.3768     4.3784   3.346082   3.346093     1.9420     1.6169     100.00   22.27472  -95.59054    0.00005   -0.00014     4.4962     4.5100     4.2657     4.2673    34.9641    34.9626    27.7294    27.7280    1501.31    195.383    195.984         50 0.0000e+00
