GOMECC/GOMECC-4/1db/urb2103_0881.cnv
* Sea-Bird SBE 9 Data File:
* FileName = C:\Users\scs.user.rb\CTD\GOMECC4\data\rb2103_0881.hex
* Software Version Seasave V 7.26.7.107
* Temperature SN = 4799
* Conductivity SN = 3860
* Number of Bytes Per Scan = 41
* Number of Voltage Words = 4
* Number of Scans Averaged by the Deck Unit = 1
* NMEA Latitude = 19 10.20 N
* NMEA Longitude = 093 17.93 W
* NMEA UTC (Time) = Oct 08 2021  18:58:02
* NMEA baud rate = 4800
# nquan = 28
# nvalues = 284                         
# units = specified
# name 0 = scan: Scan Count
# name 1 = timeS: Time, Elapsed [seconds]
# name 2 = depSM: Depth [salt water, m]
# name 3 = prDM: Pressure, Digiquartz [db]
# name 4 = t090C: Temperature [ITS-90, deg C]
# name 5 = t190C: Temperature, 2 [ITS-90, deg C]
# name 6 = c0S/m: Conductivity [S/m]
# name 7 = c1S/m: Conductivity, 2 [S/m]
# name 8 = sbeox0V: Oxygen raw, SBE 43 [V]
# name 9 = sbeox1V: Oxygen raw, SBE 43, 2 [V]
# name 10 = altM: Altimeter [m]
# name 11 = latitude: Latitude [deg]
# name 12 = longitude: Longitude [deg]
# name 13 = sbox0dV/dT: Oxygen, SBE 43 [dov/dt]
# name 14 = sbox1dV/dT: Oxygen, SBE 43, 2 [dov/dt]
# name 15 = sbeox0ML/L: Oxygen, SBE 43 [ml/l], WS = 5
# name 16 = sbeox1ML/L: Oxygen, SBE 43, 2 [ml/l], WS = 5
# name 17 = potemp090C: Potential Temperature [ITS-90, deg C]
# name 18 = potemp190C: Potential Temperature, 2 [ITS-90, deg C]
# name 19 = sal00: Salinity, Practical [PSU]
# name 20 = sal11: Salinity, Practical, 2 [PSU]
# name 21 = sigma-é00: Density [sigma-theta, kg/m^3]
# name 22 = sigma-é11: Density, 2 [sigma-theta, kg/m^3]
# name 23 = avgsvCM: Average Sound Velocity [Chen-Millero, m/s], minP = 20, minS = 20
# name 24 = sbox0Mm/Kg: Oxygen, SBE 43 [umol/kg], WS = 5
# name 25 = sbox1Mm/Kg: Oxygen, SBE 43, 2 [umol/kg], WS = 5
# name 26 = nbin: number of scans per bin
# name 27 = flag: flag
# span 0 =      45672,      97301       
# span 1 =   1902.947,   4054.155       
# span 2 =      0.994,    716.377       
# span 3 =      1.000,    722.000       
# span 4 =     6.7202,    29.7398       
# span 5 =     6.7203,    29.7441       
# span 6 =   3.529047,   5.983931       
# span 7 =   3.529114,   5.984461       
# span 8 =     1.5591,     3.1996       
# span 9 =     1.2624,     2.7357       
# span 10 =      10.45,     105.81      
# span 11 =   19.00407,   19.30466      
# span 12 =  -93.95723,  -92.49434      
# span 13 =   -0.02546,    0.03305      
# span 14 =   -0.01947,    0.02742      
# span 15 =     2.3284,     4.7628      
# span 16 =     2.3422,     4.7768      
# span 17 =     6.6516,    29.7351      
# span 18 =     6.6517,    29.7394      
# span 19 =    34.9349,    36.5132      
# span 20 =    34.9347,    36.5144      
# span 21 =    21.9739,    27.4155      
# span 22 =    21.9734,    27.4154      
# span 23 =    1493.22,    1516.83      
# span 24 =    101.249,    207.650      
# span 25 =    101.847,    208.269      
# span 26 =         30,         73      
# span 27 = 0.0000e+00, 0.0000e+00      
# interval = decibars: 1                
# start_time = Oct 08 2021 18:58:02 [NMEA time, header]
# bad_flag = -9.990e-29
*END*
[from data line 52]
      57175   2382.237    433.894    437.000    10.3339    10.3338   3.887154   3.887125     1.5634     1.2655      96.03   19.16944  -93.29774    0.00009    0.00011     2.3499     2.3630    10.2814    10.2813    35.2730    35.2728    27.1164    27.1163    1506.18    102.176    102.746         30 0.0000e+00
      57276   2386.446    429.926    433.000    10.3755    10.3751   3.891589   3.891561     1.5645     1.2673     100.00   19.16982  -93.29969    0.00022    0.00048     2.3491     2.3648    10.3234    10.3229    35.2796    35.2797    27.1143    27.1144    1506.21    102.142    102.823         30 0.0000e+00
      57602   2400.042    417.031    420.000    10.5323    10.5373   3.907889   3.908346     1.5665     1.2679      99.99   19.16842  -93.29287    0.00006   -0.00038     2.3419     2.3535    10.4812    10.4862    35.2981    35.2979    27.1009    27.0998    1506.10    101.828    102.334         31 0.0000e+00
      57705   2404.352    413.064    416.000    10.5639    10.5639   3.911373   3.911427     1.5670     1.2690     100.00   19.16990  -93.30008    0.00007    0.00029     2.3400     2.3540    10.5132    10.5132    35.3050    35.3056    27.1007    27.1011    1506.22    101.749    102.357         31 0.0000e+00
      58209   2425.328    393.224    396.000    10.7883    10.8043   3.934862   3.936537     1.5734     1.2747      99.99   19.16820  -93.29191    0.00055    0.00027     2.3387     2.3514    10.7394    10.7554    35.3332    35.3346    27.0822    27.0804    1506.09    101.693    102.246         30 0.0000e+00
      58464   2435.975    383.303    386.000    10.9940    10.9938   3.957172   3.957215     1.5795     1.2804     100.00   19.16970  -93.29918    0.00038    0.00043     2.3401     2.3548    10.9458    10.9456    35.3635    35.3642    27.0687    27.0692    1506.20    101.757    102.394         30 0.0000e+00
      58617   2442.315    377.350    380.000    11.0735    11.0779   3.965501   3.965987     1.5823     1.2831     100.00   19.16860  -93.29384    0.00059    0.00043     2.3413     2.3561    11.0258    11.0302    35.3725    35.3732    27.0610    27.0607    1506.12    101.809    102.453         31 0.0000e+00
      58740   2447.457    372.390    375.000    11.1316    11.1372   3.971595   3.972268     1.5831     1.2836      99.99   19.16759  -93.28895    0.00035    0.00025     2.3388     2.3528    11.0844    11.0900    35.3793    35.3807    27.0555    27.0555    1506.04    101.699    102.308         36 0.0000e+00
      58866   2452.718    367.429    370.000    11.2284    11.2356   3.982057   3.982993     1.5846     1.2843      99.99   19.16768  -93.28939    0.00052    0.00024     2.3357     2.3479    11.1816    11.1888    35.3928    35.3952    27.0482    27.0487    1506.05    101.566    102.097         36 0.0000e+00
      58995   2458.082    362.468    365.000    11.3781    11.3816   3.998803   3.999258     1.5865     1.2857     100.00   19.16907  -93.29612    0.00050    0.00030     2.3306     2.3422    11.3315    11.3350    35.4181    35.4193    27.0402    27.0406    1506.15    101.342    101.847         37 0.0000e+00
      59124   2463.439    357.507    360.000    11.5141    11.5227   4.013911   4.014923     1.5891     1.2895     100.00   19.17022  -93.30172    0.00077    0.00094     2.3284     2.3439    11.4678    11.4764    35.4400    35.4418    27.0320    27.0318    1506.24    101.249    101.926         33 0.0000e+00
      59353   2473.014    353.538    356.000    11.5405    11.5308   4.016603   4.015470     1.5902     1.2907      97.88   19.17078  -93.30455    0.00011    0.00001     2.3285     2.3458    11.4947    11.4850    35.4433    35.4414    27.0296    27.0299    1506.29    101.256    102.008         51 0.0000e+00
      59441   2476.656    352.546    355.000    11.5584    11.5578   4.018382   4.018391     1.5912     1.2908      99.83   19.16938  -93.29772    0.00023    0.00005     2.3299     2.3445    11.5127    11.5121    35.4436    35.4439    27.0263    27.0267    1506.18    101.314    101.948         48 0.0000e+00
      59602   2483.374    350.561    353.000    11.6352    11.6624   4.025367   4.027960     1.5923     1.2926      99.96   19.16185  -93.26103    0.00029    0.00036     2.3288     2.3438    11.5895    11.6167    35.4389    35.4411    27.0076    27.0042    1505.59    101.268    101.921         57 0.0000e+00
      59740   2489.121    349.569    352.000    11.6893    11.6838   4.032736   4.031802     1.5945     1.2941      99.96   19.16940  -93.29771    0.00031    0.00031     2.3303     2.3463    11.6436    11.6381    35.4616    35.4580    27.0157    27.0139    1506.18    101.333    102.027         43 0.0000e+00
      59839   2493.232    348.577    351.000    11.7026    11.6982   4.034319   4.033785     1.5948     1.2952      99.99   19.16940  -93.29770    0.00003    0.00032     2.3301     2.3483    11.6570    11.6527    35.4647    35.4636    27.0155    27.0155    1506.18    101.324    102.114         36 0.0000e+00
      61054   2543.887    346.592    349.000    11.7912    11.7876   4.044177   4.043918     1.5994     1.2990     100.00   19.16947  -93.29814    0.00027    0.00037     2.3368     2.3535    11.7457    11.7421    35.4779    35.4784    27.0090    27.0101    1506.19    101.616    102.344         53 0.0000e+00
      61102   2545.893    345.600    348.000    11.7925    11.7917   4.043728   4.043971     1.5999     1.2992      99.91   19.16938  -93.29770    0.00032    0.00030     2.3379     2.3534    11.7471    11.7463    35.4774    35.4778    27.0084    27.0088    1506.18    101.664    102.340         40 0.0000e+00
      61158   2548.205    344.608    347.000    11.7991    11.8007   4.044908   4.045151     1.6003     1.3002     100.00   19.16938  -93.29770    0.00018    0.00024     2.3381     2.3556    11.7539    11.7554    35.4782    35.4792    27.0077    27.0082    1506.18    101.674    102.436         59 0.0000e+00
      61207   2550.237    343.616    346.000    11.7933    11.7976   4.044357   4.044705     1.6008     1.3006      89.90   19.16938  -93.29770    0.00021    0.00040     2.3395     2.3567    11.7482    11.7530    35.4790    35.4797    27.0094    27.0091    1506.18    101.735    102.484         39 0.0000e+00
      61243   2551.769    342.623    345.000    11.8054    11.8211   4.045697   4.047372     1.6017     1.3005      91.28   19.16938  -93.29770    0.00035    0.00007     2.3408     2.3548    11.7604    11.7761    35.4811    35.4825    27.0087    27.0068    1506.18    101.792    102.402         39 0.0000e+00
      61286   2553.546    341.631    344.000    11.8339    11.8365   4.048674   4.049050     1.6022     1.3010     100.12   19.16938  -93.29770    0.00042    0.00010     2.3402     2.3550    11.7889    11.7915    35.4835    35.4847    27.0052    27.0056    1506.18    101.766    102.410         44 0.0000e+00
      61325   2555.174    340.639    343.000    11.8423    11.8437   4.049632   4.049843     1.6026     1.3009     100.00   19.16938  -93.29770    0.00024    0.00013     2.3405     2.3543    11.7974    11.7988    35.4854    35.4861    27.0050    27.0053    1506.18    101.776    102.377         33 0.0000e+00
      61390   2557.889    338.654    341.000    11.8748    11.8779   4.053340   4.053729     1.6038     1.3022      96.80   19.17073  -93.30428    0.00042    0.00029     2.3412     2.3554    11.8301    11.8332    35.4921    35.4930    27.0041    27.0042    1506.29    101.809    102.425         35 0.0000e+00
      61422   2559.208    337.662    340.000    11.8810    11.8818   4.053794   4.053858     1.6046     1.3033     100.04   19.16938  -93.29770    0.00046    0.00057     2.3428     2.3581    11.8364    11.8372    35.4906    35.4904    27.0016    27.0014    1506.18    101.878    102.545         36 0.0000e+00
      61532   2563.780    333.693    336.000    11.9342    11.9324   4.059483   4.059340     1.6088     1.3071     100.00   19.16867  -93.29424    0.00093    0.00076     2.3497     2.3651    11.8900    11.8882    35.4971    35.4974    26.9964    26.9970    1506.12    102.181    102.847         33 0.0000e+00
      61774   2573.870    324.762    327.000    12.0767    12.0767   4.075234   4.075166     1.6258     1.3223     100.00   19.16981  -93.29978    0.00129    0.00075     2.3834     2.3979    12.0334    12.0334    35.5197    35.5190    26.9865    26.9860    1506.21    103.645    104.277         30 0.0000e+00
      61902   2579.218    319.800    322.000    12.1535    12.1574   4.083617   4.083999     1.6260     1.3213     100.00   19.16866  -93.29427    0.00020   -0.00019     2.3782     2.3892    12.1106    12.1145    35.5302    35.5303    26.9797    26.9790    1506.12    103.421    103.898         30 0.0000e+00
      62505   2604.335    296.973    299.000    12.7271    12.7314   4.147553   4.148019     1.6504     1.3445     100.00   19.16891  -93.29550    0.00085    0.00074     2.4015     2.4159    12.6862    12.6904    35.6157    35.6162    26.9330    26.9326    1506.14    104.440    105.066         30 0.0000e+00
      62897   2620.662    282.085    284.000    12.9469    12.9477   4.172218   4.172345     1.6446     1.3395     100.00   19.17009  -93.30125    0.00001    0.00036     2.3695     2.3852    12.9076    12.9084    35.6519    35.6524    26.9168    26.9171    1506.24    103.050    103.732         30 0.0000e+00
      63051   2627.087    276.130    278.000    13.0836    13.0946   4.187289   4.188525     1.6508     1.3454     100.00   19.16893  -93.29560    0.00117    0.00107     2.3759     2.3921    13.0449    13.0558    35.6693    35.6708    26.9025    26.9015    1506.15    103.328    104.034         30 0.0000e+00
      63417   2642.321    262.233    264.000    13.3973    13.4044   4.222824   4.223563     1.6600     1.3527     100.00   19.16957  -93.29873    0.00058    0.00059     2.3774     2.3912    13.3599    13.3670    35.7190    35.7193    26.8767    26.8754    1506.20    103.396    103.995         31 0.0000e+00
      63520   2646.622    258.262    260.000    13.5200    13.5280   4.237324   4.237992     1.6653     1.3575     100.01   19.17070  -93.30422    0.00127    0.00118     2.3829     2.3965    13.4847    13.4909    35.7418    35.7422    26.8687    26.8678    1506.29    103.635    104.226         32 0.0000e+00
      63547   2647.768    257.269    259.000    13.5498    13.5611   4.240396   4.241847     1.6668     1.3588     100.00   19.16936  -93.29770    0.00147    0.00128     2.3844     2.3979    13.5128    13.5242    35.7444    35.7474    26.8648    26.8648    1506.18    103.703    104.289         30 0.0000e+00
      63702   2654.218    255.284    257.000    13.5154    13.5288   4.237002   4.238862     1.6669     1.3598     100.04   19.17653  -93.33262   -0.00004    0.00004     2.3855     2.4015    13.4786    13.4922    35.7498    35.7535    26.8767    26.8769    1506.74    103.750    104.446         32 0.0000e+00
      63747   2656.092    254.291    256.000    13.5244    13.4882   4.236945   4.233235     1.6669     1.3597     100.00   19.16935  -93.29770    0.00021    0.00012     2.3854     2.4034    13.4880    13.4518    35.7365    35.7356    26.8638    26.8706    1506.18    103.744    104.526         43 0.0000e+00
      63856   2660.627    253.298    255.000    13.5780    13.6055   4.243270   4.246272     1.6678     1.3602     100.00   19.16936  -93.29770    0.00017    0.00008     2.3844     2.3989    13.5416    13.5690    35.7468    35.7505    26.8606    26.8578    1506.18    103.702    104.333         52 0.0000e+00
      63960   2664.968    252.306    254.000    13.6246    13.6323   4.248816   4.249243     1.6684     1.3603     100.00   19.16936  -93.29770    0.00009    0.00002     2.3830     2.3969    13.5882    13.5959    35.7540    35.7528    26.8566    26.8540    1506.18    103.641    104.244         43 0.0000e+00
      64060   2669.116    251.313    253.000    13.6558    13.6582   4.252264   4.252498     1.6691     1.3602      79.30   19.16936  -93.29770    0.00018   -0.00005     2.3826     2.3948    13.6195    13.6219    35.7593    35.7597    26.8541    26.8539    1506.18    103.623    104.154         45 0.0000e+00
      64227   2676.101    249.327    251.000    13.6623    13.6639   4.251768   4.251870     1.6682     1.3608      98.68   19.16142  -93.25908   -0.00001    0.00024     2.3797     2.3959    13.6263    13.6278    35.7462    35.7471    26.8418    26.8421    1505.56    103.500    104.203         33 0.0000e+00
      64989   2707.840    248.335    250.000    13.6762    13.6794   4.254594   4.254937     1.6700     1.3621      88.75   19.16936  -93.29770    0.00004   -0.00002     2.3828     2.3979    13.6403    13.6435    35.7630    35.7641    26.8527    26.8528    1506.18    103.635    104.289         50 0.0000e+00
      65429   2726.164    247.342    249.000    13.6895    13.6973   4.255915   4.256875     1.6705     1.3626      99.97   19.16936  -93.29770   -0.00004    0.00002     2.3831     2.3981    13.6537    13.6615    35.7643    35.7661    26.8509    26.8506    1506.18    103.647    104.298         51 0.0000e+00
      65484   2728.456    246.349    248.000    13.7096    13.7083   4.258326   4.258630     1.6718     1.3635     100.00   19.16936  -93.29770    0.00036    0.00021     2.3848     2.3994    13.6739    13.6726    35.7681    35.7694    26.8496    26.8508    1506.18    103.722    104.356         52 0.0000e+00
      65550   2731.204    245.357    247.000    13.7234    13.7296   4.259835   4.260578     1.6736     1.3652      79.74   19.16936  -93.29770    0.00067    0.00065     2.3883     2.4027    13.6879    13.6941    35.7704    35.7717    26.8484    26.8482    1506.18    103.872    104.499         45 0.0000e+00
      65591   2732.910    244.364    246.000    13.7343    13.7349   4.261118   4.261399     1.6743     1.3662      98.93   19.16936  -93.29770    0.00055    0.00058     2.3890     2.4048    13.6989    13.6994    35.7724    35.7729    26.8477    26.8480    1506.18    103.905    104.592         50 0.0000e+00
      65653   2735.516    243.371    245.000    13.7444    13.7449   4.262172   4.262310     1.6745     1.3667      75.48   19.16936  -93.29770    0.00020    0.00043     2.3887     2.4054    13.7092    13.7097    35.7735    35.7744    26.8464    26.8470    1506.18    103.891    104.617         41 0.0000e+00
      65742   2739.189    241.385    243.000    13.7840    13.7869   4.267024   4.267787     1.6756     1.3679     100.03   19.17520  -93.32614    0.00016    0.00017     2.3885     2.4054    13.7490    13.7519    35.7882    35.7854    26.8500    26.8470    1506.64    103.881    104.616         36 0.0000e+00
      65766   2740.207    240.393    242.000    13.7825    13.7844   4.266507   4.266751     1.6752     1.3664     100.00   19.16935  -93.29769    0.00017    0.00001     2.3875     2.4015    13.7476    13.7495    35.7797    35.7803    26.8431    26.8433    1506.18    103.838    104.448         48 0.0000e+00
      65882   2745.059    236.421    238.000    13.8365    13.8394   4.272609   4.273009     1.6769     1.3676     100.00   19.16976  -93.29969    0.00048    0.00038     2.3874     2.4008    13.8021    13.8049    35.7888    35.7899    26.8388    26.8390    1506.21    103.836    104.416         33 0.0000e+00
      65914   2746.363    235.429    237.000    13.8449    13.8461   4.273452   4.273623     1.6766     1.3681     100.00   19.16934  -93.29768    0.00015    0.00051     2.3859     2.4014    13.8106    13.8118    35.7891    35.7896    26.8372    26.8373    1506.18    103.769    104.444         30 0.0000e+00
      66491   2770.428    212.593    214.000    14.3957    14.3857   4.336481   4.335531     1.7005     1.3887      94.00   19.17072  -93.30438    0.00089    0.00063     2.4076     2.4211    14.3639    14.3540    35.8750    35.8754    26.7860    26.7884    1506.29    104.719    105.307         30 0.0000e+00
