GOMECC/GOMECC-4/1db/urb2103_0331.cnv
* Sea-Bird SBE 9 Data File:
* FileName = C:\Users\scs.user.rb\CTD\GOMECC4\data\rb2103_0331.hex
* Software Version Seasave V 7.26.7.107
* Temperature SN = 4799
* Conductivity SN = 3860
* Number of Bytes Per Scan = 41
* Number of Voltage Words = 4
* Number of Scans Averaged by the Deck Unit = 1
* NMEA Latitude = 29 27.77 N
* NMEA Longitude = 087 14.16 W
* NMEA UTC (Time) = Sep 23 2021  23:47:16
* NMEA baud rate = 4800
# nquan = 28
# nvalues = 190                         
# units = specified
# name 0 = scan: Scan Count
# name 1 = timeS: Time, Elapsed [seconds]
# name 2 = depSM: Depth [salt water, m]
# name 3 = prDM: Pressure, Digiquartz [db]
# name 4 = t090C: Temperature [ITS-90, deg C]
# name 5 = t190C: Temperature, 2 [ITS-90, deg C]
# name 6 = c0S/m: Conductivity [S/m]
# name 7 = c1S/m: Conductivity, 2 [S/m]
# name 8 = sbeox0V: Oxygen raw, SBE 43 [V]
# name 9 = sbeox1V: Oxygen raw, SBE 43, 2 [V]
# name 10 = altM: Altimeter [m]
# name 11 = latitude: Latitude [deg]
# name 12 = longitude: Longitude [deg]
# name 13 = sbox0dV/dT: Oxygen, SBE 43 [dov/dt]
# name 14 = sbox1dV/dT: Oxygen, SBE 43, 2 [dov/dt]
# name 15 = sbeox0ML/L: Oxygen, SBE 43 [ml/l], WS = 5
# name 16 = sbeox1ML/L: Oxygen, SBE 43, 2 [ml/l], WS = 5
# name 17 = potemp090C: Potential Temperature [ITS-90, deg C]
# name 18 = potemp190C: Potential Temperature, 2 [ITS-90, deg C]
# name 19 = sal00: Salinity, Practical [PSU]
# name 20 = sal11: Salinity, Practical, 2 [PSU]
# name 21 = sigma-é00: Density [sigma-theta, kg/m^3]
# name 22 = sigma-é11: Density, 2 [sigma-theta, kg/m^3]
# name 23 = avgsvCM: Average Sound Velocity [Chen-Millero, m/s], minP = 20, minS = 20
# name 24 = sbox0Mm/Kg: Oxygen, SBE 43 [umol/kg], WS = 5
# name 25 = sbox1Mm/Kg: Oxygen, SBE 43, 2 [umol/kg], WS = 5
# name 26 = nbin: number of scans per bin
# name 27 = flag: flag
# span 0 =      29490,      76385       
# span 1 =   1228.719,   3182.686       
# span 2 =      1.986,    395.919       
# span 3 =      2.000,    399.000       
# span 4 =     9.9924,    28.2318       
# span 5 =     9.9947,    28.2007       
# span 6 =   3.845727,   5.669791       
# span 7 =   3.845864,   5.670172       
# span 8 =     1.6367,     3.1693       
# span 9 =     1.3398,     2.6973       
# span 10 =      10.20,     106.80      
# span 11 =   29.24883,   29.95430      
# span 12 =  -88.69200,  -86.60316      
# span 13 =   -0.01442,    0.02597      
# span 14 =   -0.02215,    0.03426      
# span 15 =     2.5643,     4.5338      
# span 16 =     2.5980,     4.5430      
# span 17 =     9.9456,    28.2292      
# span 18 =     9.9478,    28.1981      
# span 19 =    33.9878,    36.5642      
# span 20 =    33.9881,    36.5642      
# span 21 =    21.7393,    27.1191      
# span 22 =    21.7399,    27.1186      
# span 23 =    1502.16,    1538.39      
# span 24 =    111.497,    198.140      
# span 25 =    112.965,    198.541      
# span 26 =         30,         67      
# span 27 = 0.0000e+00, 0.0000e+00      
# interval = decibars: 1                
# start_time = Sep 23 2021 23:47:16 [NMEA time, header]
# bad_flag = -9.990e-29
*END*
[from data line 104]
      47873   1994.654    106.249    107.000    18.0699    18.1342   4.765876   4.773947     2.0534     1.7190     100.00   29.46280  -87.23636    0.00254    0.00322     2.9770     3.0151    18.0510    18.1157    36.4024    36.4175    26.3339    26.3294    1513.15    129.543    131.200         41 0.0000e+00
      47980   1999.108    105.256    106.000    18.1650    18.1660   4.779470   4.778213     2.0630     1.7214     100.00   29.46280  -87.23636    0.00156   -0.00007     2.9932     3.0188    18.1465    18.1475    36.4386    36.4262    26.3379    26.3281    1513.15    130.244    131.360         40 0.0000e+00
      48612   2025.440    104.263    105.000    18.4250    18.4096   4.807923   4.810030     2.0701     1.7298      89.08   29.46279  -87.23637    0.00111    0.00115     2.9925     3.0240    18.4066    18.3913    36.4629    36.4592    26.2910    26.2908    1513.15    130.223    131.591         56 0.0000e+00
      49624   2067.632    103.270    104.000    18.6429    18.7091   4.835290   4.842962     2.0724     1.7310     100.59   29.46278  -87.23640    0.00016   -0.00021     2.9830     3.0087    18.6245    18.6906    36.4891    36.4974    26.2560    26.2456    1513.15    129.812    130.931         51 0.0000e+00
      49650   2068.701    102.278    103.000    18.7135    18.7147   4.842837   4.843864     2.0746     1.7325     100.00   29.46278  -87.23640    0.00066    0.00032     2.9832     3.0114    18.6952    18.6963    36.4916    36.4993    26.2399    26.2455    1513.15    129.824    131.050         42 0.0000e+00
      49696   2070.608    101.285    102.000    18.8661    18.8086   4.860090   4.853317     2.0774     1.7339     100.00   29.46278  -87.23640    0.00114    0.00081     2.9801     3.0083    18.8413    18.7906    36.5088    36.5014    26.2157    26.2239    1513.15    129.691    130.920         37 0.0000e+00
      49745   2072.663    100.292    101.000    18.9808    18.9534   4.873255   4.870042     2.0783     1.7331     100.00   29.46277  -87.23640    0.00114    0.00026     2.9743     2.9983    18.9626    18.9353    36.5132    36.5103    26.1879    26.1927    1513.15    129.441    130.488         56 0.0000e+00
      49800   2074.972     99.300    100.000    19.0341    18.9982   4.879265   4.875174     2.0779     1.7298      98.46   29.46277  -87.23640   -0.00023   -0.00123     2.9696     2.9872    19.0161    18.9803    36.5171    36.5142    26.1771    26.1841    1513.15    129.240    130.006         49 0.0000e+00
      49840   2076.612     98.307     99.000    19.1308    19.1967   4.890675   4.897729     2.0795     1.7343     100.01   29.46277  -87.23640    0.00014   -0.00018     2.9668     2.9865    19.1129    19.1788    36.5282    36.5293    26.1606    26.1444    1513.15    129.121    129.977         34 0.0000e+00
      49873   2078.016     97.314     98.000    19.3666    19.3472   4.916708   4.915174     2.0850     1.7396     100.00   29.46278  -87.23640    0.00164    0.00257     2.9643     2.9899    19.3487    19.3294    36.5394    36.5435    26.1080    26.1162    1513.15    129.016    130.128         34 0.0000e+00
      49911   2079.566     96.321     97.000    19.4025    19.4009   4.921363   4.920661     2.0873     1.7430      99.96   29.46278  -87.23640    0.00266    0.00325     2.9668     2.9946    19.3856    19.3832    36.5465    36.5426    26.1038    26.1015    1513.15    129.127    130.335         43 0.0000e+00
      49960   2081.605     95.329     96.000    19.4459    19.4149   4.925727   4.923065     2.0889     1.7435     100.00   29.46278  -87.23640    0.00128    0.00133     2.9672     2.9943    19.4283    19.3974    36.5459    36.5468    26.0922    26.1010    1513.15    129.144    130.324         47 0.0000e+00
      50064   2085.973     93.343     94.000    19.6243    19.6227   4.945627   4.945818     2.0970     1.7501      84.83   29.48333  -87.29723    0.00166    0.00112     2.9732     2.9976    19.6064    19.6055    36.5642    36.5642    26.0615    26.0615    1514.21    129.411    130.476         36 0.0000e+00
      50081   2086.678     92.350     93.000    19.6306    19.6294   4.943869   4.943631     2.1016     1.7546      88.30   29.46278  -87.23640    0.00302    0.00280     2.9829     3.0080    19.6135    19.6123    36.5363    36.5354    26.0363    26.0359    1513.15    129.834    130.928         60 0.0000e+00
      50129   2088.673     91.357     92.000    19.6508    19.6590   4.944613   4.944685     2.1041     1.7591     100.04   29.46278  -87.23640    0.00196    0.00224     2.9868     3.0170    19.6339    19.6421    36.5252    36.5186    26.0225    26.0153    1513.15    130.007    131.321         37 0.0000e+00
      50204   2091.805     90.364     91.000    19.6645    19.7218   4.945634   4.950575     2.1177     1.7732     100.00   29.46278  -87.23640    0.00465    0.00480     3.0152     3.0465    19.6477    19.7050    36.5221    36.5131    26.0165    25.9945    1513.15    131.243    132.610         40 0.0000e+00
      50285   2095.148     89.372     90.000    19.7553    19.8223   4.953506   4.958359     2.1233     1.7816     100.00   29.46278  -87.23640    0.00090   -0.00005     3.0191     3.0610    19.7395    19.8056    36.5078    36.4905    25.9814    25.9507    1513.15    131.420    133.246         41 0.0000e+00
      50377   2098.992     88.379     89.000    19.7992    19.7923   4.957411   4.956701     2.1395     1.7977     100.00   29.46278  -87.23640    0.00543    0.00568     3.0537     3.0998    19.7827    19.7759    36.5030    36.5031    25.9663    25.9682    1513.15    132.928    134.934         44 0.0000e+00
      50467   2102.769     87.386     88.000    19.8660    19.8606   4.962982   4.962302     2.1442     1.7891      97.45   29.46278  -87.23640    0.00123   -0.00300     3.0602     3.0753    19.8497    19.8443    36.4913    36.4903    25.9396    25.9404    1513.15    133.211    133.872         54 0.0000e+00
      50565   2106.851     85.401     86.000    20.0573    20.0243   4.977056   4.974138     2.1644     1.8199      99.85   29.41985  -87.10929   -0.00044    0.00145     3.0908     3.1378    20.0412    20.0082    36.4233    36.4278    25.8319    25.8442    1510.95    134.553    136.599         49 0.0000e+00
      51707   2154.426     84.408     85.000    20.6937    20.7167   5.049087   5.051401     2.2771     1.9185     100.00   29.46279  -87.23638    0.00278    0.00172     3.2886     3.3258    20.6775    20.7006    36.4822    36.4839    25.7105    25.7063    1513.15    143.187    144.810         42 0.0000e+00
      52502   2187.549     81.429     82.000    21.2283    21.1841   5.106123   5.102006     2.3462     1.9715      78.07   29.48989  -87.31656    0.00576    0.00380     3.3968     3.4179    21.2124    21.1682    36.4911    36.4993    25.5726    25.5917    1514.54    147.921    148.838         49 0.0000e+00
      52507   2187.759     80.436     81.000    21.2613    21.3371   5.107674   5.116319     2.3644     1.9977     101.89   29.46280  -87.23636    0.01022    0.01258     3.4350     3.4696    21.2456    21.3214    36.4716    36.4764    25.5471    25.5298    1513.15    149.588    151.094         49 0.0000e+00
      52597   2191.480     78.451     79.000    21.8626    21.8459   5.171196   5.170605     2.4162     2.0481     100.05   29.47655  -87.27707    0.01297    0.01452     3.5017     3.5519    21.8470    21.8303    36.4759    36.4853    25.3846    25.3965    1513.86    152.517    154.703         31 0.0000e+00
      52616   2192.283     77.458     78.000    21.8631    21.9461   5.170864   5.179663     2.4615     2.0889     100.00   29.46279  -87.23636    0.02597    0.02349     3.5952     3.6375    21.8477    21.9307    36.4667    36.4664    25.3757    25.3521    1513.15    156.588    158.436         57 0.0000e+00
      52664   2194.287     76.465     77.000    21.8396    21.8453   5.168431   5.169690     2.4739     2.1013     100.00   29.46279  -87.23636    0.01668    0.01536     3.6216     3.6717    21.8244    21.8302    36.4676    36.4715    25.3829    25.3839    1513.15    157.737    159.919         35 0.0000e+00
      52695   2195.593     75.472     76.000    22.1183    21.9745   5.195260   5.181040     2.4848     2.1044     100.00   29.46279  -87.23636    0.00672    0.00536     3.6214     3.6598    22.1031    21.9593    36.4517    36.4540    25.2920    25.3346    1513.15    157.741    159.413         31 0.0000e+00
      52728   2196.966     74.479     75.000    22.5555    22.5085   5.242391   5.239861     2.5216     2.1381     100.00   29.46279  -87.23636    0.01151    0.00808     3.6793     3.7163    22.5403    22.4936    36.4500    36.4578    25.1664    25.1818    1513.15    160.284    161.892         38 0.0000e+00
      52777   2199.006     73.486     74.000    22.6338    22.6267   5.251124   5.250248     2.5738     2.1807     100.00   29.46279  -87.23636    0.02569    0.02181     3.7692     3.7978    22.6188    22.6117    36.4530    36.4524    25.1461    25.1478    1513.15    164.205    165.450         55 0.0000e+00
      52820   2200.794     72.493     73.000    22.7612    22.7550   5.263130   5.263764     2.5939     2.1995     100.00   29.46279  -87.23636    0.01957    0.01616     3.8010     3.8310    22.7463    22.7401    36.4408    36.4509    25.1001    25.1096    1513.15    165.594    166.902         32 0.0000e+00
      52935   2205.579     70.508     71.000    23.2385    23.3117   5.319047   5.328494     2.6781     2.2828      98.21   29.47923  -87.28506    0.02017    0.01925     3.9349     3.9766    23.2238    23.2970    36.4870    36.4994    24.9990    24.9870    1513.99    171.447    173.270         38 0.0000e+00
      52977   2207.341     69.515     70.000    23.1981    23.2556   5.313561   5.320029     2.6998     2.3012     100.00   29.46278  -87.23636    0.00837    0.00749     3.9807     4.0208    23.1836    23.2411    36.4703    36.4726    24.9958    24.9807    1513.15    173.442    175.193         45 0.0000e+00
      53169   2215.319     67.529     68.000    23.3378    23.1400   5.326101   5.305559     2.6971     2.2734      76.39   29.45792  -87.22198    0.00015   -0.00416     3.9644     3.9665    23.3237    23.1260    36.4512    36.4548    24.9398    25.0001    1512.90    172.741    172.822         42 0.0000e+00
      53285   2220.180     66.536     67.000    23.4793    23.4852   5.338423   5.338460     2.7083     2.2801     106.80   29.46278  -87.23636    0.00157   -0.00453     3.9768     3.9577    23.4654    23.4712    36.4305    36.4258    24.8830    24.8778    1513.15    173.290    172.460         40 0.0000e+00
      53388   2224.469     65.543     66.000    23.7692    23.7777   5.363393   5.366135     2.7352     2.3193      98.43   29.46278  -87.23636    0.00333    0.00256     4.0107     4.0236    23.7485    23.7639    36.4029    36.3995    24.7785    24.7720    1513.15    174.787    175.348         35 0.0000e+00
      55174   2298.884     63.557     64.000    24.2366    24.1928   5.404895   5.400850     2.7931     2.3738      99.90   29.43324  -87.14885    0.00079   -0.00002     4.0884     4.1131    24.2230    24.1792    36.3040    36.3082    24.5580    24.5743    1511.63    178.206    179.280         34 0.0000e+00
      55320   2304.970     62.564     63.000    24.2746    24.2653   5.411342   5.410202     2.7993     2.3759     100.00   29.46280  -87.23636    0.00068    0.00006     4.0976     4.1130    24.2612    24.2518    36.3366    36.3365    24.5755    24.5783    1513.15    178.609    179.280         52 0.0000e+00
      55359   2306.596     61.572     62.000    24.3823    24.4946   5.420705   5.431996     2.8034     2.3933     100.00   29.46280  -87.23636    0.00129    0.00257     4.0974     4.1345    24.3691    24.4813    36.3202    36.3143    24.5307    24.4924    1513.15    178.608    180.233         34 0.0000e+00
      55392   2307.976     60.578     61.000    24.5634    24.5818   5.438172   5.440947     2.8164     2.4028     100.00   29.46280  -87.23636    0.00411    0.00852     4.1091     4.1484    24.5503    24.5687    36.3054    36.3114    24.4648    24.4639    1513.15    179.129    180.845         35 0.0000e+00
      55427   2309.422     59.586     60.000    24.6071    24.6335   5.438912   5.440984     2.8258     2.4046     100.00   29.46280  -87.23636    0.00718    0.00639     4.1245     4.1490    24.5942    24.6206    36.2759    36.2702    24.4293    24.4170    1513.15    179.807    180.878         35 0.0000e+00
      55464   2310.944     58.593     59.000    24.6547    24.6946   5.439642   5.443367     2.8458     2.4295     100.00   29.46280  -87.23636    0.00857    0.00606     4.1603     4.1987    24.6420    24.6819    36.2433    36.2391    24.3902    24.3749    1513.15    181.374    183.051         37 0.0000e+00
      55505   2312.672     57.600     58.000    24.7271    24.7588   5.446345   5.449293     2.8787     2.4602     100.00   29.46280  -87.23636    0.01544    0.01589     4.2186     4.2601    24.7145    24.7462    36.2356    36.2329    24.3623    24.3507    1513.15    183.924    185.733         46 0.0000e+00
      55556   2314.780     56.607     57.000    24.7798    24.8180   5.451978   5.455750     2.8977     2.4683      84.96   29.46280  -87.23636    0.01491    0.01236     4.2512     4.2726    24.7675    24.8057    36.2356    36.2331    24.3463    24.3327    1513.15    185.346    186.284         46 0.0000e+00
      55609   2317.008     55.614     56.000    24.9013    24.8874   5.465388   5.464156     2.8482     2.4111     100.49   29.46280  -87.23636   -0.00825   -0.01203     4.1447     4.1438    24.8892    24.8753    36.2386    36.2404    24.3114    24.3171    1513.15    180.710    180.671         42 0.0000e+00
      55821   2325.815     53.628     54.000    25.2515    25.1487   5.500973   5.491940     2.6498     2.2539     100.02   29.47158  -87.26235   -0.01442   -0.02215     3.7361     3.7878    25.2396    25.1369    36.2300    36.2433    24.1990    24.2406    1513.60    162.914    165.161         50 0.0000e+00
      56203   2341.769     51.642     52.000    25.4452    25.3754   5.529647   5.523870     2.6911     2.2526     100.31   29.56268  -87.53208    0.00614    0.00077     3.8001     3.7707    25.4338    25.3640    36.3349    36.3305    24.2327    24.2491    1518.28    165.710    164.423         45 0.0000e+00
      56469   2352.845     49.656     50.000    25.7317    25.6622   5.539672   5.533379     2.7857     2.3461      99.82   29.41026  -87.08082    0.00683    0.00871     3.9613     3.9559    25.7206    25.6512    36.1004    36.1055    23.9426    23.9676    1510.45    172.769    172.528         61 0.0000e+00
      58474   2436.357     48.663     49.000    26.1028    26.0824   5.577909   5.576092     2.9140     2.4718     100.00   29.46278  -87.23642    0.00162   -0.00087     4.1791     4.1865    26.0918    26.0714    36.1151    36.1192    23.8462    23.8557    1513.15    182.293    182.611         48 0.0000e+00
      58395   2433.085     47.670     48.000    26.1224    26.0952   5.579493   5.576712     2.9051     2.4491      89.63   29.46278  -87.23642    0.00015   -0.00417     4.1609     4.1359    26.1094    26.0844    36.1138    36.1131    23.8397    23.8470    1513.15    181.499    180.406         34 0.0000e+00
      58447   2435.239     46.677     47.000    26.2160    26.2600   5.588179   5.592361     2.8941     2.4400      99.92   29.46278  -87.23642   -0.00219   -0.00245     4.1329     4.1076    26.2054    26.2494    36.1021    36.0980    23.8006    23.7837    1513.15    180.284    179.183         59 0.0000e+00
      58505   2437.646     45.685     46.000    26.2555    26.2572   5.591818   5.592261     2.8801     2.4331      81.63   29.46278  -87.23642   -0.00677   -0.00700     4.1029     4.0928    26.2452    26.2468    36.0978    36.0998    23.7849    23.7858    1513.15    178.977    178.538         33 0.0000e+00
