GOMECC/GOMECC-4/1db/urb2103_0671.cnv
* Sea-Bird SBE 9 Data File:
* FileName = C:\Users\scs.user.rb\CTD\GOMECC4\data\rb2103_0671.hex
* Software Version Seasave V 7.26.7.107
* Temperature SN = 4799
* Conductivity SN = 3860
* Number of Bytes Per Scan = 41
* Number of Voltage Words = 4
* Number of Scans Averaged by the Deck Unit = 1
* NMEA Latitude = 26 03.51 N
* NMEA Longitude = 095 50.44 W
* NMEA UTC (Time) = Oct 03 2021  02:51:18
* NMEA baud rate = 4800
# nquan = 28
# nvalues = 190                         
# units = specified
# name 0 = scan: Scan Count
# name 1 = timeS: Time, Elapsed [seconds]
# name 2 = depSM: Depth [salt water, m]
# name 3 = prDM: Pressure, Digiquartz [db]
# name 4 = t090C: Temperature [ITS-90, deg C]
# name 5 = t190C: Temperature, 2 [ITS-90, deg C]
# name 6 = c0S/m: Conductivity [S/m]
# name 7 = c1S/m: Conductivity, 2 [S/m]
# name 8 = sbeox0V: Oxygen raw, SBE 43 [V]
# name 9 = sbeox1V: Oxygen raw, SBE 43, 2 [V]
# name 10 = altM: Altimeter [m]
# name 11 = latitude: Latitude [deg]
# name 12 = longitude: Longitude [deg]
# name 13 = sbox0dV/dT: Oxygen, SBE 43 [dov/dt]
# name 14 = sbox1dV/dT: Oxygen, SBE 43, 2 [dov/dt]
# name 15 = sbeox0ML/L: Oxygen, SBE 43 [ml/l], WS = 5
# name 16 = sbeox1ML/L: Oxygen, SBE 43, 2 [ml/l], WS = 5
# name 17 = potemp090C: Potential Temperature [ITS-90, deg C]
# name 18 = potemp190C: Potential Temperature, 2 [ITS-90, deg C]
# name 19 = sal00: Salinity, Practical [PSU]
# name 20 = sal11: Salinity, Practical, 2 [PSU]
# name 21 = sigma-é00: Density [sigma-theta, kg/m^3]
# name 22 = sigma-é11: Density, 2 [sigma-theta, kg/m^3]
# name 23 = avgsvCM: Average Sound Velocity [Chen-Millero, m/s], minP = 20, minS = 20
# name 24 = sbox0Mm/Kg: Oxygen, SBE 43 [umol/kg], WS = 5
# name 25 = sbox1Mm/Kg: Oxygen, SBE 43, 2 [umol/kg], WS = 5
# name 26 = nbin: number of scans per bin
# name 27 = flag: flag
# span 0 =      55443,     121134       
# span 1 =   2310.079,   5047.188       
# span 2 =      0.993,   1114.663       
# span 3 =      1.000,   1125.000       
# span 4 =     4.8602,    29.2897       
# span 5 =     4.8565,    29.4194       
# span 6 =   3.377899,   5.842276       
# span 7 =   3.377597,   5.842608       
# span 8 =     1.5778,     3.3491       
# span 9 =     1.2820,     2.8745       
# span 10 =      11.91,     102.01      
# span 11 =   25.18538,   26.20037      
# span 12 =  -96.35436,  -92.62166      
# span 13 =   -0.00980,    0.02870      
# span 14 =   -0.02930,    0.02647      
# span 15 =     2.3990,     4.9439      
# span 16 =     2.4203,     4.9726      
# span 17 =     4.7659,    29.2858      
# span 18 =     4.7622,    29.4179      
# span 19 =    34.1213,    36.4806      
# span 20 =    34.1192,    36.4811      
# span 21 =    21.4600,    27.6571      
# span 22 =    21.4607,    27.6570      
# span 23 =    1448.47,    1506.84      
# span 24 =    104.314,    215.608      
# span 25 =    105.237,    216.889      
# span 26 =         30,         73      
# span 27 = 0.0000e+00, 0.0000e+00      
# interval = decibars: 1                
# start_time = Oct 03 2021 02:51:18 [NMEA time, header]
# bad_flag = -9.990e-29
*END*
      55443   2310.079   1114.663   1125.000     4.8602     4.8565   3.377899   3.377597     1.8804     1.5658      11.91   26.05883  -95.83866    0.00000   -0.00017     4.0873     4.1240     4.7659     4.7622    34.9430    34.9424    27.6571    27.6570    1498.76    177.624    179.219         64 0.0000e+00
      55512   2312.952   1113.675   1124.000     4.8729     4.8711   3.378954   3.378856     1.8794     1.5644      12.77   26.05930  -95.84040   -0.00028   -0.00043     4.0818     4.1163     4.7785     4.7768    34.9426    34.9430    27.6554    27.6559    1498.79    177.388    178.887         44 0.0000e+00
      55572   2315.461   1112.686   1123.000     4.8789     4.8799   3.379606   3.379620     1.8778     1.5621      13.85   26.05930  -95.84040   -0.00058   -0.00075     4.0748     4.1062     4.7846     4.7856    34.9432    34.9424    27.6552    27.6544    1498.79    177.085    178.449         60 0.0000e+00
      55630   2317.894   1111.698   1122.000     4.8785     4.8819   3.379528   3.379738     1.8763     1.5604      14.76   26.05930  -95.84040   -0.00067   -0.00086     4.0694     4.0990     4.7843     4.7876    34.9433    34.9425    27.6552    27.6542    1498.79    176.848    178.134         50 0.0000e+00
      55679   2319.898   1110.710   1121.000     4.8826     4.8838   3.379829   3.379874     1.8756     1.5596      15.71   26.05930  -95.84040   -0.00049   -0.00049     4.0657     4.0950     4.7885     4.7896    34.9430    34.9423    27.6545    27.6538    1498.79    176.686    177.962         44 0.0000e+00
      55719   2321.600   1109.722   1120.000     4.8789     4.8814   3.379472   3.379647     1.8751     1.5593      16.62   26.05930  -95.84040   -0.00030   -0.00034     4.0640     4.0936     4.7849     4.7873    34.9432    34.9426    27.6551    27.6544    1498.79    176.616    177.899         39 0.0000e+00
      55757   2323.156   1108.734   1119.000     4.8790     4.8802   3.379431   3.379484     1.8744     1.5592      17.64   26.05930  -95.84040   -0.00033   -0.00018     4.0608     4.0928     4.7851     4.7863    34.9431    34.9425    27.6550    27.6544    1498.79    176.476    177.867         36 0.0000e+00
      55790   2324.558   1107.746   1118.000     4.8908     4.8847   3.380577   3.380366     1.8745     1.5594      18.48   26.05930  -95.84040   -0.00033   -0.00003     4.0596     4.0916     4.7968     4.7908    34.9415    34.9418    27.6524    27.6533    1498.79    176.423    177.816         31 0.0000e+00
      56271   2344.584   1088.969   1099.000     4.9438     4.9445   3.384176   3.384178     1.8664     1.5519      37.20   26.05907  -95.83958   -0.00030   -0.00039     4.0151     4.0473     4.8512     4.8518    34.9402    34.9395    27.6451    27.6445    1498.78    174.490    175.889         30 0.0000e+00
      56541   2355.841   1078.098   1088.000     4.9884     4.9895   3.387569   3.387624     1.8611     1.5458      48.28   26.05890  -95.83900   -0.00049   -0.00071     3.9857     4.0135     4.8964     4.8975    34.9384    34.9379    27.6385    27.6379    1498.77    173.214    174.424         31 0.0000e+00
      60777   2532.351    907.047    915.000     5.4663     5.4658   3.421992   3.421910     1.7991     1.4883      73.06   26.05889  -95.83865   -0.00094   -0.00082     3.6373     3.6640     5.3868     5.3863    34.9225    34.9221    27.5679    27.5676    1498.76    158.082    159.245         30 0.0000e+00
      62292   2595.438    845.711    853.000     5.7517     5.7518   3.444946   3.444905     1.7637     1.4555     100.01   26.06168  -95.84881   -0.00056   -0.00069     3.4625     3.4886     5.6761     5.6761    34.9195    34.9190    27.5300    27.5297    1498.92    150.492    151.628         31 0.0000e+00
      62359   2598.238    844.721    852.000     5.7423     5.7435   3.443790   3.443859     1.7608     1.4534     100.00   26.05938  -95.84034   -0.00092   -0.00065     3.4534     3.4816     5.6668     5.6680    34.9164    34.9160    27.5287    27.5282    1498.79    150.096    151.321         54 0.0000e+00
      62427   2601.068    843.732    851.000     5.7425     5.7449   3.443688   3.443925     1.7597     1.4536     100.00   26.05938  -95.84034   -0.00056   -0.00019     3.4494     3.4814     5.6671     5.6695    34.9161    34.9157    27.5284    27.5279    1498.79    149.924    151.315         49 0.0000e+00
      62768   2615.286    842.743    850.000     5.7580     5.7545   3.445082   3.444751     1.7594     1.4527      99.43   26.05938  -95.84034    0.00023    0.00012     3.4464     3.4771     5.6827     5.6792    34.9157    34.9157    27.5262    27.5267    1498.79    149.792    151.129         39 0.0000e+00
      63773   2657.153    841.753    849.000     5.7651     5.7681   3.445680   3.445935     1.7561     1.4493      99.97   26.05940  -95.84032    0.00009   -0.00010     3.4344     3.4630     5.6898     5.6928    34.9157    34.9156    27.5253    27.5248    1498.79    149.269    150.513         40 0.0000e+00
      63887   2661.915    840.764    848.000     5.7759     5.7746   3.446547   3.446464     1.7562     1.4493      79.15   26.05940  -95.84032    0.00014    0.00016     3.4331     3.4620     5.7006     5.6993    34.9150    34.9151    27.5234    27.5236    1498.79    149.217    150.471         58 0.0000e+00
      63947   2664.414    839.774    847.000     5.7775     5.7792   3.446693   3.446814     1.7561     1.4493     100.37   26.05940  -95.84032    0.00006    0.00003     3.4322     3.4610     5.7023     5.7040    34.9155    34.9151    27.5235    27.5231    1498.79    149.174    150.429         55 0.0000e+00
      64004   2666.792    838.785    846.000     5.7779     5.7797   3.446691   3.446810     1.7558     1.4493     100.00   26.05940  -95.84032   -0.00011   -0.00002     3.4308     3.4606     5.7028     5.7045    34.9155    34.9151    27.5236    27.5230    1498.79    149.117    150.411         64 0.0000e+00
      64062   2669.224    837.795    845.000     5.7806     5.7806   3.446875   3.446867     1.7557     1.4492     100.00   26.05940  -95.84032   -0.00008    0.00000     3.4299     3.4599     5.7056     5.7056    34.9153    34.9152    27.5230    27.5229    1498.79    149.078    150.379         45 0.0000e+00
      64103   2670.898    836.806    844.000     5.7845     5.7866   3.447161   3.447300     1.7557     1.4492     100.00   26.05941  -95.84032   -0.00000   -0.00002     3.4290     3.4585     5.7096     5.7116    34.9152    34.9149    27.5224    27.5219    1498.79    149.038    150.321         40 0.0000e+00
      64150   2672.865    835.816    843.000     5.7888     5.7903   3.447525   3.447625     1.7556     1.4487     100.00   26.05941  -95.84032   -0.00004   -0.00015     3.4279     3.4561     5.7139     5.7154    34.9152    34.9148    27.5219    27.5214    1498.79    148.990    150.216         52 0.0000e+00
      64196   2674.811    834.827    842.000     5.7906     5.7933   3.447658   3.447847     1.7551     1.4482     100.00   26.05941  -95.84032   -0.00012   -0.00027     3.4255     3.4534     5.7158     5.7185    34.9153    34.9147    27.5218    27.5209    1498.79    148.887    150.100         40 0.0000e+00
      64232   2676.289    833.837    841.000     5.7958     5.7970   3.448056   3.448166     1.7548     1.4481     100.00   26.05942  -95.84032   -0.00025   -0.00019     3.4237     3.4525     5.7211     5.7222    34.9150    34.9151    27.5208    27.5208    1498.79    148.806    150.057         33 0.0000e+00
      64266   2677.716    832.848    840.000     5.8002     5.8008   3.448396   3.448437     1.7547     1.4480     100.00   26.05942  -95.84032   -0.00021   -0.00008     3.4223     3.4514     5.7255     5.7261    34.9148    34.9147    27.5201    27.5200    1498.79    148.747    150.012         36 0.0000e+00
      64303   2679.256    831.858    839.000     5.8051     5.8066   3.448796   3.448871     1.7546     1.4478      97.39   26.05942  -95.84032   -0.00010   -0.00007     3.4211     3.4498     5.7305     5.7320    34.9149    34.9142    27.5196    27.5188    1498.79    148.693    149.942         37 0.0000e+00
      64338   2680.692    830.869    838.000     5.8114     5.8124   3.449344   3.449406     1.7539     1.4474      98.96   26.05942  -95.84032   -0.00020   -0.00017     3.4178     3.4471     5.7368     5.7378    34.9150    34.9147    27.5189    27.5185    1498.79    148.551    149.826         32 0.0000e+00
      64370   2682.027    829.879    837.000     5.8159     5.8171   3.449718   3.449757     1.7534     1.4471     100.00   26.05942  -95.84032   -0.00033   -0.00025     3.4152     3.4452     5.7414     5.7426    34.9151    34.9143    27.5183    27.5176    1498.79    148.439    149.741         32 0.0000e+00
      64403   2683.420    828.890    836.000     5.8191     5.8197   3.449949   3.449976     1.7528     1.4469     100.00   26.05942  -95.84032   -0.00042   -0.00026     3.4125     3.4438     5.7447     5.7453    34.9149    34.9146    27.5179    27.5175    1498.79    148.322    149.682         33 0.0000e+00
      64488   2686.970    825.921    833.000     5.8261     5.8268   3.450520   3.450561     1.7519     1.4457     100.00   26.06014  -95.84298   -0.00029   -0.00039     3.4075     3.4376     5.7519     5.7526    34.9157    34.9154    27.5176    27.5172    1498.83    148.106    149.413         32 0.0000e+00
      64522   2688.358    824.932    832.000     5.8268     5.8265   3.450474   3.450369     1.7514     1.4454     100.00   26.05942  -95.84032   -0.00017   -0.00027     3.4056     3.4361     5.7527     5.7524    34.9148    34.9145    27.5168    27.5165    1498.79    148.023    149.347         37 0.0000e+00
      64631   2692.904    820.974    828.000     5.8331     5.8336   3.451023   3.451033     1.7509     1.4446     100.01   26.06091  -95.84580   -0.00010   -0.00025     3.4013     3.4305     5.7593     5.7599    34.9167    34.9163    27.5175    27.5170    1498.88    147.833    149.105         33 0.0000e+00
      64665   2694.346    819.984    827.000     5.8331     5.8334   3.450797   3.450805     1.7505     1.4440     100.00   26.05942  -95.84032   -0.00014   -0.00011     3.3998     3.4281     5.7594     5.7597    34.9145    34.9143    27.5157    27.5154    1498.79    147.768    148.998         39 0.0000e+00
      64771   2698.746    816.025    823.000     5.8458     5.8458   3.451772   3.451764     1.7501     1.4432     100.00   26.05938  -95.84016   -0.00001   -0.00013     3.3954     3.4224     5.7724     5.7724    34.9144    34.9143    27.5140    27.5139    1498.79    147.577    148.752         33 0.0000e+00
      67489   2811.991    744.764    751.000     6.2466     6.2463   3.484565   3.484456     1.7053     1.4026      99.99   26.05748  -95.83291   -0.00014   -0.00026     3.1829     3.2126     6.1778     6.1776    34.9073    34.9079    27.4564    27.4570    1498.67    138.349    139.641         46 0.0000e+00
      68917   2871.492    743.774    750.000     6.2641     6.2669   3.486399   3.486638     1.7013     1.3986      93.12   26.05952  -95.84026    0.00005   -0.00011     3.1679     3.1961     6.1953     6.1980    34.9105    34.9104    27.4568    27.4564    1498.79    137.698    138.922         53 0.0000e+00
      69004   2875.108    742.784    749.000     6.2623     6.2674   3.486183   3.486628     1.7015     1.3980      96.39   26.05952  -95.84026    0.00008   -0.00023     3.1684     3.1937     6.1936     6.1986    34.9106    34.9103    27.4571    27.4562    1498.79    137.719    138.818         61 0.0000e+00
      69056   2877.299    741.795    748.000     6.2693     6.2690   3.486745   3.486783     1.7019     1.3983      81.94   26.05952  -95.84024    0.00022    0.00002     3.1688     3.1943     6.2007     6.2004    34.9101    34.9108    27.4557    27.4564    1498.79    137.736    138.843         41 0.0000e+00
      69092   2878.801    740.805    747.000     6.2793     6.2881   3.487769   3.488351     1.7022     1.3989      94.21   26.05952  -95.84024    0.00020    0.00019     3.1687     3.1941     6.2107     6.2195    34.9104    34.9098    27.4547    27.4531    1498.79    137.732    138.838         37 0.0000e+00
      69134   2880.558    739.815    746.000     6.2956     6.3030   3.489083   3.489756     1.7021     1.3990     100.27   26.05952  -95.84024    0.00010    0.00028     3.1662     3.1930     6.2270     6.2344    34.9104    34.9103    27.4526    27.4515    1498.79    137.625    138.791         42 0.0000e+00
      69227   2884.422    736.845    743.000     6.3258     6.3277   3.491804   3.491949     1.7001     1.3964      74.73   26.05994  -95.84180   -0.00052   -0.00066     3.1561     3.1807     6.2573     6.2592    34.9114    34.9110    27.4494    27.4488    1498.81    137.184    138.253         31 0.0000e+00
      69259   2885.731    735.855    742.000     6.3324     6.3342   3.492307   3.492415     1.6992     1.3952     100.04   26.05952  -95.84024   -0.00063   -0.00079     3.1520     3.1755     6.2640     6.2657    34.9108    34.9101    27.4480    27.4473    1498.79    137.010    138.031         34 0.0000e+00
      70337   2930.649    693.282    699.000     6.5792     6.5860   3.513001   3.513572     1.6780     1.3753      94.94   26.05904  -95.83831   -0.00026   -0.00048     3.0465     3.0681     6.5136     6.5204    34.9105    34.9098    27.4147    27.4133    1498.76    132.425    133.365         33 0.0000e+00
      70634   2943.042    681.400    687.000     6.6595     6.6609   3.519881   3.519953     1.6701     1.3695     100.00   26.05940  -95.83955   -0.00036   -0.00013     3.0103     3.0374     6.5947     6.5961    34.9110    34.9104    27.4042    27.4035    1498.78    130.852    132.032         30 0.0000e+00
      71178   2965.728    659.614    665.000     6.7639     6.7638   3.528687   3.528653     1.6619     1.3615      95.69   26.05941  -95.83952   -0.00022   -0.00009     2.9673     2.9933     6.7007     6.7007    34.9131    34.9128    27.3916    27.3913    1498.78    128.986    130.115         31 0.0000e+00
      71365   2973.520    652.682    658.000     6.8543     6.8599   3.537345   3.537943     1.6607     1.3592     100.01   26.06288  -95.85227   -0.00045   -0.00066     2.9534     2.9750     6.7914     6.7970    34.9208    34.9217    27.3854    27.3853    1498.98    128.384    129.321         32 0.0000e+00
      71593   2982.983    650.701    656.000     6.8758     6.8409   3.539605   3.536178     1.6564     1.3561      98.04   26.06464  -95.85875    0.00005    0.00023     2.9374     2.9652     6.8130     6.7783    34.9251    34.9226    27.3858    27.3886    1499.08    127.687    128.896         42 0.0000e+00
      71680   2986.615    649.711    655.000     6.8497     6.8380   3.536520   3.535287     1.6538     1.3558      99.57   26.05960  -95.84020   -0.00035   -0.00005     2.9312     2.9644     6.7871     6.7754    34.9174    34.9157    27.3832    27.3834    1498.79    127.418    128.859         35 0.0000e+00
      71875   2994.751    647.730    653.000     6.8973     6.9093   3.540275   3.541683     1.6528     1.3513      99.98   26.05430  -95.82071   -0.00035   -0.00108     2.9241     2.9428     6.8347     6.8467    34.9105    34.9116    27.3710    27.3703    1498.49    127.109    127.923         32 0.0000e+00
      72018   3000.691    646.740    652.000     6.9384     6.9416   3.544732   3.545050     1.6494     1.3487     100.00   26.05961  -95.84020   -0.00101   -0.00069     2.9094     2.9310     6.8757     6.8788    34.9195    34.9198    27.3726    27.3725    1498.79    126.471    127.412         43 0.0000e+00
      72127   3005.264    645.749    651.000     6.9426     6.9464   3.545052   3.545398     1.6473     1.3479     100.00   26.05962  -95.84018   -0.00036   -0.00007     2.9021     2.9276     6.8800     6.8838    34.9192    34.9192    27.3718    27.3713    1498.79    126.153    127.262         31 0.0000e+00
