GOMECC/GOMECC-4/1db/urb2103_0541.cnv
* Sea-Bird SBE 9 Data File:
* FileName = C:\Users\scs.user.rb\CTD\GOMECC4\data\rb2103_0541.hex
* Software Version Seasave V 7.26.7.107
* Temperature SN = 4799
* Conductivity SN = 3860
* Number of Bytes Per Scan = 41
* Number of Voltage Words = 4
* Number of Scans Averaged by the Deck Unit = 1
* NMEA Latitude = 27 29.98 N
* NMEA Longitude = 095 00.24 W
* NMEA UTC (Time) = Sep 28 2021  12:26:08
* NMEA baud rate = 4800
# nquan = 28
# nvalues = 247                         
# units = specified
# name 0 = scan: Scan Count
# name 1 = timeS: Time, Elapsed [seconds]
# name 2 = depSM: Depth [salt water, m]
# name 3 = prDM: Pressure, Digiquartz [db]
# name 4 = t090C: Temperature [ITS-90, deg C]
# name 5 = t190C: Temperature, 2 [ITS-90, deg C]
# name 6 = c0S/m: Conductivity [S/m]
# name 7 = c1S/m: Conductivity, 2 [S/m]
# name 8 = sbeox0V: Oxygen raw, SBE 43 [V]
# name 9 = sbeox1V: Oxygen raw, SBE 43, 2 [V]
# name 10 = altM: Altimeter [m]
# name 11 = latitude: Latitude [deg]
# name 12 = longitude: Longitude [deg]
# name 13 = sbox0dV/dT: Oxygen, SBE 43 [dov/dt]
# name 14 = sbox1dV/dT: Oxygen, SBE 43, 2 [dov/dt]
# name 15 = sbeox0ML/L: Oxygen, SBE 43 [ml/l], WS = 5
# name 16 = sbeox1ML/L: Oxygen, SBE 43, 2 [ml/l], WS = 5
# name 17 = potemp090C: Potential Temperature [ITS-90, deg C]
# name 18 = potemp190C: Potential Temperature, 2 [ITS-90, deg C]
# name 19 = sal00: Salinity, Practical [PSU]
# name 20 = sal11: Salinity, Practical, 2 [PSU]
# name 21 = sigma-é00: Density [sigma-theta, kg/m^3]
# name 22 = sigma-é11: Density, 2 [sigma-theta, kg/m^3]
# name 23 = avgsvCM: Average Sound Velocity [Chen-Millero, m/s], minP = 20, minS = 20
# name 24 = sbox0Mm/Kg: Oxygen, SBE 43 [umol/kg], WS = 5
# name 25 = sbox1Mm/Kg: Oxygen, SBE 43, 2 [umol/kg], WS = 5
# name 26 = nbin: number of scans per bin
# name 27 = flag: flag
# span 0 =      42807,     100072       
# span 1 =   1783.572,   4169.616       
# span 2 =      2.980,    870.352       
# span 3 =      3.000,    878.000       
# span 4 =     5.9075,    29.5325       
# span 5 =     5.9082,    29.5316       
# span 6 =   3.459448,   5.934332       
# span 7 =   3.459348,   5.934109       
# span 8 =     1.5802,     3.2986       
# span 9 =     1.2842,     2.8262       
# span 10 =      10.27,     100.71      
# span 11 =   27.37061,   27.86930      
# span 12 =  -96.27280,  -94.55051      
# span 13 =   -0.00724,    0.03812      
# span 14 =   -0.00750,    0.04107      
# span 15 =     2.4556,     4.9080      
# span 16 =     2.4817,     4.9251      
# span 17 =     5.8285,    29.5296      
# span 18 =     5.8292,    29.5287      
# span 19 =    34.9073,    36.4794      
# span 20 =    34.9057,    36.4780      
# span 21 =    22.5257,    27.5039      
# span 22 =    22.5239,    27.5025      
# span 23 =    1496.66,    1523.94      
# span 24 =    106.781,    214.060      
# span 25 =    107.913,    214.809      
# span 26 =         30,         65      
# span 27 = 0.0000e+00, 0.0000e+00      
# interval = decibars: 1                
# start_time = Sep 28 2021 12:26:08 [NMEA time, header]
# bad_flag = -9.990e-29
*END*
[from data line 208]
      84644   3526.802     65.553     66.000    23.9554    23.9857   5.370421   5.373845     2.9912     2.5579     100.00   27.49835  -94.99212    0.02604    0.02792     4.5054     4.5338    23.9414    23.9718    36.2851    36.2864    24.6321    24.6240    1503.64    196.372    197.614         39 0.0000e+00
      84677   3528.186     64.560     65.000    24.0936    24.0878   5.386148   5.385602     3.0187     2.5857      21.56   27.49836  -94.99210    0.02416    0.02478     4.5476     4.5858    24.0798    24.0740    36.2923    36.2929    24.5963    24.5985    1503.64    198.219    199.886         30 0.0000e+00
      84708   3529.478     63.567     64.000    24.1698    24.1822   5.394907   5.395578     3.0552     2.6152      97.50   27.49836  -94.99210    0.02262    0.02125     4.6125     4.6423    24.1562    24.1686    36.2971    36.2972    24.5771    24.5735    1503.64    201.052    202.351         34 0.0000e+00
      84749   3531.152     62.574     63.000    24.2161    24.2135   5.399823   5.399544     3.0848     2.6426     100.00   27.49835  -94.99210    0.02337    0.02075     4.6664     4.6985    24.2026    24.2001    36.2970    36.2968    24.5631    24.5637    1503.64    203.406    204.805         42 0.0000e+00
      84796   3533.115     61.581     62.000    24.2430    24.2301   5.402560   5.401501     3.1038     2.6510      99.87   27.49834  -94.99210    0.01544    0.01166     4.7011     4.7147    24.2298    24.2168    36.2961    36.2980    24.5543    24.5596    1503.64    204.920    205.514         39 0.0000e+00
      84930   3538.696     60.588     61.000    24.3338    24.2824   5.411862   5.405668     3.1182     2.6619      67.23   27.49834  -94.99206    0.00211    0.00166     4.7211     4.7340    24.3208    24.2694    36.2931    36.2879    24.5247    24.5362    1503.64    205.799    206.356         37 0.0000e+00
      85322   3555.056     59.595     60.000    24.4842    24.4603   5.427133   5.423733     3.1354     2.6753      97.24   27.49834  -94.99201    0.00311    0.00279     4.7443     4.7489    24.4701    24.4475    36.2877    36.2881    24.4757    24.4828    1503.64    206.817    207.019         59 0.0000e+00
      86106   3587.696     58.601     59.000    24.5803    24.5787   5.437766   5.437401     3.1294     2.6740     100.00   27.49832  -94.99190    0.00127    0.00054     4.7208     4.7350    24.5676    24.5660    36.2894    36.2882    24.4475    24.4471    1503.64    205.799    206.421         52 0.0000e+00
      86211   3592.079     57.608     58.000    24.6271    24.6101   5.443333   5.441624     3.1472     2.6899     100.00   27.49832  -94.99188    0.00556    0.00539     4.7507     4.7660    24.6146    24.5976    36.2937    36.2946    24.4366    24.4424    1503.64    207.104    207.774         50 0.0000e+00
      86257   3593.988     56.615     57.000    24.7367    24.7486   5.455691   5.456888     3.1645     2.7101     100.00   27.49832  -94.99188    0.00745    0.00705     4.7743     4.7977    24.7243    24.7363    36.2983    36.2976    24.4068    24.4026    1503.64    208.140    209.162         44 0.0000e+00
      86323   3596.738     55.622     56.000    24.7853    24.8266   5.461281   5.465507     3.1856     2.7296     100.00   27.49832  -94.99186    0.00857    0.00868     4.8105     4.8327    24.7732    24.8145    36.3013    36.2996    24.3942    24.3803    1503.64    209.722    210.691         46 0.0000e+00
      86379   3599.065     54.629     55.000    24.9269    24.8761   5.475812   5.470785     3.1921     2.7322      92.75   27.49832  -94.99186    0.00347    0.00102     4.8118     4.8324    24.9149    24.8642    36.2962    36.2968    24.3472    24.3636    1503.64    209.788    210.684         46 0.0000e+00
      86434   3601.395     53.636     54.000    25.0704    25.0288   5.490986   5.486879     3.2017     2.7413     100.13   27.49830  -94.99185    0.00338    0.00257     4.8157     4.8399    25.0586    25.0170    36.2943    36.2972    24.3019    24.3167    1503.64    209.965    211.019         62 0.0000e+00
      86487   3603.568     52.643     53.000    25.2042    25.1500   5.502848   5.500941     3.2087     2.7453     100.00   27.49830  -94.99184    0.00298    0.00258     4.8116     4.8340    25.1735    25.1384    36.2907    36.3048    24.2639    24.2853    1503.64    209.793    210.766         42 0.0000e+00
      86525   3605.181     51.650     52.000    25.6450    25.6159   5.552229   5.548987     3.2349     2.7642      71.03   27.49830  -94.99184    0.00790    0.00498     4.8333     4.8431    25.6330    25.6044    36.2895    36.2920    24.1210    24.1318    1503.64    210.771    211.195         40 0.0000e+00
      86573   3607.170     50.657     51.000    25.7422    25.8007   5.563421   5.570636     3.2635     2.7971     100.71   27.49830  -94.99184    0.01497    0.01383     4.8737     4.8930    25.7309    25.7893    36.2944    36.3009    24.0944    24.0810    1503.64    212.538    213.382         51 0.0000e+00
      86615   3608.928     49.663     50.000    25.9218    26.0295   5.583963   5.595081     3.2812     2.8168     100.00   27.49830  -94.99182    0.01195    0.01394     4.8935     4.9177    25.9125    26.0184    36.3033    36.2961    24.0443    24.0047    1503.64    213.410    214.478         36 0.0000e+00
      86656   3610.616     48.670     49.000    26.1021    26.1434   5.601824   5.606166     3.2986     2.8262     100.00   27.49830  -94.99181    0.01058    0.00999     4.9080     4.9251    26.0912    26.1323    36.2910    36.2898    23.9791    23.9652    1503.64    214.060    214.809         49 0.0000e+00
      86707   3612.768     47.677     48.000    26.1625    26.1583   5.607504   5.606643     3.2986     2.8112     100.00   27.49830  -94.99180    0.00617   -0.00126     4.9022     4.8919    26.1517    26.1475    36.2849    36.2820    23.9555    23.9546    1503.64    213.810    213.361         45 0.0000e+00
      86745   3614.318     46.684     47.000    26.3647    26.3827   5.628130   5.629692     3.2965     2.8128     100.00   27.49830  -94.99180   -0.00116   -0.00540     4.8800     4.8764    26.3541    26.3720    36.2757    36.2729    23.8847    23.8769    1503.64    212.858    212.700         36 0.0000e+00
      86789   3616.150     45.691     46.000    26.4954    26.4809   5.641615   5.640010     3.2942     2.8099      96.32   27.49830  -94.99180   -0.00109   -0.00048     4.8635     4.8619    26.4850    26.4704    36.2710    36.2708    23.8397    23.8442    1503.64    212.149    212.074         52 0.0000e+00
      86836   3618.121     44.697     45.000    26.5194    26.5314   5.643703   5.644796     3.2854     2.8086      96.02   27.49830  -94.99179   -0.00324   -0.00141     4.8447     4.8546    26.5091    26.5211    36.2676    36.2661    23.8296    23.8246    1503.64    211.327    211.759         39 0.0000e+00
      86875   3619.731     43.704     44.000    26.6609    26.6564   5.657718   5.657471     3.2825     2.7993      99.91   27.49830  -94.99178   -0.00324   -0.00226     4.8267     4.8246    26.6508    26.6464    36.2582    36.2599    23.7774    23.7801    1503.64    210.555    210.462         42 0.0000e+00
      86925   3621.838     42.711     43.000    26.7003    26.7057   5.662166   5.662895     3.2736     2.7929      90.47   27.49830  -94.99178   -0.00306   -0.00476     4.8058     4.8066    26.6905    26.6959    36.2597    36.2608    23.7659    23.7650    1503.64    209.643    209.678         40 0.0000e+00
      87245   3635.155     39.731     40.000    26.9155    26.7896   5.680276   5.665171     3.2793     2.7957      98.85   27.43704  -94.78010   -0.00013   -0.00097     4.7950     4.8029    26.9063    26.7804    36.1803    36.1759    23.6265    23.6628    1500.29    209.192    209.528         44 0.0000e+00
      88893   3703.826     36.752     37.000    27.9354    27.6855   5.783606   5.760755     3.2196     2.7652      99.53   27.45607  -94.84575   -0.00442   -0.00177     4.5984     4.6674    27.9267    27.6768    36.1433    36.1744    23.2706    23.3759    1501.33    200.688    203.678         42 0.0000e+00
      89246   3718.524     35.759     36.000    28.2214    27.9243   5.816560   5.787012     3.2046     2.7518     100.00   27.49824  -94.99143   -0.00405   -0.00451     4.5491     4.6203    28.2129    27.9158    36.1818    36.2080    23.2136    23.3310    1503.64    198.555    201.644         47 0.0000e+00
      89578   3732.392     31.786     32.000    28.6643    28.5324   5.820653   5.816333     3.1485     2.6821      99.55   27.37061  -94.55051   -0.00724   -0.00492     4.4107     4.4334    28.6566    28.5247    35.7957    35.8651    22.7510    22.8473    1496.66    192.578    193.551         31 0.0000e+00
      91309   3804.502     27.813     28.000    29.0473    29.0365   5.837744   5.838768     3.1106     2.6371      99.67   27.39047  -94.61896   -0.00003   -0.00001     4.3178     4.3103    29.0405    29.0297    35.6590    35.6542    22.5257    22.5239    1497.75    188.569    188.243         44 0.0000e+00
      92633   3859.669     25.827     26.000    29.3303    29.3286   5.895212   5.894954     3.1413     2.6645     100.35   27.66676  -95.57339    0.00102   -0.00110     4.3576     4.3553    29.3239    29.3223    35.9971    35.9965    22.7380    22.7381    1512.86    190.311    190.208         36 0.0000e+00
      92351   3847.910     23.840     24.000    29.1399    29.1384   5.856782   5.856923     3.1218     2.6470      99.95   27.48553  -94.94727    0.00052    0.00025     4.3298     4.3256    29.1340    29.1325    35.7618    35.7639    22.5887    22.5907    1502.95    189.097    188.910         63 0.0000e+00
      97531   4063.767     11.920     12.000    29.5325    29.5316   5.934332   5.934109     3.1680     2.6847      98.02   27.86930  -96.27280    0.00024   -0.00004     4.3902     4.3824    29.5296    29.5287    36.2464    36.2455    22.8968    22.8964    1523.94    191.735    191.395         36 0.0000e+00
      96445   4018.486     10.927     11.000    29.1393    29.1381   5.855363   5.855124     3.1254     2.6501      92.40   27.49804  -94.99029    0.00032   -0.00008     4.3304     4.3259    29.1366    29.1355    35.7642    35.7634    22.5921    22.5919    1503.64    189.124    188.924         65 0.0000e+00
      97915   4079.765      8.940      9.000    29.1844    29.1816   5.864575   5.864106     3.1330     2.6557      80.85   27.54360  -95.14760    0.00031    0.00133     4.3412     4.3350    29.1822    29.1794    35.8230    35.8219    22.6302    22.6302    1506.13    189.594    189.322         64 0.0000e+00
      97843   4076.744      7.947      8.000    29.1366    29.1356   5.854860   5.854678     3.1280     2.6493      63.15   27.49802  -94.99012    0.00009    0.00022     4.3339     4.3229    29.1347    29.1337    35.7636    35.7631    22.5923    22.5923    1503.64    189.275    188.796         35 0.0000e+00
      97919   4079.901      6.954      7.000    29.1361    29.1369   5.854716   5.854784     3.1294     2.6511     100.68   27.49801  -94.99011    0.00020   -0.00031     4.3359     4.3258    29.1344    29.1352    35.7633    35.7632    22.5922    22.5918    1503.64    189.365    188.924         44 0.0000e+00
      98306   4096.059      4.967      5.000    29.1916    29.1917   5.865736   5.865800     3.1362     2.6607      99.86   27.55206  -95.17685    0.00005    0.00088     4.3446     4.3423    29.1903    29.1905    35.8322    35.8325    22.6360    22.6362    1506.60    189.745    189.644         43 0.0000e+00
      99529   4147.007      3.974      4.000    29.1338    29.1341   5.854237   5.854223     3.1271     2.6555      99.41   27.49797  -94.98994    0.00014    0.00090     4.3303     4.3334    29.1328    29.1331    35.7626    35.7623    22.5922    22.5919    1503.64    189.121    189.254         43 0.0000e+00
     100072   4169.616      2.980      3.000    29.1330    29.1323   5.854146   5.854028     3.1253     2.6543      79.01   27.49796  -94.98988   -0.00012   -0.00109     4.3266     4.3305    29.1323    29.1315    35.7628    35.7626    22.5926    22.5926    1503.64    188.959    189.128         46 0.0000e+00
