GOMECC/GOMECC-4/1db/urb2103_0711.cnv
* Sea-Bird SBE 9 Data File:
* FileName = C:\Users\scs.user.rb\CTD\GOMECC4\data\rb2103_0711.hex
* Software Version Seasave V 7.26.7.107
* Temperature SN = 4799
* Conductivity SN = 3860
* Number of Bytes Per Scan = 41
* Number of Voltage Words = 4
* Number of Scans Averaged by the Deck Unit = 1
* NMEA Latitude = 26 03.51 N
* NMEA Longitude = 094 11.79 W
* NMEA UTC (Time) = Oct 03 2021  22:34:45
* NMEA baud rate = 4800
# nquan = 28
# nvalues = 415                         
# units = specified
# name 0 = scan: Scan Count
# name 1 = timeS: Time, Elapsed [seconds]
# name 2 = depSM: Depth [salt water, m]
# name 3 = prDM: Pressure, Digiquartz [db]
# name 4 = t090C: Temperature [ITS-90, deg C]
# name 5 = t190C: Temperature, 2 [ITS-90, deg C]
# name 6 = c0S/m: Conductivity [S/m]
# name 7 = c1S/m: Conductivity, 2 [S/m]
# name 8 = sbeox0V: Oxygen raw, SBE 43 [V]
# name 9 = sbeox1V: Oxygen raw, SBE 43, 2 [V]
# name 10 = altM: Altimeter [m]
# name 11 = latitude: Latitude [deg]
# name 12 = longitude: Longitude [deg]
# name 13 = sbox0dV/dT: Oxygen, SBE 43 [dov/dt]
# name 14 = sbox1dV/dT: Oxygen, SBE 43, 2 [dov/dt]
# name 15 = sbeox0ML/L: Oxygen, SBE 43 [ml/l], WS = 5
# name 16 = sbeox1ML/L: Oxygen, SBE 43, 2 [ml/l], WS = 5
# name 17 = potemp090C: Potential Temperature [ITS-90, deg C]
# name 18 = potemp190C: Potential Temperature, 2 [ITS-90, deg C]
# name 19 = sal00: Salinity, Practical [PSU]
# name 20 = sal11: Salinity, Practical, 2 [PSU]
# name 21 = sigma-é00: Density [sigma-theta, kg/m^3]
# name 22 = sigma-é11: Density, 2 [sigma-theta, kg/m^3]
# name 23 = avgsvCM: Average Sound Velocity [Chen-Millero, m/s], minP = 20, minS = 20
# name 24 = sbox0Mm/Kg: Oxygen, SBE 43 [umol/kg], WS = 5
# name 25 = sbox1Mm/Kg: Oxygen, SBE 43, 2 [umol/kg], WS = 5
# name 26 = nbin: number of scans per bin
# name 27 = flag: flag
# span 0 =     100727,     245271       
# span 1 =   4196.923,  10219.587       
# span 2 =      1.987,   2991.735       
# span 3 =      2.000,   3033.000       
# span 4 =     4.2901,    30.4469       
# span 5 =     4.2908,    30.4409       
# span 6 =   3.352214,   6.119088       
# span 7 =   3.352173,   6.118312       
# span 8 =     1.5664,     3.2538       
# span 9 =     1.2690,     2.7454       
# span 10 =      11.15,     105.13      
# span 11 =   25.96007,   26.84624      
# span 12 =  -97.04922,  -93.84388      
# span 13 =   -0.01148,    0.04843      
# span 14 =   -0.00838,    0.04783      
# span 15 =     2.3905,     4.7253      
# span 16 =     2.4053,     4.7412      
# span 17 =     4.0800,    30.4464      
# span 18 =     4.0812,    30.4404      
# span 19 =    34.9073,    37.1229      
# span 20 =    34.9056,    37.1242      
# span 21 =    22.8837,    27.7589      
# span 22 =    22.8772,    27.7575      
# span 23 =    1497.05,    1548.17      
# span 24 =    103.943,    206.091      
# span 25 =    104.590,    206.777      
# span 26 =         30,         80      
# span 27 = 0.0000e+00, 0.0000e+00      
# interval = decibars: 1                
# start_time = Oct 03 2021 22:34:45 [NMEA time, header]
# bad_flag = -9.990e-29
*END*
[from data line 259]
     193933   8080.491    541.733    546.000     8.9705     8.9738   3.744870   3.745133     1.5686     1.2722      57.77   26.05864  -94.19682   -0.00026   -0.00008     2.4829     2.5002     8.9101     8.9134    35.0889    35.0884    27.2023    27.2013    1502.69    107.950    108.703         39 0.0000e+00
     193972   8082.122    540.742    545.000     9.0099     9.0129   3.748980   3.749252     1.5687     1.2718      99.92   26.05864  -94.19682   -0.00002    0.00022     2.4806     2.4961     8.9493     8.9524    35.0936    35.0935    27.1997    27.1991    1502.69    107.849    108.525         41 0.0000e+00
     194012   8083.785    539.751    544.000     9.0186     9.0239   3.749812   3.750360     1.5683     1.2711     100.00   26.05864  -94.19682    0.00003   -0.00027     2.4785     2.4928     8.9581     8.9634    35.0942    35.0947    27.1988    27.1983    1502.69    107.758    108.382         37 0.0000e+00
     194267   8094.414    530.833    535.000     9.0865     9.0873   3.756723   3.756730     1.5682     1.2711     100.00   26.05964  -94.20043    0.00016    0.00008     2.4708     2.4861     9.0268     9.0276    35.1040    35.1033    27.1954    27.1947    1502.75    107.423    108.091         30 0.0000e+00
     194887   8120.230    507.049    511.000     9.3928     9.4214   3.788292   3.790787     1.5699     1.2718      73.04   26.05824  -94.19536   -0.00031   -0.00044     2.4486     2.4602     9.3347     9.3632    35.1419    35.1404    27.1748    27.1689    1502.67    106.462    106.966         30 0.0000e+00
     195340   8139.106    490.201    494.000     9.7718     9.7785   3.828107   3.828792     1.5664     1.2690     100.00   26.05958  -94.20020    0.00017    0.00046     2.4098     2.4239     9.7143     9.7210    35.1911    35.1916    27.1500    27.1492    1502.74    104.778    105.391         30 0.0000e+00
     195467   8144.430    485.245    489.000     9.9070     9.9176   3.842370   3.843393     1.5679     1.2699      99.95   26.05928  -94.19912    0.00038    0.00030     2.4040     2.4169     9.8496     9.8601    35.2079    35.2081    27.1401    27.1385    1502.73    104.527    105.086         30 0.0000e+00
     196326   8180.201    453.525    457.000    10.6383    10.6458   3.920698   3.921516     1.5825     1.2835     100.01   26.06150  -94.20729    0.00063    0.00037     2.3907     2.4053    10.5823    10.5898    35.3094    35.3103    27.0919    27.0914    1502.86    103.954    104.590         31 0.0000e+00
     196371   8182.079    452.534    456.000    10.6182    10.6313   3.918107   3.919577     1.5824     1.2834     100.00   26.05860  -94.19682    0.00014    0.00014     2.3914     2.4059    10.5624    10.5754    35.3024    35.3046    27.0899    27.0893    1502.69    103.984    104.613         54 0.0000e+00
     196446   8185.206    451.543    455.000    10.6391    10.6482   3.920557   3.921352     1.5826     1.2843     100.00   26.05860  -94.19682    0.00004    0.00023     2.3905     2.4073    10.5833    10.5924    35.3059    35.3066    27.0889    27.0878    1502.69    103.943    104.676         55 0.0000e+00
     196699   8195.762    449.560    453.000    10.6673    10.6445   3.923872   3.921244     1.5841     1.2848     100.01   26.06204  -94.20928    0.00041    0.00006     2.3923     2.4083    10.6117    10.5890    35.3153    35.3108    27.0913    27.0919    1502.89    104.022    104.719         34 0.0000e+00
     196785   8199.331    448.569    452.000    10.7069    10.6772   3.927588   3.924005     1.5851     1.2852     100.00   26.05860  -94.19684    0.00025    0.00016     2.3925     2.4067    10.6512    10.6217    35.3141    35.3077    27.0831    27.0835    1502.69    104.032    104.650         33 0.0000e+00
     196903   8204.233    447.577    451.000    10.7548    10.7482   3.932449   3.932046     1.5869     1.2875     100.00   26.05860  -94.19685    0.00034    0.00039     2.3943     2.4096    10.6991    10.6926    35.3200    35.3197    27.0792    27.0801    1502.69    104.111    104.773         37 0.0000e+00
     198130   8255.389    446.586    450.000    10.8458    10.8393   3.942943   3.942100     1.5900     1.2913     100.00   26.05857  -94.19686   -0.00009    0.00024     2.3971     2.4154    10.7900    10.7835    35.3352    35.3330    27.0748    27.0742    1502.69    104.231    105.028         41 0.0000e+00
     198573   8273.834    445.595    449.000    10.8628    10.8692   3.944775   3.945200     1.5909     1.2919      71.62   26.05856  -94.19686   -0.00015   -0.00012     2.3979     2.4154    10.8071    10.8134    35.3362    35.3357    27.0725    27.0709    1502.69    104.269    105.028         54 0.0000e+00
     198642   8276.695    444.603    448.000    10.8765    10.8724   3.946128   3.945604     1.5912     1.2922     101.07   26.05856  -94.19686    0.00010    0.00003     2.3979     2.4158    10.8208    10.8167    35.3385    35.3372    27.0717    27.0715    1502.69    104.268    105.044         64 0.0000e+00
     198691   8278.753    443.612    447.000    10.9550    10.9469   3.954498   3.953519     1.5921     1.2931     100.00   26.05856  -94.19686    0.00019    0.00030     2.3954     2.4137    10.8989    10.8911    35.3475    35.3451    27.0646    27.0642    1502.69    104.159    104.957         32 0.0000e+00
     198726   8280.229    442.621    446.000    10.9859    10.9832   3.958173   3.957821     1.5933     1.2941      56.55   26.05856  -94.19686    0.00060    0.00050     2.3965     2.4143    10.9301    10.9274    35.3546    35.3537    27.0645    27.0643    1502.69    104.207    104.983         36 0.0000e+00
     198762   8281.719    441.629    445.000    10.9981    11.0010   3.959401   3.959590     1.5938     1.2943     100.93   26.05856  -94.19686    0.00067    0.00046     2.3967     2.4136    10.9424    10.9453    35.3556    35.3547    27.0631    27.0619    1502.69    104.218    104.951         34 0.0000e+00
     199107   8296.068    428.741    432.000    11.2154    11.2189   3.982731   3.983073     1.6020     1.3015     100.00   26.05832  -94.19598   -0.00045   -0.00013     2.4023     2.4185    11.1607    11.1641    35.3854    35.3852    27.0464    27.0456    1502.68    104.462    105.167         30 0.0000e+00
     199801   8324.990    402.963    406.000    11.5735    11.5756   4.021723   4.021799     1.6274     1.3238     100.00   26.05949  -94.20031    0.00045    0.00019     2.4417     2.4554    11.5210    11.5231    35.4394    35.4389    27.0216    27.0207    1502.74    106.178    106.771         30 0.0000e+00
     200354   8348.053    382.139    385.000    11.9676    11.9645   4.064809   4.064489     1.6447     1.3414      95.58   26.05942  -94.20006    0.00150    0.00172     2.4579     2.4775    11.9168    11.9137    35.4966    35.4964    26.9910    26.9914    1502.74    106.884    107.736         30 0.0000e+00
     201328   8388.623    345.445    348.000    12.9015    12.9062   4.169307   4.169837     1.6983     1.3894     100.00   26.05886  -94.19804    0.00193    0.00154     2.5305     2.5476    12.8533    12.8580    35.6393    35.6399    26.9180    26.9175    1502.71    110.048    110.795         30 0.0000e+00
     201897   8412.352    326.599    329.000    13.3301    13.3557   4.218313   4.221157     1.6973     1.3874     100.02   26.06344  -94.21462    0.00006   -0.00002     2.4959     2.5098    13.2836    13.3092    35.7131    35.7136    26.8882    26.8832    1502.97    108.547    109.155         44 0.0000e+00
     201929   8413.657    325.607    328.000    13.3257    13.3530   4.216907   4.220289     1.6972     1.3878     100.00   26.05854  -94.19690   -0.00000    0.00025     2.4961     2.5112    13.2793    13.3066    35.7050    35.7092    26.8824    26.8801    1502.69    108.558    109.214         59 0.0000e+00
     203876   8494.778    322.632    325.000    13.6485    13.6553   4.254941   4.255709     1.7064     1.3967      83.13   26.06617  -94.22464    0.00006   -0.00004     2.4989     2.5177    13.6018    13.6086    35.7640    35.7648    26.8620    26.8613    1503.13    108.684    109.502         43 0.0000e+00
     203926   8496.879    321.640    324.000    13.6550    13.6528   4.254926   4.254718     1.7066     1.3956      91.46   26.05850  -94.19692    0.00013   -0.00036     2.4991     2.5144    13.6084    13.6062    35.7557    35.7557    26.8536    26.8541    1502.69    108.690    109.355         63 0.0000e+00
     203994   8499.720    320.648    323.000    13.6676    13.6714   4.256534   4.256670     1.7067     1.3955      94.41   26.05850  -94.19692    0.00001   -0.00007     2.4981     2.5127    13.6211    13.6249    35.7579    35.7576    26.8528    26.8517    1502.69    108.649    109.283         58 0.0000e+00
     204056   8502.285    319.656    322.000    13.7074    13.7083   4.260881   4.261064     1.7059     1.3949      87.12   26.05850  -94.19692   -0.00016   -0.00015     2.4935     2.5087    13.6610    13.6619    35.7635    35.7645    26.8488    26.8493    1502.69    108.449    109.109         66 0.0000e+00
     204112   8504.627    318.664    321.000    13.7269    13.7256   4.263215   4.262962     1.7043     1.3928     100.61   26.05850  -94.19692   -0.00050   -0.00065     2.4881     2.5015    13.6806    13.6793    35.7677    35.7666    26.8479    26.8473    1502.69    108.215    108.797         42 0.0000e+00
     204150   8506.209    317.672    320.000    13.7693    13.7659   4.268031   4.267537     1.7032     1.3911      65.42   26.05850  -94.19692   -0.00075   -0.00101     2.4825     2.4943    13.7230    13.7197    35.7739    35.7724    26.8438    26.8433    1502.69    107.971    108.482         39 0.0000e+00
     204192   8507.938    316.680    319.000    13.8087    13.8038   4.272435   4.271884     1.7018     1.3904     100.87   26.05850  -94.19692   -0.00072   -0.00082     2.4770     2.4899    13.7621    13.7576    35.7792    35.7783    26.8397    26.8400    1502.69    107.729    108.292         42 0.0000e+00
     204292   8512.109    313.704    316.000    13.9186    13.9215   4.285415   4.285641     1.7017     1.3920      95.23   26.05979  -94.20160   -0.00009    0.00052     2.4687     2.4869    13.8726    13.8755    35.7998    35.7992    26.8325    26.8314    1502.76    107.372    108.161         30 0.0000e+00
     204313   8513.002    312.712    315.000    13.9341    13.9322   4.286970   4.286787     1.7020     1.3919     100.08   26.05850  -94.19694    0.00030    0.00052     2.4682     2.4857    13.8882    13.8863    35.8000    35.8000    26.8293    26.8297    1502.69    107.352    108.109         32 0.0000e+00
     204634   8526.380    300.808    303.000    14.3506    14.3372   4.334727   4.333164     1.7134     1.3992     100.00   26.05820  -94.19585    0.00146    0.00064     2.4693     2.4794    14.3056    14.2922    35.8628    35.8609    26.7890    26.7903    1502.67    107.400    107.839         30 0.0000e+00
     205458   8560.701    270.053    272.000    15.2246    15.2307   4.436332   4.436844     1.7498     1.4336     100.00   26.05941  -94.20032    0.00065    0.00084     2.4990     2.5130    15.1825    15.1887    36.0030    36.0020    26.7051    26.7030    1502.74    108.701    109.312         30 0.0000e+00
     206687   8611.916    227.384    229.000    16.4361    16.4266   4.577995   4.576807     1.8032     1.4818     100.01   26.06302  -94.21346    0.00050    0.00018     2.5446     2.5605    16.3988    16.3894    36.1891    36.1872    26.5704    26.5711    1502.95    110.700    111.391         56 0.0000e+00
     206732   8613.784    226.391    228.000    16.4035    16.4162   4.573499   4.575203     1.8009     1.4810      95.77   26.05846  -94.19698   -0.00052   -0.00034     2.5408     2.5589    16.3664    16.3791    36.1774    36.1810    26.5685    26.5683    1502.69    110.534    111.323         42 0.0000e+00
     206826   8617.714    225.399    227.000    16.4091    16.4383   4.574256   4.577506     1.8004     1.4807      98.22   26.05846  -94.19698   -0.00028    0.00016     2.5390     2.5565    16.3722    16.4014    36.1794    36.1817    26.5687    26.5637    1502.69    110.458    111.218         52 0.0000e+00
     207371   8640.399    223.414    225.000    16.5144    16.4893   4.586130   4.582931     1.8033     1.4826      99.96   26.04729  -94.15676    0.00006    0.00032     2.5401     2.5580    16.4847    16.4526    36.1790    36.1748    26.5408    26.5452    1502.05    110.507    111.284         54 0.0000e+00
     208687   8695.229    222.422    224.000    16.6415    16.6084   4.601382   4.598072     1.8088     1.4866     100.00   26.05838  -94.19706    0.00011   -0.00006     2.5447     2.5616    16.6050    16.5717    36.2101    36.2108    26.5375    26.5460    1502.69    110.709    111.442         54 0.0000e+00
     208791   8699.575    221.430    223.000    16.6700    16.6709   4.604145   4.604713     1.8084     1.4871      99.96   26.05838  -94.19706   -0.00019   -0.00010     2.5419     2.5592    16.6329    16.6343    36.2099    36.2135    26.5308    26.5332    1502.69    110.589    111.341         73 0.0000e+00
     208866   8702.707    220.437    222.000    16.6793    16.6961   4.605622   4.607759     1.8086     1.4877     100.00   26.05838  -94.19706    0.00004    0.00027     2.5416     2.5592    16.6429    16.6596    36.2149    36.2180    26.5323    26.5307    1502.69    110.573    111.339         64 0.0000e+00
     208935   8705.581    219.445    221.000    16.7199    16.7297   4.610771   4.611695     1.8097     1.4872      83.83   26.05838  -94.19706    0.00031   -0.00019     2.5413     2.5558    16.6835    16.6933    36.2217    36.2227    26.5279    26.5263    1502.69    110.562    111.191         73 0.0000e+00
     209009   8708.684    218.452    220.000    16.7836    16.7829   4.617910   4.617673     1.8105     1.4876     100.09   26.05838  -94.19706    0.00033    0.00016     2.5395     2.5536    16.7473    16.7466    36.2292    36.2277    26.5185    26.5175    1502.69    110.483    111.096         67 0.0000e+00
     209079   8711.563    217.460    219.000    16.8532    16.8562   4.626084   4.626438     1.8115     1.4880      85.01   26.05837  -94.19706    0.00034    0.00015     2.5377     2.5505    16.8170    16.8199    36.2387    36.2392    26.5092    26.5089    1502.69    110.409    110.963         74 0.0000e+00
     209154   8714.691    216.467    218.000    16.8883    16.8985   4.630284   4.631347     1.8111     1.4883     100.23   26.05836  -94.19706   -0.00011    0.00011     2.5345     2.5486    16.8521    16.8623    36.2444    36.2445    26.5052    26.5029    1502.69    110.267    110.882         70 0.0000e+00
     209221   8717.504    215.475    217.000    16.9445    16.9477   4.636937   4.637463     1.8120     1.4892      83.24   26.05836  -94.19706    0.00020    0.00024     2.5330     2.5482    16.9085    16.9117    36.2536    36.2544    26.4988    26.4987    1502.69    110.204    110.863         72 0.0000e+00
     209299   8720.764    214.483    216.000    16.9785    16.9860   4.640785   4.641807     1.8130     1.4894     100.19   26.05836  -94.19706    0.00034    0.00008     2.5333     2.5462    16.9426    16.9500    36.2559    36.2585    26.4924    26.4926    1502.69    110.215    110.780         65 0.0000e+00
     209361   8723.323    213.490    215.000    17.0540    17.0754   4.649640   4.652121     1.8144     1.4911     100.00   26.05836  -94.19706    0.00037    0.00048     2.5320     2.5456    17.0181    17.0395    36.2660    36.2684    26.4820    26.4788    1502.69    110.160    110.753         53 0.0000e+00
     209404   8725.128    212.497    214.000    17.1625    17.1627   4.662797   4.662566     1.8175     1.4932     100.00   26.05836  -94.19706    0.00106    0.00081     2.5329     2.5458    17.1266    17.1268    36.2838    36.2817    26.4697    26.4680    1502.69    110.204    110.765         38 0.0000e+00
