GOMECC/GOMECC-4/1db/urb2103_1211.cnv
* Sea-Bird SBE 9 Data File:
* FileName = C:\Users\scs.user.rb\CTD\GOMECC4\data\rb2103_1211.hex
* Software Version Seasave V 7.26.7.107
* Temperature SN = 4799
* Conductivity SN = 3860
* Number of Bytes Per Scan = 41
* Number of Voltage Words = 4
* Number of Scans Averaged by the Deck Unit = 1
* NMEA Latitude = 24 24.00 N
* NMEA Longitude = 080 37.48 W
* NMEA UTC (Time) = Oct 17 2021  18:24:48
* NMEA baud rate = 4800
# nquan = 28
# nvalues = 198                         
# units = specified
# name 0 = scan: Scan Count
# name 1 = timeS: Time, Elapsed [seconds]
# name 2 = depSM: Depth [salt water, m]
# name 3 = prDM: Pressure, Digiquartz [db]
# name 4 = t090C: Temperature [ITS-90, deg C]
# name 5 = t190C: Temperature, 2 [ITS-90, deg C]
# name 6 = c0S/m: Conductivity [S/m]
# name 7 = c1S/m: Conductivity, 2 [S/m]
# name 8 = sbeox0V: Oxygen raw, SBE 43 [V]
# name 9 = sbeox1V: Oxygen raw, SBE 43, 2 [V]
# name 10 = altM: Altimeter [m]
# name 11 = latitude: Latitude [deg]
# name 12 = longitude: Longitude [deg]
# name 13 = sbox0dV/dT: Oxygen, SBE 43 [dov/dt]
# name 14 = sbox1dV/dT: Oxygen, SBE 43, 2 [dov/dt]
# name 15 = sbeox0ML/L: Oxygen, SBE 43 [ml/l], WS = 5
# name 16 = sbeox1ML/L: Oxygen, SBE 43, 2 [ml/l], WS = 5
# name 17 = potemp090C: Potential Temperature [ITS-90, deg C]
# name 18 = potemp190C: Potential Temperature, 2 [ITS-90, deg C]
# name 19 = sal00: Salinity, Practical [PSU]
# name 20 = sal11: Salinity, Practical, 2 [PSU]
# name 21 = sigma-é00: Density [sigma-theta, kg/m^3]
# name 22 = sigma-é11: Density, 2 [sigma-theta, kg/m^3]
# name 23 = avgsvCM: Average Sound Velocity [Chen-Millero, m/s], minP = 20, minS = 20
# name 24 = sbox0Mm/Kg: Oxygen, SBE 43 [umol/kg], WS = 5
# name 25 = sbox1Mm/Kg: Oxygen, SBE 43, 2 [umol/kg], WS = 5
# name 26 = nbin: number of scans per bin
# name 27 = flag: flag
# span 0 =      38287,      77438       
# span 1 =   1595.241,   3226.540       
# span 2 =      0.994,    356.396       
# span 3 =      1.000,    359.000       
# span 4 =    12.4615,    29.1284       
# span 5 =    12.4541,    29.1803       
# span 6 =   4.119435,   5.928156       
# span 7 =   4.118575,   5.928503       
# span 8 =     1.7890,     3.1996       
# span 9 =     1.4720,     2.7109       
# span 10 =      14.06,     104.51      
# span 11 =   22.55827,   24.51490      
# span 12 =  -80.93901,  -74.46373      
# span 13 =   -0.00325,    0.01349      
# span 14 =   -0.00808,    0.01388      
# span 15 =     2.7984,     4.5285      
# span 16 =     2.8119,     4.5078      
# span 17 =    12.4129,    29.1282      
# span 18 =    12.4055,    29.1800      
# span 19 =    33.4673,    36.9504      
# span 20 =    33.4690,    36.9468      
# span 21 =    21.2116,    26.9514      
# span 22 =    21.2077,    26.9519      
# span 23 =    1411.26,    1533.87      
# span 24 =    121.695,    197.658      
# span 25 =    122.286,    196.758      
# span 26 =         30,         79      
# span 27 = 0.0000e+00, 0.0000e+00      
# interval = decibars: 1                
# start_time = Oct 17 2021 18:24:48 [NMEA time, header]
# bad_flag = -9.990e-29
*END*
[from data line 156]
      54820   2284.142     85.433     86.000    26.4296    26.4504   5.673990   5.676466     2.8221     2.3840     100.03   24.40976  -80.60587    0.01266    0.01388     3.9890     3.9857    26.4110    26.4308    36.5447    36.5467    24.0697    24.0649    1527.46    173.962    173.818         50 0.0000e+00
      54869   2286.158     84.439     85.000    26.5134    26.5345   5.681804   5.684721     2.8333     2.3874      72.07   24.40976  -80.60585    0.01172    0.00563     4.0043     3.9869    26.4941    26.5152    36.5360    36.5404    24.0368    24.0335    1527.46    174.635    173.874         49 0.0000e+00
      54921   2288.331     83.446     84.000    26.5443    26.6567   5.685630   5.696232     2.8373     2.3931      99.70   24.40978  -80.60582    0.00331    0.00219     4.0092     3.9916    26.5252    26.6376    36.5396    36.5274    24.0296    23.9847    1527.46    174.848    174.086         56 0.0000e+00
      54976   2290.636     82.453     83.000    26.7265    26.7265   5.701119   5.702349     2.8458     2.4003     100.00   24.40979  -80.60579    0.00276    0.00312     4.0123     4.0002    26.7075    26.7076    36.5079    36.5186    23.9477    23.9565    1527.46    174.998    174.469         52 0.0000e+00
      55041   2293.348     81.460     82.000    26.6959    26.8758   5.699583   5.714883     2.8505     2.4149     100.00   24.40981  -80.60576    0.00256    0.00473     4.0225     4.0220    26.6771    26.8570    36.5213    36.4906    23.9675    23.8868    1527.46    175.439    175.430         57 0.0000e+00
      56443   2351.733     79.473     80.000    27.3024    27.3195   5.750225   5.751244     2.9536     2.4954     100.18   24.45287  -80.74624    0.00086    0.00084     4.1709     4.1561    27.2838    27.3009    36.4241    36.4136    23.7038    23.6941    1530.13    181.964    181.317         46 0.0000e+00
      56525   2355.182     78.480     79.000    27.3011    27.2963   5.746358   5.746627     2.9554     2.4951     100.00   24.41018  -80.60502    0.00063    0.00022     4.1769     4.1599    27.2827    27.2779    36.3859    36.3889    23.6710    23.6748    1527.46    182.226    181.483         43 0.0000e+00
      56595   2358.094     77.487     78.000    27.3041    27.3157   5.747093   5.748487     2.9559     2.4970      83.44   24.41020  -80.60499   -0.00005   -0.00008     4.1771     4.1623    27.2860    27.2975    36.3863    36.3860    23.6702    23.6663    1527.46    182.237    181.590         48 0.0000e+00
      56646   2360.226     76.494     77.000    27.3464    27.3950   5.750844   5.755330     2.9622     2.5039      99.83   24.41022  -80.60497    0.00179    0.00234     4.1853     4.1704    27.3285    27.3771    36.3805    36.3746    23.6522    23.6320    1527.46    182.596    181.952         55 0.0000e+00
      56702   2362.533     75.501     76.000    27.3846    27.4269   5.754193   5.757689     2.9685     2.5104      83.14   24.41022  -80.60494    0.00282    0.00337     4.1939     4.1815    27.3669    27.4092    36.3749    36.3671    23.6355    23.6159    1527.46    182.976    182.435         54 0.0000e+00
      56757   2364.823     74.507     75.000    27.4001    27.4578   5.755213   5.760137     2.9739     2.5179      88.36   24.41024  -80.60492    0.00254    0.00293     4.2023     4.1944    27.3826    27.4403    36.3705    36.3606    23.6271    23.6010    1527.46    183.342    183.004         58 0.0000e+00
      56813   2367.148     73.514     74.000    27.4176    27.4826   5.756488   5.761478     2.9747     2.5212     100.33   24.41026  -80.60488    0.00122    0.00219     4.2021     4.2002    27.4004    27.4654    36.3668    36.3545    23.6185    23.5883    1527.46    183.337    183.258         49 0.0000e+00
      56859   2369.076     72.521     73.000    27.5179    27.5270   5.765235   5.766310     2.9858     2.5258     100.00   24.41026  -80.60487    0.00220    0.00163     4.2152     4.2050    27.5009    27.5100    36.3508    36.3515    23.5739    23.5714    1527.46    183.913    183.469         49 0.0000e+00
      56915   2371.400     71.527     72.000    27.5402    27.5454   5.767467   5.767982     2.9991     2.5312     100.00   24.41028  -80.60484    0.00677    0.00299     4.2377     4.2143    27.5234    27.5285    36.3497    36.3493    23.5657    23.5638    1527.46    184.899    183.879         59 0.0000e+00
      56983   2374.245     70.534     71.000    27.5521    27.5373   5.767338   5.767158     2.9987     2.5335      96.15   24.41029  -80.60481    0.00085    0.00063     4.2355     4.2191    27.5337    27.5207    36.3459    36.3502    23.5595    23.5670    1527.46    184.805    184.086         71 0.0000e+00
      56943   2372.584     68.547     69.000    27.5456    27.6052   5.757671   5.761653     3.0022     2.5395      84.03   24.32438  -80.32088    0.00191    0.00379     4.2392     4.2236    27.5294    27.5890    36.2177    36.2183    23.4463    23.4289    1522.08    184.971    184.295         39 0.0000e+00
      57308   2387.782     66.561     67.000    27.8568    27.8627   5.795496   5.796828     3.0587     2.5883      99.86   24.37605  -80.49118    0.00441    0.00244     4.3210     4.3056    27.8410    27.8469    36.2808    36.2857    23.4030    23.4047    1525.31    188.556    187.883         37 0.0000e+00
      58799   2449.929     63.581     64.000    27.9478    27.9425   5.793365   5.793107     3.0836     2.6085      99.26   24.31651  -80.29241    0.00002    0.00090     4.3571     4.3378    27.9327    27.9273    36.1548    36.1572    23.2652    23.2687    1521.56    190.148    189.304         33 0.0000e+00
      59157   2464.834     62.588     63.000    28.0947    28.0918   5.819268   5.819223     3.0998     2.6217      99.95   24.41086  -80.60377    0.00075    0.00068     4.3784     4.3579    28.0798    28.0769    36.2900    36.2919    23.3389    23.3413    1527.46    191.078    190.185         53 0.0000e+00
      59238   2468.192     61.595     62.000    28.1245    28.1209   5.821259   5.821163     3.1099     2.6308     100.00   24.41088  -80.60373    0.00235    0.00232     4.3944     4.3739    28.1098    28.1062    36.2814    36.2834    23.3225    23.3253    1527.46    191.781    190.888         66 0.0000e+00
      59327   2471.913     60.601     61.000    28.1633    28.1611   5.824500   5.824489     3.1335     2.6507     100.00   24.41091  -80.60370    0.00582    0.00479     4.4341     4.4112    28.1488    28.1466    36.2746    36.2762    23.3046    23.3065    1527.46    193.516    192.516         43 0.0000e+00
      59404   2475.124     59.608     60.000    28.1776    28.1745   5.825889   5.825763     3.1391     2.6553      91.47   24.41093  -80.60366    0.00198    0.00228     4.4429     4.4192    28.1633    28.1603    36.2738    36.2751    23.2992    23.3012    1527.46    193.901    192.868         77 0.0000e+00
      59481   2478.346     58.615     59.000    28.2121    28.2127   5.828384   5.828901     3.1506     2.6646      96.14   24.41096  -80.60363    0.00263    0.00168     4.4610     4.4339    28.1973    28.1988    36.2656    36.2690    23.2818    23.2842    1527.46    194.694    193.511         75 0.0000e+00
      59567   2481.914     57.621     58.000    28.3091    28.3247   5.837572   5.839999     3.1777     2.6878      99.68   24.41098  -80.60359    0.00703    0.00625     4.5020     4.4734    28.2949    28.3109    36.2556    36.2605    23.2420    23.2405    1527.46    196.493    195.246         61 0.0000e+00
      59645   2485.153     56.628     57.000    28.3607    28.3942   5.842688   5.846649     3.1867     2.7005     100.00   24.41099  -80.60355    0.00303    0.00372     4.5154     4.4937    28.3486    28.3806    36.2508    36.2540    23.2207    23.2125    1527.46    197.082    196.136         74 0.0000e+00
      59731   2488.754     55.635     56.000    28.4157    28.4794   5.847279   5.855827     3.1969     2.7109     100.00   24.41103  -80.60352    0.00304    0.00359     4.5285     4.5078    28.4020    28.4661    36.2425    36.2518    23.1968    23.1819    1527.46    197.658    196.758         33 0.0000e+00
      60535   2522.262     54.641     55.000    28.6099    28.6279   5.868948   5.871457     3.1996     2.7059     100.00   24.41122  -80.60312    0.00183   -0.00076     4.5175     4.4871    28.5967    28.6147    36.2454    36.2491    23.1343    23.1311    1527.46    197.189    195.863         34 0.0000e+00
      61240   2551.629     52.655     53.000    28.7203    28.7248   5.879723   5.879744     3.1820     2.6950      99.94   24.39720  -80.55589   -0.00088   -0.00065     4.4756     4.4562    28.7075    28.7120    36.2229    36.2225    23.0773    23.0755    1526.57    195.368    194.522         64 0.0000e+00
      61364   2556.810     51.661     52.000    28.7814    28.7299   5.887035   5.882250     3.1766     2.6924     100.00   24.41143  -80.60274   -0.00184   -0.00082     4.4600     4.4499    28.7688    28.7174    36.2418    36.2473    23.0742    23.0956    1527.46    194.692    194.245         49 0.0000e+00
      61449   2560.334     50.668     51.000    28.8138    28.8031   5.890356   5.889205     3.1747     2.6910     100.00   24.41145  -80.60270   -0.00051    0.00056     4.4540     4.4415    28.8015    28.7908    36.2400    36.2402    23.0620    23.0657    1527.46    194.433    193.887         72 0.0000e+00
      61521   2563.317     49.674     50.000    28.8597    28.8737   5.894801   5.896286     3.1597     2.6709     100.00   24.41146  -80.60266   -0.00325   -0.00808     4.4226     4.3954    28.8476    28.8616    36.2363    36.2360    23.0438    23.0389    1527.46    193.066    191.877         46 0.0000e+00
      61620   2567.469     48.681     49.000    28.8732    28.8552   5.895988   5.894372     3.1566     2.6715     100.00   24.41149  -80.60261   -0.00094   -0.00019     4.4156     4.3974    28.8613    28.8434    36.2346    36.2371    23.0379    23.0458    1527.46    192.760    191.962         53 0.0000e+00
      61724   2571.799     47.688     48.000    28.8890    28.8578   5.897564   5.894597     3.1506     2.6715     100.00   24.41151  -80.60257   -0.00150    0.00006     4.4031     4.3968    28.8774    28.8462    36.2338    36.2370    23.0319    23.0447    1527.46    192.215    191.936         34 0.0000e+00
      63301   2637.485     43.714     44.000    28.9557    28.9571   5.907534   5.907890     3.1522     2.6648     100.05   24.44077  -80.69716   -0.00089   -0.00041     4.3999     4.3753    28.9450    28.9464    36.2739    36.2753    23.0459    23.0464    1529.27    192.077    191.005         37 0.0000e+00
      63328   2638.645     42.721     43.000    28.9216    28.9224   5.900541   5.900823     3.1513     2.6619     100.00   24.41193  -80.60181    0.00043   -0.00038     4.3994     4.3703    28.9112    28.9120    36.2311    36.2325    23.0186    23.0194    1527.46    192.054    190.787         39 0.0000e+00
      63484   2645.135     38.747     39.000    28.8212    28.8199   5.878682   5.878771     3.1381     2.6514      99.61   24.31768  -80.29008   -0.00030   -0.00042     4.3776     4.3502    28.8117    28.8104    36.0902    36.0918    22.9248    22.9265    1521.56    191.107    189.910         34 0.0000e+00
      65698   2737.373     34.773     35.000    29.0210    29.0831   5.928156   5.928503     3.1624     2.6707     100.42   24.51490  -80.93901   -0.00093    0.00087     4.3975     4.3780    29.0125    29.0746    36.3000    36.3773    23.0478    23.0967    1533.87    191.979    191.127         42 0.0000e+00
      65921   2746.679     32.786     33.000    29.0117    29.0119   5.913170   5.913394     3.1555     2.6670     100.16   24.45135  -80.72865   -0.00007    0.00041     4.3960     4.3708    29.0037    29.0039    36.2806    36.2822    23.0335    23.0346    1529.89    191.912    190.812         69 0.0000e+00
      65894   2745.533     31.793     32.000    28.9652    28.9684   5.903743   5.904181     3.1514     2.6599     100.00   24.41259  -80.60055   -0.00070   -0.00298     4.3907     4.3575    28.9575    28.9606    36.2236    36.2241    22.9974    22.9967    1527.46    191.681    190.230         31 0.0000e+00
      66007   2750.236     30.800     31.000    28.9747    28.9710   5.904588   5.904450     3.1507     2.6644     100.00   24.41262  -80.60049    0.00010    0.00012     4.3877     4.3658    28.9672    28.9634    36.2225    36.2244    22.9933    22.9960    1527.46    191.552    190.593         65 0.0000e+00
      71455   2977.249      1.987      2.000    26.8618    26.8771   5.464335   5.466252     2.9195     2.4687      89.70   22.55827  -74.46373    0.00073    0.00009     4.0486     4.0259    26.8613    26.8766    33.4673    33.4690    21.2116    21.2077    1411.26    176.752    175.763         40 0.0000e+00
      77438   3226.540      0.994      1.000    29.1284    29.1803   5.920334   5.926585     3.1613     2.6732      98.52   24.41567  -80.59471    0.00040    0.00037     4.3797     4.3529    29.1282    29.1800    36.2237    36.2275    22.9401    22.9256    1527.46    191.209    190.045         60 0.0000e+00
