GOMECC/GOMECC-4/1db/urb2103_0821.cnv
* Sea-Bird SBE 9 Data File:
* FileName = C:\Users\scs.user.rb\CTD\GOMECC4\data\rb2103_0821.hex
* Software Version Seasave V 7.26.7.107
* Temperature SN = 4799
* Conductivity SN = 3860
* Number of Bytes Per Scan = 41
* Number of Voltage Words = 4
* Number of Scans Averaged by the Deck Unit = 1
* NMEA Latitude = 22 16.54 N
* NMEA Longitude = 095 35.27 W
* NMEA UTC (Time) = Oct 06 2021  22:50:02
* NMEA baud rate = 4800
# nquan = 28
# nvalues = 551                         
# units = specified
# name 0 = scan: Scan Count
# name 1 = timeS: Time, Elapsed [seconds]
# name 2 = depSM: Depth [salt water, m]
# name 3 = prDM: Pressure, Digiquartz [db]
# name 4 = t090C: Temperature [ITS-90, deg C]
# name 5 = t190C: Temperature, 2 [ITS-90, deg C]
# name 6 = c0S/m: Conductivity [S/m]
# name 7 = c1S/m: Conductivity, 2 [S/m]
# name 8 = sbeox0V: Oxygen raw, SBE 43 [V]
# name 9 = sbeox1V: Oxygen raw, SBE 43, 2 [V]
# name 10 = altM: Altimeter [m]
# name 11 = latitude: Latitude [deg]
# name 12 = longitude: Longitude [deg]
# name 13 = sbox0dV/dT: Oxygen, SBE 43 [dov/dt]
# name 14 = sbox1dV/dT: Oxygen, SBE 43, 2 [dov/dt]
# name 15 = sbeox0ML/L: Oxygen, SBE 43 [ml/l], WS = 5
# name 16 = sbeox1ML/L: Oxygen, SBE 43, 2 [ml/l], WS = 5
# name 17 = potemp090C: Potential Temperature [ITS-90, deg C]
# name 18 = potemp190C: Potential Temperature, 2 [ITS-90, deg C]
# name 19 = sal00: Salinity, Practical [PSU]
# name 20 = sal11: Salinity, Practical, 2 [PSU]
# name 21 = sigma-é00: Density [sigma-theta, kg/m^3]
# name 22 = sigma-é11: Density, 2 [sigma-theta, kg/m^3]
# name 23 = avgsvCM: Average Sound Velocity [Chen-Millero, m/s], minP = 20, minS = 20
# name 24 = sbox0Mm/Kg: Oxygen, SBE 43 [umol/kg], WS = 5
# name 25 = sbox1Mm/Kg: Oxygen, SBE 43, 2 [umol/kg], WS = 5
# name 26 = nbin: number of scans per bin
# name 27 = flag: flag
# span 0 =      98481,     231714       
# span 1 =   4103.317,   9654.688       
# span 2 =      0.994,   2978.797       
# span 3 =      1.000,   3019.000       
# span 4 =     4.2759,    29.7622       
# span 5 =     4.2770,    29.7662       
# span 6 =   3.345702,   6.014704       
# span 7 =   3.345683,   6.015252       
# span 8 =     1.5624,     3.3891       
# span 9 =     1.2651,     2.8953       
# span 10 =      10.94,     101.89      
# span 11 =   21.52081,   22.46482      
# span 12 =  -96.40962,  -92.35855      
# span 13 =   -0.00910,    0.04151      
# span 14 =   -0.01746,    0.04061      
# span 15 =     2.3637,     5.0836      
# span 16 =     2.3761,     5.0863      
# span 17 =     4.0787,    29.7580      
# span 18 =     4.0797,    29.7620      
# span 19 =    34.9132,    36.5390      
# span 20 =    34.9121,    36.5398      
# span 21 =    22.0451,    27.7581      
# span 22 =    22.0448,    27.7569      
# span 23 =    1450.53,    1514.15      
# span 24 =    102.780,    221.738      
# span 25 =    103.321,    221.832      
# span 26 =         30,         74      
# span 27 = 0.0000e+00, 0.0000e+00      
# interval = decibars: 1                
# start_time = Oct 06 2021 22:50:02 [NMEA time, header]
# bad_flag = -9.990e-29
*END*
[from data line 311]
     173586   7232.729    856.818    864.000     5.7464     5.7489   3.444941   3.445034     1.7496     1.4390      98.42   22.27512  -95.59343   -0.00070   -0.00055     3.4209     3.4342     5.6698     5.6723    34.9194    34.9179    27.5307    27.5292    1501.35    148.685    149.263         31 0.0000e+00
     173930   7247.027    843.952    851.000     5.8002     5.8023   3.449229   3.449298     1.7436     1.4337      99.62   22.27528  -95.59406   -0.00033   -0.00039     3.3904     3.4046     5.7245     5.7266    34.9189    34.9175    27.5235    27.5221    1501.36    147.362    147.976         35 0.0000e+00
     173959   7248.248    842.962    850.000     5.8011     5.8027   3.449128   3.449178     1.7431     1.4329     100.02   22.27456  -95.59096   -0.00030   -0.00053     3.3882     3.4012     5.7254     5.7271    34.9173    34.9161    27.5221    27.5210    1501.31    147.264    147.831         31 0.0000e+00
     174057   7252.337    839.003    846.000     5.8110     5.8132   3.449948   3.450039     1.7419     1.4316      83.90   22.27502  -95.59293   -0.00029   -0.00024     3.3815     3.3938     5.7357     5.7379    34.9183    34.9171    27.5217    27.5204    1501.34    146.973    147.506         32 0.0000e+00
     174086   7253.540    838.013    845.000     5.8116     5.8135   3.449893   3.449961     1.7413     1.4312      94.47   22.27456  -95.59096   -0.00025   -0.00031     3.3790     3.3920     5.7364     5.7383    34.9176    34.9163    27.5210    27.5197    1501.31    146.864    147.428         31 0.0000e+00
     174296   7262.303    830.095    837.000     5.8482     5.8508   3.452861   3.452952     1.7397     1.4302     100.00   22.27478  -95.59194   -0.00022   -0.00019     3.3669     3.3816     5.7735     5.7761    34.9174    34.9158    27.5162    27.5146    1501.33    146.341    146.980         30 0.0000e+00
     174399   7266.582    826.136    833.000     5.8642     5.8674   3.454123   3.454240     1.7373     1.4281     100.00   22.27448  -95.59067   -0.00059   -0.00052     3.3560     3.3709     5.7898     5.7930    34.9171    34.9152    27.5139    27.5120    1501.31    145.864    146.513         30 0.0000e+00
     174506   7271.050    822.177    829.000     5.8954     5.8996   3.456761   3.456930     1.7354     1.4262     100.00   22.27457  -95.59107   -0.00036   -0.00034     3.3449     3.3593     5.8212     5.8253    34.9168    34.9144    27.5097    27.5073    1501.31    145.385    146.012         31 0.0000e+00
     174824   7284.303    810.299    817.000     5.9716     5.9737   3.463116   3.463140     1.7247     1.4163     100.00   22.27491  -95.59248   -0.00066   -0.00035     3.2976     3.3122     5.8980     5.9001    34.9161    34.9141    27.4995    27.4976    1501.33    143.329    143.965         30 0.0000e+00
     175482   7311.695    785.551    792.000     6.1146     6.1211   3.475142   3.475434     1.7095     1.4012      90.49   22.27484  -95.59213   -0.00100   -0.00094     3.2250     3.2354     6.0426     6.0490    34.9152    34.9136    27.4803    27.4781    1501.33    140.177    140.627         32 0.0000e+00
     176416   7350.609    750.899    757.000     6.3534     6.3447   3.495078   3.494365     1.6877     1.3814     100.00   22.27487  -95.59238   -0.00033   -0.00050     3.1182     3.1322     6.2834     6.2747    34.9143    34.9138    27.4483    27.4491    1501.33    135.537    136.149         33 0.0000e+00
     176499   7354.088    749.909    756.000     6.3248     6.3137   3.492433   3.491437     1.6832     1.3779     100.00   22.27454  -95.59096   -0.00119   -0.00090     3.1069     3.1224     6.2551     6.2440    34.9145    34.9132    27.4521    27.4525    1501.31    135.047    135.723         44 0.0000e+00
     176574   7357.204    748.919    755.000     6.3127     6.3051   3.491326   3.490662     1.6825     1.3786     100.00   22.27454  -95.59096   -0.00052    0.00025     3.1051     3.1250     6.2432     6.2356    34.9132    34.9133    27.4527    27.4538    1501.31    134.970    135.834         39 0.0000e+00
     176692   7362.116    747.929    754.000     6.3327     6.3275   3.493113   3.492675     1.6838     1.3786     100.00   22.27454  -95.59096    0.00000   -0.00025     3.1073     3.1227     6.2630     6.2580    34.9136    34.9139    27.4504    27.4513    1501.31    135.064    135.735         56 0.0000e+00
     176782   7365.860    746.938    753.000     6.3600     6.3564   3.495577   3.495106     1.6830     1.3782      92.08   22.27454  -95.59096   -0.00023   -0.00045     3.1019     3.1184     6.2903     6.2868    34.9137    34.9121    27.4468    27.4461    1501.31    134.830    135.547         58 0.0000e+00
     176891   7370.434    745.948    752.000     6.3742     6.3801   3.497043   3.497265     1.6797     1.3744      98.23   22.27454  -95.59096   -0.00076   -0.00123     3.0900     3.1028     6.3045     6.3104    34.9156    34.9141    27.4465    27.4446    1501.31    134.314    134.870         48 0.0000e+00
     176993   7374.648    744.958    751.000     6.3867     6.3920   3.498060   3.498424     1.6773     1.3725      99.81   22.27455  -95.59096   -0.00057   -0.00071     3.0807     3.0950     6.3171     6.3224    34.9151    34.9139    27.4444    27.4428    1501.31    133.909    134.532         38 0.0000e+00
     177169   7381.998    743.968    750.000     6.3912     6.3965   3.498625   3.498826     1.6755     1.3715     100.00   22.27455  -95.59096   -0.00032   -0.00030     3.0746     3.0905     6.3216     6.3270    34.9155    34.9141    27.4442    27.4424    1501.31    133.644    134.336         57 0.0000e+00
     178397   7433.150    741.988    748.000     6.4128     6.4161   3.500419   3.500570     1.6739     1.3700      78.56   22.27497  -95.59276    0.00006    0.00011     3.0660     3.0828     6.3433     6.3466    34.9161    34.9147    27.4418    27.4402    1501.34    133.272    134.000         35 0.0000e+00
     178451   7435.417    740.998    747.000     6.4143     6.4155   3.500442   3.500415     1.6739     1.3699      99.82   22.27456  -95.59098    0.00007   -0.00001     3.0657     3.0824     6.3449     6.3461    34.9155    34.9139    27.4411    27.4397    1501.31    133.258    133.984         66 0.0000e+00
     178530   7438.701    740.007    746.000     6.4172     6.4276   3.500649   3.501396     1.6740     1.3700     100.00   22.27456  -95.59098    0.00003    0.00001     3.0653     3.0814     6.3479     6.3582    34.9158    34.9135    27.4409    27.4378    1501.31    133.240    133.939         48 0.0000e+00
     178607   7441.896    739.017    745.000     6.4225     6.4328   3.501139   3.501859     1.6738     1.3697     100.00   22.27455  -95.59098   -0.00007   -0.00006     3.0639     3.0795     6.3533     6.3635    34.9154    34.9139    27.4400    27.4374    1501.31    133.181    133.859         64 0.0000e+00
     178674   7444.692    738.027    744.000     6.4335     6.4406   3.502062   3.502584     1.6735     1.3692     100.00   22.27455  -95.59098   -0.00007   -0.00018     3.0615     3.0765     6.3643     6.3714    34.9154    34.9139    27.4385    27.4363    1501.31    133.076    133.725         45 0.0000e+00
     178758   7448.194    737.037    743.000     6.4371     6.4407   3.502359   3.502586     1.6728     1.3681     100.00   22.27454  -95.59098   -0.00022   -0.00028     3.0587     3.0725     6.3680     6.3716    34.9155    34.9143    27.4381    27.4367    1501.31    132.955    133.554         56 0.0000e+00
     178820   7450.785    736.047    742.000     6.4404     6.4430   3.502613   3.502761     1.6723     1.3684      99.72   22.27454  -95.59098   -0.00018    0.00004     3.0566     3.0730     6.3713     6.3740    34.9155    34.9144    27.4376    27.4364    1501.31    132.861    133.575         63 0.0000e+00
     178872   7452.966    735.056    741.000     6.4406     6.4443   3.502708   3.502898     1.6719     1.3685     100.01   22.27454  -95.59098   -0.00026    0.00007     3.0546     3.0728     6.3717     6.3753    34.9157    34.9142    27.4377    27.4361    1501.31    132.774    133.568         45 0.0000e+00
     178911   7454.592    734.066    740.000     6.4476     6.4508   3.503185   3.503364     1.6719     1.3685      98.94   22.27454  -95.59098   -0.00015    0.00003     3.0536     3.0717     6.3787     6.3819    34.9156    34.9144    27.4367    27.4354    1501.31    132.734    133.520         31 0.0000e+00
     179019   7459.081    730.105    736.000     6.4744     6.4836   3.505519   3.506169     1.6719     1.3675     100.00   22.27422  -95.58961    0.00001   -0.00020     3.0499     3.0640     6.4058     6.4149    34.9160    34.9139    27.4335    27.4306    1501.29    132.573    133.184         36 0.0000e+00
     179138   7464.053    725.154    731.000     6.5168     6.5202   3.509142   3.509387     1.6688     1.3644     100.00   22.27345  -95.58634   -0.00056   -0.00062     3.0348     3.0484     6.4485     6.4518    34.9154    34.9147    27.4273    27.4263    1501.24    131.917    132.509         33 0.0000e+00
     179382   7474.194    716.241    722.000     6.6008     6.6073   3.516810   3.517206     1.6617     1.3572      85.98   22.27512  -95.59348   -0.00072   -0.00063     3.0015     3.0128     6.5328     6.5393    34.9198    34.9175    27.4195    27.4169    1501.35    130.470    130.959         33 0.0000e+00
     179883   7495.094    696.434    702.000     6.7197     6.7299   3.526773   3.527630     1.6535     1.3486     100.00   22.27364  -95.58715   -0.00060   -0.00071     2.9583     2.9657     6.6531     6.6632    34.9187    34.9178    27.4024    27.4004    1501.25    128.594    128.918         32 0.0000e+00
     180782   7532.522    661.767    667.000     7.0577     7.0655   3.557436   3.558016     1.6289     1.3263     100.00   22.27410  -95.58917   -0.00086   -0.00083     2.8413     2.8509     6.9929     7.0006    34.9311    34.9296    27.3655    27.3633    1501.28    123.512    123.931         31 0.0000e+00
     180937   7538.984    655.824    661.000     7.1145     7.1214   3.562637   3.563148     1.6233     1.3213     100.00   22.27436  -95.59027   -0.00080   -0.00068     2.8173     2.8277     7.0500     7.0569    34.9336    34.9323    27.3596    27.3576    1501.30    122.471    122.924         31 0.0000e+00
     181173   7548.822    646.908    652.000     7.1863     7.1926   3.569396   3.569852     1.6182     1.3170      76.16   22.27554  -95.59536   -0.00042   -0.00047     2.7929     2.8046     7.1223     7.1287    34.9397    34.9383    27.3543    27.3523    1501.38    121.408    121.920         34 0.0000e+00
     181291   7553.746    641.955    647.000     7.2365     7.2425   3.573869   3.574310     1.6162     1.3150      94.89   22.27476  -95.59200   -0.00018   -0.00036     2.7810     2.7924     7.1728     7.1788    34.9402    34.9390    27.3475    27.3457    1501.33    120.892    121.391         31 0.0000e+00
     181489   7562.006    634.029    639.000     7.2723     7.2771   3.576834   3.577148     1.6129     1.3132     100.00   22.27386  -95.58820   -0.00030   -0.00003     2.7654     2.7812     7.2093     7.2140    34.9402    34.9389    27.3423    27.3406    1501.27    120.216    120.901         32 0.0000e+00
     181624   7567.611    629.076    634.000     7.3311     7.3473   3.582599   3.583786     1.6119     1.3108     100.00   22.27521  -95.59400   -0.00015   -0.00038     2.7561     2.7663     7.2683     7.2845    34.9466    34.9455    27.3390    27.3359    1501.36    119.812    120.254         31 0.0000e+00
     181649   7568.678    628.085    633.000     7.3376     7.3643   3.583138   3.585367     1.6111     1.3101     100.00   22.27452  -95.59102   -0.00036   -0.00036     2.7528     2.7622     7.2749     7.3015    34.9462    34.9436    27.3378    27.3319    1501.31    119.669    120.078         30 0.0000e+00
     181765   7573.479    623.131    628.000     7.4034     7.4093   3.589158   3.589527     1.6068     1.3055     100.00   22.27360  -95.58708   -0.00098   -0.00099     2.7331     2.7417     7.3409     7.3468    34.9478    34.9459    27.3295    27.3272    1501.25    118.811    119.188         31 0.0000e+00
     182151   7589.579    608.270    613.000     7.5449     7.5446   3.602586   3.602429     1.5988     1.2994     100.00   22.27445  -95.59070   -0.00023   -0.00018     2.6930     2.7065     7.4833     7.4830    34.9588    34.9573    27.3177    27.3166    1501.31    117.071    117.657         30 0.0000e+00
     182267   7594.420    603.315    608.000     7.6066     7.6110   3.608301   3.608667     1.5961     1.2960      99.99   22.27325  -95.58555   -0.00053   -0.00079     2.6787     2.6890     7.5452     7.5497    34.9610    34.9605    27.3104    27.3094    1501.22    116.451    116.896         34 0.0000e+00
     182617   7609.016    589.443    594.000     7.7910     7.7934   3.626046   3.626182     1.5857     1.2867      99.99   22.27282  -95.58363   -0.00057   -0.00070     2.6293     2.6408     7.7303     7.7326    34.9745    34.9736    27.2939    27.2929    1501.19    114.303    114.806         34 0.0000e+00
     182840   7618.274    581.516    586.000     7.8863     7.8903   3.635752   3.635962     1.5828     1.2844      93.88   22.27552  -95.59524   -0.00036   -0.00039     2.6108     2.6238     7.8260     7.8300    34.9878    34.9861    27.2904    27.2885    1501.38    113.500    114.065         30 0.0000e+00
     182863   7619.237    580.525    585.000     7.8942     7.8977   3.636364   3.636494     1.5820     1.2834     100.24   22.27454  -95.59102   -0.00045   -0.00055     2.6076     2.6196     7.8340     7.8375    34.9870    34.9848    27.2885    27.2863    1501.31    113.362    113.882         30 0.0000e+00
     182964   7623.469    576.561    581.000     7.9387     7.9435   3.640788   3.641213     1.5802     1.2818      93.86   22.27585  -95.59664   -0.00051   -0.00048     2.5977     2.6099     7.8787     7.8835    34.9922    34.9919    27.2860    27.2850    1501.40    112.930    113.464         30 0.0000e+00
     182986   7624.389    575.570    580.000     7.9419     7.9521   3.640994   3.641895     1.5794     1.2814      94.81   22.27454  -95.59102   -0.00048   -0.00043     2.5948     2.6078     7.8820     7.8921    34.9914    34.9909    27.2848    27.2829    1501.31    112.804    113.370         33 0.0000e+00
     183296   7637.291    563.678    568.000     8.0729     8.0762   3.653832   3.654060     1.5753     1.2774     100.01   22.27606  -95.59754   -0.00026   -0.00030     2.5693     2.5821     8.0137     8.0170    35.0043    35.0035    27.2753    27.2742    1501.41    111.698    112.254         32 0.0000e+00
     183409   7642.012    558.722    563.000     8.1175     8.1192   3.657920   3.657978     1.5741     1.2766     100.00   22.27425  -95.58988    0.00003   -0.00004     2.5613     2.5751     8.0586     8.0603    35.0057    35.0046    27.2695    27.2684    1501.29    111.350    111.952         30 0.0000e+00
     183567   7648.587    552.776    557.000     8.2061     8.2164   3.666557   3.667644     1.5716     1.2735     100.00   22.27378  -95.58785   -0.00026   -0.00039     2.5460     2.5567     8.1476     8.1578    35.0124    35.0138    27.2613    27.2609    1501.26    110.685    111.153         30 0.0000e+00
     183779   7657.422    550.794    555.000     8.2079     8.2100   3.667211   3.667272     1.5711     1.2745     100.01   22.27748  -95.60374    0.00024    0.00031     2.5433     2.5594     8.1496     8.1516    35.0193    35.0179    27.2666    27.2652    1501.51    110.568    111.270         64 0.0000e+00
     183858   7660.710    549.803    554.000     8.2238     8.2121   3.668589   3.667030     1.5702     1.2736     100.00   22.27452  -95.59104   -0.00013   -0.00013     2.5395     2.5563     8.1655     8.1539    35.0150    35.0134    27.2607    27.2611    1501.31    110.403    111.132         54 0.0000e+00
