GOMECC/GOMECC-4/1db/urb2103_0741.cnv
* Sea-Bird SBE 9 Data File:
* FileName = C:\Users\scs.user.rb\CTD\GOMECC4\data\rb2103_0741.hex
* Software Version Seasave V 7.26.7.107
* Temperature SN = 4799
* Conductivity SN = 3860
* Number of Bytes Per Scan = 41
* Number of Voltage Words = 4
* Number of Scans Averaged by the Deck Unit = 1
* NMEA Latitude = 24 59.96 N
* NMEA Longitude = 093 24.95 W
* NMEA UTC (Time) = Oct 04 2021  19:58:51
* NMEA baud rate = 4800
# nquan = 28
# nvalues = 765                         
# units = specified
# name 0 = scan: Scan Count
# name 1 = timeS: Time, Elapsed [seconds]
# name 2 = depSM: Depth [salt water, m]
# name 3 = prDM: Pressure, Digiquartz [db]
# name 4 = t090C: Temperature [ITS-90, deg C]
# name 5 = t190C: Temperature, 2 [ITS-90, deg C]
# name 6 = c0S/m: Conductivity [S/m]
# name 7 = c1S/m: Conductivity, 2 [S/m]
# name 8 = sbeox0V: Oxygen raw, SBE 43 [V]
# name 9 = sbeox1V: Oxygen raw, SBE 43, 2 [V]
# name 10 = altM: Altimeter [m]
# name 11 = latitude: Latitude [deg]
# name 12 = longitude: Longitude [deg]
# name 13 = sbox0dV/dT: Oxygen, SBE 43 [dov/dt]
# name 14 = sbox1dV/dT: Oxygen, SBE 43, 2 [dov/dt]
# name 15 = sbeox0ML/L: Oxygen, SBE 43 [ml/l], WS = 5
# name 16 = sbeox1ML/L: Oxygen, SBE 43, 2 [ml/l], WS = 5
# name 17 = potemp090C: Potential Temperature [ITS-90, deg C]
# name 18 = potemp190C: Potential Temperature, 2 [ITS-90, deg C]
# name 19 = sal00: Salinity, Practical [PSU]
# name 20 = sal11: Salinity, Practical, 2 [PSU]
# name 21 = sigma-é00: Density [sigma-theta, kg/m^3]
# name 22 = sigma-é11: Density, 2 [sigma-theta, kg/m^3]
# name 23 = avgsvCM: Average Sound Velocity [Chen-Millero, m/s], minP = 20, minS = 20
# name 24 = sbox0Mm/Kg: Oxygen, SBE 43 [umol/kg], WS = 5
# name 25 = sbox1Mm/Kg: Oxygen, SBE 43, 2 [umol/kg], WS = 5
# name 26 = nbin: number of scans per bin
# name 27 = flag: flag
# span 0 =     119309,     270780       
# span 1 =   4971.159,  11282.445       
# span 2 =      0.993,   3652.177       
# span 3 =      1.000,   3708.000       
# span 4 =     4.2936,    29.4314       
# span 5 =     4.2948,    29.4351       
# span 6 =   3.350862,   5.960075       
# span 7 =   3.350871,   5.960622       
# span 8 =     1.5694,     3.3237       
# span 9 =     1.2722,     2.8446       
# span 10 =      10.32,     104.52      
# span 11 =   24.55804,   25.09790      
# span 12 =  -93.78475,  -91.76750      
# span 13 =   -0.00818,    0.04357      
# span 14 =   -0.01036,    0.03543      
# span 15 =     2.4257,     4.9069      
# span 16 =     2.4396,     4.9225      
# span 17 =     4.0775,    29.4309      
# span 18 =     4.0786,    29.4349      
# span 19 =    34.9112,    36.6241      
# span 20 =    34.9098,    36.6055      
# span 21 =    22.4246,    27.7582      
# span 22 =    22.4238,    27.7568      
# span 23 =    1479.86,    1512.39      
# span 24 =    105.470,    214.050      
# span 25 =    106.073,    214.729      
# span 26 =         30,         75      
# span 27 = 0.0000e+00, 0.0000e+00      
# interval = decibars: 1                
# start_time = Oct 04 2021 19:58:51 [NMEA time, header]
# bad_flag = -9.990e-29
*END*
[from data line 104]
     144186   6007.697   2843.016   2881.000     4.3503     4.3512   3.405401   3.405359     1.7426     1.4292      96.82   24.99970  -93.41733    0.00016    0.00014     4.5884     4.5875     4.0840     4.0849    34.9743    34.9728    27.7569    27.7557    1506.47    199.384    199.344         39 0.0000e+00
     144221   6009.181   2842.035   2880.000     4.3503     4.3513   3.405321   3.405291     1.7426     1.4294      67.12   24.99940  -93.41620    0.00004    0.00016     4.5879     4.5878     4.0841     4.0851    34.9738    34.9724    27.7565    27.7553    1506.45    199.363    199.359         32 0.0000e+00
     144347   6014.435   2837.134   2875.000     4.3497     4.3507   3.405078   3.405049     1.7433     1.4298      96.23   24.99937  -93.41615    0.00014    0.00008     4.5883     4.5869     4.0841     4.0850    34.9737    34.9724    27.7565    27.7553    1506.45    199.378    199.320         36 0.0000e+00
     144381   6015.845   2836.154   2874.000     4.3497     4.3508   3.405045   3.405010     1.7435     1.4298      99.54   24.99938  -93.41620    0.00008    0.00003     4.5884     4.5865     4.0842     4.0852    34.9738    34.9723    27.7565    27.7552    1506.45    199.384    199.303         30 0.0000e+00
     144504   6020.951   2831.252   2869.000     4.3492     4.3502   3.404806   3.404766     1.7442     1.4306      99.85   24.99935  -93.41611    0.00010    0.00026     4.5887     4.5873     4.0842     4.0852    34.9738    34.9723    27.7565    27.7552    1506.45    199.397    199.338         31 0.0000e+00
     144535   6022.267   2830.272   2868.000     4.3492     4.3501   3.404758   3.404728     1.7443     1.4309     100.00   24.99938  -93.41620    0.00013    0.00029     4.5887     4.5881     4.0843     4.0852    34.9737    34.9724    27.7564    27.7553    1506.45    199.395    199.373         31 0.0000e+00
     144720   6029.942   2823.410   2861.000     4.3484     4.3494   3.404442   3.404413     1.7452     1.4311     100.00   24.99948  -93.41660    0.00010    0.00004     4.5885     4.5850     4.0844     4.0853    34.9739    34.9725    27.7565    27.7554    1506.46    199.387    199.235         35 0.0000e+00
     144753   6031.323   2822.429   2860.000     4.3484     4.3493   3.404384   3.404359     1.7452     1.4313     100.00   24.99938  -93.41620    0.00007    0.00007     4.5878     4.5857     4.0845     4.0854    34.9736    34.9724    27.7564    27.7553    1506.45    199.360    199.267         31 0.0000e+00
     145173   6048.840   2806.743   2844.000     4.3466     4.3476   3.403629   3.403595     1.7474     1.4337     100.00   24.99932  -93.41598    0.00009    0.00006     4.5886     4.5877     4.0845     4.0855    34.9737    34.9723    27.7564    27.7552    1506.45    199.392    199.355         34 0.0000e+00
     145388   6057.778   2798.900   2836.000     4.3459     4.3468   3.403258   3.403230     1.7487     1.4347     100.00   24.99932  -93.41599    0.00008    0.00012     4.5897     4.5879     4.0847     4.0856    34.9737    34.9724    27.7563    27.7553    1506.45    199.441    199.364         35 0.0000e+00
     145545   6064.332   2793.017   2830.000     4.3456     4.3465   3.403026   3.402990     1.7493     1.4358      78.62   24.99955  -93.41682    0.00009    0.00028     4.5888     4.5898     4.0850     4.0860    34.9740    34.9726    27.7566    27.7554    1506.46    199.400    199.446         37 0.0000e+00
     145579   6065.769   2792.037   2829.000     4.3456     4.3465   3.402957   3.402925     1.7496     1.4359     100.91   24.99938  -93.41620    0.00018    0.00026     4.5897     4.5897     4.0852     4.0860    34.9736    34.9723    27.7562    27.7551    1506.45    199.438    199.441         31 0.0000e+00
     145704   6070.962   2787.134   2824.000     4.3450     4.3459   3.402723   3.402696     1.7500     1.4359     100.00   24.99939  -93.41625    0.00009    0.00004     4.5883     4.5870     4.0851     4.0861    34.9737    34.9724    27.7563    27.7552    1506.45    199.377    199.321         33 0.0000e+00
     145737   6072.321   2786.154   2823.000     4.3450     4.3459   3.402680   3.402650     1.7502     1.4359     100.00   24.99938  -93.41618    0.00006    0.00001     4.5885     4.5864     4.0852     4.0861    34.9737    34.9724    27.7563    27.7552    1506.45    199.388    199.296         31 0.0000e+00
     145866   6077.688   2781.251   2818.000     4.3443     4.3453   3.402444   3.402415     1.7511     1.4370     100.00   24.99947  -93.41651    0.00017    0.00024     4.5897     4.5886     4.0851     4.0861    34.9739    34.9725    27.7565    27.7553    1506.46    199.439    199.395         39 0.0000e+00
     146026   6084.371   2775.368   2812.000     4.3438     4.3447   3.402185   3.402153     1.7521     1.4377     100.00   24.99962  -93.41709    0.00013    0.00018     4.5907     4.5886     4.0852     4.0862    34.9740    34.9727    27.7566    27.7554    1506.46    199.482    199.395         42 0.0000e+00
     146062   6085.882   2774.387   2811.000     4.3438     4.3447   3.402119   3.402086     1.7521     1.4381     100.00   24.99938  -93.41618    0.00014    0.00023     4.5901     4.5897     4.0854     4.0863    34.9736    34.9723    27.7562    27.7551    1506.45    199.459    199.440         30 0.0000e+00
     146184   6090.940   2769.485   2806.000     4.3433     4.3443   3.401939   3.401906     1.7527     1.4384     100.00   24.99982  -93.41782    0.00007    0.00002     4.5897     4.5882     4.0854     4.0864    34.9743    34.9729    27.7568    27.7556    1506.48    199.438    199.377         41 0.0000e+00
     146221   6092.503   2768.504   2805.000     4.3432     4.3442   3.401839   3.401807     1.7530     1.4383     100.00   24.99938  -93.41618    0.00017    0.00000     4.5906     4.5873     4.0855     4.0864    34.9737    34.9723    27.7563    27.7551    1506.45    199.479    199.335         34 0.0000e+00
     146339   6097.420   2763.601   2800.000     4.3428     4.3438   3.401650   3.401623     1.7537     1.4393     100.00   24.99965  -93.41718    0.00015    0.00022     4.5905     4.5891     4.0857     4.0866    34.9741    34.9728    27.7566    27.7554    1506.47    199.477    199.416         30 0.0000e+00
     146370   6098.729   2762.620   2799.000     4.3428     4.3437   3.401566   3.401540     1.7536     1.4394     100.00   24.99938  -93.41618    0.00010    0.00024     4.5899     4.5892     4.0857     4.0866    34.9736    34.9724    27.7562    27.7551    1506.45    199.450    199.417         36 0.0000e+00
     146529   6105.329   2756.737   2793.000     4.3422     4.3431   3.401296   3.401265     1.7545     1.4399     100.00   24.99945  -93.41643    0.00011    0.00005     4.5900     4.5878     4.0858     4.0868    34.9737    34.9723    27.7563    27.7551    1506.45    199.456    199.360         32 0.0000e+00
     146717   6113.161   2749.872   2786.000     4.3415     4.3425   3.400961   3.400930     1.7553     1.4408     100.00   24.99936  -93.41610    0.00008    0.00007     4.5897     4.5882     4.0859     4.0869    34.9736    34.9722    27.7562    27.7550    1506.45    199.441    199.376         31 0.0000e+00
     146875   6119.746   2743.988   2780.000     4.3409     4.3419   3.400676   3.400641     1.7561     1.4418      88.41   24.99930  -93.41579    0.00010    0.00020     4.5900     4.5896     4.0860     4.0870    34.9736    34.9721    27.7561    27.7549    1506.44    199.452    199.436         34 0.0000e+00
     147005   6125.181   2739.085   2775.000     4.3405     4.3414   3.400476   3.400454     1.7570     1.4421      94.13   24.99963  -93.41701    0.00022    0.00005     4.5907     4.5880     4.0861     4.0870    34.9739    34.9727    27.7564    27.7553    1506.46    199.485    199.366         31 0.0000e+00
     147036   6126.468   2738.104   2774.000     4.3404     4.3414   3.400404   3.400377     1.7573     1.4421      93.53   24.99940  -93.41618    0.00018    0.00004     4.5914     4.5875     4.0862     4.0871    34.9735    34.9723    27.7561    27.7550    1506.45    199.515    199.346         33 0.0000e+00
     147273   6136.353   2729.277   2765.000     4.3394     4.3403   3.399991   3.399966     1.7583     1.4432     100.00   24.99956  -93.41679    0.00009    0.00005     4.5906     4.5877     4.0862     4.0871    34.9738    34.9725    27.7563    27.7552    1506.46    199.479    199.355         30 0.0000e+00
     147303   6137.575   2728.296   2764.000     4.3393     4.3404   3.399931   3.399901     1.7583     1.4432     100.00   24.99940  -93.41617    0.00005    0.00003     4.5904     4.5871     4.0862     4.0872    34.9737    34.9722    27.7562    27.7549    1506.45    199.470    199.329         30 0.0000e+00
     147433   6143.003   2723.392   2759.000     4.3387     4.3396   3.399669   3.399639     1.7590     1.4444     100.00   24.99924  -93.41557    0.00013    0.00024     4.5905     4.5898     4.0862     4.0871    34.9734    34.9721    27.7560    27.7549    1506.44    199.474    199.444         33 0.0000e+00
     147593   6149.679   2717.507   2753.000     4.3382     4.3390   3.399397   3.399364     1.7600     1.4456     100.00   24.99936  -93.41602    0.00017    0.00027     4.5914     4.5919     4.0863     4.0871    34.9735    34.9723    27.7560    27.7550    1506.45    199.513    199.536         30 0.0000e+00
     147624   6150.944   2716.527   2752.000     4.3380     4.3390   3.399360   3.399321     1.7601     1.4457      99.96   24.99940  -93.41616    0.00013    0.00022     4.5914     4.5920     4.0862     4.0872    34.9737    34.9722    27.7562    27.7549    1506.45    199.514    199.538         30 0.0000e+00
     147755   6156.396   2711.623   2747.000     4.3375     4.3384   3.399156   3.399122     1.7607     1.4464     100.00   24.99966  -93.41710    0.00009    0.00020     4.5911     4.5925     4.0863     4.0872    34.9740    34.9727    27.7564    27.7553    1506.47    199.500    199.562         39 0.0000e+00
     147789   6157.851   2710.642   2746.000     4.3375     4.3384   3.399076   3.399047     1.7608     1.4463     100.00   24.99941  -93.41614    0.00007    0.00019     4.5909     4.5912     4.0865     4.0873    34.9735    34.9723    27.7560    27.7550    1506.45    199.493    199.505         31 0.0000e+00
     147912   6162.959   2705.737   2741.000     4.3368     4.3378   3.398822   3.398788     1.7617     1.4469     100.00   24.99934  -93.41583    0.00016    0.00010     4.5920     4.5913     4.0862     4.0873    34.9736    34.9721    27.7561    27.7548    1506.44    199.539    199.509         36 0.0000e+00
     148072   6169.616   2699.852   2735.000     4.3362     4.3371   3.398527   3.398499     1.7624     1.4477      97.47   24.99930  -93.41568    0.00008    0.00023     4.5914     4.5918     4.0864     4.0873    34.9733    34.9721    27.7559    27.7548    1506.44    199.514    199.531         30 0.0000e+00
     148552   6189.618   2682.195   2717.000     4.3344     4.3354   3.397689   3.397660     1.7654     1.4495     100.00   24.99931  -93.41572    0.00020    0.00011     4.5940     4.5897     4.0866     4.0876    34.9734    34.9721    27.7560    27.7548    1506.44    199.629    199.442         30 0.0000e+00
     148922   6205.035   2668.461   2703.000     4.3332     4.3341   3.397045   3.397017     1.7670     1.4518      89.33   24.99937  -93.41602    0.00012    0.00016     4.5932     4.5923     4.0869     4.0878    34.9735    34.9722    27.7560    27.7549    1506.45    199.592    199.553         31 0.0000e+00
     149077   6211.489   2662.575   2697.000     4.3326     4.3335   3.396767   3.396740     1.7678     1.4528     100.00   24.99944  -93.41627    0.00009    0.00025     4.5928     4.5939     4.0870     4.0879    34.9735    34.9723    27.7560    27.7549    1506.45    199.577    199.623         30 0.0000e+00
     149107   6212.733   2661.594   2696.000     4.3326     4.3334   3.396715   3.396686     1.7678     1.4529     100.00   24.99940  -93.41612    0.00005    0.00029     4.5925     4.5937     4.0871     4.0879    34.9734    34.9722    27.7559    27.7549    1506.45    199.563    199.616         30 0.0000e+00
     149497   6229.011   2646.878   2681.000     4.3312     4.3322   3.396076   3.396042     1.7700     1.4549      85.88   24.99980  -93.41751    0.00014    0.00022     4.5931     4.5942     4.0874     4.0884    34.9741    34.9727    27.7564    27.7552    1506.47    199.589    199.636         33 0.0000e+00
     149533   6230.487   2645.896   2680.000     4.3312     4.3322   3.395977   3.395955     1.7702     1.4552      71.23   24.99942  -93.41610    0.00013    0.00026     4.5935     4.5952     4.0874     4.0884    34.9734    34.9721    27.7559    27.7547    1506.45    199.607    199.681         39 0.0000e+00
     149651   6235.408   2640.990   2675.000     4.3307     4.3316   3.395806   3.395773     1.7709     1.4554     100.00   24.99988  -93.41784    0.00015    0.00009     4.5936     4.5933     4.0875     4.0884    34.9742    34.9728    27.7565    27.7553    1506.48    199.611    199.597         31 0.0000e+00
     149686   6236.888   2640.009   2674.000     4.3305     4.3314   3.395696   3.395658     1.7708     1.4554      97.38   24.99942  -93.41610    0.00008    0.00002     4.5928     4.5927     4.0875     4.0883    34.9735    34.9721    27.7559    27.7548    1506.45    199.576    199.569         42 0.0000e+00
     149839   6243.236   2634.122   2668.000     4.3300     4.3308   3.395399   3.395372     1.7715     1.4566     100.00   24.99935  -93.41589    0.00013    0.00034     4.5925     4.5949     4.0876     4.0884    34.9733    34.9721    27.7557    27.7547    1506.45    199.563    199.667         31 0.0000e+00
     149946   6247.713   2630.197   2664.000     4.3295     4.3304   3.395211   3.395180     1.7721     1.4569      99.63   24.99933  -93.41585    0.00021    0.00007     4.5928     4.5937     4.0875     4.0884    34.9734    34.9721    27.7558    27.7547    1506.45    199.575    199.616         30 0.0000e+00
     150075   6253.082   2625.291   2659.000     4.3292     4.3302   3.395014   3.394987     1.7729     1.4579     100.00   24.99948  -93.41639    0.00018    0.00030     4.5933     4.5956     4.0878     4.0888    34.9736    34.9723    27.7560    27.7548    1506.45    199.599    199.696         36 0.0000e+00
     150109   6254.500   2624.309   2658.000     4.3293     4.3302   3.394970   3.394935     1.7729     1.4579     100.00   24.99940  -93.41610    0.00016    0.00013     4.5927     4.5949     4.0880     4.0890    34.9734    34.9721    27.7558    27.7546    1506.45    199.573    199.668         31 0.0000e+00
     150231   6259.579   2619.404   2653.000     4.3288     4.3297   3.394752   3.394719     1.7739     1.4580     100.00   24.99955  -93.41664    0.00013    0.00001     4.5941     4.5926     4.0880     4.0890    34.9737    34.9724    27.7560    27.7549    1506.46    199.633    199.565         33 0.0000e+00
     150264   6260.944   2618.422   2652.000     4.3288     4.3297   3.394693   3.394662     1.7741     1.4582      68.42   24.99940  -93.41608    0.00021    0.00006     4.5943     4.5929     4.0882     4.0891    34.9734    34.9721    27.7558    27.7546    1506.45    199.641    199.579         32 0.0000e+00
     150415   6267.248   2612.535   2646.000     4.3283     4.3291   3.394404   3.394367     1.7746     1.4591     100.00   24.99931  -93.41574    0.00010    0.00005     4.5930     4.5940     4.0883     4.0892    34.9733    34.9720    27.7557    27.7545    1506.44    199.584    199.625         30 0.0000e+00
     150651   6277.073   2603.703   2637.000     4.3275     4.3285   3.394026   3.393997     1.7763     1.4603     100.00   24.99953  -93.41655    0.00022    0.00006     4.5950     4.5942     4.0886     4.0895    34.9737    34.9723    27.7560    27.7548    1506.46    199.670    199.635         31 0.0000e+00
