GOMECC/GOMECC-4/1db/urb2103_0632.cnv
* Sea-Bird SBE 9 Data File:
* FileName = C:\Users\scs.user.rb\CTD\GOMECC4\data\rb2103_0632.hex
* Software Version Seasave V 7.26.7.107
* Temperature SN = 4799
* Conductivity SN = 3860
* Number of Bytes Per Scan = 41
* Number of Voltage Words = 4
* Number of Scans Averaged by the Deck Unit = 1
* NMEA Latitude = 26 02.83 N
* NMEA Longitude = 096 49.28 W
* NMEA UTC (Time) = Oct 02 2021  18:18:43
* NMEA baud rate = 4800
# nquan = 28
# nvalues = 23                          
# units = specified
# name 0 = scan: Scan Count
# name 1 = timeS: Time, Elapsed [seconds]
# name 2 = depSM: Depth [salt water, m]
# name 3 = prDM: Pressure, Digiquartz [db]
# name 4 = t090C: Temperature [ITS-90, deg C]
# name 5 = t190C: Temperature, 2 [ITS-90, deg C]
# name 6 = c0S/m: Conductivity [S/m]
# name 7 = c1S/m: Conductivity, 2 [S/m]
# name 8 = sbeox0V: Oxygen raw, SBE 43 [V]
# name 9 = sbeox1V: Oxygen raw, SBE 43, 2 [V]
# name 10 = altM: Altimeter [m]
# name 11 = latitude: Latitude [deg]
# name 12 = longitude: Longitude [deg]
# name 13 = sbox0dV/dT: Oxygen, SBE 43 [dov/dt]
# name 14 = sbox1dV/dT: Oxygen, SBE 43, 2 [dov/dt]
# name 15 = sbeox0ML/L: Oxygen, SBE 43 [ml/l], WS = 5
# name 16 = sbeox1ML/L: Oxygen, SBE 43, 2 [ml/l], WS = 5
# name 17 = potemp090C: Potential Temperature [ITS-90, deg C]
# name 18 = potemp190C: Potential Temperature, 2 [ITS-90, deg C]
# name 19 = sal00: Salinity, Practical [PSU]
# name 20 = sal11: Salinity, Practical, 2 [PSU]
# name 21 = sigma-é00: Density [sigma-theta, kg/m^3]
# name 22 = sigma-é11: Density, 2 [sigma-theta, kg/m^3]
# name 23 = avgsvCM: Average Sound Velocity [Chen-Millero, m/s], minP = 20, minS = 20
# name 24 = sbox0Mm/Kg: Oxygen, SBE 43 [umol/kg], WS = 5
# name 25 = sbox1Mm/Kg: Oxygen, SBE 43, 2 [umol/kg], WS = 5
# name 26 = nbin: number of scans per bin
# name 27 = flag: flag
# span 0 =      24810,      39839       
# span 1 =   1033.691,   1659.915       
# span 2 =      0.994,     34.769       
# span 3 =      1.000,     35.000       
# span 4 =    28.7415,    29.1928       
# span 5 =    28.7415,    29.1983       
# span 6 =   5.616710,   5.835006       
# span 7 =   5.617738,   5.835200       
# span 8 =     2.9558,     3.2783       
# span 9 =     2.5005,     2.7804       
# span 10 =       7.51,      44.60      
# span 11 =   26.03730,   26.33665      
# span 12 =  -97.89705,  -96.78439      
# span 13 =   -0.00095,    0.00984      
# span 14 =   -0.00131,    0.00901      
# span 15 =     4.0379,     4.6343      
# span 16 =     4.0390,     4.6187      
# span 17 =    28.7379,    29.1851      
# span 18 =    28.7389,    29.1927      
# span 19 =    34.3811,    35.5871      
# span 20 =    34.4000,    35.5883      
# span 21 =    21.6535,    22.4458      
# span 22 =    21.6669,    22.4467      
# span 23 =    1543.67,    1561.42      
# span 24 =    176.375,    202.489      
# span 25 =    176.425,    201.806      
# span 26 =         31,         60      
# span 27 = 0.0000e+00, 0.0000e+00      
# interval = decibars: 1                
# start_time = Oct 02 2021 18:18:43 [NMEA time, header]
# bad_flag = -9.990e-29
*END*
      24810   1033.691     34.769     35.000    29.1775    29.1774   5.832003   5.832149     2.9591     2.5005       7.51   26.04736  -96.82169    0.00059    0.00002     4.0444     4.0402    29.1690    29.1689    35.5677    35.5688    22.4337    22.4345    1544.27    176.658    176.474         47 0.0000e+00
      25377   1057.319     33.777     34.000    29.1771    29.1777   5.831912   5.832170     2.9558     2.5009       8.47   26.04736  -96.82170   -0.00054    0.00022     4.0379     4.0404    29.1689    29.1694    35.5677    35.5690    22.4337    22.4346    1544.27    176.375    176.485         46 0.0000e+00
      25777   1074.013     31.789     32.000    29.1928    29.1930   5.835006   5.835200     2.9613     2.5009      10.41   26.06135  -96.87372    0.00046   -0.00131     4.0462     4.0390    29.1851    29.1852    35.5871    35.5883    22.4458    22.4467    1545.10    176.739    176.425         60 0.0000e+00
      25938   1080.688     30.796     31.000    29.1767    29.1772   5.831751   5.832004     2.9614     2.5011      11.35   26.04736  -96.82171    0.00071    0.00049     4.0466     4.0394    29.1692    29.1697    35.5677    35.5692    22.4337    22.4346    1544.27    176.755    176.441         31 0.0000e+00
      28453   1185.516     24.836     25.000    29.1912    29.1922   5.833115   5.833592     3.0269     2.5568      17.23   26.06358  -96.88206    0.00037   -0.00029     4.1616     4.1479    29.1851    29.1861    35.5789    35.5814    22.4401    22.4417    1545.23    181.780    181.183         52 0.0000e+00
      29733   1238.836     22.832     23.000    29.1854    29.1983   5.829133   5.833505     3.1250     2.6107      19.21   26.07502  -96.92460    0.00984    0.00901     4.3391     4.2554    29.1798    29.1927    35.5638    35.5844    22.4330    22.4441    1545.91    189.537    185.878         53 0.0000e+00
      30009   1250.315     21.856     22.000    29.1291    29.1547   5.815432   5.823010     3.1376     2.6253      20.12   26.04734  -96.82172    0.00559    0.00736     4.3655     4.2865    29.1238    29.1494    35.4934    35.5296    22.3931    22.4117    1544.27    190.691    187.241         37 0.0000e+00
      30220   1259.105     20.862     21.000    29.1130    29.1509   5.810548   5.822147     3.1473     2.6279      21.12   26.04734  -96.82172    0.00275    0.00375     4.3843     4.2914    29.1079    29.1458    35.4720    35.5234    22.3824    22.4083    1544.27    191.515    187.454         52 0.0000e+00
      30385   1266.009     19.869     20.000    29.0561    29.1109   5.795617   5.811190     3.1520     2.6457      22.11   26.04734  -96.82172    0.00103    0.00226     4.3981     4.3305    29.0513    29.1061    35.4117    35.4783    22.3561    22.3877    1544.27    192.125    189.166         39 0.0000e+00
      30722   1280.044     17.882     18.000    28.7768    28.8736   5.727522   5.751555     3.2130     2.7155      24.04   26.03730  -96.78439    0.00307    0.00510     4.5355     4.4927    28.7725    28.8692    35.1437    35.2429    22.2463    22.2889    1543.67    198.145    196.268         37 0.0000e+00
      30908   1287.803     16.889     17.000    28.7583    28.8198   5.722329   5.737224     3.2167     2.7277      24.98   26.04736  -96.82172    0.00163    0.00269     4.5445     4.5240    28.7542    28.8157    35.1267    35.1859    22.2412    22.2652    1544.27    198.541    197.645         59 0.0000e+00
      31081   1294.987     15.895     16.000    28.7645    28.8014   5.723849   5.732961     3.2134     2.7266      25.92   26.04736  -96.82172   -0.00060   -0.00088     4.5372     4.5211    28.7607    28.7975    35.1329    35.1686    22.2437    22.2582    1544.27    198.223    197.518         40 0.0000e+00
      31254   1302.222     14.902     15.000    28.7415    28.7818   5.716643   5.727735     3.2218     2.7341      26.93   26.04736  -96.82172    0.00116    0.00028     4.5547     4.5380    28.7379    28.7781    35.1003    35.1474    22.2268    22.2488    1544.27    198.990    198.258         34 0.0000e+00
      32156   1339.780     11.922     12.000    29.0451    29.0496   5.770947   5.773640     3.2668     2.7731      30.35   26.32720  -97.86193    0.00084   -0.00018     4.6224     4.6095    29.0422    29.0468    35.4330    35.4483    22.4337    22.4437    1560.86    201.955    201.386         31 0.0000e+00
      31926   1330.205     10.928     11.000    28.7438    28.7415   5.709941   5.710810     3.2320     2.7465      30.82   26.04736  -96.82174    0.00058   -0.00104     4.5721     4.5660    28.7412    28.7389    35.0535    35.0612    22.1905    22.1970    1544.27    199.756    199.489         40 0.0000e+00
      32103   1337.598      9.935     10.000    28.7726    28.7647   5.708561   5.709279     3.2365     2.7501      31.78   26.04736  -96.82174    0.00038   -0.00017     4.5782     4.5715    28.7702    28.7623    35.0231    35.0339    22.1580    22.1687    1544.27    200.030    199.738         46 0.0000e+00
      32294   1345.539      8.941      9.000    28.7589    28.7719   5.706610   5.707648     3.2370     2.7527      32.81   26.04737  -96.82174   -0.00095   -0.00103     4.5797     4.5763    28.7568    28.7697    35.0199    35.0175    22.1601    22.1540    1544.27    200.094    199.950         48 0.0000e+00
      32470   1352.862      7.948      8.000    28.7773    28.7686   5.706672   5.707023     3.2378     2.7575      33.79   26.04737  -96.82176    0.00015    0.00118     4.5795     4.5857    28.7754    28.7666    35.0071    35.0159    22.1443    22.1539    1544.27    200.088    200.360         48 0.0000e+00
      32644   1360.130      6.954      7.000    28.7941    28.7848   5.707085   5.707162     3.2410     2.7572      34.77   26.04738  -96.82176   -0.00005   -0.00010     4.5837     4.5836    28.7924    28.7831    34.9979    35.0052    22.1317    22.1403    1544.27    200.275    200.270         41 0.0000e+00
      33523   1396.761      3.974      4.000    29.1277    29.1246   5.770253   5.770349     3.2783     2.7804      38.04   26.33665  -97.89705    0.00075   -0.00058     4.6343     4.6187    29.1268    29.1236    35.3758    35.3788    22.3646    22.3678    1561.42    202.489    201.806         32 0.0000e+00
      34348   1431.127      2.980      3.000    28.8267    28.8240   5.707816   5.707837     3.2400     2.7564      44.60   26.04739  -96.82182    0.00024    0.00055     4.5775     4.5774    28.8260    28.8232    34.9801    34.9823    22.1072    22.1098    1544.27    200.009    200.006         56 0.0000e+00
      39335   1638.911      1.987      2.000    28.8466    28.8495   5.708522   5.709016     3.2398     2.7570      39.55   26.04741  -96.82198   -0.00035    0.00052     4.5753     4.5764    28.8461    28.8490    34.9706    34.9720    22.0934    22.0934    1544.27    199.918    199.963         40 0.0000e+00
      39839   1659.915      0.994      1.000    28.8450    28.8471   5.616710   5.617738     3.2408     2.7521      41.48   26.04740  -96.82198   -0.00001   -0.00031     4.5932     4.5810    28.8447    28.8468    34.3811    34.4000    21.6535    21.6669    1544.27    200.808    200.258         60 0.0000e+00
