GOMECC/GOMECC-4/1db/urb2103_0501.cnv
* Sea-Bird SBE 9 Data File:
* FileName = C:\Users\scs.user.rb\CTD\GOMECC4\data\rb2103_0501.hex
* Software Version Seasave V 7.26.7.107
* Temperature SN = 4799
* Conductivity SN = 3860
* Number of Bytes Per Scan = 41
* Number of Voltage Words = 4
* Number of Scans Averaged by the Deck Unit = 1
* NMEA Latitude = 27 52.19 N
* NMEA Longitude = 093 49.83 W
* NMEA UTC (Time) = Sep 27 2021  14:48:27
* NMEA baud rate = 4800
# nquan = 28
# nvalues = 64                          
# units = specified
# name 0 = scan: Scan Count
# name 1 = timeS: Time, Elapsed [seconds]
# name 2 = depSM: Depth [salt water, m]
# name 3 = prDM: Pressure, Digiquartz [db]
# name 4 = t090C: Temperature [ITS-90, deg C]
# name 5 = t190C: Temperature, 2 [ITS-90, deg C]
# name 6 = c0S/m: Conductivity [S/m]
# name 7 = c1S/m: Conductivity, 2 [S/m]
# name 8 = sbeox0V: Oxygen raw, SBE 43 [V]
# name 9 = sbeox1V: Oxygen raw, SBE 43, 2 [V]
# name 10 = altM: Altimeter [m]
# name 11 = latitude: Latitude [deg]
# name 12 = longitude: Longitude [deg]
# name 13 = sbox0dV/dT: Oxygen, SBE 43 [dov/dt]
# name 14 = sbox1dV/dT: Oxygen, SBE 43, 2 [dov/dt]
# name 15 = sbeox0ML/L: Oxygen, SBE 43 [ml/l], WS = 5
# name 16 = sbeox1ML/L: Oxygen, SBE 43, 2 [ml/l], WS = 5
# name 17 = potemp090C: Potential Temperature [ITS-90, deg C]
# name 18 = potemp190C: Potential Temperature, 2 [ITS-90, deg C]
# name 19 = sal00: Salinity, Practical [PSU]
# name 20 = sal11: Salinity, Practical, 2 [PSU]
# name 21 = sigma-é00: Density [sigma-theta, kg/m^3]
# name 22 = sigma-é11: Density, 2 [sigma-theta, kg/m^3]
# name 23 = avgsvCM: Average Sound Velocity [Chen-Millero, m/s], minP = 20, minS = 20
# name 24 = sbox0Mm/Kg: Oxygen, SBE 43 [umol/kg], WS = 5
# name 25 = sbox1Mm/Kg: Oxygen, SBE 43, 2 [umol/kg], WS = 5
# name 26 = nbin: number of scans per bin
# name 27 = flag: flag
# span 0 =      13799,      30002       
# span 1 =    574.926,   1250.047       
# span 2 =      1.986,     88.390       
# span 3 =      2.000,     89.000       
# span 4 =    20.7429,    28.9328       
# span 5 =    20.7454,    28.9338       
# span 6 =   5.034631,   5.829721       
# span 7 =   5.034979,   5.829839       
# span 8 =     2.3940,     3.2269       
# span 9 =     2.0261,     2.7594       
# span 10 =       5.22,      77.64      
# span 11 =   27.52287,   28.32627      
# span 12 =  -95.36693,  -92.66212      
# span 13 =   -0.01286,    0.01667      
# span 14 =   -0.01880,    0.01926      
# span 15 =     3.5387,     4.8697      
# span 16 =     3.5798,     4.9033      
# span 17 =    20.7260,    28.9294      
# span 18 =    20.7284,    28.9304      
# span 19 =    34.9864,    36.3488      
# span 20 =    35.0405,    36.3383      
# span 21 =    22.2714,    25.5750      
# span 22 =    22.3038,    25.5749      
# span 23 =    1517.49,    1561.78      
# span 24 =    154.097,    212.264      
# span 25 =    155.889,    213.730      
# span 26 =         30,         69      
# span 27 = 0.0000e+00, 0.0000e+00      
# interval = decibars: 1                
# start_time = Sep 27 2021 14:48:27 [NMEA time, header]
# bad_flag = -9.990e-29
*END*
[from data line 52]
      25120   1046.625     21.853     22.000    28.4571    28.4628   5.738863   5.739444     3.1218     2.6579      64.70   27.86944  -93.82886   -0.00011    0.00060     4.3893     4.4033    28.4518    28.4575    35.4641    35.4638    22.5951    22.5929    1536.59    191.694    192.309         40 0.0000e+00
      25243   1051.753     20.860     21.000    28.4658    28.4628   5.737754   5.738448     3.1196     2.6574      65.64   27.86944  -93.82886   -0.00105    0.00118     4.3856     4.4018    28.4607    28.4577    35.4509    35.4572    22.5822    22.5878    1536.59    191.535    192.244         43 0.0000e+00
      25365   1056.839     19.866     20.000    28.4651    28.4645   5.737487   5.737964     3.1195     2.6549      66.06   27.86944  -93.82886    0.00000   -0.00089     4.3840     4.3964    28.4604    28.4597    35.4491    35.4528    22.5809    22.5839    1536.59    191.465    192.005         33 0.0000e+00
      27484   1145.145     13.906     14.000    28.9328    28.9338   5.829721   5.829839     3.1739     2.7011      70.29   28.32627  -95.36693   -0.00029   -0.00070     4.4585     4.4707    28.9294    28.9304    36.0185    36.0186    22.9415    22.9412    1561.78    194.723    195.253         35 0.0000e+00
      27108   1129.458     12.913     13.000    28.4661    28.4671   5.735665   5.735898     3.1222     2.6607      68.48   27.86940  -93.82876    0.00043   -0.00020     4.3853     4.4045    28.4629    28.4640    35.4377    35.4385    22.5715    22.5718    1536.59    191.526    192.364         38 0.0000e+00
      27205   1133.483     11.920     12.000    28.4670    28.4688   5.735677   5.735973     3.1234     2.6548      69.78   27.86940  -93.82876    0.00069   -0.00212     4.3870     4.3919    28.4641    28.4659    35.4374    35.4381    22.5708    22.5708    1536.59    191.600    191.815         49 0.0000e+00
      27305   1137.655      9.934     10.000    28.4126    28.4146   5.724426   5.724713     3.1169     2.6552      72.56   27.81503  -93.64568   -0.00021    0.00061     4.3765     4.3935    28.4102    28.4122    35.3675    35.3680    22.5258    22.5254    1533.59    191.141    191.882         30 0.0000e+00
      27448   1143.622      8.940      9.000    28.4699    28.4711   5.735642   5.735840     3.1215     2.6601      74.38   27.86940  -93.82874   -0.00059   -0.00085     4.3816     4.4010    28.4677    28.4690    35.4359    35.4363    22.5685    22.5684    1536.59    191.365    192.212         34 0.0000e+00
      27555   1148.104      7.947      8.000    28.4749    28.4759   5.735561   5.735759     3.1251     2.6593      75.18   27.86938  -93.82874    0.00064    0.00072     4.3875     4.3986    28.4730    28.4740    35.4318    35.4324    22.5638    22.5639    1536.59    191.621    192.107         53 0.0000e+00
      27511   1146.246      4.967      5.000    28.1446    28.1972   5.665971   5.665954     3.0876     2.6317      76.62   27.52287  -92.66212    0.00048   -0.00091     4.3322     4.3506    28.1434    28.1960    34.9864    35.0513    22.2714    22.3127    1517.49    189.207    190.012         38 0.0000e+00
      29512   1229.627      2.980      3.000    28.1922    28.1961   5.674611   5.675183     3.0952     2.6323      73.78   27.56905  -92.81759   -0.00034    0.00032     4.3408     4.3502    28.1915    28.1954    35.0394    35.0405    22.3043    22.3038    1520.03    189.588    189.998         50 0.0000e+00
      30002   1250.047      1.986      2.000    28.4986    28.5016   5.736332   5.736792     3.1258     2.6555      77.64   27.86934  -93.82860    0.00028   -0.00214     4.3841     4.3862    28.4981    28.5012    35.4213    35.4222    22.5475    22.5472    1536.59    191.474    191.567         30 0.0000e+00
