GOMECC/GOMECC-4/1db/urb2103_0741.cnv
* Sea-Bird SBE 9 Data File:
* FileName = C:\Users\scs.user.rb\CTD\GOMECC4\data\rb2103_0741.hex
* Software Version Seasave V 7.26.7.107
* Temperature SN = 4799
* Conductivity SN = 3860
* Number of Bytes Per Scan = 41
* Number of Voltage Words = 4
* Number of Scans Averaged by the Deck Unit = 1
* NMEA Latitude = 24 59.96 N
* NMEA Longitude = 093 24.95 W
* NMEA UTC (Time) = Oct 04 2021  19:58:51
* NMEA baud rate = 4800
# nquan = 28
# nvalues = 765                         
# units = specified
# name 0 = scan: Scan Count
# name 1 = timeS: Time, Elapsed [seconds]
# name 2 = depSM: Depth [salt water, m]
# name 3 = prDM: Pressure, Digiquartz [db]
# name 4 = t090C: Temperature [ITS-90, deg C]
# name 5 = t190C: Temperature, 2 [ITS-90, deg C]
# name 6 = c0S/m: Conductivity [S/m]
# name 7 = c1S/m: Conductivity, 2 [S/m]
# name 8 = sbeox0V: Oxygen raw, SBE 43 [V]
# name 9 = sbeox1V: Oxygen raw, SBE 43, 2 [V]
# name 10 = altM: Altimeter [m]
# name 11 = latitude: Latitude [deg]
# name 12 = longitude: Longitude [deg]
# name 13 = sbox0dV/dT: Oxygen, SBE 43 [dov/dt]
# name 14 = sbox1dV/dT: Oxygen, SBE 43, 2 [dov/dt]
# name 15 = sbeox0ML/L: Oxygen, SBE 43 [ml/l], WS = 5
# name 16 = sbeox1ML/L: Oxygen, SBE 43, 2 [ml/l], WS = 5
# name 17 = potemp090C: Potential Temperature [ITS-90, deg C]
# name 18 = potemp190C: Potential Temperature, 2 [ITS-90, deg C]
# name 19 = sal00: Salinity, Practical [PSU]
# name 20 = sal11: Salinity, Practical, 2 [PSU]
# name 21 = sigma-é00: Density [sigma-theta, kg/m^3]
# name 22 = sigma-é11: Density, 2 [sigma-theta, kg/m^3]
# name 23 = avgsvCM: Average Sound Velocity [Chen-Millero, m/s], minP = 20, minS = 20
# name 24 = sbox0Mm/Kg: Oxygen, SBE 43 [umol/kg], WS = 5
# name 25 = sbox1Mm/Kg: Oxygen, SBE 43, 2 [umol/kg], WS = 5
# name 26 = nbin: number of scans per bin
# name 27 = flag: flag
# span 0 =     119309,     270780       
# span 1 =   4971.159,  11282.445       
# span 2 =      0.993,   3652.177       
# span 3 =      1.000,   3708.000       
# span 4 =     4.2936,    29.4314       
# span 5 =     4.2948,    29.4351       
# span 6 =   3.350862,   5.960075       
# span 7 =   3.350871,   5.960622       
# span 8 =     1.5694,     3.3237       
# span 9 =     1.2722,     2.8446       
# span 10 =      10.32,     104.52      
# span 11 =   24.55804,   25.09790      
# span 12 =  -93.78475,  -91.76750      
# span 13 =   -0.00818,    0.04357      
# span 14 =   -0.01036,    0.03543      
# span 15 =     2.4257,     4.9069      
# span 16 =     2.4396,     4.9225      
# span 17 =     4.0775,    29.4309      
# span 18 =     4.0786,    29.4349      
# span 19 =    34.9112,    36.6241      
# span 20 =    34.9098,    36.6055      
# span 21 =    22.4246,    27.7582      
# span 22 =    22.4238,    27.7568      
# span 23 =    1479.86,    1512.39      
# span 24 =    105.470,    214.050      
# span 25 =    106.073,    214.729      
# span 26 =         30,         75      
# span 27 = 0.0000e+00, 0.0000e+00      
# interval = decibars: 1                
# start_time = Oct 04 2021 19:58:51 [NMEA time, header]
# bad_flag = -9.990e-29
*END*
[from data line 725]
     254786  10616.023     63.579     64.000    26.4620    26.7994   5.643701   5.680086     3.3099     2.8446     100.38   24.99932  -93.41634    0.02845    0.01155     4.9058     4.9225    26.4472    26.7847    36.3105    36.3053    23.8815    23.7713    1506.45    213.982    214.729         74 0.0000e+00
     254865  10619.348     62.585     63.000    26.7412    27.0540   5.674310   5.707862     3.3237     2.8331      59.58   24.99932  -93.41634    0.00386   -0.00309     4.9069     4.8729    26.7268    27.0395    36.3090    36.3048    23.7914    23.6882    1506.45    214.050    212.588         59 0.0000e+00
     254673  10611.349     60.599     61.000    27.1858    27.2675   5.720829   5.729141     3.3090     2.8118      99.86   24.96347  -93.28238   -0.00475   -0.00255     4.8410     4.8078    27.1717    27.2533    36.2825    36.2690    23.6241    23.5855    1504.29    211.206    209.763         41 0.0000e+00
     255163  10631.743     59.605     60.000    27.3555    27.5129   5.740494   5.757308     3.3013     2.8014      65.90   24.99932  -93.41634   -0.00334   -0.00247     4.8098     4.7682    27.3416    27.4988    36.3065    36.3023    23.5922    23.5380    1506.45    209.855    208.049         65 0.0000e+00
     255252  10635.441     58.612     59.000    27.4898    27.8528   5.753870   5.793002     3.2976     2.7911      48.97   24.99931  -93.41634   -0.00127   -0.00218     4.7899     4.7201    27.4761    27.8389    36.3000    36.2973    23.5437    23.4234    1506.45    208.995    205.972         36 0.0000e+00
     255362  10640.038     57.619     58.000    27.7326    27.9217   5.780223   5.801326     3.2860     2.7779      95.32   24.99930  -93.41634   -0.00275   -0.00176     4.7484     4.6925    27.7190    27.9081    36.2956    36.2987    23.4613    23.4013    1506.45    207.202    204.769         37 0.0000e+00
     255056  10627.277     55.632     56.000    27.9954    28.2926   5.804393   5.836383     3.2552     2.7495      97.29   24.95151  -93.23777   -0.00464   -0.00642     4.6666     4.5977    27.9822    28.2792    36.2314    36.2346    23.3168    23.2222    1503.57    203.651    200.668         49 0.0000e+00
     256115  10671.403     53.646     54.000    28.6758    28.6854   5.870397   5.871889     3.1934     2.7080      99.66   24.91556  -93.10335   -0.00129   -0.00311     4.4966     4.4815    28.6628    28.6723    36.1478    36.1508    23.0207    23.0198    1501.40    196.284    195.625         35 0.0000e+00
     257089  10712.020     52.652     53.000    28.9093    28.9788   5.904114   5.912684     3.1906     2.6920      81.80   24.99932  -93.41634   -0.00303   -0.00557     4.4758     4.4313    28.8964    28.9659    36.2623    36.2687    23.0470    23.0283    1506.45    195.386    193.447         63 0.0000e+00
     257172  10715.440     51.659     52.000    28.8971    29.0172   5.902501   5.916872     3.1851     2.6891     100.38   24.99932  -93.41635   -0.00172   -0.00152     4.4660     4.4221    28.8755    29.0046    36.2675    36.2683    23.0579    23.0149    1506.45    194.957    193.046         69 0.0000e+00
     257248  10718.637     50.666     51.000    29.0011    29.0951   5.915152   5.923931     3.1803     2.6916     100.00   24.99932  -93.41635   -0.00106    0.00090     4.4482     4.4208    28.9895    29.0827    36.2690    36.2589    23.0208    22.9819    1506.45    194.185    192.998         61 0.0000e+00
     257322  10721.726     49.672     50.000    29.0303    29.1528   5.917745   5.928118     3.1762     2.6858     100.00   24.99932  -93.41636   -0.00203   -0.00124     4.4388     4.4061    29.0182    29.1407    36.2656    36.2438    23.0086    22.9508    1506.45    193.777    192.358         65 0.0000e+00
     258531  10772.067     47.686     48.000    29.3136    29.3608   5.954244   5.957357     3.1600     2.6616      78.71   25.09597  -93.77753   -0.00119   -0.00033     4.3913     4.3471    29.3019    29.3491    36.3589    36.3572    23.0035    22.9874    1512.27    191.723    189.796         38 0.0000e+00
     257624  10734.275     46.692     47.000    29.2294    29.2627   5.932963   5.935529     3.1387     2.6461      95.59   24.99931  -93.41636   -0.00283   -0.00193     4.3553     4.3168    29.2180    29.2512    36.2206    36.2133    22.9076    22.8908    1506.45    190.151    188.473         39 0.0000e+00
     257728  10738.645     45.699     46.000    29.2537    29.2686   5.934610   5.935906     3.1309     2.6451     100.00   24.99930  -93.41636   -0.00154   -0.00079     4.3392     4.3139    29.2425    29.2574    36.2141    36.2117    22.8944    22.8876    1506.45    189.451    188.349         36 0.0000e+00
     257824  10742.641     44.706     45.000    29.2626    29.2699   5.935211   5.935921     3.1294     2.6465      99.92   24.99930  -93.41636   -0.00006   -0.00035     4.3351     4.3162    29.2516    29.2589    36.2116    36.2110    22.8895    22.8865    1506.45    189.273    188.447         34 0.0000e+00
     257938  10747.363     43.712     44.000    29.2677    29.2726   5.935569   5.936140     3.1300     2.6485      81.89   24.99930  -93.41636    0.00031    0.00016     4.3353     4.3194    29.2569    29.2619    36.2106    36.2108    22.8869    22.8854    1506.45    189.282    188.588         57 0.0000e+00
     257179  10715.765     41.726     42.000    29.1609    29.1670   5.913783   5.914463     3.1154     2.6431      99.63   24.90771  -93.07412   -0.00103    0.00131     4.3128     4.3105    29.1507    29.1567    36.0778    36.0779    22.8026    22.8007    1500.93    188.298    188.200         33 0.0000e+00
     258251  10760.433     40.732     41.000    29.2684    29.2738   5.935496   5.936122     3.1301     2.6493     100.00   24.99930  -93.41636    0.00046    0.00048     4.3339     4.3193    29.2584    29.2638    36.2104    36.2106    22.8862    22.8846    1506.45    189.221    188.584         60 0.0000e+00
     259159  10798.239     39.739     40.000    29.2738    29.2762   5.936069   5.936377     3.1319     2.6492     100.00   24.99931  -93.41636   -0.00056   -0.00075     4.3361     4.3185    29.2641    29.2665    36.2105    36.2108    22.8844    22.8839    1506.45    189.319    188.548         43 0.0000e+00
     259714  10821.364     38.746     39.000    29.2729    29.2764   5.935936   5.936382     3.1331     2.6503      96.34   24.99931  -93.41636    0.00008    0.00139     4.3378     4.3202    29.2634    29.2669    36.2106    36.2110    22.8847    22.8838    1506.45    189.394    188.623         51 0.0000e+00
     259794  10824.705     37.751     38.000    29.2721    29.2762   5.935817   5.936327     3.1305     2.6483     100.40   24.99932  -93.41636   -0.00033    0.00019     4.3327     4.3156    29.2628    29.2669    36.2107    36.2111    22.8850    22.8839    1506.45    189.169    188.422         38 0.0000e+00
     259915  10829.730     36.759     37.000    29.2744    29.2792   5.936016   5.936600     3.1331     2.6494      99.47   24.99930  -93.41636   -0.00037    0.00046     4.3367     4.3172    29.2654    29.2701    36.2106    36.2110    22.8840    22.8828    1506.45    189.346    188.492         43 0.0000e+00
     259969  10831.983     35.765     36.000    29.2732    29.2765   5.935851   5.936270     3.1337     2.6511      98.93   24.99930  -93.41636   -0.00017   -0.00019     4.3375     4.3203    29.2644    29.2677    36.2107    36.2111    22.8844    22.8837    1506.45    189.379    188.627         30 0.0000e+00
     260097  10837.317     34.772     35.000    29.2756    29.2811   5.936077   5.936723     3.1343     2.6541      84.13   24.99930  -93.41636    0.00033    0.00132     4.3378     4.3254    29.2670    29.2725    36.2107    36.2112    22.8836    22.8821    1506.45    189.394    188.851         38 0.0000e+00
     261568  10898.637     31.792     32.000    29.3965    29.4008   5.960075   5.960622     3.1461     2.6604      99.76   25.09790  -93.78475    0.00086    0.00082     4.3530     4.3335    29.3887    29.3930    36.3544    36.3549    22.9724    22.9713    1512.39    190.056    189.207         45 0.0000e+00
     261331  10888.745     29.805     30.000    29.3405    29.3457   5.948483   5.949112     3.1441     2.6624     100.20   25.04810  -93.59866   -0.00037   -0.00106     4.3496     4.3367    29.3332    29.3384    36.2827    36.2831    22.9262    22.9247    1509.39    189.906    189.346         39 0.0000e+00
     259938  10830.688     27.818     28.000    29.1580    29.1623   5.911229   5.911750     3.1262     2.6461      84.69   24.89058  -93.01004    0.00067    0.00092     4.3246     4.3094    29.1511    29.1554    36.0546    36.0549    22.7812    22.7800    1499.90    188.816    188.152         57 0.0000e+00
     261245  10885.159     26.824     27.000    29.2876    29.2921   5.937251   5.937778     3.1406     2.6588      64.07   24.99932  -93.41636   -0.00091    0.00053     4.3441     4.3298    29.2810    29.2855    36.2121    36.2123    22.8799    22.8785    1506.45    189.668    189.045         51 0.0000e+00
     260293  10845.483     24.838     25.000    29.0768    29.0793   5.894012   5.894357     3.1182     2.6391      74.59   24.81497  -92.72752   -0.00056    0.00074     4.3120     4.2965    29.0707    29.0732    35.9455    35.9459    22.7096    22.7091    1495.34    188.265    187.591         43 0.0000e+00
     261264  10885.976     22.851     23.000    29.1143    29.1185   5.901685   5.902221     3.1220     2.6413      99.40   24.84823  -92.85184    0.00033   -0.00019     4.3162     4.2985    29.1087    29.1129    35.9938    35.9943    22.7405    22.7395    1497.35    188.450    187.679         46 0.0000e+00
     262990  10957.893     21.857     22.000    29.2921    29.2968   5.937621   5.938214     3.1406     2.6600     100.00   24.99932  -93.41636   -0.00018    0.00122     4.3410     4.3291    29.2867    29.2914    36.2127    36.2133    22.8784    22.8773    1506.45    189.532    189.015         39 0.0000e+00
     263110  10962.878     20.864     21.000    29.2940    29.2991   5.937770   5.938418     3.1412     2.6616     100.00   24.99932  -93.41636   -0.00001    0.00004     4.3414     4.3317    29.2888    29.2940    36.2127    36.2133    22.8777    22.8764    1506.45    189.552    189.125         50 0.0000e+00
     263220  10967.447     19.870     20.000    29.2952    29.3000   5.937879   5.938460     3.1423     2.6617     100.00   24.99932  -93.41636    0.00113   -0.00015     4.3428     4.3314    29.2903    29.2951    36.2128    36.2132    22.8773    22.8759    1506.45    189.612    189.114         46 0.0000e+00
     262047  10918.584     15.896     16.000    29.1180    29.1269   5.901152   5.902129     3.1237     2.6433      99.37   24.84251  -92.83049    0.00007    0.00016     4.3151     4.2981    29.1141    29.1229    35.9854    35.9855    22.7311    22.7281    1497.00    188.402    187.663         44 0.0000e+00
     265409  11058.679     14.903     15.000    29.3163    29.3183   5.939904   5.940213     3.1448     2.6625     100.00   24.99931  -93.41636   -0.00028    0.00033     4.3431     4.3290    29.3126    29.3147    36.2123    36.2128    22.8694    22.8691    1506.45    189.625    189.010         32 0.0000e+00
     265903  11079.232      9.935     10.000    29.3021    29.3491   5.933049   5.938044     3.1429     2.6597      83.10   24.95062  -93.23438    0.00043   -0.00085     4.3369     4.3165    29.2996    29.3467    36.1393    36.1421    22.8081    22.7942    1503.52    189.359    188.473         43 0.0000e+00
     264259  11010.738      2.981      3.000    28.9148    28.9184   5.847111   5.847589     3.0944     2.6199      86.49   24.55804  -91.76750   -0.00035   -0.00036     4.2609     4.2471    28.9141    28.9176    35.5720    35.5725    22.4246    22.4238    1479.86    186.046    185.441         53 0.0000e+00
     270780  11282.445      1.987      2.000    29.4314    29.4340   5.951730   5.952107     3.1538     2.6679     100.50   24.99930  -93.41640    0.00059   -0.00010     4.3438     4.3250    29.4309    29.4336    36.2105    36.2111    22.8280    22.8276    1506.45    189.662    188.844         51 0.0000e+00
     270760  11281.637      0.993      1.000    29.4307    29.4351   5.951608   5.952094     3.1525     2.6663      99.68   24.99930  -93.41640    0.00006   -0.00049     4.3410     4.3212    29.4304    29.4349    36.2105    36.2105    22.8282    22.8267    1506.45    189.541    188.677         45 0.0000e+00
