GOMECC/GOMECC-4/1db/urb2103_0671.cnv
* Sea-Bird SBE 9 Data File:
* FileName = C:\Users\scs.user.rb\CTD\GOMECC4\data\rb2103_0671.hex
* Software Version Seasave V 7.26.7.107
* Temperature SN = 4799
* Conductivity SN = 3860
* Number of Bytes Per Scan = 41
* Number of Voltage Words = 4
* Number of Scans Averaged by the Deck Unit = 1
* NMEA Latitude = 26 03.51 N
* NMEA Longitude = 095 50.44 W
* NMEA UTC (Time) = Oct 03 2021  02:51:18
* NMEA baud rate = 4800
# nquan = 28
# nvalues = 190                         
# units = specified
# name 0 = scan: Scan Count
# name 1 = timeS: Time, Elapsed [seconds]
# name 2 = depSM: Depth [salt water, m]
# name 3 = prDM: Pressure, Digiquartz [db]
# name 4 = t090C: Temperature [ITS-90, deg C]
# name 5 = t190C: Temperature, 2 [ITS-90, deg C]
# name 6 = c0S/m: Conductivity [S/m]
# name 7 = c1S/m: Conductivity, 2 [S/m]
# name 8 = sbeox0V: Oxygen raw, SBE 43 [V]
# name 9 = sbeox1V: Oxygen raw, SBE 43, 2 [V]
# name 10 = altM: Altimeter [m]
# name 11 = latitude: Latitude [deg]
# name 12 = longitude: Longitude [deg]
# name 13 = sbox0dV/dT: Oxygen, SBE 43 [dov/dt]
# name 14 = sbox1dV/dT: Oxygen, SBE 43, 2 [dov/dt]
# name 15 = sbeox0ML/L: Oxygen, SBE 43 [ml/l], WS = 5
# name 16 = sbeox1ML/L: Oxygen, SBE 43, 2 [ml/l], WS = 5
# name 17 = potemp090C: Potential Temperature [ITS-90, deg C]
# name 18 = potemp190C: Potential Temperature, 2 [ITS-90, deg C]
# name 19 = sal00: Salinity, Practical [PSU]
# name 20 = sal11: Salinity, Practical, 2 [PSU]
# name 21 = sigma-é00: Density [sigma-theta, kg/m^3]
# name 22 = sigma-é11: Density, 2 [sigma-theta, kg/m^3]
# name 23 = avgsvCM: Average Sound Velocity [Chen-Millero, m/s], minP = 20, minS = 20
# name 24 = sbox0Mm/Kg: Oxygen, SBE 43 [umol/kg], WS = 5
# name 25 = sbox1Mm/Kg: Oxygen, SBE 43, 2 [umol/kg], WS = 5
# name 26 = nbin: number of scans per bin
# name 27 = flag: flag
# span 0 =      55443,     121134       
# span 1 =   2310.079,   5047.188       
# span 2 =      0.993,   1114.663       
# span 3 =      1.000,   1125.000       
# span 4 =     4.8602,    29.2897       
# span 5 =     4.8565,    29.4194       
# span 6 =   3.377899,   5.842276       
# span 7 =   3.377597,   5.842608       
# span 8 =     1.5778,     3.3491       
# span 9 =     1.2820,     2.8745       
# span 10 =      11.91,     102.01      
# span 11 =   25.18538,   26.20037      
# span 12 =  -96.35436,  -92.62166      
# span 13 =   -0.00980,    0.02870      
# span 14 =   -0.02930,    0.02647      
# span 15 =     2.3990,     4.9439      
# span 16 =     2.4203,     4.9726      
# span 17 =     4.7659,    29.2858      
# span 18 =     4.7622,    29.4179      
# span 19 =    34.1213,    36.4806      
# span 20 =    34.1192,    36.4811      
# span 21 =    21.4600,    27.6571      
# span 22 =    21.4607,    27.6570      
# span 23 =    1448.47,    1506.84      
# span 24 =    104.314,    215.608      
# span 25 =    105.237,    216.889      
# span 26 =         30,         73      
# span 27 = 0.0000e+00, 0.0000e+00      
# interval = decibars: 1                
# start_time = Oct 03 2021 02:51:18 [NMEA time, header]
# bad_flag = -9.990e-29
*END*
[from data line 104]
      98548   4106.114    134.078    135.000    18.6440    18.6473   4.831027   4.831785     1.8677     1.5392     100.02   26.06550  -95.85956    0.00256    0.00199     2.5418     2.5587    18.6197    18.6233    36.4426    36.4458    26.2220    26.2235    1499.10    110.615    111.351         30 0.0000e+00
      98562   4106.710    133.085    134.000    18.6641    18.6817   4.833230   4.835395     1.8717     1.5435     100.00   26.06014  -95.83986    0.00308    0.00261     2.5494     2.5672    18.6403    18.6578    36.4422    36.4450    26.2160    26.2137    1498.79    110.946    111.722         40 0.0000e+00
      98601   4108.333    132.092    133.000    18.7087    18.7209   4.838001   4.839537     1.8742     1.5485     100.00   26.06014  -95.83986    0.00255    0.00320     2.5521     2.5770    18.6850    18.6973    36.4443    36.4457    26.2063    26.2042    1498.79    111.066    112.148         34 0.0000e+00
      98704   4112.642    129.113    130.000    18.8768    18.8924   4.857700   4.859339     1.8999     1.5735     100.02   26.06421  -95.85483    0.00605    0.00591     2.5989     2.6279    18.8536    18.8692    36.4646    36.4647    26.1792    26.1753    1499.02    113.108    114.371         37 0.0000e+00
      98730   4113.691    128.121    129.000    18.8801    18.8807   4.857407   4.857478     1.9169     1.5896     100.00   26.06014  -95.83986    0.01035    0.01041     2.6360     2.6669    18.8570    18.8576    36.4577    36.4578    26.1726    26.1725    1498.79    114.722    116.068         41 0.0000e+00
      98764   4115.109    127.128    128.000    18.9539    18.9536   4.865425   4.865403     1.9266     1.5960     100.00   26.06014  -95.83986    0.00912    0.00804     2.6531     2.6784    18.9310    18.9307    36.4606    36.4607    26.1558    26.1560    1498.79    115.467    116.568         30 0.0000e+00
      98846   4118.554    125.142    126.000    19.0430    19.0444   4.875696   4.875902     1.9565     1.6245     100.03   26.06668  -95.86391    0.01019    0.00904     2.7129     2.7419    19.0203    19.0218    36.4713    36.4730    26.1417    26.1427    1499.17    118.073    119.332         32 0.0000e+00
      98857   4118.992    124.149    125.000    19.0581    19.0688   4.876571   4.877555     1.9719     1.6391     100.00   26.06014  -95.83986    0.01199    0.01156     2.7459     2.7753    19.0356    19.0462    36.4639    36.4627    26.1314    26.1278    1498.79    119.508    120.790         39 0.0000e+00
      98893   4120.512    123.156    124.000    19.0806    19.1010   4.878719   4.880628     1.9820     1.6483     100.00   26.06014  -95.83986    0.00997    0.00944     2.7658     2.7954    19.0582    19.0787    36.4628    36.4606    26.1247    26.1178    1498.79    120.374    121.664         33 0.0000e+00
      98925   4121.838    122.163    123.000    19.1234    19.1216   4.883066   4.883036     1.9891     1.6525     100.00   26.06014  -95.83986    0.00715    0.00613     2.7793     2.8040    19.1012    19.0994    36.4618    36.4631    26.1129    26.1144    1498.79    120.964    122.041         32 0.0000e+00
      98959   4123.248    121.171    122.000    19.1595    19.1650   4.887533   4.887846     1.9916     1.6503     100.00   26.06014  -95.83986    0.00474    0.00271     2.7823     2.7960    19.1375    19.1429    36.4679    36.4657    26.1082    26.1051    1498.79    121.097    121.691         35 0.0000e+00
      98994   4124.702    120.177    121.000    19.1895    19.2238   4.891316   4.894984     1.9846     1.6448     100.00   26.06014  -95.83986    0.00151   -0.00117     2.7710     2.7798    19.1676    19.2019    36.4736    36.4743    26.1047    26.0964    1498.79    120.604    120.991         34 0.0000e+00
      99026   4126.045    119.185    120.000    19.2944    19.2587   4.903209   4.899406     1.9701     1.6218     100.00   26.06014  -95.83986   -0.00480   -0.00737     2.7229     2.7219    19.2737    19.2369    36.4806    36.4811    26.0826    26.0925    1498.79    118.515    118.468         32 0.0000e+00
      99061   4127.482    118.192    119.000    19.3141    19.3068   4.904606   4.904134     1.9547     1.6097     100.00   26.06014  -95.83986   -0.00980   -0.01102     2.6920     2.6901    19.2925    19.2852    36.4763    36.4788    26.0744    26.0782    1498.79    117.167    117.087         36 0.0000e+00
      99123   4130.069    117.199    118.000    19.3213    19.3257   4.904522   4.905005     1.9507     1.6105      91.36   26.06014  -95.83986   -0.00384   -0.00250     2.6832     2.6910    19.2999    19.3042    36.4697    36.4699    26.0674    26.0665    1498.79    116.788    117.128         51 0.0000e+00
     102528   4271.953    107.269    108.000    19.8742    19.8922   4.954410   4.956148     2.1318     1.7792     100.02   26.06641  -95.86270    0.00060    0.00015     3.0410     3.0595    19.8542    19.8722    36.4077    36.4079    25.8754    25.8708    1499.15    132.384    133.190         47 0.0000e+00
     102577   4274.012    106.276    107.000    19.8784    19.9070   4.954049   4.957326     2.1311     1.7779     100.00   26.06018  -95.83980    0.00007   -0.00016     3.0392     3.0554    19.8586    19.8875    36.3993    36.3998    25.8671    25.8595    1498.79    132.308    133.012         43 0.0000e+00
     102636   4276.450    105.283    106.000    19.9206    19.9309   4.957717   4.959586     2.1318     1.7805     100.00   26.06018  -95.83980   -0.00001    0.00013     3.0380     3.0596    19.9010    19.9116    36.3937    36.3962    25.8515    25.8495    1498.79    132.259    133.197         45 0.0000e+00
     102676   4278.120    104.290    105.000    19.9863    19.9490   4.962873   4.960621     2.1436     1.7885     100.00   26.06018  -95.83980    0.00190    0.00251     3.0598     3.0771    19.9668    19.9295    36.3796    36.3933    25.8234    25.8437    1498.79    133.209    133.961         37 0.0000e+00
     102715   4279.735    103.297    104.000    20.0850    20.0374   4.970840   4.967735     2.1906     1.8103      99.32   26.06019  -95.83980    0.01532    0.00651     3.1549     3.1239    20.0656    20.0184    36.3611    36.3710    25.7829    25.8013    1498.79    137.356    136.003         42 0.0000e+00
     102757   4281.496    102.304    103.000    20.1550    20.1092   4.977115   4.973508     2.2392     1.8560     100.01   26.06018  -95.83980    0.02648    0.01764     3.2537     3.2268    20.1357    20.0900    36.3518    36.3617    25.7571    25.7769    1498.79    141.662    140.487         40 0.0000e+00
     102795   4283.068    101.311    102.000    20.2177    20.2062   4.983168   4.982196     2.2750     1.8930     100.00   26.06018  -95.83980    0.02830    0.02544     3.3259     3.3078    20.1986    20.1871    36.3477    36.3493    25.7372    25.7415    1498.79    144.810    144.017         35 0.0000e+00
     102828   4284.475    100.318    101.000    20.2922    20.3060   4.990444   4.991987     2.2998     1.9290     100.00   26.06020  -95.83980    0.02248    0.02483     3.3736     3.3860    20.2732    20.2871    36.3436    36.3442    25.7141    25.7109    1498.79    146.889    147.426         34 0.0000e+00
     102864   4285.960     99.325    100.000    20.4268    20.4012   5.002518   5.000565     2.3304     1.9658      92.82   26.06020  -95.83980    0.01893    0.02488     3.4299     3.4658    20.4080    20.3824    36.3268    36.3329    25.6652    25.6767    1498.79    149.346    150.910         36 0.0000e+00
     102900   4287.438     98.332     99.000    20.4962    20.4850   5.008763   5.007888     2.3763     2.0079     100.00   26.06020  -95.83979    0.02279    0.02583     3.5177     3.5587    20.4778    20.4663    36.3183    36.3211    25.6399    25.6451    1498.79    153.174    154.959         36 0.0000e+00
     102938   4289.035     97.339     98.000    20.5373    20.5226   5.012485   5.011221     2.4188     2.0444     100.00   26.06020  -95.83978    0.02870    0.02647     3.6098     3.6414    20.5187    20.5040    36.3141    36.3164    25.6256    25.6313    1498.79    157.185    158.560         41 0.0000e+00
     102977   4290.685     96.346     97.000    20.5645    20.5638   5.014065   5.014617     2.4514     2.0756     100.00   26.06020  -95.83978    0.02498    0.02238     3.6769     3.7111    20.5461    20.5454    36.3040    36.3091    25.6105    25.6146    1498.79    160.111    161.600         36 0.0000e+00
     103010   4292.030     95.353     96.000    20.6064    20.6179   5.018642   5.018670     2.4735     2.0974      99.87   26.06020  -95.83978    0.01921    0.01809     3.7319     3.7708    20.5934    20.5997    36.3035    36.3009    25.5974    25.5936    1498.79    162.508    164.200         31 0.0000e+00
     103044   4293.451     94.360     95.000    20.6366    20.6419   5.020760   5.021419     2.5007     2.1248     100.00   26.06020  -95.83978    0.01778    0.01781     3.7758     3.8202    20.6188    20.6238    36.2973    36.2985    25.5858    25.5853    1498.79    164.420    166.356         39 0.0000e+00
     103085   4295.170     93.367     94.000    20.6510    20.6529   5.021904   5.022224     2.5281     2.1472     100.00   26.06020  -95.83978    0.01796    0.01707     3.8322     3.8707    20.6332    20.6350    36.2948    36.2958    25.5799    25.5802    1498.79    166.876    168.552         40 0.0000e+00
     103121   4296.666     92.374     93.000    20.6684    20.6677   5.023247   5.023424     2.5432     2.1588      73.35   26.06020  -95.83978    0.01467    0.01178     3.8624     3.8963    20.6507    20.6500    36.2912    36.2932    25.5724    25.5742    1498.79    168.192    169.668         33 0.0000e+00
     103155   4298.068     91.381     92.000    20.6823    20.6833   5.024489   5.024503     2.5547     2.1669      99.32   26.06020  -95.83978    0.01051    0.00807     3.8852     3.9138    20.6648    20.6658    36.2898    36.2890    25.5675    25.5667    1498.79    169.186    170.432         36 0.0000e+00
     103193   4299.656     90.388     91.000    20.7032    20.6944   5.026303   5.025689     2.5661     2.1759     100.00   26.06020  -95.83978    0.00805    0.00600     3.9074     3.9334    20.6858    20.6770    36.2870    36.2896    25.5597    25.5641    1498.79    170.155    171.286         38 0.0000e+00
     103229   4301.158     89.395     90.000    20.7415    20.7317   5.029466   5.028419     2.5787     2.1851     100.00   26.06020  -95.83978    0.00752    0.00555     3.9309     3.9517    20.7243    20.7146    36.2803    36.2802    25.5442    25.5467    1498.79    171.182    172.087         35 0.0000e+00
     103266   4302.728     88.402     89.000    20.8379    20.7802   5.038966   5.033190     2.6016     2.2049      75.33   26.06020  -95.83978    0.01001    0.00798     3.9714     3.9938    20.8209    20.7632    36.2754    36.2778    25.5142    25.5317    1498.79    172.949    173.923         41 0.0000e+00
     103307   4304.398     87.409     88.000    20.9187    20.8216   5.047830   5.037678     2.6227     2.2213     100.68   26.06020  -95.83978    0.01399    0.01151     4.0091     4.0284    20.9019    20.8047    36.2786    36.2793    25.4945    25.5215    1498.79    174.596    175.430         36 0.0000e+00
     103405   4308.500     85.423     86.000    21.2259    21.1947   5.083324   5.079623     2.6253     2.2241     100.03   26.06890  -95.87177    0.00446    0.00417     3.9894     4.0064    21.2093    21.1781    36.3087    36.3055    25.4343    25.4404    1499.29    173.749    174.488         36 0.0000e+00
     103412   4308.790     84.429     85.000    21.2353    21.2082   5.083334   5.080534     2.6137     2.2139      75.26   26.06020  -95.83978   -0.00294   -0.00303     3.9638     3.9812    21.2188    21.1917    36.2967    36.2972    25.4214    25.4292    1498.79    172.635    173.393         45 0.0000e+00
     103451   4310.411     83.436     84.000    21.3387    21.3265   5.093918   5.092834     2.6133     2.2143     100.54   26.06020  -95.83978   -0.00430   -0.00420     3.9547     3.9730    21.3224    21.3101    36.2943    36.2960    25.3909    25.3955    1498.79    172.242    173.041         33 0.0000e+00
     103482   4311.725     82.443     83.000    21.4218    21.4597   5.103688   5.107687     2.6159     2.2202     100.00   26.06020  -95.83978   -0.00122    0.00052     3.9549     3.9763    21.4056    21.4435    36.3025    36.3025    25.3741    25.3636    1498.79    172.256    173.191         32 0.0000e+00
     103518   4313.218     81.450     82.000    21.4860    21.5124   5.110876   5.113973     2.6213     2.2228     100.00   26.06020  -95.83978    0.00233    0.00303     3.9590     3.9778    21.4699    21.4963    36.3061    36.3086    25.3590    25.3535    1498.79    172.438    173.257         34 0.0000e+00
     103572   4315.472     80.457     81.000    21.4897    21.5883   5.111948   5.121783     2.6247     2.2272     100.00   26.06020  -95.83978    0.00230    0.00198     3.9643     3.9826    21.4813    21.5725    36.3055    36.3083    25.3554    25.3326    1498.79    172.668    173.468         53 0.0000e+00
     103657   4319.016     79.464     80.000    21.5736    21.7411   5.119894   5.137504     2.6301     2.2421     100.00   26.06020  -95.83978    0.00147    0.00382     3.9695     4.0048    21.5585    21.7253    36.3044    36.3039    25.3331    25.2862    1498.79    172.898    174.443         65 0.0000e+00
     105142   4380.864     77.478     78.000    21.9416    21.9313   5.161277   5.160968     2.7785     2.3740     100.28   26.13328  -96.10840    0.01292    0.01660     4.2487     4.2922    21.9262    21.9159    36.3634    36.3696    25.2856    25.2933    1502.99    185.079    186.973         38 0.0000e+00
     104899   4370.758     76.485     77.000    21.8668    21.9009   5.144982   5.148194     2.7977     2.3927     100.00   26.06024  -95.83977    0.01335    0.01168     4.2923     4.3354    21.8516    21.8856    36.2596    36.2554    25.2171    25.2043    1498.79    186.978    188.857         57 0.0000e+00
     104978   4374.058     75.492     76.000    21.8860    21.9262   5.146537   5.150569     2.8320     2.4391     100.00   26.06024  -95.83976    0.01114    0.01511     4.3618     4.4384    21.8709    21.9112    36.2548    36.2531    25.2079    25.1954    1498.79    190.008    193.348         34 0.0000e+00
     105026   4376.060     74.498     75.000    21.9213    21.9598   5.149707   5.153646     2.8427     2.4419     100.00   26.06024  -95.83976    0.00704    0.00630     4.3812     4.4417    21.9065    21.9449    36.2524    36.2487    25.1961    25.1825    1498.79    190.854    193.492         48 0.0000e+00
     105092   4378.779     73.505     74.000    21.9489    21.9705   5.152568   5.154718     2.8616     2.4542      87.80   26.06024  -95.83976    0.00698    0.00369     4.4169     4.4683    21.9343    21.9558    36.2508    36.2497    25.1871    25.1802    1498.79    192.413    194.654         63 0.0000e+00
     105148   4381.127     72.512     73.000    22.0162    21.9997   5.158939   5.157686     2.8737     2.4600     100.12   26.06024  -95.83976    0.00478    0.00298     4.4358     4.4783    22.0017    21.9852    36.2452    36.2491    25.1638    25.1715    1498.79    193.241    195.091         48 0.0000e+00
     105196   4383.116     71.519     72.000    22.1219    22.0921   5.169835   5.167209     2.8929     2.4694      80.92   26.06024  -95.83976    0.00801    0.00363     4.4661     4.4932    22.1075    22.0778    36.2431    36.2469    25.1324    25.1435    1498.79    194.566    195.744         49 0.0000e+00
     105245   4385.177     70.526     71.000    22.2341    22.1698   5.183294   5.175269     2.9044     2.4872      96.22   26.06024  -95.83976    0.00759    0.00748     4.4790     4.5252    22.2199    22.1557    36.2557    36.2462    25.1101    25.1211    1498.79    195.133    197.141         49 0.0000e+00
