GOMECC/GOMECC-4/1db/urb2103_1101.cnv
* Sea-Bird SBE 9 Data File:
* FileName = C:\Users\scs.user.rb\CTD\GOMECC4\data\rb2103_1101.hex
* Software Version Seasave V 7.26.7.107
* Temperature SN = 4799
* Conductivity SN = 3860
* Number of Bytes Per Scan = 41
* Number of Voltage Words = 4
* Number of Scans Averaged by the Deck Unit = 1
* NMEA Latitude = 22 32.38 N
* NMEA Longitude = 086 36.68 W
* NMEA UTC (Time) = Oct 15 2021  05:55:57
* NMEA baud rate = 4800
# nquan = 28
# nvalues = 298                         
# units = specified
# name 0 = scan: Scan Count
# name 1 = timeS: Time, Elapsed [seconds]
# name 2 = depSM: Depth [salt water, m]
# name 3 = prDM: Pressure, Digiquartz [db]
# name 4 = t090C: Temperature [ITS-90, deg C]
# name 5 = t190C: Temperature, 2 [ITS-90, deg C]
# name 6 = c0S/m: Conductivity [S/m]
# name 7 = c1S/m: Conductivity, 2 [S/m]
# name 8 = sbeox0V: Oxygen raw, SBE 43 [V]
# name 9 = sbeox1V: Oxygen raw, SBE 43, 2 [V]
# name 10 = altM: Altimeter [m]
# name 11 = latitude: Latitude [deg]
# name 12 = longitude: Longitude [deg]
# name 13 = sbox0dV/dT: Oxygen, SBE 43 [dov/dt]
# name 14 = sbox1dV/dT: Oxygen, SBE 43, 2 [dov/dt]
# name 15 = sbeox0ML/L: Oxygen, SBE 43 [ml/l], WS = 5
# name 16 = sbeox1ML/L: Oxygen, SBE 43, 2 [ml/l], WS = 5
# name 17 = potemp090C: Potential Temperature [ITS-90, deg C]
# name 18 = potemp190C: Potential Temperature, 2 [ITS-90, deg C]
# name 19 = sal00: Salinity, Practical [PSU]
# name 20 = sal11: Salinity, Practical, 2 [PSU]
# name 21 = sigma-é00: Density [sigma-theta, kg/m^3]
# name 22 = sigma-é11: Density, 2 [sigma-theta, kg/m^3]
# name 23 = avgsvCM: Average Sound Velocity [Chen-Millero, m/s], minP = 20, minS = 20
# name 24 = sbox0Mm/Kg: Oxygen, SBE 43 [umol/kg], WS = 5
# name 25 = sbox1Mm/Kg: Oxygen, SBE 43, 2 [umol/kg], WS = 5
# name 26 = nbin: number of scans per bin
# name 27 = flag: flag
# span 0 =      21384,      64638       
# span 1 =    890.939,   2693.190       
# span 2 =      1.987,    359.417       
# span 3 =      2.000,    362.000       
# span 4 =    12.1267,    29.7888       
# span 5 =    12.1271,    29.7888       
# span 6 =   4.081681,   5.986957       
# span 7 =   4.081791,   5.987169       
# span 8 =     1.7794,     3.1658       
# span 9 =     1.4631,     2.6742       
# span 10 =      11.35,     102.19      
# span 11 =   22.23413,   22.61374      
# span 12 =  -86.84276,  -85.36185      
# span 13 =   -0.00404,    0.01310      
# span 14 =   -0.00408,    0.01486      
# span 15 =     2.7962,     4.3458      
# span 16 =     2.8103,     4.3335      
# span 17 =    12.0786,    29.7869      
# span 18 =    12.0789,    29.7873      
# span 19 =    35.5201,    36.9439      
# span 20 =    35.5204,    36.9484      
# span 21 =    22.3556,    26.9781      
# span 22 =    22.3558,    26.9783      
# span 23 =    1502.08,    1528.18      
# span 24 =    121.597,    189.763      
# span 25 =    122.211,    189.218      
# span 26 =         30,         75      
# span 27 = 0.0000e+00, 0.0000e+00      
# interval = decibars: 1                
# start_time = Oct 15 2021 05:55:57 [NMEA time, header]
# bad_flag = -9.990e-29
*END*
[from data line 156]
      32557   1356.497    192.694    194.000    18.6637    18.6696   4.848590   4.849204     2.2451     1.8788     100.00   22.55171  -86.61706    0.00088    0.00019     3.3991     3.4049    18.6292    18.6351    36.5498    36.5498    26.3012    26.2998    1524.23    147.914    148.167         35 0.0000e+00
      32596   1358.129    191.701    193.000    18.6878    18.6933   4.851378   4.852112     2.2454     1.8791      98.14   22.55172  -86.61706    0.00056    0.00041     3.3976     3.4035    18.6535    18.6589    36.5524    36.5538    26.2971    26.2968    1524.23    147.849    148.104         46 0.0000e+00
      32646   1360.195    190.708    192.000    18.6929    18.6839   4.851924   4.851061     2.2462     1.8799      85.74   22.55172  -86.61706    0.00024    0.00027     3.3985     3.4057    18.6587    18.6498    36.5529    36.5536    26.2961    26.2989    1524.23    147.889    148.203         48 0.0000e+00
      32687   1361.925    189.716    191.000    18.7054    18.6924   4.853382   4.852453     2.2461     1.8803     100.24   22.55174  -86.61708    0.00032    0.00042     3.3970     3.4054    18.6714    18.6584    36.5542    36.5533    26.2938    26.2965    1524.23    147.823    148.189         36 0.0000e+00
      32723   1363.398    188.723    190.000    18.7165    18.7152   4.854513   4.854324     2.2461     1.8812     100.00   22.55174  -86.61708   -0.00006    0.00036     3.3961     3.4058    18.6826    18.6814    36.5557    36.5561    26.2921    26.2927    1524.23    147.785    148.208         37 0.0000e+00
      32767   1365.240    187.730    189.000    18.7189    18.7153   4.854857   4.854546     2.2469     1.8802      72.36   22.55175  -86.61708    0.00019    0.00001     3.3971     3.4031    18.6853    18.6816    36.5558    36.5567    26.2916    26.2932    1524.23    147.828    148.087         52 0.0000e+00
      32815   1367.248    186.737    188.000    18.7208    18.7162   4.854984   4.854649     2.2473     1.8812     100.88   22.55178  -86.61708    0.00035   -0.00003     3.3974     3.4049    18.6873    18.6827    36.5557    36.5569    26.2910    26.2930    1524.23    147.839    148.167         40 0.0000e+00
      32852   1368.785    185.744    187.000    18.7294    18.7288   4.855980   4.856033     2.2468     1.8811     100.00   22.55178  -86.61708    0.00003    0.00031     3.3953     3.4034    18.6961    18.6955    36.5568    36.5578    26.2896    26.2905    1524.23    147.751    148.104         38 0.0000e+00
      32893   1370.519    184.751    186.000    18.7335    18.7303   4.856385   4.856220     2.2470     1.8810     100.00   22.55178  -86.61708   -0.00012   -0.00008     3.3949     3.4026    18.7003    18.6972    36.5570    36.5584    26.2887    26.2905    1524.23    147.730    148.068         44 0.0000e+00
      32938   1372.358    183.759    185.000    18.7399    18.7340   4.857090   4.856577     2.2473     1.8809     100.00   22.55180  -86.61708    0.00009   -0.00001     3.3946     3.4018    18.7070    18.7011    36.5577    36.5585    26.2875    26.2896    1524.23    147.721    148.034         44 0.0000e+00
      32978   1374.047    182.766    184.000    18.7451    18.7444   4.857678   4.857670     2.2468     1.8805     100.00   22.55180  -86.61708    0.00001    0.00001     3.3929     3.3996    18.7123    18.7115    36.5584    36.5590    26.2867    26.2873    1524.23    147.644    147.940         38 0.0000e+00
      33020   1375.784    181.773    183.000    18.7504    18.7483   4.858261   4.858164     2.2465     1.8805     100.00   22.55182  -86.61708   -0.00021   -0.00024     3.3914     3.3990    18.7177    18.7157    36.5591    36.5601    26.2858    26.2871    1524.23    147.580    147.913         46 0.0000e+00
      33064   1377.631    180.780    182.000    18.7579    18.7525   4.859066   4.858541     2.2478     1.8805      90.35   22.55183  -86.61708    0.00014    0.00001     3.3932     3.3984    18.7255    18.7201    36.5596    36.5599    26.2842    26.2858    1524.23    147.661    147.885         39 0.0000e+00
      33101   1379.171    179.787    181.000    18.7786    18.7752   4.861328   4.861157     2.2475     1.8823      99.38   22.55184  -86.61708    0.00038    0.00039     3.3901     3.4013    18.7463    18.7429    36.5629    36.5638    26.2814    26.2829    1524.23    147.525    148.011         40 0.0000e+00
      33147   1381.104    178.794    180.000    18.7869    18.7826   4.862508   4.862132     2.2474     1.8829      96.56   22.55184  -86.61709   -0.00014    0.00080     3.3895     3.4014    18.7547    18.7504    36.5638    36.5644    26.2799    26.2815    1524.23    147.497    148.015         49 0.0000e+00
      33192   1382.954    177.801    179.000    18.8229    18.8073   4.866692   4.864949     2.2476     1.8821      99.89   22.55185  -86.61710    0.00006   -0.00009     3.3872     3.3968    18.7909    18.7753    36.5694    36.5677    26.2750    26.2777    1524.23    147.398    147.818         41 0.0000e+00
      33232   1384.639    176.808    178.000    18.8875    18.8564   4.874698   4.870926     2.2502     1.8810     100.00   22.55186  -86.61710    0.00058   -0.00056     3.3878     3.3909    18.8556    18.8245    36.5785    36.5742    26.2654    26.2700    1524.23    147.427    147.562         39 0.0000e+00
      33272   1386.274    175.816    177.000    18.9307    18.8952   4.879913   4.875556     2.2530     1.8839     100.00   22.55186  -86.61710    0.00155    0.00023     3.3903     3.3949    18.8990    18.8634    36.5846    36.5793    26.2589    26.2640    1524.23    147.538    147.734         40 0.0000e+00
      33317   1388.173    174.823    176.000    18.9625    18.9219   4.883754   4.879025     2.2532     1.8841     100.00   22.55187  -86.61710    0.00109    0.00095     3.3881     3.3932    18.9308    18.8903    36.5893    36.5853    26.2543    26.2617    1524.23    147.443    147.662         49 0.0000e+00
      33361   1390.017    173.830    175.000    18.9818    18.9659   4.886218   4.884378     2.2527     1.8845     100.00   22.55188  -86.61710   -0.00014    0.00008     3.3853     3.3906    18.9503    18.9344    36.5934    36.5919    26.2524    26.2554    1524.23    147.320    147.551         38 0.0000e+00
      33398   1391.540    172.837    174.000    19.0107    19.0006   4.889568   4.888475     2.2530     1.8860     100.00   22.55190  -86.61710   -0.00014    0.00052     3.3835     3.3916    18.9795    18.9693    36.5964    36.5962    26.2472    26.2497    1524.23    147.241    147.594         39 0.0000e+00
      33444   1393.461    171.844    173.000    19.0403    19.0200   4.893110   4.890817     2.2541     1.8878     100.00   22.55191  -86.61710    0.00035    0.00083     3.3834     3.3943    19.0091    18.9888    36.6005    36.5991    26.2428    26.2469    1524.23    147.237    147.710         52 0.0000e+00
      33492   1395.465    170.851    172.000    19.0693    19.0692   4.896397   4.895569     2.2552     1.8888     100.00   22.55192  -86.61711    0.00046    0.00083     3.3833     3.3928    19.0384    19.0395    36.6029    36.6047    26.2370    26.2410    1524.23    147.233    147.649         40 0.0000e+00
      33529   1396.996    169.858    171.000    19.1383    19.1385   4.905027   4.904736     2.2573     1.8896     100.00   22.55192  -86.61712    0.00090    0.00046     3.3826     3.3899    19.1074    19.1075    36.6149    36.6124    26.2284    26.2265    1524.23    147.205    147.525         38 0.0000e+00
      33571   1398.755    168.865    170.000    19.1745    19.1695   4.909212   4.908745     2.2580     1.8910     100.00   22.55193  -86.61712    0.00093    0.00064     3.3812     3.3906    19.1437    19.1387    36.6185    36.6189    26.2217    26.2234    1524.23    147.148    147.555         45 0.0000e+00
      33613   1400.503    167.872    169.000    19.1916    19.1738   4.911034   4.909476     2.2594     1.8921      31.67   22.55194  -86.61712    0.00057    0.00076     3.3828     3.3924    19.1610    19.1437    36.6190    36.6210    26.2177    26.2236    1524.23    147.215    147.634         39 0.0000e+00
      33658   1402.378    166.879    168.000    19.2039    19.1972   4.912644   4.912064     2.2602     1.8925      90.93   22.55194  -86.61712    0.00060    0.00033     3.3831     3.3917    19.1735    19.1667    36.6220    36.6231    26.2167    26.2193    1524.23    147.229    147.602         55 0.0000e+00
      33711   1404.570    165.886    167.000    19.2103    19.2102   4.913074   4.913047     2.2614     1.8946     100.44   22.55195  -86.61713    0.00045    0.00077     3.3848     3.3952    19.1800    19.1799    36.6235    36.6231    26.2161    26.2158    1524.23    147.306    147.757         40 0.0000e+00
      33743   1405.916    164.893    166.000    19.2153    19.2188   4.914037   4.914454     2.2619     1.8951      69.46   22.55196  -86.61714    0.00056    0.00086     3.3854     3.3955    19.1852    19.1886    36.6245    36.6249    26.2156    26.2150    1524.23    147.327    147.771         31 0.0000e+00
      33781   1407.509    163.900    165.000    19.2165    19.2302   4.914143   4.915817     2.2625     1.8953      83.91   22.55197  -86.61714    0.00041    0.00042     3.3861     3.3950    19.1865    19.2003    36.6247    36.6266    26.2154    26.2133    1524.23    147.358    147.746         47 0.0000e+00
      33845   1410.184    162.908    164.000    19.2224    19.2282   4.914690   4.915511     2.2637     1.8963     101.62   22.55198  -86.61714    0.00061    0.00003     3.3879     3.3970    19.1926    19.1985    36.6245    36.6262    26.2136    26.2134    1524.23    147.440    147.834         46 0.0000e+00
      33878   1411.524    161.915    163.000    19.2300    19.2329   4.915663   4.916104     2.2640     1.8965     100.00   22.55199  -86.61716    0.00019    0.00060     3.3872     3.3967    19.2004    19.2034    36.6252    36.6272    26.2122    26.2130    1524.23    147.407    147.822         30 0.0000e+00
      33913   1412.983    160.922    162.000    19.2423    19.2447   4.916829   4.917320     2.2654     1.8958     100.00   22.55201  -86.61715    0.00040    0.00008     3.3898     3.3939    19.2129    19.2153    36.6267    36.6281    26.2100    26.2105    1524.23    147.520    147.702         43 0.0000e+00
      33967   1415.236    159.929    161.000    19.2443    19.2448   4.917191   4.917511     2.2661     1.8971     100.00   22.55203  -86.61716    0.00064    0.00011     3.3903     3.3966    19.2150    19.2156    36.6272    36.6285    26.2099    26.2108    1524.23    147.544    147.817         59 0.0000e+00
      34013   1417.162    158.936    160.000    19.2604    19.2625   4.919240   4.919471     2.2655     1.8982     100.00   22.55204  -86.61716   -0.00013    0.00068     3.3874     3.3977    19.2314    19.2334    36.6306    36.6307    26.2082    26.2078    1524.23    147.416    147.868         35 0.0000e+00
      34049   1418.683    157.943    159.000    19.3700    19.3294   4.932535   4.927766     2.2684     1.8983      85.25   22.55206  -86.61716    0.00037    0.00036     3.3856     3.3929    19.3410    19.3005    36.6457    36.6415    26.1913    26.1986    1524.23    147.342    147.657         43 0.0000e+00
      34105   1421.011    156.950    158.000    19.3961    19.3657   4.935892   4.932304     2.2705     1.9005      99.85   22.55207  -86.61717    0.00131    0.00064     3.3881     3.3954    19.3686    19.3369    36.6500    36.6479    26.1874    26.1940    1524.23    147.449    147.770         53 0.0000e+00
      35459   1477.408    152.978    154.000    19.5716    19.5721   4.957395   4.957700     2.2790     1.9077     100.02   22.55779  -86.63764    0.00031    0.00008     3.3923     3.3973    19.5433    19.5438    36.6815    36.6827    26.1665    26.1673    1524.59    147.640    147.856         54 0.0000e+00
      35510   1479.542    151.985    153.000    19.5712    19.5732   4.956870   4.957124     2.2789     1.9083     100.00   22.55252  -86.61736    0.00012    0.00028     3.3920     3.3983    19.5431    19.5451    36.6739    36.6747    26.1600    26.1601    1524.23    147.623    147.899         65 0.0000e+00
      35569   1482.000    150.992    152.000    19.5704    19.5783   4.956815   4.957787     2.2780     1.9071     100.00   22.55253  -86.61736    0.00001   -0.00011     3.3897     3.3946    19.5424    19.5503    36.6739    36.6757    26.1602    26.1594    1524.23    147.523    147.736         52 0.0000e+00
      35623   1484.251    149.999    151.000    19.5872    19.5870   4.958580   4.958688     2.2778     1.9073      95.49   22.55255  -86.61736   -0.00041   -0.00028     3.3875     3.3941    19.5595    19.5593    36.6756    36.6760    26.1570    26.1574    1524.23    147.430    147.714         61 0.0000e+00
      35685   1486.845    149.006    150.000    19.6080    19.6068   4.961142   4.960718     2.2777     1.9089      96.25   22.55256  -86.61736    0.00008    0.00045     3.3854     3.3960    19.5804    19.5795    36.6779    36.6783    26.1533    26.1546    1524.23    147.340    147.798         52 0.0000e+00
      35736   1488.970    148.013    149.000    19.6834    19.6942   4.970015   4.971559     2.2789     1.9101      94.81   22.55256  -86.61736    0.00029    0.00073     3.3825     3.3927    19.6559    19.6668    36.6863    36.6906    26.1398    26.1402    1524.23    147.212    147.660         58 0.0000e+00
      35799   1491.566    147.020    148.000    19.7275    19.7430   4.975777   4.977243     2.2791     1.9085      85.35   22.55259  -86.61736    0.00031   -0.00017     3.3792     3.3854    19.7001    19.7156    36.6959    36.6945    26.1355    26.1303    1524.23    147.071    147.342         59 0.0000e+00
      35852   1493.803    146.027    147.000    19.7895    19.8025   4.982969   4.984250     2.2800     1.9089      99.69   22.55260  -86.61736    0.00017   -0.00052     3.3766     3.3821    19.7622    19.7752    36.7016    36.7008    26.1234    26.1194    1524.23    146.961    147.199         54 0.0000e+00
      35910   1496.188    145.034    146.000    19.8469    19.8458   4.989845   4.990015     2.2799     1.9110      88.43   22.55261  -86.61737    0.00006    0.00086     3.3718     3.3837    19.8198    19.8187    36.7090    36.7110    26.1139    26.1157    1524.23    146.754    147.269         58 0.0000e+00
      35966   1498.532    144.041    145.000    19.9250    19.8970   4.999171   4.995962     2.2823     1.9122     100.06   22.55262  -86.61738    0.00062    0.00062     3.3712     3.3828    19.8981    19.8701    36.7177    36.7157    26.0998    26.1057    1524.23    146.729    147.231         52 0.0000e+00
      36019   1500.760    143.048    144.000    19.9827    20.0020   5.005831   5.009053     2.2840     1.9139      99.95   22.55264  -86.61738    0.00101    0.00057     3.3706     3.3797    19.9558    19.9753    36.7227    36.7309    26.0883    26.0888    1524.23    146.704    147.098         58 0.0000e+00
      36078   1503.195    142.055    143.000    20.0317    20.0506   5.012121   5.013966     2.2865     1.9155      70.66   22.55264  -86.61738    0.00077    0.00087     3.3720     3.3797    20.0050    20.0240    36.7307    36.7311    26.0812    26.0766    1524.23    146.765    147.103         55 0.0000e+00
      36130   1505.367    141.062    142.000    20.0968    20.0984   5.019349   5.020095     2.2881     1.9169      99.36   22.55266  -86.61738    0.00100    0.00048     3.3708     3.3795    20.0702    20.0721    36.7352    36.7388    26.0673    26.0693    1524.23    146.714    147.095         53 0.0000e+00
      36186   1507.703    140.069    141.000    20.1560    20.1468   5.026310   5.025516     2.2908     1.9195     100.00   22.55267  -86.61738    0.00081    0.00111     3.3722     3.3821    20.1295    20.1203    36.7413    36.7428    26.0561    26.0597    1524.23    146.778    147.210         55 0.0000e+00
