GOMECC/GOMECC-4/1db/urb2103_0881.cnv
* Sea-Bird SBE 9 Data File:
* FileName = C:\Users\scs.user.rb\CTD\GOMECC4\data\rb2103_0881.hex
* Software Version Seasave V 7.26.7.107
* Temperature SN = 4799
* Conductivity SN = 3860
* Number of Bytes Per Scan = 41
* Number of Voltage Words = 4
* Number of Scans Averaged by the Deck Unit = 1
* NMEA Latitude = 19 10.20 N
* NMEA Longitude = 093 17.93 W
* NMEA UTC (Time) = Oct 08 2021  18:58:02
* NMEA baud rate = 4800
# nquan = 28
# nvalues = 284                         
# units = specified
# name 0 = scan: Scan Count
# name 1 = timeS: Time, Elapsed [seconds]
# name 2 = depSM: Depth [salt water, m]
# name 3 = prDM: Pressure, Digiquartz [db]
# name 4 = t090C: Temperature [ITS-90, deg C]
# name 5 = t190C: Temperature, 2 [ITS-90, deg C]
# name 6 = c0S/m: Conductivity [S/m]
# name 7 = c1S/m: Conductivity, 2 [S/m]
# name 8 = sbeox0V: Oxygen raw, SBE 43 [V]
# name 9 = sbeox1V: Oxygen raw, SBE 43, 2 [V]
# name 10 = altM: Altimeter [m]
# name 11 = latitude: Latitude [deg]
# name 12 = longitude: Longitude [deg]
# name 13 = sbox0dV/dT: Oxygen, SBE 43 [dov/dt]
# name 14 = sbox1dV/dT: Oxygen, SBE 43, 2 [dov/dt]
# name 15 = sbeox0ML/L: Oxygen, SBE 43 [ml/l], WS = 5
# name 16 = sbeox1ML/L: Oxygen, SBE 43, 2 [ml/l], WS = 5
# name 17 = potemp090C: Potential Temperature [ITS-90, deg C]
# name 18 = potemp190C: Potential Temperature, 2 [ITS-90, deg C]
# name 19 = sal00: Salinity, Practical [PSU]
# name 20 = sal11: Salinity, Practical, 2 [PSU]
# name 21 = sigma-é00: Density [sigma-theta, kg/m^3]
# name 22 = sigma-é11: Density, 2 [sigma-theta, kg/m^3]
# name 23 = avgsvCM: Average Sound Velocity [Chen-Millero, m/s], minP = 20, minS = 20
# name 24 = sbox0Mm/Kg: Oxygen, SBE 43 [umol/kg], WS = 5
# name 25 = sbox1Mm/Kg: Oxygen, SBE 43, 2 [umol/kg], WS = 5
# name 26 = nbin: number of scans per bin
# name 27 = flag: flag
# span 0 =      45672,      97301       
# span 1 =   1902.947,   4054.155       
# span 2 =      0.994,    716.377       
# span 3 =      1.000,    722.000       
# span 4 =     6.7202,    29.7398       
# span 5 =     6.7203,    29.7441       
# span 6 =   3.529047,   5.983931       
# span 7 =   3.529114,   5.984461       
# span 8 =     1.5591,     3.1996       
# span 9 =     1.2624,     2.7357       
# span 10 =      10.45,     105.81      
# span 11 =   19.00407,   19.30466      
# span 12 =  -93.95723,  -92.49434      
# span 13 =   -0.02546,    0.03305      
# span 14 =   -0.01947,    0.02742      
# span 15 =     2.3284,     4.7628      
# span 16 =     2.3422,     4.7768      
# span 17 =     6.6516,    29.7351      
# span 18 =     6.6517,    29.7394      
# span 19 =    34.9349,    36.5132      
# span 20 =    34.9347,    36.5144      
# span 21 =    21.9739,    27.4155      
# span 22 =    21.9734,    27.4154      
# span 23 =    1493.22,    1516.83      
# span 24 =    101.249,    207.650      
# span 25 =    101.847,    208.269      
# span 26 =         30,         73      
# span 27 = 0.0000e+00, 0.0000e+00      
# interval = decibars: 1                
# start_time = Oct 08 2021 18:58:02 [NMEA time, header]
# bad_flag = -9.990e-29
*END*
[from data line 208]
      76775   3198.908     91.422     92.000    20.5827    20.5839   5.034895   5.034483     2.0687     1.7164     100.00   19.16928  -93.29758    0.01770    0.01397     2.8581     2.8673    20.5680    20.5665    36.4574    36.4554    25.7216    25.7205    1506.18    124.444    124.841         35 0.0000e+00
      76810   3200.368     90.429     91.000    20.6512    20.6661   5.039444   5.039930     2.0893     1.7395     100.00   19.16928  -93.29758    0.01285    0.01082     2.9010     2.9203    20.6376    20.6488    36.4387    36.4320    25.6885    25.6803    1506.18    126.315    127.156         36 0.0000e+00
      76855   3202.257     89.435     90.000    20.7027    20.6992   5.043251   5.043102     2.1287     1.7828      95.05   19.16928  -93.29758    0.01668    0.01832     2.9787     3.0155    20.6856    20.6820    36.4254    36.4273    25.6653    25.6677    1506.18    129.698    131.301         50 0.0000e+00
      76900   3204.106     88.441     89.000    20.7623    20.7111   5.046605   5.043733     2.1630     1.7975     100.12   19.16928  -93.29758    0.02025    0.01804     3.0481     3.0479    20.7453    20.6942    36.4025    36.4225    25.6316    25.6608    1506.18    132.726    132.713         36 0.0000e+00
      76932   3205.443     87.448     88.000    20.7979    20.7977   5.048697   5.048356     2.1967     1.8215     100.00   19.16928  -93.29758    0.02007    0.01038     3.1165     3.0997    20.7810    20.7809    36.3888    36.3862    25.6115    25.6095    1506.18    135.708    134.976         31 0.0000e+00
      76970   3207.060     86.455     87.000    20.8562    20.8416   5.052765   5.051703     2.2391     1.8715      99.96   19.16928  -93.29758    0.02421    0.02015     3.2024     3.2130    20.8395    20.8249    36.3723    36.3762    25.5829    25.5899    1506.18    139.451    139.911         49 0.0000e+00
      77018   3209.057     85.461     86.000    20.8698    20.8499   5.053392   5.052371     2.2824     1.9062     100.00   19.16928  -93.29758    0.02502    0.02591     3.2926     3.2926    20.8533    20.8334    36.3661    36.3748    25.5745    25.5866    1506.18    143.382    143.378         39 0.0000e+00
      77051   3210.401     84.467     85.000    20.9431    20.9422   5.059437   5.059634     2.2965     1.9188     100.00   19.16928  -93.29758    0.01898    0.01546     3.3175     3.3163    20.9267    20.9259    36.3528    36.3551    25.5442    25.5462    1506.18    144.468    144.414         30 0.0000e+00
      77082   3211.709     83.474     84.000    21.0030    20.9883   5.064856   5.063681     2.3181     1.9405     100.00   19.16928  -93.29758    0.01449    0.01235     3.3586     3.3632    20.9868    20.9721    36.3458    36.3488    25.5225    25.5288    1506.18    146.262    146.462         36 0.0000e+00
      77124   3213.470     82.481     83.000    21.0183    21.0192   5.066041   5.066069     2.3430     1.9662      81.87   19.16928  -93.29758    0.01484    0.01497     3.4096     3.4206    21.0023    21.0033    36.3427    36.3421    25.5159    25.5152    1506.18    148.485    148.962         44 0.0000e+00
      77261   3219.167     79.500     80.000    21.3409    21.3451   5.096086   5.095953     2.4226     2.0500     100.05   19.17922  -93.34594    0.01954    0.01789     3.5537     3.5911    21.3245    21.3296    36.3158    36.3092    25.4077    25.4010    1506.96    154.777    156.408         39 0.0000e+00
      77261   3219.168     78.506     79.000    21.3642    21.2933   5.097860   5.091195     2.4683     2.0838      59.27   19.16928  -93.29756    0.02852    0.02742     3.6466     3.6728    21.3488    21.2780    36.3029    36.3127    25.3902    25.4172    1506.18    158.823    159.961         38 0.0000e+00
      77347   3222.745     76.519     77.000    21.8145    21.7752   5.143523   5.139474     2.5520     2.1355     100.03   19.17558  -93.32820    0.02716    0.01564     3.7932     3.7614    21.8011    21.7602    36.2908    36.2857    25.2553    25.2606    1506.67    165.231    163.845         30 0.0000e+00
      77355   3223.084     75.526     76.000    21.8846    21.7865   5.151099   5.140156     2.5872     2.1773     100.00   19.16928  -93.29756    0.03305    0.02586     3.8557     3.8523    21.8695    21.7715    36.2925    36.2880    25.2370    25.2611    1506.18    167.955    167.804         38 0.0000e+00
      77393   3224.662     74.532     75.000    21.8769    21.7343   5.150731   5.135319     2.5988     2.1933     100.00   19.16928  -93.29756    0.02523    0.02724     3.8768     3.8922    21.8620    21.7195    36.2933    36.2939    25.2397    25.2802    1506.18    168.875    169.539         35 0.0000e+00
      77470   3227.868     72.545     73.000    22.1625    22.1566   5.184253   5.183509     2.5714     2.1639     100.02   19.17295  -93.31543   -0.00277   -0.00311     3.8006     3.7943    22.1476    22.1420    36.3250    36.3238    25.1839    25.1845    1506.47    165.565    165.291         33 0.0000e+00
      77490   3228.692     71.551     72.000    22.2013    22.1309   5.187918   5.180139     2.5422     2.1373     100.00   19.16928  -93.29756   -0.01668   -0.01604     3.7381     3.7343    22.1868    22.1165    36.3193    36.3169    25.1678    25.1859    1506.18    162.843    162.678         35 0.0000e+00
      77523   3230.089     70.558     71.000    22.2748    22.2642   5.195836   5.194811     2.5278     2.1329     100.00   19.16928  -93.29756   -0.01878   -0.01511     3.7020     3.7164    22.2606    22.2500    36.3204    36.3213    25.1478    25.1514    1506.18    161.277    161.903         33 0.0000e+00
      77557   3231.486     69.564     70.000    22.3697    22.3620   5.205885   5.204883     2.5236     2.1253     100.00   19.16928  -93.29756   -0.00987   -0.00669     3.6866     3.6923    22.3556    22.3479    36.3205    36.3190    25.1207    25.1219    1506.18    160.611    160.856         35 0.0000e+00
      77592   3232.971     68.571     69.000    22.3973    22.3707   5.208153   5.205784     2.5216     2.1215     100.00   19.16928  -93.29756   -0.00358   -0.00417     3.6804     3.6818    22.3834    22.3568    36.3156    36.3192    25.1092    25.1195    1506.18    160.341    160.399         31 0.0000e+00
      77645   3235.148     66.583     67.000    22.5083    22.5126   5.219017   5.219533     2.5295     2.1337      99.97   19.16417  -93.27270    0.00163    0.00262     3.6878     3.6998    22.4947    22.4991    36.3051    36.3055    25.0683    25.0674    1505.78    160.667    161.191         31 0.0000e+00
      77768   3240.292     65.590     66.000    22.5316    22.5899   5.221755   5.227845     2.5440     2.1505     100.00   19.16928  -93.29756    0.00319    0.00425     3.7155     3.7326    22.5183    22.5765    36.3112    36.3104    25.0673    25.0500    1506.18    161.877    162.625         36 0.0000e+00
      77874   3244.697     64.596     65.000    22.6108    22.6582   5.229529   5.234840     2.5535     2.1577     100.00   19.16928  -93.29756    0.00335    0.00216     3.7284     3.7434    22.5977    22.6450    36.3062    36.3085    25.0407    25.0289    1506.18    162.442    163.096         34 0.0000e+00
      77981   3249.156     63.602     64.000    22.6617    22.6774   5.234796   5.236661     2.5611     2.1616     100.00   19.16928  -93.29756    0.00183    0.00079     3.7402     3.7505    22.6487    22.6644    36.3056    36.3073    25.0256    25.0224    1506.18    162.959    163.409         38 0.0000e+00
      78086   3253.551     62.609     63.000    22.6688    22.6813   5.235562   5.236981     2.5639     2.1630     100.00   19.16927  -93.29756    0.00085   -0.00001     3.7450     3.7529    22.6560    22.6685    36.3061    36.3068    25.0238    25.0208    1506.18    163.169    163.512         39 0.0000e+00
      78194   3258.041     61.615     62.000    22.6726    22.6928   5.235897   5.238081     2.5649     2.1652     100.00   19.16926  -93.29755    0.00020    0.00045     3.7461     3.7565    22.6600    22.6802    36.3063    36.3061    25.0229    25.0170    1506.18    163.217    163.670         34 0.0000e+00
      79137   3297.316     59.628     60.000    22.7351    22.7442   5.241430   5.242478     2.5810     2.1816      95.18   19.16487  -93.27615    0.00055    0.00130     3.7736     3.7887    22.7229    22.7320    36.2945    36.2951    24.9950    24.9928    1505.83    164.420    165.079         73 0.0000e+00
      79611   3317.065     58.634     59.000    22.7479    22.7529   5.243412   5.244016     2.5867     2.1837     100.08   19.16926  -93.29754    0.00003   -0.00013     3.7837     3.7926    22.7359    22.7408    36.3029    36.3035    24.9985    24.9975    1506.18    164.861    165.247         70 0.0000e+00
      79668   3319.459     57.640     58.000    22.7492    22.7548   5.243476   5.244173     2.5886     2.1841     100.00   19.16925  -93.29754    0.00045    0.00018     3.7872     3.7928    22.7374    22.7430    36.3028    36.3035    24.9979    24.9969    1506.18    165.010    165.255         57 0.0000e+00
      79722   3321.708     56.647     57.000    22.7518    22.7576   5.243674   5.244427     2.5890     2.1843      96.38   19.16924  -93.29754    0.00051   -0.00016     3.7874     3.7927    22.7402    22.7460    36.3024    36.3035    24.9969    24.9960    1506.18    165.019    165.250         54 0.0000e+00
      79791   3324.575     55.653     56.000    22.7562    22.7664   5.244151   5.245454     2.5893     2.1898      97.95   19.16924  -93.29754    0.00004    0.00162     3.7871     3.8040    22.7448    22.7550    36.3024    36.3026    24.9955    24.9928    1506.18    165.009    165.746         60 0.0000e+00
      79843   3326.767     54.659     55.000    22.7831    22.7829   5.246645   5.246638     2.5932     2.1926      91.09   19.16924  -93.29754    0.00079    0.00197     3.7928     3.8085    22.7719    22.7717    36.3002    36.3003    24.9861    24.9862    1506.18    165.256    165.944         54 0.0000e+00
      79909   3329.494     53.666     54.000    22.8034    22.8079   5.248379   5.248973     2.6110     2.2063      92.81   19.16924  -93.29754    0.00561    0.00318     3.8269     3.8370    22.7924    22.7969    36.2973    36.2981    24.9779    24.9773    1506.18    166.744    167.185         65 0.0000e+00
      79962   3331.716     52.672     53.000    22.8537    22.8556   5.252885   5.253527     2.6221     2.2200      99.84   19.16924  -93.29754    0.00544    0.00587     3.8454     3.8641    22.8428    22.8448    36.2911    36.2944    24.9587    24.9606    1506.18    167.556    168.367         52 0.0000e+00
      80020   3334.145     51.678     52.000    22.8780    22.8909   5.255437   5.256851     2.6479     2.2415      80.14   19.16924  -93.29754    0.00831    0.00869     3.8950     3.9090    22.8673    22.8803    36.2911    36.2914    24.9516    24.9481    1506.18    169.718    170.328         60 0.0000e+00
      80078   3336.527     50.685     51.000    22.9313    22.9271   5.260869   5.260540     2.6629     2.2580      99.56   19.16924  -93.29754    0.00789    0.00691     3.9213     3.9422    22.9208    22.9167    36.2889    36.2899    24.9345    24.9364    1506.18    170.863    171.774         59 0.0000e+00
      80136   3338.954     49.691     50.000    22.9822    22.9830   5.265581   5.266437     2.6837     2.2730     100.00   19.16924  -93.29754    0.00846    0.00685     3.9591     3.9718    22.9719    22.9728    36.2843    36.2902    24.9162    24.9204    1506.18    172.515    173.067         53 0.0000e+00
      80197   3341.493     48.697     49.000    23.1091    23.1816   5.278890   5.285961     2.7104     2.3069     100.00   19.16924  -93.29754    0.00970    0.01012     4.0030     4.0330    23.0990    23.1715    36.2829    36.2777    24.8782    24.8532    1506.18    174.432    175.747         42 0.0000e+00
      80620   3359.115     46.710     47.000    23.3300    23.3950   5.308506   5.315696     2.7750     2.3834     100.24   19.21615  -93.52586    0.00732    0.00445     4.1219     4.1871    23.3203    23.3853    36.3659    36.3678    24.8867    24.8691    1509.87    179.625    182.469         43 0.0000e+00
      80525   3355.146     45.716     46.000    23.3263    23.4295   5.301046   5.311887     2.7955     2.4056      91.77   19.16924  -93.29753    0.00519    0.00718     4.1575     4.2322    23.3193    23.4199    36.2739    36.2751    24.8072    24.7788    1506.18    181.177    184.438         35 0.0000e+00
      82130   3422.052     44.722     45.000    23.5176    23.5397   5.321692   5.324144     2.8757     2.4516      95.87   19.16919  -93.29749    0.00085    0.00293     4.3002     4.3239    23.5077    23.5303    36.2783    36.2784    24.7551    24.7486    1506.18    187.409    188.443         50 0.0000e+00
      82565   3440.173     43.729     44.000    23.5761    23.5911   5.327712   5.329426     2.8956     2.4668      99.33   19.16918  -93.29748    0.00122    0.00225     4.3350     4.3530    23.5669    23.5819    36.2764    36.2772    24.7364    24.7326    1506.18    188.925    189.713         41 0.0000e+00
      82731   3447.084     42.735     43.000    23.6151    23.6240   5.331587   5.332812     2.9081     2.4733      99.32   19.16918  -93.29748    0.00195    0.00183     4.3601     4.3643    23.6062    23.6150    36.2765    36.2766    24.7248    24.7223    1506.18    190.022    190.208         54 0.0000e+00
      82804   3450.131     41.741     42.000    23.6324    23.6534   5.333512   5.335905     2.9141     2.4831      97.82   19.16918  -93.29748    0.00267    0.00262     4.3663     4.3829    23.6236    23.6446    36.2754    36.2766    24.7189    24.7136    1506.18    190.295    191.018         56 0.0000e+00
      82866   3452.688     40.748     41.000    23.6649    23.6741   5.337123   5.338478     2.9231     2.4930      99.81   19.16918  -93.29748    0.00248    0.00416     4.3809     4.4025    23.6564    23.6655    36.2767    36.2781    24.7102    24.7085    1506.18    190.934    191.876         62 0.0000e+00
      82924   3455.130     39.754     40.000    23.7192    23.7641   5.342402   5.347944     2.9319     2.5028      99.99   19.16918  -93.29747    0.00361    0.00341     4.3934     4.4165    23.7108    23.7557    36.2730    36.2786    24.6913    24.6823    1506.18    191.481    192.491         60 0.0000e+00
      82986   3457.711     38.760     39.000    23.8204    23.8123   5.352979   5.352919     2.9444     2.5192      90.60   19.16918  -93.29746    0.00457    0.00666     4.4119     4.4454    23.8122    23.8041    36.2714    36.2775    24.6600    24.6671    1506.18    192.291    193.754         57 0.0000e+00
      83042   3460.038     37.766     38.000    24.0058    24.0101   5.373629   5.374921     2.9785     2.5378      99.68   19.16918  -93.29746    0.01097    0.00600     4.4636     4.4730    23.9992    24.0021    36.2772    36.2828    24.6088    24.6118    1506.18    194.557    194.964         63 0.0000e+00
      83108   3462.772     36.772     37.000    24.0884    24.0577   5.383221   5.379729     2.9986     2.5583     100.00   19.16918  -93.29746    0.00951    0.00989     4.4931     4.5132    24.0805    24.0499    36.2837    36.2822    24.5895    24.5976    1506.18    195.847    196.722         57 0.0000e+00
      83160   3464.976     35.779     36.000    24.3825    24.3248   5.414639   5.408973     3.0373     2.5835     100.00   19.16918  -93.29746    0.01041    0.00705     4.5442     4.5465    24.3748    24.3171    36.2828    36.2869    24.5007    24.5211    1506.18    198.089    198.186         56 0.0000e+00
