GOMECC/GOMECC-4/1db/urb2103_0171.cnv
* Sea-Bird SBE 9 Data File:
* FileName = C:\Users\scs.user.rb\CTD\GOMECC4\data\rb2103_0171.hex
* Software Version Seasave V 7.26.7.107
* Temperature SN = 4799
* Conductivity SN = 3860
* Number of Bytes Per Scan = 41
* Number of Voltage Words = 4
* Number of Scans Averaged by the Deck Unit = 1
* NMEA Latitude = 27 46.70 N
* NMEA Longitude = 083 19.94 W
* NMEA UTC (Time) = Sep 19 2021  10:40:02
* NMEA baud rate = 4800
# nquan = 28
# nvalues = 10                          
# units = specified
# name 0 = scan: Scan Count
# name 1 = timeS: Time, Elapsed [seconds]
# name 2 = depSM: Depth [salt water, m]
# name 3 = prDM: Pressure, Digiquartz [db]
# name 4 = t090C: Temperature [ITS-90, deg C]
# name 5 = t190C: Temperature, 2 [ITS-90, deg C]
# name 6 = c0S/m: Conductivity [S/m]
# name 7 = c1S/m: Conductivity, 2 [S/m]
# name 8 = sbeox0V: Oxygen raw, SBE 43 [V]
# name 9 = sbeox1V: Oxygen raw, SBE 43, 2 [V]
# name 10 = altM: Altimeter [m]
# name 11 = latitude: Latitude [deg]
# name 12 = longitude: Longitude [deg]
# name 13 = sbox0dV/dT: Oxygen, SBE 43 [dov/dt]
# name 14 = sbox1dV/dT: Oxygen, SBE 43, 2 [dov/dt]
# name 15 = sbeox0ML/L: Oxygen, SBE 43 [ml/l], WS = 5
# name 16 = sbeox1ML/L: Oxygen, SBE 43, 2 [ml/l], WS = 5
# name 17 = potemp090C: Potential Temperature [ITS-90, deg C]
# name 18 = potemp190C: Potential Temperature, 2 [ITS-90, deg C]
# name 19 = sal00: Salinity, Practical [PSU]
# name 20 = sal11: Salinity, Practical, 2 [PSU]
# name 21 = sigma-é00: Density [sigma-theta, kg/m^3]
# name 22 = sigma-é11: Density, 2 [sigma-theta, kg/m^3]
# name 23 = avgsvCM: Average Sound Velocity [Chen-Millero, m/s], minP = 20, minS = 20
# name 24 = sbox0Mm/Kg: Oxygen, SBE 43 [umol/kg], WS = 5
# name 25 = sbox1Mm/Kg: Oxygen, SBE 43, 2 [umol/kg], WS = 5
# name 26 = nbin: number of scans per bin
# name 27 = flag: flag
# span 0 =      16481,      19080       
# span 1 =    686.659,    794.975       
# span 2 =      2.980,     11.893       
# span 3 =      3.000,     12.000       
# span 4 =    29.3513,    29.5172       
# span 5 =    29.3524,    29.6199       
# span 6 =   5.924516,   5.983365       
# span 7 =   5.924794,   5.979180       
# span 8 =     3.1198,     3.1408       
# span 9 =     2.6494,     2.6739       
# span 10 =      19.73,      28.21      
# span 11 =   27.77824,   28.01354      
# span 12 =  -84.03825,  -83.33232      
# span 13 =   -0.00054,    0.00100      
# span 14 =   -0.00133,    0.00089      
# span 15 =     4.2902,     4.2994      
# span 16 =     4.2974,     4.3266      
# span 17 =    29.3505,    29.5143      
# span 18 =    29.3517,    29.6170      
# span 19 =    36.0829,    36.2242      
# span 20 =    36.0846,    36.3647      
# span 21 =    22.7593,    22.8219      
# span 22 =    22.7601,    22.9164      
# span 23 =    1546.20,    1559.30      
# span 24 =    187.336,    187.736      
# span 25 =    187.652,    188.923      
# span 26 =         38,         74      
# span 27 = 0.0000e+00, 0.0000e+00      
# interval = decibars: 1                
# start_time = Sep 19 2021 10:40:02 [NMEA time, header]
# bad_flag = -9.990e-29
*END*
      16546    689.374     11.893     12.000    29.5172    29.6199   5.983365   5.979180     3.1408     2.6739      19.73   28.01354  -84.03825    0.00100    0.00089     4.2994     4.3266    29.5143    29.6170    36.2242    36.3647    22.8219    22.9164    1559.30    187.736    188.923         50 0.0000e+00
      16481    686.659     10.927     11.000    29.4176    29.3966   5.938480   5.933759     3.1198     2.6506      20.40   27.77824  -83.33236   -0.00028   -0.00002     4.2902     4.3003    29.4149    29.3939    36.1274    36.1106    22.7711    22.7655    1546.20    187.336    187.776         68 0.0000e+00
      16559    689.911      9.933     10.000    29.3937    29.3902   5.932857   5.931949     3.1232     2.6540      21.40   27.77824  -83.33236    0.00088    0.00087     4.2986     4.3075    29.3912    29.3877    36.1079    36.1057    22.7644    22.7639    1546.20    187.701    188.091         66 0.0000e+00
      16639    693.239      8.940      9.000    29.3815    29.3751   5.930388   5.929370     3.1230     2.6505      22.30   27.77824  -83.33236   -0.00012   -0.00133     4.2987     4.3009    29.3793    29.3729    36.0992    36.0971    22.7619    22.7625    1546.20    187.709    187.802         70 0.0000e+00
      16719    696.584      7.947      8.000    29.3712    29.3659   5.928379   5.927463     3.1210     2.6511      23.31   27.77824  -83.33236   -0.00054   -0.00005     4.2957     4.3023    29.3692    29.3639    36.0936    36.0914    22.7611    22.7612    1546.20    187.576    187.865         71 0.0000e+00
      16797    699.847      6.953      7.000    29.3677    29.3604   5.927717   5.926474     3.1222     2.6504      24.26   27.77824  -83.33236    0.00052    0.00042     4.2974     4.3010    29.3660    29.3587    36.0919    36.0890    22.7609    22.7612    1546.20    187.650    187.808         69 0.0000e+00
      16866    702.724      5.960      6.000    29.3569    29.3556   5.925772   5.925537     3.1214     2.6513      25.22   27.77824  -83.33236   -0.00041   -0.00035     4.2966     4.3026    29.3554    29.3542    36.0871    36.0864    22.7608    22.7608    1546.20    187.616    187.879         74 0.0000e+00
      16942    705.886      4.967      5.000    29.3523    29.3530   5.924755   5.925030     3.1207     2.6522      26.21   27.77824  -83.33236   -0.00008    0.00059     4.2951     4.3041    29.3511    29.3518    36.0838    36.0852    22.7599    22.7607    1546.20    187.552    187.943         68 0.0000e+00
      17544    730.945      3.973      4.000    29.3517    29.3542   5.924516   5.925100     3.1217     2.6499      27.19   27.77824  -83.33235    0.00007   -0.00017     4.2965     4.2988    29.3507    29.3532    36.0829    36.0851    22.7593    22.7601    1546.20    187.612    187.714         38 0.0000e+00
      19080    794.975      2.980      3.000    29.3513    29.3524   5.924591   5.924794     3.1220     2.6494      28.21   27.77824  -83.33232    0.00075   -0.00093     4.2966     4.2974    29.3505    29.3517    36.0841    36.0846    22.7603    22.7603    1546.20    187.618    187.652         39 0.0000e+00
