GOMECC/GOMECC-4/1db/urb2103_0741.cnv
* Sea-Bird SBE 9 Data File:
* FileName = C:\Users\scs.user.rb\CTD\GOMECC4\data\rb2103_0741.hex
* Software Version Seasave V 7.26.7.107
* Temperature SN = 4799
* Conductivity SN = 3860
* Number of Bytes Per Scan = 41
* Number of Voltage Words = 4
* Number of Scans Averaged by the Deck Unit = 1
* NMEA Latitude = 24 59.96 N
* NMEA Longitude = 093 24.95 W
* NMEA UTC (Time) = Oct 04 2021  19:58:51
* NMEA baud rate = 4800
# nquan = 28
# nvalues = 765                         
# units = specified
# name 0 = scan: Scan Count
# name 1 = timeS: Time, Elapsed [seconds]
# name 2 = depSM: Depth [salt water, m]
# name 3 = prDM: Pressure, Digiquartz [db]
# name 4 = t090C: Temperature [ITS-90, deg C]
# name 5 = t190C: Temperature, 2 [ITS-90, deg C]
# name 6 = c0S/m: Conductivity [S/m]
# name 7 = c1S/m: Conductivity, 2 [S/m]
# name 8 = sbeox0V: Oxygen raw, SBE 43 [V]
# name 9 = sbeox1V: Oxygen raw, SBE 43, 2 [V]
# name 10 = altM: Altimeter [m]
# name 11 = latitude: Latitude [deg]
# name 12 = longitude: Longitude [deg]
# name 13 = sbox0dV/dT: Oxygen, SBE 43 [dov/dt]
# name 14 = sbox1dV/dT: Oxygen, SBE 43, 2 [dov/dt]
# name 15 = sbeox0ML/L: Oxygen, SBE 43 [ml/l], WS = 5
# name 16 = sbeox1ML/L: Oxygen, SBE 43, 2 [ml/l], WS = 5
# name 17 = potemp090C: Potential Temperature [ITS-90, deg C]
# name 18 = potemp190C: Potential Temperature, 2 [ITS-90, deg C]
# name 19 = sal00: Salinity, Practical [PSU]
# name 20 = sal11: Salinity, Practical, 2 [PSU]
# name 21 = sigma-é00: Density [sigma-theta, kg/m^3]
# name 22 = sigma-é11: Density, 2 [sigma-theta, kg/m^3]
# name 23 = avgsvCM: Average Sound Velocity [Chen-Millero, m/s], minP = 20, minS = 20
# name 24 = sbox0Mm/Kg: Oxygen, SBE 43 [umol/kg], WS = 5
# name 25 = sbox1Mm/Kg: Oxygen, SBE 43, 2 [umol/kg], WS = 5
# name 26 = nbin: number of scans per bin
# name 27 = flag: flag
# span 0 =     119309,     270780       
# span 1 =   4971.159,  11282.445       
# span 2 =      0.993,   3652.177       
# span 3 =      1.000,   3708.000       
# span 4 =     4.2936,    29.4314       
# span 5 =     4.2948,    29.4351       
# span 6 =   3.350862,   5.960075       
# span 7 =   3.350871,   5.960622       
# span 8 =     1.5694,     3.3237       
# span 9 =     1.2722,     2.8446       
# span 10 =      10.32,     104.52      
# span 11 =   24.55804,   25.09790      
# span 12 =  -93.78475,  -91.76750      
# span 13 =   -0.00818,    0.04357      
# span 14 =   -0.01036,    0.03543      
# span 15 =     2.4257,     4.9069      
# span 16 =     2.4396,     4.9225      
# span 17 =     4.0775,    29.4309      
# span 18 =     4.0786,    29.4349      
# span 19 =    34.9112,    36.6241      
# span 20 =    34.9098,    36.6055      
# span 21 =    22.4246,    27.7582      
# span 22 =    22.4238,    27.7568      
# span 23 =    1479.86,    1512.39      
# span 24 =    105.470,    214.050      
# span 25 =    106.073,    214.729      
# span 26 =         30,         75      
# span 27 = 0.0000e+00, 0.0000e+00      
# interval = decibars: 1                
# start_time = Oct 04 2021 19:58:51 [NMEA time, header]
# bad_flag = -9.990e-29
*END*
[from data line 622]
     231530   9647.030    350.430    353.000    12.8044    12.8051   4.158345   4.158306     1.6749     1.3672     100.00   24.99934  -93.41626    0.00016    0.00032     2.4773     2.4925    12.7558    12.7565    35.6235    35.6224    26.9252    26.9243    1506.45    107.735    108.395         30 0.0000e+00
     231631   9651.252    349.439    352.000    12.8304    12.8288   4.161235   4.160965     1.6763     1.3683     100.00   24.99934  -93.41626    0.00028    0.00012     2.4789     2.4940    12.7818    12.7803    35.6271    35.6260    26.9228    26.9223    1506.45    107.807    108.461         39 0.0000e+00
     231749   9656.156    348.447    351.000    12.8649    12.8638   4.164934   4.164779     1.6767     1.3687     100.00   24.99934  -93.41626    0.00011    0.00004     2.4778     2.4927    12.8164    12.8153    35.6305    35.6301    26.9185    26.9185    1506.45    107.756    108.406         44 0.0000e+00
     233384   9724.287    347.455    350.000    12.9219    12.9149   4.170769   4.170703     1.6804     1.3722     100.00   24.99933  -93.41626    0.00012   -0.00007     2.4849     2.4993    12.8734    12.8664    35.6407    35.6391    26.9150    26.9152    1506.45    108.067    108.692         33 0.0000e+00
     234329   9763.654    346.463    349.000    12.9318    12.9323   4.172655   4.172750     1.6819     1.3729     100.00   24.99932  -93.41626    0.00014   -0.00011     2.4865     2.5000    12.8834    12.8839    35.6429    35.6422    26.9147    26.9141    1506.45    108.137    108.725         34 0.0000e+00
     234516   9771.457    345.471    348.000    12.9364    12.9388   4.173228   4.173404     1.6819     1.3734     100.00   24.99932  -93.41626    0.00004   -0.00013     2.4859     2.5008    12.8882    12.8906    35.6438    35.6431    26.9145    26.9134    1506.45    108.110    108.757         41 0.0000e+00
     234558   9773.204    344.479    347.000    12.9506    12.9470   4.174722   4.174365     1.6825     1.3737     100.00   24.99932  -93.41626   -0.00009    0.00034     2.4863     2.5008    12.9024    12.8989    35.6452    35.6452    26.9127    26.9134    1506.45    108.129    108.760         37 0.0000e+00
     234594   9774.714    343.487    346.000    12.9667    12.9631   4.176636   4.176100     1.6836     1.3744      99.89   24.99932  -93.41626    0.00043    0.00032     2.4879     2.5016    12.9187    12.9150    35.6488    35.6471    26.9121    26.9116    1506.45    108.199    108.794         40 0.0000e+00
     234642   9776.705    342.495    345.000    12.9761    12.9739   4.177656   4.177289     1.6836     1.3753     100.00   24.99932  -93.41626    0.00036    0.00046     2.4869     2.5031    12.9281    12.9260    35.6502    35.6486    26.9113    26.9106    1506.45    108.153    108.860         49 0.0000e+00
     234681   9778.322    341.504    344.000    12.9864    12.9834   4.178993   4.178784     1.6837     1.3756     100.00   24.99932  -93.41626   -0.00003    0.00037     2.4862     2.5034    12.9386    12.9356    35.6513    35.6504    26.9101    26.9100    1506.45    108.124    108.870         31 0.0000e+00
     234770   9782.046    338.528    341.000    13.0204    13.0205   4.182623   4.182475     1.6844     1.3767     100.00   25.00002  -93.41889    0.00027    0.00023     2.4852     2.5032    12.9729    12.9730    35.6578    35.6563    26.9083    26.9071    1506.49    108.082    108.866         30 0.0000e+00
     234795   9783.071    337.536    340.000    13.0382    13.0358   4.184324   4.184069     1.6850     1.3780     100.00   24.99932  -93.41626    0.00022    0.00054     2.4855     2.5056    12.9908    12.9884    35.6575    35.6573    26.9044    26.9047    1506.45    108.096    108.967         32 0.0000e+00
     234826   9784.394    336.544    339.000    13.0638    13.0646   4.187311   4.187123     1.6859     1.3780     100.00   24.99932  -93.41626    0.00034    0.00066     2.4857     2.5037    13.0164    13.0173    35.6624    35.6598    26.9030    26.9008    1506.45    108.104    108.884         30 0.0000e+00
     234958   9789.885    331.584    334.000    13.1490    13.1555   4.197148   4.197702     1.6912     1.3822     100.00   24.99977  -93.41795    0.00100    0.00080     2.4927     2.5087    13.1022    13.1087    35.6783    35.6776    26.8980    26.8960    1506.48    108.409    109.103         31 0.0000e+00
     235148   9797.772    323.648    326.000    13.3627    13.3605   4.221127   4.220922     1.6976     1.3868     100.00   24.99810  -93.41172    0.00097    0.00033     2.4940     2.5073    13.3165    13.3143    35.7085    35.7086    26.8774    26.8779    1506.38    108.467    109.045         31 0.0000e+00
     235309   9804.516    317.696    320.000    13.5773    13.5790   4.245788   4.245669     1.7054     1.3951     100.00   24.99941  -93.41663    0.00155    0.00168     2.4993     2.5161    13.5315    13.5332    35.7438    35.7417    26.8605    26.8584    1506.46    108.700    109.430         32 0.0000e+00
     236079   9836.589    287.933    290.000    14.3981    14.4128   4.340279   4.341833     1.7212     1.4088     100.01   25.00129  -93.42365    0.00113    0.00136     2.4816     2.4972    14.3550    14.3696    35.8764    35.8772    26.7890    26.7865    1506.57    107.938    108.616         32 0.0000e+00
     236766   9865.214    259.158    261.000    15.3079    15.3261   4.445532   4.447627     1.7596     1.4428      99.99   24.99759  -93.40983    0.00189    0.00207     2.5148     2.5290    15.2675    15.2856    36.0136    36.0143    26.6940    26.6905    1506.35    109.389    110.009         30 0.0000e+00
     236969   9873.668    256.181    258.000    15.4809    15.4710   4.466793   4.465593     1.7636     1.4464      92.87   25.00959  -93.45464    0.00089    0.00089     2.5132     2.5293    15.4406    15.4307    36.0538    36.0520    26.6872    26.6881    1507.07    109.323    110.022         34 0.0000e+00
     237061   9877.496    254.196    256.000    15.4396    15.4714   4.460805   4.464676     1.7656     1.4479     100.00   24.99868  -93.41388    0.00119    0.00059     2.5202     2.5327    15.3997    15.4314    36.0339    36.0398    26.6801    26.6775    1506.41    109.626    110.171         53 0.0000e+00
     237190   9882.884    253.204    255.000    15.5294    15.5581   4.471358   4.474378     1.7699     1.4531     100.00   24.99932  -93.41628    0.00087    0.00107     2.5251     2.5415    15.4895    15.5181    36.0478    36.0496    26.6706    26.6655    1506.45    109.841    110.554         37 0.0000e+00
     237292   9887.115    252.211    254.000    15.5892    15.5937   4.478165   4.478886     1.7731     1.4557      85.16   24.99932  -93.41628    0.00057    0.00058     2.5291     2.5459    15.5493    15.5539    36.0547    36.0572    26.6624    26.6633    1506.45    110.016    110.746         53 0.0000e+00
     237582   9899.218    250.227    252.000    15.6516    15.6818   4.485843   4.489706     1.7770     1.4596      70.19   25.00478  -93.43670    0.00027    0.00043     2.5341     2.5508    15.6119    15.6421    36.0703    36.0775    26.6607    26.6594    1506.78    110.233    110.959         51 0.0000e+00
     239735   9988.924    248.242    250.000    15.8499    15.8524   4.509731   4.510095     1.8075     1.4868     100.02   25.00509  -93.43785    0.00019    0.00018     2.5948     2.6116    15.8102    15.8127    36.1050    36.1061    26.6422    26.6425    1506.80    112.878    113.609         59 0.0000e+00
     240090  10003.698    247.250    249.000    15.8681    15.8676   4.511297   4.511144     1.8121     1.4904      99.98   24.99932  -93.41628    0.00068    0.00018     2.6046     2.6200    15.8285    15.8280    36.1006    36.0997    26.6341    26.6335    1506.45    113.305    113.974         32 0.0000e+00
     240118  10004.895    246.257    248.000    15.8963    15.8922   4.514424   4.514016     1.8136     1.4924      95.82   24.99932  -93.41628    0.00048    0.00031     2.6062     2.6235    15.8568    15.8527    36.1034    36.1035    26.6297    26.6307    1506.45    113.375    114.127         35 0.0000e+00
     240157  10006.485    245.265    247.000    15.9559    15.9250   4.521508   4.517783     1.8171     1.4940      87.57   24.99932  -93.41628    0.00092    0.00081     2.6109     2.6256    15.9165    15.8856    36.1129    36.1078    26.6234    26.6265    1506.45    113.578    114.218         44 0.0000e+00
     240227  10009.425    244.272    246.000    15.9721    15.9494   4.523528   4.520836     1.8298     1.5038     100.51   24.99932  -93.41628    0.00434    0.00299     2.6398     2.6493    15.9328    15.9102    36.1167    36.1132    26.6225    26.6250    1506.45    114.837    115.248         40 0.0000e+00
     240571  10023.762    232.364    234.000    16.6019    16.6103   4.599668   4.600209     1.9546     1.6208      81.84   25.00226  -93.42727    0.00508    0.00460     2.8912     2.9082    16.5635    16.5719    36.2283    36.2252    26.5616    26.5573    1506.63    125.779    126.521         33 0.0000e+00
     240578  10024.035    231.371    233.000    16.6461    16.6183   4.604532   4.600946     1.9500     1.6126      98.68   24.99932  -93.41628    0.00228    0.00169     2.8775     2.8863    16.6078    16.5804    36.2304    36.2253    26.5525    26.5555    1506.45    125.187    125.567         34 0.0000e+00
     240719  10029.909    226.409    228.000    16.9039    16.9296   4.634965   4.638277     1.9489     1.6112     100.01   25.00117  -93.42319    0.00159    0.00131     2.8569     2.8624    16.8660    16.8917    36.2683    36.2742    26.5205    26.5188    1506.56    124.295    124.534         35 0.0000e+00
     241100  10045.805    211.521    213.000    17.5152    17.5116   4.707437   4.706973     1.9770     1.6431      78.01   25.00003  -93.41895    0.01446    0.01508     2.8783     2.9031    17.4789    17.4754    36.3565    36.3557    26.4400    26.4403    1506.49    125.232    126.313         32 0.0000e+00
     241462  10060.866    198.618    200.000    18.1031    18.1000   4.778524   4.777971     2.0882     1.7400     100.01   25.00241  -93.42783    0.00550    0.00490     3.0885     3.1036    18.0683    18.0652    36.4500    36.4481    26.3665    26.3658    1506.64    134.390    135.045         31 0.0000e+00
     241463  10060.932    197.625    199.000    18.1366    18.1416   4.782283   4.782613     2.0868     1.7381     100.00   24.99932  -93.41630    0.00224    0.00191     3.0827     3.0960    18.1020    18.1070    36.4513    36.4497    26.3588    26.3563    1506.45    134.138    134.715         31 0.0000e+00
     241585  10065.998    192.662    194.000    18.2955    18.3014   4.800356   4.800705     2.0717     1.7226     100.00   24.99875  -93.41416   -0.00320   -0.00329     3.0368     3.0461    18.2615    18.2673    36.4661    36.4639    26.3300    26.3269    1506.42    132.144    132.547         34 0.0000e+00
     241953  10081.339    178.765    180.000    18.8638    18.8610   4.864405   4.864063     2.0329     1.6855     100.00   24.99871  -93.41403   -0.00109   -0.00056     2.9097     2.9173    18.8316    18.8288    36.5115    36.5111    26.2202    26.2206    1506.41    126.628    126.958         33 0.0000e+00
     242100  10087.456    173.801    175.000    19.0080    19.0000   4.879328   4.877149     1.9959     1.6494      97.05   25.00086  -93.42209   -0.00774   -0.00785     2.8195     2.8214    18.9765    18.9697    36.5130    36.5077    26.1844    26.1842    1506.54    122.705    122.789         31 0.0000e+00
     242117  10088.168    172.808    174.000    19.0815    19.0791   4.887335   4.887020     1.9886     1.6445     100.10   24.99932  -93.41632   -0.00818   -0.00677     2.7971     2.8037    19.0501    19.0477    36.5153    36.5145    26.1670    26.1669    1506.45    121.733    122.021         31 0.0000e+00
     242233  10092.984    167.844    169.000    19.3247    19.3349   4.914428   4.915391     1.9969     1.6516      99.99   24.99784  -93.41076    0.00285    0.00238     2.7997     2.8054    19.2939    19.3041    36.5297    36.5288    26.1147    26.1113    1506.36    121.851    122.100         31 0.0000e+00
     242389  10099.485    161.888    163.000    19.5553    19.5561   4.937977   4.937777     1.9865     1.6410      99.99   24.99768  -93.41019   -0.00161   -0.00095     2.7621     2.7663    19.5254    19.5262    36.5262    36.5238    26.0515    26.0495    1506.35    120.222    120.406         30 0.0000e+00
     242903  10120.917    142.031    143.000    20.5452    20.5984   5.038721   5.043447     2.1596     1.8127      99.99   24.99690  -93.40728    0.01108    0.01085     3.0719     3.1093    20.5180    20.5712    36.5035    36.4961    25.7699    25.7499    1506.30    133.745    135.376         30 0.0000e+00
     243060  10127.470    137.067    138.000    20.7965    20.8720   5.061458   5.066700     2.2492     1.8939     100.00   24.99981  -93.41816    0.01818    0.01597     3.2458     3.2820    20.7701    20.8455    36.4756    36.4534    25.6807    25.6432    1506.48    141.326    142.908         34 0.0000e+00
     243226  10134.372    131.109    132.000    21.0677    21.0873   5.075061   5.076161     2.3577     1.9921     100.00   25.00081  -93.42187    0.02212    0.01812     3.4578     3.4968    21.0422    21.0618    36.3566    36.3487    25.5157    25.5044    1506.54    150.584    152.283         30 0.0000e+00
     243211  10133.754    129.123    130.000    21.0478    21.0554   5.072232   5.071979     2.3834     2.0110      99.97   24.99108  -93.38548    0.01019    0.00835     3.5124     3.5417    21.0227    21.0303    36.3464    36.3422    25.5119    25.5066    1505.95    152.959    154.237         39 0.0000e+00
     243024  10125.943    127.137    128.000    21.0805    21.0512   5.067206   5.065183     2.4186     2.0094      99.81   24.95151  -93.23765    0.00831    0.00168     3.5868     3.5379    21.0557    21.0264    36.2552    36.2659    25.4277    25.4439    1503.57    156.205    154.075         30 0.0000e+00
     243630  10151.217    126.144    127.000    21.2134    21.1526   5.083759   5.078921     2.4781     2.0573     100.00   24.99932  -93.41630    0.01097    0.00575     3.7008     3.6428    21.1888    21.1280    36.3029    36.3164    25.4343    25.4613    1506.45    161.178    158.648         61 0.0000e+00
     243738  10155.721    125.152    126.000    21.2779    21.1956   5.088807   5.082274     2.4896     2.0920     100.00   24.99932  -93.41630    0.00320    0.00871     3.7198     3.7197    21.2461    21.1711    36.2960    36.3072    25.4132    25.4425    1506.45    162.008    162.000         38 0.0000e+00
     245678  10236.537    123.165    124.000    21.4626    21.4615   5.107673   5.107462     2.5766     2.1807     100.02   25.00440  -93.43530    0.00260    0.00218     3.8879     3.9058    21.4383    21.4373    36.2882    36.2874    25.3549    25.3546    1506.76    169.341    170.120         49 0.0000e+00
     245689  10236.986    122.173    123.000    21.4701    21.4727   5.107333   5.107691     2.5864     2.1926     100.00   24.99932  -93.41632    0.00325    0.00483     3.9076     3.9318    21.4461    21.4486    36.2767    36.2774    25.3432    25.3431    1506.45    170.199    171.255         36 0.0000e+00
     245773  10240.511    121.180    122.000    21.4677    21.4724   5.107725   5.108393     2.5947     2.1971     100.00   24.99932  -93.41632    0.00214    0.00164     3.9240     3.9414    21.4438    21.4486    36.2792    36.2788    25.3458    25.3441    1506.45    170.915    171.673         58 0.0000e+00
     245840  10243.282    120.186    121.000    21.5243    21.5236   5.112537   5.112594     2.6082     2.2089      94.63   24.99932  -93.41632    0.00349    0.00283     3.9510     3.9656    21.5006    21.4999    36.2747    36.2747    25.3265    25.3268    1506.45    172.093    172.728         75 0.0000e+00
