GOMECC/GOMECC-4/1db/urb2103_1201.cnv
* Sea-Bird SBE 9 Data File:
* FileName = C:\Users\scs.user.rb\CTD\GOMECC4\data\rb2103_1201.hex
* Software Version Seasave V 7.26.7.107
* Temperature SN = 4799
* Conductivity SN = 3860
* Number of Bytes Per Scan = 41
* Number of Voltage Words = 4
* Number of Scans Averaged by the Deck Unit = 1
* NMEA Latitude = 21 40.66 N
* NMEA Longitude = 085 53.83 W
* NMEA UTC (Time) = Oct 16 2021  08:41:52
* NMEA baud rate = 4800
# nquan = 28
# nvalues = 213                         
# units = specified
# name 0 = scan: Scan Count
# name 1 = timeS: Time, Elapsed [seconds]
# name 2 = depSM: Depth [salt water, m]
# name 3 = prDM: Pressure, Digiquartz [db]
# name 4 = t090C: Temperature [ITS-90, deg C]
# name 5 = t190C: Temperature, 2 [ITS-90, deg C]
# name 6 = c0S/m: Conductivity [S/m]
# name 7 = c1S/m: Conductivity, 2 [S/m]
# name 8 = sbeox0V: Oxygen raw, SBE 43 [V]
# name 9 = sbeox1V: Oxygen raw, SBE 43, 2 [V]
# name 10 = altM: Altimeter [m]
# name 11 = latitude: Latitude [deg]
# name 12 = longitude: Longitude [deg]
# name 13 = sbox0dV/dT: Oxygen, SBE 43 [dov/dt]
# name 14 = sbox1dV/dT: Oxygen, SBE 43, 2 [dov/dt]
# name 15 = sbeox0ML/L: Oxygen, SBE 43 [ml/l], WS = 5
# name 16 = sbeox1ML/L: Oxygen, SBE 43, 2 [ml/l], WS = 5
# name 17 = potemp090C: Potential Temperature [ITS-90, deg C]
# name 18 = potemp190C: Potential Temperature, 2 [ITS-90, deg C]
# name 19 = sal00: Salinity, Practical [PSU]
# name 20 = sal11: Salinity, Practical, 2 [PSU]
# name 21 = sigma-é00: Density [sigma-theta, kg/m^3]
# name 22 = sigma-é11: Density, 2 [sigma-theta, kg/m^3]
# name 23 = avgsvCM: Average Sound Velocity [Chen-Millero, m/s], minP = 20, minS = 20
# name 24 = sbox0Mm/Kg: Oxygen, SBE 43 [umol/kg], WS = 5
# name 25 = sbox1Mm/Kg: Oxygen, SBE 43, 2 [umol/kg], WS = 5
# name 26 = nbin: number of scans per bin
# name 27 = flag: flag
# span 0 =      64104,     160109       
# span 1 =   2670.977,   6671.181       
# span 2 =      0.994,   1930.864       
# span 3 =      1.000,   1952.000       
# span 4 =     4.1808,    31.1499       
# span 5 =     4.1816,    31.0295       
# span 6 =   3.348682,   6.244950       
# span 7 =   3.348670,   6.245153       
# span 8 =     1.6292,     3.2810       
# span 9 =     1.3261,     2.7695       
# span 10 =      10.66,     104.84      
# span 11 =   20.90421,   22.47439      
# span 12 =  -89.00740,  -82.79030      
# span 13 =   -0.00420,    0.00847      
# span 14 =   -0.00109,    0.00776      
# span 15 =     2.6735,     5.2643      
# span 16 =     2.6836,     5.2770      
# span 17 =     4.0153,    31.1496      
# span 18 =     4.0161,    31.0292      
# span 19 =    34.9012,    37.5615      
# span 20 =    34.9005,    37.4168      
# span 21 =    21.8173,    27.7735      
# span 22 =    21.8168,    27.7727      
# span 23 =    1447.43,    1556.12      
# span 24 =    116.240,    228.750      
# span 25 =    116.682,    229.302      
# span 26 =         30,         72      
# span 27 = 0.0000e+00, 0.0000e+00      
# interval = decibars: 1                
# start_time = Oct 16 2021 08:41:52 [NMEA time, header]
# bad_flag = -9.990e-29
*END*
[from data line 104]
     116983   4874.231    519.096    523.000    11.2740    11.2711   3.991160   3.990787     1.7134     1.4021      87.99   21.68648  -85.90002    0.00009   -0.00001     2.7337     2.7449    11.2072    11.2044    35.3730    35.3729    27.0281    27.0286    1501.79    118.872    119.363         42 0.0000e+00
     117030   4876.203    518.105    522.000    11.2832    11.2816   3.991958   3.991954     1.7136     1.4030      99.50   21.68648  -85.90002   -0.00006    0.00027     2.7335     2.7467    11.2166    11.2149    35.3741    35.3739    27.0273    27.0274    1501.79    118.867    119.438         57 0.0000e+00
     117086   4878.529    517.113    521.000    11.2888    11.2897   3.992792   3.992792     1.7144     1.4031     100.00   21.68648  -85.90002    0.00043    0.00021     2.7348     2.7462    11.2223    11.2232    35.3750    35.3747    27.0270    27.0265    1501.79    118.924    119.417         39 0.0000e+00
     117118   4879.881    516.122    520.000    11.3122    11.3215   3.995269   3.996290     1.7149     1.4038      99.44   21.68648  -85.90002    0.00030    0.00010     2.7341     2.7457    11.2457    11.2549    35.3783    35.3796    27.0252    27.0245    1501.79    118.893    119.398         32 0.0000e+00
     117151   4881.263    515.131    519.000    11.3472    11.3538   3.999215   3.999890     1.7159     1.4043     100.01   21.68648  -85.90002    0.00043    0.00035     2.7343     2.7449    11.2807    11.2873    35.3843    35.3847    27.0234    27.0225    1501.79    118.901    119.360         33 0.0000e+00
     117184   4882.616    514.139    518.000    11.3746    11.3857   4.002209   4.003536     1.7166     1.4052     100.00   21.68648  -85.90002    0.00062    0.00051     2.7339     2.7452    11.3081    11.3192    35.3882    35.3907    27.0213    27.0213    1501.79    118.885    119.374         32 0.0000e+00
     117215   4883.924    513.148    517.000    11.4116    11.4136   4.006594   4.006807     1.7186     1.4065     100.00   21.68650  -85.90002    0.00072    0.00066     2.7364     2.7468    11.3455    11.3471    35.3963    35.3968    27.0207    27.0208    1501.79    118.993    119.444         32 0.0000e+00
     117249   4885.324    512.157    516.000    11.4378    11.4395   4.009523   4.009662     1.7204     1.4081      49.19   21.68650  -85.90002    0.00120    0.00094     2.7392     2.7494    11.3713    11.3730    35.4011    35.4008    27.0196    27.0191    1501.79    119.112    119.556         33 0.0000e+00
     119505   4979.314    425.894    429.000    13.7259    13.7371   4.268019   4.269107     1.8689     1.5431      64.82   21.69172  -85.92023    0.00245    0.00212     2.9439     2.9553    13.6638    13.6750    35.7707    35.7705    26.8542    26.8517    1502.14    128.039    128.531         35 0.0000e+00
     119562   4981.715    424.902    428.000    13.7065    13.7021   4.264873   4.264347     1.8708     1.5451     104.84   21.68662  -85.90002    0.00054    0.00068     2.9501     2.9629    13.6446    13.6402    35.7577    35.7575    26.8476    26.8484    1501.79    128.307    128.865         35 0.0000e+00
     121127   5046.926    419.944    423.000    13.9508    13.9456   4.293756   4.293212     1.8897     1.5617     100.02   21.69077  -85.91603    0.00001    0.00016     2.9792     2.9907    13.8889    13.8837    35.8046    35.8009    26.8331    26.8312    1502.07    129.575    130.073         53 0.0000e+00
     121168   5048.619    418.952    422.000    13.9783    13.9712   4.296460   4.295465     1.8901     1.5624     100.00   21.68674  -85.90006    0.00024    0.00037     2.9781     2.9909    13.9165    13.9094    35.8031    35.8004    26.8257    26.8251    1501.79    129.529    130.085         67 0.0000e+00
     121231   5051.259    417.960    421.000    14.0072    13.9951   4.299434   4.298334     1.8927     1.5637     100.00   21.68674  -85.90006    0.00081    0.00054     2.9828     2.9924    13.9454    13.9334    35.8074    35.8060    26.8229    26.8244    1501.79    129.730    130.149         53 0.0000e+00
     121273   5053.019    416.968    420.000    14.0142    14.0119   4.300766   4.300564     1.8950     1.5653     100.00   21.68674  -85.90006    0.00117    0.00058     2.9871     2.9952    13.9525    13.9503    35.8107    35.8109    26.8240    26.8246    1501.79    129.920    130.272         38 0.0000e+00
     121318   5054.870    415.976    419.000    14.0403    14.0400   4.303655   4.303592     1.8972     1.5680     100.00   21.68675  -85.90006    0.00120    0.00106     2.9905     3.0005    13.9787    13.9784    35.8138    35.8135    26.8208    26.8207    1501.79    130.068    130.500         50 0.0000e+00
     121362   5056.689    414.985    418.000    14.0707    14.0661   4.307175   4.306597     1.8995     1.5711     100.00   21.68675  -85.90007    0.00120    0.00167     2.9940     3.0071    14.0092    14.0046    35.8188    35.8177    26.8182    26.8183    1501.79    130.219    130.789         36 0.0000e+00
     121394   5058.050    413.993    417.000    14.0976    14.1063   4.310882   4.311693     1.9015     1.5729     100.00   21.68674  -85.90008    0.00137    0.00163     2.9962     3.0084    14.0361    14.0448    35.8240    35.8265    26.8166    26.8166    1501.79    130.317    130.849         32 0.0000e+00
     121429   5059.493    413.001    416.000    14.1323    14.1369   4.314364   4.314898     1.9043     1.5749     100.00   21.68676  -85.90008    0.00166    0.00134     3.0012     3.0120    14.0709    14.0755    35.8298    35.8302    26.8136    26.8129    1501.79    130.534    131.005         37 0.0000e+00
     121467   5061.101    412.009    415.000    14.1449    14.1463   4.315881   4.315813     1.9060     1.5767     100.00   21.68676  -85.90008    0.00158    0.00136     3.0042     3.0159    14.0836    14.0850    35.8322    35.8304    26.8128    26.8111    1501.79    130.666    131.175         37 0.0000e+00
     121559   5064.915    409.034    412.000    14.1687    14.1679   4.318457   4.318375     1.9085     1.5787     100.00   21.68729  -85.90217    0.00073    0.00049     3.0077     3.0188    14.1078    14.1070    35.8356    35.8355    26.8103    26.8104    1501.83    130.817    131.299         31 0.0000e+00
     121588   5066.111    408.042    411.000    14.1703    14.1707   4.318563   4.318520     1.9086     1.5788     100.00   21.68676  -85.90008    0.00058    0.00044     3.0076     3.0187    14.1096    14.1100    35.8353    35.8345    26.8097    26.8090    1501.79    130.810    131.293         30 0.0000e+00
     123678   5153.215    326.697    329.000    16.7224    16.7322   4.620048   4.621200     2.1224     1.7719     100.00   21.68789  -85.90405    0.00124    0.00113     3.3143     3.3259    16.6681    16.6778    36.2616    36.2626    26.5623    26.5608    1501.86    144.188    144.690         37 0.0000e+00
     123773   5157.150    325.704    328.000    16.6948    16.7070   4.616528   4.617722     2.1233     1.7722     100.00   21.68690  -85.90008    0.00003    0.00007     3.3180     3.3280    16.6407    16.6528    36.2547    36.2559    26.5634    26.5615    1501.79    144.348    144.783         43 0.0000e+00
     124001   5166.672    322.728    325.000    16.7116    16.7384   4.617044   4.620103     2.1244     1.7762      99.94   21.67460  -85.85131    0.00034    0.00133     3.3185     3.3349    16.6579    16.6846    36.2381    36.2419    26.5451    26.5417    1500.94    144.371    145.082         48 0.0000e+00
     125456   5227.277    320.743    323.000    16.9252    16.9206   4.644717   4.644734     2.1567     1.8016     100.03   21.69245  -85.92178   -0.00041   -0.00038     3.3775     3.3866    16.8714    16.8668    36.3029    36.3012    26.5463    26.5459    1502.17    146.939    147.335         45 0.0000e+00
     125472   5227.944    319.751    322.000    16.9316    16.9223   4.645215   4.644369     2.1575     1.8019      82.47   21.68699  -85.90009    0.00037    0.00017     3.3787     3.3867    16.8779    16.8686    36.2956    36.2966    26.5384    26.5414    1501.79    146.993    147.341         50 0.0000e+00
     125518   5229.888    318.759    321.000    16.9448    16.9530   4.646853   4.647904     2.1585     1.8020     100.31   21.68699  -85.90010    0.00058    0.00020     3.3795     3.3845    16.8913    16.9002    36.2984    36.2998    26.5374    26.5363    1501.79    147.025    147.245         42 0.0000e+00
     125559   5231.583    317.766    320.000    16.9624    16.9713   4.649068   4.650192     2.1600     1.8043      83.00   21.68700  -85.90010    0.00066    0.00055     3.3814     3.3886    16.9090    16.9179    36.3024    36.3042    26.5362    26.5355    1501.79    147.110    147.425         43 0.0000e+00
     125605   5233.483    316.774    319.000    16.9846    16.9947   4.651714   4.652786     2.1622     1.8078      86.80   21.68700  -85.90010    0.00096    0.00156     3.3844     3.3955    16.9314    16.9414    36.3059    36.3063    26.5336    26.5314    1501.79    147.239    147.724         44 0.0000e+00
     125644   5235.111    315.782    318.000    17.0221    17.0268   4.656224   4.656706     2.1643     1.8093     100.06   21.68700  -85.90010    0.00122    0.00147     3.3861     3.3967    16.9689    16.9736    36.3120    36.3120    26.5292    26.5281    1501.79    147.317    147.777         36 0.0000e+00
     125682   5236.693    314.790    317.000    17.0690    17.0734   4.661759   4.662323     2.1664     1.8122     100.00   21.68700  -85.90010    0.00135    0.00135     3.3872     3.4005    17.0159    17.0203    36.3186    36.3197    26.5230    26.5228    1501.79    147.364    147.944         41 0.0000e+00
     125720   5238.279    313.797    316.000    17.1177    17.1404   4.667963   4.670111     2.1702     1.8154      65.17   21.68700  -85.90010    0.00165    0.00176     3.3920     3.4036    17.0646    17.0873    36.3295    36.3278    26.5196    26.5129    1501.79    147.574    148.078         34 0.0000e+00
     125752   5239.639    312.805    315.000    17.2060    17.2165   4.678377   4.679561     2.1756     1.8201     100.35   21.68700  -85.90010    0.00251    0.00230     3.3975     3.4097    17.1529    17.1634    36.3413    36.3422    26.5075    26.5057    1501.79    147.815    148.347         31 0.0000e+00
     125785   5241.021    311.813    314.000    17.2586    17.2674   4.684986   4.685919     2.1810     1.8252     100.00   21.68700  -85.90010    0.00361    0.00318     3.4059     3.4186    17.2056    17.2144    36.3521    36.3523    26.5030    26.5010    1501.79    148.180    148.734         37 0.0000e+00
     125822   5242.521    310.821    313.000    17.2828    17.2898   4.687582   4.688544     2.1859     1.8296     100.00   21.68700  -85.90010    0.00386    0.00349     3.4152     3.4279    17.2299    17.2369    36.3533    36.3554    26.4981    26.4980    1501.79    148.584    149.136         33 0.0000e+00
     125853   5243.848    309.829    312.000    17.3002    17.3055   4.689722   4.690421     2.1889     1.8326     100.00   21.68700  -85.90010    0.00313    0.00295     3.4203     3.4339    17.2475    17.2527    36.3567    36.3580    26.4964    26.4961    1501.79    148.808    149.398         31 0.0000e+00
     125884   5245.127    308.836    311.000    17.3166    17.3184   4.691661   4.691858     2.1911     1.8338     100.00   21.68700  -85.90010    0.00237    0.00217     3.4238     3.4358    17.2640    17.2658    36.3592    36.3593    26.4943    26.4940    1501.79    148.959    149.481         31 0.0000e+00
     125916   5246.469    307.844    310.000    17.3283    17.3274   4.692981   4.692947     2.1927     1.8335     100.00   21.68700  -85.90010    0.00175    0.00111     3.4263     3.4338    17.2759    17.2749    36.3606    36.3611    26.4925    26.4931    1501.79    149.068    149.397         34 0.0000e+00
     128093   5337.181    226.459    228.000    19.8424    19.8834   4.994667   4.999794     2.3230     1.9457     100.03   21.69369  -85.92602   -0.00033   -0.00061     3.5004     3.4981    19.8000    19.8410    36.7259    36.7324    26.1330    26.1271    1502.24    152.347    152.248         51 0.0000e+00
     129528   5396.956    222.488    224.000    20.1650    20.1743   5.032772   5.033744     2.3320     1.9550     100.00   21.68671  -85.89808   -0.00014   -0.00095     3.4951     3.4993    20.1228    20.1322    36.7557    36.7555    26.0688    26.0661    1501.75    152.124    152.310         59 0.0000e+00
     129585   5399.343    221.495    223.000    20.2004    20.2310   5.036722   5.040409     2.3328     1.9570      65.90   21.68723  -85.90012    0.00007    0.00027     3.4939     3.5000    20.1560    20.1890    36.7600    36.7615    26.0633    26.0557    1501.79    152.075    152.339         46 0.0000e+00
     129624   5400.975    220.503    222.000    20.2400    20.2868   5.041550   5.047205     2.3341     1.9576     100.75   21.68724  -85.90012    0.00051    0.00075     3.4935     3.4970    20.1982    20.2449    36.7634    36.7691    26.0546    26.0464    1501.79    152.059    152.213         34 0.0000e+00
     129657   5402.339    219.510    221.000    20.3461    20.3885   5.054619   5.059566     2.3380     1.9609     100.00   21.68724  -85.90012    0.00118    0.00082     3.4938     3.4976    20.3043    20.3467    36.7786    36.7822    26.0377    26.0290    1501.79    152.073    152.241         32 0.0000e+00
     129716   5404.803    217.525    219.000    20.4403    20.4686   5.066391   5.069870     2.3492     1.9718     100.00   21.68720  -85.89996    0.00394    0.00403     3.5103     3.5171    20.3988    20.4271    36.7936    36.7975    26.0237    26.0190    1501.79    152.795    153.092         30 0.0000e+00
     130268   5427.787    196.676    198.000    21.4852    21.5364   5.191058   5.196523     2.3769     1.9917     100.00   21.68733  -85.90034    0.00080    0.00073     3.4868     3.4840    21.4463    21.4975    36.9070    36.9068    25.8231    25.8087    1501.79    151.800    151.681         30 0.0000e+00
     130298   5429.058    195.683    197.000    21.5387    21.5911   5.196856   5.203103     2.3776     1.9919     100.00   21.68726  -85.90008    0.00043    0.00087     3.4842     3.4813    21.5000    21.5522    36.9098    36.9127    25.8103    25.7979    1501.79    151.688    151.565         30 0.0000e+00
     130477   5436.487    188.733    190.000    22.0205    22.0817   5.254351   5.260914     2.3987     2.0139     100.00   21.68632  -85.89626    0.00278    0.00331     3.4925     3.4965    21.9826    22.0437    36.9550    36.9548    25.7089    25.6915    1501.72    152.066    152.244         30 0.0000e+00
     132118   5504.887    129.152    130.000    25.5606    25.6867   5.613853   5.625128     2.6619     2.2471     100.02   21.69215  -85.91889    0.00689    0.00776     3.7579     3.7617    25.5317    25.6578    36.7880    36.7714    24.5303    24.4785    1502.12    163.811    163.984         33 0.0000e+00
     132140   5505.807    128.159    129.000    25.5389    25.6817   5.611631   5.624233     2.6690     2.2530      84.24   21.68740  -85.90008    0.00620    0.00652     3.7731     3.7742    25.5103    25.6530    36.7876    36.7664    24.5356    24.4752    1501.79    164.471    164.530         50 0.0000e+00
     132201   5508.350    127.166    128.000    25.5006    25.7629   5.608142   5.630870     2.6659     2.2537      99.71   21.68740  -85.90008    0.00006    0.00040     3.7692     3.7733    25.4723    25.7344    36.7934    36.7601    24.5517    24.4449    1501.79    164.297    164.492         72 0.0000e+00
     132282   5511.723    126.173    127.000    25.7989    25.8718   5.634049   5.642863     2.6784     2.2684      85.92   21.68740  -85.90008    0.00326    0.00403     3.7742     3.7930    25.7617    25.8438    36.7513    36.7554    24.4299    24.4093    1501.79    164.533    165.358         67 0.0000e+00
