GOMECC/GOMECC-4/1db/urb2103_0081.cnv
* Sea-Bird SBE 9 Data File:
* FileName = C:\Users\scs.user.rb\CTD\GOMECC4\data\rb2103_008.hex
* Software Version Seasave V 7.26.7.107
* Temperature SN = 4799
* Conductivity SN = 3860
* Number of Bytes Per Scan = 41
* Number of Voltage Words = 4
* Number of Scans Averaged by the Deck Unit = 1
* NMEA Latitude = 25 29.79 N
* NMEA Longitude = 080 01.43 W
* NMEA UTC (Time) = Sep 15 2021  16:51:51
* NMEA baud rate = 4800
# nquan = 28
# nvalues = 135                         
# units = specified
# name 0 = scan: Scan Count
# name 1 = timeS: Time, Elapsed [seconds]
# name 2 = depSM: Depth [salt water, m]
# name 3 = prDM: Pressure, Digiquartz [db]
# name 4 = t090C: Temperature [ITS-90, deg C]
# name 5 = t190C: Temperature, 2 [ITS-90, deg C]
# name 6 = c0S/m: Conductivity [S/m]
# name 7 = c1S/m: Conductivity, 2 [S/m]
# name 8 = sbeox0V: Oxygen raw, SBE 43 [V]
# name 9 = sbeox1V: Oxygen raw, SBE 43, 2 [V]
# name 10 = altM: Altimeter [m]
# name 11 = latitude: Latitude [deg]
# name 12 = longitude: Longitude [deg]
# name 13 = sbox0dV/dT: Oxygen, SBE 43 [dov/dt]
# name 14 = sbox1dV/dT: Oxygen, SBE 43, 2 [dov/dt]
# name 15 = sbeox0ML/L: Oxygen, SBE 43 [ml/l], WS = 5
# name 16 = sbeox1ML/L: Oxygen, SBE 43, 2 [ml/l], WS = 5
# name 17 = potemp090C: Potential Temperature [ITS-90, deg C]
# name 18 = potemp190C: Potential Temperature, 2 [ITS-90, deg C]
# name 19 = sal00: Salinity, Practical [PSU]
# name 20 = sal11: Salinity, Practical, 2 [PSU]
# name 21 = sigma-é00: Density [sigma-theta, kg/m^3]
# name 22 = sigma-é11: Density, 2 [sigma-theta, kg/m^3]
# name 23 = avgsvCM: Average Sound Velocity [Chen-Millero, m/s], minP = 20, minS = 20
# name 24 = sbox0Mm/Kg: Oxygen, SBE 43 [umol/kg], WS = 5
# name 25 = sbox1Mm/Kg: Oxygen, SBE 43, 2 [umol/kg], WS = 5
# name 26 = nbin: number of scans per bin
# name 27 = flag: flag
# span 0 =      29998,      68814       
# span 1 =   1249.885,   2867.201       
# span 2 =      3.974,    318.677       
# span 3 =      4.000,    321.000       
# span 4 =     7.7720,    29.4759       
# span 5 =     7.7729,    29.5106       
# span 6 =   3.611627,   5.813400       
# span 7 =   3.611703,   5.816807       
# span 8 =     1.6721,     3.1623       
# span 9 =     1.3783,     2.6947       
# span 10 =      10.36,     107.63      
# span 11 =   25.43331,   25.52149      
# span 12 =  -80.06478,  -79.78612      
# span 13 =   -0.00091,    0.01976      
# span 14 =   -0.00214,    0.02032      
# span 15 =     2.7429,     4.4756      
# span 16 =     2.7893,     4.5021      
# span 17 =     7.7398,    29.4741      
# span 18 =     7.7407,    29.5096      
# span 19 =    33.9400,    36.4900      
# span 20 =    33.9525,    36.4910      
# span 21 =    21.1097,    27.2886      
# span 22 =    21.1072,    27.2882      
# span 23 =    1505.52,    1510.77      
# span 24 =    119.255,    195.340      
# span 25 =    121.272,    196.411      
# span 26 =         30,         77      
# span 27 = 0.0000e+00, 0.0000e+00      
# interval = decibars: 1                
# start_time = Sep 15 2021 16:51:51 [NMEA time, header]
# bad_flag = -9.990e-29
*END*
      31059   1294.100    318.677    321.000     7.7720     7.7729   3.611627   3.611703     1.6721     1.3783      10.36   25.50381  -80.02064    0.00015    0.00044     2.7935     2.8431     7.7398     7.7407    34.9690    34.9690    27.2883    27.2882    1509.90    121.443    123.599         33 0.0000e+00
      29998   1249.885    317.685    320.000     7.7730     7.7744   3.611735   3.611793     1.6726     1.3794      11.52   25.50357  -80.02073    0.00005    0.00021     2.7946     2.8461     7.7409     7.7423    34.9696    34.9689    27.2886    27.2878    1509.92    121.491    123.730         44 0.0000e+00
      30061   1252.497    316.693    319.000     7.7752     7.7769   3.611893   3.612006     1.6726     1.3794      12.41   25.50358  -80.02072   -0.00005    0.00015     2.7942     2.8457     7.7432     7.7449    34.9697    34.9692    27.2883    27.2877    1509.92    121.474    123.714         47 0.0000e+00
      30102   1254.223    315.700    318.000     7.7762     7.7815   3.611947   3.612428     1.6728     1.3793      13.34   25.50360  -80.02072    0.00008   -0.00007     2.7942     2.8449     7.7443     7.7495    34.9697    34.9697    27.2882    27.2874    1509.92    121.474    123.677         37 0.0000e+00
      30137   1255.675    314.709    317.000     7.7794     7.7859   3.612217   3.612827     1.6727     1.3788      14.23   25.50360  -80.02072    0.00005   -0.00016     2.7935     2.8424     7.7476     7.7541    34.9700    34.9700    27.2879    27.2870    1509.92    121.443    123.569         33 0.0000e+00
      31697   1320.662    254.187    256.000     8.5348     8.5397   3.688647   3.689096     1.6866     1.3917      75.54   25.51113  -80.04310    0.00062    0.00049     2.7561     2.8056     8.5077     8.5127    35.0637    35.0634    27.2464    27.2454    1510.34    119.823    121.976         31 0.0000e+00
      31730   1322.025    253.195    255.000     8.5136     8.5272   3.685486   3.687055     1.6867     1.3919      76.63   25.50397  -80.02060    0.00046    0.00043     2.7579     2.8069     8.4867     8.5003    35.0508    35.0524    27.2393    27.2384    1509.92    119.903    122.034         54 0.0000e+00
      31785   1324.317    252.202    254.000     8.5244     8.5350   3.686843   3.687673     1.6871     1.3921      77.65   25.50399  -80.02060    0.00020    0.00017     2.7578     2.8066     8.4976     8.5081    35.0527    35.0526    27.2391    27.2373    1509.92    119.899    122.018         55 0.0000e+00
      31842   1326.701    251.210    253.000     8.5632     8.5628   3.690559   3.690299     1.6875     1.3925      78.71   25.50400  -80.02060    0.00021    0.00012     2.7561     2.8058     8.5364     8.5360    35.0568    35.0571    27.2362    27.2365    1509.92    119.823    121.985         63 0.0000e+00
      31918   1329.859    250.218    252.000     8.5767     8.5660   3.691827   3.690766     1.6880     1.3931      79.71   25.50402  -80.02060    0.00016    0.00019     2.7561     2.8070     8.5500     8.5393    35.0575    35.0567    27.2347    27.2357    1509.92    119.823    122.036         63 0.0000e+00
      32007   1333.582    249.225    251.000     8.5834     8.5707   3.692443   3.691197     1.6876     1.3929      80.71   25.50404  -80.02060   -0.00010    0.00000     2.7543     2.8056     8.5568     8.5441    35.0578    35.0572    27.2338    27.2354    1509.92    119.746    121.975         57 0.0000e+00
      34099   1420.737    247.241    249.000     8.6067     8.6038   3.695281   3.694993     1.6876     1.3924      83.43   25.50920  -80.03509   -0.00001    0.00006     2.7517     2.8007     8.5802     8.5774    35.0665    35.0662    27.2372    27.2374    1510.20    119.631    121.765         62 0.0000e+00
      34154   1423.023    246.248    248.000     8.6050     8.6046   3.694570   3.694516     1.6876     1.3919      84.27   25.50456  -80.02044    0.00007   -0.00010     2.7516     2.7991     8.5787     8.5783    35.0603    35.0600    27.2324    27.2322    1509.92    119.629    121.692         54 0.0000e+00
      34200   1424.973    245.256    247.000     8.6058     8.6028   3.694605   3.694190     1.6880     1.3911      85.20   25.50456  -80.02044    0.00018   -0.00017     2.7524     2.7962     8.5796     8.5766    35.0603    35.0601    27.2322    27.2325    1509.92    119.661    121.568         43 0.0000e+00
      34238   1426.546    244.263    246.000     8.6078     8.6068   3.694752   3.694670     1.6885     1.3920      86.17   25.50458  -80.02044    0.00022   -0.00018     2.7533     2.7984     8.5816     8.5807    35.0604    35.0605    27.2320    27.2322    1509.92    119.702    121.664         33 0.0000e+00
      34270   1427.892    243.271    245.000     8.6101     8.6114   3.694944   3.695106     1.6885     1.3924      87.01   25.50459  -80.02044    0.00021    0.00026     2.7528     2.7990     8.5841     8.5854    35.0605    35.0610    27.2317    27.2319    1509.92    119.680    121.690         32 0.0000e+00
      35269   1469.515    205.558    207.000     8.9988     9.0119   3.736542   3.737665     1.7021     1.4049     100.05   25.51718  -80.05917    0.00041    0.00039     2.7489     2.7950     8.9763     8.9893    35.1288    35.1309    27.2235    27.2231    1510.65    119.513    121.517         35 0.0000e+00
      35304   1470.948    204.566    206.000     9.0074     9.0122   3.735494   3.736045     1.7011     1.4042     100.00   25.50484  -80.02036    0.00007    0.00017     2.7460     2.7928     8.9849     8.9897    35.1129    35.1141    27.2091    27.2092    1509.92    119.387    121.422         67 0.0000e+00
      35381   1474.170    203.573    205.000     9.1292     9.0687   3.748473   3.742182     1.7032     1.4056     100.00   25.50485  -80.02036    0.00055    0.00039     2.7429     2.7914     9.1067     9.0463    35.1293    35.1227    27.2022    27.2069    1509.92    119.255    121.363         77 0.0000e+00
      35453   1477.153    202.581    204.000     9.1899     9.1559   3.755132   3.751358     1.7058     1.4065     100.00   25.50486  -80.02036    0.00107    0.00035     2.7454     2.7893     9.1674     9.1335    35.1395    35.1336    27.2003    27.2013    1509.92    119.363    121.272         43 0.0000e+00
      35572   1482.118    201.588    203.000     9.2378     9.2180   3.760389   3.758030     1.7078     1.4091     100.00   25.50490  -80.02034    0.00056    0.00073     2.7474     2.7921     9.2153     9.1955    35.1463    35.1426    27.1978    27.1981    1509.92    119.449    121.395         32 0.0000e+00
      37486   1561.889    198.610    200.000     9.3528     9.3490   3.772859   3.772352     1.7138     1.4167      92.87   25.50763  -80.02736    0.00018    0.00007     2.7546     2.8046     9.3305     9.3267    35.1651    35.1647    27.1937    27.1941    1510.06    119.764    121.939         72 0.0000e+00
      37562   1565.049    197.618    199.000     9.3660     9.3519   3.773923   3.772516     1.7145     1.4165      97.06   25.50536  -80.02018    0.00026   -0.00001     2.7554     2.8032     9.3437     9.3297    35.1644    35.1623    27.1909    27.1916    1509.92    119.799    121.876         62 0.0000e+00
      37626   1567.717    196.625    198.000     9.3835     9.3623   3.775714   3.773431     1.7157     1.4162      83.25   25.50537  -80.02017    0.00044   -0.00010     2.7570     2.8017     9.3613     9.3402    35.1662    35.1634    27.1894    27.1907    1509.92    119.868    121.810         60 0.0000e+00
      37685   1570.152    195.633    197.000     9.4268     9.3948   3.780534   3.776651     1.7164     1.4168     100.34   25.50538  -80.02016    0.00031    0.00013     2.7554     2.8008     9.4047     9.3727    35.1742    35.1653    27.1885    27.1868    1509.92    119.799    121.771         54 0.0000e+00
      37735   1572.250    194.640    196.000     9.4488     9.4438   3.782917   3.782309     1.7172     1.4184     100.00   25.50539  -80.02016    0.00031    0.00045     2.7560     2.8017     9.4268     9.4218    35.1778    35.1764    27.1877    27.1874    1509.92    119.824    121.813         47 0.0000e+00
      37778   1574.034    193.648    195.000     9.4799     9.4884   3.786147   3.787795     1.7184     1.4205      78.47   25.50541  -80.02016    0.00056    0.00104     2.7565     2.8042     9.4570     9.4664    35.1812    35.1861    27.1853    27.1875    1509.92    119.847    121.923         38 0.0000e+00
      37812   1575.451    192.655    194.000     9.5613     9.6982   3.794888   3.809712     1.7198     1.4224      99.89   25.50542  -80.02015    0.00072    0.00121     2.7547     2.7958     9.5394     9.6761    35.1924    35.2113    27.1803    27.1722    1509.92    119.771    121.558         33 0.0000e+00
      37844   1576.810    191.662    193.000     9.7071     9.9196   3.809733   3.832818     1.7227     1.4263     100.00   25.50542  -80.02014    0.00116    0.00158     2.7519     2.7913     9.6850     9.8972    35.2034    35.2331    27.1644    27.1516    1509.92    119.651    121.366         33 0.0000e+00
      37878   1578.222    190.670    192.000     9.8401    10.0495   3.825450   3.847365     1.7262     1.4298     100.00   25.50544  -80.02014    0.00192    0.00244     2.7516     2.7923     9.8180    10.0271    35.2354    35.2558    27.1670    27.1471    1509.92    119.636    121.409         34 0.0000e+00
      38608   1608.607    165.853    167.000    12.0815    12.1032   4.068793   4.070650     1.7873     1.4811     100.02   25.51104  -80.03719    0.00081    0.00076     2.7511     2.7945    12.0595    12.0812    35.5213    35.5244    26.9829    26.9813    1510.24    119.635    121.523         65 0.0000e+00
      38667   1611.095    164.860    166.000    12.3763    12.3046   4.100760   4.093229     1.7939     1.4853     100.00   25.50562  -80.02009    0.00223    0.00144     2.7495     2.7928    12.3541    12.2825    35.5537    35.5484    26.9505    26.9604    1509.92    119.570    121.454         65 0.0000e+00
      38737   1613.986    163.867    165.000    12.5265    12.5149   4.117224   4.116882     1.8001     1.4920     100.00   25.50563  -80.02008    0.00237    0.00226     2.7565     2.7976    12.5043    12.4927    35.5783    35.5788    26.9402    26.9429    1509.92    119.874    121.665         69 0.0000e+00
      38823   1617.564    162.875    164.000    12.5830    12.5923   4.124219   4.125152     1.8038     1.4966     100.00   25.50565  -80.02008    0.00110    0.00128     2.7603     2.8053    12.5608    12.5701    35.5852    35.5864    26.9343    26.9334    1509.92    120.040    121.998         51 0.0000e+00
      40941   1705.834    156.918    158.000    12.8543    12.8431   4.155452   4.154849     1.8270     1.5177     100.01   25.51395  -80.04445    0.00002    0.00021     2.7985     2.8448    12.8327    12.8214    35.6388    35.6398    26.9223    26.9253    1510.38    121.705    123.717         52 0.0000e+00
      40988   1707.781    155.926    157.000    12.8500    12.8319   4.154563   4.152669     1.8261     1.5156     100.00   25.50616  -80.01996   -0.00010   -0.00042     2.7966     2.8393    12.8285    12.8104    35.6285    35.6283    26.9146    26.9180    1509.92    121.621    123.479         67 0.0000e+00
      41051   1710.434    154.932    156.000    12.8418    12.8240   4.153800   4.151358     1.8261     1.5157     100.00   25.50618  -80.01994   -0.00014   -0.00021     2.7967     2.8400    12.8204    12.8026    35.6294    35.6252    26.9169    26.9172    1509.92    121.629    123.510         57 0.0000e+00
      41104   1712.631    153.940    155.000    12.8284    12.8363   4.151806   4.152997     1.8255     1.5163     100.00   25.50620  -80.01994   -0.00002    0.00027     2.7960     2.8405    12.8087    12.8151    35.6222    35.6266    26.9137    26.9158    1509.92    121.595    123.530         52 0.0000e+00
      41160   1714.950    152.947    154.000    12.8486    12.8579   4.154228   4.155555     1.8263     1.5163     100.00   25.50620  -80.01994    0.00001    0.00011     2.7960     2.8387    12.8275    12.8368    35.6279    35.6319    26.9143    26.9155    1509.92    121.598    123.452         60 0.0000e+00
      41216   1717.277    151.954    153.000    12.8822    12.8934   4.158143   4.159355     1.8276     1.5171     100.00   25.50622  -80.01994    0.00056    0.00012     2.7968     2.8385    12.8612    12.8732    35.6348    35.6378    26.9129    26.9127    1509.92    121.633    123.444         46 0.0000e+00
      41253   1718.840    150.962    152.000    12.9002    12.9065   4.160082   4.161190     1.8280     1.5176     100.00   25.50622  -80.01992    0.00051    0.00040     2.7962     2.8385    12.8793    12.8856    35.6382    35.6409    26.9119    26.9127    1509.92    121.605    123.443         34 0.0000e+00
      41287   1720.256    149.969    151.000    12.9151    12.9205   4.161992   4.162742     1.8288     1.5184     100.00   25.50624  -80.01992    0.00039    0.00049     2.7970     2.8394    12.8943    12.8998    35.6410    35.6430    26.9110    26.9115    1509.92    121.639    123.483         34 0.0000e+00
      41323   1721.742    148.976    150.000    12.9245    12.9260   4.163056   4.163364     1.8298     1.5194     100.00   25.50624  -80.01992    0.00049    0.00052     2.7985     2.8414    12.9039    12.9054    35.6427    35.6442    26.9104    26.9113    1509.92    121.705    123.571         36 0.0000e+00
      41357   1723.168    147.983    149.000    12.9346    12.9354   4.164154   4.164308     1.8301     1.5204     100.00   25.50624  -80.01992    0.00056    0.00062     2.7981     2.8432    12.9141    12.9148    35.6441    35.6449    26.9095    26.9099    1509.92    121.691    123.649         32 0.0000e+00
      41390   1724.542    146.990    148.000    12.9444    12.9443   4.165195   4.165312     1.8306     1.5216     100.00   25.50626  -80.01992    0.00034    0.00079     2.7984     2.8454    12.9241    12.9240    35.6453    35.6465    26.9083    26.9093    1509.92    121.703    123.746         34 0.0000e+00
      41424   1725.954    145.997    147.000    12.9483    12.9494   4.165620   4.165786     1.8316     1.5228     100.00   25.50627  -80.01992    0.00041    0.00077     2.8004     2.8479    12.9281    12.9291    35.6461    35.6467    26.9082    26.9085    1509.92    121.789    123.857         34 0.0000e+00
      41457   1727.313    145.005    146.000    12.9576    12.9575   4.166568   4.166700     1.8324     1.5229     100.00   25.50628  -80.01992    0.00062    0.00064     2.8013     2.8474    12.9374    12.9374    35.6469    35.6482    26.9069    26.9079    1509.92    121.829    123.830         32 0.0000e+00
      41489   1728.661    144.012    145.000    12.9717    12.9714   4.168061   4.168098     1.8328     1.5232     100.00   25.50628  -80.01992    0.00055    0.00032     2.8012     2.8470    12.9517    12.9514    35.6483    35.6489    26.9051    26.9057    1509.92    121.823    123.815         33 0.0000e+00
      41523   1730.100    143.019    144.000    12.9825    12.9854   4.169179   4.169645     1.8335     1.5237     100.00   25.50628  -80.01991    0.00043    0.00021     2.8019     2.8472    12.9627    12.9655    35.6492    35.6510    26.9036    26.9044    1509.92    121.855    123.825         36 0.0000e+00
      41558   1731.531    142.026    143.000    13.0023    13.0037   4.171372   4.171534     1.8345     1.5247     100.00   25.50629  -80.01990    0.00049    0.00043     2.8028     2.8483    12.9826    12.9839    35.6520    35.6523    26.9018    26.9017    1509.92    121.893    123.871         32 0.0000e+00
      41588   1732.806    141.033    142.000    13.0283    13.0353   4.174334   4.175161     1.8361     1.5264     100.00   25.50630  -80.01990    0.00080    0.00075     2.8045     2.8504    13.0086    13.0157    35.6560    35.6570    26.8996    26.8990    1509.92    121.969    123.964         30 0.0000e+00
