GOMECC/GOMECC-4/1db/urb2103_1391.cnv
* Sea-Bird SBE 9 Data File:
* FileName = C:\Users\scs.user.rb\CTD\GOMECC4\data\rb2103_1391.hex
* Software Version Seasave V 7.26.7.107
* Temperature SN = 4799
* Conductivity SN = 3860
* Number of Bytes Per Scan = 41
* Number of Voltage Words = 4
* Number of Scans Averaged by the Deck Unit = 1
* NMEA Latitude = 25 44.68 N
* NMEA Longitude = 084 35.32 W
* NMEA UTC (Time) = Oct 20 2021  10:34:58
* NMEA baud rate = 4800
# nquan = 28
# nvalues = 199                         
# units = specified
# name 0 = scan: Scan Count
# name 1 = timeS: Time, Elapsed [seconds]
# name 2 = depSM: Depth [salt water, m]
# name 3 = prDM: Pressure, Digiquartz [db]
# name 4 = t090C: Temperature [ITS-90, deg C]
# name 5 = t190C: Temperature, 2 [ITS-90, deg C]
# name 6 = c0S/m: Conductivity [S/m]
# name 7 = c1S/m: Conductivity, 2 [S/m]
# name 8 = sbeox0V: Oxygen raw, SBE 43 [V]
# name 9 = sbeox1V: Oxygen raw, SBE 43, 2 [V]
# name 10 = altM: Altimeter [m]
# name 11 = latitude: Latitude [deg]
# name 12 = longitude: Longitude [deg]
# name 13 = sbox0dV/dT: Oxygen, SBE 43 [dov/dt]
# name 14 = sbox1dV/dT: Oxygen, SBE 43, 2 [dov/dt]
# name 15 = sbeox0ML/L: Oxygen, SBE 43 [ml/l], WS = 5
# name 16 = sbeox1ML/L: Oxygen, SBE 43, 2 [ml/l], WS = 5
# name 17 = potemp090C: Potential Temperature [ITS-90, deg C]
# name 18 = potemp190C: Potential Temperature, 2 [ITS-90, deg C]
# name 19 = sal00: Salinity, Practical [PSU]
# name 20 = sal11: Salinity, Practical, 2 [PSU]
# name 21 = sigma-é00: Density [sigma-theta, kg/m^3]
# name 22 = sigma-é11: Density, 2 [sigma-theta, kg/m^3]
# name 23 = avgsvCM: Average Sound Velocity [Chen-Millero, m/s], minP = 20, minS = 20
# name 24 = sbox0Mm/Kg: Oxygen, SBE 43 [umol/kg], WS = 5
# name 25 = sbox1Mm/Kg: Oxygen, SBE 43, 2 [umol/kg], WS = 5
# name 26 = nbin: number of scans per bin
# name 27 = flag: flag
# span 0 =      24327,      62837       
# span 1 =   1013.590,   2618.166       
# span 2 =      0.993,    441.639       
# span 3 =      1.000,    445.000       
# span 4 =    10.4969,    28.6843       
# span 5 =    10.4976,    28.6856       
# span 6 =   3.902731,   5.826364       
# span 7 =   3.902798,   5.832083       
# span 8 =     1.6655,     3.1660       
# span 9 =     1.3582,     2.6761       
# span 10 =      12.21,     102.32      
# span 11 =   25.41736,   26.10602      
# span 12 =  -85.77467,  -83.51181      
# span 13 =   -0.02306,    0.01595      
# span 14 =   -0.02173,    0.01578      
# span 15 =     2.6267,     4.4637      
# span 16 =     2.6364,     4.4405      
# span 17 =    10.4429,    28.6807      
# span 18 =    10.4436,    28.6821      
# span 19 =    35.0689,    36.7273      
# span 20 =    35.0680,    36.7412      
# span 21 =    22.4048,    27.0871      
# span 22 =    22.4033,    27.0859      
# span 23 =    1494.20,    1534.69      
# span 24 =    114.214,    194.823      
# span 25 =    114.638,    193.807      
# span 26 =         30,         71      
# span 27 = 0.0000e+00, 0.0000e+00      
# interval = decibars: 1                
# start_time = Oct 20 2021 10:34:58 [NMEA time, header]
# bad_flag = -9.990e-29
*END*
[from data line 156]
      44471   1852.903     82.445     83.000    20.6814    20.6929   5.064957   5.066801     2.2621     1.8923     100.06   25.75970  -84.63763    0.00012    0.00059     3.2558     3.2637    20.6656    20.6770    36.6305    36.6216    25.8292    25.8184    1514.34    141.745    142.090         53 0.0000e+00
      44511   1854.590     81.452     82.000    20.6912    20.6968   5.064256   5.064813     2.2664     1.8957      97.27   25.74483  -84.58874    0.00201    0.00191     3.2640     3.2712    20.6756    20.6812    36.6090    36.6087    25.8080    25.8063    1513.47    142.103    142.415         65 0.0000e+00
      44567   1856.937     80.459     81.000    20.6973    20.7117   5.064569   5.066250     2.2699     1.8972      97.40   25.74484  -84.58874    0.00151    0.00073     3.2706     3.2739    20.6818    20.6962    36.6067    36.6065    25.8045    25.8005    1513.47    142.390    142.535         50 0.0000e+00
      44626   1859.389     79.466     80.000    20.7025    20.7506   5.065187   5.069874     2.2728     1.9054      99.99   25.74484  -84.58874    0.00127    0.00213     3.2759     3.2894    20.6872    20.7354    36.6076    36.6046    25.8038    25.7884    1513.47    142.621    143.214         66 0.0000e+00
      44685   1861.821     78.473     79.000    20.7435    20.7724   5.069216   5.071649     2.2773     1.9085      92.11   25.74484  -84.58874    0.00168    0.00231     3.2825     3.2956    20.7284    20.7573    36.6047    36.6002    25.7903    25.7791    1513.47    142.909    143.482         50 0.0000e+00
      44745   1864.320     77.480     78.000    20.7652    20.8003   5.070566   5.074416     2.2840     1.9141      99.87   25.74484  -84.58874    0.00245    0.00193     3.2949     3.3064    20.7503    20.7854    36.5980    36.5990    25.7793    25.7705    1513.47    143.454    143.953         67 0.0000e+00
      44809   1867.017     76.486     77.000    20.8407    20.8614   5.078388   5.079627     2.2911     1.9197      91.27   25.74484  -84.58876    0.00224    0.00218     3.3050     3.3166    20.8260    20.8467    36.5947    36.5912    25.7562    25.7478    1513.47    143.894    144.401         49 0.0000e+00
      44859   1869.063     75.493     76.000    20.9047    20.9116   5.082774   5.081965     2.3044     1.9333      95.49   25.74486  -84.58876    0.00458    0.00391     3.3284     3.3438    20.8901    20.8970    36.5776    36.5653    25.7256    25.7143    1513.47    144.919    145.592         56 0.0000e+00
      44925   1871.851     74.500     75.000    20.9083    20.9220   5.082175   5.080657     2.3216     1.9589      84.16   25.74486  -84.58876    0.00686    0.00944     3.3641     3.4022    20.8939    20.9076    36.5701    36.5461    25.7188    25.6968    1513.47    146.475    148.134         71 0.0000e+00
      44984   1874.275     73.507     74.000    20.9100    20.9210   5.075239   5.076933     2.3277     1.9683      99.04   25.74488  -84.58876    0.00354    0.00551     3.3768     3.4238    20.8957    20.9068    36.5173    36.5177    25.6781    25.6754    1513.47    147.031    149.080         40 0.0000e+00
      45028   1876.111     72.514     73.000    21.0543    21.1200   5.090665   5.100945     2.3671     2.0005     100.01   25.74488  -84.58876    0.01066    0.00905     3.4545     3.4849    21.0402    21.1061    36.5251    36.5359    25.6444    25.6330    1513.47    150.422    151.747         34 0.0000e+00
      45111   1879.604     71.521     72.000    21.1194    21.1170   5.101850   5.100247     2.3941     2.0116     100.00   25.74488  -84.58876    0.00887    0.00472     3.5010     3.5104    21.1068    21.1031    36.5481    36.5382    25.6437    25.6371    1513.47    152.446    152.856         43 0.0000e+00
      45153   1881.349     70.528     71.000    21.2668    21.2739   5.116910   5.117236     2.4005     2.0175     100.00   25.74490  -84.58876    0.00399    0.00142     3.5043     3.5134    21.2531    21.2601    36.5447    36.5413    25.6007    25.5962    1513.47    152.596    152.991         43 0.0000e+00
      45219   1884.082     69.534     70.000    21.3243    21.3479   5.121962   5.125369     2.4244     2.0419     100.00   25.74490  -84.58876    0.00772    0.00800     3.5498     3.5640    21.3107    21.3343    36.5366    36.5437    25.5787    25.5776    1513.47    154.582    155.200         56 0.0000e+00
      45286   1886.871     68.541     69.000    21.3450    21.3697   5.126686   5.128096     2.4356     2.0494     100.00   25.74490  -84.58876    0.00513    0.00300     3.5682     3.5790    21.3315    21.3563    36.5571    36.5474    25.5885    25.5742    1513.47    155.380    155.854         45 0.0000e+00
      45734   1905.533     66.555     67.000    22.2627    22.0257   5.235680   5.208527     2.5613     2.1271     100.21   25.79976  -84.76890    0.00741    0.01250     3.7836     3.7087    22.2493    22.0124    36.6761    36.6615    25.4296    25.4854    1516.69    164.795    161.523         41 0.0000e+00
      52333   2180.503     43.710     44.000    26.2048    26.2513   5.660651   5.668722     3.0203     2.5529      99.00   25.87008  -84.99987   -0.00100   -0.00063     4.3647     4.3369    26.1949    26.2414    36.7273    36.7412    24.2990    24.2949    1520.83    190.325    189.112         31 0.0000e+00
      52237   2176.497     42.717     43.000    26.1874    26.4592   5.647971   5.675855     3.0221     2.5667      94.38   25.74494  -84.58870    0.00155    0.00130     4.3651     4.3461    26.1777    26.4495    36.5612    36.5491    24.1559    24.0608    1513.47    190.347    189.536         59 0.0000e+00
      52417   2184.008     40.730     41.000    26.7609    26.6728   5.684629   5.679155     3.0571     2.5795      99.56   25.63038  -84.21238    0.00283   -0.00164     4.3861     4.3532    26.7565    26.6634    36.3117    36.3319    23.7638    23.8069    1506.74    191.319    189.874         34 0.0000e+00
      53468   2227.791     35.763     36.000    27.6843    27.8063   5.769982   5.779084     3.1214     2.6424      99.50   25.61562  -84.16402    0.00141    0.00050     4.4326     4.4039    27.6758    27.7978    36.1839    36.1654    23.3672    23.3133    1505.87    193.417    192.177         39 0.0000e+00
      54904   2287.627     34.770     35.000    28.2034    28.2049   5.821471   5.822873     3.1545     2.6721     100.00   25.74486  -84.58870   -0.00149    0.00013     4.4586     4.4393    28.1951    28.1966    36.2342    36.2389    23.2589    23.2620    1513.47    194.593    193.752         51 0.0000e+00
      54951   2289.579     33.777     34.000    28.2381    28.2271   5.823710   5.822044     3.1599     2.6737      99.80   25.74484  -84.58870    0.00088    0.00096     4.4637     4.4405    28.2301    28.2191    36.2196    36.2186    23.2365    23.2402    1513.47    194.823    193.807         30 0.0000e+00
      55089   2295.313     32.783     33.000    28.2755    28.3695   5.826364   5.832083     3.1550     2.6761      99.78   25.74484  -84.58870   -0.00176    0.00087     4.4515     4.4359    28.2677    28.3616    36.2093    36.1760    23.2163    23.1592    1513.47    194.292    193.622         49 0.0000e+00
      55614   2317.222     27.816     28.000    28.3621    28.3805   5.776904   5.766905     3.1297     2.6430      99.87   25.71076  -84.47672   -0.00048   -0.00091     4.4067     4.3749    28.3594    28.3738    35.7909    35.7012    22.8665    22.7928    1511.47    192.400    191.022         46 0.0000e+00
      55811   2325.432     26.823     27.000    28.3441    28.3774   5.764885   5.762912     3.1282     2.6426      94.76   25.74484  -84.58868   -0.00111   -0.00021     4.4060     4.3756    28.3377    28.3710    35.7294    35.6902    22.8322    22.7917    1513.47    192.378    191.061         41 0.0000e+00
      55933   2330.510     25.834     26.000    28.3378    28.3446   5.762638   5.751909     3.1266     2.6381     100.41   25.74486  -84.58868   -0.00070   -0.00113     4.4033     4.3687    28.3316    28.3384    35.7185    35.6325    22.8260    22.7591    1513.47    192.262    190.758         31 0.0000e+00
      57339   2389.089     22.850     23.000    28.2914    28.2903   5.735446   5.734648     3.1197     2.6350      99.91   25.72237  -84.51460    0.00074    0.00013     4.3953     4.3663    28.2859    28.2848    35.5495    35.5448    22.7094    22.7061    1512.14    191.933    190.664         59 0.0000e+00
      57893   2412.176     20.863     21.000    28.4141    28.4124   5.760344   5.759488     3.1346     2.6501     100.35   25.83610  -84.88822    0.00027    0.00039     4.4159     4.3917    28.4091    28.4074    35.7059    35.7012    22.8098    22.8068    1518.83    192.830    191.774         32 0.0000e+00
      57819   2409.068     19.869     20.000    28.3130    28.3123   5.739684   5.739292     3.1227     2.6405     100.00   25.74496  -84.58870    0.00050   -0.00011     4.3984     4.3751    28.3083    28.3076    35.5785    35.5762    22.7284    22.7270    1513.47    192.067    191.050         40 0.0000e+00
      57946   2414.384     18.876     19.000    28.3128    28.3134   5.739278   5.739301     3.1222     2.6405     100.00   25.74496  -84.58870   -0.00014    0.00054     4.3970     4.3745    28.3083    28.3089    35.5760    35.5758    22.7266    22.7262    1513.47    192.005    191.022         30 0.0000e+00
      60158   2506.545     14.902     15.000    28.6843    28.6856   5.809757   5.809712     3.1660     2.6750     101.40   26.10602  -85.77467    0.00036   -0.00074     4.4596     4.4316    28.6807    28.6821    36.0255    36.0241    23.0162    23.0147    1534.69    194.747    193.521         35 0.0000e+00
      59578   2482.370     13.909     14.000    28.2860    28.2877   5.729124   5.728956     3.1209     2.6387     100.00   25.74508  -84.58871   -0.00050   -0.00005     4.3952     4.3714    28.2827    28.2844    35.5267    35.5243    22.6980    22.6955    1513.47    191.933    190.896         45 0.0000e+00
      59738   2489.032     11.922     12.000    28.3328    28.3167   5.739923   5.739797     3.1285     2.6443     100.18   25.79229  -84.74380    0.00024    0.00003     4.4045     4.3789    28.3299    28.3139    35.5848    35.5643    22.7345    22.7214    1516.25    192.338    191.221         34 0.0000e+00
      59664   2485.976     10.928     11.000    28.2878    28.2878   5.729570   5.729407     3.1226     2.6387     100.00   25.74509  -84.58870    0.00053    0.00009     4.3966     4.3698    28.2852    28.2852    35.5294    35.5282    22.6991    22.6982    1513.47    191.995    190.824         38 0.0000e+00
      59703   2487.596      9.935     10.000    28.2875    28.2890   5.729517   5.729814     3.1224     2.6392      99.53   25.74510  -84.58871    0.00013    0.00001     4.3957     4.3700    28.2851    28.2867    35.5295    35.5305    22.6993    22.6994    1513.47    191.953    190.834         41 0.0000e+00
      59747   2489.403      8.941      9.000    28.2869    28.2885   5.729351   5.729564     3.1242     2.6420      96.14   25.74510  -84.58870    0.00016    0.00063     4.3986     4.3753    28.2848    28.2864    35.5292    35.5294    22.6991    22.6988    1513.47    192.083    191.065         43 0.0000e+00
      59792   2491.285      7.948      8.000    28.2847    28.2874   5.728816   5.729259     3.1243     2.6424      82.04   25.74510  -84.58870    0.00082    0.00099     4.3984     4.3757    28.2828    28.2855    35.5273    35.5284    22.6983    22.6983    1513.47    192.072    191.080         48 0.0000e+00
      59838   2493.192      6.954      7.000    28.2838    28.2855   5.728503   5.728825     3.1249     2.6422      98.79   25.74511  -84.58870   -0.00015    0.00016     4.3992     4.3749    28.2822    28.2839    35.5261    35.5271    22.6976    22.6978    1513.47    192.106    191.049         43 0.0000e+00
      59890   2495.383      5.961      6.000    28.2836    28.2843   5.728390   5.728385     3.1240     2.6410      83.39   25.74512  -84.58870    0.00023   -0.00036     4.3970     4.3721    28.2822    28.2829    35.5258    35.5252    22.6974    22.6968    1513.47    192.012    190.926         42 0.0000e+00
      59212   2467.116      3.974      4.000    27.9237    27.9261   5.654750   5.654911     3.0835     2.6089      49.38   25.41736  -83.51181   -0.00059   -0.00023     4.3387     4.3184    27.9227    27.9251    35.0689    35.0680    22.4048    22.4033    1494.20    189.469    188.582         33 0.0000e+00
      60860   2535.774      2.981      3.000    28.3089    28.3077   5.730315   5.730199     3.1261     2.6448      77.37   25.74518  -84.58872    0.00023    0.00045     4.3975     4.3766    28.3082    28.3070    35.5212    35.5212    22.6854    22.6858    1513.47    192.037    191.122         50 0.0000e+00
      62837   2618.166      1.987      2.000    28.3004    28.3023   5.729412   5.729760     3.1274     2.6417      71.14   25.74533  -84.58872    0.00074   -0.00042     4.3999     4.3703    28.3000    28.3018    35.5215    35.5226    22.6883    22.6885    1513.47    192.141    190.846         31 0.0000e+00
      62705   2612.666      0.993      1.000    28.3037    28.3046   5.729691   5.729949     3.1278     2.6406      94.81   25.74532  -84.58872    0.00068   -0.00069     4.3998     4.3673    28.3034    28.3044    35.5216    35.5224    22.6872    22.6875    1513.47    192.135    190.716         33 0.0000e+00
