GOMECC/GOMECC-4/1db/urb2103_1211.cnv
* Sea-Bird SBE 9 Data File:
* FileName = C:\Users\scs.user.rb\CTD\GOMECC4\data\rb2103_1211.hex
* Software Version Seasave V 7.26.7.107
* Temperature SN = 4799
* Conductivity SN = 3860
* Number of Bytes Per Scan = 41
* Number of Voltage Words = 4
* Number of Scans Averaged by the Deck Unit = 1
* NMEA Latitude = 24 24.00 N
* NMEA Longitude = 080 37.48 W
* NMEA UTC (Time) = Oct 17 2021  18:24:48
* NMEA baud rate = 4800
# nquan = 28
# nvalues = 198                         
# units = specified
# name 0 = scan: Scan Count
# name 1 = timeS: Time, Elapsed [seconds]
# name 2 = depSM: Depth [salt water, m]
# name 3 = prDM: Pressure, Digiquartz [db]
# name 4 = t090C: Temperature [ITS-90, deg C]
# name 5 = t190C: Temperature, 2 [ITS-90, deg C]
# name 6 = c0S/m: Conductivity [S/m]
# name 7 = c1S/m: Conductivity, 2 [S/m]
# name 8 = sbeox0V: Oxygen raw, SBE 43 [V]
# name 9 = sbeox1V: Oxygen raw, SBE 43, 2 [V]
# name 10 = altM: Altimeter [m]
# name 11 = latitude: Latitude [deg]
# name 12 = longitude: Longitude [deg]
# name 13 = sbox0dV/dT: Oxygen, SBE 43 [dov/dt]
# name 14 = sbox1dV/dT: Oxygen, SBE 43, 2 [dov/dt]
# name 15 = sbeox0ML/L: Oxygen, SBE 43 [ml/l], WS = 5
# name 16 = sbeox1ML/L: Oxygen, SBE 43, 2 [ml/l], WS = 5
# name 17 = potemp090C: Potential Temperature [ITS-90, deg C]
# name 18 = potemp190C: Potential Temperature, 2 [ITS-90, deg C]
# name 19 = sal00: Salinity, Practical [PSU]
# name 20 = sal11: Salinity, Practical, 2 [PSU]
# name 21 = sigma-é00: Density [sigma-theta, kg/m^3]
# name 22 = sigma-é11: Density, 2 [sigma-theta, kg/m^3]
# name 23 = avgsvCM: Average Sound Velocity [Chen-Millero, m/s], minP = 20, minS = 20
# name 24 = sbox0Mm/Kg: Oxygen, SBE 43 [umol/kg], WS = 5
# name 25 = sbox1Mm/Kg: Oxygen, SBE 43, 2 [umol/kg], WS = 5
# name 26 = nbin: number of scans per bin
# name 27 = flag: flag
# span 0 =      38287,      77438       
# span 1 =   1595.241,   3226.540       
# span 2 =      0.994,    356.396       
# span 3 =      1.000,    359.000       
# span 4 =    12.4615,    29.1284       
# span 5 =    12.4541,    29.1803       
# span 6 =   4.119435,   5.928156       
# span 7 =   4.118575,   5.928503       
# span 8 =     1.7890,     3.1996       
# span 9 =     1.4720,     2.7109       
# span 10 =      14.06,     104.51      
# span 11 =   22.55827,   24.51490      
# span 12 =  -80.93901,  -74.46373      
# span 13 =   -0.00325,    0.01349      
# span 14 =   -0.00808,    0.01388      
# span 15 =     2.7984,     4.5285      
# span 16 =     2.8119,     4.5078      
# span 17 =    12.4129,    29.1282      
# span 18 =    12.4055,    29.1800      
# span 19 =    33.4673,    36.9504      
# span 20 =    33.4690,    36.9468      
# span 21 =    21.2116,    26.9514      
# span 22 =    21.2077,    26.9519      
# span 23 =    1411.26,    1533.87      
# span 24 =    121.695,    197.658      
# span 25 =    122.286,    196.758      
# span 26 =         30,         79      
# span 27 = 0.0000e+00, 0.0000e+00      
# interval = decibars: 1                
# start_time = Oct 17 2021 18:24:48 [NMEA time, header]
# bad_flag = -9.990e-29
*END*
      38287   1595.241    356.396    359.000    12.4615    12.4541   4.119435   4.118575     1.7890     1.4721      14.06   24.40622  -80.61260    0.00025    0.00014     2.7984     2.8143    12.4129    12.4055    35.5696    35.5684    26.9514    26.9519    1527.46    121.695    122.386         76 0.0000e+00
      38368   1598.620    355.405    358.000    12.4987    12.4702   4.123421   4.120713     1.7904     1.4720      15.11   24.40624  -80.61256    0.00040   -0.00012     2.7991     2.8119    12.4502    12.4217    35.5738    35.5720    26.9473    26.9515    1527.46    121.729    122.286         70 0.0000e+00
      38430   1601.224    354.413    357.000    12.5077    12.4988   4.124600   4.123576     1.7915     1.4728      15.94   24.40626  -80.61254    0.00041    0.00033     2.8012     2.8124    12.4592    12.4504    35.5771    35.5756    26.9481    26.9487    1527.46    121.820    122.306         50 0.0000e+00
      38482   1603.394    353.421    356.000    12.5099    12.5093   4.124759   4.124769     1.7917     1.4740      16.84   24.40627  -80.61251    0.00028    0.00042     2.8011     2.8148    12.4616    12.4610    35.5773    35.5776    26.9478    26.9481    1527.46    121.814    122.409         57 0.0000e+00
      38543   1605.918    352.429    355.000    12.5067    12.5104   4.124397   4.124821     1.7923     1.4747      17.96   24.40628  -80.61250    0.00015    0.00039     2.8027     2.8164    12.4586    12.4622    35.5768    35.5776    26.9480    26.9479    1527.46    121.882    122.478         59 0.0000e+00
      38595   1608.071    351.437    354.000    12.5070    12.5105   4.124360   4.124796     1.7927     1.4757      18.85   24.40630  -80.61246    0.00026    0.00028     2.8032     2.8188    12.4589    12.4625    35.5767    35.5776    26.9479    26.9478    1527.46    121.906    122.585         44 0.0000e+00
      38637   1609.822    350.445    353.000    12.5091    12.5096   4.124567   4.124665     1.7933     1.4761      19.81   24.40630  -80.61244    0.00018    0.00044     2.8042     2.8196    12.4612    12.4617    35.5771    35.5776    26.9477    26.9480    1527.46    121.951    122.620         43 0.0000e+00
      38681   1611.670    349.453    352.000    12.5108    12.5130   4.124738   4.124987     1.7936     1.4760      20.78   24.40632  -80.61243    0.00026    0.00010     2.8047     2.8189    12.4631    12.4653    35.5774    35.5779    26.9476    26.9475    1527.46    121.970    122.587         45 0.0000e+00
      38722   1613.363    348.461    351.000    12.5182    12.5201   4.125529   4.125738     1.7936     1.4762      21.64   24.40632  -80.61242    0.00012   -0.00003     2.8038     2.8185    12.4706    12.4724    35.5787    35.5789    26.9471    26.9469    1527.46    121.934    122.571         34 0.0000e+00
      38811   1617.064    345.485    348.000    12.5533    12.5713   4.129369   4.131498     1.7945     1.4771      24.54   24.40605  -80.61143    0.00024    0.00013     2.8028     2.8167    12.5060    12.5239    35.5837    35.5873    26.9440    26.9432    1527.44    121.888    122.492         31 0.0000e+00
      38843   1618.404    344.494    347.000    12.5822    12.6067   4.132620   4.135250     1.7955     1.4778      25.56   24.40635  -80.61237    0.00046    0.00035     2.8029     2.8162    12.5350    12.5594    35.5883    35.5906    26.9418    26.9388    1527.46    121.893    122.470         32 0.0000e+00
      38986   1624.377    339.534    342.000    12.6562    12.7189   4.140790   4.148089     1.7997     1.4838      30.51   24.40610  -80.61136    0.00065    0.00097     2.8072     2.8239    12.6095    12.6720    35.5992    35.6102    26.9355    26.9316    1527.44    122.082    122.809         32 0.0000e+00
      39127   1630.234    334.574    337.000    12.9412    12.9889   4.173744   4.179099     1.8101     1.4918      35.49   24.40678  -80.61350    0.00218    0.00183     2.8131     2.8271    12.8945    12.9420    35.6491    35.6554    26.9173    26.9126    1527.48    122.341    122.949         31 0.0000e+00
      39324   1638.458    327.630    330.000    13.4898    13.5375   4.236091   4.242353     1.8275     1.5076      42.24   24.40737  -80.61523    0.00273    0.00314     2.8186     2.8333    13.4427    13.4903    35.7299    35.7446    26.8681    26.8697    1527.52    122.584    123.225         30 0.0000e+00
      39353   1639.667    326.638    329.000    13.4903    13.7173   4.236689   4.262906     1.8305     1.5122      43.51   24.40646  -80.61215    0.00354    0.00361     2.8257     2.8342    13.4434    13.6699    35.7354    35.7704    26.8722    26.8522    1527.46    122.893    123.266         31 0.0000e+00
      39384   1640.960    325.646    328.000    13.5581    13.8791   4.247914   4.280340     1.8335     1.5168      44.39   24.40646  -80.61214    0.00292    0.00355     2.8265     2.8366    13.5096    13.8314    35.7598    35.7836    26.8774    26.8286    1527.46    122.928    123.371         30 0.0000e+00
      39500   1645.809    321.678    324.000    14.3132    14.3946   4.332570   4.342293     1.8608     1.5355      48.49   24.40704  -80.61395    0.00618    0.00361     2.8455     2.8536    14.2651    14.3463    35.8691    35.8834    26.8026    26.7962    1527.50    123.763    124.114         30 0.0000e+00
      39645   1651.841    316.717    319.000    14.6556    14.7610   4.372115   4.384807     1.8825     1.5604      53.49   24.40693  -80.61341    0.00380    0.00434     2.8751     2.8956    14.6075    14.7126    35.9197    35.9392    26.7676    26.7597    1527.49    125.054    125.947         30 0.0000e+00
      39676   1653.120    315.725    318.000    14.7267    14.8291   4.381969   4.392723     1.8877     1.5657      54.56   24.40652  -80.61204    0.00361    0.00459     2.8833     2.9051    14.6786    14.7808    35.9396    35.9493    26.7674    26.7525    1527.46    125.411    126.360         32 0.0000e+00
      39707   1654.429    314.733    317.000    14.7331    14.8706   4.381080   4.397269     1.8917     1.5708      55.41   24.40652  -80.61203    0.00356    0.00431     2.8921     2.9157    14.6852    14.8223    35.9344    35.9531    26.7620    26.7464    1527.46    125.797    126.825         31 0.0000e+00
      39819   1659.065    310.764    313.000    14.9630    14.9926   4.408107   4.410930     1.9063     1.5772      59.48   24.40596  -80.61005    0.00313    0.00118     2.9111     2.9246    14.9151    14.9447    35.9687    35.9713    26.7379    26.7333    1527.42    126.623    127.212         30 0.0000e+00
      39851   1660.406    309.772    312.000    14.9646    15.0022   4.408201   4.412449     1.9081     1.5787      60.39   24.40656  -80.61196    0.00247    0.00091     2.9149     2.9269    14.9169    14.9544    35.9688    35.9730    26.7376    26.7326    1527.46    126.789    127.310         31 0.0000e+00
      39882   1661.693    308.780    311.000    14.9709    15.0164   4.408967   4.414091     1.9090     1.5797      61.41   24.40656  -80.61196    0.00160    0.00091     2.9163     2.9282    14.9233    14.9688    35.9686    35.9753    26.7361    26.7311    1527.46    126.849    127.367         30 0.0000e+00
      40058   1669.034    302.828    305.000    15.2250    15.2254   4.438435   4.438662     1.9160     1.5842      67.44   24.40710  -80.61355    0.00068    0.00079     2.9145     2.9246    15.1778    15.1782    36.0082    36.0098    26.7101    26.7113    1527.49    126.776    127.217         31 0.0000e+00
      40088   1670.283    301.835    304.000    15.2255    15.2716   4.438861   4.443998     1.9159     1.5849      68.41   24.40660  -80.61187    0.00051    0.00023     2.9140     2.9234    15.1773    15.2245    36.0128    36.0162    26.7138    26.7058    1527.46    126.752    127.161         31 0.0000e+00
      40206   1675.210    297.867    300.000    15.3411    15.3562   4.452139   4.454114     1.9187     1.5867      72.52   24.40816  -80.61694    0.00067    0.00011     2.9114     2.9214    15.2944    15.3100    36.0286    36.0324    26.6999    26.6993    1527.56    126.640    127.078         32 0.0000e+00
      40236   1676.453    296.874    299.000    15.2984    15.3623   4.446603   4.453993     1.9190     1.5881      73.44   24.40663  -80.61183    0.00058    0.00092     2.9147     2.9243    15.2520    15.3158    36.0173    36.0273    26.7005    26.6939    1527.46    126.786    127.201         32 0.0000e+00
      40353   1681.354    292.906    295.000    15.5940    15.6170   4.481723   4.484452     1.9323     1.6007      77.13   24.40666  -80.61177    0.00326    0.00303     2.9259     2.9401    15.5476    15.5706    36.0662    36.0698    26.6716    26.6691    1527.46    127.276    127.894         32 0.0000e+00
      40385   1682.651    291.914    294.000    15.6501    15.6921   4.488708   4.493526     1.9374     1.6058      78.31   24.40666  -80.61178    0.00390    0.00361     2.9335     2.9481    15.6037    15.6457    36.0754    36.0833    26.6659    26.6626    1527.46    127.609    128.245         30 0.0000e+00
      40503   1687.577    287.945    290.000    15.8486    15.8566   4.512136   4.513069     1.9596     1.6254      82.12   24.40688  -80.61242    0.00459    0.00399     2.9728     2.9879    15.8025    15.8105    36.1096    36.1106    26.6470    26.6460    1527.47    129.320    129.974         32 0.0000e+00
      40534   1688.885    286.953    289.000    15.8667    15.8911   4.513942   4.517274     1.9637     1.6299      83.14   24.40668  -80.61173    0.00404    0.00346     2.9812     2.9971    15.8207    15.8451    36.1096    36.1172    26.6428    26.6431    1527.46    129.684    130.375         32 0.0000e+00
      40565   1690.174    285.960    288.000    15.8778    15.9284   4.514849   4.521498     1.9666     1.6325      84.12   24.40668  -80.61172    0.00316    0.00306     2.9871     3.0010    15.8319    15.8825    36.1080    36.1215    26.6390    26.6378    1527.46    129.943    130.549         30 0.0000e+00
      40678   1694.889    281.991    284.000    15.9998    16.0076   4.529676   4.530570     1.9755     1.6374      88.29   24.40631  -80.61035    0.00197    0.00092     2.9985     3.0074    15.9544    15.9622    36.1311    36.1320    26.6286    26.6275    1527.43    130.439    130.825         31 0.0000e+00
      40711   1696.247    280.999    283.000    15.9949    16.0182   4.529139   4.531796     1.9760     1.6376      89.07   24.40672  -80.61166    0.00124    0.00041     2.9997     3.0068    15.9496    15.9728    36.1313    36.1339    26.6299    26.6265    1527.46    130.492    130.800         32 0.0000e+00
      40742   1697.543    280.007    282.000    15.9893    16.0340   4.528536   4.533680     1.9768     1.6376      90.11   24.40672  -80.61166    0.00066    0.00015     3.0017     3.0054    15.9442    15.9888    36.1315    36.1368    26.6312    26.6250    1527.46    130.577    130.740         30 0.0000e+00
      40851   1702.079    277.030    279.000    16.0706    16.0764   4.538054   4.538739     1.9782     1.6397      93.17   24.40868  -80.61802    0.00032    0.00047     2.9985     3.0069    16.0259    16.0316    36.1445    36.1454    26.6226    26.6220    1527.58    130.439    130.807         36 0.0000e+00
      40938   1705.698    276.038    278.000    16.1067    16.0818   4.542003   4.539209     1.9792     1.6403      94.33   24.40675  -80.61159    0.00007    0.00015     2.9988     3.0078    16.0621    16.0372    36.1466    36.1443    26.6157    26.6196    1527.46    130.453    130.844         31 0.0000e+00
      42424   1767.616    273.061    275.000    16.1628    16.1620   4.548770   4.548834     1.9892     1.6506      97.66   24.40776  -80.61347    0.00000    0.00006     3.0167     3.0284    16.1185    16.1177    36.1574    36.1587    26.6110    26.6122    1527.51    131.236    131.744         63 0.0000e+00
      42496   1770.624    272.069    274.000    16.1689    16.1679   4.549402   4.549422     1.9895     1.6517      98.51   24.40704  -80.61102    0.00001    0.00034     3.0169     3.0306    16.1248    16.1238    36.1576    36.1587    26.6096    26.6107    1527.46    131.242    131.838         63 0.0000e+00
      42562   1773.387    271.076    273.000    16.1762    16.1762   4.550209   4.550346     1.9903     1.6518      99.48   24.40706  -80.61100    0.00030    0.00017     3.0179     3.0300    16.1321    16.1322    36.1584    36.1598    26.6085    26.6096    1527.46    131.287    131.811         62 0.0000e+00
      42618   1775.690    270.084    272.000    16.2026    16.1988   4.552912   4.553063     1.9925     1.6535     100.00   24.40706  -80.61097    0.00062    0.00042     3.0214     3.0324    16.1587    16.1549    36.1616    36.1639    26.6048    26.6075    1527.46    131.438    131.916         49 0.0000e+00
      42666   1777.723    269.092    271.000    16.2332    16.2482   4.556958   4.558850     1.9942     1.6564      67.92   24.40706  -80.61096    0.00099    0.00098     3.0225     3.0364    16.1894    16.2044    36.1678    36.1710    26.6025    26.6014    1527.46    131.487    132.090         52 0.0000e+00
      42717   1779.815    268.099    270.000    16.2515    16.2720   4.559168   4.561838     1.9966     1.6598     100.73   24.40708  -80.61094    0.00084    0.00169     3.0265     3.0432    16.2078    16.2283    36.1712    36.1764    26.6008    26.6000    1527.46    131.660    132.388         44 0.0000e+00
      42754   1781.367    267.107    269.000    16.2872    16.3145   4.563419   4.566973     1.9981     1.6615      27.71   24.40710  -80.61092    0.00116    0.00148     3.0273     3.0445    16.2437    16.2709    36.1770    36.1839    26.5969    26.5958    1527.46    131.698    132.444         32 0.0000e+00
      42787   1782.752    266.115    268.000    16.3243    16.3506   4.568000   4.571319     1.9999     1.6627      98.25   24.40710  -80.61091    0.00123    0.00107     3.0289     3.0449    16.2808    16.3071    36.1845    36.1901    26.5940    26.5922    1527.46    131.769    132.464         35 0.0000e+00
      42822   1784.218    265.122    267.000    16.3655    16.3662   4.572919   4.573052     2.0038     1.6650     100.01   24.40710  -80.61090    0.00159    0.00109     3.0348     3.0494    16.3221    16.3229    36.1912    36.1917    26.5895    26.5897    1527.46    132.022    132.660         35 0.0000e+00
      42855   1785.582    264.130    266.000    16.3914    16.4053   4.576070   4.577888     2.0072     1.6680     100.00   24.40710  -80.61088    0.00232    0.00156     3.0407     3.0544    16.3481    16.3620    36.1960    36.1995    26.5871    26.5866    1527.46    132.279    132.878         31 0.0000e+00
      42886   1786.855    263.138    265.000    16.4192    16.4386   4.579435   4.581988     2.0111     1.6719     100.00   24.40711  -80.61088    0.00260    0.00219     3.0475     3.0619    16.3760    16.3954    36.2011    36.2062    26.5845    26.5839    1527.46    132.579    133.203         30 0.0000e+00
      42916   1788.132    262.146    264.000    16.4501    16.4605   4.583208   4.584615     2.0155     1.6777     100.00   24.40712  -80.61086    0.00291    0.00311     3.0555     3.0751    16.4071    16.4174    36.2069    36.2100    26.5817    26.5816    1527.46    132.926    133.777         31 0.0000e+00
      42947   1789.400    261.153    263.000    16.4724    16.4733   4.585974   4.586208     2.0219     1.6842     100.00   24.40712  -80.61084    0.00363    0.00423     3.0686     3.0907    16.4295    16.4304    36.2116    36.2129    26.5800    26.5808    1527.46    133.493    134.455         30 0.0000e+00
      43060   1794.134    257.184    259.000    16.6031    16.5957   4.601820   4.600779     2.0479     1.7048     100.00   24.40727  -80.61123    0.00524    0.00470     3.1194     3.1342    16.5607    16.5532    36.2351    36.2326    26.5672    26.5671    1527.47    135.706    136.349         31 0.0000e+00
