GOMECC/GOMECC-4/1db/urb2103_1101.cnv
* Sea-Bird SBE 9 Data File:
* FileName = C:\Users\scs.user.rb\CTD\GOMECC4\data\rb2103_1101.hex
* Software Version Seasave V 7.26.7.107
* Temperature SN = 4799
* Conductivity SN = 3860
* Number of Bytes Per Scan = 41
* Number of Voltage Words = 4
* Number of Scans Averaged by the Deck Unit = 1
* NMEA Latitude = 22 32.38 N
* NMEA Longitude = 086 36.68 W
* NMEA UTC (Time) = Oct 15 2021  05:55:57
* NMEA baud rate = 4800
# nquan = 28
# nvalues = 298                         
# units = specified
# name 0 = scan: Scan Count
# name 1 = timeS: Time, Elapsed [seconds]
# name 2 = depSM: Depth [salt water, m]
# name 3 = prDM: Pressure, Digiquartz [db]
# name 4 = t090C: Temperature [ITS-90, deg C]
# name 5 = t190C: Temperature, 2 [ITS-90, deg C]
# name 6 = c0S/m: Conductivity [S/m]
# name 7 = c1S/m: Conductivity, 2 [S/m]
# name 8 = sbeox0V: Oxygen raw, SBE 43 [V]
# name 9 = sbeox1V: Oxygen raw, SBE 43, 2 [V]
# name 10 = altM: Altimeter [m]
# name 11 = latitude: Latitude [deg]
# name 12 = longitude: Longitude [deg]
# name 13 = sbox0dV/dT: Oxygen, SBE 43 [dov/dt]
# name 14 = sbox1dV/dT: Oxygen, SBE 43, 2 [dov/dt]
# name 15 = sbeox0ML/L: Oxygen, SBE 43 [ml/l], WS = 5
# name 16 = sbeox1ML/L: Oxygen, SBE 43, 2 [ml/l], WS = 5
# name 17 = potemp090C: Potential Temperature [ITS-90, deg C]
# name 18 = potemp190C: Potential Temperature, 2 [ITS-90, deg C]
# name 19 = sal00: Salinity, Practical [PSU]
# name 20 = sal11: Salinity, Practical, 2 [PSU]
# name 21 = sigma-é00: Density [sigma-theta, kg/m^3]
# name 22 = sigma-é11: Density, 2 [sigma-theta, kg/m^3]
# name 23 = avgsvCM: Average Sound Velocity [Chen-Millero, m/s], minP = 20, minS = 20
# name 24 = sbox0Mm/Kg: Oxygen, SBE 43 [umol/kg], WS = 5
# name 25 = sbox1Mm/Kg: Oxygen, SBE 43, 2 [umol/kg], WS = 5
# name 26 = nbin: number of scans per bin
# name 27 = flag: flag
# span 0 =      21384,      64638       
# span 1 =    890.939,   2693.190       
# span 2 =      1.987,    359.417       
# span 3 =      2.000,    362.000       
# span 4 =    12.1267,    29.7888       
# span 5 =    12.1271,    29.7888       
# span 6 =   4.081681,   5.986957       
# span 7 =   4.081791,   5.987169       
# span 8 =     1.7794,     3.1658       
# span 9 =     1.4631,     2.6742       
# span 10 =      11.35,     102.19      
# span 11 =   22.23413,   22.61374      
# span 12 =  -86.84276,  -85.36185      
# span 13 =   -0.00404,    0.01310      
# span 14 =   -0.00408,    0.01486      
# span 15 =     2.7962,     4.3458      
# span 16 =     2.8103,     4.3335      
# span 17 =    12.0786,    29.7869      
# span 18 =    12.0789,    29.7873      
# span 19 =    35.5201,    36.9439      
# span 20 =    35.5204,    36.9484      
# span 21 =    22.3556,    26.9781      
# span 22 =    22.3558,    26.9783      
# span 23 =    1502.08,    1528.18      
# span 24 =    121.597,    189.763      
# span 25 =    122.211,    189.218      
# span 26 =         30,         75      
# span 27 = 0.0000e+00, 0.0000e+00      
# interval = decibars: 1                
# start_time = Oct 15 2021 05:55:57 [NMEA time, header]
# bad_flag = -9.990e-29
*END*
[from data line 104]
      28579   1190.736    248.283    250.000    15.8979    15.8908   4.516605   4.515751     2.0556     1.7118      89.00   22.55045  -86.61658    0.00174    0.00142     3.1837     3.1960    15.8581    15.8510    36.1206    36.1195    26.6427    26.6435    1524.23    138.493    139.031         40 0.0000e+00
      28626   1192.708    247.291    249.000    15.9158    15.9162   4.518552   4.518700     2.0580     1.7142      85.66   22.55046  -86.61658    0.00143    0.00112     3.1877     3.2000    15.8762    15.8765    36.1222    36.1232    26.6397    26.6404    1524.23    138.671    139.202         52 0.0000e+00
      28674   1194.711    246.298    248.000    15.9476    15.9558   4.522264   4.522686     2.0596     1.7154      95.11   22.55047  -86.61658    0.00092    0.00087     3.1876     3.2002    15.9080    15.9172    36.1268    36.1270    26.6360    26.6352    1524.23    138.664    139.213         44 0.0000e+00
      28717   1196.484    245.306    247.000    16.0672    16.0254   4.536696   4.532057     2.0637     1.7196      93.93   22.55049  -86.61660    0.00132    0.00135     3.1905     3.2057    16.0285    15.9859    36.1468    36.1440    26.6236    26.6313    1524.23    138.793    139.452         41 0.0000e+00
      28756   1198.129    244.313    246.000    16.0880    16.0588   4.539020   4.535477     2.0673     1.7220      99.94   22.55050  -86.61660    0.00226    0.00191     3.1963     3.2096    16.0485    16.0194    36.1497    36.1446    26.6212    26.6240    1524.23    139.045    139.622         40 0.0000e+00
      28799   1199.917    243.321    245.000    16.1243    16.0989   4.543308   4.540308     2.0699     1.7242      84.82   22.55051  -86.61660    0.00194    0.00149     3.1994     3.2117    16.0850    16.0595    36.1554    36.1518    26.6171    26.6203    1524.23    139.182    139.713         46 0.0000e+00
      28847   1201.933    242.328    244.000    16.1549    16.1237   4.546921   4.543146     2.0715     1.7244     100.12   22.55052  -86.61660    0.00111    0.00063     3.2007     3.2104    16.1156    16.0845    36.1602    36.1549    26.6137    26.6169    1524.23    139.238    139.660         49 0.0000e+00
      28892   1203.784    241.335    243.000    16.2163    16.1588   4.554242   4.547906     2.0746     1.7267      99.95   22.55054  -86.61661    0.00116    0.00048     3.2028     3.2118    16.1771    16.1197    36.1683    36.1634    26.6057    26.6153    1524.23    139.333    139.719         39 0.0000e+00
      28929   1205.352    240.343    242.000    16.3058    16.2756   4.564634   4.561341     2.0785     1.7304      97.96   22.55056  -86.61662    0.00185    0.00155     3.2057     3.2149    16.2666    16.2364    36.1817    36.1798    26.5952    26.6007    1524.23    139.458    139.858         39 0.0000e+00
      28972   1207.143    239.350    241.000    16.3466    16.3559   4.570109   4.570649     2.0835     1.7359      99.97   22.55056  -86.61662    0.00260    0.00261     3.2136     3.2233    16.3054    16.3168    36.1919    36.1901    26.5939    26.5899    1524.23    139.802    140.223         47 0.0000e+00
      29020   1209.139    238.358    240.000    16.4132    16.4185   4.577413   4.578524     2.0871     1.7404      99.37   22.55058  -86.61662    0.00230    0.00271     3.2177     3.2300    16.3742    16.3794    36.1985    36.2036    26.5829    26.5856    1524.23    139.982    140.514         45 0.0000e+00
      29062   1210.879    237.365    239.000    16.5390    16.5531   4.592361   4.594083     2.0923     1.7450      78.89   22.55060  -86.61662    0.00215    0.00232     3.2204     3.2323    16.4999    16.5140    36.2174    36.2198    26.5679    26.5665    1524.23    140.101    140.621         40 0.0000e+00
      29106   1212.697    236.373    238.000    16.5892    16.5796   4.598485   4.598106     2.0985     1.7496     100.11   22.55062  -86.61662    0.00323    0.00264     3.2310     3.2419    16.5502    16.5406    36.2265    36.2319    26.5631    26.5695    1524.23    140.562    141.036         46 0.0000e+00
      29150   1214.555    235.380    237.000    16.6885    16.6571   4.609799   4.607257     2.1045     1.7549     100.00   22.55063  -86.61664    0.00322    0.00259     3.2376     3.2497    16.6495    16.6181    36.2370    36.2430    26.5477    26.5597    1524.23    140.851    141.375         44 0.0000e+00
      29194   1216.363    234.387    236.000    16.8234    16.7602   4.625537   4.619407     2.1128     1.7611     100.00   22.55064  -86.61664    0.00378    0.00309     3.2470     3.2569    16.7843    16.7213    36.2541    36.2571    26.5288    26.5461    1524.23    141.264    141.691         41 0.0000e+00
      29234   1218.058    233.395    235.000    16.8259    16.8443   4.626641   4.629408     2.1183     1.7662     100.00   22.55065  -86.61664    0.00416    0.00326     3.2594     3.2651    16.7889    16.8053    36.2647    36.2705    26.5359    26.5364    1524.23    141.802    142.051         43 0.0000e+00
      29283   1220.102    232.402    234.000    16.8486    16.8703   4.629712   4.632523     2.1218     1.7713      97.46   22.55066  -86.61664    0.00249    0.00287     3.2647     3.2761    16.8098    16.8315    36.2707    36.2735    26.5355    26.5325    1524.23    142.031    142.527         53 0.0000e+00
      29329   1222.014    231.410    233.000    17.0031    16.9818   4.645050   4.645865     2.1266     1.7751      82.29   22.55068  -86.61665    0.00190    0.00210     3.2657     3.2776    16.9643    16.9430    36.2876    36.2909    26.5116    26.5192    1524.23    142.080    142.596         38 0.0000e+00
      29366   1223.560    230.417    232.000    17.1077    17.0832   4.661137   4.658383     2.1346     1.7824      99.74   22.55070  -86.61666    0.00329    0.00288     3.2755     3.2886    17.0689    17.0444    36.3119    36.3095    26.5051    26.5092    1524.23    142.505    143.078         39 0.0000e+00
      29416   1225.607    229.424    231.000    17.1324    17.1282   4.664280   4.663821     2.1410     1.7881     100.00   22.55071  -86.61666    0.00423    0.00371     3.2881     3.2998    17.0937    17.0895    36.3172    36.3170    26.5032    26.5041    1524.23    143.053    143.563         57 0.0000e+00
      29463   1227.584    228.432    230.000    17.2047    17.1941   4.671880   4.670945     2.1449     1.7912      86.14   22.55072  -86.61668    0.00225    0.00210     3.2915     3.3028    17.1661    17.1554    36.3189    36.3203    26.4871    26.4907    1524.23    143.207    143.697         37 0.0000e+00
      29499   1229.070    227.439    229.000    17.2790    17.2578   4.681666   4.679299     2.1497     1.7950      99.53   22.55073  -86.61668    0.00237    0.00182     3.2970     3.3077    17.2404    17.2193    36.3379    36.3363    26.4837    26.4876    1524.23    143.446    143.908         39 0.0000e+00
      29546   1231.022    226.446    228.000    17.2935    17.2649   4.683556   4.680117     2.1542     1.7982      97.85   22.55074  -86.61668    0.00284    0.00217     3.3058     3.3148    17.2551    17.2265    36.3417    36.3374    26.4830    26.4867    1524.23    143.828    144.218         53 0.0000e+00
      29594   1233.039    225.454    227.000    17.3049    17.3040   4.684250   4.683615     2.1565     1.8013      80.29   22.55076  -86.61668    0.00161    0.00141     3.3097     3.3194    17.2641    17.2659    36.3401    36.3362    26.4796    26.4766    1524.23    143.999    144.421         41 0.0000e+00
      29633   1234.663    224.461    226.000    17.3852    17.3705   4.694547   4.692766     2.1602     1.8052      99.72   22.55078  -86.61670    0.00147    0.00185     3.3121     3.3241    17.3469    17.3325    36.3558    36.3541    26.4716    26.4738    1524.23    144.105    144.626         40 0.0000e+00
      29678   1236.561    223.468    225.000    17.4098    17.3885   4.697623   4.695147     2.1647     1.8089     100.00   22.55079  -86.61670    0.00234    0.00222     3.3202     3.3318    17.3716    17.3504    36.3608    36.3584    26.4695    26.4727    1524.23    144.456    144.958         49 0.0000e+00
      29723   1238.411    222.476    224.000    17.4446    17.4470   4.701737   4.702298     2.1679     1.8114      83.97   22.55080  -86.61670    0.00208    0.00162     3.3251     3.3342    17.4073    17.4093    36.3651    36.3674    26.4640    26.4651    1524.23    144.669    145.066         40 0.0000e+00
      29765   1240.171    221.483    223.000    17.4991    17.4778   4.708366   4.705876     2.1712     1.8127      99.67   22.55081  -86.61671    0.00175    0.00110     3.3280     3.3344    17.4612    17.4400    36.3747    36.3722    26.4583    26.4615    1524.23    144.797    145.075         47 0.0000e+00
      29812   1242.127    220.491    222.000    17.5187    17.5054   4.710270   4.709167     2.1741     1.8148     100.00   22.55083  -86.61672    0.00181    0.00089     3.3331     3.3374    17.4810    17.4676    36.3744    36.3764    26.4532    26.4580    1524.23    145.019    145.208         44 0.0000e+00
      29855   1243.910    219.498    221.000    17.5590    17.5290   4.715566   4.711815     2.1762     1.8178      88.33   22.55084  -86.61672    0.00130    0.00137     3.3343     3.3429    17.5214    17.4913    36.3842    36.3786    26.4509    26.4539    1524.23    145.071    145.446         43 0.0000e+00
      29897   1245.673    218.505    220.000    17.5796    17.5748   4.718389   4.718205     2.1789     1.8213      96.78   22.55086  -86.61674    0.00130    0.00171     3.3384     3.3478    17.5421    17.5383    36.3906    36.3929    26.4507    26.4535    1524.23    145.251    145.660         31 0.0000e+00
      29962   1248.374    217.512    219.000    17.6105    17.6979   4.722110   4.731888     2.1823     1.8275      84.10   22.55087  -86.61674    0.00126    0.00212     3.3433     3.3551    17.5731    17.6604    36.3955    36.4018    26.4468    26.4302    1524.23    145.463    145.978         47 0.0000e+00
      31718   1321.537    212.549    214.000    18.1552    18.1476   4.787617   4.786803     2.2138     1.8522     100.00   22.55182  -86.61842   -0.00017   -0.00002     3.3738     3.3833    18.1179    18.1102    36.4750    36.4745    26.3730    26.3745    1524.26    146.803    147.216         44 0.0000e+00
      31760   1323.293    211.556    213.000    18.1526    18.1668   4.787872   4.789084     2.2147     1.8531     100.00   22.55146  -86.61698    0.00053    0.00015     3.3755     3.3837    18.1195    18.1296    36.4760    36.4773    26.3733    26.3718    1524.23    146.875    147.235         38 0.0000e+00
      31797   1324.843    210.564    212.000    18.1864    18.1848   4.791247   4.791245     2.2153     1.8556     100.00   22.55147  -86.61698    0.00048    0.00095     3.3741     3.3884    18.1494    18.1478    36.4787    36.4802    26.3679    26.3694    1524.23    146.818    147.440         39 0.0000e+00
      31842   1326.710    209.571    211.000    18.2146    18.1964   4.794768   4.792768     2.2166     1.8550     100.00   22.55149  -86.61699    0.00052    0.00084     3.3746     3.3856    18.1777    18.1595    36.4842    36.4833    26.3650    26.3688    1524.23    146.839    147.317         48 0.0000e+00
      31887   1328.564    208.578    210.000    18.2664    18.2303   4.800610   4.796764     2.2173     1.8541     100.00   22.55150  -86.61700    0.00063   -0.00065     3.3722     3.3801    18.2293    18.1935    36.4886    36.4876    26.3555    26.3636    1524.23    146.734    147.076         40 0.0000e+00
      31925   1330.157    207.585    209.000    18.3056    18.2796   4.805837   4.802598     2.2190     1.8575      92.52   22.55152  -86.61700    0.00055    0.00036     3.3725     3.3853    18.2690    18.2430    36.4985    36.4939    26.3530    26.3561    1524.23    146.749    147.307         38 0.0000e+00
      31965   1331.848    206.592    208.000    18.3575    18.3311   4.811951   4.808772     2.2210     1.8588      99.50   22.55153  -86.61700    0.00100    0.00155     3.3730     3.3845    18.3209    18.2946    36.5049    36.5012    26.3449    26.3487    1524.23    146.772    147.272         45 0.0000e+00
      32014   1333.879    205.600    207.000    18.3659    18.3483   4.812820   4.811286     2.2239     1.8602     100.01   22.55154  -86.61701    0.00136    0.00057     3.3783     3.3864    18.3295    18.3120    36.5069    36.5077    26.3443    26.3493    1524.23    147.004    147.352         48 0.0000e+00
      32054   1335.542    204.607    206.000    18.4292    18.4010   4.820448   4.817226     2.2263     1.8611      95.21   22.55155  -86.61702    0.00135    0.00077     3.3788     3.3848    18.3929    18.3648    36.5143    36.5119    26.3340    26.3392    1524.23    147.026    147.284         34 0.0000e+00
      32091   1337.082    203.614    205.000    18.4337    18.4256   4.821292   4.820482     2.2275     1.8625      86.70   22.55156  -86.61702    0.00127    0.00071     3.3807     3.3861    18.3975    18.3895    36.5179    36.5181    26.3355    26.3377    1524.23    147.109    147.341         45 0.0000e+00
      32141   1339.151    202.622    204.000    18.4410    18.4389   4.822127   4.822017     2.2290     1.8658     100.64   22.55157  -86.61702    0.00070    0.00127     3.3831     3.3927    18.4050    18.4029    36.5188    36.5198    26.3344    26.3356    1524.23    147.212    147.629         46 0.0000e+00
      32179   1340.769    201.629    203.000    18.4656    18.4561   4.825017   4.824027     2.2308     1.8667     100.00   22.55159  -86.61703    0.00091    0.00113     3.3850     3.3933    18.4298    18.4202    36.5220    36.5220    26.3305    26.3330    1524.23    147.295    147.658         37 0.0000e+00
      32219   1342.416    200.636    202.000    18.4867    18.4876   4.827591   4.827463     2.2322     1.8683     100.00   22.55160  -86.61704    0.00096    0.00085     3.3864     3.3948    18.4512    18.4519    36.5254    36.5271    26.3277    26.3288    1524.23    147.356    147.723         43 0.0000e+00
      32264   1344.275    199.643    201.000    18.4937    18.4959   4.828503   4.828821     2.2340     1.8703     100.00   22.55162  -86.61704    0.00098    0.00104     3.3894     3.3986    18.4582    18.4603    36.5274    36.5282    26.3275    26.3276    1524.23    147.489    147.889         44 0.0000e+00
      32306   1346.030    198.651    200.000    18.5206    18.5156   4.831244   4.830922     2.2356     1.8713     100.00   22.55163  -86.61704    0.00093    0.00080     3.3909     3.3995    18.4853    18.4802    36.5298    36.5295    26.3225    26.3235    1524.23    147.553    147.926         41 0.0000e+00
      32350   1347.885    197.658    199.000    18.5315    18.5252   4.832878   4.832308     2.2375     1.8739     100.00   22.55164  -86.61706    0.00087    0.00093     3.3937     3.4047    18.4962    18.4900    36.5318    36.5326    26.3212    26.3234    1524.23    147.677    148.153         46 0.0000e+00
      32391   1349.592    196.665    198.000    18.5601    18.5387   4.836123   4.834115     2.2402     1.8743     100.00   22.55166  -86.61706    0.00134    0.00107     3.3970     3.4043    18.5250    18.5036    36.5344    36.5346    26.3160    26.3215    1524.23    147.820    148.137         36 0.0000e+00
      32428   1351.112    195.672    197.000    18.5875    18.5799   4.839484   4.838544     2.2406     1.8758     100.00   22.55167  -86.61706    0.00112    0.00053     3.3958     3.4049    18.5526    18.5450    36.5390    36.5377    26.3124    26.3134    1524.23    147.767    148.163         40 0.0000e+00
      32475   1353.077    194.679    196.000    18.6134    18.5899   4.842688   4.839944     2.2424     1.8778     100.00   22.55168  -86.61706    0.00069    0.00094     3.3975     3.4086    18.5786    18.5552    36.5436    36.5411    26.3093    26.3134    1524.23    147.843    148.323         52 0.0000e+00
