GOMECC/GOMECC-4/1db/urb2103_1001.cnv
* Sea-Bird SBE 9 Data File:
* FileName = C:\Users\scs.user.rb\CTD\GOMECC4\data\rb2103_1001.hex
* Software Version Seasave V 7.26.7.107
* Temperature SN = 4799
* Conductivity SN = 3860
* Number of Bytes Per Scan = 41
* Number of Voltage Words = 4
* Number of Scans Averaged by the Deck Unit = 1
* NMEA Latitude = 22 32.53 N
* NMEA Longitude = 088 00.00 W
* NMEA UTC (Time) = Oct 12 2021  13:22:20
* NMEA baud rate = 4800
# nquan = 28
# nvalues = 17                          
# units = specified
# name 0 = scan: Scan Count
# name 1 = timeS: Time, Elapsed [seconds]
# name 2 = depSM: Depth [salt water, m]
# name 3 = prDM: Pressure, Digiquartz [db]
# name 4 = t090C: Temperature [ITS-90, deg C]
# name 5 = t190C: Temperature, 2 [ITS-90, deg C]
# name 6 = c0S/m: Conductivity [S/m]
# name 7 = c1S/m: Conductivity, 2 [S/m]
# name 8 = sbeox0V: Oxygen raw, SBE 43 [V]
# name 9 = sbeox1V: Oxygen raw, SBE 43, 2 [V]
# name 10 = altM: Altimeter [m]
# name 11 = latitude: Latitude [deg]
# name 12 = longitude: Longitude [deg]
# name 13 = sbox0dV/dT: Oxygen, SBE 43 [dov/dt]
# name 14 = sbox1dV/dT: Oxygen, SBE 43, 2 [dov/dt]
# name 15 = sbeox0ML/L: Oxygen, SBE 43 [ml/l], WS = 5
# name 16 = sbeox1ML/L: Oxygen, SBE 43, 2 [ml/l], WS = 5
# name 17 = potemp090C: Potential Temperature [ITS-90, deg C]
# name 18 = potemp190C: Potential Temperature, 2 [ITS-90, deg C]
# name 19 = sal00: Salinity, Practical [PSU]
# name 20 = sal11: Salinity, Practical, 2 [PSU]
# name 21 = sigma-é00: Density [sigma-theta, kg/m^3]
# name 22 = sigma-é11: Density, 2 [sigma-theta, kg/m^3]
# name 23 = avgsvCM: Average Sound Velocity [Chen-Millero, m/s], minP = 20, minS = 20
# name 24 = sbox0Mm/Kg: Oxygen, SBE 43 [umol/kg], WS = 5
# name 25 = sbox1Mm/Kg: Oxygen, SBE 43, 2 [umol/kg], WS = 5
# name 26 = nbin: number of scans per bin
# name 27 = flag: flag
# span 0 =      21525,      31414       
# span 1 =    896.843,   1308.860       
# span 2 =      1.987,     36.765       
# span 3 =      2.000,     37.000       
# span 4 =    23.9129,    29.0096       
# span 5 =    23.9573,    29.0050       
# span 6 =   5.377880,   5.919617       
# span 7 =   5.382207,   5.919472       
# span 8 =     2.7410,     3.1554       
# span 9 =     2.3246,     2.6650       
# span 10 =      15.66,      49.91      
# span 11 =   22.17021,   22.62373      
# span 12 =  -88.31843,  -86.54796      
# span 13 =   -0.00112,    0.00904      
# span 14 =   -0.00096,    0.00416      
# span 15 =     3.9907,     4.3874      
# span 16 =     4.0001,     4.3597      
# span 17 =    23.9051,    29.0067      
# span 18 =    23.9494,    29.0021      
# span 19 =    35.6410,    36.5611      
# span 20 =    35.6434,    36.5511      
# span 21 =    22.6513,    24.7209      
# span 22 =    22.6550,    24.7024      
# span 23 =    1515.40,    1546.40      
# span 24 =    173.910,    191.525      
# span 25 =    174.324,    190.313      
# span 26 =         30,         63      
# span 27 = 0.0000e+00, 0.0000e+00      
# interval = decibars: 1                
# start_time = Oct 12 2021 13:22:20 [NMEA time, header]
# bad_flag = -9.990e-29
*END*
      21525    896.843     36.765     37.000    23.9129    23.9573   5.377880   5.382207     2.7410     2.3246      15.66   22.35799  -87.28125    0.00148    0.00416     3.9907     4.0001    23.9051    23.9494    36.2680    36.2597    24.5949    24.5754    1528.24    173.910    174.324         32 0.0000e+00
      21840    909.948     35.771     36.000    24.3511    24.3871   5.448034   5.450638     2.8098     2.3774      17.04   22.54234  -88.00090    0.00904    0.00221     4.0939     4.0892    24.3434    24.3794    36.5611    36.5511    24.7209    24.7024    1540.84    178.423    178.221         55 0.0000e+00
      26287   1095.256     18.880     19.000    28.8673    28.8526   5.899719   5.899172     3.1488     2.6598      33.51   22.57380  -88.12350    0.00063    0.00012     4.3874     4.3597    28.8665    28.8480    36.2951    36.3028    23.0892    23.1001    1542.98    191.525    190.313         51 0.0000e+00
      26112   1087.940     16.893     17.000    28.5281    28.4955   5.823910   5.820393     3.1044     2.6264      34.70   22.26346  -86.91200    0.00005   -0.00096     4.3198     4.3023    28.5240    28.4914    35.7925    35.7929    22.7509    22.7621    1521.77    188.577    187.813         45 0.0000e+00
      26574   1107.216     15.899     16.000    28.8851    28.8852   5.896919   5.896923     3.1443     2.6559      36.27   22.54242  -88.00100    0.00019   -0.00082     4.3751     4.3466    28.8812    28.8813    36.2419    36.2419    23.0367    23.0367    1540.84    190.992    189.748         37 0.0000e+00
      26325   1096.825     13.912     14.000    28.4172    28.4114   5.800112   5.799811     3.0925     2.6265      37.37   22.17021  -86.54796    0.00056    0.00208     4.3015     4.2986    28.4138    28.4080    35.6410    35.6434    22.6513    22.6550    1515.40    187.778    187.653         32 0.0000e+00
      27114   1129.711     11.925     12.000    29.0096    29.0050   5.919617   5.919472     3.1554     2.6628      40.38   22.62373  -88.31843   -0.00112    0.00158     4.3871     4.3543    29.0067    29.0021    36.3688    36.3708    23.1098    23.1128    1546.40    191.517    190.087         40 0.0000e+00
      27125   1130.184     10.931     11.000    28.9070    28.9070   5.898518   5.898733     3.1445     2.6550      41.15   22.54242  -88.00100    0.00008    0.00062     4.3712     4.3406    28.9044    28.9044    36.2379    36.2393    23.0260    23.0270    1540.84    190.824    189.489         40 0.0000e+00
      27707   1154.409      9.937     10.000    28.9113    28.9100   5.898958   5.898900     3.1444     2.6560      42.11   22.54242  -88.00101   -0.00024   -0.00071     4.3702     4.3420    28.9089    28.9076    36.2379    36.2393    23.0244    23.0259    1540.84    190.780    189.551         34 0.0000e+00
      28418   1184.021      8.943      9.000    28.8885    28.9069   5.896740   5.898547     3.1461     2.6616      42.98   22.54244  -88.00104   -0.00007   -0.00077     4.3744     4.3530    28.8870    28.9047    36.2396    36.2393    23.0331    23.0269    1540.84    190.964    190.028         42 0.0000e+00
      28413   1183.846      7.949      8.000    28.8706    28.9028   5.894575   5.898002     3.1446     2.6618      43.90   22.54244  -88.00104   -0.00024    0.00124     4.3727     4.3536    28.8687    28.9008    36.2390    36.2390    23.0388    23.0280    1540.84    190.887    190.055         30 0.0000e+00
      28449   1185.349      6.956      7.000    28.8587    28.9026   5.893611   5.898102     3.1448     2.6612      44.86   22.54244  -88.00104   -0.00047    0.00012     4.3734     4.3516    28.8577    28.9009    36.2412    36.2395    23.0441    23.0284    1540.84    190.918    189.967         34 0.0000e+00
      28485   1186.830      5.962      6.000    28.8795    28.9092   5.895661   5.898662     3.1509     2.6599      45.95   22.54244  -88.00104    0.00120   -0.00037     4.3821     4.3481    28.8781    28.9078    36.2398    36.2383    23.0362    23.0250    1540.84    191.300    189.815         42 0.0000e+00
      28534   1188.871      4.968      5.000    28.9095    28.9122   5.898479   5.898950     3.1513     2.6632      46.96   22.54244  -88.00104    0.00204   -0.00003     4.3801     4.3538    28.9083    28.9109    36.2374    36.2387    23.0243    23.0244    1540.84    191.212    190.064         53 0.0000e+00
      28601   1191.650      3.975      4.000    28.9122    28.9101   5.898706   5.898686     3.1492     2.6650      48.02   22.54244  -88.00104   -0.00057    0.00120     4.3756     4.3570    28.9113    28.9091    36.2375    36.2388    23.0233    23.0250    1540.84    191.017    190.204         63 0.0000e+00
      29822   1242.562      2.981      3.000    28.9171    28.9172   5.899195   5.899408     3.1501     2.6636      49.02   22.54246  -88.00107   -0.00014   -0.00027     4.3763     4.3532    28.9164    28.9165    36.2372    36.2386    23.0214    23.0224    1540.84    191.049    190.038         36 0.0000e+00
      31414   1308.860      1.987      2.000    28.9217    28.9241   5.899620   5.900061     3.1504     2.6606      49.91   22.54248  -88.00110    0.00011   -0.00002     4.3760     4.3460    28.9212    28.9236    36.2370    36.2382    23.0196    23.0197    1540.84    191.036    189.727         47 0.0000e+00
