GOMECC/GOMECC-4/1db/urb2103_0241.cnv
* Sea-Bird SBE 9 Data File:
* FileName = C:\Users\scs.user.rb\CTD\GOMECC4\data\rb2103_0241.hex
* Software Version Seasave V 7.26.7.107
* Temperature SN = 4799
* Conductivity SN = 3860
* Number of Bytes Per Scan = 41
* Number of Voltage Words = 4
* Number of Scans Averaged by the Deck Unit = 1
* NMEA Latitude = 28 41.35 N
* NMEA Longitude = 086 03.85 W
* NMEA UTC (Time) = Sep 21 2021  05:37:15
* NMEA baud rate = 4800
# nquan = 28
# nvalues = 253                         
# units = specified
# name 0 = scan: Scan Count
# name 1 = timeS: Time, Elapsed [seconds]
# name 2 = depSM: Depth [salt water, m]
# name 3 = prDM: Pressure, Digiquartz [db]
# name 4 = t090C: Temperature [ITS-90, deg C]
# name 5 = t190C: Temperature, 2 [ITS-90, deg C]
# name 6 = c0S/m: Conductivity [S/m]
# name 7 = c1S/m: Conductivity, 2 [S/m]
# name 8 = sbeox0V: Oxygen raw, SBE 43 [V]
# name 9 = sbeox1V: Oxygen raw, SBE 43, 2 [V]
# name 10 = altM: Altimeter [m]
# name 11 = latitude: Latitude [deg]
# name 12 = longitude: Longitude [deg]
# name 13 = sbox0dV/dT: Oxygen, SBE 43 [dov/dt]
# name 14 = sbox1dV/dT: Oxygen, SBE 43, 2 [dov/dt]
# name 15 = sbeox0ML/L: Oxygen, SBE 43 [ml/l], WS = 5
# name 16 = sbeox1ML/L: Oxygen, SBE 43, 2 [ml/l], WS = 5
# name 17 = potemp090C: Potential Temperature [ITS-90, deg C]
# name 18 = potemp190C: Potential Temperature, 2 [ITS-90, deg C]
# name 19 = sal00: Salinity, Practical [PSU]
# name 20 = sal11: Salinity, Practical, 2 [PSU]
# name 21 = sigma-é00: Density [sigma-theta, kg/m^3]
# name 22 = sigma-é11: Density, 2 [sigma-theta, kg/m^3]
# name 23 = avgsvCM: Average Sound Velocity [Chen-Millero, m/s], minP = 20, minS = 20
# name 24 = sbox0Mm/Kg: Oxygen, SBE 43 [umol/kg], WS = 5
# name 25 = sbox1Mm/Kg: Oxygen, SBE 43, 2 [umol/kg], WS = 5
# name 26 = nbin: number of scans per bin
# name 27 = flag: flag
# span 0 =      24882,      61132       
# span 1 =   1036.708,   2547.143       
# span 2 =      2.980,    303.724       
# span 3 =      3.000,    306.000       
# span 4 =    11.2296,    29.0401       
# span 5 =    11.2291,    29.0399       
# span 6 =   3.977723,   5.815547       
# span 7 =   3.977603,   5.819740       
# span 8 =     1.6716,     3.2045       
# span 9 =     1.3713,     2.7274       
# span 10 =      12.42,     102.47      
# span 11 =   28.58614,   29.39776      
# span 12 =  -88.18850,  -85.75378      
# span 13 =   -0.00423,    0.01771      
# span 14 =   -0.00449,    0.01532      
# span 15 =     2.5499,     4.6145      
# span 16 =     2.5813,     4.6122      
# span 17 =    11.1910,    29.0391      
# span 18 =    11.1905,    29.0389      
# span 19 =    34.7576,    36.5931      
# span 20 =    34.7577,    36.5890      
# span 21 =    22.1010,    27.0348      
# span 22 =    22.1015,    27.0341      
# span 23 =    1512.18,    1555.11      
# span 24 =    110.882,    201.394      
# span 25 =    112.245,    201.299      
# span 26 =         30,         76      
# span 27 = 0.0000e+00, 0.0000e+00      
# interval = decibars: 1                
# start_time = Sep 21 2021 05:37:15 [NMEA time, header]
# bad_flag = -9.990e-29
*END*
[from data line 52]
      30345   1264.337    231.308    233.000    12.7440    12.7432   4.145844   4.145803     1.7643     1.4574      84.90   28.68926  -86.06320    0.00003    0.00022     2.6725     2.7104    12.7121    12.7113    35.6120    35.6123    26.9250    26.9254    1517.63    116.226    117.873         47 0.0000e+00
      30393   1266.332    230.316    232.000    12.7549    12.7597   4.147198   4.147591     1.7651     1.4569      85.76   28.68926  -86.06320    0.00024    0.00000     2.6733     2.7076    12.7231    12.7279    35.6145    35.6144    26.9248    26.9237    1517.63    116.259    117.752         49 0.0000e+00
      30445   1268.480    229.323    231.000    12.7636    12.7637   4.148039   4.148026     1.7655     1.4583      86.91   28.68926  -86.06320    0.00028    0.00018     2.6737     2.7109    12.7320    12.7321    35.6154    35.6152    26.9237    26.9235    1517.63    116.277    117.895         54 0.0000e+00
      30495   1270.594    228.331    230.000    12.7675    12.7671   4.148439   4.148424     1.7663     1.4591      87.91   28.68926  -86.06320    0.00028    0.00063     2.6751     2.7126    12.7360    12.7356    35.6158    35.6163    26.9232    26.9237    1517.63    116.336    117.967         47 0.0000e+00
      30545   1272.650    227.339    229.000    12.7781    12.7795   4.149596   4.149702     1.7669     1.4591      88.94   28.68926  -86.06320    0.00037    0.00012     2.6755     2.7114    12.7468    12.7481    35.6175    35.6173    26.9224    26.9219    1517.63    116.357    117.916         53 0.0000e+00
      30596   1274.785    226.347    228.000    12.7888    12.7885   4.150788   4.150679     1.7675     1.4593      89.86   28.68926  -86.06320    0.00022    0.00002     2.6762     2.7111    12.7575    12.7573    35.6193    35.6186    26.9217    26.9211    1517.63    116.386    117.903         48 0.0000e+00
      30645   1276.835    225.354    227.000    12.7988    12.7952   4.151922   4.151495     1.7684     1.4603      90.94   28.68926  -86.06320    0.00041    0.00036     2.6774     2.7131    12.7676    12.7641    35.6212    35.6205    26.9211    26.9213    1517.63    116.439    117.990         52 0.0000e+00
      30697   1279.014    224.362    226.000    12.8079    12.8061   4.152882   4.152657     1.7687     1.4599      91.82   28.68926  -86.06320    0.00028    0.00014     2.6773     2.7110    12.7769    12.7751    35.6223    35.6219    26.9201    26.9202    1517.63    116.435    117.901         46 0.0000e+00
      30751   1281.263    223.370    225.000    12.8150    12.8152   4.153746   4.153826     1.7692     1.4611      92.92   28.68926  -86.06320    0.00020    0.00016     2.6777     2.7133    12.7841    12.7844    35.6243    35.6248    26.9202    26.9206    1517.63    116.453    117.999         66 0.0000e+00
      30823   1284.235    222.378    224.000    12.8209    12.8197   4.154308   4.154207     1.7687     1.4616      84.90   28.68926  -86.06320   -0.00012    0.00036     2.6757     2.7141    12.7902    12.7890    35.6246    35.6247    26.9192    26.9195    1517.63    116.362    118.035         69 0.0000e+00
      30895   1287.243    221.386    223.000    12.8285    12.8208   4.155107   4.154408     1.7692     1.4615      94.89   28.68926  -86.06320    0.00010   -0.00009     2.6762     2.7136    12.7979    12.7902    35.6255    35.6260    26.9183    26.9203    1517.63    116.385    118.011         76 0.0000e+00
      30965   1290.149    220.393    222.000    12.8346    12.8328   4.155774   4.155593     1.7698     1.4618      77.06   28.68926  -86.06320    0.00015    0.00029     2.6769     2.7132    12.8041    12.8023    35.6266    35.6266    26.9180    26.9183    1517.63    116.417    117.997         63 0.0000e+00
      31042   1293.360    219.401    221.000    12.8435    12.8387   4.156823   4.156263     1.7703     1.4616      95.76   28.68926  -86.06320    0.00017   -0.00008     2.6774     2.7119    12.8132    12.8083    35.6286    35.6279    26.9177    26.9181    1517.63    116.437    117.938         58 0.0000e+00
      31296   1303.979    218.409    220.000    12.9086    12.8959   4.163258   4.160995     1.7727     1.4640      97.91   28.68926  -86.06320    0.00017    0.00025     2.6802     2.7159    12.8782    12.8656    35.6394    35.6381    26.9130    26.9146    1517.63    116.560    118.112         45 0.0000e+00
      32404   1350.110    216.424    218.000    13.0016    13.0212   4.174835   4.177026     1.7799     1.4713      96.31   28.68855  -86.06105   -0.00000    0.00021     2.6907     2.7265    12.9714    12.9910    35.6537    35.6558    26.9053    26.9030    1517.59    117.019    118.577         56 0.0000e+00
      32463   1352.592    215.432    217.000    13.0510    13.0411   4.180330   4.179201     1.7805     1.4713     100.01   28.68926  -86.06318    0.00006   -0.00001     2.6886     2.7250    13.0209    13.0110    35.6599    35.6585    26.9002    26.9010    1517.63    116.929    118.510         55 0.0000e+00
      32512   1354.631    214.440    216.000    13.0701    13.0916   4.182821   4.184826     1.7825     1.4724      86.97   28.68926  -86.06318    0.00061    0.00020     2.6922     2.7245    13.0401    13.0615    35.6661    35.6674    26.9011    26.8977    1517.63    117.082    118.489         39 0.0000e+00
      32546   1356.055    213.448    215.000    13.1013    13.1182   4.186248   4.188225     1.7829     1.4734      94.80   28.68926  -86.06318    0.00079    0.00054     2.6908     2.7252    13.0714    13.0883    35.6700    35.6729    26.8977    26.8965    1517.63    117.025    118.519         34 0.0000e+00
      32583   1357.588    212.455    214.000    13.1448    13.1461   4.191169   4.191197     1.7839     1.4749      99.95   28.68926  -86.06318    0.00052    0.00083     2.6902     2.7272    13.1150    13.1163    35.6764    35.6754    26.8938    26.8928    1517.63    116.997    118.606         38 0.0000e+00
      32621   1359.161    211.463    213.000    13.1556    13.1559   4.192379   4.192466     1.7850     1.4762      88.29   28.68926  -86.06318    0.00063    0.00086     2.6921     2.7298    13.1259    13.1262    35.6782    35.6787    26.8930    26.8933    1517.63    117.079    118.721         36 0.0000e+00
      32654   1360.558    210.471    212.000    13.1757    13.1757   4.194706   4.194694     1.7861     1.4771      62.85   28.68926  -86.06318    0.00072    0.00078     2.6933     2.7308    13.1461    13.1460    35.6819    35.6818    26.8917    26.8917    1517.63    117.131    118.762         31 0.0000e+00
      32685   1361.834    209.479    211.000    13.2042    13.2024   4.197976   4.197735     1.7874     1.4777     100.03   28.68926  -86.06318    0.00086    0.00070     2.6943     2.7303    13.1747    13.1729    35.6867    35.6860    26.8896    26.8895    1517.63    117.177    118.742         31 0.0000e+00
      32717   1363.178    208.486    210.000    13.2272    13.2295   4.200555   4.200814     1.7886     1.4786     100.00   28.68926  -86.06318    0.00093    0.00059     2.6954     2.7309    13.1978    13.2001    35.6900    35.6903    26.8875    26.8872    1517.63    117.226    118.770         34 0.0000e+00
      32753   1364.655    207.494    209.000    13.2483    13.2553   4.202895   4.203555     1.7901     1.4798     100.00   28.68926  -86.06317    0.00090    0.00064     2.6976     2.7322    13.2190    13.2260    35.6929    35.6926    26.8854    26.8837    1517.63    117.319    118.828         36 0.0000e+00
      32788   1366.125    206.502    208.000    13.2701    13.2727   4.205402   4.205705     1.7915     1.4811     100.00   28.68926  -86.06316    0.00101    0.00079     2.6990     2.7342    13.2409    13.2435    35.6962    35.6971    26.8834    26.8837    1517.63    117.383    118.914         32 0.0000e+00
      32819   1367.402    205.509    207.000    13.3170    13.3159   4.210688   4.210597     1.7927     1.4818      67.42   28.68926  -86.06318    0.00098    0.00084     2.6994     2.7333    13.2887    13.2868    35.7035    35.7035    26.8793    26.8797    1517.63    117.397    118.874         30 0.0000e+00
      32849   1368.687    204.517    206.000    13.3470    13.3424   4.214218   4.213584     1.7938     1.4831      58.27   28.68926  -86.06317    0.00092    0.00074     2.6996     2.7347    13.3180    13.3134    35.7091    35.7074    26.8777    26.8773    1517.63    117.408    118.937         33 0.0000e+00
      32885   1370.162    203.525    205.000    13.3690    13.3668   4.216651   4.216484     1.7951     1.4841     100.46   28.68926  -86.06316    0.00087    0.00079     2.7011     2.7357    13.3401    13.3379    35.7120    35.7117    26.8753    26.8756    1517.63    117.472    118.978         36 0.0000e+00
      32919   1371.563    202.533    204.000    13.4278    13.4232   4.223052   4.222617     1.7967     1.4853     100.00   28.68926  -86.06316    0.00092    0.00081     2.7012     2.7351    13.3989    13.3943    35.7194    35.7181    26.8690    26.8689    1517.63    117.479    118.953         32 0.0000e+00
      32950   1372.874    201.540    203.000    13.4877    13.4989   4.230341   4.231663     1.7976     1.4861     100.00   28.68926  -86.06316    0.00097    0.00078     2.6992     2.7322    13.4589    13.4700    35.7312    35.7333    26.8657    26.8650    1517.63    117.390    118.828         32 0.0000e+00
      32985   1374.319    200.548    202.000    13.5241    13.5212   4.234495   4.234030     1.7977     1.4840     100.00   28.68926  -86.06316    0.00072    0.00011     2.6968     2.7248    13.4953    13.4925    35.7369    35.7351    26.8626    26.8618    1517.63    117.288    118.506         36 0.0000e+00
      33018   1375.706    199.556    201.000    13.5566    13.5554   4.238404   4.237881     1.7965     1.4835     100.00   28.68926  -86.06316   -0.00003   -0.00077     2.6914     2.7211    13.5280    13.5267    35.7438    35.7400    26.8611    26.8585    1517.63    117.052    118.345         31 0.0000e+00
      33048   1376.977    198.563    200.000    13.6054    13.6046   4.243847   4.243911     1.7967     1.4843     100.00   28.68926  -86.06316   -0.00047   -0.00050     2.6885     2.7199    13.5768    13.5760    35.7499    35.7513    26.8558    26.8570    1517.63    116.927    118.294         31 0.0000e+00
      33081   1378.347    197.571    199.000    13.6295    13.6194   4.246605   4.245542     1.7968     1.4847     100.00   28.68926  -86.06316   -0.00016    0.00034     2.6866     2.7198    13.6011    13.5910    35.7538    35.7533    26.8537    26.8554    1517.63    116.848    118.288         35 0.0000e+00
      33117   1379.835    196.578    198.000    13.6496    13.6430   4.248787   4.248268     1.7970     1.4848     100.00   28.68926  -86.06316    0.00012    0.00035     2.6857     2.7182    13.6213    13.6147    35.7560    35.7573    26.8512    26.8536    1517.63    116.807    118.220         35 0.0000e+00
      33150   1381.227    195.586    197.000    13.6812    13.6751   4.252511   4.251777     1.7973     1.4847     100.00   28.68926  -86.06316    0.00012    0.00002     2.6840     2.7155    13.6530    13.6468    35.7620    35.7608    26.8492    26.8496    1517.63    116.734    118.104         32 0.0000e+00
      33183   1382.568    194.594    196.000    13.7287    13.7291   4.257989   4.257903     1.7978     1.4856     100.00   28.68926  -86.06316    0.00024    0.00010     2.6819     2.7144    13.7006    13.7010    35.7695    35.7684    26.8451    26.8441    1517.63    116.641    118.055         35 0.0000e+00
      33238   1384.855    193.601    195.000    13.7372    13.7616   4.258811   4.261725     1.7998     1.4879     100.00   28.68926  -86.06316    0.00065    0.00080     2.6860     2.7184    13.7092    13.7335    35.7698    35.7744    26.8435    26.8420    1517.63    116.820    118.231         57 0.0000e+00
      33308   1387.799    192.609    194.000    13.7323    13.7144   4.258366   4.255969     1.8008     1.4887     100.00   28.68926  -86.06316    0.00047    0.00049     2.6886     2.7231    13.7045    13.6868    35.7706    35.7650    26.8451    26.8446    1517.63    116.935    118.432         74 0.0000e+00
      33381   1390.850    191.617    193.000    13.7137    13.7734   4.256019   4.262021     1.8010     1.4910     100.00   28.68926  -86.06316    0.00015    0.00050     2.6899     2.7255    13.6860    13.7457    35.7663    35.7670    26.8457    26.8337    1517.63    116.991    118.540         72 0.0000e+00
      33454   1393.892    190.624    192.000    13.8290    13.8398   4.269423   4.270909     1.8035     1.4960      95.26   28.68926  -86.06316    0.00044    0.00160     2.6886     2.7344    13.8013    13.8121    35.7850    35.7889    26.8360    26.8367    1517.63    116.935    118.927         69 0.0000e+00
      33545   1397.679    189.632    191.000    13.9033    13.8798   4.278566   4.275713     1.8140     1.5036      99.49   28.68926  -86.06316    0.00241    0.00187     2.7094     2.7517    13.8756    13.8522    35.8020    35.7956    26.8335    26.8335    1517.63    117.839    119.679         43 0.0000e+00
      33769   1407.016    188.640    190.000    13.9752    13.9347   4.285000   4.281360     1.8223     1.5082      93.62   28.68926  -86.06316    0.00172    0.00080     2.7269     2.7609    13.9475    13.9071    35.8004    35.7992    26.8170    26.8247    1517.63    118.602    120.080         41 0.0000e+00
      34835   1451.420    187.647    189.000    14.0812    14.0786   4.298385   4.298218     1.8333     1.5187      93.62   28.68924  -86.06312    0.00018    0.00023     2.7454     2.7803    14.0536    14.0510    35.8240    35.8245    26.8129    26.8137    1517.63    119.406    120.927         45 0.0000e+00
      34919   1454.897    186.655    188.000    14.0564    14.0589   4.295894   4.296073     1.8327     1.5178     100.10   28.68924  -86.06312   -0.00030   -0.00057     2.7449     2.7783    14.0290    14.0315    35.8225    35.8220    26.8169    26.8160    1517.63    119.385    120.839         44 0.0000e+00
      34955   1456.427    185.662    187.000    14.0828    14.0764   4.298676   4.298251     1.8327     1.5183     100.00   28.68924  -86.06312   -0.00018   -0.00009     2.7429     2.7783    14.0554    14.0491    35.8246    35.8266    26.8129    26.8158    1517.63    119.300    120.838         32 0.0000e+00
      34989   1457.845    184.670    186.000    14.1169    14.1064   4.302615   4.301563     1.8338     1.5193      99.75   28.68924  -86.06312    0.00017    0.00037     2.7430     2.7788    14.0897    14.0792    35.8300    35.8300    26.8098    26.8120    1517.63    119.305    120.860         36 0.0000e+00
      35027   1459.411    183.678    185.000    14.1135    14.0945   4.302383   4.300276     1.8346     1.5191     100.01   28.68924  -86.06312    0.00062    0.00049     2.7450     2.7787    14.0865    14.0674    35.8314    35.8294    26.8115    26.8141    1517.63    119.390    120.858         37 0.0000e+00
      35061   1460.817    182.685    184.000    14.1255    14.1227   4.303715   4.303357     1.8354     1.5192     100.00   28.68924  -86.06312    0.00053    0.00010     2.7457     2.7769    14.0986    14.0957    35.8331    35.8324    26.8103    26.8104    1517.63    119.421    120.776         32 0.0000e+00
      35093   1462.158    181.693    183.000    14.1693    14.1663   4.308971   4.308581     1.8369     1.5207     100.00   28.68924  -86.06312    0.00062    0.00008     2.7463     2.7775    14.1432    14.1394    35.8410    35.8408    26.8069    26.8075    1517.63    119.446    120.805         33 0.0000e+00
      35126   1463.550    180.700    182.000    14.2221    14.2194   4.314839   4.314904     1.8397     1.5241      94.24   28.68924  -86.06312    0.00122    0.00126     2.7494     2.7832    14.1953    14.1927    35.8478    35.8508    26.8010    26.8039    1517.63    119.585    121.053         34 0.0000e+00
