GOMECC/GOMECC-4/1db/urb2103_1381.cnv
* Sea-Bird SBE 9 Data File:
* FileName = C:\Users\scs.user.rb\CTD\GOMECC4\data\rb2103_1381.hex
* Software Version Seasave V 7.26.7.107
* Temperature SN = 4799
* Conductivity SN = 3860
* Number of Bytes Per Scan = 41
* Number of Voltage Words = 4
* Number of Scans Averaged by the Deck Unit = 1
* NMEA Latitude = 25 52.44 N
* NMEA Longitude = 084 23.57 W
* NMEA UTC (Time) = Oct 20 2021  08:17:47
* NMEA baud rate = 4800
# nquan = 28
# nvalues = 157                         
# units = specified
# name 0 = scan: Scan Count
# name 1 = timeS: Time, Elapsed [seconds]
# name 2 = depSM: Depth [salt water, m]
# name 3 = prDM: Pressure, Digiquartz [db]
# name 4 = t090C: Temperature [ITS-90, deg C]
# name 5 = t190C: Temperature, 2 [ITS-90, deg C]
# name 6 = c0S/m: Conductivity [S/m]
# name 7 = c1S/m: Conductivity, 2 [S/m]
# name 8 = sbeox0V: Oxygen raw, SBE 43 [V]
# name 9 = sbeox1V: Oxygen raw, SBE 43, 2 [V]
# name 10 = altM: Altimeter [m]
# name 11 = latitude: Latitude [deg]
# name 12 = longitude: Longitude [deg]
# name 13 = sbox0dV/dT: Oxygen, SBE 43 [dov/dt]
# name 14 = sbox1dV/dT: Oxygen, SBE 43, 2 [dov/dt]
# name 15 = sbeox0ML/L: Oxygen, SBE 43 [ml/l], WS = 5
# name 16 = sbeox1ML/L: Oxygen, SBE 43, 2 [ml/l], WS = 5
# name 17 = potemp090C: Potential Temperature [ITS-90, deg C]
# name 18 = potemp190C: Potential Temperature, 2 [ITS-90, deg C]
# name 19 = sal00: Salinity, Practical [PSU]
# name 20 = sal11: Salinity, Practical, 2 [PSU]
# name 21 = sigma-é00: Density [sigma-theta, kg/m^3]
# name 22 = sigma-é11: Density, 2 [sigma-theta, kg/m^3]
# name 23 = avgsvCM: Average Sound Velocity [Chen-Millero, m/s], minP = 20, minS = 20
# name 24 = sbox0Mm/Kg: Oxygen, SBE 43 [umol/kg], WS = 5
# name 25 = sbox1Mm/Kg: Oxygen, SBE 43, 2 [umol/kg], WS = 5
# name 26 = nbin: number of scans per bin
# name 27 = flag: flag
# span 0 =      22276,      49373       
# span 1 =    928.134,   2057.155       
# span 2 =      1.987,    200.590       
# span 3 =      2.000,    202.000       
# span 4 =    15.7182,    28.5917       
# span 5 =    15.7190,    28.6061       
# span 6 =   4.490926,   5.752088       
# span 7 =   4.491045,   5.752547       
# span 8 =     1.9197,     3.1763       
# span 9 =     1.5862,     2.6889       
# span 10 =      10.59,     101.57      
# span 11 =   25.50225,   25.98124      
# span 12 =  -84.74127,  -83.17848      
# span 13 =   -0.00361,    0.01600      
# span 14 =   -0.00361,    0.02105      
# span 15 =     2.8310,     4.6551      
# span 16 =     2.8380,     4.6443      
# span 17 =    15.6891,    28.5867      
# span 18 =    15.6898,    28.6011      
# span 19 =    34.8696,    36.5477      
# span 20 =    34.8704,    36.5464      
# span 21 =    22.1832,    26.6538      
# span 22 =    22.1833,    26.6538      
# span 23 =    1502.91,    1531.15      
# span 24 =    123.159,    202.963      
# span 25 =    123.465,    202.494      
# span 26 =         30,         69      
# span 27 = 0.0000e+00, 0.0000e+00      
# interval = decibars: 1                
# start_time = Oct 20 2021 08:17:47 [NMEA time, header]
# bad_flag = -9.990e-29
*END*
[from data line 104]
      30488   1270.312     84.431     85.000    19.6240    19.5671   4.940260   4.934061     2.1044     1.7439      99.90   25.87452  -84.39282    0.00591    0.00545     2.9867     2.9836    19.6083    19.5516    36.5151    36.5132    26.0215    26.0350    1524.85    130.005    129.868         59 0.0000e+00
      30549   1272.849     83.437     84.000    19.6333    19.5605   4.941386   4.933075     2.1125     1.7512      91.05   25.87452  -84.39282    0.00430    0.00411     3.0030     3.0009    19.6199    19.5451    36.5166    36.5112    26.0196    26.0351    1524.85    130.713    130.618         56 0.0000e+00
      30628   1276.113     82.445     83.000    19.6616    19.6221   4.943619   4.939267     2.1152     1.7529     101.57   25.87452  -84.39284    0.00075    0.00096     3.0076     3.0021    19.6427    19.6070    36.5133    36.5094    26.0111    26.0175    1524.85    130.916    130.674         33 0.0000e+00
      32353   1347.993     78.472     79.000    20.3655    20.4009   5.014949   5.019323     2.1753     1.8103      99.87   25.83965  -84.27928   -0.00034   -0.00054     3.0922     3.0909    20.3506    20.3860    36.4714    36.4817    25.7863    25.7854    1522.80    134.619    134.564         48 0.0000e+00
      32527   1355.240     77.479     78.000    20.4023    20.4295   5.022708   5.025682     2.1795     1.8142     100.00   25.87446  -84.39282    0.00026    0.00007     3.0980     3.0975    20.3876    20.4148    36.5210    36.5222    25.8188    25.8124    1524.85    134.875    134.854         33 0.0000e+00
      32623   1359.256     76.486     77.000    20.4183    20.4273   5.024580   5.024937     2.1797     1.8142      99.96   25.87445  -84.39282    0.00026    0.00032     3.0969     3.0975    20.4038    20.4127    36.5213    36.5214    25.8146    25.8123    1524.85    134.827    134.852         40 0.0000e+00
      32974   1373.884     73.506     74.000    20.5846    20.5694   5.043841   5.042218     2.1904     1.8278     100.08   25.89410  -84.45694    0.00096    0.00173     3.1082     3.1194    20.5706    20.5554    36.5477    36.5464    25.7923    25.7951    1526.01    135.325    135.810         57 0.0000e+00
      33053   1377.165     72.513     73.000    20.6728    20.6250   5.051097   5.046382     2.2272     1.8575     100.00   25.87444  -84.39282    0.00732    0.00747     3.1804     3.1850    20.6589    20.6111    36.5211    36.5240    25.7455    25.7606    1524.85    138.474    138.669         32 0.0000e+00
      33150   1381.225     70.527     71.000    20.9188    20.8132   5.070283   5.062516     2.2868     1.8987      99.72   25.80326  -84.16066    0.00795    0.00908     3.2965     3.2723    20.9052    20.7996    36.4470    36.4519    25.6168    25.6423    1520.66    143.538    142.483         39 0.0000e+00
      33368   1390.289     69.534     70.000    21.1328    21.0577   5.094248   5.087029     2.3597     1.9561     100.00   25.87444  -84.39284    0.01357    0.00967     3.4289     3.3867    21.1193    21.0441    36.4771    36.4832    25.5862    25.6114    1524.85    149.315    147.471         55 0.0000e+00
      33479   1394.909     68.540     69.000    21.3072    21.2569   5.112256   5.107098     2.4239     2.0355     100.00   25.87444  -84.39284    0.01600    0.02105     3.5509     3.5561    21.2938    21.2435    36.4721    36.4780    25.5342    25.5526    1524.85    154.636    154.857         38 0.0000e+00
      33635   1401.403     65.561     66.000    21.7008    21.6483   5.137176   5.132870     2.5209     2.1169      99.62   25.77664  -84.07387    0.00117    0.00812     3.7243     3.7149    21.6878    21.6353    36.2880    36.2981    25.2703    25.2927    1519.09    162.213    161.801         37 0.0000e+00
      33946   1414.379     64.568     65.000    21.8971    21.9375   5.168187   5.173532     2.5555     2.1780     100.00   25.87444  -84.39284    0.00541    0.01144     3.7841     3.8350    21.8802    21.9246    36.4248    36.4297    25.3346    25.3259    1524.85    164.822    167.040         49 0.0000e+00
      35172   1465.455     63.575     64.000    22.3376    22.3821   5.215108   5.220173     2.6729     2.2710     100.00   25.87442  -84.39284    0.00274    0.00307     3.9891     4.0136    22.3249    22.3692    36.4218    36.4245    25.2066    25.1959    1524.85    173.773    174.842         47 0.0000e+00
      35359   1473.231     61.588     62.000    22.6270    22.6868   5.246417   5.252123     2.7040     2.2933     100.03   25.88214  -84.41801    0.00968    0.00393     4.0296     4.0411    22.6144    22.6742    36.4303    36.4225    25.1313    25.1079    1525.30    175.553    176.054         43 0.0000e+00
      35449   1477.004     60.595     61.000    22.8002    22.8558   5.263465   5.270784     2.7194     2.3115     100.00   25.87442  -84.39284    0.00312    0.00515     4.0473     4.0687    22.7877    22.8433    36.4151    36.4258    25.0687    25.0608    1524.85    176.330    177.265         34 0.0000e+00
      35566   1481.869     59.602     60.000    22.9131    22.9451   5.277006   5.280116     2.7510     2.3280     100.00   25.87442  -84.39284    0.00569    0.00290     4.1017     4.0987    22.9008    22.9328    36.4269    36.4245    25.0450    25.0339    1524.85    178.707    178.577         54 0.0000e+00
      35742   1489.212     56.622     57.000    23.2620    23.3240   5.304696   5.312942     2.8239     2.4017      99.64   25.78190  -84.09108    0.00752    0.00757     4.2183     4.2300    23.2501    23.3122    36.3010    36.3132    24.8332    24.8243    1519.40    183.809    184.320         45 0.0000e+00
      36006   1500.214     55.629     56.000    23.6419    23.6504   5.355342   5.357654     2.9000     2.4583     100.00   25.87442  -84.39285    0.01326    0.00867     4.3408     4.3319    23.6302    23.6387    36.4301    36.4408    24.8342    24.8398    1524.85    189.162    188.774         45 0.0000e+00
      36126   1505.211     54.636     55.000    23.8274    23.8302   5.375051   5.375248     2.9398     2.4938     100.00   25.87442  -84.39286    0.00924    0.00805     4.4042     4.3959    23.8158    23.8186    36.4288    36.4280    24.7783    24.7768    1524.85    191.937    191.572         39 0.0000e+00
      36228   1509.447     53.642     54.000    24.0108    24.0125   5.392775   5.393261     2.9674     2.5240     100.00   25.87442  -84.39286    0.00664    0.00896     4.4526     4.4468    23.9954    24.0011    36.4171    36.4162    24.7160    24.7136    1524.85    194.057    193.806         39 0.0000e+00
      36360   1514.951     51.656     52.000    24.2548    24.3487   5.411693   5.419850     2.9969     2.5723      99.81   25.82410  -84.22873   -0.00017    0.00731     4.4807     4.5253    24.2459    24.3377    36.3292    36.3094    24.5665    24.5215    1521.88    195.299    197.254         38 0.0000e+00
      36566   1523.530     50.662     51.000    24.5033    24.5399   5.440880   5.445593     3.0568     2.5925     100.00   25.87442  -84.39288    0.00566    0.00155     4.5781     4.5546    24.4924    24.5290    36.3778    36.3806    24.5372    24.5271    1524.85    199.561    198.537         56 0.0000e+00
      37965   1581.828     47.683     48.000    25.1803    25.2240   5.512029   5.516929     3.1254     2.6588      71.28   25.91288  -84.51843    0.00068    0.00022     4.6551     4.6443    25.1698    25.2135    36.3879    36.3892    24.3453    24.3329    1527.12    202.963    202.494         42 0.0000e+00
      37993   1583.005     46.690     47.000    25.2690    25.4213   5.515603   5.532876     3.1221     2.6548     100.80   25.87438  -84.39286   -0.00007    0.00049     4.6398     4.6165    25.2465    25.4109    36.3300    36.3244    24.2712    24.2162    1524.85    202.305    201.300         34 0.0000e+00
      38110   1587.867     45.696     46.000    25.5524    25.6356   5.543173   5.553386     3.1292     2.6548      85.11   25.87438  -84.39285    0.00149   -0.00020     4.6296     4.6012    25.5417    25.6254    36.2985    36.3070    24.1561    24.1366    1524.85    201.880    200.646         37 0.0000e+00
      38200   1591.639     44.703     45.000    25.7063    25.7002   5.560624   5.562543     3.1358     2.6605     100.77   25.87438  -84.39284    0.00286    0.00154     4.6294     4.6075    25.6963    25.6902    36.3043    36.3258    24.1125    24.1316    1524.85    201.879    200.924         46 0.0000e+00
      38470   1602.875     42.716     43.000    26.0362    26.0599   5.598546   5.600756     3.1534     2.6734     100.10   25.89908  -84.47338    0.00164    0.00018     4.6343     4.6077    26.0266    26.0502    36.3363    36.3328    24.0381    24.0281    1526.31    202.114    200.954         52 0.0000e+00
      38793   1616.332     40.730     41.000    26.1911    26.1691   5.621921   5.619072     3.1673     2.6860      98.44   25.97193  -84.71093    0.00148    0.00015     4.6490     4.6250    26.1819    26.1599    36.4303    36.3910    24.0738    24.0458    1530.60    202.762    201.715         45 0.0000e+00
      40177   1673.996     38.743     39.000    27.0803    27.0682   5.709601   5.710809     3.1756     2.6889      66.49   25.98124  -84.74127   -0.00036    0.00029     4.5892     4.5653    27.0757    27.0592    36.3624    36.3939    23.7370    23.7697    1531.15    200.214    199.170         34 0.0000e+00
      40098   1670.727     37.750     38.000    27.0082    27.1617   5.692549   5.707287     3.1592     2.6772      93.42   25.87442  -84.39286   -0.00005   -0.00028     4.5629     4.5289    26.9933    27.1529    36.2435    36.2248    23.6569    23.5915    1524.85    199.071    197.598         30 0.0000e+00
      40204   1675.110     36.756     37.000    27.1310    27.1957   5.703175   5.709585     3.1619     2.6744      97.10   25.87442  -84.39286    0.00039   -0.00082     4.5582     4.5204    27.1152    27.1871    36.2256    36.2155    23.6042    23.5735    1524.85    198.877    197.231         40 0.0000e+00
      40308   1679.467     35.763     36.000    27.4571    27.5147   5.724644   5.729566     3.1651     2.6777      99.84   25.87442  -84.39286    0.00054   -0.00019     4.5397     4.5051    27.4485    27.5063    36.1257    36.1110    23.4213    23.3915    1524.85    198.101    196.599         47 0.0000e+00
      40413   1683.831     34.770     35.000    27.5403    27.6333   5.731420   5.738446     3.1640     2.6767      73.72   25.87442  -84.39286   -0.00157   -0.00044     4.5306     4.4943    27.5321    27.6251    36.1055    36.0828    23.3790    23.3317    1524.85    197.714    196.140         45 0.0000e+00
      40520   1688.298     33.776     34.000    27.7316    27.7494   5.743185   5.744802     3.1700     2.6842      95.68   25.87442  -84.39286    0.00068    0.00150     4.5274     4.5016    27.7236    27.7414    36.0413    36.0388    23.2683    23.2607    1524.85    197.595    196.470         40 0.0000e+00
      40619   1692.434     32.783     33.000    27.8706    27.8498   5.747818   5.747314     3.1763     2.6887     100.00   25.87442  -84.39285    0.00094    0.00146     4.5290     4.5042    27.8629    27.8421    35.9675    35.9799    23.1673    23.1835    1524.85    197.685    196.601         43 0.0000e+00
      40753   1697.991     30.796     31.000    28.2159    28.0933   5.735893   5.735656     3.1637     2.6806      97.70   25.83035  -84.24911   -0.00361   -0.00155     4.4885     4.4726    28.2085    28.0859    35.6418    35.6844    22.8044    22.8723    1522.25    195.981    195.271         46 0.0000e+00
      41071   1711.268     29.803     30.000    28.4102    28.3360   5.737447   5.739663     3.1548     2.6745     100.29   25.87443  -84.39284   -0.00179   -0.00017     4.4557     4.4476    28.4031    28.3289    35.4881    35.5589    22.6292    22.7069    1524.85    194.588    194.221         49 0.0000e+00
      43234   1801.382     20.863     21.000    28.5917    28.6061   5.752088   5.752547     3.1429     2.6546     100.31   25.95438  -84.65340   -0.00012    0.00020     4.4193     4.3901    28.5867    28.6011    35.4888    35.4938    22.5837    22.5839    1529.56    193.020    191.743         48 0.0000e+00
      43619   1817.426     19.869     20.000    28.5208    28.5225   5.734332   5.734636     3.1325     2.6469      98.63   25.87451  -84.39284   -0.00016   -0.00055     4.4048     4.3775    28.5160    28.5178    35.3854    35.3862    22.5146    22.5147    1524.85    192.386    191.195         34 0.0000e+00
      43924   1830.124     17.883     18.000    28.2257    28.2249   5.673910   5.674180     3.1010     2.6232      95.25   25.60253  -83.50570   -0.00037    0.00105     4.3600     4.3388    28.2214    28.2206    35.0095    35.0119    22.2732    22.2754    1508.82    190.431    189.503         39 0.0000e+00
      44531   1855.434     16.889     17.000    28.5255    28.5256   5.733866   5.734214     3.1321     2.6485      99.79   25.87452  -84.39282   -0.00049   -0.00035     4.4021     4.3789    28.5214    28.5215    35.3806    35.3823    22.5092    22.5105    1524.85    192.270    191.257         59 0.0000e+00
      44648   1860.294     15.896     16.000    28.5274    28.5276   5.733948   5.734207     3.1346     2.6477      94.86   25.87454  -84.39282   -0.00006   -0.00025     4.4063     4.3768    28.5236    28.5238    35.3790    35.3808    22.5073    22.5086    1524.85    192.454    191.167         43 0.0000e+00
      44406   1850.204     13.909     14.000    28.2454    28.2619   5.677155   5.677381     3.1038     2.6229      99.01   25.61900  -83.55936   -0.00048   -0.00028     4.3620     4.3354    28.2420    28.2586    35.0292    35.0495    22.2847    22.2974    1509.79    190.518    189.355         51 0.0000e+00
      44416   1850.641     11.922     12.000    28.1158    28.1173   5.651104   5.651378     3.0897     2.6110      98.56   25.50225  -83.17848   -0.00044    0.00008     4.3414     4.3146    28.1129    28.1144    34.8696    34.8704    22.1832    22.1833    1502.91    189.618    188.449         36 0.0000e+00
      45203   1883.436     10.928     11.000    28.5267    28.5280   5.733562   5.733849     3.1384     2.6504     100.00   25.87456  -84.39282    0.00127   -0.00086     4.4105     4.3796    28.5240    28.5254    35.3786    35.3793    22.5068    22.5069    1524.85    192.638    191.286         37 0.0000e+00
      46084   1920.128      9.935     10.000    28.5268    28.5288   5.733595   5.733909     3.1349     2.6474      99.94   25.87458  -84.39281   -0.00068   -0.00084     4.4037     4.3729    28.5244    28.5264    35.3788    35.3795    22.5069    22.5068    1524.85    192.342    190.995         34 0.0000e+00
      46542   1939.212      8.941      9.000    28.5257    28.5277   5.733442   5.733792     3.1346     2.6480      70.85   25.87458  -84.39280   -0.00078    0.00038     4.4026     4.3737    28.5236    28.5256    35.3788    35.3798    22.5072    22.5072    1524.85    192.292    191.029         36 0.0000e+00
      46619   1942.428      7.948      8.000    28.5256    28.5274   5.733391   5.733691     3.1377     2.6521      98.95   25.87460  -84.39281    0.00042    0.00081     4.4079     4.3816    28.5237    28.5255    35.3789    35.3796    22.5072    22.5071    1524.85    192.522    191.376         38 0.0000e+00
      46307   1929.424      5.961      6.000    28.2024    28.2037   5.668366   5.668598     3.1047     2.6224      98.87   25.58195  -83.43824    0.00086    0.00011     4.3616     4.3316    28.2010    28.2023    34.9784    34.9791    22.2524    22.2524    1507.60    190.500    189.193         34 0.0000e+00
      46683   1945.083      3.974      4.000    28.2803    28.2815   5.683763   5.684001     3.1119     2.6296      99.13   25.65125  -83.66425   -0.00035    0.00032     4.3700     4.3424    28.2794    28.2805    35.0729    35.0737    22.3118    22.3121    1511.69    190.868    189.662         52 0.0000e+00
