GOMECC/GOMECC-4/1db/urb2103_1041.cnv
* Sea-Bird SBE 9 Data File:
* FileName = C:\Users\scs.user.rb\CTD\GOMECC4\data\rb2103_1041.hex
* Software Version Seasave V 7.26.7.107
* Temperature SN = 4799
* Conductivity SN = 3860
* Number of Bytes Per Scan = 41
* Number of Voltage Words = 4
* Number of Scans Averaged by the Deck Unit = 1
* NMEA Latitude = 24 59.65 N
* NMEA Longitude = 087 59.43 W
* NMEA UTC (Time) = Oct 13 2021  08:39:27
* NMEA baud rate = 4800
# nquan = 28
# nvalues = 246                         
# units = specified
# name 0 = scan: Scan Count
# name 1 = timeS: Time, Elapsed [seconds]
# name 2 = depSM: Depth [salt water, m]
# name 3 = prDM: Pressure, Digiquartz [db]
# name 4 = t090C: Temperature [ITS-90, deg C]
# name 5 = t190C: Temperature, 2 [ITS-90, deg C]
# name 6 = c0S/m: Conductivity [S/m]
# name 7 = c1S/m: Conductivity, 2 [S/m]
# name 8 = sbeox0V: Oxygen raw, SBE 43 [V]
# name 9 = sbeox1V: Oxygen raw, SBE 43, 2 [V]
# name 10 = altM: Altimeter [m]
# name 11 = latitude: Latitude [deg]
# name 12 = longitude: Longitude [deg]
# name 13 = sbox0dV/dT: Oxygen, SBE 43 [dov/dt]
# name 14 = sbox1dV/dT: Oxygen, SBE 43, 2 [dov/dt]
# name 15 = sbeox0ML/L: Oxygen, SBE 43 [ml/l], WS = 5
# name 16 = sbeox1ML/L: Oxygen, SBE 43, 2 [ml/l], WS = 5
# name 17 = potemp090C: Potential Temperature [ITS-90, deg C]
# name 18 = potemp190C: Potential Temperature, 2 [ITS-90, deg C]
# name 19 = sal00: Salinity, Practical [PSU]
# name 20 = sal11: Salinity, Practical, 2 [PSU]
# name 21 = sigma-é00: Density [sigma-theta, kg/m^3]
# name 22 = sigma-é11: Density, 2 [sigma-theta, kg/m^3]
# name 23 = avgsvCM: Average Sound Velocity [Chen-Millero, m/s], minP = 20, minS = 20
# name 24 = sbox0Mm/Kg: Oxygen, SBE 43 [umol/kg], WS = 5
# name 25 = sbox1Mm/Kg: Oxygen, SBE 43, 2 [umol/kg], WS = 5
# name 26 = nbin: number of scans per bin
# name 27 = flag: flag
# span 0 =     103799,     228661       
# span 1 =   4324.906,   9527.486       
# span 2 =      1.987,   3416.683       
# span 3 =      2.000,   3467.000       
# span 4 =     4.2981,    29.5944       
# span 5 =     4.2991,    29.5989       
# span 6 =   3.351009,   5.988335       
# span 7 =   3.350984,   5.988959       
# span 8 =     1.6260,     3.1867       
# span 9 =     1.3224,     2.7001       
# span 10 =       9.21,     102.83      
# span 11 =   24.73953,   25.08604      
# span 12 =  -88.25073,  -87.02534      
# span 13 =   -0.00135,    0.00756      
# span 14 =   -0.00166,    0.00681      
# span 15 =     2.6652,     4.6258      
# span 16 =     2.6738,     4.6186      
# span 17 =     4.0789,    29.5823      
# span 18 =     4.0801,    29.5869      
# span 19 =    34.8888,    37.0187      
# span 20 =    34.8879,    37.0192      
# span 21 =    22.6002,    27.7584      
# span 22 =    22.6018,    27.7572      
# span 23 =    1489.83,    1510.85      
# span 24 =    115.881,    201.008      
# span 25 =    116.254,    200.698      
# span 26 =         30,         69      
# span 27 = 0.0000e+00, 0.0000e+00      
# interval = decibars: 1                
# start_time = Oct 13 2021 08:39:27 [NMEA time, header]
# bad_flag = -9.990e-29
*END*
[from data line 104]
     175380   7307.459   1183.912   1195.000     4.7112     4.7121   3.368089   3.368046     1.8879     1.5652     100.00   25.01012  -88.00098    0.00004    0.00010     4.1685     4.1758     4.6118     4.6126    34.9494    34.9481    27.6796    27.6784    1506.61    181.153    181.467         48 0.0000e+00
     175430   7309.548   1182.924   1194.000     4.7124     4.7125   3.368141   3.368023     1.8878     1.5654     100.00   25.01012  -88.00098    0.00001    0.00018     4.1677     4.1760     4.6130     4.6131    34.9493    34.9478    27.6794    27.6782    1506.61    181.117    181.477         43 0.0000e+00
     175502   7312.549   1180.948   1192.000     4.7176     4.7182   3.368603   3.368528     1.8880     1.5654     100.00   25.01102  -88.00409    0.00003   -0.00001     4.1664     4.1740     4.6183     4.6189    34.9503    34.9488    27.6796    27.6784    1506.66    181.061    181.392         35 0.0000e+00
     175535   7313.897   1179.960   1191.000     4.7185     4.7192   3.368536   3.368482     1.8877     1.5653     100.00   25.01014  -88.00100   -0.00004   -0.00003     4.1648     4.1732     4.6193     4.6200    34.9490    34.9476    27.6785    27.6773    1506.61    180.989    181.357         39 0.0000e+00
     175598   7316.523   1177.984   1189.000     4.7220     4.7228   3.368790   3.368751     1.8877     1.5653     100.00   25.01043  -88.00203   -0.00006 -6.601e-11     4.1635     4.1718     4.6229     4.6238    34.9493    34.9479    27.6783    27.6771    1506.63    180.932    181.294         30 0.0000e+00
     175627   7317.733   1176.996   1188.000     4.7236     4.7235   3.368855   3.368736     1.8874     1.5652     100.00   25.01014  -88.00100   -0.00002   -0.00001     4.1615     4.1708     4.6246     4.6246    34.9489    34.9475    27.6778    27.6767    1506.61    180.847    181.251         31 0.0000e+00
     178743   7447.589   1055.445   1065.000     5.2865     5.2859   3.412771   3.412578     1.7975     1.4812     100.00   25.01065  -88.00188   -0.00037   -0.00051     3.7213     3.7271     5.1943     5.1936    34.9295    34.9279    27.5965    27.5954    1506.62    161.732    161.984         30 0.0000e+00
     180072   7502.961   1004.036   1013.000     5.4813     5.4808   3.427705   3.427560     1.7683     1.4538      99.99   25.01074  -88.00183   -0.00051   -0.00041     3.5769     3.5814     5.3925     5.3919    34.9239    34.9228    27.5683    27.5675    1506.62    155.459    155.653         30 0.0000e+00
     182354   7598.062    989.204    998.000     5.5370     5.5386   3.431957   3.431997     1.7583     1.4458      98.76   25.01059  -88.00079    0.00003    0.00003     3.5305     3.5393     5.4492     5.4507    34.9221    34.9210    27.5600    27.5589    1506.61    153.443    153.824         41 0.0000e+00
     182590   7607.857    980.304    989.000     5.5494     5.5504   3.432664   3.432644     1.7583     1.4458     100.00   25.01042  -88.00013   -0.00013   -0.00008     3.5251     3.5340     5.4623     5.4633    34.9217    34.9205    27.5581    27.5570    1506.59    153.209    153.594         30 0.0000e+00
     182696   7612.285    976.348    985.000     5.5624     5.5629   3.433727   3.433653     1.7585     1.4451     100.00   25.01123  -88.00291    0.00007   -0.00017     3.5228     3.5286     5.4756     5.4761    34.9224    34.9211    27.5571    27.5559    1506.64    153.111    153.360         31 0.0000e+00
     184572   7690.470    902.169    910.000     5.9071     5.9069   3.461211   3.461072     1.7180     1.4067     100.00   25.01050  -87.99971   -0.00032   -0.00039     3.3212     3.3235     5.8251     5.8248    34.9153    34.9140    27.5080    27.5070    1506.58    144.354    144.452         30 0.0000e+00
     187298   7804.038    796.293    803.000     6.5818     6.5855   3.516126   3.515585     1.6873     1.3788     100.00   25.01139  -88.00203   -0.00076   -0.00070     3.1178     3.1225     6.5060     6.5096    34.8923    34.8888    27.4014    27.3982    1506.62    135.526    135.730         38 0.0000e+00
     189037   7876.506    793.324    800.000     6.6711     6.6690   3.524426   3.524112     1.6754     1.3698     100.01   25.01461  -88.01290    0.00014    0.00013     3.0705     3.0827     6.5950     6.5929    34.8957    34.8945    27.3923    27.3916    1506.81    133.472    134.004         36 0.0000e+00
     189057   7877.323    792.334    799.000     6.6722     6.6735   3.524168   3.524185     1.6753     1.3700     100.00   25.01136  -88.00139    0.00006    0.00031     3.0697     3.0827     6.5962     6.5975    34.8915    34.8904    27.3887    27.3876    1506.61    133.440    134.002         46 0.0000e+00
     189097   7879.000    791.344    798.000     6.6713     6.6764   3.524069   3.524412     1.6752     1.3694     100.00   25.01136  -88.00140    0.00001   -0.00000     3.0693     3.0799     6.5954     6.6005    34.8918    34.8905    27.3890    27.3873    1506.61    133.422    133.883         37 0.0000e+00
     189132   7880.462    790.354    797.000     6.6790     6.6824   3.524789   3.524942     1.6755     1.3695     100.00   25.01136  -88.00140    0.00001   -0.00020     3.0691     3.0794     6.6032     6.6066    34.8925    34.8907    27.3885    27.3866    1506.61    133.411    133.862         31 0.0000e+00
     189191   7882.926    788.375    795.000     6.7051     6.7130   3.527134   3.527770     1.6754     1.3689      96.46   25.01152  -88.00197    0.00003   -0.00008     3.0660     3.0742     6.6293     6.6372    34.8930    34.8919    27.3854    27.3835    1506.62    133.277    133.634         31 0.0000e+00
     189297   7887.343    784.416    791.000     6.7554     6.7663   3.531747   3.532610     1.6741     1.3657      96.93   25.01141  -88.00151   -0.00030   -0.00079     3.0561     3.0569     6.6797     6.6905    34.8948    34.8934    27.3800    27.3774    1506.61    132.846    132.883         31 0.0000e+00
     189728   7905.305    767.589    774.000     6.7949     6.7969   3.534671   3.534733     1.6680     1.3615     100.00   25.01217  -88.00412   -0.00006   -0.00011     3.0266     3.0333     6.7207     6.7227    34.8953    34.8940    27.3748    27.3735    1506.66    131.568    131.857         32 0.0000e+00
     189849   7910.350    762.639    769.000     6.8349     6.8398   3.538174   3.538497     1.6679     1.3614     100.00   25.01141  -88.00138    0.00010    0.00005     3.0210     3.0277     6.7610     6.7659    34.8957    34.8944    27.3696    27.3679    1506.61    131.322    131.615         34 0.0000e+00
     189968   7915.291    757.690    764.000     6.8915     6.8991   3.543166   3.543773     1.6656     1.3584     100.00   25.01071  -87.99889   -0.00039   -0.00050     3.0072     3.0106     6.8178     6.8253    34.8958    34.8948    27.3619    27.3601    1506.57    130.726    130.872         30 0.0000e+00
     190197   7924.854    748.780    755.000     6.9612     6.9677   3.549039   3.549477     1.6607     1.3538     100.00   25.01115  -88.00030   -0.00036   -0.00026     2.9827     2.9860     6.8880     6.8944    34.8943    34.8926    27.3511    27.3488    1506.59    129.659    129.805         31 0.0000e+00
     190822   7950.870    724.029    730.000     7.1217     7.1180   3.562199   3.561776     1.6475     1.3419     100.00   25.01146  -88.00123   -0.00026   -0.00027     2.9189     2.9243     7.0501     7.0465    34.8888    34.8879    27.3243    27.3240    1506.61    126.892    127.124         30 0.0000e+00
     193970   8082.051    599.241    604.000     8.9691     8.9665   3.744266   3.743869     1.6260     1.3224     100.01   25.01424  -88.00979    0.00005    0.00004     2.6712     2.6805     8.9020     8.8994    35.0578    35.0562    27.1793    27.1785    1506.74    116.138    116.542         53 0.0000e+00
     195122   8130.038    595.278    600.000     9.2146     9.2179   3.769790   3.770096     1.6306     1.3275     100.00   25.01148  -87.99969    0.00003    0.00002     2.6665     2.6785     9.1469     9.1501    35.0846    35.0843    27.1607    27.1599    1506.57    115.937    116.457         35 0.0000e+00
     195644   8151.801    593.297    598.000     9.2368     9.2396   3.772039   3.772295     1.6314     1.3282      99.99   25.01135  -87.99905    0.00006    0.00008     2.6668     2.6785     9.1692     9.1720    35.0869    35.0868    27.1588    27.1582    1506.56    115.952    116.459         65 0.0000e+00
     195710   8154.551    592.306    597.000     9.2496     9.2463   3.773461   3.773059     1.6318     1.3281     100.00   25.01222  -88.00210    0.00004   -0.00008     2.6666     2.6774     9.1821     9.1787    35.0897    35.0888    27.1589    27.1588    1506.61    115.942    116.411         50 0.0000e+00
     195756   8156.461    591.315    596.000     9.2562     9.2509   3.774145   3.773524     1.6318     1.3281     100.00   25.01222  -88.00210    0.00011   -0.00001     2.6658     2.6769     9.1888     9.1835    35.0908    35.0895    27.1587    27.1585    1506.61    115.906    116.390         46 0.0000e+00
     195802   8158.384    590.324    595.000     9.2575     9.2566   3.774230   3.774064     1.6322     1.3285      82.08   25.01224  -88.00210    0.00008    0.00010     2.6665     2.6772     9.1902     9.1893    35.0909    35.0901    27.1585    27.1581    1506.61    115.938    116.402         40 0.0000e+00
     195871   8161.253    588.343    593.000     9.2999     9.2985   3.778691   3.778521     1.6330     1.3285     100.00   25.01308  -88.00505    0.00025    0.00004     2.6652     2.6738     9.2326     9.2312    35.0968    35.0964    27.1563    27.1562    1506.66    115.881    116.254         30 0.0000e+00
     195896   8162.306    587.353    592.000     9.3029     9.3102   3.778906   3.779520     1.6333     1.3292     100.00   25.01224  -88.00210    0.00031    0.00011     2.6655     2.6749     9.2358     9.2430    35.0960    35.0956    27.1551    27.1536    1506.61    115.892    116.304         33 0.0000e+00
     198245   8260.169    498.166    502.000    10.3580    10.3761   3.889415   3.891085     1.6714     1.3638     100.01   25.01542  -88.01257    0.00037    0.00034     2.6718     2.6808    10.2974    10.3154    35.2436    35.2437    27.0909    27.0878    1506.79    116.177    116.566         40 0.0000e+00
     199529   8313.671    495.193    499.000    10.5728    10.5792   3.912840   3.913501     1.6813     1.3727      98.10   25.01674  -88.01684    0.00023   -0.00001     2.6838     2.6936    10.5118    10.5181    35.2751    35.2756    27.0778    27.0771    1506.86    116.698    117.126         44 0.0000e+00
     199555   8314.763    494.202    498.000    10.5737    10.5727   3.912441   3.912463     1.6812     1.3734      97.25   25.01256  -88.00214    0.00006    0.00013     2.6833     2.6958    10.5128    10.5118    35.2696    35.2709    27.0730    27.0742    1506.61    116.676    117.219         43 0.0000e+00
     199590   8316.191    493.211    497.000    10.6202    10.5880   3.917504   3.914077     1.6816     1.3736     100.04   25.01256  -88.00214    0.00006    0.00034     2.6811     2.6948    10.5592    10.5271    35.2762    35.2718    27.0700    27.0723    1506.61    116.582    117.179         30 0.0000e+00
     199621   8317.517    492.220    496.000    10.6556    10.6432   3.921293   3.919858     1.6827     1.3744     100.00   25.01258  -88.00214    0.00038    0.00032     2.6814     2.6936    10.5946    10.5823    35.2807    35.2781    27.0672    27.0674    1506.61    116.594    117.127         30 0.0000e+00
     199652   8318.776    491.229    495.000    10.6860    10.6862   3.924652   3.924690     1.6840     1.3758      98.56   25.01258  -88.00214    0.00072    0.00056     2.6826     2.6946    10.6250    10.6253    35.2856    35.2858    27.0657    27.0657    1506.61    116.648    117.172         32 0.0000e+00
     199686   8320.188    490.238    494.000    10.7075    10.7148   3.926915   3.927686     1.6851     1.3770      91.65   25.01258  -88.00214    0.00089    0.00095     2.6839     2.6962    10.6466    10.6539    35.2881    35.2888    27.0637    27.0629    1506.61    116.706    117.241         32 0.0000e+00
     199775   8323.902    487.264    491.000    10.7672    10.7694   3.933655   3.933940     1.6890     1.3798     100.00   25.01348  -88.00529    0.00110    0.00078     2.6895     2.7000    10.7065    10.7086    35.2998    35.3005    27.0622    27.0624    1506.66    116.949    117.405         30 0.0000e+00
     203730   8488.723    371.258    374.000    15.2284    15.7191   4.497788   4.499759     2.0050     1.6661      83.46   25.01306  -88.00246    0.00019   -0.00018     3.0300     3.1365    15.1709    15.6598    34.9822    36.0828    25.8485    26.6589    1506.61    131.804    136.437         64 0.0000e+00
     203823   8492.572    370.267    373.000    15.7092    15.7123   4.498527   4.499117     2.0059     1.6666     100.92   25.01306  -88.00246   -0.00001   -0.00011     3.1258     3.1377    15.6501    15.6532    36.0811    36.0836    26.6598    26.6610    1506.61    135.974    136.491         56 0.0000e+00
     203878   8494.875    369.275    372.000    15.7463    15.7342   4.502763   4.501523     2.0076     1.6687      99.95   25.01306  -88.00246    0.00056    0.00065     3.1270     3.1410    15.6873    15.6752    36.0857    36.0854    26.6549    26.6574    1506.61    136.028    136.634         66 0.0000e+00
     203945   8497.672    368.283    371.000    15.7610    15.7750   4.504693   4.506179     2.0099     1.6708     100.00   25.01307  -88.00246    0.00087    0.00074     3.1311     3.1441    15.7021    15.7160    36.0901    36.0907    26.6549    26.6522    1506.61    136.204    136.771         57 0.0000e+00
     204003   8500.097    367.291    370.000    15.8013    15.8025   4.509228   4.509333     2.0115     1.6720      78.78   25.01308  -88.00246    0.00068    0.00065     3.1317     3.1449    15.7425    15.7436    36.0945    36.0948    26.6490    26.6490    1506.61    136.233    136.803         66 0.0000e+00
     204064   8502.620    366.300    369.000    15.8059    15.8152   4.509947   4.510916     2.0132     1.6733     102.83   25.01308  -88.00246    0.00067    0.00027     3.1351     3.1470    15.7472    15.7565    36.0971    36.0973    26.6500    26.6480    1506.61    136.381    136.898         39 0.0000e+00
     204129   8505.325    364.316    367.000    15.9070    15.9196   4.522083   4.523448     2.0184     1.6781     100.00   25.01410  -88.00604    0.00151    0.00147     3.1397     3.1517    15.8484    15.8610    36.1148    36.1156    26.6405    26.6383    1506.67    136.580    137.105         32 0.0000e+00
     204152   8506.308    363.324    366.000    15.9288    15.9223   4.524524   4.523931     2.0218     1.6817      74.61   25.01308  -88.00246    0.00228    0.00215     3.1461     3.1610    15.8703    15.8638    36.1171    36.1177    26.6372    26.6391    1506.61    136.858    137.506         30 0.0000e+00
     205479   8561.565    309.759    312.000    18.2941    18.2947   4.810192   4.810343     2.2264     1.8640      98.90   25.02124  -88.03068    0.00115    0.00125     3.4334     3.4438    18.2392    18.2398    36.5104    36.5112    26.3706    26.3711    1507.09    149.396    149.851         31 0.0000e+00
     205639   8568.237    308.767    311.000    18.3056    18.2922   4.810899   4.808750     2.2294     1.8635     100.07   25.01325  -88.00252    0.00074   -0.00035     3.4389     3.4424    18.2508    18.2375    36.5028    36.4964    26.3609    26.3593    1506.61    149.638    149.790         33 0.0000e+00
     206819   8617.415    307.775    310.000    18.4268    18.4205   4.825685   4.824861     2.2413     1.8769     100.00   25.01342  -88.00263    0.00031   -0.00007     3.4567     3.4665    18.3721    18.3657    36.5214    36.5200    26.3447    26.3452    1506.61    150.415    150.838         41 0.0000e+00
