GOMECC/GOMECC-4/1db/urb2103_0821.cnv
* Sea-Bird SBE 9 Data File:
* FileName = C:\Users\scs.user.rb\CTD\GOMECC4\data\rb2103_0821.hex
* Software Version Seasave V 7.26.7.107
* Temperature SN = 4799
* Conductivity SN = 3860
* Number of Bytes Per Scan = 41
* Number of Voltage Words = 4
* Number of Scans Averaged by the Deck Unit = 1
* NMEA Latitude = 22 16.54 N
* NMEA Longitude = 095 35.27 W
* NMEA UTC (Time) = Oct 06 2021  22:50:02
* NMEA baud rate = 4800
# nquan = 28
# nvalues = 551                         
# units = specified
# name 0 = scan: Scan Count
# name 1 = timeS: Time, Elapsed [seconds]
# name 2 = depSM: Depth [salt water, m]
# name 3 = prDM: Pressure, Digiquartz [db]
# name 4 = t090C: Temperature [ITS-90, deg C]
# name 5 = t190C: Temperature, 2 [ITS-90, deg C]
# name 6 = c0S/m: Conductivity [S/m]
# name 7 = c1S/m: Conductivity, 2 [S/m]
# name 8 = sbeox0V: Oxygen raw, SBE 43 [V]
# name 9 = sbeox1V: Oxygen raw, SBE 43, 2 [V]
# name 10 = altM: Altimeter [m]
# name 11 = latitude: Latitude [deg]
# name 12 = longitude: Longitude [deg]
# name 13 = sbox0dV/dT: Oxygen, SBE 43 [dov/dt]
# name 14 = sbox1dV/dT: Oxygen, SBE 43, 2 [dov/dt]
# name 15 = sbeox0ML/L: Oxygen, SBE 43 [ml/l], WS = 5
# name 16 = sbeox1ML/L: Oxygen, SBE 43, 2 [ml/l], WS = 5
# name 17 = potemp090C: Potential Temperature [ITS-90, deg C]
# name 18 = potemp190C: Potential Temperature, 2 [ITS-90, deg C]
# name 19 = sal00: Salinity, Practical [PSU]
# name 20 = sal11: Salinity, Practical, 2 [PSU]
# name 21 = sigma-é00: Density [sigma-theta, kg/m^3]
# name 22 = sigma-é11: Density, 2 [sigma-theta, kg/m^3]
# name 23 = avgsvCM: Average Sound Velocity [Chen-Millero, m/s], minP = 20, minS = 20
# name 24 = sbox0Mm/Kg: Oxygen, SBE 43 [umol/kg], WS = 5
# name 25 = sbox1Mm/Kg: Oxygen, SBE 43, 2 [umol/kg], WS = 5
# name 26 = nbin: number of scans per bin
# name 27 = flag: flag
# span 0 =      98481,     231714       
# span 1 =   4103.317,   9654.688       
# span 2 =      0.994,   2978.797       
# span 3 =      1.000,   3019.000       
# span 4 =     4.2759,    29.7622       
# span 5 =     4.2770,    29.7662       
# span 6 =   3.345702,   6.014704       
# span 7 =   3.345683,   6.015252       
# span 8 =     1.5624,     3.3891       
# span 9 =     1.2651,     2.8953       
# span 10 =      10.94,     101.89      
# span 11 =   21.52081,   22.46482      
# span 12 =  -96.40962,  -92.35855      
# span 13 =   -0.00910,    0.04151      
# span 14 =   -0.01746,    0.04061      
# span 15 =     2.3637,     5.0836      
# span 16 =     2.3761,     5.0863      
# span 17 =     4.0787,    29.7580      
# span 18 =     4.0797,    29.7620      
# span 19 =    34.9132,    36.5390      
# span 20 =    34.9121,    36.5398      
# span 21 =    22.0451,    27.7581      
# span 22 =    22.0448,    27.7569      
# span 23 =    1450.53,    1514.15      
# span 24 =    102.780,    221.738      
# span 25 =    103.321,    221.832      
# span 26 =         30,         74      
# span 27 = 0.0000e+00, 0.0000e+00      
# interval = decibars: 1                
# start_time = Oct 06 2021 22:50:02 [NMEA time, header]
# bad_flag = -9.990e-29
*END*
      98481   4103.317   2978.797   3019.000     4.3613     4.3626   3.411607   3.411601     1.7343     1.4230      10.94   22.27526  -95.58916    0.00002    0.00001     4.6317     4.6379     4.0791     4.0804    34.9748    34.9734    27.7579    27.7566    1501.31    201.265    201.535         38 0.0000e+00
      98693   4112.160   2977.817   3018.000     4.3611     4.3623   3.411556   3.411544     1.7342     1.4229      11.30   22.27526  -95.58916   -0.00002   -0.00004     4.6310     4.6368     4.0791     4.0803    34.9748    34.9734    27.7578    27.7566    1501.31    201.234    201.489         38 0.0000e+00
      98751   4114.591   2976.837   3017.000     4.3608     4.3622   3.411502   3.411485     1.7343     1.4231      12.42   22.27526  -95.58916    0.00005    0.00005     4.6308     4.6374     4.0789     4.0802    34.9749    34.9734    27.7580    27.7566    1501.31    201.226    201.512         65 0.0000e+00
      98801   4116.683   2975.857   3016.000     4.3609     4.3621   3.411468   3.411448     1.7346     1.4236      13.27   22.27526  -95.58916    0.00010    0.00022     4.6315     4.6391     4.0791     4.0803    34.9749    34.9734    27.7579    27.7566    1501.31    201.256    201.587         38 0.0000e+00
      98842   4118.370   2974.878   3015.000     4.3606     4.3618   3.411396   3.411388     1.7349     1.4237      14.22   22.27526  -95.58916    0.00014    0.00015     4.6321     4.6393     4.0789     4.0801    34.9748    34.9735    27.7578    27.7567    1501.31    201.283    201.594         47 0.0000e+00
      98890   4120.359   2973.898   3014.000     4.3606     4.3617   3.411364   3.411335     1.7350     1.4237      15.20   22.27526  -95.58916    0.00010    0.00004     4.6323     4.6386     4.0790     4.0801    34.9749    34.9734    27.7579    27.7566    1501.31    201.291    201.564         44 0.0000e+00
      98927   4121.937   2972.918   3013.000     4.3604     4.3616   3.411317   3.411283     1.7350     1.4237      16.08   22.27526  -95.58916    0.00004   -0.00001     4.6318     4.6379     4.0789     4.0801    34.9750    34.9733    27.7580    27.7566    1501.31    201.268    201.537         33 0.0000e+00
      98959   4123.258   2971.938   3012.000     4.3603     4.3614   3.411256   3.411236     1.7350     1.4237      16.90   22.27526  -95.58916    0.00005    0.00001     4.6312     4.6375     4.0789     4.0800    34.9748    34.9735    27.7579    27.7567    1501.31    201.243    201.519         31 0.0000e+00
      98989   4124.505   2970.958   3011.000     4.3601     4.3612   3.411202   3.411178     1.7353     1.4237      17.86   22.27526  -95.58916    0.00004    0.00001     4.6316     4.6372     4.0789     4.0800    34.9748    34.9733    27.7578    27.7566    1501.31    201.260    201.502         30 0.0000e+00
      99020   4125.773   2969.978   3010.000     4.3600     4.3611   3.411147   3.411131     1.7352     1.4237      18.90   22.27525  -95.58916    0.00004    0.00002     4.6308     4.6365     4.0789     4.0800    34.9746    34.9733    27.7577    27.7566    1501.31    201.225    201.475         31 0.0000e+00
      99051   4127.099   2968.998   3009.000     4.3598     4.3610   3.411103   3.411089     1.7356     1.4240      19.83   22.27525  -95.58916    0.00012    0.00005     4.6322     4.6371     4.0789     4.0800    34.9748    34.9734    27.7579    27.7566    1501.31    201.287    201.501         32 0.0000e+00
      99441   4143.316   2954.300   2994.000     4.3580     4.3592   3.410396   3.410362     1.7378     1.4259      34.17   22.27526  -95.58923    0.00006    0.00021     4.6331     4.6381     4.0787     4.0800    34.9750    34.9733    27.7580    27.7566    1501.31    201.326    201.542         30 0.0000e+00
      99565   4148.508   2949.401   2989.000     4.3575     4.3586   3.410176   3.410145     1.7381     1.4261      38.99   22.27540  -95.58983    0.00005   -0.00000     4.6316     4.6360     4.0788     4.0800    34.9751    34.9736    27.7581    27.7568    1501.32    201.260    201.450         32 0.0000e+00
      99596   4149.804   2948.420   2988.000     4.3575     4.3586   3.410099   3.410077     1.7381     1.4262      40.09   22.27524  -95.58916    0.00004    0.00000     4.6313     4.6358     4.0789     4.0800    34.9747    34.9733    27.7578    27.7565    1501.31    201.248    201.442         31 0.0000e+00
      99745   4155.990   2942.541   2982.000     4.3567     4.3578   3.409815   3.409797     1.7387     1.4270      45.83   22.27530  -95.58942    0.00009    0.00013     4.6303     4.6363     4.0788     4.0799    34.9748    34.9735    27.7579    27.7567    1501.31    201.205    201.465         32 0.0000e+00
      99900   4162.460   2936.660   2976.000     4.3560     4.3572   3.409545   3.409514     1.7400     1.4280      51.57   22.27536  -95.58969    0.00017    0.00019     4.6325     4.6375     4.0788     4.0800    34.9751    34.9735    27.7581    27.7567    1501.32    201.300    201.517         30 0.0000e+00
     101053   4210.498   2892.556   2931.000     4.3507     4.3518   3.407376   3.407353     1.7458     1.4334      95.43   22.27534  -95.58962    0.00010    0.00026     4.6329     4.6379     4.0788     4.0799    34.9749    34.9735    27.7580    27.7567    1501.32    201.316    201.535         30 0.0000e+00
     101205   4216.824   2886.675   2925.000     4.3500     4.3511   3.407090   3.407062     1.7464     1.4337     100.00   22.27530  -95.58946    0.00009    0.00003     4.6320     4.6359     4.0787     4.0798    34.9749    34.9735    27.7580    27.7567    1501.31    201.277    201.449         30 0.0000e+00
     101999   4249.937   2856.285   2894.000     4.3465     4.3475   3.405597   3.405582     1.7508     1.4376     100.00   22.27533  -95.58966    0.00018    0.00013     4.6334     4.6368     4.0788     4.0797    34.9748    34.9736    27.7579    27.7569    1501.32    201.337    201.485         33 0.0000e+00
     102031   4251.256   2855.305   2893.000     4.3464     4.3474   3.405542   3.405517     1.7508     1.4380     100.00   22.27522  -95.58920    0.00010    0.00016     4.6331     4.6379     4.0788     4.0798    34.9747    34.9733    27.7578    27.7566    1501.31    201.324    201.535         30 0.0000e+00
     102540   4272.438   2835.696   2873.000     4.3440     4.3451   3.404581   3.404553     1.7536     1.4406     100.00   22.27522  -95.58923    0.00007    0.00019     4.6340     4.6387     4.0787     4.0798    34.9747    34.9733    27.7578    27.7566    1501.31    201.363    201.569         30 0.0000e+00
     102847   4285.238   2823.930   2861.000     4.3427     4.3437   3.404014   3.403980     1.7551     1.4419     100.00   22.27527  -95.58943    0.00010    0.00021     4.6334     4.6383     4.0787     4.0797    34.9749    34.9734    27.7580    27.7567    1501.31    201.341    201.553         30 0.0000e+00
     105823   4409.246   2710.160   2745.000     4.3299     4.3308   3.398452   3.398417     1.7714     1.4569     100.00   22.27527  -95.58971    0.00017    0.00010     4.6381     4.6424     4.0790     4.0799    34.9747    34.9734    27.7578    27.7566    1501.32    201.542    201.730         30 0.0000e+00
     106596   4441.475   2680.727   2715.000     4.3268     4.3278   3.397020   3.396990     1.7757     1.4605      97.04   22.27514  -95.58928    0.00014   -0.00000     4.6395     4.6420     4.0793     4.0803    34.9745    34.9731    27.7576    27.7564    1501.31    201.603    201.711         32 0.0000e+00
     106750   4447.887   2674.840   2709.000     4.3261     4.3272   3.396726   3.396699     1.7769     1.4624     100.00   22.27511  -95.58916    0.00011    0.00021     4.6412     4.6476     4.0793     4.0804    34.9745    34.9730    27.7576    27.7563    1501.31    201.679    201.957         30 0.0000e+00
     106836   4451.448   2671.897   2706.000     4.3258     4.3269   3.396618   3.396594     1.7775     1.4628     100.00   22.27537  -95.59027    0.00018    0.00014     4.6420     4.6476     4.0794     4.0804    34.9749    34.9735    27.7579    27.7567    1501.32    201.713    201.955         38 0.0000e+00
     106916   4454.795   2670.915   2705.000     4.3257     4.3266   3.396536   3.396505     1.7775     1.4629     100.00   22.27516  -95.58936    0.00004    0.00003     4.6414     4.6472     4.0793     4.0803    34.9745    34.9731    27.7576    27.7564    1501.31    201.687    201.941         56 0.0000e+00
     106983   4457.568   2669.934   2704.000     4.3255     4.3266   3.396490   3.396467     1.7777     1.4629     100.00   22.27516  -95.58936    0.00003    0.00002     4.6414     4.6471     4.0793     4.0804    34.9746    34.9732    27.7577    27.7564    1501.31    201.688    201.933         58 0.0000e+00
     107049   4460.313   2668.953   2703.000     4.3254     4.3267   3.396443   3.396428     1.7777     1.4629      99.86   22.27516  -95.58936    0.00002    0.00000     4.6409     4.6463     4.0793     4.0805    34.9746    34.9731    27.7576    27.7564    1501.31    201.665    201.899         55 0.0000e+00
     107225   4467.663   2666.994   2701.000     4.3252     4.3264   3.396249   3.396246     1.7779     1.4630     100.00   22.27448  -95.58646    0.00004   -0.00002     4.6407     4.6455     4.0793     4.0805    34.9734    34.9721    27.7567    27.7556    1501.26    201.657    201.865         39 0.0000e+00
     108125   4505.146   2666.009   2700.000     4.3256     4.3267   3.396339   3.396321     1.7781     1.4638     100.00   22.27516  -95.58937    0.00002    0.00006     4.6410     4.6488     4.0798     4.0808    34.9745    34.9732    27.7575    27.7564    1501.31    201.668    202.009         34 0.0000e+00
     108848   4535.281   2665.028   2699.000     4.3255     4.3266   3.396293   3.396268     1.7782     1.4639     100.00   22.27516  -95.58936    0.00002    0.00003     4.6407     4.6488     4.0798     4.0809    34.9745    34.9731    27.7575    27.7564    1501.31    201.655    202.007         57 0.0000e+00
     108901   4537.504   2664.047   2698.000     4.3256     4.3266   3.396260   3.396230     1.7784     1.4639      82.13   22.27516  -95.58937    0.00010    0.00002     4.6412     4.6481     4.0801     4.0810    34.9744    34.9731    27.7575    27.7563    1501.31    201.679    201.979         49 0.0000e+00
     109000   4541.610   2663.066   2697.000     4.3254     4.3265   3.396201   3.396188     1.7788     1.4641      94.29   22.27516  -95.58938    0.00005    0.00002     4.6422     4.6482     4.0799     4.0810    34.9744    34.9732    27.7575    27.7564    1501.31    201.719    201.981         39 0.0000e+00
     109047   4543.581   2662.084   2696.000     4.3253     4.3262   3.396154   3.396129     1.7789     1.4641      99.93   22.27516  -95.58938    0.00013    0.00004     4.6422     4.6478     4.0800     4.0808    34.9744    34.9733    27.7575    27.7564    1501.31    201.722    201.965         34 0.0000e+00
     109107   4546.072   2661.103   2695.000     4.3248     4.3258   3.396070   3.396046     1.7789     1.4641     100.00   22.27516  -95.58938    0.00003 3.0354e-08     4.6417     4.6472     4.0795     4.0806    34.9745    34.9731    27.7575    27.7564    1501.31    201.702    201.938         41 0.0000e+00
     109166   4548.548   2660.122   2694.000     4.3250     4.3259   3.396050   3.396020     1.7791     1.4642     100.00   22.27516  -95.58938    0.00005    0.00006     4.6420     4.6471     4.0799     4.0808    34.9745    34.9731    27.7575    27.7563    1501.31    201.714    201.935         31 0.0000e+00
     109252   4552.116   2657.178   2691.000     4.3244     4.3255   3.395878   3.395860     1.7796     1.4646     100.00   22.27511  -95.58918    0.00012    0.00011     4.6422     4.6472     4.0796     4.0807    34.9744    34.9731    27.7575    27.7563    1501.31    201.721    201.937         33 0.0000e+00
     109284   4553.454   2656.197   2690.000     4.3244     4.3254   3.395851   3.395812     1.7796     1.4648     100.00   22.27516  -95.58938    0.00009    0.00004     4.6418     4.6474     4.0797     4.0807    34.9746    34.9731    27.7576    27.7563    1501.31    201.704    201.947         30 0.0000e+00
     111022   4625.862   2588.478   2621.000     4.3177     4.3187   3.392582   3.392553     1.7900     1.4741     100.00   22.27506  -95.58918    0.00020    0.00011     4.6463     4.6511     4.0806     4.0816    34.9743    34.9729    27.7573    27.7561    1501.31    201.901    202.108         31 0.0000e+00
     112803   4700.096   2518.774   2550.000     4.3109     4.3119   3.389212   3.389192     1.8001     1.4837     100.00   22.27504  -95.58933    0.00014    0.00007     4.6482     4.6539     4.0816     4.0827    34.9740    34.9727    27.7570    27.7558    1501.31    201.984    202.229         30 0.0000e+00
     115938   4830.688   2396.001   2425.000     4.3010     4.3019   3.383453   3.383428     1.8188     1.5009     100.00   22.27506  -95.58959    0.00021    0.00009     4.6538     4.6594     4.0853     4.0862    34.9737    34.9725    27.7564    27.7553    1501.31    202.224    202.467         30 0.0000e+00
     116408   4850.312   2378.317   2407.000     4.2998     4.3006   3.382762   3.382726     1.8215     1.5039      80.73   22.27595  -95.59342    0.00006    0.00020     4.6544     4.6624     4.0859     4.0868    34.9752    34.9739    27.7575    27.7564    1501.37    202.252    202.598         48 0.0000e+00
     116463   4852.579   2377.334   2406.000     4.2994     4.3003   3.382574   3.382547     1.8216     1.5042     100.61   22.27506  -95.58960    0.00005    0.00018     4.6545     4.6630     4.0857     4.0866    34.9738    34.9726    27.7564    27.7553    1501.31    202.254    202.628         63 0.0000e+00
     116545   4855.987   2376.351   2405.000     4.2992     4.3001   3.382518   3.382487     1.8219     1.5043     100.00   22.27506  -95.58960    0.00010    0.00004     4.6552     4.6630     4.0856     4.0865    34.9738    34.9725    27.7564    27.7553    1501.31    202.286    202.626         39 0.0000e+00
     116684   4861.779   2374.386   2403.000     4.2992     4.3002   3.382500   3.382468     1.8220     1.5043      99.72   22.27550  -95.59147   -0.00002    0.00000     4.6546     4.6619     4.0859     4.0868    34.9745    34.9732    27.7569    27.7558    1501.34    202.260    202.578         37 0.0000e+00
     116743   4864.249   2373.403   2402.000     4.2992     4.3001   3.382395   3.382366     1.8219     1.5043     100.00   22.27506  -95.58960   -0.00002 -2.160e-08     4.6535     4.6612     4.0859     4.0868    34.9738    34.9725    27.7563    27.7552    1501.31    202.213    202.549         35 0.0000e+00
     116804   4866.812   2372.421   2401.000     4.2992     4.3001   3.382348   3.382323     1.8223     1.5043      99.74   22.27506  -95.58960    0.00004 -4.329e-07     4.6546     4.6606     4.0860     4.0869    34.9737    34.9725    27.7563    27.7552    1501.31    202.262    202.521         46 0.0000e+00
     117384   4890.952   2371.438   2400.000     4.2993     4.3002   3.382320   3.382301     1.8224     1.5045      92.19   22.27505  -95.58962    0.00002    0.00003     4.6542     4.6609     4.0862     4.0871    34.9738    34.9726    27.7563    27.7552    1501.31    202.243    202.532         47 0.0000e+00
     119013   4958.821   2370.456   2399.000     4.2996     4.3005   3.382310   3.382278     1.8230     1.5046      99.49   22.27504  -95.58969   -0.00001   -0.00006     4.6561     4.6606     4.0866     4.0875    34.9737    34.9724    27.7562    27.7551    1501.31    202.326    202.521         36 0.0000e+00
     118903   4954.234   2369.473   2398.000     4.2993     4.3003   3.382245   3.382228     1.8230     1.5053     100.04   22.27502  -95.58970    0.00004    0.00020     4.6557     4.6636     4.0864     4.0874    34.9738    34.9725    27.7562    27.7552    1501.31    202.306    202.651         41 0.0000e+00
