GOMECC/GOMECC-4/1db/urb2103_0001.cnv
* Sea-Bird SBE 9 Data File:
* FileName = C:\Users\scs.user.rb\CTD\GOMECC4\data\rb2103_000.hex
* Software Version Seasave V 7.26.7.107
* Temperature SN = 4799
* Conductivity SN = 3860
* Number of Bytes Per Scan = 41
* Number of Voltage Words = 4
* Number of Scans Averaged by the Deck Unit = 1
* NMEA Latitude = 24 13.42 N
* NMEA Longitude = 081 36.66 W
* NMEA UTC (Time) = Sep 13 2021  22:57:13
* NMEA baud rate = 4800
# nquan = 28
# nvalues = 155                         
# units = specified
# name 0 = scan: Scan Count
# name 1 = timeS: Time, Elapsed [seconds]
# name 2 = depSM: Depth [salt water, m]
# name 3 = prDM: Pressure, Digiquartz [db]
# name 4 = t090C: Temperature [ITS-90, deg C]
# name 5 = t190C: Temperature, 2 [ITS-90, deg C]
# name 6 = c0S/m: Conductivity [S/m]
# name 7 = c1S/m: Conductivity, 2 [S/m]
# name 8 = sbeox0V: Oxygen raw, SBE 43 [V]
# name 9 = sbeox1V: Oxygen raw, SBE 43, 2 [V]
# name 10 = altM: Altimeter [m]
# name 11 = latitude: Latitude [deg]
# name 12 = longitude: Longitude [deg]
# name 13 = sbox0dV/dT: Oxygen, SBE 43 [dov/dt]
# name 14 = sbox1dV/dT: Oxygen, SBE 43, 2 [dov/dt]
# name 15 = sbeox0ML/L: Oxygen, SBE 43 [ml/l], WS = 5
# name 16 = sbeox1ML/L: Oxygen, SBE 43, 2 [ml/l], WS = 5
# name 17 = potemp090C: Potential Temperature [ITS-90, deg C]
# name 18 = potemp190C: Potential Temperature, 2 [ITS-90, deg C]
# name 19 = sal00: Salinity, Practical [PSU]
# name 20 = sal11: Salinity, Practical, 2 [PSU]
# name 21 = sigma-é00: Density [sigma-theta, kg/m^3]
# name 22 = sigma-é11: Density, 2 [sigma-theta, kg/m^3]
# name 23 = avgsvCM: Average Sound Velocity [Chen-Millero, m/s], minP = 20, minS = 20
# name 24 = sbox0Mm/Kg: Oxygen, SBE 43 [umol/kg], WS = 5
# name 25 = sbox1Mm/Kg: Oxygen, SBE 43, 2 [umol/kg], WS = 5
# name 26 = nbin: number of scans per bin
# name 27 = flag: flag
# span 0 =      51608,      67524       
# span 1 =   2150.284,   2813.478       
# span 2 =    800.296,   1233.369       
# span 3 =    807.000,   1245.000       
# span 4 =     9.0681,    29.3424       
# span 5 =     9.0683,    29.3884       
# span 6 =   3.751938,   5.823045       
# span 7 =   3.751977,   5.823256       
# span 8 =     1.6240,     3.1625       
# span 9 =     1.3314,     2.6948       
# span 10 =      29.58,     100.64      
# span 11 =   24.22084,   24.22663      
# span 12 =  -81.61335,  -81.59383      
# span 13 =   -0.02102,    0.02801      
# span 14 =   -0.01971,    0.02868      
# span 15 =     2.8741,     4.9624      
# span 16 =     2.9212,     5.0123      
# span 17 =     8.9247,    29.1420      
# span 18 =     8.9249,    29.1878      
# span 19 =    33.0082,    36.3130      
# span 20 =    33.0076,    36.3138      
# span 21 =    20.6220,    26.9389      
# span 22 =    20.6216,    26.9390      
# span 23 =    1534.89,    1535.26      
# span 24 =    124.994,    216.585      
# span 25 =    127.047,    218.697      
# span 26 =         30,         74      
# span 27 = 0.0000e+00, 0.0000e+00      
# interval = decibars: 1                
# start_time = Sep 13 2021 22:57:13 [NMEA time, header]
# bad_flag = -9.990e-29
*END*
[from data line 104]
      62626   2609.366    859.674    867.000    22.8369    22.7370   5.274352   5.267039     2.7133     2.3034      99.91   24.22544  -81.60926    0.01118    0.00768     4.4530     4.4827    22.6580    22.5587    36.1992    36.2247    24.9421    24.9900    1535.18    194.030    195.314         37 0.0000e+00
      62664   2610.938    858.685    866.000    22.9653    22.8526   5.286172   5.276667     2.7545     2.3317      99.24   24.22543  -81.60926    0.01740    0.01167     4.5337     4.5431    22.7860    22.6739    36.1855    36.2046    24.8949    24.9416    1535.18    197.557    197.956         38 0.0000e+00
      62701   2612.516    857.695    865.000    23.0758    22.9844   5.297396   5.288467     2.7994     2.3679     100.00   24.22544  -81.60926    0.02621    0.01875     4.6234     4.6213    22.8961    22.8051    36.1818    36.1879    24.8603    24.8912    1535.18    201.471    201.374         36 0.0000e+00
      62738   2614.029    856.706    864.000    23.2193    23.1337   5.312882   5.304549     2.8272     2.4020     100.00   24.22544  -81.60926    0.02569    0.02269     4.6718     4.6914    23.0390    22.9539    36.1839    36.1898    24.8205    24.8497    1535.18    203.587    204.439         37 0.0000e+00
      62775   2615.581    855.716    863.000    23.3477    23.2359   5.325914   5.315508     2.8461     2.4239     100.00   24.22543  -81.60926    0.01779    0.02061     4.7017     4.7358    23.1670    23.0557    36.1794    36.1909    24.7799    24.8210    1535.18    204.900    206.380         36 0.0000e+00
      62810   2617.034    854.727    862.000    23.5019    23.4931   5.341930   5.340437     2.8643     2.4382     100.00   24.22543  -81.60926    0.01283    0.01324     4.7277     4.7491    23.3205    23.3118    36.1768    36.1803    24.7331    24.7383    1535.18    206.044    206.973         35 0.0000e+00
      62846   2618.541    853.737    861.000    23.6422    23.6138   5.357124   5.354248     2.8874     2.4627     100.00   24.22543  -81.60926    0.01327    0.01194     4.7653     4.7973    23.4603    23.4320    36.1789    36.1801    24.6938    24.7030    1535.18    207.691    209.081         37 0.0000e+00
      62883   2620.095    852.748    860.000    23.7303    23.6360   5.366593   5.357779     2.9068     2.4813     100.00   24.22543  -81.60926    0.01422    0.01459     4.7993     4.8390    23.5482    23.4543    36.1798    36.1837    24.6686    24.6991    1535.18    209.178    210.901         37 0.0000e+00
      62919   2621.563    851.758    859.000    23.7716    23.7588   5.371319   5.370594     2.9229     2.4928      55.92   24.22543  -81.60928    0.01256    0.01094     4.8302     4.8564    23.5894    23.5767    36.1826    36.1873    24.6586    24.6659    1535.18    210.525    211.666         35 0.0000e+00
      62954   2623.037    850.769    858.000    23.9457    23.8626   5.391021   5.381561     2.9370     2.5092      99.86   24.22543  -81.60928    0.01071    0.00919     4.8443     4.8866    23.7628    23.6802    36.1914    36.1869    24.6140    24.6351    1535.18    211.150    212.988         35 0.0000e+00
      62990   2624.531    849.779    857.000    24.1490    23.9732   5.416359   5.395003     2.9488     2.5191     100.00   24.22543  -81.60928    0.00943    0.00963     4.8495     4.9000    23.9629    23.7903    36.2208    36.1997    24.5769    24.6122    1535.18    211.383    213.575         36 0.0000e+00
      63025   2626.017    848.790    856.000    24.3638    24.0701   5.444337   5.408063     2.9467     2.5170     100.00   24.22543  -81.60928    0.00607    0.00513     4.8243     4.8853    24.1791    23.8869    36.2567    36.2204    24.5396    24.5992    1535.18    210.295    212.940         35 0.0000e+00
      63060   2627.476    847.800    855.000    24.5500    24.5011   5.468472   5.461002     2.9319     2.5174     100.00   24.22543  -81.60928   -0.00241    0.00099     4.7742     4.8474    24.3645    24.3158    36.2882    36.2716    24.5079    24.5099    1535.18    208.116    211.306         36 0.0000e+00
      63096   2628.975    846.810    854.000    24.7994    24.7366   5.496929   5.490738     2.9192     2.4947     100.00   24.22543  -81.60928   -0.00864   -0.00512     4.7237     4.7743    24.6128    24.5503    36.3009    36.3051    24.4426    24.4646    1535.18    205.926    208.127         36 0.0000e+00
      63132   2630.476    845.821    853.000    24.9307    24.9747   5.512135   5.516426     2.9115     2.4833     100.00   24.22543  -81.60928   -0.00784   -0.01084     4.6949     4.7246    24.7436    24.7874    36.3093    36.3059    24.4092    24.3934    1535.18    204.676    205.978         36 0.0000e+00
      63168   2631.979    844.831    852.000    25.1367    25.0364   5.531466   5.523481     2.9147     2.4803     100.00   24.22543  -81.60928   -0.00375   -0.00741     4.6837     4.7118    24.9488    24.8490    36.2884    36.3093    24.3310    24.3772    1535.18    204.204    205.422         35 0.0000e+00
      63202   2633.380    843.842    851.000    25.3671    25.3494   5.550823   5.550234     2.9348     2.4970     100.00   24.22543  -81.60928    0.00319    0.00068     4.7054     4.7256    25.1782    25.1606    36.2505    36.2592    24.2321    24.2440    1535.18    205.173    206.052         34 0.0000e+00
      63240   2634.949    842.852    850.000    25.4975    25.5182   5.558918   5.561536     2.9645     2.5398     100.00   24.22543  -81.60928    0.01325    0.01437     4.7591     4.8134    25.3082    25.3288    36.2050    36.2078    24.1577    24.1535    1535.18    207.530    209.898         41 0.0000e+00
      63280   2636.606    841.862    849.000    25.6598    25.6895   5.569072   5.571569     3.0135     2.5754     100.00   24.22544  -81.60928    0.02283    0.02437     4.8504     4.8846    25.4699    25.5003    36.1516    36.1500    24.0674    24.0585    1535.18    211.529    213.021         37 0.0000e+00
      63314   2638.036    840.873    848.000    26.0164    26.2125   5.601362   5.615382     3.0500     2.6287     100.00   24.22544  -81.60928    0.02801    0.02528     4.8958     4.9708    25.8249    26.0201    36.1073    36.0557    23.9236    23.8238    1535.18    213.536    216.824         33 0.0000e+00
      63349   2639.501    839.883    847.000    26.5882    26.6035   5.649692   5.652319     3.0869     2.6590      79.16   24.22543  -81.60928    0.02640    0.02868     4.9227     5.0021    26.3940    26.4092    36.0118    36.0186    23.6726    23.6732    1535.18    214.765    218.228         38 0.0000e+00
      63389   2641.148    838.894    846.000    27.1445    26.9066   5.697640   5.677743     3.1300     2.6733     100.59   24.22543  -81.60928    0.02573    0.02512     4.9590     5.0123    26.9478    26.7111    35.9258    35.9669    23.4320    23.5385    1535.18    216.400    218.697         37 0.0000e+00
      63428   2642.795    837.904    845.000    27.6151    27.3332   5.742767   5.716355     3.1480     2.6839     100.00   24.22543  -81.60928    0.02124    0.00846     4.9624     4.9979    27.4162    27.1358    35.8862    35.9145    23.2514    23.3631    1535.18    216.585    218.109         41 0.0000e+00
      63496   2645.605    836.915    844.000    27.8451    27.9876   5.760491   5.773746     3.1504     2.6886     100.00   24.22544  -81.60929    0.00563    0.00347     4.9433     4.9559    27.6453    27.7871    35.8365    35.8216    23.1395    23.0821    1535.18    215.773    216.335         37 0.0000e+00
      63600   2649.938    835.925    843.000    28.3767    28.4478   5.800055   5.803718     3.1553     2.6828     100.00   24.22543  -81.60930    0.00469   -0.00207     4.9090     4.9079    28.1745    28.2455    35.7138    35.6847    22.8742    22.8292    1535.18    214.333    214.292         73 0.0000e+00
      63674   2653.049    834.935    842.000    28.4625    28.5159   5.799393   5.801992     3.1531     2.6810     100.00   24.22542  -81.60930   -0.00049   -0.00085     4.8984     4.8997    28.2601    28.3145    35.6453    35.6251    22.7946    22.7630    1535.18    213.885    213.950         74 0.0000e+00
      63746   2656.041    833.946    841.000    28.5469    28.5978   5.800341   5.801152     3.1585     2.6858      98.34   24.22542  -81.60930    0.00123    0.00097     4.9028     4.9041    28.3443    28.3950    35.5875    35.5551    22.7233    22.6822    1535.18    214.093    214.157         65 0.0000e+00
      63812   2658.810    832.956    840.000    28.5913    28.6642   5.799762   5.800226     3.1598     2.6933      96.87   24.22542  -81.60930    0.00122    0.00278     4.9018     4.9166    28.3888    28.4614    35.5507    35.5006    22.6810    22.6192    1535.18    214.061    214.717         73 0.0000e+00
      63884   2661.780    831.966    839.000    28.6660    28.7451   5.799589   5.802620     3.1614     2.6948     100.08   24.22542  -81.60930    0.00001    0.00076     4.8985     4.9135    28.4633    28.5421    35.4938    35.4568    22.6135    22.5597    1535.18    213.930    214.595         63 0.0000e+00
      63946   2664.367    830.977    838.000    28.7608    28.8067   5.803325   5.805685     3.1615     2.6930      86.10   24.22542  -81.60930    0.00085   -0.00020     4.8917     4.9047    28.5580    28.6040    35.4511    35.4328    22.5501    22.5214    1535.18    213.647    214.221         65 0.0000e+00
      64011   2667.072    829.987    837.000    28.7874    28.8584   5.804550   5.808905     3.1564     2.6914      99.94   24.22541  -81.60930   -0.00211   -0.00140     4.8792     4.8980    28.5848    28.6566    35.4390    35.4159    22.5321    22.4910    1535.18    213.105    213.929         65 0.0000e+00
      64074   2669.706    828.998    836.000    28.8629    28.9227   5.808573   5.812433     3.1621     2.6915     100.00   24.22541  -81.60930    0.00144    0.00082     4.8843     4.8916    28.6592    28.7199    35.4118    35.3939    22.4870    22.4536    1535.18    213.334    213.660         62 0.0000e+00
      64141   2672.520    828.008    835.000    28.9264    29.0123   5.812224   5.817732     3.1598     2.6917     100.00   24.22540  -81.60930    0.00008   -0.00060     4.8740     4.8856    28.7235    28.8090    35.3898    35.3643    22.4490    22.4014    1535.18    212.894    213.408         69 0.0000e+00
      64203   2675.098    827.018    834.000    29.0007    29.0511   5.816255   5.819569     3.1579     2.6899     100.00   24.22541  -81.60929   -0.00119   -0.00009     4.8632     4.8774    28.7977    28.8478    35.3637    35.3487    22.4048    22.3767    1535.18    212.431    213.055         60 0.0000e+00
      64270   2677.858    826.028    833.000    29.0490    29.0890   5.818843   5.819971     3.1553     2.6858     100.00   24.22542  -81.60928   -0.00068   -0.00159     4.8544     4.8653    28.8460    28.8858    35.3454    35.3238    22.3749    22.3454    1535.18    212.055    212.536         67 0.0000e+00
      64333   2680.481    825.039    832.000    29.0841    29.1119   5.819282   5.819353     3.1541     2.6792      89.87   24.22542  -81.60928   -0.00062   -0.00207     4.8488     4.8489    28.8812    28.9089    35.3234    35.3030    22.3466    22.3221    1535.18    211.813    211.823         62 0.0000e+00
      64398   2683.211    824.049    831.000    29.1083    29.1602   5.818695   5.818700     3.1544     2.6770      96.91   24.22542  -81.60928    0.00007   -0.00091     4.8475     4.8407    28.9055    28.9572    35.3017    35.2637    22.3222    22.2764    1535.18    211.761    211.473         70 0.0000e+00
      64462   2685.874    823.059    830.000    29.1538    29.1701   5.818019   5.818283     3.1511     2.6815     100.00   24.22542  -81.60928   -0.00084   -0.00005     4.8374     4.8493    28.9511    28.9673    35.2637    35.2536    22.2784    22.2655    1535.18    211.329    211.854         57 0.0000e+00
      64531   2688.745    822.070    829.000    29.1672    29.1786   5.817982   5.818287     3.1477     2.6767     100.00   24.22542  -81.60926   -0.00142    0.00014     4.8292     4.8375    28.9647    28.9760    35.2540    35.2477    22.2666    22.2581    1535.18    210.975    211.338         62 0.0000e+00
      64594   2691.390    821.080    828.000    29.1754    29.1767   5.817621   5.817981     3.1504     2.6793     100.00   24.22542  -81.60926    0.00102   -0.00120     4.8337     4.8431    28.9730    28.9744    35.2466    35.2472    22.2583    22.2583    1535.18    211.172    211.583         51 0.0000e+00
      64653   2693.822    820.091    827.000    29.1838    29.1853   5.817899   5.818185     3.1528     2.6795     100.00   24.22542  -81.60927    0.00094    0.00130     4.8370     4.8422    28.9817    28.9831    35.2418    35.2426    22.2518    22.2519    1535.18    211.319    211.546         69 0.0000e+00
      64716   2696.445    819.101    826.000    29.1862    29.1930   5.817917   5.818653     3.1515     2.6800     100.00   24.22542  -81.60926   -0.00018   -0.00012     4.8337     4.8423    28.9843    28.9911    35.2404    35.2403    22.2498    22.2475    1535.18    211.172    211.550         52 0.0000e+00
      64772   2698.772    818.111    825.000    29.1918    29.1975   5.818180   5.818895     3.1526     2.6822      85.20   24.22542  -81.60926    0.00017    0.00077     4.8349     4.8460    28.9901    28.9957    35.2382    35.2385    22.2462    22.2446    1535.18    211.229    211.714         65 0.0000e+00
      64833   2701.316    817.122    824.000    29.2020    29.2070   5.818825   5.819582     3.1542     2.6874     100.28   24.22542  -81.60926    0.00045    0.00146     4.8366     4.8565    29.0005    29.0054    35.2356    35.2372    22.2408    22.2403    1535.18    211.304    212.171         52 0.0000e+00
      64888   2703.625    816.132    823.000    29.2158    29.2193   5.820076   5.820909     3.1563     2.6855     100.00   24.22542  -81.60926    0.00076    0.00037     4.8391     4.8507    29.0145    29.0180    35.2343    35.2356    22.2352    22.2350    1535.18    211.413    211.922         51 0.0000e+00
      64972   2707.142    815.142    822.000    29.2256    29.2429   5.820767   5.822316     3.1560     2.6895     100.00   24.22542  -81.60926   -0.00009    0.00116     4.8370     4.8571    29.0245    29.0417    35.2321    35.2305    22.2302    22.2232    1535.18    211.324    212.202         66 0.0000e+00
      65065   2711.009    814.152    821.000    29.2418    29.2621   5.821698   5.823256     3.1565     2.6928     100.00   24.22542  -81.60926    0.00011    0.00139     4.8363     4.8627    29.0409    29.0610    35.2269    35.2226    22.2208    22.2108    1535.18    211.295    212.447         43 0.0000e+00
      65499   2729.089    810.193    817.000    29.3424    29.3884   5.823045   5.819716     3.1625     2.6939     100.00   24.22663  -81.61335    0.00066   -0.00086     4.8386     4.8557    29.1420    29.1878    35.1652    35.1089    22.1408    22.0832    1535.26    211.412    212.171         32 0.0000e+00
      66517   2771.495    802.275    809.000    29.0339    29.0340   5.474092   5.474056     3.1443     2.6751      67.42   24.22084  -81.59383    0.00022    0.00158     4.8826     4.8944    28.8381    28.8382    33.0082    33.0076    20.6220    20.6216    1534.89    213.652    214.168         33 0.0000e+00
      67428   2809.467    801.286    808.000    29.0405    29.0428   5.474753   5.475334     3.1444     2.6716     100.64   24.22542  -81.60926   -0.00038    0.00001     4.8819     4.8856    28.8450    28.8472    33.0114    33.0138    20.6232    20.6243    1535.18    213.620    213.781         31 0.0000e+00
      67524   2813.478    800.296    807.000    29.0390    29.0418   5.474778   5.475180     3.1452     2.6666      82.92   24.22540  -81.60926    0.00071   -0.00059     4.8829     4.8738    28.8436    28.8464    33.0129    33.0137    20.6248    20.6244    1535.18    213.663    213.267         47 0.0000e+00
