GOMECC/GOMECC-4/1db/urb2103_1221.cnv
* Sea-Bird SBE 9 Data File:
* FileName = C:\Users\scs.user.rb\CTD\GOMECC4\data\rb2103_1221.hex
* Software Version Seasave V 7.26.7.107
* Temperature SN = 4799
* Conductivity SN = 3860
* Number of Bytes Per Scan = 41
* Number of Voltage Words = 4
* Number of Scans Averaged by the Deck Unit = 1
* NMEA Latitude = 24 31.02 N
* NMEA Longitude = 080 37.81 W
* NMEA UTC (Time) = Oct 17 2021  20:29:11
* NMEA baud rate = 4800
# nquan = 28
# nvalues = 127                         
# units = specified
# name 0 = scan: Scan Count
# name 1 = timeS: Time, Elapsed [seconds]
# name 2 = depSM: Depth [salt water, m]
# name 3 = prDM: Pressure, Digiquartz [db]
# name 4 = t090C: Temperature [ITS-90, deg C]
# name 5 = t190C: Temperature, 2 [ITS-90, deg C]
# name 6 = c0S/m: Conductivity [S/m]
# name 7 = c1S/m: Conductivity, 2 [S/m]
# name 8 = sbeox0V: Oxygen raw, SBE 43 [V]
# name 9 = sbeox1V: Oxygen raw, SBE 43, 2 [V]
# name 10 = altM: Altimeter [m]
# name 11 = latitude: Latitude [deg]
# name 12 = longitude: Longitude [deg]
# name 13 = sbox0dV/dT: Oxygen, SBE 43 [dov/dt]
# name 14 = sbox1dV/dT: Oxygen, SBE 43, 2 [dov/dt]
# name 15 = sbeox0ML/L: Oxygen, SBE 43 [ml/l], WS = 5
# name 16 = sbeox1ML/L: Oxygen, SBE 43, 2 [ml/l], WS = 5
# name 17 = potemp090C: Potential Temperature [ITS-90, deg C]
# name 18 = potemp190C: Potential Temperature, 2 [ITS-90, deg C]
# name 19 = sal00: Salinity, Practical [PSU]
# name 20 = sal11: Salinity, Practical, 2 [PSU]
# name 21 = sigma-é00: Density [sigma-theta, kg/m^3]
# name 22 = sigma-é11: Density, 2 [sigma-theta, kg/m^3]
# name 23 = avgsvCM: Average Sound Velocity [Chen-Millero, m/s], minP = 20, minS = 20
# name 24 = sbox0Mm/Kg: Oxygen, SBE 43 [umol/kg], WS = 5
# name 25 = sbox1Mm/Kg: Oxygen, SBE 43, 2 [umol/kg], WS = 5
# name 26 = nbin: number of scans per bin
# name 27 = flag: flag
# span 0 =      31395,      67524       
# span 1 =   1308.099,   2813.445       
# span 2 =      1.987,    232.371       
# span 3 =      2.000,    234.000       
# span 4 =    13.8460,    31.0749       
# span 5 =    14.0873,    31.0927       
# span 6 =   4.273611,   6.277550       
# span 7 =   4.302318,   6.279706       
# span 8 =     1.8702,     3.4078       
# span 9 =     1.5566,     2.8829       
# span 10 =      12.55,     108.02      
# span 11 =   24.29353,   26.49698      
# span 12 =  -87.07099,  -79.83916      
# span 13 =   -0.00177,    0.01740      
# span 14 =   -0.00192,    0.01605      
# span 15 =     2.8682,     4.7611      
# span 16 =     2.9002,     4.7363      
# span 17 =    13.8121,    31.0744      
# span 18 =    14.0530,    31.0923      
# span 19 =    35.5047,    38.6081      
# span 20 =    35.5142,    38.6099      
# span 21 =    22.5868,    26.8382      
# span 22 =    22.5873,    26.8213      
# span 23 =    1515.79,    1653.15      
# span 24 =    124.744,    207.911      
# span 25 =    126.139,    206.830      
# span 26 =         30,         81      
# span 27 = 0.0000e+00, 0.0000e+00      
# interval = decibars: 1                
# start_time = Oct 17 2021 20:29:11 [NMEA time, header]
# bad_flag = -9.990e-29
*END*
      31395   1308.099    232.371    234.000    13.8460    14.0873   4.273611   4.302318     1.8702     1.5566      12.55   24.52218  -80.62103    0.00118    0.00127     2.8682     2.9002    13.8121    14.0530    35.7908    35.8348    26.8382    26.8213    1530.45    124.744    126.139         62 0.0000e+00
      31452   1310.471    231.379    233.000    13.9948    14.2630   4.290736   4.321683     1.8765     1.5628      13.51   24.52220  -80.62100    0.00232    0.00206     2.8733     2.9028    13.9609    14.2286    35.8129    35.8521    26.8239    26.7971    1530.45    124.967    126.255         55 0.0000e+00
      31510   1312.887    230.386    232.000    14.1479    14.3010   4.309750   4.326644     1.8843     1.5686      14.50   24.52220  -80.62099    0.00298    0.00281     2.8821     2.9155    14.1151    14.2667    35.8472    35.8633    26.8177    26.7977    1530.45    125.355    126.808         56 0.0000e+00
      31560   1314.960    229.394    231.000    14.3613    14.4018   4.332821   4.339062     1.8931     1.5720      15.42   24.52221  -80.62098    0.00381    0.00168     2.8893     2.9177    14.3271    14.3675    35.8651    35.8854    26.7861    26.7931    1530.45    125.669    126.904         48 0.0000e+00
      31611   1317.088    228.401    230.000    14.4373    14.5041   4.342131   4.350562     1.9004     1.5767      16.44   24.52222  -80.62097    0.00398    0.00215     2.9016     2.9234    14.4031    14.4697    35.8814    35.8976    26.7823    26.7804    1530.45    126.206    127.155         53 0.0000e+00
      31659   1319.068    227.409    229.000    14.5342    14.6142   4.353237   4.362370     1.9056     1.5810      17.32   24.52223  -80.62095    0.00284    0.00202     2.9077     2.9275    14.4999    14.5798    35.8948    35.9051    26.7717    26.7623    1530.45    126.471    127.335         36 0.0000e+00
      31718   1321.556    225.424    227.000    14.9145    14.8409   4.397644   4.388663     1.9186     1.5877      19.23   24.52211  -80.62052    0.00444    0.00241     2.9133     2.9303    14.8800    14.8065    35.9530    35.9385    26.7335    26.7385    1530.44    126.718    127.461         32 0.0000e+00
      33349   1389.494    167.850    169.000    17.5062    17.4887   4.700819   4.699192     2.0527     1.7068      76.03   24.52423  -80.62617    0.00142    0.00155     3.0363     3.0481    17.4775    17.4600    36.3247    36.3256    26.4161    26.4210    1530.56    132.111    132.626         30 0.0000e+00
      33422   1392.540    165.864    167.000    17.6014    17.5692   4.712804   4.708834     2.0602     1.7108      78.30   24.52917  -80.64234    0.00259    0.00165     3.0461     3.0523    17.5729    17.5408    36.3464    36.3408    26.4100    26.4136    1530.87    132.541    132.808         39 0.0000e+00
      33465   1394.331    164.872    166.000    17.5147    17.5278   4.701725   4.703136     2.0594     1.7119      79.23   24.52253  -80.62045    0.00111    0.00107     3.0497     3.0574    17.4865    17.4996    36.3253    36.3258    26.4141    26.4114    1530.45    132.693    133.028         57 0.0000e+00
      35951   1497.918    156.929    158.000    18.1269    18.1312   4.774249   4.775041     2.0922     1.7419      87.40   24.52157  -80.61493    0.00010    0.00014     3.0807     3.0910    18.0994    18.1037    36.4067    36.4087    26.3250    26.3255    1530.36    134.054    134.502         73 0.0000e+00
      36025   1501.011    155.936    157.000    18.1284    18.1329   4.774523   4.775228     2.0932     1.7435      88.36   24.52304  -80.61966    0.00037    0.00043     3.0825     3.0943    18.1011    18.1056    36.4083    36.4104    26.3260    26.3265    1530.45    134.133    134.647         64 0.0000e+00
      36083   1503.398    154.943    156.000    18.1730    18.1672   4.779750   4.779229     2.0946     1.7432      89.27   24.52305  -80.61963    0.00042    0.00005     3.0824     3.0912    18.1458    18.1400    36.4138    36.4145    26.3190    26.3211    1530.45    134.130    134.513         54 0.0000e+00
      36131   1505.435    153.951    155.000    18.1954    18.1994   4.782450   4.782860     2.0961     1.7441      90.19   24.52306  -80.61962    0.00073    0.00014     3.0838     3.0911    18.1684    18.1724    36.4174    36.4173    26.3161    26.3151    1530.45    134.192    134.508         39 0.0000e+00
      36166   1506.880    152.958    154.000    18.2196    18.2425   4.785297   4.788131     2.0981     1.7460      91.11   24.52306  -80.61961    0.00088    0.00073     3.0862     3.0925    18.1927    18.2156    36.4206    36.4244    26.3125    26.3097    1530.45    134.297    134.570         33 0.0000e+00
      36199   1508.248    151.965    153.000    18.2548    18.2566   4.789544   4.789859     2.0998     1.7471      91.99   24.52308  -80.61960    0.00120    0.00096     3.0871     3.0941    18.2280    18.2298    36.4259    36.4271    26.3078    26.3082    1530.45    134.336    134.640         32 0.0000e+00
      36232   1509.606    150.972    152.000    18.3239    18.3185   4.797744   4.796920     2.1016     1.7490      93.09   24.52308  -80.61959    0.00131    0.00105     3.0866     3.0944    18.2972    18.2919    36.4350    36.4327    26.2973    26.2969    1530.45    134.314    134.656         34 0.0000e+00
      36266   1511.040    149.979    151.000    18.3622    18.3618   4.802163   4.802082     2.1036     1.7506      94.12   24.52308  -80.61958    0.00136    0.00121     3.0883     3.0953    18.3357    18.3353    36.4391    36.4387    26.2907    26.2905    1530.45    134.388    134.695         34 0.0000e+00
      36299   1512.424    148.986    150.000    18.3841    18.3969   4.804818   4.806102     2.1051     1.7523      95.05   24.52310  -80.61956    0.00132    0.00130     3.0896     3.0971    18.3578    18.3705    36.4426    36.4422    26.2879    26.2844    1530.45    134.447    134.772         32 0.0000e+00
      36330   1513.699    147.993    149.000    18.4284    18.4391   4.810168   4.811245     2.1070     1.7534      95.99   24.52310  -80.61956    0.00121    0.00110     3.0906     3.0966    18.4022    18.4128    36.4493    36.4490    26.2818    26.2789    1530.45    134.489    134.754         30 0.0000e+00
      36361   1514.987    147.000    148.000    18.4858    18.4982   4.816731   4.818238     2.1093     1.7555      96.89   24.52310  -80.61955    0.00141    0.00103     3.0917     3.0977    18.4597    18.4721    36.4546    36.4564    26.2713    26.2696    1530.45    134.541    134.801         32 0.0000e+00
      36394   1516.354    146.007    147.000    18.5491    18.5331   4.824308   4.822718     2.1125     1.7594      98.06   24.52312  -80.61954    0.00183    0.00171     3.0943     3.1046    18.5232    18.5072    36.4632    36.4639    26.2619    26.2664    1530.45    134.654    135.103         32 0.0000e+00
      36425   1517.680    145.015    146.000    18.5997    18.5845   4.830499   4.828742     2.1160     1.7624      98.94   24.52312  -80.61952    0.00229    0.00246     3.0984     3.1084    18.5738    18.5586    36.4714    36.4700    26.2553    26.2580    1530.45    134.833    135.270         31 0.0000e+00
      36457   1518.990    144.022    145.000    18.6408    18.6525   4.835578   4.836821     2.1192     1.7651      99.75   24.52312  -80.61951    0.00253    0.00243     3.1023     3.1103    18.6150    18.6268    36.4785    36.4786    26.2502    26.2473    1530.45    135.004    135.353         32 0.0000e+00
      36489   1520.347    143.029    144.000    18.6882    18.7171   4.841038   4.844026     2.1211     1.7683      99.98   24.52314  -80.61950    0.00221    0.00215     3.1031     3.1138    18.6627    18.6914    36.4831    36.4829    26.2417    26.2342    1530.45    135.042    135.506         33 0.0000e+00
      36521   1521.681    142.036    143.000    18.7637    18.7770   4.849985   4.851181     2.1247     1.7700      98.03   24.52314  -80.61949    0.00196    0.00200     3.1056     3.1139    18.7382    18.7515    36.4925    36.4909    26.2296    26.2250    1530.45    135.153    135.514         31 0.0000e+00
      36552   1522.971    141.043    142.000    18.8396    18.8584   4.859103   4.861034     2.1287     1.7744     100.02   24.52314  -80.61948    0.00239    0.00203     3.1093     3.1191    18.8143    18.8330    36.5028    36.5026    26.2181    26.2131    1530.45    135.313    135.740         31 0.0000e+00
      36583   1524.268    140.050    141.000    18.9350    18.9229   4.870399   4.868954     2.1336     1.7802     100.00   24.52316  -80.61946    0.00320    0.00303     3.1140     3.1287    18.9097    18.8976    36.5143    36.5128    26.2024    26.2043    1530.45    135.520    136.161         32 0.0000e+00
      36616   1525.642    139.057    140.000    19.0241    19.0250   4.881356   4.880417     2.1429     1.7855      93.49   24.52316  -80.61946    0.00444    0.00404     3.1276     3.1349    18.9989    18.9998    36.5283    36.5197    26.1902    26.1833    1530.45    136.111    136.431         34 0.0000e+00
      36649   1527.011    138.064    139.000    19.1926    19.2015   4.901844   4.902037     2.1536     1.7936      85.87   24.52316  -80.61945    0.00609    0.00443     3.1397     3.1430    19.1674    19.1764    36.5524    36.5462    26.1650    26.1579    1530.45    136.645    136.787         32 0.0000e+00
      36681   1528.326    137.072    138.000    19.3271    19.3311   4.918043   4.917999     2.1648     1.8024      99.92   24.52318  -80.61944    0.00765    0.00553     3.1550     3.1556    19.3020    19.3060    36.5701    36.5663    26.1437    26.1396    1530.45    137.313    137.339         31 0.0000e+00
      36712   1529.633    136.078    137.000    19.5031    19.4734   4.937717   4.934374     2.1741     1.8110      92.84   24.52318  -80.61943    0.00812    0.00636     3.1636     3.1664    19.4780    19.4483    36.5803    36.5785    26.1055    26.1119    1530.45    137.691    137.813         31 0.0000e+00
      36744   1530.943    135.085    136.000    19.6265    19.6213   4.952544   4.951410     2.1817     1.8188     100.03   24.52318  -80.61942    0.00724    0.00641     3.1718     3.1763    19.6014    19.5963    36.5960    36.5910    26.0851    26.0826    1530.45    138.050    138.249         32 0.0000e+00
      36775   1532.264    134.092    135.000    19.7780    19.7630   4.969136   4.966470     2.1875     1.8237      75.50   24.52320  -80.61940    0.00587    0.00581     3.1742     3.1793    19.7530    19.7381    36.6014    36.5924    26.0494    26.0464    1530.45    138.160    138.382         31 0.0000e+00
      36807   1533.575    133.099    134.000    19.8994    19.8785   4.983032   4.979585     2.1919     1.8256      89.51   24.52320  -80.61939    0.00458    0.00396     3.1754     3.1763    19.8745    19.8536    36.6108    36.6006    26.0244    26.0221    1530.45    138.217    138.256         32 0.0000e+00
      36839   1534.898    132.106    133.000    19.9970    19.9744   4.994345   4.991472     2.1934     1.8263      96.59   24.52320  -80.61938    0.00315    0.00195     3.1720     3.1718    19.9723    19.9496    36.6195    36.6155    26.0050    26.0081    1530.45    138.071    138.061         32 0.0000e+00
      36870   1536.216    131.113    132.000    20.1091    20.0889   5.006757   5.004282     2.1947     1.8265      97.28   24.52322  -80.61936    0.00170    0.00070     3.1673     3.1648    20.0844    20.0642    36.6246    36.6218    25.9791    25.9823    1530.45    137.869    137.762         31 0.0000e+00
      36902   1537.525    130.121    131.000    20.2316    20.1741   5.020974   5.014102     2.1958     1.8272     100.01   24.52322  -80.61936    0.00101    0.00019     3.1615     3.1609    20.2070    20.1495    36.6353    36.6288    25.9544    25.9649    1530.45    137.619    137.594         32 0.0000e+00
      36934   1538.862    129.127    130.000    20.3290    20.2911   5.029961   5.026027     2.1937     1.8273     100.00   24.52322  -80.61935    0.00035    0.00049     3.1508     3.1542    20.3045    20.2666    36.6248    36.6254    25.9203    25.9310    1530.45    137.158    137.304         32 0.0000e+00
      36965   1540.165    128.135    129.000    20.4396    20.4167   5.039750   5.037755     2.1905     1.8238     100.00   24.52324  -80.61934   -0.00112   -0.00041     3.1370     3.1383    20.4152    20.3923    36.6094    36.6130    25.8788    25.8877    1530.45    136.563    136.621         31 0.0000e+00
      36996   1541.438    127.142    128.000    20.5926    20.6404   5.056316   5.059517     2.1907     1.8240     100.00   24.52324  -80.61932   -0.00177   -0.00131     3.1275     3.1286    20.5686    20.6165    36.6124    36.5983    25.8395    25.8163    1530.45    136.155    136.206         31 0.0000e+00
      37040   1543.306    126.149    127.000    20.7227    20.7280   5.071199   5.070299     2.2026     1.8385      77.41   24.52326  -80.61930    0.00242    0.00317     3.1444     3.1548    20.6985    20.7037    36.6219    36.6101    25.8116    25.8012    1530.45    136.897    137.351         52 0.0000e+00
      37094   1545.562    125.156    126.000    20.6070    20.7226   5.057780   5.063682     2.2130     1.8427      99.78   24.52326  -80.61929    0.00584    0.00363     3.1732     3.1691    20.5830    20.6992    36.6187    36.6115    25.8405    25.8196    1530.45    138.145    137.967         53 0.0000e+00
      37159   1548.239    124.163    125.000    20.6751    21.2813   5.069796   5.137136     2.2177     1.8836      84.35   24.52328  -80.61927    0.00221    0.01118     3.1781     3.2246    20.6513    21.2570    36.6524    36.6760    25.8477    25.6998    1530.45    138.357    140.403         63 0.0000e+00
      37242   1551.714    123.170    124.000    21.1358    21.4711   5.117232   5.157346     2.2445     1.9166     100.71   24.52329  -80.61923    0.00730    0.00929     3.2080     3.2888    21.1416    21.4468    36.6147    36.6756    25.6848    25.6467    1530.45    139.683    143.205         65 0.0000e+00
      37326   1555.228    122.177    123.000    21.4685    21.6832   5.160185   5.181396     2.2910     1.9401      80.30   24.52332  -80.61920    0.01365    0.00680     3.2809     3.3295    21.4438    21.6589    36.7059    36.6871    25.6706    25.5963    1530.45    142.857    144.984         74 0.0000e+00
      37411   1558.767    121.184    122.000    21.7761    22.0443   5.192113   5.223136     2.3315     1.9740      87.60   24.52333  -80.61917    0.01221    0.00923     3.3453     3.3847    21.7520    22.0199    36.6939    36.7121    25.5754    25.5137    1530.45    145.677    147.399         56 0.0000e+00
      37497   1562.321    120.191    121.000    21.8959    22.2362   5.207250   5.246156     2.3512     1.9974      90.65   24.52336  -80.61914    0.00525    0.00746     3.3788     3.4252    21.8718    22.2121    36.7126    36.7331    25.5559    25.4758    1530.45    147.135    149.170         65 0.0000e+00
      38156   1589.796    119.198    120.000    22.2513    22.4321   5.249380   5.270594     2.3912     2.0174     100.19   24.52352  -80.61890    0.00338    0.00295     3.4337     3.4572    22.2271    22.4078    36.7446    36.7589    25.4795    25.4391    1530.45    149.540    150.566         55 0.0000e+00
      38850   1618.720    118.205    119.000    22.5638    22.5490   5.285830   5.284129     2.4230     2.0304     100.00   24.52369  -80.61863    0.00187    0.00100     3.4799     3.4783    22.5397    22.5249    36.7681    36.7669    25.4082    25.4112    1530.45    151.561    151.491         60 0.0000e+00
      38900   1620.812    117.212    118.000    22.6094    22.5679   5.290129   5.283467     2.4267     2.0293     100.00   24.52370  -80.61861    0.00181    0.00011     3.4845     3.4748    22.5854    22.5442    36.7637    36.7503    25.3918    25.3950    1530.45    151.763    151.343         51 0.0000e+00
