GOMECC/GOMECC-4/1db/urb2103_0741.cnv
* Sea-Bird SBE 9 Data File:
* FileName = C:\Users\scs.user.rb\CTD\GOMECC4\data\rb2103_0741.hex
* Software Version Seasave V 7.26.7.107
* Temperature SN = 4799
* Conductivity SN = 3860
* Number of Bytes Per Scan = 41
* Number of Voltage Words = 4
* Number of Scans Averaged by the Deck Unit = 1
* NMEA Latitude = 24 59.96 N
* NMEA Longitude = 093 24.95 W
* NMEA UTC (Time) = Oct 04 2021  19:58:51
* NMEA baud rate = 4800
# nquan = 28
# nvalues = 765                         
# units = specified
# name 0 = scan: Scan Count
# name 1 = timeS: Time, Elapsed [seconds]
# name 2 = depSM: Depth [salt water, m]
# name 3 = prDM: Pressure, Digiquartz [db]
# name 4 = t090C: Temperature [ITS-90, deg C]
# name 5 = t190C: Temperature, 2 [ITS-90, deg C]
# name 6 = c0S/m: Conductivity [S/m]
# name 7 = c1S/m: Conductivity, 2 [S/m]
# name 8 = sbeox0V: Oxygen raw, SBE 43 [V]
# name 9 = sbeox1V: Oxygen raw, SBE 43, 2 [V]
# name 10 = altM: Altimeter [m]
# name 11 = latitude: Latitude [deg]
# name 12 = longitude: Longitude [deg]
# name 13 = sbox0dV/dT: Oxygen, SBE 43 [dov/dt]
# name 14 = sbox1dV/dT: Oxygen, SBE 43, 2 [dov/dt]
# name 15 = sbeox0ML/L: Oxygen, SBE 43 [ml/l], WS = 5
# name 16 = sbeox1ML/L: Oxygen, SBE 43, 2 [ml/l], WS = 5
# name 17 = potemp090C: Potential Temperature [ITS-90, deg C]
# name 18 = potemp190C: Potential Temperature, 2 [ITS-90, deg C]
# name 19 = sal00: Salinity, Practical [PSU]
# name 20 = sal11: Salinity, Practical, 2 [PSU]
# name 21 = sigma-é00: Density [sigma-theta, kg/m^3]
# name 22 = sigma-é11: Density, 2 [sigma-theta, kg/m^3]
# name 23 = avgsvCM: Average Sound Velocity [Chen-Millero, m/s], minP = 20, minS = 20
# name 24 = sbox0Mm/Kg: Oxygen, SBE 43 [umol/kg], WS = 5
# name 25 = sbox1Mm/Kg: Oxygen, SBE 43, 2 [umol/kg], WS = 5
# name 26 = nbin: number of scans per bin
# name 27 = flag: flag
# span 0 =     119309,     270780       
# span 1 =   4971.159,  11282.445       
# span 2 =      0.993,   3652.177       
# span 3 =      1.000,   3708.000       
# span 4 =     4.2936,    29.4314       
# span 5 =     4.2948,    29.4351       
# span 6 =   3.350862,   5.960075       
# span 7 =   3.350871,   5.960622       
# span 8 =     1.5694,     3.3237       
# span 9 =     1.2722,     2.8446       
# span 10 =      10.32,     104.52      
# span 11 =   24.55804,   25.09790      
# span 12 =  -93.78475,  -91.76750      
# span 13 =   -0.00818,    0.04357      
# span 14 =   -0.01036,    0.03543      
# span 15 =     2.4257,     4.9069      
# span 16 =     2.4396,     4.9225      
# span 17 =     4.0775,    29.4309      
# span 18 =     4.0786,    29.4349      
# span 19 =    34.9112,    36.6241      
# span 20 =    34.9098,    36.6055      
# span 21 =    22.4246,    27.7582      
# span 22 =    22.4238,    27.7568      
# span 23 =    1479.86,    1512.39      
# span 24 =    105.470,    214.050      
# span 25 =    106.073,    214.729      
# span 26 =         30,         75      
# span 27 = 0.0000e+00, 0.0000e+00      
# interval = decibars: 1                
# start_time = Oct 04 2021 19:58:51 [NMEA time, header]
# bad_flag = -9.990e-29
*END*
[from data line 363]
     186016   7750.609   1674.331   1692.000     4.3098     4.3111   3.354434   3.354413     1.9043     1.5812     100.00   24.99940  -93.41608    0.00006    0.00005     4.5601     4.5707     4.1679     4.1693    34.9686    34.9670    27.7435    27.7420    1506.45    198.156    198.619         33 0.0000e+00
     186077   7753.171   1672.360   1690.000     4.3105     4.3119   3.354473   3.354450     1.9043     1.5813     100.00   24.99988  -93.41789   -0.00002    0.00001     4.5589     4.5697     4.1688     4.1702    34.9693    34.9676    27.7440    27.7425    1506.48    198.103    198.574         30 0.0000e+00
     186108   7754.477   1671.374   1689.000     4.3105     4.3119   3.354379   3.354352     1.9046     1.5812     100.00   24.99940  -93.41608    0.00006    0.00001     4.5594     4.5689     4.1689     4.1703    34.9686    34.9669    27.7434    27.7419    1506.45    198.127    198.537         40 0.0000e+00
     186489   7770.348   1656.589   1674.000     4.3135     4.3147   3.354064   3.354032     1.9057     1.5822      99.98   24.99983  -93.41776    0.00006   -0.00002     4.5545     4.5636     4.1733     4.1745    34.9691    34.9675    27.7433    27.7419    1506.48    197.912    198.307         31 0.0000e+00
     186521   7771.686   1655.603   1673.000     4.3134     4.3146   3.353956   3.353928     1.9057     1.5824     100.00   24.99938  -93.41608    0.00003   -0.00003     4.5540     4.5640     4.1733     4.1745    34.9684    34.9668    27.7427    27.7413    1506.45    197.891    198.327         38 0.0000e+00
     186668   7777.795   1649.689   1667.000     4.3143     4.3154   3.353784   3.353746     1.9064     1.5824     100.00   24.99939  -93.41613    0.00012    0.00001     4.5527     4.5604     4.1748     4.1758    34.9683    34.9667    27.7425    27.7411    1506.45    197.834    198.169         41 0.0000e+00
     186819   7784.076   1643.774   1661.000     4.3158     4.3170   3.353678   3.353639     1.9068     1.5836     100.00   24.99942  -93.41624    0.00005    0.00029     4.5505     4.5615     4.1769     4.1780    34.9683    34.9667    27.7423    27.7409    1506.45    197.738    198.216         32 0.0000e+00
     187152   7797.959   1630.959   1648.000     4.3181     4.3193   3.353360   3.353322     1.9079     1.5849     100.00   24.99972  -93.41734    0.00004    0.00007     4.5469     4.5591     4.1803     4.1816    34.9686    34.9668    27.7421    27.7406    1506.47    197.582    198.112         36 0.0000e+00
     187301   7804.157   1625.045   1642.000     4.3195     4.3208   3.353237   3.353208     1.9087     1.5849     100.00   24.99982  -93.41771    0.00014 7.4384e-12     4.5460     4.5554     4.1823     4.1836    34.9685    34.9668    27.7418    27.7404    1506.48    197.545    197.951         32 0.0000e+00
     187330   7805.383   1624.059   1641.000     4.3194     4.3207   3.353128   3.353116     1.9084     1.5848     100.00   24.99938  -93.41608    0.00004   -0.00003     4.5447     4.5542     4.1823     4.1836    34.9679    34.9663    27.7414    27.7400    1506.45    197.486    197.900         32 0.0000e+00
     187706   7821.053   1609.270   1626.000     4.3223     4.3235   3.352779   3.352745     1.9102     1.5861     100.00   24.99957  -93.41671    0.00016    0.00002     4.5422     4.5506     4.1866     4.1878    34.9679    34.9663    27.7409    27.7395    1506.46    197.379    197.746         31 0.0000e+00
     187736   7822.291   1608.284   1625.000     4.3227     4.3238   3.352743   3.352710     1.9102     1.5861     100.00   24.99940  -93.41608    0.00013    0.00000     4.5415     4.5497     4.1871     4.1882    34.9676    34.9660    27.7406    27.7393    1506.45    197.350    197.705         30 0.0000e+00
     187860   7827.440   1603.355   1620.000     4.3240     4.3255   3.352657   3.352645     1.9104     1.5863     100.00   24.99947  -93.41635   -0.00005    0.00008     4.5390     4.5475     4.1888     4.1904    34.9676    34.9659    27.7405    27.7389    1506.45    197.242    197.610         31 0.0000e+00
     187989   7832.815   1598.425   1615.000     4.3261     4.3273   3.352698   3.352668     1.9109     1.5869     100.00   24.99999  -93.41834    0.00007    0.00003     4.5378     4.5466     4.1914     4.1926    34.9684    34.9667    27.7408    27.7394    1506.49    197.189    197.570         31 0.0000e+00
     188015   7833.936   1597.439   1614.000     4.3261     4.3275   3.352578   3.352558     1.9108     1.5873     100.00   24.99939  -93.41608    0.00001    0.00022     4.5371     4.5479     4.1915     4.1929    34.9674    34.9657    27.7400    27.7385    1506.45    197.157    197.627         30 0.0000e+00
     188137   7838.997   1592.509   1609.000     4.3281     4.3297   3.352588   3.352574     1.9111     1.5873      70.43   24.99972  -93.41729    0.00006   -0.00001     4.5349     4.5445     4.1939     4.1955    34.9679    34.9660    27.7401    27.7385    1506.47    197.063    197.479         30 0.0000e+00
     188166   7840.221   1591.523   1608.000     4.3284     4.3295   3.352520   3.352478     1.9109     1.5873     100.77   24.99940  -93.41608   -0.00007   -0.00001     4.5336     4.5440     4.1943     4.1954    34.9672    34.9656    27.7396    27.7381    1506.45    197.005    197.459         32 0.0000e+00
     188288   7845.310   1586.593   1603.000     4.3300     4.3312   3.352472   3.352445     1.9113     1.5875     100.00   24.99959  -93.41679    0.00005    0.00003     4.5316     4.5415     4.1964     4.1975    34.9674    34.9659    27.7395    27.7381    1506.46    196.921    197.351         31 0.0000e+00
     189054   7877.192   1557.010   1573.000     4.3401     4.3414   3.352083   3.352055     1.9134     1.5887     100.00   24.99953  -93.41662    0.00005    0.00002     4.5207     4.5277     4.2092     4.2105    34.9668    34.9651    27.7376    27.7361    1506.46    196.445    196.750         30 0.0000e+00
     189181   7882.482   1552.080   1568.000     4.3419     4.3432   3.352122   3.352103     1.9133     1.5897     100.00   25.00033  -93.41956   -0.00001    0.00024     4.5174     4.5285     4.2114     4.2128    34.9679    34.9662    27.7382    27.7368    1506.51    196.302    196.784         36 0.0000e+00
     189209   7883.665   1551.093   1567.000     4.3416     4.3426   3.351929   3.351890     1.9132     1.5894     100.00   24.99940  -93.41606   -0.00005    0.00009     4.5163     4.5270     4.2112     4.2122    34.9664    34.9648    27.7370    27.7357    1506.45    196.253    196.721         32 0.0000e+00
     189328   7888.627   1546.162   1562.000     4.3428     4.3440   3.351841   3.351831     1.9134     1.5897     100.00   24.99952  -93.41659    0.00003    0.00010     4.5142     4.5248     4.2129     4.2141    34.9665    34.9650    27.7370    27.7357    1506.46    196.163    196.624         31 0.0000e+00
     189480   7894.952   1540.245   1556.000     4.3455     4.3466   3.351852   3.351824     1.9144     1.5897     100.00   24.99971  -93.41724    0.00027    0.00002     4.5138     4.5211     4.2162     4.2172    34.9667    34.9652    27.7368    27.7355    1506.47    196.148    196.465         30 0.0000e+00
     189509   7896.174   1539.259   1555.000     4.3456     4.3466   3.351772   3.351739     1.9144     1.5897     100.00   24.99940  -93.41608    0.00019    0.00002     4.5134     4.5207     4.2163     4.2173    34.9661    34.9647    27.7363    27.7351    1506.45    196.131    196.447         33 0.0000e+00
     189633   7901.354   1534.328   1550.000     4.3467     4.3477   3.351686   3.351640     1.9143     1.5901     100.00   24.99953  -93.41657    0.00001   -0.00000     4.5100     4.5190     4.2179     4.2189    34.9664    34.9648    27.7364    27.7350    1506.46    195.981    196.371         36 0.0000e+00
     189914   7913.044   1523.478   1539.000     4.3511     4.3522   3.351603   3.351559     1.9155     1.5913     100.00   24.99954  -93.41659    0.00013    0.00008     4.5075     4.5171     4.2233     4.2244    34.9662    34.9645    27.7356    27.7341    1506.46    195.874    196.288         31 0.0000e+00
     190070   7919.561   1517.561   1533.000     4.3547     4.3561   3.351709   3.351697     1.9151     1.5918     100.00   24.99999  -93.41827    0.00002   -0.00001     4.5021     4.5152     4.2274     4.2288    34.9666    34.9649    27.7355    27.7340    1506.49    195.639    196.207         37 0.0000e+00
     190111   7921.229   1516.574   1532.000     4.3544     4.3555   3.351576   3.351537     1.9147     1.5913     100.00   24.99940  -93.41608   -0.00012   -0.00019     4.4999     4.5123     4.2272     4.2283    34.9657    34.9642    27.7348    27.7335    1506.45    195.540    196.082         48 0.0000e+00
     190149   7922.844   1515.588   1531.000     4.3547     4.3563   3.351557   3.351551     1.9146     1.5911     100.00   24.99940  -93.41608   -0.00012   -0.00024     4.4991     4.5109     4.2276     4.2292    34.9656    34.9640    27.7347    27.7332    1506.45    195.507    196.019         34 0.0000e+00
     190187   7924.431   1514.601   1530.000     4.3559     4.3570   3.351617   3.351575     1.9146     1.5910     100.00   24.99940  -93.41608   -0.00004   -0.00013     4.4983     4.5100     4.2289     4.2300    34.9656    34.9640    27.7345    27.7331    1506.45    195.474    195.982         43 0.0000e+00
     190246   7926.893   1513.615   1529.000     4.3554     4.3566   3.351541   3.351502     1.9147     1.5913     100.00   24.99940  -93.41608   -0.00002    0.00005     4.4981     4.5105     4.2285     4.2297    34.9657    34.9640    27.7347    27.7332    1506.45    195.465    196.004         45 0.0000e+00
     190385   7932.674   1511.643   1527.000     4.3571     4.3582   3.351746   3.351703     1.9149     1.5915      90.14   25.00073  -93.42105    0.00001   -0.00002     4.4971     4.5099     4.2304     4.2314    34.9673    34.9658    27.7358    27.7344    1506.53    195.422    195.978         40 0.0000e+00
     190454   7935.532   1510.656   1526.000     4.3574     4.3582   3.351569   3.351513     1.9146     1.5913      99.72   24.99940  -93.41608   -0.00009   -0.00004     4.4958     4.5085     4.2308     4.2316    34.9654    34.9639    27.7342    27.7329    1506.45    195.363    195.918         35 0.0000e+00
     190780   7949.142   1509.670   1525.000     4.3579     4.3592   3.351581   3.351562     1.9146     1.5916      74.84   24.99940  -93.41608   -0.00003   -0.00002     4.4950     4.5093     4.2314     4.2326    34.9655    34.9639    27.7342    27.7328    1506.45    195.330    195.952         49 0.0000e+00
     192251   8010.411   1508.683   1524.000     4.3614     4.3625   3.351827   3.351802     1.9142     1.5911      99.64   24.99940  -93.41610   -0.00006    0.00010     4.4927     4.5061     4.2349     4.2359    34.9652    34.9638    27.7336    27.7324    1506.45    195.231    195.814         35 0.0000e+00
     192235   8009.740   1506.710   1522.000     4.3611     4.3621   3.351590   3.351547     1.9145     1.5918     100.00   24.99827  -93.41186    0.00005    0.00019     4.4928     4.5079     4.2348     4.2357    34.9637    34.9622    27.7324    27.7311    1506.38    195.236    195.891         40 0.0000e+00
     192325   8013.493   1504.737   1520.000     4.3616     4.3629   3.351829   3.351803     1.9147     1.5920     100.00   25.00060  -93.42057    0.00002    0.00002     4.4921     4.5073     4.2354     4.2367    34.9671    34.9654    27.7350    27.7336    1506.52    195.204    195.864         48 0.0000e+00
     192372   8015.471   1503.751   1519.000     4.3615     4.3627   3.351633   3.351599     1.9149     1.5921     100.00   24.99940  -93.41608    0.00004    0.00003     4.4923     4.5072     4.2354     4.2367    34.9653    34.9636    27.7336    27.7321    1506.45    195.214    195.858         44 0.0000e+00
     192457   8018.994   1500.792   1516.000     4.3616     4.3628   3.351548   3.351526     1.9157     1.5920     100.00   24.99964  -93.41700    0.00017   -0.00003     4.4935     4.5050     4.2359     4.2371    34.9656    34.9641    27.7338    27.7325    1506.46    195.266    195.763         31 0.0000e+00
     192488   8020.284   1499.805   1515.000     4.3616     4.3628   3.351471   3.351442     1.9159     1.5921     100.00   24.99940  -93.41610    0.00014   -0.00004     4.4937     4.5050     4.2359     4.2371    34.9653    34.9637    27.7335    27.7321    1506.45    195.273    195.765         34 0.0000e+00
     192689   8028.675   1491.914   1507.000     4.3621     4.3633   3.351191   3.351150     1.9171     1.5932     100.00   24.99940  -93.41619    0.00003    0.00008     4.4934     4.5048     4.2372     4.2383    34.9653    34.9637    27.7334    27.7320    1506.45    195.258    195.757         31 0.0000e+00
     192840   8034.974   1485.995   1501.000     4.3641     4.3654   3.351181   3.351151     1.9175     1.5940      99.54   25.00003  -93.41846    0.00004    0.00016     4.4912     4.5041     4.2397     4.2410    34.9660    34.9644    27.7337    27.7323    1506.49    195.164    195.723         30 0.0000e+00
     192869   8036.181   1485.009   1500.000     4.3640     4.3652   3.351051   3.351022     1.9176     1.5942      85.68   24.99940  -93.41610   -0.00001    0.00012     4.4911     4.5044     4.2397     4.2409    34.9651    34.9635    27.7330    27.7316    1506.45    195.162    195.738         36 0.0000e+00
     193019   8042.410   1479.090   1494.000     4.3654     4.3667   3.350971   3.350945     1.9182     1.5942     100.00   24.99983  -93.41772    0.00018    0.00018     4.4894     4.5005     4.2416     4.2429    34.9657    34.9640    27.7333    27.7318    1506.48    195.086    195.569         34 0.0000e+00
     193049   8043.662   1478.103   1493.000     4.3653     4.3670   3.350862   3.350871     1.9183     1.5942     100.00   24.99940  -93.41610    0.00011    0.00016     4.4893     4.4999     4.2417     4.2433    34.9649    34.9633    27.7326    27.7312    1506.45    195.082    195.541         30 0.0000e+00
     193196   8049.780   1472.184   1487.000     4.3693     4.3704   3.351010   3.350974     1.9189     1.5945     100.00   24.99980  -93.41766    0.00007    0.00004     4.4876     4.4973     4.2462     4.2473    34.9654    34.9638    27.7325    27.7312    1506.48    195.009    195.431         30 0.0000e+00
     193224   8050.955   1471.197   1486.000     4.3693     4.3712   3.350929   3.350933     1.9187     1.5942     100.00   24.99938  -93.41610   -0.00004   -0.00003     4.4864     4.4956     4.2463     4.2481    34.9649    34.9630    27.7321    27.7304    1506.45    194.955    195.355         32 0.0000e+00
     193373   8057.153   1465.278   1480.000     4.3725     4.3737   3.350972   3.350952     1.9187     1.5946     100.00   24.99973  -93.41739   -0.00008    0.00002     4.4824     4.4933     4.2499     4.2512    34.9651    34.9635    27.7319    27.7305    1506.47    194.782    195.256         35 0.0000e+00
     193526   8063.536   1459.358   1474.000     4.3759     4.3772   3.350998   3.350968     1.9190     1.5948     100.00   24.99949  -93.41651    0.00012    0.00005     4.4798     4.4899     4.2539     4.2552    34.9647    34.9630    27.7311    27.7296    1506.46    194.667    195.111         33 0.0000e+00
     193652   8068.804   1454.425   1469.000     4.3785     4.3796   3.351026   3.350995     1.9195     1.5946     100.00   24.99961  -93.41697    0.00008   -0.00000     4.4781     4.4861     4.2569     4.2580    34.9647    34.9632    27.7308    27.7295    1506.46    194.597    194.945         38 0.0000e+00
     193802   8075.048   1448.505   1463.000     4.3834     4.3851   3.351217   3.351222     1.9192     1.5947     100.00   24.99985  -93.41786   -0.00009    0.00001     4.4729     4.4821     4.2624     4.2641    34.9647    34.9630    27.7303    27.7287    1506.48    194.368    194.772         32 0.0000e+00
