GOMECC/GOMECC-4/1db/urb2103_0441.cnv
* Sea-Bird SBE 9 Data File:
* FileName = C:\Users\scs.user.rb\CTD\GOMECC4\data\rb2103_0441.hex
* Software Version Seasave V 7.26.7.107
* Temperature SN = 4799
* Conductivity SN = 3860
* Number of Bytes Per Scan = 41
* Number of Voltage Words = 4
* Number of Scans Averaged by the Deck Unit = 1
* NMEA Latitude = 28 44.69 N
* NMEA Longitude = 089 59.50 W
* NMEA UTC (Time) = Sep 26 2021  10:10:29
* NMEA baud rate = 4800
# nquan = 28
# nvalues = 9                           
# units = specified
# name 0 = scan: Scan Count
# name 1 = timeS: Time, Elapsed [seconds]
# name 2 = depSM: Depth [salt water, m]
# name 3 = prDM: Pressure, Digiquartz [db]
# name 4 = t090C: Temperature [ITS-90, deg C]
# name 5 = t190C: Temperature, 2 [ITS-90, deg C]
# name 6 = c0S/m: Conductivity [S/m]
# name 7 = c1S/m: Conductivity, 2 [S/m]
# name 8 = sbeox0V: Oxygen raw, SBE 43 [V]
# name 9 = sbeox1V: Oxygen raw, SBE 43, 2 [V]
# name 10 = altM: Altimeter [m]
# name 11 = latitude: Latitude [deg]
# name 12 = longitude: Longitude [deg]
# name 13 = sbox0dV/dT: Oxygen, SBE 43 [dov/dt]
# name 14 = sbox1dV/dT: Oxygen, SBE 43, 2 [dov/dt]
# name 15 = sbeox0ML/L: Oxygen, SBE 43 [ml/l], WS = 5
# name 16 = sbeox1ML/L: Oxygen, SBE 43, 2 [ml/l], WS = 5
# name 17 = potemp090C: Potential Temperature [ITS-90, deg C]
# name 18 = potemp190C: Potential Temperature, 2 [ITS-90, deg C]
# name 19 = sal00: Salinity, Practical [PSU]
# name 20 = sal11: Salinity, Practical, 2 [PSU]
# name 21 = sigma-é00: Density [sigma-theta, kg/m^3]
# name 22 = sigma-é11: Density, 2 [sigma-theta, kg/m^3]
# name 23 = avgsvCM: Average Sound Velocity [Chen-Millero, m/s], minP = 20, minS = 20
# name 24 = sbox0Mm/Kg: Oxygen, SBE 43 [umol/kg], WS = 5
# name 25 = sbox1Mm/Kg: Oxygen, SBE 43, 2 [umol/kg], WS = 5
# name 26 = nbin: number of scans per bin
# name 27 = flag: flag
# span 0 =      18370,      23476       
# span 1 =    765.378,    978.108       
# span 2 =      3.973,     22.857       
# span 3 =      4.000,     23.000       
# span 4 =    27.0321,    28.7556       
# span 5 =    26.8917,    28.7540       
# span 6 =   4.528117,   5.693434       
# span 7 =   4.489195,   5.692298       
# span 8 =     2.7695,     3.1007       
# span 9 =     2.3515,     2.7881       
# span 10 =      25.10,      43.69      
# span 11 =   28.33250,   28.74570      
# span 12 =  -89.99218,  -88.69859      
# span 13 =   -0.00186,    0.04524      
# span 14 =   -0.00597,    0.06298      
# span 15 =     3.9104,     4.6370      
# span 16 =     3.8999,     4.9900      
# span 17 =    27.0312,    28.7503      
# span 18 =    26.8909,    28.7490      
# span 19 =    28.0297,    34.9278      
# span 20 =    27.8451,    34.9354      
# span 21 =    17.4678,    22.1013      
# span 22 =    17.3729,    22.1058      
# span 23 =    1520.37,    1542.54      
# span 24 =    171.513,    203.524      
# span 25 =    170.410,    219.049      
# span 26 =         35,         63      
# span 27 = 0.0000e+00, 0.0000e+00      
# interval = decibars: 1                
# start_time = Sep 26 2021 10:10:29 [NMEA time, header]
# bad_flag = -9.990e-29
*END*
      18370    765.378     22.857     23.000    28.7556    28.7197   5.693434   5.692298     2.9161     2.4574      25.10   28.73144  -89.94769    0.00019   -0.00310     4.0037     3.9907    28.7503    28.7143    34.9187    34.9354    22.0836    22.1058    1541.78    174.939    174.367         42 0.0000e+00
      18516    771.456     21.852     22.000    28.7311    28.7331   5.690854   5.684047     2.8794     2.4120      26.19   28.74558  -89.99194    0.00158   -0.00597     3.9388     3.8999    28.7256    28.7279    34.9278    34.8789    22.1013    22.0637    1542.54    172.104    170.410         42 0.0000e+00
      18655    777.240     20.858     21.000    28.7410    28.7540   5.690451   5.684659     2.8765     2.4402      27.19   28.74558  -89.99194    0.00175    0.00515     3.9326     3.9556    28.7357    28.7490    34.9180    34.8682    22.0906    22.0488    1542.54    171.834    172.844         41 0.0000e+00
      22858    952.392      8.940      9.000    27.6200    27.6016   4.752774   4.733400     2.7695     2.3515      38.13   28.33250  -88.69859    0.01595    0.00697     3.9104     3.9527    27.6187    27.5995    29.0177    28.8956    17.9520    17.8656    1520.37    171.513    173.383         43 0.0000e+00
      23281    970.004      7.946      8.000    27.9608    27.9259   4.777303   4.763243     2.8987     2.4884      39.78   28.74570  -89.99216    0.02549    0.02825     4.1529     4.2370    27.9589    27.9241    29.1746    29.1002    18.0341    17.9896    1542.54    182.182    185.882         45 0.0000e+00
      23324    971.783      6.953      7.000    27.6444    27.7649   4.682351   4.711206     2.9337     2.4860      40.69   28.74570  -89.99216    0.01494    0.01100     4.2645     4.2524    27.6382    27.7633    28.7224    28.8460    17.7971    17.8515    1542.54    187.122    186.580         43 0.0000e+00
      23375    973.937      5.960      6.000    27.5246    27.6985   4.647168   4.686552     3.0661     2.5595      41.66   28.74570  -89.99217    0.04524    0.02218     4.5230     4.4129    27.5230    27.6971    28.5515    28.7156    17.7053    17.7734    1542.54    198.483    193.638         63 0.0000e+00
      23441    976.658      4.966      5.000    27.5483    26.9627   4.652319   4.508544     3.0816     2.6788      42.81   28.74570  -89.99218    0.02820    0.03247     4.5495     4.7398    27.5472    26.9616    28.5726    27.9365    17.7135    17.4197    1542.54    199.645    208.050         48 0.0000e+00
      23476    978.108      3.973      4.000    27.0321    26.8917   4.528117   4.489195     3.1007     2.7881      43.69   28.74570  -89.99218   -0.00186    0.06298     4.6370     4.9900    27.0312    26.8909    28.0297    27.8451    17.4678    17.3729    1542.54    203.524    219.049         35 0.0000e+00
