GOMECC/GOMECC-4/1db/urb2103_0841.cnv
* Sea-Bird SBE 9 Data File:
* FileName = C:\Users\scs.user.rb\CTD\GOMECC4\data\rb2103_0841.hex
* Software Version Seasave V 7.26.7.107
* Temperature SN = 4799
* Conductivity SN = 3860
* Number of Bytes Per Scan = 41
* Number of Voltage Words = 4
* Number of Scans Averaged by the Deck Unit = 1
* NMEA Latitude = 20 43.74 N
* NMEA Longitude = 094 44.99 W
* NMEA UTC (Time) = Oct 07 2021  16:02:53
* NMEA baud rate = 4800
# nquan = 28
# nvalues = 418                         
# units = specified
# name 0 = scan: Scan Count
# name 1 = timeS: Time, Elapsed [seconds]
# name 2 = depSM: Depth [salt water, m]
# name 3 = prDM: Pressure, Digiquartz [db]
# name 4 = t090C: Temperature [ITS-90, deg C]
# name 5 = t190C: Temperature, 2 [ITS-90, deg C]
# name 6 = c0S/m: Conductivity [S/m]
# name 7 = c1S/m: Conductivity, 2 [S/m]
# name 8 = sbeox0V: Oxygen raw, SBE 43 [V]
# name 9 = sbeox1V: Oxygen raw, SBE 43, 2 [V]
# name 10 = altM: Altimeter [m]
# name 11 = latitude: Latitude [deg]
# name 12 = longitude: Longitude [deg]
# name 13 = sbox0dV/dT: Oxygen, SBE 43 [dov/dt]
# name 14 = sbox1dV/dT: Oxygen, SBE 43, 2 [dov/dt]
# name 15 = sbeox0ML/L: Oxygen, SBE 43 [ml/l], WS = 5
# name 16 = sbeox1ML/L: Oxygen, SBE 43, 2 [ml/l], WS = 5
# name 17 = potemp090C: Potential Temperature [ITS-90, deg C]
# name 18 = potemp190C: Potential Temperature, 2 [ITS-90, deg C]
# name 19 = sal00: Salinity, Practical [PSU]
# name 20 = sal11: Salinity, Practical, 2 [PSU]
# name 21 = sigma-é00: Density [sigma-theta, kg/m^3]
# name 22 = sigma-é11: Density, 2 [sigma-theta, kg/m^3]
# name 23 = avgsvCM: Average Sound Velocity [Chen-Millero, m/s], minP = 20, minS = 20
# name 24 = sbox0Mm/Kg: Oxygen, SBE 43 [umol/kg], WS = 5
# name 25 = sbox1Mm/Kg: Oxygen, SBE 43, 2 [umol/kg], WS = 5
# name 26 = nbin: number of scans per bin
# name 27 = flag: flag
# span 0 =     104646,     245304       
# span 1 =   4360.192,  10220.976       
# span 2 =      0.994,   3190.645       
# span 3 =      1.000,   3235.000       
# span 4 =     4.2654,    30.1133       
# span 5 =     4.2664,    30.1149       
# span 6 =   3.340785,   6.114497       
# span 7 =   3.340734,   6.114687       
# span 8 =     1.5650,     3.3146       
# span 9 =     1.2677,     2.8205       
# span 10 =      11.23,     103.12      
# span 11 =   20.62452,   21.14600      
# span 12 =  -96.65973,  -94.27599      
# span 13 =   -0.01188,    0.02163      
# span 14 =   -0.00824,    0.02317      
# span 15 =     2.3814,     4.9554      
# span 16 =     2.3934,     4.9520      
# span 17 =     4.0774,    30.1123      
# span 18 =     4.0783,    30.1139      
# span 19 =    34.9119,    37.1664      
# span 20 =    34.9099,    37.1667      
# span 21 =    22.8780,    27.7596      
# span 22 =    22.8775,    27.7583      
# span 23 =    1494.33,    1532.11      
# span 24 =    103.553,    216.108      
# span 25 =    104.078,    215.944      
# span 26 =         30,         71      
# span 27 = 0.0000e+00, 0.0000e+00      
# interval = decibars: 1                
# start_time = Oct 07 2021 16:02:53 [NMEA time, header]
# bad_flag = -9.990e-29
*END*
     104646   4360.192   3190.645   3235.000     4.3857     4.3867   3.421772   3.421722     1.7008     1.3907      13.06   20.72868  -94.75022    0.00001   -0.00001     4.6027     4.6024     4.0781     4.0791    34.9746    34.9730    27.7578    27.7565    1501.86    200.006    199.994         53 0.0000e+00
     105430   4392.891   3189.666   3234.000     4.3860     4.3868   3.421757   3.421695     1.7005     1.3907      11.23   20.72868  -94.75022   -0.00001    0.00004     4.6009     4.6015     4.0785     4.0793    34.9745    34.9730    27.7577    27.7564    1501.86    199.929    199.954         41 0.0000e+00
     105543   4397.590   3187.708   3232.000     4.3851     4.3862   3.421655   3.421617     1.7008     1.3907      13.18   20.72899  -94.75171    0.00004    0.00001     4.6012     4.6007     4.0778     4.0790    34.9752    34.9736    27.7583    27.7569    1501.88    199.939    199.919         60 0.0000e+00
     105606   4400.213   3186.729   3231.000     4.3850     4.3863   3.421562   3.421535     1.7010     1.3908      14.11   20.72866  -94.75024    0.00004    0.00002     4.6012     4.6002     4.0779     4.0791    34.9746    34.9730    27.7578    27.7564    1501.86    199.942    199.897         50 0.0000e+00
     105641   4401.668   3185.750   3230.000     4.3849     4.3859   3.421513   3.421478     1.7009     1.3908      14.77   20.72866  -94.75024   -0.00000    0.00001     4.6001     4.5998     4.0779     4.0789    34.9745    34.9731    27.7578    27.7565    1501.86    199.894    199.878         32 0.0000e+00
     105681   4403.352   3184.771   3229.000     4.3846     4.3856   3.421450   3.421407     1.7010     1.3908      15.95   20.72866  -94.75024    0.00002    0.00000     4.6005     4.5993     4.0777     4.0788    34.9746    34.9730    27.7578    27.7565    1501.86    199.908    199.859         50 0.0000e+00
     105728   4405.282   3183.792   3228.000     4.3846     4.3857   3.421410   3.421380     1.7012     1.3909      16.90   20.72866  -94.75024    0.00008    0.00006     4.6007     4.5994     4.0778     4.0789    34.9746    34.9731    27.7578    27.7565    1501.86    199.916    199.863         36 0.0000e+00
     105791   4407.931   3181.834   3226.000     4.3843     4.3853   3.421331   3.421290     1.7016     1.3916      18.71   20.72882  -94.75099    0.00011    0.00020     4.6012     4.6017     4.0778     4.0788    34.9748    34.9733    27.7580    27.7567    1501.87    199.941    199.962         36 0.0000e+00
     105826   4409.355   3180.855   3225.000     4.3841     4.3852   3.421263   3.421220     1.7017     1.3917      19.67   20.72866  -94.75024    0.00018    0.00022     4.6014     4.6018     4.0777     4.0788    34.9746    34.9730    27.7579    27.7564    1501.86    199.948    199.967         32 0.0000e+00
     105912   4412.942   3177.918   3222.000     4.3836     4.3848   3.421110   3.421073     1.7020     1.3919      22.53   20.72868  -94.75034    0.00009    0.00005     4.6011     4.6009     4.0775     4.0787    34.9747    34.9730    27.7579    27.7565    1501.86    199.934    199.927         34 0.0000e+00
     105945   4414.317   3176.939   3221.000     4.3836     4.3846   3.421068   3.421028     1.7022     1.3919      23.51   20.72866  -94.75024    0.00007    0.00002     4.6013     4.6003     4.0776     4.0787    34.9746    34.9731    27.7579    27.7565    1501.86    199.945    199.901         31 0.0000e+00
     106026   4417.725   3174.002   3218.000     4.3831     4.3842   3.420919   3.420877     1.7026     1.3920      26.18   20.72864  -94.75016    0.00015    0.00003     4.6016     4.5992     4.0776     4.0787    34.9746    34.9730    27.7579    27.7565    1501.86    199.959    199.854         30 0.0000e+00
     106057   4419.014   3173.023   3217.000     4.3831     4.3842   3.420876   3.420833     1.7026     1.3927      27.31   20.72866  -94.75024    0.00008    0.00018     4.6010     4.6023     4.0777     4.0788    34.9746    34.9730    27.7578    27.7564    1501.86    199.932    199.987         31 0.0000e+00
     106140   4422.438   3170.086   3214.000     4.3827     4.3838   3.420723   3.420694     1.7031     1.3931      30.07   20.72868  -94.75026    0.00015    0.00010     4.6012     4.6024     4.0776     4.0787    34.9745    34.9730    27.7578    27.7565    1501.86    199.942    199.992         30 0.0000e+00
     106170   4423.720   3169.107   3213.000     4.3826     4.3837   3.420681   3.420646     1.7033     1.3932      31.02   20.72868  -94.75024    0.00013    0.00013     4.6020     4.6023     4.0776     4.0787    34.9746    34.9730    27.7578    27.7565    1501.86    199.975    199.986         30 0.0000e+00
     106277   4428.179   3165.190   3209.000     4.3820     4.3832   3.420485   3.420441     1.7039     1.3933      34.95   20.72864  -94.75005    0.00008    0.00002     4.6021     4.6003     4.0776     4.0787    34.9746    34.9728    27.7578    27.7563    1501.86    199.978    199.902         30 0.0000e+00
     111571   4648.757   2967.328   3007.000     4.3584     4.3593   3.411025   3.410977     1.7291     1.4170      84.66   20.72970  -94.75504    0.00004    0.00012     4.6013     4.6015     4.0776     4.0786    34.9763    34.9748    27.7592    27.7579    1501.94    199.943    199.953         31 0.0000e+00
     111667   4652.745   2966.347   3006.000     4.3580     4.3590   3.410809   3.410769     1.7290     1.4168     100.24   20.72866  -94.75028   -0.00000    0.00005     4.6005     4.6001     4.0774     4.0784    34.9746    34.9731    27.7578    27.7565    1501.86    199.908    199.893         51 0.0000e+00
     111795   4658.088   2965.367   3005.000     4.3579     4.3588   3.410767   3.410716     1.7291     1.4170     100.00   20.72866  -94.75029    0.00001   -0.00010     4.6003     4.6005     4.0775     4.0783    34.9746    34.9731    27.7579    27.7566    1501.86    199.899    199.910         33 0.0000e+00
     112075   4669.754   2963.408   3003.000     4.3581     4.3592   3.410890   3.410854     1.7298     1.4174     100.01   20.72998  -94.75633    0.00011    0.00009     4.6018     4.6011     4.0778     4.0789    34.9768    34.9753    27.7596    27.7583    1501.96    199.966    199.935         41 0.0000e+00
     112300   4679.138   2961.447   3001.000     4.3576     4.3587   3.410605   3.410573     1.7299     1.4176     100.00   20.72879  -94.75090    0.00002    0.00001     4.6013     4.6012     4.0776     4.0787    34.9748    34.9733    27.7580    27.7567    1501.87    199.943    199.940         51 0.0000e+00
     112886   4703.531   2960.467   3000.000     4.3576     4.3586   3.410534   3.410512     1.7299     1.4176     100.00   20.72866  -94.75031    0.00006   -0.00001     4.6007     4.6005     4.0777     4.0787    34.9744    34.9732    27.7577    27.7566    1501.86    199.918    199.908         47 0.0000e+00
     114421   4767.488   2959.487   2999.000     4.3577     4.3585   3.410517   3.410463     1.7299     1.4174     100.00   20.72865  -94.75034    0.00004   -0.00005     4.6003     4.5992     4.0779     4.0787    34.9745    34.9731    27.7578    27.7565    1501.86    199.902    199.853         50 0.0000e+00
     114491   4770.434   2958.507   2998.000     4.3572     4.3583   3.410433   3.410404     1.7300     1.4176     100.00   20.72865  -94.75034    0.00009    0.00012     4.6001     4.5997     4.0776     4.0786    34.9745    34.9730    27.7578    27.7565    1501.86    199.890    199.873         43 0.0000e+00
     114566   4773.554   2957.527   2997.000     4.3572     4.3584   3.410399   3.410369     1.7302     1.4177     100.00   20.72865  -94.75034    0.00007    0.00004     4.6007     4.5992     4.0777     4.0788    34.9745    34.9730    27.7578    27.7565    1501.86    199.917    199.853         50 0.0000e+00
     114618   4775.711   2956.547   2996.000     4.3570     4.3580   3.410348   3.410302     1.7303     1.4177      89.03   20.72865  -94.75034    0.00002   -0.00001     4.6003     4.5987     4.0776     4.0785    34.9746    34.9731    27.7578    27.7565    1501.86    199.902    199.833         65 0.0000e+00
     114681   4778.329   2955.567   2995.000     4.3569     4.3581   3.410294   3.410262     1.7302     1.4180      96.25   20.72865  -94.75034    0.00003    0.00007     4.5995     4.5995     4.0776     4.0787    34.9745    34.9729    27.7578    27.7564    1501.86    199.867    199.864         46 0.0000e+00
     114725   4780.152   2954.587   2994.000     4.3568     4.3577   3.410244   3.410204     1.7304     1.4181      99.80   20.72865  -94.75034    0.00003    0.00008     4.5998     4.5994     4.0775     4.0785    34.9745    34.9731    27.7578    27.7566    1501.86    199.878    199.861         49 0.0000e+00
     114778   4782.356   2953.607   2993.000     4.3567     4.3577   3.410201   3.410163     1.7305     1.4185     100.00   20.72865  -94.75034    0.00004    0.00017     4.5997     4.6007     4.0776     4.0786    34.9745    34.9731    27.7578    27.7565    1501.86    199.873    199.920         49 0.0000e+00
     114820   4784.126   2952.627   2992.000     4.3566     4.3575   3.410147   3.410109     1.7306     1.4185     100.00   20.72865  -94.75034    0.00007    0.00008     4.5993     4.6003     4.0776     4.0785    34.9745    34.9730    27.7578    27.7565    1501.86    199.856    199.901         37 0.0000e+00
     114853   4785.517   2951.647   2991.000     4.3564     4.3574   3.410097   3.410062     1.7310     1.4186     100.00   20.72865  -94.75034    0.00010    0.00002     4.6008     4.6003     4.0775     4.0785    34.9745    34.9731    27.7578    27.7565    1501.86    199.922    199.901         31 0.0000e+00
     114883   4786.761   2950.667   2990.000     4.3563     4.3573   3.410059   3.410013     1.7310     1.4188     100.00   20.72865  -94.75034    0.00017    0.00013     4.6002     4.6007     4.0775     4.0785    34.9746    34.9730    27.7578    27.7565    1501.86    199.895    199.919         30 0.0000e+00
     114914   4788.039   2949.687   2989.000     4.3561     4.3571   3.410008   3.409961     1.7313     1.4188      87.14   20.72865  -94.75034    0.00018    0.00010     4.6008     4.6002     4.0775     4.0785    34.9746    34.9730    27.7579    27.7565    1501.86    199.923    199.894         31 0.0000e+00
     117379   4890.732   2854.602   2892.000     4.3450     4.3459   3.405360   3.405323     1.7445     1.4310     100.00   20.72863  -94.75048    0.00016    0.00010     4.6043     4.6035     4.0776     4.0785    34.9745    34.9731    27.7578    27.7566    1501.86    200.073    200.041         30 0.0000e+00
     119305   4970.988   2780.073   2816.000     4.3378     4.3386   3.401839   3.401787     1.7576     1.4432     100.00   20.72869  -94.75059    0.00020    0.00020     4.6184     4.6184     4.0790     4.0798    34.9744    34.9730    27.7576    27.7563    1501.86    200.686    200.687         30 0.0000e+00
     122208   5091.946   2671.176   2705.000     4.3269     4.3277   3.396746   3.396697     1.7732     1.4579      99.69   20.72954  -94.75467    0.00004    0.00008     4.6219     4.6232     4.0805     4.0813    34.9758    34.9743    27.7585    27.7572    1501.93    200.841    200.894         46 0.0000e+00
     122294   5095.525   2670.194   2704.000     4.3266     4.3276   3.396545   3.396517     1.7731     1.4580     100.08   20.72862  -94.75050    0.00003    0.00004     4.6213     4.6233     4.0803     4.0814    34.9741    34.9727    27.7572    27.7560    1501.86    200.814    200.900         34 0.0000e+00
     123899   5162.430   2666.269   2700.000     4.3269     4.3278   3.396458   3.396418     1.7740     1.4590     100.00   20.72886  -94.75174    0.00003   -0.00002     4.6228     4.6256     4.0811     4.0819    34.9745    34.9732    27.7574    27.7563    1501.88    200.878    200.999         46 0.0000e+00
     124006   5166.870   2665.287   2699.000     4.3266     4.3274   3.396354   3.396304     1.7740     1.4590     100.00   20.72860  -94.75054    0.00012   -0.00002     4.6224     4.6254     4.0809     4.0817    34.9741    34.9727    27.7571    27.7559    1501.86    200.863    200.993         42 0.0000e+00
     124079   5169.900   2664.306   2698.000     4.3263     4.3274   3.396289   3.396261     1.7742     1.4591     100.00   20.72860  -94.75054    0.00001    0.00002     4.6227     4.6250     4.0807     4.0818    34.9741    34.9727    27.7571    27.7559    1501.86    200.875    200.973         47 0.0000e+00
     124124   5171.777   2663.325   2697.000     4.3260     4.3270   3.396231   3.396197     1.7743     1.4590      89.46   20.72860  -94.75054    0.00006   -0.00001     4.6223     4.6241     4.0806     4.0815    34.9741    34.9728    27.7572    27.7560    1501.86    200.855    200.934         51 0.0000e+00
     124185   5174.327   2662.343   2696.000     4.3260     4.3269   3.396190   3.396143     1.7744     1.4591      92.31   20.72860  -94.75054    0.00002   -0.00001     4.6222     4.6238     4.0806     4.0815    34.9741    34.9727    27.7572    27.7559    1501.86    200.853    200.921         56 0.0000e+00
     124226   5176.058   2661.362   2695.000     4.3259     4.3268   3.396140   3.396105     1.7745     1.4591      99.98   20.72860  -94.75054    0.00009    0.00005     4.6223     4.6235     4.0807     4.0815    34.9741    34.9728    27.7571    27.7560    1501.86    200.855    200.910         36 0.0000e+00
     124262   5177.554   2660.381   2694.000     4.3258     4.3267   3.396085   3.396046     1.7748     1.4591     100.00   20.72860  -94.75054    0.00012    0.00002     4.6230     4.6228     4.0807     4.0815    34.9740    34.9727    27.7571    27.7559    1501.86    200.885    200.878         36 0.0000e+00
     124296   5178.966   2659.399   2693.000     4.3257     4.3266   3.396047   3.396002     1.7750     1.4591     100.00   20.72860  -94.75054    0.00015   -0.00001     4.6230     4.6222     4.0806     4.0815    34.9742    34.9727    27.7572    27.7559    1501.86    200.886    200.852         31 0.0000e+00
     127860   5327.472   2522.947   2554.000     4.3127     4.3137   3.389518   3.389479     1.7948     1.4777      83.62   20.72859  -94.75037    0.00020    0.00006     4.6276     4.6282     4.0830     4.0840    34.9738    34.9724    27.7566    27.7554    1501.86    201.088    201.112         30 0.0000e+00
     128016   5333.941   2517.055   2548.000     4.3123     4.3131   3.389245   3.389203     1.7954     1.4787     100.00   20.72863  -94.75056    0.00011    0.00011     4.6267     4.6293     4.0833     4.0841    34.9738    34.9725    27.7566    27.7555    1501.86    201.046    201.162         30 0.0000e+00
     129400   5391.630   2464.020   2494.000     4.3072     4.3081   3.386718   3.386669     1.8034     1.4859     100.00   20.72872  -94.75092    0.00024    0.00020     4.6290     4.6310     4.0841     4.0849    34.9740    34.9726    27.7567    27.7555    1501.87    201.148    201.235         30 0.0000e+00
     130452   5435.440   2423.744   2453.000     4.3035     4.3043   3.384790   3.384741     1.8090     1.4912     100.00   20.72879  -94.75126    0.00015    0.00008     4.6290     4.6312     4.0847     4.0855    34.9740    34.9727    27.7567    27.7555    1501.87    201.149    201.244         30 0.0000e+00
     131639   5484.903   2378.547   2407.000     4.2997     4.3006   3.382666   3.382629     1.8156     1.4981     100.00   20.72898  -94.75202    0.00012    0.00029     4.6297     4.6358     4.0858     4.0868    34.9742    34.9728    27.7567    27.7554    1501.88    201.178    201.442         32 0.0000e+00
     131750   5489.530   2377.565   2406.000     4.2994     4.3003   3.382556   3.382511     1.8158     1.4976     100.00   20.72864  -94.75046    0.00002   -0.00009     4.6299     4.6330     4.0857     4.0866    34.9736    34.9722    27.7562    27.7550    1501.86    201.187    201.325         51 0.0000e+00
