GOMECC/GOMECC-4/1db/urb2103_0701.cnv
* Sea-Bird SBE 9 Data File:
* FileName = C:\Users\scs.user.rb\CTD\GOMECC4\data\rb2103_0701.hex
* Software Version Seasave V 7.26.7.107
* Temperature SN = 4799
* Conductivity SN = 3860
* Number of Bytes Per Scan = 41
* Number of Voltage Words = 4
* Number of Scans Averaged by the Deck Unit = 1
* NMEA Latitude = 26 03.47 N
* NMEA Longitude = 094 40.25 W
* NMEA UTC (Time) = Oct 03 2021  15:59:31
* NMEA baud rate = 4800
# nquan = 28
# nvalues = 485                         
# units = specified
# name 0 = scan: Scan Count
# name 1 = timeS: Time, Elapsed [seconds]
# name 2 = depSM: Depth [salt water, m]
# name 3 = prDM: Pressure, Digiquartz [db]
# name 4 = t090C: Temperature [ITS-90, deg C]
# name 5 = t190C: Temperature, 2 [ITS-90, deg C]
# name 6 = c0S/m: Conductivity [S/m]
# name 7 = c1S/m: Conductivity, 2 [S/m]
# name 8 = sbeox0V: Oxygen raw, SBE 43 [V]
# name 9 = sbeox1V: Oxygen raw, SBE 43, 2 [V]
# name 10 = altM: Altimeter [m]
# name 11 = latitude: Latitude [deg]
# name 12 = longitude: Longitude [deg]
# name 13 = sbox0dV/dT: Oxygen, SBE 43 [dov/dt]
# name 14 = sbox1dV/dT: Oxygen, SBE 43, 2 [dov/dt]
# name 15 = sbeox0ML/L: Oxygen, SBE 43 [ml/l], WS = 5
# name 16 = sbeox1ML/L: Oxygen, SBE 43, 2 [ml/l], WS = 5
# name 17 = potemp090C: Potential Temperature [ITS-90, deg C]
# name 18 = potemp190C: Potential Temperature, 2 [ITS-90, deg C]
# name 19 = sal00: Salinity, Practical [PSU]
# name 20 = sal11: Salinity, Practical, 2 [PSU]
# name 21 = sigma-é00: Density [sigma-theta, kg/m^3]
# name 22 = sigma-é11: Density, 2 [sigma-theta, kg/m^3]
# name 23 = avgsvCM: Average Sound Velocity [Chen-Millero, m/s], minP = 20, minS = 20
# name 24 = sbox0Mm/Kg: Oxygen, SBE 43 [umol/kg], WS = 5
# name 25 = sbox1Mm/Kg: Oxygen, SBE 43, 2 [umol/kg], WS = 5
# name 26 = nbin: number of scans per bin
# name 27 = flag: flag
# span 0 =      98266,     229637       
# span 1 =   4094.359,   9568.172       
# span 2 =      0.993,   3012.304       
# span 3 =      1.000,   3054.000       
# span 4 =     4.2991,    29.3184       
# span 5 =     4.2999,    29.3350       
# span 6 =   3.352996,   5.942188       
# span 7 =   3.352769,   5.942478       
# span 8 =     1.5712,     3.4070       
# span 9 =     1.2747,     2.9151       
# span 10 =      10.41,     104.60      
# span 11 =   25.89812,   26.10013      
# span 12 =  -94.80923,  -94.07409      
# span 13 =   -0.02173,    0.03216      
# span 14 =   -0.02089,    0.02971      
# span 15 =     2.3809,     5.0812      
# span 16 =     2.3978,     5.0778      
# span 17 =     4.0799,    29.3098      
# span 18 =     4.0810,    29.3265      
# span 19 =    34.9107,    36.6156      
# span 20 =    34.9099,    36.6062      
# span 21 =    22.5455,    27.7591      
# span 22 =    22.5805,    27.7577      
# span 23 =    1493.35,    1505.02      
# span 24 =    103.535,    221.626      
# span 25 =    104.268,    221.480      
# span 26 =         30,         74      
# span 27 = 0.0000e+00, 0.0000e+00      
# interval = decibars: 1                
# start_time = Oct 03 2021 15:59:31 [NMEA time, header]
# bad_flag = -9.990e-29
*END*
[from data line 415]
     210332   8763.804     97.339     98.000    22.7989    22.8131   5.286637   5.288816     2.6185     2.2145     100.00   26.06129  -94.66908   -0.00065   -0.00021     3.8567     3.8693    22.7789    22.7931    36.5840    36.5891    25.1995    25.1993    1502.79    168.006    168.554         39 0.0000e+00
     210389   8766.152     96.346     97.000    22.8486    22.8363   5.292359   5.291790     2.6193     2.2146     100.00   26.06128  -94.66908   -0.00007   -0.00082     3.8543     3.8667    22.8256    22.8165    36.5900    36.5911    25.1906    25.1947    1502.79    167.904    168.444         55 0.0000e+00
     210456   8768.944     95.353     96.000    22.9084    22.9349   5.300792   5.303994     2.6237     2.2177     100.00   26.06130  -94.66908    0.00143    0.00112     3.8578     3.8667    22.8888    22.9152    36.6033    36.6062    25.1824    25.1770    1502.79    168.059    168.445         65 0.0000e+00
     210510   8771.194     94.360     95.000    22.8722    22.8773   5.288714   5.289394     2.6289     2.2271     100.00   26.06131  -94.66908    0.00140    0.00192     3.8743     3.8990    22.8526    22.8578    36.5400    36.5423    25.1449    25.1451    1502.79    168.782    169.861         46 0.0000e+00
     210556   8773.139     93.367     94.000    22.7546    22.7581   5.263919   5.264579     2.6705     2.2741     100.00   26.06132  -94.66907    0.01023    0.01278     3.9669     4.0079    22.7354    22.7389    36.4452    36.4474    25.1067    25.1074    1502.79    172.824    174.610         48 0.0000e+00
     210608   8775.281     92.374     93.000    22.7748    22.8056   5.265516   5.269303     2.7207     2.3145     100.00   26.06133  -94.66907    0.02452    0.02370     4.0667     4.0945    22.7559    22.7866    36.4411    36.4450    25.0977    25.0917    1502.79    177.175    178.383         55 0.0000e+00
     210658   8777.379     91.381     92.000    23.0371    23.1054   5.300861   5.309924     2.7378     2.3206     100.00   26.06134  -94.66906    0.01511    0.01002     4.0798     4.0845    23.0182    23.0864    36.4979    36.5115    25.0648    25.0553    1502.79    177.749    177.953         43 0.0000e+00
     210697   8778.985     90.388     91.000    23.3212    23.3203   5.341228   5.341112     2.7341     2.3093     100.00   26.06134  -94.66906    0.00537   -0.00198     4.0500     4.0458    23.3010    23.3018    36.5749    36.5791    25.0408    25.0455    1502.79    176.454    176.269         37 0.0000e+00
     210737   8780.685     89.395     90.000    23.3979    23.3957   5.351884   5.351356     2.7151     2.2923      78.41   26.06134  -94.66906   -0.00545   -0.00840     4.0035     3.9982    23.3791    23.3770    36.5936    36.5914    25.0321    25.0312    1502.79    174.428    174.200         46 0.0000e+00
     210783   8782.573     88.402     89.000    23.4119    23.4188   5.353033   5.355013     2.7087     2.2904     100.12   26.06135  -94.66906   -0.00725   -0.00455     3.9893     3.9915    23.3934    23.4003    36.5911    36.5958    25.0260    25.0276    1502.79    173.811    173.907         42 0.0000e+00
     210822   8784.207     87.409     88.000    23.5611    23.5714   5.369974   5.370761     2.7123     2.2949     100.00   26.06136  -94.66906   -0.00157    0.00011     3.9845     3.9903    23.5427    23.5530    36.5982    36.6012    24.9875    24.9867    1502.79    173.609    173.861         37 0.0000e+00
     210858   8785.694     86.416     87.000    23.5594    23.5692   5.363772   5.364633     2.7256     2.3087     100.00   26.06136  -94.66906    0.00316    0.00353     4.0119     4.0218    23.5412    23.5510    36.5523    36.5508    24.9532    24.9491    1502.79    174.810    175.240         34 0.0000e+00
     210891   8787.081     85.423     86.000    23.6616    23.6644   5.374712   5.375969     2.7511     2.3401     100.00   26.06136  -94.66906    0.00980    0.01106     4.0538     4.0792    23.6435    23.6463    36.5522    36.5528    24.9228    24.9225    1502.79    176.639    177.748         32 0.0000e+00
     210923   8788.423     84.430     85.000    23.7259    23.7330   5.379543   5.379430     2.7767     2.3615     100.00   26.06136  -94.66906    0.01707    0.01826     4.1008     4.1258    23.7081    23.7151    36.5365    36.5297    24.8919    24.8846    1502.79    178.693    179.785         34 0.0000e+00
     210961   8790.006     83.436     84.000    23.7355    23.7618   5.379327   5.381266     2.8002     2.3851     100.00   26.06136  -94.66906    0.01740    0.01692     4.1465     4.1754    23.7179    23.7441    36.5272    36.5204    24.8820    24.8690    1502.79    180.688    181.949         41 0.0000e+00
     211001   8791.652     82.443     83.000    23.7271    23.7688   5.378246   5.382867     2.8154     2.3999     100.00   26.06136  -94.66906    0.01353    0.01330     4.1743     4.2046    23.7199    23.7518    36.5177    36.5198    24.8741    24.8638    1502.79    181.900    183.221         35 0.0000e+00
     211034   8793.034     81.450     82.000    23.6373    23.6594   5.355381   5.359641     2.8316     2.4141     100.00   26.06136  -94.66906    0.00985    0.00969     4.2184     4.2478    23.6200    23.6423    36.4254    36.4399    24.8337    24.8381    1502.79    183.828    185.107         32 0.0000e+00
     211066   8794.356     80.457     81.000    23.6465    23.6662   5.352957   5.353562     2.8816     2.4590     100.00   26.06136  -94.66906    0.01639    0.01440     4.3177     4.3468    23.6295    23.6493    36.3996    36.3880    24.8113    24.7967    1502.79    188.160    189.430         32 0.0000e+00
     211098   8795.710     79.464     80.000    23.7213    23.7282   5.360429   5.359145     2.9273     2.5054     100.00   26.06138  -94.66906    0.03104    0.02940     4.4020     4.4440    23.7046    23.7114    36.3958    36.3802    24.7862    24.7724    1502.79    191.840    193.673         33 0.0000e+00
     211132   8797.129     78.471     79.000    24.0912    24.0870   5.412556   5.410706     2.9559     2.5222     100.00   26.06138  -94.66906    0.03216    0.02971     4.4260     4.4499    24.0745    24.0702    36.4899    36.4793    24.7475    24.7407    1502.79    192.893    193.937         35 0.0000e+00
     211170   8798.695     77.478     78.000    24.4613    24.4046   5.465474   5.456946     2.9309     2.4773      90.63   26.06138  -94.66906    0.01365    0.00373     4.3521     4.3302    24.4445    24.3879    36.5885    36.5704    24.7111    24.7145    1502.79    189.676    188.723         37 0.0000e+00
     211245   8801.813     76.485     77.000    24.0528    23.9605   5.407887   5.395971     2.8662     2.4371      99.67   26.06138  -94.66906   -0.02173   -0.01816     4.2508     4.2699    24.0364    23.9443    36.4866    36.4716    24.7563    24.7724    1502.79    185.253    186.087         54 0.0000e+00
     211475   8811.407     74.499     75.000    24.2362    24.1766   5.423005   5.412427     2.9102     2.4941     100.00   26.06630  -94.68692   -0.00634   -0.00071     4.3227     4.3847    24.2202    24.1609    36.4459    36.4264    24.6715    24.6754    1503.07    188.403    191.103         65 0.0000e+00
     211841   8826.686     72.512     73.000    24.2458    24.2949   5.413934   5.413333     3.0628     2.6442     100.10   26.08676  -94.76122    0.01159    0.01013     4.6268     4.7017    24.2303    24.2797    36.3916    36.3389    24.6307    24.5734    1504.25    201.671    204.946         38 0.0000e+00
     211723   8821.768     71.519     72.000    24.3057    24.3410   5.415558   5.415298     3.1073     2.6903      96.63   26.06138  -94.66904    0.01399    0.01324     4.7089     4.7967    24.2903    24.3256    36.3409    36.3084    24.5701    24.5346    1502.79    205.256    209.092         33 0.0000e+00
     212033   8834.662     69.533     70.000    24.6100    24.6129   5.443807   5.442889     3.2102     2.7439      99.86   26.02496  -94.53662    0.00618    0.00264     4.8772     4.8859    24.6269    24.5980    36.2533    36.2549    24.3960    24.4001    1500.69    212.623    212.999         45 0.0000e+00
     213450   8893.696     68.540     69.000    24.9464    24.9399   5.479906   5.479157     3.2744     2.7988      73.81   26.06144  -94.66904    0.00248    0.00145     4.9767     4.9797    24.9320    24.9249    36.3059    36.3058    24.3494    24.3513    1502.79    216.975    217.106         52 0.0000e+00
     213540   8897.462     67.546     68.000    24.9610    24.9556   5.481150   5.480576     3.2778     2.8046     100.63   26.06144  -94.66904    0.00115    0.00177     4.9815     4.9902    24.9462    24.9408    36.3044    36.3044    24.3438    24.3455    1502.79    217.185    217.564         56 0.0000e+00
     213592   8899.642     66.553     67.000    25.0234    25.0183   5.487564   5.487051     3.2860     2.8123     100.00   26.06144  -94.66904    0.00204    0.00227     4.9913     5.0023    25.0088    25.0039    36.3023    36.3044    24.3231    24.3269    1502.79    217.620    218.098         58 0.0000e+00
     213661   8902.512     65.560     66.000    25.0544    25.1052   5.490500   5.496095     3.2942     2.8221     100.00   26.06144  -94.66904    0.00362    0.00424     5.0037     5.0138    25.0371    25.0908    36.3020    36.3004    24.3142    24.2966    1502.79    218.162    218.604         58 0.0000e+00
     213712   8904.645     64.566     65.000    25.3447    25.2636   5.521810   5.513123     3.3065     2.8281      93.08   26.06144  -94.66904    0.00349    0.00218     5.0078     5.0137    25.3303    25.2493    36.3000    36.3007    24.2227    24.2482    1502.79    218.357    218.610         50 0.0000e+00
     213769   8906.992     63.573     64.000    25.3988    25.3699   5.527879   5.524189     3.3280     2.8421      93.12   26.06144  -94.66904    0.00884    0.00510     5.0364     5.0329    25.3847    25.3558    36.3018    36.2977    24.2073    24.2131    1502.79    219.609    219.457         55 0.0000e+00
     213821   8909.147     62.580     63.000    25.5488    25.5170   5.544071   5.540879     3.3420     2.8537     100.07   26.06144  -94.66904    0.00713    0.00591     5.0487     5.0444    25.5349    25.5031    36.3021    36.3031    24.1610    24.1713    1502.79    220.156    219.964         49 0.0000e+00
     213869   8911.157     61.587     62.000    25.6885    25.6424   5.559067   5.553962     3.3549     2.8634      96.08   26.06144  -94.66902    0.00688    0.00493     5.0605     5.0536    25.6747    25.6286    36.3016    36.3007    24.1172    24.1309    1502.79    220.678    220.376         46 0.0000e+00
     213912   8912.968     60.594     61.000    25.7989    25.7196   5.570679   5.562636     3.3609     2.8724      98.72   26.06144  -94.66902    0.00513    0.00486     5.0612     5.0653    25.7853    25.7061    36.2994    36.3034    24.0812    24.1088    1502.79    220.719    220.892         44 0.0000e+00
     213956   8914.797     59.601     60.000    26.0130    25.9579   5.593670   5.586319     3.3739     2.8800     100.02   26.06144  -94.66902    0.00471    0.00477     5.0659     5.0610    25.9995    25.9445    36.2984    36.2882    24.0134    24.0230    1502.79    220.937    220.720         42 0.0000e+00
     214027   8917.755     58.608     59.000    26.3239    26.2474   5.625750   5.617908     3.3966     2.8998     100.00   26.06144  -94.66902    0.00789    0.00601     5.0812     5.0771    26.3106    26.2341    36.2894    36.2901    23.9088    23.9335    1502.79    221.626    221.442         34 0.0000e+00
     214134   8922.224     57.615     58.000    26.3223    26.3718   5.626043   5.632240     3.3942     2.9055      81.87   26.06144  -94.66902    0.00140    0.00172     5.0754     5.0778    26.3109    26.3587    36.2897    36.2965    23.9089    23.8990    1502.79    221.375    221.480         30 0.0000e+00
     214244   8926.772     56.621     57.000    26.3173    26.4127   5.625633   5.637256     3.3957     2.9051      95.58   26.06144  -94.66902    0.00083   -0.00038     5.0776     5.0726    26.2983    26.3998    36.2966    36.3011    23.9182    23.8894    1502.79    221.469    221.256         33 0.0000e+00
     214343   8930.918     55.628     56.000    26.5172    26.5805   5.647540   5.652192     3.4058     2.9089     100.49   26.06144  -94.66902    0.00276    0.00063     5.0783     5.0689    26.5062    26.5678    36.2923    36.2761    23.8491    23.8168    1502.79    221.515    221.106         45 0.0000e+00
     214456   8935.617     54.635     55.000    26.6987    26.6947   5.665426   5.665473     3.4070     2.9151     100.00   26.06144  -94.66902    0.00004    0.00049     5.0673     5.0688    26.6861    26.6821    36.2808    36.2841    23.7831    23.7870    1502.79    221.044    221.114         51 0.0000e+00
     214437   8934.813     52.648     53.000    27.0843    27.0811   5.705527   5.708783     3.4011     2.8833      99.90   26.03491  -94.57259   -0.00330   -0.00888     5.0168     4.9670    27.0678    27.0689    36.2575    36.2775    23.6392    23.6530    1501.26    218.873    216.695         63 0.0000e+00
     214779   8949.079     51.655     52.000    27.2649    27.5673   5.729650   5.764639     3.3548     2.8171     100.00   26.06146  -94.66902   -0.00926   -0.02089     4.9130     4.7957    27.2520    27.5551    36.3010    36.3203    23.6169    23.5330    1502.79    214.352    209.248         31 0.0000e+00
     214857   8952.334     50.662     51.000    27.7441    27.7763   5.789085   5.789044     3.3525     2.8097     100.00   26.06146  -94.66902    0.02053   -0.01530     4.8650     4.7572    27.7321    27.7643    36.3516    36.3336    23.4994    23.4751    1502.79    212.282    207.584         35 0.0000e+00
     215570   8982.040     49.669     50.000    28.1332    28.1856   5.823536   5.829141     3.2533     2.7682      99.48   26.06148  -94.66901    0.00005    0.00378     4.6515     4.6434    28.1213    28.1738    36.2942    36.2941    23.3272    23.3100    1502.79    202.997    202.650         38 0.0000e+00
     216514   9021.363     47.682     48.000    28.7592    28.7752   5.886461   5.887996     3.2033     2.7177      96.21   26.06538  -94.68309    0.00067    0.00057     4.5086     4.4956    28.7476    28.7636    36.2574    36.2565    23.0938    23.0879    1503.01    196.812    196.241         51 0.0000e+00
     216548   9022.776     46.689     47.000    28.7606    28.7640   5.885656   5.885405     3.2027     2.7165     101.09   26.06150  -94.66900    0.00008   -0.00016     4.5067     4.4935    28.7492    28.7527    36.2492    36.2448    23.0863    23.0819    1502.79    196.726    196.152         40 0.0000e+00
     216642   9026.691     45.696     46.000    28.8147    28.8401   5.887886   5.889354     3.1970     2.7096     100.00   26.06150  -94.66900   -0.00095   -0.00178     4.4922     4.4741    28.8036    28.8290    36.2238    36.2146    23.0491    23.0336    1502.79    196.103    195.315         61 0.0000e+00
     216714   9029.712     44.702     45.000    28.9232    28.9375   5.894963   5.895548     3.1829     2.6932     100.00   26.06150  -94.66900   -0.00394   -0.00521     4.4580     4.4342    28.9123    28.9266    36.1909    36.1839    22.9880    22.9779    1502.79    194.622    193.583         66 0.0000e+00
     216776   9032.273     43.709     44.000    29.0171    28.9762   5.901561   5.898368     3.1737     2.6871     100.00   26.06150  -94.66900   -0.00489   -0.00321     4.4347     4.4181    29.0064    28.9655    36.1654    36.1747    22.9373    22.9582    1502.79    193.614    192.885         55 0.0000e+00
     216835   9034.730     42.716     43.000    29.0588    29.0256   5.905906   5.902491     3.1617     2.6822     100.00   26.06150  -94.66900   -0.00337   -0.00184     4.4091     4.4051    29.0483    29.0152    36.1642    36.1657    22.9223    22.9345    1502.79    192.498    192.321         58 0.0000e+00
