GOMECC/GOMECC-4/1db/urb2103_1351.cnv
* Sea-Bird SBE 9 Data File:
* FileName = C:\Users\scs.user.rb\CTD\GOMECC4\data\rb2103_1351.hex
* Software Version Seasave V 7.26.7.107
* Temperature SN = 4799
* Conductivity SN = 3860
* Number of Bytes Per Scan = 41
* Number of Voltage Words = 4
* Number of Scans Averaged by the Deck Unit = 1
* NMEA Latitude = 26 15.54 N
* NMEA Longitude = 083 48.34 W
* NMEA UTC (Time) = Oct 20 2021  01:30:15
* NMEA baud rate = 4800
# nquan = 28
# nvalues = 52                          
# units = specified
# name 0 = scan: Scan Count
# name 1 = timeS: Time, Elapsed [seconds]
# name 2 = depSM: Depth [salt water, m]
# name 3 = prDM: Pressure, Digiquartz [db]
# name 4 = t090C: Temperature [ITS-90, deg C]
# name 5 = t190C: Temperature, 2 [ITS-90, deg C]
# name 6 = c0S/m: Conductivity [S/m]
# name 7 = c1S/m: Conductivity, 2 [S/m]
# name 8 = sbeox0V: Oxygen raw, SBE 43 [V]
# name 9 = sbeox1V: Oxygen raw, SBE 43, 2 [V]
# name 10 = altM: Altimeter [m]
# name 11 = latitude: Latitude [deg]
# name 12 = longitude: Longitude [deg]
# name 13 = sbox0dV/dT: Oxygen, SBE 43 [dov/dt]
# name 14 = sbox1dV/dT: Oxygen, SBE 43, 2 [dov/dt]
# name 15 = sbeox0ML/L: Oxygen, SBE 43 [ml/l], WS = 5
# name 16 = sbeox1ML/L: Oxygen, SBE 43, 2 [ml/l], WS = 5
# name 17 = potemp090C: Potential Temperature [ITS-90, deg C]
# name 18 = potemp190C: Potential Temperature, 2 [ITS-90, deg C]
# name 19 = sal00: Salinity, Practical [PSU]
# name 20 = sal11: Salinity, Practical, 2 [PSU]
# name 21 = sigma-é00: Density [sigma-theta, kg/m^3]
# name 22 = sigma-é11: Density, 2 [sigma-theta, kg/m^3]
# name 23 = avgsvCM: Average Sound Velocity [Chen-Millero, m/s], minP = 20, minS = 20
# name 24 = sbox0Mm/Kg: Oxygen, SBE 43 [umol/kg], WS = 5
# name 25 = sbox1Mm/Kg: Oxygen, SBE 43, 2 [umol/kg], WS = 5
# name 26 = nbin: number of scans per bin
# name 27 = flag: flag
# span 0 =      22448,      45331       
# span 1 =    935.307,   1888.740       
# span 2 =      0.993,     86.414       
# span 3 =      1.000,     87.000       
# span 4 =    21.6437,    28.7471       
# span 5 =    21.6433,    28.7660       
# span 6 =   5.153029,   5.835028       
# span 7 =   5.153086,   5.837333       
# span 8 =     2.3659,     3.2073       
# span 9 =     1.9838,     2.7224       
# span 10 =      11.29,      94.80      
# span 11 =   25.93130,   26.43898      
# span 12 =  -84.37991,  -82.75949      
# span 13 =   -0.00125,    0.01047      
# span 14 =   -0.00146,    0.00845      
# span 15 =     3.4147,     4.5913      
# span 16 =     3.4207,     4.5719      
# span 17 =    21.6265,    28.7399      
# span 18 =    21.6261,    28.7590      
# span 19 =    34.9635,    36.5662      
# span 20 =    34.9643,    36.5654      
# span 21 =    22.2533,    25.4725      
# span 22 =    22.2535,    25.4693      
# span 23 =    1518.21,    1547.93      
# span 24 =    148.712,    200.263      
# span 25 =    148.972,    199.500      
# span 26 =         31,         72      
# span 27 = 0.0000e+00, 0.0000e+00      
# interval = decibars: 1                
# start_time = Oct 20 2021 01:30:15 [NMEA time, header]
# bad_flag = -9.990e-29
*END*
      22483    936.755     86.414     87.000    21.6437    21.6433   5.153029   5.153086     2.3659     1.9838      11.29   26.25866  -83.80520    0.00047    0.00046     3.4147     3.4207    21.6265    21.6261    36.5074    36.5082    25.4686    25.4693    1537.39    148.712    148.972         48 0.0000e+00
      22448    935.307     85.421     86.000    21.6539    21.6528   5.154056   5.154182     2.3735     1.9891      12.33   26.25867  -83.80520    0.00159    0.00097     3.4294     3.4317    21.6370    21.6359    36.5072    36.5087    25.4656    25.4670    1537.39    149.354    149.453         49 0.0000e+00
      22542    939.217     84.428     85.000    21.6876    21.6781   5.157369   5.156617     2.3796     1.9953      13.27   26.25868  -83.80520    0.00165    0.00155     3.4393     3.4438    21.6709    21.6614    36.5054    36.5081    25.4547    25.4594    1537.39    149.788    149.982         40 0.0000e+00
      22633    942.993     83.435     84.000    21.7266    21.7202   5.161782   5.160901     2.3941     2.0069      14.38   26.25868  -83.80520    0.00371    0.00379     3.4663     3.4674    21.7101    21.7037    36.5078    36.5070    25.4456    25.4467    1537.39    150.964    151.009         36 0.0000e+00
      22882    953.394     81.449     82.000    21.8123    21.8228   5.175045   5.175809     2.4353     2.0510      16.42   26.30534  -83.95411    0.00054    0.00210     3.5450     3.5611    21.7961    21.8066    36.5662    36.5654    25.4725    25.4690    1540.12    154.396    155.097         46 0.0000e+00
      22909    954.494     80.456     81.000    21.8011    21.7936   5.167983   5.167587     2.4439     2.0577      17.14   26.25868  -83.80520    0.00225    0.00271     3.5635     3.5771    21.7850    21.7776    36.4952    36.4978    25.4149    25.4190    1537.39    155.203    155.795         38 0.0000e+00
      23010    958.727     79.463     80.000    21.8123    21.8081   5.169037   5.168805     2.4692     2.0755      18.12   26.25868  -83.80520    0.00412    0.00437     3.6158     3.6163    21.7965    21.7923    36.4950    36.4962    25.4116    25.4136    1537.39    157.477    157.501         53 0.0000e+00
      23108    962.806     78.470     79.000    21.8465    21.8329   5.172336   5.171095     2.4769     2.0828      19.14   26.25868  -83.80520    0.00186    0.00258     3.6279     3.6309    21.8308    21.8173    36.4922    36.4941    25.3998    25.4051    1537.39    158.007    158.140         31 0.0000e+00
      23198    966.542     77.477     78.000    21.8570    21.8549   5.173684   5.173674     2.4836     2.0875      20.09   26.25868  -83.80520    0.00201    0.00103     3.6403     3.6398    21.8416    21.8394    36.4942    36.4958    25.3983    25.4002    1537.39    158.549    158.528         37 0.0000e+00
      23294    970.530     76.483     77.000    21.8639    21.8596   5.174303   5.174184     2.4851     2.0897      21.03   26.25868  -83.80520   -0.00010    0.00079     3.6423     3.6440    21.8487    21.8444    36.4937    36.4963    25.3959    25.3992    1537.39    158.638    158.708         44 0.0000e+00
      23394    974.692     75.490     76.000    21.8778    21.8741   5.175473   5.175217     2.5012     2.1020      22.05   26.25867  -83.80520    0.00389    0.00333     3.6743     3.6705    21.8628    21.8591    36.4916    36.4927    25.3904    25.3922    1537.39    160.033    159.867         34 0.0000e+00
      23491    978.751     74.497     75.000    21.9086    21.8905   5.178738   5.176931     2.5134     2.1140      22.97   26.25866  -83.80520    0.00330    0.00304     3.6967     3.6963    21.8937    21.8756    36.4919    36.4928    25.3819    25.3877    1537.39    161.007    160.990         31 0.0000e+00
      23582    982.560     73.504     74.000    21.9473    21.9300   5.182275   5.180769     2.5247     2.1224      23.97   26.25866  -83.80520    0.00311    0.00243     3.7162     3.7123    21.9326    21.9153    36.4883    36.4907    25.3682    25.3749    1537.39    161.861    161.687         43 0.0000e+00
      23676    986.451     72.511     73.000    21.9712    21.9618   5.184929   5.184061     2.5318     2.1296      24.94   26.25866  -83.80520    0.00192    0.00191     3.7295     3.7261    21.9567    21.9473    36.4887    36.4897    25.3617    25.3651    1537.39    162.439    162.291         42 0.0000e+00
      23772    990.444     71.518     72.000    22.0053    22.0031   5.187527   5.187482     2.5426     2.1429      25.89   26.25866  -83.80520    0.00286    0.00366     3.7490     3.7531    21.9910    21.9888    36.4808    36.4826    25.3461    25.3480    1537.39    163.291    163.470         44 0.0000e+00
      23863    994.257     70.525     71.000    22.0548    22.0463   5.192545   5.191826     2.5545     2.1539      26.85   26.25866  -83.80520    0.00274    0.00333     3.7693     3.7748    22.0407    22.0321    36.4792    36.4807    25.3308    25.3343    1537.39    164.179    164.419         50 0.0000e+00
      23966    998.555     69.532     70.000    22.1372    22.1320   5.200740   5.200219     2.5759     2.1727      27.85   26.25866  -83.80520    0.00448    0.00460     3.8068     3.8110    22.1232    22.1180    36.4745    36.4752    25.3039    25.3059    1537.39    165.815    165.997         54 0.0000e+00
      25553   1064.661     67.546     68.000    22.3420    22.3559   5.229516   5.227560     2.6253     2.2159      30.04   26.32238  -84.00842    0.00068    0.00075     3.8884     3.8919    22.3284    22.3423    36.5328    36.5402    25.2963    25.2985    1541.12    169.379    169.532         35 0.0000e+00
      26027   1084.432     66.552     67.000    22.3095    22.3256   5.219030   5.220833     2.6218     2.2145      30.77   26.25872  -83.80520   -0.00013    0.00054     3.8871     3.8907    22.2960    22.3121    36.4754    36.4761    25.2555    25.2514    1537.39    169.322    169.480         54 0.0000e+00
      26135   1088.904     65.559     66.000    22.3271    22.3303   5.220899   5.221546     2.6211     2.2142      31.75   26.25872  -83.80519    0.00010    0.00033     3.8838     3.8891    22.3139    22.3170    36.4754    36.4752    25.2504    25.2494    1537.39    169.179    169.411         37 0.0000e+00
      26241   1093.326     64.566     65.000    22.3403    22.3459   5.222418   5.222927     2.6253     2.2183      32.86   26.25872  -83.80519    0.00063    0.00118     3.8903     3.8969    22.3272    22.3328    36.4756    36.4759    25.2467    25.2454    1537.39    169.461    169.748         39 0.0000e+00
      26336   1097.279     63.573     64.000    22.4431    22.4299   5.232394   5.229968     2.6384     2.2313      33.72   26.25874  -83.80518    0.00252    0.00279     3.9129     3.9206    22.4316    22.4176    36.4685    36.4674    25.2115    25.2162    1537.39    170.452    170.789         34 0.0000e+00
      26436   1101.476     62.580     63.000    22.5920    22.6133   5.249629   5.252368     2.6606     2.2549      34.70   26.25874  -83.80518    0.00578    0.00635     3.9437     3.9619    22.5823    22.6004    36.4807    36.4824    25.1777    25.1735    1537.39    171.798    172.593         40 0.0000e+00
      26516   1104.811     60.593     61.000    22.8803    22.8980   5.276480   5.272978     2.7285     2.3127      36.22   26.16198  -83.49637    0.01047    0.00784     4.0631     4.0657    22.8771    22.8856    36.4063    36.4026    25.0264    25.0188    1531.72    177.014    177.130         35 0.0000e+00
      26738   1114.034     59.600     60.000    23.0260    23.0634   5.297639   5.302333     2.7828     2.3621      37.61   26.25874  -83.80518    0.00633    0.00845     4.1447     4.1606    23.0137    23.0511    36.4935    36.4981    25.0629    25.0555    1537.39    180.576    181.272         36 0.0000e+00
      26832   1117.958     58.607     59.000    23.0611    23.0558   5.300380   5.299627     2.7970     2.3690      38.54   26.25874  -83.80518    0.00481   -0.00018     4.1821     4.1805    23.0490    23.0438    36.4877    36.4834    25.0482    25.0461    1537.39    182.209    182.140         36 0.0000e+00
      26986   1124.389     57.614     58.000    23.0627    23.0718   5.299215   5.299505     2.8198     2.3952      39.54   26.25874  -83.80518    0.00396    0.00383     4.2266     4.2365    23.0508    23.0599    36.4756    36.4703    25.0385    25.0318    1537.39    184.151    184.582         42 0.0000e+00
      27466   1144.388     55.627     56.000    23.2322    23.2115   5.310315   5.308745     2.8859     2.4411      41.50   26.25410  -83.79035    0.00135    0.00427     4.3455     4.3272    23.2206    23.1999    36.4191    36.4241    24.9453    24.9551    1537.12    189.348    188.549         37 0.0000e+00
      28554   1189.689     54.634     55.000    23.6525    23.5540   5.352259   5.343139     2.9959     2.5350      42.42   26.25876  -83.80518   -0.00125    0.00053     4.5293     4.5054    23.6410    23.5425    36.3981    36.4083    24.8068    24.8436    1537.39    197.381    196.335         39 0.0000e+00
      28636   1193.127     53.641     54.000    23.6542    23.5476   5.352696   5.342462     2.9849     2.5221      43.39   26.25876  -83.80518    0.00025   -0.00032     4.5083     4.4793    23.6429    23.5364    36.4004    36.4091    24.8080    24.8460    1537.39    196.467    195.196         40 0.0000e+00
      28922   1205.036     51.654     52.000    23.8998    23.9554   5.386347   5.393114     2.9851     2.5335      45.60   26.31610  -83.98819   -0.00019    0.00108     4.4856     4.4730    23.8869    23.9445    36.4820    36.4820    24.8051    24.7858    1540.75    195.489    194.939         35 0.0000e+00
      29039   1209.927     48.675     49.000    24.0360    24.0280   5.383389   5.382928     2.9733     2.5233      47.91   26.15723  -83.48105    0.00120    0.00147     4.4489     4.4395    24.0256    24.0176    36.2654    36.2674    24.5755    24.5794    1531.44    193.903    193.492         45 0.0000e+00
      29277   1219.849     47.681     48.000    24.3119    24.4218   5.422568   5.433619     3.0021     2.5530      49.21   26.25878  -83.80516    0.00425    0.00382     4.4849     4.4772    24.2982    24.4115    36.3990    36.3902    24.6117    24.5709    1537.39    195.483    195.158         40 0.0000e+00
      29386   1224.380     46.688     47.000    24.5650    24.6381   5.449151   5.457270     3.0267     2.5740      50.21   26.25878  -83.80516    0.00520    0.00397     4.5115     4.5062    24.5546    24.6280    36.3927    36.3937    24.5297    24.5081    1537.39    196.659    196.433         40 0.0000e+00
      31626   1317.700     42.715     43.000    25.6653    25.5563   5.560455   5.556095     3.1056     2.6333      54.55   26.30268  -83.94508    0.00278    0.00245     4.5689     4.5593    25.6558    25.5468    36.3522    36.3705    24.1651    24.2129    1539.96    199.235    198.809         33 0.0000e+00
      31684   1320.134     41.722     42.000    25.8795    25.7921   5.577136   5.571372     3.1145     2.6401      55.13   26.25884  -83.80516    0.00300    0.00344     4.5733     4.5560    25.8702    25.7828    36.3105    36.3161    24.0630    24.0945    1537.39    199.445    198.684         52 0.0000e+00
      31806   1325.225     40.729     41.000    26.3005    26.1583   5.619610   5.605708     3.1429     2.6615      56.12   26.25884  -83.80516    0.00561    0.00503     4.5913     4.5719    26.2912    26.1490    36.2674    36.2703    23.8981    23.9450    1537.39    200.263    199.408         42 0.0000e+00
      33074   1378.041     34.769     35.000    27.8566    27.8378   5.760518   5.760429     3.2073     2.7224      61.80   26.23031  -83.71405   -0.00037    0.00173     4.5852     4.5710    27.8484    27.8295    36.0568    36.0629    23.2338    23.2438    1535.72    200.123    199.500         44 0.0000e+00
      34641   1443.351     29.802     30.000    28.7471    28.7660   5.835028   5.837333     3.2042     2.7105      67.41   26.43898  -84.37991   -0.00122   -0.00111     4.5207     4.4916    28.7399    28.7590    36.0335    36.0388    22.9644    22.9651    1547.93    197.392    196.123         32 0.0000e+00
      34719   1446.603     26.822     27.000    28.5299    28.5331   5.750109   5.751150     3.1408     2.6558      69.78   26.25890  -83.80514   -0.00122   -0.00139     4.4205     4.3958    28.5235    28.5267    35.4857    35.4912    22.5875    22.5906    1537.39    193.059    191.978         37 0.0000e+00
      34835   1451.426     25.829     26.000    28.5274    28.5271   5.746823   5.745519     3.1389     2.6531      70.69   26.25890  -83.80514    0.00018    0.00031     4.4173     4.3911    28.5211    28.5208    35.4656    35.4568    22.5732    22.5667    1537.39    192.920    191.778         37 0.0000e+00
      36339   1514.063     23.842     24.000    28.5305    28.5319   5.742341   5.743437     3.1352     2.6511      72.70   26.27540  -83.85774   -0.00041    0.00086     4.4099     4.3871    28.5198    28.5262    35.4444    35.4499    22.5602    22.5631    1538.35    192.602    191.606         72 0.0000e+00
      38244   1593.456     20.862     21.000    28.4973    28.4971   5.734684   5.734477     3.1323     2.6460      75.40   26.25648  -83.79733    0.00032   -0.00052     4.4062     4.3775    28.4923    28.4921    35.4035    35.4023    22.5356    22.5347    1537.25    192.445    191.192         39 0.0000e+00
      40677   1694.813     11.922     12.000    28.1833    28.1840   5.670501   5.670731     3.0998     2.6263      83.21   25.96283  -82.86010    0.00010    0.00187     4.3566     4.3435    28.1805    28.1811    35.0063    35.0074    22.2803    22.2810    1520.05    190.279    189.706         46 0.0000e+00
      41299   1720.746     10.928     11.000    28.5048    28.5058   5.735095   5.735305     3.1343     2.6503      85.16   26.25894  -83.80514   -0.00068   -0.00021     4.4042     4.3804    28.5022    28.5031    35.4054    35.4061    22.5342    22.5344    1537.39    192.358    191.317         53 0.0000e+00
      41010   1708.692      8.941      9.000    28.1476    28.1489   5.663277   5.663541     3.0978     2.6204      85.92   25.93130  -82.75949    0.00017    0.00072     4.3530     4.3312    28.1455    28.1468    34.9635    34.9643    22.2533    22.2535    1518.21    190.122    189.170         53 0.0000e+00
      41640   1734.948      7.948      8.000    28.5033    28.5050   5.734774   5.735080     3.1379     2.6496      88.10   26.25894  -83.80514    0.00042   -0.00050     4.4093     4.3775    28.5014    28.5031    35.4051    35.4060    22.5343    22.5344    1537.39    192.580    191.189         38 0.0000e+00
      41740   1739.143      6.954      7.000    28.5019    28.5041   5.734626   5.734966     3.1367     2.6518      89.03   26.25894  -83.80514   -0.00048    0.00077     4.4067     4.3814    28.5002    28.5024    35.4054    35.4061    22.5349    22.5347    1537.39    192.467    191.362         38 0.0000e+00
      41847   1743.584      5.961      6.000    28.4984    28.5004   5.734226   5.734574     3.1366     2.6556      90.03   26.25894  -83.80514    0.00006    0.00057     4.4069     4.3888    28.4970    28.4990    35.4056    35.4065    22.5361    22.5361    1537.39    192.475    191.686         31 0.0000e+00
      41785   1741.001      3.974      4.000    28.3263    28.3282   5.699634   5.699932     3.1172     2.6351      91.34   26.10112  -83.30145   -0.00096   -0.00146     4.3777     4.3524    28.3253    28.3273    35.1931    35.1937    22.4010    22.4008    1528.15    191.198    190.096         59 0.0000e+00
      44711   1862.923      1.987      2.000    28.1619    28.1623   5.667524   5.667777     3.1024     2.6300      93.06   25.96083  -82.85364    0.00020   -0.00052     4.3578     4.3451    28.1615    28.1618    35.0032    35.0047    22.2839    22.2849    1519.94    190.330    189.773         50 0.0000e+00
