GOMECC/GOMECC-4/1db/urb2103_0671.cnv
* Sea-Bird SBE 9 Data File:
* FileName = C:\Users\scs.user.rb\CTD\GOMECC4\data\rb2103_0671.hex
* Software Version Seasave V 7.26.7.107
* Temperature SN = 4799
* Conductivity SN = 3860
* Number of Bytes Per Scan = 41
* Number of Voltage Words = 4
* Number of Scans Averaged by the Deck Unit = 1
* NMEA Latitude = 26 03.51 N
* NMEA Longitude = 095 50.44 W
* NMEA UTC (Time) = Oct 03 2021  02:51:18
* NMEA baud rate = 4800
# nquan = 28
# nvalues = 190                         
# units = specified
# name 0 = scan: Scan Count
# name 1 = timeS: Time, Elapsed [seconds]
# name 2 = depSM: Depth [salt water, m]
# name 3 = prDM: Pressure, Digiquartz [db]
# name 4 = t090C: Temperature [ITS-90, deg C]
# name 5 = t190C: Temperature, 2 [ITS-90, deg C]
# name 6 = c0S/m: Conductivity [S/m]
# name 7 = c1S/m: Conductivity, 2 [S/m]
# name 8 = sbeox0V: Oxygen raw, SBE 43 [V]
# name 9 = sbeox1V: Oxygen raw, SBE 43, 2 [V]
# name 10 = altM: Altimeter [m]
# name 11 = latitude: Latitude [deg]
# name 12 = longitude: Longitude [deg]
# name 13 = sbox0dV/dT: Oxygen, SBE 43 [dov/dt]
# name 14 = sbox1dV/dT: Oxygen, SBE 43, 2 [dov/dt]
# name 15 = sbeox0ML/L: Oxygen, SBE 43 [ml/l], WS = 5
# name 16 = sbeox1ML/L: Oxygen, SBE 43, 2 [ml/l], WS = 5
# name 17 = potemp090C: Potential Temperature [ITS-90, deg C]
# name 18 = potemp190C: Potential Temperature, 2 [ITS-90, deg C]
# name 19 = sal00: Salinity, Practical [PSU]
# name 20 = sal11: Salinity, Practical, 2 [PSU]
# name 21 = sigma-é00: Density [sigma-theta, kg/m^3]
# name 22 = sigma-é11: Density, 2 [sigma-theta, kg/m^3]
# name 23 = avgsvCM: Average Sound Velocity [Chen-Millero, m/s], minP = 20, minS = 20
# name 24 = sbox0Mm/Kg: Oxygen, SBE 43 [umol/kg], WS = 5
# name 25 = sbox1Mm/Kg: Oxygen, SBE 43, 2 [umol/kg], WS = 5
# name 26 = nbin: number of scans per bin
# name 27 = flag: flag
# span 0 =      55443,     121134       
# span 1 =   2310.079,   5047.188       
# span 2 =      0.993,   1114.663       
# span 3 =      1.000,   1125.000       
# span 4 =     4.8602,    29.2897       
# span 5 =     4.8565,    29.4194       
# span 6 =   3.377899,   5.842276       
# span 7 =   3.377597,   5.842608       
# span 8 =     1.5778,     3.3491       
# span 9 =     1.2820,     2.8745       
# span 10 =      11.91,     102.01      
# span 11 =   25.18538,   26.20037      
# span 12 =  -96.35436,  -92.62166      
# span 13 =   -0.00980,    0.02870      
# span 14 =   -0.02930,    0.02647      
# span 15 =     2.3990,     4.9439      
# span 16 =     2.4203,     4.9726      
# span 17 =     4.7659,    29.2858      
# span 18 =     4.7622,    29.4179      
# span 19 =    34.1213,    36.4806      
# span 20 =    34.1192,    36.4811      
# span 21 =    21.4600,    27.6571      
# span 22 =    21.4607,    27.6570      
# span 23 =    1448.47,    1506.84      
# span 24 =    104.314,    215.608      
# span 25 =    105.237,    216.889      
# span 26 =         30,         73      
# span 27 = 0.0000e+00, 0.0000e+00      
# interval = decibars: 1                
# start_time = Oct 03 2021 02:51:18 [NMEA time, header]
# bad_flag = -9.990e-29
*END*
[from data line 156]
     105339   4389.090     68.540     69.000    22.4132    22.4420   5.202759   5.206250     2.9050     2.4823     100.00   26.06024  -95.83976    0.00012   -0.00095     4.4639     4.4908    22.3993    22.4281    36.2600    36.2633    25.0623    25.0567    1498.79    194.483    195.657         44 0.0000e+00
     105383   4390.919     67.546     68.000    22.4550    22.5126   5.206892   5.213240     2.9078     2.4813     100.00   26.06024  -95.83976   -0.00056   -0.00330     4.4656     4.4826    22.4413    22.4988    36.2579    36.2597    25.0488    25.0337    1498.79    194.561    195.303         45 0.0000e+00
     105431   4392.912     66.553     67.000    22.5561    22.5366   5.217143   5.215146     2.9279     2.5022     100.00   26.06024  -95.83976    0.00581    0.00520     4.4975     4.5270    22.5425    22.5231    36.2544    36.2550    25.0172    25.0232    1498.79    195.958    197.242         51 0.0000e+00
     105482   4395.037     65.560     66.000    22.6936    22.5576   5.231823   5.217389     2.9493     2.5145     100.00   26.06024  -95.83976    0.01041    0.00898     4.5288     4.5479    22.6802    22.5444    36.2552    36.2584    24.9783    25.0203    1498.79    197.327    198.155         44 0.0000e+00
     105526   4396.879     64.567     65.000    22.7183    22.8079   5.234528   5.245128     2.9518     2.5216     100.00   26.06024  -95.83976    0.00646    0.00482     4.5312     4.5473    22.7050    22.7946    36.2562    36.2645    24.9719    24.9524    1498.79    197.433    198.139         41 0.0000e+00
     105617   4400.685     63.574     64.000    22.8087    23.0278   5.242784   5.270554     2.9469     2.5103     100.00   26.06024  -95.83976    0.00070   -0.00088     4.5131     4.5043    22.7957    23.0147    36.2459    36.2795    24.9379    24.8998    1498.79    196.653    196.275         30 0.0000e+00
     105709   4404.505     62.580     63.000    23.0197    23.1484   5.269954   5.284582     2.9454     2.5025     100.00   26.06027  -95.83976    0.00061   -0.00322     4.4908     4.4756    23.0068    23.1354    36.2827    36.2900    24.9049    24.8732    1498.79    195.686    195.030         36 0.0000e+00
     105826   4409.356     61.587     62.000    23.1037    23.2291   5.278522   5.292486     2.9401     2.5129     100.00   26.06026  -95.83974   -0.00083    0.00311     4.4721     4.4926    23.0891    23.2163    36.2816    36.2845    24.8801    24.8453    1498.79    194.877    195.773         46 0.0000e+00
     105933   4413.835     60.594     61.000    23.1897    23.3297   5.288310   5.303665     2.9433     2.5150     100.00   26.06026  -95.83974    0.00031    0.00163     4.4710     4.4894    23.1768    23.3171    36.2853    36.2884    24.8574    24.8190    1498.79    194.831    195.641         38 0.0000e+00
     107691   4487.101     56.621     57.000    23.7351    23.7273   5.344693   5.344546     3.0560     2.6090     100.00   26.05990  -95.83824    0.00828    0.00636     4.6480     4.6616    23.7224    23.7153    36.2722    36.2769    24.6872    24.6929    1498.77    202.580    203.171         65 0.0000e+00
     107773   4490.518     55.628     56.000    23.7813    23.7349   5.350326   5.345583     3.0620     2.6178     100.00   26.06030  -95.83970    0.00278    0.00301     4.6556     4.6784    23.7694    23.7231    36.2778    36.2788    24.6776    24.6921    1498.79    202.912    203.906         40 0.0000e+00
     107834   4493.049     54.635     55.000    23.9092    23.8854   5.364894   5.362153     3.0715     2.6229     100.00   26.06030  -95.83970    0.00185    0.00025     4.6624     4.6783    23.8976    23.8738    36.2844    36.2829    24.6446    24.6505    1498.79    203.217    203.908         48 0.0000e+00
     107888   4495.271     53.642     54.000    23.9953    23.9212   5.374372   5.366658     3.0845     2.6294     100.00   26.06030  -95.83970    0.00564    0.00319     4.6802     4.6884    23.9839    23.9099    36.2866    36.2884    24.6206    24.6440    1498.79    203.994    204.350         62 0.0000e+00
     107951   4497.919     52.648     53.000    23.9890    24.0147   5.373501   5.375836     3.0905     2.6438     100.00   26.06030  -95.83970    0.00339    0.00394     4.6921     4.7122    23.9778    24.0035    36.2854    36.2822    24.6215    24.6114    1498.79    204.515    205.390         56 0.0000e+00
     107998   4499.881     51.655     52.000    24.0817    24.0733   5.382636   5.381933     3.1053     2.6594     100.00   26.06030  -95.83970    0.00380    0.00716     4.7127     4.7408    24.0707    24.0623    36.2797    36.2812    24.5895    24.5931    1498.79    205.418    206.644         45 0.0000e+00
     108055   4502.250     50.662     51.000    24.0852    24.1159   5.383483   5.386636     3.1216     2.6732     100.00   26.06030  -95.83970    0.00797    0.00702     4.7452     4.7670    24.0744    24.1051    36.2820    36.2825    24.5901    24.5814    1498.79    206.835    207.787         68 0.0000e+00
     108113   4504.659     49.669     50.000    24.1935    24.1631   5.394344   5.391959     3.1295     2.6788      90.70   26.06030  -95.83970    0.00339    0.00278     4.7498     4.7744    24.1829    24.1525    36.2780    36.2848    24.5546    24.5689    1498.79    207.043    208.114         38 0.0000e+00
     108213   4508.817     48.675     49.000    24.2388    24.4085   5.399159   5.417628     3.1408     2.7004      92.43   26.06030  -95.83970   -0.00027    0.00356     4.7676     4.8042    24.2284    24.3980    36.2739    36.2800    24.5379    24.4915    1498.79    207.821    209.425         35 0.0000e+00
     110907   4621.079     37.749     38.000    25.6936    25.9730   5.551501   5.574492     3.2988     2.8417      89.12   26.13076  -96.09856    0.00109    0.00441     4.9439     4.9726    25.6891    25.9645    36.2891    36.2397    24.1160    23.9929    1502.84    215.608    216.889         54 0.0000e+00
     110468   4602.783     35.763     36.000    26.1784    26.6639   5.583201   5.624053     3.3145     2.8458      64.83   25.98349  -95.55697    0.00385    0.00104     4.9298     4.9175    26.1764    26.6556    36.0581    35.9673    23.7657    23.5419    1494.37    215.044    214.550         42 0.0000e+00
     110938   4622.361     34.769     35.000    26.8288    27.2189   5.646108   5.682613     3.3491     2.8745      96.12   26.06036  -95.83966    0.00341    0.00203     4.9376     4.9364    26.8208    27.2108    36.0461    36.0052    23.5630    23.4072    1498.79    215.436    215.416         37 0.0000e+00
     112550   4689.545     31.789     32.000    28.2090    28.9132   5.777773   5.828688     3.3201     2.7478      68.12   26.11536  -96.04182   -0.00613   -0.02930     4.7696     4.5528    28.2014    28.9055    35.9558    35.7613    23.0586    22.6745    1501.95    208.218    198.822         37 0.0000e+00
     112247   4676.912     26.822     27.000    28.9516    29.0422   5.805164   5.810634     3.1590     2.6683      95.17   25.92239  -95.33209   -0.00075   -0.00003     4.4117     4.3752    28.9450    29.0356    35.4627    35.4334    22.4009    22.3484    1490.85    192.686    191.103         31 0.0000e+00
     112975   4707.264     25.829     26.000    29.1739    29.2088   5.839694   5.841275     3.1605     2.6736      98.08   26.06040  -95.83963   -0.00210   -0.00204     4.4024     4.3794    29.1676    29.2025    35.6260    35.6109    22.4779    22.4548    1498.79    192.290    191.288         41 0.0000e+00
     114493   4770.481     23.843     24.000    29.2544    29.2555   5.842276   5.842608     3.1487     2.6676     100.02   26.06659  -95.86238   -0.00041    0.00025     4.3751     4.3638    29.2486    29.2496    35.5885    35.5900    22.4239    22.4246    1499.15    191.107    190.614         42 0.0000e+00
     114520   4771.613     17.882     18.000    29.1187    29.1101   5.799359   5.797203     3.1232     2.6448      97.25   25.91759  -95.31442   -0.00041   -0.00057     4.3370     4.3215    29.1143    29.1057    35.3393    35.2903    22.2540    22.2163    1490.58    189.455    188.779         51 0.0000e+00
     115283   4803.429     16.889     17.000    29.2735    29.2986   5.828248   5.826164     3.1386     2.6611     100.01   26.06040  -95.83960   -0.00100   -0.00012     4.3539     4.3472    29.2694    29.2945    35.4765    35.4431    22.3315    22.2979    1498.79    190.197    189.911         42 0.0000e+00
     115398   4808.223     15.895     16.000    29.2897    29.3140   5.824780   5.822464     3.1385     2.6583     100.00   26.06040  -95.83962   -0.00014   -0.00024     4.3528     4.3410    29.2858    29.3101    35.4432    35.4047    22.3010    22.2638    1498.79    190.156    189.646         47 0.0000e+00
     115409   4808.654     11.921     12.000    28.8938    28.8331   5.717142   5.716154     3.0883     2.6174      98.49   25.65275  -94.34047   -0.00061   -0.00046     4.2920     4.2761    28.8909    28.8302    34.8403    34.7659    21.9053    21.8590    1475.35    187.518    186.824         35 0.0000e+00
     118795   4949.732      5.961      6.000    29.2802    29.4194   5.833383   5.832901     3.1526     2.6761     100.54   26.20037  -96.35436   -0.00108   -0.00024     4.3500     4.3721    29.2787    29.4179    35.3236    35.4952    22.2163    22.3253    1506.84    190.053    191.018         46 0.0000e+00
     114381   4765.850      3.974      4.000    28.2831    28.2766   5.607410   5.606400     3.0344     2.5916      96.64   25.18538  -92.62166   -0.00016   -0.00011     4.2081     4.2335    28.2822    28.2756    34.1213    34.1192    21.4600    21.4607    1448.47    183.853    184.961         33 0.0000e+00
     118485   4936.825      2.980      3.000    29.2584    29.2583   5.800924   5.801048     3.1402     2.6584      81.46   26.06040  -95.83962   -0.00010   -0.00087     4.3550     4.3409    29.2577    29.2576    35.3036    35.3045    22.2056    22.2063    1498.79    190.269    189.651         73 0.0000e+00
     120866   5036.044      1.987      2.000    29.2626    29.2640   5.801893   5.802164     3.1388     2.6611      60.37   26.06040  -95.83960   -0.00013    0.00009     4.3516     4.3452    29.2621    29.2636    35.3075    35.3083    22.2070    22.2071    1498.79    190.122    189.839         36 0.0000e+00
     121134   5047.188      0.993      1.000    29.2587    29.2603   5.801464   5.801820     3.1389     2.6644      56.10   26.06040  -95.83960 -6.805e-07    0.00113     4.3514     4.3515    29.2584    29.2601    35.3077    35.3089    22.2084    22.2088    1498.79    190.110    190.116         44 0.0000e+00
