GOMECC/GOMECC-4/1db/urb2103_0401.cnv
* Sea-Bird SBE 9 Data File:
* FileName = C:\Users\scs.user.rb\CTD\GOMECC4\data\rb2103_0401.hex
* Software Version Seasave V 7.26.7.107
* Temperature SN = 4799
* Conductivity SN = 3860
* Number of Bytes Per Scan = 41
* Number of Voltage Words = 4
* Number of Scans Averaged by the Deck Unit = 1
* NMEA Latitude = 27 54.62 N
* NMEA Longitude = 090 00.08 W
* NMEA UTC (Time) = Sep 25 2021  23:21:03
* NMEA baud rate = 4800
# nquan = 28
# nvalues = 233                         
# units = specified
# name 0 = scan: Scan Count
# name 1 = timeS: Time, Elapsed [seconds]
# name 2 = depSM: Depth [salt water, m]
# name 3 = prDM: Pressure, Digiquartz [db]
# name 4 = t090C: Temperature [ITS-90, deg C]
# name 5 = t190C: Temperature, 2 [ITS-90, deg C]
# name 6 = c0S/m: Conductivity [S/m]
# name 7 = c1S/m: Conductivity, 2 [S/m]
# name 8 = sbeox0V: Oxygen raw, SBE 43 [V]
# name 9 = sbeox1V: Oxygen raw, SBE 43, 2 [V]
# name 10 = altM: Altimeter [m]
# name 11 = latitude: Latitude [deg]
# name 12 = longitude: Longitude [deg]
# name 13 = sbox0dV/dT: Oxygen, SBE 43 [dov/dt]
# name 14 = sbox1dV/dT: Oxygen, SBE 43, 2 [dov/dt]
# name 15 = sbeox0ML/L: Oxygen, SBE 43 [ml/l], WS = 5
# name 16 = sbeox1ML/L: Oxygen, SBE 43, 2 [ml/l], WS = 5
# name 17 = potemp090C: Potential Temperature [ITS-90, deg C]
# name 18 = potemp190C: Potential Temperature, 2 [ITS-90, deg C]
# name 19 = sal00: Salinity, Practical [PSU]
# name 20 = sal11: Salinity, Practical, 2 [PSU]
# name 21 = sigma-é00: Density [sigma-theta, kg/m^3]
# name 22 = sigma-é11: Density, 2 [sigma-theta, kg/m^3]
# name 23 = avgsvCM: Average Sound Velocity [Chen-Millero, m/s], minP = 20, minS = 20
# name 24 = sbox0Mm/Kg: Oxygen, SBE 43 [umol/kg], WS = 5
# name 25 = sbox1Mm/Kg: Oxygen, SBE 43, 2 [umol/kg], WS = 5
# name 26 = nbin: number of scans per bin
# name 27 = flag: flag
# span 0 =      37806,      92564       
# span 1 =   1575.218,   3856.793       
# span 2 =      1.987,    670.417       
# span 3 =      2.000,    676.000       
# span 4 =     6.7252,    29.6946       
# span 5 =     6.7255,    29.6943       
# span 6 =   3.525305,   6.090194       
# span 7 =   3.525251,   6.097052       
# span 8 =     1.5988,     3.2719       
# span 9 =     1.3023,     2.7786       
# span 10 =      10.64,     101.77      
# span 11 =   27.69997,   29.09260      
# span 12 =  -93.80494,  -89.31510      
# span 13 =   -0.01011,    0.01574      
# span 14 =   -0.01078,    0.01396      
# span 15 =     2.5594,     4.5762      
# span 16 =     2.5854,     4.5739      
# span 17 =     6.6615,    29.6941      
# span 18 =     6.6615,    29.6938      
# span 19 =    34.9110,    37.7013      
# span 20 =    34.9100,    37.7495      
# span 21 =    22.9695,    27.3953      
# span 22 =    22.9694,    27.3946      
# span 23 =    1497.56,    1572.84      
# span 24 =    111.278,    199.754      
# span 25 =    112.409,    199.650      
# span 26 =         30,         73      
# span 27 = 0.0000e+00, 0.0000e+00      
# interval = decibars: 1                
# start_time = Sep 25 2021 23:21:03 [NMEA time, header]
# bad_flag = -9.990e-29
*END*
[from data line 104]
      54058   2252.370    279.935    282.000    14.3420    14.3456   4.333656   4.333929     1.8902     1.5689      91.81   27.91399  -90.00873    0.00278    0.00253     2.9016     2.9317    14.3002    14.3038    35.8702    35.8693    26.7959    26.7945    1509.21    126.205    127.513         30 0.0000e+00
      54870   2286.202    248.189    250.000    15.3319    15.3525   4.449215   4.451463     1.9728     1.6460      99.87   27.91244  -90.00368    0.00464    0.00478     3.0246     3.0598    15.2931    15.3137    36.0303    36.0318    26.7013    26.6979    1509.13    131.566    133.096         30 0.0000e+00
      54997   2291.481    243.228    245.000    15.6433    15.6484   4.486445   4.486687     2.0025     1.6728     100.00   27.91331  -90.00647    0.00604    0.00523     3.0726     3.1084    15.6047    15.6098    36.0843    36.0818    26.6727    26.6696    1509.18    133.658    135.216         30 0.0000e+00
      55140   2297.451    237.275    239.000    15.8915    15.9126   4.515419   4.517964     2.0496     1.7150      96.07   27.90839  -89.99059    0.00737    0.00591     3.1655     3.1985    15.8535    15.8746    36.1189    36.1232    26.6421    26.6407    1508.91    137.702    139.136         30 0.0000e+00
      55290   2303.705    233.306    235.000    15.9418    15.9465   4.521213   4.521789     2.0485     1.7126      99.99   27.91146  -90.00043   -0.00139   -0.00148     3.1577     3.1882    15.9043    15.9090    36.1277    36.1288    26.6374    26.6373    1509.07    137.364    138.692         53 0.0000e+00
      55347   2306.085    232.314    234.000    15.9336    15.9334   4.520279   4.520229     2.0481     1.7125     100.00   27.91230  -90.00314   -0.00092   -0.00074     3.1569     3.1885    15.8963    15.8961    36.1275    36.1273    26.6392    26.6391    1509.12    137.328    138.702         51 0.0000e+00
      55423   2309.270    231.322    233.000    15.9363    15.9174   4.520227   4.518250     2.0481     1.7132     100.00   27.91230  -90.00316   -0.00004    0.00008     3.1561     3.1911    15.8992    15.8803    36.1271    36.1244    26.6383    26.6406    1509.12    137.294    138.815         43 0.0000e+00
      55497   2312.325    230.329    232.000    15.9441    15.9505   4.521442   4.521997     2.0477     1.7113     100.00   27.91231  -90.00316   -0.00039   -0.00026     3.1545     3.1835    15.9072    15.9135    36.1288    36.1283    26.6377    26.6359    1509.12    137.224    138.486         40 0.0000e+00
      55584   2315.946    229.337    231.000    15.9721    15.9745   4.524785   4.524591     2.0398     1.6925      91.72   27.91232  -90.00316   -0.00195   -0.00636     3.1342     3.1327    15.9353    15.9376    36.1332    36.1300    26.6347    26.6317    1509.12    136.340    136.278         54 0.0000e+00
      56243   2343.427    228.345    230.000    16.0647    16.0701   4.535251   4.535925     1.9921     1.6570      99.96   27.91236  -90.00318   -0.00209   -0.00169     3.0135     3.0340    16.0278    16.0333    36.1437    36.1448    26.6214    26.6209    1509.12    131.092    131.985         48 0.0000e+00
      56907   2371.064    226.360    228.000    16.1241    16.1356   4.541644   4.542887     1.9537     1.6242      99.98   27.90754  -89.98754   -0.00081   -0.00116     2.9178     2.9443    16.0874    16.0989    36.1466    36.1464    26.6094    26.6066    1508.86    126.933    128.083         65 0.0000e+00
      56974   2373.876    225.368    227.000    16.1572    16.1739   4.545872   4.548001     1.9538     1.6247     100.00   27.91240  -90.00320   -0.00017   -0.00051     2.9154     2.9426    16.1207    16.1373    36.1555    36.1594    26.6090    26.6081    1509.12    126.826    128.012         47 0.0000e+00
      57016   2375.608    224.376    226.000    16.2218    16.2373   4.554024   4.555498     1.9571     1.6308     100.00   27.91240  -90.00320    0.00046    0.00136     2.9191     2.9547    16.1864    16.2009    36.1689    36.1715    26.6040    26.6026    1509.12    126.987    128.537         35 0.0000e+00
      57047   2376.932    223.383    225.000    16.2729    16.2860   4.560346   4.561964     1.9648     1.6415     100.00   27.91240  -90.00320    0.00241    0.00402     2.9332     2.9781    16.2365    16.2496    36.1802    36.1827    26.6010    26.5999    1509.12    127.601    129.556         30 0.0000e+00
      58187   2424.409    179.718    181.000    17.3945    17.4109   4.695273   4.697126     2.1766     1.8295      98.81   27.91477  -90.01067    0.00955    0.00849     3.3302     3.3636    17.3638    17.3802    36.3722    36.3736    26.4803    26.4774    1509.24    144.888    146.343         31 0.0000e+00
      58213   2425.505    178.726    180.000    17.3845    17.4356   4.693938   4.699889     2.1840     1.8385     100.02   27.91246  -90.00322    0.00899    0.00853     3.3475     3.3841    17.3541    17.4051    36.3690    36.3749    26.4800    26.4721    1509.12    145.642    147.234         30 0.0000e+00
      58879   2453.267    154.905    156.000    18.0493    18.0551   4.774034   4.775110     2.2562     1.8980     100.04   27.92418  -90.04090    0.00131    0.00033     3.4523     3.4782    18.0222    18.0280    36.4830    36.4849    26.4042    26.4041    1509.75    150.216    151.344         52 0.0000e+00
      58932   2455.467    153.913    155.000    18.0368    18.0448   4.771799   4.772728     2.2562     1.8992     100.00   27.91250  -90.00324    0.00032    0.00048     3.4529     3.4813    18.0099    18.0179    36.4675    36.4683    26.3941    26.3927    1509.12    150.242    151.479         47 0.0000e+00
      59038   2459.863    152.920    154.000    18.0641    18.0334   4.775052   4.771170     2.2585     1.8995     100.00   27.91250  -90.00324    0.00036   -0.00018     3.4556     3.4826    18.0374    18.0067    36.4717    36.4654    26.3905    26.3933    1509.12    150.359    151.532         38 0.0000e+00
      59360   2473.275    150.935    152.000    18.1497    18.1507   4.788963   4.789088     2.2659     1.9074      90.21   27.95446  -90.13853    0.00056    0.00079     3.4647     3.4927    18.1232    18.1243    36.5336    36.5328    26.4210    26.4200    1511.39    150.755    151.976         34 0.0000e+00
      60557   2523.152    148.949    150.000    18.1885    18.1868   4.791238   4.791652     2.2648     1.9082     100.04   27.92333  -90.03803   -0.00004    0.00041     3.4588     3.4911    18.1623    18.1606    36.5032    36.4999    26.3846    26.3821    1509.70    150.503    151.905         54 0.0000e+00
      60800   2533.291    147.957    149.000    18.1940    18.1854   4.790524   4.789632     2.2650     1.9069     100.00   27.91256  -90.00328    0.00019    0.00007     3.4584     3.4877    18.1680    18.1594    36.4901    36.4902    26.3719    26.3742    1509.12    150.485    151.758         49 0.0000e+00
      60867   2536.071    146.964    148.000    18.1929    18.1869   4.790403   4.790120     2.2645     1.9074     100.00   27.91255  -90.00328   -0.00013    0.00022     3.4570     3.4883    18.1671    18.1611    36.4903    36.4901    26.3723    26.3737    1509.12    150.422    151.784         50 0.0000e+00
      60934   2538.876    145.971    147.000    18.2069    18.2247   4.791972   4.794241     2.2660     1.9101     100.00   27.91256  -90.00328    0.00038    0.00083     3.4590     3.4927    18.1812    18.1990    36.4918    36.4952    26.3699    26.3681    1509.12    150.510    151.976         58 0.0000e+00
      60990   2541.196    144.979    146.000    18.2507    18.2524   4.796803   4.797240     2.2669     1.9111     100.00   27.91256  -90.00328    0.00032    0.00082     3.4570     3.4915    18.2219    18.2271    36.4972    36.4970    26.3638    26.3626    1509.12    150.425    151.926         30 0.0000e+00
      61059   2544.101    142.993    144.000    18.3294    18.3298   4.807185   4.807282     2.2735     1.9150      91.01   27.91664  -90.01645    0.00186    0.00081     3.4653     3.4953    18.3042    18.3045    36.5154    36.5158    26.3576    26.3578    1509.34    150.786    152.092         34 0.0000e+00
      61086   2545.195    142.001    143.000    18.3466    18.3511   4.808973   4.809494     2.2771     1.9181      98.42   27.91256  -90.00330    0.00255    0.00192     3.4714     3.5010    18.3215    18.3259    36.5139    36.5145    26.3517    26.3510    1509.12    151.051    152.341         36 0.0000e+00
      61120   2546.627    141.008    142.000    18.3849    18.3856   4.813524   4.813651     2.2809     1.9223     100.03   27.91256  -90.00330    0.00259    0.00250     3.4768     3.5084    18.3599    18.3607    36.5192    36.5196    26.3460    26.3462    1509.12    151.287    152.665         32 0.0000e+00
      61156   2548.111    140.015    141.000    18.4087    18.4084   4.816593   4.816628     2.2865     1.9281     100.00   27.91256  -90.00330    0.00297    0.00307     3.4872     3.5204    18.3839    18.3836    36.5246    36.5251    26.3441    26.3446    1509.12    151.740    153.186         38 0.0000e+00
      61192   2549.620    139.023    140.000    18.4585    18.4530   4.822050   4.821549     2.2918     1.9333     100.00   27.91256  -90.00330    0.00361    0.00368     3.4950     3.5295    18.4339    18.4283    36.5271    36.5279    26.3334    26.3354    1509.12    152.080    153.583         38 0.0000e+00
      61239   2551.601    138.030    139.000    18.4726    18.4765   4.823972   4.824103     2.2949     1.9327      99.97   27.91256  -90.00330    0.00267    0.00177     3.5002     3.5261    18.4481    18.4519    36.5310    36.5290    26.3328    26.3303    1509.12    152.307    153.438         58 0.0000e+00
      61290   2553.725    137.038    138.000    18.4692    18.4669   4.823658   4.823267     2.2949     1.9336     100.00   27.91256  -90.00330    0.00061   -0.00048     3.4998     3.5277    18.4448    18.4426    36.5325    36.5307    26.3348    26.3340    1509.12    152.292    153.507         34 0.0000e+00
      61321   2555.003    136.045    137.000    18.5701    18.5801   4.834287   4.835823     2.2954     1.9347      98.68   27.91256  -90.00330    0.00011    0.00069     3.4934     3.5224    18.5459    18.5568    36.5347    36.5345    26.3109    26.3073    1509.12    152.016    153.277         31 0.0000e+00
      61357   2556.517    135.052    136.000    18.6104    18.6157   4.838415   4.838929     2.2868     1.9219      83.86   27.91256  -90.00330   -0.00119   -0.00164     3.4712     3.4891    18.5863    18.5916    36.5329    36.5325    26.2992    26.2975    1509.12    151.050    151.829         42 0.0000e+00
      61402   2558.378    134.059    135.000    18.6170    18.6274   4.839052   4.839901     2.2650     1.8983     100.42   27.91256  -90.00330   -0.00859   -0.01013     3.4221     3.4305    18.5931    18.6034    36.5328    36.5308    26.2974    26.2933    1509.12    148.915    149.282         43 0.0000e+00
      61441   2559.990    133.066    134.000    18.6383    18.6469   4.841002   4.841845     2.2538     1.8872      95.80   27.91256  -90.00330   -0.01011   -0.01078     3.3954     3.4021    18.6145    18.6231    36.5308    36.5304    26.2905    26.2880    1509.12    147.753    148.044         36 0.0000e+00
      61477   2561.509    132.074    133.000    18.7283    18.7323   4.851085   4.851365     2.2427     1.8773      65.49   27.91256  -90.00330   -0.00751   -0.00725     3.3641     3.3719    18.7046    18.7086    36.5370    36.5357    26.2722    26.2702    1509.12    146.395    146.734         37 0.0000e+00
      61528   2563.640    131.081    132.000    18.7887    18.7618   4.857857   4.854825     2.2197     1.8571      99.25   27.91256  -90.00330   -0.00881   -0.00769     3.3037     3.3209    18.7652    18.7383    36.5415    36.5393    26.2602    26.2654    1509.12    143.767    144.518         43 0.0000e+00
      61604   2566.782    130.089    131.000    18.7407    18.7534   4.852524   4.853587     2.2038     1.8542      74.75   27.91256  -90.00331   -0.00672   -0.00247     3.2766     3.3136    18.7174    18.7300    36.5386    36.5367    26.2702    26.2655    1509.12    142.586    144.200         65 0.0000e+00
      61676   2569.793    129.096    130.000    18.7144    18.7399   4.848747   4.852380     2.2101     1.8522     101.77   27.91258  -90.00332    0.00101   -0.00023     3.2918     3.3093    18.6916    18.7167    36.5307    36.5388    26.2707    26.2705    1509.12    143.251    144.010         52 0.0000e+00
      61755   2573.082    128.103    129.000    18.7433    18.7422   4.852357   4.852376     2.2168     1.8624     100.00   27.91257  -90.00332    0.00188    0.00296     3.3047     3.3336    18.7203    18.7192    36.5359    36.5371    26.2674    26.2685    1509.12    143.809    145.066         61 0.0000e+00
      61832   2576.309    127.110    128.000    18.8881    18.8989   4.868045   4.869063     2.1861     1.8279     100.00   27.91257  -90.00332   -0.00666   -0.00804     3.2313     3.2397    18.8652    18.8765    36.5419    36.5390    26.2349    26.2297    1509.12    140.621    140.985         48 0.0000e+00
      62030   2584.530    125.125    126.000    18.8910    18.9176   4.868285   4.871071     2.1754     1.8215      97.94   27.91460  -90.00982    0.00375    0.00546     3.2063     3.2277    18.8684    18.8951    36.5424    36.5416    26.2347    26.2271    1509.23    139.535    140.466         56 0.0000e+00
      62778   2615.719    124.132    125.000    19.1418    19.1618   4.897849   4.900273     2.1852     1.8299      92.26   27.91260  -90.00335   -0.00070   -0.00050     3.2069     3.2274    19.1192    19.1392    36.5688    36.5714    26.1899    26.1867    1509.12    139.566    140.457         36 0.0000e+00
      63448   2643.645    123.139    124.000    19.2511    19.2786   4.910971   4.914769     2.1998     1.8461      99.14   27.91262  -90.00338   -0.00112   -0.00036     3.2293     3.2573    19.2287    19.2561    36.5830    36.5903    26.1726    26.1710    1509.12    140.544    141.761         43 0.0000e+00
      63593   2649.654    122.146    123.000    19.3026    19.2758   4.916712   4.914207     2.2002     1.8436      97.42   27.91263  -90.00338   -0.00016   -0.00128     3.2275     3.2515    19.2804    19.2534    36.5860    36.5888    26.1614    26.1705    1509.12    140.466    141.507         39 0.0000e+00
      63652   2652.124    121.154    122.000    19.3588    19.3637   4.923468   4.924000     2.2010     1.8451     100.13   27.91262  -90.00338    0.00002   -0.00011     3.2254     3.2491    19.3366    19.3415    36.5958    36.5938    26.1543    26.1515    1509.12    140.374    141.408         49 0.0000e+00
      63732   2655.439    120.161    121.000    19.3904    19.4030   4.927825   4.929158     2.2086     1.8560      99.80   27.91262  -90.00338    0.00228    0.00340     3.2393     3.2721    19.3683    19.3809    36.6027    36.6027    26.1513    26.1480    1509.12    140.979    142.409         49 0.0000e+00
      63777   2657.327    119.168    120.000    19.4280    19.4411   4.931758   4.933409     2.2107     1.8573     100.00   27.91262  -90.00338    0.00146    0.00139     3.2409     3.2721    19.4051    19.4192    36.6036    36.6051    26.1424    26.1398    1509.12    141.051    142.409         33 0.0000e+00
      63809   2658.681    118.175    119.000    19.6200    19.6072   4.955003   4.953315     2.2176     1.8630     100.00   27.91262  -90.00338    0.00181    0.00140     3.2460     3.2783    19.6012    19.5854    36.6259    36.6257    26.1080    26.1120    1509.12    141.278    142.683         35 0.0000e+00
      63853   2660.503    117.183    118.000    19.6264    19.6425   4.955861   4.957356     2.2283     1.8726     100.00   27.91263  -90.00338    0.00478    0.00418     3.2649     3.2953    19.6046    19.6208    36.6304    36.6282    26.1105    26.1046    1509.12    142.098    143.423         50 0.0000e+00
