GOMECC/GOMECC-4/1db/urb2103_0091.cnv
* Sea-Bird SBE 9 Data File:
* FileName = C:\Users\scs.user.rb\CTD\GOMECC4\data\rb2103_0091.hex
* Software Version Seasave V 7.26.7.107
* Temperature SN = 4799
* Conductivity SN = 3860
* Number of Bytes Per Scan = 41
* Number of Voltage Words = 4
* Number of Scans Averaged by the Deck Unit = 1
* NMEA Latitude = 26 00.03 N
* NMEA Longitude = 085 59.98 W
* NMEA UTC (Time) = Sep 17 2021  12:33:51
* NMEA baud rate = 4800
# nquan = 28
# nvalues = 759                         
# units = specified
# name 0 = scan: Scan Count
# name 1 = timeS: Time, Elapsed [seconds]
# name 2 = depSM: Depth [salt water, m]
# name 3 = prDM: Pressure, Digiquartz [db]
# name 4 = t090C: Temperature [ITS-90, deg C]
# name 5 = t190C: Temperature, 2 [ITS-90, deg C]
# name 6 = c0S/m: Conductivity [S/m]
# name 7 = c1S/m: Conductivity, 2 [S/m]
# name 8 = sbeox0V: Oxygen raw, SBE 43 [V]
# name 9 = sbeox1V: Oxygen raw, SBE 43, 2 [V]
# name 10 = altM: Altimeter [m]
# name 11 = latitude: Latitude [deg]
# name 12 = longitude: Longitude [deg]
# name 13 = sbox0dV/dT: Oxygen, SBE 43 [dov/dt]
# name 14 = sbox1dV/dT: Oxygen, SBE 43, 2 [dov/dt]
# name 15 = sbeox0ML/L: Oxygen, SBE 43 [ml/l], WS = 5
# name 16 = sbeox1ML/L: Oxygen, SBE 43, 2 [ml/l], WS = 5
# name 17 = potemp090C: Potential Temperature [ITS-90, deg C]
# name 18 = potemp190C: Potential Temperature, 2 [ITS-90, deg C]
# name 19 = sal00: Salinity, Practical [PSU]
# name 20 = sal11: Salinity, Practical, 2 [PSU]
# name 21 = sigma-é00: Density [sigma-theta, kg/m^3]
# name 22 = sigma-é11: Density, 2 [sigma-theta, kg/m^3]
# name 23 = avgsvCM: Average Sound Velocity [Chen-Millero, m/s], minP = 20, minS = 20
# name 24 = sbox0Mm/Kg: Oxygen, SBE 43 [umol/kg], WS = 5
# name 25 = sbox1Mm/Kg: Oxygen, SBE 43, 2 [umol/kg], WS = 5
# name 26 = nbin: number of scans per bin
# name 27 = flag: flag
# span 0 =     107364,     238919       
# span 1 =   4473.439,   9954.924       
# span 2 =      1.987,   3221.809       
# span 3 =      2.000,   3268.000       
# span 4 =     4.2864,    29.2968       
# span 5 =     4.2868,    29.2995       
# span 6 =   3.343186,   5.930560       
# span 7 =   3.343037,   5.930955       
# span 8 =     1.6153,     3.2646       
# span 9 =     1.3204,     2.7969       
# span 10 =      17.73,     101.57      
# span 11 =   24.85797,   26.27387      
# span 12 =  -86.93548,  -82.25065      
# span 13 =   -0.01761,    0.05182      
# span 14 =   -0.01414,    0.05087      
# span 15 =     2.5117,     4.8138      
# span 16 =     2.5434,     4.8424      
# span 17 =     4.0769,    29.2937      
# span 18 =     4.0781,    29.2964      
# span 19 =    34.3886,    36.8439      
# span 20 =    34.7020,    36.8403      
# span 21 =    21.8037,    27.7618      
# span 22 =    22.0013,    27.7601      
# span 23 =    1437.37,    1519.26      
# span 24 =    109.232,    209.874      
# span 25 =    110.611,    211.114      
# span 26 =         30,         70      
# span 27 = 0.0000e+00, 0.0000e+00      
# interval = decibars: 1                
# start_time = Sep 17 2021 12:33:51 [NMEA time, header]
# bad_flag = -9.990e-29
*END*
[from data line 622]
     218788   9116.126    192.648    194.000    16.6075    16.6848   4.597588   4.606292     1.9240     1.6237     100.00   25.99096  -85.99298    0.00622    0.00564     2.8048     2.8974    16.5757    16.6533    36.2146    36.2299    26.5479    26.5423    1502.83    122.021    126.052         41 0.0000e+00
     218840   9118.306    191.656    193.000    16.6772    16.7567   4.605230   4.615082     1.9385     1.6313     100.00   25.99095  -85.99299    0.00672    0.00316     2.8346     2.9116    16.6455    16.7248    36.2242    36.2380    26.5388    26.5306    1502.83    123.319    126.673         60 0.0000e+00
     218898   9120.713    190.663    192.000    16.7976    16.8079   4.620160   4.621035     1.9546     1.6377     100.00   25.99094  -85.99300    0.00699    0.00338     2.8648     2.9242    16.7659    16.7762    36.2426    36.2458    26.5244    26.5244    1502.83    124.634    127.222         54 0.0000e+00
     218953   9123.001    189.670    191.000    16.8551    16.8749   4.626465   4.628955     1.9644     1.6390     100.00   25.99094  -85.99300    0.00544    0.00121     2.8830     2.9232    16.8235    16.8433    36.2513    36.2554    26.5173    26.5158    1502.83    125.427    127.179         58 0.0000e+00
     219009   9125.333    188.678    190.000    16.8830    16.9401   4.629767   4.636490     1.9651     1.6379      98.21   25.99094  -85.99300    0.00150    0.00009     2.8822     2.9160    16.8515    16.9088    36.2552    36.2625    26.5136    26.5055    1502.83    125.394    126.866         48 0.0000e+00
     219056   9127.288    187.685    189.000    16.9440    16.9890   4.636703   4.642069     1.9615     1.6308      95.98   25.99093  -85.99302   -0.00079   -0.00199     2.8700     2.8950    16.9126    16.9576    36.2619    36.2684    26.5043    26.4984    1502.83    124.864    125.952         52 0.0000e+00
     219113   9129.647    186.692    188.000    16.9911    17.0273   4.641788   4.645519     1.9540     1.6164     100.24   25.99092  -85.99302   -0.00284   -0.00516     2.8490     2.8559    16.9599    16.9959    36.2644    36.2697    26.4948    26.4902    1502.83    123.952    124.252         52 0.0000e+00
     219154   9131.362    185.700    187.000    17.0750    17.0703   4.651609   4.651166     1.9484     1.6102      75.70   25.99092  -85.99302   -0.00310   -0.00557     2.8308     2.8374    17.0438    17.0391    36.2753    36.2757    26.4830    26.4844    1502.83    123.162    123.451         36 0.0000e+00
     219191   9132.902    184.707    186.000    17.1745    17.1139   4.663140   4.656179     1.9326     1.5977      99.77   25.99092  -85.99302   -0.00438   -0.00501     2.7876     2.8031    17.1433    17.0828    36.2866    36.2807    26.4678    26.4778    1502.83    121.286    121.956         39 0.0000e+00
     219230   9134.560    183.715    185.000    17.2785    17.1475   4.675162   4.659976     1.8978     1.5782     100.00   25.99092  -85.99302   -0.01383   -0.00891     2.7017     2.7517    17.2473    17.1165    36.2989    36.2841    26.4520    26.4723    1502.83    117.550    119.722         40 0.0000e+00
     219272   9136.289    182.722    184.000    17.3461    17.2274   4.682751   4.669322     1.8739     1.5647     100.00   25.99092  -85.99304   -0.01761   -0.01016     2.6427     2.7125    17.3150    17.1967    36.3047    36.2933    26.4401    26.4605    1502.83    114.984    118.017         42 0.0000e+00
     219309   9137.850    181.730    183.000    17.4437    17.4593   4.694667   4.696389     1.8657     1.5542      99.70   25.99092  -85.99304   -0.01180   -0.00764     2.6179     2.6749    17.4135    17.4283    36.3204    36.3222    26.4282    26.4260    1502.83    113.904    116.386         33 0.0000e+00
     219439   9143.236    179.744    181.000    17.6008    17.6085   4.714765   4.715857     1.8719     1.5506     100.03   25.99821  -86.01723    0.00018   -0.00391     2.6223     2.6553    17.5699    17.5776    36.3578    36.3612    26.4194    26.4202    1503.25    114.097    115.536         45 0.0000e+00
     219421   9142.492    178.752    180.000    17.5684    17.6246   4.710165   4.716935     1.8757     1.5548      94.49   25.99090  -85.99306    0.00329    0.00154     2.6327     2.6648    17.5377    17.5939    36.3450    36.3533    26.4167    26.4093    1502.83    114.553    115.948         37 0.0000e+00
     219582   9149.195    175.774    177.000    17.7608    17.7641   4.734775   4.735127     1.9123     1.5883     100.03   25.99902  -86.01997    0.00829    0.00904     2.7037     2.7391    17.7304    17.7337    36.3904    36.3905    26.4051    26.4044    1503.30    117.642    119.181         47 0.0000e+00
     219558   9148.223    174.781    176.000    17.7612    17.7857   4.733677   4.736768     1.9232     1.5990     100.00   25.99089  -85.99306    0.01153    0.00886     2.7282     2.7644    17.7310    17.7554    36.3774    36.3821    26.3941    26.3917    1502.83    118.707    120.285         39 0.0000e+00
     219727   9155.246    171.803    173.000    18.2074    18.1750   4.792443   4.787932     2.0495     1.7254     100.04   26.00028  -86.02417    0.02999    0.03252     2.9839     3.0521    18.1772    18.1448    36.4895    36.4784    26.3703    26.3695    1503.37    129.838    132.806         40 0.0000e+00
     219696   9153.943    170.810    172.000    18.1718    18.1702   4.786864   4.786167     2.1292     1.7883     100.00   25.99088  -85.99309    0.05182    0.04241     3.1652     3.2073    18.1418    18.1402    36.4696    36.4650    26.3628    26.3597    1502.83    137.725    139.560         49 0.0000e+00
     219866   9161.045    167.833    169.000    18.2632    18.2385   4.795948   4.793173     2.1235     1.7527     100.04   26.00015  -86.02385   -0.00138   -0.00918     3.1450     3.1144    18.2336    18.2090    36.4713    36.4695    26.3422    26.3470    1503.37    136.853    135.521         40 0.0000e+00
     219832   9159.624    166.840    168.000    18.2435    18.2388   4.792408   4.792205     2.0882     1.7397     100.00   25.99086  -85.99310   -0.01623   -0.01317     3.0673     3.0820    18.2141    18.2094    36.4548    36.4572    26.3333    26.3364    1502.83    133.472    134.112         44 0.0000e+00
     219896   9162.302    164.854    166.000    18.5185    18.5172   4.825115   4.826258     2.0917     1.7551     100.00   25.99095  -85.99339   -0.00432    0.00093     3.0503     3.0893    18.4836    18.4878    36.4948    36.5009    26.2961    26.2997    1502.84    132.736    134.432         30 0.0000e+00
     219926   9163.548    163.862    165.000    18.6116    18.5689   4.837482   4.831963     2.1068     1.7679     100.00   25.99086  -85.99312    0.00382    0.00756     3.0874     3.1313    18.5822    18.5397    36.5148    36.5038    26.2864    26.2888    1502.83    134.352    136.262         32 0.0000e+00
     219959   9164.929    162.869    164.000    18.6369    18.5892   4.841076   4.834763     2.1247     1.7806     100.00   25.99086  -85.99312    0.01019    0.00971     3.1213     3.1586    18.6078    18.5601    36.5213    36.5100    26.2849    26.2884    1502.83    135.825    137.452         35 0.0000e+00
     219997   9166.487    161.876    163.000    18.6602    18.5878   4.843636   4.835019     2.1414     1.7904      99.98   25.99086  -85.99312    0.01233    0.00860     3.1565     3.1801    18.6312    18.5589    36.5228    36.5138    26.2800    26.2915    1502.83    137.361    138.386         37 0.0000e+00
     220136   9172.272    158.898    160.000    18.7614    18.7569   4.857189   4.856494     2.1718     1.8272     100.02   25.99657  -86.01211    0.00765    0.00993     3.2157     3.2597    18.7329    18.7284    36.5516    36.5498    26.2769    26.2766    1503.16    139.937    141.852         31 0.0000e+00
     220123   9171.754    157.905    159.000    18.7713    18.7654   4.857936   4.857068     2.1839     1.8353      94.87   25.99084  -85.99314    0.00823    0.00969     3.2414     3.2785    18.7429    18.7371    36.5470    36.5448    26.2701    26.2699    1502.83    141.057    142.669         41 0.0000e+00
     220160   9173.284    156.913    158.000    18.8210    18.8337   4.863797   4.865533     2.1935     1.8446      95.95   25.99084  -85.99316    0.00795    0.00642     3.2591     3.2961    18.7927    18.8054    36.5529    36.5563    26.2619    26.2612    1502.83    141.826    143.435         31 0.0000e+00
     220202   9175.049    155.920    157.000    18.8811    18.9483   4.871604   4.879590     2.2082     1.8629     100.31   25.99084  -85.99316    0.00710    0.00734     3.2885     3.3325    18.8530    18.9201    36.5660    36.5740    26.2565    26.2454    1502.83    143.105    145.025         38 0.0000e+00
     220767   9198.575    152.942    154.000    19.3243    19.3098   4.927479   4.926780     2.2743     1.9257      45.99   26.01844  -86.08464    0.00353    0.00346     3.3999     3.4583    19.2962    19.2818    36.6588    36.6651    26.2164    26.2248    1504.43    147.963    150.504         35 0.0000e+00
     220613   9192.172    151.949    153.000    19.3518    19.3996   4.928798   4.935525     2.2830     1.9405      97.19   25.99079  -85.99318    0.00303    0.00468     3.4167     3.4872    19.3239    19.3717    36.6327    36.6468    26.1858    26.1841    1502.83    148.694    151.764         46 0.0000e+00
     220718   9196.523    150.956    152.000    19.4600    19.5166   4.943011   4.950463     2.3039     1.9680     100.00   25.99077  -85.99319    0.00400    0.00601     3.4539     3.5463    19.4321    19.4890    36.6566    36.6713    26.1758    26.1718    1502.83    150.318    154.338         36 0.0000e+00
     220826   9201.057    149.963    151.000    19.5296    19.5679   4.951812   4.957233     2.3326     1.9894     100.00   25.99076  -85.99321    0.00557    0.00395     3.5109     3.5916    19.5019    19.5401    36.6692    36.6812    26.1672    26.1662    1502.83    152.799    156.309         34 0.0000e+00
     221693   9237.159    148.971    150.000    19.6170    19.6195   4.963786   4.963757     2.3732     2.0097     100.00   25.99069  -85.99334    0.00103    0.00051     3.5902     3.6356    19.5894    19.5919    36.6907    36.6900    26.1606    26.1595    1502.83    156.253    158.229         59 0.0000e+00
     222063   9252.598    147.978    149.000    19.6446    19.6507   4.967134   4.967653     2.3809     2.0144     100.00   25.99066  -85.99339    0.00053    0.00013     3.6066     3.6440    19.6172    19.6232    36.6943    36.6954    26.1561    26.1554    1502.83    156.964    158.595         52 0.0000e+00
     222125   9255.177    146.985    148.000    19.6650    19.6845   4.969272   4.971751     2.3805     2.0143     100.00   25.99064  -85.99340   -0.00015   -0.00014     3.6035     3.6411    19.6377    19.6572    36.6967    36.7001    26.1525    26.1500    1502.83    156.831    158.466         45 0.0000e+00
     222176   9257.281    145.992    147.000    19.6757    19.7067   4.970777   4.974324     2.3807     2.0112     100.00   25.99064  -85.99341   -0.00003   -0.00075     3.6027     3.6319    19.6486    19.6795    36.6989    36.7024    26.1513    26.1459    1502.83    156.795    158.068         61 0.0000e+00
     222243   9260.074    145.000    146.000    19.7025    19.7369   4.973770   4.977792     2.3784     2.0077     100.00   25.99064  -85.99342   -0.00053   -0.00143     3.5954     3.6207    19.6756    19.7099    36.7020    36.7051    26.1466    26.1400    1502.83    156.478    157.581         59 0.0000e+00
     222284   9261.788    144.007    145.000    19.7552    19.7618   4.979870   4.980724     2.3765     2.0048     100.00   25.99064  -85.99343   -0.00116   -0.00144     3.5868     3.6116    19.7284    19.7350    36.7066    36.7080    26.1362    26.1355    1502.83    156.108    157.184         33 0.0000e+00
     222319   9263.258    143.014    144.000    19.7777    19.7675   4.982366   4.981354     2.3723     2.0045     100.00   25.99064  -85.99344   -0.00149   -0.00121     3.5751     3.6099    19.7510    19.7408    36.7104    36.7090    26.1331    26.1348    1502.83    155.599    157.113         39 0.0000e+00
     222362   9265.049    142.021    143.000    19.7848    19.7718   4.983358   4.981879     2.3684     2.0025     100.00   25.99063  -85.99344   -0.00240   -0.00075     3.5662     3.6045    19.7583    19.7453    36.7104    36.7095    26.1312    26.1340    1502.83    155.212    156.878         45 0.0000e+00
     222404   9266.778    141.028    142.000    19.7866    19.7845   4.983459   4.983255     2.3663     2.0033     100.00   25.99062  -85.99345   -0.00197   -0.00047     3.5613     3.6053    19.7603    19.7582    36.7100    36.7107    26.1304    26.1314    1502.83    154.997    156.910         37 0.0000e+00
     222437   9268.179    140.035    141.000    19.8023    19.8052   4.985243   4.985516     2.3661     2.0003     100.00   25.99062  -85.99346   -0.00101   -0.00026     3.5592     3.5962    19.7762    19.7791    36.7114    36.7111    26.1272    26.1262    1502.83    154.904    156.515         32 0.0000e+00
     222472   9269.638    139.043    140.000    19.8394    19.8248   4.989057   4.987808     2.3648     1.9959     100.00   25.99062  -85.99346   -0.00056   -0.00190     3.5534     3.5839    19.8134    19.7988    36.7109    36.7113    26.1170    26.1212    1502.83    154.656    155.981         40 0.0000e+00
     222515   9271.414    138.050    139.000    19.8443    19.8574   4.989509   4.990438     2.3522     1.9889     100.00   25.99062  -85.99347   -0.00325   -0.00314     3.5252     3.5653    19.8185    19.8316    36.7107    36.7089    26.1155    26.1107    1502.83    153.427    155.175         42 0.0000e+00
     222599   9274.903    136.064    137.000    19.8828    19.8820   4.992762   4.993082     2.3425     1.9689     100.01   25.99284  -86.00089   -0.00451   -0.00643     3.5011     3.5149    19.8573    19.8565    36.7058    36.7092    26.1018    26.1046    1502.96    152.382    152.981         30 0.0000e+00
     222617   9275.651    135.071    136.000    19.8903    19.8945   4.992915   4.992919     2.3192     1.9547      87.43   25.99060  -85.99348   -0.00721   -0.00815     3.4498     3.4802    19.8650    19.8692    36.6997    36.6961    26.0948    26.0910    1502.83    150.149    151.475         48 0.0000e+00
     222662   9277.545    134.078    135.000    19.8914    19.9056   4.992496   4.993008     2.3025     1.9277      94.34   25.99060  -85.99348   -0.01185   -0.01104     3.4135     3.4154    19.8663    19.8805    36.6957    36.6875    26.0914    26.0814    1502.83    148.571    148.656         34 0.0000e+00
     222855   9285.591    132.093    133.000    20.0673    20.0363   5.011080   5.007717     2.2739     1.8937     100.06   26.00665  -86.04666   -0.00927   -0.01414     3.3369     3.3236    20.0424    20.0118    36.6957    36.6976    26.0451    26.0547    1503.76    145.243    144.664         30 0.0000e+00
     222761   9281.663    131.100    132.000    20.0552    20.0867   5.008869   5.012570     2.2491     1.8829      88.62   25.99058  -85.99350   -0.01461   -0.01198     3.2864     3.2968    20.0305    20.0619    36.6896    36.6922    26.0431    26.0367    1502.83    143.047    143.498         51 0.0000e+00
     222927   9288.588    128.121    129.000    20.2796    20.2452   5.036083   5.031697     2.2434     1.8812     100.03   25.99944  -86.02290   -0.00186   -0.00074     3.2580     3.2818    20.2553    20.2210    36.7227    36.7166    26.0094    26.0140    1503.34    141.816    142.851         33 0.0000e+00
     222893   9287.158    127.128    128.000    20.2577    20.3731   5.032529   5.046693     2.2452     1.8934      99.72   25.99056  -85.99352    0.00113    0.00189     3.2630     3.3043    20.2336    20.3493    36.7086    36.7282    26.0033    25.9885    1502.83    142.032    143.830         50 0.0000e+00
