GOMECC/GOMECC-4/1db/urb2103_0401.cnv
* Sea-Bird SBE 9 Data File:
* FileName = C:\Users\scs.user.rb\CTD\GOMECC4\data\rb2103_0401.hex
* Software Version Seasave V 7.26.7.107
* Temperature SN = 4799
* Conductivity SN = 3860
* Number of Bytes Per Scan = 41
* Number of Voltage Words = 4
* Number of Scans Averaged by the Deck Unit = 1
* NMEA Latitude = 27 54.62 N
* NMEA Longitude = 090 00.08 W
* NMEA UTC (Time) = Sep 25 2021  23:21:03
* NMEA baud rate = 4800
# nquan = 28
# nvalues = 233                         
# units = specified
# name 0 = scan: Scan Count
# name 1 = timeS: Time, Elapsed [seconds]
# name 2 = depSM: Depth [salt water, m]
# name 3 = prDM: Pressure, Digiquartz [db]
# name 4 = t090C: Temperature [ITS-90, deg C]
# name 5 = t190C: Temperature, 2 [ITS-90, deg C]
# name 6 = c0S/m: Conductivity [S/m]
# name 7 = c1S/m: Conductivity, 2 [S/m]
# name 8 = sbeox0V: Oxygen raw, SBE 43 [V]
# name 9 = sbeox1V: Oxygen raw, SBE 43, 2 [V]
# name 10 = altM: Altimeter [m]
# name 11 = latitude: Latitude [deg]
# name 12 = longitude: Longitude [deg]
# name 13 = sbox0dV/dT: Oxygen, SBE 43 [dov/dt]
# name 14 = sbox1dV/dT: Oxygen, SBE 43, 2 [dov/dt]
# name 15 = sbeox0ML/L: Oxygen, SBE 43 [ml/l], WS = 5
# name 16 = sbeox1ML/L: Oxygen, SBE 43, 2 [ml/l], WS = 5
# name 17 = potemp090C: Potential Temperature [ITS-90, deg C]
# name 18 = potemp190C: Potential Temperature, 2 [ITS-90, deg C]
# name 19 = sal00: Salinity, Practical [PSU]
# name 20 = sal11: Salinity, Practical, 2 [PSU]
# name 21 = sigma-é00: Density [sigma-theta, kg/m^3]
# name 22 = sigma-é11: Density, 2 [sigma-theta, kg/m^3]
# name 23 = avgsvCM: Average Sound Velocity [Chen-Millero, m/s], minP = 20, minS = 20
# name 24 = sbox0Mm/Kg: Oxygen, SBE 43 [umol/kg], WS = 5
# name 25 = sbox1Mm/Kg: Oxygen, SBE 43, 2 [umol/kg], WS = 5
# name 26 = nbin: number of scans per bin
# name 27 = flag: flag
# span 0 =      37806,      92564       
# span 1 =   1575.218,   3856.793       
# span 2 =      1.987,    670.417       
# span 3 =      2.000,    676.000       
# span 4 =     6.7252,    29.6946       
# span 5 =     6.7255,    29.6943       
# span 6 =   3.525305,   6.090194       
# span 7 =   3.525251,   6.097052       
# span 8 =     1.5988,     3.2719       
# span 9 =     1.3023,     2.7786       
# span 10 =      10.64,     101.77      
# span 11 =   27.69997,   29.09260      
# span 12 =  -93.80494,  -89.31510      
# span 13 =   -0.01011,    0.01574      
# span 14 =   -0.01078,    0.01396      
# span 15 =     2.5594,     4.5762      
# span 16 =     2.5854,     4.5739      
# span 17 =     6.6615,    29.6941      
# span 18 =     6.6615,    29.6938      
# span 19 =    34.9110,    37.7013      
# span 20 =    34.9100,    37.7495      
# span 21 =    22.9695,    27.3953      
# span 22 =    22.9694,    27.3946      
# span 23 =    1497.56,    1572.84      
# span 24 =    111.278,    199.754      
# span 25 =    112.409,    199.650      
# span 26 =         30,         73      
# span 27 = 0.0000e+00, 0.0000e+00      
# interval = decibars: 1                
# start_time = Sep 25 2021 23:21:03 [NMEA time, header]
# bad_flag = -9.990e-29
*END*
[from data line 156]
      64109   2671.158    114.204    115.000    19.6740    19.6778   4.960702   4.962165     2.2391     1.8831      97.21   27.91670  -90.01648    0.00072    0.00093     3.2833     3.3167    19.6487    19.6566    36.6353    36.6406    26.1032    26.1052    1509.34    142.904    144.354         59 0.0000e+00
      64759   2698.257    113.211    114.000    19.7565    19.7462   4.966363   4.965843     2.1339     1.7841      97.81   27.91267  -90.00343    0.00061    0.00040     3.0517     3.0777    19.7355    19.7252    36.6050    36.6115    26.0567    26.0644    1509.12    132.828    133.959         38 0.0000e+00
      65329   2722.009    110.233    111.000    19.9653    19.9701   4.981744   4.981236     2.1067     1.7598      99.83   27.86398  -89.84629    0.00160    0.00136     2.9807     3.0074    19.9446    19.9494    36.5331    36.5376    25.9409    25.9438    1506.48    129.748    130.908         37 0.0000e+00
      66774   2782.219    108.244    109.000    20.1000    20.1014   5.001950   5.002163     2.1426     1.7912      99.97   27.90400  -89.97518    0.00109    0.00083     3.0478     3.0722    20.0796    20.0810    36.5970    36.5977    25.9582    25.9584    1508.65    132.668    133.734         30 0.0000e+00
      66868   2786.109    107.254    108.000    20.1281    20.1306   5.006000   5.006365     2.1455     1.7935     100.00   27.91278  -90.00348    0.00090    0.00063     3.0517     3.0758    20.1079    20.1104    36.6107    36.6115    25.9622    25.9621    1509.12    132.840    133.889         44 0.0000e+00
      66933   2788.853    106.262    107.000    20.2009    20.1575   5.013840   5.009401     2.1482     1.7957      81.82   27.91278  -90.00348    0.00089    0.00063     3.0527     3.0790    20.1808    20.1375    36.6122    36.6134    25.9438    25.9564    1509.12    132.885    134.030         53 0.0000e+00
      67003   2791.739    105.269    106.000    20.2865    20.2565   5.022728   5.020117     2.1497     1.7962      99.57   27.91278  -90.00348    0.00089    0.00044     3.0504     3.0737    20.2665    20.2366    36.6112    36.6151    25.9202    25.9311    1509.12    132.787    133.803         61 0.0000e+00
      67066   2794.396    104.276    105.000    20.3876    20.3690   5.033662   5.030970     2.1475     1.7947     100.00   27.91278  -90.00348   -0.00091   -0.00044     3.0394     3.0638    20.3677    20.3491    36.6135    36.6076    25.8947    25.8952    1509.12    132.312    133.377         59 0.0000e+00
      67121   2796.673    103.283    104.000    20.4476    20.4312   5.040895   5.038809     2.1486     1.7930     100.00   27.91278  -90.00348   -0.00028   -0.00125     3.0374     3.0559    20.4290    20.4116    36.6202    36.6182    25.8833    25.8865    1509.12    132.226    133.032         50 0.0000e+00
      67188   2799.469    102.290    103.000    20.4780    20.4831   5.043486   5.043794     2.1512     1.7976     100.00   27.91278  -90.00348    0.00099    0.00117     3.0411     3.0633    20.4585    20.4636    36.6163    36.6144    25.8724    25.8695    1509.12    132.390    133.356         53 0.0000e+00
      67247   2801.907    101.297    102.000    20.5047    20.4980   5.045766   5.045021     2.1522     1.7970     100.00   27.91278  -90.00349    0.00030    0.00003     3.0412     3.0609    20.4854    20.4786    36.6121    36.6119    25.8619    25.8636    1509.12    132.398    133.252         39 0.0000e+00
      67287   2803.599    100.304    101.000    20.5329    20.5424   5.046982   5.047661     2.1538     1.7987     100.00   27.91278  -90.00350    0.00049   -0.00029     3.0429     3.0622    20.5137    20.5232    36.5981    36.5954    25.8436    25.8389    1509.12    132.472    133.313         33 0.0000e+00
      67483   2811.751     98.319     99.000    20.6256    20.6488   5.058493   5.061218     2.1617     1.8087     100.08   27.93475  -90.07435    0.00061    0.00035     3.0531     3.0788    20.6067    20.6300    36.6230    36.6251    25.8401    25.8354    1510.31    132.918    134.040         31 0.0000e+00
      67521   2813.325     97.326     98.000    20.6117    20.6468   5.054952   5.058841     2.1731     1.8266     100.00   27.91280  -90.00351    0.00404    0.00519     3.0780     3.1201    20.5930    20.6281    36.5961    36.5975    25.8206    25.8121    1509.12    134.002    135.837         40 0.0000e+00
      67566   2815.228     96.333     97.000    20.7118    20.7408   5.066283   5.069753     2.1778     1.8307     100.00   27.91280  -90.00352    0.00097    0.00200     3.0817     3.1242    20.6933    20.7223    36.6023    36.6055    25.7981    25.7926    1509.12    134.165    136.016         47 0.0000e+00
      67655   2818.928     95.340     96.000    20.7084    20.6945   5.065712   5.064544     2.1926     1.8362      94.92   27.91280  -90.00352    0.00355    0.00115     3.1126     3.1388    20.6872    20.6762    36.6034    36.6034    25.8006    25.8036    1509.12    135.514    136.652         45 0.0000e+00
      67715   2821.429     94.347     95.000    20.7972    20.8103   5.075268   5.075021     2.2002     1.8400      99.79   27.91280  -90.00352    0.00140   -0.00111     3.1255     3.1427    20.7835    20.7921    36.6001    36.5880    25.7718    25.7603    1509.12    136.077    136.829         49 0.0000e+00
      67782   2824.225     93.354     94.000    20.8615    20.8781   5.079155   5.079869     2.2213     1.8668     100.00   27.91280  -90.00352    0.00632    0.00748     3.1633     3.1990    20.8434    20.8600    36.5790    36.5705    25.7395    25.7284    1509.12    137.729    139.283         54 0.0000e+00
      67858   2827.379     92.361     93.000    20.8701    20.8923   5.079330   5.081352     2.2348     1.8798     100.00   27.91281  -90.00353    0.00534    0.00474     3.1908     3.2279    20.8515    20.8745    36.5740    36.5688    25.7334    25.7232    1509.12    138.925    140.544         59 0.0000e+00
      67920   2829.962     91.368     92.000    21.0014    21.0264   5.092901   5.095950     2.2484     1.8948     100.00   27.91281  -90.00353    0.00339    0.00394     3.2161     3.2542    20.9837    21.0087    36.5729    36.5719    25.6963    25.6884    1509.12    140.031    141.694         59 0.0000e+00
      67992   2832.961     90.375     91.000    21.0931    21.0563   5.104135   5.099470     2.2660     1.9059     100.00   27.91282  -90.00354    0.00657    0.00507     3.2414     3.2776    21.0755    21.0388    36.5814    36.5770    25.6776    25.6844    1509.12    141.138    142.710         66 0.0000e+00
      68064   2835.947     89.382     90.000    21.2805    21.3654   5.127019   5.139346     2.2913     1.9298     100.00   27.91282  -90.00354    0.00800    0.00636     3.2826     3.3125    21.2630    21.3478    36.6102    36.6339    25.6479    25.6424    1509.12    142.936    144.238         69 0.0000e+00
      68128   2838.627     88.390     89.000    21.4565    21.4700   5.150822   5.153223     2.3096     1.9470     100.00   27.91282  -90.00354    0.00718    0.00789     3.3113     3.3449    21.4391    21.4526    36.6541    36.6561    25.6325    25.6302    1509.12    144.188    145.651         60 0.0000e+00
      68197   2841.503     87.397     88.000    21.5674    21.6251   5.166874   5.172687     2.3294     1.9611      83.33   27.91282  -90.00356    0.00700    0.00460     3.3405     3.3669    21.5502    21.6077    36.6822    36.6797    25.6230    25.6050    1509.12    145.462    146.613         58 0.0000e+00
      68271   2844.574     86.404     87.000    21.6254    21.6465   5.173473   5.176586     2.3414     1.9705     100.38   27.91282  -90.00356    0.00431    0.00390     3.3595     3.3849    21.6082    21.6293    36.6860    36.6929    25.6097    25.6090    1509.12    146.289    147.397         57 0.0000e+00
      68332   2847.111     85.411     86.000    21.8378    21.8292   5.200615   5.198620     2.3643     1.9879      82.20   27.91282  -90.00356    0.00611    0.00428     3.3939     3.4138    21.8220    21.8122    36.7218    36.7132    25.5770    25.5732    1509.12    147.791    148.659         48 0.0000e+00
      68411   2850.415     84.418     85.000    21.9039    21.8859   5.206957   5.203855     2.3734     1.9948     100.71   27.91282  -90.00356    0.00379    0.00255     3.4083     3.4258    21.8870    21.8691    36.7162    36.7075    25.5544    25.5531    1509.12    148.424    149.185         58 0.0000e+00
      68466   2852.694     83.425     84.000    21.9588    21.9891   5.213495   5.216331     2.3858     2.0111     100.00   27.91282  -90.00356    0.00450    0.00462     3.4295     3.4557    21.9421    21.9724    36.7218    36.7185    25.5431    25.5321    1509.12    149.345    150.490         47 0.0000e+00
      68546   2856.053     82.432     83.000    22.0017    21.9942   5.217075   5.216673     2.3972     2.0169     100.00   27.91284  -90.00357    0.00389    0.00251     3.4499     3.4682    21.9852    21.9776    36.7146    36.7173    25.5255    25.5297    1509.12    150.235    151.035         57 0.0000e+00
      68610   2858.694     81.439     82.000    22.0189    22.0316   5.214229   5.216397     2.4055     2.0324     100.00   27.91284  -90.00358    0.00254    0.00319     3.4664     3.5011    22.0026    22.0152    36.6773    36.6838    25.4922    25.4936    1509.12    150.959    152.473         68 0.0000e+00
      68679   2861.599     80.446     81.000    21.9656    21.9974   5.202308   5.207572     2.4213     2.0445     100.00   27.91284  -90.00358    0.00540    0.00583     3.5020     3.5319    21.9495    21.9813    36.6283    36.6450    25.4699    25.4736    1509.12    152.514    153.815         63 0.0000e+00
      68752   2864.634     79.453     80.000    21.8676    21.9111   5.184762   5.187576     2.4455     2.0770     100.00   27.91284  -90.00358    0.00743    0.00883     3.5601     3.6119    21.8518    21.8952    36.5725    36.5566    25.4550    25.4307    1509.12    155.047    157.306         70 0.0000e+00
      68812   2867.142     78.460     79.000    21.8848    21.8999   5.179784   5.179492     2.4721     2.1090     100.00   27.91284  -90.00358    0.00922    0.01160     3.6124     3.6860    21.8691    21.8842    36.5218    36.5037    25.4115    25.3936    1509.12    157.333    160.540         56 0.0000e+00
      68890   2870.381     77.467     78.000    21.8811    21.9041   5.177842   5.179279     2.5087     2.1350      86.92   27.91285  -90.00359    0.01255    0.00980     3.6874     3.7428    21.8657    21.8886    36.5081    36.4988    25.4021    25.3886    1509.12    160.601    163.016         46 0.0000e+00
      68951   2872.919     76.474     77.000    21.9162    21.9248   5.179002   5.178895     2.5255     2.1487      99.12   27.91286  -90.00360    0.00684    0.00431     3.7220     3.7739    21.9009    21.9095    36.4869    36.4787    25.3760    25.3674    1509.12    162.111    164.372         66 0.0000e+00
      69024   2875.974     75.481     76.000    21.9243    21.9244   5.177713   5.177153     2.5476     2.1648      84.67   27.91286  -90.00360    0.00735    0.00581     3.7671     3.8104    21.9092    21.9093    36.4701    36.4655    25.3609    25.3575    1509.12    164.075    165.963         72 0.0000e+00
      69092   2878.802     74.488     75.000    21.8854    21.8784   5.166939   5.166794     2.5667     2.1822      99.84   27.91286  -90.00360    0.00623    0.00485     3.8094     3.8524    21.8706    21.8645    36.4229    36.4178    25.3359    25.3313    1509.12    165.923    167.798         65 0.0000e+00
      69157   2881.521     73.495     74.000    21.8499    21.8488   5.158063   5.156216     2.6001     2.2181      72.34   27.91286  -90.00361    0.01135    0.01193     3.8820     3.9380    21.8352    21.8341    36.3776    36.3640    25.3114    25.3014    1509.12    169.091    171.532         63 0.0000e+00
      69227   2884.398     72.502     73.000    21.8642    21.9209   5.157007   5.163881     2.6355     2.2496      99.64   27.91288  -90.00362    0.01228    0.01169     3.9539     4.0032    21.8497    21.9064    36.3576    36.3643    25.2921    25.2813    1509.12    172.226    174.375         66 0.0000e+00
      69297   2887.316     71.509     72.000    21.9505    22.0407   5.167455   5.176885     2.6495     2.2593     100.00   27.91288  -90.00362    0.00630    0.00493     3.9745     4.0186    21.9346    22.0266    36.3694    36.3761    25.2771    25.2592    1509.12    173.127    175.050         61 0.0000e+00
      69360   2889.958     70.516     71.000    22.2135    22.2472   5.199746   5.202129     2.6591     2.2668     100.00   27.91288  -90.00362    0.00393    0.00262     3.9742     4.0180    22.1993    22.2330    36.4026    36.3932    25.2276    25.2109    1509.12    173.120    175.030         66 0.0000e+00
      69434   2893.053     69.523     70.000    22.2586    22.2712   5.203372   5.204205     2.6744     2.2798      97.99   27.91288  -90.00362    0.00430    0.00384     4.0017     4.0448    22.2445    22.2571    36.3937    36.3897    25.2080    25.2014    1509.12    174.323    176.200         62 0.0000e+00
      69495   2895.601     68.530     69.000    22.3081    22.3437   5.206746   5.209798     2.6911     2.3004      99.42   27.91288  -90.00362    0.00615    0.00651     4.0335     4.0861    22.2942    22.3299    36.3791    36.3731    25.1828    25.1681    1509.12    175.710    178.007         63 0.0000e+00
      69567   2898.593     67.537     68.000    22.3529    22.3884   5.210331   5.214034     2.7207     2.3288      84.18   27.91290  -90.00362    0.00990    0.01052     4.0889     4.1468    22.3392    22.3747    36.3702    36.3685    25.1632    25.1518    1509.12    178.127    180.651         64 0.0000e+00
      69636   2901.464     66.544     67.000    22.4058    22.4497   5.215663   5.220159     2.7353     2.3426      99.90   27.91290  -90.00364    0.00581    0.00475     4.1161     4.1727    22.3923    22.4362    36.3690    36.3692    25.1471    25.1346    1509.12    179.318    181.783         73 0.0000e+00
      69703   2904.265     65.551     66.000    22.4530    22.4763   5.221368   5.224025     2.7513     2.3507      76.63   27.91290  -90.00364    0.00578    0.00391     4.1442     4.1884    22.4404    22.4630    36.3732    36.3754    25.1367    25.1319    1509.12    180.541    182.467         53 0.0000e+00
      69771   2907.091     64.558     65.000    22.4804    22.5374   5.225499   5.231876     2.7591     2.3520      93.90   27.91290  -90.00364    0.00356    0.00126     4.1554     4.1856    22.4672    22.5243    36.3837    36.3860    25.1369    25.1224    1509.12    181.032    182.348         51 0.0000e+00
      69839   2909.920     63.565     64.000    22.5803    22.6030   5.236882   5.240223     2.7626     2.3533     100.05   27.91290  -90.00364    0.00131   -0.00046     4.1540     4.1828    22.5673    22.5900    36.3897    36.3969    25.1129    25.1118    1509.12    180.972    182.226         48 0.0000e+00
      69907   2912.744     62.572     63.000    22.7124    22.7357   5.254339   5.257582     2.7648     2.3498     100.00   27.91291  -90.00365    0.00079   -0.00056     4.1475     4.1639    22.6958    22.7229    36.4125    36.4222    25.0932    25.0928    1509.12    180.695    181.409         41 0.0000e+00
      69979   2915.761     61.579     62.000    22.7729    22.7405   5.261709   5.258067     2.7624     2.3447     100.00   27.91291  -90.00364   -0.00072   -0.00210     4.1367     4.1505    22.7604    22.7278    36.4240    36.4214    25.0834    25.0908    1509.12    180.224    180.824         47 0.0000e+00
      70103   2920.910     59.593     60.000    22.9509    22.9495   5.283295   5.285001     2.7601     2.3456      96.69   27.90349  -89.97326   -0.00094   -0.00131     4.1167     4.1357    22.9386    22.9372    36.4408    36.4517    25.0434    25.0511    1508.61    179.358    180.186         56 0.0000e+00
