GOMECC/GOMECC-4/1db/urb2103_0701.cnv
* Sea-Bird SBE 9 Data File:
* FileName = C:\Users\scs.user.rb\CTD\GOMECC4\data\rb2103_0701.hex
* Software Version Seasave V 7.26.7.107
* Temperature SN = 4799
* Conductivity SN = 3860
* Number of Bytes Per Scan = 41
* Number of Voltage Words = 4
* Number of Scans Averaged by the Deck Unit = 1
* NMEA Latitude = 26 03.47 N
* NMEA Longitude = 094 40.25 W
* NMEA UTC (Time) = Oct 03 2021  15:59:31
* NMEA baud rate = 4800
# nquan = 28
# nvalues = 485                         
# units = specified
# name 0 = scan: Scan Count
# name 1 = timeS: Time, Elapsed [seconds]
# name 2 = depSM: Depth [salt water, m]
# name 3 = prDM: Pressure, Digiquartz [db]
# name 4 = t090C: Temperature [ITS-90, deg C]
# name 5 = t190C: Temperature, 2 [ITS-90, deg C]
# name 6 = c0S/m: Conductivity [S/m]
# name 7 = c1S/m: Conductivity, 2 [S/m]
# name 8 = sbeox0V: Oxygen raw, SBE 43 [V]
# name 9 = sbeox1V: Oxygen raw, SBE 43, 2 [V]
# name 10 = altM: Altimeter [m]
# name 11 = latitude: Latitude [deg]
# name 12 = longitude: Longitude [deg]
# name 13 = sbox0dV/dT: Oxygen, SBE 43 [dov/dt]
# name 14 = sbox1dV/dT: Oxygen, SBE 43, 2 [dov/dt]
# name 15 = sbeox0ML/L: Oxygen, SBE 43 [ml/l], WS = 5
# name 16 = sbeox1ML/L: Oxygen, SBE 43, 2 [ml/l], WS = 5
# name 17 = potemp090C: Potential Temperature [ITS-90, deg C]
# name 18 = potemp190C: Potential Temperature, 2 [ITS-90, deg C]
# name 19 = sal00: Salinity, Practical [PSU]
# name 20 = sal11: Salinity, Practical, 2 [PSU]
# name 21 = sigma-é00: Density [sigma-theta, kg/m^3]
# name 22 = sigma-é11: Density, 2 [sigma-theta, kg/m^3]
# name 23 = avgsvCM: Average Sound Velocity [Chen-Millero, m/s], minP = 20, minS = 20
# name 24 = sbox0Mm/Kg: Oxygen, SBE 43 [umol/kg], WS = 5
# name 25 = sbox1Mm/Kg: Oxygen, SBE 43, 2 [umol/kg], WS = 5
# name 26 = nbin: number of scans per bin
# name 27 = flag: flag
# span 0 =      98266,     229637       
# span 1 =   4094.359,   9568.172       
# span 2 =      0.993,   3012.304       
# span 3 =      1.000,   3054.000       
# span 4 =     4.2991,    29.3184       
# span 5 =     4.2999,    29.3350       
# span 6 =   3.352996,   5.942188       
# span 7 =   3.352769,   5.942478       
# span 8 =     1.5712,     3.4070       
# span 9 =     1.2747,     2.9151       
# span 10 =      10.41,     104.60      
# span 11 =   25.89812,   26.10013      
# span 12 =  -94.80923,  -94.07409      
# span 13 =   -0.02173,    0.03216      
# span 14 =   -0.02089,    0.02971      
# span 15 =     2.3809,     5.0812      
# span 16 =     2.3978,     5.0778      
# span 17 =     4.0799,    29.3098      
# span 18 =     4.0810,    29.3265      
# span 19 =    34.9107,    36.6156      
# span 20 =    34.9099,    36.6062      
# span 21 =    22.5455,    27.7591      
# span 22 =    22.5805,    27.7577      
# span 23 =    1493.35,    1505.02      
# span 24 =    103.535,    221.626      
# span 25 =    104.268,    221.480      
# span 26 =         30,         74      
# span 27 = 0.0000e+00, 0.0000e+00      
# interval = decibars: 1                
# start_time = Oct 03 2021 15:59:31 [NMEA time, header]
# bad_flag = -9.990e-29
*END*
[from data line 104]
     129287   5386.902   2165.417   2191.000     4.3016     4.3025   3.374197   3.374162     1.8488     1.5311     100.00   26.05994  -94.66996    0.00008    0.00010     4.6382     4.6542     4.1103     4.1111    34.9725    34.9712    27.7527    27.7516    1502.79    201.548    202.246         31 0.0000e+00
     129318   5388.216   2164.434   2190.000     4.3015     4.3024   3.374153   3.374117     1.8491     1.5310     100.00   26.05994  -94.66996    0.00010    0.00004     4.6386     4.6532     4.1103     4.1112    34.9726    34.9712    27.7527    27.7516    1502.79    201.566    202.199         32 0.0000e+00
     129351   5389.565   2163.451   2189.000     4.3015     4.3023   3.374111   3.374076     1.8492     1.5311     100.00   26.05994  -94.66996    0.00012    0.00002     4.6384     4.6532     4.1103     4.1112    34.9726    34.9713    27.7528    27.7517    1502.79    201.556    202.202         32 0.0000e+00
     129439   5393.236   2160.501   2186.000     4.3013     4.3023   3.373983   3.373949     1.8496     1.5311      77.61   26.05997  -94.67008    0.00013    0.00002     4.6385     4.6516     4.1105     4.1115    34.9727    34.9712    27.7529    27.7516    1502.79    201.562    202.132         30 0.0000e+00
     129471   5394.566   2159.518   2185.000     4.3013     4.3023   3.373935   3.373910     1.8498     1.5312     100.07   26.05994  -94.66996    0.00008    0.00003     4.6385     4.6513     4.1105     4.1115    34.9726    34.9713    27.7528    27.7516    1502.79    201.560    202.119         34 0.0000e+00
     129607   5400.247   2154.601   2180.000     4.3012     4.3022   3.373702   3.373671     1.8502     1.5321     100.00   26.05973  -94.66918    0.00009    0.00012     4.6374     4.6521     4.1110     4.1120    34.9723    34.9709    27.7525    27.7512    1502.78    201.512    202.154         33 0.0000e+00
     129744   5405.942   2149.685   2175.000     4.3011     4.3020   3.373515   3.373481     1.8509     1.5324     100.00   26.05996  -94.67004    0.00012    0.00003     4.6371     4.6506     4.1114     4.1123    34.9725    34.9712    27.7526    27.7514    1502.79    201.499    202.088         30 0.0000e+00
     129876   5411.453   2144.768   2170.000     4.3008     4.3018   3.373289   3.373252     1.8519     1.5336     100.00   26.05992  -94.66988    0.00017    0.00031     4.6382     4.6529     4.1117     4.1126    34.9725    34.9710    27.7526    27.7513    1502.79    201.548    202.188         31 0.0000e+00
     130935   5455.583   2105.430   2130.000     4.2993     4.3003   3.371561   3.371529     1.8569     1.5382     100.00   26.06006  -94.67032    0.00011    0.00005     4.6349     4.6494     4.1143     4.1152    34.9724    34.9711    27.7523    27.7511    1502.80    201.405    202.034         30 0.0000e+00
     131091   5462.088   2099.529   2124.000     4.3004     4.3012   3.371414   3.371370     1.8578     1.5387     100.00   26.06008  -94.67040    0.00015    0.00001     4.6348     4.6477     4.1159     4.1167    34.9725    34.9711    27.7521    27.7509    1502.80    201.399    201.962         30 0.0000e+00
     131122   5463.368   2098.545   2123.000     4.3004     4.3012   3.371344   3.371309     1.8577     1.5389     100.00   26.05996  -94.66996    0.00008    0.00006     4.6336     4.6481     4.1160     4.1168    34.9721    34.9709    27.7518    27.7507    1502.79    201.350    201.977         32 0.0000e+00
     131277   5469.847   2092.643   2117.000     4.3000     4.3011   3.371082   3.371045     1.8585     1.5397     100.00   26.05993  -94.66984    0.00007    0.00009     4.6335     4.6479     4.1162     4.1173    34.9722    34.9707    27.7519    27.7505    1502.79    201.346    201.970         30 0.0000e+00
     131519   5479.921   2083.791   2108.000     4.3002     4.3010   3.370747   3.370709     1.8598     1.5409     100.00   26.06008  -94.67040    0.00015    0.00012     4.6333     4.6478     4.1174     4.1182    34.9722    34.9710    27.7518    27.7507    1502.80    201.337    201.965         30 0.0000e+00
     131703   5487.568   2076.905   2101.000     4.3003     4.3011   3.370461   3.370416     1.8605     1.5419     100.00   26.05999  -94.67006    0.00017    0.00029     4.6319     4.6481     4.1182     4.1189    34.9721    34.9708    27.7516    27.7504    1502.79    201.273    201.980         30 0.0000e+00
     131733   5488.814   2075.922   2100.000     4.3003     4.3011   3.370418   3.370383     1.8607     1.5420     100.00   26.05996  -94.66995    0.00015    0.00018     4.6321     4.6479     4.1183     4.1191    34.9721    34.9708    27.7516    27.7505    1502.79    201.283    201.969         30 0.0000e+00
     131859   5494.087   2071.003   2095.000     4.3004     4.3011   3.370228   3.370195     1.8610     1.5422     100.00   26.06008  -94.67039    0.00006    0.00004     4.6304     4.6459     4.1188     4.1196    34.9721    34.9710    27.7515    27.7505    1502.80    201.209    201.884         30 0.0000e+00
     131888   5495.308   2070.020   2094.000     4.3002     4.3011   3.370169   3.370138     1.8613     1.5425     100.00   26.05996  -94.66994    0.00013    0.00015     4.6310     4.6467     4.1188     4.1197    34.9720    34.9707    27.7514    27.7503    1502.79    201.237    201.918         30 0.0000e+00
     132071   5502.903   2063.134   2087.000     4.3004     4.3013   3.369922   3.369879     1.8623     1.5433      68.24   26.06010  -94.67043    0.00008    0.00007     4.6307     4.6458     4.1197     4.1206    34.9723    34.9708    27.7515    27.7503    1502.80    201.224    201.881         31 0.0000e+00
     132102   5504.224   2062.150   2086.000     4.3004     4.3013   3.369861   3.369826     1.8626     1.5433     100.88   26.05998  -94.66994    0.00009    0.00001     4.6316     4.6450     4.1198     4.1207    34.9720    34.9706    27.7513    27.7501    1502.79    201.264    201.846         32 0.0000e+00
     132577   5524.019   2044.442   2068.000     4.2994     4.3003   3.369056   3.369006     1.8649     1.5456     100.00   26.05999  -94.66990    0.00009    0.00008     4.6299     4.6445     4.1207     4.1215    34.9720    34.9705    27.7512    27.7499    1502.79    201.189    201.822         32 0.0000e+00
     132709   5529.493   2039.523   2063.000     4.2991     4.2999   3.368828   3.368781     1.8658     1.5466     100.00   26.06007  -94.67018    0.00017    0.00022     4.6307     4.6461     4.1208     4.1217    34.9721    34.9706    27.7512    27.7500    1502.79    201.222    201.894         30 0.0000e+00
     133891   5578.743   1995.245   2018.000     4.3007     4.3016   3.367173   3.367128     1.8713     1.5521     100.00   26.06038  -94.67123    0.00008    0.00006     4.6258     4.6426     4.1270     4.1278    34.9721    34.9707    27.7506    27.7495    1502.81    201.009    201.739         31 0.0000e+00
     133921   5580.004   1994.261   2017.000     4.3007     4.3015   3.367082   3.367042     1.8713     1.5520     100.00   26.06002  -94.66993   -0.00006    0.00003     4.6251     4.6417     4.1270     4.1278    34.9715    34.9702    27.7502    27.7490    1502.79    200.980    201.702         32 0.0000e+00
     134074   5586.355   1988.357   2011.000     4.3004     4.3012   3.366823   3.366776     1.8720     1.5530     100.00   26.06012  -94.67028    0.00012    0.00027     4.6245     4.6426     4.1273     4.1281    34.9717    34.9703    27.7503    27.7491    1502.80    200.954    201.739         31 0.0000e+00
     134185   5590.990   1984.420   2007.000     4.2998     4.3006   3.366622   3.366584     1.8722     1.5530     100.00   26.06017  -94.67046    0.00009    0.00003     4.6227     4.6401     4.1272     4.1280    34.9718    34.9705    27.7503    27.7492    1502.80    200.875    201.630         31 0.0000e+00
     134232   5592.975   1983.436   2006.000     4.2997     4.3006   3.366552   3.366523     1.8727     1.5531     100.00   26.06002  -94.66992    0.00015    0.00002     4.6243     4.6399     4.1271     4.1280    34.9716    34.9703    27.7502    27.7491    1502.79    200.943    201.622         37 0.0000e+00
     134348   5597.809   1982.452   2005.000     4.2997     4.3004   3.366510   3.366462     1.8727     1.5534     100.00   26.06002  -94.66992    0.00008    0.00009     4.6238     4.6407     4.1272     4.1279    34.9716    34.9703    27.7502    27.7491    1502.79    200.925    201.658         58 0.0000e+00
     134574   5607.227   1980.483   2003.000     4.2997     4.3006   3.366303   3.366259     1.8730     1.5542      77.75   26.05886  -94.66569    0.00016    0.00031     4.6239     4.6432     4.1274     4.1283    34.9700    34.9686    27.7489    27.7477    1502.72    200.928    201.766         34 0.0000e+00
     134711   5612.917   1979.500   2002.000     4.2999     4.3006   3.366399   3.366350     1.8731     1.5543      99.54   26.06002  -94.66992    0.00000    0.00004     4.6234     4.6426     4.1278     4.1285    34.9714    34.9701    27.7500    27.7489    1502.79    200.906    201.743         49 0.0000e+00
     134822   5617.529   1978.516   2001.000     4.2999     4.3006   3.366351   3.366308     1.8732     1.5541      68.76   26.06002  -94.66992    0.00001   -0.00003     4.6231     4.6415     4.1278     4.1286    34.9714    34.9701    27.7500    27.7489    1502.79    200.892    201.692         52 0.0000e+00
     135847   5660.234   1977.532   2000.000     4.3002     4.3011   3.366344   3.366317     1.8731     1.5542      97.46   26.06004  -94.66991 -1.980e-07   -0.00003     4.6221     4.6409     4.1282     4.1292    34.9714    34.9701    27.7500    27.7488    1502.79    200.851    201.667         49 0.0000e+00
     136464   5685.961   1976.547   1999.000     4.3004     4.3013   3.366321   3.366289     1.8735     1.5543      99.99   26.06006  -94.66990    0.00009    0.00000     4.6232     4.6407     4.1285     4.1294    34.9714    34.9701    27.7499    27.7488    1502.79    200.898    201.657         32 0.0000e+00
     136563   5690.075   1975.563   1998.000     4.3003     4.3010   3.366276   3.366231     1.8738     1.5544     100.00   26.06008  -94.66990    0.00013    0.00003     4.6240     4.6409     4.1286     4.1293    34.9714    34.9702    27.7499    27.7489    1502.79    200.931    201.668         43 0.0000e+00
     136606   5691.857   1974.579   1997.000     4.3000     4.3008   3.366206   3.366166     1.8741     1.5546     100.00   26.06008  -94.66990    0.00013    0.00009     4.6243     4.6409     4.1283     4.1291    34.9715    34.9701    27.7500    27.7488    1502.79    200.946    201.667         41 0.0000e+00
     136670   5694.550   1973.595   1996.000     4.2998     4.3007   3.366157   3.366116     1.8741     1.5547     100.00   26.06008  -94.66990    0.00004    0.00001     4.6239     4.6408     4.1283     4.1291    34.9715    34.9702    27.7500    27.7489    1502.79    200.927    201.663         57 0.0000e+00
     136723   5696.761   1972.611   1995.000     4.2999     4.3010   3.366117   3.366097     1.8744     1.5550     100.00   26.06008  -94.66990    0.00005    0.00008     4.6243     4.6416     4.1284     4.1295    34.9714    34.9701    27.7499    27.7488    1502.79    200.943    201.695         37 0.0000e+00
     136761   5698.343   1971.627   1994.000     4.2998     4.3007   3.366069   3.366036     1.8745     1.5551     100.00   26.06008  -94.66990    0.00013    0.00016     4.6243     4.6416     4.1284     4.1293    34.9715    34.9701    27.7500    27.7488    1502.79    200.944    201.696         46 0.0000e+00
     136827   5701.074   1970.642   1993.000     4.2998     4.3007   3.366033   3.365994     1.8746     1.5552     100.00   26.06008  -94.66990    0.00003    0.00005     4.6239     4.6413     4.1286     4.1295    34.9715    34.9701    27.7500    27.7488    1502.79    200.926    201.685         47 0.0000e+00
     136875   5703.090   1969.658   1992.000     4.2998     4.3008   3.365988   3.365966     1.8749     1.5553     100.00   26.06008  -94.66990    0.00010    0.00007     4.6248     4.6409     4.1287     4.1297    34.9714    34.9701    27.7499    27.7487    1502.79    200.965    201.668         39 0.0000e+00
     136919   5704.902   1968.674   1991.000     4.2997     4.3006   3.365943   3.365909     1.8751     1.5547      91.52   26.06008  -94.66990    0.00013   -0.00015     4.6247     4.6380     4.1287     4.1295    34.9715    34.9702    27.7500    27.7488    1502.79    200.964    201.541         48 0.0000e+00
     136988   5707.800   1967.690   1990.000     4.2999     4.3006   3.365913   3.365862     1.8752     1.5553     101.13   26.06008  -94.66990    0.00002    0.00001     4.6246     4.6397     4.1289     4.1296    34.9714    34.9701    27.7499    27.7487    1502.79    200.957    201.615         39 0.0000e+00
     137026   5709.363   1966.706   1989.000     4.2999     4.3007   3.365875   3.365844     1.8753     1.5553     100.00   26.06008  -94.66990    0.00009    0.00020     4.6243     4.6391     4.1290     4.1299    34.9715    34.9702    27.7499    27.7488    1502.79    200.945    201.590         40 0.0000e+00
     137067   5711.092   1965.721   1988.000     4.3000     4.3008   3.365837   3.365792     1.8754     1.5555     100.00   26.06008  -94.66990    0.00005    0.00004     4.6244     4.6395     4.1292     4.1300    34.9714    34.9700    27.7498    27.7486    1502.79    200.949    201.606         37 0.0000e+00
     137777   5740.684   1939.147   1961.000     4.3010     4.3018   3.364838   3.364790     1.8793     1.5592     100.00   26.06018  -94.67018    0.00028    0.00014     4.6236     4.6390     4.1330     4.1337    34.9713    34.9700    27.7494    27.7482    1502.79    200.916    201.584         31 0.0000e+00
     137934   5747.194   1933.241   1955.000     4.3009     4.3018   3.364611   3.364564     1.8795     1.5594     100.00   26.06032  -94.67069    0.00003    0.00002     4.6206     4.6363     4.1334     4.1343    34.9716    34.9702    27.7495    27.7483    1502.80    200.784    201.466         30 0.0000e+00
     138090   5753.728   1927.335   1949.000     4.3011     4.3019   3.364337   3.364298     1.8801     1.5604     100.00   26.06009  -94.66986    0.00013    0.00032     4.6195     4.6369     4.1342     4.1350    34.9711    34.9698    27.7490    27.7479    1502.79    200.736    201.495         30 0.0000e+00
     138481   5769.990   1912.569   1934.000     4.3012     4.3021   3.363771   3.363723     1.8820     1.5617     100.00   26.06025  -94.67041    0.00017    0.00001     4.6181     4.6337     4.1359     4.1367    34.9713    34.9699    27.7491    27.7479    1502.80    200.677    201.353         31 0.0000e+00
     139946   5831.042   1857.434   1878.000     4.3008     4.3016   3.361408   3.361378     1.8894     1.5686     100.00   26.06012  -94.66989    0.00018    0.00013     4.6139     4.6296     4.1410     4.1417    34.9707    34.9696    27.7480    27.7471    1502.79    200.493    201.175         31 0.0000e+00
     140102   5837.524   1851.526   1872.000     4.3020     4.3027   3.361302   3.361259     1.8903     1.5692     100.00   26.06041  -94.67095    0.00006    0.00005     4.6136     4.6285     4.1428     4.1434    34.9710    34.9699    27.7481    27.7471    1502.81    200.483    201.127         33 0.0000e+00
     140133   5838.845   1850.541   1871.000     4.3020     4.3030   3.361226   3.361200     1.8902     1.5695      95.52   26.06013  -94.66988   -0.00002    0.00011     4.6127     4.6290     4.1429     4.1439    34.9706    34.9693    27.7478    27.7466    1502.79    200.441    201.149         32 0.0000e+00
     140256   5843.950   1845.617   1866.000     4.3026     4.3034   3.361103   3.361064     1.8909     1.5702     100.00   26.06038  -94.67076    0.00010    0.00008     4.6124     4.6289     4.1439     4.1447    34.9710    34.9697    27.7479    27.7468    1502.80    200.427    201.146         30 0.0000e+00
