GOMECC/GOMECC-4/1db/urb2103_1071.cnv
* Sea-Bird SBE 9 Data File:
* FileName = C:\Users\scs.user.rb\CTD\GOMECC4\data\rb2103_1071.hex
* Software Version Seasave V 7.26.7.107
* Temperature SN = 4799
* Conductivity SN = 3860
* Number of Bytes Per Scan = 41
* Number of Voltage Words = 4
* Number of Scans Averaged by the Deck Unit = 1
* NMEA Latitude = 23 05.26 N
* NMEA Longitude = 086 16.38 W
* NMEA UTC (Time) = Oct 14 2021  17:43:34
* NMEA baud rate = 4800
# nquan = 28
# nvalues = 490                         
# units = specified
# name 0 = scan: Scan Count
# name 1 = timeS: Time, Elapsed [seconds]
# name 2 = depSM: Depth [salt water, m]
# name 3 = prDM: Pressure, Digiquartz [db]
# name 4 = t090C: Temperature [ITS-90, deg C]
# name 5 = t190C: Temperature, 2 [ITS-90, deg C]
# name 6 = c0S/m: Conductivity [S/m]
# name 7 = c1S/m: Conductivity, 2 [S/m]
# name 8 = sbeox0V: Oxygen raw, SBE 43 [V]
# name 9 = sbeox1V: Oxygen raw, SBE 43, 2 [V]
# name 10 = altM: Altimeter [m]
# name 11 = latitude: Latitude [deg]
# name 12 = longitude: Longitude [deg]
# name 13 = sbox0dV/dT: Oxygen, SBE 43 [dov/dt]
# name 14 = sbox1dV/dT: Oxygen, SBE 43, 2 [dov/dt]
# name 15 = sbeox0ML/L: Oxygen, SBE 43 [ml/l], WS = 5
# name 16 = sbeox1ML/L: Oxygen, SBE 43, 2 [ml/l], WS = 5
# name 17 = potemp090C: Potential Temperature [ITS-90, deg C]
# name 18 = potemp190C: Potential Temperature, 2 [ITS-90, deg C]
# name 19 = sal00: Salinity, Practical [PSU]
# name 20 = sal11: Salinity, Practical, 2 [PSU]
# name 21 = sigma-é00: Density [sigma-theta, kg/m^3]
# name 22 = sigma-é11: Density, 2 [sigma-theta, kg/m^3]
# name 23 = avgsvCM: Average Sound Velocity [Chen-Millero, m/s], minP = 20, minS = 20
# name 24 = sbox0Mm/Kg: Oxygen, SBE 43 [umol/kg], WS = 5
# name 25 = sbox1Mm/Kg: Oxygen, SBE 43, 2 [umol/kg], WS = 5
# name 26 = nbin: number of scans per bin
# name 27 = flag: flag
# span 0 =      48166,     138408       
# span 1 =   2006.857,   5766.937       
# span 2 =      0.994,   1218.646       
# span 3 =      1.000,   1230.000       
# span 4 =     4.3669,    31.4619       
# span 5 =     4.3673,    30.8405       
# span 6 =   3.339715,   6.270927       
# span 7 =   3.339780,   6.239101       
# span 8 =     1.6128,     3.2695       
# span 9 =     1.3114,     2.7759       
# span 10 =      11.49,     105.59      
# span 11 =   22.71926,   23.80460      
# span 12 =  -88.94793,  -84.89302      
# span 13 =   -0.00340,    0.01099      
# span 14 =   -0.00374,    0.00975      
# span 15 =     2.6612,     4.5613      
# span 16 =     2.6718,     4.5824      
# span 17 =     4.2674,    31.4617      
# span 18 =     4.2678,    30.8403      
# span 19 =    34.8982,    37.4115      
# span 20 =    34.8990,    37.0147      
# span 21 =    22.3753,    27.7292      
# span 22 =    22.3799,    27.7290      
# span 23 =    1483.55,    1554.42      
# span 24 =    115.708,    198.212      
# span 25 =    116.169,    199.128      
# span 26 =         30,         71      
# span 27 = 0.0000e+00, 0.0000e+00      
# interval = decibars: 1                
# start_time = Oct 14 2021 17:43:34 [NMEA time, header]
# bad_flag = -9.990e-29
*END*
[from data line 467]
     122092   5087.115     35.770     36.000    29.7814    29.7817   6.000703   6.000892     3.1583     2.6699      98.25   23.08828  -86.27267    0.00003    0.00044     4.3413     4.3201    29.7725    29.7728    36.2722    36.2732    22.7582    22.7588    1507.66    189.568    188.644         35 0.0000e+00
     123303   5137.597     34.776     35.000    29.7824    29.7843   6.000861   6.001204     3.1585     2.6721      99.95   23.08831  -86.27266    0.00023    0.00051     4.3411     4.3237    29.7737    29.7757    36.2728    36.2737    22.7582    22.7582    1507.66    189.558    188.802         47 0.0000e+00
     123575   5148.903     32.790     33.000    29.6280    29.6289   5.969592   5.969853     3.1427     2.6575      66.06   22.96783  -85.82242   -0.00042   -0.00015     4.3186     4.2991    29.6199    29.6207    36.0836    36.0847    22.6390    22.6395    1499.79    188.578    187.725         42 0.0000e+00
     124359   5181.588     31.796     32.000    29.7834    29.7850   6.000854   6.001190     3.1609     2.6756     100.38   23.08832  -86.27266    0.00040    0.00158     4.3437     4.3292    29.7755    29.7771    36.2729    36.2740    22.7577    22.7579    1507.66    189.672    189.040         46 0.0000e+00
     123585   5149.352     28.815     29.000    29.5246    29.5250   5.948536   5.948741     3.1340     2.6507      79.41   22.88749  -85.52221    0.00038   -0.00066     4.3055     4.2869    29.5174    29.5178    35.9572    35.9583    22.5592    22.5599    1494.55    188.005    187.194         36 0.0000e+00
     124811   5200.411     27.822     28.000    29.7841    29.7848   6.000719   6.000948     3.1617     2.6756     100.76   23.08832  -86.27264    0.00045    0.00066     4.3430     4.3271    29.7772    29.7779    36.2726    36.2737    22.7569    22.7574    1507.66    189.643    188.947         32 0.0000e+00
     124932   5205.479     26.828     27.000    29.7853    29.7857   6.000812   6.001010     3.1623     2.6784     100.00   23.08834  -86.27264    0.00008    0.00140     4.3435     4.3321    29.7786    29.7790    36.2727    36.2737    22.7564    22.7570    1507.66    189.666    189.166         55 0.0000e+00
     126510   5271.226     21.860     22.000    29.6838    29.6844   5.979829   5.980061     3.1534     2.6668      97.91   23.00750  -85.97046   -0.00010    0.00148     4.3295     4.3099    29.6783    29.6789    36.1452    36.1463    22.6750    22.6757    1502.38    189.052    188.196         50 0.0000e+00
     127074   5294.726     20.867     21.000    29.7887    29.7889   6.000871   6.001045     3.1657     2.6769      92.50   23.08836  -86.27260   -0.00010    0.00125     4.3462     4.3259    29.7835    29.7837    36.2723    36.2733    22.7544    22.7552    1507.66    189.785    188.896         35 0.0000e+00
     127178   5299.039     19.873     20.000    29.7901    29.7901   6.000990   6.001139     3.1661     2.6804      93.07   23.08837  -86.27260   -0.00028    0.00135     4.3463     4.3321    29.7851    29.7852    36.2723    36.2733    22.7539    22.7547    1507.66    189.785    189.167         36 0.0000e+00
     127287   5303.577     18.879     19.000    29.7928    29.7911   6.001256   6.001212     3.1671     2.6800      99.96   23.08838  -86.27260   -0.00011    0.00156     4.3472     4.3308    29.7881    29.7864    36.2724    36.2734    22.7530    22.7543    1507.66    189.829    189.111         41 0.0000e+00
     127380   5307.439     17.886     18.000    29.7935    29.7934   6.001299   6.001416     3.1646     2.6769     100.00   23.08838  -86.27259   -0.00051    0.00047     4.3423     4.3240    29.7891    29.7889    36.2724    36.2734    22.7527    22.7534    1507.66    189.613    188.813         51 0.0000e+00
     127500   5312.452     16.892     17.000    29.7942    29.7929   6.001330   6.001377     3.1664     2.6783      95.85   23.08838  -86.27258    0.00035    0.00119     4.3449     4.3262    29.7900    29.7887    36.2724    36.2735    22.7524    22.7536    1507.66    189.728    188.911         35 0.0000e+00
     127600   5316.645     15.899     16.000    29.7945    29.7949   6.001316   6.001517     3.1680     2.6761      92.38   23.08839  -86.27258    0.00029   -0.00062     4.3473     4.3213    29.7905    29.7910    36.2724    36.2735    22.7522    22.7528    1507.66    189.831    188.696         48 0.0000e+00
     127848   5326.938     14.904     15.000    29.7962    29.7965   6.001461   6.001641     3.1711     2.6759     101.40   23.08841  -86.27258    0.00277    0.00007     4.3521     4.3202    29.7925    29.7927    36.2724    36.2735    22.7515    22.7522    1507.66    190.040    188.647         41 0.0000e+00
     128496   5353.954     12.918     13.000    29.6396    29.6391   5.969182   5.969248     3.1489     2.6615      99.45   22.96134  -85.79763    0.00023   -0.00015     4.3181     4.2956    29.6364    29.6359    36.0729    36.0738    22.6237    22.6245    1499.36    188.558    187.575         46 0.0000e+00
     129335   5388.906     11.924     12.000    29.8079    29.8072   6.002654   6.002709     3.1681     2.6767     100.00   23.08846  -86.27258    0.00057    0.00036     4.3444     4.3195    29.8049    29.8042    36.2727    36.2736    22.7474    22.7483    1507.66    189.705    188.619         44 0.0000e+00
     129426   5392.701     10.930     11.000    29.8129    29.8088   6.003182   6.002998     3.1700     2.6780      96.45   23.08846  -86.27258    0.00052    0.00021     4.3467     4.3213    29.8101    29.8061    36.2728    36.2738    22.7458    22.7479    1507.66    189.808    188.695         36 0.0000e+00
     127570   5315.365      8.943      9.000    29.3560    29.3446   5.909341   5.908222     3.1181     2.6343      94.80   22.71926  -84.89302    0.00032   -0.00119     4.2727     4.2488    29.3538    29.3424    35.6931    35.6940    22.3753    22.3799    1483.55    186.574    185.533         47 0.0000e+00
     129783   5407.593      7.949      8.000    29.8501    29.8354   6.007131   6.005739     3.1704     2.6789     100.72   23.08846  -86.27256    0.00019    0.00034     4.3430     4.3196    29.8481    29.8334    36.2729    36.2742    22.7329    22.7388    1507.66    189.646    188.627         34 0.0000e+00
     132524   5521.808      4.968      5.000    30.4477    30.4213   6.122105   6.119439     3.2301     2.7321      80.05   23.50504  -87.82907   -0.00060    0.00031     4.4199     4.4020    30.4464    30.4201    36.9286    36.9292    23.1235    23.1330    1534.86    193.008    192.226         40 0.0000e+00
     131797   5491.480      2.981      3.000    29.8967    29.8920   6.003437   6.003006     3.1638     2.6737      91.28   23.01025  -85.98003   -0.00007   -0.00069     4.3219     4.2989    29.8959    29.8912    36.1537    36.1543    22.6076    22.6097    1502.55    188.736    187.729         37 0.0000e+00
     138408   5766.937      0.994      1.000    31.4619    30.8405   6.270927   6.239101     3.2695     2.7759      35.96   23.80460  -88.94793    0.00347    0.00182     4.4328     4.4476    31.4617    30.8403    37.4115    37.0052    23.2110    23.0559    1554.42    193.609    194.238         37 0.0000e+00
