GOMECC/GOMECC-4/1db/urb2103_1211.cnv
* Sea-Bird SBE 9 Data File:
* FileName = C:\Users\scs.user.rb\CTD\GOMECC4\data\rb2103_1211.hex
* Software Version Seasave V 7.26.7.107
* Temperature SN = 4799
* Conductivity SN = 3860
* Number of Bytes Per Scan = 41
* Number of Voltage Words = 4
* Number of Scans Averaged by the Deck Unit = 1
* NMEA Latitude = 24 24.00 N
* NMEA Longitude = 080 37.48 W
* NMEA UTC (Time) = Oct 17 2021  18:24:48
* NMEA baud rate = 4800
# nquan = 28
# nvalues = 198                         
# units = specified
# name 0 = scan: Scan Count
# name 1 = timeS: Time, Elapsed [seconds]
# name 2 = depSM: Depth [salt water, m]
# name 3 = prDM: Pressure, Digiquartz [db]
# name 4 = t090C: Temperature [ITS-90, deg C]
# name 5 = t190C: Temperature, 2 [ITS-90, deg C]
# name 6 = c0S/m: Conductivity [S/m]
# name 7 = c1S/m: Conductivity, 2 [S/m]
# name 8 = sbeox0V: Oxygen raw, SBE 43 [V]
# name 9 = sbeox1V: Oxygen raw, SBE 43, 2 [V]
# name 10 = altM: Altimeter [m]
# name 11 = latitude: Latitude [deg]
# name 12 = longitude: Longitude [deg]
# name 13 = sbox0dV/dT: Oxygen, SBE 43 [dov/dt]
# name 14 = sbox1dV/dT: Oxygen, SBE 43, 2 [dov/dt]
# name 15 = sbeox0ML/L: Oxygen, SBE 43 [ml/l], WS = 5
# name 16 = sbeox1ML/L: Oxygen, SBE 43, 2 [ml/l], WS = 5
# name 17 = potemp090C: Potential Temperature [ITS-90, deg C]
# name 18 = potemp190C: Potential Temperature, 2 [ITS-90, deg C]
# name 19 = sal00: Salinity, Practical [PSU]
# name 20 = sal11: Salinity, Practical, 2 [PSU]
# name 21 = sigma-é00: Density [sigma-theta, kg/m^3]
# name 22 = sigma-é11: Density, 2 [sigma-theta, kg/m^3]
# name 23 = avgsvCM: Average Sound Velocity [Chen-Millero, m/s], minP = 20, minS = 20
# name 24 = sbox0Mm/Kg: Oxygen, SBE 43 [umol/kg], WS = 5
# name 25 = sbox1Mm/Kg: Oxygen, SBE 43, 2 [umol/kg], WS = 5
# name 26 = nbin: number of scans per bin
# name 27 = flag: flag
# span 0 =      38287,      77438       
# span 1 =   1595.241,   3226.540       
# span 2 =      0.994,    356.396       
# span 3 =      1.000,    359.000       
# span 4 =    12.4615,    29.1284       
# span 5 =    12.4541,    29.1803       
# span 6 =   4.119435,   5.928156       
# span 7 =   4.118575,   5.928503       
# span 8 =     1.7890,     3.1996       
# span 9 =     1.4720,     2.7109       
# span 10 =      14.06,     104.51      
# span 11 =   22.55827,   24.51490      
# span 12 =  -80.93901,  -74.46373      
# span 13 =   -0.00325,    0.01349      
# span 14 =   -0.00808,    0.01388      
# span 15 =     2.7984,     4.5285      
# span 16 =     2.8119,     4.5078      
# span 17 =    12.4129,    29.1282      
# span 18 =    12.4055,    29.1800      
# span 19 =    33.4673,    36.9504      
# span 20 =    33.4690,    36.9468      
# span 21 =    21.2116,    26.9514      
# span 22 =    21.2077,    26.9519      
# span 23 =    1411.26,    1533.87      
# span 24 =    121.695,    197.658      
# span 25 =    122.286,    196.758      
# span 26 =         30,         79      
# span 27 = 0.0000e+00, 0.0000e+00      
# interval = decibars: 1                
# start_time = Oct 17 2021 18:24:48 [NMEA time, header]
# bad_flag = -9.990e-29
*END*
[from data line 104]
      50918   2121.538    137.073    138.000    22.1054    22.0894   5.254133   5.252890     2.3586     1.9746     100.00   24.40881  -80.60773    0.00139    0.00092     3.3829     3.3856    22.0778    22.0618    36.9000    36.9037    25.6403    25.6477    1527.46    147.301    147.418         37 0.0000e+00
      50953   2122.998    136.079    137.000    22.1748    22.1769   5.262536   5.262885     2.3611     1.9762     100.00   24.40882  -80.60772    0.00180    0.00088     3.3830     3.3835    22.1473    22.1494    36.9077    36.9086    25.6264    25.6266    1527.46    147.308    147.333         34 0.0000e+00
      50990   2124.533    135.086    136.000    22.2549    22.2596   5.272100   5.272661     2.3647     1.9796     100.00   24.40882  -80.60771    0.00201    0.00142     3.3846     3.3856    22.2275    22.2322    36.9154    36.9158    25.6095    25.6085    1527.46    147.383    147.424         39 0.0000e+00
      51029   2126.164    134.094    135.000    22.2870    22.2750   5.275722   5.274438     2.3662     1.9827     100.00   24.40884  -80.60768    0.00182    0.00215     3.3851     3.3914    22.2599    22.2478    36.9170    36.9171    25.6015    25.6050    1527.46    147.406    147.678         38 0.0000e+00
      51066   2127.697    133.101    134.000    22.3210    22.3134   5.279827   5.279168     2.3685     1.9829     100.00   24.40884  -80.60767    0.00125    0.00141     3.3872     3.3889    22.2940    22.2863    36.9208    36.9221    25.5946    25.5978    1527.46    147.499    147.572         36 0.0000e+00
      51101   2129.170    132.107    133.000    22.3482    22.3430   5.283079   5.282623     2.3709     1.9839     100.00   24.40884  -80.60766    0.00132    0.00043     3.3900     3.3890    22.3214    22.3161    36.9237    36.9246    25.5890    25.5912    1527.46    147.620    147.576         35 0.0000e+00
      51137   2130.669    131.115    132.000    22.3844    22.3721   5.287349   5.285930     2.3722     1.9863     100.00   24.40886  -80.60764    0.00144    0.00089     3.3899     3.3921    22.3577    22.3455    36.9269    36.9262    25.5811    25.5840    1527.46    147.615    147.712         37 0.0000e+00
      51173   2132.173    130.121    131.000    22.4110    22.4069   5.290349   5.289838     2.3739     1.9880     100.00   24.40886  -80.60762    0.00115    0.00135     3.3911     3.3935    22.3845    22.3805    36.9283    36.9277    25.5745    25.5752    1527.46    147.672    147.776         35 0.0000e+00
      51209   2133.674    129.129    130.000    22.4828    22.4584   5.298010   5.295378     2.3767     1.9899      99.95   24.40888  -80.60761    0.00121    0.00121     3.3923     3.3943    22.4565    22.4321    36.9318    36.9289    25.5565    25.5613    1527.46    147.724    147.813         36 0.0000e+00
      51245   2135.185    128.136    129.000    22.5447    22.5415   5.305355   5.305104     2.3804     1.9918      99.88   24.40888  -80.60758    0.00188    0.00121     3.3949     3.3929    22.5186    22.5153    36.9335    36.9342    25.5400    25.5415    1527.46    147.840    147.753         36 0.0000e+00
      51282   2136.705    127.143    128.000    22.6090    22.6074   5.312966   5.312393     2.3838     1.9926     100.00   24.40889  -80.60757    0.00235    0.00107     3.3967     3.3912    22.5829    22.5814    36.9391    36.9359    25.5258    25.5238    1527.46    147.921    147.682         36 0.0000e+00
      51318   2138.212    126.150    127.000    22.7257    22.6944   5.326079   5.322264     2.3870     1.9979     100.00   24.40890  -80.60755    0.00228    0.00173     3.3957     3.3966    22.6998    22.6685    36.9433    36.9399    25.4953    25.5018    1527.46    147.882    147.918         36 0.0000e+00
      51355   2139.765    125.157    126.000    22.8076    22.7978   5.335073   5.333933     2.3892     2.0000      75.82   24.40891  -80.60754    0.00187    0.00227     3.3946     3.3946    22.7818    22.7720    36.9447    36.9441    25.4727    25.4750    1527.46    147.839    147.836         38 0.0000e+00
      51392   2141.303    124.164    125.000    22.8845    22.8694   5.343400   5.341981     2.3934     2.0024     100.18   24.40892  -80.60752    0.00192    0.00160     3.3979     3.3952    22.8589    22.8438    36.9451    36.9468    25.4506    25.4563    1527.46    147.984    147.865         35 0.0000e+00
      51427   2142.761    123.170    124.000    23.0189    23.0278   5.358302   5.358908     2.3989     2.0078     100.00   24.40893  -80.60751    0.00280    0.00199     3.3999     3.3974    22.9934    23.0022    36.9482    36.9455    25.4140    25.4093    1527.46    148.075    147.970         35 0.0000e+00
      51462   2144.216    122.178    123.000    23.2842    23.2563   5.386599   5.382190     2.4100     2.0177     100.00   24.40894  -80.60749    0.00442    0.00412     3.4050     3.4057    23.2587    23.2308    36.9450    36.9343    25.3340    25.3341    1527.46    148.312    148.339         36 0.0000e+00
      51499   2145.759    121.185    122.000    23.4716    23.4192   5.407593   5.400726     2.4321     2.0332     100.00   24.40894  -80.60747    0.00918    0.00727     3.4369     3.4298    23.4462    23.3938    36.9504    36.9414    25.2831    25.2917    1527.46    149.705    149.398         38 0.0000e+00
      51536   2147.304    120.191    121.000    23.5228    23.5108   5.412585   5.410472     2.4529     2.0501     100.00   24.40896  -80.60745    0.01349    0.00990     3.4751     3.4612    23.4975    23.4855    36.9464    36.9402    25.2649    25.2637    1527.46    151.373    150.769         35 0.0000e+00
      51571   2148.754    119.199    120.000    23.5794    23.5732   5.416911   5.416515     2.4675     2.0675     100.00   24.40896  -80.60744    0.01300    0.01119     3.5006     3.4956    23.5543    23.5481    36.9327    36.9349    25.2378    25.2413    1527.46    152.488    152.272         35 0.0000e+00
      51607   2150.238    118.205    119.000    23.6167    23.6139   5.419810   5.419697     2.4793     2.0812     100.00   24.40898  -80.60742    0.01000    0.01111     3.5214     3.5230    23.5918    23.5889    36.9242    36.9257    25.2203    25.2222    1527.46    153.399    153.465         37 0.0000e+00
      51644   2151.803    117.213    118.000    23.6494    23.6540   5.422377   5.422861     2.4887     2.0910      60.88   24.40898  -80.60741    0.00763    0.00887     3.5378     3.5420    23.6247    23.6292    36.9170    36.9169    25.2051    25.2037    1527.46    154.115    154.296         38 0.0000e+00
      51683   2153.400    116.219    117.000    23.6849    23.6958   5.425413   5.427112     2.4955     2.0967     100.10   24.40900  -80.60739    0.00581    0.00563     3.5485     3.5515    23.6549    23.6712    36.9155    36.9150    25.1950    25.1898    1527.46    154.583    154.712         38 0.0000e+00
      51719   2154.901    115.226    116.000    23.7223    23.7323   5.430168   5.431530     2.5015     2.1011     100.00   24.40900  -80.60737    0.00407    0.00366     3.5574     3.5585    23.6980    23.7079    36.9167    36.9188    25.1831    25.1818    1527.46    154.971    155.021         34 0.0000e+00
      51753   2156.315    114.233    115.000    23.7563    23.7644   5.434248   5.435660     2.5048     2.1023     100.00   24.40901  -80.60735    0.00339    0.00258     3.5615     3.5586    23.7321    23.7401    36.9200    36.9241    25.1755    25.1763    1527.46    155.151    155.025         34 0.0000e+00
      51787   2157.733    113.240    114.000    23.8075    23.8294   5.440153   5.443124     2.5057     2.1053     100.00   24.40902  -80.60734    0.00248    0.00153     3.5587     3.5604    23.7793    23.8053    36.9263    36.9259    25.1663    25.1583    1527.46    155.028    155.106         35 0.0000e+00
      51825   2159.319    112.247    113.000    23.9299    23.9339   5.454871   5.455875     2.5132     2.1086     100.00   24.40902  -80.60732    0.00237    0.00192     3.5654     3.5608    23.9059    23.9100    36.9341    36.9384    25.1345    25.1366    1527.46    155.327    155.126         41 0.0000e+00
      51866   2161.027    111.254    112.000    24.0154    24.0340   5.464007   5.466244     2.5162     2.1088     100.00   24.40904  -80.60730    0.00326    0.00143     3.5655     3.5548    23.9916    24.0102    36.9331    36.9348    25.1082    25.1039    1527.46    155.337    154.869         39 0.0000e+00
      51901   2162.481    110.261    111.000    24.1128    24.1447   5.473451   5.476422     2.5195     2.1127      93.33   24.40904  -80.60729    0.00210    0.00069     3.5654     3.5569    24.0891    24.1219    36.9246    36.9220    25.0726    25.0617    1527.46    155.337    154.965         32 0.0000e+00
      51934   2163.865    109.268    110.000    24.1869    24.2226   5.480401   5.483815     2.5279     2.1209      38.98   24.40905  -80.60727    0.00305    0.00292     3.5768     3.5692    24.1634    24.1991    36.9165    36.9128    25.0442    25.0307    1527.46    155.839    155.508         35 0.0000e+00
      51970   2165.363    108.275    109.000    24.2688    24.2766   5.486137   5.487211     2.5369     2.1311      99.51   24.40906  -80.60725    0.00527    0.00582     3.5892     3.5880    24.2455    24.2533    36.8926    36.8943    25.0014    25.0004    1527.46    156.386    156.332         37 0.0000e+00
      52006   2166.894    107.282    108.000    24.3595    24.3453   5.490654   5.489854     2.5510     2.1410     100.00   24.40906  -80.60724    0.00698    0.00634     3.6119     3.6060    24.3363    24.3222    36.8540    36.8597    24.9448    24.9534    1527.46    157.380    157.123         36 0.0000e+00
      52044   2168.446    106.289    107.000    24.4383    24.4388   5.495531   5.495903     2.5707     2.1614     100.00   24.40908  -80.60721    0.00972    0.00849     3.6452     3.6445    24.4153    24.4158    36.8247    36.8271    24.8988    24.9005    1527.46    158.839    158.807         38 0.0000e+00
      52082   2170.022    105.296    106.000    24.5062    24.4907   5.501084   5.500106     2.5891     2.1771     100.00   24.40908  -80.60720    0.01215    0.01165     3.6768     3.6749    24.4834    24.4679    36.8112    36.8165    24.8680    24.8767    1527.46    160.221    160.139         37 0.0000e+00
      52117   2171.506    104.303    105.000    24.5559    24.5584   5.505598   5.505933     2.6009     2.1886     100.00   24.40909  -80.60718    0.01114    0.00999     3.6963     3.6954    24.5333    24.5357    36.8048    36.8053    24.8481    24.8477    1527.46    161.075    161.036         35 0.0000e+00
      52152   2172.970    103.309    104.000    24.6938    24.6988   5.520213   5.520730     2.6120     2.1966     100.00   24.40910  -80.60716    0.00829    0.00705     3.7082     3.7035    24.6713    24.6763    36.8020    36.8019    24.8041    24.8025    1527.46    161.600    161.398         36 0.0000e+00
      52190   2174.527    102.316    103.000    24.8533    24.8873   5.534939   5.540194     2.6217     2.2044      96.80   24.40911  -80.60715    0.00714    0.00589     3.7142     3.7081    24.8143    24.8649    36.7961    36.7931    24.7561    24.7384    1527.46    161.869    161.606         38 0.0000e+00
      52226   2176.034    101.323    102.000    25.0252    24.9692   5.554153   5.547317     2.6293     2.2076     100.03   24.40912  -80.60712    0.00627    0.00438     3.7192     3.7096    25.0031    24.9469    36.7863    36.7810    24.6910    24.7042    1527.46    162.098    161.678         34 0.0000e+00
      52260   2177.475    100.330    101.000    25.1139    25.1089   5.560139   5.559666     2.6398     2.2181     100.00   24.40912  -80.60711    0.00545    0.00363     3.7335     3.7232    25.0917    25.0867    36.7593    36.7598    24.6434    24.6453    1527.46    162.729    162.281         36 0.0000e+00
      52298   2179.050     99.337    100.000    25.1904    25.2288   5.566812   5.569111     2.6559     2.2324     100.00   24.40914  -80.60710    0.00810    0.00706     3.7588     3.7469    25.1685    25.2068    36.7468    36.7330    24.6103    24.5881    1527.46    163.836    163.318         40 0.0000e+00
      52338   2180.713     98.344     99.000    25.3051    25.3491   5.578512   5.582116     2.6680     2.2454      64.47   24.40914  -80.60708    0.00902    0.00885     3.7745     3.7663    25.2833    25.3273    36.7415    36.7326    24.5709    24.5506    1527.46    164.528    164.172         40 0.0000e+00
      52392   2182.953     97.351     98.000    25.3906    25.4389   5.587778   5.592373     2.6770     2.2550     100.12   24.40915  -80.60705    0.00552    0.00589     3.7856     3.7805    25.3690    25.4172    36.7413    36.7363    24.5443    24.5257    1527.46    165.016    164.796         55 0.0000e+00
      52472   2186.297     96.357     97.000    25.6002    25.3878   5.605388   5.586565     2.6965     2.2558     100.00   24.40917  -80.60701    0.00605    0.00168     3.8035     3.7829    25.5736    25.3664    36.7068    36.7449    24.4548    24.5479    1527.46    165.811    164.900         35 0.0000e+00
      52560   2189.962     95.364     96.000    25.7860    25.4589   5.621164   5.591625     2.7185     2.2584     100.00   24.40920  -80.60696    0.00588   -0.00001     3.8394     3.7864    25.7656    25.4377    36.6690    36.7190    24.3665    24.5076    1527.46    167.391    165.056         74 0.0000e+00
      52637   2193.155     94.371     95.000    25.8420    25.8095   5.625660   5.623216     2.7272     2.2868     100.00   24.40921  -80.60693    0.00274    0.00757     3.8513     3.8239    25.8207    25.7885    36.6582    36.6627    24.3412    24.3532    1527.46    167.914    166.717         79 0.0000e+00
      52718   2196.554     93.378     94.000    25.7859    25.8213   5.621020   5.624855     2.7257     2.2914      99.51   24.40924  -80.60689    0.00011    0.00331     3.8517     3.8328    25.7635    25.8003    36.6723    36.6697    24.3697    24.3564    1527.46    167.925    167.105         54 0.0000e+00
      52805   2200.153     92.385     93.000    25.8080    25.7924   5.622625   5.621445     2.7252     2.2939      99.02   24.40925  -80.60685   -0.00002    0.00073     3.8490     3.8394    25.7873    25.7716    36.6637    36.6680    24.3557    24.3639    1527.46    167.809    167.391         71 0.0000e+00
      53026   2209.358     91.392     92.000    25.9692    25.9269   5.636995   5.633549     2.7369     2.3002      81.28   24.40931  -80.60674    0.00157    0.00094     3.8615     3.8441    25.9435    25.9063    36.6445    36.6490    24.2923    24.3074    1527.46    168.363    167.601         54 0.0000e+00
      54829   2284.513     90.399     91.000    26.2738    26.2806   5.668126   5.668659     2.7729     2.3323     104.51   24.40976  -80.60588    0.00045   -0.00073     3.9071     3.8890    26.2545    26.2600    36.6241    36.6250    24.1792    24.1782    1527.46    170.374    169.584         44 0.0000e+00
      54585   2274.321     89.405     90.000    26.2224    26.2338   5.662928   5.664044     2.7657     2.3290     100.00   24.40969  -80.60600   -0.00007    0.00066     3.8971     3.8846    26.2021    26.2135    36.6282    36.6276    24.1988    24.1947    1527.46    169.932    169.386         73 0.0000e+00
      54657   2277.353     88.412     89.000    26.2361    26.2512   5.663998   5.665612     2.7678     2.3287     100.00   24.40972  -80.60596    0.00087   -0.00013     3.8995     3.8823    26.2160    26.2310    36.6256    36.6254    24.1924    24.1875    1527.46    170.037    169.290         67 0.0000e+00
      54719   2279.901     87.419     88.000    26.2721    26.2799   5.666220   5.666745     2.7701     2.3331      87.75   24.40973  -80.60593    0.00070    0.00017     3.9017     3.8896    26.2522    26.2600    36.6139    36.6111    24.1722    24.1676    1527.46    170.139    169.613         53 0.0000e+00
