GOMECC/GOMECC-4/1db/urb2103_0091.cnv
* Sea-Bird SBE 9 Data File:
* FileName = C:\Users\scs.user.rb\CTD\GOMECC4\data\rb2103_0091.hex
* Software Version Seasave V 7.26.7.107
* Temperature SN = 4799
* Conductivity SN = 3860
* Number of Bytes Per Scan = 41
* Number of Voltage Words = 4
* Number of Scans Averaged by the Deck Unit = 1
* NMEA Latitude = 26 00.03 N
* NMEA Longitude = 085 59.98 W
* NMEA UTC (Time) = Sep 17 2021  12:33:51
* NMEA baud rate = 4800
# nquan = 28
# nvalues = 759                         
# units = specified
# name 0 = scan: Scan Count
# name 1 = timeS: Time, Elapsed [seconds]
# name 2 = depSM: Depth [salt water, m]
# name 3 = prDM: Pressure, Digiquartz [db]
# name 4 = t090C: Temperature [ITS-90, deg C]
# name 5 = t190C: Temperature, 2 [ITS-90, deg C]
# name 6 = c0S/m: Conductivity [S/m]
# name 7 = c1S/m: Conductivity, 2 [S/m]
# name 8 = sbeox0V: Oxygen raw, SBE 43 [V]
# name 9 = sbeox1V: Oxygen raw, SBE 43, 2 [V]
# name 10 = altM: Altimeter [m]
# name 11 = latitude: Latitude [deg]
# name 12 = longitude: Longitude [deg]
# name 13 = sbox0dV/dT: Oxygen, SBE 43 [dov/dt]
# name 14 = sbox1dV/dT: Oxygen, SBE 43, 2 [dov/dt]
# name 15 = sbeox0ML/L: Oxygen, SBE 43 [ml/l], WS = 5
# name 16 = sbeox1ML/L: Oxygen, SBE 43, 2 [ml/l], WS = 5
# name 17 = potemp090C: Potential Temperature [ITS-90, deg C]
# name 18 = potemp190C: Potential Temperature, 2 [ITS-90, deg C]
# name 19 = sal00: Salinity, Practical [PSU]
# name 20 = sal11: Salinity, Practical, 2 [PSU]
# name 21 = sigma-é00: Density [sigma-theta, kg/m^3]
# name 22 = sigma-é11: Density, 2 [sigma-theta, kg/m^3]
# name 23 = avgsvCM: Average Sound Velocity [Chen-Millero, m/s], minP = 20, minS = 20
# name 24 = sbox0Mm/Kg: Oxygen, SBE 43 [umol/kg], WS = 5
# name 25 = sbox1Mm/Kg: Oxygen, SBE 43, 2 [umol/kg], WS = 5
# name 26 = nbin: number of scans per bin
# name 27 = flag: flag
# span 0 =     107364,     238919       
# span 1 =   4473.439,   9954.924       
# span 2 =      1.987,   3221.809       
# span 3 =      2.000,   3268.000       
# span 4 =     4.2864,    29.2968       
# span 5 =     4.2868,    29.2995       
# span 6 =   3.343186,   5.930560       
# span 7 =   3.343037,   5.930955       
# span 8 =     1.6153,     3.2646       
# span 9 =     1.3204,     2.7969       
# span 10 =      17.73,     101.57      
# span 11 =   24.85797,   26.27387      
# span 12 =  -86.93548,  -82.25065      
# span 13 =   -0.01761,    0.05182      
# span 14 =   -0.01414,    0.05087      
# span 15 =     2.5117,     4.8138      
# span 16 =     2.5434,     4.8424      
# span 17 =     4.0769,    29.2937      
# span 18 =     4.0781,    29.2964      
# span 19 =    34.3886,    36.8439      
# span 20 =    34.7020,    36.8403      
# span 21 =    21.8037,    27.7618      
# span 22 =    22.0013,    27.7601      
# span 23 =    1437.37,    1519.26      
# span 24 =    109.232,    209.874      
# span 25 =    110.611,    211.114      
# span 26 =         30,         70      
# span 27 = 0.0000e+00, 0.0000e+00      
# interval = decibars: 1                
# start_time = Sep 17 2021 12:33:51 [NMEA time, header]
# bad_flag = -9.990e-29
*END*
[from data line 725]
     231153   9631.317     44.703     45.000    28.7562    28.7651   5.866768   5.867734     3.1179     2.6547      43.98   25.98974  -85.99474    0.00047   -0.00080     4.3551     4.3708    28.7454    28.7542    36.1218    36.1217    22.9919    22.9889    1502.83    190.127    190.812         39 0.0000e+00
     231201   9633.333     43.709     44.000    28.7664    28.7760   5.867495   5.868432     3.1126     2.6558      97.68   25.98974  -85.99475   -0.00198    0.00080     4.3444     4.3721    28.7558    28.7654    36.1194    36.1185    22.9865    22.9827    1502.83    189.660    190.869         32 0.0000e+00
     231283   9636.764     42.716     43.000    28.7815    28.7948   5.868576   5.869912     3.1162     2.6543     100.00   25.98974  -85.99476    0.00088   -0.00058     4.3491     4.3670    28.7711    28.7844    36.1155    36.1149    22.9786    22.9736    1502.83    189.868    190.649         32 0.0000e+00
     231330   9638.720     41.723     42.000    28.8010    28.8062   5.870114   5.870808     3.1150     2.6529     100.00   25.98972  -85.99476    0.00046   -0.00001     4.3451     4.3629    28.7908    28.7961    36.1119    36.1128    22.9693    22.9681    1502.83    189.697    190.472         45 0.0000e+00
     231387   9641.103     40.729     41.000    28.8047    28.8345   5.870464   5.873664     3.1135     2.6475     100.00   25.98972  -85.99478   -0.00069   -0.00145     4.3417     4.3497    28.7948    28.8246    36.1119    36.1113    22.9679    22.9575    1502.83    189.547    189.899         66 0.0000e+00
     231465   9644.322     39.736     40.000    28.8345    28.8589   5.873407   5.876190     3.1169     2.6531     100.00   25.98972  -85.99479    0.00072    0.00026     4.3450     4.3586    28.8248    28.8492    36.1100    36.1108    22.9564    22.9489    1502.83    189.694    190.288         42 0.0000e+00
     231604   9650.111     37.749     38.000    28.8774    28.9018   5.878540   5.881047     3.1172     2.6514      99.86   25.99484  -86.01179   -0.00016   -0.00030     4.3412     4.3513    28.8682    28.8926    36.1163    36.1160    22.9477    22.9394    1503.13    189.531    189.972         52 0.0000e+00
     231626   9651.029     36.756     37.000    28.9051    28.9142   5.879974   5.881162     3.1196     2.6524      99.98   25.98970  -85.99481    0.00084   -0.00060     4.3433     4.3523    28.8962    28.9053    36.1069    36.1065    22.9303    22.9269    1502.83    189.621    190.015         48 0.0000e+00
     231665   9652.648     35.763     36.000    28.9156    28.9226   5.881396   5.882053     3.1198     2.6513     100.00   25.98970  -85.99482    0.00105    0.00085     4.3422     4.3485    28.9069    28.9139    36.1052    36.1044    22.9254    22.9225    1502.83    189.575    189.853         41 0.0000e+00
     231733   9655.499     34.770     35.000    28.9266    28.9336   5.881837   5.882401     3.1207     2.6555     100.00   25.98970  -85.99483    0.00028    0.00074     4.3426     4.3557    28.9181    28.9251    36.1001    36.0988    22.9178    22.9145    1502.83    189.594    190.166         40 0.0000e+00
     231780   9657.450     33.776     34.000    28.9351    28.9382   5.882009   5.882356     3.1204     2.6566     100.00   25.98970  -85.99484   -0.00023    0.00208     4.3410     4.3571    28.9269    28.9300    36.0952    36.0952    22.9112    22.9102    1502.83    189.527    190.229         33 0.0000e+00
     231840   9659.960     32.783     33.000    28.9428    28.9541   5.882031   5.882427     3.1217     2.6560     100.00   25.98970  -85.99485    0.00030    0.00033     4.3423     4.3547    28.9348    28.9462    36.0898    36.0841    22.9045    22.8964    1502.83    189.587    190.128         38 0.0000e+00
     231938   9664.030     30.796     31.000    28.9586    28.9635   5.881440   5.881815     3.1220     2.6524      99.99   25.98820  -85.98996    0.00007   -0.00044     4.3411     4.3457    28.9511    28.9560    36.0733    36.0722    22.8863    22.8839    1502.74    189.536    189.738         37 0.0000e+00
     232023   9667.581     29.803     30.000    28.9653    28.9687   5.881687   5.881981     3.1225     2.6521     100.00   25.98968  -85.99488   -0.00038    0.00067     4.3412     4.3445    28.9581    28.9614    36.0713    36.0708    22.8828    22.8812    1502.83    189.543    189.684         38 0.0000e+00
     232065   9669.320     28.810     29.000    28.9688    28.9724   5.881609   5.881928     3.1260     2.6542      97.94   25.98968  -85.99490    0.00093    0.00029     4.3466     4.3480    28.9618    28.9653    36.0684    36.0679    22.8793    22.8778    1502.83    189.776    189.838         39 0.0000e+00
     232198   9674.877     27.816     28.000    28.9780    28.9816   5.881539   5.881872     3.1248     2.6561      89.76   25.98968  -85.99491   -0.00002   -0.00001     4.3433     4.3508    28.9712    28.9748    36.0613    36.0608    22.8708    22.8693    1502.83    189.636    189.962         63 0.0000e+00
     232391   9682.926     26.823     27.000    28.9838    28.9878   5.881354   5.881740     3.1247     2.6565      99.21   25.98968  -85.99494    0.00014    0.00030     4.3424     4.3508    28.9773    28.9813    36.0559    36.0555    22.8647    22.8631    1502.83    189.597    189.963         36 0.0000e+00
     233413   9725.480     24.836     25.000    28.9901    28.9920   5.880746   5.881058     3.1245     2.6576      98.02   25.98971  -85.99509   -0.00007    0.00121     4.3406     4.3518    28.9841    28.9859    36.0475    36.0482    22.8562    22.8561    1502.83    189.521    190.008         34 0.0000e+00
     233900   9745.787     23.843     24.000    28.9896    28.9917   5.880449   5.880766     3.1264     2.6598      99.98   25.98972  -85.99516    0.00043    0.00136     4.3436     4.3558    28.9838    28.9859    36.0461    36.0467    22.8553    22.8550    1502.83    189.653    190.182         32 0.0000e+00
     234525   9771.836     21.856     22.000    29.0520    29.0564   5.891396   5.891736     3.1321     2.6647      96.36   26.04036  -86.16276   -0.00009   -0.00075     4.3503     4.3622    29.0467    29.0511    36.1090    36.1080    22.8921    22.8899    1505.76    189.945    190.466         50 0.0000e+00
     234195   9758.074     20.863     21.000    28.9971    28.9998   5.878494   5.878520     3.1254     2.6569      81.26   25.98972  -85.99522    0.00009   -0.00130     4.3402     4.3482    28.9920    28.9947    36.0278    36.0259    22.8388    22.8364    1502.83    189.507    189.855         48 0.0000e+00
     233052   9710.479     17.882     18.000    28.7918    28.7930   5.831201   5.830816     3.1058     2.6420      99.32   25.81324  -85.41135   -0.00046    0.00073     4.3137     4.3254    28.7874    28.7886    35.7394    35.7361    22.6533    22.6504    1492.63    188.356    188.863         42 0.0000e+00
     234288   9761.969     14.902     15.000    28.8815    28.8839   5.847510   5.847652     3.1142     2.6492      99.66   25.89870  -85.69412   -0.00068   -0.00011     4.3238     4.3356    28.8779    28.8803    35.8420    35.8412    22.7182    22.7167    1497.57    188.799    189.314         39 0.0000e+00
     237988   9916.141     12.915     13.000    29.2968    29.2995   5.930560   5.930955     3.1604     2.6832      87.45   26.27387  -86.93548   -0.00085    0.00014     4.3877     4.3914    29.2937    29.2964    36.3528    36.3535    23.0418    23.0414    1519.26    191.589    191.751         41 0.0000e+00
     235533   9813.850     11.922     12.000    28.9781    28.9800   5.865909   5.866099     3.1285     2.6589      93.25   25.98978  -85.99544    0.00011   -0.00006     4.3442     4.3507    28.9752    28.9771    35.9577    35.9576    22.7917    22.7910    1502.83    189.689    189.974         50 0.0000e+00
     235656   9818.974     10.928     11.000    28.9779    28.9809   5.865725   5.866156     3.1302     2.6552      77.23   25.98978  -85.99546    0.00010   -0.00009     4.3467     4.3428    28.9753    28.9782    35.9569    35.9577    22.7911    22.7907    1502.83    189.800    189.626         45 0.0000e+00
     236893   9870.515      9.935     10.000    28.9786    28.9817   5.865941   5.866597     3.1272     2.6613     100.11   25.98984  -85.99567    0.00008    0.00058     4.3408     4.3543    28.9762    28.9793    35.9582    35.9604    22.7917    22.7924    1502.83    189.541    190.128         56 0.0000e+00
     237852   9910.445      8.941      9.000    28.9804    28.9820   5.866563   5.866614     3.1268     2.6625      96.94   25.98988  -85.99584   -0.00035    0.00125     4.3394     4.3561    28.9782    28.9798    35.9614    35.9606    22.7935    22.7923    1502.83    189.479    190.208         36 0.0000e+00
     238012   9917.128      7.948      8.000    28.9788    28.9813   5.866134   5.866573     3.1296     2.6606      99.69   25.98990  -85.99586    0.00052    0.00002     4.3439     4.3519    28.9769    28.9794    35.9600    35.9611    22.7928    22.7928    1502.83    189.677    190.024         31 0.0000e+00
     238192   9924.637      6.954      7.000    28.9729    28.9730   5.864777   5.864618     3.1301     2.6633     100.00   25.98990  -85.99589    0.00014    0.00105     4.3449     4.3576    28.9712    28.9713    35.9554    35.9542    22.7913    22.7903    1502.83    189.721    190.272         49 0.0000e+00
     238359   9931.592      5.961      6.000    28.9688    28.9717   5.864034   5.864498     3.1282     2.6627      93.05   25.98990  -85.99591    0.00020    0.00074     4.3406     4.3559    28.9674    28.9702    35.9531    35.9546    22.7909    22.7910    1502.83    189.533    190.198         43 0.0000e+00
     238660   9944.109      4.967      5.000    28.9648    28.9676   5.862867   5.863339     3.1295     2.6619      98.42   25.98992  -85.99597    0.00035    0.00058     4.3436     4.3541    28.9636    28.9664    35.9488    35.9500    22.7889    22.7888    1502.83    189.662    190.121         60 0.0000e+00
     238919   9954.924      3.974      4.000    28.9591    28.9605   5.862011   5.862264     3.1280     2.6638      99.30   25.98994  -85.99600   -0.00020    0.00084     4.3409     4.3580    28.9581    28.9595    35.9475    35.9482    22.7897    22.7898    1502.83    189.545    190.290         42 0.0000e+00
     231146   9631.051      1.987      2.000    27.6931    27.9484   5.607095   5.607451     2.9956     2.5461      91.66   24.85797  -82.25065    0.00085    0.00173     4.1580     4.1639    27.6926    27.9479    34.3886    34.7020    21.8037    22.0013    1437.37    181.560    181.815         32 0.0000e+00
