GOMECC/GOMECC-4/1db/urb2103_0711.cnv
* Sea-Bird SBE 9 Data File:
* FileName = C:\Users\scs.user.rb\CTD\GOMECC4\data\rb2103_0711.hex
* Software Version Seasave V 7.26.7.107
* Temperature SN = 4799
* Conductivity SN = 3860
* Number of Bytes Per Scan = 41
* Number of Voltage Words = 4
* Number of Scans Averaged by the Deck Unit = 1
* NMEA Latitude = 26 03.51 N
* NMEA Longitude = 094 11.79 W
* NMEA UTC (Time) = Oct 03 2021  22:34:45
* NMEA baud rate = 4800
# nquan = 28
# nvalues = 415                         
# units = specified
# name 0 = scan: Scan Count
# name 1 = timeS: Time, Elapsed [seconds]
# name 2 = depSM: Depth [salt water, m]
# name 3 = prDM: Pressure, Digiquartz [db]
# name 4 = t090C: Temperature [ITS-90, deg C]
# name 5 = t190C: Temperature, 2 [ITS-90, deg C]
# name 6 = c0S/m: Conductivity [S/m]
# name 7 = c1S/m: Conductivity, 2 [S/m]
# name 8 = sbeox0V: Oxygen raw, SBE 43 [V]
# name 9 = sbeox1V: Oxygen raw, SBE 43, 2 [V]
# name 10 = altM: Altimeter [m]
# name 11 = latitude: Latitude [deg]
# name 12 = longitude: Longitude [deg]
# name 13 = sbox0dV/dT: Oxygen, SBE 43 [dov/dt]
# name 14 = sbox1dV/dT: Oxygen, SBE 43, 2 [dov/dt]
# name 15 = sbeox0ML/L: Oxygen, SBE 43 [ml/l], WS = 5
# name 16 = sbeox1ML/L: Oxygen, SBE 43, 2 [ml/l], WS = 5
# name 17 = potemp090C: Potential Temperature [ITS-90, deg C]
# name 18 = potemp190C: Potential Temperature, 2 [ITS-90, deg C]
# name 19 = sal00: Salinity, Practical [PSU]
# name 20 = sal11: Salinity, Practical, 2 [PSU]
# name 21 = sigma-é00: Density [sigma-theta, kg/m^3]
# name 22 = sigma-é11: Density, 2 [sigma-theta, kg/m^3]
# name 23 = avgsvCM: Average Sound Velocity [Chen-Millero, m/s], minP = 20, minS = 20
# name 24 = sbox0Mm/Kg: Oxygen, SBE 43 [umol/kg], WS = 5
# name 25 = sbox1Mm/Kg: Oxygen, SBE 43, 2 [umol/kg], WS = 5
# name 26 = nbin: number of scans per bin
# name 27 = flag: flag
# span 0 =     100727,     245271       
# span 1 =   4196.923,  10219.587       
# span 2 =      1.987,   2991.735       
# span 3 =      2.000,   3033.000       
# span 4 =     4.2901,    30.4469       
# span 5 =     4.2908,    30.4409       
# span 6 =   3.352214,   6.119088       
# span 7 =   3.352173,   6.118312       
# span 8 =     1.5664,     3.2538       
# span 9 =     1.2690,     2.7454       
# span 10 =      11.15,     105.13      
# span 11 =   25.96007,   26.84624      
# span 12 =  -97.04922,  -93.84388      
# span 13 =   -0.01148,    0.04843      
# span 14 =   -0.00838,    0.04783      
# span 15 =     2.3905,     4.7253      
# span 16 =     2.4053,     4.7412      
# span 17 =     4.0800,    30.4464      
# span 18 =     4.0812,    30.4404      
# span 19 =    34.9073,    37.1229      
# span 20 =    34.9056,    37.1242      
# span 21 =    22.8837,    27.7589      
# span 22 =    22.8772,    27.7575      
# span 23 =    1497.05,    1548.17      
# span 24 =    103.943,    206.091      
# span 25 =    104.590,    206.777      
# span 26 =         30,         80      
# span 27 = 0.0000e+00, 0.0000e+00      
# interval = decibars: 1                
# start_time = Oct 03 2021 22:34:45 [NMEA time, header]
# bad_flag = -9.990e-29
*END*
[from data line 52]
     123115   5129.745   2414.039   2444.000     4.3122     4.3131   3.385191   3.385146     1.8147     1.4987     100.00   26.05880  -94.19664    0.00009    0.00014     4.6467     4.6590     4.0942     4.0951    34.9737    34.9723    27.7554    27.7542    1502.69    201.917    202.452         40 0.0000e+00
     123151   5131.239   2413.057   2443.000     4.3121     4.3130   3.385135   3.385108     1.8147     1.4989     100.00   26.05880  -94.19664    0.00006    0.00016     4.6459     4.6596     4.0943     4.0952    34.9736    34.9724    27.7553    27.7542    1502.69    201.885    202.478         35 0.0000e+00
     123188   5132.793   2412.075   2442.000     4.3120     4.3129   3.385096   3.385065     1.8149     1.4991     100.00   26.05880  -94.19664    0.00004    0.00016     4.6461     4.6599     4.0943     4.0952    34.9737    34.9724    27.7554    27.7542    1502.69    201.892    202.492         40 0.0000e+00
     123231   5134.564   2411.092   2441.000     4.3119     4.3129   3.385057   3.385018     1.8151     1.4992     100.00   26.05880  -94.19664    0.00010    0.00008     4.6465     4.6596     4.0943     4.0952    34.9738    34.9723    27.7555    27.7542    1502.69    201.907    202.478         43 0.0000e+00
     123269   5136.165   2410.110   2440.000     4.3118     4.3128   3.385010   3.384962     1.8152     1.4993      92.46   26.05880  -94.19664    0.00012    0.00004     4.6465     4.6596     4.0943     4.0952    34.9738    34.9723    27.7555    27.7541    1502.69    201.909    202.476         33 0.0000e+00
     123299   5137.434   2409.128   2439.000     4.3118     4.3127   3.384959   3.384925     1.8155     1.4994      75.48   26.05880  -94.19664    0.00012    0.00010     4.6472     4.6594     4.0943     4.0952    34.9737    34.9724    27.7554    27.7542    1502.69    201.938    202.471         30 0.0000e+00
     123329   5138.678   2408.146   2438.000     4.3117     4.3126   3.384910   3.384875     1.8156     1.4994      99.82   26.05880  -94.19664    0.00014    0.00006     4.6466     4.6588     4.0944     4.0953    34.9737    34.9723    27.7553    27.7541    1502.69    201.915    202.445         30 0.0000e+00
     123361   5140.002   2407.164   2437.000     4.3116     4.3126   3.384873   3.384823     1.8155     1.4994     100.00   26.05880  -94.19664    0.00007    0.00003     4.6458     4.6584     4.0944     4.0954    34.9738    34.9722    27.7554    27.7541    1502.69    201.878    202.427         33 0.0000e+00
     123393   5141.326   2406.181   2436.000     4.3114     4.3125   3.384818   3.384780     1.8157     1.4995     100.00   26.05880  -94.19664    0.00001    0.00003     4.6459     4.6580     4.0944     4.0954    34.9738    34.9723    27.7554    27.7541    1502.69    201.884    202.410         30 0.0000e+00
     128097   5337.349   2229.320   2256.000     4.2995     4.3004   3.376660   3.376616     1.8412     1.5228     100.00   26.05900  -94.19728    0.00008    0.00005     4.6461     4.6567     4.1015     4.1024    34.9735    34.9720    27.7544    27.7531    1502.70    201.892    202.352         36 0.0000e+00
     128133   5338.838   2228.337   2255.000     4.2994     4.3003   3.376586   3.376548     1.8412     1.5229     100.00   26.05882  -94.19664    0.00012    0.00012     4.6454     4.6567     4.1015     4.1024    34.9732    34.9718    27.7542    27.7530    1502.69    201.860    202.354         38 0.0000e+00
     128179   5340.759   2227.354   2254.000     4.2993     4.3002   3.376537   3.376502     1.8414     1.5232     100.00   26.05882  -94.19663    0.00009    0.00012     4.6457     4.6576     4.1015     4.1024    34.9731    34.9718    27.7542    27.7530    1502.69    201.872    202.392         57 0.0000e+00
     128248   5343.613   2226.371   2253.000     4.2991     4.3001   3.376488   3.376443     1.8415     1.5234      66.64   26.05882  -94.19662    0.00005    0.00012     4.6455     4.6580     4.1015     4.1023    34.9732    34.9717    27.7542    27.7529    1502.69    201.866    202.407         54 0.0000e+00
     128319   5346.595   2225.388   2252.000     4.2989     4.2998   3.376441   3.376395     1.8414     1.5235     102.90   26.05882  -94.19662    0.00000    0.00002     4.6447     4.6578     4.1014     4.1023    34.9733    34.9719    27.7543    27.7531    1502.69    201.832    202.401         35 0.0000e+00
     129748   5406.124   2223.422   2250.000     4.2993     4.3005   3.376405   3.376391     1.8416     1.5238     100.00   26.05908  -94.19747    0.00007    0.00000     4.6441     4.6579     4.1019     4.1031    34.9734    34.9721    27.7543    27.7532    1502.70    201.805    202.403         39 0.0000e+00
     130135   5422.257   2221.456   2248.000     4.2990     4.2998   3.376200   3.376152     1.8421     1.5240      99.50   26.05821  -94.19429    0.00003    0.00005     4.6454     4.6577     4.1018     4.1026    34.9723    34.9709    27.7534    27.7522    1502.65    201.860    202.396         36 0.0000e+00
     130225   5426.014   2220.473   2247.000     4.2990     4.3000   3.376233   3.376191     1.8424     1.5241     100.02   26.05884  -94.19658    0.00008    0.00002     4.6459     4.6574     4.1020     4.1029    34.9731    34.9716    27.7541    27.7528    1502.69    201.882    202.384         51 0.0000e+00
     130267   5427.750   2219.490   2246.000     4.2989     4.2997   3.376180   3.376138     1.8426     1.5244     100.00   26.05884  -94.19658    0.00007    0.00010     4.6458     4.6582     4.1019     4.1028    34.9731    34.9717    27.7541    27.7529    1502.69    201.879    202.419         39 0.0000e+00
     130307   5429.430   2218.507   2245.000     4.2986     4.2996   3.376120   3.376085     1.8427     1.5244     100.00   26.05884  -94.19657    0.00008    0.00005     4.6457     4.6574     4.1018     4.1027    34.9731    34.9718    27.7541    27.7529    1502.69    201.872    202.381         44 0.0000e+00
     130361   5431.663   2217.524   2244.000     4.2985     4.2995   3.376074   3.376039     1.8428     1.5247     100.00   26.05884  -94.19658    0.00004    0.00008     4.6455     4.6581     4.1018     4.1028    34.9732    34.9717    27.7542    27.7529    1502.69    201.866    202.413         58 0.0000e+00
     130409   5433.684   2216.541   2243.000     4.2986     4.2995   3.376030   3.376005     1.8429     1.5250     100.00   26.05884  -94.19658    0.00005    0.00019     4.6454     4.6589     4.1020     4.1029    34.9730    34.9718    27.7540    27.7529    1502.69    201.862    202.446         36 0.0000e+00
     130468   5436.137   2214.575   2241.000     4.2983     4.2992   3.375934   3.375897     1.8432     1.5250      53.39   26.05890  -94.19680    0.00012    0.00002     4.6457     4.6578     4.1018     4.1028    34.9732    34.9718    27.7542    27.7529    1502.69    201.873    202.400         31 0.0000e+00
     130502   5437.522   2213.592   2240.000     4.2982     4.2992   3.375883   3.375842     1.8434     1.5251     100.04   26.05884  -94.19657    0.00010    0.00004     4.6457     4.6578     4.1018     4.1028    34.9732    34.9716    27.7541    27.7528    1502.69    201.875    202.402         36 0.0000e+00
     130537   5438.998   2212.609   2239.000     4.2983     4.2993   3.375849   3.375812     1.8437     1.5257     100.00   26.05884  -94.19657    0.00016    0.00014     4.6464     4.6598     4.1021     4.1030    34.9731    34.9716    27.7540    27.7528    1502.69    201.906    202.488         34 0.0000e+00
     130570   5440.395   2211.626   2238.000     4.2984     4.2993   3.375815   3.375780     1.8437     1.5259     100.00   26.05884  -94.19657    0.00015    0.00027     4.6459     4.6599     4.1023     4.1032    34.9731    34.9717    27.7540    27.7528    1502.69    201.882    202.492         34 0.0000e+00
     130604   5441.811   2210.643   2237.000     4.2984     4.2993   3.375779   3.375744     1.8439     1.5259     100.00   26.05884  -94.19657    0.00010    0.00017     4.6461     4.6596     4.1024     4.1033    34.9730    34.9717    27.7540    27.7529    1502.69    201.890    202.479         33 0.0000e+00
     130745   5447.668   2205.727   2232.000     4.2985     4.2994   3.375574   3.375534     1.8444     1.5263      64.31   26.05876  -94.19623    0.00009    0.00002     4.6451     4.6581     4.1030     4.1039    34.9729    34.9715    27.7538    27.7526    1502.68    201.846    202.415         30 0.0000e+00
     135243   5635.068   2033.619   2057.000     4.2904     4.2912   3.367833   3.367778     1.8685     1.5489     100.00   26.05879  -94.19630    0.00013    0.00017     4.6393     4.6534     4.1129     4.1136    34.9723    34.9709    27.7523    27.7511    1502.69    201.594    202.210         37 0.0000e+00
     135314   5638.033   2032.636   2056.000     4.2903     4.2911   3.367786   3.367736     1.8685     1.5493      80.96   26.05886  -94.19656    0.00004    0.00016     4.6386     4.6549     4.1129     4.1136    34.9724    34.9710    27.7524    27.7511    1502.69    201.565    202.273         47 0.0000e+00
     135367   5640.263   2031.652   2055.000     4.2902     4.2909   3.367728   3.367689     1.8691     1.5493     102.40   26.05886  -94.19656    0.00003    0.00004     4.6404     4.6544     4.1128     4.1136    34.9723    34.9710    27.7523    27.7512    1502.69    201.643    202.252         44 0.0000e+00
     135458   5644.027   2030.668   2054.000     4.2901     4.2908   3.367686   3.367641     1.8690     1.5494     100.00   26.05886  -94.19656   -0.00000    0.00004     4.6396     4.6542     4.1129     4.1136    34.9724    34.9711    27.7523    27.7512    1502.69    201.609    202.246         57 0.0000e+00
     135672   5652.963   2028.701   2052.000     4.2909     4.2918   3.367890   3.367859     1.8699     1.5498     100.01   26.06081  -94.20359    0.00011    0.00005     4.6415     4.6542     4.1139     4.1148    34.9749    34.9736    27.7542    27.7531    1502.80    201.690    202.242         49 0.0000e+00
     135740   5655.794   2027.716   2051.000     4.2906     4.2917   3.367609   3.367579     1.8697     1.5502     100.00   26.05886  -94.19656    0.00006    0.00007     4.6402     4.6557     4.1136     4.1147    34.9724    34.9709    27.7522    27.7509    1502.69    201.638    202.309         38 0.0000e+00
     137079   5711.575   2026.732   2050.000     4.2914     4.2922   3.367625   3.367590     1.8699     1.5502     100.00   26.05889  -94.19655    0.00007   -0.00008     4.6404     4.6548     4.1145     4.1153    34.9722    34.9709    27.7520    27.7509    1502.69    201.646    202.270         41 0.0000e+00
     137866   5744.376   2025.748   2049.000     4.2915     4.2924   3.367603   3.367564     1.8702     1.5501     100.00   26.05889  -94.19654    0.00003    0.00002     4.6412     4.6539     4.1147     4.1156    34.9723    34.9709    27.7521    27.7509    1502.69    201.679    202.232         46 0.0000e+00
     137969   5748.658   2024.765   2048.000     4.2914     4.2921   3.367552   3.367498     1.8704     1.5506      63.93   26.05890  -94.19654    0.00003    0.00017     4.6413     4.6556     4.1148     4.1155    34.9722    34.9708    27.7520    27.7508    1502.69    201.685    202.304         42 0.0000e+00
     138035   5751.408   2023.781   2047.000     4.2909     4.2918   3.367475   3.367435     1.8705     1.5507      99.86   26.05890  -94.19654    0.00010    0.00008     4.6413     4.6555     4.1144     4.1153    34.9723    34.9709    27.7521    27.7509    1502.69    201.683    202.302         63 0.0000e+00
     138096   5753.941   2022.797   2046.000     4.2910     4.2920   3.367441   3.367409     1.8705     1.5507      95.32   26.05890  -94.19654    0.00002   -0.00001     4.6407     4.6549     4.1146     4.1156    34.9723    34.9709    27.7521    27.7508    1502.69    201.658    202.276         55 0.0000e+00
     138152   5756.292   2021.813   2045.000     4.2909     4.2917   3.367395   3.367353     1.8706     1.5506      95.64   26.05890  -94.19654    0.00002   -0.00003     4.6405     4.6538     4.1146     4.1154    34.9723    34.9710    27.7521    27.7510    1502.69    201.650    202.226         66 0.0000e+00
     138214   5758.878   2020.829   2044.000     4.2911     4.2918   3.367364   3.367309     1.8707     1.5505     100.24   26.05890  -94.19654    0.00005   -0.00007     4.6400     4.6527     4.1149     4.1156    34.9722    34.9708    27.7520    27.7508    1502.69    201.626    202.181         47 0.0000e+00
     138251   5760.427   2019.845   2043.000     4.2910     4.2920   3.367321   3.367291     1.8708     1.5507      69.78   26.05890  -94.19654    0.00003    0.00005     4.6401     4.6528     4.1149     4.1158    34.9723    34.9710    27.7520    27.7509    1502.69    201.630    202.182         33 0.0000e+00
     138285   5761.845   2018.861   2042.000     4.2914     4.2923   3.367307   3.367267     1.8710     1.5507      78.95   26.05890  -94.19654    0.00008    0.00006     4.6400     4.6523     4.1154     4.1162    34.9721    34.9708    27.7519    27.7507    1502.69    201.626    202.161         36 0.0000e+00
     138323   5763.422   2017.877   2041.000     4.2916     4.2927   3.367282   3.367259     1.8711     1.5508     100.35   26.05890  -94.19654    0.00009    0.00002     4.6397     4.6519     4.1157     4.1168    34.9721    34.9707    27.7519    27.7506    1502.69    201.615    202.144         38 0.0000e+00
     138360   5764.943   2016.893   2040.000     4.2925     4.2933   3.367315   3.367280     1.8714     1.5509     100.00   26.05890  -94.19654    0.00012    0.00006     4.6404     4.6520     4.1167     4.1175    34.9720    34.9708    27.7517    27.7506    1502.69    201.642    202.149         35 0.0000e+00
     138393   5766.344   2015.909   2039.000     4.2931     4.2940   3.367331   3.367299     1.8714     1.5516      94.84   26.05890  -94.19654    0.00013    0.00023     4.6399     4.6541     4.1173     4.1182    34.9721    34.9708    27.7516    27.7505    1502.69    201.623    202.239         33 0.0000e+00
     138426   5767.710   2014.925   2038.000     4.2932     4.2941   3.367304   3.367269     1.8714     1.5518      92.04   26.05890  -94.19654    0.00007    0.00030     4.6392     4.6543     4.1175     4.1185    34.9722    34.9707    27.7517    27.7505    1502.69    201.591    202.251         32 0.0000e+00
     140123   5838.429   1950.959   1973.000     4.2972     4.2979   3.365017   3.364963     1.8786     1.5581     100.00   26.05903  -94.19707    0.00013    0.00005     4.6283     4.6421     4.1280     4.1287    34.9717    34.9704    27.7502    27.7491    1502.70    201.121    201.717         30 0.0000e+00
     140411   5850.406   1940.131   1962.000     4.2967     4.2976   3.364539   3.364494     1.8802     1.5593     100.00   26.05911  -94.19737    0.00016 3.3611e-07     4.6280     4.6406     4.1286     4.1294    34.9718    34.9705    27.7502    27.7491    1502.70    201.108    201.656         30 0.0000e+00
     140540   5855.772   1935.210   1957.000     4.2971     4.2979   3.364384   3.364336     1.8805     1.5604     100.00   26.05925  -94.19787    0.00006    0.00016     4.6265     4.6425     4.1295     4.1303    34.9720    34.9707    27.7503    27.7491    1502.71    201.042    201.736         30 0.0000e+00
     140569   5856.993   1934.225   1956.000     4.2971     4.2980   3.364292   3.364254     1.8807     1.5604     100.00   26.05888  -94.19652    0.00008    0.00003     4.6265     4.6418     4.1296     4.1304    34.9714    34.9701    27.7498    27.7486    1502.69    201.039    201.707         32 0.0000e+00
     141349   5889.504   1904.693   1926.000     4.2992     4.2999   3.363227   3.363183     1.8841     1.5630      70.77   26.05873  -94.19591    0.00002    0.00001     4.6220     4.6348     4.1346     4.1354    34.9709    34.9696    27.7489    27.7478    1502.68    200.846    201.401         31 0.0000e+00
