GOMECC/GOMECC-4/1db/urb2103_1041.cnv
* Sea-Bird SBE 9 Data File:
* FileName = C:\Users\scs.user.rb\CTD\GOMECC4\data\rb2103_1041.hex
* Software Version Seasave V 7.26.7.107
* Temperature SN = 4799
* Conductivity SN = 3860
* Number of Bytes Per Scan = 41
* Number of Voltage Words = 4
* Number of Scans Averaged by the Deck Unit = 1
* NMEA Latitude = 24 59.65 N
* NMEA Longitude = 087 59.43 W
* NMEA UTC (Time) = Oct 13 2021  08:39:27
* NMEA baud rate = 4800
# nquan = 28
# nvalues = 246                         
# units = specified
# name 0 = scan: Scan Count
# name 1 = timeS: Time, Elapsed [seconds]
# name 2 = depSM: Depth [salt water, m]
# name 3 = prDM: Pressure, Digiquartz [db]
# name 4 = t090C: Temperature [ITS-90, deg C]
# name 5 = t190C: Temperature, 2 [ITS-90, deg C]
# name 6 = c0S/m: Conductivity [S/m]
# name 7 = c1S/m: Conductivity, 2 [S/m]
# name 8 = sbeox0V: Oxygen raw, SBE 43 [V]
# name 9 = sbeox1V: Oxygen raw, SBE 43, 2 [V]
# name 10 = altM: Altimeter [m]
# name 11 = latitude: Latitude [deg]
# name 12 = longitude: Longitude [deg]
# name 13 = sbox0dV/dT: Oxygen, SBE 43 [dov/dt]
# name 14 = sbox1dV/dT: Oxygen, SBE 43, 2 [dov/dt]
# name 15 = sbeox0ML/L: Oxygen, SBE 43 [ml/l], WS = 5
# name 16 = sbeox1ML/L: Oxygen, SBE 43, 2 [ml/l], WS = 5
# name 17 = potemp090C: Potential Temperature [ITS-90, deg C]
# name 18 = potemp190C: Potential Temperature, 2 [ITS-90, deg C]
# name 19 = sal00: Salinity, Practical [PSU]
# name 20 = sal11: Salinity, Practical, 2 [PSU]
# name 21 = sigma-é00: Density [sigma-theta, kg/m^3]
# name 22 = sigma-é11: Density, 2 [sigma-theta, kg/m^3]
# name 23 = avgsvCM: Average Sound Velocity [Chen-Millero, m/s], minP = 20, minS = 20
# name 24 = sbox0Mm/Kg: Oxygen, SBE 43 [umol/kg], WS = 5
# name 25 = sbox1Mm/Kg: Oxygen, SBE 43, 2 [umol/kg], WS = 5
# name 26 = nbin: number of scans per bin
# name 27 = flag: flag
# span 0 =     103799,     228661       
# span 1 =   4324.906,   9527.486       
# span 2 =      1.987,   3416.683       
# span 3 =      2.000,   3467.000       
# span 4 =     4.2981,    29.5944       
# span 5 =     4.2991,    29.5989       
# span 6 =   3.351009,   5.988335       
# span 7 =   3.350984,   5.988959       
# span 8 =     1.6260,     3.1867       
# span 9 =     1.3224,     2.7001       
# span 10 =       9.21,     102.83      
# span 11 =   24.73953,   25.08604      
# span 12 =  -88.25073,  -87.02534      
# span 13 =   -0.00135,    0.00756      
# span 14 =   -0.00166,    0.00681      
# span 15 =     2.6652,     4.6258      
# span 16 =     2.6738,     4.6186      
# span 17 =     4.0789,    29.5823      
# span 18 =     4.0801,    29.5869      
# span 19 =    34.8888,    37.0187      
# span 20 =    34.8879,    37.0192      
# span 21 =    22.6002,    27.7584      
# span 22 =    22.6018,    27.7572      
# span 23 =    1489.83,    1510.85      
# span 24 =    115.881,    201.008      
# span 25 =    116.254,    200.698      
# span 26 =         30,         69      
# span 27 = 0.0000e+00, 0.0000e+00      
# interval = decibars: 1                
# start_time = Oct 13 2021 08:39:27 [NMEA time, header]
# bad_flag = -9.990e-29
*END*
[from data line 156]
     207046   8626.887    305.791    308.000    18.4945    18.5043   4.833910   4.835114     2.2470     1.8812      86.96   25.01346  -88.00266    0.00096    0.00081     3.4637     3.4702    18.4399    18.4497    36.5321    36.5336    26.3357    26.3344    1506.61    150.722    151.002         45 0.0000e+00
     207084   8628.476    304.799    307.000    18.5259    18.5384   4.837595   4.839311     2.2494     1.8849      99.98   25.01346  -88.00266    0.00103    0.00135     3.4666     3.4766    18.4712    18.4839    36.5361    36.5383    26.3308    26.3293    1506.61    150.845    151.284         38 0.0000e+00
     207121   8630.012    303.807    306.000    18.5472    18.5669   4.840154   4.842168     2.2518     1.8868     100.00   25.01347  -88.00266    0.00154    0.00178     3.4698     3.4795    18.4929    18.5126    36.5391    36.5423    26.3276    26.3251    1506.61    150.988    151.409         36 0.0000e+00
     207161   8631.668    302.815    305.000    18.5673    18.5761   4.842646   4.843771     2.2545     1.8894      74.55   25.01348  -88.00266    0.00145    0.00146     3.4740     3.4843    18.5132    18.5219    36.5428    36.5446    26.3253    26.3245    1506.61    151.171    151.616         44 0.0000e+00
     207202   8633.358    301.823    304.000    18.5781    18.5821   4.843767   4.844460     2.2572     1.8911     101.78   25.01348  -88.00268    0.00158    0.00136     3.4789     3.4877    18.5241    18.5281    36.5431    36.5454    26.3228    26.3236    1506.61    151.384    151.766         31 0.0000e+00
     210328   8763.620    170.822    172.000    22.6864    22.7320   5.326185   5.331825     2.4421     2.0512      90.52   24.99468  -87.93501    0.00140    0.00128     3.5294     3.5322    22.6512    22.6968    36.9505    36.9560    25.5117    25.5028    1505.45    153.696    153.821         36 0.0000e+00
     211968   8831.970    167.844    169.000    22.9930    22.9964   5.365194   5.365627     2.4477     2.0528      97.06   25.03225  -88.06652   -0.00012   -0.00046     3.5186     3.5182    22.9582    22.9616    37.0187    37.0192    25.4806    25.4801    1507.70    153.241    153.223         45 0.0000e+00
     211868   8827.796    166.851    168.000    22.9833    22.9876   5.362169   5.362518     2.4475     2.0538      92.62   25.01412  -88.00274    0.00020    0.00076     3.5180     3.5203    22.9487    22.9530    36.9912    36.9921    25.4596    25.4590    1506.61    153.214    153.315         50 0.0000e+00
     211912   8829.604    165.859    167.000    23.0533    23.0001   5.369479   5.363843     2.4506     2.0553     100.08   25.01414  -88.00274    0.00124    0.00104     3.5205     3.5226    23.0189    22.9656    36.9912    36.9923    25.4392    25.4555    1506.61    153.325    153.415         43 0.0000e+00
     211952   8831.297    164.866    166.000    23.1555    23.0348   5.380034   5.367324     2.4541     2.0565     100.00   25.01414  -88.00274    0.00167    0.00089     3.5198     3.5226    23.1211    23.0005    36.9875    36.9904    25.4065    25.4439    1506.61    153.297    153.415         40 0.0000e+00
     211995   8833.093    163.873    165.000    23.1857    23.1009   5.383825   5.374460     2.4599     2.0581      73.36   25.01414  -88.00274    0.00269    0.00072     3.5291     3.5205    23.1515    23.0670    36.9918    36.9912    25.4010    25.4254    1506.61    153.707    153.330         46 0.0000e+00
     212040   8834.952    162.880    164.000    23.2407    23.1334   5.389403   5.378367     2.4625     2.0617     100.52   25.01414  -88.00274    0.00243    0.00132     3.5303     3.5272    23.2066    23.0994    36.9891    36.9938    25.3828    25.4177    1506.61    153.761    153.622         41 0.0000e+00
     212080   8836.613    161.888    163.000    23.2572    23.2782   5.391434   5.393547     2.4643     2.0677     100.00   25.01416  -88.00274    0.00125    0.00240     3.5325     3.5314    23.2234    23.2444    36.9913    36.9900    25.3795    25.3724    1506.61    153.855    153.812         41 0.0000e+00
     215662   8985.892    124.158    125.000    25.9165    25.9193   5.639249   5.639542     2.6907     2.2636      99.99   25.01180  -87.99236   -0.00038   -0.00068     3.7895     3.7812    25.8885    25.8913    36.6858    36.6865    24.3402    24.3399    1506.43    165.218    164.855         43 0.0000e+00
     215750   8989.544    123.165    124.000    25.9202    25.9241   5.639720   5.640280     2.6945     2.2675     100.00   25.01486  -88.00310    0.00134    0.00030     3.7960     3.7887    25.8924    25.8963    36.6894    36.6904    24.3423    24.3418    1506.61    165.501    165.184         57 0.0000e+00
     215794   8991.359    122.172    123.000    25.9597    25.9504   5.642471   5.642322     2.6955     2.2703     100.00   25.01487  -88.00310    0.00080    0.00169     3.7962     3.7928    25.9322    25.9228    36.6838    36.6854    24.3256    24.3298    1506.61    165.511    165.365         30 0.0000e+00
     215830   8992.865    121.179    122.000    26.0366    26.0144   5.650597   5.648440     2.7032     2.2730      83.63   25.01488  -88.00310    0.00165    0.00163     3.8041     3.7940    26.0091    25.9870    36.6766    36.6785    24.2960    24.3044    1506.61    165.863    165.418         35 0.0000e+00
     217998   9083.200     92.381     93.000    27.4092    27.4274   5.753210   5.754592     2.9799     2.5228      99.98   25.00971  -87.98362    0.00142    0.00164     4.2230     4.2162    27.3881    27.4057    36.3411    36.3376    23.6026    23.5941    1506.27    184.251    183.954         46 0.0000e+00
     218091   9087.103     91.388     92.000    27.4426    27.4632   5.756205   5.758507     2.9867     2.5325     100.00   25.01530  -88.00328    0.00309    0.00440     4.2324     4.2332    27.4211    27.4417    36.3392    36.3396    23.5910    23.5847    1506.61    184.664    184.698         40 0.0000e+00
     218127   9088.579     90.395     91.000    27.4655    27.4790   5.758371   5.759744     2.9906     2.5339     100.00   25.01532  -88.00329    0.00291    0.00398     4.2375     4.2346    27.4443    27.4577    36.3371    36.3364    23.5820    23.5771    1506.61    184.885    184.762         34 0.0000e+00
     218229   9092.852     87.415     88.000    27.5601    27.5701   5.766740   5.767708     3.0186     2.5542     100.01   25.01671  -88.00812    0.00750    0.00556     4.2814     4.2689    27.5395    27.5495    36.3250    36.3241    23.5422    23.5383    1506.69    186.811    186.264         32 0.0000e+00
     218250   9093.696     86.422     87.000    27.5856    27.5690   5.768834   5.767537     3.0249     2.5583     100.00   25.01534  -88.00330    0.00756    0.00527     4.2908     4.2769    27.5653    27.5486    36.3195    36.3232    23.5294    23.5376    1506.61    187.220    186.614         31 0.0000e+00
     218280   9094.939     85.429     86.000    27.6078    27.6194   5.771327   5.772656     3.0314     2.5620     100.00   25.01534  -88.00330    0.00590    0.00409     4.2998     4.2802    27.5869    27.5993    36.3208    36.3207    23.5233    23.5192    1506.61    187.618    186.763         30 0.0000e+00
     218309   9096.171     84.436     85.000    27.6820    27.6647   5.779752   5.778252     3.0377     2.5701     100.00   25.01534  -88.00330    0.00506    0.00368     4.3068     4.2950    27.6620    27.6448    36.3229    36.3257    23.5005    23.5082    1506.61    187.924    187.410         30 0.0000e+00
     218342   9097.535     83.443     84.000    27.7919    27.7323   5.792195   5.786068     3.0440     2.5749     100.00   25.01536  -88.00330    0.00507    0.00461     4.3086     4.2978    27.7722    27.7126    36.3262    36.3290    23.4670    23.4885    1506.61    188.010    187.537         35 0.0000e+00
     218376   9098.949     82.450     83.000    27.8746    27.8633   5.799998   5.800173     3.0484     2.5734     100.00   25.01536  -88.00330    0.00424    0.00334     4.3101     4.2849    27.8550    27.8437    36.3178    36.3277    23.4336    23.4447    1506.61    188.083    186.978         32 0.0000e+00
     218470   9102.870     80.463     81.000    28.0097    28.0011   5.813625   5.813353     3.0612     2.5932     100.02   25.01920  -88.01675    0.00444    0.00492     4.3229     4.3151    27.9905    27.9819    36.3129    36.3176    23.3862    23.3926    1506.84    188.651    188.307         32 0.0000e+00
     218469   9102.835     79.470     80.000    28.0997    28.0437   5.822217   5.817109     3.0682     2.5932     100.00   25.01538  -88.00330    0.00485    0.00610     4.3283     4.3115    28.0808    28.0247    36.3017    36.3089    23.3474    23.3712    1506.61    188.890    188.153         33 0.0000e+00
     218501   9104.170     78.477     79.000    28.1614    28.2033   5.827999   5.832307     3.0785     2.6008      80.79   25.01538  -88.00330    0.00585    0.00297     4.3422     4.3163    28.1426    28.1846    36.2952    36.2893    23.3222    23.3018    1506.61    189.505    188.377         31 0.0000e+00
     218532   9105.455     77.483     78.000    28.2110    28.2470   5.833273   5.836669     3.0857     2.6109      79.48   25.01538  -88.00330    0.00686    0.00458     4.3511     4.3325    28.1924    28.2284    36.2945    36.2906    23.3051    23.2904    1506.61    189.896    189.085         31 0.0000e+00
     218562   9106.720     76.491     77.000    28.3044    28.2873   5.842904   5.841362     3.0931     2.6173      99.85   25.01538  -88.00330    0.00618    0.00681     4.3571     4.3421    28.2861    28.2689    36.2905    36.2929    23.2713    23.2787    1506.61    190.163    189.506         30 0.0000e+00
     218594   9108.053     75.497     76.000    28.3396    28.3052   5.846759   5.843181     3.1014     2.6239     100.00   25.01539  -88.00330    0.00589    0.00590     4.3691     4.3537    28.3214    28.2871    36.2909    36.2922    23.2599    23.2721    1506.61    190.688    190.013         34 0.0000e+00
     218627   9109.429     74.504     75.000    28.4242    28.3461   5.855130   5.847492     3.1131     2.6300     100.00   25.01540  -88.00330    0.00658    0.00474     4.3837     4.3625    28.4063    28.3282    36.2849    36.2913    23.2272    23.2579    1506.61    191.332    190.403         31 0.0000e+00
     220936   9205.619     70.531     71.000    28.8011    28.8016   5.900330   5.900480     3.1826     2.6979     100.28   25.08604  -88.25073    0.00032    0.00034     4.4822     4.4686    28.7840    28.7845    36.3616    36.3627    23.1745    23.1751    1510.85    195.655    195.060         34 0.0000e+00
     220379   9182.406     69.538     70.000    28.7205    28.7272   5.883766   5.884586     3.1731     2.6860      89.61   25.01572  -88.00330   -0.00002   -0.00055     4.4682     4.4466    28.7036    28.7103    36.2597    36.2602    23.1094    23.1076    1506.61    195.042    194.101         60 0.0000e+00
     220431   9184.598     68.545     69.000    28.7213    28.7294   5.883809   5.884723     3.1727     2.6909      99.89   25.01573  -88.00330   -0.00038    0.00005     4.4668     4.4557    28.7047    28.7128    36.2597    36.2598    23.1091    23.1065    1506.61    194.983    194.498         53 0.0000e+00
     220485   9186.825     67.551     68.000    28.7248    28.7348   5.884116   5.885692     3.1733     2.6897     100.00   25.01574  -88.00330    0.00019    0.00143     4.4674     4.4536    28.7084    28.7184    36.2593    36.2598    23.1076    23.1046    1506.61    195.008    194.405         52 0.0000e+00
     220540   9189.111     66.558     67.000    28.7475    28.8022   5.886338   5.891827     3.1756     2.6906      99.83   25.01575  -88.00330    0.00072   -0.00021     4.4691     4.4488    28.7313    28.7860    36.2579    36.2544    23.0989    23.0779    1506.61    195.082    194.201         58 0.0000e+00
     220593   9191.352     65.565     66.000    28.7893    28.8525   5.890839   5.897240     3.1781     2.6876     100.00   25.01576  -88.00330    0.00097   -0.00119     4.4699     4.4385    28.7756    28.8366    36.2555    36.2539    23.0822    23.0607    1506.61    195.120    193.757         51 0.0000e+00
     220649   9193.677     64.572     65.000    28.8674    28.9069   5.898648   5.902702     3.1836     2.6936     100.00   25.01577  -88.00330    0.00197    0.00131     4.4731     4.4462    28.8516    28.8912    36.2527    36.2507    23.0547    23.0400    1506.61    195.268    194.095         57 0.0000e+00
     220701   9195.847     63.578     64.000    28.9101    28.9334   5.902897   5.905463     3.1836     2.6973     100.00   25.01578  -88.00331    0.00106    0.00248     4.4694     4.4511    28.8946    28.9179    36.2499    36.2500    23.0382    23.0305    1506.61    195.107    194.313         52 0.0000e+00
     220762   9198.361     62.585     63.000    28.9403    28.9727   5.906070   5.909443     3.1823     2.7001     100.00   25.01579  -88.00332   -0.00027    0.00096     4.4640     4.4534    28.9250    28.9574    36.2491    36.2480    23.0275    23.0158    1506.61    194.876    194.415         62 0.0000e+00
     220813   9200.495     61.592     62.000    28.9723    28.9793   5.908796   5.910017     3.1849     2.6945     100.00   25.01580  -88.00332   -0.00022   -0.00079     4.4666     4.4415    28.9573    28.9642    36.2472    36.2480    23.0152    23.0135    1506.61    194.992    193.895         47 0.0000e+00
     220871   9202.911     60.599     61.000    28.9803    28.9878   5.910048   5.910916     3.1867     2.6942     100.00   25.01580  -88.00332    0.00173   -0.00147     4.4680     4.4396    28.9655    28.9731    36.2469    36.2470    23.0122    23.0098    1506.61    195.051    193.811         62 0.0000e+00
     220922   9205.042     59.606     60.000    28.9910    28.9917   5.910711   5.911162     3.1838     2.6950      92.98   25.01582  -88.00332   -0.00135    0.00054     4.4622     4.4404    28.9765    28.9771    36.2459    36.2464    23.0078    23.0080    1506.61    194.799    193.849         44 0.0000e+00
     220982   9207.539     58.612     59.000    28.9913    28.9989   5.910912   5.911775     3.1839     2.6942      98.53   25.01583  -88.00332    0.00006   -0.00006     4.4611     4.4377    28.9769    28.9846    36.2458    36.2454    23.0076    23.0047    1506.61    194.754    193.730         67 0.0000e+00
     221036   9209.808     57.619     58.000    28.9960    28.9988   5.911272   5.911684     3.1861     2.6933      82.79   25.01584  -88.00334    0.00014   -0.00018     4.4643     4.4354    28.9819    28.9848    36.2450    36.2452    23.0053    23.0045    1506.61    194.893    193.631         48 0.0000e+00
     221091   9212.083     56.626     57.000    28.9970    29.0024   5.911384   5.911962     3.1850     2.6914      87.69   25.01585  -88.00334    0.00035   -0.00052     4.4614     4.4308    28.9832    28.9886    36.2448    36.2447    23.0047    23.0028    1506.61    194.767    193.432         60 0.0000e+00
     221149   9214.483     55.632     56.000    29.0039    29.0187   5.911992   5.913542     3.1829     2.6936     100.02   25.01586  -88.00334   -0.00057   -0.00048     4.4565     4.4335    28.9903    29.0051    36.2441    36.2436    23.0018    22.9965    1506.61    194.553    193.550         54 0.0000e+00
     221204   9216.772     54.639     55.000    29.0295    29.0605   5.914486   5.917906     3.1831     2.6978     100.00   25.01588  -88.00335   -0.00060    0.00187     4.4544     4.4390    29.0161    29.0471    36.2427    36.2425    22.9921    22.9815    1506.61    194.461    193.793         56 0.0000e+00
     221262   9219.215     53.646     54.000    29.0502    29.2083   5.917391   5.935376     3.1849     2.6945     100.00   25.01588  -88.00336    0.00053    0.00004     4.4554     4.4205    29.0370    29.1951    36.2469    36.2511    22.9882    22.9382    1506.61    194.507    192.994         52 0.0000e+00
