GOMECC/GOMECC-4/1db/urb2103_0731.cnv
* Sea-Bird SBE 9 Data File:
* FileName = C:\Users\scs.user.rb\CTD\GOMECC4\data\rb2103_0731.hex
* Software Version Seasave V 7.26.7.107
* Temperature SN = 4799
* Conductivity SN = 3860
* Number of Bytes Per Scan = 41
* Number of Voltage Words = 4
* Number of Scans Averaged by the Deck Unit = 1
* NMEA Latitude = 26 03.44 N
* NMEA Longitude = 093 15.71 W
* NMEA UTC (Time) = Oct 04 2021  10:15:47
* NMEA baud rate = 4800
# nquan = 28
# nvalues = 436                         
# units = specified
# name 0 = scan: Scan Count
# name 1 = timeS: Time, Elapsed [seconds]
# name 2 = depSM: Depth [salt water, m]
# name 3 = prDM: Pressure, Digiquartz [db]
# name 4 = t090C: Temperature [ITS-90, deg C]
# name 5 = t190C: Temperature, 2 [ITS-90, deg C]
# name 6 = c0S/m: Conductivity [S/m]
# name 7 = c1S/m: Conductivity, 2 [S/m]
# name 8 = sbeox0V: Oxygen raw, SBE 43 [V]
# name 9 = sbeox1V: Oxygen raw, SBE 43, 2 [V]
# name 10 = altM: Altimeter [m]
# name 11 = latitude: Latitude [deg]
# name 12 = longitude: Longitude [deg]
# name 13 = sbox0dV/dT: Oxygen, SBE 43 [dov/dt]
# name 14 = sbox1dV/dT: Oxygen, SBE 43, 2 [dov/dt]
# name 15 = sbeox0ML/L: Oxygen, SBE 43 [ml/l], WS = 5
# name 16 = sbeox1ML/L: Oxygen, SBE 43, 2 [ml/l], WS = 5
# name 17 = potemp090C: Potential Temperature [ITS-90, deg C]
# name 18 = potemp190C: Potential Temperature, 2 [ITS-90, deg C]
# name 19 = sal00: Salinity, Practical [PSU]
# name 20 = sal11: Salinity, Practical, 2 [PSU]
# name 21 = sigma-é00: Density [sigma-theta, kg/m^3]
# name 22 = sigma-é11: Density, 2 [sigma-theta, kg/m^3]
# name 23 = avgsvCM: Average Sound Velocity [Chen-Millero, m/s], minP = 20, minS = 20
# name 24 = sbox0Mm/Kg: Oxygen, SBE 43 [umol/kg], WS = 5
# name 25 = sbox1Mm/Kg: Oxygen, SBE 43, 2 [umol/kg], WS = 5
# name 26 = nbin: number of scans per bin
# name 27 = flag: flag
# span 0 =      98782,     219014       
# span 1 =   4115.891,   9125.533       
# span 2 =      2.980,   3087.705       
# span 3 =      3.000,   3131.000       
# span 4 =     4.3161,    28.9724       
# span 5 =     4.3169,    28.9681       
# span 6 =   3.357952,   5.878144       
# span 7 =   3.357893,   5.875901       
# span 8 =     1.5742,     3.2294       
# span 9 =     1.2766,     2.7490       
# span 10 =       9.51,     102.48      
# span 11 =   25.90704,   26.11278      
# span 12 =  -93.45430,  -92.71786      
# span 13 =   -0.03513,    0.03222      
# span 14 =   -0.03932,    0.03294      
# span 15 =     2.4559,     4.8336      
# span 16 =     2.4713,     4.8359      
# span 17 =     4.0834,    28.9642      
# span 18 =     4.0848,    28.9598      
# span 19 =    30.8219,    36.5161      
# span 20 =    34.9062,    36.5161      
# span 21 =    19.9650,    27.7580      
# span 22 =    22.5999,    27.7565      
# span 23 =    1494.21,    1506.08      
# span 24 =    106.786,    210.757      
# span 25 =    107.457,    210.856      
# span 26 =         30,         68      
# span 27 = 0.0000e+00, 0.0000e+00      
# interval = decibars: 1                
# start_time = Oct 04 2021 10:15:47 [NMEA time, header]
# bad_flag = -9.990e-29
*END*
      98782   4115.891   3087.705   3131.000     4.3791     4.3804   3.417432   3.417402     1.7260     1.4159       9.51   26.05854  -93.26439    0.00003   -0.00004     4.6589     4.6678     4.0837     4.0850    34.9756    34.9738    27.7580    27.7564    1503.07    202.447    202.836         46 0.0000e+00
      99413   4142.187   3086.726   3130.000     4.3788     4.3802   3.417372   3.417348     1.7262     1.4157      10.68   26.05854  -93.26440    0.00007   -0.00002     4.6592     4.6665     4.0836     4.0849    34.9756    34.9739    27.7580    27.7565    1503.07    202.460    202.776         38 0.0000e+00
      99545   4147.673   3085.747   3129.000     4.3789     4.3802   3.417328   3.417309     1.7263     1.4160      11.41   26.05854  -93.26440    0.00008   -0.00002     4.6590     4.6672     4.0837     4.0850    34.9755    34.9739    27.7579    27.7565    1503.07    202.451    202.808         40 0.0000e+00
      99610   4150.384   3084.768   3128.000     4.3786     4.3799   3.417278   3.417244     1.7265     1.4164      12.53   26.05854  -93.26440    0.00003    0.00013     4.6592     4.6686     4.0835     4.0848    34.9756    34.9739    27.7580    27.7565    1503.07    202.459    202.870         36 0.0000e+00
      99697   4153.994   3083.789   3127.000     4.3785     4.3798   3.417228   3.417196     1.7265     1.4164      13.48   26.05854  -93.26440    0.00003   -0.00000     4.6585     4.6679     4.0836     4.0849    34.9755    34.9738    27.7580    27.7565    1503.07    202.432    202.839         41 0.0000e+00
      99732   4155.438   3082.810   3126.000     4.3784     4.3797   3.417179   3.417146     1.7266     1.4164      14.17   26.05855  -93.26441    0.00003    0.00001     4.6584     4.6675     4.0836     4.0848    34.9755    34.9738    27.7579    27.7565    1503.07    202.427    202.821         33 0.0000e+00
      99766   4156.876   3081.831   3125.000     4.3782     4.3795   3.417130   3.417097     1.7267     1.4164      15.21   26.05854  -93.26440    0.00006    0.00001     4.6582     4.6669     4.0835     4.0848    34.9756    34.9739    27.7580    27.7565    1503.07    202.417    202.796         39 0.0000e+00
      99815   4158.928   3080.852   3124.000     4.3780     4.3793   3.417076   3.417038     1.7268     1.4164      16.29   26.05854  -93.26440    0.00004    0.00001     4.6582     4.6666     4.0834     4.0848    34.9756    34.9738    27.7580    27.7564    1503.07    202.418    202.780         55 0.0000e+00
      99858   4160.727   3079.872   3123.000     4.3781     4.3794   3.417037   3.417006     1.7268     1.4165      17.10   26.05854  -93.26440    0.00006    0.00003     4.6578     4.6663     4.0837     4.0849    34.9754    34.9738    27.7579    27.7565    1503.07    202.398    202.770         31 0.0000e+00
     100714   4196.364   3046.581   3089.000     4.3746     4.3759   3.415480   3.415446     1.7307     1.4200      49.84   26.05860  -93.26463    0.00013    0.00005     4.6558     4.6636     4.0842     4.0855    34.9756    34.9739    27.7580    27.7565    1503.07    202.311    202.653         30 0.0000e+00
     106927   4455.243   2788.884   2826.000     4.3490     4.3501   3.403299   3.403255     1.7631     1.4502      78.45   26.05876  -93.26491    0.00012    0.00013     4.6472     4.6564     4.0889     4.0899    34.9753    34.9736    27.7572    27.7558    1503.07    201.937    202.340         32 0.0000e+00
     107067   4461.098   2783.001   2820.000     4.3484     4.3496   3.403026   3.402980     1.7638     1.4505      73.40   26.05889  -93.26536    0.00016    0.00005     4.6468     4.6544     4.0889     4.0900    34.9754    34.9737    27.7573    27.7558    1503.08    201.921    202.250         30 0.0000e+00
     108758   4531.539   2717.301   2753.000     4.3435     4.3446   3.400012   3.399976     1.7717     1.4579      93.58   26.05885  -93.26511    0.00004    0.00003     4.6422     4.6503     4.0915     4.0926    34.9751    34.9735    27.7568    27.7554    1503.08    201.720    202.075         59 0.0000e+00
     109004   4541.774   2716.320   2752.000     4.3435     4.3446   3.399963   3.399920     1.7717     1.4580     100.62   26.05872  -93.26468   -0.00001   -0.00002     4.6418     4.6499     4.0917     4.0928    34.9749    34.9732    27.7566    27.7552    1503.07    201.702    202.057         42 0.0000e+00
     109203   4550.064   2715.340   2751.000     4.3435     4.3447   3.399918   3.399880     1.7717     1.4581     100.00   26.05872  -93.26468   -0.00001    0.00006     4.6413     4.6500     4.0917     4.0929    34.9749    34.9732    27.7566    27.7551    1503.07    201.680    202.059         51 0.0000e+00
     110056   4585.623   2714.359   2750.000     4.3433     4.3445   3.399860   3.399839     1.7721     1.4588      89.32   26.05874  -93.26468    0.00001    0.00008     4.6420     4.6527     4.0916     4.0929    34.9748    34.9733    27.7566    27.7552    1503.07    201.714    202.178         32 0.0000e+00
     110583   4607.583   2713.378   2749.000     4.3432     4.3445   3.399809   3.399794     1.7723     1.4586      99.81   26.05874  -93.26468    0.00006    0.00002     4.6425     4.6510     4.0917     4.0929    34.9748    34.9733    27.7565    27.7552    1503.07    201.736    202.105         49 0.0000e+00
     110667   4611.068   2712.397   2748.000     4.3432     4.3444   3.399773   3.399738     1.7722     1.4589     100.00   26.05874  -93.26470   -0.00004    0.00003     4.6415     4.6517     4.0918     4.0929    34.9748    34.9732    27.7565    27.7551    1503.07    201.690    202.137         39 0.0000e+00
     110713   4612.987   2711.417   2747.000     4.3430     4.3442   3.399724   3.399688     1.7724     1.4589     100.00   26.05874  -93.26470    0.00008    0.00012     4.6419     4.6515     4.0917     4.0929    34.9749    34.9732    27.7566    27.7552    1503.07    201.710    202.127         31 0.0000e+00
     110772   4615.478   2710.436   2746.000     4.3428     4.3439   3.399668   3.399629     1.7727     1.4589     100.00   26.05874  -93.26470    0.00011    0.00001     4.6426     4.6508     4.0916     4.0927    34.9749    34.9733    27.7566    27.7552    1503.07    201.739    202.094         48 0.0000e+00
     110835   4618.073   2709.455   2745.000     4.3429     4.3441   3.399632   3.399606     1.7729     1.4591     100.00   26.05874  -93.26470    0.00007    0.00007     4.6428     4.6511     4.0918     4.0930    34.9748    34.9732    27.7565    27.7551    1503.07    201.746    202.109         42 0.0000e+00
     110876   4619.809   2708.474   2744.000     4.3427     4.3439   3.399571   3.399542     1.7729     1.4591     100.00   26.05874  -93.26470    0.00003    0.00003     4.6423     4.6506     4.0918     4.0929    34.9747    34.9732    27.7565    27.7551    1503.07    201.726    202.088         46 0.0000e+00
     110933   4622.147   2707.493   2743.000     4.3425     4.3436   3.399530   3.399485     1.7730     1.4591      96.07   26.05874  -93.26470    0.00004    0.00002     4.6421     4.6499     4.0917     4.0928    34.9749    34.9732    27.7566    27.7552    1503.07    201.716    202.056         64 0.0000e+00
     110986   4624.394   2706.512   2742.000     4.3426     4.3440   3.399490   3.399472     1.7730     1.4591     100.37   26.05874  -93.26470    0.00001   -0.00003     4.6417     4.6493     4.0919     4.0932    34.9748    34.9732    27.7565    27.7551    1503.07    201.699    202.031         34 0.0000e+00
     111020   4625.773   2705.532   2741.000     4.3425     4.3437   3.399441   3.399416     1.7731     1.4592     100.00   26.05874  -93.26471    0.00002    0.00002     4.6414     4.6494     4.0918     4.0930    34.9748    34.9733    27.7565    27.7552    1503.07    201.686    202.036         33 0.0000e+00
     111057   4627.327   2704.551   2740.000     4.3424     4.3435   3.399396   3.399363     1.7733     1.4594      82.93   26.05874  -93.26470    0.00007    0.00008     4.6417     4.6496     4.0919     4.0930    34.9748    34.9732    27.7565    27.7551    1503.07    201.699    202.043         43 0.0000e+00
     111104   4629.291   2703.570   2739.000     4.3424     4.3436   3.399363   3.399323     1.7733     1.4598     100.39   26.05874  -93.26470    0.00009    0.00015     4.6412     4.6507     4.0920     4.0931    34.9748    34.9732    27.7565    27.7551    1503.07    201.677    202.093         47 0.0000e+00
     111146   4631.047   2702.590   2738.000     4.3424     4.3436   3.399315   3.399286     1.7736     1.4601     100.00   26.05874  -93.26472    0.00005    0.00020     4.6419     4.6518     4.0921     4.0933    34.9748    34.9732    27.7564    27.7550    1503.07    201.708    202.139         38 0.0000e+00
     111183   4632.593   2701.609   2737.000     4.3421     4.3433   3.399257   3.399229     1.7737     1.4603     100.00   26.05874  -93.26472    0.00009    0.00020     4.6417     4.6521     4.0919     4.0931    34.9748    34.9732    27.7565    27.7551    1503.07    201.698    202.152         39 0.0000e+00
     111226   4634.364   2700.628   2736.000     4.3421     4.3432   3.399210   3.399177     1.7738     1.4603     100.00   26.05874  -93.26472    0.00009    0.00006     4.6414     4.6515     4.0920     4.0931    34.9747    34.9732    27.7564    27.7551    1503.07    201.686    202.127         42 0.0000e+00
     114154   4756.363   2581.916   2615.000     4.3343     4.3354   3.393860   3.393816     1.7881     1.4733      73.21   26.05896  -93.26536    0.00004    0.00015     4.6321     4.6411     4.0976     4.0987    34.9745    34.9729    27.7556    27.7542    1503.08    201.281    201.676         31 0.0000e+00
     114900   4787.444   2551.492   2584.000     4.3322     4.3332   3.392453   3.392406     1.7922     1.4772     100.00   26.05883  -93.26490    0.00019    0.00014     4.6315     4.6412     4.0989     4.0999    34.9742    34.9726    27.7553    27.7539    1503.07    201.258    201.677         30 0.0000e+00
     116729   4863.674   2476.885   2508.000     4.3321     4.3331   3.389464   3.389416     1.8006     1.4847      99.75   26.05897  -93.26538    0.00007    0.00000     4.6222     4.6305     4.1069     4.1080    34.9738    34.9721    27.7541    27.7527    1503.08    200.853    201.212         30 0.0000e+00
     116995   4874.765   2471.976   2503.000     4.3317     4.3329   3.389238   3.389204     1.8011     1.4855     100.00   26.05899  -93.26542    0.00004    0.00009     4.6213     4.6313     4.1071     4.1083    34.9738    34.9721    27.7541    27.7526    1503.08    200.814    201.250         50 0.0000e+00
     117243   4885.099   2470.994   2502.000     4.3319     4.3330   3.389189   3.389158     1.8011     1.4860      86.42   26.05884  -93.26484    0.00003    0.00009     4.6210     4.6328     4.1074     4.1085    34.9734    34.9719    27.7538    27.7525    1503.07    200.800    201.312         51 0.0000e+00
     117432   4892.948   2470.012   2501.000     4.3322     4.3331   3.389178   3.389125     1.8013     1.4858     100.68   26.05884  -93.26484    0.00004    0.00003     4.6209     4.6314     4.1078     4.1087    34.9735    34.9719    27.7538    27.7524    1503.07    200.797    201.251         41 0.0000e+00
     118212   4925.453   2469.031   2500.000     4.3325     4.3335   3.389157   3.389120     1.8015     1.4861     100.00   26.05886  -93.26487    0.00004    0.00004     4.6212     4.6322     4.1082     4.1092    34.9734    34.9719    27.7536    27.7523    1503.07    200.811    201.289         52 0.0000e+00
     118932   4955.476   2464.121   2495.000     4.3319     4.3331   3.388929   3.388896     1.8022     1.4868     100.00   26.05898  -93.26524    0.00013    0.00010     4.6211     4.6325     4.1082     4.1093    34.9735    34.9720    27.7538    27.7524    1503.08    200.807    201.302         33 0.0000e+00
     118965   4956.828   2463.139   2494.000     4.3320     4.3331   3.388880   3.388840     1.8023     1.4871     100.00   26.05888  -93.26490    0.00001    0.00022     4.6210     4.6333     4.1083     4.1094    34.9734    34.9718    27.7536    27.7522    1503.07    200.802    201.335         31 0.0000e+00
     119259   4969.081   2451.356   2482.000     4.3312     4.3323   3.388325   3.388291     1.8042     1.4883     100.00   26.05876  -93.26448    0.00017    0.00009     4.6222     4.6317     4.1089     4.1099    34.9731    34.9716    27.7534    27.7521    1503.06    200.855    201.264         30 0.0000e+00
     119432   4976.312   2444.482   2475.000     4.3310     4.3321   3.388040   3.388002     1.8052     1.4890     100.00   26.05879  -93.26453    0.00012    0.00011     4.6223     4.6305     4.1095     4.1105    34.9732    34.9716    27.7533    27.7520    1503.06    200.857    201.213         31 0.0000e+00
     120843   5035.078   2388.502   2418.000     4.3274     4.3284   3.385506   3.385466     1.8123     1.4961     100.00   26.05900  -93.26527    0.00009    0.00011     4.6188     4.6297     4.1120     4.1129    34.9733    34.9718    27.7532    27.7519    1503.07    200.706    201.181         32 0.0000e+00
     121017   5042.331   2381.626   2411.000     4.3270     4.3280   3.385161   3.385120     1.8133     1.4969     100.00   26.05882  -93.26455    0.00007    0.00015     4.6189     4.6292     4.1123     4.1133    34.9728    34.9714    27.7528    27.7515    1503.06    200.708    201.160         30 0.0000e+00
     121514   5063.035   2361.980   2391.000     4.3255     4.3264   3.384243   3.384202     1.8164     1.4996      97.84   26.05880  -93.26447    0.00014    0.00010     4.6200     4.6296     4.1129     4.1139    34.9729    34.9714    27.7527    27.7515    1503.06    200.759    201.176         30 0.0000e+00
     121636   5068.132   2357.068   2386.000     4.3253     4.3263   3.384061   3.384022     1.8169     1.5002     100.00   26.05908  -93.26549    0.00005    0.00007     4.6193     4.6292     4.1133     4.1143    34.9732    34.9717    27.7529    27.7517    1503.08    200.729    201.158         30 0.0000e+00
     122639   5109.937   2316.786   2345.000     4.3233     4.3243   3.382279   3.382238     1.8219     1.5049     100.00   26.05919  -93.26577    0.00013    0.00013     4.6159     4.6266     4.1156     4.1166    34.9733    34.9717    27.7528    27.7514    1503.08    200.578    201.044         30 0.0000e+00
     122812   5117.104   2309.908   2338.000     4.3229     4.3239   3.381935   3.381891     1.8231     1.5060     100.00   26.05898  -93.26504    0.00016    0.00011     4.6167     4.6271     4.1160     4.1169    34.9728    34.9714    27.7524    27.7511    1503.07    200.616    201.068         30 0.0000e+00
     123593   5149.661   2278.463   2306.000     4.3210     4.3219   3.380497   3.380456     1.8271     1.5100     100.00   26.05895  -93.26496    0.00015    0.00011     4.6149     4.6266     4.1174     4.1183    34.9727    34.9713    27.7521    27.7509    1503.07    200.534    201.045         31 0.0000e+00
     126580   5274.136   2175.250   2201.000     4.3174     4.3183   3.376048   3.376010     1.8414     1.5238      99.88   26.05960  -93.26720    0.00001   -0.00001     4.6116     4.6259     4.1248     4.1257    34.9730    34.9716    27.7516    27.7504    1503.10    200.393    201.015         50 0.0000e+00
     127031   5292.923   2174.267   2200.000     4.3179     4.3189   3.375986   3.375951     1.8415     1.5238     100.00   26.05903  -93.26515    0.00004   -0.00000     4.6111     4.6251     4.1254     4.1263    34.9722    34.9708    27.7509    27.7497    1503.07    200.372    200.978         54 0.0000e+00
     127730   5322.060   2173.283   2199.000     4.3183     4.3193   3.375990   3.375931     1.8415     1.5239     100.00   26.05906  -93.26518   -0.00002    0.00002     4.6104     4.6248     4.1259     4.1268    34.9722    34.9706    27.7508    27.7494    1503.07    200.341    200.965         38 0.0000e+00
