GOMECC/GOMECC-4/1db/urb2103_0401.cnv
* Sea-Bird SBE 9 Data File:
* FileName = C:\Users\scs.user.rb\CTD\GOMECC4\data\rb2103_0401.hex
* Software Version Seasave V 7.26.7.107
* Temperature SN = 4799
* Conductivity SN = 3860
* Number of Bytes Per Scan = 41
* Number of Voltage Words = 4
* Number of Scans Averaged by the Deck Unit = 1
* NMEA Latitude = 27 54.62 N
* NMEA Longitude = 090 00.08 W
* NMEA UTC (Time) = Sep 25 2021  23:21:03
* NMEA baud rate = 4800
# nquan = 28
# nvalues = 233                         
# units = specified
# name 0 = scan: Scan Count
# name 1 = timeS: Time, Elapsed [seconds]
# name 2 = depSM: Depth [salt water, m]
# name 3 = prDM: Pressure, Digiquartz [db]
# name 4 = t090C: Temperature [ITS-90, deg C]
# name 5 = t190C: Temperature, 2 [ITS-90, deg C]
# name 6 = c0S/m: Conductivity [S/m]
# name 7 = c1S/m: Conductivity, 2 [S/m]
# name 8 = sbeox0V: Oxygen raw, SBE 43 [V]
# name 9 = sbeox1V: Oxygen raw, SBE 43, 2 [V]
# name 10 = altM: Altimeter [m]
# name 11 = latitude: Latitude [deg]
# name 12 = longitude: Longitude [deg]
# name 13 = sbox0dV/dT: Oxygen, SBE 43 [dov/dt]
# name 14 = sbox1dV/dT: Oxygen, SBE 43, 2 [dov/dt]
# name 15 = sbeox0ML/L: Oxygen, SBE 43 [ml/l], WS = 5
# name 16 = sbeox1ML/L: Oxygen, SBE 43, 2 [ml/l], WS = 5
# name 17 = potemp090C: Potential Temperature [ITS-90, deg C]
# name 18 = potemp190C: Potential Temperature, 2 [ITS-90, deg C]
# name 19 = sal00: Salinity, Practical [PSU]
# name 20 = sal11: Salinity, Practical, 2 [PSU]
# name 21 = sigma-é00: Density [sigma-theta, kg/m^3]
# name 22 = sigma-é11: Density, 2 [sigma-theta, kg/m^3]
# name 23 = avgsvCM: Average Sound Velocity [Chen-Millero, m/s], minP = 20, minS = 20
# name 24 = sbox0Mm/Kg: Oxygen, SBE 43 [umol/kg], WS = 5
# name 25 = sbox1Mm/Kg: Oxygen, SBE 43, 2 [umol/kg], WS = 5
# name 26 = nbin: number of scans per bin
# name 27 = flag: flag
# span 0 =      37806,      92564       
# span 1 =   1575.218,   3856.793       
# span 2 =      1.987,    670.417       
# span 3 =      2.000,    676.000       
# span 4 =     6.7252,    29.6946       
# span 5 =     6.7255,    29.6943       
# span 6 =   3.525305,   6.090194       
# span 7 =   3.525251,   6.097052       
# span 8 =     1.5988,     3.2719       
# span 9 =     1.3023,     2.7786       
# span 10 =      10.64,     101.77      
# span 11 =   27.69997,   29.09260      
# span 12 =  -93.80494,  -89.31510      
# span 13 =   -0.01011,    0.01574      
# span 14 =   -0.01078,    0.01396      
# span 15 =     2.5594,     4.5762      
# span 16 =     2.5854,     4.5739      
# span 17 =     6.6615,    29.6941      
# span 18 =     6.6615,    29.6938      
# span 19 =    34.9110,    37.7013      
# span 20 =    34.9100,    37.7495      
# span 21 =    22.9695,    27.3953      
# span 22 =    22.9694,    27.3946      
# span 23 =    1497.56,    1572.84      
# span 24 =    111.278,    199.754      
# span 25 =    112.409,    199.650      
# span 26 =         30,         73      
# span 27 = 0.0000e+00, 0.0000e+00      
# interval = decibars: 1                
# start_time = Sep 25 2021 23:21:03 [NMEA time, header]
# bad_flag = -9.990e-29
*END*
[from data line 52]
      42345   1764.337    527.787    532.000     8.8300     8.8354   3.729511   3.730004     1.6090     1.3127      83.10   27.91166  -90.00250   -0.00002   -0.00033     2.6061     2.6334     8.7717     8.7771    35.0728    35.0726    27.2117    27.2107    1509.12    113.305    114.492         49 0.0000e+00
      42412   1767.142    526.796    531.000     8.9099     8.8681   3.737247   3.733405     1.6086     1.3115      96.30   27.91166  -90.00250   -0.00019   -0.00038     2.5993     2.6271     8.8517     8.8097    35.0775    35.0771    27.2027    27.2090    1509.12    113.010    114.217         60 0.0000e+00
      43007   1791.922    525.805    530.000     8.9335     8.9544   3.740483   3.742445     1.6018     1.3061      82.83   27.91168  -90.00252   -0.00017   -0.00023     2.5789     2.6040     8.8749     8.8958    35.0865    35.0867    27.2060    27.2028    1509.12    112.122    113.214         56 0.0000e+00
      43674   1819.707    524.814    529.000     8.9257     8.9585   3.739225   3.742839     1.5991     1.3028      98.80   27.91170  -90.00254    0.00060    0.00047     2.5698     2.5930     8.8674     8.9000    35.0817    35.0866    27.2035    27.2021    1509.12    111.730    112.737         30 0.0000e+00
      43807   1825.251    523.824    528.000     8.9845     8.9634   3.744972   3.743005     1.6001     1.3023     100.00   27.91170  -90.00254    0.00058   -0.00000     2.5685     2.5906     8.9277     8.9050    35.0846    35.0849    27.1961    27.2000    1509.12    111.671    112.632         60 0.0000e+00
      43870   1827.857    522.833    527.000     9.0228     9.0224   3.749145   3.748881     1.5993     1.3033     100.00   27.91170  -90.00254   -0.00005    0.00032     2.5632     2.5896     8.9642     8.9639    35.0906    35.0885    27.1950    27.1934    1509.12    111.444    112.588         65 0.0000e+00
      43927   1830.257    521.842    526.000     9.0542     9.0605   3.752295   3.752760     1.5988     1.3028     100.00   27.91170  -90.00256   -0.00031   -0.00019     2.5594     2.5854     8.9957     9.0020    35.0935    35.0921    27.1921    27.1900    1509.12    111.278    112.409         36 0.0000e+00
      45516   1896.451    459.410    463.000    10.0173    10.0136   3.851574   3.851113     1.6352     1.3351     100.00   27.91198  -90.00329    0.00029    0.00013     2.5796     2.6035     9.9626     9.9590    35.2065    35.2053    27.1197    27.1194    1509.13    112.163    113.202         30 0.0000e+00
      46116   1921.444    435.621    439.000    10.4391    10.4388   3.896288   3.896210     1.6478     1.3487      99.87   27.91190  -90.00297    0.00046    0.00038     2.5794     2.6097    10.3860    10.3857    35.2628    35.2624    27.0902    27.0899    1509.13    112.157    113.474         32 0.0000e+00
      46145   1922.678    434.630    438.000    10.4390    10.4397   3.896131   3.896245     1.6486     1.3494      99.99   27.91180  -90.00266    0.00068    0.00086     2.5813     2.6114    10.3860    10.3867    35.2618    35.2623    27.0894    27.0896    1509.12    112.242    113.548         30 0.0000e+00
      46203   1925.101    433.639    437.000    10.4333    10.4360   3.895347   3.895396     1.6498     1.3507     100.00   27.91180  -90.00266    0.00057    0.00058     2.5844     2.6152    10.3805    10.3831    35.2621    35.2618    27.0906    27.0899    1509.12    112.375    113.714         36 0.0000e+00
      46301   1929.156    432.647    436.000    10.4421    10.4541   3.895789   3.897408     1.6506     1.3504     100.00   27.91180  -90.00267    0.00026    0.00005     2.5861     2.6129    10.3894    10.4013    35.2622    35.2635    27.0891    27.0880    1509.12    112.449    113.615         33 0.0000e+00
      46392   1932.949    431.656    435.000    10.4578    10.4729   3.898658   3.899778     1.6516     1.3525     100.00   27.91180  -90.00268    0.00020    0.00054     2.5871     2.6176    10.4051    10.4201    35.2657    35.2669    27.0891    27.0874    1509.12    112.491    113.819         61 0.0000e+00
      46478   1936.527    430.665    434.000    10.5217    10.5202   3.904904   3.904719     1.6552     1.3550     100.00   27.91180  -90.00268    0.00103    0.00072     2.5929     2.6220    10.4689    10.4679    35.2727    35.2722    27.0832    27.0832    1509.12    112.743    114.011         56 0.0000e+00
      46569   1940.332    429.673    433.000    10.5575    10.5581   3.909006   3.908975     1.6569     1.3576     100.00   27.91181  -90.00268    0.00050    0.00062     2.5949     2.6269    10.5048    10.5054    35.2790    35.2785    27.0818    27.0814    1509.12    112.831    114.223         44 0.0000e+00
      46652   1943.800    428.682    432.000    10.6213    10.5943   3.915683   3.913232     1.6585     1.3589     100.00   27.91182  -90.00268    0.00040    0.00032     2.5947     2.6281    10.5685    10.5416    35.2862    35.2871    27.0761    27.0816    1509.12    112.826    114.276         30 0.0000e+00
      46749   1947.824    427.691    431.000    10.6423    10.6461   3.918122   3.918309     1.6601     1.3600     100.00   27.91182  -90.00270    0.00037    0.00029     2.5976     2.6278    10.5895    10.5933    35.2905    35.2887    27.0758    27.0737    1509.12    112.952    114.265         58 0.0000e+00
      47341   1972.498    426.700    430.000    10.7040    10.7087   3.924595   3.925375     1.6612     1.3604     100.00   27.91184  -90.00273    0.00028    0.00016     2.5963     2.6246    10.6512    10.6559    35.3002    35.2998    27.0723    27.0712    1509.12    112.895    114.127         48 0.0000e+00
      48182   2007.540    425.708    429.000    10.7438    10.7459   3.929302   3.929437     1.6614     1.3609      87.16   27.91188  -90.00278    0.00010   -0.00005     2.5939     2.6234    10.6909    10.6930    35.3058    35.3053    27.0696    27.0688    1509.12    112.790    114.074         44 0.0000e+00
      48208   2008.630    424.717    428.000    10.7508    10.7534   3.929994   3.930255     1.6618     1.3612      99.65   27.91188  -90.00278    0.00008    0.00009     2.5940     2.6236    10.6981    10.7006    35.3066    35.3068    27.0689    27.0686    1509.12    112.797    114.082         38 0.0000e+00
      48279   2011.603    423.726    427.000    10.7516    10.7561   3.930145   3.930782     1.6621     1.3610      99.55   27.91188  -90.00278    0.00013   -0.00007     2.5946     2.6226    10.6990    10.7035    35.3071    35.3077    27.0692    27.0688    1509.12    112.819    114.036         42 0.0000e+00
      48319   2013.239    422.734    426.000    10.7827    10.7653   3.933392   3.931509     1.6626     1.3612      99.98   27.91188  -90.00278    0.00014   -0.00005     2.5938     2.6220    10.7301    10.7127    35.3112    35.3087    27.0668    27.0679    1509.12    112.784    114.014         39 0.0000e+00
      48367   2015.252    421.743    425.000    10.7976    10.7852   3.935044   3.933659     1.6640     1.3625     100.00   27.91189  -90.00278    0.00051    0.00042     2.5962     2.6245    10.7451    10.7327    35.3136    35.3116    27.0659    27.0666    1509.12    112.891    114.123         53 0.0000e+00
      48414   2017.215    420.751    424.000    10.8179    10.8052   3.937152   3.935807     1.6659     1.3631      78.02   27.91190  -90.00278    0.00088    0.00047     2.5998     2.6248    10.7654    10.7528    35.3156    35.3144    27.0639    27.0652    1509.12    113.047    114.133         39 0.0000e+00
      48448   2018.643    419.760    423.000    10.8386    10.8202   3.939410   3.937520     1.6673     1.3645     100.27   27.91190  -90.00278    0.00093    0.00045     2.6019     2.6276    10.7862    10.7678    35.3187    35.3176    27.0626    27.0650    1509.12    113.139    114.256         31 0.0000e+00
      48508   2021.121    417.778    421.000    10.9142    10.9080   3.947680   3.947170     1.6720     1.3695     100.00   27.91243  -90.00448    0.00145    0.00160     2.6093     2.6362    10.8618    10.8556    35.3299    35.3307    27.0576    27.0595    1509.15    113.462    114.632         31 0.0000e+00
      48539   2022.410    416.786    420.000    10.9432    10.9325   3.950706   3.949416     1.6757     1.3736      93.58   27.91190  -90.00278    0.00220    0.00232     2.6171     2.6465    10.8908    10.8802    35.3326    35.3300    27.0545    27.0544    1509.12    113.801    115.081         32 0.0000e+00
      49122   2046.692    393.984    397.000    11.4872    11.5036   4.010442   4.011878     1.7102     1.4056     100.00   27.91084  -89.99935    0.00135    0.00118     2.6676     2.6969    11.4362    11.4525    35.4146    35.4132    27.0180    27.0139    1509.06    116.000    117.275         30 0.0000e+00
      49276   2053.136    388.035    391.000    11.6975    11.6798   4.033611   4.031762     1.7206     1.4140     100.00   27.91209  -90.00329    0.00170    0.00148     2.6795     2.7080    11.6466    11.6290    35.4452    35.4438    27.0023    27.0047    1509.13    116.522    117.759         33 0.0000e+00
      49402   2058.368    383.078    386.000    11.8601    11.8566   4.052035   4.051444     1.7299     1.4230      99.72   27.91411  -90.00982    0.00203    0.00204     2.6920     2.7210    11.8094    11.8060    35.4738    35.4713    26.9938    26.9926    1509.24    117.063    118.327         33 0.0000e+00
      49431   2059.596    382.086    385.000    11.8337    11.8315   4.048781   4.048550     1.7320     1.4243     100.01   27.91194  -90.00283    0.00217    0.00165     2.6989     2.7261    11.7832    11.7811    35.4669    35.4667    26.9933    26.9936    1509.12    117.364    118.547         31 0.0000e+00
      49706   2071.039    371.180    374.000    12.3285    12.3266   4.103890   4.103475     1.7782     1.4688     100.00   27.91333  -90.00726    0.00349    0.00288     2.7845     2.8186    12.2782    12.2763    35.5393    35.5371    26.9544    26.9529    1509.19    121.090    122.576         30 0.0000e+00
      49862   2077.533    365.230    368.000    12.3980    12.3975   4.111431   4.111275     1.7881     1.4774     100.01   27.91411  -90.00973    0.00141    0.00148     2.8037     2.8363    12.3484    12.3479    35.5494    35.5483    26.9485    26.9477    1509.24    121.930    123.347         31 0.0000e+00
      49985   2082.650    360.272    363.000    12.4179    12.4185   4.113195   4.113164     1.7922     1.4805     100.00   27.91206  -90.00306    0.00071    0.00083     2.8114     2.8421    12.3688    12.3695    35.5492    35.5483    26.9442    26.9434    1509.12    122.265    123.597         32 0.0000e+00
      50115   2088.070    355.314    358.000    12.4697    12.4651   4.119056   4.118407     1.7954     1.4828     100.01   27.91349  -90.00770    0.00075    0.00042     2.8144     2.8438    12.4212    12.4166    35.5596    35.5575    26.9421    26.9414    1509.20    122.393    123.672         33 0.0000e+00
      50445   2101.833    342.422    345.000    12.7117    12.7132   4.146066   4.146059     1.8106     1.4965     100.00   27.91176  -90.00199    0.00155    0.00144     2.8330     2.8618    12.6644    12.6659    35.5963    35.5949    26.9223    26.9210    1509.10    123.207    124.456         32 0.0000e+00
      50828   2117.774    331.513    334.000    12.8658    12.8601   4.163280   4.162752     1.8239     1.5083     100.00   27.91179  -90.00206    0.00001    0.00001     2.8530     2.8813    12.8197    12.8140    35.6210    35.6213    26.9105    26.9119    1509.11    124.074    125.307         30 0.0000e+00
      50953   2122.985    330.521    333.000    12.8930    12.8882   4.166387   4.165948     1.8248     1.5109     100.00   27.91208  -90.00294    0.00021    0.00059     2.8531     2.8863    12.8470    12.8422    35.6256    35.6259    26.9086    26.9098    1509.12    124.079    125.527         60 0.0000e+00
      51188   2132.775    328.538    331.000    12.9702    12.9704   4.175892   4.175532     1.8267     1.5112      93.39   27.91706  -90.01896   -0.00002    0.00006     2.8517     2.8810    12.9243    12.9244    35.6457    35.6426    26.9090    26.9065    1509.39    124.021    125.294         41 0.0000e+00
      52312   2179.641    327.546    330.000    13.0112    13.0099   4.179995   4.179862     1.8260     1.5114      78.94   27.91214  -90.00301   -0.00019    0.00049     2.8471     2.8785    12.9653    12.9640    35.6458    35.6445    26.9005    26.8997    1509.12    123.820    125.185         59 0.0000e+00
      52758   2198.188    326.554    329.000    13.0260    13.0254   4.181664   4.181608     1.8259     1.5113      99.00   27.91216  -90.00304   -0.00015    0.00002     2.8455     2.8769    12.9802    12.9796    35.6483    35.6482    26.8994    26.8994    1509.12    123.752    125.116         57 0.0000e+00
      52848   2201.942    325.562    328.000    13.0296    13.0318   4.182041   4.182287     1.8265     1.5124     100.00   27.91216  -90.00304    0.00014    0.00038     2.8465     2.8793    12.9840    12.9861    35.6489    35.6490    26.8991    26.8987    1509.12    123.794    125.221         69 0.0000e+00
      52902   2204.199    324.571    327.000    13.0358    13.0383   4.182731   4.182627     1.8271     1.5125     100.00   27.91216  -90.00304    0.00033    0.00015     2.8464     2.8784    12.9903    12.9928    35.6506    35.6505    26.8991    26.8985    1509.12    123.789    125.183         31 0.0000e+00
      52990   2207.868    321.595    324.000    13.0558    13.0541   4.184924   4.184755     1.8266     1.5104     100.00   27.91155  -90.00107   -0.00014   -0.00054     2.8435     2.8707    13.0107    13.0090    35.6533    35.6533    26.8971    26.8974    1509.09    123.665    124.847         31 0.0000e+00
      53119   2213.245    316.636    319.000    13.1065    13.1088   4.190768   4.191055     1.8263     1.5100      89.35   27.91395  -90.00878    0.00006    0.00023     2.8374     2.8642    13.0620    13.0643    35.6642    35.6648    26.8953    26.8952    1509.22    123.401    124.566         34 0.0000e+00
      53243   2218.412    311.677    314.000    13.1736    13.1753   4.198451   4.198648     1.8249     1.5088     100.01   27.91395  -90.00877   -0.00007   -0.00000     2.8275     2.8545    13.1296    13.1313    35.6765    35.6768    26.8911    26.8909    1509.22    122.968    124.144         32 0.0000e+00
      53421   2225.854    304.734    307.000    13.4950    13.4974   4.235388   4.235825     1.8316     1.5156      99.84   27.91377  -90.00811    0.00110    0.00145     2.8205     2.8500    13.4513    13.4537    35.7285    35.7304    26.8653    26.8663    1509.20    122.669    123.953         30 0.0000e+00
      53449   2227.010    303.742    306.000    13.5138    13.5106   4.237482   4.237285     1.8326     1.5165     100.00   27.91220  -90.00306    0.00108    0.00122     2.8215     2.8512    13.4701    13.4669    35.7307    35.7318    26.8630    26.8645    1509.12    122.712    124.004         31 0.0000e+00
      53575   2232.238    298.783    301.000    13.6220    13.6217   4.250132   4.250034     1.8395     1.5238      91.33   27.91466  -90.01099    0.00128    0.00170     2.8297     2.8625    13.5788    13.5785    35.7517    35.7511    26.8569    26.8565    1509.25    123.070    124.495         33 0.0000e+00
      53604   2233.445    297.791    300.000    13.6235    13.6244   4.249928   4.250042     1.8412     1.5247     100.18   27.91221  -90.00306    0.00117    0.00158     2.8337     2.8646    13.5804    13.5814    35.7481    35.7483    26.8536    26.8535    1509.12    123.245    124.585         33 0.0000e+00
      53728   2238.641    292.831    295.000    13.7901    13.8022   4.269435   4.270629     1.8501     1.5336     100.01   27.91528  -90.01295    0.00212    0.00205     2.8432     2.8757    13.7474    13.7595    35.7791    35.7790    26.8429    26.8403    1509.29    123.659    125.074         34 0.0000e+00
