GOMECC/GOMECC-4/1db/urb2103_1391.cnv
* Sea-Bird SBE 9 Data File:
* FileName = C:\Users\scs.user.rb\CTD\GOMECC4\data\rb2103_1391.hex
* Software Version Seasave V 7.26.7.107
* Temperature SN = 4799
* Conductivity SN = 3860
* Number of Bytes Per Scan = 41
* Number of Voltage Words = 4
* Number of Scans Averaged by the Deck Unit = 1
* NMEA Latitude = 25 44.68 N
* NMEA Longitude = 084 35.32 W
* NMEA UTC (Time) = Oct 20 2021  10:34:58
* NMEA baud rate = 4800
# nquan = 28
# nvalues = 199                         
# units = specified
# name 0 = scan: Scan Count
# name 1 = timeS: Time, Elapsed [seconds]
# name 2 = depSM: Depth [salt water, m]
# name 3 = prDM: Pressure, Digiquartz [db]
# name 4 = t090C: Temperature [ITS-90, deg C]
# name 5 = t190C: Temperature, 2 [ITS-90, deg C]
# name 6 = c0S/m: Conductivity [S/m]
# name 7 = c1S/m: Conductivity, 2 [S/m]
# name 8 = sbeox0V: Oxygen raw, SBE 43 [V]
# name 9 = sbeox1V: Oxygen raw, SBE 43, 2 [V]
# name 10 = altM: Altimeter [m]
# name 11 = latitude: Latitude [deg]
# name 12 = longitude: Longitude [deg]
# name 13 = sbox0dV/dT: Oxygen, SBE 43 [dov/dt]
# name 14 = sbox1dV/dT: Oxygen, SBE 43, 2 [dov/dt]
# name 15 = sbeox0ML/L: Oxygen, SBE 43 [ml/l], WS = 5
# name 16 = sbeox1ML/L: Oxygen, SBE 43, 2 [ml/l], WS = 5
# name 17 = potemp090C: Potential Temperature [ITS-90, deg C]
# name 18 = potemp190C: Potential Temperature, 2 [ITS-90, deg C]
# name 19 = sal00: Salinity, Practical [PSU]
# name 20 = sal11: Salinity, Practical, 2 [PSU]
# name 21 = sigma-é00: Density [sigma-theta, kg/m^3]
# name 22 = sigma-é11: Density, 2 [sigma-theta, kg/m^3]
# name 23 = avgsvCM: Average Sound Velocity [Chen-Millero, m/s], minP = 20, minS = 20
# name 24 = sbox0Mm/Kg: Oxygen, SBE 43 [umol/kg], WS = 5
# name 25 = sbox1Mm/Kg: Oxygen, SBE 43, 2 [umol/kg], WS = 5
# name 26 = nbin: number of scans per bin
# name 27 = flag: flag
# span 0 =      24327,      62837       
# span 1 =   1013.590,   2618.166       
# span 2 =      0.993,    441.639       
# span 3 =      1.000,    445.000       
# span 4 =    10.4969,    28.6843       
# span 5 =    10.4976,    28.6856       
# span 6 =   3.902731,   5.826364       
# span 7 =   3.902798,   5.832083       
# span 8 =     1.6655,     3.1660       
# span 9 =     1.3582,     2.6761       
# span 10 =      12.21,     102.32      
# span 11 =   25.41736,   26.10602      
# span 12 =  -85.77467,  -83.51181      
# span 13 =   -0.02306,    0.01595      
# span 14 =   -0.02173,    0.01578      
# span 15 =     2.6267,     4.4637      
# span 16 =     2.6364,     4.4405      
# span 17 =    10.4429,    28.6807      
# span 18 =    10.4436,    28.6821      
# span 19 =    35.0689,    36.7273      
# span 20 =    35.0680,    36.7412      
# span 21 =    22.4048,    27.0871      
# span 22 =    22.4033,    27.0859      
# span 23 =    1494.20,    1534.69      
# span 24 =    114.214,    194.823      
# span 25 =    114.638,    193.807      
# span 26 =         30,         71      
# span 27 = 0.0000e+00, 0.0000e+00      
# interval = decibars: 1                
# start_time = Oct 20 2021 10:34:58 [NMEA time, header]
# bad_flag = -9.990e-29
*END*
[from data line 52]
      30165   1256.819    313.711    316.000    11.8344    11.8349   4.045512   4.045548     1.7605     1.4450     100.00   25.74478  -84.58874    0.00002    0.00040     2.7508     2.7618    11.7932    11.7936    35.4643    35.4642    26.9894    26.9893    1513.47    119.623    120.099         31 0.0000e+00
      30249   1260.350    310.735    313.000    11.8548    11.8548   4.048191   4.048206     1.7612     1.4458     100.02   25.74939  -84.60391    0.00020    0.00012     2.7502     2.7617    11.8139    11.8139    35.4728    35.4729    26.9924    26.9925    1513.74    119.595    120.095         31 0.0000e+00
      31312   1304.644    307.759    310.000    11.9581    11.9573   4.059247   4.059221     1.7657     1.4496     100.01   25.74620  -84.59346   -0.00001    0.00000     2.7540     2.7651    11.9174    11.9166    35.4840    35.4845    26.9812    26.9817    1513.55    119.764    120.245         35 0.0000e+00
      31744   1322.622    306.767    309.000    11.9623    11.9596   4.059553   4.059264     1.7658     1.4497     100.00   25.74478  -84.58874    0.00001   -0.00012     2.7536     2.7650    11.9216    11.9190    35.4828    35.4828    26.9793    26.9798    1513.47    119.747    120.240         61 0.0000e+00
      31784   1324.293    305.775    308.000    11.9633    11.9607   4.059401   4.059332     1.7664     1.4506      99.95   25.74478  -84.58874    0.00025   -0.00002     2.7551     2.7671    11.9228    11.9203    35.4833    35.4834    26.9794    26.9801    1513.47    119.811    120.331         50 0.0000e+00
      31837   1326.499    304.783    307.000    11.9701    11.9744   4.060397   4.060770     1.7674     1.4522     100.00   25.74478  -84.58874    0.00036    0.00071     2.7570     2.7704    11.9298    11.9341    35.4846    35.4843    26.9791    26.9780    1513.47    119.891    120.474         43 0.0000e+00
      31997   1333.175    298.831    301.000    12.0162    12.0182   4.065170   4.065314     1.7758     1.4607     100.00   25.74455  -84.58793    0.00145    0.00124     2.7737     2.7897    11.9765    11.9785    35.4902    35.4901    26.9745    26.9740    1513.46    120.622    121.315         32 0.0000e+00
      32187   1341.088    291.886    294.000    12.0929    12.1012   4.073756   4.074645     1.7816     1.4653     100.00   25.74570  -84.59167    0.00045    0.00053     2.7814     2.7948    12.0540    12.0622    35.5044    35.5052    26.9707    26.9697    1513.52    120.955    121.540         33 0.0000e+00
      32344   1347.606    285.933    288.000    12.2339    12.2413   4.089642   4.090464     1.7841     1.4654      99.12   25.74444  -84.58754    0.00019   -0.00027     2.7762     2.7839    12.1954    12.2029    35.5276    35.5284    26.9612    26.9604    1513.45    120.730    121.065         31 0.0000e+00
      32375   1348.919    284.941    287.000    12.2493    12.2511   4.091408   4.091369     1.7841     1.4655     100.02   25.74480  -84.58874    0.00009   -0.00013     2.7748     2.7832    12.2110    12.2128    35.5306    35.5284    26.9606    26.9585    1513.47    120.668    121.037         30 0.0000e+00
      32697   1362.352    273.035    275.000    12.5591    12.5659   4.126473   4.127165     1.7901     1.4695     100.01   25.74633  -84.59376    0.00008   -0.00024     2.7652     2.7700    12.5218    12.5286    35.5824    35.5826    26.9400    26.9387    1513.56    120.255    120.465         30 0.0000e+00
      33177   1382.317    255.175    257.000    13.2992    13.3016   4.210917   4.211227     1.8077     1.4879     100.01   25.74646  -84.59414    0.00303    0.00261     2.7551     2.7681    13.2630    13.2654    35.7014    35.7021    26.8831    26.8831    1513.57    119.823    120.387         30 0.0000e+00
      33311   1387.915    250.213    252.000    13.4908    13.5038   4.232915   4.233957     1.8168     1.4953      99.84   25.74402  -84.58610    0.00180    0.00135     2.7640     2.7743    13.4549    13.4680    35.7316    35.7292    26.8668    26.8623    1513.42    120.211    120.660         31 0.0000e+00
      33415   1392.252    246.244    248.000    13.6598    13.6500   4.252349   4.251156     1.8260     1.5032     100.00   25.74602  -84.59269    0.00221    0.00190     2.7747     2.7853    13.6243    13.6144    35.7593    35.7573    26.8532    26.8537    1513.54    120.676    121.137         30 0.0000e+00
      33445   1393.499    245.252    247.000    13.6430    13.6695   4.250123   4.253002     1.8278     1.5051     100.00   25.74482  -84.58873    0.00227    0.00192     2.7800     2.7890    13.6076    13.6341    35.7540    35.7563    26.8526    26.8488    1513.47    120.907    121.301         32 0.0000e+00
      33551   1397.906    241.282    243.000    13.7785    13.7711   4.266049   4.265269     1.8359     1.5134      78.21   25.74655  -84.59441    0.00205    0.00191     2.7899     2.8036    13.7435    13.7360    35.7793    35.7788    26.8438    26.8450    1513.57    121.341    121.934         30 0.0000e+00
      33579   1399.102    240.290    242.000    13.7736    13.7808   4.265364   4.266279     1.8382     1.5151     100.69   25.74482  -84.58872    0.00236    0.00196     2.7956     2.8074    13.7387    13.7459    35.7776    35.7784    26.8434    26.8425    1513.47    121.588    122.101         30 0.0000e+00
      33740   1405.793    234.336    236.000    13.9758    13.9759   4.288349   4.288348     1.8490     1.5243     100.00   25.74522  -84.59004    0.00142    0.00090     2.8073     2.8180    13.9414    13.9415    35.8072    35.8071    26.8237    26.8236    1513.49    122.100    122.566         30 0.0000e+00
      33872   1411.287    229.374    231.000    14.1032    14.1110   4.303133   4.303944     1.8560     1.5290     100.00   25.74512  -84.58969    0.00130    0.00065     2.8144     2.8206    14.0693    14.0772    35.8288    35.8291    26.8132    26.8118    1513.49    122.410    122.678         30 0.0000e+00
      34247   1426.909    215.480    217.000    14.7162    14.7009   4.374547   4.372656     1.8795     1.5512      97.47   25.74543  -84.59072    0.00182    0.00168     2.8273     2.8381    14.6835    14.6682    35.9282    35.9250    26.7576    26.7584    1513.51    122.977    123.444         31 0.0000e+00
      35997   1499.835    203.570    205.000    14.8957    14.8964   4.394808   4.394958     1.8932     1.5630      99.90   25.74337  -84.58412    0.00039    0.00000     2.8447     2.8530    14.8645    14.8653    35.9529    35.9536    26.7368    26.7372    1513.39    123.737    124.098         35 0.0000e+00
      36034   1501.383    202.577    204.000    14.8979    14.8984   4.395096   4.395258     1.8936     1.5639     100.00   25.74478  -84.58874    0.00011    0.00007     2.8451     2.8549    14.8669    14.8674    35.9545    35.9555    26.7376    26.7383    1513.47    123.753    124.180         33 0.0000e+00
      36152   1506.282    198.607    200.000    15.0259    15.0367   4.410388   4.411693     1.8992     1.5693      94.31   25.74745  -84.59760    0.00127    0.00124     2.8488     2.8593    14.9953    15.0061    35.9792    35.9811    26.7285    26.7276    1513.63    123.915    124.371         31 0.0000e+00
      36181   1507.481    197.614    199.000    15.0631    15.0700   4.414645   4.415062     1.9013     1.5715      99.92   25.74476  -84.58874    0.00172    0.00162     2.8513     2.8626    15.0327    15.0395    35.9832    35.9807    26.7231    26.7197    1513.47    124.026    124.516         35 0.0000e+00
      36215   1508.936    196.622    198.000    15.0999    15.1023   4.418983   4.418846     1.9040     1.5738     100.00   25.74476  -84.58874    0.00183    0.00171     2.8549     2.8662    15.0695    15.0719    35.9894    35.9860    26.7197    26.7165    1513.47    124.183    124.673         33 0.0000e+00
      36330   1513.712    192.652    194.000    15.1988    15.1989   4.430635   4.430528     1.9123     1.5809     100.00   25.74554  -84.59130    0.00187    0.00172     2.8671     2.8774    15.1690    15.1690    36.0066    36.0055    26.7109    26.7101    1513.52    124.715    125.161         37 0.0000e+00
      36364   1515.120    191.659    193.000    15.2012    15.2065   4.430640   4.431010     1.9139     1.5822     100.00   25.74476  -84.58874    0.00136    0.00142     2.8704     2.8802    15.1714    15.1767    36.0046    36.0031    26.7087    26.7064    1513.47    124.858    125.284         31 0.0000e+00
      36478   1519.887    187.689    189.000    15.3025    15.3044   4.442661   4.442889     1.9201     1.5881     100.00   25.74530  -84.59056    0.00148    0.00129     2.8773     2.8881    15.2733    15.2751    36.0227    36.0231    26.7000    26.6999    1513.50    125.158    125.627         32 0.0000e+00
      36511   1521.236    186.696    188.000    15.3156    15.3268   4.444021   4.445195     1.9223     1.5903     100.00   25.74476  -84.58874    0.00155    0.00141     2.8813     2.8920    15.2865    15.2976    36.0233    36.0237    26.6974    26.6952    1513.47    125.334    125.799         34 0.0000e+00
      36632   1526.280    182.726    184.000    15.4666    15.4776   4.462111   4.463457     1.9339     1.6021     100.01   25.74735  -84.59732    0.00250    0.00255     2.8977     2.9117    15.4379    15.4489    36.0511    36.0536    26.6850    26.6845    1513.62    126.046    126.659         35 0.0000e+00
      36662   1527.556    181.733    183.000    15.4758    15.4906   4.462966   4.464365     1.9372     1.6042     100.00   25.74474  -84.58874    0.00286    0.00250     2.9046     2.9163    15.4473    15.4620    36.0502    36.0494    26.6820    26.6780    1513.47    126.349    126.857         32 0.0000e+00
      36747   1531.093    178.755    180.000    15.6745    15.6775   4.486766   4.487143     1.9493     1.6154     100.01   25.74666  -84.59505    0.00320    0.00290     2.9191     2.9323    15.6462    15.6491    36.0852    36.0859    26.6640    26.6639    1513.58    126.983    127.556         30 0.0000e+00
      36777   1532.335    177.763    179.000    15.6927    15.6814   4.488832   4.487872     1.9537     1.6190     100.00   25.74474  -84.58874    0.00401    0.00371     2.9282     2.9412    15.6645    15.6533    36.0870    36.0869    26.6611    26.6635    1513.47    127.376    127.941         35 0.0000e+00
      36811   1533.768    176.770    178.000    15.7174    15.7090   4.491745   4.490510     1.9568     1.6212      66.42   25.74474  -84.58874    0.00336    0.00293     2.9335     2.9449    15.6894    15.6809    36.0910    36.0876    26.6585    26.6578    1513.47    127.607    128.104         33 0.0000e+00
      36927   1538.573    172.799    174.000    16.0596    16.0713   4.532042   4.533569     1.9742     1.6364     100.01   25.74666  -84.59504    0.00419    0.00425     2.9505     2.9598    16.0318    16.0434    36.1429    36.1459    26.6200    26.6197    1513.58    128.354    128.759         35 0.0000e+00
      36960   1539.960    171.806    173.000    16.0693    16.0690   4.532537   4.533252     1.9760     1.6372      75.65   25.74474  -84.58874    0.00291    0.00295     2.9540     2.9617    16.0416    16.0413    36.1381    36.1448    26.6139    26.6191    1513.47    128.506    128.840         36 0.0000e+00
      37109   1546.162    166.843    168.000    16.3068    16.3124   4.562321   4.562761     1.9876     1.6478      94.12   25.74883  -84.60218    0.00193    0.00163     2.9631     2.9714    16.2796    16.2852    36.1914    36.1902    26.6000    26.5978    1513.71    128.904    129.264         35 0.0000e+00
      37140   1547.444    165.850    167.000    16.3035    16.3361   4.561237   4.564981     1.9932     1.6549     100.03   25.74474  -84.58874    0.00362    0.00341     2.9767     2.9879    16.2765    16.3091    36.1835    36.1872    26.5943    26.5894    1513.47    129.494    129.984         38 0.0000e+00
      37174   1548.868    164.857    166.000    16.4201    16.3687   4.575282   4.568198     1.9994     1.6616     100.00   25.74474  -84.58874    0.00425    0.00480     2.9830     3.0025    16.3931    16.3420    36.2028    36.1893    26.5819    26.5841    1513.47    129.770    130.619         30 0.0000e+00
      37290   1553.721    160.887    162.000    16.5569    16.5605   4.592279   4.592830     2.0440     1.7034     100.02   25.75013  -84.60646    0.01016    0.01042     3.0761     3.0952    16.5304    16.5340    36.2333    36.2349    26.5735    26.5739    1513.79    133.821    134.655         42 0.0000e+00
      37325   1555.152    159.894    161.000    16.5396    16.5412   4.589512   4.589889     2.0527     1.7078     100.00   25.74474  -84.58874    0.00760    0.00717     3.0970     3.1074    16.5134    16.5149    36.2226    36.2245    26.5688    26.5699    1513.47    134.734    135.184         38 0.0000e+00
      37446   1560.217    155.923    157.000    16.6588    16.6621   4.604536   4.605006     2.0682     1.7222     100.03   25.75174  -84.61182    0.00351    0.00372     3.1233     3.1345    16.6331    16.6364    36.2520    36.2532    26.5638    26.5639    1513.88    135.877    136.367         41 0.0000e+00
      37500   1562.463    154.930    156.000    16.6543    16.6516   4.602901   4.602360     2.0723     1.7255     100.00   25.74472  -84.58874    0.00253    0.00224     3.1329     3.1432    16.6287    16.6260    36.2417    36.2416    26.5562    26.5568    1513.47    136.296    136.744         47 0.0000e+00
      38099   1587.429    153.937    155.000    16.7402    16.7692   4.613531   4.617193     2.0832     1.7371     100.00   25.74472  -84.58874    0.00106    0.00139     3.1517     3.1643    16.7147    16.7437    36.2557    36.2619    26.5466    26.5444    1513.47    137.115    137.663         50 0.0000e+00
      39027   1626.066    152.944    154.000    16.8065    16.8114   4.621721   4.622385     2.0918     1.7418      99.88   25.74472  -84.58874    0.00010   -0.00032     3.1665     3.1729    16.7810    16.7859    36.2682    36.2696    26.5405    26.5404    1513.47    137.759    138.036         45 0.0000e+00
      39077   1628.181    151.952    153.000    16.8102    16.8200   4.622351   4.623268     2.0925     1.7424     100.00   25.74472  -84.58874    0.00026    0.00029     3.1673     3.1734    16.7849    16.7947    36.2685    36.2700    26.5398    26.5386    1513.47    137.796    138.061         46 0.0000e+00
      39120   1629.974    150.959    152.000    16.8193    16.8316   4.623232   4.624448     2.0927     1.7426     100.00   25.74472  -84.58874    0.00027    0.00018     3.1668     3.1728    16.7942    16.8065    36.2708    36.2703    26.5393    26.5360    1513.47    137.773    138.036         43 0.0000e+00
      39160   1631.632    149.966    151.000    16.8649    16.8743   4.628353   4.629421     2.0934     1.7439     100.00   25.74472  -84.58874    0.00017    0.00033     3.1651     3.1730    16.8399    16.8493    36.2750    36.2759    26.5317    26.5301    1513.47    137.698    138.044         36 0.0000e+00
      39194   1633.062    148.973    150.000    16.9001    16.9142   4.632608   4.634393     2.0951     1.7451     100.00   25.74472  -84.58874    0.00054    0.00073     3.1660     3.1728    16.8753    16.8893    36.2810    36.2840    26.5278    26.5268    1513.47    137.738    138.037         35 0.0000e+00
      39231   1634.564    147.981    149.000    16.9545    16.9585   4.639216   4.639526     2.0987     1.7487     100.00   25.74472  -84.58874    0.00140    0.00128     3.1701     3.1786    16.9297    16.9338    36.2903    36.2894    26.5219    26.5202    1513.47    137.919    138.289         35 0.0000e+00
      39263   1635.904    146.988    148.000    16.9910    16.9949   4.643615   4.643945     2.1025     1.7520      89.56   25.74472  -84.58874    0.00225    0.00199     3.1759     3.1843    16.9664    16.9703    36.2963    36.2958    26.5178    26.5164    1513.47    138.171    138.536         30 0.0000e+00
