GOMECC/GOMECC-4/1db/urb2103_0821.cnv
* Sea-Bird SBE 9 Data File:
* FileName = C:\Users\scs.user.rb\CTD\GOMECC4\data\rb2103_0821.hex
* Software Version Seasave V 7.26.7.107
* Temperature SN = 4799
* Conductivity SN = 3860
* Number of Bytes Per Scan = 41
* Number of Voltage Words = 4
* Number of Scans Averaged by the Deck Unit = 1
* NMEA Latitude = 22 16.54 N
* NMEA Longitude = 095 35.27 W
* NMEA UTC (Time) = Oct 06 2021  22:50:02
* NMEA baud rate = 4800
# nquan = 28
# nvalues = 551                         
# units = specified
# name 0 = scan: Scan Count
# name 1 = timeS: Time, Elapsed [seconds]
# name 2 = depSM: Depth [salt water, m]
# name 3 = prDM: Pressure, Digiquartz [db]
# name 4 = t090C: Temperature [ITS-90, deg C]
# name 5 = t190C: Temperature, 2 [ITS-90, deg C]
# name 6 = c0S/m: Conductivity [S/m]
# name 7 = c1S/m: Conductivity, 2 [S/m]
# name 8 = sbeox0V: Oxygen raw, SBE 43 [V]
# name 9 = sbeox1V: Oxygen raw, SBE 43, 2 [V]
# name 10 = altM: Altimeter [m]
# name 11 = latitude: Latitude [deg]
# name 12 = longitude: Longitude [deg]
# name 13 = sbox0dV/dT: Oxygen, SBE 43 [dov/dt]
# name 14 = sbox1dV/dT: Oxygen, SBE 43, 2 [dov/dt]
# name 15 = sbeox0ML/L: Oxygen, SBE 43 [ml/l], WS = 5
# name 16 = sbeox1ML/L: Oxygen, SBE 43, 2 [ml/l], WS = 5
# name 17 = potemp090C: Potential Temperature [ITS-90, deg C]
# name 18 = potemp190C: Potential Temperature, 2 [ITS-90, deg C]
# name 19 = sal00: Salinity, Practical [PSU]
# name 20 = sal11: Salinity, Practical, 2 [PSU]
# name 21 = sigma-é00: Density [sigma-theta, kg/m^3]
# name 22 = sigma-é11: Density, 2 [sigma-theta, kg/m^3]
# name 23 = avgsvCM: Average Sound Velocity [Chen-Millero, m/s], minP = 20, minS = 20
# name 24 = sbox0Mm/Kg: Oxygen, SBE 43 [umol/kg], WS = 5
# name 25 = sbox1Mm/Kg: Oxygen, SBE 43, 2 [umol/kg], WS = 5
# name 26 = nbin: number of scans per bin
# name 27 = flag: flag
# span 0 =      98481,     231714       
# span 1 =   4103.317,   9654.688       
# span 2 =      0.994,   2978.797       
# span 3 =      1.000,   3019.000       
# span 4 =     4.2759,    29.7622       
# span 5 =     4.2770,    29.7662       
# span 6 =   3.345702,   6.014704       
# span 7 =   3.345683,   6.015252       
# span 8 =     1.5624,     3.3891       
# span 9 =     1.2651,     2.8953       
# span 10 =      10.94,     101.89      
# span 11 =   21.52081,   22.46482      
# span 12 =  -96.40962,  -92.35855      
# span 13 =   -0.00910,    0.04151      
# span 14 =   -0.01746,    0.04061      
# span 15 =     2.3637,     5.0836      
# span 16 =     2.3761,     5.0863      
# span 17 =     4.0787,    29.7580      
# span 18 =     4.0797,    29.7620      
# span 19 =    34.9132,    36.5390      
# span 20 =    34.9121,    36.5398      
# span 21 =    22.0451,    27.7581      
# span 22 =    22.0448,    27.7569      
# span 23 =    1450.53,    1514.15      
# span 24 =    102.780,    221.738      
# span 25 =    103.321,    221.832      
# span 26 =         30,         74      
# span 27 = 0.0000e+00, 0.0000e+00      
# interval = decibars: 1                
# start_time = Oct 06 2021 22:50:02 [NMEA time, header]
# bad_flag = -9.990e-29
*END*
[from data line 518]
     212414   8850.562     57.630     58.000    23.9122    24.0638   5.363324   5.374558     3.1800     2.7349      66.74   22.27431  -95.59159    0.00614    0.00545     4.8793     4.9133    23.9000    24.0516    36.2672    36.2568    24.6309    24.5778    1501.31    212.670    214.162         38 0.0000e+00
     212518   8854.865     56.636     57.000    24.0046    24.1582   5.372232   5.388296     3.1890     2.7453      97.35   22.27432  -95.59158    0.00297    0.00389     4.8886     4.9247    23.9925    24.1461    36.2616    36.2607    24.5991    24.5525    1501.31    213.082    214.665         34 0.0000e+00
     212915   8871.420     54.649     55.000    24.2353    24.4985   5.395730   5.425642     3.2243     2.7825      99.95   22.26307  -95.54343    0.00258    0.00174     4.9357     4.9720    24.2236    24.4867    36.2452    36.2578    24.5151    24.4458    1500.55    215.150    216.749         53 0.0000e+00
     214363   8931.762     52.662     53.000    24.8054    24.8071   5.456874   5.454968     3.3000     2.8326      98.65   22.29885  -95.69701    0.00086    0.00264     5.0332     5.0579    24.7940    24.7956    36.2698    36.2560    24.3690    24.3581    1502.96    219.442    220.518         48 0.0000e+00
     214200   8924.977     51.669     52.000    24.7787    24.7888   5.450271   5.449591     3.3003     2.8305      90.03   22.27430  -95.59166    0.00161 -3.007e-07     5.0346     5.0534    24.7675    24.7776    36.2254    36.2121    24.3385    24.3254    1501.31    219.504    220.325         62 0.0000e+00
     214274   8928.035     50.675     51.000    24.7938    24.7933   5.448600   5.449106     3.3035     2.8338      97.55   22.27430  -95.59165    0.00112    0.00187     5.0396     5.0596    24.7827    24.7823    36.2016    36.2053    24.3159    24.3188    1501.31    219.727    220.599         60 0.0000e+00
     214345   8930.993     49.682     50.000    24.8395    24.8312   5.449667   5.449028     3.3185     2.8409     100.00   22.27430  -95.59165    0.00409    0.00202     5.0646     5.0718    24.8287    24.8203    36.1724    36.1746    24.2798    24.2840    1501.31    220.822    221.136         69 0.0000e+00
     214417   8933.988     48.688     49.000    24.9713    25.0445   5.461153   5.465931     3.3260     2.8527     100.00   22.27430  -95.59165    0.00237    0.00323     5.0673     5.0822    24.9607    25.0338    36.1541    36.1370    24.2257    24.1905    1501.31    220.951    221.606         63 0.0000e+00
     214496   8937.279     47.695     48.000    25.2011    25.2135   5.484444   5.484774     3.3445     2.8623     100.00   22.27430  -95.59166    0.00595    0.00305     5.0814     5.0852    25.1950    25.2031    36.1395    36.1331    24.1430    24.1345    1501.31    221.585    221.755         42 0.0000e+00
     214562   8940.052     46.701     47.000    25.6267    25.6177   5.525780   5.524594     3.3637     2.8795     100.00   22.27430  -95.59166    0.00509    0.00361     5.0795     5.0863    25.6159    25.6073    36.1106    36.1090    23.9913    23.9929    1501.31    221.534    221.832         43 0.0000e+00
     214641   8943.317     45.708     46.000    25.6907    25.7673   5.531679   5.539600     3.3692     2.8854      99.92   22.27430  -95.59166    0.00174    0.00139     5.0836     5.0856    25.6804    25.7571    36.1034    36.1010    23.9657    23.9401    1501.31    221.719    221.811         58 0.0000e+00
     214713   8946.332     44.714     45.000    26.0482    26.0057   5.568355   5.565285     3.3864     2.8895      84.64   22.27430  -95.59166    0.00319    0.00136     5.0834     5.0731    26.0382    25.9956    36.0902    36.1013    23.8441    23.8659    1501.31    221.738    221.285         44 0.0000e+00
     214785   8949.326     43.720     44.000    26.2405    26.3227   5.591140   5.597468     3.3891     2.8953     100.32   22.27430  -95.59166    0.00111    0.00034     5.0695     5.0572    26.2305    26.3129    36.1050    36.1062    23.7945    23.7775    1501.31    221.142    220.608         48 0.0000e+00
     214866   8952.702     42.727     43.000    26.5871    26.7537   5.635801   5.651397     3.3746     2.8782      72.21   22.27430  -95.59165   -0.00763   -0.00394     5.0095     4.9887    26.5773    26.7439    36.1578    36.1399    23.7250    23.6585    1501.31    218.541    217.644         32 0.0000e+00
     214928   8955.298     41.733     42.000    27.0667    27.0293   5.692110   5.685656     3.3787     2.8712      98.43   22.27430  -95.59166    0.00078   -0.00376     4.9737     4.9462    27.0571    27.0196    36.1890    36.1720    23.5952    23.5945    1501.31    217.005    215.806         51 0.0000e+00
     215013   8958.843     40.740     41.000    27.1348    27.0959   5.699475   5.694334     3.3468     2.8493     100.00   22.27430  -95.59166   -0.00910   -0.00640     4.9062     4.8932    27.1253    27.0865    36.1892    36.1826    23.5735    23.5811    1501.31    214.064    213.497         39 0.0000e+00
     215076   8961.468     39.746     40.000    27.3449    27.2337   5.725007   5.710993     3.3422     2.8495     100.00   22.27430  -95.59166   -0.00307   -0.00216     4.8775     4.8754    27.3356    27.2244    36.2087    36.1980    23.5204    23.5495    1501.31    212.825    212.729         53 0.0000e+00
     214164   8923.455     36.766     37.000    28.2489    28.8961   5.803826   5.874678     3.2446     2.6755      99.43   22.14817  -95.05037   -0.00587   -0.01746     4.6200     4.3943    28.1803    28.8871    36.0205    36.0093    23.0729    22.8331    1492.81    201.652    191.847         31 0.0000e+00
     215526   8980.213     33.785     34.000    29.3221    29.3902   5.938197   5.947354     3.1434     2.6534      99.81   22.25045  -95.48934   -0.00172    0.00033     4.3483     4.3148    29.3145    29.3819    36.1718    36.1894    22.8323    22.8239    1499.70    189.856    188.397         48 0.0000e+00
     215878   8994.895     32.792     33.000    29.3542    29.4152   5.945131   5.952803     3.1434     2.6561      50.36   22.27430  -95.59170    0.00092    0.00087     4.3476     4.3186    29.3476    29.4071    36.2152    36.2208    22.8597    22.8438    1501.31    189.826    188.559         30 0.0000e+00
     216218   9009.045     30.804     31.000    29.4847    29.4931   5.961988   5.963238     3.1406     2.6580     100.05   22.28489  -95.63716   -0.00026    0.00011     4.3313     4.3161    29.4771    29.4855    36.2405    36.2422    22.8375    22.8359    1502.02    189.117    188.455         34 0.0000e+00
     216586   9024.390     26.830     27.000    29.3174    29.3212   5.925442   5.925949     3.1175     2.6430      99.36   22.13100  -94.97686   -0.00158    0.00035     4.2940     4.2887    29.3108    29.3146    35.9957    35.9964    22.6713    22.6705    1491.65    187.491    187.259         42 0.0000e+00
     220059   9169.090     22.855     23.000    29.6951    29.6990   6.001670   6.002170     3.1610     2.6759     100.63   22.41567  -96.19853   -0.00019    0.00036     4.3529     4.3393    29.6895    29.6933    36.4596    36.4601    22.9630    22.9621    1510.84    190.065    189.472         30 0.0000e+00
     218411   9100.404     20.868     21.000    29.4356    29.4505   5.948977   5.949843     3.1371     2.6542      88.49   22.21820  -95.35119    0.00001    0.00008     4.3206     4.3037    29.4304    29.4454    36.1386    36.1488    22.7601    22.7641    1497.53    188.655    187.915         38 0.0000e+00
     219896   9162.272     18.880     19.000    29.3334    29.3393   5.928196   5.928905     3.1246     2.6467      82.92   22.14142  -95.02171   -0.00104    0.00085     4.3018     4.2912    29.3288    29.3347    36.0131    36.0136    22.6809    22.6792    1492.36    187.832    187.368         40 0.0000e+00
     223530   9313.722     16.893     17.000    29.7622    29.7662   6.014704   6.015252     3.1740     2.6835     100.86   22.46482  -96.40962    0.00050   -0.00043     4.3701     4.3491    29.7580    29.7620    36.5390    36.5398    23.0119    23.0110    1514.15    190.816    189.898         46 0.0000e+00
     221777   9240.663     15.899     16.000    29.5086    29.5148   5.963536   5.964312     3.1475     2.6622      98.81   22.27426  -95.59183    0.00055    0.00036     4.3335     4.3147    29.5047    29.5109    36.2292    36.2298    22.8170    22.8154    1501.31    189.219    188.397         38 0.0000e+00
     222704   9279.294      9.937     10.000    29.0594    29.0609   5.878943   5.872664     3.1007     2.6248      97.02   21.93354  -94.12970   -0.00040   -0.00010     4.2711     4.2523    29.0892    29.0584    35.7154    35.6764    22.4923    22.4673    1478.35    186.492    185.673         34 0.0000e+00
     226009   9416.990      7.950      8.000    29.2732    29.2769   5.915709   5.916206     3.1244     2.6452      99.20   22.09681  -94.83041   -0.00024    0.00086     4.2985     4.2847    29.2712    29.2750    35.9410    35.9416    22.6350    22.6342    1489.35    187.689    187.085         55 0.0000e+00
     221218   9217.382      3.975      4.000    28.5087    28.5112   5.761171   5.761546     3.0419     2.5761      95.62   21.52081  -92.35855   -0.00026    0.00008     4.1827     4.1709    28.5077    28.5102    35.0040    35.0047    22.0451    22.0448    1450.53    182.634    182.117         37 0.0000e+00
     231410   9642.052      2.981      3.000    29.5020    29.5023   5.962386   5.962496     3.1509     2.6680      99.94   22.27420  -95.59194    0.00074   -0.00029     4.3334     4.3203    29.5013    29.5016    36.2301    36.2307    22.8189    22.8192    1501.31    189.212    188.640         38 0.0000e+00
     231635   9651.431      1.987      2.000    29.5018    29.5035   5.962312   5.962607     3.1502     2.6667     100.00   22.27420  -95.59196   -0.00008    0.00013     4.3315     4.3172    29.5013    29.5030    36.2301    36.2308    22.8188    22.8188    1501.31    189.131    188.503         35 0.0000e+00
     231714   9654.688      0.994      1.000    29.5007    29.5023   5.962177   5.962429     3.1478     2.6666      69.45   22.27420  -95.59196   -0.00042    0.00074     4.3268     4.3166    29.5005    29.5021    36.2302    36.2307    22.8192    22.8191    1501.31    188.924    188.477         38 0.0000e+00
