GOMECC/GOMECC-4/1db/urb2103_0151.cnv
* Sea-Bird SBE 9 Data File:
* FileName = C:\Users\scs.user.rb\CTD\GOMECC4\data\rb2103_0151.hex
* Software Version Seasave V 7.26.7.107
* Temperature SN = 4799
* Conductivity SN = 3860
* Number of Bytes Per Scan = 41
* Number of Voltage Words = 4
* Number of Scans Averaged by the Deck Unit = 1
* NMEA Latitude = 27 19.93 N
* NMEA Longitude = 084 00.24 W
* NMEA UTC (Time) = Sep 19 2021  03:18:27
* NMEA baud rate = 4800
# nquan = 28
# nvalues = 8                           
# units = specified
# name 0 = scan: Scan Count
# name 1 = timeS: Time, Elapsed [seconds]
# name 2 = depSM: Depth [salt water, m]
# name 3 = prDM: Pressure, Digiquartz [db]
# name 4 = t090C: Temperature [ITS-90, deg C]
# name 5 = t190C: Temperature, 2 [ITS-90, deg C]
# name 6 = c0S/m: Conductivity [S/m]
# name 7 = c1S/m: Conductivity, 2 [S/m]
# name 8 = sbeox0V: Oxygen raw, SBE 43 [V]
# name 9 = sbeox1V: Oxygen raw, SBE 43, 2 [V]
# name 10 = altM: Altimeter [m]
# name 11 = latitude: Latitude [deg]
# name 12 = longitude: Longitude [deg]
# name 13 = sbox0dV/dT: Oxygen, SBE 43 [dov/dt]
# name 14 = sbox1dV/dT: Oxygen, SBE 43, 2 [dov/dt]
# name 15 = sbeox0ML/L: Oxygen, SBE 43 [ml/l], WS = 5
# name 16 = sbeox1ML/L: Oxygen, SBE 43, 2 [ml/l], WS = 5
# name 17 = potemp090C: Potential Temperature [ITS-90, deg C]
# name 18 = potemp190C: Potential Temperature, 2 [ITS-90, deg C]
# name 19 = sal00: Salinity, Practical [PSU]
# name 20 = sal11: Salinity, Practical, 2 [PSU]
# name 21 = sigma-é00: Density [sigma-theta, kg/m^3]
# name 22 = sigma-é11: Density, 2 [sigma-theta, kg/m^3]
# name 23 = avgsvCM: Average Sound Velocity [Chen-Millero, m/s], minP = 20, minS = 20
# name 24 = sbox0Mm/Kg: Oxygen, SBE 43 [umol/kg], WS = 5
# name 25 = sbox1Mm/Kg: Oxygen, SBE 43, 2 [umol/kg], WS = 5
# name 26 = nbin: number of scans per bin
# name 27 = flag: flag
# span 0 =      25609,      43638       
# span 1 =   1066.981,   1818.189       
# span 2 =      1.987,     50.657       
# span 3 =      2.000,     51.000       
# span 4 =    24.7269,    29.3556       
# span 5 =    24.7182,    29.4030       
# span 6 =   5.445031,   5.889380       
# span 7 =   5.445403,   5.889897       
# span 8 =     3.0560,     3.1629       
# span 9 =     2.6085,     2.6891       
# span 10 =      20.31,      67.97      
# span 11 =   27.32596,   27.57497      
# span 12 =  -84.74069,  -83.97543      
# span 13 =   -0.00085,    0.00046      
# span 14 =   -0.00129,    0.00109      
# span 15 =     4.3527,     4.5638      
# span 16 =     4.3541,     4.5814      
# span 17 =    24.7159,    29.3531      
# span 18 =    24.7072,    29.4006      
# span 19 =    35.6312,    36.2663      
# span 20 =    35.6330,    36.2623      
# span 21 =    22.4906,    24.3919      
# span 22 =    22.4916,    24.3916      
# span 23 =    1541.31,    1555.35      
# span 24 =    190.117,    198.976      
# span 25 =    190.175,    199.739      
# span 26 =         36,         50      
# span 27 = 0.0000e+00, 0.0000e+00      
# interval = decibars: 1                
# start_time = Sep 19 2021 03:18:27 [NMEA time, header]
# bad_flag = -9.990e-29
*END*
      25609   1066.981     50.657     51.000    24.7269    24.7182   5.445031   5.445403     3.0560     2.6085      20.31   27.37733  -84.13337   -0.00041    0.00109     4.5638     4.5814    24.7159    24.7072    36.2663    36.2623    24.3919    24.3916    1544.20    198.976    199.739         37 0.0000e+00
      40412   1683.804      9.934     10.000    29.3556    29.4030   5.889380   5.889897     3.1629     2.6891      60.72   27.57497  -84.74069   -0.00085   -0.00126     4.3824     4.3975    29.3531    29.4006    35.9013    35.9575    22.6626    22.6974    1555.35    191.413    192.071         40 0.0000e+00
      40161   1673.335      8.940      9.000    29.1428    29.1454   5.837852   5.838347     3.1374     2.6664      61.20   27.33382  -83.99960    0.00038    0.00031     4.3538     4.3599    29.1406    29.1432    35.6415    35.6430    22.4987    22.4989    1541.75    190.163    190.427         38 0.0000e+00
      40250   1677.033      7.947      8.000    29.1431    29.1455   5.837857   5.838319     3.1376     2.6645      62.14   27.33382  -83.99960   -0.00009   -0.00086     4.3536     4.3556    29.1411    29.1436    35.6416    35.6430    22.4986    22.4988    1541.75    190.152    190.241         38 0.0000e+00
      40555   1689.765      4.967      5.000    29.1381    29.1392   5.836370   5.836776     3.1391     2.6645      65.11   27.32596  -83.97543   -0.00002   -0.00008     4.3547     4.3541    29.1369    29.1379    35.6312    35.6330    22.4906    22.4916    1541.31    190.202    190.175         44 0.0000e+00
      42106   1754.369      3.974      4.000    29.1475    29.1491   5.838154   5.838558     3.1407     2.6694      66.02   27.33382  -83.99960    0.00023    0.00010     4.3568     4.3630    29.1465    29.1481    35.6415    35.6431    22.4967    22.4974    1541.75    190.292    190.566         48 0.0000e+00
      43589   1816.148      2.980      3.000    29.1455    29.1498   5.837913   5.838558     3.1395     2.6674      66.86   27.33383  -83.99960    0.00046   -0.00048     4.3542     4.3584    29.1447    29.1490    35.6417    35.6429    22.4974    22.4969    1541.75    190.180    190.363         50 0.0000e+00
      43638   1818.189      1.987      2.000    29.1453    29.1480   5.836581   5.838354     3.1388     2.6679      67.97   27.33384  -83.99960   -0.00047   -0.00129     4.3527     4.3590    29.1448    29.1475    35.6329    35.6431    22.4908    22.4976    1541.75    190.117    190.391         36 0.0000e+00
