GOMECC/GOMECC-4/1db/urb2103_0541.cnv
* Sea-Bird SBE 9 Data File:
* FileName = C:\Users\scs.user.rb\CTD\GOMECC4\data\rb2103_0541.hex
* Software Version Seasave V 7.26.7.107
* Temperature SN = 4799
* Conductivity SN = 3860
* Number of Bytes Per Scan = 41
* Number of Voltage Words = 4
* Number of Scans Averaged by the Deck Unit = 1
* NMEA Latitude = 27 29.98 N
* NMEA Longitude = 095 00.24 W
* NMEA UTC (Time) = Sep 28 2021  12:26:08
* NMEA baud rate = 4800
# nquan = 28
# nvalues = 247                         
# units = specified
# name 0 = scan: Scan Count
# name 1 = timeS: Time, Elapsed [seconds]
# name 2 = depSM: Depth [salt water, m]
# name 3 = prDM: Pressure, Digiquartz [db]
# name 4 = t090C: Temperature [ITS-90, deg C]
# name 5 = t190C: Temperature, 2 [ITS-90, deg C]
# name 6 = c0S/m: Conductivity [S/m]
# name 7 = c1S/m: Conductivity, 2 [S/m]
# name 8 = sbeox0V: Oxygen raw, SBE 43 [V]
# name 9 = sbeox1V: Oxygen raw, SBE 43, 2 [V]
# name 10 = altM: Altimeter [m]
# name 11 = latitude: Latitude [deg]
# name 12 = longitude: Longitude [deg]
# name 13 = sbox0dV/dT: Oxygen, SBE 43 [dov/dt]
# name 14 = sbox1dV/dT: Oxygen, SBE 43, 2 [dov/dt]
# name 15 = sbeox0ML/L: Oxygen, SBE 43 [ml/l], WS = 5
# name 16 = sbeox1ML/L: Oxygen, SBE 43, 2 [ml/l], WS = 5
# name 17 = potemp090C: Potential Temperature [ITS-90, deg C]
# name 18 = potemp190C: Potential Temperature, 2 [ITS-90, deg C]
# name 19 = sal00: Salinity, Practical [PSU]
# name 20 = sal11: Salinity, Practical, 2 [PSU]
# name 21 = sigma-é00: Density [sigma-theta, kg/m^3]
# name 22 = sigma-é11: Density, 2 [sigma-theta, kg/m^3]
# name 23 = avgsvCM: Average Sound Velocity [Chen-Millero, m/s], minP = 20, minS = 20
# name 24 = sbox0Mm/Kg: Oxygen, SBE 43 [umol/kg], WS = 5
# name 25 = sbox1Mm/Kg: Oxygen, SBE 43, 2 [umol/kg], WS = 5
# name 26 = nbin: number of scans per bin
# name 27 = flag: flag
# span 0 =      42807,     100072       
# span 1 =   1783.572,   4169.616       
# span 2 =      2.980,    870.352       
# span 3 =      3.000,    878.000       
# span 4 =     5.9075,    29.5325       
# span 5 =     5.9082,    29.5316       
# span 6 =   3.459448,   5.934332       
# span 7 =   3.459348,   5.934109       
# span 8 =     1.5802,     3.2986       
# span 9 =     1.2842,     2.8262       
# span 10 =      10.27,     100.71      
# span 11 =   27.37061,   27.86930      
# span 12 =  -96.27280,  -94.55051      
# span 13 =   -0.00724,    0.03812      
# span 14 =   -0.00750,    0.04107      
# span 15 =     2.4556,     4.9080      
# span 16 =     2.4817,     4.9251      
# span 17 =     5.8285,    29.5296      
# span 18 =     5.8292,    29.5287      
# span 19 =    34.9073,    36.4794      
# span 20 =    34.9057,    36.4780      
# span 21 =    22.5257,    27.5039      
# span 22 =    22.5239,    27.5025      
# span 23 =    1496.66,    1523.94      
# span 24 =    106.781,    214.060      
# span 25 =    107.913,    214.809      
# span 26 =         30,         65      
# span 27 = 0.0000e+00, 0.0000e+00      
# interval = decibars: 1                
# start_time = Sep 28 2021 12:26:08 [NMEA time, header]
# bad_flag = -9.990e-29
*END*
[from data line 52]
      53344   2222.630    643.700    649.000     7.1508     7.1528   3.565214   3.565288     1.6349     1.3359     100.00   27.50023  -94.99993   -0.00037   -0.00054     2.8465     2.8704     7.0873     7.0893    34.9312    34.9297    27.3525    27.3510    1503.70    123.740    124.782         39 0.0000e+00
      53475   2228.080    638.748    644.000     7.1847     7.1854   3.568081   3.568066     1.6341     1.3366     100.00   27.49987  -94.99866    0.00002    0.00008     2.8397     2.8683     7.1216     7.1223    34.9307    34.9298    27.3472    27.3465    1503.68    123.445    124.689         38 0.0000e+00
      53606   2233.522    633.796    639.000     7.2418     7.2524   3.573257   3.574183     1.6334     1.3346     100.00   27.49915  -94.99617   -0.00003   -0.00037     2.8315     2.8549     7.1789     7.1894    34.9321    34.9315    27.3403    27.3383    1503.64    123.088    124.105         32 0.0000e+00
      53764   2240.128    627.854    633.000     7.2999     7.3067   3.578649   3.579179     1.6286     1.3296     100.00   27.49841  -94.99361   -0.00078   -0.00092     2.8100     2.8318     7.2374     7.2442    34.9351    34.9341    27.3343    27.3325    1503.60    122.155    123.104         30 0.0000e+00
      53867   2244.408    623.893    629.000     7.3730     7.3834   3.585789   3.586699     1.6253     1.3254     100.00   27.49878  -94.99486   -0.00071   -0.00091     2.7927     2.8107     7.3105     7.3209    34.9414    34.9408    27.3289    27.3269    1503.62    121.405    122.189         34 0.0000e+00
      54233   2259.663    610.027    615.000     7.4840     7.4879   3.595695   3.595939     1.6186     1.3222     100.00   27.49808  -94.99239    0.00027    0.00034     2.7590     2.7874     7.4225     7.4263    34.9442    34.9429    27.3150    27.3134    1503.58    119.943    121.176         31 0.0000e+00
      54338   2264.030    606.066    611.000     7.5146     7.5155   3.598749   3.598668     1.6192     1.3237     100.00   27.50001  -94.99906    0.00017    0.00040     2.7572     2.7888     7.4534     7.4542    34.9483    34.9468    27.3139    27.3125    1503.69    119.861    121.235         35 0.0000e+00
      54468   2269.444    601.113    606.000     7.5428     7.5475   3.601292   3.601592     1.6193     1.3221     100.00   27.49998  -94.99893    0.00010   -0.00033     2.7536     2.7795     7.4820     7.4866    34.9503    34.9489    27.3113    27.3095    1503.69    119.708    120.834         33 0.0000e+00
      54717   2279.839    597.151    602.000     7.5984     7.6018   3.606351   3.606689     1.6159     1.3187      99.65   27.49825  -94.99297   -0.00046   -0.00027     2.7378     2.7630     7.5377     7.5410    34.9511    34.9513    27.3037    27.3035    1503.59    119.019    120.117         31 0.0000e+00
      54912   2287.965    596.161    601.000     7.6244     7.6225   3.609040   3.608721     1.6134     1.3169      96.49   27.49912  -94.99595   -0.00026   -0.00014     2.7280     2.7549     7.5637     7.5618    34.9547    34.9532    27.3028    27.3019    1503.64    118.594    119.763         50 0.0000e+00
      55148   2297.803    595.170    600.000     7.6265     7.6242   3.609193   3.608839     1.6130     1.3182      76.47   27.49912  -94.99591    0.00000    0.00012     2.7262     2.7588     7.5659     7.5636    34.9547    34.9532    27.3026    27.3017    1503.64    118.515    119.932         42 0.0000e+00
      56241   2343.353    593.189    598.000     7.6273     7.6288   3.609160   3.609169     1.6118     1.3162     100.00   27.49858  -94.99400    0.00000    0.00001     2.7218     2.7513     7.5669     7.5684    34.9545    34.9531    27.3022    27.3009    1503.61    118.326    119.606         36 0.0000e+00
      56306   2346.026    591.208    596.000     7.6340     7.6368   3.609827   3.609951     1.6121     1.3173     100.00   27.49963  -94.99763    0.00012    0.00020     2.7214     2.7536     7.5738     7.5766    34.9564    34.9550    27.3028    27.3012    1503.67    118.308    119.706         30 0.0000e+00
      56338   2347.357    590.217    595.000     7.6408     7.6401   3.610458   3.610241     1.6128     1.3173     100.00   27.49908  -94.99573    0.00020    0.00033     2.7227     2.7529     7.5806     7.5800    34.9565    34.9548    27.3018    27.3005    1503.64    118.364    119.678         37 0.0000e+00
      56374   2348.859    589.227    594.000     7.6456     7.6460   3.611087   3.610776     1.6130     1.3169     100.00   27.49908  -94.99572    0.00028    0.00013     2.7228     2.7509     7.5855     7.5859    34.9572    34.9550    27.3016    27.2998    1503.64    118.367    119.590         33 0.0000e+00
      56433   2351.326    587.246    592.000     7.6937     7.7030   3.615648   3.616525     1.6134     1.3174     100.00   27.49973  -94.99795    0.00011 -4.121e-09     2.7195     2.7476     7.6336     7.6429    34.9608    34.9605    27.2975    27.2958    1503.68    118.225    119.449         30 0.0000e+00
      56466   2352.717    586.255    591.000     7.7050     7.7123   3.616639   3.617260     1.6130     1.3158     100.00   27.49908  -94.99570    0.00005   -0.00010     2.7174     2.7416     7.6449     7.6523    34.9609    34.9602    27.2959    27.2943    1503.64    118.132    119.185         40 0.0000e+00
      56504   2354.288    585.265    590.000     7.7001     7.7145   3.616158   3.617467     1.6120     1.3148     100.00   27.49908  -94.99570   -0.00027   -0.00073     2.7142     2.7376     7.6402     7.6545    34.9612    34.9608    27.2968    27.2943    1503.64    117.995    119.011         32 0.0000e+00
      56598   2358.216    582.293    587.000     7.7356     7.7386   3.619694   3.619816     1.6108     1.3139     100.00   27.50038  -95.00020   -0.00036   -0.00027     2.7069     2.7317     7.6759     7.6788    34.9652    34.9636    27.2948    27.2931    1503.71    117.677    118.757         44 0.0000e+00
      56636   2359.797    581.302    586.000     7.7308     7.7368   3.619050   3.619455     1.6103     1.3138     100.00   27.49908  -94.99568   -0.00034   -0.00011     2.7055     2.7313     7.6712     7.6772    34.9634    34.9617    27.2940    27.2918    1503.64    117.615    118.741         33 0.0000e+00
      56694   2362.213    579.321    584.000     7.7507     7.7535   3.621094   3.621216     1.6106     1.3139     100.01   27.50107  -95.00256   -0.00006    0.00001     2.7041     2.7298     7.6912     7.6940    34.9668    34.9653    27.2938    27.2922    1503.75    117.555    118.675         31 0.0000e+00
      56729   2363.665    578.330    583.000     7.7504     7.7541   3.620829   3.621044     1.6100     1.3138     100.00   27.49908  -94.99567   -0.00004   -0.00001     2.7022     2.7289     7.6911     7.6947    34.9644    34.9630    27.2918    27.2902    1503.64    117.476    118.636         45 0.0000e+00
      56821   2367.491    575.359    580.000     7.7844     7.7880   3.624035   3.624169     1.6095     1.3144     100.00   27.49898  -94.99531   -0.00011    0.00019     2.6971     2.7276     7.7252     7.7288    34.9665    34.9651    27.2885    27.2869    1503.63    117.252    118.578         33 0.0000e+00
      57078   2378.199    565.452    570.000     7.8312     7.8320   3.628321   3.628263     1.6108     1.3142     100.00   27.49919  -94.99611    0.00022    0.00011     2.6941     2.7203     7.7729     7.7736    34.9705    34.9692    27.2846    27.2834    1503.65    117.123    118.261         30 0.0000e+00
      57203   2383.414    560.499    565.000     7.8685     7.8720   3.631688   3.631929     1.6106     1.3140      99.73   27.49830  -94.99301    0.00001   -0.00001     2.6892     2.7152     7.8106     7.8140    34.9717    34.9709    27.2799    27.2788    1503.60    116.912    118.040         30 0.0000e+00
      57331   2388.746    555.545    560.000     7.9336     7.9334   3.638129   3.637948     1.6101     1.3138     100.00   27.49877  -94.99460   -0.00010   -0.00004     2.6814     2.7084     7.8759     7.8757    34.9784    34.9766    27.2755    27.2741    1503.62    116.571    117.746         30 0.0000e+00
      57584   2399.303    545.638    550.000     8.1543     8.1609   3.660265   3.660868     1.6047     1.3070     100.00   27.49917  -94.99602   -0.00041   -0.00040     2.6462     2.6671     8.0968     8.1033    35.0003    35.0001    27.2595    27.2584    1503.65    115.041    115.951         31 0.0000e+00
      57712   2404.641    540.684    545.000     8.2533     8.2537   3.670189   3.670070     1.5990     1.3018     100.00   27.49922  -94.99618   -0.00091   -0.00090     2.6205     2.6420     8.1958     8.1962    35.0101    35.0084    27.2522    27.2508    1503.65    113.925    114.862         33 0.0000e+00
      58324   2430.131    516.904    521.000     8.6665     8.6579   3.711783   3.710731     1.5952     1.2992     100.01   27.50074  -95.00141    0.00043    0.00027     2.5730     2.5985     8.6101     8.6015    35.0530    35.0504    27.2218    27.2211    1503.73    111.865    112.974         30 0.0000e+00
      58352   2431.287    515.913    520.000     8.6653     8.6563   3.711492   3.710431     1.5951     1.2991     100.00   27.49904  -94.99548    0.00025    0.00002     2.5725     2.5982     8.6089     8.6000    35.0513    35.0489    27.2206    27.2201    1503.64    111.844    112.961         31 0.0000e+00
      58450   2435.381    511.950    516.000     8.7513     8.7382   3.720377   3.718935     1.5962     1.3006      94.85   27.49955  -94.99730    0.00039    0.00042     2.5686     2.5960     8.6951     8.6820    35.0618    35.0595    27.2153    27.2156    1503.67    111.675    112.866         31 0.0000e+00
      58684   2445.105    503.031    507.000     8.9060     8.9014   3.736647   3.735996     1.5983     1.3015     100.01   27.50138  -95.00359    0.00027    0.00030     2.5615     2.5851     8.8502     8.8456    35.0847    35.0824    27.2087    27.2076    1503.77    111.365    112.394         34 0.0000e+00
      58713   2446.323    502.040    506.000     8.9033     8.8928   3.736029   3.734751     1.5981     1.3016      99.07   27.49902  -94.99544    0.00018    0.00009     2.5607     2.5858     8.8477     8.8372    35.0809    35.0779    27.2060    27.2053    1503.64    111.332    112.424         31 0.0000e+00
      60941   2539.153    496.094    500.000     8.9940     8.9959   3.745019   3.745094     1.5972     1.3020      99.75   27.49669  -94.98723   -0.00001    0.00010     2.5503     2.5785     8.9387     8.9405    35.0882    35.0869    27.1970    27.1958    1503.52    110.879    112.108         40 0.0000e+00
      61430   2559.527    495.103    499.000     8.9981     8.9982   3.745625   3.745513     1.5979     1.3023     100.00   27.49896  -94.99506    0.00005    0.00003     2.5515     2.5787     8.9429     8.9430    35.0913    35.0901    27.1989    27.1979    1503.64    110.933    112.116         30 0.0000e+00
      61501   2562.484    492.130    496.000     8.9999     9.0012   3.745961   3.745927     1.5978     1.3028     100.01   27.50170  -95.00450    0.00001    0.00015     2.5500     2.5790     8.9450     8.9463    35.0935    35.0933    27.2004    27.2001    1503.79    110.869    112.127         30 0.0000e+00
      61530   2563.688    491.139    495.000     9.0003     9.0003   3.745657   3.745524     1.5975     1.3027     100.00   27.49896  -94.99504   -0.00014    0.00014     2.5489     2.5787     8.9455     8.9455    35.0914    35.0900    27.1985    27.1974    1503.64    110.822    112.117         38 0.0000e+00
      61635   2568.077    487.175    491.000     9.0727     9.0540   3.753167   3.750991     1.5984     1.3023     100.00   27.49866  -94.99403    0.00037    0.00000     2.5456     2.5726     9.0181     8.9995    35.1006    35.0963    27.1941    27.1937    1503.62    110.675    111.849         36 0.0000e+00
      61772   2573.782    482.220    486.000     9.2047     9.2071   3.767319   3.767077     1.5895     1.2927     100.01   27.50040  -95.00005   -0.00159   -0.00202     2.5094     2.5307     9.1503     9.1525    35.1209    35.1161    27.1886    27.1845    1503.72    109.104    110.030         34 0.0000e+00
      61802   2575.034    481.229    485.000     9.2034     9.1972   3.766883   3.766119     1.5854     1.2884     100.00   27.49894  -94.99501   -0.00250   -0.00299     2.4975     2.5172     9.1490     9.1428    35.1179    35.1159    27.1864    27.1859    1503.64    108.586    109.445         30 0.0000e+00
      61904   2579.280    477.264    481.000     9.2648     9.2609   3.773067   3.772611     1.5802     1.2842     100.00   27.49815  -94.99226   -0.00094   -0.00096     2.4772     2.4992     9.2107     9.2067    35.1250    35.1228    27.1819    27.1808    1503.60    107.706    108.659         30 0.0000e+00
      62362   2598.359    460.415    464.000     9.4573     9.4378   3.792457   3.790112     1.5929     1.2963      82.81   27.49787  -94.99130    0.00167    0.00152     2.4959     2.5205     9.4045     9.3850    35.1439    35.1388    27.1648    27.1640    1503.58    108.518    109.590         33 0.0000e+00
      62473   2602.990    456.451    460.000     9.5513     9.5501   3.802512   3.802212     1.5964     1.3004     100.01   27.50035  -94.99987    0.00072    0.00100     2.4985     2.5248     9.4985     9.4974    35.1583    35.1563    27.1606    27.1592    1503.72    108.634    109.776         30 0.0000e+00
      62500   2604.118    455.459    459.000     9.5586     9.5537   3.803037   3.802449     1.5970     1.3010      98.56   27.49892  -94.99492    0.00058    0.00069     2.4995     2.5260     9.5060     9.5011    35.1568    35.1555    27.1581    27.1578    1503.64    108.677    109.828         30 0.0000e+00
      62607   2608.590    451.495    455.000     9.6619     9.6603   3.814098   3.813898     1.5989     1.3027     100.01   27.50097  -95.00198    0.00051    0.00037     2.4971     2.5232     9.6094     9.6078    35.1721    35.1717    27.1528    27.1528    1503.75    108.571    109.710         34 0.0000e+00
      62636   2609.797    450.503    454.000     9.6516     9.6615   3.812849   3.813571     1.5989     1.3028      74.35   27.49892  -94.99490    0.00033    0.00035     2.4975     2.5232     9.5992     9.6091    35.1694    35.1672    27.1523    27.1489    1503.64    108.591    109.708         30 0.0000e+00
      62716   2613.124    447.530    451.000     9.7933     9.8087   3.828373   3.829798     1.6019     1.3043     100.01   27.50197  -95.00545    0.00076    0.00040     2.4958     2.5175     9.7409     9.7562    35.1928    35.1924    27.1469    27.1440    1503.81    108.516    109.460         31 0.0000e+00
      62742   2614.211    446.538    450.000     9.7853     9.7955   3.827162   3.827954     1.6020     1.3051     100.00   27.49890  -94.99488    0.00082    0.00061     2.4964     2.5208     9.7330     9.7431    35.1880    35.1862    27.1444    27.1413    1503.64    108.542    109.605         33 0.0000e+00
      62849   2618.686    442.573    446.000     9.9028     9.8992   3.839924   3.839353     1.6030     1.3054     100.01   27.50108  -95.00238    0.00023    0.00005     2.4903     2.5138     9.8505     9.8469    35.2060    35.2043    27.1385    27.1378    1503.76    108.278    109.299         32 0.0000e+00
      62877   2619.820    441.582    445.000     9.9000     9.9005   3.839369   3.839243     1.6026     1.3056     100.00   27.49890  -94.99486    0.00020    0.00017     2.4892     2.5140     9.8479     9.8484    35.2038    35.2020    27.1372    27.1357    1503.64    108.231    109.308         31 0.0000e+00
      62982   2624.198    437.617    441.000    10.0224    10.0096   3.852389   3.850834     1.6028     1.3053     100.00   27.49988  -94.99823    0.00013   -0.00010     2.4805     2.5052     9.9704     9.9576    35.2200    35.2165    27.1289    27.1284    1503.69    107.855    108.928         34 0.0000e+00
