GOMECC/GOMECC-4/1db/urb2103_1221.cnv
* Sea-Bird SBE 9 Data File:
* FileName = C:\Users\scs.user.rb\CTD\GOMECC4\data\rb2103_1221.hex
* Software Version Seasave V 7.26.7.107
* Temperature SN = 4799
* Conductivity SN = 3860
* Number of Bytes Per Scan = 41
* Number of Voltage Words = 4
* Number of Scans Averaged by the Deck Unit = 1
* NMEA Latitude = 24 31.02 N
* NMEA Longitude = 080 37.81 W
* NMEA UTC (Time) = Oct 17 2021  20:29:11
* NMEA baud rate = 4800
# nquan = 28
# nvalues = 127                         
# units = specified
# name 0 = scan: Scan Count
# name 1 = timeS: Time, Elapsed [seconds]
# name 2 = depSM: Depth [salt water, m]
# name 3 = prDM: Pressure, Digiquartz [db]
# name 4 = t090C: Temperature [ITS-90, deg C]
# name 5 = t190C: Temperature, 2 [ITS-90, deg C]
# name 6 = c0S/m: Conductivity [S/m]
# name 7 = c1S/m: Conductivity, 2 [S/m]
# name 8 = sbeox0V: Oxygen raw, SBE 43 [V]
# name 9 = sbeox1V: Oxygen raw, SBE 43, 2 [V]
# name 10 = altM: Altimeter [m]
# name 11 = latitude: Latitude [deg]
# name 12 = longitude: Longitude [deg]
# name 13 = sbox0dV/dT: Oxygen, SBE 43 [dov/dt]
# name 14 = sbox1dV/dT: Oxygen, SBE 43, 2 [dov/dt]
# name 15 = sbeox0ML/L: Oxygen, SBE 43 [ml/l], WS = 5
# name 16 = sbeox1ML/L: Oxygen, SBE 43, 2 [ml/l], WS = 5
# name 17 = potemp090C: Potential Temperature [ITS-90, deg C]
# name 18 = potemp190C: Potential Temperature, 2 [ITS-90, deg C]
# name 19 = sal00: Salinity, Practical [PSU]
# name 20 = sal11: Salinity, Practical, 2 [PSU]
# name 21 = sigma-é00: Density [sigma-theta, kg/m^3]
# name 22 = sigma-é11: Density, 2 [sigma-theta, kg/m^3]
# name 23 = avgsvCM: Average Sound Velocity [Chen-Millero, m/s], minP = 20, minS = 20
# name 24 = sbox0Mm/Kg: Oxygen, SBE 43 [umol/kg], WS = 5
# name 25 = sbox1Mm/Kg: Oxygen, SBE 43, 2 [umol/kg], WS = 5
# name 26 = nbin: number of scans per bin
# name 27 = flag: flag
# span 0 =      31395,      67524       
# span 1 =   1308.099,   2813.445       
# span 2 =      1.987,    232.371       
# span 3 =      2.000,    234.000       
# span 4 =    13.8460,    31.0749       
# span 5 =    14.0873,    31.0927       
# span 6 =   4.273611,   6.277550       
# span 7 =   4.302318,   6.279706       
# span 8 =     1.8702,     3.4078       
# span 9 =     1.5566,     2.8829       
# span 10 =      12.55,     108.02      
# span 11 =   24.29353,   26.49698      
# span 12 =  -87.07099,  -79.83916      
# span 13 =   -0.00177,    0.01740      
# span 14 =   -0.00192,    0.01605      
# span 15 =     2.8682,     4.7611      
# span 16 =     2.9002,     4.7363      
# span 17 =    13.8121,    31.0744      
# span 18 =    14.0530,    31.0923      
# span 19 =    35.5047,    38.6081      
# span 20 =    35.5142,    38.6099      
# span 21 =    22.5868,    26.8382      
# span 22 =    22.5873,    26.8213      
# span 23 =    1515.79,    1653.15      
# span 24 =    124.744,    207.911      
# span 25 =    126.139,    206.830      
# span 26 =         30,         81      
# span 27 = 0.0000e+00, 0.0000e+00      
# interval = decibars: 1                
# start_time = Oct 17 2021 20:29:11 [NMEA time, header]
# bad_flag = -9.990e-29
*END*
[from data line 52]
      38983   1624.258    115.225    116.000    22.6347    22.6307   5.288240   5.286796     2.4394     2.0440     100.00   24.52372  -80.61858    0.00342    0.00380     3.5068     3.5040    22.6129    22.6071    36.7211    36.7200    25.3515    25.3524    1530.45    152.742    152.620         39 0.0000e+00
      39022   1625.885    114.233    115.000    22.8243    22.7422   5.303628   5.295661     2.4664     2.0674     100.00   24.52373  -80.61856    0.00814    0.00833     3.5650     3.5517    22.8054    22.7187    36.6855    36.6990    25.2690    25.3043    1530.45    155.290    154.706         40 0.0000e+00
      39064   1627.605    113.239    114.000    22.8638    22.8135   5.307173   5.302941     2.5013     2.0924     100.00   24.52374  -80.61854    0.01740    0.01408     3.6189     3.6007    22.8404    22.7902    36.6841    36.6933    25.2578    25.2793    1530.45    157.639    156.842         42 0.0000e+00
      39103   1629.243    112.246    113.000    22.8710    22.8404   5.308454   5.305554     2.5159     2.1080     100.00   24.52376  -80.61854    0.01704    0.01322     3.6476     3.6335    22.8479    22.8173    36.6884    36.6915    25.2589    25.2701    1530.45    158.889    158.272         34 0.0000e+00
      39133   1630.506    111.253    112.000    22.9035    22.8895   5.312548   5.310897     2.5196     2.1155     100.00   24.52376  -80.61851    0.00946    0.00947     3.6523     3.6467    22.8806    22.8665    36.6934    36.6923    25.2532    25.2564    1530.45    159.096    158.851         30 0.0000e+00
      39164   1631.790    110.260    111.000    22.9521    22.9299   5.318258   5.315810     2.5217     2.1195     100.00   24.52377  -80.61850    0.00406    0.00645     3.6527     3.6525    22.9293    22.9072    36.6975    36.6970    25.2422    25.2483    1530.45    159.112    159.103         32 0.0000e+00
      39199   1633.236    109.267    110.000    22.9888    22.9496   5.322931   5.318376     2.5234     2.1211     100.00   24.52378  -80.61850    0.00182    0.00299     3.6530     3.6543    22.9661    22.9270    36.7035    36.7008    25.2361    25.2454    1530.45    159.128    159.181         36 0.0000e+00
      39233   1634.658    108.274    109.000    23.0045    22.9803   5.324931   5.322120     2.5239     2.1221     100.00   24.52378  -80.61847    0.00111    0.00130     3.6526     3.6539    22.9821    22.9579    36.7062    36.7046    25.2335    25.2393    1530.45    159.109    159.167         32 0.0000e+00
      39263   1635.930    107.281    108.000    23.0386    23.0078   5.329005   5.325544     2.5227     2.1229     100.00   24.52379  -80.61846    0.00032    0.00100     3.6472     3.6534    23.0164    22.9856    36.7096    36.7085    25.2262    25.2343    1530.45    158.875    159.146         30 0.0000e+00
      39294   1637.220    106.288    107.000    23.0990    23.0641   5.336586   5.332386     2.5228     2.1214     100.00   24.52380  -80.61846   -0.00041    0.00015     3.6426     3.6460    23.0770    23.0424    36.7183    36.7152    25.2151    25.2230    1530.45    158.679    158.823         32 0.0000e+00
      39328   1638.629    105.295    106.000    23.1307    23.1057   5.340377   5.337777     2.5244     2.1240     100.00   24.52381  -80.61844    0.00002    0.00005     3.6433     3.6484    23.1088    23.0839    36.7215    36.7223    25.2083    25.2161    1530.45    158.708    158.931         34 0.0000e+00
      39361   1640.013    104.301    105.000    23.1585    23.1325   5.343918   5.341081     2.5247     2.1210     100.00   24.52382  -80.61844    0.00077    0.00018     3.6413     3.6396    23.1368    23.1108    36.7261    36.7259    25.2036    25.2110    1530.45    158.623    158.547         32 0.0000e+00
      39393   1641.340    103.309    104.000    23.1893    23.1648   5.347953   5.345254     2.5248     2.1209     100.00   24.52382  -80.61842    0.00044   -0.00060     3.6390     3.6365    23.1677    23.1433    36.7320    36.7307    25.1990    25.2052    1530.45    158.525    158.413         32 0.0000e+00
      39426   1642.691    102.316    103.000    23.2090    23.2007   5.350168   5.349597     2.5245     2.1219     100.00   24.52383  -80.61840    0.00002   -0.00056     3.6364     3.6360    23.1877    23.1794    36.7330    36.7355    25.1940    25.1983    1530.45    158.412    158.394         33 0.0000e+00
      39458   1644.055    101.322    102.000    23.2300    23.2429   5.352044   5.354121     2.5249     2.1224     100.00   24.52384  -80.61840   -0.00003    0.00050     3.6356     3.6341    23.2075    23.2217    36.7315    36.7357    25.1870    25.1860    1530.45    158.378    158.311         32 0.0000e+00
      39490   1645.388    100.329    101.000    23.2665    23.2681   5.354543   5.355683     2.5270     2.1231      98.56   24.52384  -80.61838    0.00033    0.00045     3.6370     3.6338    23.2455    23.2471    36.7196    36.7271    25.1669    25.1721    1530.45    158.442    158.299         32 0.0000e+00
      39523   1646.736     99.336    100.000    23.3275    23.3206   5.356390   5.356990     2.5373     2.1326      99.98   24.52386  -80.61837    0.00247    0.00181     3.6540     3.6517    23.3067    23.2998    36.6834    36.6938    25.1215    25.1314    1530.45    159.188    159.088         33 0.0000e+00
      39556   1648.127     98.343     99.000    23.4217    23.4365   5.364963   5.366048     2.5592     2.1525     100.00   24.52386  -80.61836    0.00803    0.00703     3.6913     3.6885    23.4010    23.4158    36.6715    36.6676    25.0848    25.0775    1530.45    160.818    160.700         33 0.0000e+00
      39633   1651.335     95.364     96.000    23.9315    24.0153   5.425433   5.435090     2.6028     2.1930      99.92   24.50424  -80.55372    0.01081    0.00802     3.7379     3.7386    23.8969    23.9949    36.7133    36.7060    24.9662    24.9316    1529.22    162.864    162.898         31 0.0000e+00
      42099   1754.091     87.418     88.000    25.8729    25.8484   5.618439   5.615654     2.7467     2.3117      99.93   24.50766  -80.56189    0.00467    0.00293     3.8941     3.8788    25.8533    25.8287    36.5716    36.5764    24.2623    24.2740    1529.40    169.789    169.120         50 0.0000e+00
      42221   1759.175     86.425     87.000    25.9942    25.9804   5.633815   5.632283     2.7929     2.3519      99.62   24.52455  -80.61731    0.00940    0.00831     3.9650     3.9493    25.9747    25.9609    36.5987    36.5985    24.2480    24.2522    1530.45    172.885    172.201         51 0.0000e+00
      42293   1762.150     85.432     86.000    26.0683    26.0415   5.641623   5.638969     2.8131     2.3705      93.87   24.52457  -80.61727    0.00646    0.00618     3.9971     3.9834    26.0489    26.0223    36.5971    36.5992    24.2235    24.2336    1530.45    174.288    173.690         74 0.0000e+00
      42365   1765.167     84.439     85.000    26.1626    26.1214   5.651498   5.646869     2.8317     2.3852      97.29   24.52459  -80.61725    0.00596    0.00500     4.0252     4.0085    26.1435    26.1022    36.5942    36.5962    24.1916    24.2061    1530.45    175.520    174.788         65 0.0000e+00
      42426   1767.720     83.445     84.000    26.2162    26.1806   5.655833   5.653074     2.8513     2.3975      99.92   24.52460  -80.61722    0.00734    0.00417     4.0584     4.0302    26.1972    26.1617    36.5835    36.5933    24.1666    24.1852    1530.45    176.972    175.738         63 0.0000e+00
      42490   1770.359     82.452     83.000    26.3536    26.3046   5.668934   5.665411     2.8716     2.4247      98.24   24.52462  -80.61720    0.00772    0.00961     4.0874     4.0789    26.3348    26.2858    36.5699    36.5833    24.1128    24.1384    1530.45    178.245    177.869         62 0.0000e+00
      42562   1773.389     81.459     82.000    26.4068    26.4212   5.673521   5.676880     2.9065     2.4495      97.76   24.52464  -80.61717    0.01179    0.00799     4.1500     4.1229    26.3943    26.4026    36.5650    36.5726    24.0903    24.0934    1530.45    180.978    179.798         55 0.0000e+00
      42652   1777.119     80.466     81.000    26.5122    26.7168   5.685554   5.703191     2.9206     2.5103      99.96   24.52467  -80.61713    0.00347    0.01605     4.1697     4.2297    26.5075    26.6983    36.5547    36.5312    24.0466    23.9681    1530.45    181.846    184.478         74 0.0000e+00
      42737   1780.671     79.473     80.000    26.6082    26.8878   5.694164   5.717056     2.9534     2.5470      97.82   24.52468  -80.61710    0.00970    0.01064     4.2217     4.2947    26.5900    26.8694    36.5520    36.4976    24.0184    23.8882    1530.45    184.119    187.325         78 0.0000e+00
      45055   1877.250     72.520     73.000    27.7010    27.8171   5.779939   5.793006     3.0749     2.6000     100.00   24.52567  -80.61738    0.00385   -0.00028     4.3677     4.3398    27.6838    27.7999    36.3134    36.3126    23.4863    23.4469    1530.47    190.586    189.375         55 0.0000e+00
      45137   1880.659     71.527     72.000    27.7717    27.9352   5.787269   5.803889     3.0790     2.6092      99.50   24.52531  -80.61609    0.00136    0.00270     4.3692     4.3481    27.7547    27.9182    36.3107    36.3018    23.4610    23.4008    1530.45    190.656    189.745         71 0.0000e+00
      45221   1884.164     70.534     71.000    27.9031    28.1349   5.800256   5.822026     3.0857     2.6190      99.16   24.52533  -80.61606    0.00184    0.00297     4.3718     4.3540    27.8864    28.1181    36.3012    36.2789    23.4108    23.3180    1530.45    190.777    190.020         66 0.0000e+00
      45306   1887.691     69.540     70.000    28.0209    28.2662   5.811254   5.835659     3.0932     2.6229      96.74   24.52536  -80.61602    0.00222    0.00090     4.3756     4.3532    28.0043    28.2495    36.2883    36.2716    23.3624    23.2692    1530.45    190.954    189.993         74 0.0000e+00
      45388   1891.130     68.547     69.000    28.1646    28.3498   5.825845   5.843634     3.1015     2.6299     100.31   24.52538  -80.61599    0.00184    0.00227     4.3795     4.3598    28.1482    28.3334    36.2807    36.2635    23.3093    23.2353    1530.45    191.133    190.285         42 0.0000e+00
      45473   1894.667     67.554     68.000    28.2680    28.4196   5.833525   5.849713     3.1091     2.6356      89.86   24.52540  -80.61596    0.00157    0.00171     4.3855     4.3667    28.2518    28.4033    36.2555    36.2556    23.2562    23.2062    1530.45    191.405    190.594         59 0.0000e+00
      45560   1898.307     66.561     67.000    28.3312    28.5031   5.841391   5.858067     3.1124     2.6360      81.54   24.52542  -80.61592    0.00103   -0.00007     4.3860     4.3612    28.3147    28.4871    36.2628    36.2493    23.2410    23.1744    1530.45    191.431    190.361         64 0.0000e+00
      45645   1901.849     65.567     66.000    28.4094    28.5477   5.849348   5.863099     3.1182     2.6392      99.35   24.52544  -80.61588    0.00150    0.00107     4.3901     4.3630    28.3936    28.5319    36.2585    36.2488    23.2116    23.1584    1530.45    191.614    190.443         69 0.0000e+00
      45728   1905.282     64.574     65.000    28.5033    28.6104   5.858952   5.869117     3.1207     2.6412      94.51   24.52547  -80.61585    0.00127    0.00044     4.3870     4.3622    28.4877    28.5948    36.2541    36.2432    23.1771    23.1333    1530.45    191.486    190.410         52 0.0000e+00
      45816   1908.968     63.581     64.000    28.5273    28.7042   5.861267   5.878972     3.1212     2.6419     100.72   24.52548  -80.61581    0.00026    0.00075     4.3855     4.3564    28.5120    28.6888    36.2522    36.2405    23.1676    23.1000    1530.45    191.422    190.164         57 0.0000e+00
      45902   1912.552     62.587     63.000    28.6372    28.7132   5.872025   5.879502     3.1243     2.6427     100.00   24.52551  -80.61578    0.00075    0.00027     4.3821     4.3571    28.6220    28.6981    36.2437    36.2381    23.1246    23.0950    1530.45    191.280    190.193         73 0.0000e+00
      45990   1916.213     61.594     62.000    28.6711    28.7238   5.875338   5.879919     3.1259     2.6432     100.00   24.52553  -80.61574    0.00055    0.00003     4.3822     4.3572    28.6562    28.7089    36.2411    36.2351    23.1112    23.0892    1530.45    191.288    190.200         48 0.0000e+00
      46074   1919.703     60.601     61.000    28.6968    28.7313   5.877592   5.881249     3.1260     2.6425     100.00   24.52556  -80.61570   -0.00020   -0.00060     4.3799     4.3545    28.6821    28.7166    36.2375    36.2359    23.0999    23.0873    1530.45    191.191    190.084         70 0.0000e+00
      46814   1950.540     59.607     60.000    28.7221    28.7477   5.880304   5.882925     3.1293     2.6443     100.00   24.52575  -80.61539    0.00011    0.00112     4.3837     4.3562    28.7077    28.7333    36.2361    36.2361    23.0903    23.0818    1530.45    191.358    190.160         64 0.0000e+00
      47563   1981.736     58.614     59.000    28.7438    28.7530   5.882401   5.883622     3.1309     2.6426      78.97   24.52595  -80.61507    0.00031   -0.00069     4.3842     4.3519    28.7296    28.7388    36.2355    36.2372    23.0826    23.0808    1530.45    191.380    189.970         77 0.0000e+00
      47646   1985.205     57.621     58.000    28.7485    28.7623   5.882863   5.884723     3.1310     2.6437      99.95   24.52597  -80.61504    0.00016    0.00040     4.3836     4.3528    28.7345    28.7484    36.2357    36.2386    23.0811    23.0787    1530.45    191.356    190.010         58 0.0000e+00
      47733   1988.843     56.627     57.000    28.7583    28.7715   5.884096   5.886074     3.1304     2.6482     100.00   24.52600  -80.61500   -0.00015    0.00130     4.3812     4.3606    28.7445    28.7577    36.2371    36.2408    23.0788    23.0772    1530.45    191.251    190.352         74 0.0000e+00
      47808   1991.978     55.634     56.000    28.7654    28.7790   5.885155   5.887130     3.1327     2.6467      99.82   24.52601  -80.61496    0.00046   -0.00019     4.3842     4.3566    28.7519    28.7655    36.2393    36.2427    23.0780    23.0760    1530.45    191.380    190.177         66 0.0000e+00
      47891   1995.425     54.641     55.000    28.7701    28.7880   5.885883   5.888403     3.1324     2.6464      99.89   24.52603  -80.61492   -0.00005   -0.00058     4.3827     4.3545    28.7568    28.7747    36.2411    36.2449    23.0777    23.0746    1530.45    191.317    190.087         73 0.0000e+00
      47965   1998.519     53.648     54.000    28.7758    28.7937   5.886796   5.889235     3.1336     2.6466      96.16   24.52606  -80.61489    0.00039    0.00068     4.3841     4.3542    28.7627    28.7806    36.2434    36.2465    23.0775    23.0738    1530.45    191.375    190.072         64 0.0000e+00
      48049   2001.997     52.654     53.000    28.7856    28.7952   5.887829   5.889134     3.1320     2.6500      99.99   24.52608  -80.61486   -0.00028    0.00118     4.3798     4.3605    28.7728    28.7824    36.2434    36.2454    23.0741    23.0724    1530.45    191.189    190.349         68 0.0000e+00
      48125   2005.168     51.661     52.000    28.7885    28.7983   5.888202   5.889411     3.1331     2.6503      99.21   24.52610  -80.61483    0.00032   -0.00016     4.3809     4.3603    28.7760    28.7857    36.2442    36.2451    23.0737    23.0711    1530.45    191.239    190.338         71 0.0000e+00
      48203   2008.420     50.667     51.000    28.7909    28.8017   5.888472   5.889743     3.1344     2.6494     100.04   24.52612  -80.61479    0.00060   -0.00029     4.3826     4.3577    28.7786    28.7894    36.2443    36.2451    23.0728    23.0699    1530.45    191.314    190.226         58 0.0000e+00
