GOMECC/GOMECC-4/1db/urb2103_0251.cnv
* Sea-Bird SBE 9 Data File:
* FileName = C:\Users\scs.user.rb\CTD\GOMECC4\data\rb2103_0251.hex
* Software Version Seasave V 7.26.7.107
* Temperature SN = 4799
* Conductivity SN = 3860
* Number of Bytes Per Scan = 41
* Number of Voltage Words = 4
* Number of Scans Averaged by the Deck Unit = 1
* NMEA Latitude = 28 30.98 N
* NMEA Longitude = 086 12.21 W
* NMEA UTC (Time) = Sep 21 2021  08:11:51
* NMEA baud rate = 4800
# nquan = 28
# nvalues = 170                         
# units = specified
# name 0 = scan: Scan Count
# name 1 = timeS: Time, Elapsed [seconds]
# name 2 = depSM: Depth [salt water, m]
# name 3 = prDM: Pressure, Digiquartz [db]
# name 4 = t090C: Temperature [ITS-90, deg C]
# name 5 = t190C: Temperature, 2 [ITS-90, deg C]
# name 6 = c0S/m: Conductivity [S/m]
# name 7 = c1S/m: Conductivity, 2 [S/m]
# name 8 = sbeox0V: Oxygen raw, SBE 43 [V]
# name 9 = sbeox1V: Oxygen raw, SBE 43, 2 [V]
# name 10 = altM: Altimeter [m]
# name 11 = latitude: Latitude [deg]
# name 12 = longitude: Longitude [deg]
# name 13 = sbox0dV/dT: Oxygen, SBE 43 [dov/dt]
# name 14 = sbox1dV/dT: Oxygen, SBE 43, 2 [dov/dt]
# name 15 = sbeox0ML/L: Oxygen, SBE 43 [ml/l], WS = 5
# name 16 = sbeox1ML/L: Oxygen, SBE 43, 2 [ml/l], WS = 5
# name 17 = potemp090C: Potential Temperature [ITS-90, deg C]
# name 18 = potemp190C: Potential Temperature, 2 [ITS-90, deg C]
# name 19 = sal00: Salinity, Practical [PSU]
# name 20 = sal11: Salinity, Practical, 2 [PSU]
# name 21 = sigma-é00: Density [sigma-theta, kg/m^3]
# name 22 = sigma-é11: Density, 2 [sigma-theta, kg/m^3]
# name 23 = avgsvCM: Average Sound Velocity [Chen-Millero, m/s], minP = 20, minS = 20
# name 24 = sbox0Mm/Kg: Oxygen, SBE 43 [umol/kg], WS = 5
# name 25 = sbox1Mm/Kg: Oxygen, SBE 43, 2 [umol/kg], WS = 5
# name 26 = nbin: number of scans per bin
# name 27 = flag: flag
# span 0 =      25497,      65035       
# span 1 =   1062.322,   2709.749       
# span 2 =      2.980,    394.957       
# span 3 =      3.000,    398.000       
# span 4 =     9.8918,    29.3284       
# span 5 =     9.8866,    29.2550       
# span 6 =   3.835125,   5.811046       
# span 7 =   3.834547,   5.815009       
# span 8 =     1.6070,     3.1678       
# span 9 =     1.3127,     2.6895       
# span 10 =      10.78,     100.75      
# span 11 =   28.46672,   29.05832      
# span 12 =  -87.83993,  -86.05163      
# span 13 =   -0.01134,    0.01595      
# span 14 =   -0.01225,    0.01617      
# span 15 =     2.4874,     4.4718      
# span 16 =     2.5211,     4.4625      
# span 17 =     9.8453,    29.3255      
# span 18 =     9.8402,    29.2521      
# span 19 =    33.9613,    36.5445      
# span 20 =    34.0280,    36.5469      
# span 21 =    21.5966,    27.1265      
# span 22 =    21.6291,    27.1268      
# span 23 =    1512.13,    1543.55      
# span 24 =    108.155,    195.290      
# span 25 =    109.620,    194.889      
# span 26 =         30,         76      
# span 27 = 0.0000e+00, 0.0000e+00      
# interval = decibars: 1                
# start_time = Sep 21 2021 08:11:51 [NMEA time, header]
# bad_flag = -9.990e-29
*END*
      25615   1067.232    394.957    398.000     9.8918     9.8866   3.835125   3.834579     1.6070     1.3127      10.78   28.51666  -86.20297    0.00005   -0.00008     2.4875     2.5219     9.8453     9.8402    35.1896    35.1889    27.1265    27.1268    1514.78    108.157    109.652         48 0.0000e+00
      25497   1062.322    393.966    397.000     9.8954     9.8869   3.835420   3.834547     1.6073     1.3128      11.80   28.51666  -86.20298   -0.00001   -0.00004     2.4879     2.5217     9.8491     9.8406    35.1900    35.1889    27.1262    27.1268    1514.78    108.175    109.646         54 0.0000e+00
      25556   1064.812    392.974    396.000     9.9580     9.9210   3.842196   3.838198     1.6088     1.3136      29.31   28.51666  -86.20298    0.00032    0.00024     2.4874     2.5211     9.9116     9.8747    35.1954    35.1921    27.1198    27.1235    1514.78    108.155    109.620         52 0.0000e+00
      25613   1067.175    391.983    395.000     9.9221     9.9153   3.838341   3.837561     1.6099     1.3149      13.48   28.51666  -86.20296    0.00066    0.00043     2.4925     2.5257     9.8760     9.8691    35.1945    35.1932    27.1251    27.1253    1514.78    108.376    109.820         58 0.0000e+00
      25661   1069.172    390.992    394.000     9.9295     9.9235   3.839295   3.838274     1.6101     1.3161      14.59   28.51666  -86.20296    0.00025    0.00077     2.4923     2.5286     9.8834     9.8774    35.1951    35.1929    27.1244    27.1237    1514.78    108.368    109.943         37 0.0000e+00
      25696   1070.624    390.000    393.000     9.9290     9.9289   3.838959   3.838860     1.6105     1.3162      15.43   28.51666  -86.20296    0.00014    0.00045     2.4931     2.5281     9.8830     9.8829    35.1950    35.1941    27.1244    27.1237    1514.78    108.402    109.923         34 0.0000e+00
      25728   1071.967    389.009    392.000     9.9279     9.9279   3.838821   3.838758     1.6107     1.3164      16.47   28.51666  -86.20296    0.00015    0.00008     2.4935     2.5287     9.8821     9.8821    35.1951    35.1944    27.1246    27.1241    1514.78    108.418    109.948         31 0.0000e+00
      28523   1188.401    356.289    359.000    10.8219    10.8280   3.936501   3.936971     1.6739     1.3743      49.71   28.53315  -86.25257    0.00006   -0.00007     2.5988     2.6345    10.7776    10.7837    35.3327    35.3369    27.0756    27.0780    1515.65    113.006    114.555         32 0.0000e+00
      28572   1190.463    355.297    358.000    10.8213    10.8220   3.934657   3.934758     1.6732     1.3736      50.37   28.51670  -86.20282    0.00004   -0.00012     2.5978     2.6327    10.7771    10.7778    35.3167    35.3167    27.0626    27.0625    1514.78    112.961    114.479         56 0.0000e+00
      28629   1192.824    354.306    357.000    10.8212    10.8228   3.934583   3.934825     1.6735     1.3741      51.35   28.51670  -86.20282    0.00018    0.00019     2.5982     2.6341    10.7772    10.7787    35.3175    35.3175    27.0632    27.0629    1514.78    112.977    114.538         48 0.0000e+00
      28671   1194.579    353.314    356.000    10.8273    10.8268   3.935288   3.935243     1.6739     1.3749      52.16   28.51670  -86.20282    0.00012    0.00036     2.5986     2.6356    10.7834    10.7829    35.3181    35.3182    27.0626    27.0628    1514.78    112.997    114.603         35 0.0000e+00
      30874   1286.382    326.539    329.000    11.5030    11.5062   4.010116   4.010524     1.7169     1.4135      67.38   28.52716  -86.23438   -0.00007    0.00008     2.6609     2.6963    11.4608    11.4640    35.4290    35.4273    27.0253    27.0233    1515.34    115.710    117.249         48 0.0000e+00
      30910   1287.879    325.547    328.000    11.4945    11.4901   4.008099   4.007745     1.7167     1.4132      80.27   28.51670  -86.20276    0.00016    0.00012     2.6612     2.6961    11.4525    11.4480    35.4151    35.4159    27.0154    27.0169    1514.78    115.722    117.242         32 0.0000e+00
      30970   1290.394    323.564    326.000    11.5100    11.5158   4.009787   4.010449     1.7166     1.4140      81.89   28.51758  -86.20543    0.00001    0.00022     2.6592     2.6963    11.4682    11.4740    35.4180    35.4191    27.0148    27.0146    1514.83    115.638    117.251         30 0.0000e+00
      33364   1390.118    296.785    299.000    12.0948    12.0910   4.074070   4.073794     1.7537     1.4467      99.99   28.51397  -86.19451    0.00015   -0.00018     2.7102     2.7444    12.0552    12.0514    35.5062    35.5034    26.9718    26.9702    1514.64    117.857    119.346         59 0.0000e+00
      33419   1392.436    295.793    298.000    12.0923    12.0868   4.074131   4.073568     1.7539     1.4480     100.00   28.51668  -86.20272    0.00012    0.00025     2.7101     2.7479    12.0528    12.0473    35.5066    35.5064    26.9726    26.9734    1514.78    117.855    119.497         41 0.0000e+00
      34060   1419.104    272.978    275.000    12.7105    12.7158   4.144078   4.144900     1.7883     1.4797      87.79   28.52500  -86.22779    0.00180    0.00171     2.7500     2.7888    12.6724    12.6782    35.6106    35.6138    26.9322    26.9337    1515.22    119.593    121.282         38 0.0000e+00
      34124   1421.787    271.987    274.000    12.7043    12.7051   4.142832   4.143030     1.7913     1.4817      95.59   28.51670  -86.20270    0.00136    0.00059     2.7585     2.7950    12.6668    12.6676    35.6028    35.6039    26.9270    26.9276    1514.78    119.967    121.552         35 0.0000e+00
      34224   1425.939    270.995    273.000    12.7173    12.6891   4.143791   4.141515     1.7917     1.4820      88.04   28.51670  -86.20270    0.00020    0.00003     2.7583     2.7961    12.6800    12.6518    35.6001    35.5957    26.9222    26.9244    1514.78    119.957    121.599         60 0.0000e+00
      34321   1430.012    270.003    272.000    12.7778    12.7744   4.150635   4.150351     1.7946     1.4841      78.58   28.51670  -86.20270    0.00062    0.00052     2.7615     2.7966    12.7404    12.7371    35.6093    35.6083    26.9173    26.9171    1514.78    120.098    121.623         31 0.0000e+00
      34457   1435.666    268.019    270.000    12.8193    12.8264   4.152991   4.153578     1.7985     1.4903      75.53   28.48923  -86.11967    0.00089    0.00090     2.7691     2.8106    12.7821    12.7901    35.5860    35.5846    26.8891    26.8866    1513.32    120.428    122.232         36 0.0000e+00
      35681   1486.652    267.027    269.000    12.9495    12.9499   4.170505   4.170545     1.8129     1.5000      99.83   28.51670  -86.20268    0.00004   -0.00010     2.7958     2.8285    12.9123    12.9126    35.6392    35.6393    26.9060    26.9060    1514.78    121.590    123.011         46 0.0000e+00
      35748   1489.471    266.035    268.000    12.9567    12.9493   4.171334   4.170592     1.8134     1.5007     100.00   28.51670  -86.20268    0.00014    0.00012     2.7964     2.8303    12.9196    12.9122    35.6408    35.6407    26.9058    26.9072    1514.78    121.614    123.090         50 0.0000e+00
      35792   1491.281    265.042    267.000    12.9563    12.9523   4.171008   4.170857     1.8130     1.5009     100.00   28.51670  -86.20268    0.00014    0.00043     2.7950     2.8301    12.9193    12.9154    35.6414    35.6426    26.9063    26.9081    1514.78    121.556    123.079         36 0.0000e+00
      35826   1492.690    264.050    266.000    12.9857    12.9956   4.174660   4.175812     1.8133     1.5005     100.00   28.51670  -86.20268   -0.00009   -0.00004     2.7933     2.8259    12.9488    12.9587    35.6462    35.6479    26.9041    26.9034    1514.78    121.481    122.900         34 0.0000e+00
      35861   1494.160    263.058    265.000    13.0184    13.0322   4.178413   4.179888     1.8141     1.5006     100.00   28.51670  -86.20268    0.00011   -0.00016     2.7928     2.8236    12.9817    12.9954    35.6517    35.6528    26.9017    26.8998    1514.78    121.460    122.799         36 0.0000e+00
      35894   1495.555    262.066    264.000    13.0558    13.0602   4.182682   4.183264     1.8153     1.5024     100.00   28.51670  -86.20268    0.00054    0.00033     2.7928     2.8262    13.0177    13.0234    35.6590    35.6592    26.9000    26.8991    1514.78    121.459    122.912         31 0.0000e+00
      35926   1496.868    261.075    263.000    13.0900    13.0886   4.186680   4.186599     1.8168     1.5042     100.00   28.51670  -86.20268    0.00092    0.00098     2.7942     2.8293    13.0533    13.0520    35.6642    35.6647    26.8969    26.8975    1514.78    121.521    123.045         33 0.0000e+00
      35961   1498.321    260.082    262.000    13.1149    13.1116   4.189581   4.189173     1.8173     1.5043     100.00   28.51670  -86.20268    0.00091    0.00104     2.7937     2.8276    13.0783    13.0751    35.6688    35.6680    26.8954    26.8954    1514.78    121.497    122.972         37 0.0000e+00
      35997   1499.853    259.090    261.000    13.1347    13.1327   4.191695   4.191548     1.8177     1.5052     100.00   28.51670  -86.20268    0.00043    0.00039     2.7930     2.8283    13.0982    13.0962    35.6708    35.6713    26.8929    26.8936    1514.78    121.468    123.006         34 0.0000e+00
      36482   1520.040    242.225    244.000    13.4731    13.4789   4.229321   4.230055     1.8306     1.5164      99.97   28.50884  -86.17891    0.00147    0.00098     2.7975     2.8312    13.4385    13.4442    35.7155    35.7179    26.8572    26.8579    1514.36    121.667    123.132         33 0.0000e+00
      38273   1594.653    237.264    239.000    13.5223    13.5252   4.234966   4.235364     1.8389     1.5257      82.54   28.50926  -86.18016    0.00011   -0.00003     2.8134     2.8517    13.4882    13.4911    35.7251    35.7261    26.8544    26.8546    1514.38    122.360    124.026         42 0.0000e+00
      38333   1597.172    236.272    238.000    13.5325    13.5378   4.236787   4.237492     1.8407     1.5271     100.22   28.51670  -86.20266    0.00069    0.00017     2.8166     2.8544    13.4986    13.5039    35.7358    35.7370    26.8611    26.8609    1514.78    122.500    124.145         44 0.0000e+00
      38370   1598.725    235.280    237.000    13.5334    13.5355   4.236941   4.237249     1.8411     1.5272     100.00   28.51670  -86.20266    0.00042    0.00043     2.8170     2.8545    13.4996    13.5018    35.7364    35.7373    26.8613    26.8616    1514.78    122.516    124.146         31 0.0000e+00
      40357   1681.506    208.489    210.000    14.4189    14.3916   4.335891   4.336038     1.8963     1.5772     100.00   28.51670  -86.20266   -0.00008   -0.00035     2.8908     2.9244    14.3877    14.3604    35.8764    35.8733    26.7817    26.7852    1514.78    125.738    127.196         35 0.0000e+00
      40783   1699.259    207.497    209.000    14.4662    14.4709   4.344622   4.345046     1.9024     1.5815     100.00   28.51670  -86.20266    0.00023    0.00003     2.8968     2.9308    14.4350    14.4397    35.8849    35.8862    26.7781    26.7781    1514.78    125.996    127.474         50 0.0000e+00
      42996   1791.469    178.718    180.000    15.6712    15.6648   4.488511   4.487612     1.9586     1.6319     100.08   28.53837  -86.26819    0.00044    0.00033     2.9403     2.9753    15.6429    15.6365    36.1076    36.0993    26.6836    26.6787    1515.93    127.903    129.427         30 0.0000e+00
      43514   1813.036    176.733    178.000    15.7373    15.7432   4.494721   4.495125     1.9596     1.6321     100.03   28.52600  -86.23079   -0.00023   -0.00024     2.9386     2.9710    15.7092    15.7151    36.1027    36.1022    26.6637    26.6620    1515.27    127.831    129.240         59 0.0000e+00
      43561   1814.998    175.741    177.000    15.7333    15.7368   4.493359   4.494219     1.9575     1.6311      81.50   28.51670  -86.20268   -0.00047   -0.00019     2.9344     2.9686    15.7054    15.7091    36.0914    36.0923    26.6552    26.6549    1514.78    127.646    129.137         54 0.0000e+00
      43617   1817.327    174.748    176.000    15.7923    15.7945   4.500151   4.500264     1.9576     1.6333      99.95   28.51670  -86.20268   -0.00051    0.00034     2.9303     2.9702    15.7645    15.7666    36.0994    36.0981    26.6478    26.6463    1514.78    127.472    129.208         59 0.0000e+00
      43671   1819.563    173.756    175.000    15.8314    15.8296   4.504760   4.504555     1.9637     1.6396      72.17   28.51670  -86.20268    0.00175    0.00213     2.9414     2.9838    15.8037    15.8018    36.1052    36.1051    26.6433    26.6436    1514.78    127.955    129.800         48 0.0000e+00
      43718   1821.549    172.763    174.000    15.8667    15.8680   4.508856   4.508972     1.9723     1.6466     100.40   28.51670  -86.20268    0.00359    0.00322     2.9597     2.9991    15.8391    15.8404    36.1107    36.1101    26.6395    26.6387    1514.78    128.752    130.466         46 0.0000e+00
      43761   1823.334    171.771    173.000    15.8996    15.9014   4.513018   4.513097     1.9801     1.6541     100.00   28.51670  -86.20268    0.00440    0.00386     2.9747     3.0158    15.8721    15.8739    36.1180    36.1170    26.6375    26.6363    1514.78    129.405    131.191         40 0.0000e+00
      43801   1825.013    170.779    172.000    15.9328    15.9323   4.516982   4.516813     1.9869     1.6588      88.07   28.51670  -86.20268    0.00430    0.00375     2.9882     3.0257    15.9055    15.9049    36.1236    36.1226    26.6341    26.6334    1514.78    129.991    131.621         40 0.0000e+00
      43842   1826.690    169.786    171.000    15.9687    15.9649   4.520883   4.520395     1.9918     1.6631      85.98   28.51670  -86.20268    0.00370    0.00273     2.9971     3.0342    15.9415    15.9377    36.1262    36.1253    26.6279    26.6280    1514.78    130.379    131.994         39 0.0000e+00
      43878   1828.217    168.793    170.000    16.0013    16.0077   4.525084   4.525604     1.9951     1.6669      99.89   28.51670  -86.20268    0.00278    0.00254     3.0023     3.0409    15.9742    15.9806    36.1345    36.1334    26.6267    26.6244    1514.78    130.606    132.283         36 0.0000e+00
      43915   1829.739    167.801    169.000    16.0704    16.0617   4.533059   4.532093     1.9994     1.6703     100.00   28.51670  -86.20268    0.00240    0.00245     3.0079     3.0459    16.0433    16.0347    36.1434    36.1427    26.6176    26.6190    1514.78    130.848    132.504         36 0.0000e+00
      43950   1831.199    166.808    168.000    16.1116    16.1047   4.538168   4.537481     2.0032     1.6731     100.00   28.51670  -86.20268    0.00269    0.00217     3.0133     3.0498    16.0847    16.0778    36.1519    36.1521    26.6145    26.6163    1514.78    131.083    132.671         35 0.0000e+00
      43985   1832.656    165.816    167.000    16.1434    16.1481   4.541937   4.542432     2.0065     1.6761     100.00   28.51670  -86.20268    0.00259    0.00199     3.0183     3.0542    16.1166    16.1213    36.1571    36.1572    26.6111    26.6101    1514.78    131.304    132.865         35 0.0000e+00
      44018   1834.029    164.823    166.000    16.2047    16.1984   4.549004   4.548423     2.0093     1.6789     100.00   28.51670  -86.20268    0.00222    0.00200     3.0204     3.0578    16.1780    16.1717    36.1647    36.1653    26.6027    26.6047    1514.78    131.397    133.022         30 0.0000e+00
      44047   1835.253    163.831    165.000    16.2764    16.2721   4.557629   4.556959     2.0130     1.6817     100.00   28.51670  -86.20268    0.00231    0.00222     3.0240     3.0599    16.2498    16.2455    36.1768    36.1747    26.5953    26.5947    1514.78    131.554    133.113         30 0.0000e+00
