GOMECC/GOMECC-4/1db/urb2103_0331.cnv
* Sea-Bird SBE 9 Data File:
* FileName = C:\Users\scs.user.rb\CTD\GOMECC4\data\rb2103_0331.hex
* Software Version Seasave V 7.26.7.107
* Temperature SN = 4799
* Conductivity SN = 3860
* Number of Bytes Per Scan = 41
* Number of Voltage Words = 4
* Number of Scans Averaged by the Deck Unit = 1
* NMEA Latitude = 29 27.77 N
* NMEA Longitude = 087 14.16 W
* NMEA UTC (Time) = Sep 23 2021  23:47:16
* NMEA baud rate = 4800
# nquan = 28
# nvalues = 190                         
# units = specified
# name 0 = scan: Scan Count
# name 1 = timeS: Time, Elapsed [seconds]
# name 2 = depSM: Depth [salt water, m]
# name 3 = prDM: Pressure, Digiquartz [db]
# name 4 = t090C: Temperature [ITS-90, deg C]
# name 5 = t190C: Temperature, 2 [ITS-90, deg C]
# name 6 = c0S/m: Conductivity [S/m]
# name 7 = c1S/m: Conductivity, 2 [S/m]
# name 8 = sbeox0V: Oxygen raw, SBE 43 [V]
# name 9 = sbeox1V: Oxygen raw, SBE 43, 2 [V]
# name 10 = altM: Altimeter [m]
# name 11 = latitude: Latitude [deg]
# name 12 = longitude: Longitude [deg]
# name 13 = sbox0dV/dT: Oxygen, SBE 43 [dov/dt]
# name 14 = sbox1dV/dT: Oxygen, SBE 43, 2 [dov/dt]
# name 15 = sbeox0ML/L: Oxygen, SBE 43 [ml/l], WS = 5
# name 16 = sbeox1ML/L: Oxygen, SBE 43, 2 [ml/l], WS = 5
# name 17 = potemp090C: Potential Temperature [ITS-90, deg C]
# name 18 = potemp190C: Potential Temperature, 2 [ITS-90, deg C]
# name 19 = sal00: Salinity, Practical [PSU]
# name 20 = sal11: Salinity, Practical, 2 [PSU]
# name 21 = sigma-é00: Density [sigma-theta, kg/m^3]
# name 22 = sigma-é11: Density, 2 [sigma-theta, kg/m^3]
# name 23 = avgsvCM: Average Sound Velocity [Chen-Millero, m/s], minP = 20, minS = 20
# name 24 = sbox0Mm/Kg: Oxygen, SBE 43 [umol/kg], WS = 5
# name 25 = sbox1Mm/Kg: Oxygen, SBE 43, 2 [umol/kg], WS = 5
# name 26 = nbin: number of scans per bin
# name 27 = flag: flag
# span 0 =      29490,      76385       
# span 1 =   1228.719,   3182.686       
# span 2 =      1.986,    395.919       
# span 3 =      2.000,    399.000       
# span 4 =     9.9924,    28.2318       
# span 5 =     9.9947,    28.2007       
# span 6 =   3.845727,   5.669791       
# span 7 =   3.845864,   5.670172       
# span 8 =     1.6367,     3.1693       
# span 9 =     1.3398,     2.6973       
# span 10 =      10.20,     106.80      
# span 11 =   29.24883,   29.95430      
# span 12 =  -88.69200,  -86.60316      
# span 13 =   -0.01442,    0.02597      
# span 14 =   -0.02215,    0.03426      
# span 15 =     2.5643,     4.5338      
# span 16 =     2.5980,     4.5430      
# span 17 =     9.9456,    28.2292      
# span 18 =     9.9478,    28.1981      
# span 19 =    33.9878,    36.5642      
# span 20 =    33.9881,    36.5642      
# span 21 =    21.7393,    27.1191      
# span 22 =    21.7399,    27.1186      
# span 23 =    1502.16,    1538.39      
# span 24 =    111.497,    198.140      
# span 25 =    112.965,    198.541      
# span 26 =         30,         67      
# span 27 = 0.0000e+00, 0.0000e+00      
# interval = decibars: 1                
# start_time = Sep 23 2021 23:47:16 [NMEA time, header]
# bad_flag = -9.990e-29
*END*
      29490   1228.719    395.919    399.000     9.9924     9.9947   3.845727   3.845864     1.6367     1.3398      10.20   29.46006  -87.22804   -0.00004    0.00011     2.5643     2.5980     9.9456     9.9478    35.1991    35.1985    27.1167    27.1159    1513.01    111.497    112.965         61 0.0000e+00
      29550   1231.194    394.928    398.000     9.9987     9.9987   3.846577   3.846523     1.6377     1.3402      11.20   29.46280  -87.23616    0.00024   -0.00014     2.5664     2.5986     9.9519     9.9519    35.2029    35.2024    27.1188    27.1183    1513.15    111.591    112.989         52 0.0000e+00
      29597   1233.178    393.937    397.000     9.9985     9.9995   3.846529   3.846584     1.6382     1.3407      12.09   29.46280  -87.23616    0.00031    0.00034     2.5675     2.5997     9.9518     9.9528    35.2031    35.2026    27.1189    27.1184    1513.15    111.637    113.036         42 0.0000e+00
      29636   1234.791    392.945    396.000     9.9998    10.0006   3.846635   3.846673     1.6383     1.3415      13.02   29.46280  -87.23615    0.00022    0.00029     2.5676     2.6017     9.9533     9.9541    35.2033    35.2029    27.1188    27.1183    1513.15    111.640    113.126         37 0.0000e+00
      29672   1236.302    391.954    395.000    10.0066    10.0095   3.847321   3.847581     1.6387     1.3418      14.00   29.46280  -87.23614    0.00017    0.00039     2.5678     2.6017     9.9602     9.9631    35.2040    35.2040    27.1181    27.1177    1513.15    111.648    113.126         35 0.0000e+00
      29761   1239.988    388.980    392.000    10.0237    10.0242   3.849238   3.849243     1.6404     1.3431      16.86   29.46451  -87.24119    0.00046    0.00035     2.5704     2.6037     9.9775     9.9781    35.2089    35.2084    27.1191    27.1186    1513.24    111.765    113.211         33 0.0000e+00
      29792   1241.299    387.989    391.000    10.0248    10.0251   3.849134   3.849127     1.6412     1.3443      17.89   29.46280  -87.23614    0.00051    0.00055     2.5722     2.6069     9.9788     9.9790    35.2068    35.2065    27.1172    27.1169    1513.15    111.840    113.350         31 0.0000e+00
      29890   1245.391    384.023    387.000    10.0323    10.0331   3.849868   3.849920     1.6425     1.3458      21.85   29.46367  -87.23873    0.00037    0.00029     2.5741     2.6095     9.9867     9.9876    35.2091    35.2087    27.1176    27.1172    1513.19    111.925    113.461         34 0.0000e+00
      30022   1250.865    379.066    382.000    10.1143    10.1166   3.858462   3.858574     1.6465     1.3481      26.80   29.46208  -87.23401    0.00097    0.00070     2.5784     2.6095    10.0692    10.0715    35.2190    35.2179    27.1111    27.1099    1513.11    112.110    113.466         30 0.0000e+00
      30126   1255.190    375.100    378.000    10.1699    10.1698   3.864337   3.864182     1.6477     1.3483      30.75   29.46238  -87.23490    0.00021    0.00006     2.5767     2.6053    10.1251    10.1249    35.2267    35.2253    27.1075    27.1064    1513.13    112.038    113.282         31 0.0000e+00
      30229   1259.490    371.135    374.000    10.2016    10.2014   3.867672   3.867622     1.6497     1.3505      34.82   29.46355  -87.23835    0.00052    0.00063     2.5789     2.6087    10.1572    10.1570    35.2320    35.2315    27.1061    27.1057    1513.19    112.134    113.429         31 0.0000e+00
      30259   1260.755    370.144    373.000    10.2031    10.2035   3.867685   3.867669     1.6504     1.3512      35.82   29.46280  -87.23614    0.00054    0.00029     2.5803     2.6103    10.1587    10.1592    35.2310    35.2304    27.1051    27.1045    1513.15    112.193    113.499         30 0.0000e+00
      30361   1264.996    366.177    369.000    10.2500    10.2603   3.872597   3.873492     1.6539     1.3562      39.71   29.46270  -87.23582    0.00093    0.00125     2.5856     2.6206    10.2060    10.2163    35.2373    35.2363    27.1017    27.0992    1513.14    112.426    113.946         31 0.0000e+00
      30466   1269.376    362.211    365.000    10.3335    10.3352   3.881739   3.881850     1.6589     1.3599      43.66   29.46524  -87.24334    0.00115    0.00075     2.5925     2.6253    10.2898    10.2915    35.2515    35.2510    27.0983    27.0976    1513.28    112.726    114.154         32 0.0000e+00
      30495   1270.601    361.220    364.000    10.3368    10.3499   3.881872   3.883042     1.6600     1.3609      44.83   29.46280  -87.23612    0.00112    0.00094     2.5952     2.6271    10.2932    10.3063    35.2495    35.2487    27.0961    27.0931    1513.15    112.843    114.230         30 0.0000e+00
      30594   1274.718    357.254    360.000    10.4132    10.4199   3.889964   3.890733     1.6639     1.3651      48.76   29.46302  -87.23677    0.00100    0.00105     2.5996     2.6338    10.3698    10.3765    35.2595    35.2608    27.0904    27.0903    1513.16    113.034    114.524         37 0.0000e+00
      30772   1282.135    351.305    354.000    10.5021    10.5068   3.900389   3.900760     1.6694     1.3698      54.93   29.47263  -87.26522    0.00056    0.00051     2.6063     2.6400    10.4593    10.4639    35.2830    35.2823    27.0935    27.0921    1513.65    113.328    114.795         43 0.0000e+00
      30810   1283.699    350.313    353.000    10.5013    10.5078   3.899264   3.899847     1.6691     1.3698      55.94   29.46279  -87.23613    0.00033    0.00044     2.6058     2.6401    10.4586    10.4650    35.2715    35.2711    27.0841    27.0827    1513.15    113.308    114.797         52 0.0000e+00
      30858   1285.696    349.322    352.000    10.5116    10.5042   3.900298   3.899561     1.6694     1.3706      56.86   29.46279  -87.23614    0.00011    0.00028     2.6056     2.6424    10.4690    10.4616    35.2723    35.2721    27.0830    27.0841    1513.15    113.299    114.896         47 0.0000e+00
      30917   1288.163    348.330    351.000    10.5233    10.5354   3.901621   3.902507     1.6702     1.3723      57.97   29.46279  -87.23614    0.00032    0.00065     2.6068     2.6454    10.4808    10.4929    35.2752    35.2739    27.0831    27.0800    1513.15    113.351    115.028         64 0.0000e+00
      30974   1290.531    347.339    350.000    10.5535    10.5264   3.904792   3.901711     1.6712     1.3723      58.93   29.46278  -87.23614    0.00031    0.00025     2.6072     2.6453    10.5110    10.4840    35.2782    35.2732    27.0801    27.0810    1513.15    113.368    115.024         50 0.0000e+00
      31042   1293.364    346.347    349.000    10.5457    10.5239   3.903869   3.901484     1.6725     1.3713      59.94   29.46278  -87.23614    0.00050   -0.00028     2.6109     2.6421    10.5034    10.4816    35.2768    35.2738    27.0804    27.0819    1513.15    113.527    114.886         53 0.0000e+00
      32605   1358.503    345.356    348.000    10.5983    10.6006   3.909683   3.909922     1.6756     1.3764      61.02   29.46280  -87.23610   -0.00009    0.00019     2.6156     2.6520    10.5559    10.5583    35.2852    35.2853    27.0776    27.0773    1513.15    113.734    115.315         37 0.0000e+00
      32553   1356.327    344.364    347.000    10.5957    10.5975   3.909368   3.909574     1.6758     1.3760      70.17   29.46280  -87.23610    0.00008    0.00018     2.6160     2.6506    10.5535    10.5553    35.2849    35.2852    27.0778    27.0778    1513.15    113.751    115.254         51 0.0000e+00
      32608   1358.627    343.372    346.000    10.6247    10.6205   3.912032   3.911627     1.6765     1.3758      67.70   29.46280  -87.23610    0.00014    0.00010     2.6160     2.6484    10.5825    10.5784    35.2867    35.2878    27.0740    27.0756    1513.15    113.752    115.161         57 0.0000e+00
      32655   1360.570    342.381    345.000    10.6709    10.6719   3.917313   3.917490     1.6782     1.3768      63.79   29.46280  -87.23610    0.00057    0.00010     2.6170     2.6476    10.6288    10.6298    35.2932    35.2940    27.0709    27.0713    1513.15    113.796    115.125         35 0.0000e+00
      32863   1369.236    334.448    337.000    10.8255    10.8252   3.934429   3.934369     1.6878     1.3871      71.72   29.46385  -87.23920    0.00100    0.00105     2.6303     2.6655    10.7840    10.7837    35.3200    35.3197    27.0640    27.0638    1513.20    114.372    115.906         34 0.0000e+00
      33165   1381.823    322.548    325.000    11.0634    11.0784   3.960386   3.961835     1.6901     1.3873      83.59   29.46301  -87.23673    0.00026   -0.00000     2.6168     2.6459    11.0228    11.0377    35.3560    35.3561    27.0487    27.0461    1513.16    113.788    115.055         30 0.0000e+00
      33390   1391.220    313.623    316.000    11.2880    11.2655   3.984924   3.982282     1.6841     1.3820      92.59   29.46305  -87.23685   -0.00043   -0.00029     2.5833     2.6153    11.2480    11.2256    35.3886    35.3840    27.0328    27.0333    1513.16    112.335    113.724         31 0.0000e+00
      33517   1396.493    308.664    311.000    11.5452    11.5608   4.013781   4.015474     1.6892     1.3860      97.57   29.46530  -87.24349    0.00136    0.00115     2.5788     2.6070    11.5052    11.5208    35.4309    35.4327    27.0180    27.0164    1513.28    112.140    113.367         37 0.0000e+00
      33641   1401.671    303.705    306.000    11.6733    11.6740   4.027844   4.027835     1.6940     1.3911     100.01   29.46465  -87.24160    0.00134    0.00113     2.5818     2.6131    11.6337    11.6345    35.4492    35.4484    27.0080    27.0072    1513.25    112.271    113.633         35 0.0000e+00
      34020   1417.450    288.829    291.000    12.1364    12.1475   4.079638   4.080964     1.7166     1.4122     100.00   29.46782  -87.25099    0.00150    0.00151     2.6069     2.6394    12.0978    12.1093    35.5227    35.5248    26.9767    26.9761    1513.41    113.366    114.780         35 0.0000e+00
      34049   1418.656    287.837    290.000    12.1094    12.1344   4.076160   4.078852     1.7179     1.4147     100.00   29.46280  -87.23612    0.00142    0.00182     2.6118     2.6470    12.0710    12.0960    35.5137    35.5161    26.9746    26.9716    1513.15    113.580    115.111         31 0.0000e+00
      34167   1423.595    282.877    285.000    12.2787    12.2881   4.095330   4.096304     1.7263     1.4210     100.00   29.46390  -87.23938    0.00196    0.00142     2.6212     2.6538    12.2406    12.2500    35.5419    35.5424    26.9637    26.9622    1513.21    113.989    115.408         33 0.0000e+00
      34241   1426.686    280.894    283.000    12.3104    12.3146   4.099490   4.100206     1.7300     1.4245     100.04   29.47354  -87.26792    0.00128    0.00132     2.6279     2.6612    12.2725    12.2767    35.5574    35.5573    26.9701    26.9691    1513.70    114.283    115.728         35 0.0000e+00
      34267   1427.749    279.902    282.000    12.3108    12.3150   4.098565   4.099101     1.7304     1.4250     100.00   29.46280  -87.23612    0.00106    0.00090     2.6290     2.6624    12.2730    12.2773    35.5440    35.5451    26.9589    26.9589    1513.15    114.331    115.781         45 0.0000e+00
      34348   1431.134    278.910    281.000    12.2770    12.2802   4.094678   4.095014     1.7303     1.4249     100.00   29.46280  -87.23612    0.00012    0.00008     2.6307     2.6640    12.2394    12.2427    35.5387    35.5388    26.9613    26.9608    1513.15    114.402    115.851         52 0.0000e+00
      34510   1437.885    276.926    279.000    12.3272    12.3277   4.099974   4.099802     1.7315     1.4254      88.08   29.45871  -87.22401    0.00032    0.00012     2.6301     2.6620    12.2898    12.2904    35.5422    35.5401    26.9540    26.9522    1512.94    114.379    115.763         37 0.0000e+00
      34629   1442.819    275.934    278.000    12.3555    12.3477   4.103582   4.102528     1.7337     1.4275      99.07   29.46280  -87.23612    0.00048    0.00044     2.6334     2.6662    12.3183    12.3104    35.5519    35.5491    26.9562    26.9555    1513.15    114.520    115.946         48 0.0000e+00
      34723   1446.742    274.942    277.000    12.3793    12.3978   4.106228   4.108006     1.7343     1.4287     100.00   29.46280  -87.23613    0.00027    0.00035     2.6331     2.6661    12.3421    12.3605    35.5554    35.5552    26.9543    26.9505    1513.15    114.506    115.944         31 0.0000e+00
      35274   1469.691    272.959    275.000    12.4477    12.4479   4.113251   4.113596     1.7379     1.4321      99.99   29.45980  -87.22727    0.00019    0.00016     2.6377     2.6720    12.4106    12.4108    35.5614    35.5619    26.9453    26.9456    1513.00    114.708    116.202         42 0.0000e+00
      36525   1521.829    270.974    273.000    12.5494    12.5506   4.124793   4.124573     1.7432     1.4368      99.99   29.45703  -87.21917   -0.00005    0.00003     2.6442     2.6784    12.5123    12.5136    35.5760    35.5787    26.9364    26.9384    1512.85    114.994    116.478         47 0.0000e+00
      36573   1523.844    269.983    272.000    12.5483    12.5524   4.125273   4.125813     1.7436     1.4369     100.00   29.46278  -87.23619   -0.00009    0.00016     2.6447     2.6779    12.5115    12.5156    35.5827    35.5831    26.9422    26.9416    1513.15    115.012    116.456         35 0.0000e+00
      36613   1525.512    268.990    271.000    12.5555    12.5577   4.126038   4.126336     1.7436     1.4363     100.00   29.46278  -87.23620   -0.00000   -0.00020     2.6439     2.6756    12.5188    12.5209    35.5828    35.5837    26.9408    26.9410    1513.15    114.977    116.357         48 0.0000e+00
      36656   1527.288    267.999    270.000    12.5620    12.5593   4.126720   4.126463     1.7441     1.4361     100.00   29.46278  -87.23620    0.00008   -0.00025     2.6445     2.6747    12.5254    12.5227    35.5837    35.5838    26.9402    26.9408    1513.15    115.005    116.318         31 0.0000e+00
      36736   1530.613    265.023    267.000    12.5874    12.5858   4.129790   4.129737     1.7450     1.4374      43.71   29.46656  -87.24740    0.00030    0.00034     2.6442     2.6754    12.5511    12.5496    35.5916    35.5910    26.9415    26.9412    1513.34    114.991    116.349         33 0.0000e+00
      36764   1531.781    264.031    266.000    12.5959    12.5967   4.130379   4.130262     1.7448     1.4371     102.24   29.46278  -87.23620    0.00015    0.00027     2.6430     2.6739    12.5597    12.5605    35.5887    35.5868    26.9373    26.9357    1513.15    114.939    116.285         30 0.0000e+00
      36867   1536.091    260.063    262.000    12.6932    12.6902   4.141380   4.140872     1.7493     1.4407      60.34   29.46294  -87.23666    0.00105    0.00093     2.6469     2.6769    12.6574    12.6545    35.6045    35.6024    26.9301    26.9291    1513.16    115.110    116.413         31 0.0000e+00
      37032   1542.976    254.111    256.000    12.7583    12.7599   4.148940   4.149129     1.7558     1.4465     100.00   29.46631  -87.24666    0.00088    0.00063     2.6572     2.6866    12.7233    12.7249    35.6192    35.6195    26.9286    26.9286    1513.33    115.561    116.838         31 0.0000e+00
      37059   1544.082    253.119    255.000    12.7594    12.7601   4.148678   4.148729     1.7559     1.4469     100.00   29.46278  -87.23620    0.00067    0.00054     2.6573     2.6875    12.7245    12.7252    35.6151    35.6149    26.9250    26.9247    1513.15    115.563    116.879         30 0.0000e+00
      37158   1548.196    249.151    251.000    12.8193    12.8203   4.155051   4.155040     1.7583     1.4503      95.00   29.45978  -87.22731    0.00060    0.00103     2.6584     2.6919    12.7849    12.7858    35.6207    35.6197    26.9171    26.9161    1513.00    115.613    117.067         32 0.0000e+00
