GOMECC/GOMECC-4/1db/urb2103_1381.cnv
* Sea-Bird SBE 9 Data File:
* FileName = C:\Users\scs.user.rb\CTD\GOMECC4\data\rb2103_1381.hex
* Software Version Seasave V 7.26.7.107
* Temperature SN = 4799
* Conductivity SN = 3860
* Number of Bytes Per Scan = 41
* Number of Voltage Words = 4
* Number of Scans Averaged by the Deck Unit = 1
* NMEA Latitude = 25 52.44 N
* NMEA Longitude = 084 23.57 W
* NMEA UTC (Time) = Oct 20 2021  08:17:47
* NMEA baud rate = 4800
# nquan = 28
# nvalues = 157                         
# units = specified
# name 0 = scan: Scan Count
# name 1 = timeS: Time, Elapsed [seconds]
# name 2 = depSM: Depth [salt water, m]
# name 3 = prDM: Pressure, Digiquartz [db]
# name 4 = t090C: Temperature [ITS-90, deg C]
# name 5 = t190C: Temperature, 2 [ITS-90, deg C]
# name 6 = c0S/m: Conductivity [S/m]
# name 7 = c1S/m: Conductivity, 2 [S/m]
# name 8 = sbeox0V: Oxygen raw, SBE 43 [V]
# name 9 = sbeox1V: Oxygen raw, SBE 43, 2 [V]
# name 10 = altM: Altimeter [m]
# name 11 = latitude: Latitude [deg]
# name 12 = longitude: Longitude [deg]
# name 13 = sbox0dV/dT: Oxygen, SBE 43 [dov/dt]
# name 14 = sbox1dV/dT: Oxygen, SBE 43, 2 [dov/dt]
# name 15 = sbeox0ML/L: Oxygen, SBE 43 [ml/l], WS = 5
# name 16 = sbeox1ML/L: Oxygen, SBE 43, 2 [ml/l], WS = 5
# name 17 = potemp090C: Potential Temperature [ITS-90, deg C]
# name 18 = potemp190C: Potential Temperature, 2 [ITS-90, deg C]
# name 19 = sal00: Salinity, Practical [PSU]
# name 20 = sal11: Salinity, Practical, 2 [PSU]
# name 21 = sigma-é00: Density [sigma-theta, kg/m^3]
# name 22 = sigma-é11: Density, 2 [sigma-theta, kg/m^3]
# name 23 = avgsvCM: Average Sound Velocity [Chen-Millero, m/s], minP = 20, minS = 20
# name 24 = sbox0Mm/Kg: Oxygen, SBE 43 [umol/kg], WS = 5
# name 25 = sbox1Mm/Kg: Oxygen, SBE 43, 2 [umol/kg], WS = 5
# name 26 = nbin: number of scans per bin
# name 27 = flag: flag
# span 0 =      22276,      49373       
# span 1 =    928.134,   2057.155       
# span 2 =      1.987,    200.590       
# span 3 =      2.000,    202.000       
# span 4 =    15.7182,    28.5917       
# span 5 =    15.7190,    28.6061       
# span 6 =   4.490926,   5.752088       
# span 7 =   4.491045,   5.752547       
# span 8 =     1.9197,     3.1763       
# span 9 =     1.5862,     2.6889       
# span 10 =      10.59,     101.57      
# span 11 =   25.50225,   25.98124      
# span 12 =  -84.74127,  -83.17848      
# span 13 =   -0.00361,    0.01600      
# span 14 =   -0.00361,    0.02105      
# span 15 =     2.8310,     4.6551      
# span 16 =     2.8380,     4.6443      
# span 17 =    15.6891,    28.5867      
# span 18 =    15.6898,    28.6011      
# span 19 =    34.8696,    36.5477      
# span 20 =    34.8704,    36.5464      
# span 21 =    22.1832,    26.6538      
# span 22 =    22.1833,    26.6538      
# span 23 =    1502.91,    1531.15      
# span 24 =    123.159,    202.963      
# span 25 =    123.465,    202.494      
# span 26 =         30,         69      
# span 27 = 0.0000e+00, 0.0000e+00      
# interval = decibars: 1                
# start_time = Oct 20 2021 08:17:47 [NMEA time, header]
# bad_flag = -9.990e-29
*END*
[from data line 52]
      26751   1114.593    143.015    144.000    16.3098    16.3185   4.559819   4.560630     1.9519     1.6106      67.28   25.87450  -84.39281   -0.00283   -0.00251     2.8715     2.8677    16.2865    16.2952    36.1744    36.1737    26.5849    26.5823    1524.85    124.922    124.755         32 0.0000e+00
      26785   1116.020    142.022    143.000    16.3784    16.3871   4.568040   4.568901     1.9490     1.6084      68.21   25.87450  -84.39281   -0.00235   -0.00203     2.8601     2.8576    16.3553    16.3639    36.1855    36.1854    26.5774    26.5753    1524.85    124.425    124.316         37 0.0000e+00
      26824   1117.606    141.029    142.000    16.4174    16.4224   4.572451   4.572692     1.9451     1.6055      69.28   25.87450  -84.39280   -0.00216   -0.00164     2.8482     2.8480    16.3944    16.3994    36.1897    36.1873    26.5715    26.5684    1524.85    123.906    123.899         38 0.0000e+00
      26859   1119.087    140.037    141.000    16.4513    16.4654   4.576546   4.577987     1.9419     1.6040      70.24   25.87450  -84.39280   -0.00235   -0.00154     2.8383     2.8410    16.4284    16.4425    36.1957    36.1957    26.5681    26.5648    1524.85    123.480    123.595         33 0.0000e+00
      26892   1120.454    139.044    140.000    16.4849    16.4948   4.580596   4.581696     1.9405     1.6040      71.11   25.87450  -84.39280   -0.00200   -0.00101     2.8326     2.8390    16.4621    16.4720    36.2016    36.2023    26.5647    26.5629    1524.85    123.231    123.510         33 0.0000e+00
      26926   1121.855    138.051    139.000    16.5192    16.5222   4.584546   4.584744     1.9409     1.6044      72.10   25.87450  -84.39280   -0.00100   -0.00010     2.8310     2.8380    16.4966    16.4996    36.2059    36.2049    26.5599    26.5584    1524.85    123.159    123.465         35 0.0000e+00
      26962   1123.356    137.058    138.000    16.5453    16.5492   4.587832   4.588007     1.9437     1.6059      73.25   25.87450  -84.39280    0.00050    0.00040     2.8354     2.8397    16.5228    16.5267    36.2118    36.2098    26.5582    26.5558    1524.85    123.354    123.541         37 0.0000e+00
      27000   1124.958    136.065    137.000    16.5991    16.6084   4.593822   4.594168     1.9486     1.6128      74.20   25.87450  -84.39280    0.00196    0.00157     2.8436     2.8531    16.5767    16.5860    36.2170    36.2110    26.5495    26.5427    1524.85    123.709    124.124         38 0.0000e+00
      27034   1126.386    135.072    136.000    16.6412    16.6539   4.598778   4.599712     1.9561     1.6216      75.13   25.87450  -84.39280    0.00345    0.00420     2.8575     2.8727    16.6189    16.6317    36.2225    36.2192    26.5438    26.5383    1524.85    124.314    124.976         31 0.0000e+00
      27106   1129.361    133.087    134.000    16.7299    16.7369   4.610129   4.610898     1.9705     1.6341      77.16   25.88231  -84.41826    0.00543    0.00563     2.8843     2.8984    16.7079    16.7149    36.2465    36.2469    26.5420    26.5406    1525.31    125.482    126.097         38 0.0000e+00
      27140   1130.802    132.094    133.000    16.7278    16.7146   4.608907   4.607272     1.9734     1.6337      78.23   25.87450  -84.39280    0.00403    0.00253     2.8909     2.8985    16.7059    16.6928    36.2348    36.2323    26.5326    26.5338    1524.85    125.771    126.102         44 0.0000e+00
      27244   1135.127    129.115    130.000    16.8904    16.9001   4.628216   4.629483     1.9728     1.6319      81.10   25.87931  -84.40848   -0.00001   -0.00033     2.8776     2.8815    16.8687    16.8786    36.2600    36.2622    26.5135    26.5129    1525.13    125.193    125.363         41 0.0000e+00
      27279   1136.572    128.122    129.000    16.8684    16.8817   4.625598   4.626961     1.9702     1.6309      82.10   25.87450  -84.39280   -0.00098   -0.00113     2.8732     2.8800    16.8471    16.8603    36.2563    36.2572    26.5155    26.5131    1524.85    125.001    125.298         36 0.0000e+00
      27312   1137.978    127.129    128.000    16.9771    16.9708   4.638121   4.637508     1.9716     1.6328      83.08   25.87450  -84.39280   -0.00086   -0.00040     2.8708     2.8807    16.9559    16.9496    36.2686    36.2690    26.4990    26.5008    1524.85    124.899    125.329         34 0.0000e+00
      27347   1139.416    126.136    127.000    17.0061    17.0134   4.641556   4.642256     1.9784     1.6401      84.03   25.87450  -84.39280    0.00145    0.00196     2.8826     2.8945    16.9850    16.9923    36.2730    36.2726    26.4954    26.4933    1524.85    125.415    125.934         35 0.0000e+00
      27381   1140.817    125.144    126.000    17.0240    17.0166   4.643554   4.642713     1.9848     1.6451      84.93   25.87450  -84.39280    0.00406    0.00415     2.8959     2.9066    17.0031    16.9957    36.2747    36.2740    26.4924    26.4936    1524.85    125.995    126.459         32 0.0000e+00
      27413   1142.184    124.151    125.000    17.0296    17.0303   4.644046   4.644124     1.9882     1.6470      86.12   25.87450  -84.39280    0.00426    0.00346     2.9031     2.9100    17.0088    17.0096    36.2744    36.2759    26.4908    26.4917    1524.85    126.307    126.608         35 0.0000e+00
      27451   1143.752    123.158    124.000    17.0403    17.0454   4.645321   4.645833     1.9895     1.6484      86.98   25.87450  -84.39280    0.00234    0.00162     2.9051     2.9124    17.0197    17.0248    36.2763    36.2762    26.4896    26.4883    1524.85    126.392    126.713         39 0.0000e+00
      27489   1145.319    122.165    123.000    17.0524    17.0573   4.646733   4.647055     1.9902     1.6482      87.88   25.87450  -84.39280    0.00090    0.00059     2.9055     2.9109    17.0319    17.0368    36.2782    36.2766    26.4881    26.4858    1524.85    126.413    126.648         35 0.0000e+00
      27523   1146.737    121.172    122.000    17.0931    17.1030   4.651270   4.652706     1.9905     1.6500      88.91   25.87450  -84.39280    0.00040    0.00030     2.9032     2.9122    17.0727    17.0827    36.2817    36.2853    26.4810    26.4814    1524.85    126.314    126.703         34 0.0000e+00
      27559   1148.245    120.179    121.000    17.1599    17.1934   4.659056   4.663146     1.9949     1.6553      89.98   25.87450  -84.39280    0.00086    0.00159     2.9088     2.9196    17.1397    17.1732    36.2900    36.2956    26.4713    26.4675    1524.85    126.555    127.027         38 0.0000e+00
      27594   1149.718    119.186    120.000    17.2259    17.2252   4.666948   4.666298     2.0019     1.6621      90.91   25.87450  -84.39280    0.00297    0.00354     2.9201     2.9341    17.2058    17.2050    36.2999    36.2949    26.4629    26.4592    1524.85    127.049    127.658         31 0.0000e+00
      27671   1152.914    117.200    118.000    17.3996    17.4225   4.688310   4.691276     2.0186     1.6768      93.09   25.88428  -84.42471    0.00550    0.00505     2.9461     2.9581    17.3797    17.4026    36.3351    36.3394    26.4488    26.4464    1525.43    128.185    128.707         44 0.0000e+00
      27704   1154.291    116.207    117.000    17.3428    17.3938   4.680702   4.686697     2.0228     1.6802      93.95   25.87450  -84.39280    0.00491    0.00413     2.9591     2.9681    17.3231    17.3740    36.3160    36.3224    26.4468    26.4394    1524.85    128.748    129.140         39 0.0000e+00
      27767   1156.917    114.221    115.000    17.6754    17.7009   4.720131   4.723265     2.0297     1.6833      95.77   25.87685  -84.40046    0.00233    0.00143     2.9529     2.9564    17.6558    17.6813    36.3618    36.3660    26.4009    26.3979    1524.99    128.483    128.639         30 0.0000e+00
      27798   1158.229    113.229    114.000    17.7485    17.7817   4.728665   4.732563     2.0324     1.6861      96.82   25.87450  -84.39280    0.00267    0.00134     2.9539     2.9584    17.7289    17.7621    36.3696    36.3735    26.3886    26.3835    1524.85    128.529    128.726         38 0.0000e+00
      27837   1159.828    112.236    113.000    17.8100    17.8186   4.736099   4.736242     2.0340     1.6870      97.78   25.87450  -84.39280    0.00190    0.00150     2.9533     2.9580    17.7906    17.7992    36.3791    36.3726    26.3807    26.3736    1524.85    128.503    128.710         38 0.0000e+00
      27875   1161.421    111.243    112.000    17.8561    17.8555   4.741425   4.740361     2.0340     1.6851      98.89   25.87450  -84.39280    0.00082    0.00014     2.9500     2.9507    17.8368    17.8362    36.3842    36.3756    26.3732    26.3667    1524.85    128.364    128.392         40 0.0000e+00
      27913   1163.005    110.250    111.000    17.9299    17.8951   4.749119   4.745857     2.0329     1.6844      94.56   25.87450  -84.39280   -0.00018   -0.00087     2.9426     2.9461    17.9108    17.8760    36.3883    36.3879    26.3581    26.3663    1524.85    128.043    128.192         34 0.0000e+00
      27944   1164.312    109.257    110.000    17.9752    17.9680   4.754788   4.754370     2.0330     1.6849     100.00   25.87450  -84.39280   -0.00043   -0.00037     2.9396     2.9428    17.9562    17.9490    36.3937    36.3965    26.3509    26.3548    1524.85    127.913    128.052         30 0.0000e+00
      27975   1165.563    108.264    109.000    18.0242    18.0301   4.760572   4.761237     2.0328     1.6845     100.00   25.87450  -84.39280   -0.00021   -0.00006     2.9359     2.9378    18.0054    18.0112    36.4000    36.4005    26.3435    26.3425    1524.85    127.751    127.835         31 0.0000e+00
      28041   1168.336    107.271    108.000    18.0224    18.0580   4.760527   4.764340     2.0311     1.6837     100.00   25.87450  -84.39280   -0.00048   -0.00020     2.9316     2.9339    18.0037    18.0392    36.4017    36.4027    26.3452    26.3371    1524.85    127.566    127.665         30 0.0000e+00
      28124   1171.779    106.278    107.000    17.9883    18.0381   4.755621   4.761936     2.0294     1.6838     100.00   25.87450  -84.39280   -0.00038    0.00025     2.9299     2.9349    17.9698    18.0196    36.3903    36.4001    26.3449    26.3400    1524.85    127.489    127.708         32 0.0000e+00
      29490   1228.695    103.299    104.000    18.4095    18.4340   4.806376   4.808946     2.0166     1.6715      85.04   25.89560  -84.46157    0.00020    0.00067     2.8737     2.8814    18.3912    18.4158    36.4566    36.4626    26.2924    26.2910    1526.09    125.054    125.389         52 0.0000e+00
      29535   1230.572    102.306    103.000    18.4143    18.4282   4.803313   4.805680     2.0161     1.6699      95.99   25.87452  -84.39282    0.00027    0.00007     2.8740     2.8789    18.3963    18.4102    36.4307    36.4316    26.2690    26.2661    1524.85    125.068    125.283         42 0.0000e+00
      29608   1233.616    101.313    102.000    18.4307    18.4336   4.806408   4.806435     2.0189     1.6715      91.68   25.87452  -84.39282    0.00082    0.00068     2.8774     2.8803    18.4129    18.4157    36.4332    36.4344    26.2668    26.2670    1524.85    125.218    125.342         41 0.0000e+00
      29666   1236.055    100.320    101.000    18.4709    18.4820   4.810910   4.812262     2.0208     1.6725      65.65   25.87452  -84.39282    0.00089    0.00016     2.8790     2.8797    18.4531    18.4642    36.4363    36.4379    26.2590    26.2574    1524.85    125.288    125.318         69 0.0000e+00
      29727   1238.598     99.327    100.000    18.5124    18.5096   4.815557   4.815556     2.0214     1.6747      66.05   25.87452  -84.39282    0.00036    0.00087     2.8777     2.8831    18.4948    18.4919    36.4417    36.4419    26.2525    26.2535    1524.85    125.228    125.465         51 0.0000e+00
      29780   1240.785     98.334     99.000    18.5713    18.5550   4.822104   4.820350     2.0226     1.6767     100.22   25.87452  -84.39282    0.00039    0.00087     2.8764     2.8851    18.5538    18.5375    36.4433    36.4428    26.2388    26.2426    1524.85    125.177    125.552         52 0.0000e+00
      29830   1242.896     97.340     98.000    18.5992    18.5996   4.825255   4.825351     2.0241     1.6758     100.00   25.87452  -84.39282    0.00073    0.00026     2.8777     2.8800    18.5818    18.5822    36.4457    36.4461    26.2336    26.2338    1524.85    125.232    125.332         50 0.0000e+00
      29885   1245.183     96.348     97.000    18.6463    18.6456   4.830862   4.830840     2.0256     1.6782     100.00   25.87452  -84.39282    0.00055    0.00033     2.8777     2.8828    18.6291    18.6284    36.4519    36.4524    26.2264    26.2268    1524.85    125.235    125.457         60 0.0000e+00
      29939   1247.404     95.354     96.000    18.6972    18.6969   4.836779   4.836697     2.0275     1.6810     100.00   25.87452  -84.39282    0.00088    0.00126     2.8785     2.8864    18.6801    18.6798    36.4574    36.4570    26.2176    26.2173    1524.85    125.270    125.613         43 0.0000e+00
      29981   1249.171     94.361     95.000    18.8187    18.8142   4.850538   4.850483     2.0314     1.6840     100.00   25.87452  -84.39282    0.00140    0.00147     2.8802     2.8866    18.8018    18.7973    36.4668    36.4703    26.1937    26.1975    1524.85    125.345    125.626         49 0.0000e+00
      30037   1251.501     93.368     94.000    18.8527    18.8824   4.854503   4.857603     2.0362     1.6889     100.00   25.87452  -84.39282    0.00229    0.00201     2.8878     2.8942    18.8359    18.8656    36.4707    36.4706    26.1880    26.1803    1524.85    125.676    125.955         56 0.0000e+00
      30091   1253.758     92.375     93.000    19.0080    18.9573   4.871973   4.866749     2.0427     1.6914     100.00   25.87452  -84.39282    0.00225    0.00150     2.8921     2.8955    18.9913    18.9406    36.4807    36.4821    26.1556    26.1698    1524.85    125.867    126.017         53 0.0000e+00
      30138   1255.702     91.382     92.000    19.0852    19.0529   4.880437   4.876921     2.0485     1.6949     100.00   25.87452  -84.39282    0.00309    0.00124     2.9002     2.8983    19.0686    19.0364    36.4850    36.4838    26.1391    26.1464    1524.85    126.223    126.139         42 0.0000e+00
      30184   1257.625     90.389     91.000    19.1681    19.1924   4.889916   4.892492     2.0537     1.7035     100.00   25.87452  -84.39282    0.00276    0.00311     2.9061     2.9108    19.1516    19.1760    36.4920    36.4922    26.1230    26.1168    1524.85    126.483    126.687         56 0.0000e+00
      30244   1260.118     89.396     90.000    19.2044    19.2206   4.894184   4.895900     2.0608     1.7105     100.00   25.87452  -84.39282    0.00308    0.00373     2.9190     2.9255    19.1881    19.2044    36.4963    36.4965    26.1168    26.1126    1524.85    127.046    127.330         53 0.0000e+00
      30288   1261.978     88.403     89.000    19.2879    19.2694   4.903442   4.900577     2.0649     1.7114     100.00   25.87452  -84.39282    0.00221    0.00139     2.9216     2.9246    19.2717    19.2535    36.4990    36.4954    26.0971    26.0999    1524.85    127.159    127.290         43 0.0000e+00
      30339   1264.089     87.410     88.000    19.3604    19.3327   4.911165   4.908282     2.0736     1.7180     100.00   25.87452  -84.39282    0.00333    0.00196     2.9369     2.9363    19.3443    19.3167    36.5022    36.5024    26.0807    26.0880    1524.85    127.827    127.800         58 0.0000e+00
      30393   1266.354     86.417     87.000    19.4332    19.3846   4.919193   4.913506     2.0814     1.7225      93.43   25.87452  -84.39282    0.00367    0.00238     2.9493     2.9433    19.4174    19.3689    36.5058    36.5004    26.0644    26.0728    1524.85    128.370    128.106         49 0.0000e+00
