GOMECC/GOMECC-4/1db/urb2103_1391.cnv
* Sea-Bird SBE 9 Data File:
* FileName = C:\Users\scs.user.rb\CTD\GOMECC4\data\rb2103_1391.hex
* Software Version Seasave V 7.26.7.107
* Temperature SN = 4799
* Conductivity SN = 3860
* Number of Bytes Per Scan = 41
* Number of Voltage Words = 4
* Number of Scans Averaged by the Deck Unit = 1
* NMEA Latitude = 25 44.68 N
* NMEA Longitude = 084 35.32 W
* NMEA UTC (Time) = Oct 20 2021  10:34:58
* NMEA baud rate = 4800
# nquan = 28
# nvalues = 199                         
# units = specified
# name 0 = scan: Scan Count
# name 1 = timeS: Time, Elapsed [seconds]
# name 2 = depSM: Depth [salt water, m]
# name 3 = prDM: Pressure, Digiquartz [db]
# name 4 = t090C: Temperature [ITS-90, deg C]
# name 5 = t190C: Temperature, 2 [ITS-90, deg C]
# name 6 = c0S/m: Conductivity [S/m]
# name 7 = c1S/m: Conductivity, 2 [S/m]
# name 8 = sbeox0V: Oxygen raw, SBE 43 [V]
# name 9 = sbeox1V: Oxygen raw, SBE 43, 2 [V]
# name 10 = altM: Altimeter [m]
# name 11 = latitude: Latitude [deg]
# name 12 = longitude: Longitude [deg]
# name 13 = sbox0dV/dT: Oxygen, SBE 43 [dov/dt]
# name 14 = sbox1dV/dT: Oxygen, SBE 43, 2 [dov/dt]
# name 15 = sbeox0ML/L: Oxygen, SBE 43 [ml/l], WS = 5
# name 16 = sbeox1ML/L: Oxygen, SBE 43, 2 [ml/l], WS = 5
# name 17 = potemp090C: Potential Temperature [ITS-90, deg C]
# name 18 = potemp190C: Potential Temperature, 2 [ITS-90, deg C]
# name 19 = sal00: Salinity, Practical [PSU]
# name 20 = sal11: Salinity, Practical, 2 [PSU]
# name 21 = sigma-é00: Density [sigma-theta, kg/m^3]
# name 22 = sigma-é11: Density, 2 [sigma-theta, kg/m^3]
# name 23 = avgsvCM: Average Sound Velocity [Chen-Millero, m/s], minP = 20, minS = 20
# name 24 = sbox0Mm/Kg: Oxygen, SBE 43 [umol/kg], WS = 5
# name 25 = sbox1Mm/Kg: Oxygen, SBE 43, 2 [umol/kg], WS = 5
# name 26 = nbin: number of scans per bin
# name 27 = flag: flag
# span 0 =      24327,      62837       
# span 1 =   1013.590,   2618.166       
# span 2 =      0.993,    441.639       
# span 3 =      1.000,    445.000       
# span 4 =    10.4969,    28.6843       
# span 5 =    10.4976,    28.6856       
# span 6 =   3.902731,   5.826364       
# span 7 =   3.902798,   5.832083       
# span 8 =     1.6655,     3.1660       
# span 9 =     1.3582,     2.6761       
# span 10 =      12.21,     102.32      
# span 11 =   25.41736,   26.10602      
# span 12 =  -85.77467,  -83.51181      
# span 13 =   -0.02306,    0.01595      
# span 14 =   -0.02173,    0.01578      
# span 15 =     2.6267,     4.4637      
# span 16 =     2.6364,     4.4405      
# span 17 =    10.4429,    28.6807      
# span 18 =    10.4436,    28.6821      
# span 19 =    35.0689,    36.7273      
# span 20 =    35.0680,    36.7412      
# span 21 =    22.4048,    27.0871      
# span 22 =    22.4033,    27.0859      
# span 23 =    1494.20,    1534.69      
# span 24 =    114.214,    194.823      
# span 25 =    114.638,    193.807      
# span 26 =         30,         71      
# span 27 = 0.0000e+00, 0.0000e+00      
# interval = decibars: 1                
# start_time = Oct 20 2021 10:34:58 [NMEA time, header]
# bad_flag = -9.990e-29
*END*
      24327   1013.590    441.639    445.000    10.4969    10.4987   3.902918   3.903008     1.6655     1.3582      12.21   25.74598  -84.59283    0.00011    0.00003     2.6267     2.6364    10.4429    10.4446    35.2716    35.2705    27.0871    27.0859    1513.54    114.214    114.638         39 0.0000e+00
      24362   1015.051    440.648    444.000    10.4969    10.4976   3.902731   3.902798     1.6659     1.3589      13.25   25.74474  -84.58876    0.00016    0.00016     2.6276     2.6384    10.4430    10.4436    35.2694    35.2696    27.0852    27.0853    1513.47    114.254    114.722         32 0.0000e+00
      24482   1020.036    435.691    439.000    10.5091    10.5092   3.903767   3.903796     1.6668     1.3600      18.13   25.74408  -84.58658    0.00022    0.00025     2.6277     2.6392    10.4558    10.4559    35.2706    35.2708    27.0839    27.0840    1513.43    114.257    114.761         34 0.0000e+00
      24654   1027.228    428.751    432.000    10.5323    10.5350   3.906073   3.906240     1.6693     1.3626      24.95   25.74470  -84.58864    0.00026    0.00033     2.6306     2.6431    10.4798    10.4824    35.2747    35.2739    27.0829    27.0818    1513.47    114.383    114.930         30 0.0000e+00
      24999   1041.567    414.871    418.000    10.6816    10.6809   3.922003   3.921904     1.6774     1.3693      38.68   25.74590  -84.59251    0.00040    0.00046     2.6384     2.6492    10.6303    10.6297    35.2978    35.2975    27.0742    27.0741    1513.54    114.726    115.194         30 0.0000e+00
      25387   1057.767    409.913    413.000    10.6927    10.6885   3.922905   3.922445     1.6782     1.3702      44.02   25.74512  -84.58985   -0.00006    0.00003     2.6381     2.6496    10.6421    10.6379    35.2981    35.2975    27.0723    27.0727    1513.49    114.713    115.212         42 0.0000e+00
      25531   1063.730    408.921    412.000    10.6901    10.6903   3.922554   3.922557     1.6781     1.3701      45.05   25.74478  -84.58874    0.00002    0.00007     2.6379     2.6489    10.6395    10.6397    35.2975    35.2974    27.0723    27.0722    1513.47    114.703    115.183         42 0.0000e+00
      26243   1093.402    406.938    410.000    10.6902    10.6948   3.921878   3.922234     1.6781     1.3706      46.74   25.73910  -84.57005    0.00001   -0.00002     2.6373     2.6498    10.6399    10.6445    35.2901    35.2906    27.0662    27.0658    1513.14    114.677    115.221         48 0.0000e+00
      27340   1139.114    405.946    409.000    10.6984    10.6987   3.923327   3.923364     1.6786     1.3706      47.23   25.74480  -84.58872    0.00008   -0.00011     2.6377     2.6490    10.6482    10.6485    35.2986    35.2987    27.0716    27.0717    1513.47    114.693    115.186         42 0.0000e+00
      27403   1141.749    404.955    408.000    10.6968    10.6969   3.923129   3.923141     1.6786     1.3712      48.20   25.74480  -84.58872    0.00007   -0.00001     2.6374     2.6504    10.6468    10.6468    35.2985    35.2986    27.0718    27.0719    1513.47    114.681    115.246         54 0.0000e+00
      27464   1144.298    403.964    407.000    10.6967    10.6967   3.923062   3.923071     1.6788     1.3711      49.34   25.74480  -84.58872    0.00005    0.00009     2.6377     2.6500    10.6467    10.6468    35.2985    35.2985    27.0718    27.0718    1513.47    114.695    115.228         60 0.0000e+00
      27565   1148.514    400.989    404.000    10.6980    10.6978   3.923327   3.923297     1.6784     1.3718      52.01   25.74699  -84.59592   -0.00019    0.00025     2.6351     2.6508    10.6485    10.6482    35.3017    35.3016    27.0741    27.0741    1513.60    114.583    115.263         33 0.0000e+00
      27603   1150.081    399.997    403.000    10.6970    10.6969   3.922939   3.922925     1.6791     1.3721      53.22   25.74480  -84.58872    0.00000   -0.00001     2.6370     2.6514    10.6475    10.6475    35.2987    35.2987    27.0718    27.0718    1513.47    114.664    115.291         43 0.0000e+00
      27690   1153.701    397.023    400.000    10.7140    10.7202   3.925489   3.926206     1.6801     1.3726      55.91   25.74790  -84.59891    0.00020    0.00010     2.6369     2.6503    10.6648    10.6710    35.3057    35.3058    27.0743    27.0733    1513.65    114.661    115.243         30 0.0000e+00
      27724   1155.133    396.031    399.000    10.7272    10.7266   3.926080   3.926012     1.6802     1.3724      57.25   25.74480  -84.58872    0.00025    0.00012     2.6367     2.6491    10.6781    10.6776    35.3030    35.3029    27.0697    27.0697    1513.47    114.650    115.191         45 0.0000e+00
      27763   1156.743    395.039    398.000    10.7392    10.7403   3.927407   3.927334     1.6805     1.3724      57.87   25.74480  -84.58872    0.00023   -0.00000     2.6364     2.6479    10.6903    10.6913    35.3052    35.3034    27.0692    27.0677    1513.47    114.640    115.140         30 0.0000e+00
      27850   1160.363    392.064    395.000    10.8281    10.8304   3.937255   3.937438     1.6825     1.3741      60.97   25.74547  -84.59091    0.00054    0.00050     2.6348     2.6462    10.7793    10.7816    35.3197    35.3195    27.0646    27.0640    1513.51    114.570    115.066         39 0.0000e+00
      27885   1161.837    391.073    394.000    10.8367    10.8374   3.938128   3.937830     1.6835     1.3740      62.00   25.74480  -84.58872    0.00075    0.00035     2.6367     2.6453    10.7880    10.7887    35.3207    35.3170    27.0638    27.0608    1513.47    114.652    115.027         32 0.0000e+00
      27945   1164.327    389.089    392.000    10.8598    10.8638   3.940665   3.941097     1.6846     1.3750      63.97   25.74558  -84.59129    0.00044    0.00021     2.6377     2.6456    10.8113    10.8153    35.3242    35.3244    27.0624    27.0618    1513.52    114.694    115.040         33 0.0000e+00
      27979   1165.752    388.097    391.000    10.8654    10.8672   3.941121   3.941320     1.6851     1.3759      64.92   25.74480  -84.58872    0.00050    0.00045     2.6383     2.6479    10.8169    10.8188    35.3244    35.3246    27.0615    27.0612    1513.47    114.724    115.139         35 0.0000e+00
      28095   1170.567    384.131    387.000    10.9349    10.9380   3.948715   3.948969     1.6876     1.3796      68.85   25.74536  -84.59057    0.00054    0.00069     2.6393     2.6527    10.8868    10.8898    35.3347    35.3350    27.0569    27.0566    1513.50    114.764    115.350         35 0.0000e+00
      28127   1171.932    383.140    386.000    10.9580    10.9598   3.951091   3.950967     1.6884     1.3798      69.92   25.74480  -84.58872    0.00063    0.00049     2.6396     2.6518    10.9099    10.9117    35.3373    35.3344    27.0547    27.0521    1513.47    114.778    115.310         31 0.0000e+00
      28239   1176.573    379.173    382.000    11.0369    11.0364   3.959927   3.959789     1.6913     1.3825      73.77   25.74595  -84.59249    0.00058    0.00053     2.6408     2.6534    10.9892    10.9886    35.3509    35.3508    27.0510    27.0510    1513.54    114.830    115.378         30 0.0000e+00
      28270   1177.859    378.181    381.000    11.0470    11.0446   3.960771   3.960443     1.6917     1.3825      74.91   25.74480  -84.58872    0.00050    0.00026     2.6411     2.6526    10.9993    10.9970    35.3506    35.3497    27.0489    27.0485    1513.47    114.844    115.344         34 0.0000e+00
      28303   1179.233    377.189    380.000    11.0529    11.0526   3.961456   3.961207     1.6922     1.3824      76.07   25.74480  -84.58872    0.00038    0.00003     2.6416     2.6514    11.0054    11.0050    35.3522    35.3511    27.0490    27.0482    1513.47    114.865    115.292         31 0.0000e+00
      28413   1183.849    373.223    376.000    11.0648    11.0648   3.962707   3.962694     1.6922     1.3829      79.80   25.74604  -84.59280   -0.00009   -0.00008     2.6395     2.6510    11.0177    11.0177    35.3554    35.3553    27.0493    27.0492    1513.54    114.776    115.276         33 0.0000e+00
      28447   1185.240    372.231    375.000    11.0648    11.0650   3.962488   3.962518     1.6923     1.3834      80.94   25.74480  -84.58871    0.00004    0.00027     2.6395     2.6520    11.0178    11.0180    35.3533    35.3535    27.0476    27.0477    1513.47    114.777    115.321         36 0.0000e+00
      28588   1191.108    367.272    370.000    11.0692    11.0699   3.962825   3.962880     1.6930     1.3836      85.83   25.74531  -84.59044    0.00015    0.00009     2.6393     2.6505    11.0229    11.0235    35.3548    35.3547    27.0478    27.0477    1513.50    114.766    115.255         35 0.0000e+00
      28623   1192.567    366.281    369.000    11.0708    11.0718   3.962885   3.962971     1.6933     1.3835      86.86   25.74478  -84.58870    0.00031    0.00007     2.6398     2.6498    11.0246    11.0255    35.3542    35.3541    27.0470    27.0468    1513.47    114.787    115.223         35 0.0000e+00
      28734   1197.213    362.314    365.000    11.0736    11.0741   3.963320   3.963384     1.6937     1.3836      90.78   25.74757  -84.59787    0.00005    0.00009     2.6392     2.6485    11.0279    11.0283    35.3583    35.3585    27.0498    27.0499    1513.63    114.764    115.169         33 0.0000e+00
      28768   1198.635    361.322    364.000    11.0725    11.0731   3.962847   3.962914     1.6937     1.3840      91.78   25.74478  -84.58870    0.00007   -0.00011     2.6391     2.6495    11.0269    11.0275    35.3544    35.3545    27.0467    27.0467    1513.47    114.759    115.210         39 0.0000e+00
      28880   1203.276    357.355    360.000    11.0936    11.0900   3.965046   3.964693     1.6941     1.3848      95.85   25.74490  -84.58909    0.00018    0.00007     2.6373     2.6494    11.0485    11.0448    35.3579    35.3579    27.0455    27.0462    1513.48    114.682    115.207         38 0.0000e+00
      28914   1204.726    356.363    359.000    11.0956    11.0988   3.965198   3.965537     1.6942     1.3848      96.71   25.74478  -84.58870    0.00007   -0.00002     2.6373     2.6488    11.0506    11.0538    35.3579    35.3582    27.0452    27.0448    1513.47    114.678    115.179         30 0.0000e+00
      29056   1210.622    351.404    354.000    11.2161    11.2190   3.978257   3.978550     1.6989     1.3897     100.00   25.74560  -84.59141    0.00090    0.00096     2.6403     2.6538    11.1714    11.1743    35.3747    35.3749    27.0361    27.0357    1513.52    114.813    115.399         31 0.0000e+00
      29087   1211.903    350.412    353.000    11.2205    11.2224   3.978467   3.978634     1.7019     1.3931      77.60   25.74478  -84.58871    0.00160    0.00179     2.6480     2.6633    11.1759    11.1778    35.3728    35.3729    27.0338    27.0335    1513.47    115.145    115.810         32 0.0000e+00
      29199   1216.601    346.445    349.000    11.2348    11.2346   3.979639   3.979619     1.7187     1.4111     100.00   25.74604  -84.59287    0.00393    0.00410     2.6909     2.7139    11.1907    11.1905    35.3728    35.3728    27.0311    27.0312    1513.54    117.013    118.013         31 0.0000e+00
      29230   1217.878    345.453    348.000    11.2345    11.2349   3.979395   3.979443     1.7234     1.4145     100.00   25.74478  -84.58872    0.00381    0.00369     2.7034     2.7236    11.1905    11.1910    35.3709    35.3709    27.0296    27.0295    1513.47    117.556    118.434         33 0.0000e+00
      29262   1219.210    344.461    347.000    11.2364    11.2364   3.979570   3.979539     1.7263     1.4166     100.00   25.74478  -84.58872    0.00328    0.00269     2.7107     2.7294    11.1925    11.1926    35.3712    35.3708    27.0295    27.0292    1513.47    117.874    118.688         30 0.0000e+00
      29402   1225.062    339.501    342.000    11.3085    11.3191   3.987515   3.988470     1.7335     1.4205     100.00   25.74521  -84.59012    0.00104    0.00074     2.7234     2.7343    11.2657    11.2757    35.3827    35.3845    27.0250    27.0244    1513.50    118.427    118.899         31 0.0000e+00
      29435   1226.397    338.510    341.000    11.3601    11.3525   3.992994   3.992440     1.7357     1.4225     100.00   25.74478  -84.58872    0.00119    0.00104     2.7256     2.7367    11.3167    11.3092    35.3885    35.3903    27.0200    27.0228    1513.47    118.525    119.006         34 0.0000e+00
      29467   1227.759    337.518    340.000    11.4158    11.4100   3.998988   3.998308     1.7385     1.4256      99.83   25.74478  -84.58872    0.00160    0.00158     2.7291     2.7418    11.3724    11.3666    35.3950    35.3939    27.0147    27.0149    1513.47    118.675    119.226         30 0.0000e+00
      29577   1232.343    333.550    336.000    11.5411    11.5469   4.013598   4.014192     1.7483     1.4339     100.01   25.74672  -84.59513    0.00216    0.00178     2.7451     2.7556    11.4979    11.5037    35.4220    35.4222    27.0124    27.0115    1513.58    119.371    119.827         31 0.0000e+00
      29609   1233.676    332.559    335.000    11.5494    11.5515   4.014249   4.014354     1.7494     1.4350     100.00   25.74478  -84.58874    0.00150    0.00111     2.7473     2.7581    11.5063    11.5084    35.4203    35.4193    27.0094    27.0082    1513.47    119.469    119.936         38 0.0000e+00
      29721   1238.346    328.591    331.000    11.5975    11.5979   4.019622   4.019681     1.7544     1.4389     100.01   25.74634  -84.59385    0.00111    0.00093     2.7558     2.7650    11.5548    11.5552    35.4296    35.4297    27.0076    27.0076    1513.56    119.839    120.237         30 0.0000e+00
      29752   1239.623    327.599    330.000    11.6000    11.5999   4.019663   4.019618     1.7555     1.4397     100.00   25.74478  -84.58874    0.00118    0.00083     2.7583     2.7668    11.5575    11.5573    35.4276    35.4272    27.0054    27.0052    1513.47    119.948    120.316         35 0.0000e+00
      29786   1241.046    326.607    329.000    11.6017    11.6027   4.019860   4.019951     1.7558     1.4405     100.00   25.74478  -84.58874    0.00083    0.00061     2.7588     2.7686    11.5592    11.5602    35.4278    35.4273    27.0053    27.0047    1513.47    119.968    120.393         33 0.0000e+00
      29898   1245.706    322.639    325.000    11.6910    11.6969   4.029797   4.030387     1.7585     1.4432      99.30   25.74603  -84.59286    0.00082    0.00077     2.7583     2.7690    11.6488    11.6548    35.4431    35.4432    27.0004    26.9994    1513.54    119.946    120.411         30 0.0000e+00
      29927   1246.912    321.647    324.000    11.7117    11.7160   4.031865   4.032088     1.7589     1.4432     100.00   25.74478  -84.58874    0.00059    0.00055     2.7577     2.7674    11.6697    11.6739    35.4437    35.4419    26.9968    26.9946    1513.47    119.919    120.342         31 0.0000e+00
      29957   1248.171    320.655    323.000    11.7513    11.7468   4.036390   4.035822     1.7593     1.4435     100.00   25.74478  -84.58874    0.00031    0.00017     2.7559     2.7657    11.7093    11.7048    35.4508    35.4496    26.9949    26.9948    1513.47    119.843    120.271         30 0.0000e+00
      29988   1249.451    319.663    322.000    11.7864    11.7916   4.040388   4.040839     1.7600     1.4444     100.00   25.74478  -84.58874    0.00040    0.00030     2.7546     2.7651    11.7445    11.7497    35.4569    35.4566    26.9930    26.9917    1513.47    119.787    120.243         31 0.0000e+00
      30101   1254.184    315.695    318.000    11.8284    11.8301   4.045014   4.045194     1.7605     1.4443     100.00   25.74556  -84.59129    0.00011   -0.00001     2.7521     2.7608    11.7869    11.7886    35.4644    35.4646    26.9908    26.9906    1513.52    119.677    120.057         30 0.0000e+00
