GOMECC/GOMECC-4/1db/urb2103_0241.cnv
* Sea-Bird SBE 9 Data File:
* FileName = C:\Users\scs.user.rb\CTD\GOMECC4\data\rb2103_0241.hex
* Software Version Seasave V 7.26.7.107
* Temperature SN = 4799
* Conductivity SN = 3860
* Number of Bytes Per Scan = 41
* Number of Voltage Words = 4
* Number of Scans Averaged by the Deck Unit = 1
* NMEA Latitude = 28 41.35 N
* NMEA Longitude = 086 03.85 W
* NMEA UTC (Time) = Sep 21 2021  05:37:15
* NMEA baud rate = 4800
# nquan = 28
# nvalues = 253                         
# units = specified
# name 0 = scan: Scan Count
# name 1 = timeS: Time, Elapsed [seconds]
# name 2 = depSM: Depth [salt water, m]
# name 3 = prDM: Pressure, Digiquartz [db]
# name 4 = t090C: Temperature [ITS-90, deg C]
# name 5 = t190C: Temperature, 2 [ITS-90, deg C]
# name 6 = c0S/m: Conductivity [S/m]
# name 7 = c1S/m: Conductivity, 2 [S/m]
# name 8 = sbeox0V: Oxygen raw, SBE 43 [V]
# name 9 = sbeox1V: Oxygen raw, SBE 43, 2 [V]
# name 10 = altM: Altimeter [m]
# name 11 = latitude: Latitude [deg]
# name 12 = longitude: Longitude [deg]
# name 13 = sbox0dV/dT: Oxygen, SBE 43 [dov/dt]
# name 14 = sbox1dV/dT: Oxygen, SBE 43, 2 [dov/dt]
# name 15 = sbeox0ML/L: Oxygen, SBE 43 [ml/l], WS = 5
# name 16 = sbeox1ML/L: Oxygen, SBE 43, 2 [ml/l], WS = 5
# name 17 = potemp090C: Potential Temperature [ITS-90, deg C]
# name 18 = potemp190C: Potential Temperature, 2 [ITS-90, deg C]
# name 19 = sal00: Salinity, Practical [PSU]
# name 20 = sal11: Salinity, Practical, 2 [PSU]
# name 21 = sigma-é00: Density [sigma-theta, kg/m^3]
# name 22 = sigma-é11: Density, 2 [sigma-theta, kg/m^3]
# name 23 = avgsvCM: Average Sound Velocity [Chen-Millero, m/s], minP = 20, minS = 20
# name 24 = sbox0Mm/Kg: Oxygen, SBE 43 [umol/kg], WS = 5
# name 25 = sbox1Mm/Kg: Oxygen, SBE 43, 2 [umol/kg], WS = 5
# name 26 = nbin: number of scans per bin
# name 27 = flag: flag
# span 0 =      24882,      61132       
# span 1 =   1036.708,   2547.143       
# span 2 =      2.980,    303.724       
# span 3 =      3.000,    306.000       
# span 4 =    11.2296,    29.0401       
# span 5 =    11.2291,    29.0399       
# span 6 =   3.977723,   5.815547       
# span 7 =   3.977603,   5.819740       
# span 8 =     1.6716,     3.2045       
# span 9 =     1.3713,     2.7274       
# span 10 =      12.42,     102.47      
# span 11 =   28.58614,   29.39776      
# span 12 =  -88.18850,  -85.75378      
# span 13 =   -0.00423,    0.01771      
# span 14 =   -0.00449,    0.01532      
# span 15 =     2.5499,     4.6145      
# span 16 =     2.5813,     4.6122      
# span 17 =    11.1910,    29.0391      
# span 18 =    11.1905,    29.0389      
# span 19 =    34.7576,    36.5931      
# span 20 =    34.7577,    36.5890      
# span 21 =    22.1010,    27.0348      
# span 22 =    22.1015,    27.0341      
# span 23 =    1512.18,    1555.11      
# span 24 =    110.882,    201.394      
# span 25 =    112.245,    201.299      
# span 26 =         30,         76      
# span 27 = 0.0000e+00, 0.0000e+00      
# interval = decibars: 1                
# start_time = Sep 21 2021 05:37:15 [NMEA time, header]
# bad_flag = -9.990e-29
*END*
[from data line 208]
      49834   2076.376     57.603     58.000    24.9711    24.9464   5.471425   5.469811     2.9977     2.5565     100.00   28.68922  -86.06306   -0.00035   -0.00100     4.4317     4.4531    24.9589    24.9338    36.2260    36.2358    24.2807    24.2958    1517.63    193.226    194.158         76 0.0000e+00
      49910   2079.539     56.610     57.000    25.0114    24.9829   5.474043   5.472649     2.9962     2.5540      99.85   28.68922  -86.06306   -0.00042   -0.00038     4.4250     4.4447    24.9987    24.9705    36.2149    36.2268    24.2602    24.2778    1517.63    192.938    193.795         69 0.0000e+00
      49973   2082.182     55.617     56.000    25.0723    25.0845   5.478838   5.479399     2.9915     2.5540      99.54   28.68922  -86.06306   -0.00139   -0.00058     4.4119     4.4381    25.0584    25.0724    36.1997    36.2004    24.2304    24.2283    1517.63    192.376    193.518         64 0.0000e+00
      50040   2084.949     54.624     55.000    25.1848    25.1797   5.487440   5.487524     2.9890     2.5484      90.93   28.68922  -86.06306   -0.00125   -0.00119     4.3968     4.4179    25.1728    25.1677    36.1775    36.1805    24.1785    24.1824    1517.63    191.726    192.647         64 0.0000e+00
      50100   2087.439     53.631     54.000    25.2122    25.2069   5.490367   5.490256     2.9854     2.5424      93.44   28.68922  -86.06306   -0.00131   -0.00276     4.3875     4.4027    25.2005    25.1950    36.1760    36.1794    24.1689    24.1731    1517.63    191.320    191.982         61 0.0000e+00
      50163   2090.096     52.638     53.000    25.2670    25.2586   5.495235   5.494254     2.9847     2.5429     100.14   28.68922  -86.06306   -0.00080   -0.00014     4.3810     4.3999    25.2554    25.2470    36.1680    36.1682    24.1460    24.1487    1517.63    191.041    191.867         61 0.0000e+00
      50218   2092.373     51.645     52.000    25.5111    25.5250   5.514735   5.515045     2.9929     2.5467      77.86   28.68922  -86.06306    0.00224    0.00024     4.3810     4.3931    25.4997    25.5136    36.1343    36.1229    24.0452    24.0301    1517.63    191.062    191.590         52 0.0000e+00
      50276   2094.781     50.652     51.000    25.7542    25.6845   5.538956   5.532188     3.0129     2.5690      99.90   28.68922  -86.06306    0.00650    0.00767     4.3976     4.4239    25.7428    25.6732    36.1051    36.1120    23.9476    23.9751    1517.63    191.802    192.946         63 0.0000e+00
      50333   2097.174     49.659     50.000    25.8979    25.9062   5.554774   5.554482     3.0281     2.5784      78.24   28.68922  -86.06306    0.00807    0.00455     4.4144     4.4262    25.8868    25.8951    36.1077    36.0991    23.9048    23.8956    1517.63    192.542    193.063         51 0.0000e+00
      50386   2099.391     48.666     49.000    26.1393    26.1331   5.577060   5.575745     3.0344     2.5843      87.44   28.68922  -86.06306    0.00371    0.00402     4.4072     4.4221    26.1283    26.1221    36.0808    36.0760    23.8087    23.8071    1517.63    192.250    192.899         58 0.0000e+00
      50445   2101.829     47.673     48.000    26.2527    26.2345   5.587724   5.584844     3.0354     2.5824     100.20   28.68922  -86.06306    0.00181   -0.00016     4.3999     4.4101    26.2419    26.2237    36.0696    36.0700    23.7646    23.7706    1517.63    191.940    192.384         55 0.0000e+00
      50497   2104.011     46.680     47.000    26.4007    26.3757   5.603598   5.600197     3.0360     2.5844     100.00   28.68922  -86.06306   -0.00089    0.00003     4.3895     4.4035    26.3900    26.3651    36.0693    36.0643    23.7176    23.7217    1517.63    191.494    192.104         52 0.0000e+00
      50551   2106.260     45.687     46.000    26.5550    26.5494   5.620757   5.617860     3.0535     2.6023     100.00   28.68922  -86.06306    0.00482    0.00448     4.4092     4.4277    26.5445    26.5390    36.0731    36.0566    23.6716    23.6609    1517.63    192.360    193.172         55 0.0000e+00
      50605   2108.507     44.693     45.000    26.7456    26.7241   5.639379   5.636593     3.0881     2.6322     100.00   28.68922  -86.06306    0.01195    0.01195     4.4589     4.4766    26.7353    26.7138    36.0592    36.0559    23.6004    23.6048    1517.63    194.543    195.314         48 0.0000e+00
      50677   2111.504     43.700     44.000    26.9134    26.9355   5.657095   5.658892     3.1235     2.6584      97.70   28.68922  -86.06306    0.01259    0.01080     4.5113     4.5155    26.9032    26.9253    36.0546    36.0522    23.5433    23.5344    1517.63    196.841    197.025         46 0.0000e+00
      50764   2115.114     42.707     43.000    27.1257    27.0104   5.676322   5.663722     3.1593     2.6903      92.78   28.68922  -86.06306    0.00959    0.00781     4.5584     4.5715    27.1157    27.0005    36.0262    36.0254    23.4537    23.4902    1517.63    198.913    199.478         56 0.0000e+00
      50873   2119.659     41.714     42.000    27.5137    27.5371   5.709333   5.710099     3.2045     2.7274      98.52   28.68922  -86.06306    0.00681    0.00680     4.6145     4.6122    27.5039    27.5273    35.9654    35.9529    23.2825    23.2654    1517.63    201.394    201.299         31 0.0000e+00
      52772   2198.792     38.735     39.000    28.6626    28.7106   5.815547   5.819740     3.1776     2.7035      73.18   28.68523  -86.05106   -0.00103   -0.00119     4.4747     4.4770    28.6533    28.7012    35.8362    35.8289    22.8072    22.7857    1517.42    195.384    195.486         64 0.0000e+00
      52854   2202.219     37.742     38.000    28.6661    28.7066   5.810385   5.814513     3.1784     2.7027     101.42   28.68922  -86.06302   -0.00006    0.00035     4.4764     4.4765    28.6569    28.6974    35.7990    35.8086    22.7787    22.7724    1517.63    195.464    195.468         60 0.0000e+00
      52910   2204.558     36.749     37.000    28.7185    28.7070   5.805318   5.804366     3.1762     2.6983     100.00   28.68922  -86.06302   -0.00034   -0.00206     4.4693     4.4686    28.7097    28.6982    35.7319    35.7400    22.7107    22.7206    1517.63    195.166    195.135         61 0.0000e+00
      52973   2207.183     35.756     36.000    28.7520    28.7558   5.808749   5.809485     3.1741     2.6969     100.00   28.68922  -86.06302   -0.00093   -0.00028     4.4630     4.4615    28.7433    28.7471    35.7242    35.7267    22.6937    22.6943    1517.63    194.893    194.830         59 0.0000e+00
      53030   2209.526     34.763     35.000    28.7843    28.7693   5.809764   5.809280     3.1718     2.6957      91.26   28.68922  -86.06302   -0.00129   -0.00112     4.4558     4.4579    28.7759    28.7609    35.7078    35.7157    22.6705    22.6814    1517.63    194.584    194.674         57 0.0000e+00
      53089   2212.007     33.769     34.000    28.8113    28.8089   5.808240   5.808132     3.1694     2.6955     100.10   28.68922  -86.06302   -0.00041    0.00082     4.4494     4.4551    28.8027    28.8007    35.6776    35.6784    22.6389    22.6403    1517.63    194.309    194.557         60 0.0000e+00
      53146   2214.383     32.776     33.000    28.8355    28.8261   5.805256   5.804044     3.1598     2.6858     100.00   28.68922  -86.06302   -0.00314   -0.00322     4.4296     4.4346    28.8326    28.8182    35.6350    35.6374    22.5969    22.6035    1517.63    193.456    193.671         54 0.0000e+00
      53200   2216.609     31.783     32.000    28.8860    28.8593   5.804669   5.804338     3.1526     2.6761      74.93   28.68922  -86.06302   -0.00355   -0.00437     4.4152     4.4123    28.8782    28.8516    35.5988    35.6151    22.5545    22.5756    1517.63    192.831    192.703         54 0.0000e+00
      53252   2218.798     30.790     31.000    28.8981    28.8892   5.801252   5.802992     3.1443     2.6731      99.84   28.68922  -86.06302   -0.00394   -0.00248     4.3984     4.4048    28.8906    28.8817    35.5649    35.5835    22.5249    22.5419    1517.63    192.104    192.379         52 0.0000e+00
      53304   2220.955     29.797     30.000    28.8977    28.8995   5.799333   5.800209     3.1423     2.6700     100.00   28.68922  -86.06302   -0.00198   -0.00141     4.3946     4.3978    28.8905    28.8922    35.5522    35.5579    22.5154    22.5191    1517.63    191.942    192.082         50 0.0000e+00
      53356   2223.108     28.804     29.000    28.8979    28.8993   5.795815   5.797416     3.1406     2.6684     100.00   28.68922  -86.06302   -0.00064   -0.00163     4.3916     4.3946    28.8909    28.8923    35.5280    35.5381    22.4971    22.5042    1517.63    191.816    191.944         53 0.0000e+00
      53408   2225.291     27.810     28.000    28.8975    28.8983   5.793526   5.792644     3.1400     2.6670     100.00   28.68922  -86.06302   -0.00083    0.00013     4.3903     4.3921    28.8907    28.8916    35.5128    35.5065    22.4857    22.4807    1517.63    191.758    191.839         50 0.0000e+00
      53458   2227.396     26.817     27.000    28.8971    28.8976   5.787135   5.788545     3.1407     2.6689      98.73   28.68922  -86.06302    0.00024   -0.00027     4.3923     4.3962    28.8906    28.8911    35.4692    35.4786    22.4530    22.4599    1517.63    191.851    192.022         54 0.0000e+00
      53514   2229.715     25.824     26.000    28.8955    28.8985   5.781347   5.784412     3.1391     2.6668      99.93   28.68922  -86.06302   -0.00025    0.00044     4.3899     4.3921    28.8892    28.8922    35.4307    35.4496    22.4245    22.4378    1517.63    191.754    191.846         53 0.0000e+00
      53563   2231.742     24.831     25.000    28.8882    28.8925   5.777238   5.780386     3.1374     2.6665     100.00   28.68922  -86.06302   -0.00088   -0.00062     4.3874     4.3919    28.8822    28.8865    35.4080    35.4265    22.4098    22.4223    1517.63    191.645    191.843         47 0.0000e+00
      54448   2268.612     19.865     20.000    28.7131    28.7128   5.724600   5.724643     3.1197     2.6544      95.69   28.58614  -85.75378   -0.00043    0.00015     4.3669     4.3778    28.7083    28.7080    35.1146    35.1151    22.2279    22.2284    1512.18    190.772    191.246         46 0.0000e+00
      55778   2324.029     18.872     19.000    28.8073    28.8089   5.741660   5.742084     3.1327     2.6643      99.86   28.68922  -86.06298    0.00049    0.00025     4.3865     4.3952    28.8027    28.8043    35.2237    35.2255    22.2979    22.2987    1517.63    191.628    192.008         49 0.0000e+00
      55897   2328.999     17.879     18.000    28.7964    28.8020   5.739539   5.740082     3.1312     2.6603      99.99   28.68922  -86.06298   -0.00063   -0.00093     4.3840     4.3874    28.7920    28.7977    35.2170    35.2170    22.2964    22.2946    1517.63    191.520    191.668         55 0.0000e+00
      55984   2332.622     16.885     17.000    28.7132    28.7694   5.715707   5.730544     3.1322     2.6590      91.38   28.68922  -86.06298    0.00004   -0.00072     4.3943     4.3877    28.7096    28.7653    35.1138    35.1757    22.2463    22.2743    1517.63    191.980    191.685         76 0.0000e+00
      56066   2336.022     15.892     16.000    28.6498    28.7092   5.696108   5.712038     3.1300     2.6626      91.92   28.68921  -86.06297   -0.00035    0.00116     4.3970     4.4007    28.6459    28.7054    35.0255    35.0920    22.2011    22.2314    1517.63    192.105    192.261         58 0.0000e+00
      56151   2339.602     14.899     15.000    28.5926    28.6385   5.683860   5.693337     3.1261     2.6575      99.70   28.68921  -86.06297   -0.00102   -0.00169     4.3951     4.3965    28.5914    28.6349    34.9813    35.0149    22.1860    22.1968    1517.63    192.026    192.083         65 0.0000e+00
      56235   2343.089     13.906     14.000    28.5746    28.5634   5.678201   5.672992     3.1249     2.6592     100.00   28.68921  -86.06297   -0.00053   -0.00005     4.3941     4.4078    28.5714    28.5601    34.9572    34.9299    22.1745    22.1580    1517.63    191.985    192.586         41 0.0000e+00
      56315   2346.432     12.912     13.000    28.4524    28.4806   5.647969   5.655473     3.1228     2.6578     100.00   28.68921  -86.06297   -0.00043    0.00056     4.4019     4.4112    28.4488    28.4775    34.8428    34.8676    22.1291    22.1382    1517.63    192.331    192.739         65 0.0000e+00
      56401   2349.998     11.919     12.000    28.4142    28.4058   5.640546   5.637947     3.1205     2.6554     100.00   28.68921  -86.06297   -0.00054   -0.00015     4.4006     4.4134    28.4113    28.4030    34.8145    34.8023    22.1202    22.1137    1517.63    192.276    192.838         58 0.0000e+00
      56483   2353.426     10.926     11.000    28.3887    28.3991   5.634309   5.635041     3.1199     2.6508      91.20   28.68921  -86.06297   -0.00027   -0.00138     4.4008     4.4046    28.3860    28.3965    34.7906    34.7898    22.1106    22.1065    1517.63    192.286    192.455         58 0.0000e+00
      56563   2356.752      9.933     10.000    28.3704    28.3642   5.630373   5.629024     3.1206     2.6516      98.50   28.68921  -86.06297    0.00062    0.00025     4.4046     4.4084    28.3681    28.3618    34.7763    34.7714    22.1057    22.1041    1517.63    192.455    192.620         63 0.0000e+00
      61132   2547.143      3.973      4.000    29.0401    29.0399   5.763062   5.763073     3.1943     2.7133     102.47   29.39776  -88.18850    0.00042   -0.00072     4.5067     4.5084    29.0391    29.0389    35.6155    35.6158    22.6466    22.6469    1555.11    196.915    196.992         48 0.0000e+00
      59760   2489.976      2.980      3.000    28.3402    28.3390   5.624197   5.624075     3.1169     2.6492      64.14   28.68920  -86.06294    0.00020   -0.00065     4.3969     4.4020    28.3395    28.3383    34.7576    34.7577    22.1010    22.1015    1517.63    192.120    192.343         51 0.0000e+00
