GOMECC/GOMECC-4/1db/urb2103_0841.cnv
* Sea-Bird SBE 9 Data File:
* FileName = C:\Users\scs.user.rb\CTD\GOMECC4\data\rb2103_0841.hex
* Software Version Seasave V 7.26.7.107
* Temperature SN = 4799
* Conductivity SN = 3860
* Number of Bytes Per Scan = 41
* Number of Voltage Words = 4
* Number of Scans Averaged by the Deck Unit = 1
* NMEA Latitude = 20 43.74 N
* NMEA Longitude = 094 44.99 W
* NMEA UTC (Time) = Oct 07 2021  16:02:53
* NMEA baud rate = 4800
# nquan = 28
# nvalues = 418                         
# units = specified
# name 0 = scan: Scan Count
# name 1 = timeS: Time, Elapsed [seconds]
# name 2 = depSM: Depth [salt water, m]
# name 3 = prDM: Pressure, Digiquartz [db]
# name 4 = t090C: Temperature [ITS-90, deg C]
# name 5 = t190C: Temperature, 2 [ITS-90, deg C]
# name 6 = c0S/m: Conductivity [S/m]
# name 7 = c1S/m: Conductivity, 2 [S/m]
# name 8 = sbeox0V: Oxygen raw, SBE 43 [V]
# name 9 = sbeox1V: Oxygen raw, SBE 43, 2 [V]
# name 10 = altM: Altimeter [m]
# name 11 = latitude: Latitude [deg]
# name 12 = longitude: Longitude [deg]
# name 13 = sbox0dV/dT: Oxygen, SBE 43 [dov/dt]
# name 14 = sbox1dV/dT: Oxygen, SBE 43, 2 [dov/dt]
# name 15 = sbeox0ML/L: Oxygen, SBE 43 [ml/l], WS = 5
# name 16 = sbeox1ML/L: Oxygen, SBE 43, 2 [ml/l], WS = 5
# name 17 = potemp090C: Potential Temperature [ITS-90, deg C]
# name 18 = potemp190C: Potential Temperature, 2 [ITS-90, deg C]
# name 19 = sal00: Salinity, Practical [PSU]
# name 20 = sal11: Salinity, Practical, 2 [PSU]
# name 21 = sigma-é00: Density [sigma-theta, kg/m^3]
# name 22 = sigma-é11: Density, 2 [sigma-theta, kg/m^3]
# name 23 = avgsvCM: Average Sound Velocity [Chen-Millero, m/s], minP = 20, minS = 20
# name 24 = sbox0Mm/Kg: Oxygen, SBE 43 [umol/kg], WS = 5
# name 25 = sbox1Mm/Kg: Oxygen, SBE 43, 2 [umol/kg], WS = 5
# name 26 = nbin: number of scans per bin
# name 27 = flag: flag
# span 0 =     104646,     245304       
# span 1 =   4360.192,  10220.976       
# span 2 =      0.994,   3190.645       
# span 3 =      1.000,   3235.000       
# span 4 =     4.2654,    30.1133       
# span 5 =     4.2664,    30.1149       
# span 6 =   3.340785,   6.114497       
# span 7 =   3.340734,   6.114687       
# span 8 =     1.5650,     3.3146       
# span 9 =     1.2677,     2.8205       
# span 10 =      11.23,     103.12      
# span 11 =   20.62452,   21.14600      
# span 12 =  -96.65973,  -94.27599      
# span 13 =   -0.01188,    0.02163      
# span 14 =   -0.00824,    0.02317      
# span 15 =     2.3814,     4.9554      
# span 16 =     2.3934,     4.9520      
# span 17 =     4.0774,    30.1123      
# span 18 =     4.0783,    30.1139      
# span 19 =    34.9119,    37.1664      
# span 20 =    34.9099,    37.1667      
# span 21 =    22.8780,    27.7596      
# span 22 =    22.8775,    27.7583      
# span 23 =    1494.33,    1532.11      
# span 24 =    103.553,    216.108      
# span 25 =    104.078,    215.944      
# span 26 =         30,         71      
# span 27 = 0.0000e+00, 0.0000e+00      
# interval = decibars: 1                
# start_time = Oct 07 2021 16:02:53 [NMEA time, header]
# bad_flag = -9.990e-29
*END*
[from data line 156]
     166525   6938.488   1484.440   1499.000     4.2861     4.2873   3.344331   3.344298     1.9429     1.6174      99.94   20.72852  -94.75092    0.00006    0.00005     4.5953     4.6082     4.1627     4.1639    34.9688    34.9672    27.7442    27.7428    1501.86    199.688    200.247         31 0.0000e+00
     166678   6944.873   1483.453   1498.000     4.2861     4.2873   3.344302   3.344258     1.9432     1.6175     100.00   20.72852  -94.75092    0.00004    0.00005     4.5960     4.6079     4.1629     4.1641    34.9689    34.9671    27.7443    27.7427    1501.86    199.715    200.234         39 0.0000e+00
     166725   6946.838   1482.466   1497.000     4.2863     4.2874   3.344266   3.344225     1.9433     1.6173     100.00   20.72852  -94.75092    0.00009   -0.00006     4.5959     4.6066     4.1631     4.1642    34.9688    34.9672    27.7442    27.7428    1501.86    199.712    200.179         31 0.0000e+00
     166763   6948.426   1481.480   1496.000     4.2864     4.2875   3.344242   3.344195     1.9434     1.6172     100.00   20.72852  -94.75092    0.00016   -0.00006     4.5957     4.6054     4.1633     4.1644    34.9689    34.9672    27.7442    27.7427    1501.86    199.705    200.127         48 0.0000e+00
     166807   6950.229   1480.493   1495.000     4.2866     4.2877   3.344207   3.344166     1.9437     1.6169     100.00   20.72852  -94.75092    0.00010   -0.00013     4.5961     4.6038     4.1636     4.1647    34.9688    34.9671    27.7441    27.7426    1501.86    199.719    200.054         31 0.0000e+00
     166889   6953.666   1477.532   1492.000     4.2869     4.2881   3.344152   3.344109     1.9440     1.6178     100.00   20.72877  -94.75205    0.00009    0.00020     4.5954     4.6054     4.1642     4.1654    34.9693    34.9676    27.7444    27.7429    1501.88    199.692    200.124         31 0.0000e+00
     167200   6966.604   1465.691   1480.000     4.2878     4.2890   3.343718   3.343667     1.9453     1.6196     100.00   20.72871  -94.75177    0.00007    0.00016     4.5928     4.6056     4.1662     4.1674    34.9691    34.9673    27.7441    27.7425    1501.87    199.577    200.135         31 0.0000e+00
     167328   6971.951   1460.756   1475.000     4.2886     4.2898   3.343582   3.343531     1.9455     1.6204     100.00   20.72876  -94.75195    0.00003    0.00002     4.5908     4.6058     4.1675     4.1687    34.9691    34.9673    27.7439    27.7423    1501.88    199.489    200.141         33 0.0000e+00
     167485   6978.482   1454.834   1469.000     4.2902     4.2913   3.343440   3.343392     1.9466     1.6206     100.00   20.72867  -94.75150    0.00019   -0.00002     4.5909     4.6028     4.1696     4.1707    34.9687    34.9670    27.7434    27.7419    1501.87    199.496    200.013         30 0.0000e+00
     167638   6984.877   1448.913   1463.000     4.2906     4.2917   3.343240   3.343181     1.9467     1.6209     100.00   20.72873  -94.75180    0.00001    0.00012     4.5878     4.6002     4.1705     4.1717    34.9689    34.9671    27.7434    27.7418    1501.87    199.359    199.898         30 0.0000e+00
     167668   6986.129   1447.926   1462.000     4.2908     4.2921   3.343179   3.343136     1.9470     1.6211     100.00   20.72854  -94.75092    0.00001    0.00010     4.5883     4.6004     4.1708     4.1721    34.9685    34.9666    27.7431    27.7414    1501.86    199.380    199.907         32 0.0000e+00
     167795   6991.410   1442.991   1457.000     4.2918     4.2930   3.343071   3.343014     1.9476     1.6214     100.00   20.72858  -94.75111    0.00009    0.00005     4.5873     4.5987     4.1723     4.1735    34.9686    34.9667    27.7430    27.7413    1501.86    199.338    199.832         30 0.0000e+00
     168030   7001.211   1434.108   1448.000     4.2947     4.2957   3.342916   3.342858     1.9486     1.6225     100.00   20.72849  -94.75065    0.00018    0.00016     4.5853     4.5973     4.1760     4.1770    34.9681    34.9664    27.7422    27.7407    1501.86    199.251    199.773         30 0.0000e+00
     168472   7019.616   1417.329   1431.000     4.2985     4.2996   3.342565   3.342501     1.9498     1.6229     100.00   20.72870  -94.75162    0.00019    0.00003     4.5794     4.5883     4.1814     4.1824    34.9683    34.9665    27.7418    27.7403    1501.87    198.994    199.381         32 0.0000e+00
     168600   7024.977   1412.393   1426.000     4.2993     4.3004   3.342335   3.342288     1.9501     1.6239     100.00   20.72823  -94.74946    0.00006    0.00021     4.5772     4.5892     4.1825     4.1837    34.9673    34.9656    27.7409    27.7394    1501.84    198.901    199.421         31 0.0000e+00
     168705   7029.350   1408.445   1422.000     4.2999     4.3011   3.342281   3.342235     1.9505     1.6240     100.00   20.72859  -94.75113    0.00009    0.00005     4.5763     4.5871     4.1836     4.1848    34.9680    34.9662    27.7413    27.7397    1501.86    198.860    199.331         31 0.0000e+00
     168811   7033.736   1404.496   1418.000     4.3017     4.3027   3.342290   3.342232     1.9508     1.6243     100.00   20.72880  -94.75211    0.00007    0.00006     4.5748     4.5858     4.1857     4.1867    34.9682    34.9665    27.7413    27.7398    1501.88    198.794    199.274         30 0.0000e+00
     168937   7039.017   1399.560   1413.000     4.3028     4.3038   3.342074   3.342016     1.9510     1.6251     100.00   20.72816  -94.74917    0.00002    0.00027     4.5725     4.5861     4.1872     4.1882    34.9669    34.9652    27.7401    27.7386    1501.83    198.697    199.286         32 0.0000e+00
     169253   7052.150   1387.714   1401.000     4.3055     4.3068   3.341884   3.341843     1.9522     1.6254      87.89   20.72867  -94.75149    0.00015   -0.00019     4.5693     4.5794     4.1910     4.1923    34.9678    34.9659    27.7403    27.7387    1501.87    198.558    198.997         30 0.0000e+00
     169564   7065.124   1375.867   1389.000     4.3097     4.3108   3.341677   3.341622     1.9525     1.6264     100.00   20.72837  -94.75003   -0.00004   -0.00001     4.5629     4.5759     4.1963     4.1974    34.9668    34.9650    27.7390    27.7375    1501.85    198.279    198.845         30 0.0000e+00
     170165   7090.155   1353.158   1366.000     4.3176     4.3188   3.341438   3.341381     1.9537     1.6272     100.00   20.72871  -94.75156   -0.00003   -0.00005     4.5525     4.5645     4.2062     4.2074    34.9671    34.9652    27.7382    27.7365    1501.87    197.828    198.351         30 0.0000e+00
     170499   7104.076   1340.322   1353.000     4.3230     4.3241   3.341347   3.341293     1.9545     1.6285     100.00   20.72872  -94.75162   -0.00001    0.00020     4.5472     4.5614     4.2127     4.2138    34.9668    34.9649    27.7372    27.7357    1501.87    197.600    198.215         30 0.0000e+00
     170830   7117.868   1327.484   1340.000     4.3261     4.3273   3.340988   3.340929     1.9548     1.6286     100.00   20.72816  -94.74912    0.00001    0.00002     4.5404     4.5536     4.2170     4.2181    34.9656    34.9638    27.7358    27.7342    1501.83    197.302    197.875         31 0.0000e+00
     171064   7127.636   1318.596   1331.000     4.3299     4.3309   3.340987   3.340929     1.9558     1.6289      93.41   20.72865  -94.75130    0.00007   -0.00001     4.5382     4.5489     4.2216     4.2226    34.9661    34.9643    27.7357    27.7342    1501.87    197.208    197.670         30 0.0000e+00
     171551   7147.923   1299.832   1312.000     4.3374     4.3385   3.340785   3.340734     1.9568     1.6310     100.00   20.72840  -94.75014    0.00009    0.00025     4.5297     4.5451     4.2307     4.2318    34.9653    34.9635    27.7341    27.7326    1501.85    196.835    197.509         30 0.0000e+00
     171912   7162.952   1286.005   1298.000     4.3443     4.3455   3.340838   3.340791     1.9572     1.6301      97.39   20.72870  -94.75162    0.00000   -0.00011     4.5222     4.5325     4.2389     4.2400    34.9655    34.9637    27.7334    27.7319    1501.87    196.510    196.961         30 0.0000e+00
     172346   7181.047   1269.213   1281.000     4.3542     4.3552   3.340880   3.340834     1.9568     1.6305     100.00   20.72825  -94.74957   -0.00011   -0.00015     4.5096     4.5230     4.2502     4.2512    34.9641    34.9625    27.7310    27.7297    1501.84    195.965    196.549         30 0.0000e+00
     172474   7186.387   1264.274   1276.000     4.3567     4.3580   3.340898   3.340874     1.9572     1.6308     100.00   20.72840  -94.75022    0.00008    0.00020     4.5075     4.5209     4.2531     4.2544    34.9642    34.9624    27.7308    27.7293    1501.85    195.875    196.454         30 0.0000e+00
     173222   7217.557   1235.626   1247.000     4.3878     4.3891   3.342393   3.342351     1.9540     1.6276     100.00   20.72876  -94.75188    0.00003   -0.00009     4.4752     4.4872     4.2865     4.2879    34.9634    34.9614    27.7265    27.7249    1501.88    194.470    194.993         30 0.0000e+00
     173987   7249.415   1205.985   1217.000     4.3995     4.4006   3.342018   3.341963     1.9547     1.6288     100.00   20.72806  -94.74863    0.00007    0.00005     4.4588     4.4731     4.3008     4.3020    34.9615    34.9597    27.7235    27.7219    1501.83    193.760    194.378         31 0.0000e+00
     174312   7262.947   1196.104   1207.000     4.4082     4.4082   3.342504   3.342375     1.9541     1.6285     100.00   20.72932  -94.75442   -0.00021   -0.00012     4.4497     4.4651     4.3103     4.3104    34.9631    34.9615    27.7238    27.7225    1501.92    193.363    194.033         42 0.0000e+00
     174382   7265.875   1195.116   1206.000     4.4074     4.4071   3.342286   3.342120     1.9536     1.6283     100.00   20.72854  -94.75084   -0.00005   -0.00009     4.4476     4.4639     4.3097     4.3094    34.9618    34.9602    27.7228    27.7215    1501.86    193.274    193.980         45 0.0000e+00
     174464   7269.297   1194.128   1205.000     4.4066     4.4075   3.342180   3.342108     1.9540     1.6282     100.00   20.72854  -94.75084    0.00008    0.00005     4.4486     4.4632     4.3090     4.3099    34.9619    34.9601    27.7230    27.7214    1501.86    193.314    193.949         47 0.0000e+00
     174555   7273.064   1193.140   1204.000     4.4074     4.4084   3.342187   3.342139     1.9545     1.6286     100.00   20.72854  -94.75084    0.00009    0.00009     4.4494     4.4640     4.3098     4.3108    34.9617    34.9601    27.7227    27.7213    1501.86    193.351    193.984         42 0.0000e+00
     174625   7276.012   1192.151   1203.000     4.4092     4.4103   3.342311   3.342258     1.9547     1.6288     100.00   20.72854  -94.75084    0.00008    0.00021     4.4494     4.4637     4.3117     4.3128    34.9617    34.9599    27.7225    27.7210    1501.86    193.349    193.972         35 0.0000e+00
     174717   7279.825   1191.163   1202.000     4.4096     4.4116   3.342306   3.342329     1.9542     1.6287     100.00   20.72854  -94.75084   -0.00010   -0.00001     4.4472     4.4627     4.3122     4.3142    34.9618    34.9599    27.7225    27.7208    1501.86    193.255    193.928         58 0.0000e+00
     174805   7283.516   1190.175   1201.000     4.4111     4.4126   3.342402   3.342371     1.9542     1.6283     100.00   20.72854  -94.75084   -0.00002   -0.00009     4.4463     4.4606     4.3138     4.3153    34.9618    34.9599    27.7224    27.7207    1501.86    193.217    193.838         45 0.0000e+00
     175452   7310.467   1189.187   1200.000     4.4129     4.4142   3.342511   3.342479     1.9538     1.6285      99.03   20.72854  -94.75083   -0.00000   -0.00000     4.4441     4.4603     4.3157     4.3169    34.9616    34.9600    27.7220    27.7206    1501.86    193.121    193.822         48 0.0000e+00
     176156   7339.804   1187.210   1198.000     4.4139     4.4147   3.342258   3.342180     1.9535     1.6286      99.99   20.72675  -94.74265    0.00000   -0.00000     4.4420     4.4599     4.3169     4.3176    34.9585    34.9568    27.7194    27.7179    1501.73    193.027    193.808         46 0.0000e+00
     176240   7343.312   1186.223   1197.000     4.4140     4.4164   3.342475   3.342529     1.9537     1.6288     100.00   20.72854  -94.75082    0.00004    0.00001     4.4419     4.4595     4.3170     4.3194    34.9616    34.9597    27.7218    27.7201    1501.86    193.022    193.789         38 0.0000e+00
     176316   7346.438   1185.234   1196.000     4.4156     4.4171   3.342562   3.342545     1.9538     1.6288     100.00   20.72854  -94.75082    0.00005   -0.00002     4.4412     4.4589     4.3187     4.3202    34.9614    34.9596    27.7215    27.7199    1501.86    192.996    193.765         39 0.0000e+00
     176381   7349.148   1184.246   1195.000     4.4182     4.4191   3.342736   3.342675     1.9538     1.6284     100.00   20.72854  -94.75082    0.00001   -0.00008     4.4404     4.4566     4.3213     4.3222    34.9612    34.9596    27.7211    27.7197    1501.86    192.960    193.663         43 0.0000e+00
     176451   7352.070   1183.258   1194.000     4.4186     4.4196   3.342728   3.342681     1.9538     1.6284     100.00   20.72856  -94.75082   -0.00004   -0.00009     4.4398     4.4557     4.3218     4.3228    34.9612    34.9596    27.7210    27.7196    1501.86    192.933    193.626         57 0.0000e+00
     176520   7354.947   1182.270   1193.000     4.4200     4.4220   3.342819   3.342831     1.9537     1.6283      93.54   20.72856  -94.75082   -0.00001    0.00007     4.4388     4.4547     4.3233     4.3252    34.9613    34.9594    27.7209    27.7192    1501.86    192.890    193.582         70 0.0000e+00
     176592   7357.957   1181.282   1192.000     4.4214     4.4231   3.342886   3.342874     1.9537     1.6282     100.47   20.72856  -94.75082   -0.00001   -0.00012     4.4379     4.4534     4.3248     4.3265    34.9611    34.9592    27.7206    27.7189    1501.86    192.850    193.523         62 0.0000e+00
     176636   7359.790   1180.293   1191.000     4.4210     4.4227   3.342824   3.342817     1.9537     1.6277      99.46   20.72856  -94.75082   -0.00002   -0.00008     4.4375     4.4512     4.3245     4.3262    34.9613    34.9595    27.7207    27.7191    1501.86    192.832    193.430         36 0.0000e+00
     176673   7361.348   1179.305   1190.000     4.4229     4.4242   3.342929   3.342896     1.9538     1.6277      94.42   20.72856  -94.75082    0.00004   -0.00020     4.4370     4.4504     4.3264     4.3277    34.9610    34.9593    27.7204    27.7188    1501.86    192.810    193.394         37 0.0000e+00
     176939   7372.417   1169.423   1180.000     4.4372     4.4388   3.343755   3.343731     1.9535     1.6273      97.80   20.72862  -94.75109   -0.00007   -0.00008     4.4284     4.4410     4.3416     4.3431    34.9606    34.9587    27.7184    27.7167    1501.86    192.437    192.986         30 0.0000e+00
     178113   7421.321   1121.981   1132.000     4.5135     4.5165   3.348233   3.348318     1.9433     1.6177      96.89   20.72841  -94.75013   -0.00014   -0.00001     4.3552     4.3672     4.4215     4.4244    34.9567    34.9547    27.7066    27.7046    1501.85    189.257    189.783         31 0.0000e+00
     180595   7524.753   1022.121   1031.000     4.7669     4.7676   3.365963   3.365883     1.9012     1.5788      99.79   20.72949  -94.75511   -0.00063   -0.00045     4.1208     4.1331     4.6818     4.6826    34.9480    34.9464    27.6707    27.6692    1501.93    179.082    179.614         31 0.0000e+00
     180654   7527.205   1021.132   1030.000     4.7659     4.7673   3.365693   3.365679     1.8998     1.5777      99.99   20.72856  -94.75088   -0.00053   -0.00041     4.1157     4.1285     4.6809     4.6824    34.9464    34.9448    27.6694    27.6680    1501.86    178.860    179.414         41 0.0000e+00
