GOMECC/GOMECC-4/1db/urb2103_0701.cnv
* Sea-Bird SBE 9 Data File:
* FileName = C:\Users\scs.user.rb\CTD\GOMECC4\data\rb2103_0701.hex
* Software Version Seasave V 7.26.7.107
* Temperature SN = 4799
* Conductivity SN = 3860
* Number of Bytes Per Scan = 41
* Number of Voltage Words = 4
* Number of Scans Averaged by the Deck Unit = 1
* NMEA Latitude = 26 03.47 N
* NMEA Longitude = 094 40.25 W
* NMEA UTC (Time) = Oct 03 2021  15:59:31
* NMEA baud rate = 4800
# nquan = 28
# nvalues = 485                         
# units = specified
# name 0 = scan: Scan Count
# name 1 = timeS: Time, Elapsed [seconds]
# name 2 = depSM: Depth [salt water, m]
# name 3 = prDM: Pressure, Digiquartz [db]
# name 4 = t090C: Temperature [ITS-90, deg C]
# name 5 = t190C: Temperature, 2 [ITS-90, deg C]
# name 6 = c0S/m: Conductivity [S/m]
# name 7 = c1S/m: Conductivity, 2 [S/m]
# name 8 = sbeox0V: Oxygen raw, SBE 43 [V]
# name 9 = sbeox1V: Oxygen raw, SBE 43, 2 [V]
# name 10 = altM: Altimeter [m]
# name 11 = latitude: Latitude [deg]
# name 12 = longitude: Longitude [deg]
# name 13 = sbox0dV/dT: Oxygen, SBE 43 [dov/dt]
# name 14 = sbox1dV/dT: Oxygen, SBE 43, 2 [dov/dt]
# name 15 = sbeox0ML/L: Oxygen, SBE 43 [ml/l], WS = 5
# name 16 = sbeox1ML/L: Oxygen, SBE 43, 2 [ml/l], WS = 5
# name 17 = potemp090C: Potential Temperature [ITS-90, deg C]
# name 18 = potemp190C: Potential Temperature, 2 [ITS-90, deg C]
# name 19 = sal00: Salinity, Practical [PSU]
# name 20 = sal11: Salinity, Practical, 2 [PSU]
# name 21 = sigma-é00: Density [sigma-theta, kg/m^3]
# name 22 = sigma-é11: Density, 2 [sigma-theta, kg/m^3]
# name 23 = avgsvCM: Average Sound Velocity [Chen-Millero, m/s], minP = 20, minS = 20
# name 24 = sbox0Mm/Kg: Oxygen, SBE 43 [umol/kg], WS = 5
# name 25 = sbox1Mm/Kg: Oxygen, SBE 43, 2 [umol/kg], WS = 5
# name 26 = nbin: number of scans per bin
# name 27 = flag: flag
# span 0 =      98266,     229637       
# span 1 =   4094.359,   9568.172       
# span 2 =      0.993,   3012.304       
# span 3 =      1.000,   3054.000       
# span 4 =     4.2991,    29.3184       
# span 5 =     4.2999,    29.3350       
# span 6 =   3.352996,   5.942188       
# span 7 =   3.352769,   5.942478       
# span 8 =     1.5712,     3.4070       
# span 9 =     1.2747,     2.9151       
# span 10 =      10.41,     104.60      
# span 11 =   25.89812,   26.10013      
# span 12 =  -94.80923,  -94.07409      
# span 13 =   -0.02173,    0.03216      
# span 14 =   -0.02089,    0.02971      
# span 15 =     2.3809,     5.0812      
# span 16 =     2.3978,     5.0778      
# span 17 =     4.0799,    29.3098      
# span 18 =     4.0810,    29.3265      
# span 19 =    34.9107,    36.6156      
# span 20 =    34.9099,    36.6062      
# span 21 =    22.5455,    27.7591      
# span 22 =    22.5805,    27.7577      
# span 23 =    1493.35,    1505.02      
# span 24 =    103.535,    221.626      
# span 25 =    104.268,    221.480      
# span 26 =         30,         74      
# span 27 = 0.0000e+00, 0.0000e+00      
# interval = decibars: 1                
# start_time = Oct 03 2021 15:59:31 [NMEA time, header]
# bad_flag = -9.990e-29
*END*
[from data line 208]
     150334   6263.896   1583.515   1600.000     4.3408     4.3409   3.353295   3.353225     1.9175     1.5957     100.00   26.06027  -94.66978   -0.00002   -0.00001     4.5524     4.5725     4.2073     4.2074    34.9671    34.9662    27.7381    27.7373    1502.79    197.824    198.699         58 0.0000e+00
     151181   6299.179   1579.571   1596.000     4.3410     4.3417   3.353141   3.353116     1.9182     1.5958      98.57   26.06009  -94.66912    0.00008    0.00000     4.5527     4.5705     4.2079     4.2086    34.9671    34.9660    27.7380    27.7371    1502.78    197.837    198.608         40 0.0000e+00
     151242   6301.714   1578.585   1595.000     4.3413     4.3419   3.353130   3.353089     1.9185     1.5961     100.11   26.06026  -94.66978    0.00009    0.00004     4.5530     4.5708     4.2083     4.2089    34.9671    34.9660    27.7380    27.7370    1502.79    197.848    198.623         31 0.0000e+00
     151322   6305.026   1575.627   1592.000     4.3443     4.3452   3.353375   3.353350     1.9187     1.5971     100.00   26.06106  -94.67267    0.00009    0.00033     4.5515     4.5729     4.2116     4.2125    34.9683    34.9670    27.7386    27.7375    1502.84    197.784    198.712         33 0.0000e+00
     151352   6306.282   1574.641   1591.000     4.3444     4.3452   3.353240   3.353210     1.9187     1.5970     100.00   26.06026  -94.66978    0.00002    0.00014     4.5510     4.5720     4.2118     4.2126    34.9670    34.9659    27.7375    27.7365    1502.79    197.764    198.674         34 0.0000e+00
     152630   6359.535   1525.335   1541.000     4.3689     4.3697   3.353240   3.353208     1.9204     1.5979      97.02   26.06015  -94.66936   -0.00035   -0.00028     4.5247     4.5428     4.2407     4.2415    34.9655    34.9644    27.7332    27.7322    1502.78    196.621    197.408         32 0.0000e+00
     153606   6400.227   1487.855   1503.000     4.3878     4.3887   3.353283   3.353268     1.9201     1.5979      73.29   26.06042  -94.67034    0.00013    0.00004     4.4992     4.5180     4.2630     4.2639    34.9647    34.9636    27.7302    27.7292    1502.80    195.512    196.328         32 0.0000e+00
     153730   6405.367   1482.923   1498.000     4.3901     4.3907   3.353306   3.353266     1.9205     1.5980     100.00   26.06067  -94.67118    0.00008    0.00004     4.4972     4.5152     4.2657     4.2663    34.9651    34.9640    27.7301    27.7293    1502.81    195.425    196.207         30 0.0000e+00
     153761   6406.652   1481.937   1497.000     4.3899     4.3906   3.353201   3.353161     1.9205     1.5980     100.00   26.06028  -94.66975    0.00007    0.00010     4.4968     4.5149     4.2656     4.2663    34.9645    34.9633    27.7297    27.7287    1502.79    195.408    196.194         34 0.0000e+00
     154042   6418.374   1471.085   1486.000     4.3946     4.3950   3.353124   3.353074     1.9214     1.5990     100.00   26.06019  -94.66942   -0.00006    0.00002     4.4930     4.5118     4.2713     4.2717    34.9640    34.9630    27.7287    27.7279    1502.78    195.245    196.059         30 0.0000e+00
     154373   6432.173   1458.261   1473.000     4.4005     4.4010   3.353066   3.353024     1.9212     1.5992     100.00   26.06005  -94.66891    0.00004    0.00017     4.4842     4.5044     4.2783     4.2789    34.9635    34.9625    27.7275    27.7266    1502.78    194.863    195.740         32 0.0000e+00
     154911   6454.587   1437.542   1452.000     4.4132     4.4139   3.353289   3.353264     1.9211     1.5988     100.00   26.06025  -94.66947    0.00004    0.00003     4.4698     4.4889     4.2928     4.2936    34.9631    34.9620    27.7256    27.7247    1502.79    194.235    195.066         30 0.0000e+00
     155425   6476.007   1417.809   1432.000     4.4212     4.4221   3.353147   3.353128     1.9221     1.5996     100.00   26.06028  -94.66952 -3.561e-08   -0.00000     4.4610     4.4793     4.3026     4.3035    34.9628    34.9616    27.7243    27.7233    1502.79    193.854    194.650         30 0.0000e+00
     155809   6491.995   1403.007   1417.000     4.4291     4.4294   3.353183   3.353129     1.9216     1.6004      98.15   26.06033  -94.66965    0.00001    0.00011     4.4495     4.4729     4.3119     4.3122    34.9622    34.9613    27.7229    27.7221    1502.79    193.356    194.371         31 0.0000e+00
     156068   6502.809   1393.139   1407.000     4.4323     4.4333   3.353085   3.353071     1.9231     1.6008     100.00   26.06068  -94.67088    0.00016    0.00012     4.4488     4.4683     4.3160     4.3170    34.9626    34.9614    27.7228    27.7217    1502.81    193.325    194.170         32 0.0000e+00
     156100   6504.112   1392.152   1406.000     4.4325     4.4338   3.353011   3.353045     1.9232     1.6006      94.48   26.06036  -94.66972    0.00008    0.00001     4.4486     4.4668     4.3162     4.3175    34.9621    34.9611    27.7223    27.7213    1502.79    193.316    194.107         34 0.0000e+00
     156132   6505.451   1391.165   1405.000     4.4338     4.4344   3.353078   3.353030     1.9231     1.6005      94.88   26.06036  -94.66972    0.00004   -0.00011     4.4477     4.4657     4.3176     4.3182    34.9620    34.9608    27.7221    27.7211    1502.79    193.277    194.057         31 0.0000e+00
     156175   6507.255   1390.178   1404.000     4.4353     4.4357   3.353175   3.353118     1.9229     1.6006     100.03   26.06036  -94.66972   -0.00006   -0.00006     4.4459     4.4655     4.3192     4.3196    34.9620    34.9610    27.7219    27.7211    1502.79    193.200    194.049         39 0.0000e+00
     156253   6510.484   1389.192   1403.000     4.4338     4.4320   3.352996   3.352769     1.9224     1.6007      59.56   26.06036  -94.66972   -0.00021    0.00001     4.4437     4.4658     4.3178     4.3160    34.9620    34.9612    27.7220    27.7216    1502.79    193.104    194.061         39 0.0000e+00
     156322   6513.356   1388.205   1402.000     4.4342     4.4341   3.352997   3.352898     1.9224     1.6009      96.54   26.06036  -94.66972   -0.00009    0.00008     4.4432     4.4657     4.3183     4.3182    34.9620    34.9610    27.7220    27.7212    1502.79    193.082    194.057         46 0.0000e+00
     158188   6591.132   1386.230   1400.000     4.4433     4.4438   3.353490   3.353461     1.9201     1.5989      99.99   26.05860  -94.66319   -0.00000    0.00005     4.4326     4.4556     4.3274     4.3280    34.9592    34.9583    27.7188    27.7180    1502.69    192.620    193.619         38 0.0000e+00
     158304   6595.964   1385.244   1399.000     4.4437     4.4440   3.353691   3.353630     1.9206     1.5992      99.87   26.06040  -94.66972    0.00008    0.00007     4.4336     4.4558     4.3280     4.3283    34.9617    34.9606    27.7207    27.7198    1502.79    192.664    193.628         66 0.0000e+00
     158378   6599.045   1384.257   1398.000     4.4439     4.4447   3.353671   3.353640     1.9208     1.5991     100.00   26.06040  -94.66972    0.00006   -0.00005     4.4336     4.4549     4.3283     4.3290    34.9617    34.9605    27.7207    27.7197    1502.79    192.665    193.591         70 0.0000e+00
     158438   6601.541   1383.270   1397.000     4.4438     4.4450   3.353620   3.353634     1.9209     1.5995     100.00   26.06040  -94.66972    0.00004    0.00012     4.4334     4.4559     4.3283     4.3295    34.9617    34.9606    27.7207    27.7197    1502.79    192.654    193.631         51 0.0000e+00
     158489   6603.678   1382.283   1396.000     4.4449     4.4452   3.353663   3.353601     1.9210     1.5997     100.00   26.06040  -94.66972    0.00004    0.00015     4.4332     4.4559     4.3294     4.3297    34.9616    34.9605    27.7205    27.7196    1502.79    192.645    193.634         50 0.0000e+00
     158530   6605.388   1381.296   1395.000     4.4448     4.4454   3.353613   3.353579     1.9214     1.5997     100.00   26.06040  -94.66972    0.00014    0.00003     4.4342     4.4556     4.3294     4.3300    34.9616    34.9606    27.7205    27.7196    1502.79    192.691    193.620         35 0.0000e+00
     158563   6606.755   1380.309   1394.000     4.4454     4.4459   3.353625   3.353583     1.9214     1.6000     100.00   26.06040  -94.66972    0.00017    0.00006     4.4335     4.4559     4.3301     4.3306    34.9615    34.9606    27.7203    27.7195    1502.79    192.660    193.633         32 0.0000e+00
     158596   6608.138   1379.322   1393.000     4.4456     4.4462   3.353607   3.353565     1.9217     1.6005      85.36   26.06040  -94.66972    0.00008    0.00021     4.4338     4.4575     4.3304     4.3310    34.9617    34.9605    27.7204    27.7195    1502.79    192.675    193.701         34 0.0000e+00
     158630   6609.539   1378.335   1392.000     4.4459     4.4466   3.353589   3.353553     1.9218     1.6004      89.02   26.06040  -94.66972    0.00010    0.00024     4.4339     4.4565     4.3308     4.3315    34.9616    34.9604    27.7203    27.7193    1502.79    192.677    193.660         33 0.0000e+00
     159059   6627.398   1362.544   1376.000     4.4562     4.4570   3.353819   3.353799     1.9221     1.6003     100.00   26.06066  -94.67065    0.00004    0.00014     4.4242     4.4452     4.3424     4.3432    34.9614    34.9603    27.7189    27.7180    1502.80    192.255    193.169         31 0.0000e+00
     160288   6678.607   1316.150   1329.000     4.5066     4.5078   3.356130   3.356134     1.9173     1.5955     100.00   26.06035  -94.66943   -0.00003   -0.00002     4.3738     4.3931     4.3967     4.3979    34.9585    34.9573    27.7107    27.7096    1502.79    190.068    190.907         31 0.0000e+00
     160414   6683.880   1311.214   1324.000     4.5142     4.5148   3.356604   3.356568     1.9172     1.5951     100.00   26.06060  -94.67033   -0.00007    0.00000     4.3694     4.3878     4.4047     4.4053    34.9585    34.9575    27.7098    27.7090    1502.80    189.875    190.675         31 0.0000e+00
     160651   6693.754   1302.329   1315.000     4.5235     4.5244   3.357013   3.356997     1.9153     1.5935      96.46   26.06054  -94.67004   -0.00016   -0.00028     4.3563     4.3752     4.4148     4.4156    34.9580    34.9568    27.7083    27.7073    1502.80    189.306    190.128         30 0.0000e+00
     161116   6713.105   1284.557   1297.000     4.5454     4.5461   3.358069   3.358044     1.9133     1.5921     100.00   26.05996  -94.66792   -0.00034   -0.00005     4.3364     4.3571     4.4381     4.4387    34.9561    34.9552    27.7043    27.7034    1502.76    188.445    189.340         30 0.0000e+00
     161246   6718.546   1279.621   1292.000     4.5512     4.5522   3.358377   3.358364     1.9124     1.5910      97.94   26.06005  -94.66827   -0.00013   -0.00029     4.3294     4.3489     4.4443     4.4453    34.9561    34.9550    27.7035    27.7025    1502.77    188.141    188.988         30 0.0000e+00
     161560   6731.615   1267.772   1280.000     4.5794     4.5797   3.360421   3.360369     1.9108     1.5897     100.00   26.06115  -94.67218   -0.00011   -0.00028     4.3132     4.3337     4.4733     4.4736    34.9564    34.9555    27.7006    27.6998    1502.83    187.437    188.325         32 0.0000e+00
     161590   6732.881   1266.784   1279.000     4.5789     4.5786   3.360248   3.360146     1.9100     1.5885     100.00   26.06046  -94.66968   -0.00030   -0.00034     4.3104     4.3288     4.4729     4.4726    34.9555    34.9544    27.6999    27.6991    1502.79    187.312    188.113         34 0.0000e+00
     161768   6740.285   1259.872   1272.000     4.5968     4.5987   3.361465   3.361576     1.9070     1.5855     100.00   26.06027  -94.66900   -0.00041   -0.00047     4.2931     4.3105     4.4913     4.4932    34.9542    34.9535    27.6969    27.6961    1502.78    186.562    187.317         33 0.0000e+00
     162366   6765.226   1237.159   1249.000     4.6360     4.6373   3.363916   3.363961     1.8998     1.5797     100.00   26.06079  -94.67078   -0.00009   -0.00008     4.2497     4.2703     4.5322     4.5335    34.9531    34.9522    27.6914    27.6906    1502.81    184.677    185.573         30 0.0000e+00
     162545   6772.666   1230.246   1242.000     4.6513     4.6531   3.364941   3.364978     1.8990     1.5783      82.69   26.06040  -94.66936   -0.00006   -0.00013     4.2412     4.2594     4.5480     4.5498    34.9524    34.9509    27.6891    27.6877    1502.79    184.308    185.098         30 0.0000e+00
     162576   6773.957   1229.258   1241.000     4.6534     4.6551   3.365039   3.365098     1.8986     1.5776     100.28   26.06048  -94.66964   -0.00006   -0.00025     4.2391     4.2559     4.5502     4.5519    34.9518    34.9507    27.6884    27.6873    1502.79    184.216    184.947         30 0.0000e+00
     162990   6791.193   1213.456   1225.000     4.7100     4.7122   3.369283   3.369355     1.8903     1.5691      64.72   26.06036  -94.66913   -0.00060   -0.00066     4.1938     4.2071     4.6078     4.6100    34.9498    34.9483    27.6803    27.6789    1502.78    182.249    182.830         30 0.0000e+00
     163253   6802.148   1203.578   1215.000     4.7355     4.7379   3.371200   3.371260     1.8865     1.5663      85.00   26.06115  -94.67199   -0.00022   -0.00019     4.1717     4.1879     4.6339     4.6363    34.9504    34.9486    27.6779    27.6762    1502.83    181.289    181.995         30 0.0000e+00
     163279   6803.234   1202.590   1214.000     4.7358     4.7389   3.371054   3.371222     1.8857     1.5655      67.99   26.06050  -94.66964   -0.00027   -0.00034     4.1681     4.1843     4.6344     4.6374    34.9488    34.9473    27.6766    27.6751    1502.79    181.135    181.838         30 0.0000e+00
     163798   6824.855   1182.835   1194.000     4.7984     4.7990   3.375610   3.375576     1.8731     1.5543     100.00   26.06034  -94.66908   -0.00042   -0.00040     4.1052     4.1233     4.6982     4.6988    34.9460    34.9450    27.6672    27.6663    1502.78    178.403    179.189         32 0.0000e+00
     163925   6830.170   1177.896   1189.000     4.8055     4.8062   3.375964   3.375931     1.8719     1.5544     100.00   26.06006  -94.66796   -0.00024    0.00004     4.0976     4.1200     4.7057     4.7064    34.9452    34.9441    27.6657    27.6647    1502.76    178.071    179.045         31 0.0000e+00
     164111   6837.930   1170.980   1182.000     4.8203     4.8206   3.377017   3.376955     1.8712     1.5531     100.00   26.06065  -94.67009   -0.00017   -0.00035     4.0897     4.1099     4.7210     4.7213    34.9454    34.9444    27.6641    27.6633    1502.80    177.730    178.606         30 0.0000e+00
     164527   6855.252   1155.174   1166.000     4.8774     4.8797   3.381329   3.381425     1.8655     1.5461     100.00   26.06077  -94.67051   -0.00066   -0.00073     4.0544     4.0678     4.7791     4.7814    34.9436    34.9423    27.6560    27.6548    1502.80    176.198    176.779         30 0.0000e+00
     164556   6856.467   1154.185   1165.000     4.8801     4.8816   3.381448   3.381529     1.8641     1.5451     100.00   26.06052  -94.66962   -0.00075   -0.00085     4.0486     4.0632     4.7819     4.7834    34.9426    34.9420    27.6550    27.6543    1502.79    175.946    176.580         31 0.0000e+00
     164682   6861.697   1149.246   1160.000     4.8901     4.8908   3.382176   3.382147     1.8608     1.5424     100.00   26.06079  -94.67061   -0.00067   -0.00033     4.0332     4.0489     4.7922     4.7930    34.9431    34.9420    27.6542    27.6532    1502.81    175.276    175.957         31 0.0000e+00
