GOMECC/GOMECC-4/1db/urb2103_0511.cnv
* Sea-Bird SBE 9 Data File:
* FileName = C:\Users\scs.user.rb\CTD\GOMECC4\data\rb2103_0511.hex
* Software Version Seasave V 7.26.7.107
* Temperature SN = 4799
* Conductivity SN = 3860
* Number of Bytes Per Scan = 41
* Number of Voltage Words = 4
* Number of Scans Averaged by the Deck Unit = 1
* NMEA Latitude = 27 41.47 N
* NMEA Longitude = 094 13.19 W
* NMEA UTC (Time) = Sep 27 2021  19:13:13
* NMEA baud rate = 4800
# nquan = 28
# nvalues = 149                         
# units = specified
# name 0 = scan: Scan Count
# name 1 = timeS: Time, Elapsed [seconds]
# name 2 = depSM: Depth [salt water, m]
# name 3 = prDM: Pressure, Digiquartz [db]
# name 4 = t090C: Temperature [ITS-90, deg C]
# name 5 = t190C: Temperature, 2 [ITS-90, deg C]
# name 6 = c0S/m: Conductivity [S/m]
# name 7 = c1S/m: Conductivity, 2 [S/m]
# name 8 = sbeox0V: Oxygen raw, SBE 43 [V]
# name 9 = sbeox1V: Oxygen raw, SBE 43, 2 [V]
# name 10 = altM: Altimeter [m]
# name 11 = latitude: Latitude [deg]
# name 12 = longitude: Longitude [deg]
# name 13 = sbox0dV/dT: Oxygen, SBE 43 [dov/dt]
# name 14 = sbox1dV/dT: Oxygen, SBE 43, 2 [dov/dt]
# name 15 = sbeox0ML/L: Oxygen, SBE 43 [ml/l], WS = 5
# name 16 = sbeox1ML/L: Oxygen, SBE 43, 2 [ml/l], WS = 5
# name 17 = potemp090C: Potential Temperature [ITS-90, deg C]
# name 18 = potemp190C: Potential Temperature, 2 [ITS-90, deg C]
# name 19 = sal00: Salinity, Practical [PSU]
# name 20 = sal11: Salinity, Practical, 2 [PSU]
# name 21 = sigma-é00: Density [sigma-theta, kg/m^3]
# name 22 = sigma-é11: Density, 2 [sigma-theta, kg/m^3]
# name 23 = avgsvCM: Average Sound Velocity [Chen-Millero, m/s], minP = 20, minS = 20
# name 24 = sbox0Mm/Kg: Oxygen, SBE 43 [umol/kg], WS = 5
# name 25 = sbox1Mm/Kg: Oxygen, SBE 43, 2 [umol/kg], WS = 5
# name 26 = nbin: number of scans per bin
# name 27 = flag: flag
# span 0 =      24194,      55821       
# span 1 =   1008.054,   2325.833       
# span 2 =      1.987,    275.972       
# span 3 =      2.000,    278.000       
# span 4 =    13.1683,    29.2874       
# span 5 =    13.1762,    29.2769       
# span 6 =   4.197207,   5.891450       
# span 7 =   4.197702,   5.891224       
# span 8 =     1.7183,     3.1834       
# span 9 =     1.4125,     2.7230       
# span 10 =       9.93,     102.58      
# span 11 =   27.53619,   28.09643      
# span 12 =  -95.59755,  -93.69134      
# span 13 =   -0.02200,    0.02265      
# span 14 =   -0.02373,    0.02269      
# span 15 =     2.5225,     4.7853      
# span 16 =     2.5413,     4.7795      
# span 17 =    13.1294,    29.2848      
# span 18 =    13.1373,    29.2743      
# span 19 =    35.4550,    36.4740      
# span 20 =    35.4596,    36.4755      
# span 21 =    22.4829,    26.8945      
# span 22 =    22.4860,    26.8933      
# span 23 =    1514.23,    1545.03      
# span 24 =    109.779,    208.621      
# span 25 =    110.598,    208.407      
# span 26 =         30,         69      
# span 27 = 0.0000e+00, 0.0000e+00      
# interval = decibars: 1                
# start_time = Sep 27 2021 19:13:13 [NMEA time, header]
# bad_flag = -9.990e-29
*END*
[from data line 52]
      35840   1493.285    132.076    133.000    18.6596    18.6650   4.832195   4.832736     1.8669     1.5399     100.00   27.69158  -94.22006   -0.00060   -0.00093     2.5387     2.5589    18.6360    18.6414    36.4377    36.4376    26.2137    26.2122    1522.77    110.482    111.363         50 0.0000e+00
      35886   1495.214    131.083    132.000    18.6773    18.6893   4.833917   4.834350     1.8660     1.5376     100.00   27.69158  -94.22006   -0.00042   -0.00067     2.5360     2.5537    18.6538    18.6669    36.4366    36.4341    26.2083    26.2045    1522.77    110.365    111.138         39 0.0000e+00
      35921   1496.672    130.091    131.000    18.8137    18.7714   4.848202   4.844027     1.8638     1.5350     100.00   27.69158  -94.22006   -0.00079   -0.00155     2.5225     2.5413    18.7903    18.7481    36.4379    36.4418    26.1745    26.1883    1522.77    109.779    110.598         34 0.0000e+00
      35954   1498.048    129.098    130.000    18.8714    18.8619   4.854818   4.854255     1.8651     1.5378     100.00   27.69158  -94.22006   -0.00077   -0.00086     2.5227     2.5432    18.8481    18.8387    36.4432    36.4468    26.1637    26.1689    1522.77    109.793    110.682         31 0.0000e+00
      36067   1502.746    125.127    126.000    18.9762    18.9879   4.867423   4.868773     1.8738     1.5471     100.02   27.69727  -94.23942    0.00188    0.00172     2.5351     2.5583    18.9536    18.9653    36.4611    36.4622    26.1510    26.1489    1523.08    110.333    111.341         30 0.0000e+00
      36090   1503.724    124.134    125.000    18.9959    19.0323   4.868055   4.873028     1.8748     1.5488     100.00   27.69158  -94.22006    0.00169    0.00135     2.5358     2.5587    18.9645    19.0099    36.4547    36.4554    26.1427    26.1315    1522.77    110.363    111.361         31 0.0000e+00
      36217   1508.989    119.170    120.000    19.2584    19.2936   4.894856   4.898385     1.9630     1.6401      99.98   27.68717  -94.20507    0.02265    0.02269     2.7139     2.7646    19.2367    19.2718    36.4412    36.4399    26.0616    26.0514    1522.53    118.125    120.330         32 0.0000e+00
      36437   1518.150    111.228    112.000    19.6682    19.6236   4.931722   4.926915     2.0934     1.7468      99.93   27.66926  -94.14411    0.01391    0.01193     2.9723     2.9992    19.6475    19.6030    36.3854    36.3843    25.9094    25.9203    1521.54    129.387    130.557         40 0.0000e+00
      36592   1524.605    110.235    111.000    19.8398    19.6968   4.950703   4.935842     2.1401     1.7467     100.00   27.69158  -94.22005    0.01103    0.00073     3.0618     2.9942    19.8192    19.6763    36.4014    36.4040    25.8791    25.9188    1522.77    133.292    130.341         37 0.0000e+00
      36708   1529.475    109.242    110.000    19.9007    19.7107   4.955771   4.937752     2.1778     1.7615     100.00   27.69158  -94.22006    0.00748   -0.00039     3.1365     3.0283    19.8847    19.6904    36.3889    36.4090    25.8523    25.9189    1522.77    136.546    131.828         34 0.0000e+00
      37072   1544.606    106.261    107.000    20.0164    19.9803   4.966136   4.962933     2.2311     1.8686     100.05   27.70697  -94.27243   -0.00019   -0.00039     3.2459     3.2657    19.9965    19.9604    36.3816    36.3918    25.8185    25.8362    1523.62    141.314    142.176         53 0.0000e+00
      37829   1576.177    104.278    105.000    20.1560    20.1323   4.975422   4.972087     2.3362     1.9582      86.39   27.67735  -94.17169    0.00300    0.00074     3.4357     3.4535    20.1363    20.1127    36.3201    36.3154    25.7319    25.7338    1521.99    149.590    150.360         49 0.0000e+00
      38499   1604.091    103.285    104.000    20.2629    20.2570   4.983591   4.983198     2.3821     2.0108      98.35   27.69156  -94.22006    0.00050    0.00047     3.5523     3.5823    20.2433    20.2375    36.3110    36.3127    25.6973    25.7002    1522.77    154.671    155.975         52 0.0000e+00
      38580   1607.448    102.292    103.000    20.2687    20.2635   4.984003   4.983660     2.3850     2.0124     100.02   27.69156  -94.22006    0.00048    0.00025     3.5588     3.5860    20.2494    20.2441    36.3096    36.3117    25.6946    25.6976    1522.77    154.953    156.140         49 0.0000e+00
      38629   1609.484    101.299    102.000    20.2859    20.2892   4.985285   4.985645     2.3844     2.0116     100.00   27.69156  -94.22006    0.00016   -0.00034     3.5560     3.5820    20.2668    20.2700    36.3063    36.3064    25.6874    25.6866    1522.77    154.834    155.966         48 0.0000e+00
      38673   1611.328    100.306    101.000    20.3098    20.3260   4.987014   4.988588     2.3829     2.0109     100.00   27.69156  -94.22006   -0.00078   -0.00064     3.5502     3.5778    20.2884    20.3070    36.3023    36.2992    25.6786    25.6712    1522.77    154.583    155.787         41 0.0000e+00
      38711   1612.926     99.313    100.000    20.3996    20.3699   4.994562   4.992328     2.3989     2.0328     100.00   27.69156  -94.22006    0.00177    0.00334     3.5824     3.6253    20.3808    20.3513    36.2853    36.2918    25.6408    25.6535    1522.77    155.991    157.858         36 0.0000e+00
      38745   1614.334     98.320     99.000    20.4446    20.4272   4.998661   4.997397     2.4276     2.0571     100.00   27.69156  -94.22006    0.01094    0.01186     3.6362     3.6785    20.4259    20.4085    36.2805    36.2851    25.6250    25.6332    1522.77    158.334    160.177         33 0.0000e+00
      38779   1615.731     97.327     98.000    20.4795    20.4745   5.001958   5.001505     2.4552     2.0826     100.00   27.69156  -94.22006    0.01877    0.01777     3.6920     3.7346    20.4610    20.4560    36.2778    36.2784    25.6135    25.6153    1522.77    160.768    162.621         36 0.0000e+00
      38818   1617.366     96.334     97.000    20.5146    20.5217   5.004811   5.005184     2.4816     2.1072     100.00   27.69156  -94.22006    0.01876    0.01735     3.7454     3.7887    20.4962    20.5034    36.2714    36.2683    25.5991    25.5948    1522.77    163.096    164.982         40 0.0000e+00
      38855   1618.918     95.342     96.000    20.5505    20.5467   5.007128   5.006944     2.5052     2.1331     100.00   27.69156  -94.22006    0.01619    0.01573     3.7927     3.8471    20.5323    20.5285    36.2599    36.2616    25.5806    25.5829    1522.77    165.158    167.524         34 0.0000e+00
      38886   1620.209     94.349     95.000    20.6215    20.6116   5.012951   5.012270     2.5291     2.1539     100.00   27.69156  -94.22006    0.01598    0.01628     3.8370     3.8909    20.6027    20.5935    36.2475    36.2498    25.5522    25.5564    1522.77    167.092    169.435         30 0.0000e+00
      38921   1621.652     93.356     94.000    20.6627    20.6687   5.017088   5.017815     2.5645     2.1806     100.00   27.69156  -94.22006    0.01896    0.01703     3.9093     3.9487    20.6448    20.6510    36.2457    36.2458    25.5394    25.5376    1522.77    170.240    171.958         41 0.0000e+00
      38965   1623.492     92.363     93.000    20.6909    20.6971   5.020169   5.020514     2.5914     2.2060     100.00   27.69156  -94.22006    0.02029    0.01659     3.9639     4.0052    20.6732    20.6794    36.2470    36.2445    25.5327    25.5291    1522.77    172.619    174.418         41 0.0000e+00
      39039   1626.580     90.377     91.000    20.8116    20.8136   5.032107   5.031762     2.6219     2.2316      93.78   27.69931  -94.24643    0.01154    0.00929     4.0176     4.0548    20.7935    20.7963    36.2439    36.2392    25.4982    25.4939    1523.20    174.966    176.587         33 0.0000e+00
      39068   1627.772     89.384     90.000    20.8486    20.8379   5.034307   5.033586     2.6455     2.2560      99.76   27.69156  -94.22006    0.01283    0.01254     4.0648     4.1099    20.8314    20.8207    36.2282    36.2315    25.4753    25.4807    1522.77    177.025    178.989         46 0.0000e+00
      39109   1629.480     88.391     89.000    20.8725    20.8586   5.036509   5.035340     2.6669     2.2734     100.01   27.69156  -94.22006    0.01410    0.01360     4.1079     4.1482    20.8556    20.8416    36.2259    36.2284    25.4670    25.4727    1522.77    178.901    180.658         33 0.0000e+00
      39191   1632.906     86.405     87.000    20.9850    20.9782   5.049589   5.048761     2.6927     2.2960      84.64   27.70482  -94.26518    0.01012    0.00825     4.1521     4.1907    20.9683    20.9615    36.2431    36.2423    25.4510    25.4522    1523.50    180.833    182.513         39 0.0000e+00
      39214   1633.891     85.412     86.000    20.9880    21.0139   5.048624   5.051376     2.7081     2.3086     100.52   27.69156  -94.22006    0.00921    0.00825     4.1837     4.2163    20.9715    20.9974    36.2268    36.2270    25.4360    25.4291    1522.77    182.207    183.632         43 0.0000e+00
      39250   1635.371     84.419     85.000    21.1175    21.0901   5.063666   5.060586     2.7167     2.3184     100.00   27.69156  -94.22006    0.00846    0.00770     4.1904     4.2324    21.1011    21.0737    36.2384    36.2369    25.4094    25.4157    1522.77    182.505    184.335         30 0.0000e+00
      39280   1636.622     83.426     84.000    21.2465    21.2309   5.077985   5.076264     2.7273     2.3230     100.00   27.69156  -94.22006    0.00714    0.00612     4.2015     4.2315    21.2302    21.2146    36.2446    36.2440    25.3785    25.3823    1522.77    182.996    184.302         32 0.0000e+00
      39316   1638.126     82.433     83.000    21.3270    21.3055   5.087635   5.085300     2.7372     2.3305     100.00   27.69156  -94.22006    0.00734    0.00497     4.2149     4.2423    21.3108    21.2894    36.2542    36.2536    25.3636    25.3691    1522.77    183.581    184.773         40 0.0000e+00
      39357   1639.823     81.440     82.000    21.4000    21.3641   5.096859   5.092362     2.7361     2.3293     100.00   27.69156  -94.22006    0.00464    0.00291     4.2058     4.2343    21.3840    21.3481    36.2667    36.2611    25.3528    25.3585    1522.77    183.187    184.426         38 0.0000e+00
      39392   1641.277     80.447     81.000    21.5232    21.4793   5.111650   5.108203     2.7288     2.3221     100.00   27.69156  -94.22006   -0.00109   -0.00091     4.1790     4.2067    21.5078    21.4635    36.2822    36.2784    25.3303    25.3397    1522.77    182.022    183.230         34 0.0000e+00
      39426   1642.695     79.454     80.000    21.6647    21.6860   5.129490   5.132632     2.7028     2.2925      71.27   27.69156  -94.22005   -0.00769   -0.00784     4.1135     4.1237    21.6490    21.6702    36.3044    36.3114    25.3079    25.3072    1522.77    179.176    179.617         35 0.0000e+00
      39461   1644.177     78.462     79.000    21.7697    21.7719   5.143341   5.142805     2.6681     2.2511      78.77   27.69156  -94.22004   -0.01721   -0.02018     4.0323     4.0221    21.7541    21.7563    36.3265    36.3204    25.2953    25.2900    1522.77    175.638    175.198         36 0.0000e+00
      39502   1645.858     77.468     78.000    21.8792    21.8548   5.155907   5.153865     2.6330     2.2216      99.52   27.69156  -94.22004   -0.02200   -0.02373     3.9516     3.9484    21.8638    21.8393    36.3344    36.3388    25.2705    25.2807    1522.77    172.130    171.989         38 0.0000e+00
      39584   1649.296     76.475     77.000    21.7837    21.8914   5.144836   5.158584     2.5851     2.1864     100.00   27.69156  -94.22004   -0.01662   -0.00977     3.8584     3.8657    21.7685    21.8764    36.3273    36.3423    25.2918    25.2719    1522.77    168.065    168.385         36 0.0000e+00
      39719   1654.911     73.496     74.000    22.0618    22.1047   5.165819   5.168931     2.5714     2.1817      93.76   27.59229  -93.88225    0.00119    0.00153     3.8101     3.8381    22.0470    22.0899    36.2165    36.2249    25.1170    25.1113    1517.31    165.976    167.197         35 0.0000e+00
      39990   1666.204     72.503     73.000    22.1932    22.1702   5.188052   5.187014     2.6199     2.2107      93.72   27.69157  -94.22004    0.00838    0.00203     3.8960     3.8987    22.1785    22.1557    36.3267    36.3360    25.1758    25.1893    1522.77    169.724    169.837         40 0.0000e+00
      40092   1670.478     71.510     72.000    22.2231    22.1717   5.189821   5.186161     2.6429     2.2164      88.28   27.69157  -94.22004    0.00484    0.00068     3.9428     3.9121    22.2087    22.1573    36.3184    36.3299    25.1609    25.1843    1522.77    171.764    170.425         40 0.0000e+00
      40194   1674.704     70.517     71.000    22.2519    22.2342   5.191709   5.190653     2.6891     2.2627      78.72   27.69158  -94.22004    0.01074    0.01102     4.0349     4.0115    22.2377    22.2200    36.3073    36.3136    25.1443    25.1541    1522.77    175.778    174.758         39 0.0000e+00
      40553   1689.652     69.525     70.000    22.3664    22.3241   5.201818   5.198105     2.7461     2.3312     102.58   27.69158  -94.22004    0.00757    0.01411     4.1425     4.1590    22.3523    22.3101    36.2913    36.3034    25.0995    25.1207    1522.77    180.476    181.189         47 0.0000e+00
      41590   1732.874     68.531     69.000    22.5123    22.4998   5.216762   5.215660     2.8214     2.4047     100.00   27.69158  -94.22002    0.00023    0.00047     4.2840     4.3112    22.4984    22.4858    36.2875    36.2892    25.0549    25.0598    1522.77    186.648    187.831         44 0.0000e+00
      41674   1736.378     67.538     68.000    22.5313    22.5331   5.218653   5.219299     2.8254     2.4080      99.98   27.69158  -94.22002   -0.00044   -0.00027     4.2894     4.3154    22.5149    22.5194    36.2887    36.2901    25.0511    25.0509    1522.77    186.884    188.017         39 0.0000e+00
      41733   1738.841     66.545     67.000    22.5766    22.5787   5.223747   5.224425     2.8302     2.4116     100.00   27.69158  -94.22002    0.00127    0.00088     4.2967     4.3198    22.5630    22.5652    36.2891    36.2931    25.0377    25.0401    1522.77    187.205    188.212         42 0.0000e+00
      41850   1743.694     63.566     64.000    22.9059    22.8834   5.257199   5.253644     2.8770     2.4579      58.13   27.68532  -94.19873    0.01104    0.01115     4.3624     4.3982    22.8928    22.8703    36.2743    36.2653    24.9306    24.9303    1522.43    190.084    191.647         42 0.0000e+00
      41919   1746.592     62.573     63.000    22.9729    22.8773   5.265027   5.254347     2.9032     2.4748     102.36   27.69156  -94.22002    0.01319    0.00993     4.4095     4.4358    22.9600    22.8644    36.2832    36.2794    24.9188    24.9436    1522.77    192.138    193.283         33 0.0000e+00
      41947   1747.751     61.580     62.000    23.1527    23.1376   5.284029   5.282304     2.9091     2.4806     100.00   27.69158  -94.22002    0.00754    0.00448     4.4060     4.4279    23.1399    23.1249    36.2822    36.2813    24.8658    24.8694    1522.77    191.996    192.953         30 0.0000e+00
      41993   1749.671     60.587     61.000    23.2487    23.2624   5.294645   5.296097     2.9329     2.5105     100.00   27.69157  -94.22002    0.00903    0.01013     4.4452     4.4837    23.2360    23.2498    36.2854    36.2853    24.8402    24.8361    1522.77    193.712    195.389         64 0.0000e+00
      42046   1751.884     59.594     60.000    23.2787    23.2684   5.296676   5.296470     2.9510     2.5186     100.00   27.69157  -94.22002    0.01010    0.00934     4.4788     4.5006    23.2663    23.2560    36.2766    36.2835    24.8247    24.8329    1522.77    195.177    196.128         37 0.0000e+00
