GOMECC/GOMECC-4/1db/urb2103_0251.cnv
* Sea-Bird SBE 9 Data File:
* FileName = C:\Users\scs.user.rb\CTD\GOMECC4\data\rb2103_0251.hex
* Software Version Seasave V 7.26.7.107
* Temperature SN = 4799
* Conductivity SN = 3860
* Number of Bytes Per Scan = 41
* Number of Voltage Words = 4
* Number of Scans Averaged by the Deck Unit = 1
* NMEA Latitude = 28 30.98 N
* NMEA Longitude = 086 12.21 W
* NMEA UTC (Time) = Sep 21 2021  08:11:51
* NMEA baud rate = 4800
# nquan = 28
# nvalues = 170                         
# units = specified
# name 0 = scan: Scan Count
# name 1 = timeS: Time, Elapsed [seconds]
# name 2 = depSM: Depth [salt water, m]
# name 3 = prDM: Pressure, Digiquartz [db]
# name 4 = t090C: Temperature [ITS-90, deg C]
# name 5 = t190C: Temperature, 2 [ITS-90, deg C]
# name 6 = c0S/m: Conductivity [S/m]
# name 7 = c1S/m: Conductivity, 2 [S/m]
# name 8 = sbeox0V: Oxygen raw, SBE 43 [V]
# name 9 = sbeox1V: Oxygen raw, SBE 43, 2 [V]
# name 10 = altM: Altimeter [m]
# name 11 = latitude: Latitude [deg]
# name 12 = longitude: Longitude [deg]
# name 13 = sbox0dV/dT: Oxygen, SBE 43 [dov/dt]
# name 14 = sbox1dV/dT: Oxygen, SBE 43, 2 [dov/dt]
# name 15 = sbeox0ML/L: Oxygen, SBE 43 [ml/l], WS = 5
# name 16 = sbeox1ML/L: Oxygen, SBE 43, 2 [ml/l], WS = 5
# name 17 = potemp090C: Potential Temperature [ITS-90, deg C]
# name 18 = potemp190C: Potential Temperature, 2 [ITS-90, deg C]
# name 19 = sal00: Salinity, Practical [PSU]
# name 20 = sal11: Salinity, Practical, 2 [PSU]
# name 21 = sigma-é00: Density [sigma-theta, kg/m^3]
# name 22 = sigma-é11: Density, 2 [sigma-theta, kg/m^3]
# name 23 = avgsvCM: Average Sound Velocity [Chen-Millero, m/s], minP = 20, minS = 20
# name 24 = sbox0Mm/Kg: Oxygen, SBE 43 [umol/kg], WS = 5
# name 25 = sbox1Mm/Kg: Oxygen, SBE 43, 2 [umol/kg], WS = 5
# name 26 = nbin: number of scans per bin
# name 27 = flag: flag
# span 0 =      25497,      65035       
# span 1 =   1062.322,   2709.749       
# span 2 =      2.980,    394.957       
# span 3 =      3.000,    398.000       
# span 4 =     9.8918,    29.3284       
# span 5 =     9.8866,    29.2550       
# span 6 =   3.835125,   5.811046       
# span 7 =   3.834547,   5.815009       
# span 8 =     1.6070,     3.1678       
# span 9 =     1.3127,     2.6895       
# span 10 =      10.78,     100.75      
# span 11 =   28.46672,   29.05832      
# span 12 =  -87.83993,  -86.05163      
# span 13 =   -0.01134,    0.01595      
# span 14 =   -0.01225,    0.01617      
# span 15 =     2.4874,     4.4718      
# span 16 =     2.5211,     4.4625      
# span 17 =     9.8453,    29.3255      
# span 18 =     9.8402,    29.2521      
# span 19 =    33.9613,    36.5445      
# span 20 =    34.0280,    36.5469      
# span 21 =    21.5966,    27.1265      
# span 22 =    21.6291,    27.1268      
# span 23 =    1512.13,    1543.55      
# span 24 =    108.155,    195.290      
# span 25 =    109.620,    194.889      
# span 26 =         30,         76      
# span 27 = 0.0000e+00, 0.0000e+00      
# interval = decibars: 1                
# start_time = Sep 21 2021 08:11:51 [NMEA time, header]
# bad_flag = -9.990e-29
*END*
[from data line 104]
      52664   2194.292     87.393     88.000    20.5774    20.5787   5.017009   5.017205     2.4584     2.0815     100.00   28.51668  -86.20270   -0.00076   -0.00081     3.6864     3.7194    20.5607    20.5620    36.3215    36.3221    25.6199    25.6200    1514.78    160.523    161.958         46 0.0000e+00
      52708   2196.135     86.400     87.000    20.5962    20.5958   5.018477   5.018519     2.4583     2.0804      63.09   28.51668  -86.20270   -0.00032   -0.00064     3.6844     3.7155    20.5797    20.5793    36.3164    36.3174    25.6109    25.6117    1514.78    160.437    161.790         46 0.0000e+00
      52754   2198.057     85.407     86.000    20.6335    20.6473   5.021578   5.022687     2.4608     2.0854      85.73   28.51668  -86.20270    0.00044    0.00071     3.6869     3.7231    20.6171    20.6309    36.3101    36.3072    25.5959    25.5900    1514.78    160.546    162.127         45 0.0000e+00
      52795   2199.745     84.414     85.000    20.6934    20.6934   5.026756   5.026874     2.4654     2.0908      99.96   28.51668  -86.20270    0.00223    0.00303     3.6930     3.7330    20.6767    20.6773    36.3015    36.3022    25.5733    25.5736    1514.78    160.815    162.560         37 0.0000e+00
      52832   2201.295     83.421     84.000    20.7458    20.7398   5.030910   5.030571     2.4753     2.0993     100.00   28.51668  -86.20270    0.00416    0.00421     3.7087     3.7486    20.7298    20.7238    36.2905    36.2929    25.5505    25.5539    1514.78    161.503    163.241         37 0.0000e+00
      52867   2202.755     82.428     83.000    20.7686    20.7693   5.032624   5.032780     2.4783     2.0994      99.99   28.51668  -86.20270    0.00416    0.00350     3.7132     3.7466    20.7527    20.7534    36.2853    36.2860    25.5403    25.5406    1514.78    161.703    163.154         33 0.0000e+00
      52902   2204.192     81.435     82.000    20.8115    20.8246   5.035569   5.036546     2.4796     2.0969      99.91   28.51668  -86.20270    0.00233    0.00040     3.7126     3.7371    20.7959    20.8090    36.2731    36.2694    25.5192    25.5128    1514.78    161.678    162.747         35 0.0000e+00
      52935   2205.603     80.442     81.000    20.8680    20.8693   5.039378   5.039689     2.4788     2.0952     100.00   28.51668  -86.20270    0.00077   -0.00138     3.7068     3.7298    20.8525    20.8538    36.2559    36.2574    25.4907    25.4915    1514.78    161.431    162.432         32 0.0000e+00
      52969   2206.991     79.449     80.000    20.9217    20.9250   5.043116   5.043436     2.4763     2.0941     100.00   28.51668  -86.20270   -0.00053   -0.00111     3.6976     3.7233    20.9064    20.9097    36.2408    36.2406    25.4645    25.4634    1514.78    161.032    162.156         34 0.0000e+00
      53002   2208.377     78.457     79.000    20.9578    20.9601   5.045815   5.046324     2.4746     2.0924     100.00   28.51668  -86.20270   -0.00154   -0.00103     3.6910     3.7167    20.9427    20.9449    36.2323    36.2345    25.4481    25.4491    1514.78    160.749    161.867         33 0.0000e+00
      53034   2209.723     77.464     78.000    20.9931    21.0111   5.048692   5.050073     2.4734     2.0958      72.57   28.51668  -86.20270   -0.00132   -0.00032     3.6857     3.7208    20.9781    20.9961    36.2259    36.2217    25.4335    25.4254    1514.78    160.520    162.050         33 0.0000e+00
      53068   2211.121     76.471     77.000    21.0542    21.0756   5.053457   5.055173     2.4777     2.0998      99.93   28.51668  -86.20270    0.00002    0.00151     3.6901     3.7256    21.0393    21.0608    36.2128    36.2084    25.4068    25.3976    1514.78    160.719    162.263         33 0.0000e+00
      53102   2212.528     75.478     76.000    21.0985    21.1156   5.057226   5.058813     2.4842     2.1055     100.00   28.51668  -86.20270    0.00248    0.00335     3.7003     3.7357    21.0838    21.1009    36.2060    36.2042    25.3894    25.3834    1514.78    161.164    162.706         34 0.0000e+00
      53137   2213.990     74.485     75.000    21.1649    21.1833   5.062530   5.064471     2.4914     2.1113     100.00   28.51668  -86.20270    0.00449    0.00381     3.7106     3.7442    21.1504    21.1687    36.1927    36.1928    25.3610    25.3560    1514.78    161.616    163.081         36 0.0000e+00
      53171   2215.409     73.492     74.000    21.2260    21.2413   5.067979   5.069561     2.4996     2.1194      75.86   28.51668  -86.20270    0.00511    0.00422     3.7231     3.7585    21.2117    21.2270    36.1851    36.1849    25.3383    25.3339    1514.78    162.165    163.706         32 0.0000e+00
      53205   2216.848     72.499     73.000    21.2952    21.3345   5.074578   5.078065     2.5100     2.1321      87.75   28.51668  -86.20270    0.00606    0.00617     3.7394     3.7811    21.2811    21.3203    36.1799    36.1747    25.3152    25.3004    1514.78    162.879    164.695         33 0.0000e+00
      54929   2288.667     68.527     69.000    21.8828    21.8955   5.141490   5.142803     2.6406     2.2464     100.23   28.58271  -86.40230   -0.00018    0.00016     3.9656     4.0022    21.8691    21.8818    36.2512    36.2520    25.2144    25.2115    1518.29    172.759    174.353         35 0.0000e+00
      54865   2286.001     67.534     68.000    21.8240    21.8585   5.128835   5.132241     2.6332     2.2429      95.66   28.51668  -86.20270   -0.00059    0.00023     3.9543     3.9955    21.8143    21.8450    36.1670    36.1676    25.1571    25.1489    1514.78    172.266    174.060         58 0.0000e+00
      54922   2288.370     66.541     67.000    21.9068    21.9949   5.136790   5.144827     2.6348     2.2486     100.03   28.51668  -86.20270   -0.00047    0.00127     3.9504     3.9993    21.8935    21.9816    36.1636    36.1635    25.1322    25.1074    1514.78    172.100    174.234         58 0.0000e+00
      54979   2290.737     65.548     66.000    22.0824    22.2197   5.156398   5.173576     2.6512     2.2665     100.00   28.51668  -86.20270    0.00520    0.00615     3.9708     4.0215    22.0693    22.2065    36.1721    36.1842    25.0892    25.0595    1514.78    172.997    175.209         55 0.0000e+00
      55033   2293.008     64.555     65.000    22.3473    22.4939   5.189330   5.205612     2.6716     2.2832      99.97   28.51668  -86.20270    0.00846    0.00793     3.9909     4.0381    22.3342    22.4808    36.2109    36.2201    25.0436    25.0088    1514.78    173.879    175.943         56 0.0000e+00
      55088   2295.282     63.562     64.000    22.4979    22.6243   5.207267   5.221536     2.6818     2.2889     100.00   28.51668  -86.20270    0.00625    0.00390     3.9996     4.0417    22.4850    22.6113    36.2266    36.2310    25.0125    24.9796    1514.78    174.264    176.103         51 0.0000e+00
      55139   2297.407     62.569     63.000    22.8090    23.0150   5.242686   5.266779     2.6986     2.3044      72.17   28.51668  -86.20270    0.00592    0.00439     4.0094     4.0464    22.7961    23.0021    36.2453    36.2619    24.9373    24.8903    1514.78    174.701    176.325         53 0.0000e+00
      55193   2299.650     61.576     62.000    23.1242    23.2949   5.277936   5.295507     2.7248     2.3372     100.59   28.51668  -86.20270    0.00996    0.01225     4.0376     4.0988    23.1114    23.2821    36.2586    36.2536    24.8562    24.8026    1514.78    175.945    178.624         52 0.0000e+00
      55243   2301.763     60.583     61.000    23.2293    23.4031   5.289016   5.307162     2.7477     2.3528     100.00   28.51668  -86.20269    0.01200    0.01113     4.0752     4.1250    23.2167    23.3904    36.2579    36.2548    24.8249    24.7718    1514.78    177.591    179.769         51 0.0000e+00
      55294   2303.862     59.590     60.000    23.3503    23.5281   5.300654   5.318025     2.7628     2.3635     100.00   28.51668  -86.20268    0.00884    0.00617     4.0956     4.1399    23.3378    23.5155    36.2488    36.2363    24.7826    24.7211    1514.78    178.485    180.426         52 0.0000e+00
      55348   2306.118     58.597     59.000    23.4635    23.6009   5.311517   5.323362     2.7736     2.3665     100.00   28.51668  -86.20268    0.00563    0.00300     4.1087     4.1409    23.4512    23.5886    36.2393    36.2176    24.7423    24.6854    1514.78    179.063    180.477         53 0.0000e+00
      55398   2308.205     57.604     58.000    23.5727    23.7126   5.320121   5.332735     2.7809     2.3732     100.00   28.51668  -86.20268    0.00421    0.00172     4.1151     4.1492    23.5606    23.7005    36.2162    36.1982    24.6926    24.6377    1514.78    179.350    180.846         48 0.0000e+00
      55448   2310.279     56.611     57.000    23.7099    23.7939   5.332719   5.340509     2.7891     2.3792     100.00   28.51668  -86.20268    0.00345    0.00331     4.1206     4.1544    23.6980    23.7819    36.2008    36.1918    24.6404    24.6087    1514.78    179.602    181.077         53 0.0000e+00
      55503   2312.563     55.618     56.000    23.7687    23.8659   5.337995   5.347273     2.7960     2.3795      93.40   28.51668  -86.20268    0.00375    0.00130     4.1296     4.1500    23.7569    23.8541    36.1935    36.1850    24.6174    24.5822    1514.78    179.997    180.894         55 0.0000e+00
      55553   2314.683     54.625     55.000    23.8307    23.9263   5.344183   5.353357     2.8018     2.3869      98.22   28.51668  -86.20268    0.00244    0.00149     4.1359     4.1609    23.8191    23.9147    36.1905    36.1825    24.5967    24.5623    1514.78    180.275    181.373         47 0.0000e+00
      57342   2389.222     48.666     49.000    24.3829    24.3868   5.406180   5.406447     2.8774     2.4476     100.22   28.57917  -86.39157    0.00287    0.00303     4.2405     4.2581    24.3724    24.3764    36.2431    36.2464    24.4805    24.4822    1518.10    184.867    185.632         36 0.0000e+00
      57291   2387.078     47.673     48.000    24.4833    24.5216   5.410007   5.413904     2.8845     2.4598     100.00   28.51668  -86.20266    0.00394    0.00585     4.2458     4.2731    24.4730    24.5113    36.1624    36.1608    24.3800    24.3672    1514.78    185.102    186.295         76 0.0000e+00
      57365   2390.186     46.680     47.000    24.6737    24.6846   5.429293   5.431808     2.9021     2.4702     100.00   28.51668  -86.20266    0.00593    0.00407     4.2639     4.2821    24.6636    24.6744    36.1542    36.1630    24.3162    24.3195    1514.78    185.904    186.697         67 0.0000e+00
      57430   2392.869     45.687     46.000    25.1043    25.1528   5.470666   5.477452     2.9180     2.4901     100.00   28.51668  -86.20266    0.00521    0.00556     4.2632     4.2876    25.0942    25.1427    36.1185    36.1302    24.1579    24.1519    1514.78    185.904    186.971         59 0.0000e+00
      57489   2395.326     44.694     45.000    25.5244    25.5443   5.515538   5.517183     2.9334     2.4951      99.29   28.51668  -86.20266    0.00716    0.00527     4.2593     4.2735    25.5145    25.5343    36.1166    36.1112    24.0272    24.0169    1514.78    185.758    186.376         61 0.0000e+00
      57549   2397.837     43.701     44.000    25.6723    25.7277   5.531274   5.535741     2.9378     2.4973      97.42   28.51668  -86.20266    0.00264    0.00049     4.2557     4.2646    25.6625    25.7180    36.1156    36.1046    23.9806    23.9550    1514.78    185.610    186.003         55 0.0000e+00
      57603   2400.083     42.708     43.000    25.8194    25.8870   5.545166   5.551942     2.9426     2.5041      99.95   28.51668  -86.20266    0.00179    0.00199     4.2539     4.2670    25.8098    25.8774    36.1027    36.0979    23.9250    23.9002    1514.78    185.539    186.118         57 0.0000e+00
      57661   2402.501     41.715     42.000    25.9753    25.9982   5.561130   5.562924     2.9524     2.5144      85.69   28.51668  -86.20266    0.00353    0.00435     4.2598     4.2807    25.9659    25.9888    36.0958    36.0908    23.8710    23.8601    1514.78    185.809    186.719         57 0.0000e+00
      57717   2404.846     40.722     41.000    26.1001    26.1246   5.573380   5.576815     2.9609     2.5218     100.21   28.51668  -86.20266    0.00376    0.00365     4.2660     4.2864    26.0909    26.1154    36.0873    36.0930    23.8254    23.8221    1514.78    186.088    186.976         54 0.0000e+00
      57768   2406.977     39.729     40.000    26.1843    26.1999   5.582619   5.585028     2.9690     2.5277      77.19   28.51668  -86.20266    0.00369    0.00259     4.2745     4.2930    26.1753    26.1909    36.0888    36.0941    23.8000    23.7991    1514.78    186.461    187.268         52 0.0000e+00
      57824   2409.303     38.735     39.000    26.2330    26.2571   5.587628   5.589846     2.9745     2.5284      93.54   28.51668  -86.20266    0.00329    0.00136     4.2807     4.2900    26.2242    26.2484    36.0872    36.0844    23.7835    23.7738    1514.78    186.736    187.140         57 0.0000e+00
      57880   2411.612     37.742     38.000    26.2548    26.3551   5.591877   5.599204     2.9783     2.5322      95.26   28.51668  -86.20266    0.00144    0.00130     4.2829     4.2914    26.2462    26.3465    36.0918    36.0760    23.7800    23.7364    1514.78    186.831    187.209         55 0.0000e+00
      57933   2413.830     36.749     37.000    26.4470    26.4768   5.608087   5.611188     2.9900     2.5471      76.98   28.51668  -86.20266    0.00395    0.00501     4.2932     4.3127    26.4387    26.4684    36.0698    36.0679    23.7026    23.6918    1514.78    187.293    188.146         51 0.0000e+00
      57986   2416.062     35.756     36.000    26.5379    26.5845   5.617910   5.622715     3.0007     2.5566      88.41   28.51668  -86.20266    0.00503    0.00495     4.3057     4.3241    26.5298    26.5763    36.0691    36.0674    23.6732    23.6572    1514.78    187.844    188.651         58 0.0000e+00
      58043   2418.408     34.763     35.000    26.6143    26.6456   5.625435   5.627493     3.0066     2.5646     100.14   28.51668  -86.20266    0.00354    0.00327     4.3104     4.3362    26.6064    26.6376    36.0641    36.0545    23.6452    23.6280    1514.78    188.057    189.186         51 0.0000e+00
      58099   2420.738     33.770     34.000    26.7273    26.7860   5.636252   5.642259     3.0150     2.5728      99.98   28.51668  -86.20266    0.00271    0.00382     4.3165     4.3426    26.7195    26.7782    36.0525    36.0519    23.6005    23.5813    1514.78    188.331    189.475         44 0.0000e+00
      59728   2488.644     28.804     29.000    28.5129    28.5341   5.754033   5.754726     3.1678     2.6885      99.94   28.49874  -86.14840   -0.01134   -0.01225     4.4718     4.4625    28.5060    28.5271    35.5277    35.5173    22.6227    22.6086    1513.83    195.290    194.889         73 0.0000e+00
      59834   2493.051     27.811     28.000    28.5675    28.5473   5.753672   5.753481     3.1546     2.6765     100.00   28.51668  -86.20264   -0.00837   -0.00546     4.4436     4.4372    28.5608    28.5406    35.4847    35.4965    22.5744    22.5900    1514.78    194.068    193.790         53 0.0000e+00
      59884   2495.139     26.818     27.000    28.5851    28.5823   5.754480   5.754508     3.1536     2.6805     100.00   28.51668  -86.20264   -0.00092   -0.00071     4.4398     4.4427    28.5786    28.5758    35.4755    35.4778    22.5615    22.5642    1514.78    193.906    194.032         51 0.0000e+00
      59936   2497.285     25.825     26.000    28.5869    28.5919   5.754324   5.754683     3.1571     2.6820     100.00   28.51668  -86.20264    0.00081    0.00144     4.4456     4.4446    28.5807    28.5857    35.4733    35.4721    22.5593    22.5567    1514.78    194.160    194.116         53 0.0000e+00
