GOMECC/GOMECC-4/1db/urb2103_1261.cnv
* Sea-Bird SBE 9 Data File:
* FileName = C:\Users\scs.user.rb\CTD\GOMECC4\data\rb2103_1261.hex
* Software Version Seasave V 7.26.7.107
* Temperature SN = 4799
* Conductivity SN = 3860
* Number of Bytes Per Scan = 41
* Number of Voltage Words = 4
* Number of Scans Averaged by the Deck Unit = 1
* NMEA Latitude = 26 37.81 N
* NMEA Longitude = 082 33.26 W
* NMEA UTC (Time) = Oct 19 2021  03:53:17
* NMEA baud rate = 4800
# nquan = 28
# nvalues = 13                          
# units = specified
# name 0 = scan: Scan Count
# name 1 = timeS: Time, Elapsed [seconds]
# name 2 = depSM: Depth [salt water, m]
# name 3 = prDM: Pressure, Digiquartz [db]
# name 4 = t090C: Temperature [ITS-90, deg C]
# name 5 = t190C: Temperature, 2 [ITS-90, deg C]
# name 6 = c0S/m: Conductivity [S/m]
# name 7 = c1S/m: Conductivity, 2 [S/m]
# name 8 = sbeox0V: Oxygen raw, SBE 43 [V]
# name 9 = sbeox1V: Oxygen raw, SBE 43, 2 [V]
# name 10 = altM: Altimeter [m]
# name 11 = latitude: Latitude [deg]
# name 12 = longitude: Longitude [deg]
# name 13 = sbox0dV/dT: Oxygen, SBE 43 [dov/dt]
# name 14 = sbox1dV/dT: Oxygen, SBE 43, 2 [dov/dt]
# name 15 = sbeox0ML/L: Oxygen, SBE 43 [ml/l], WS = 5
# name 16 = sbeox1ML/L: Oxygen, SBE 43, 2 [ml/l], WS = 5
# name 17 = potemp090C: Potential Temperature [ITS-90, deg C]
# name 18 = potemp190C: Potential Temperature, 2 [ITS-90, deg C]
# name 19 = sal00: Salinity, Practical [PSU]
# name 20 = sal11: Salinity, Practical, 2 [PSU]
# name 21 = sigma-é00: Density [sigma-theta, kg/m^3]
# name 22 = sigma-é11: Density, 2 [sigma-theta, kg/m^3]
# name 23 = avgsvCM: Average Sound Velocity [Chen-Millero, m/s], minP = 20, minS = 20
# name 24 = sbox0Mm/Kg: Oxygen, SBE 43 [umol/kg], WS = 5
# name 25 = sbox1Mm/Kg: Oxygen, SBE 43, 2 [umol/kg], WS = 5
# name 26 = nbin: number of scans per bin
# name 27 = flag: flag
# span 0 =      20086,      20713       
# span 1 =    836.864,    863.002       
# span 2 =      3.974,     15.894       
# span 3 =      4.000,     16.000       
# span 4 =    28.5429,    28.6043       
# span 5 =    28.5443,    28.6197       
# span 6 =   5.713352,   5.730043       
# span 7 =   5.713757,   5.733809       
# span 8 =     3.1427,     3.1904       
# span 9 =     2.6543,     2.6985       
# span 10 =       5.11,      16.83      
# span 11 =   26.63078,   26.63080      
# span 12 =  -82.55826,  -82.55826      
# span 13 =   -0.00059,    0.01172      
# span 14 =   -0.00226,    0.01120      
# span 15 =     4.4170,     4.5052      
# span 16 =     4.3858,     4.4763      
# span 17 =    28.5414,    28.6004      
# span 18 =    28.5429,    28.6159      
# span 19 =    35.2277,    35.2946      
# span 20 =    35.2287,    35.3239      
# span 21 =    22.3874,    22.4184      
# span 22 =    22.3877,    22.4353      
# span 23 =       0.00,       0.00      
# span 24 =    192.937,    196.795      
# span 25 =    191.573,    195.534      
# span 26 =         31,         87      
# span 27 = 0.0000e+00, 0.0000e+00      
# interval = decibars: 1                
# start_time = Oct 19 2021 03:53:17 [NMEA time, header]
# bad_flag = -9.990e-29
*END*
      20086    836.864     15.894     16.000    28.6043    28.6197   5.730043   5.733809     3.1427     2.6543       5.11   26.63080  -82.55826    0.01172    0.01120     4.4170     4.3858    28.6004    28.6159    35.2946    35.3239    22.4184    22.4353       0.00    192.937    191.573         31 0.0000e+00
      20120    838.303     14.901     15.000    28.5839    28.5939   5.723479   5.726618     3.1610     2.6718       6.19   26.63080  -82.55826    0.01061    0.00728     4.4523     4.4228    28.5803    28.5903    35.2645    35.2800    22.4025    22.4108       0.00    194.481    193.195         39 0.0000e+00
      20169    840.347     13.908     14.000    28.5845    28.5933   5.723493   5.726270     3.1716     2.6816       7.27   26.63080  -82.55826    0.00908    0.00800     4.4705     4.4422    28.5811    28.5899    35.2640    35.2772    22.4018    22.4088       0.00    195.280    194.039         57 0.0000e+00
      20224    842.628     12.914     13.000    28.5822    28.5822   5.722501   5.722239     3.1764     2.6838       8.19   26.63080  -82.55826    0.00335    0.00233     4.4796     4.4473    28.5791    28.5791    35.2595    35.2582    22.3991    22.3984       0.00    195.674    194.266         49 0.0000e+00
      20275    844.747     11.921     12.000    28.5660    28.5629   5.718570   5.717455     3.1786     2.6872       9.11   26.63080  -82.55826    0.00122    0.00124     4.4845     4.4556    28.5632    28.5600    35.2449    35.2392    22.3934    22.3902       0.00    195.893    194.631         57 0.0000e+00
      20328    846.966     10.928     11.000    28.5513    28.5569   5.716098   5.716470     3.1800     2.6971      10.11   26.63080  -82.55826    0.00091    0.00288     4.4893     4.4755    28.5487    28.5543    35.2321    35.2364    22.3885    22.3900       0.00    196.103    195.499         47 0.0000e+00
      20383    849.256      9.934     10.000    28.5509    28.5543   5.715086   5.715976     3.1843     2.6960      11.11   26.63080  -82.55826    0.00137    0.00213     4.4955     4.4730    28.5485    28.5519    35.2322    35.2360    22.3887    22.3905       0.00    196.372    195.391         62 0.0000e+00
      20433    851.354      8.941      9.000    28.5481    28.5500   5.714359   5.714780     3.1849     2.6924      11.95   26.63078  -82.55826    0.00127   -0.00226     4.4964     4.4655    28.5460    28.5479    35.2295    35.2310    22.3875    22.3880       0.00    196.412    195.064         40 0.0000e+00
      20488    853.633      7.947      8.000    28.5460    28.5481   5.713960   5.714459     3.1869     2.6937      12.98   26.63078  -82.55826    0.00046    0.00010     4.4996     4.4680    28.5441    28.5462    35.2285    35.2305    22.3874    22.3882       0.00    196.554    195.170         67 0.0000e+00
      20538    855.705      6.954      7.000    28.5444    28.5462   5.713759   5.714143     3.1864     2.6964      13.82   26.63078  -82.55826    0.00034    0.00069     4.4983     4.4729    28.5428    28.5445    35.2286    35.2300    22.3879    22.3884       0.00    196.497    195.385         34 0.0000e+00
      20589    857.822      5.961      6.000    28.5429    28.5443   5.713492   5.713802     3.1904     2.6974      14.83   26.63078  -82.55826    0.00092    0.00112     4.5052     4.4746    28.5414    28.5429    35.2282    35.2293    22.3881    22.3884       0.00    196.795    195.458         67 0.0000e+00
      20639    859.936      4.967      5.000    28.5431    28.5450   5.713486   5.713757     3.1878     2.6985      15.72   26.63078  -82.55826    0.00038    0.00013     4.5000     4.4763    28.5420    28.5438    35.2283    35.2287    22.3879    22.3877       0.00    196.568    195.534         36 0.0000e+00
      20713    863.002      3.974      4.000    28.5431    28.5446   5.713352   5.713762     3.1882     2.6956      16.83   26.63078  -82.55826   -0.00059   -0.00051     4.5001     4.4699    28.5421    28.5437    35.2277    35.2294    22.3874    22.3882       0.00    196.574    195.253         87 0.0000e+00
