GOMECC/GOMECC-4/1db/urb2103_0031.cnv
* Sea-Bird SBE 9 Data File:
* FileName = C:\Users\scs.user.rb\CTD\GOMECC4\data\rb2103_003.hex
* Software Version Seasave V 7.26.7.107
* Temperature SN = 4799
* Conductivity SN = 3860
* Number of Bytes Per Scan = 41
* Number of Voltage Words = 4
* Number of Scans Averaged by the Deck Unit = 1
* NMEA Latitude = 26 59.30 N
* NMEA Longitude = 079 46.65 W
* NMEA UTC (Time) = Sep 14 2021  20:49:18
* NMEA baud rate = 4800
# nquan = 28
# nvalues = 221                         
# units = specified
# name 0 = scan: Scan Count
# name 1 = timeS: Time, Elapsed [seconds]
# name 2 = depSM: Depth [salt water, m]
# name 3 = prDM: Pressure, Digiquartz [db]
# name 4 = t090C: Temperature [ITS-90, deg C]
# name 5 = t190C: Temperature, 2 [ITS-90, deg C]
# name 6 = c0S/m: Conductivity [S/m]
# name 7 = c1S/m: Conductivity, 2 [S/m]
# name 8 = sbeox0V: Oxygen raw, SBE 43 [V]
# name 9 = sbeox1V: Oxygen raw, SBE 43, 2 [V]
# name 10 = altM: Altimeter [m]
# name 11 = latitude: Latitude [deg]
# name 12 = longitude: Longitude [deg]
# name 13 = sbox0dV/dT: Oxygen, SBE 43 [dov/dt]
# name 14 = sbox1dV/dT: Oxygen, SBE 43, 2 [dov/dt]
# name 15 = sbeox0ML/L: Oxygen, SBE 43 [ml/l], WS = 5
# name 16 = sbeox1ML/L: Oxygen, SBE 43, 2 [ml/l], WS = 5
# name 17 = potemp090C: Potential Temperature [ITS-90, deg C]
# name 18 = potemp190C: Potential Temperature, 2 [ITS-90, deg C]
# name 19 = sal00: Salinity, Practical [PSU]
# name 20 = sal11: Salinity, Practical, 2 [PSU]
# name 21 = sigma-é00: Density [sigma-theta, kg/m^3]
# name 22 = sigma-é11: Density, 2 [sigma-theta, kg/m^3]
# name 23 = avgsvCM: Average Sound Velocity [Chen-Millero, m/s], minP = 20, minS = 20
# name 24 = sbox0Mm/Kg: Oxygen, SBE 43 [umol/kg], WS = 5
# name 25 = sbox1Mm/Kg: Oxygen, SBE 43, 2 [umol/kg], WS = 5
# name 26 = nbin: number of scans per bin
# name 27 = flag: flag
# span 0 =      35435,      75079       
# span 1 =   1476.421,   3128.230       
# span 2 =      1.987,    348.396       
# span 3 =      2.000,    351.000       
# span 4 =     9.7478,    29.6522       
# span 5 =     9.8906,    29.6378       
# span 6 =   3.822335,   5.999852       
# span 7 =   3.836428,   5.997224       
# span 8 =     1.6961,     3.1792       
# span 9 =     1.3992,     2.7041       
# span 10 =      26.96,     101.36      
# span 11 =   26.72850,   27.16493      
# span 12 =  -80.22636,  -78.93829      
# span 13 =   -0.01103,    0.01837      
# span 14 =   -0.01023,    0.01369      
# span 15 =     2.7154,     4.4593      
# span 16 =     2.7554,     4.4628      
# span 17 =     9.7073,    29.6470      
# span 18 =     9.8497,    29.6326      
# span 19 =    35.2062,    36.9445      
# span 20 =    35.2268,    36.9469      
# span 21 =    22.1538,    27.1631      
# span 22 =    22.1543,    27.1551      
# span 23 =    1501.83,    1526.33      
# span 24 =    118.068,    194.647      
# span 25 =    119.806,    194.619      
# span 26 =         30,         74      
# span 27 = 0.0000e+00, 0.0000e+00      
# interval = decibars: 1                
# start_time = Sep 14 2021 20:49:18 [NMEA time, header]
# bad_flag = -9.990e-29
*END*
[from data line 104]
      49026   2042.726    158.886    160.000    18.1635    18.1579   4.784301   4.781269     2.1356     1.8045      99.90   26.97933  -79.69838    0.00276    0.00762     3.1520     3.2430    18.1355    18.1300    36.4349    36.4268    26.3356    26.3299    1516.29    137.156    141.112         46 0.0000e+00
      50140   2089.111    157.894    159.000    18.3751    18.3792   4.811461   4.811852     2.2319     1.8821     100.00   27.00693  -79.77878    0.00059    0.00063     3.3737     3.4179    18.3471    18.3512    36.5017    36.5035    26.3358    26.3362    1517.82    146.802    148.726         50 0.0000e+00
      50283   2095.065    156.901    158.000    18.4094    18.3912   4.815430   4.813513     2.2397     1.8894     100.00   27.00697  -79.77878   -0.00001    0.00054     3.3905     3.4347    18.3816    18.3635    36.5075    36.5073    26.3316    26.3360    1517.82    147.534    149.456         60 0.0000e+00
      50344   2097.630    155.908    157.000    18.4421    18.4033   4.819337   4.814950     2.2449     1.8904     100.00   27.00700  -79.77878    0.00148    0.00028     3.3992     3.4354    18.4144    18.3756    36.5121    36.5085    26.3268    26.3339    1517.82    147.913    149.490         58 0.0000e+00
      50391   2099.592    154.916    156.000    18.4716    18.4123   4.821999   4.816095     2.2460     1.8925      26.96   27.00702  -79.77876    0.00173    0.00095     3.4014     3.4408    18.4434    18.3848    36.5095    36.5063    26.3175    26.3298    1517.82    148.011    149.724         32 0.0000e+00
      50426   2101.026    153.923    155.000    18.5236    18.4629   4.828106   4.820820     2.2342     1.8780      99.29   27.00703  -79.77876   -0.00169   -0.00169     3.3654     3.3987    18.4975    18.4356    36.5140    36.5070    26.3073    26.3176    1517.82    146.446    147.893         35 0.0000e+00
      50464   2102.615    152.930    154.000    18.5386    18.4987   4.829588   4.824855     2.2157     1.8604     100.00   27.00705  -79.77876   -0.00800   -0.00874     3.3261     3.3551    18.5113    18.4715    36.5148    36.5100    26.3044    26.3108    1517.82    144.737    145.997         41 0.0000e+00
      50503   2104.264    151.938    153.000    18.5669    18.5377   4.832258   4.829303     2.1995     1.8485      82.55   27.00706  -79.77876   -0.01103   -0.01023     3.2879     3.3230    18.5399    18.5107    36.5127    36.5135    26.2955    26.3035    1517.82    143.077    144.603         36 0.0000e+00
      50537   2105.659    150.945    152.000    18.6056    18.5622   4.836735   4.831997     2.1903     1.8427     100.15   27.00706  -79.77876   -0.00931   -0.00683     3.2644     3.3070    18.5787    18.5353    36.5168    36.5150    26.2888    26.2985    1517.82    142.053    143.906         32 0.0000e+00
      50569   2107.015    149.952    151.000    18.6518    18.6253   4.842256   4.839337     2.1853     1.8375      92.96   27.00707  -79.77876   -0.00662   -0.00460     3.2497     3.2896    18.6250    18.5985    36.5230    36.5218    26.2818    26.2876    1517.82    141.416    143.152         34 0.0000e+00
      50602   2108.383    148.959    150.000    18.6679    18.6511   4.843999   4.842253     2.1833     1.8359      98.72   27.00708  -79.77876   -0.00389   -0.00338     3.2439     3.2836    18.6412    18.6244    36.5240    36.5241    26.2784    26.2828    1517.82    141.164    142.892         31 0.0000e+00
      50632   2109.636    147.967    149.000    18.6923    18.6751   4.846125   4.844513     2.1806     1.8325      88.64   27.00710  -79.77876   -0.00205   -0.00213     3.2359     3.2736    18.6658    18.6486    36.5207    36.5223    26.2697    26.2753    1517.82    140.815    142.458         30 0.0000e+00
      50663   2110.911    146.974    148.000    18.7225    18.7026   4.849245   4.847365     2.1708     1.8224      82.13   27.00711  -79.77876   -0.00298   -0.00322     3.2119     3.2469    18.6961    18.6762    36.5208    36.5225    26.2620    26.2684    1517.82    139.771    141.294         32 0.0000e+00
      50698   2112.356    145.981    147.000    18.7497    18.7398   4.852138   4.850847     2.1575     1.8116     100.02   27.00712  -79.77876   -0.00720   -0.00673     3.1804     3.2182    18.7235    18.7136    36.5216    36.5194    26.2556    26.2564    1517.82    138.403    140.048         36 0.0000e+00
      50733   2113.819    144.989    146.000    18.7973    18.7735   4.857424   4.855007     2.1472     1.8029     100.00   27.00714  -79.77876   -0.00895   -0.00749     3.1540     3.1944    18.7712    18.7475    36.5245    36.5251    26.2457    26.2522    1517.82    137.257    139.013         34 0.0000e+00
      50765   2115.163    143.996    145.000    18.9045    18.8473   4.869616   4.863320     2.1459     1.8014     100.00   27.00716  -79.77876   -0.00574   -0.00490     3.1436     3.1858    18.8785    18.8214    36.5331    36.5305    26.2247    26.2374    1517.82    136.806    138.640         31 0.0000e+00
      50796   2116.458    143.003    144.000    19.0125    18.9376   4.881723   4.873491     2.1437     1.7981      99.67   27.00717  -79.77876   -0.00225   -0.00252     3.1316     3.1716    18.9866    18.9117    36.5401    36.5363    26.2024    26.2187    1517.82    136.284    138.026         31 0.0000e+00
      50829   2117.822    142.010    143.000    19.0580    19.0042   4.887118   4.881181     2.1372     1.7927     100.00   27.00718  -79.77876   -0.00214   -0.00241     3.1139     3.1543    19.0322    18.9785    36.5458    36.5433    26.1950    26.2068    1517.82    135.516    137.276         34 0.0000e+00
      50863   2119.230    141.018    142.000    19.0978    19.0526   4.890984   4.886186     2.1297     1.7866     100.00   27.00720  -79.77876   -0.00422   -0.00377     3.0946     3.1363    19.0721    19.0270    36.5436    36.5431    26.1830    26.1942    1517.82    134.678    136.494         32 0.0000e+00
      50894   2120.531    140.025    141.000    19.1570    19.1160   4.896634   4.892338     2.1219     1.7794     100.00   27.00721  -79.77876   -0.00538   -0.00441     3.0737     3.1148    19.1313    19.0905    36.5395    36.5394    26.1645    26.1750    1517.82    133.772    135.559         31 0.0000e+00
      50927   2121.897    139.032    140.000    19.2503    19.1887   4.905801   4.899625     2.1128     1.7694     100.00   27.00722  -79.77876   -0.00591   -0.00569     3.0476     3.0862    19.2249    19.1633    36.5345    36.5369    26.1364    26.1542    1517.82    132.639    134.318         35 0.0000e+00
      50961   2123.347    138.039    139.000    19.3285    19.2485   4.913065   4.905671     2.1007     1.7592     100.00   27.00722  -79.77876   -0.00696   -0.00698     3.0161     3.0580    19.3033    19.2233    36.5269    36.5353    26.1103    26.1375    1517.82    131.273    133.090         33 0.0000e+00
      50993   2124.673    137.047    138.000    19.4315    19.3733   4.923441   4.917461     2.0919     1.7531     100.00   27.00723  -79.77876   -0.00786   -0.00664     2.9912     3.0361    19.4063    19.3481    36.5218    36.5247    26.0796    26.0969    1517.82    130.192    132.142         31 0.0000e+00
      51024   2125.954    136.054    137.000    19.5199    19.4508   4.931308   4.925673     2.0848     1.7410     100.00   27.00724  -79.77876   -0.00714   -0.00661     2.9693     3.0014    19.4948    19.4262    36.5122    36.5227    26.0490    26.0742    1517.82    129.244    130.635         31 0.0000e+00
      51056   2127.304    135.061    136.000    19.5679    19.5074   4.935918   4.930840     2.0818     1.7389     100.00   27.00726  -79.77876   -0.00494   -0.00585     2.9599     2.9937    19.5429    19.4825    36.5090    36.5195    26.0340    26.0579    1517.82    128.834    130.304         34 0.0000e+00
      51091   2128.766    134.068    135.000    19.6505    19.5209   4.943145   4.931525     2.0844     1.7391     100.00   27.00727  -79.77876   -0.00183   -0.00300     2.9605     2.9932    19.6256    19.4962    36.4973    36.5138    26.0033    26.0499    1517.82    128.866    130.283         35 0.0000e+00
      51125   2130.146    133.076    134.000    19.7056    19.5920   4.947788   4.937324     2.0936     1.7414     100.00   27.00728  -79.77876    0.00212    0.00008     2.9771     2.9944    19.6809    19.5674    36.4880    36.5004    25.9817    26.0210    1517.82    129.588    130.338         31 0.0000e+00
      51188   2132.803    131.090    132.000    19.8187    19.7942   4.959816   4.957338     2.1181     1.7622     100.01   27.00983  -79.78620    0.00858    0.00487     3.0224     3.0321    19.7943    19.7698    36.4911    36.4919    25.9545    25.9616    1517.96    131.566    131.988         32 0.0000e+00
      51218   2134.027    130.097    131.000    19.8689    19.7968   4.964717   4.957346     2.1341     1.7848      99.98   27.00732  -79.77876    0.01042    0.01161     3.0538     3.0850    19.8446    19.7726    36.4872    36.4889    25.9379    25.9583    1517.82    132.935    134.290         37 0.0000e+00
      51255   2135.588    129.104    130.000    19.9473    19.8157   4.972773   4.959366     2.1482     1.7899     100.00   27.00734  -79.77876    0.01068    0.01061     3.0791     3.0959    19.9231    19.7916    36.4859    36.4896    25.9161    25.9537    1517.82    134.038    134.764         36 0.0000e+00
      51552   2147.977    124.140    125.000    20.6699    20.7505   5.054458   5.065474     2.2561     1.9251      99.80   26.95433  -79.62176    0.00996    0.00516     3.2617     3.3545    20.6461    20.7265    36.5059    36.5274    25.7305    25.7253    1514.83    142.006    146.047         37 0.0000e+00
      51915   2163.097    122.155    123.000    21.0975    21.3983   5.115423   5.155768     2.3046     1.9605     100.00   27.00695  -79.77693    0.00249    0.00419     3.3336     3.3969    21.0737    21.3744    36.6586    36.7233    25.7369    25.7024    1517.78    145.145    147.904         33 0.0000e+00
      54225   2259.342    119.176    120.000    22.2080    22.2140   5.268124   5.269029     2.4053     2.0298     100.11   27.03682  -79.86275    0.00034    0.00005     3.4647     3.4959    22.1839    22.1899    36.9445    36.9469    25.6481    25.6482    1519.42    150.866    152.225         39 0.0000e+00
      54220   2259.128    118.183    119.000    22.1762    22.1835   5.261573   5.262480     2.4027     2.0279     100.00   27.00841  -79.77878    0.00005    0.00081     3.4611     3.4928    22.1523    22.1596    36.9052    36.9062    25.6231    25.6218    1517.82    150.713    152.092         50 0.0000e+00
      54285   2261.824    117.191    118.000    22.1853    22.1858   5.262498   5.262727     2.4029     2.0297      81.88   27.00844  -79.77878   -0.00010    0.00042     3.4605     3.4964    22.1616    22.1621    36.9051    36.9065    25.6204    25.6213    1517.82    150.684    152.249         66 0.0000e+00
      54342   2264.210    116.198    117.000    22.1905    22.1911   5.263185   5.263059     2.4041     2.0286     100.48   27.00846  -79.77878    0.00054    0.00027     3.4621     3.4931    22.1670    22.1676    36.9065    36.9068    25.6199    25.6200    1517.82    150.754    152.106         48 0.0000e+00
      54385   2266.003    115.205    116.000    22.1837    22.1837   5.261430   5.261641     2.4048     2.0291     100.00   27.00846  -79.77878    0.00034   -0.00053     3.4637     3.4944    22.1610    22.1604    36.8993    36.9004    25.6161    25.6172    1517.82    150.824    152.164         41 0.0000e+00
      54431   2267.896    114.212    115.000    22.1754    22.1762   5.259040   5.259826     2.4081     2.0291      71.80   27.00848  -79.77878    0.00093   -0.00012     3.4710     3.4945    22.1524    22.1532    36.8873    36.8956    25.6095    25.6156    1517.82    151.143    152.168         50 0.0000e+00
      54481   2270.010    113.219    114.000    22.1887    22.1868   5.259797   5.260679     2.4125     2.0320     101.36   27.00850  -79.77878    0.00213    0.00097     3.4789     3.5001    22.1658    22.1641    36.8823    36.8900    25.6019    25.6080    1517.82    151.487    152.411         45 0.0000e+00
      54520   2271.616    112.226    113.000    22.1636    22.1549   5.254181   5.252313     2.4174     2.0363     100.00   27.00852  -79.77878    0.00226    0.00163     3.4906     3.5116    22.1409    22.1332    36.8597    36.8547    25.5917    25.5912    1517.82    151.999    152.916         36 0.0000e+00
      54556   2273.132    111.233    112.000    22.1345    22.1386   5.247813   5.249834     2.4231     2.0464     100.00   27.00853  -79.77878    0.00304    0.00350     3.5043     3.5358    22.1121    22.1161    36.8344    36.8469    25.5807    25.5891    1517.82    152.599    153.969         38 0.0000e+00
      54599   2274.926    110.240    111.000    22.1193    22.1431   5.245150   5.249484     2.4302     2.0554     100.00   27.00855  -79.77878    0.00387    0.00596     3.5197     3.5556    22.0971    22.1208    36.8266    36.8407    25.5790    25.5830    1517.82    153.269    154.832         48 0.0000e+00
      54646   2276.863    109.247    110.000    22.0624    22.1205   5.232845   5.244034     2.4379     2.0587     100.00   27.00857  -79.77878    0.00390    0.00364     3.5399     3.5645    22.0404    22.0985    36.7779    36.8170    25.5580    25.5713    1517.82    154.153    155.221         43 0.0000e+00
      54685   2278.488    108.255    109.000    21.9516    21.9717   5.214309   5.209519     2.4489     2.0626     100.00   27.00859  -79.77878    0.00487    0.00209     3.5673     3.5840    21.9364    21.9500    36.7199    36.7115    25.5432    25.5331    1517.82    155.345    156.074         35 0.0000e+00
      54720   2279.950    107.262    108.000    21.8189    21.8181   5.186170   5.186743     2.4683     2.0885     100.00   27.00860  -79.77878    0.00767    0.00819     3.6220     3.6549    21.7976    21.7968    36.6150    36.6211    25.5026    25.5075    1517.82    157.734    159.166         38 0.0000e+00
      54764   2281.798    106.269    107.000    21.8395    21.7878   5.190550   5.179881     2.4931     2.1126     100.00   27.00862  -79.77878    0.01325    0.01345     3.6705     3.7118    21.8183    21.7667    36.6305    36.5931    25.5086    25.4946    1517.82    159.846    161.647         49 0.0000e+00
      54808   2283.612    105.276    106.000    21.7721    21.7670   5.175370   5.172342     2.5000     2.1293     100.00   27.00862  -79.77878    0.00990    0.01168     3.6916     3.7512    21.7536    21.7467    36.5749    36.5577    25.4844    25.4732    1517.82    160.770    163.368         36 0.0000e+00
      54841   2285.008    104.283    105.000    21.7858    21.7777   5.170687   5.170390     2.5166     2.1479      85.33   27.00863  -79.77878    0.00615    0.00995     3.7251     3.7940    21.7651    21.7570    36.5213    36.5258    25.4404    25.4461    1517.82    162.237    165.237         35 0.0000e+00
      54884   2286.792    103.290    104.000    21.7874    21.7842   5.170446   5.168931     2.5490     2.1731      98.38   27.00865  -79.77878    0.01312    0.01349     3.7918     3.8511    21.7669    21.7636    36.5182    36.5089    25.4375    25.4314    1517.82    165.139    167.725         51 0.0000e+00
      54932   2288.772    102.297    103.000    21.7949    21.8076   5.169181   5.168084     2.5643     2.1883     100.06   27.00867  -79.77878    0.01421    0.01131     3.8229     3.8843    21.7745    21.7872    36.5022    36.4827    25.4232    25.4049    1517.82    166.497    169.174         38 0.0000e+00
      54965   2290.185    101.304    102.000    21.8987    21.8818   5.173545   5.172596     2.5808     2.2079      52.24   27.00868  -79.77878    0.00821    0.00891     3.8500     3.9237    21.8785    21.8616    36.4494    36.4561    25.3539    25.3637    1517.82    167.692    170.899         35 0.0000e+00
