GOMECC/GOMECC-4/1db/urb2103_0691.cnv
* Sea-Bird SBE 9 Data File:
* FileName = C:\Users\scs.user.rb\CTD\GOMECC4\data\rb2103_0691.hex
* Software Version Seasave V 7.26.7.107
* Temperature SN = 4799
* Conductivity SN = 3860
* Number of Bytes Per Scan = 41
* Number of Voltage Words = 4
* Number of Scans Averaged by the Deck Unit = 1
* NMEA Latitude = 26 03.53 N
* NMEA Longitude = 095 07.24 W
* NMEA UTC (Time) = Oct 03 2021  11:22:54
* NMEA baud rate = 4800
# nquan = 28
# nvalues = 358                         
# units = specified
# name 0 = scan: Scan Count
# name 1 = timeS: Time, Elapsed [seconds]
# name 2 = depSM: Depth [salt water, m]
# name 3 = prDM: Pressure, Digiquartz [db]
# name 4 = t090C: Temperature [ITS-90, deg C]
# name 5 = t190C: Temperature, 2 [ITS-90, deg C]
# name 6 = c0S/m: Conductivity [S/m]
# name 7 = c1S/m: Conductivity, 2 [S/m]
# name 8 = sbeox0V: Oxygen raw, SBE 43 [V]
# name 9 = sbeox1V: Oxygen raw, SBE 43, 2 [V]
# name 10 = altM: Altimeter [m]
# name 11 = latitude: Latitude [deg]
# name 12 = longitude: Longitude [deg]
# name 13 = sbox0dV/dT: Oxygen, SBE 43 [dov/dt]
# name 14 = sbox1dV/dT: Oxygen, SBE 43, 2 [dov/dt]
# name 15 = sbeox0ML/L: Oxygen, SBE 43 [ml/l], WS = 5
# name 16 = sbeox1ML/L: Oxygen, SBE 43, 2 [ml/l], WS = 5
# name 17 = potemp090C: Potential Temperature [ITS-90, deg C]
# name 18 = potemp190C: Potential Temperature, 2 [ITS-90, deg C]
# name 19 = sal00: Salinity, Practical [PSU]
# name 20 = sal11: Salinity, Practical, 2 [PSU]
# name 21 = sigma-é00: Density [sigma-theta, kg/m^3]
# name 22 = sigma-é11: Density, 2 [sigma-theta, kg/m^3]
# name 23 = avgsvCM: Average Sound Velocity [Chen-Millero, m/s], minP = 20, minS = 20
# name 24 = sbox0Mm/Kg: Oxygen, SBE 43 [umol/kg], WS = 5
# name 25 = sbox1Mm/Kg: Oxygen, SBE 43, 2 [umol/kg], WS = 5
# name 26 = nbin: number of scans per bin
# name 27 = flag: flag
# span 0 =      63473,     154871       
# span 1 =   2644.653,   6452.927       
# span 2 =      1.987,   1915.523       
# span 3 =      2.000,   1937.000       
# span 4 =     4.3167,    30.0000       
# span 5 =     4.3174,    30.0010       
# span 6 =   3.352800,   6.067061       
# span 7 =   3.352770,   6.066899       
# span 8 =     1.5699,     3.3754       
# span 9 =     1.2732,     2.8821       
# span 10 =      30.83,     102.45      
# span 11 =   26.01396,   26.57033      
# span 12 =  -96.98970,  -94.95757      
# span 13 =   -0.00827,    0.02519      
# span 14 =   -0.00978,    0.02550      
# span 15 =     2.4108,     5.0239      
# span 16 =     2.4272,     5.0279      
# span 17 =     4.1508,    29.9963      
# span 18 =     4.1515,    29.9973      
# span 19 =    34.9059,    36.9144      
# span 20 =    34.9053,    36.9125      
# span 21 =    22.6483,    27.7469      
# span 22 =    22.6479,    27.7459      
# span 23 =    1495.97,    1527.99      
# span 24 =    104.830,    219.126      
# span 25 =    105.542,    219.285      
# span 26 =         30,         74      
# span 27 = 0.0000e+00, 0.0000e+00      
# interval = decibars: 1                
# start_time = Oct 03 2021 11:22:54 [NMEA time, header]
# bad_flag = -9.990e-29
*END*
      63473   2644.653   1915.523   1937.000     4.3167     4.3174   3.365215   3.365180     1.8863     1.5678      30.83   26.05967  -95.12091    0.00001   -0.00003     4.6349     4.6597     4.1508     4.1515    34.9706    34.9695    27.7469    27.7459    1498.54    201.407    202.485         30 0.0000e+00
      64047   2668.575   1892.880   1914.000     4.3181     4.3189   3.364404   3.364379     1.8884     1.5702      53.31   26.05970  -95.12108    0.00012    0.00014     4.6291     4.6558     4.1545     4.1552    34.9705    34.9694    27.7464    27.7455    1498.55    201.156    202.314         30 0.0000e+00
      64169   2673.668   1887.957   1909.000     4.3196     4.3208   3.364351   3.364355     1.8892     1.5711      58.28   26.06000  -95.12217    0.00012    0.00022     4.6293     4.6565     4.1564     4.1576    34.9708    34.9695    27.7464    27.7453    1498.56    201.162    202.347         31 0.0000e+00
      64199   2674.927   1886.972   1908.000     4.3196     4.3210   3.364265   3.364286     1.8892     1.5710      59.35   26.05958  -95.12064    0.00010    0.00014     4.6286     4.6556     4.1566     4.1579    34.9701    34.9690    27.7459    27.7449    1498.54    201.133    202.308         30 0.0000e+00
      64319   2679.930   1882.050   1903.000     4.3204     4.3210   3.364170   3.364129     1.8897     1.5705      64.27   26.05991  -95.12184    0.00009   -0.00011     4.6274     4.6501     4.1578     4.1584    34.9707    34.9695    27.7462    27.7452    1498.56    201.080    202.068         30 0.0000e+00
      64349   2681.180   1881.065   1902.000     4.3203     4.3210   3.364080   3.364049     1.8899     1.5705      65.28   26.05958  -95.12064    0.00007   -0.00025     4.6278     4.6498     4.1578     4.1585    34.9701    34.9690    27.7458    27.7448    1498.54    201.098    202.052         31 0.0000e+00
      65332   2722.128   1842.663   1863.000     4.3199     4.3204   3.362455   3.362413     1.8944     1.5752     100.00   26.05961  -95.12076    0.00029    0.00010     4.6221     4.6463     4.1612     4.1618    34.9701    34.9690    27.7454    27.7444    1498.54    200.851    201.901         31 0.0000e+00
      65454   2727.221   1837.739   1858.000     4.3198     4.3205   3.362269   3.362237     1.8951     1.5764     100.00   26.05990  -95.12180    0.00012    0.00011     4.6217     4.6486     4.1617     4.1623    34.9704    34.9693    27.7455    27.7446    1498.56    200.831    202.002         30 0.0000e+00
      65484   2728.468   1836.754   1857.000     4.3198     4.3205   3.362188   3.362158     1.8950     1.5765     100.00   26.05957  -95.12064    0.00011    0.00012     4.6208     4.6483     4.1617     4.1624    34.9699    34.9688    27.7452    27.7442    1498.54    200.796    201.988         31 0.0000e+00
      67313   2804.662   1828.877   1849.000     4.3201     4.3209   3.361859   3.361843     1.8955     1.5769      94.05   26.05928  -95.11975   -0.00000   -0.00015     4.6179     4.6451     4.1628     4.1636    34.9695    34.9685    27.7447    27.7439    1498.53    200.668    201.849         42 0.0000e+00
      67356   2806.471   1827.891   1848.000     4.3199     4.3206   3.361834   3.361811     1.8958     1.5773      93.37   26.05952  -95.12064    0.00006    0.00013     4.6185     4.6464     4.1628     4.1635    34.9699    34.9689    27.7451    27.7442    1498.54    200.693    201.906         47 0.0000e+00
      67409   2808.687   1826.907   1847.000     4.3199     4.3206   3.361793   3.361765     1.8960     1.5775     100.13   26.05952  -95.12064    0.00013    0.00014     4.6187     4.6465     4.1628     4.1635    34.9699    34.9689    27.7451    27.7442    1498.54    200.704    201.912         54 0.0000e+00
      67459   2810.759   1825.922   1846.000     4.3198     4.3206   3.361739   3.361718     1.8961     1.5776      93.20   26.05952  -95.12064    0.00006    0.00004     4.6184     4.6462     4.1628     4.1636    34.9699    34.9688    27.7450    27.7441    1498.54    200.691    201.896         46 0.0000e+00
      67500   2812.461   1824.937   1845.000     4.3198     4.3205   3.361691   3.361672     1.8961     1.5776      93.56   26.05952  -95.12064    0.00001    0.00004     4.6179     4.6458     4.1630     4.1636    34.9698    34.9688    27.7449    27.7441    1498.54    200.666    201.880         36 0.0000e+00
      67535   2813.896   1823.952   1844.000     4.3197     4.3204   3.361649   3.361622     1.8961     1.5775      99.91   26.05952  -95.12064    0.00002 5.9721e-07     4.6174     4.6447     4.1630     4.1636    34.9698    34.9688    27.7450    27.7441    1498.54    200.645    201.834         35 0.0000e+00
      67570   2815.374   1822.967   1843.000     4.3197     4.3204   3.361606   3.361578     1.8963     1.5777     100.00   26.05952  -95.12064    0.00005   -0.00003     4.6176     4.6448     4.1630     4.1638    34.9699    34.9687    27.7450    27.7440    1498.54    200.656    201.836         34 0.0000e+00
      67926   2830.192   1810.164   1830.000     4.3185     4.3193   3.360983   3.360949     1.8988     1.5798     100.00   26.05955  -95.12080    0.00022   -0.00007     4.6197     4.6464     4.1632     4.1639    34.9700    34.9688    27.7451    27.7440    1498.54    200.745    201.906         30 0.0000e+00
      68085   2836.814   1804.254   1824.000     4.3185     4.3192   3.360710   3.360665     1.8997     1.5803     100.00   26.05932  -95.11998    0.00019    0.00001     4.6198     4.6448     4.1637     4.1644    34.9696    34.9684    27.7447    27.7437    1498.53    200.752    201.835         31 0.0000e+00
      68351   2847.927   1794.405   1814.000     4.3186     4.3194   3.360307   3.360278     1.9009     1.5824     100.00   26.05939  -95.12030    0.00027    0.00032     4.6185     4.6474     4.1648     4.1656    34.9696    34.9685    27.7446    27.7436    1498.53    200.695    201.951         30 0.0000e+00
      68455   2852.257   1790.465   1810.000     4.3193     4.3199   3.360248   3.360209     1.9012     1.5824     100.00   26.05974  -95.12158    0.00006   -0.00001     4.6170     4.6450     4.1659     4.1664    34.9701    34.9691    27.7449    27.7440    1498.55    200.630    201.845         30 0.0000e+00
      68485   2853.508   1789.480   1809.000     4.3194     4.3200   3.360182   3.360147     1.9013     1.5824     100.00   26.05948  -95.12064    0.00005   -0.00002     4.6170     4.6443     4.1661     4.1667    34.9697    34.9687    27.7445    27.7436    1498.54    200.628    201.817         31 0.0000e+00
      69245   2885.146   1759.928   1779.000     4.3217     4.3224   3.359086   3.359058     1.9045     1.5849     100.00   26.05892  -95.11860    0.00013   -0.00003     4.6110     4.6366     4.1713     4.1719    34.9688    34.9677    27.7432    27.7424    1498.51    200.369    201.481         31 0.0000e+00
      69348   2889.461   1758.942   1778.000     4.3218     4.3223   3.359103   3.359067     1.9046     1.5853     100.00   26.05948  -95.12066 -2.581e-07    0.00007     4.6108     4.6378     4.1715     4.1720    34.9694    34.9684    27.7437    27.7429    1498.54    200.360    201.531         48 0.0000e+00
      70163   2923.409   1726.430   1745.000     4.3206     4.3212   3.357641   3.357600     1.9094     1.5901     100.00   26.05937  -95.12038    0.00008    0.00014     4.6101     4.6384     4.1735     4.1741    34.9693    34.9682    27.7434    27.7425    1498.54    200.330    201.557         31 0.0000e+00
      70286   2928.526   1721.504   1740.000     4.3205     4.3210   3.357410   3.357363     1.9100     1.5909      75.63   26.05930  -95.12016    0.00009    0.00013     4.6092     4.6389     4.1739     4.1744    34.9691    34.9680    27.7432    27.7423    1498.53    200.289    201.580         31 0.0000e+00
      70990   2957.885   1693.913   1712.000     4.3190     4.3195   3.356099   3.356049     1.9144     1.5946     100.00   26.05906  -95.11926    0.00009    0.00001     4.6098     4.6378     4.1751     4.1756    34.9688    34.9677    27.7428    27.7419    1498.52    200.316    201.532         33 0.0000e+00
      71082   2961.722   1692.928   1711.000     4.3186     4.3192   3.356070   3.356029     1.9145     1.5946     100.00   26.05944  -95.12066    0.00000    0.00002     4.6096     4.6372     4.1748     4.1754    34.9693    34.9683    27.7433    27.7424    1498.54    200.309    201.505         49 0.0000e+00
      71175   2965.589   1691.942   1710.000     4.3187     4.3193   3.356031   3.355992     1.9146     1.5946      63.53   26.05944  -95.12066    0.00004   -0.00004     4.6094     4.6362     4.1750     4.1756    34.9692    34.9682    27.7432    27.7423    1498.54    200.301    201.463         46 0.0000e+00
      71278   2969.868   1690.957   1709.000     4.3189     4.3195   3.356000   3.355966     1.9147     1.5955     102.45   26.05942  -95.12066    0.00001    0.00024     4.6091     4.6396     4.1753     4.1758    34.9692    34.9682    27.7431    27.7423    1498.54    200.288    201.611         46 0.0000e+00
      71590   2982.887   1682.088   1700.000     4.3202     4.3203   3.355814   3.355742     1.9164     1.5964     100.00   26.05999  -95.12276    0.00008    0.00005     4.6099     4.6375     4.1774     4.1776    34.9700    34.9690    27.7436    27.7428    1498.57    200.322    201.519         36 0.0000e+00
      72670   3027.861   1681.102   1699.000     4.3231     4.3237   3.355944   3.355910     1.9157     1.5961     100.00   26.05940  -95.12066   -0.00003    0.00002     4.6066     4.6355     4.1805     4.1810    34.9689    34.9679    27.7423    27.7415    1498.54    200.178    201.433         49 0.0000e+00
      76295   3178.935   1539.142   1555.000     4.3581     4.3585   3.352901   3.352859     1.9277     1.6067     100.00   26.05915  -95.11995    0.00021    0.00000     4.5621     4.5888     4.2287     4.2291    34.9662    34.9653    27.7351    27.7343    1498.53    198.243    199.406         31 0.0000e+00
      76418   3184.024   1536.183   1552.000     4.3584     4.3590   3.352884   3.352852     1.9280     1.6073      87.66   26.05968  -95.12198    0.00006    0.00008     4.5612     4.5890     4.2293     4.2299    34.9671    34.9661    27.7357    27.7349    1498.56    198.207    199.415         35 0.0000e+00
      77392   3224.609   1534.211   1550.000     4.3596     4.3601   3.352800   3.352770     1.9271     1.6074      99.96   26.05884  -95.11891    0.00003   -0.00006     4.5566     4.5882     4.2306     4.2312    34.9658    34.9649    27.7346    27.7338    1498.51    198.007    199.381         50 0.0000e+00
      77834   3243.027   1533.225   1549.000     4.3604     4.3608   3.352881   3.352844     1.9268     1.6069     100.00   26.05932  -95.12066   -0.00000   -0.00008     4.5550     4.5854     4.2315     4.2320    34.9664    34.9656    27.7349    27.7342    1498.54    197.935    199.256         32 0.0000e+00
      79819   3325.757   1454.315   1469.000     4.4114     4.4121   3.353952   3.353927     1.9286     1.6079     100.00   26.05968  -95.12206   -0.00012    0.00006     4.5079     4.5356     4.2895     4.2901    34.9643    34.9634    27.7270    27.7262    1498.56    195.892    197.096         31 0.0000e+00
      79969   3332.012   1448.395   1463.000     4.4155     4.4173   3.353964   3.354017     1.9276     1.6064      78.54   26.05891  -95.11922   -0.00014   -0.00010     4.5004     4.5256     4.2941     4.2959    34.9631    34.9619    27.7255    27.7244    1498.52    195.565    196.660         30 0.0000e+00
      80120   3338.310   1442.475   1457.000     4.4182     4.4185   3.353959   3.353911     1.9272     1.6067     100.00   26.05912  -95.12000   -0.00005    0.00002     4.4948     4.5230     4.2973     4.2977    34.9632    34.9623    27.7252    27.7244    1498.53    195.323    196.546         35 0.0000e+00
      80270   3344.526   1436.556   1451.000     4.4187     4.4192   3.353736   3.353698     1.9275     1.6069      96.98   26.05902  -95.11963    0.00009    0.00004     4.4926     4.5201     4.2983     4.2989    34.9630    34.9620    27.7250    27.7241    1498.52    195.226    196.423         32 0.0000e+00
      80394   3349.706   1431.623   1446.000     4.4217     4.4220   3.353790   3.353746     1.9282     1.6078      99.01   26.05912  -95.11999    0.00008    0.00022     4.4918     4.5205     4.3018     4.3021    34.9629    34.9620    27.7245    27.7238    1498.53    195.194    196.442         30 0.0000e+00
      80921   3371.659   1410.902   1425.000     4.4407     4.4414   3.354599   3.354579     1.9270     1.6058     100.00   26.05956  -95.12162   -0.00005   -0.00020     4.4725     4.4977     4.3226     4.3233    34.9627    34.9617    27.7221    27.7212    1498.56    194.353    195.450         33 0.0000e+00
      81628   3401.126   1388.205   1402.000     4.4554     4.4554   3.355088   3.355013     1.9255     1.6053      99.77   26.06129  -95.12795   -0.00004    0.00015     4.4516     4.4804     4.3393     4.3393    34.9643    34.9634    27.7216    27.7209    1498.65    193.445    194.696         37 0.0000e+00
      81780   3407.451   1387.218   1401.000     4.4586     4.4575   3.355104   3.354916     1.9252     1.6052      83.27   26.05930  -95.12066   -0.00000    0.00001     4.4499     4.4794     4.3425     4.3414    34.9614    34.9606    27.7189    27.7184    1498.54    193.374    194.655         35 0.0000e+00
      85712   3571.288   1379.323   1393.000     4.4644     4.4651   3.355280   3.355259     1.9253     1.6055     100.00   26.05954  -95.12165    0.00018    0.00033     4.4450     4.4750     4.3490     4.3497    34.9615    34.9605    27.7183    27.7174    1498.56    193.159    194.464         31 0.0000e+00
      86356   3598.110   1353.661   1367.000     4.4808     4.4818   3.355564   3.355557     1.9264     1.6055      96.38   26.05930  -95.12078   -0.00002   -0.00005     4.4317     4.4579     4.3676     4.3687    34.9603    34.9592    27.7153    27.7143    1498.54    192.583    193.722         30 0.0000e+00
      86477   3603.170   1348.726   1362.000     4.4881     4.4894   3.356003   3.356025     1.9258     1.6055     100.00   26.05943  -95.12127   -0.00012   -0.00004     4.4259     4.4541     4.3753     4.3766    34.9602    34.9591    27.7144    27.7134    1498.55    192.329    193.557         30 0.0000e+00
      87431   3642.936   1310.227   1323.000     4.5259     4.5265   3.357544   3.357521     1.9218     1.6019     100.00   26.05908  -95.12007   -0.00002    0.00003     4.3843     4.4128     4.4163     4.4170    34.9578    34.9568    27.7079    27.7071    1498.53    190.524    191.761         31 0.0000e+00
      87576   3648.970   1304.304   1317.000     4.5306     4.5317   3.357668   3.357674     1.9216     1.6016     100.00   26.05873  -95.11878   -0.00002   -0.00004     4.3797     4.4076     4.4216     4.4227    34.9572    34.9561    27.7069    27.7059    1498.51    190.325    191.537         33 0.0000e+00
      89088   3711.956   1243.084   1255.000     4.5827     4.5835   3.359607   3.359593     1.9187     1.5987     100.00   26.05950  -95.12167   -0.00017   -0.00021     4.3277     4.3545     4.4789     4.4797    34.9558    34.9548    27.6994    27.6986    1498.56    188.067    189.232         31 0.0000e+00
      90357   3764.842   1191.725   1203.000     4.6335     4.6346   3.361760   3.361768     1.9160     1.5962     100.00   26.05926  -95.12088   -0.00028   -0.00035     4.2828     4.3094     4.5339     4.5351    34.9533    34.9522    27.6914    27.6904    1498.54    186.117    187.274         33 0.0000e+00
      90477   3769.827   1186.786   1198.000     4.6427     4.6427   3.362351   3.362261     1.9148     1.5951     100.00   26.05944  -95.12155   -0.00021   -0.00021     4.2746     4.3014     4.5436     4.5436    34.9530    34.9519    27.6901    27.6892    1498.55    185.762    186.923         33 0.0000e+00
