GOMECC/GOMECC-4/1db/urb2103_0731.cnv
* Sea-Bird SBE 9 Data File:
* FileName = C:\Users\scs.user.rb\CTD\GOMECC4\data\rb2103_0731.hex
* Software Version Seasave V 7.26.7.107
* Temperature SN = 4799
* Conductivity SN = 3860
* Number of Bytes Per Scan = 41
* Number of Voltage Words = 4
* Number of Scans Averaged by the Deck Unit = 1
* NMEA Latitude = 26 03.44 N
* NMEA Longitude = 093 15.71 W
* NMEA UTC (Time) = Oct 04 2021  10:15:47
* NMEA baud rate = 4800
# nquan = 28
# nvalues = 436                         
# units = specified
# name 0 = scan: Scan Count
# name 1 = timeS: Time, Elapsed [seconds]
# name 2 = depSM: Depth [salt water, m]
# name 3 = prDM: Pressure, Digiquartz [db]
# name 4 = t090C: Temperature [ITS-90, deg C]
# name 5 = t190C: Temperature, 2 [ITS-90, deg C]
# name 6 = c0S/m: Conductivity [S/m]
# name 7 = c1S/m: Conductivity, 2 [S/m]
# name 8 = sbeox0V: Oxygen raw, SBE 43 [V]
# name 9 = sbeox1V: Oxygen raw, SBE 43, 2 [V]
# name 10 = altM: Altimeter [m]
# name 11 = latitude: Latitude [deg]
# name 12 = longitude: Longitude [deg]
# name 13 = sbox0dV/dT: Oxygen, SBE 43 [dov/dt]
# name 14 = sbox1dV/dT: Oxygen, SBE 43, 2 [dov/dt]
# name 15 = sbeox0ML/L: Oxygen, SBE 43 [ml/l], WS = 5
# name 16 = sbeox1ML/L: Oxygen, SBE 43, 2 [ml/l], WS = 5
# name 17 = potemp090C: Potential Temperature [ITS-90, deg C]
# name 18 = potemp190C: Potential Temperature, 2 [ITS-90, deg C]
# name 19 = sal00: Salinity, Practical [PSU]
# name 20 = sal11: Salinity, Practical, 2 [PSU]
# name 21 = sigma-é00: Density [sigma-theta, kg/m^3]
# name 22 = sigma-é11: Density, 2 [sigma-theta, kg/m^3]
# name 23 = avgsvCM: Average Sound Velocity [Chen-Millero, m/s], minP = 20, minS = 20
# name 24 = sbox0Mm/Kg: Oxygen, SBE 43 [umol/kg], WS = 5
# name 25 = sbox1Mm/Kg: Oxygen, SBE 43, 2 [umol/kg], WS = 5
# name 26 = nbin: number of scans per bin
# name 27 = flag: flag
# span 0 =      98782,     219014       
# span 1 =   4115.891,   9125.533       
# span 2 =      2.980,   3087.705       
# span 3 =      3.000,   3131.000       
# span 4 =     4.3161,    28.9724       
# span 5 =     4.3169,    28.9681       
# span 6 =   3.357952,   5.878144       
# span 7 =   3.357893,   5.875901       
# span 8 =     1.5742,     3.2294       
# span 9 =     1.2766,     2.7490       
# span 10 =       9.51,     102.48      
# span 11 =   25.90704,   26.11278      
# span 12 =  -93.45430,  -92.71786      
# span 13 =   -0.03513,    0.03222      
# span 14 =   -0.03932,    0.03294      
# span 15 =     2.4559,     4.8336      
# span 16 =     2.4713,     4.8359      
# span 17 =     4.0834,    28.9642      
# span 18 =     4.0848,    28.9598      
# span 19 =    30.8219,    36.5161      
# span 20 =    34.9062,    36.5161      
# span 21 =    19.9650,    27.7580      
# span 22 =    22.5999,    27.7565      
# span 23 =    1494.21,    1506.08      
# span 24 =    106.786,    210.757      
# span 25 =    107.457,    210.856      
# span 26 =         30,         68      
# span 27 = 0.0000e+00, 0.0000e+00      
# interval = decibars: 1                
# start_time = Oct 04 2021 10:15:47 [NMEA time, header]
# bad_flag = -9.990e-29
*END*
[from data line 156]
     146504   6104.272   1609.148   1626.000     4.4049     4.4062   3.359943   3.359883     1.8959     1.5750     100.00   26.05964  -93.26645    0.00001    0.00024     4.4770     4.4942     4.2682     4.2695    34.9650    34.9630    27.7298    27.7281    1503.08    194.546    195.294         30 0.0000e+00
     146637   6109.836   1604.219   1621.000     4.4061     4.4077   3.359805   3.359780     1.8961     1.5751     100.00   26.05947  -93.26584    0.00000   -0.00000     4.4748     4.4912     4.2699     4.2715    34.9645    34.9626    27.7293    27.7275    1503.07    194.451    195.166         31 0.0000e+00
     146962   6123.365   1592.388   1609.000     4.4097     4.4110   3.359638   3.359598     1.8970     1.5760     100.00   26.05968  -93.26662    0.00013    0.00013     4.4707     4.4878     4.2746     4.2759    34.9646    34.9628    27.7288    27.7272    1503.08    194.276    195.017         30 0.0000e+00
     146991   6124.563   1591.402   1608.000     4.4100     4.4118   3.359592   3.359584     1.8970     1.5762     100.00   26.05947  -93.26582   -0.00004    0.00022     4.4702     4.4879     4.2750     4.2768    34.9642    34.9623    27.7285    27.7267    1503.07    194.253    195.022         30 0.0000e+00
     147190   6132.866   1586.472   1603.000     4.4123     4.4137   3.359545   3.359502     1.8968     1.5761      85.98   26.05910  -93.26446   -0.00015   -0.00001     4.4662     4.4843     4.2777     4.2790    34.9637    34.9617    27.7277    27.7261    1503.05    194.080    194.864         36 0.0000e+00
     147371   6140.407   1585.487   1602.000     4.4163     4.4180   3.359879   3.359882     1.8965     1.5763     100.99   26.05948  -93.26582   -0.00002    0.00017     4.4640     4.4840     4.2817     4.2834    34.9639    34.9622    27.7275    27.7259    1503.07    193.984    194.854         38 0.0000e+00
     148763   6198.411   1580.557   1597.000     4.4213     4.4230   3.360252   3.360234     1.8964     1.5753     100.00   26.06079  -93.27048    0.00025   -0.00009     4.4597     4.4761     4.2871     4.2888    34.9655    34.9635    27.7282    27.7265    1503.14    193.797    194.509         38 0.0000e+00
     148802   6200.025   1579.571   1596.000     4.4211     4.4227   3.360052   3.360032     1.8962     1.5760     100.00   26.05950  -93.26586    0.00010    0.00016     4.4586     4.4786     4.2871     4.2887    34.9637    34.9618    27.7268    27.7251    1503.07    193.747    194.620         45 0.0000e+00
     148913   6204.648   1575.627   1592.000     4.4221     4.4234   3.360078   3.360040     1.8970     1.5764     100.00   26.06047  -93.26935    0.00019    0.00005     4.4590     4.4776     4.2885     4.2898    34.9649    34.9632    27.7276    27.7260    1503.13    193.766    194.575         37 0.0000e+00
     148948   6206.131   1574.641   1591.000     4.4220     4.4234   3.359922   3.359876     1.8974     1.5764      69.95   26.05950  -93.26588    0.00018    0.00001     4.4601     4.4774     4.2885     4.2898    34.9637    34.9617    27.7266    27.7249    1503.07    193.812    194.566         39 0.0000e+00
     149074   6211.386   1569.711   1586.000     4.4242     4.4256   3.359928   3.359900     1.8980     1.5772     100.00   26.05981  -93.26698    0.00012    0.00009     4.4593     4.4772     4.2911     4.2925    34.9639    34.9621    27.7265    27.7249    1503.09    193.779    194.557         34 0.0000e+00
     149431   6226.268   1555.906   1572.000     4.4285     4.4298   3.359736   3.359682     1.8989     1.5776     100.00   26.06003  -93.26771   -0.00002   -0.00002     4.4539     4.4702     4.2966     4.2979    34.9640    34.9620    27.7260    27.7242    1503.10    193.545    194.255         30 0.0000e+00
     149461   6227.481   1554.920   1571.000     4.4284     4.4297   3.359629   3.359582     1.8990     1.5776     100.00   26.05952  -93.26589    0.00004    0.00002     4.4539     4.4699     4.2966     4.2980    34.9633    34.9613    27.7254    27.7237    1503.07    193.544    194.240         33 0.0000e+00
     149584   6232.642   1549.989   1566.000     4.4287     4.4299   3.359481   3.359430     1.8997     1.5780     100.00   26.05985  -93.26709    0.00009    0.00010     4.4535     4.4687     4.2974     4.2987    34.9637    34.9618    27.7256    27.7240    1503.09    193.526    194.186         32 0.0000e+00
     149614   6233.880   1549.003   1565.000     4.4288     4.4301   3.359406   3.359357     1.8996     1.5786     100.00   26.05952  -93.26589    0.00011    0.00024     4.4526     4.4704     4.2977     4.2989    34.9631    34.9612    27.7252    27.7235    1503.07    193.490    194.261         30 0.0000e+00
     149792   6241.289   1542.100   1558.000     4.4293     4.4307   3.359173   3.359129     1.9008     1.5790     100.00   26.05962  -93.26617    0.00025    0.00013     4.4530     4.4680     4.2988     4.3002    34.9633    34.9614    27.7251    27.7235    1503.07    193.506    194.159         30 0.0000e+00
     149919   6246.571   1537.170   1553.000     4.4301     4.4314   3.359052   3.359011     1.9012     1.5800     100.00   26.05983  -93.26695    0.00003    0.00020     4.4515     4.4690     4.3000     4.3013    34.9635    34.9617    27.7252    27.7236    1503.09    193.439    194.203         35 0.0000e+00
     150045   6251.842   1532.239   1548.000     4.4329     4.4341   3.359094   3.359038     1.9021     1.5803     100.00   26.05994  -93.26729    0.00018    0.00002     4.4517     4.4670     4.3033     4.3045    34.9634    34.9615    27.7248    27.7231    1503.09    193.448    194.116         31 0.0000e+00
     150353   6264.684   1520.404   1536.000     4.4374     4.4389   3.358987   3.358962     1.9023     1.5808     100.00   26.06006  -93.26773    0.00011    0.00014     4.4451     4.4616     4.3089     4.3104    34.9633    34.9614    27.7241    27.7224    1503.10    193.163    193.881         32 0.0000e+00
     150384   6265.941   1519.418   1535.000     4.4374     4.4394   3.358884   3.358898     1.9023     1.5807     100.00   26.05956  -93.26594    0.00003    0.00010     4.4446     4.4605     4.3090     4.3110    34.9626    34.9606    27.7235    27.7217    1503.07    193.142    193.832         32 0.0000e+00
     150530   6272.026   1513.500   1529.000     4.4400     4.4413   3.358830   3.358792     1.9024     1.5811     100.00   26.05932  -93.26509   -0.00001    0.00011     4.4412     4.4586     4.3121     4.3134    34.9621    34.9603    27.7228    27.7212    1503.06    192.993    193.748         33 0.0000e+00
     150738   6280.688   1505.609   1521.000     4.4408     4.4421   3.358578   3.358526     1.9030     1.5816     100.00   26.05939  -93.26533    0.00006    0.00014     4.4386     4.4558     4.3137     4.3150    34.9622    34.9603    27.7226    27.7210    1503.06    192.881    193.630         32 0.0000e+00
     151223   6300.901   1486.869   1502.000     4.4471     4.4484   3.358375   3.358332     1.9045     1.5823     100.00   26.05985  -93.26699    0.00014   -0.00005     4.4324     4.4466     4.3217     4.3230    34.9625    34.9607    27.7220    27.7205    1503.09    192.612    193.230         35 0.0000e+00
     151581   6315.825   1473.058   1488.000     4.4496     4.4506   3.357952   3.357893     1.9054     1.5843     100.00   26.05955  -93.26586    0.00004    0.00018     4.4274     4.4464     4.3254     4.3265    34.9618    34.9600    27.7211    27.7195    1503.07    192.395    193.219         31 0.0000e+00
     152017   6333.996   1456.288   1471.000     4.4602     4.4615   3.358157   3.358104     1.9065     1.5849     100.00   26.05958  -93.26593   -0.00003   -0.00021     4.4204     4.4378     4.3376     4.3388    34.9613    34.9594    27.7193    27.7177    1503.07    192.092    192.846         31 0.0000e+00
     152142   6339.214   1451.355   1466.000     4.4619     4.4634   3.358040   3.358002     1.9063     1.5840     100.00   26.05902  -93.26394   -0.00002   -0.00024     4.4167     4.4310     4.3398     4.3412    34.9605    34.9586    27.7185    27.7168    1503.04    191.927    192.553         34 0.0000e+00
     152300   6345.773   1445.435   1460.000     4.4684     4.4706   3.358396   3.358422     1.9065     1.5846      99.92   26.05953  -93.26573    0.00011    0.00001     4.4133     4.4293     4.3467     4.3489    34.9608    34.9589    27.7180    27.7162    1503.07    191.783    192.478         31 0.0000e+00
     152424   6350.965   1440.502   1455.000     4.4804     4.4819   3.359271   3.359243     1.9058     1.5836      47.31   26.05997  -93.26733   -0.00015   -0.00009     4.4064     4.4209     4.3590     4.3606    34.9609    34.9590    27.7167    27.7150    1503.09    191.481    192.113         33 0.0000e+00
     152456   6352.293   1439.516   1454.000     4.4800     4.4811   3.359145   3.359084     1.9052     1.5832     102.48   26.05960  -93.26600   -0.00038   -0.00031     4.4033     4.4189     4.3587     4.3598    34.9604    34.9585    27.7163    27.7147    1503.07    191.349    192.027         32 0.0000e+00
     152658   6360.690   1431.622   1446.000     4.4839     4.4851   3.359163   3.359110     1.9042     1.5824     100.00   26.05978  -93.26665   -0.00005 -3.259e-07     4.3946     4.4105     4.3633     4.3646    34.9604    34.9585    27.7158    27.7142    1503.08    190.971    191.660         32 0.0000e+00
     152782   6365.890   1426.689   1441.000     4.4903     4.4924   3.359522   3.359550     1.9042     1.5827     100.00   26.05992  -93.26715    0.00000    0.00004     4.3910     4.4077     4.3702     4.3723    34.9603    34.9584    27.7150    27.7133    1503.09    190.813    191.539         30 0.0000e+00
     152811   6367.084   1425.702   1440.000     4.4911     4.4932   3.359504   3.359523     1.9040     1.5824     100.00   26.05960  -93.26602   -0.00002   -0.00001     4.3896     4.4062     4.3710     4.3732    34.9597    34.9577    27.7145    27.7126    1503.07    190.752    191.473         30 0.0000e+00
     153245   6385.184   1408.928   1423.000     4.5054     4.5074   3.360080   3.360090     1.9032     1.5817     100.00   26.06010  -93.26781   -0.00009   -0.00021     4.3752     4.3917     4.3868     4.3888    34.9598    34.9578    27.7128    27.7110    1503.10    190.126    190.846         30 0.0000e+00
     153274   6386.380   1407.941   1422.000     4.5059     4.5081   3.360026   3.360046     1.9028     1.5814     100.00   26.05960  -93.26604   -0.00021   -0.00015     4.3732     4.3899     4.3874     4.3895    34.9591    34.9571    27.7121    27.7103    1503.07    190.042    190.766         32 0.0000e+00
     153397   6391.495   1403.007   1417.000     4.5116     4.5136   3.360307   3.360311     1.9023     1.5810     100.00   26.05958  -93.26596   -0.00012   -0.00005     4.3678     4.3847     4.3935     4.3955    34.9588    34.9568    27.7113    27.7095    1503.07    189.805    190.540         31 0.0000e+00
     154137   6422.333   1388.205   1402.000     4.5301     4.5351   3.361489   3.361656     1.8998     1.5788     100.00   26.06063  -93.26968   -0.00007   -0.00006     4.3474     4.3649     4.4132     4.4181    34.9594    34.9574    27.7096    27.7074    1503.13    188.920    189.681         51 0.0000e+00
     154318   6429.889   1387.218   1401.000     4.5326     4.5361   3.361429   3.361596     1.8985     1.5779      92.92   26.05963  -93.26607   -0.00000   -0.00003     4.3422     4.3605     4.4157     4.4193    34.9578    34.9560    27.7080    27.7062    1503.07    188.694    189.491         48 0.0000e+00
     154798   6449.879   1386.231   1400.000     4.5365     4.5410   3.361711   3.361964     1.8975     1.5768     100.67   26.05965  -93.26608   -0.00000    0.00000     4.3374     4.3550     4.4197     4.4242    34.9574    34.9557    27.7073    27.7054    1503.07    188.485    189.252         38 0.0000e+00
     155564   6481.800   1385.244   1399.000     4.5443     4.5481   3.362359   3.362540     1.8963     1.5758     100.00   26.05966  -93.26608    0.00004    0.00012     4.3316     4.3495     4.4276     4.4313    34.9573    34.9554    27.7063    27.7044    1503.07    188.234    189.014         40 0.0000e+00
     155637   6484.814   1382.283   1396.000     4.5514     4.5538   3.362878   3.362921     1.8965     1.5752     100.00   26.05985  -93.26678    0.00006   -0.00018     4.3298     4.3447     4.4348     4.4372    34.9574    34.9553    27.7056    27.7037    1503.08    188.154    188.804         37 0.0000e+00
     155698   6487.373   1381.296   1395.000     4.5520     4.5535   3.362865   3.362837     1.8963     1.5750     100.00   26.05966  -93.26608   -0.00012   -0.00003     4.3282     4.3436     4.4356     4.4371    34.9571    34.9551    27.7053    27.7036    1503.07    188.086    188.755         35 0.0000e+00
     155784   6490.943   1378.335   1392.000     4.5583     4.5599   3.363264   3.363256     1.8959     1.5751      90.00   26.05951  -93.26550   -0.00009    0.00001     4.3244     4.3414     4.4420     4.4436    34.9566    34.9548    27.7042    27.7026    1503.06    187.923    188.660         38 0.0000e+00
     155847   6493.576   1377.349   1391.000     4.5574     4.5597   3.363150   3.363202     1.8952     1.5749     100.65   26.05968  -93.26610   -0.00028   -0.00003     4.3212     4.3400     4.4412     4.4435    34.9567    34.9549    27.7044    27.7026    1503.07    187.783    188.598         33 0.0000e+00
     155945   6497.655   1374.388   1388.000     4.5615     4.5634   3.363441   3.363450     1.8949     1.5741      73.46   26.06013  -93.26773   -0.00006   -0.00025     4.3182     4.3346     4.4455     4.4474    34.9573    34.9554    27.7044    27.7027    1503.10    187.651    188.363         57 0.0000e+00
     156047   6501.897   1371.427   1385.000     4.5660     4.5681   3.363574   3.363589     1.8942     1.5740      97.83   26.05910  -93.26402   -0.00016    0.00001     4.3134     4.3321     4.4503     4.4524    34.9555    34.9535    27.7024    27.7006    1503.04    187.445    188.254         35 0.0000e+00
     156287   6511.912   1362.544   1376.000     4.5809     4.5824   3.364634   3.364594     1.8926     1.5715     100.00   26.06033  -93.26842   -0.00027   -0.00033     4.3006     4.3153     4.4658     4.4673    34.9568    34.9547    27.7017    27.6999    1503.11    186.888    187.526         31 0.0000e+00
     156316   6513.133   1361.557   1375.000     4.5806     4.5825   3.364489   3.364489     1.8924     1.5714     100.00   26.05968  -93.26610   -0.00028   -0.00031     4.2994     4.3143     4.4657     4.4676    34.9558    34.9538    27.7009    27.6991    1503.07    186.835    187.483         33 0.0000e+00
     156441   6518.333   1356.622   1370.000     4.5850     4.5868   3.364598   3.364595     1.8921     1.5720     100.00   26.05926  -93.26460   -0.00007    0.00023     4.2948     4.3135     4.4705     4.4723    34.9549    34.9530    27.6997    27.6980    1503.05    186.637    187.448         34 0.0000e+00
     156571   6523.748   1351.687   1365.000     4.5931     4.5950   3.365148   3.365166     1.8922     1.5710     100.00   26.05975  -93.26637    0.00011   -0.00008     4.2914     4.3059     4.4790     4.4809    34.9553    34.9535    27.6991    27.6975    1503.07    186.490    187.119         32 0.0000e+00
     156728   6530.280   1345.765   1359.000     4.6016     4.6037   3.365672   3.365693     1.8914     1.5702     100.00   26.06013  -93.26772   -0.00008   -0.00000     4.2840     4.2983     4.4880     4.4901    34.9554    34.9535    27.6982    27.6964    1503.10    186.168    186.787         31 0.0000e+00
     156878   6536.552   1339.842   1353.000     4.6069     4.6086   3.365785   3.365780     1.8901     1.5700     100.00   26.05939  -93.26507   -0.00017   -0.00003     4.2754     4.2937     4.4937     4.4955    34.9541    34.9522    27.6965    27.6948    1503.05    185.793    186.588         33 0.0000e+00
