GOMECC/GOMECC-4/1db/urb2103_1301.cnv
* Sea-Bird SBE 9 Data File:
* FileName = C:\Users\scs.user.rb\CTD\GOMECC4\data\rb2103_1301.hex
* Software Version Seasave V 7.26.7.107
* Temperature SN = 4799
* Conductivity SN = 3860
* Number of Bytes Per Scan = 41
* Number of Voltage Words = 4
* Number of Scans Averaged by the Deck Unit = 1
* NMEA Latitude = 26 52.73 N
* NMEA Longitude = 082 53.32 W
* NMEA UTC (Time) = Oct 19 2021  07:34:17
* NMEA baud rate = 4800
# nquan = 28
# nvalues = 8                           
# units = specified
# name 0 = scan: Scan Count
# name 1 = timeS: Time, Elapsed [seconds]
# name 2 = depSM: Depth [salt water, m]
# name 3 = prDM: Pressure, Digiquartz [db]
# name 4 = t090C: Temperature [ITS-90, deg C]
# name 5 = t190C: Temperature, 2 [ITS-90, deg C]
# name 6 = c0S/m: Conductivity [S/m]
# name 7 = c1S/m: Conductivity, 2 [S/m]
# name 8 = sbeox0V: Oxygen raw, SBE 43 [V]
# name 9 = sbeox1V: Oxygen raw, SBE 43, 2 [V]
# name 10 = altM: Altimeter [m]
# name 11 = latitude: Latitude [deg]
# name 12 = longitude: Longitude [deg]
# name 13 = sbox0dV/dT: Oxygen, SBE 43 [dov/dt]
# name 14 = sbox1dV/dT: Oxygen, SBE 43, 2 [dov/dt]
# name 15 = sbeox0ML/L: Oxygen, SBE 43 [ml/l], WS = 5
# name 16 = sbeox1ML/L: Oxygen, SBE 43, 2 [ml/l], WS = 5
# name 17 = potemp090C: Potential Temperature [ITS-90, deg C]
# name 18 = potemp190C: Potential Temperature, 2 [ITS-90, deg C]
# name 19 = sal00: Salinity, Practical [PSU]
# name 20 = sal11: Salinity, Practical, 2 [PSU]
# name 21 = sigma-é00: Density [sigma-theta, kg/m^3]
# name 22 = sigma-é11: Density, 2 [sigma-theta, kg/m^3]
# name 23 = avgsvCM: Average Sound Velocity [Chen-Millero, m/s], minP = 20, minS = 20
# name 24 = sbox0Mm/Kg: Oxygen, SBE 43 [umol/kg], WS = 5
# name 25 = sbox1Mm/Kg: Oxygen, SBE 43, 2 [umol/kg], WS = 5
# name 26 = nbin: number of scans per bin
# name 27 = flag: flag
# span 0 =      15146,      18933       
# span 1 =    631.029,    788.835       
# span 2 =      0.993,      8.941       
# span 3 =      1.000,      9.000       
# span 4 =    28.5794,    29.6310       
# span 5 =    28.5813,    29.6328       
# span 6 =   5.832136,   6.046141       
# span 7 =   5.832439,   6.046551       
# span 8 =     3.0991,     3.2151       
# span 9 =     2.6199,     2.7131       
# span 10 =      21.97,      30.63      
# span 11 =   26.87890,   27.86359      
# span 12 =  -85.92528,  -82.88868      
# span 13 =   -0.00040,    0.00060      
# span 14 =   -0.00049,    0.00053      
# span 15 =     4.3169,     4.4762      
# span 16 =     4.2948,     4.4448      
# span 17 =    28.5787,    29.6308      
# span 18 =    28.5805,    29.6325      
# span 19 =    36.0268,    37.3470      
# span 20 =    36.0278,    37.3485      
# span 21 =    22.9696,    23.8162      
# span 22 =    22.9700,    23.8168      
# span 23 =    1544.07,    1600.64      
# span 24 =    188.462,    195.419      
# span 25 =    187.497,    194.048      
# span 26 =         30,         61      
# span 27 = 0.0000e+00, 0.0000e+00      
# interval = decibars: 1                
# start_time = Oct 19 2021 07:34:17 [NMEA time, header]
# bad_flag = -9.990e-29
*END*
      15146    631.029      8.941      9.000    28.5992    28.6016   5.834762   5.835166     3.0991     2.6211      21.97   26.88207  -82.89822   -0.00040   -0.00049     4.3169     4.2987    28.5970    28.5994    36.0310    36.0320    22.9737    22.9736    1544.25    188.462    187.670         61 0.0000e+00
      15203    633.404      7.947      8.000    28.5955    28.5986   5.834005   5.834489     3.1001     2.6216      22.89   26.87898  -82.88868    0.00046    0.00053     4.3183     4.2993    28.5936    28.5967    36.0269    36.0279    22.9711    22.9708    1544.07    188.523    187.695         58 0.0000e+00
      15262    635.888      6.954      7.000    28.5963    28.5978   5.834040   5.834370     3.1012     2.6215      23.92   26.87898  -82.88868    0.00054   -0.00011     4.3197     4.2986    28.5947    28.5962    36.0268    36.0280    22.9707    22.9710    1544.07    188.587    187.665         52 0.0000e+00
      15312    637.961      5.961      6.000    28.5985    28.6002   5.834239   5.834562     3.1028     2.6199      24.68   26.87898  -82.88868    0.00060   -0.00033     4.3219     4.2948    28.5971    28.5987    36.0268    36.0278    22.9699    22.9701    1544.07    188.682    187.497         47 0.0000e+00
      15376    640.618      4.967      5.000    28.5988    28.6002   5.834220   5.834540     3.1013     2.6224      25.77   26.87898  -82.88868   -0.00026    0.00048     4.3186     4.2991    28.5976    28.5990    36.0268    36.0279    22.9696    22.9700    1544.07    188.537    187.687         38 0.0000e+00
      15529    646.999      3.974      4.000    28.5937    28.5944   5.833652   5.833896     3.1016     2.6217      26.79   26.87898  -82.88868   -0.00014    0.00041     4.3191     4.2977    28.5927    28.5934    36.0270    36.0282    22.9714    22.9721    1544.07    188.560    187.625         36 0.0000e+00
      18043    751.768      2.980      3.000    28.5794    28.5813   5.832136   5.832439     3.1010     2.6238      27.48   26.87890  -82.88870   -0.00017    0.00006     4.3185     4.3024    28.5787    28.5805    36.0276    36.0284    22.9766    22.9766    1544.07    188.535    187.829         43 0.0000e+00
      18933    788.835      0.993      1.000    29.6310    29.6328   6.046141   6.046551     3.2151     2.7131      30.63   27.86359  -85.92528    0.00049   -0.00030     4.4762     4.4448    29.6308    29.6325    37.3470    37.3485    23.8162    23.8168    1600.64    195.419    194.048         30 0.0000e+00
