GOMECC/GOMECC-4/1db/urb2103_1111.cnv
* Sea-Bird SBE 9 Data File:
* FileName = C:\Users\scs.user.rb\CTD\GOMECC4\data\rb2103_1111.hex
* Software Version Seasave V 7.26.7.107
* Temperature SN = 4799
* Conductivity SN = 3860
* Number of Bytes Per Scan = 41
* Number of Voltage Words = 4
* Number of Scans Averaged by the Deck Unit = 1
* NMEA Latitude = 22 20.89 N
* NMEA Longitude = 086 44.62 W
* NMEA UTC (Time) = Oct 15 2021  09:40:26
* NMEA baud rate = 4800
# nquan = 28
# nvalues = 174                         
# units = specified
# name 0 = scan: Scan Count
# name 1 = timeS: Time, Elapsed [seconds]
# name 2 = depSM: Depth [salt water, m]
# name 3 = prDM: Pressure, Digiquartz [db]
# name 4 = t090C: Temperature [ITS-90, deg C]
# name 5 = t190C: Temperature, 2 [ITS-90, deg C]
# name 6 = c0S/m: Conductivity [S/m]
# name 7 = c1S/m: Conductivity, 2 [S/m]
# name 8 = sbeox0V: Oxygen raw, SBE 43 [V]
# name 9 = sbeox1V: Oxygen raw, SBE 43, 2 [V]
# name 10 = altM: Altimeter [m]
# name 11 = latitude: Latitude [deg]
# name 12 = longitude: Longitude [deg]
# name 13 = sbox0dV/dT: Oxygen, SBE 43 [dov/dt]
# name 14 = sbox1dV/dT: Oxygen, SBE 43, 2 [dov/dt]
# name 15 = sbeox0ML/L: Oxygen, SBE 43 [ml/l], WS = 5
# name 16 = sbeox1ML/L: Oxygen, SBE 43, 2 [ml/l], WS = 5
# name 17 = potemp090C: Potential Temperature [ITS-90, deg C]
# name 18 = potemp190C: Potential Temperature, 2 [ITS-90, deg C]
# name 19 = sal00: Salinity, Practical [PSU]
# name 20 = sal11: Salinity, Practical, 2 [PSU]
# name 21 = sigma-é00: Density [sigma-theta, kg/m^3]
# name 22 = sigma-é11: Density, 2 [sigma-theta, kg/m^3]
# name 23 = avgsvCM: Average Sound Velocity [Chen-Millero, m/s], minP = 20, minS = 20
# name 24 = sbox0Mm/Kg: Oxygen, SBE 43 [umol/kg], WS = 5
# name 25 = sbox1Mm/Kg: Oxygen, SBE 43, 2 [umol/kg], WS = 5
# name 26 = nbin: number of scans per bin
# name 27 = flag: flag
# span 0 =      19537,      47561       
# span 1 =    813.996,   1981.675       
# span 2 =      0.994,    228.435       
# span 3 =      1.000,    230.000       
# span 4 =    15.0718,    28.9891       
# span 5 =    15.0751,    28.9903       
# span 6 =   4.417027,   5.907335       
# span 7 =   4.417274,   5.907598       
# span 8 =     1.9570,     3.1235       
# span 9 =     1.6246,     2.6381       
# span 10 =      11.63,     101.03      
# span 11 =   21.79322,   22.52594      
# span 12 =  -87.42573,  -84.58154      
# span 13 =   -0.00154,    0.00904      
# span 14 =   -0.00195,    0.00885      
# span 15 =     2.9965,     4.3224      
# span 16 =     3.0118,     4.2973      
# span 17 =    15.0366,    28.9886      
# span 18 =    15.0398,    28.9901      
# span 19 =    35.4897,    36.8788      
# span 20 =    35.5270,    36.8706      
# span 21 =    22.5393,    26.7230      
# span 22 =    22.5531,    26.7221      
# span 23 =    1483.69,    1533.57      
# span 24 =    130.339,    188.699      
# span 25 =    131.007,    187.600      
# span 26 =         30,         76      
# span 27 = 0.0000e+00, 0.0000e+00      
# interval = decibars: 1                
# start_time = Oct 15 2021 09:40:26 [NMEA time, header]
# bad_flag = -9.990e-29
*END*
[from data line 156]
      41702   1737.534     23.848     24.000    26.4666    26.5206   5.670972   5.676927     2.8689     2.4244     100.00   22.34964  -86.74140    0.00053    0.00221     4.0460     4.0367    26.4611    26.5151    36.5144    36.5142    24.0310    24.0136    1521.57    176.454    176.053         52 0.0000e+00
      41830   1742.890     22.855     23.000    26.5300    26.6806   5.677117   5.691128     2.8757     2.4430     100.00   22.34964  -86.74138    0.00136    0.00556     4.0541     4.0654    26.5232    26.6754    36.5096    36.4965    24.0077    23.9493    1521.57    176.812    177.312         52 0.0000e+00
      41936   1747.297     21.861     22.000    26.5743    26.8270   5.681607   5.705648     2.8830     2.4533      84.94   22.34964  -86.74138    0.00225    0.00467     4.0637     4.0755    26.5689    26.8220    36.5066    36.4817    23.9908    23.8914    1521.57    177.233    177.766         33 0.0000e+00
      41804   1741.793     19.874     20.000    26.7575    26.7992   5.686636   5.678114     2.8960     2.4613      99.23   22.17703  -86.07142    0.00399    0.00388     4.0918     4.0859    26.7529    26.7946    36.3353    36.1773    23.7839    23.6322    1509.82    178.477    178.234         50 0.0000e+00
      42252   1760.473     18.880     19.000    27.0412    27.2106   5.725076   5.739581     2.9382     2.4977     100.00   22.34966  -86.74136    0.00539    0.00569     4.1327     4.1411    27.0368    27.2062    36.4530    36.4242    23.8008    23.7245    1521.57    180.274    180.654         47 0.0000e+00
      41848   1743.609     16.893     17.000    26.8875    27.0996   5.664610   5.680605     2.9316     2.4923      98.61   22.04007  -85.53977    0.00688    0.00646     4.1224     4.1252    26.8835    27.0956    35.9105    35.8592    23.3716    23.2642    1500.49    179.845    179.984         37 0.0000e+00
      42569   1773.673     15.900     16.000    27.6833    27.9959   5.782121   5.810713     3.0043     2.5611     100.00   22.34966  -86.74134    0.00733    0.00628     4.2085     4.2165    27.6795    27.9921    36.3600    36.3203    23.5226    23.3904    1521.57    183.633    184.004         42 0.0000e+00
      43747   1822.768     13.912     14.000    28.2386    28.2664   5.834133   5.837273     3.0555     2.5800     100.00   22.34815  -86.73530    0.00032    0.00093     4.2608     4.2353    28.2353    28.2630    36.2995    36.2983    23.2946    23.2843    1521.47    185.955    184.846         64 0.0000e+00
      43821   1825.842     12.918     13.000    28.2639    28.5613   5.837072   5.864571     3.0596     2.6039     100.00   22.34968  -86.74124    0.00115    0.00308     4.2660     4.2678    28.2609    28.5583    36.3006    36.2711    23.2872    23.1665    1521.57    186.182    186.281         34 0.0000e+00
      43929   1830.335     11.925     12.000    28.5037    28.7532   5.860260   5.884852     3.0767     2.6158     100.00   22.34968  -86.74124    0.00561    0.00355     4.2787     4.2761    28.5009    28.7503    36.2789    36.2592    23.1914    23.0935    1521.57    186.756    186.657         37 0.0000e+00
      44051   1835.427     10.931     11.000    28.7914    28.9104   5.888164   5.899843     3.1030     2.6281     100.00   22.34968  -86.74122    0.00476    0.00206     4.3047     4.2877    28.7887    28.9078    36.2540    36.2456    23.0767    23.0308    1521.57    187.911    187.176         64 0.0000e+00
      43126   1796.877      8.944      9.000    28.3419    28.4011   5.761965   5.765188     3.0366     2.5749      97.51   21.79322  -84.58154    0.00017    0.00114     4.2235     4.2061    28.3397    28.3989    35.4897    35.5270    22.5393    22.5531    1483.69    184.376    183.619         34 0.0000e+00
      44357   1848.167      7.950      8.000    28.9653    28.9830   5.905082   5.907064     3.1178     2.6364     100.00   22.34968  -86.74120    0.00005    0.00060     4.3170     4.2965    28.9634    28.9810    36.2400    36.2402    23.0077    23.0020    1521.57    188.463    187.568         42 0.0000e+00
      44111   1837.931      5.962      6.000    28.7818    28.8490   5.847812   5.848597     3.0876     2.6075      99.01   22.12826  -85.88176   -0.00000   -0.00111     4.2872     4.2542    28.7803    28.8475    35.9936    36.0695    22.8468    22.8928    1506.49    187.159    185.719         62 0.0000e+00
      44580   1857.448      3.975      4.000    28.8478    28.8514   5.879209   5.879714     3.1051     2.6254      99.54   22.24586  -86.33815    0.00014   -0.00044     4.2969     4.2768    28.8469    28.8504    36.0705    36.0713    22.8940    22.8934    1514.50    187.585    186.709         52 0.0000e+00
      45534   1897.200      2.970      3.000    28.9841    28.9868   5.906802   5.907230     3.1215     2.6381     100.00   22.34971  -86.74110    0.00058    0.00104     4.3198     4.2973    28.9834    28.9861    36.2390    36.2399    23.0003    23.0001    1521.57    188.585    187.600         36 0.0000e+00
      47550   1981.204      1.989      2.000    28.9891    28.9890   5.907335   5.907483     3.1235     2.6364     100.00   22.34975  -86.74092    0.00020    0.00043     4.3224     4.2930    28.9886    28.9885    36.2392    36.2404    22.9987    22.9996    1521.57    188.699    187.417         30 0.0000e+00
      47561   1981.675      0.994      1.000    28.9830    28.9903   5.906626   5.907598     3.1223     2.6354     100.00   22.34976  -86.74092   -0.00050   -0.00113     4.3202     4.2904    28.9828    28.9901    36.2392    36.2404    23.0007    22.9991    1521.57    188.603    187.304         33 0.0000e+00
