GOMECC/GOMECC-4/1db/urb2103_1211.cnv
* Sea-Bird SBE 9 Data File:
* FileName = C:\Users\scs.user.rb\CTD\GOMECC4\data\rb2103_1211.hex
* Software Version Seasave V 7.26.7.107
* Temperature SN = 4799
* Conductivity SN = 3860
* Number of Bytes Per Scan = 41
* Number of Voltage Words = 4
* Number of Scans Averaged by the Deck Unit = 1
* NMEA Latitude = 24 24.00 N
* NMEA Longitude = 080 37.48 W
* NMEA UTC (Time) = Oct 17 2021  18:24:48
* NMEA baud rate = 4800
# nquan = 28
# nvalues = 198                         
# units = specified
# name 0 = scan: Scan Count
# name 1 = timeS: Time, Elapsed [seconds]
# name 2 = depSM: Depth [salt water, m]
# name 3 = prDM: Pressure, Digiquartz [db]
# name 4 = t090C: Temperature [ITS-90, deg C]
# name 5 = t190C: Temperature, 2 [ITS-90, deg C]
# name 6 = c0S/m: Conductivity [S/m]
# name 7 = c1S/m: Conductivity, 2 [S/m]
# name 8 = sbeox0V: Oxygen raw, SBE 43 [V]
# name 9 = sbeox1V: Oxygen raw, SBE 43, 2 [V]
# name 10 = altM: Altimeter [m]
# name 11 = latitude: Latitude [deg]
# name 12 = longitude: Longitude [deg]
# name 13 = sbox0dV/dT: Oxygen, SBE 43 [dov/dt]
# name 14 = sbox1dV/dT: Oxygen, SBE 43, 2 [dov/dt]
# name 15 = sbeox0ML/L: Oxygen, SBE 43 [ml/l], WS = 5
# name 16 = sbeox1ML/L: Oxygen, SBE 43, 2 [ml/l], WS = 5
# name 17 = potemp090C: Potential Temperature [ITS-90, deg C]
# name 18 = potemp190C: Potential Temperature, 2 [ITS-90, deg C]
# name 19 = sal00: Salinity, Practical [PSU]
# name 20 = sal11: Salinity, Practical, 2 [PSU]
# name 21 = sigma-é00: Density [sigma-theta, kg/m^3]
# name 22 = sigma-é11: Density, 2 [sigma-theta, kg/m^3]
# name 23 = avgsvCM: Average Sound Velocity [Chen-Millero, m/s], minP = 20, minS = 20
# name 24 = sbox0Mm/Kg: Oxygen, SBE 43 [umol/kg], WS = 5
# name 25 = sbox1Mm/Kg: Oxygen, SBE 43, 2 [umol/kg], WS = 5
# name 26 = nbin: number of scans per bin
# name 27 = flag: flag
# span 0 =      38287,      77438       
# span 1 =   1595.241,   3226.540       
# span 2 =      0.994,    356.396       
# span 3 =      1.000,    359.000       
# span 4 =    12.4615,    29.1284       
# span 5 =    12.4541,    29.1803       
# span 6 =   4.119435,   5.928156       
# span 7 =   4.118575,   5.928503       
# span 8 =     1.7890,     3.1996       
# span 9 =     1.4720,     2.7109       
# span 10 =      14.06,     104.51      
# span 11 =   22.55827,   24.51490      
# span 12 =  -80.93901,  -74.46373      
# span 13 =   -0.00325,    0.01349      
# span 14 =   -0.00808,    0.01388      
# span 15 =     2.7984,     4.5285      
# span 16 =     2.8119,     4.5078      
# span 17 =    12.4129,    29.1282      
# span 18 =    12.4055,    29.1800      
# span 19 =    33.4673,    36.9504      
# span 20 =    33.4690,    36.9468      
# span 21 =    21.2116,    26.9514      
# span 22 =    21.2077,    26.9519      
# span 23 =    1411.26,    1533.87      
# span 24 =    121.695,    197.658      
# span 25 =    122.286,    196.758      
# span 26 =         30,         79      
# span 27 = 0.0000e+00, 0.0000e+00      
# interval = decibars: 1                
# start_time = Oct 17 2021 18:24:48 [NMEA time, header]
# bad_flag = -9.990e-29
*END*
[from data line 52]
      43179   1799.069    253.214    255.000    16.7735    16.7625   4.622549   4.621195     2.0796     1.7354     100.00   24.40840  -80.61479    0.00638    0.00612     3.1802     3.1997    16.7313    16.7204    36.2659    36.2639    26.5507    26.5517    1527.54    138.354    139.204         30 0.0000e+00
      43206   1800.215    252.222    254.000    16.8180    16.7983   4.627841   4.625279     2.0888     1.7422     100.00   24.40718  -80.61076    0.00722    0.00690     3.1982     3.2145    16.7760    16.7563    36.2721    36.2674    26.5447    26.5457    1527.46    139.139    139.849         30 0.0000e+00
      43322   1805.058    248.252    250.000    16.9950    16.9773   4.648636   4.646711     2.1197     1.7691     100.00   24.40771  -80.61239    0.00630    0.00571     3.2565     3.2695    16.9533    16.9356    36.3000    36.2959    26.5238    26.5249    1527.49    141.678    142.244         30 0.0000e+00
      43380   1807.468    246.267    248.000    17.0809    17.0618   4.659602   4.657190     2.1345     1.7799     100.00   24.40707  -80.61020    0.00595    0.00505     3.2834     3.2902    17.0394    17.0203    36.3160    36.3121    26.5154    26.5169    1527.45    142.850    143.143         30 0.0000e+00
      43439   1809.917    244.282    246.000    17.1269    17.1305   4.665255   4.665686     2.1445     1.7887     100.00   24.40750  -80.61162    0.00500    0.00385     3.3026     3.3071    17.0857    17.0893    36.3249    36.3255    26.5111    26.5107    1527.48    143.683    143.879         30 0.0000e+00
      43671   1819.597    236.343    238.000    17.4246    17.4248   4.700701   4.700981     2.1718     1.8133     100.00   24.40745  -80.61120    0.00217    0.00134     3.3406     3.3458    17.3842    17.3845    36.3693    36.3715    26.4729    26.4745    1527.47    145.345    145.571         31 0.0000e+00
      43702   1820.855    235.351    237.000    17.4504    17.4608   4.703904   4.705048     2.1729     1.8169     100.00   24.40727  -80.61058    0.00157    0.00138     3.3409     3.3513    17.4101    17.4205    36.3743    36.3749    26.4704    26.4683    1527.46    145.357    145.809         30 0.0000e+00
      43875   1828.081    229.396    231.000    17.7669    17.7634   4.741810   4.741814     2.1953     1.8369      77.57   24.40811  -80.61319    0.00356    0.00279     3.3669     3.3786    17.7272    17.7237    36.4215    36.4247    26.4290    26.4323    1527.51    146.494    147.003         30 0.0000e+00
      43903   1829.270    228.403    230.000    17.7928    17.7963   4.744802   4.745584     2.1991     1.8406      84.31   24.40730  -80.61050    0.00355    0.00304     3.3734     3.3853    17.7532    17.7567    36.4242    36.4278    26.4245    26.4264    1527.46    146.775    147.295         31 0.0000e+00
      43935   1830.576    227.411    229.000    17.8297    17.8569   4.749352   4.752361     2.2027     1.8455      99.91   24.40731  -80.61049    0.00322    0.00326     3.3784     3.3929    17.7903    17.8174    36.4308    36.4324    26.4204    26.4150    1527.46    146.994    147.626         31 0.0000e+00
      44074   1836.387    222.448    224.000    18.0683    18.0592   4.778088   4.777061     2.2271     1.8663      99.99   24.40556  -80.60457    0.00416    0.00394     3.4144     3.4285    18.0294    18.0202    36.4658    36.4652    26.3878    26.3896    1527.35    148.566    149.178         30 0.0000e+00
      44167   1840.237    219.470    221.000    18.1453    18.1452   4.787342   4.787458     2.2356     1.8714      82.34   24.40746  -80.61074    0.00217    0.00126     3.4266     3.4340    18.1068    18.1067    36.4785    36.4796    26.3784    26.3793    1527.47    149.101    149.420         30 0.0000e+00
      44281   1844.984    215.500    217.000    18.2604    18.2622   4.801056   4.801239     2.2467     1.8809     100.00   24.40800  -80.61240    0.00248    0.00175     3.4415     3.4477    18.2224    18.2241    36.4951    36.4951    26.3622    26.3618    1527.50    149.751    150.021         30 0.0000e+00
      44310   1846.188    214.508    216.000    18.2920    18.2906   4.804483   4.804625     2.2486     1.8823     100.00   24.40738  -80.61036    0.00232    0.00191     3.4431     3.4488    18.2541    18.2527    36.4964    36.4988    26.3552    26.3574    1527.46    149.819    150.068         31 0.0000e+00
      44341   1847.501    213.515    215.000    18.3261    18.3267   4.808533   4.808917     2.2492     1.8829     100.00   24.40739  -80.61034    0.00147    0.00129     3.4415     3.4472    18.2883    18.2889    36.5010    36.5037    26.3501    26.3520    1527.46    149.752    149.999         31 0.0000e+00
      44457   1852.349    209.545    211.000    18.5355    18.5313   4.833871   4.833085     2.2566     1.8899     100.01   24.40955  -80.61733    0.00171    0.00175     3.4412     3.4486    18.4982    18.4940    36.5332    36.5302    26.3220    26.3209    1527.59    149.741    150.066         30 0.0000e+00
      44483   1853.436    208.552    210.000    18.5532    18.5520   4.835512   4.835328     2.2568     1.8909     100.00   24.40742  -80.61030    0.00104    0.00138     3.4400     3.4493    18.5160    18.5148    36.5307    36.5303    26.3154    26.3153    1527.46    149.689    150.097         30 0.0000e+00
      44604   1858.472    205.574    207.000    18.6145    18.6416   4.843135   4.846398     2.2570     1.8904      83.36   24.41223  -80.62607   -0.00010    0.00005     3.4347     3.4407    18.5778    18.6048    36.5446    36.5483    26.3110    26.3069    1527.76    149.461    149.724         39 0.0000e+00
      44675   1861.421    204.582    206.000    18.5902    18.5771   4.839572   4.838236     2.2564     1.8888     101.64   24.40746  -80.61022   -0.00012   -0.00031     3.4346     3.4407    18.5537    18.5406    36.5339    36.5342    26.3083    26.3118    1527.46    149.460    149.721         63 0.0000e+00
      46952   1956.294    196.641    198.000    18.9107    18.9060   4.880139   4.879788     2.2895     1.9208     100.05   24.42096  -80.65249    0.00084    0.00042     3.4815     3.4928    18.8751    18.8704    36.6029    36.6041    26.2807    26.2828    1528.28    151.504    151.995         39 0.0000e+00
      46971   1957.064    195.648    197.000    18.9173    18.9046   4.879515   4.878364     2.2904     1.9206     100.00   24.40792  -80.60940    0.00075    0.00066     3.4825     3.4917    18.8812    18.8692    36.5862    36.5871    26.2647    26.2685    1527.46    151.550    151.948         39 0.0000e+00
      47006   1958.526    194.655    196.000    18.9724    18.9625   4.886595   4.885677     2.2946     1.9213      93.58   24.40793  -80.60940    0.00150    0.00043     3.4884     3.4892    18.9400    18.9275    36.5945    36.5968    26.2560    26.2607    1527.46    151.805    151.840         31 0.0000e+00
      47041   1959.995    193.662    195.000    19.0020    19.0003   4.890086   4.890085     2.2990     1.9264      67.78   24.40794  -80.60938    0.00260    0.00117     3.4946     3.4985    18.9669    18.9652    36.6005    36.6021    26.2536    26.2552    1527.46    152.075    152.245         37 0.0000e+00
      47077   1961.514    192.670    194.000    19.0453    19.0373   4.894979   4.894377     2.3049     1.9323     100.76   24.40795  -80.60936    0.00335    0.00316     3.5038     3.5097    19.0093    19.0023    36.6048    36.6059    26.2460    26.2486    1527.46    152.478    152.733         34 0.0000e+00
      47275   1969.754    185.721    187.000    19.5580    19.5585   4.958562   4.958740     2.3598     1.9826      99.99   24.40469  -80.59838    0.00541    0.00462     3.5835     3.5913    19.5236    19.5242    36.6853    36.6863    26.1733    26.1740    1527.25    155.958    156.295         36 0.0000e+00
      47316   1971.461    184.728    186.000    19.5801    19.5785   4.961535   4.961563     2.3648     1.9861     100.00   24.40800  -80.60927    0.00452    0.00386     3.5923     3.5979    19.5459    19.5443    36.6927    36.6943    26.1736    26.1753    1527.46    156.339    156.584         33 0.0000e+00
      47375   1973.919    182.743    184.000    19.6318    19.6358   4.967658   4.968181     2.3690     1.9895      99.99   24.40676  -80.60508    0.00204    0.00187     3.5967     3.6010    19.5979    19.6019    36.6983    36.6992    26.1641    26.1637    1527.38    156.534    156.719         32 0.0000e+00
      47410   1975.360    181.750    183.000    19.6644    19.6645   4.971620   4.971825     2.3707     1.9917     100.00   24.40802  -80.60923    0.00160    0.00117     3.5976     3.6038    19.6307    19.6307    36.7036    36.7053    26.1597    26.1610    1527.46    156.572    156.841         32 0.0000e+00
      47469   1977.830    179.765    181.000    19.7089    19.7043   4.977018   4.976447     2.3724     1.9925     100.00   24.40774  -80.60823    0.00105    0.00073     3.5972     3.6022    19.6755    19.6709    36.7100    36.7093    26.1527    26.1534    1527.44    156.554    156.775         30 0.0000e+00
      47499   1979.098    178.772    180.000    19.7316    19.7314   4.979682   4.979881     2.3728     1.9942     100.00   24.40804  -80.60920    0.00049    0.00056     3.5959     3.6039    19.6983    19.6981    36.7127    36.7146    26.1488    26.1503    1527.46    156.502    156.848         30 0.0000e+00
      47530   1980.391    177.779    179.000    19.7570    19.7525   4.982689   4.982278     2.3746     1.9954     100.00   24.40804  -80.60918    0.00048    0.00109     3.5974     3.6047    19.7239    19.7194    36.7158    36.7163    26.1444    26.1460    1527.46    156.568    156.885         31 0.0000e+00
      47561   1981.670    176.786    178.000    19.8181    19.8279   4.989834   4.991144     2.3754     1.9963     100.00   24.40805  -80.60917    0.00089    0.00108     3.5944     3.6013    19.7851    19.7948    36.7219    36.7241    26.1329    26.1320    1527.46    156.436    156.737         30 0.0000e+00
      47591   1982.905    175.794    177.000    19.8889    19.8865   4.998282   4.998310     2.3759     1.9954     100.00   24.40806  -80.60916    0.00087    0.00053     3.5897     3.5943    19.8560    19.8536    36.7302    36.7325    26.1205    26.1228    1527.46    156.235    156.435         30 0.0000e+00
      47620   1984.145    174.801    176.000    19.9386    19.9543   5.004166   5.006305     2.3747     1.9940     100.00   24.40806  -80.60914    0.00024   -0.00038     3.5831     3.5862    19.9058    19.9215    36.7356    36.7396    26.1114    26.1102    1527.46    155.947    156.082         30 0.0000e+00
      47650   1985.387    173.808    175.000    19.9917    19.9891   5.010584   5.010354     2.3725     1.9924     100.00   24.40807  -80.60914   -0.00069   -0.00103     3.5739     3.5794    19.9590    19.9564    36.7426    36.7430    26.1026    26.1035    1527.46    155.552    155.788         30 0.0000e+00
      48169   2006.998    156.930    158.000    20.8013    20.8223   5.107055   5.109775     2.3453     1.9656      79.86   24.42251  -80.65627    0.00015    0.00026     3.4504     3.4533    20.7710    20.7920    36.8413    36.8458    25.9611    25.9590    1528.36    150.199    150.323         35 0.0000e+00
      48221   2009.178    155.937    157.000    20.8508    20.8145   5.110246   5.107076     2.3436     1.9633      97.97   24.40819  -80.60890   -0.00002   -0.00020     3.4436     3.4481    20.8206    20.7844    36.8201    36.8231    25.9294    25.9416    1527.46    149.903    150.097         59 0.0000e+00
      48325   2013.495    153.952    155.000    21.0380    21.0213   5.127778   5.125989     2.3471     1.9664      99.93   24.37127  -80.48676    0.00015    0.00096     3.4371     3.4410    21.0079    20.9914    36.7817    36.7777    25.8435    25.8450    1525.15    149.630    149.797         37 0.0000e+00
      48597   2024.828    151.966    153.000    21.0730    21.0776   5.134957   5.136089     2.3505     1.9719      99.95   24.39638  -80.56942    0.00023    0.00084     3.4418     3.4492    21.0434    21.0480    36.8276    36.8254    25.8726    25.8694    1526.72    149.831    150.156         56 0.0000e+00
      48829   2034.484    149.980    151.000    21.1529    21.1834   5.146149   5.149673     2.3572     1.9774      79.80   24.40833  -80.60864    0.00034    0.00020     3.4494     3.4546    21.1236    21.1540    36.8495    36.8525    25.8687    25.8625    1527.46    150.166    150.392         63 0.0000e+00
      50075   2086.422    148.987    150.000    21.2936    21.2939   5.162587   5.162809     2.3648     1.9813      97.56   24.40861  -80.60810    0.00028   -0.00019     3.4550     3.4560    21.2643    21.2646    36.8606    36.8622    25.8383    25.8394    1527.46    150.413    150.456         39 0.0000e+00
      50313   2096.340    147.994    149.000    21.3283    21.3225   5.166133   5.165839     2.3615     1.9782     100.00   24.40867  -80.60800   -0.00097   -0.00105     3.4451     3.4464    21.2993    21.2934    36.8595    36.8622    25.8277    25.8314    1527.46    149.986    150.041         37 0.0000e+00
      50401   2099.998    147.002    148.000    21.3466    21.3396   5.168119   5.167544     2.3577     1.9755      59.14   24.40868  -80.60796   -0.00110   -0.00090     3.4356     3.4387    21.3176    21.3106    36.8597    36.8613    25.8228    25.8259    1527.46    149.573    149.707         63 0.0000e+00
      50494   2103.892    146.009    147.000    21.3559    21.3534   5.169060   5.168665     2.3535     1.9738      94.59   24.40871  -80.60792   -0.00102   -0.00028     3.4256     3.4337    21.3272    21.3247    36.8600    36.8601    25.8203    25.8212    1527.46    149.138    149.489         42 0.0000e+00
      50554   2106.381    145.016    146.000    21.4006    21.4072   5.173633   5.174510     2.3533     1.9729      96.06   24.40872  -80.60789   -0.00032   -0.00020     3.4221     3.4277    21.3721    21.3786    36.8586    36.8600    25.8069    25.8061    1527.46    148.984    149.230         52 0.0000e+00
      50613   2108.832    144.023    145.000    21.4865    21.4821   5.183039   5.182488     2.3523     1.9695      99.19   24.40873  -80.60787   -0.00006   -0.00098     3.4139     3.4150    21.4580    21.4537    36.8598    36.8600    25.7839    25.7852    1527.46    148.631    148.679         64 0.0000e+00
      50668   2111.114    143.030    144.000    21.4991    21.5008   5.184608   5.184766     2.3496     1.9693      74.26   24.40874  -80.60784   -0.00104   -0.00085     3.4067     3.4128    21.4708    21.4725    36.8628    36.8626    25.7826    25.7820    1527.46    148.321    148.585         44 0.0000e+00
      50708   2112.778    142.037    143.000    21.5940    21.6055   5.194918   5.196127     2.3490     1.9688      99.80   24.40876  -80.60783   -0.00099   -0.00006     3.3991     3.4055    21.5658    21.5773    36.8663    36.8641    25.7588    25.7539    1527.46    147.991    148.270         39 0.0000e+00
      50749   2114.501    141.044    142.000    21.7330    21.7424   5.210838   5.211433     2.3506     1.9686     100.00   24.40877  -80.60781    0.00012   -0.00010     3.3926     3.3953    21.7049    21.7143    36.8726    36.8693    25.7246    25.7195    1527.46    147.715    147.833         44 0.0000e+00
      50795   2116.398    140.051    141.000    21.8605    21.8527   5.224842   5.224733     2.3520     1.9690     100.00   24.40878  -80.60779    0.00084   -0.00023     3.3867     3.3884    21.8325    21.8247    36.8755    36.8812    25.6909    25.6975    1527.46    147.462    147.537         45 0.0000e+00
      50839   2118.233    139.058    140.000    21.9373    21.9458   5.234861   5.235895     2.3536     1.9714     100.00   24.40879  -80.60777    0.00073    0.00086     3.3843     3.3882    21.9094    21.9179    36.8898    36.8908    25.6802    25.6785    1527.46    147.356    147.530         44 0.0000e+00
