GOMECC/GOMECC-4/1db/urb2103_1071.cnv
* Sea-Bird SBE 9 Data File:
* FileName = C:\Users\scs.user.rb\CTD\GOMECC4\data\rb2103_1071.hex
* Software Version Seasave V 7.26.7.107
* Temperature SN = 4799
* Conductivity SN = 3860
* Number of Bytes Per Scan = 41
* Number of Voltage Words = 4
* Number of Scans Averaged by the Deck Unit = 1
* NMEA Latitude = 23 05.26 N
* NMEA Longitude = 086 16.38 W
* NMEA UTC (Time) = Oct 14 2021  17:43:34
* NMEA baud rate = 4800
# nquan = 28
# nvalues = 490                         
# units = specified
# name 0 = scan: Scan Count
# name 1 = timeS: Time, Elapsed [seconds]
# name 2 = depSM: Depth [salt water, m]
# name 3 = prDM: Pressure, Digiquartz [db]
# name 4 = t090C: Temperature [ITS-90, deg C]
# name 5 = t190C: Temperature, 2 [ITS-90, deg C]
# name 6 = c0S/m: Conductivity [S/m]
# name 7 = c1S/m: Conductivity, 2 [S/m]
# name 8 = sbeox0V: Oxygen raw, SBE 43 [V]
# name 9 = sbeox1V: Oxygen raw, SBE 43, 2 [V]
# name 10 = altM: Altimeter [m]
# name 11 = latitude: Latitude [deg]
# name 12 = longitude: Longitude [deg]
# name 13 = sbox0dV/dT: Oxygen, SBE 43 [dov/dt]
# name 14 = sbox1dV/dT: Oxygen, SBE 43, 2 [dov/dt]
# name 15 = sbeox0ML/L: Oxygen, SBE 43 [ml/l], WS = 5
# name 16 = sbeox1ML/L: Oxygen, SBE 43, 2 [ml/l], WS = 5
# name 17 = potemp090C: Potential Temperature [ITS-90, deg C]
# name 18 = potemp190C: Potential Temperature, 2 [ITS-90, deg C]
# name 19 = sal00: Salinity, Practical [PSU]
# name 20 = sal11: Salinity, Practical, 2 [PSU]
# name 21 = sigma-é00: Density [sigma-theta, kg/m^3]
# name 22 = sigma-é11: Density, 2 [sigma-theta, kg/m^3]
# name 23 = avgsvCM: Average Sound Velocity [Chen-Millero, m/s], minP = 20, minS = 20
# name 24 = sbox0Mm/Kg: Oxygen, SBE 43 [umol/kg], WS = 5
# name 25 = sbox1Mm/Kg: Oxygen, SBE 43, 2 [umol/kg], WS = 5
# name 26 = nbin: number of scans per bin
# name 27 = flag: flag
# span 0 =      48166,     138408       
# span 1 =   2006.857,   5766.937       
# span 2 =      0.994,   1218.646       
# span 3 =      1.000,   1230.000       
# span 4 =     4.3669,    31.4619       
# span 5 =     4.3673,    30.8405       
# span 6 =   3.339715,   6.270927       
# span 7 =   3.339780,   6.239101       
# span 8 =     1.6128,     3.2695       
# span 9 =     1.3114,     2.7759       
# span 10 =      11.49,     105.59      
# span 11 =   22.71926,   23.80460      
# span 12 =  -88.94793,  -84.89302      
# span 13 =   -0.00340,    0.01099      
# span 14 =   -0.00374,    0.00975      
# span 15 =     2.6612,     4.5613      
# span 16 =     2.6718,     4.5824      
# span 17 =     4.2674,    31.4617      
# span 18 =     4.2678,    30.8403      
# span 19 =    34.8982,    37.4115      
# span 20 =    34.8990,    37.0147      
# span 21 =    22.3753,    27.7292      
# span 22 =    22.3799,    27.7290      
# span 23 =    1483.55,    1554.42      
# span 24 =    115.708,    198.212      
# span 25 =    116.169,    199.128      
# span 26 =         30,         71      
# span 27 = 0.0000e+00, 0.0000e+00      
# interval = decibars: 1                
# start_time = Oct 14 2021 17:43:34 [NMEA time, header]
# bad_flag = -9.990e-29
*END*
[from data line 104]
      61659   2569.072    889.425    897.000     6.2027     6.2025   3.486704   3.486681     1.7078     1.4018     100.00   23.08776  -86.27306   -0.00001    0.00001     3.2554     3.2743     6.1199     6.1197    34.9053    34.9052    27.4625    27.4624    1507.66    141.502    142.323         47 0.0000e+00
      61720   2571.613    888.436    896.000     6.2044     6.2035   3.486794   3.486717     1.7082     1.4017     100.00   23.08776  -86.27306    0.00015    0.00002     3.2564     3.2738     6.1217     6.1208    34.9050    34.9052    27.4620    27.4622    1507.66    141.544    142.298         38 0.0000e+00
      61754   2573.026    887.447    895.000     6.2082     6.2065   3.487105   3.486959     1.7083     1.4017     100.00   23.08776  -86.27306    0.00014   -0.00003     3.2560     3.2728     6.1256     6.1239    34.9051    34.9052    27.4616    27.4619    1507.66    141.525    142.258         34 0.0000e+00
      61789   2574.497    886.457    894.000     6.2116     6.2119   3.487387   3.487395     1.7084     1.4015     100.00   23.08776  -86.27306    0.00010   -0.00009     3.2554     3.2712     6.1290     6.1293    34.9053    34.9051    27.4613    27.4611    1507.66    141.501    142.188         36 0.0000e+00
      61901   2579.146    882.499    890.000     6.2681     6.2710   3.492385   3.492589     1.7081     1.4006     100.00   23.08814  -86.27446   -0.00007   -0.00015     3.2478     3.2612     6.1856     6.1884    34.9055    34.9048    27.4541    27.4532    1507.68    141.172    141.755         32 0.0000e+00
      62058   2585.709    876.563    884.000     6.3216     6.3189   3.496884   3.496623     1.7016     1.3934     100.00   23.08758  -86.27237   -0.00099   -0.00117     3.2194     3.2292     6.2393     6.2366    34.9040    34.9038    27.4459    27.4460    1507.65    139.936    140.364         34 0.0000e+00
      62213   2592.182    870.626    878.000     6.3933     6.3937   3.503092   3.503106     1.6957     1.3877     100.00   23.08809  -86.27426   -0.00096   -0.00120     3.1912     3.1997     6.3111     6.3115    34.9031    34.9028    27.4358    27.4355    1507.68    138.715    139.085         32 0.0000e+00
      62245   2593.491    869.636    877.000     6.3957     6.3953   3.503214   3.503158     1.6936     1.3855     100.00   23.08776  -86.27304   -0.00144   -0.00160     3.1837     3.1915     6.3136     6.3132    34.9025    34.9022    27.4349    27.4348    1507.66    138.387    138.725         31 0.0000e+00
      62370   2598.707    864.688    872.000     6.4123     6.4119   3.504388   3.504355     1.6877     1.3815     100.00   23.08738  -86.27161   -0.00090   -0.00047     3.1611     3.1740     6.3306     6.3302    34.9010    34.9010    27.4315    27.4316    1507.63    137.406    137.966         35 0.0000e+00
      62499   2604.065    859.741    867.000     6.4343     6.4356   3.506321   3.506400     1.6858     1.3801     100.00   23.08854  -86.27588   -0.00035   -0.00017     3.1508     3.1651     6.3530     6.3542    34.9026    34.9022    27.4299    27.4294    1507.71    136.956    137.578         30 0.0000e+00
      62529   2605.318    858.751    866.000     6.4358     6.4351   3.506292   3.506222     1.6853     1.3796     100.00   23.08777  -86.27304   -0.00032   -0.00040     3.1487     3.1627     6.3546     6.3538    34.9011    34.9011    27.4285    27.4286    1507.66    136.865    137.476         34 0.0000e+00
      62684   2611.782    852.813    860.000     6.4691     6.4670   3.509102   3.508877     1.6843     1.3790      92.61   23.08788  -86.27342   -0.00011   -0.00012     3.1402     3.1557     6.3882     6.3861    34.9014    34.9006    27.4243    27.4239    1507.67    136.497    137.170         30 0.0000e+00
      62944   2622.609    842.917    850.000     6.5641     6.5617   3.517276   3.517003     1.6788     1.3735      54.32   23.08727  -86.27112   -0.00038   -0.00039     3.1105     3.1242     6.4836     6.4812    34.9005    34.8998    27.4109    27.4106    1507.63    135.207    135.806         33 0.0000e+00
      63074   2628.052    837.969    845.000     6.6123     6.6120   3.521445   3.521396     1.6767     1.3715     100.00   23.08806  -86.27405   -0.00031   -0.00028     3.0975     3.1113     6.5320     6.5317    34.9001    34.8998    27.4041    27.4039    1507.68    134.646    135.242         34 0.0000e+00
      63205   2633.502    833.020    840.000     6.6893     6.6892   3.528368   3.528390     1.6747     1.3682     100.00   23.08780  -86.27308   -0.00037   -0.00076     3.0827     3.0911     6.6090     6.6090    34.9010    34.9013    27.3944    27.3946    1507.66    134.002    134.368         35 0.0000e+00
      63360   2639.970    827.082    834.000     6.7027     6.7033   3.529164   3.529231     1.6704     1.3664      74.57   23.08770  -86.27275   -0.00029    0.00009     3.0652     3.0815     6.6230     6.6236    34.8991    34.8991    27.3910    27.3910    1507.66    133.242    133.951         30 0.0000e+00
      63391   2641.248    826.092    833.000     6.7055     6.7046   3.529374   3.529285     1.6704     1.3662     100.38   23.08778  -86.27304   -0.00006    0.00010     3.0647     3.0803     6.6259     6.6249    34.8990    34.8990    27.3906    27.3907    1507.66    133.221    133.899         30 0.0000e+00
      63518   2646.530    821.144    828.000     6.7367     6.7391   3.532178   3.532412     1.6706     1.3662      99.48   23.08877  -86.27675    0.00008    0.00012     3.0606     3.0754     6.6574     6.6597    34.9009    34.9007    27.3878    27.3873    1507.72    133.043    133.688         31 0.0000e+00
      63547   2647.747    820.154    827.000     6.7579     6.7628   3.533846   3.534387     1.6704     1.3652     100.01   23.08778  -86.27304    0.00000   -0.00024     3.0579     3.0696     6.6785     6.6834    34.8982    34.8992    27.3828    27.3830    1507.66    132.926    133.433         32 0.0000e+00
      63675   2653.065    815.205    822.000     6.8535     6.8609   3.543427   3.544102     1.6623     1.3552      95.60   23.08853  -86.27584   -0.00181   -0.00223     3.0219     3.0248     6.7740     6.7814    34.9096    34.9095    27.3788    27.3777    1507.71    131.362    131.489         32 0.0000e+00
      63704   2654.311    814.215    821.000     6.8600     6.8628   3.543860   3.544082     1.6593     1.3523     100.14   23.08778  -86.27304   -0.00241   -0.00255     3.0113     3.0141     6.7806     6.7834    34.9081    34.9077    27.3767    27.3761    1507.66    130.902    131.022         30 0.0000e+00
      63805   2658.519    810.256    817.000     6.9006     6.9092   3.547633   3.548324     1.6532     1.3483     100.00   23.08849  -86.27568   -0.00146   -0.00094     2.9871     2.9950     6.8214     6.8299    34.9106    34.9095    27.3731    27.3711    1507.71    129.849    130.192         32 0.0000e+00
      63936   2663.943    805.307    812.000     6.9753     6.9822   3.554342   3.554924     1.6486     1.3443     100.00   23.08801  -86.27388   -0.00077   -0.00065     2.9644     2.9736     6.8961     6.9030    34.9111    34.9105    27.3632    27.3618    1507.67    128.864    129.266         31 0.0000e+00
      64070   2669.552    800.358    807.000     7.0829     7.0883   3.564389   3.564924     1.6421     1.3371     100.00   23.08841  -86.27538   -0.00114   -0.00139     2.9331     2.9383     7.0036     7.0089    34.9152    34.9156    27.3515    27.3511    1507.70    127.507    127.732         32 0.0000e+00
      64113   2671.350    799.368    806.000     7.0803     7.0823   3.563996   3.564376     1.6392     1.3342     100.00   23.08779  -86.27304   -0.00150   -0.00162     2.9239     2.9287     7.0011     7.0031    34.9146    34.9161    27.3514    27.3523    1507.66    127.104    127.313         41 0.0000e+00
      66638   2776.534    792.439    799.000     7.2165     7.2075   3.576627   3.575805     1.6264     1.3260     100.00   23.08762  -86.27235   -0.00002   -0.00002     2.8702     2.8882     7.1372     7.1283    34.9183    34.9183    27.3352    27.3365    1507.65    124.771    125.556         71 0.0000e+00
      66714   2779.700    791.449    798.000     7.2148     7.2106   3.576407   3.576076     1.6266     1.3264      88.99   23.08780  -86.27302    0.00002    0.00010     2.8704     2.8891     7.1357     7.1315    34.9179    34.9185    27.3351    27.3362    1507.66    124.782    125.594         70 0.0000e+00
      66770   2782.046    790.459    797.000     7.2136     7.2149   3.575985   3.576586     1.6267     1.3265     100.02   23.08780  -86.27302    0.00011    0.00018     2.8707     2.8885     7.1346     7.1358    34.9184    34.9192    27.3357    27.3362    1507.66    124.796    125.567         49 0.0000e+00
      66825   2784.322    789.469    796.000     7.2303     7.2324   3.577844   3.578042     1.6273     1.3268      96.21   23.08780  -86.27302    0.00014   -0.00003     2.8707     2.8878     7.1513     7.1534    34.9191    34.9197    27.3339    27.3341    1507.66    124.795    125.539         63 0.0000e+00
      66879   2786.570    788.479    795.000     7.2371     7.2381   3.578598   3.578590     1.6272     1.3260      81.25   23.08780  -86.27302    0.00018    0.00005     2.8696     2.8845     7.1581     7.1592    34.9198    34.9196    27.3335    27.3332    1507.66    124.745    125.396         38 0.0000e+00
      66973   2790.510    785.509    792.000     7.2587     7.2581   3.580483   3.580420     1.6274     1.3259     100.00   23.08823  -86.27463    0.00010   -0.00001     2.8675     2.8813     7.1799     7.1793    34.9211    34.9210    27.3315    27.3315    1507.69    124.658    125.257         33 0.0000e+00
      67005   2791.821    784.519    791.000     7.2609     7.2590   3.580564   3.580403     1.6267     1.3252      98.48   23.08780  -86.27302    0.00004   -0.00003     2.8648     2.8785     7.1822     7.1803    34.9202    34.9204    27.3305    27.3308    1507.66    124.540    125.136         31 0.0000e+00
      67113   2796.327    780.560    787.000     7.2699     7.2713   3.581266   3.581402     1.6262     1.3249     100.00   23.08775  -86.27282   -0.00013    0.00001     2.8611     2.8752     7.1916     7.1930    34.9207    34.9207    27.3295    27.3293    1507.66    124.376    124.990         33 0.0000e+00
      67245   2801.823    775.610    782.000     7.3409     7.3411   3.587979   3.587954     1.6255     1.3236     100.00   23.08754  -86.27206   -0.00025   -0.00045     2.8514     2.8636     7.2627     7.2629    34.9247    34.9243    27.3226    27.3222    1507.64    123.956    124.488         30 0.0000e+00
      67382   2807.531    770.660    777.000     7.3841     7.3862   3.591989   3.592212     1.6233     1.3220     100.00   23.08806  -86.27397   -0.00021   -0.00012     2.8395     2.8528     7.3061     7.3083    34.9275    34.9277    27.3185    27.3184    1507.68    123.438    124.017         33 0.0000e+00
      67413   2808.834    769.670    776.000     7.3889     7.3924   3.592395   3.592694     1.6227     1.3215     100.00   23.08780  -86.27302   -0.00028   -0.00013     2.8369     2.8504     7.3111     7.3145    34.9275    34.9272    27.3178    27.3171    1507.66    123.328    123.916         30 0.0000e+00
      67514   2813.048    765.710    772.000     7.5329     7.5355   3.606824   3.607178     1.6232     1.3214     100.00   23.08871  -86.27642    0.00018    0.00006     2.8259     2.8380     7.4546     7.4572    34.9417    34.9429    27.3085    27.3090    1507.72    122.851    123.375         30 0.0000e+00
      67546   2814.365    764.720    771.000     7.5362     7.5478   3.607115   3.608095     1.6227     1.3210      91.64   23.08778  -86.27302    0.00007   -0.00005     2.8236     2.8352     7.4580     7.4696    34.9418    34.9408    27.3080    27.3056    1507.66    122.751    123.253         37 0.0000e+00
      67867   2827.760    752.839    759.000     7.7798     7.7834   3.630917   3.631163     1.6217     1.3200     100.00   23.08838  -86.27522   -0.00002    0.00003     2.7980     2.8103     7.7015     7.7051    34.9609    34.9599    27.2876    27.2863    1507.70    121.639    122.175         30 0.0000e+00
      67897   2828.997    751.849    758.000     7.7892     7.7993   3.631766   3.632571     1.6213     1.3196     100.00   23.08779  -86.27302   -0.00007   -0.00003     2.7959     2.8075     7.7109     7.7224    34.9610    34.9596    27.2863    27.2836    1507.66    121.547    122.053         31 0.0000e+00
      68001   2833.352    747.889    754.000     7.8681     7.8686   3.639399   3.639412     1.6211     1.3199     100.00   23.08744  -86.27167    0.00005    0.00018     2.7879     2.8019     7.7898     7.7903    34.9662    34.9658    27.2787    27.2783    1507.64    121.199    121.812         30 0.0000e+00
      68111   2837.931    743.928    750.000     7.9146     7.9162   3.643414   3.643573     1.6201     1.3173     100.00   23.08775  -86.27283   -0.00025   -0.00066     2.7799     2.7883     7.8366     7.8381    34.9648    34.9649    27.2707    27.2705    1507.66    120.854    121.219         30 0.0000e+00
      68247   2843.576    738.978    745.000     7.9576     7.9615   3.646885   3.647184     1.6146     1.3133     100.00   23.08757  -86.27216   -0.00091   -0.00048     2.7581     2.7701     7.8798     7.8837    34.9616    34.9609    27.2617    27.2606    1507.64    119.909    120.429         30 0.0000e+00
      68355   2848.088    735.017    741.000     8.0110     8.0147   3.652011   3.652239     1.6128     1.3116     100.00   23.08834  -86.27505   -0.00043   -0.00033     2.7473     2.7591     7.9334     7.9370    34.9653    34.9641    27.2566    27.2552    1507.70    119.437    119.953         30 0.0000e+00
      68384   2849.273    734.027    740.000     8.0363     8.0542   3.654108   3.655975     1.6129     1.3114     100.00   23.08780  -86.27302   -0.00030   -0.00037     2.7455     2.7555     7.9562     7.9765    34.9645    34.9651    27.2526    27.2500    1507.66    119.359    119.795         30 0.0000e+00
      68994   2874.691    711.252    717.000     8.2738     8.2735   3.676589   3.676566     1.6141     1.3138     100.00   23.08816  -86.27436   -0.00010    0.00014     2.7241     2.7397     8.1974     8.1971    34.9777    34.9778    27.2265    27.2266    1507.68    118.435    119.113         30 0.0000e+00
      69023   2875.919    710.261    716.000     8.2764     8.2801   3.676786   3.677084     1.6142     1.3139     100.00   23.08780  -86.27303   -0.00002    0.00033     2.7238     2.7393     8.2001     8.2038    34.9777    34.9771    27.2261    27.2251    1507.66    118.420    119.093         30 0.0000e+00
      69181   2882.520    704.320    710.000     8.3830     8.3831   3.687482   3.687469     1.6154     1.3151     100.00   23.08779  -86.27300    0.00004    0.00003     2.7176     2.7341     8.3068     8.3069    34.9884    34.9881    27.2182    27.2179    1507.66    118.152    118.870         32 0.0000e+00
      69213   2883.836    703.329    709.000     8.3962     8.3987   3.688869   3.688874     1.6154     1.3150     100.00   23.08780  -86.27304   -0.00000    0.00001     2.7164     2.7323     8.3201     8.3225    34.9905    34.9881    27.2177    27.2155    1507.66    118.100    118.792         30 0.0000e+00
      69354   2889.689    699.368    705.000     8.4785     8.4723   3.697289   3.696834     1.6151     1.3136     100.00   23.08851  -86.27571   -0.00020   -0.00042     2.7081     2.7210     8.4023     8.3962    35.0013    35.0016    27.2136    27.2148    1507.71    117.739    118.299         32 0.0000e+00
      70110   2921.224    695.407    701.000     8.5605     8.5712   3.706800   3.707471     1.6148     1.3141     100.03   23.09368  -86.29507   -0.00008   -0.00001     2.6995     2.7143     8.4843     8.4949    35.0217    35.0230    27.2171    27.2165    1508.05    117.365    118.010         30 0.0000e+00
