GOMECC/GOMECC-4/1db/urb2103_0081.cnv
* Sea-Bird SBE 9 Data File:
* FileName = C:\Users\scs.user.rb\CTD\GOMECC4\data\rb2103_008.hex
* Software Version Seasave V 7.26.7.107
* Temperature SN = 4799
* Conductivity SN = 3860
* Number of Bytes Per Scan = 41
* Number of Voltage Words = 4
* Number of Scans Averaged by the Deck Unit = 1
* NMEA Latitude = 25 29.79 N
* NMEA Longitude = 080 01.43 W
* NMEA UTC (Time) = Sep 15 2021  16:51:51
* NMEA baud rate = 4800
# nquan = 28
# nvalues = 135                         
# units = specified
# name 0 = scan: Scan Count
# name 1 = timeS: Time, Elapsed [seconds]
# name 2 = depSM: Depth [salt water, m]
# name 3 = prDM: Pressure, Digiquartz [db]
# name 4 = t090C: Temperature [ITS-90, deg C]
# name 5 = t190C: Temperature, 2 [ITS-90, deg C]
# name 6 = c0S/m: Conductivity [S/m]
# name 7 = c1S/m: Conductivity, 2 [S/m]
# name 8 = sbeox0V: Oxygen raw, SBE 43 [V]
# name 9 = sbeox1V: Oxygen raw, SBE 43, 2 [V]
# name 10 = altM: Altimeter [m]
# name 11 = latitude: Latitude [deg]
# name 12 = longitude: Longitude [deg]
# name 13 = sbox0dV/dT: Oxygen, SBE 43 [dov/dt]
# name 14 = sbox1dV/dT: Oxygen, SBE 43, 2 [dov/dt]
# name 15 = sbeox0ML/L: Oxygen, SBE 43 [ml/l], WS = 5
# name 16 = sbeox1ML/L: Oxygen, SBE 43, 2 [ml/l], WS = 5
# name 17 = potemp090C: Potential Temperature [ITS-90, deg C]
# name 18 = potemp190C: Potential Temperature, 2 [ITS-90, deg C]
# name 19 = sal00: Salinity, Practical [PSU]
# name 20 = sal11: Salinity, Practical, 2 [PSU]
# name 21 = sigma-é00: Density [sigma-theta, kg/m^3]
# name 22 = sigma-é11: Density, 2 [sigma-theta, kg/m^3]
# name 23 = avgsvCM: Average Sound Velocity [Chen-Millero, m/s], minP = 20, minS = 20
# name 24 = sbox0Mm/Kg: Oxygen, SBE 43 [umol/kg], WS = 5
# name 25 = sbox1Mm/Kg: Oxygen, SBE 43, 2 [umol/kg], WS = 5
# name 26 = nbin: number of scans per bin
# name 27 = flag: flag
# span 0 =      29998,      68814       
# span 1 =   1249.885,   2867.201       
# span 2 =      3.974,    318.677       
# span 3 =      4.000,    321.000       
# span 4 =     7.7720,    29.4759       
# span 5 =     7.7729,    29.5106       
# span 6 =   3.611627,   5.813400       
# span 7 =   3.611703,   5.816807       
# span 8 =     1.6721,     3.1623       
# span 9 =     1.3783,     2.6947       
# span 10 =      10.36,     107.63      
# span 11 =   25.43331,   25.52149      
# span 12 =  -80.06478,  -79.78612      
# span 13 =   -0.00091,    0.01976      
# span 14 =   -0.00214,    0.02032      
# span 15 =     2.7429,     4.4756      
# span 16 =     2.7893,     4.5021      
# span 17 =     7.7398,    29.4741      
# span 18 =     7.7407,    29.5096      
# span 19 =    33.9400,    36.4900      
# span 20 =    33.9525,    36.4910      
# span 21 =    21.1097,    27.2886      
# span 22 =    21.1072,    27.2882      
# span 23 =    1505.52,    1510.77      
# span 24 =    119.255,    195.340      
# span 25 =    121.272,    196.411      
# span 26 =         30,         77      
# span 27 = 0.0000e+00, 0.0000e+00      
# interval = decibars: 1                
# start_time = Sep 15 2021 16:51:51 [NMEA time, header]
# bad_flag = -9.990e-29
*END*
[from data line 104]
      46831   1951.233     80.460     81.000    23.5220    23.8548   5.346882   5.385199     2.7874     2.4153      80.28   25.50757  -80.01952    0.00302    0.01439     4.1444     4.2372    23.5051    23.8378    36.4721    36.4778    24.9028    24.8089    1509.92    180.590    184.651         71 0.0000e+00
      46913   1954.676     79.467     80.000    23.8360    24.0186   5.383385   5.403403     2.8336     2.4352      99.30   25.50759  -80.01951    0.01276    0.00691     4.2047     4.2654    23.8191    24.0017    36.4775    36.4798    24.8142    24.7616    1509.92    183.236    185.892         42 0.0000e+00
      46996   1958.132     78.474     79.000    24.0458    24.1569   5.405955   5.416754     2.8625     2.4562     100.00   25.50761  -80.01950    0.00806    0.00493     4.2448     4.3022    24.0291    24.1401    36.4771    36.4682    24.7515    24.7116    1509.92    184.994    187.503         68 0.0000e+00
      47049   1960.344     76.488     77.000    24.2192    24.3091   5.415736   5.424725     2.9040     2.5016      99.76   25.44646  -79.82758    0.00846    0.00362     4.3129     4.3860    24.2028    24.2926    36.3778    36.3686    24.6150    24.5799    1506.30    187.976    191.168         43 0.0000e+00
      47223   1967.568     74.501     75.000    24.3711    24.5156   5.430163   5.446291     2.9432     2.5255      99.71   25.43331  -79.78612    0.00332    0.00239     4.3753     4.4203    24.3550    24.4994    36.3519    36.3559    24.5463    24.5057    1505.52    190.706    192.673         34 0.0000e+00
      49048   2043.623     73.508     74.000    24.5882    24.6710   5.461780   5.469788     2.9744     2.5528     100.00   25.50811  -80.01940    0.00253    0.00449     4.4200     4.4696    24.5722    24.6550    36.4587    36.4516    24.5742    24.5438    1509.92    192.663    194.831         38 0.0000e+00
      49436   2059.805     72.515     73.000    24.6727    24.7289   5.469711   5.474219     2.9876     2.5597     100.00   25.50820  -80.01938    0.00394    0.00277     4.4386     4.4801    24.6570    24.7131    36.4500    36.4390    24.5420    24.5167    1509.92    193.479    195.292         62 0.0000e+00
      49487   2061.917     71.522     72.000    24.7220    24.7481   5.473434   5.476019     2.9938     2.5607      93.23   25.50821  -80.01938    0.00328    0.00060     4.4465     4.4803    24.7064    24.7325    36.4383    36.4358    24.5182    24.5083    1509.92    193.830    195.302         53 0.0000e+00
      49543   2064.262     70.529     71.000    24.7727    24.8788   5.477606   5.487308     2.9994     2.5691      92.08   25.50823  -80.01937    0.00245    0.00240     4.4531     4.4884    24.7573    24.8633    36.4289    36.4168    24.4956    24.4541    1509.92    194.120    195.666         55 0.0000e+00
      49590   2066.188     69.536     70.000    24.8394    24.8794   5.483736   5.488031     3.0029     2.5760     100.08   25.50824  -80.01936    0.00215    0.00374     4.4542     4.5021    24.8242    24.8642    36.4211    36.4209    24.4693    24.4570    1509.92    194.172    196.263         39 0.0000e+00
      49629   2067.846     68.542     69.000    24.9343    25.0216   5.492744   5.502069     3.0123     2.5788      96.81   25.50825  -80.01936    0.00335    0.00293     4.4644     4.4969    24.9193    25.0066    36.4121    36.4113    24.4336    24.4062    1509.92    194.624    196.047         41 0.0000e+00
      49679   2069.914     67.549     68.000    25.0326    25.2946   5.502932   5.530299     3.0183     2.5825      79.38   25.50826  -80.01936    0.00396    0.00159     4.4674     4.4858    25.0178    25.2797    36.4092    36.4020    24.4012    24.3152    1509.92    194.763    195.578         52 0.0000e+00
      49753   2073.013     66.556     67.000    25.5495    25.9994   5.554330   5.600422     3.0333     2.6055     100.04   25.50828  -80.01934    0.00397    0.00659     4.4547     4.4794    25.5347    25.9844    36.3759    36.3563    24.2167    24.0618    1509.92    194.245    195.351         70 0.0000e+00
      49829   2076.151     65.563     66.000    26.0874    26.5287   5.606689   5.647965     3.0519     2.6208     100.00   25.50830  -80.01934    0.00600    0.00558     4.4475     4.4762    26.0725    26.5137    36.3327    36.2869    24.0162    23.8426    1509.92    193.968    195.249         75 0.0000e+00
      49914   2079.697     64.569     65.000    26.5619    26.7976   5.650298   5.670681     3.0744     2.6340     100.00   25.50833  -80.01934    0.00657    0.00402     4.4531     4.4820    26.5471    26.7827    36.2757    36.2382    23.8235    23.7203    1509.92    194.247    195.527         58 0.0000e+00
      49993   2082.989     63.576     64.000    26.8177    26.9710   5.671669   5.685310     3.0890     2.6465     100.00   25.50834  -80.01934    0.00417    0.00321     4.4610     4.4941    26.8030    26.9563    36.2297    36.2081    23.7074    23.6420    1509.92    194.613    196.069         58 0.0000e+00
      50078   2086.548     62.583     63.000    26.9855    27.2036   5.685936   5.705178     3.0997     2.6486      99.85   25.50838  -80.01932    0.00307    0.00116     4.4679     4.4816    26.9710    27.1891    36.2016    36.1697    23.6324    23.5383    1509.92    194.928    195.546         74 0.0000e+00
      50170   2090.359     61.590     62.000    27.1870    27.3677   5.703107   5.718329     3.1072     2.6485      99.98   25.50839  -80.01932    0.00183    0.00067     4.4661     4.4721    27.1726    27.3533    36.1681    36.1366    23.5424    23.4604    1509.92    194.868    195.144         32 0.0000e+00
      50257   2093.985     60.596     61.000    27.3856    27.5828   5.719294   5.735522     3.1127     2.6590     100.00   25.50841  -80.01932    0.00101    0.00265     4.4609     4.4759    27.3714    27.5686    36.1300    36.0995    23.4495    23.3654    1509.92    194.661    195.329         50 0.0000e+00
      51684   2153.469     59.603     60.000    27.7211    27.8369   5.747869   5.758332     3.1339     2.6768     100.00   25.50878  -80.01923    0.00082    0.00251     4.4745     4.4934    27.7070    27.8228    36.0744    36.0595    23.2987    23.2497    1509.92    195.280    196.115         51 0.0000e+00
      52187   2174.435     58.610     59.000    27.8668    28.0234   5.760422   5.775707     3.1407     2.6860      99.98   25.50890  -80.01918    0.00135    0.00270     4.4756     4.4999    27.8529    28.0096    36.0514    36.0429    23.2338    23.1776    1509.92    195.340    196.411         66 0.0000e+00
      52252   2177.132     57.617     58.000    28.1274    28.3076   5.786245   5.805996     3.1488     2.6874     100.00   25.50892  -80.01918    0.00249    0.00146     4.4696     4.4795    28.1137    28.2938    36.0341    36.0351    23.1352    23.0766    1509.92    195.099    195.543         55 0.0000e+00
      52306   2179.388     56.624     57.000    28.2719    28.3216   5.800358   5.804963     3.1544     2.6858     100.00   25.50894  -80.01918    0.00339   -0.00031     4.4683     4.4751    28.2595    28.3081    36.0223    36.0176    23.0783    23.0587    1509.92    195.053    195.356         54 0.0000e+00
      52361   2181.651     55.630     56.000    28.3727    28.4211   5.803775   5.805310     3.1565     2.6870      86.09   25.50895  -80.01918    0.00096   -0.00045     4.4649     4.4715    28.3593    28.4078    35.9707    35.9446    23.0065    22.9709    1509.92    194.917    195.215         55 0.0000e+00
      52418   2184.026     54.637     55.000    28.4541    28.5196   5.806366   5.807857     3.1547     2.6867     100.15   25.50896  -80.01918    0.00026    0.00038     4.4557     4.4660    28.4410    28.5066    35.9273    35.8910    22.9468    22.8974    1509.92    194.529    194.984         57 0.0000e+00
      52472   2186.311     53.644     54.000    28.5111    28.5365   5.807153   5.806950     3.1558     2.6940     100.00   25.50897  -80.01918   -0.00056    0.00245     4.4537     4.4780    28.4982    28.5236    35.8899    35.8692    22.8998    22.8758    1509.92    194.448    195.515         54 0.0000e+00
      52529   2188.652     52.651     53.000    28.5245    28.5323   5.805152   5.803822     3.1547     2.6910     100.00   25.50898  -80.01918    0.00007   -0.00055     4.4507     4.4721    28.5118    28.5196    35.8661    35.8509    22.8773    22.8633    1509.92    194.321    195.262         61 0.0000e+00
      52590   2191.188     51.657     52.000    28.5384    28.5907   5.801648   5.803391     3.1583     2.6947     100.00   25.50901  -80.01917    0.00093    0.00129     4.4569     4.4759    28.5259    28.5784    35.8328    35.7987    22.8476    22.8019    1509.92    194.601    195.433         58 0.0000e+00
      52650   2193.713     50.664     51.000    28.6242    28.7413   5.804994   5.813773     3.1619     2.6927     100.00   25.50902  -80.01916    0.00132    0.00038     4.4568     4.4613    28.6119    28.7291    35.7903    35.7632    22.7871    22.7278    1509.92    194.604    194.812         62 0.0000e+00
      52707   2196.102     49.671     50.000    28.7513    28.7998   5.813400   5.816807     3.1623     2.6892     100.00   25.50903  -80.01916    0.00111   -0.00214     4.4480     4.4498    28.7392    28.7877    35.7534    35.7406    22.7170    22.6912    1509.92    194.235    194.320         42 0.0000e+00
      68814   2867.201      3.974      4.000    29.4759    29.5106   5.624161   5.630463     3.1477     2.6758      98.30   25.51310  -80.01806    0.00132    0.00174     4.3849     4.3903    29.4741    29.5096    33.9400    33.9525    21.1097    21.1072    1509.92    191.780    192.017         30 0.0000e+00
