GOMECC/GOMECC-4/1db/urb2103_1111.cnv
* Sea-Bird SBE 9 Data File:
* FileName = C:\Users\scs.user.rb\CTD\GOMECC4\data\rb2103_1111.hex
* Software Version Seasave V 7.26.7.107
* Temperature SN = 4799
* Conductivity SN = 3860
* Number of Bytes Per Scan = 41
* Number of Voltage Words = 4
* Number of Scans Averaged by the Deck Unit = 1
* NMEA Latitude = 22 20.89 N
* NMEA Longitude = 086 44.62 W
* NMEA UTC (Time) = Oct 15 2021  09:40:26
* NMEA baud rate = 4800
# nquan = 28
# nvalues = 174                         
# units = specified
# name 0 = scan: Scan Count
# name 1 = timeS: Time, Elapsed [seconds]
# name 2 = depSM: Depth [salt water, m]
# name 3 = prDM: Pressure, Digiquartz [db]
# name 4 = t090C: Temperature [ITS-90, deg C]
# name 5 = t190C: Temperature, 2 [ITS-90, deg C]
# name 6 = c0S/m: Conductivity [S/m]
# name 7 = c1S/m: Conductivity, 2 [S/m]
# name 8 = sbeox0V: Oxygen raw, SBE 43 [V]
# name 9 = sbeox1V: Oxygen raw, SBE 43, 2 [V]
# name 10 = altM: Altimeter [m]
# name 11 = latitude: Latitude [deg]
# name 12 = longitude: Longitude [deg]
# name 13 = sbox0dV/dT: Oxygen, SBE 43 [dov/dt]
# name 14 = sbox1dV/dT: Oxygen, SBE 43, 2 [dov/dt]
# name 15 = sbeox0ML/L: Oxygen, SBE 43 [ml/l], WS = 5
# name 16 = sbeox1ML/L: Oxygen, SBE 43, 2 [ml/l], WS = 5
# name 17 = potemp090C: Potential Temperature [ITS-90, deg C]
# name 18 = potemp190C: Potential Temperature, 2 [ITS-90, deg C]
# name 19 = sal00: Salinity, Practical [PSU]
# name 20 = sal11: Salinity, Practical, 2 [PSU]
# name 21 = sigma-é00: Density [sigma-theta, kg/m^3]
# name 22 = sigma-é11: Density, 2 [sigma-theta, kg/m^3]
# name 23 = avgsvCM: Average Sound Velocity [Chen-Millero, m/s], minP = 20, minS = 20
# name 24 = sbox0Mm/Kg: Oxygen, SBE 43 [umol/kg], WS = 5
# name 25 = sbox1Mm/Kg: Oxygen, SBE 43, 2 [umol/kg], WS = 5
# name 26 = nbin: number of scans per bin
# name 27 = flag: flag
# span 0 =      19537,      47561       
# span 1 =    813.996,   1981.675       
# span 2 =      0.994,    228.435       
# span 3 =      1.000,    230.000       
# span 4 =    15.0718,    28.9891       
# span 5 =    15.0751,    28.9903       
# span 6 =   4.417027,   5.907335       
# span 7 =   4.417274,   5.907598       
# span 8 =     1.9570,     3.1235       
# span 9 =     1.6246,     2.6381       
# span 10 =      11.63,     101.03      
# span 11 =   21.79322,   22.52594      
# span 12 =  -87.42573,  -84.58154      
# span 13 =   -0.00154,    0.00904      
# span 14 =   -0.00195,    0.00885      
# span 15 =     2.9965,     4.3224      
# span 16 =     3.0118,     4.2973      
# span 17 =    15.0366,    28.9886      
# span 18 =    15.0398,    28.9901      
# span 19 =    35.4897,    36.8788      
# span 20 =    35.5270,    36.8706      
# span 21 =    22.5393,    26.7230      
# span 22 =    22.5531,    26.7221      
# span 23 =    1483.69,    1533.57      
# span 24 =    130.339,    188.699      
# span 25 =    131.007,    187.600      
# span 26 =         30,         76      
# span 27 = 0.0000e+00, 0.0000e+00      
# interval = decibars: 1                
# start_time = Oct 15 2021 09:40:26 [NMEA time, header]
# bad_flag = -9.990e-29
*END*
[from data line 104]
      27427   1142.734    111.270    112.000    17.7331    17.7349   4.728131   4.728550     2.1034     1.7534     100.00   22.34950  -86.74242    0.00116    0.00160     3.1139     3.1259    17.7139    17.7157    36.3795    36.3815    26.4000    26.4010    1521.57    135.490    136.014         33 0.0000e+00
      27459   1144.090    110.276    111.000    17.7652    17.7720   4.731821   4.732805     2.1049     1.7555     100.00   22.34950  -86.74243    0.00095    0.00217     3.1148     3.1286    17.7462    17.7530    36.3830    36.3854    26.3946    26.3948    1521.57    135.529    136.130         33 0.0000e+00
      27493   1145.504    109.283    110.000    17.8230    17.8214   4.738678   4.738679     2.1074     1.7569     100.00   22.34950  -86.74242    0.00116    0.00173     3.1161     3.1285    17.8041    17.8025    36.3909    36.3923    26.3864    26.3879    1521.57    135.586    136.125         35 0.0000e+00
      27528   1146.941    108.290    109.000    17.8573    17.8523   4.742676   4.742062     2.1088     1.7560     100.00   22.34950  -86.74242    0.00147    0.00067     3.1166     3.1239    17.8385    17.8335    36.3951    36.3943    26.3811    26.3818    1521.57    135.610    135.926         34 0.0000e+00
      27562   1148.357    107.297    108.000    17.8814    17.8830   4.745410   4.745515     2.1091     1.7559     100.00   22.34950  -86.74242    0.00098   -0.00029     3.1153     3.1213    17.8628    17.8644    36.3975    36.3970    26.3769    26.3762    1521.57    135.552    135.817         34 0.0000e+00
      27596   1149.786    106.303    107.000    17.9330    17.9153   4.751223   4.749207     2.1096     1.7575     100.00   22.34950  -86.74242    0.00030    0.00012     3.1126     3.1225    17.9130    17.8973    36.4034    36.4001    26.3691    26.3711    1521.57    135.435    135.869         34 0.0000e+00
      27629   1151.180    105.310    106.000    17.9720    17.9676   4.756219   4.755760     2.1103     1.7584     100.00   22.34950  -86.74242    0.00035    0.00083     3.1112     3.1214    17.9537    17.9493    36.4103    36.4103    26.3643    26.3654    1521.57    135.377    135.820         34 0.0000e+00
      27665   1152.651    104.317    105.000    17.9970    17.9934   4.759191   4.758597     2.1117     1.7610     100.00   22.34950  -86.74242    0.00065    0.00106     3.1123     3.1258    17.9789    17.9752    36.4140    36.4121    26.3608    26.3603    1521.57    135.426    136.013         36 0.0000e+00
      27698   1154.054    103.324    104.000    18.0129    18.0145   4.760999   4.761165     2.1123     1.7615     100.00   22.34950  -86.74242    0.00076    0.00121     3.1122     3.1253    17.9949    17.9965    36.4158    36.4157    26.3582    26.3578    1521.57    135.420    135.992         32 0.0000e+00
      27731   1155.404    102.330    103.000    18.0400    18.0459   4.764036   4.764651     2.1134     1.7616     100.00   22.34950  -86.74240    0.00060    0.00058     3.1126     3.1231    18.0222    18.0280    36.4180    36.4181    26.3531    26.3517    1521.57    135.438    135.898         33 0.0000e+00
      27764   1156.779    101.337    102.000    18.0709    18.0680   4.767382   4.767180     2.1155     1.7624     100.00   22.34950  -86.74240    0.00086    0.00027     3.1148     3.1235    18.0532    18.0503    36.4196    36.4204    26.3466    26.3480    1521.57    135.535    135.913         33 0.0000e+00
      27799   1158.259    100.344    101.000    18.1100    18.1176   4.772093   4.772948     2.1170     1.7637     100.00   22.34950  -86.74240    0.00128    0.00058     3.1151     3.1231    18.0925    18.1001    36.4255    36.4261    26.3413    26.3399    1521.57    135.549    135.897         38 0.0000e+00
      27837   1159.847     99.351    100.000    18.1474    18.1451   4.776401   4.776228     2.1188     1.7662     100.00   22.34950  -86.74239    0.00110    0.00097     3.1163     3.1271    18.1300    18.1277    36.4295    36.4301    26.3350    26.3360    1521.57    135.601    136.075         36 0.0000e+00
      27869   1161.178     98.357     99.000    18.1722    18.1771   4.779576   4.780105     2.1199     1.7680     100.00   22.34950  -86.74238    0.00099    0.00150     3.1166     3.1291    18.1550    18.1599    36.4350    36.4352    26.3330    26.3319    1521.57    135.617    136.158         30 0.0000e+00
      27899   1162.428     97.364     98.000    18.2085    18.2091   4.783865   4.783969     2.1216     1.7691     100.00   22.34950  -86.74240    0.00106    0.00132     3.1178     3.1292    18.1910    18.1920    36.4400    36.4402    26.3278    26.3277    1521.57    135.669    136.164         31 0.0000e+00
      27933   1163.842     96.371     97.000    18.2360    18.2273   4.786978   4.786048     2.1237     1.7710     100.00   22.34950  -86.74239    0.00124    0.00108     3.1202     3.1324    18.2190    18.2103    36.4424    36.4421    26.3226    26.3246    1521.57    135.772    136.303         37 0.0000e+00
      27972   1165.444     95.378     96.000    18.2545    18.2512   4.789185   4.788912     2.1255     1.7729     100.00   22.34950  -86.74238    0.00139    0.00125     3.1226     3.1351    18.2377    18.2344    36.4452    36.4457    26.3200    26.3213    1521.57    135.880    136.423         37 0.0000e+00
      28011   1167.068     94.384     95.000    18.2637    18.2682   4.790312   4.790881     2.1268     1.7737     100.00   22.34950  -86.74238    0.00108    0.00103     3.1246     3.1355    18.2471    18.2516    36.4476    36.4488    26.3196    26.3193    1521.57    135.966    136.441         31 0.0000e+00
      30414   1267.222     85.444     86.000    18.4522    18.4413   4.809353   4.808971     2.1378     1.7829      99.92   22.33245  -86.67603    0.00019    0.00013     3.1349     3.1436    18.4370    18.4262    36.4579    36.4427    26.2786    26.2684    1520.41    136.418    136.798         37 0.0000e+00
      30587   1274.418     84.451     85.000    18.5812    18.4860   4.826343   4.816204     2.1428     1.7871     100.00   22.34952  -86.74226    0.00065    0.00076     3.1353     3.1506    18.5672    18.4710    36.4770    36.4741    26.2612    26.2834    1521.57    136.440    137.102         30 0.0000e+00
      30730   1280.376     83.458     84.000    18.8474    18.8271   4.859425   4.856773     2.1802     1.8240     100.00   22.34952  -86.74224    0.00738    0.00885     3.1992     3.2178    18.8323    18.8121    36.5207    36.5163    26.2271    26.2289    1521.57    139.225    140.034         34 0.0000e+00
      31766   1323.557     75.511     76.000    19.3130    19.3453   4.908556   4.912895     2.2017     1.8358      99.97   22.31241  -86.59816   -0.00096   -0.00091     3.2124     3.2103    19.2992    19.3315    36.5058    36.5137    26.0899    26.0875    1519.04    139.813    139.721         36 0.0000e+00
      33075   1378.099     73.524     74.000    19.5537    19.5626   4.938630   4.939711     2.1805     1.8169      98.91   22.35087  -86.74728    0.00055   -0.00023     3.1503     3.1520    19.5423    19.5490    36.5649    36.5691    26.0770    26.0786    1521.66    137.115    137.191         51 0.0000e+00
      33237   1384.844     71.537     72.000    19.6033    19.5961   4.940147   4.939460     2.1831     1.8207      99.88   22.32310  -86.63948    0.00072    0.00065     3.1517     3.1581    19.5895    19.5829    36.5229    36.5383    26.0285    26.0430    1519.77    137.180    137.459         61 0.0000e+00
      33389   1391.155     70.544     71.000    19.7189    19.7045   4.956290   4.954877     2.1960     1.8323     100.00   22.34954  -86.74208    0.00229    0.00276     3.1718     3.1781    19.7057    19.6914    36.5706    36.5753    26.0383    26.0456    1521.57    138.060    138.332         37 0.0000e+00
      33469   1394.513     69.550     70.000    19.7380    19.7394   4.958404   4.959190     2.2002     1.8363     100.00   22.34954  -86.74207    0.00096    0.00132     3.1793     3.1853    19.7251    19.7265    36.5717    36.5757    26.0340    26.0366    1521.57    138.383    138.647         31 0.0000e+00
      33585   1399.336     68.557     69.000    19.7891    19.7842   4.964153   4.964360     2.2044     1.8397     100.00   22.34955  -86.74206    0.00060    0.00052     3.1846     3.1903    19.7763    19.7714    36.5751    36.5811    26.0231    26.0290    1521.57    138.615    138.863         45 0.0000e+00
      33672   1402.950     67.564     68.000    19.9642    19.8942   4.982024   4.974741     2.2071     1.8398     100.00   22.34957  -86.74206    0.00004   -0.00038     3.1791     3.1837    19.9515    19.8815    36.5706    36.5714    25.9733    25.9924    1521.57    138.385    138.580         30 0.0000e+00
      33778   1407.370     66.570     67.000    20.0445    19.9501   4.990667   4.981533     2.2117     1.8447     100.00   22.34956  -86.74205    0.00106    0.00076     3.1834     3.1898    20.0320    19.9376    36.5723    36.5777    25.9531    25.9823    1521.57    138.573    138.850         36 0.0000e+00
      33873   1411.333     65.577     66.000    20.1774    20.0491   5.004735   4.991867     2.2178     1.8488     100.00   22.34956  -86.74204    0.00139    0.00101     3.1868     3.1946    20.1649    20.0368    36.5730    36.5786    25.9182    25.9567    1521.57    138.728    139.061         47 0.0000e+00
      34039   1418.266     63.590     64.000    20.3300    20.2358   5.018750   5.010248     2.2261     1.8596      99.92   22.33268  -86.67651   -0.00046    0.00198     3.1953     3.2077    20.3179    20.2238    36.5477    36.5585    25.8554    25.8888    1520.42    139.104    139.639         35 0.0000e+00
      34175   1423.929     60.609     61.000    20.2866    20.2779   5.000213   5.000302     2.2031     1.8390      99.54   22.24375  -86.33134   -0.00032   -0.00063     3.1524     3.1569    20.2751    20.2663    36.4208    36.4093    25.7588    25.7512    1514.37    137.235    137.433         32 0.0000e+00
      34471   1436.242     59.616     60.000    20.3663    20.3656   5.023584   5.023645     2.2085     1.8443     100.00   22.34956  -86.74200   -0.00076   -0.00049     3.1540     3.1635    20.3550    20.3543    36.5661    36.5671    25.8620    25.8629    1521.57    137.309    137.720         61 0.0000e+00
      34830   1451.213     56.636     57.000    20.4284    20.4249   5.034296   5.034040     2.2104     1.8443     100.16   22.38500  -86.87953    0.00017    0.00018     3.1525     3.1591    20.4176    20.4141    36.6217    36.6227    25.8930    25.8946    1523.98    137.244    137.529         55 0.0000e+00
      34858   1452.386     55.642     56.000    20.4085    20.4153   5.027866   5.028484     2.2085     1.8419      82.43   22.34956  -86.74198    0.00003   -0.00006     3.1499     3.1536    20.3979    20.4047    36.5660    36.5651    25.8503    25.8478    1521.57    137.130    137.288         33 0.0000e+00
      35012   1458.799     54.649     55.000    20.4540    20.4405   5.032674   5.031365     2.2134     1.8461      89.41   22.34956  -86.74197    0.00092    0.00054     3.1569     3.1614    20.4437    20.4301    36.5663    36.5673    25.8382    25.8426    1521.57    137.437    137.633         64 0.0000e+00
      36262   1510.883     51.668     52.000    20.6386    20.6952   5.062462   5.068053     2.2363     1.8727      74.96   22.42135  -87.02051    0.00160    0.00294     3.1916     3.2076    20.6288    20.6853    36.6933    36.6928    25.8962    25.8805    1526.46    138.951    139.647         47 0.0000e+00
      36226   1509.382     50.675     51.000    20.7435    20.7302   5.067164   5.064385     2.2497     1.8807     101.03   22.34956  -86.74188    0.00489    0.00349     3.2133     3.2221    20.7338    20.7206    36.6002    36.5838    25.7854    25.7754    1521.57    139.896    140.284         32 0.0000e+00
      36329   1513.664     49.681     50.000    21.0753    20.9068   5.102580   5.083186     2.2761     1.8987     100.00   22.34956  -86.74187    0.00644    0.00656     3.2475     3.2535    21.0656    20.8972    36.6006    36.5896    25.6950    25.7331    1521.57    141.400    141.656         39 0.0000e+00
      36328   1513.645     47.694     48.000    21.5935    21.4499   5.143577   5.129745     2.3459     1.9497      99.55   22.24090  -86.32004    0.00496    0.00515     3.3590     3.3345    21.5841    21.4406    36.4212    36.4328    25.3968    25.4455    1514.17    146.278    145.209         37 0.0000e+00
      36632   1526.272     46.701     47.000    21.7263    21.6924   5.171263   5.167775     2.3646     1.9727     100.00   22.34958  -86.74184    0.00115    0.00253     3.3880     3.3736    21.7170    21.6831    36.5976    36.5993    25.5119    25.5227    1521.57    147.546    146.915         33 0.0000e+00
      36737   1530.672     45.707     46.000    21.7678    21.7502   5.174470   5.173092     2.3676     1.9790     100.00   22.34958  -86.74182    0.00080    0.00180     3.3913     3.3844    21.7573    21.7411    36.5878    36.5917    25.4932    25.5007    1521.57    147.689    147.389         41 0.0000e+00
      37240   1551.609     44.714     45.000    21.8899    21.9031   5.187345   5.190942     2.3795     1.9952      95.30   22.34959  -86.74177    0.00044    0.00060     3.4109     3.4105    21.8811    21.8943    36.5993    36.5956    25.4671    25.4593    1521.57    148.545    148.530         42 0.0000e+00
      38388   1599.467     39.746     40.000    22.0942    22.1022   5.222722   5.223703     2.4046     2.0170     100.41   22.44019  -87.09318    0.00023    0.00046     3.4431     3.4470    22.0862    22.0943    36.7528    36.7536    25.5414    25.5398    1527.74    149.955    150.123         33 0.0000e+00
      38280   1594.960     37.759     38.000    22.0535    22.0924   5.198721   5.204618     2.3930     2.0108      97.53   22.27032  -86.43389    0.00060    0.00116     3.4212     3.4305    22.0459    22.0849    36.4908    36.4982    25.3245    25.3170    1516.17    149.004    149.408         39 0.0000e+00
      38545   1606.005     36.765     37.000    22.3284    22.4006   5.240739   5.248037     2.4294     2.0408     100.09   22.34962  -86.74164    0.00524    0.00335     3.4764     3.4790    22.3210    22.3931    36.6408    36.6377    25.3741    25.3512    1521.57    151.415    151.529         41 0.0000e+00
      39537   1647.315     34.778     35.000    23.9538    23.9570   5.429522   5.429881     2.5842     2.1695     100.49   22.45810  -87.16264    0.00549    0.00363     3.6670     3.6638    23.9464    23.9496    36.8204    36.8205    25.0567    25.0558    1528.96    159.785    159.644         31 0.0000e+00
      40055   1668.911     32.791     33.000    24.3457    24.3171   5.478529   5.474357     2.6211     2.2007     100.53   22.46888  -87.20437    0.00288    0.00067     3.7218     3.7103    24.3387    24.3101    36.8788    36.8706    24.9861    24.9885    1529.69    162.185    161.682         41 0.0000e+00
      39929   1663.680     31.797     32.000    24.4914    24.5639   5.478610   5.484297     2.6331     2.2164     100.00   22.34964  -86.74154    0.00681    0.00503     3.7336     3.7254    24.4845    24.5570    36.6784    36.6620    24.7668    24.7326    1521.57    162.714    162.359         45 0.0000e+00
      40203   1675.066     29.810     30.000    25.3102    25.3228   5.561029   5.562651     2.7284     2.2971     100.13   22.37835  -86.85295    0.00904    0.00532     3.8623     3.8502    25.3036    25.3163    36.6505    36.6533    24.5018    24.5009    1523.52    168.369    167.842         58 0.0000e+00
      40819   1700.770     26.829     27.000    25.9624    25.9990   5.646651   5.649013     2.8059     2.3583     100.79   22.52594  -87.42573    0.00139    0.00030     3.9669     3.9400    25.9564    25.9930    36.8645    36.8541    24.4918    24.4725    1533.57    172.958    171.786         38 0.0000e+00
