GOMECC/GOMECC-4/1db/urb2103_0401.cnv
* Sea-Bird SBE 9 Data File:
* FileName = C:\Users\scs.user.rb\CTD\GOMECC4\data\rb2103_0401.hex
* Software Version Seasave V 7.26.7.107
* Temperature SN = 4799
* Conductivity SN = 3860
* Number of Bytes Per Scan = 41
* Number of Voltage Words = 4
* Number of Scans Averaged by the Deck Unit = 1
* NMEA Latitude = 27 54.62 N
* NMEA Longitude = 090 00.08 W
* NMEA UTC (Time) = Sep 25 2021  23:21:03
* NMEA baud rate = 4800
# nquan = 28
# nvalues = 233                         
# units = specified
# name 0 = scan: Scan Count
# name 1 = timeS: Time, Elapsed [seconds]
# name 2 = depSM: Depth [salt water, m]
# name 3 = prDM: Pressure, Digiquartz [db]
# name 4 = t090C: Temperature [ITS-90, deg C]
# name 5 = t190C: Temperature, 2 [ITS-90, deg C]
# name 6 = c0S/m: Conductivity [S/m]
# name 7 = c1S/m: Conductivity, 2 [S/m]
# name 8 = sbeox0V: Oxygen raw, SBE 43 [V]
# name 9 = sbeox1V: Oxygen raw, SBE 43, 2 [V]
# name 10 = altM: Altimeter [m]
# name 11 = latitude: Latitude [deg]
# name 12 = longitude: Longitude [deg]
# name 13 = sbox0dV/dT: Oxygen, SBE 43 [dov/dt]
# name 14 = sbox1dV/dT: Oxygen, SBE 43, 2 [dov/dt]
# name 15 = sbeox0ML/L: Oxygen, SBE 43 [ml/l], WS = 5
# name 16 = sbeox1ML/L: Oxygen, SBE 43, 2 [ml/l], WS = 5
# name 17 = potemp090C: Potential Temperature [ITS-90, deg C]
# name 18 = potemp190C: Potential Temperature, 2 [ITS-90, deg C]
# name 19 = sal00: Salinity, Practical [PSU]
# name 20 = sal11: Salinity, Practical, 2 [PSU]
# name 21 = sigma-é00: Density [sigma-theta, kg/m^3]
# name 22 = sigma-é11: Density, 2 [sigma-theta, kg/m^3]
# name 23 = avgsvCM: Average Sound Velocity [Chen-Millero, m/s], minP = 20, minS = 20
# name 24 = sbox0Mm/Kg: Oxygen, SBE 43 [umol/kg], WS = 5
# name 25 = sbox1Mm/Kg: Oxygen, SBE 43, 2 [umol/kg], WS = 5
# name 26 = nbin: number of scans per bin
# name 27 = flag: flag
# span 0 =      37806,      92564       
# span 1 =   1575.218,   3856.793       
# span 2 =      1.987,    670.417       
# span 3 =      2.000,    676.000       
# span 4 =     6.7252,    29.6946       
# span 5 =     6.7255,    29.6943       
# span 6 =   3.525305,   6.090194       
# span 7 =   3.525251,   6.097052       
# span 8 =     1.5988,     3.2719       
# span 9 =     1.3023,     2.7786       
# span 10 =      10.64,     101.77      
# span 11 =   27.69997,   29.09260      
# span 12 =  -93.80494,  -89.31510      
# span 13 =   -0.01011,    0.01574      
# span 14 =   -0.01078,    0.01396      
# span 15 =     2.5594,     4.5762      
# span 16 =     2.5854,     4.5739      
# span 17 =     6.6615,    29.6941      
# span 18 =     6.6615,    29.6938      
# span 19 =    34.9110,    37.7013      
# span 20 =    34.9100,    37.7495      
# span 21 =    22.9695,    27.3953      
# span 22 =    22.9694,    27.3946      
# span 23 =    1497.56,    1572.84      
# span 24 =    111.278,    199.754      
# span 25 =    112.409,    199.650      
# span 26 =         30,         73      
# span 27 = 0.0000e+00, 0.0000e+00      
# interval = decibars: 1                
# start_time = Sep 25 2021 23:21:03 [NMEA time, header]
# bad_flag = -9.990e-29
*END*
[from data line 208]
      70304   2929.280     57.607     58.000    23.2439    23.1590   5.322018   5.311243     2.7592     2.3487     100.30   27.91292  -90.00366   -0.00161    0.00153     4.0899     4.1265    23.2319    23.1470    36.5017    36.4889    25.0054    25.0205    1509.12    178.198    179.789         55 0.0000e+00
      70394   2933.024     56.614     57.000    23.5145    23.4366   5.356767   5.345885     2.7615     2.3454      71.25   27.91292  -90.00366   -0.00021   -0.00049     4.0725     4.0979    23.5026    23.4247    36.5458    36.5265    24.9595    24.9678    1509.12    177.448    178.555         56 0.0000e+00
      70536   2938.967     54.627     55.000    24.0560    24.0132   5.419729   5.413959     2.7745     2.3539      99.95   27.89968  -89.96093    0.00136    0.00047     4.0549     4.0729    24.0397    24.0017    36.5809    36.5716    24.8249    24.8313    1508.40    176.704    177.487         51 0.0000e+00
      72583   3024.230     53.634     54.000    24.6251    24.6384   5.491522   5.492661     2.8111     2.3901     100.00   27.91302  -90.00372    0.00170    0.00109     4.0842     4.1080    24.6134    24.6268    36.6605    36.6610    24.7146    24.7109    1509.12    178.001    179.040         35 0.0000e+00
      72774   3032.201     52.641     53.000    24.7786    24.7750   5.506770   5.506562     2.8489     2.4240     100.00   27.91302  -90.00372    0.00426    0.00331     4.1441     4.1678    24.7671    24.7635    36.6486    36.6496    24.6589    24.6608    1509.12    180.622    181.656         49 0.0000e+00
      72880   3036.637     51.648     52.000    24.9414    24.9484   5.522149   5.522696     2.9211     2.4889     100.00   27.91302  -90.00372    0.01574    0.01396     4.2719     4.2948    24.9301    24.9371    36.6319    36.6303    24.5965    24.5931    1509.12    186.205    187.204         32 0.0000e+00
      72941   3039.166     50.655     51.000    24.9752    25.0161   5.524586   5.528652     2.9407     2.5066      98.47   27.91303  -90.00372    0.01138    0.00956     4.3070     4.3276    24.9640    25.0050    36.6230    36.6202    24.5794    24.5648    1509.12    187.736    188.637         36 0.0000e+00
      73049   3043.657     49.662     50.000    25.3855    25.4384   5.568458   5.573759     2.9824     2.5385      99.93   27.91304  -90.00372    0.01098    0.00689     4.3548     4.3639    25.3745    25.4273    36.6178    36.6145    24.4492    24.4303    1509.12    189.844    190.245         52 0.0000e+00
      73131   3047.076     48.669     49.000    25.5518    25.6429   5.587362   5.597472     2.9790     2.5389     100.00   27.91304  -90.00372    0.00158    0.00053     4.3344     4.3488    25.5410    25.6320    36.6240    36.6254    24.4024    24.3752    1509.12    188.963    189.594         34 0.0000e+00
      73904   3079.298     44.696     45.000    25.8714    25.9392   5.631010   5.632413     2.9849     2.5429     100.29   27.99477  -90.26722   -0.00067    0.00129     4.3203     4.3343    25.8613    25.9291    36.7371    36.6678    24.4019    24.3213    1513.54    188.361    188.978         33 0.0000e+00
      73803   3075.098     43.703     44.000    25.8299    26.0555   5.618267   5.641972     2.9779     2.5426     100.00   27.91306  -90.00374   -0.00049    0.00117     4.3078     4.3249    25.8201    26.0457    36.6300    36.6233    24.3201    24.2443    1509.12    187.820    188.577         56 0.0000e+00
      73902   3079.225     40.723     41.000    25.8557    26.0750   5.609109   5.630230     2.9732     2.5466      99.60   27.80249  -89.64716    0.00027   -0.00100     4.2925     4.3252    25.8452    26.0659    36.4804    36.4646    24.1805    24.1016    1503.14    187.160    188.600         34 0.0000e+00
      76072   3169.626     37.744     38.000    26.3894    26.4037   5.671252   5.674009     3.0982     2.6404      92.91   27.96227  -90.16222    0.00199    0.00004     4.4921     4.5025    26.3808    26.3951    36.6014    36.5742    24.1306    24.1025    1511.78    195.900    196.355         41 0.0000e+00
      76979   3207.400     30.792     31.000    27.5639    27.9488   5.780852   5.811719     3.1473     2.6809     100.10   27.94135  -90.09468    0.00325   -0.00015     4.4891     4.4722    27.5566    27.9415    36.4562    36.3763    23.6402    23.4544    1510.64    195.857    195.158         40 0.0000e+00
      79221   3300.821     27.812     28.000    28.6940    28.7085   5.894051   5.895553     3.1545     2.6834     100.74   28.12041  -90.67181   -0.00106   -0.00010     4.4216     4.4295    28.6873    28.7018    36.4919    36.4913    23.3295    23.3242    1520.32    192.999    193.343         43 0.0000e+00
      78731   3280.429     26.819     27.000    28.4884    28.5029   5.851394   5.852726     3.1338     2.6629     100.00   27.91328  -90.00396    0.00032   -0.00004     4.3924     4.3945    28.4820    28.4965    36.2229    36.2223    23.1555    23.1503    1509.12    191.724    191.816         42 0.0000e+00
      78876   3286.470     25.826     26.000    28.4930    28.5084   5.851556   5.853294     3.1328     2.6638      74.74   27.91329  -90.00396   -0.00012    0.00017     4.3902     4.3953    28.4868    28.5022    36.2221    36.2224    23.1533    23.1485    1509.12    191.628    191.854         31 0.0000e+00
      80524   3355.140     20.859     21.000    28.7957    28.7971   5.911200   5.911464     3.1603     2.6888     100.98   28.18681  -90.88574    0.00137   -0.00079     4.4246     4.4329    28.7907    28.7921    36.5767    36.5774    23.3717    23.3718    1523.90    193.133    193.492         38 0.0000e+00
      82327   3430.233     14.900     15.000    28.5579    28.5612   5.862498   5.862939     3.1385     2.6700      71.37   27.95857  -90.14937   -0.00034    0.00066     4.3913     4.4002    28.5543    28.5576    36.2799    36.2804    23.1830    23.1823    1511.55    191.679    192.070         33 0.0000e+00
      83598   3483.189     12.913     13.000    28.8856    28.8863   5.929770   5.929929     3.1757     2.7004      95.96   28.28030  -91.18678   -0.00059    0.00086     4.4427     4.4492    28.8825    28.8832    36.6974    36.6980    23.4500    23.4502    1528.95    193.922    194.208         38 0.0000e+00
      82638   3443.229     11.920     12.000    28.5097    28.5104   5.852696   5.852839     3.1351     2.6636      78.49   27.91355  -90.00420    0.00027   -0.00000     4.3857     4.3876    28.5068    28.5075    36.2215    36.2220    23.1463    23.1464    1509.12    191.434    191.518         48 0.0000e+00
      85263   3552.572      8.940      9.000    28.7237    28.7244   5.896716   5.896886     3.1575     2.6863     100.73   28.12587  -90.68844   -0.00051    0.00013     4.4151     4.4243    28.7215    28.7223    36.4966    36.4972    23.3226    23.3228    1520.59    192.719    193.120         36 0.0000e+00
      84466   3519.386      5.960      6.000    28.2878    28.2893   5.807183   5.807430     3.1127     2.6453      97.13   27.69997  -89.31510    0.00076   -0.00081     4.3523     4.3552    28.2863    28.2878    35.9438    35.9444    22.9695    22.9694    1497.56    189.977    190.103         60 0.0000e+00
      85170   3548.725      3.973      4.000    28.3646    28.3649   5.822710   5.822833     3.1229     2.6535      85.38   27.77398  -89.55361   -0.00007   -0.00108     4.3662     4.3681    28.3636    28.3640    36.0396    36.0402    23.0300    23.0304    1501.56    190.585    190.665         57 0.0000e+00
      92564   3856.793      1.987      2.000    29.6946    29.6943   6.090194   6.097052     3.2719     2.7786      34.00   29.09260  -93.80494    0.00078   -0.00017     4.5762     4.5739    29.6941    29.6938    37.7013    37.7495    24.0917    24.1280    1572.84    199.754    199.650         32 0.0000e+00
