GOMECC/GOMECC-4/1db/urb2103_0731.cnv
* Sea-Bird SBE 9 Data File:
* FileName = C:\Users\scs.user.rb\CTD\GOMECC4\data\rb2103_0731.hex
* Software Version Seasave V 7.26.7.107
* Temperature SN = 4799
* Conductivity SN = 3860
* Number of Bytes Per Scan = 41
* Number of Voltage Words = 4
* Number of Scans Averaged by the Deck Unit = 1
* NMEA Latitude = 26 03.44 N
* NMEA Longitude = 093 15.71 W
* NMEA UTC (Time) = Oct 04 2021  10:15:47
* NMEA baud rate = 4800
# nquan = 28
# nvalues = 436                         
# units = specified
# name 0 = scan: Scan Count
# name 1 = timeS: Time, Elapsed [seconds]
# name 2 = depSM: Depth [salt water, m]
# name 3 = prDM: Pressure, Digiquartz [db]
# name 4 = t090C: Temperature [ITS-90, deg C]
# name 5 = t190C: Temperature, 2 [ITS-90, deg C]
# name 6 = c0S/m: Conductivity [S/m]
# name 7 = c1S/m: Conductivity, 2 [S/m]
# name 8 = sbeox0V: Oxygen raw, SBE 43 [V]
# name 9 = sbeox1V: Oxygen raw, SBE 43, 2 [V]
# name 10 = altM: Altimeter [m]
# name 11 = latitude: Latitude [deg]
# name 12 = longitude: Longitude [deg]
# name 13 = sbox0dV/dT: Oxygen, SBE 43 [dov/dt]
# name 14 = sbox1dV/dT: Oxygen, SBE 43, 2 [dov/dt]
# name 15 = sbeox0ML/L: Oxygen, SBE 43 [ml/l], WS = 5
# name 16 = sbeox1ML/L: Oxygen, SBE 43, 2 [ml/l], WS = 5
# name 17 = potemp090C: Potential Temperature [ITS-90, deg C]
# name 18 = potemp190C: Potential Temperature, 2 [ITS-90, deg C]
# name 19 = sal00: Salinity, Practical [PSU]
# name 20 = sal11: Salinity, Practical, 2 [PSU]
# name 21 = sigma-é00: Density [sigma-theta, kg/m^3]
# name 22 = sigma-é11: Density, 2 [sigma-theta, kg/m^3]
# name 23 = avgsvCM: Average Sound Velocity [Chen-Millero, m/s], minP = 20, minS = 20
# name 24 = sbox0Mm/Kg: Oxygen, SBE 43 [umol/kg], WS = 5
# name 25 = sbox1Mm/Kg: Oxygen, SBE 43, 2 [umol/kg], WS = 5
# name 26 = nbin: number of scans per bin
# name 27 = flag: flag
# span 0 =      98782,     219014       
# span 1 =   4115.891,   9125.533       
# span 2 =      2.980,   3087.705       
# span 3 =      3.000,   3131.000       
# span 4 =     4.3161,    28.9724       
# span 5 =     4.3169,    28.9681       
# span 6 =   3.357952,   5.878144       
# span 7 =   3.357893,   5.875901       
# span 8 =     1.5742,     3.2294       
# span 9 =     1.2766,     2.7490       
# span 10 =       9.51,     102.48      
# span 11 =   25.90704,   26.11278      
# span 12 =  -93.45430,  -92.71786      
# span 13 =   -0.03513,    0.03222      
# span 14 =   -0.03932,    0.03294      
# span 15 =     2.4559,     4.8336      
# span 16 =     2.4713,     4.8359      
# span 17 =     4.0834,    28.9642      
# span 18 =     4.0848,    28.9598      
# span 19 =    30.8219,    36.5161      
# span 20 =    34.9062,    36.5161      
# span 21 =    19.9650,    27.7580      
# span 22 =    22.5999,    27.7565      
# span 23 =    1494.21,    1506.08      
# span 24 =    106.786,    210.757      
# span 25 =    107.457,    210.856      
# span 26 =         30,         68      
# span 27 = 0.0000e+00, 0.0000e+00      
# interval = decibars: 1                
# start_time = Oct 04 2021 10:15:47 [NMEA time, header]
# bad_flag = -9.990e-29
*END*
[from data line 104]
     139479   5811.592   1799.329   1819.000     4.3396     4.3410   3.362295   3.362249     1.8855     1.5646     100.00   26.05906  -93.26470    0.00009   -0.00007     4.5584     4.5723     4.1851     4.1864    34.9684    34.9664    27.7415    27.7398    1503.06    198.081    198.685         32 0.0000e+00
     139663   5819.252   1792.435   1812.000     4.3415     4.3427   3.362178   3.362127     1.8864     1.5659     100.00   26.05921  -93.26525    0.00011    0.00016     4.5576     4.5733     4.1876     4.1888    34.9684    34.9666    27.7412    27.7396    1503.07    198.050    198.731         30 0.0000e+00
     139820   5825.776   1786.525   1806.000     4.3413     4.3425   3.361946   3.361890     1.8867     1.5662     100.00   26.05942  -93.26597    0.00005    0.00000     4.5551     4.5714     4.1880     4.1892    34.9688    34.9668    27.7415    27.7398    1503.08    197.938    198.648         33 0.0000e+00
     139899   5829.071   1784.555   1804.000     4.3415     4.3428   3.361871   3.361827     1.8874     1.5665     100.00   26.05940  -93.26591    0.00007    0.00007     4.5565     4.5711     4.1884     4.1897    34.9687    34.9668    27.7413    27.7397    1503.08    198.001    198.637         36 0.0000e+00
     140253   5843.829   1782.584   1802.000     4.3415     4.3428   3.361615   3.361564     1.8872     1.5670      99.99   26.05785  -93.26030    0.00007    0.00009     4.5548     4.5723     4.1886     4.1898    34.9665    34.9646    27.7396    27.7379    1502.98    197.928    198.689         51 0.0000e+00
     140453   5852.157   1781.600   1801.000     4.3418     4.3432   3.361765   3.361723     1.8877     1.5669     100.00   26.05932  -93.26558    0.00006   -0.00009     4.5559     4.5712     4.1890     4.1903    34.9685    34.9666    27.7411    27.7395    1503.07    197.973    198.640         47 0.0000e+00
     140593   5857.981   1780.615   1800.000     4.3418     4.3434   3.361718   3.361701     1.8875     1.5668     100.00   26.05932  -93.26558   -0.00003   -0.00001     4.5547     4.5700     4.1891     4.1906    34.9684    34.9666    27.7410    27.7395    1503.07    197.923    198.587         38 0.0000e+00
     141474   5894.698   1779.629   1799.000     4.3425     4.3441   3.361750   3.361721     1.8878     1.5670      84.36   26.05934  -93.26562    0.00005   -0.00002     4.5552     4.5703     4.1899     4.1914    34.9685    34.9665    27.7411    27.7393    1503.07    197.944    198.600         32 0.0000e+00
     141753   5906.337   1778.644   1798.000     4.3426     4.3440   3.361713   3.361674     1.8877     1.5672     100.29   26.05934  -93.26562    0.00005    0.00014     4.5541     4.5707     4.1901     4.1914    34.9685    34.9666    27.7410    27.7393    1503.07    197.898    198.617         48 0.0000e+00
     141799   5908.253   1777.660   1797.000     4.3426     4.3440   3.361662   3.361627     1.8879     1.5676     100.00   26.05934  -93.26562    0.00004    0.00012     4.5542     4.5716     4.1901     4.1915    34.9684    34.9665    27.7409    27.7393    1503.07    197.900    198.656         45 0.0000e+00
     141983   5915.917   1771.749   1791.000     4.3429     4.3442   3.361453   3.361406     1.8889     1.5680     100.00   26.05935  -93.26564    0.00013    0.00002     4.5548     4.5699     4.1910     4.1923    34.9685    34.9666    27.7409    27.7392    1503.07    197.927    198.582         39 0.0000e+00
     142019   5917.396   1770.764   1790.000     4.3430     4.3445   3.361411   3.361381     1.8891     1.5685     100.00   26.05936  -93.26564    0.00002    0.00017     4.5547     4.5714     4.1912     4.1927    34.9683    34.9665    27.7408    27.7391    1503.07    197.922    198.648         30 0.0000e+00
     142156   5923.113   1765.838   1785.000     4.3446     4.3461   3.361375   3.361348     1.8891     1.5687     100.00   26.05967  -93.26676   -0.00005    0.00007     4.5515     4.5686     4.1933     4.1948    34.9687    34.9668    27.7408    27.7392    1503.09    197.782    198.528         35 0.0000e+00
     142190   5924.553   1764.853   1784.000     4.3443     4.3459   3.361275   3.361265     1.8891     1.5685     100.00   26.05936  -93.26564   -0.00002    0.00001     4.5513     4.5675     4.1931     4.1947    34.9683    34.9664    27.7405    27.7389    1503.07    197.774    198.480         35 0.0000e+00
     142299   5929.067   1760.913   1780.000     4.3484     4.3505   3.361501   3.361530     1.8900     1.5690     100.00   26.05975  -93.26702    0.00022    0.00014     4.5516     4.5667     4.1975     4.1996    34.9686    34.9667    27.7403    27.7385    1503.09    197.789    198.443         34 0.0000e+00
     142331   5930.427   1759.928   1779.000     4.3485     4.3509   3.361431   3.361476     1.8899     1.5690     100.00   26.05936  -93.26564    0.00010    0.00005     4.5508     4.5660     4.1977     4.2001    34.9681    34.9661    27.7399    27.7380    1503.07    197.754    198.412         34 0.0000e+00
     142472   5936.303   1755.002   1774.000     4.3527     4.3543   3.361605   3.361574     1.8896     1.5684     100.00   26.05950  -93.26615   -0.00006   -0.00015     4.5459     4.5601     4.2023     4.2039    34.9681    34.9661    27.7394    27.7376    1503.08    197.539    198.158         32 0.0000e+00
     142504   5937.634   1754.017   1773.000     4.3529     4.3543   3.361568   3.361524     1.8895     1.5679     100.00   26.05936  -93.26566   -0.00016   -0.00029     4.5452     4.5575     4.2027     4.2040    34.9679    34.9660    27.7392    27.7375    1503.07    197.508    198.045         32 0.0000e+00
     142588   5941.133   1751.061   1770.000     4.3534     4.3547   3.361513   3.361470     1.8894     1.5677     100.00   26.05967  -93.26676   -0.00001   -0.00006     4.5427     4.5548     4.2034     4.2047    34.9682    34.9664    27.7394    27.7378    1503.09    197.401    197.926         30 0.0000e+00
     142619   5942.415   1750.076   1769.000     4.3534     4.3546   3.361442   3.361395     1.8892     1.5677     100.00   26.05936  -93.26566   -0.00002   -0.00006     4.5415     4.5542     4.2035     4.2048    34.9679    34.9660    27.7391    27.7375    1503.07    197.349    197.900         34 0.0000e+00
     142733   5947.149   1746.136   1765.000     4.3540     4.3552   3.361423   3.361388     1.8892     1.5681     100.00   26.06029  -93.26897    0.00001    0.00005     4.5391     4.5531     4.2045     4.2057    34.9690    34.9672    27.7399    27.7384    1503.12    197.245    197.855         38 0.0000e+00
     142770   5948.714   1745.150   1764.000     4.3535     4.3551   3.361241   3.361215     1.8892     1.5681     100.00   26.05936  -93.26567    0.00006    0.00008     4.5385     4.5529     4.2041     4.2057    34.9678    34.9659    27.7389    27.7372    1503.07    197.220    197.844         41 0.0000e+00
     142899   5954.082   1740.224   1759.000     4.3574     4.3590   3.361394   3.361369     1.8898     1.5683     100.00   26.05963  -93.26664    0.00013    0.00002     4.5375     4.5500     4.2084     4.2100    34.9679    34.9659    27.7386    27.7368    1503.09    197.173    197.720         40 0.0000e+00
     142934   5955.555   1739.239   1758.000     4.3574     4.3589   3.361313   3.361294     1.8899     1.5684     100.00   26.05936  -93.26568   -0.00007   -0.00011     4.5372     4.5499     4.2085     4.2101    34.9675    34.9656    27.7382    27.7366    1503.07    197.165    197.716         31 0.0000e+00
     143062   5960.857   1734.313   1753.000     4.3599     4.3612   3.361347   3.361297     1.8898     1.5686     100.00   26.05948  -93.26605   -0.00002   -0.00003     4.5335     4.5476     4.2116     4.2128    34.9675    34.9656    27.7380    27.7363    1503.08    197.003    197.614         35 0.0000e+00
     143094   5962.210   1733.327   1752.000     4.3600     4.3618   3.361293   3.361277     1.8899     1.5684     100.00   26.05938  -93.26568   -0.00003   -0.00007     4.5333     4.5460     4.2117     4.2135    34.9673    34.9653    27.7377    27.7360    1503.07    196.995    197.547         30 0.0000e+00
     143224   5967.630   1728.401   1747.000     4.3614     4.3627   3.361239   3.361205     1.8897     1.5689     100.00   26.05967  -93.26673   -0.00002    0.00014     4.5295     4.5451     4.2136     4.2149    34.9676    34.9658    27.7378    27.7362    1503.09    196.827    197.505         30 0.0000e+00
     143254   5968.887   1727.416   1746.000     4.3616     4.3629   3.361182   3.361136     1.8899     1.5688     100.00   26.05938  -93.26568    0.00001    0.00007     4.5295     4.5439     4.2139     4.2151    34.9672    34.9654    27.7374    27.7358    1503.07    196.830    197.454         34 0.0000e+00
     143722   5988.367   1710.665   1729.000     4.3659     4.3672   3.360871   3.360823     1.8907     1.5701     100.00   26.05964  -93.26655    0.00009    0.00020     4.5222     4.5390     4.2197     4.2210    34.9673    34.9653    27.7369    27.7352    1503.08    196.510    197.240         32 0.0000e+00
     143857   5993.998   1705.738   1724.000     4.3655     4.3667   3.360594   3.360535     1.8915     1.5704      97.34   26.05930  -93.26534    0.00008    0.00004     4.5223     4.5375     4.2198     4.2210    34.9668    34.9649    27.7365    27.7348    1503.06    196.516    197.174         42 0.0000e+00
     143995   5999.730   1700.811   1719.000     4.3657     4.3670   3.360520   3.360470     1.8923     1.5714     100.00   26.06032  -93.26895    0.00019    0.00005     4.5223     4.5384     4.2205     4.2218    34.9682    34.9662    27.7375    27.7358    1503.12    196.516    197.217         40 0.0000e+00
     144029   6001.159   1699.826   1718.000     4.3654     4.3668   3.360347   3.360303     1.8923     1.5714     100.00   26.05942  -93.26570    0.00002   -0.00002     4.5220     4.5379     4.2204     4.2217    34.9668    34.9649    27.7365    27.7348    1503.07    196.505    197.191         34 0.0000e+00
     144125   6005.175   1695.884   1714.000     4.3657     4.3670   3.360258   3.360214     1.8929     1.5715      66.57   26.05982  -93.26713    0.00011 -9.674e-07     4.5217     4.5358     4.2210     4.2223    34.9675    34.9656    27.7369    27.7352    1503.09    196.489    197.103         31 0.0000e+00
     144160   6006.613   1694.898   1713.000     4.3656     4.3669   3.360158   3.360110     1.8931     1.5716     101.13   26.05942  -93.26570    0.00010    0.00004     4.5219     4.5357     4.2210     4.2223    34.9669    34.9650    27.7364    27.7348    1503.07    196.500    197.097         40 0.0000e+00
     144292   6012.140   1689.971   1708.000     4.3675     4.3688   3.360155   3.360107     1.8936     1.5726     100.00   26.05976  -93.26692    0.00005    0.00024     4.5208     4.5367     4.2233     4.2246    34.9673    34.9654    27.7365    27.7348    1503.09    196.452    197.140         40 0.0000e+00
     144328   6013.638   1688.986   1707.000     4.3673     4.3687   3.360053   3.360010     1.8936     1.5726     100.00   26.05942  -93.26572    0.00000    0.00012     4.5204     4.5363     4.2233     4.2247    34.9667    34.9648    27.7360    27.7343    1503.07    196.434    197.124         30 0.0000e+00
     144701   6029.161   1675.189   1693.000     4.3678     4.3691   3.359557   3.359511     1.8954     1.5740     100.00   26.05975  -93.26693    0.00007    0.00009     4.5189     4.5340     4.2251     4.2264    34.9672    34.9653    27.7362    27.7346    1503.09    196.369    197.022         31 0.0000e+00
     144831   6034.588   1670.261   1688.000     4.3695     4.3711   3.359491   3.359472     1.8962     1.5744     100.00   26.05973  -93.26678    0.00017    0.00009     4.5187     4.5322     4.2273     4.2289    34.9670    34.9651    27.7358    27.7342    1503.09    196.361    196.947         30 0.0000e+00
     144861   6035.843   1669.276   1687.000     4.3700     4.3706   3.359450   3.359352     1.8961     1.5746     100.00   26.05944  -93.26574    0.00017    0.00017     4.5177     4.5327     4.2278     4.2285    34.9665    34.9647    27.7354    27.7338    1503.07    196.313    196.969         33 0.0000e+00
     145022   6042.545   1663.362   1681.000     4.3716     4.3730   3.359407   3.359364     1.8963     1.5749      99.96   26.05999  -93.26772    0.00008   -0.00015     4.5150     4.5301     4.2300     4.2314    34.9672    34.9652    27.7357    27.7340    1503.10    196.197    196.853         35 0.0000e+00
     145055   6043.900   1662.377   1680.000     4.3714     4.3727   3.359293   3.359238     1.8962     1.5750     100.00   26.05944  -93.26574    0.00002    0.00001     4.5138     4.5300     4.2299     4.2312    34.9665    34.9645    27.7351    27.7334    1503.07    196.145    196.852         34 0.0000e+00
     145182   6049.214   1657.448   1675.000     4.3724     4.3735   3.359140   3.359076     1.8968     1.5753     100.00   26.05928  -93.26521    0.00016    0.00000     4.5132     4.5279     4.2313     4.2325    34.9661    34.9642    27.7347    27.7330    1503.06    196.121    196.760         37 0.0000e+00
     145345   6055.991   1651.535   1669.000     4.3748     4.3762   3.359132   3.359102     1.8974     1.5764     100.00   26.05958  -93.26626    0.00003    0.00012     4.5117     4.5287     4.2343     4.2357    34.9664    34.9646    27.7346    27.7330    1503.08    196.055    196.795         33 0.0000e+00
     145376   6057.312   1650.549   1668.000     4.3751     4.3767   3.359093   3.359073     1.8974     1.5764     100.00   26.05944  -93.26576   -0.00002    0.00014     4.5112     4.5281     4.2347     4.2363    34.9661    34.9642    27.7343    27.7326    1503.07    196.033    196.767         31 0.0000e+00
     145509   6062.847   1645.621   1663.000     4.3802     4.3821   3.359406   3.359405     1.8977     1.5763     100.00   26.06004  -93.26790    0.00009   -0.00006     4.5086     4.5241     4.2403     4.2421    34.9668    34.9648    27.7343    27.7325    1503.10    195.919    196.594         39 0.0000e+00
     145544   6064.277   1644.635   1662.000     4.3799     4.3817   3.359262   3.359257     1.8976     1.5762     100.00   26.05944  -93.26576   -0.00001   -0.00007     4.5078     4.5231     4.2400     4.2418    34.9659    34.9640    27.7336    27.7319    1503.07    195.888    196.551         32 0.0000e+00
     145668   6069.464   1639.707   1657.000     4.3860     4.3879   3.359580   3.359580     1.8975     1.5760     100.00   26.05937  -93.26552    0.00002   -0.00002     4.5037     4.5187     4.2465     4.2484    34.9657    34.9637    27.7327    27.7309    1503.07    195.706    196.360         42 0.0000e+00
     145800   6074.976   1634.778   1652.000     4.3926     4.3942   3.359953   3.359926     1.8970     1.5752     100.00   26.05943  -93.26571   -0.00007    0.00001     4.4979     4.5118     4.2536     4.2551    34.9654    34.9635    27.7318    27.7300    1503.07    195.455    196.059         32 0.0000e+00
     145832   6076.292   1633.792   1651.000     4.3928     4.3950   3.359909   3.359933     1.8965     1.5751     100.00   26.05944  -93.26576   -0.00021   -0.00015     4.4956     4.5105     4.2538     4.2561    34.9653    34.9632    27.7316    27.7297    1503.07    195.354    196.002         30 0.0000e+00
     146047   6085.269   1625.907   1643.000     4.3990     4.4006   3.360147   3.360111     1.8954     1.5739     100.00   26.05963  -93.26639   -0.00012   -0.00016     4.4856     4.5001     4.2608     4.2623    34.9653    34.9633    27.7309    27.7291    1503.08    194.921    195.554         30 0.0000e+00
     146180   6090.791   1620.978   1638.000     4.4015     4.4030   3.360131   3.360097     1.8953     1.5739      98.83   26.05955  -93.26609   -0.00010   -0.00001     4.4820     4.4967     4.2636     4.2652    34.9650    34.9630    27.7303    27.7286    1503.08    194.766    195.406         30 0.0000e+00
