GOMECC/GOMECC-4/1db/urb2103_0251.cnv
* Sea-Bird SBE 9 Data File:
* FileName = C:\Users\scs.user.rb\CTD\GOMECC4\data\rb2103_0251.hex
* Software Version Seasave V 7.26.7.107
* Temperature SN = 4799
* Conductivity SN = 3860
* Number of Bytes Per Scan = 41
* Number of Voltage Words = 4
* Number of Scans Averaged by the Deck Unit = 1
* NMEA Latitude = 28 30.98 N
* NMEA Longitude = 086 12.21 W
* NMEA UTC (Time) = Sep 21 2021  08:11:51
* NMEA baud rate = 4800
# nquan = 28
# nvalues = 170                         
# units = specified
# name 0 = scan: Scan Count
# name 1 = timeS: Time, Elapsed [seconds]
# name 2 = depSM: Depth [salt water, m]
# name 3 = prDM: Pressure, Digiquartz [db]
# name 4 = t090C: Temperature [ITS-90, deg C]
# name 5 = t190C: Temperature, 2 [ITS-90, deg C]
# name 6 = c0S/m: Conductivity [S/m]
# name 7 = c1S/m: Conductivity, 2 [S/m]
# name 8 = sbeox0V: Oxygen raw, SBE 43 [V]
# name 9 = sbeox1V: Oxygen raw, SBE 43, 2 [V]
# name 10 = altM: Altimeter [m]
# name 11 = latitude: Latitude [deg]
# name 12 = longitude: Longitude [deg]
# name 13 = sbox0dV/dT: Oxygen, SBE 43 [dov/dt]
# name 14 = sbox1dV/dT: Oxygen, SBE 43, 2 [dov/dt]
# name 15 = sbeox0ML/L: Oxygen, SBE 43 [ml/l], WS = 5
# name 16 = sbeox1ML/L: Oxygen, SBE 43, 2 [ml/l], WS = 5
# name 17 = potemp090C: Potential Temperature [ITS-90, deg C]
# name 18 = potemp190C: Potential Temperature, 2 [ITS-90, deg C]
# name 19 = sal00: Salinity, Practical [PSU]
# name 20 = sal11: Salinity, Practical, 2 [PSU]
# name 21 = sigma-é00: Density [sigma-theta, kg/m^3]
# name 22 = sigma-é11: Density, 2 [sigma-theta, kg/m^3]
# name 23 = avgsvCM: Average Sound Velocity [Chen-Millero, m/s], minP = 20, minS = 20
# name 24 = sbox0Mm/Kg: Oxygen, SBE 43 [umol/kg], WS = 5
# name 25 = sbox1Mm/Kg: Oxygen, SBE 43, 2 [umol/kg], WS = 5
# name 26 = nbin: number of scans per bin
# name 27 = flag: flag
# span 0 =      25497,      65035       
# span 1 =   1062.322,   2709.749       
# span 2 =      2.980,    394.957       
# span 3 =      3.000,    398.000       
# span 4 =     9.8918,    29.3284       
# span 5 =     9.8866,    29.2550       
# span 6 =   3.835125,   5.811046       
# span 7 =   3.834547,   5.815009       
# span 8 =     1.6070,     3.1678       
# span 9 =     1.3127,     2.6895       
# span 10 =      10.78,     100.75      
# span 11 =   28.46672,   29.05832      
# span 12 =  -87.83993,  -86.05163      
# span 13 =   -0.01134,    0.01595      
# span 14 =   -0.01225,    0.01617      
# span 15 =     2.4874,     4.4718      
# span 16 =     2.5211,     4.4625      
# span 17 =     9.8453,    29.3255      
# span 18 =     9.8402,    29.2521      
# span 19 =    33.9613,    36.5445      
# span 20 =    34.0280,    36.5469      
# span 21 =    21.5966,    27.1265      
# span 22 =    21.6291,    27.1268      
# span 23 =    1512.13,    1543.55      
# span 24 =    108.155,    195.290      
# span 25 =    109.620,    194.889      
# span 26 =         30,         76      
# span 27 = 0.0000e+00, 0.0000e+00      
# interval = decibars: 1                
# start_time = Sep 21 2021 08:11:51 [NMEA time, header]
# bad_flag = -9.990e-29
*END*
[from data line 156]
      60040   2501.609     23.838     24.000    28.6143    28.6192   5.755144   5.755269     3.1501     2.6779      85.41   28.51668  -86.20264   -0.00184   -0.00035     4.4300     4.4335    28.6085    28.6135    35.4594    35.4564    22.5396    22.5356    1514.78    193.481    193.637         50 0.0000e+00
      60090   2503.714     22.845     23.000    28.6230    28.6278   5.753785   5.753194     3.1448     2.6742     100.04   28.51668  -86.20264   -0.00229   -0.00230     4.4195     4.4255    28.6175    28.6223    35.4435    35.4365    22.5247    22.5178    1514.78    193.026    193.292         51 0.0000e+00
      60143   2505.903     21.852     22.000    28.6377    28.6453   5.752164   5.751742     3.1487     2.6732     100.00   28.51668  -86.20264   -0.00033   -0.00126     4.4255     4.4222    28.6324    28.6400    35.4216    35.4130    22.5032    22.4943    1514.78    193.292    193.152         54 0.0000e+00
      60194   2508.055     20.858     21.000    28.6665    28.6662   5.750490   5.750519     3.1475     2.6704      80.89   28.51668  -86.20264    0.00084    0.00011     4.4214     4.4152    28.6614    28.6611    35.3910    35.3897    22.4706    22.4697    1514.78    193.118    192.848         49 0.0000e+00
      60244   2510.123     19.865     20.000    28.7071    28.7103   5.750428   5.750420     3.1401     2.6656      93.65   28.51668  -86.20264   -0.00184   -0.00212     4.4048     4.4025    28.7023    28.7055    35.3585    35.3560    22.4326    22.4297    1514.78    192.402    192.302         53 0.0000e+00
      60297   2512.332     18.872     19.000    28.7272    28.7280   5.750075   5.750076     3.1320     2.6551      99.21   28.51668  -86.20264   -0.00415   -0.00367     4.3886     4.3798    28.7226    28.7234    35.3414    35.3408    22.4130    22.4122    1514.78    191.696    191.316         51 0.0000e+00
      60350   2514.524     17.879     18.000    28.7523    28.7552   5.749453   5.749343     3.1255     2.6540     100.01   28.51668  -86.20264   -0.00308   -0.00316     4.3747     4.3756    28.7480    28.7509    35.3187    35.3158    22.3875    22.3843    1514.78    191.097    191.136         53 0.0000e+00
      60399   2516.578     16.886     17.000    28.7835    28.7934   5.746582   5.745099     3.1177     2.6472     100.00   28.51668  -86.20264   -0.00339   -0.00090     4.3597     4.3603    28.7794    28.7894    35.2781    35.2590    22.3466    22.3289    1514.78    190.450    190.476         48 0.0000e+00
      60451   2518.747     15.892     16.000    28.8164    28.8194   5.737302   5.736187     3.1091     2.6373     100.00   28.51668  -86.20264   -0.00398   -0.00436     4.3422     4.3397    28.8126    28.8156    35.1877    35.1778    22.2676    22.2591    1514.78    189.697    189.590         54 0.0000e+00
      60505   2520.994     14.899     15.000    28.8268    28.8266   5.731262   5.730781     3.1019     2.6334     100.00   28.51668  -86.20264   -0.00347   -0.00357     4.3295     4.3318    28.8232    28.8230    35.1397    35.1367    22.2280    22.2258    1514.78    189.152    189.253         36 0.0000e+00
      62018   2584.030     11.920     12.000    29.3284    29.2550   5.811046   5.815009     3.1611     2.6895      96.31   29.05832  -87.83993    0.00124    0.00218     4.4174     4.4316    29.3255    29.2521    35.6398    35.5875    22.5395    22.5118    1543.55    193.012    193.626         33 0.0000e+00
      60951   2539.603     10.926     11.000    28.7267    28.7241   5.682459   5.682801     3.1085     2.6418      96.85   28.51668  -86.20262    0.00239    0.00085     4.3528     4.3601    28.7241    28.7214    34.8759    34.8802    22.0628    22.0669    1514.78    190.201    190.519         32 0.0000e+00
      63902   2662.530      3.973      4.000    28.2888    28.2755   5.534666   5.529992     3.1257     2.6605      84.85   28.65078  -86.60792    0.00006    0.00047     4.4382     4.4523    28.2879    28.2746    34.2460    34.2247    21.7583    21.7466    1521.90    194.008    194.625         32 0.0000e+00
      65035   2709.749      2.980      3.000    28.0533    28.1074   5.479937   5.495112     3.1098     2.6499     100.75   28.51666  -86.20250    0.00219    0.00322     4.4259     4.4385    28.0526    28.1067    33.9613    34.0280    21.5966    21.6291    1514.78    193.481    194.027         55 0.0000e+00
