GOMECC/GOMECC-4/1db/urb2103_1391.cnv
* Sea-Bird SBE 9 Data File:
* FileName = C:\Users\scs.user.rb\CTD\GOMECC4\data\rb2103_1391.hex
* Software Version Seasave V 7.26.7.107
* Temperature SN = 4799
* Conductivity SN = 3860
* Number of Bytes Per Scan = 41
* Number of Voltage Words = 4
* Number of Scans Averaged by the Deck Unit = 1
* NMEA Latitude = 25 44.68 N
* NMEA Longitude = 084 35.32 W
* NMEA UTC (Time) = Oct 20 2021  10:34:58
* NMEA baud rate = 4800
# nquan = 28
# nvalues = 199                         
# units = specified
# name 0 = scan: Scan Count
# name 1 = timeS: Time, Elapsed [seconds]
# name 2 = depSM: Depth [salt water, m]
# name 3 = prDM: Pressure, Digiquartz [db]
# name 4 = t090C: Temperature [ITS-90, deg C]
# name 5 = t190C: Temperature, 2 [ITS-90, deg C]
# name 6 = c0S/m: Conductivity [S/m]
# name 7 = c1S/m: Conductivity, 2 [S/m]
# name 8 = sbeox0V: Oxygen raw, SBE 43 [V]
# name 9 = sbeox1V: Oxygen raw, SBE 43, 2 [V]
# name 10 = altM: Altimeter [m]
# name 11 = latitude: Latitude [deg]
# name 12 = longitude: Longitude [deg]
# name 13 = sbox0dV/dT: Oxygen, SBE 43 [dov/dt]
# name 14 = sbox1dV/dT: Oxygen, SBE 43, 2 [dov/dt]
# name 15 = sbeox0ML/L: Oxygen, SBE 43 [ml/l], WS = 5
# name 16 = sbeox1ML/L: Oxygen, SBE 43, 2 [ml/l], WS = 5
# name 17 = potemp090C: Potential Temperature [ITS-90, deg C]
# name 18 = potemp190C: Potential Temperature, 2 [ITS-90, deg C]
# name 19 = sal00: Salinity, Practical [PSU]
# name 20 = sal11: Salinity, Practical, 2 [PSU]
# name 21 = sigma-é00: Density [sigma-theta, kg/m^3]
# name 22 = sigma-é11: Density, 2 [sigma-theta, kg/m^3]
# name 23 = avgsvCM: Average Sound Velocity [Chen-Millero, m/s], minP = 20, minS = 20
# name 24 = sbox0Mm/Kg: Oxygen, SBE 43 [umol/kg], WS = 5
# name 25 = sbox1Mm/Kg: Oxygen, SBE 43, 2 [umol/kg], WS = 5
# name 26 = nbin: number of scans per bin
# name 27 = flag: flag
# span 0 =      24327,      62837       
# span 1 =   1013.590,   2618.166       
# span 2 =      0.993,    441.639       
# span 3 =      1.000,    445.000       
# span 4 =    10.4969,    28.6843       
# span 5 =    10.4976,    28.6856       
# span 6 =   3.902731,   5.826364       
# span 7 =   3.902798,   5.832083       
# span 8 =     1.6655,     3.1660       
# span 9 =     1.3582,     2.6761       
# span 10 =      12.21,     102.32      
# span 11 =   25.41736,   26.10602      
# span 12 =  -85.77467,  -83.51181      
# span 13 =   -0.02306,    0.01595      
# span 14 =   -0.02173,    0.01578      
# span 15 =     2.6267,     4.4637      
# span 16 =     2.6364,     4.4405      
# span 17 =    10.4429,    28.6807      
# span 18 =    10.4436,    28.6821      
# span 19 =    35.0689,    36.7273      
# span 20 =    35.0680,    36.7412      
# span 21 =    22.4048,    27.0871      
# span 22 =    22.4033,    27.0859      
# span 23 =    1494.20,    1534.69      
# span 24 =    114.214,    194.823      
# span 25 =    114.638,    193.807      
# span 26 =         30,         71      
# span 27 = 0.0000e+00, 0.0000e+00      
# interval = decibars: 1                
# start_time = Oct 20 2021 10:34:58 [NMEA time, header]
# bad_flag = -9.990e-29
*END*
[from data line 104]
      39348   1639.471    145.002    146.000    17.0571    17.0551   4.651341   4.651164     2.1098     1.7592     102.32   25.74472  -84.58874    0.00209    0.00234     3.1873     3.1974    17.0327    17.0308    36.3053    36.3055    26.5088    26.5094    1513.47    138.670    139.106         41 0.0000e+00
      39416   1642.283    143.016    144.000    17.1200    17.1246   4.659454   4.660022     2.1141     1.7641      80.21   25.74916  -84.60332    0.00167    0.00118     3.1926     3.2065    17.0958    17.1006    36.3228    36.3226    26.5075    26.5061    1513.73    138.900    139.504         33 0.0000e+00
      39444   1643.468    142.024    143.000    17.1303    17.1344   4.660229   4.660863     2.1162     1.7662      68.81   25.74472  -84.58874    0.00154    0.00196     3.1958     3.2086    17.1063    17.1105    36.3183    36.3201    26.5011    26.5014    1513.47    139.039    139.595         38 0.0000e+00
      39485   1645.167    141.031    142.000    17.1507    17.1541   4.662593   4.663095     2.1196     1.7668      99.25   25.74472  -84.58874    0.00183    0.00139     3.2017     3.2085    17.1270    17.1303    36.3210    36.3223    26.4981    26.4983    1513.47    139.297    139.590         45 0.0000e+00
      39531   1647.086    140.038    141.000    17.1889    17.1756   4.667064   4.665548     2.1219     1.7688     100.00   25.74472  -84.58874    0.00165    0.00059     3.2038     3.2116    17.1653    17.1520    36.3260    36.3248    26.4927    26.4950    1513.47    139.390    139.729         42 0.0000e+00
      39645   1651.850    137.060    138.000    17.3391    17.3431   4.686568   4.687007     2.1314     1.7795     100.05   25.75669  -84.62806    0.00234    0.00269     3.2138     3.2260    17.3158    17.3198    36.3664    36.3676    26.4885    26.4885    1514.17    139.825    140.356         41 0.0000e+00
      39676   1653.124    136.067    137.000    17.3265    17.3342   4.683753   4.684738     2.1339     1.7794     100.00   25.74471  -84.58874    0.00213    0.00179     3.2201     3.2259    17.3034    17.3111    36.3494    36.3511    26.4772    26.4767    1513.47    140.099    140.351         51 0.0000e+00
      39782   1657.537    133.088    134.000    17.5059    17.5123   4.705655   4.706307     2.1415     1.7891     100.02   25.74884  -84.60233    0.00202    0.00274     3.2236     3.2370    17.4832    17.4895    36.3816    36.3816    26.4587    26.4571    1513.71    140.254    140.837         40 0.0000e+00
      39817   1659.009    132.095    133.000    17.5065    17.5248   4.705244   4.707204     2.1437     1.7899     100.00   25.74470  -84.58874    0.00180    0.00198     3.2281     3.2378    17.4839    17.5022    36.3761    36.3767    26.4538    26.4497    1513.47    140.450    140.876         43 0.0000e+00
      39858   1660.713    131.102    132.000    17.5531    17.5548   4.710540   4.710801     2.1463     1.7901     100.00   25.74470  -84.58874    0.00148    0.00051     3.2303     3.2358    17.5306    17.5324    36.3807    36.3814    26.4459    26.4460    1513.47    140.548    140.788         38 0.0000e+00
      39892   1662.128    130.109    131.000    17.5998    17.6221   4.715915   4.718530     2.1479     1.7905     100.00   25.74470  -84.58874    0.00145    0.00011     3.2302     3.2316    17.5754    17.6003    36.3876    36.3897    26.4402    26.4362    1513.47    140.543    140.604         30 0.0000e+00
      39922   1663.371    129.116    130.000    17.7102    17.7629   4.729494   4.735656     2.1491     1.7921     100.00   25.74470  -84.58874    0.00121    0.00044     3.2252     3.2275    17.6893    17.7408    36.4036    36.4086    26.4245    26.4151    1513.47    140.328    140.431         32 0.0000e+00
      39960   1664.975    128.124    129.000    17.7853    17.7878   4.738416   4.738789     2.1511     1.7937     100.00   25.74469  -84.58874    0.00112    0.00106     3.2240     3.2282    17.7632    17.7657    36.4149    36.4158    26.4149    26.4151    1513.47    140.278    140.462         45 0.0000e+00
      40005   1666.821    127.131    128.000    17.8007    17.8046   4.739786   4.740226     2.1523     1.7929     100.00   25.74470  -84.58874    0.00102    0.00033     3.2251     3.2249    17.7787    17.7827    36.4134    36.4136    26.4100    26.4092    1513.47    140.327    140.318         38 0.0000e+00
      40038   1668.223    126.138    127.000    17.8517    17.8654   4.746045   4.747722     2.1515     1.7929     100.00   25.74470  -84.58874    0.00045   -0.00009     3.2195     3.2203    17.8298    17.8435    36.4221    36.4243    26.4040    26.4023    1513.47    140.083    140.121         32 0.0000e+00
      40071   1669.581    125.145    126.000    17.9156    17.9440   4.753630   4.756524     2.1442     1.7851     100.00   25.74470  -84.58874   -0.00139   -0.00137     3.1983     3.1957    17.8939    17.9222    36.4307    36.4303    26.3947    26.3874    1513.47    139.164    139.052         34 0.0000e+00
      40110   1671.199    124.152    125.000    17.9633    17.9700   4.759046   4.759748     2.1355     1.7760      97.11   25.74470  -84.58874   -0.00482   -0.00509     3.1752     3.1714    17.9417    17.9484    36.4351    36.4351    26.3862    26.3846    1513.47    138.158    137.993         43 0.0000e+00
      40149   1672.835    123.159    124.000    17.9915    17.9985   4.762299   4.762608     2.1321     1.7764      98.89   25.74470  -84.58874   -0.00447   -0.00394     3.1653     3.1703    17.9701    17.9771    36.4382    36.4346    26.3816    26.3771    1513.47    137.729    137.946         34 0.0000e+00
      40181   1674.170    122.166    123.000    18.0187    18.0342   4.765749   4.767568     2.1338     1.7798      99.99   25.74470  -84.58874   -0.00201    0.00004     3.1669     3.1758    17.9974    18.0129    36.4437    36.4458    26.3790    26.3767    1513.47    137.797    138.188         32 0.0000e+00
      40246   1676.894    121.173    122.000    18.0436    18.0505   4.768613   4.769350     2.1379     1.7815      98.78   25.74470  -84.58874    0.00059    0.00068     3.1735     3.1785    18.0235    18.0294    36.4465    36.4476    26.3746    26.3740    1513.47    138.086    138.305         34 0.0000e+00
      41596   1733.120    118.194    119.000    18.3946    18.3933   4.808207   4.808392     2.1243     1.7695      84.15   25.73855  -84.56853    0.00149    0.00157     3.1192     3.1265    18.3737    18.3723    36.4712    36.4739    26.3051    26.3075    1513.11    135.734    136.052         65 0.0000e+00
      41681   1736.666    117.201    118.000    18.3886    18.3989   4.806911   4.809111     2.1233     1.7697     100.26   25.74470  -84.58874    0.00022    0.00046     3.1173     3.1271    18.3682    18.3782    36.4684    36.4805    26.3050    26.3117    1513.47    135.649    136.076         46 0.0000e+00
      41732   1738.789    116.208    117.000    18.3879    18.3797   4.804854   4.804570     2.0744     1.7399     100.00   25.74470  -84.58874   -0.01275   -0.00696     3.0086     3.0551    18.3674    18.3591    36.4522    36.4593    26.2928    26.3004    1513.47    130.921    132.946         53 0.0000e+00
      41801   1741.669    115.215    116.000    18.4336    18.4286   4.810193   4.809939     2.0169     1.6792      70.50   25.74470  -84.58874   -0.02306   -0.02173     2.8775     2.9039    18.4132    18.4084    36.4575    36.4597    26.2853    26.2883    1513.47    125.220    126.365         63 0.0000e+00
      41850   1743.723    114.222    115.000    18.5242    18.5090   4.821941   4.820146     2.0161     1.6758     100.44   25.74470  -84.58874   -0.00942   -0.01195     2.8698     2.8904    18.5039    18.4887    36.4774    36.4757    26.2776    26.2802    1513.47    124.884    125.780         42 0.0000e+00
      41891   1745.434    113.230    114.000    18.5723    18.5740   4.827892   4.828122     2.0344     1.6946     100.00   25.74470  -84.58874    0.00587    0.00501     2.9085     2.9331    18.5515    18.5538    36.4863    36.4862    26.2723    26.2717    1513.47    126.569    127.638         41 0.0000e+00
      41935   1747.250    112.236    113.000    18.6283    18.6153   4.834532   4.832950     2.0713     1.7192     100.00   25.74470  -84.58874    0.01595    0.01299     2.9848     2.9889    18.6083    18.5953    36.4928    36.4910    26.2630    26.2648    1513.47    129.891    130.069         46 0.0000e+00
      41975   1748.929    111.243    112.000    18.6513    18.6617   4.836976   4.838089     2.0711     1.7178     100.00   25.74472  -84.58874    0.01037    0.00631     2.9835     2.9828    18.6314    18.6418    36.4936    36.4938    26.2576    26.2552    1513.47    129.834    129.805         35 0.0000e+00
      42010   1750.380    110.251    111.000    18.8200    18.8750   4.857943   4.864122     2.0694     1.7204     100.00   25.74472  -84.58875    0.00008    0.00035     2.9720     2.9825    18.8014    18.8552    36.5228    36.5258    26.2367    26.2251    1513.47    129.337    129.794         37 0.0000e+00
      42052   1752.113    109.257    110.000    18.8679    18.8732   4.864016   4.864247     2.0855     1.7395     100.00   25.74472  -84.58876    0.00228    0.00473     2.9998     3.0211    18.8482    18.8535    36.5315    36.5288    26.2313    26.2279    1513.47    130.547    131.474         43 0.0000e+00
      42090   1753.725    108.265    109.000    18.8872    18.8951   4.866421   4.866933     2.1004     1.7486     100.00   25.74472  -84.58876    0.00923    0.00934     3.0309     3.0416    18.8676    18.8755    36.5351    36.5324    26.2291    26.2250    1513.47    131.899    132.365         35 0.0000e+00
      42125   1755.172    107.272    108.000    18.9671    19.0009   4.875971   4.879697     2.1098     1.7558     100.00   25.74472  -84.58876    0.00894    0.00629     3.0464     3.0528    18.9508    18.9817    36.5428    36.5451    26.2136    26.2069    1513.47    132.577    132.857         38 0.0000e+00
      42169   1757.012    106.279    107.000    19.0297    19.0492   4.882722   4.884479     2.1158     1.7605     100.00   25.74472  -84.58876    0.00512    0.00393     3.0549     3.0602    19.0104    19.0300    36.5474    36.5450    26.2018    26.1949    1513.47    132.948    133.180         47 0.0000e+00
      42211   1758.752    105.286    106.000    19.0715    19.0779   4.886328   4.886775     2.1171     1.7578     100.00   25.74472  -84.58876    0.00241    0.00120     3.0550     3.0519    19.0524    19.0588    36.5418    36.5394    26.1866    26.1832    1513.47    132.954    132.819         35 0.0000e+00
      42244   1760.118    104.293    105.000    19.1213    19.1378   4.891721   4.893366     2.1104     1.7482     100.00   25.74472  -84.58876   -0.00023   -0.00247     3.0369     3.0249    19.1024    19.1189    36.5431    36.5423    26.1747    26.1699    1513.47    132.168    131.649         33 0.0000e+00
      42281   1761.661    103.300    104.000    19.1750    19.1813   4.896774   4.897477     2.0959     1.7300     100.00   25.74472  -84.58876   -0.00545   -0.00761     3.0017     2.9787    19.1562    19.1625    36.5386    36.5389    26.1574    26.1560    1513.47    130.640    129.636         44 0.0000e+00
      42328   1763.625    102.307    103.000    19.1748    19.1823   4.896656   4.897234     2.0706     1.7097      96.67   25.74472  -84.58876   -0.01167   -0.01165     2.9460     2.9298    19.1562    19.1636    36.5382    36.5372    26.1571    26.1544    1513.47    128.217    127.510         42 0.0000e+00
      42363   1765.091    101.314    102.000    19.2023    19.1976   4.899124   4.898754     2.0643     1.7068      99.97   25.74472  -84.58876   -0.00946   -0.00748     2.9304     2.9214    19.1838    19.1791    36.5350    36.5361    26.1475    26.1496    1513.47    127.539    127.144         34 0.0000e+00
      42403   1766.733    100.320    101.000    19.2217    19.2254   4.900968   4.901364     2.0525     1.6981     100.00   25.74472  -84.58876   -0.00614   -0.00405     2.9032     2.8988    19.2034    19.2071    36.5338    36.5339    26.1415    26.1406    1513.47    126.352    126.161         44 0.0000e+00
      42442   1768.395     99.327    100.000    19.2289    19.2286   4.901442   4.901465     2.0425     1.6894     100.00   25.74472  -84.58876   -0.00675   -0.00522     2.8807     2.8775    19.2107    19.2105    36.5319    36.5323    26.1381    26.1385    1513.47    125.375    125.238         35 0.0000e+00
      42479   1769.913     98.334     99.000    19.2325    19.2356   4.902429   4.902674     2.0358     1.6817      95.39   25.74472  -84.58876   -0.00562   -0.00514     2.8697     2.8634    19.2145    19.2176    36.5306    36.5298    26.1362    26.1347    1513.47    124.897    124.623         40 0.0000e+00
      42521   1771.677     97.342     98.000    19.2919    19.2856   4.907505   4.906932     2.0273     1.6743     100.08   25.74472  -84.58876   -0.00467   -0.00489     2.8430     2.8374    19.2741    19.2678    36.5281    36.5295    26.1188    26.1215    1513.47    123.737    123.493         42 0.0000e+00
      42560   1773.298     96.348     97.000    19.3465    19.3394   4.914056   4.913302     2.0259     1.6749     100.00   25.74472  -84.58876   -0.00381   -0.00302     2.8368     2.8359    19.3288    19.3218    36.5352    36.5351    26.1100    26.1117    1513.47    123.467    123.427         36 0.0000e+00
      42596   1774.809     95.355     96.000    19.4291    19.4353   4.924375   4.925105     2.0392     1.6924     100.00   25.74472  -84.58876    0.00137    0.00244     2.8602     2.8714    19.4116    19.4177    36.5492    36.5503    26.0991    26.0983    1513.47    124.486    124.976         39 0.0000e+00
      42639   1776.590     94.362     95.000    19.5374    19.5654   4.937104   4.939222     2.0653     1.7200     100.00   25.74472  -84.58876    0.01013    0.01190     2.9101     2.9299    19.5200    19.5479    36.5608    36.5540    26.0796    26.0670    1513.47    126.661    127.525         44 0.0000e+00
      42679   1778.243     93.369     94.000    19.6510    19.6606   4.950787   4.951770     2.0912     1.7429     100.00   25.74474  -84.58876    0.01522    0.01578     2.9588     2.9782    19.6337    19.6433    36.5755    36.5753    26.0610    26.0583    1513.47    128.783    129.630         37 0.0000e+00
      42716   1779.796     92.376     93.000    19.7290    19.7494   4.959697   4.962293     2.1113     1.7601      94.70   25.74474  -84.58876    0.01500    0.01307     2.9971     3.0134    19.7118    19.7323    36.5817    36.5853    26.0451    26.0425    1513.47    130.452    131.164         37 0.0000e+00
      42754   1781.354     91.383     92.000    19.8127    19.8360   4.969597   4.971037     2.1272     1.7754      80.20   25.74474  -84.58876    0.01239    0.01087     3.0258     3.0443    19.7957    19.8190    36.5909    36.5825    26.0301    26.0175    1513.47    131.703    132.509         37 0.0000e+00
      42793   1783.017     90.390     91.000    19.9307    19.9445   4.982984   4.983575     2.1439     1.7877      99.71   25.74474  -84.58876    0.01042    0.00918     3.0541     3.0664    19.9138    19.9276    36.5991    36.5914    26.0051    25.9955    1513.47    132.939    133.478         43 0.0000e+00
      42835   1784.751     89.397     90.000    19.9874    20.0136   4.988698   4.991124     2.1576     1.7984     100.00   25.74474  -84.58876    0.00947    0.00703     3.0797     3.0874    19.9707    19.9969    36.5972    36.5944    25.9885    25.9794    1513.47    134.056    134.390         38 0.0000e+00
      42874   1786.358     88.404     89.000    20.0346    20.0521   4.993921   4.995810     2.1655     1.8063      78.93   25.74474  -84.58876    0.00703    0.00591     3.0933     3.1032    20.0180    20.0355    36.5996    36.5999    25.9777    25.9733    1513.47    134.648    135.082         41 0.0000e+00
