GOMECC/GOMECC-4/1db/urb2103_0391.cnv
* Sea-Bird SBE 9 Data File:
* FileName = C:\Users\scs.user.rb\CTD\GOMECC4\data\rb2103_0391.hex
* Software Version Seasave V 7.26.7.107
* Temperature SN = 4799
* Conductivity SN = 3860
* Number of Bytes Per Scan = 41
* Number of Voltage Words = 4
* Number of Scans Averaged by the Deck Unit = 1
* NMEA Latitude = 27 44.23 N
* NMEA Longitude = 089 59.91 W
* NMEA UTC (Time) = Sep 25 2021  20:49:51
* NMEA baud rate = 4800
# nquan = 28
# nvalues = 322                         
# units = specified
# name 0 = scan: Scan Count
# name 1 = timeS: Time, Elapsed [seconds]
# name 2 = depSM: Depth [salt water, m]
# name 3 = prDM: Pressure, Digiquartz [db]
# name 4 = t090C: Temperature [ITS-90, deg C]
# name 5 = t190C: Temperature, 2 [ITS-90, deg C]
# name 6 = c0S/m: Conductivity [S/m]
# name 7 = c1S/m: Conductivity, 2 [S/m]
# name 8 = sbeox0V: Oxygen raw, SBE 43 [V]
# name 9 = sbeox1V: Oxygen raw, SBE 43, 2 [V]
# name 10 = altM: Altimeter [m]
# name 11 = latitude: Latitude [deg]
# name 12 = longitude: Longitude [deg]
# name 13 = sbox0dV/dT: Oxygen, SBE 43 [dov/dt]
# name 14 = sbox1dV/dT: Oxygen, SBE 43, 2 [dov/dt]
# name 15 = sbeox0ML/L: Oxygen, SBE 43 [ml/l], WS = 5
# name 16 = sbeox1ML/L: Oxygen, SBE 43, 2 [ml/l], WS = 5
# name 17 = potemp090C: Potential Temperature [ITS-90, deg C]
# name 18 = potemp190C: Potential Temperature, 2 [ITS-90, deg C]
# name 19 = sal00: Salinity, Practical [PSU]
# name 20 = sal11: Salinity, Practical, 2 [PSU]
# name 21 = sigma-é00: Density [sigma-theta, kg/m^3]
# name 22 = sigma-é11: Density, 2 [sigma-theta, kg/m^3]
# name 23 = avgsvCM: Average Sound Velocity [Chen-Millero, m/s], minP = 20, minS = 20
# name 24 = sbox0Mm/Kg: Oxygen, SBE 43 [umol/kg], WS = 5
# name 25 = sbox1Mm/Kg: Oxygen, SBE 43, 2 [umol/kg], WS = 5
# name 26 = nbin: number of scans per bin
# name 27 = flag: flag
# span 0 =      36981,      96590       
# span 1 =   1540.834,   4024.556       
# span 2 =      2.980,    937.590       
# span 3 =      3.000,    946.000       
# span 4 =     5.5929,    28.9865       
# span 5 =     5.5922,    28.9881       
# span 6 =   3.434505,   5.948165       
# span 7 =   3.434351,   5.948405       
# span 8 =     1.6132,     3.1826       
# span 9 =     1.3167,     2.7022       
# span 10 =       4.09,     105.12      
# span 11 =   27.48561,   28.17989      
# span 12 =  -91.40248,  -89.15071      
# span 13 =   -0.02163,    0.01634      
# span 14 =   -0.02135,    0.01535      
# span 15 =     2.5851,     4.5761      
# span 16 =     2.6084,     4.5662      
# span 17 =     5.5096,    28.9848      
# span 18 =     5.5088,    28.9864      
# span 19 =    34.9057,    36.7920      
# span 20 =    34.9049,    36.7925      
# span 21 =    22.9214,    27.5501      
# span 22 =    22.9220,    27.5495      
# span 23 =    1488.91,    1526.51      
# span 24 =    112.402,    199.633      
# span 25 =    113.415,    199.205      
# span 26 =         30,         67      
# span 27 = 0.0000e+00, 0.0000e+00      
# interval = decibars: 1                
# start_time = Sep 25 2021 20:49:51 [NMEA time, header]
# bad_flag = -9.990e-29
*END*
[from data line 311]
      92059   3835.768     15.893     16.000    28.5455    28.5467   5.857947   5.858184     3.1309     2.6561      98.74   27.74778  -90.00226    0.00008   -0.00081     4.3773     4.3716    28.5417    28.5428    36.2296    36.2304    23.1407    23.1409    1503.13    191.068    190.822         40 0.0000e+00
      92722   3863.379     14.900     15.000    28.5448    28.5461   5.857850   5.858072     3.1300     2.6590      98.04   27.74788  -90.00227    0.00023   -0.00020     4.3751     4.3770    28.5412    28.5425    36.2297    36.2303    23.1410    23.1410    1503.13    190.974    191.054         58 0.0000e+00
      93870   3911.224     13.907     14.000    28.5405    28.5423   5.857357   5.857574     3.1324     2.6570      69.76   27.74806  -90.00230    0.00026   -0.00018     4.3793     4.3727    28.5372    28.5390    36.2299    36.2300    23.1424    23.1420    1503.13    191.155    190.869         56 0.0000e+00
      94078   3919.882     12.913     13.000    28.5410    28.5434   5.857253   5.857538     3.1328     2.6616      96.88   27.74809  -90.00230   -0.00001    0.00146     4.3795     4.3815    28.5379    28.5403    36.2291    36.2293    23.1416    23.1410    1503.13    191.164    191.250         48 0.0000e+00
      94274   3928.026     11.920     12.000    28.5423    28.5450   5.857298   5.857669     3.1308     2.6596     100.01   27.74811  -90.00230    0.00027    0.00012     4.3752     4.3768    28.5395    28.5421    36.2287    36.2292    23.1408    23.1403    1503.13    190.977    191.046         50 0.0000e+00
      93796   3908.119      9.933     10.000    28.2731    28.2730   5.801884   5.801995     3.1031     2.6388      99.05   27.48561  -89.15071   -0.00021    0.00129     4.3362     4.3432    28.2707    28.2707    35.8859    35.8867    22.9214    22.9220    1488.91    189.276    189.581         48 0.0000e+00
      94844   3951.794      8.940      9.000    28.5424    28.5452   5.857160   5.857535     3.1329     2.6612      83.68   27.74819  -90.00232   -0.00021   -0.00046     4.3776     4.3784    28.5402    28.5430    36.2286    36.2291    23.1405    23.1399    1503.13    191.080    191.118         56 0.0000e+00
      96563   4023.410      6.954      7.000    28.9865    28.9881   5.948165   5.948405     3.1826     2.7021     101.20   28.17989  -91.40248    0.00006   -0.00004     4.4462     4.4444    28.9848    28.9864    36.7920    36.7925    23.5001    23.4999    1526.51    194.077    193.998         41 0.0000e+00
      95176   3965.621      5.960      6.000    28.5422    28.5447   5.856983   5.857257     3.1350     2.6613     100.00   27.74822  -90.00234    0.00017   -0.00004     4.3798     4.3771    28.5408    28.5433    36.2284    36.2284    23.1401    23.1393    1503.13    191.178    191.062         48 0.0000e+00
      95309   3971.159      4.967      5.000    28.5439    28.5457   5.857052   5.857313     3.1351     2.6659      99.67   27.74824  -90.00234   -0.00023    0.00045     4.3793     4.3858    28.5427    28.5445    36.2279    36.2283    23.1391    23.1388    1503.13    191.157    191.439         30 0.0000e+00
      96590   4024.556      2.980      3.000    28.4818    28.4827   5.844461   5.844637     3.1296     2.6557       4.09   27.69164  -89.81808    0.00085    0.00026     4.3712     4.3667    28.4811    28.4820    36.1529    36.1535    23.0922    23.0923    1500.05    190.802    190.604         31 0.0000e+00
