GOMECC/GOMECC-4/1db/urb2103_0331.cnv
* Sea-Bird SBE 9 Data File:
* FileName = C:\Users\scs.user.rb\CTD\GOMECC4\data\rb2103_0331.hex
* Software Version Seasave V 7.26.7.107
* Temperature SN = 4799
* Conductivity SN = 3860
* Number of Bytes Per Scan = 41
* Number of Voltage Words = 4
* Number of Scans Averaged by the Deck Unit = 1
* NMEA Latitude = 29 27.77 N
* NMEA Longitude = 087 14.16 W
* NMEA UTC (Time) = Sep 23 2021  23:47:16
* NMEA baud rate = 4800
# nquan = 28
# nvalues = 190                         
# units = specified
# name 0 = scan: Scan Count
# name 1 = timeS: Time, Elapsed [seconds]
# name 2 = depSM: Depth [salt water, m]
# name 3 = prDM: Pressure, Digiquartz [db]
# name 4 = t090C: Temperature [ITS-90, deg C]
# name 5 = t190C: Temperature, 2 [ITS-90, deg C]
# name 6 = c0S/m: Conductivity [S/m]
# name 7 = c1S/m: Conductivity, 2 [S/m]
# name 8 = sbeox0V: Oxygen raw, SBE 43 [V]
# name 9 = sbeox1V: Oxygen raw, SBE 43, 2 [V]
# name 10 = altM: Altimeter [m]
# name 11 = latitude: Latitude [deg]
# name 12 = longitude: Longitude [deg]
# name 13 = sbox0dV/dT: Oxygen, SBE 43 [dov/dt]
# name 14 = sbox1dV/dT: Oxygen, SBE 43, 2 [dov/dt]
# name 15 = sbeox0ML/L: Oxygen, SBE 43 [ml/l], WS = 5
# name 16 = sbeox1ML/L: Oxygen, SBE 43, 2 [ml/l], WS = 5
# name 17 = potemp090C: Potential Temperature [ITS-90, deg C]
# name 18 = potemp190C: Potential Temperature, 2 [ITS-90, deg C]
# name 19 = sal00: Salinity, Practical [PSU]
# name 20 = sal11: Salinity, Practical, 2 [PSU]
# name 21 = sigma-é00: Density [sigma-theta, kg/m^3]
# name 22 = sigma-é11: Density, 2 [sigma-theta, kg/m^3]
# name 23 = avgsvCM: Average Sound Velocity [Chen-Millero, m/s], minP = 20, minS = 20
# name 24 = sbox0Mm/Kg: Oxygen, SBE 43 [umol/kg], WS = 5
# name 25 = sbox1Mm/Kg: Oxygen, SBE 43, 2 [umol/kg], WS = 5
# name 26 = nbin: number of scans per bin
# name 27 = flag: flag
# span 0 =      29490,      76385       
# span 1 =   1228.719,   3182.686       
# span 2 =      1.986,    395.919       
# span 3 =      2.000,    399.000       
# span 4 =     9.9924,    28.2318       
# span 5 =     9.9947,    28.2007       
# span 6 =   3.845727,   5.669791       
# span 7 =   3.845864,   5.670172       
# span 8 =     1.6367,     3.1693       
# span 9 =     1.3398,     2.6973       
# span 10 =      10.20,     106.80      
# span 11 =   29.24883,   29.95430      
# span 12 =  -88.69200,  -86.60316      
# span 13 =   -0.01442,    0.02597      
# span 14 =   -0.02215,    0.03426      
# span 15 =     2.5643,     4.5338      
# span 16 =     2.5980,     4.5430      
# span 17 =     9.9456,    28.2292      
# span 18 =     9.9478,    28.1981      
# span 19 =    33.9878,    36.5642      
# span 20 =    33.9881,    36.5642      
# span 21 =    21.7393,    27.1191      
# span 22 =    21.7399,    27.1186      
# span 23 =    1502.16,    1538.39      
# span 24 =    111.497,    198.140      
# span 25 =    112.965,    198.541      
# span 26 =         30,         67      
# span 27 = 0.0000e+00, 0.0000e+00      
# interval = decibars: 1                
# start_time = Sep 23 2021 23:47:16 [NMEA time, header]
# bad_flag = -9.990e-29
*END*
[from data line 156]
      58623   2442.564     43.698     44.000    26.4121    26.4243   5.600886   5.602907     2.8697     2.4363     100.18   29.46278  -87.23642   -0.00199    0.00108     4.0719     4.0883    26.4022    26.4143    36.0417    36.0468    23.6929    23.6930    1513.15    177.644    178.359         41 0.0000e+00
      58665   2444.317     42.705     43.000    26.8156    26.8327   5.625364   5.627481     2.9130     2.4819      56.54   29.46278  -87.23642    0.00974    0.00732     4.1266     4.1580    26.8057    26.8229    35.9044    35.9063    23.4613    23.4573    1513.15    180.070    181.441         39 0.0000e+00
      58740   2447.463     41.712     42.000    26.6947    26.8739   5.618427   5.633057     2.9689     2.5660     102.82   29.46278  -87.23642    0.02483    0.03426     4.2395     4.3296    26.6852    26.8643    35.9486    35.9149    23.5330    23.4505    1513.15    184.984    188.929         51 0.0000e+00
      58784   2449.290     40.719     41.000    26.9443    26.9740   5.634352   5.637156     2.9759     2.5578     100.00   29.46278  -87.23642    0.00717    0.00600     4.2381     4.3082    26.9349    26.9646    35.8700    35.8662    23.3941    23.3817    1513.15    184.941    188.006         50 0.0000e+00
      58846   2451.870     39.726     40.000    26.9656    27.1231   5.635111   5.644394     3.0463     2.6007     100.00   29.46278  -87.23642    0.02185    0.01242     4.3648     4.3849    26.9564    27.1139    35.8602    35.8043    23.3798    23.2872    1513.15    190.479    191.375         67 0.0000e+00
      58909   2454.503     38.733     39.000    27.0332    27.1293   5.636122   5.640180     3.0442     2.5982     100.00   29.46278  -87.23642    0.00293    0.00187     4.3568     4.3808    27.0242    27.1203    35.8147    35.7671    23.3238    23.2559    1513.15    190.142    191.198         57 0.0000e+00
      58978   2457.390     37.740     38.000    27.2568    27.1421   5.643752   5.640418     3.0502     2.5970      92.96   29.46278  -87.23643   -0.00057   -0.00215     4.3554     4.3753    27.2351    27.1333    35.7075    35.7637    23.1753    23.2506    1513.15    190.108    190.962         36 0.0000e+00
      59075   2461.406     36.747     37.000    27.4544    27.1762   5.657775   5.641261     3.0216     2.5880     100.36   29.46278  -87.23644   -0.00693   -0.00202     4.2823     4.3547    27.4433    27.1676    35.6487    35.7420    23.0638    23.2229    1513.15    186.937    190.069         52 0.0000e+00
      60182   2507.528     34.760     35.000    27.7474    27.6911   5.669791   5.668876     3.1364     2.6543     100.01   29.46705  -87.24907    0.01058    0.00187     4.4780     4.4561    27.7392    27.6829    35.5122    35.5480    22.8658    22.9110    1513.37    195.518    194.557         45 0.0000e+00
      60987   2541.087     33.767     34.000    27.8074    27.7961   5.669107   5.668819     3.1579     2.6909     100.00   29.46280  -87.23646    0.00077   -0.00011     4.5135     4.5262    27.7995    27.7881    35.4599    35.4663    22.8061    22.8146    1513.15    197.079    197.631         31 0.0000e+00
      61145   2547.647     32.774     33.000    27.8409    27.8681   5.669580   5.670172     3.1601     2.6922     100.00   29.46280  -87.23646   -0.00036   -0.00039     4.5149     4.5242    27.8331    27.8604    35.4383    35.4219    22.7788    22.7576    1513.15    197.143    197.553         60 0.0000e+00
      61300   2554.108     30.788     31.000    27.9191    27.9059   5.668603   5.669249     3.1466     2.6832      99.27   29.46147  -87.23253   -0.00325   -0.00096     4.4846     4.5027    27.9118    27.8986    35.3721    35.3868    22.7031    22.7185    1513.08    195.835    196.624         47 0.0000e+00
      61392   2557.975     29.795     30.000    27.9511    27.9459   5.667178   5.669433     3.1461     2.6841      79.28   29.46280  -87.23646   -0.00105    0.00052     4.4811     4.5017    27.9441    27.9388    35.3393    35.3591    22.6681    22.6847    1513.15    195.690    196.587         48 0.0000e+00
      61487   2561.916     28.802     29.000    28.0375    27.9876   5.660089   5.669332     3.1508     2.6817     102.51   29.46280  -87.23646    0.00035   -0.00079     4.4853     4.4935    28.0307    27.9808    35.2250    35.3294    22.5538    22.6496    1513.15    195.896    196.241         39 0.0000e+00
      61601   2566.680     27.809     28.000    28.0368    28.0277   5.630743   5.645046     3.1424     2.6758     100.00   29.46279  -87.23646   -0.00177   -0.00178     4.4741     4.4834    28.0330    28.0211    35.0180    35.1615    22.3974    22.5095    1513.15    195.435    195.825         44 0.0000e+00
      61708   2571.131     24.829     25.000    27.7783    27.7741   5.524370   5.522231     3.1001     2.6369      99.43   29.29511  -86.74001   -0.00045   -0.00313     4.4253     4.4288    27.7818    27.7682    34.3770    34.3620    21.9712    21.9609    1504.54    193.362    193.516         43 0.0000e+00
      63458   2644.024     23.836     24.000    27.8951    27.8959   5.540961   5.540908     3.1130     2.6493     100.00   29.46276  -87.23646   -0.00042   -0.00057     4.4421     4.4523    27.8895    27.8903    34.4968    34.4957    22.0523    22.0512    1513.15    194.104    194.551         45 0.0000e+00
      63360   2639.978     22.843     23.000    27.8926    27.8944   5.540760   5.541221     3.1160     2.6502      97.93   29.46276  -87.23646    0.00098   -0.00016     4.4473     4.4539    27.8872    27.8890    34.4974    34.4993    22.0535    22.0543    1513.15    194.332    194.617         60 0.0000e+00
      63454   2643.888     21.850     22.000    27.8830    27.8828   5.538013   5.537727     3.1138     2.6517     100.22   29.46276  -87.23644    0.00006   -0.00003     4.4438     4.4574    27.8778    27.8777    34.4851    34.4831    22.0473    22.0458    1513.15    194.178    194.774         31 0.0000e+00
      63567   2648.566     20.857     21.000    27.8758    27.8771   5.533975   5.534347     3.1147     2.6502      91.92   29.46276  -87.23643    0.00009   -0.00064     4.4452     4.4548    27.8710    27.8722    34.4626    34.4643    22.0326    22.0335    1513.15    194.245    194.661         40 0.0000e+00
      63684   2653.453     19.864     20.000    27.8660    27.8716   5.527553   5.530170     3.1151     2.6497     100.82   29.46276  -87.23642    0.00082   -0.00058     4.4480     4.4544    27.8613    27.8669    34.4252    34.4409    22.0076    22.0176    1513.15    194.368    194.646         46 0.0000e+00
      63814   2658.891     18.871     19.000    27.8608    27.8711   5.524294   5.530718     3.1142     2.6523      72.51   29.46276  -87.23642   -0.00071    0.00143     4.4466     4.4592    27.8563    27.8666    34.4064    34.4436    21.9951    22.0197    1513.15    194.311    194.860         31 0.0000e+00
      63936   2663.971     17.877     18.000    27.8603    27.8666   5.524358   5.528134     3.1175     2.6534      76.80   29.46276  -87.23642   -0.00084    0.00184     4.4521     4.4614    27.8560    27.8624    34.4075    34.4293    21.9960    22.0104    1513.15    194.553    194.953         38 0.0000e+00
      64196   2674.783     15.891     16.000    27.8393    27.8595   5.510681   5.520501     3.1195     2.6563      49.47   29.47692  -87.27834    0.00081    0.00112     4.4588     4.4689    27.8354    27.8558    34.3354    34.3893    21.9510    21.9849    1513.88    194.855    195.288         47 0.0000e+00
      67487   2811.931     14.898     15.000    27.8166    27.8173   5.504619   5.505498     3.1165     2.6523      98.01   29.46277  -87.23648   -0.00070   -0.00078     4.4549     4.4643    27.8131    27.8138    34.3019    34.3076    21.9306    21.9346    1513.15    194.687    195.097         39 0.0000e+00
      72510   3021.190     10.925     11.000    28.2318    28.2007   5.582207   5.583336     3.1693     2.6973     101.60   29.95430  -88.69200    0.00005    0.00064     4.5338     4.5430    28.2292    28.1981    34.8111    34.7718    22.2646    22.2385    1538.39    198.140    198.541         33 0.0000e+00
      72301   3012.500      9.932     10.000    27.7684    27.7698   5.490315   5.490565     3.1133     2.6529      91.14   29.46277  -87.23660   -0.00061    0.00024     4.4516     4.4682    27.7661    27.7674    34.2382    34.2391    21.8979    21.8982    1513.15    194.547    195.274         54 0.0000e+00
      73079   3044.911      8.939      9.000    27.7699    27.7709   5.490260   5.490393     3.1164     2.6560      78.93   29.46278  -87.23662   -0.00031    0.00025     4.4568     4.4739    27.7678    27.7688    34.2370    34.2372    21.8964    21.8963    1513.15    194.775    195.525         51 0.0000e+00
      73206   3050.216      7.946      8.000    27.7632    27.7669   5.489373   5.489837     3.1166     2.6535     100.72   29.46279  -87.23662    0.00059   -0.00032     4.4571     4.4685    27.7613    27.7650    34.2359    34.2365    21.8977    21.8969    1513.15    194.790    195.289         41 0.0000e+00
      73337   3055.657      6.953      7.000    27.7582    27.7591   5.489171   5.489309     3.1182     2.6525     100.00   29.46278  -87.23662   -0.00063   -0.00061     4.4599     4.4665    27.7566    27.7575    34.2385    34.2387    21.9012    21.9011    1513.15    194.911    195.200         44 0.0000e+00
      73019   3042.436      4.966      5.000    27.5601    27.5589   5.449304   5.449216     3.0967     2.6391      99.52   29.24883  -86.60316    0.00090   -0.00053     4.4284     4.4438    27.5589    27.5577    33.9878    33.9881    21.7393    21.7399    1502.16    193.534    194.206         31 0.0000e+00
      74541   3105.829      3.973      4.000    27.7602    27.7611   5.489005   5.489218     3.1171     2.6546      40.29   29.46278  -87.23664   -0.00059   -0.00017     4.4562     4.4692    27.7593    27.7602    34.2367    34.2375    21.8990    21.8993    1513.15    194.749    195.315         54 0.0000e+00
      76250   3177.046      2.980      3.000    27.7532    27.7545   5.488047   5.488259     3.1183     2.6570      97.64   29.46280  -87.23662   -0.00019    0.00103     4.4584     4.4741    27.7525    27.7538    34.2354    34.2359    21.9002    21.9002    1513.15    194.846    195.531         35 0.0000e+00
      76385   3182.686      1.986      2.000    27.7463    27.7489   5.487086   5.487572     3.1182     2.6570      99.95   29.46280  -87.23662    0.00055   -0.00010     4.4582     4.4739    27.7458    27.7485    34.2340    34.2354    21.9013    21.9015    1513.15    194.835    195.524         33 0.0000e+00
