GOMECC/GOMECC-4/1db/urb2103_0241.cnv
* Sea-Bird SBE 9 Data File:
* FileName = C:\Users\scs.user.rb\CTD\GOMECC4\data\rb2103_0241.hex
* Software Version Seasave V 7.26.7.107
* Temperature SN = 4799
* Conductivity SN = 3860
* Number of Bytes Per Scan = 41
* Number of Voltage Words = 4
* Number of Scans Averaged by the Deck Unit = 1
* NMEA Latitude = 28 41.35 N
* NMEA Longitude = 086 03.85 W
* NMEA UTC (Time) = Sep 21 2021  05:37:15
* NMEA baud rate = 4800
# nquan = 28
# nvalues = 253                         
# units = specified
# name 0 = scan: Scan Count
# name 1 = timeS: Time, Elapsed [seconds]
# name 2 = depSM: Depth [salt water, m]
# name 3 = prDM: Pressure, Digiquartz [db]
# name 4 = t090C: Temperature [ITS-90, deg C]
# name 5 = t190C: Temperature, 2 [ITS-90, deg C]
# name 6 = c0S/m: Conductivity [S/m]
# name 7 = c1S/m: Conductivity, 2 [S/m]
# name 8 = sbeox0V: Oxygen raw, SBE 43 [V]
# name 9 = sbeox1V: Oxygen raw, SBE 43, 2 [V]
# name 10 = altM: Altimeter [m]
# name 11 = latitude: Latitude [deg]
# name 12 = longitude: Longitude [deg]
# name 13 = sbox0dV/dT: Oxygen, SBE 43 [dov/dt]
# name 14 = sbox1dV/dT: Oxygen, SBE 43, 2 [dov/dt]
# name 15 = sbeox0ML/L: Oxygen, SBE 43 [ml/l], WS = 5
# name 16 = sbeox1ML/L: Oxygen, SBE 43, 2 [ml/l], WS = 5
# name 17 = potemp090C: Potential Temperature [ITS-90, deg C]
# name 18 = potemp190C: Potential Temperature, 2 [ITS-90, deg C]
# name 19 = sal00: Salinity, Practical [PSU]
# name 20 = sal11: Salinity, Practical, 2 [PSU]
# name 21 = sigma-é00: Density [sigma-theta, kg/m^3]
# name 22 = sigma-é11: Density, 2 [sigma-theta, kg/m^3]
# name 23 = avgsvCM: Average Sound Velocity [Chen-Millero, m/s], minP = 20, minS = 20
# name 24 = sbox0Mm/Kg: Oxygen, SBE 43 [umol/kg], WS = 5
# name 25 = sbox1Mm/Kg: Oxygen, SBE 43, 2 [umol/kg], WS = 5
# name 26 = nbin: number of scans per bin
# name 27 = flag: flag
# span 0 =      24882,      61132       
# span 1 =   1036.708,   2547.143       
# span 2 =      2.980,    303.724       
# span 3 =      3.000,    306.000       
# span 4 =    11.2296,    29.0401       
# span 5 =    11.2291,    29.0399       
# span 6 =   3.977723,   5.815547       
# span 7 =   3.977603,   5.819740       
# span 8 =     1.6716,     3.2045       
# span 9 =     1.3713,     2.7274       
# span 10 =      12.42,     102.47      
# span 11 =   28.58614,   29.39776      
# span 12 =  -88.18850,  -85.75378      
# span 13 =   -0.00423,    0.01771      
# span 14 =   -0.00449,    0.01532      
# span 15 =     2.5499,     4.6145      
# span 16 =     2.5813,     4.6122      
# span 17 =    11.1910,    29.0391      
# span 18 =    11.1905,    29.0389      
# span 19 =    34.7576,    36.5931      
# span 20 =    34.7577,    36.5890      
# span 21 =    22.1010,    27.0348      
# span 22 =    22.1015,    27.0341      
# span 23 =    1512.18,    1555.11      
# span 24 =    110.882,    201.394      
# span 25 =    112.245,    201.299      
# span 26 =         30,         76      
# span 27 = 0.0000e+00, 0.0000e+00      
# interval = decibars: 1                
# start_time = Sep 21 2021 05:37:15 [NMEA time, header]
# bad_flag = -9.990e-29
*END*
[from data line 104]
      35193   1466.321    178.716    180.000    14.2962    14.2964   4.323596   4.323501     1.8467     1.5304     100.02   28.68924  -86.06312    0.00237    0.00226     2.7612     2.7948    14.2696    14.2698    35.8612    35.8601    26.7954    26.7946    1517.63    120.095    121.560         32 0.0000e+00
      35225   1467.667    177.723    179.000    14.3446    14.3493   4.329323   4.329617     1.8498     1.5336     100.00   28.68924  -86.06312    0.00251    0.00239     2.7654     2.7996    14.3181    14.3228    35.8699    35.8682    26.7918    26.7894    1517.63    120.282    121.768         33 0.0000e+00
      35259   1469.091    176.731    178.000    14.3901    14.4005   4.334187   4.335794     1.8532     1.5373      78.13   28.68924  -86.06312    0.00248    0.00240     2.7705     2.8059    14.3637    14.3741    35.8732    35.8784    26.7845    26.7863    1517.63    120.505    122.043         35 0.0000e+00
      35294   1470.559    175.738    177.000    14.4354    14.4676   4.340250   4.343296     1.8562     1.5401     100.27   28.68924  -86.06312    0.00229    0.00245     2.7747     2.8090    14.4091    14.4413    35.8878    35.8862    26.7860    26.7777    1517.63    120.684    122.180         35 0.0000e+00
      35327   1471.919    174.746    176.000    14.5089    14.5165   4.348469   4.349270     1.8584     1.5397     100.00   28.68924  -86.06312    0.00199    0.00153     2.7747     2.8045    14.4826    14.4903    35.8962    35.8966    26.7766    26.7752    1517.63    120.689    121.983         31 0.0000e+00
      35359   1473.248    173.753    175.000    14.5733    14.5779   4.355982   4.356378     1.8592     1.5398     100.00   28.68924  -86.06312    0.00146    0.00030     2.7723     2.8006    14.5471    14.5517    35.9064    35.9058    26.7705    26.7690    1517.63    120.583    121.816         33 0.0000e+00
      35392   1474.622    172.761    174.000    14.6443    14.6432   4.363928   4.363843     1.8611     1.5421     100.00   28.68924  -86.06312    0.00104    0.00036     2.7720     2.8020    14.6182    14.6171    35.9145    35.9146    26.7612    26.7616    1517.63    120.572    121.874         33 0.0000e+00
      35426   1476.044    171.768    173.000    14.6683    14.6674   4.367106   4.366944     1.8631     1.5441     100.00   28.68924  -86.06312    0.00120    0.00128     2.7751     2.8059    14.6423    14.6415    35.9220    35.9213    26.7618    26.7614    1517.63    120.707    122.044         35 0.0000e+00
      35461   1477.483    170.776    172.000    14.6872    14.6894   4.369225   4.369454     1.8648     1.5471     100.00   28.68924  -86.06312    0.00140    0.00173     2.7775     2.8121    14.6614    14.6635    35.9244    35.9246    26.7595    26.7591    1517.63    120.812    122.313         34 0.0000e+00
      35493   1478.850    169.784    171.000    14.7075    14.7046   4.371549   4.371233     1.8655     1.5484     100.00   28.68924  -86.06312    0.00106    0.00158     2.7777     2.8143    14.6816    14.6789    35.9277    35.9273    26.7576    26.7579    1517.63    120.821    122.411         32 0.0000e+00
      35525   1480.165    168.791    170.000    14.7580    14.7698   4.377457   4.378478     1.8675     1.5500      99.21   28.68924  -86.06312    0.00087    0.00130     2.7789     2.8142    14.7324    14.7441    35.9356    35.9341    26.7526    26.7488    1517.63    120.873    122.408         32 0.0000e+00
      35558   1481.555    167.798    169.000    14.8184    14.8351   4.384506   4.385943     1.8709     1.5529      97.45   28.68924  -86.06311    0.00144    0.00126     2.7829     2.8175    14.7928    14.8095    35.9451    35.9429    26.7466    26.7413    1517.63    121.046    122.553         34 0.0000e+00
      35626   1484.392    165.813    167.000    14.9469    14.9490   4.399767   4.399697     1.8787     1.5598     100.00   28.69037  -86.06650    0.00279    0.00266     2.7928     2.8278    14.9215    14.9236    35.9676    35.9651    26.7358    26.7334    1517.69    121.478    123.002         31 0.0000e+00
      35667   1486.101    164.821    166.000    14.9948    14.9925   4.405153   4.404981     1.8810     1.5617      96.27   28.68924  -86.06310    0.00221    0.00175     2.7950     2.8298    14.9695    14.9672    35.9729    35.9735    26.7292    26.7301    1517.63    121.575    123.088         42 0.0000e+00
      35749   1489.500    163.829    165.000    14.9710    14.9829   4.402220   4.403329     1.8816     1.5621     100.12   28.68924  -86.06310    0.00026    0.00024     2.7978     2.8312    14.9458    14.9578    35.9680    35.9691    26.7306    26.7288    1517.63    121.695    123.150         65 0.0000e+00
      35838   1493.197    162.836    164.000    14.8736    14.9401   4.390498   4.398419     1.8805     1.5618     100.00   28.68924  -86.06310   -0.00030   -0.00011     2.8009     2.8326    14.8488    14.9152    35.9512    35.9624    26.7391    26.7331    1517.63    121.830    123.212         45 0.0000e+00
      37452   1560.474    157.873    159.000    15.3522    15.3575   4.447643   4.448337     1.9114     1.5895      86.44   28.69464  -86.07931    0.00021    0.00012     2.8424     2.8775    15.3276    15.3328    36.0363    36.0377    26.6986    26.6986    1517.92    123.640    125.170         66 0.0000e+00
      37506   1562.714    156.881    158.000    15.3334    15.3451   4.444936   4.446142     1.9107     1.5889     100.38   28.68924  -86.06310    0.00004   -0.00013     2.8417     2.8765    15.3090    15.3207    36.0275    36.0290    26.6956    26.6941    1517.63    123.610    125.124         50 0.0000e+00
      37549   1564.483    155.888    157.000    15.3698    15.3750   4.449082   4.449635     1.9110     1.5873     100.00   28.68924  -86.06310   -0.00014   -0.00045     2.8398     2.8701    15.3455    15.3507    36.0321    36.0324    26.6910    26.6900    1517.63    123.530    124.847         36 0.0000e+00
      37581   1565.818    154.896    156.000    15.4071    15.4059   4.453405   4.453345     1.9123     1.5874     100.00   28.68924  -86.06310    0.00032   -0.00070     2.8401     2.8681    15.3829    15.3817    36.0375    36.0381    26.6867    26.6875    1517.63    123.541    124.759         30 0.0000e+00
      37614   1567.191    153.903    155.000    15.4339    15.4333   4.456588   4.456472     1.9130     1.5895     100.00   28.68924  -86.06310    0.00071    0.00031     2.8398     2.8713    15.4098    15.4091    36.0423    36.0418    26.6843    26.6841    1517.63    123.530    124.899         40 0.0000e+00
      37659   1569.076    152.911    154.000    15.4499    15.4515   4.458548   4.458579     1.9124     1.5881      86.86   28.68924  -86.06310    0.00026    0.00037     2.8369     2.8662    15.4260    15.4275    36.0458    36.0446    26.6834    26.6821    1517.63    123.402    124.678         47 0.0000e+00
      37703   1570.934    151.918    153.000    15.5020    15.5008   4.464472   4.464387     1.9111     1.5870      80.02   28.68924  -86.06310   -0.00052   -0.00070     2.8299     2.8595    15.4782    15.4770    36.0530    36.0534    26.6771    26.6778    1517.63    123.099    124.388         42 0.0000e+00
      37746   1572.720    150.926    152.000    15.5457    15.5638   4.469757   4.471731     1.9090     1.5841     100.13   28.68924  -86.06310   -0.00088   -0.00097     2.8221     2.8482    15.5219    15.5400    36.0603    36.0615    26.6728    26.6697    1517.63    122.760    123.897         43 0.0000e+00
      37787   1574.399    149.933    151.000    15.5766    15.5739   4.473389   4.473152     1.9068     1.5811     100.00   28.68924  -86.06310   -0.00118   -0.00173     2.8145     2.8395    15.5530    15.5503    36.0652    36.0656    26.6696    26.6705    1517.63    122.429    123.516         39 0.0000e+00
      37826   1576.052    148.940    150.000    15.6058    15.6000   4.476673   4.476144     1.9034     1.5791     100.00   28.68924  -86.06310   -0.00152   -0.00148     2.8042     2.8323    15.5823    15.5765    36.0685    36.0691    26.6655    26.6673    1517.63    121.981    123.205         40 0.0000e+00
      37865   1577.668    147.948    149.000    15.6292    15.6317   4.479499   4.479517     1.8988     1.5746     100.00   28.68924  -86.06310   -0.00227   -0.00173     2.7915     2.8186    15.6058    15.6083    36.0731    36.0710    26.6637    26.6615    1517.63    121.433    122.611         36 0.0000e+00
      37901   1579.149    146.955    148.000    15.6770    15.6682   4.485061   4.484061     1.8954     1.5711     100.00   28.68924  -86.06310   -0.00268   -0.00255     2.7801     2.8068    15.6538    15.6449    36.0799    36.0790    26.6581    26.6594    1517.63    120.933    122.096         36 0.0000e+00
      37937   1580.684    145.963    147.000    15.7237    15.7299   4.490322   4.490842     1.8934     1.5709      61.47   28.68924  -86.06310   -0.00215   -0.00183     2.7721     2.8023    15.7006    15.7067    36.0850    36.0841    26.6513    26.6492    1517.63    120.589    121.902         37 0.0000e+00
      37974   1582.228    144.970    146.000    15.7726    15.7808   4.496099   4.497065     1.8940     1.5725      92.16   28.68924  -86.06310   -0.00096   -0.00006     2.7701     2.8035    15.7496    15.7578    36.0927    36.0940    26.6461    26.6452    1517.63    120.503    121.957         37 0.0000e+00
      38012   1583.777    143.977    145.000    15.8471    15.8655   4.505136   4.507001     1.8978     1.5775     100.03   28.68924  -86.06310    0.00074    0.00182     2.7745     2.8105    15.8276    15.8425    36.1033    36.1064    26.6364    26.6353    1517.63    120.692    122.261         36 0.0000e+00
      38046   1585.192    142.985    144.000    15.9112    15.9121   4.512393   4.512680     1.8999     1.5768     100.00   28.68924  -86.06310    0.00198    0.00186     2.7747     2.8057    15.8884    15.8892    36.1135    36.1153    26.6302    26.6314    1517.63    120.704    122.050         32 0.0000e+00
      38078   1586.550    141.992    143.000    16.0040    15.9896   4.523299   4.521445     1.9001     1.5754      99.52   28.68924  -86.06311    0.00151    0.00007     2.7691     2.7970    15.9812    15.9668    36.1270    36.1235    26.6193    26.6199    1517.63    120.460    121.677         33 0.0000e+00
      38112   1587.971    141.000    142.000    16.0714    16.0926   4.530910   4.533154     1.8993     1.5737     100.00   28.68924  -86.06312    0.00022   -0.00106     2.7628     2.7865    16.0487    16.0699    36.1341    36.1349    26.6092    26.6048    1517.63    120.189    121.222         34 0.0000e+00
      38147   1589.423    140.007    141.000    16.1429    16.1547   4.539661   4.540880     1.8997     1.5767     100.00   28.68924  -86.06312   -0.00028   -0.00027     2.7590     2.7899    16.1203    16.1321    36.1477    36.1478    26.6030    26.6004    1517.63    120.026    121.367         35 0.0000e+00
      38181   1590.853    139.014    140.000    16.2096    16.2136   4.547441   4.547655     1.9027     1.5800     100.00   28.68924  -86.06312    0.00066    0.00148     2.7622     2.7945    16.1871    16.1911    36.1568    36.1551    26.5945    26.5923    1517.63    120.166    121.570         34 0.0000e+00
      38215   1592.236    138.022    139.000    16.3029    16.3063   4.558510   4.559049     1.9073     1.5832     100.00   28.68924  -86.06312    0.00214    0.00231     2.7662     2.7968    16.2804    16.2838    36.1710    36.1727    26.5837    26.5842    1517.63    120.339    121.673         32 0.0000e+00
      38248   1593.613    137.029    138.000    16.4178    16.4014   4.571910   4.570112     1.9123     1.5883     100.00   28.68924  -86.06312    0.00299    0.00264     2.7705     2.8039    16.3954    16.3790    36.1862    36.1851    26.5685    26.5715    1517.63    120.530    121.981         34 0.0000e+00
      38282   1595.046    136.036    137.000    16.5214    16.4831   4.583782   4.579138     1.9184     1.5933     100.00   28.68924  -86.06312    0.00376    0.00340     2.7782     2.8116    16.4991    16.4608    36.1979    36.1915    26.5531    26.5572    1517.63    120.864    122.318         33 0.0000e+00
      38359   1598.232    134.051    135.000    16.6457    16.6836   4.597756   4.600917     1.9284     1.6039      99.94   28.67345  -86.01574    0.00291    0.00302     2.7934     2.8260    16.6236    16.6614    36.2041    36.1976    26.5272    26.5131    1516.79    121.526    122.949         44 0.0000e+00
      38481   1603.322    133.059    134.000    16.6226    16.7208   4.595723   4.606896     1.9317     1.6062     100.00   28.68924  -86.06312    0.00029   -0.00002     2.8015     2.8312    16.6006    16.6988    36.2165    36.2194    26.5435    26.5225    1517.63    121.878    123.175         44 0.0000e+00
      39725   1655.147    129.088    130.000    17.3980    17.4323   4.687978   4.691434     1.9375     1.6102     100.08   28.71327  -86.13519   -0.00012   -0.00003     2.7663     2.7966    17.3760    17.4103    36.3319    36.3332    26.4485    26.4412    1518.90    120.362    121.684         30 0.0000e+00
      39986   1666.034    128.095    129.000    17.4419    17.4433   4.691010   4.691392     1.9378     1.6100      74.17   28.68924  -86.06312    0.00040    0.00008     2.7646     2.7953    17.4200    17.4215    36.3118    36.3141    26.4200    26.4214    1517.63    120.288    121.625         46 0.0000e+00
      40067   1669.401    127.103    128.000    17.4468    17.4363   4.691721   4.690702     1.9378     1.6083      90.75   28.68924  -86.06312    0.00016   -0.00040     2.7639     2.7912    17.4252    17.4146    36.3149    36.3148    26.4212    26.4236    1517.63    120.260    121.445         52 0.0000e+00
      40121   1671.684    126.110    127.000    17.4832    17.4710   4.695713   4.694709     1.9392     1.6108     100.24   28.68924  -86.06312    0.00027    0.00013     2.7646     2.7950    17.4617    17.4495    36.3166    36.3188    26.4136    26.4183    1517.63    120.291    121.612         53 0.0000e+00
      40171   1673.753    125.117    126.000    17.4988    17.5121   4.697297   4.699192     1.9397     1.6120     100.00   28.68924  -86.06312    0.00053    0.00119     2.7646     2.7953    17.4681    17.4907    36.3251    36.3213    26.4185    26.4101    1517.63    120.289    121.624         45 0.0000e+00
      40211   1675.430    124.125    125.000    17.5640    17.5811   4.705379   4.707668     1.9403     1.6129     100.00   28.68924  -86.06312    0.00017    0.00046     2.7617     2.7931    17.5443    17.5598    36.3275    36.3334    26.4017    26.4024    1517.63    120.165    121.530         36 0.0000e+00
      40243   1676.770    123.132    124.000    17.7080    17.7238   4.721940   4.723837     1.9436     1.6147     100.00   28.68924  -86.06312    0.00074    0.00057     2.7601     2.7893    17.6868    17.7026    36.3437    36.3460    26.3792    26.3770    1517.63    120.097    121.370         30 0.0000e+00
      40275   1678.085    122.139    123.000    17.8159    17.8259   4.735081   4.736202     1.9497     1.6209     100.00   28.68924  -86.06312    0.00240    0.00187     2.7672     2.7985    17.7947    17.8048    36.3612    36.3618    26.3659    26.3640    1517.63    120.410    121.772         37 0.0000e+00
      40316   1679.801    121.146    122.000    17.8954    17.8749   4.744473   4.741780     1.9577     1.6276     100.00   28.68924  -86.06312    0.00436    0.00405     2.7800     2.8119    17.8743    17.8539    36.3715    36.3665    26.3542    26.3554    1517.63    120.968    122.355         42 0.0000e+00
      40358   1681.528    120.154    121.000    17.9507    17.9639   4.750491   4.751376     1.9635     1.6309     100.00   28.68924  -86.06312    0.00422    0.00312     2.7895     2.8148    17.9298    17.9429    36.3743    36.3702    26.3426    26.3362    1517.63    121.380    122.483         40 0.0000e+00
