GOMECC/GOMECC-4/1db/urb2103_0361.cnv
* Sea-Bird SBE 9 Data File:
* FileName = C:\Users\scs.user.rb\CTD\GOMECC4\data\rb2103_0361.hex
* Software Version Seasave V 7.26.7.107
* Temperature SN = 4799
* Conductivity SN = 3860
* Number of Bytes Per Scan = 41
* Number of Voltage Words = 4
* Number of Scans Averaged by the Deck Unit = 1
* NMEA Latitude = 28 20.83 N
* NMEA Longitude = 087 59.99 W
* NMEA UTC (Time) = Sep 24 2021  17:05:11
* NMEA baud rate = 4800
# nquan = 28
# nvalues = 240                         
# units = specified
# name 0 = scan: Scan Count
# name 1 = timeS: Time, Elapsed [seconds]
# name 2 = depSM: Depth [salt water, m]
# name 3 = prDM: Pressure, Digiquartz [db]
# name 4 = t090C: Temperature [ITS-90, deg C]
# name 5 = t190C: Temperature, 2 [ITS-90, deg C]
# name 6 = c0S/m: Conductivity [S/m]
# name 7 = c1S/m: Conductivity, 2 [S/m]
# name 8 = sbeox0V: Oxygen raw, SBE 43 [V]
# name 9 = sbeox1V: Oxygen raw, SBE 43, 2 [V]
# name 10 = altM: Altimeter [m]
# name 11 = latitude: Latitude [deg]
# name 12 = longitude: Longitude [deg]
# name 13 = sbox0dV/dT: Oxygen, SBE 43 [dov/dt]
# name 14 = sbox1dV/dT: Oxygen, SBE 43, 2 [dov/dt]
# name 15 = sbeox0ML/L: Oxygen, SBE 43 [ml/l], WS = 5
# name 16 = sbeox1ML/L: Oxygen, SBE 43, 2 [ml/l], WS = 5
# name 17 = potemp090C: Potential Temperature [ITS-90, deg C]
# name 18 = potemp190C: Potential Temperature, 2 [ITS-90, deg C]
# name 19 = sal00: Salinity, Practical [PSU]
# name 20 = sal11: Salinity, Practical, 2 [PSU]
# name 21 = sigma-é00: Density [sigma-theta, kg/m^3]
# name 22 = sigma-é11: Density, 2 [sigma-theta, kg/m^3]
# name 23 = avgsvCM: Average Sound Velocity [Chen-Millero, m/s], minP = 20, minS = 20
# name 24 = sbox0Mm/Kg: Oxygen, SBE 43 [umol/kg], WS = 5
# name 25 = sbox1Mm/Kg: Oxygen, SBE 43, 2 [umol/kg], WS = 5
# name 26 = nbin: number of scans per bin
# name 27 = flag: flag
# span 0 =      79426,     189632       
# span 1 =   3309.376,   7901.295       
# span 2 =      1.986,   2218.127       
# span 3 =      2.000,   2245.000       
# span 4 =     4.2849,    29.1409       
# span 5 =     4.2860,    29.1980       
# span 6 =   3.342377,   5.851032       
# span 7 =   3.342335,   5.849090       
# span 8 =     1.6205,     3.1609       
# span 9 =     1.3222,     2.6783       
# span 10 =      10.70,     106.50      
# span 11 =   28.23527,   28.75262      
# span 12 =  -89.25708,  -87.65155      
# span 13 =   -0.01373,    0.03560      
# span 14 =   -0.00500,    0.02544      
# span 15 =     2.5416,     4.6653      
# span 16 =     2.5616,     4.6966      
# span 17 =     4.0914,    29.1339      
# span 18 =     4.0925,    29.1912      
# span 19 =    30.4938,    36.5159      
# span 20 =    30.4935,    36.5132      
# span 21 =    19.0992,    27.7554      
# span 22 =    19.0986,    27.7539      
# span 23 =    1489.50,    1516.78      
# span 24 =    110.537,    202.724      
# span 25 =    111.407,    204.086      
# span 26 =         30,         79      
# span 27 = 0.0000e+00, 0.0000e+00      
# interval = decibars: 1                
# start_time = Sep 24 2021 17:05:11 [NMEA time, header]
# bad_flag = -9.990e-29
*END*
[from data line 104]
     138887   5786.934    689.203    695.000     6.1259     6.1267   3.470852   3.470798     1.7343     1.4291     100.69   28.34764  -88.00078    0.00011    0.00003     3.2638     3.2922     6.0631     6.0639    34.9048    34.9034    27.4694    27.4682    1495.44    141.865    143.097         37 0.0000e+00
     139658   5819.041    659.501    665.000     6.2841     6.2829   3.483865   3.483677     1.7236     1.4179     100.00   28.34865  -88.00392   -0.00061   -0.00055     3.2030     3.2269     6.2233     6.2222    34.9036    34.9027    27.4477    27.4471    1495.49    139.225    140.265         33 0.0000e+00
     140425   5851.010    629.794    635.000     6.5038     6.5023   3.502477   3.502258     1.7070     1.4025     100.00   28.34779  -88.00125   -0.00061   -0.00058     3.1193     3.1431     6.4449     6.4434    34.9016    34.9007    27.4169    27.4164    1495.45    135.591    136.627         30 0.0000e+00
     141019   5875.746    607.017    612.000     6.6647     6.6655   3.516680   3.516637     1.6882     1.3850      99.14   28.34782  -88.00133   -0.00085   -0.00075     3.0377     3.0607     6.6073     6.6081    34.9066    34.9054    27.3991    27.3981    1495.45    132.044    133.046         31 0.0000e+00
     142315   5929.762    556.500    561.000     7.1525     7.1546   3.560339   3.560399     1.6606     1.3588     100.00   28.34764  -88.00063   -0.00064   -0.00094     2.8938     2.9146     7.0980     7.1001    34.9184    34.9170    27.3408    27.3394    1495.44    125.799    126.701         30 0.0000e+00
     143718   5988.219    502.998    507.000     7.7789     7.7806   3.619506   3.619596     1.6277     1.3288     100.00   28.34765  -88.00062   -0.00000   -0.00019     2.7271     2.7500     7.7275     7.7291    34.9578    34.9571    27.2813    27.2805    1495.44    118.558    119.552         43 0.0000e+00
     146505   6104.320    496.062    500.000     7.8418     7.8405   3.625686   3.625506     1.6283     1.3298     100.01   28.35020  -88.00859    0.00011    0.00005     2.7220     2.7463     7.7908     7.7895    34.9652    34.9646    27.2779    27.2776    1495.57    118.338    119.395         44 0.0000e+00
     146548   6106.107    495.071    499.000     7.8410     7.8397   3.625326   3.625137     1.6280     1.3298      86.79   28.34770  -88.00084    0.00005    0.00008     2.7209     2.7460     7.7901     7.7888    34.9622    34.9615    27.2755    27.2752    1495.44    118.288    119.382         52 0.0000e+00
     146601   6108.333    494.080    498.000     7.8447     7.8451   3.625664   3.625601     1.6281     1.3300      99.86   28.34770  -88.00084    0.00002    0.00002     2.7202     2.7462     7.7939     7.7943    34.9626    34.9617    27.2752    27.2745    1495.44    118.260    119.388         52 0.0000e+00
     146647   6110.261    493.089    497.000     7.8447     7.8457   3.625631   3.625682     1.6285     1.3308     100.00   28.34772  -88.00084    0.00006    0.00030     2.7214     2.7482     7.7940     7.7950    34.9628    34.9623    27.2754    27.2749    1495.44    118.312    119.474         35 0.0000e+00
     146680   6111.609    492.099    496.000     7.8553     7.8564   3.626840   3.627033     1.6286     1.3309      73.84   28.34772  -88.00084    0.00013    0.00033     2.7207     2.7471     7.8047     7.8058    34.9636    34.9633    27.2744    27.2741    1495.44    118.279    119.430         31 0.0000e+00
     147614   6150.533    455.430    459.000     8.3347     8.3356   3.673855   3.673816     1.6205     1.3222     100.00   28.34699  -87.99861   -0.00040   -0.00011     2.6498     2.6732     8.2863     8.2872    35.0086    35.0073    27.2372    27.2360    1495.40    115.202    116.220         30 0.0000e+00
     148977   6207.351    404.876    408.000     8.9535     8.9645   3.736183   3.737304     1.6251     1.3270     100.02   28.35259  -88.01600    0.00003    0.00025     2.6032     2.6283     8.9087     8.9197    35.0802    35.0804    27.1959    27.1943    1495.70    113.180    114.275         46 0.0000e+00
     149063   6210.913    402.893    406.000     8.9482     8.9600   3.733802   3.734571     1.6246     1.3266      70.80   28.33478  -87.96070    0.00016    0.00032     2.6025     2.6275     8.9036     8.9154    35.0576    35.0634    27.1783    27.1812    1494.76    113.150    114.239         42 0.0000e+00
     149253   6218.850    401.902    405.000     8.9708     8.9808   3.737377   3.738443     1.6257     1.3274     106.50   28.34770  -88.00081    0.00006    0.00002     2.6030     2.6277     8.9263     8.9363    35.0756    35.0768    27.1892    27.1886    1495.44    113.174    114.247         39 0.0000e+00
     149366   6223.544    400.911    404.000     8.9932     8.9986   3.739628   3.740181     1.6265     1.3289     100.00   28.34770  -88.00082    0.00013    0.00014     2.6036     2.6308     8.9487     8.9541    35.0775    35.0780    27.1872    27.1866    1495.44    113.198    114.382         54 0.0000e+00
     150527   6271.935    396.945    400.000     9.0783     9.0687   3.748373   3.747649     1.6286     1.3293      99.99   28.34423  -87.99007    0.00015   -0.00023     2.6023     2.6258     9.0340     9.0245    35.0834    35.0812    27.1779    27.1777    1495.26    113.144    114.163         59 0.0000e+00
     151445   6310.168    395.954    399.000     9.1241     9.1315   3.753167   3.753879     1.6298     1.3309      93.82   28.34768  -88.00080    0.00000   -0.00006     2.6027     2.6265     9.0798     9.0872    35.0925    35.0925    27.1777    27.1766    1495.44    113.160    114.198         48 0.0000e+00
     151519   6313.237    394.962    398.000     9.1320     9.1359   3.753825   3.754305     1.6301     1.3313     100.47   28.34768  -88.00080   -0.00001    0.00022     2.6025     2.6272     9.0878     9.0917    35.0930    35.0933    27.1769    27.1764    1495.44    113.152    114.225         38 0.0000e+00
     151552   6314.619    393.971    397.000     9.1369     9.1384   3.753955   3.754048     1.6302     1.3318     100.00   28.34768  -88.00080    0.00010    0.00019     2.6019     2.6283     9.0928     9.0943    35.0929    35.0935    27.1759    27.1762    1495.44    113.125    114.276         34 0.0000e+00
     151585   6316.001    392.979    396.000     9.1452     9.1375   3.755167   3.754490     1.6311     1.3319     100.00   28.34768  -88.00081    0.00023    0.00025     2.6039     2.6284     9.1011     9.0935    35.0941    35.0946    27.1756    27.1772    1495.44    113.212    114.279         32 0.0000e+00
     153875   6411.410    302.740    305.000    10.2813    10.2926   3.873247   3.874339     1.6726     1.3703      99.05   28.35319  -88.01800    0.00054    0.00042     2.6137     2.6393    10.2450    10.2566    35.2437    35.2443    27.1002    27.0988    1495.73    113.648    114.760         53 0.0000e+00
     153904   6412.614    301.748    304.000    10.2539    10.2734   3.869676   3.871759     1.6724     1.3700      99.99   28.34764  -88.00078    0.00007    0.00014     2.6150     2.6395    10.2177    10.2372    35.2333    35.2355    27.0966    27.0949    1495.44    113.707    114.768         64 0.0000e+00
     153988   6416.146    300.756    303.000    10.2917    10.3170   3.873747   3.876363     1.6729     1.3710     100.00   28.34764  -88.00078    0.00004    0.00028     2.6136     2.6390    10.2548    10.2813    35.2386    35.2412    27.0943    27.0918    1495.44    113.646    114.747         43 0.0000e+00
     154063   6419.240    299.765    302.000    10.3785    10.3872   3.883111   3.884092     1.6750     1.3725      90.89   28.34764  -88.00078    0.00053    0.00066     2.6132     2.6388    10.3425    10.3509    35.2498    35.2512    27.0876    27.0873    1495.44    113.629    114.739         39 0.0000e+00
     154156   6423.116    298.773    301.000    10.3905    10.4035   3.884398   3.885795     1.6764     1.3730     100.29   28.34764  -88.00078    0.00035    0.00010     2.6159     2.6388    10.3544    10.3674    35.2517    35.2533    27.0871    27.0860    1495.44    113.743    114.740         67 0.0000e+00
     154655   6443.924    297.781    300.000    10.4264    10.4401   3.888376   3.889684     1.6784     1.3753     100.00   28.34764  -88.00077    0.00034    0.00041     2.6187     2.6430    10.3904    10.4041    35.2577    35.2577    27.0854    27.0830    1495.44    113.868    114.924         50 0.0000e+00
     157608   6566.971    296.789    299.000    10.5207    10.5207   3.898606   3.898552     1.6824     1.3795     100.00   28.34764  -88.00082    0.00001    0.00013     2.6230     2.6499    10.4846    10.4846    35.2704    35.2699    27.0787    27.0783    1495.44    114.055    115.222         58 0.0000e+00
     157744   6572.643    295.797    298.000    10.5271    10.5266   3.899273   3.899149     1.6830     1.3800     100.00   28.34764  -88.00082    0.00011    0.00013     2.6239     2.6507    10.4910    10.4906    35.2714    35.2707    27.0784    27.0778    1495.44    114.093    115.258         62 0.0000e+00
     157799   6574.909    294.805    297.000    10.5309    10.5340   3.899689   3.899869     1.6838     1.3806     100.00   28.34764  -88.00081    0.00031    0.00022     2.6254     2.6518    10.4950    10.4981    35.2722    35.2717    27.0783    27.0774    1495.44    114.159    115.307         59 0.0000e+00
     157859   6577.429    293.813    296.000    10.5381    10.5406   3.900383   3.900647     1.6841     1.3816     100.00   28.34764  -88.00082    0.00013    0.00032     2.6255     2.6538    10.5023    10.5048    35.2729    35.2731    27.0776    27.0773    1495.44    114.166    115.392         48 0.0000e+00
     157926   6580.225    291.829    294.000    10.5556    10.5658   3.902358   3.903437     1.6851     1.3823     100.00   28.34818  -88.00244    0.00035    0.00038     2.6264     2.6538    10.5200    10.5302    35.2768    35.2778    27.0775    27.0764    1495.47    114.203    115.393         30 0.0000e+00
     157954   6581.372    290.837    293.000    10.5639    10.5715   3.903219   3.903978     1.6852     1.3822     100.00   28.34766  -88.00082    0.00032    0.00015     2.6259     2.6527    10.5284    10.5360    35.2779    35.2783    27.0768    27.0757    1495.44    114.180    115.344         30 0.0000e+00
     160335   6680.567    197.576    199.000    13.0219    13.0620   4.177013   4.181407     1.8041     1.4834     100.01   28.35181  -88.01363   -0.00280   -0.00351     2.7441     2.7507    12.9944    13.0344    35.6645    35.6688    26.9093    26.9045    1495.66    119.340    119.630         57 0.0000e+00
     161833   6742.996    196.584    198.000    13.1164    13.1830   4.192571   4.194878     1.7765     1.4625     100.00   28.34769  -88.00084   -0.00066   -0.00051     2.6806     2.6854    13.0888    13.1553    35.6715    35.6826    26.8952    26.8903    1495.44    116.579    116.791         49 0.0000e+00
     162563   6773.413    195.591    197.000    13.2660    13.2675   4.204518   4.204625     1.7616     1.4488     100.00   28.34768  -88.00082   -0.00107   -0.00099     2.6208     2.6424    13.2383    13.2399    35.6964    35.6963    26.8842    26.8837    1495.44    113.980    114.918         55 0.0000e+00
     162622   6775.884    194.599    196.000    13.2806    13.2731   4.206040   4.205192     1.7604     1.4487     100.00   28.34767  -88.00082   -0.00079   -0.00077     2.6163     2.6414    13.2531    13.2456    35.6980    35.6970    26.8824    26.8831    1495.44    113.785    114.879         50 0.0000e+00
     162673   6778.003    193.607    195.000    13.3155    13.2947   4.210056   4.207530     1.7589     1.4480     100.00   28.34766  -88.00082   -0.00050    0.00012     2.6102     2.6374    13.2880    13.2673    35.7039    35.6994    26.8798    26.8805    1495.44    113.519    114.705         44 0.0000e+00
     162717   6779.846    192.614    194.000    13.3852    13.3778   4.217947   4.216921     1.7553     1.4443     100.00   28.34766  -88.00082   -0.00125   -0.00096     2.5946     2.6207    13.3601    13.3504    35.7169    35.7120    26.8750    26.8732    1495.44    112.841    113.977         52 0.0000e+00
     162769   6782.001    191.622    193.000    13.4101    13.3984   4.220884   4.219203     1.7484     1.4352     100.00   28.34766  -88.00082   -0.00260   -0.00335     2.5774     2.5960    13.3826    13.3712    35.7185    35.7136    26.8716    26.8702    1495.44    112.097    112.906         41 0.0000e+00
     162849   6785.313    189.637    191.000    13.4970    13.4887   4.231240   4.230172     1.7414     1.4297     100.01   28.35045  -88.00947   -0.00288   -0.00266     2.5538     2.5748    13.4698    13.4616    35.7369    35.7346    26.8680    26.8680    1495.59    111.067    111.982         34 0.0000e+00
     162867   6786.089    188.645    190.000    13.5048    13.5087   4.231830   4.232268     1.7368     1.4253     100.00   28.34766  -88.00082   -0.00278   -0.00237     2.5416     2.5616    13.4778    13.4817    35.7348    35.7353    26.8646    26.8642    1495.44    110.537    111.407         35 0.0000e+00
     164045   6835.182    138.025    139.000    15.1728    15.1645   4.422239   4.421042     1.8049     1.4872      99.92   28.32384  -87.92680    0.00216    0.00189     2.5928     2.6157    15.1514    15.1431    35.9668    35.9649    26.6821    26.6824    1494.18    112.784    113.779         34 0.0000e+00
     164300   6845.812    137.033    138.000    15.2312    15.2365   4.431220   4.431894     1.8075     1.4898     100.00   28.34768  -88.00082   -0.00008   -0.00004     2.5951     2.6176    15.2099    15.2152    36.0050    36.0061    26.7005    26.7001    1495.44    112.881    113.861         37 0.0000e+00
     164404   6850.113    136.040    137.000    15.2127    15.2386   4.428946   4.432046     1.8077     1.4886     100.00   28.34768  -88.00082    0.00021   -0.00031     2.5963     2.6141    15.1916    15.2175    36.0016    36.0060    26.7019    26.6995    1495.44    112.936    113.711         45 0.0000e+00
     164508   6854.446    135.047    136.000    15.2263    15.2630   4.430576   4.434678     1.8077     1.4887     100.00   28.34768  -88.00082   -0.00003   -0.00015     2.5950     2.6125    15.2054    15.2421    36.0043    36.0079    26.7009    26.6955    1495.44    112.879    113.642         32 0.0000e+00
     166202   6925.034    134.055    135.000    15.2718    15.2850   4.435947   4.437445     1.8078     1.4901     100.00   28.34768  -88.00084    0.00009    0.00038     2.5922     2.6148    15.2510    15.2642    36.0118    36.0133    26.6965    26.6947    1495.44    112.759    113.741         68 0.0000e+00
     166992   6957.954    133.062    134.000    15.2877    15.2889   4.437804   4.437926     1.8071     1.4890     100.00   28.34770  -88.00086   -0.00009   -0.00040     2.5895     2.6113    15.2670    15.2683    36.0145    36.0145    26.6950    26.6947    1495.44    112.641    113.586         61 0.0000e+00
     167068   6961.125    132.069    133.000    15.3003    15.2902   4.439279   4.438158     1.8074     1.4894     100.00   28.34770  -88.00086    0.00004   -0.00016     2.5890     2.6117    15.2798    15.2696    36.0167    36.0150    26.6938    26.6948    1495.44    112.619    113.606         68 0.0000e+00
     167133   6963.814    131.077    132.000    15.3248    15.3077   4.441895   4.439961     1.8076     1.4905      92.80   28.34770  -88.00086    0.00016    0.00043     2.5879     2.6136    15.3044    15.2873    36.0184    36.0166    26.6897    26.6921    1495.44    112.571    113.689         52 0.0000e+00
     167188   6966.120    130.084    131.000    15.3573    15.3481   4.446280   4.444874     1.8071     1.4893      99.86   28.34770  -88.00086   -0.00015    0.00004     2.5843     2.6078    15.3370    15.3278    36.0269    36.0245    26.6889    26.6891    1495.44    112.413    113.437         63 0.0000e+00
