GOMECC/GOMECC-4/1db/urb2103_1131.cnv
* Sea-Bird SBE 9 Data File:
* FileName = C:\Users\scs.user.rb\CTD\GOMECC4\data\rb2103_1131.hex
* Software Version Seasave V 7.26.7.107
* Temperature SN = 4799
* Conductivity SN = 3860
* Number of Bytes Per Scan = 41
* Number of Voltage Words = 4
* Number of Scans Averaged by the Deck Unit = 1
* NMEA Latitude = 22 12.33 N
* NMEA Longitude = 086 49.99 W
* NMEA UTC (Time) = Oct 15 2021  12:44:10
* NMEA baud rate = 4800
# nquan = 28
# nvalues = 68                          
# units = specified
# name 0 = scan: Scan Count
# name 1 = timeS: Time, Elapsed [seconds]
# name 2 = depSM: Depth [salt water, m]
# name 3 = prDM: Pressure, Digiquartz [db]
# name 4 = t090C: Temperature [ITS-90, deg C]
# name 5 = t190C: Temperature, 2 [ITS-90, deg C]
# name 6 = c0S/m: Conductivity [S/m]
# name 7 = c1S/m: Conductivity, 2 [S/m]
# name 8 = sbeox0V: Oxygen raw, SBE 43 [V]
# name 9 = sbeox1V: Oxygen raw, SBE 43, 2 [V]
# name 10 = altM: Altimeter [m]
# name 11 = latitude: Latitude [deg]
# name 12 = longitude: Longitude [deg]
# name 13 = sbox0dV/dT: Oxygen, SBE 43 [dov/dt]
# name 14 = sbox1dV/dT: Oxygen, SBE 43, 2 [dov/dt]
# name 15 = sbeox0ML/L: Oxygen, SBE 43 [ml/l], WS = 5
# name 16 = sbeox1ML/L: Oxygen, SBE 43, 2 [ml/l], WS = 5
# name 17 = potemp090C: Potential Temperature [ITS-90, deg C]
# name 18 = potemp190C: Potential Temperature, 2 [ITS-90, deg C]
# name 19 = sal00: Salinity, Practical [PSU]
# name 20 = sal11: Salinity, Practical, 2 [PSU]
# name 21 = sigma-é00: Density [sigma-theta, kg/m^3]
# name 22 = sigma-é11: Density, 2 [sigma-theta, kg/m^3]
# name 23 = avgsvCM: Average Sound Velocity [Chen-Millero, m/s], minP = 20, minS = 20
# name 24 = sbox0Mm/Kg: Oxygen, SBE 43 [umol/kg], WS = 5
# name 25 = sbox1Mm/Kg: Oxygen, SBE 43, 2 [umol/kg], WS = 5
# name 26 = nbin: number of scans per bin
# name 27 = flag: flag
# span 0 =      12863,      29949       
# span 1 =    535.935,   1247.852       
# span 2 =      0.994,     90.412       
# span 3 =      1.000,     91.000       
# span 4 =    18.5535,    28.6732       
# span 5 =    18.5465,    28.6765       
# span 6 =   4.818618,   5.871452       
# span 7 =   4.817974,   5.871923       
# span 8 =     2.0525,     3.1140       
# span 9 =     1.7061,     2.6369       
# span 10 =       6.37,      95.33      
# span 11 =   21.95140,   22.25472      
# span 12 =  -87.02542,  -85.83927      
# span 13 =   -0.00175,    0.01103      
# span 14 =   -0.00345,    0.01250      
# span 15 =     2.9309,     4.3295      
# span 16 =     2.9428,     4.3162      
# span 17 =    18.5383,    28.6727      
# span 18 =    18.5314,    28.6760      
# span 19 =    36.1086,    36.5921      
# span 20 =    36.1533,    36.5930      
# span 21 =    23.0978,    26.2360      
# span 22 =    23.0973,    26.2382      
# span 23 =    1510.61,    1531.48      
# span 24 =    127.558,    188.989      
# span 25 =    128.081,    188.409      
# span 26 =         30,         71      
# span 27 = 0.0000e+00, 0.0000e+00      
# interval = decibars: 1                
# start_time = Oct 15 2021 12:44:10 [NMEA time, header]
# bad_flag = -9.990e-29
*END*
      12863    535.935     90.412     91.000    18.5674    18.5666   4.820260   4.820244     2.0525     1.7061       6.37   22.20548  -86.83288    0.00010   -0.00012     2.9399     2.9527    18.5513    18.5506    36.4343    36.4351    26.2326    26.2334    1528.09    127.941    128.499         63 0.0000e+00
      12927    538.597     89.419     90.000    18.5653    18.5607   4.819931   4.819662     2.0527     1.7076       7.36   22.20548  -86.83288    0.00002    0.00078     2.9400     2.9564    18.5494    18.5448    36.4335    36.4350    26.2325    26.2348    1528.09    127.946    128.659         55 0.0000e+00
      12975    540.593     88.425     89.000    18.5881    18.5677   4.822578   4.820363     2.0539     1.7076       8.27   22.20548  -86.83288    0.00038    0.00014     2.9411     2.9553    18.5724    18.5520    36.4359    36.4355    26.2284    26.2333    1528.09    127.991    128.610         50 0.0000e+00
      13034    543.027     87.432     88.000    18.5576    18.5498   4.819514   4.818609     2.0536     1.7062       9.32   22.20548  -86.83288    0.00015   -0.00031     2.9417     2.9528    18.5421    18.5343    36.4346    36.4349    26.2352    26.2374    1528.09    128.018    128.499         62 0.0000e+00
      13093    545.504     86.439     87.000    18.5553    18.5492   4.818914   4.818291     2.0538     1.7078      10.27   22.20548  -86.83288    0.00005    0.00021     2.9422     2.9564    18.5399    18.5339    36.4346    36.4349    26.2357    26.2375    1528.09    128.037    128.659         60 0.0000e+00
      13150    547.864     85.445     86.000    18.5535    18.5465   4.818618   4.817974     2.0544     1.7081      11.23   22.20548  -86.83288    0.00017    0.00030     2.9431     2.9569    18.5383    18.5314    36.4344    36.4351    26.2360    26.2382    1528.09    128.079    128.680         50 0.0000e+00
      13200    549.972     84.452     85.000    18.5590    18.5553   4.819278   4.818943     2.0536     1.7085      12.23   22.20548  -86.83288   -0.00019    0.00021     2.9407     2.9572    18.5439    18.5403    36.4355    36.4359    26.2354    26.2366    1528.09    127.973    128.691         59 0.0000e+00
      13268    552.778     83.459     84.000    18.5777    18.5682   4.821435   4.820642     2.0549     1.7089      13.28   22.20548  -86.83288    0.00038    0.00017     2.9421     2.9570    18.5628    18.5533    36.4369    36.4373    26.2317    26.2344    1528.09    128.034    128.684         59 0.0000e+00
      13316    554.806     82.465     83.000    18.6109    18.6216   4.824765   4.826659     2.0557     1.7099      14.15   22.20548  -86.83288    0.00034    0.00028     2.9416     2.9561    18.5963    18.6075    36.4385    36.4410    26.2244    26.2226    1528.09    128.014    128.645         45 0.0000e+00
      13376    557.277     81.472     82.000    18.6519    18.6598   4.829546   4.830419     2.0575     1.7105      15.20   22.20548  -86.83288    0.00071    0.00040     2.9425     2.9547    18.6374    18.6452    36.4415    36.4420    26.2162    26.2146    1528.09    128.055    128.586         67 0.0000e+00
      13435    559.739     80.478     81.000    18.6876    18.6863   4.833212   4.833563     2.0573     1.7110      16.13   22.20548  -86.83288    0.00008    0.00008     2.9397     2.9540    18.6733    18.6719    36.4414    36.4456    26.2070    26.2106    1528.09    127.934    128.556         49 0.0000e+00
      13484    561.803     79.485     80.000    18.7406    18.7565   4.838963   4.841168     2.0576     1.7107      17.09   22.20548  -86.83288    0.00004    0.00003     2.9366     2.9491    18.7260    18.7422    36.4440    36.4483    26.1956    26.1947    1528.09    127.799    128.343         58 0.0000e+00
      13553    564.647     78.492     79.000    18.7802    18.7858   4.843777   4.844524     2.0576     1.7117      18.16   22.20548  -86.83288    0.00007    0.00031     2.9339     2.9493    18.7662    18.7717    36.4498    36.4508    26.1897    26.1892    1528.09    127.685    128.353         66 0.0000e+00
      13603    566.729     77.498     78.000    18.9010    18.9287   4.858032   4.860184     2.0592     1.7138      18.99   22.20548  -86.83288    0.00022    0.00050     2.9309     2.9484    18.9019    18.9148    36.4536    36.4578    26.1579    26.1578    1528.09    127.558    128.317         38 0.0000e+00
      13657    569.004     76.505     77.000    18.9244    18.9532   4.860067   4.863099     2.0632     1.7161      20.05   22.20548  -86.83288    0.00145    0.00114     2.9366     2.9497    18.9111    18.9394    36.4605    36.4610    26.1609    26.1540    1528.09    127.806    128.374         68 0.0000e+00
      13721    571.674     75.512     76.000    18.9413    18.9849   4.861418   4.866209     2.0646     1.7166      21.03   22.20548  -86.83288    0.00086    0.00043     2.9385     2.9488    18.9277    18.9713    36.4577    36.4596    26.1544    26.1447    1528.09    127.888    128.336         54 0.0000e+00
      13773    573.839     74.518     75.000    18.9926    19.0601   4.865857   4.874079     2.0652     1.7178      21.98   22.20548  -86.83288    0.00036    0.00022     2.9365     2.9470    18.9783    19.0468    36.4511    36.4619    26.1363    26.1276    1528.09    127.804    128.260         53 0.0000e+00
      13829    576.173     73.525     74.000    19.1465    19.1458   4.883691   4.883170     2.0690     1.7190      23.03   22.20548  -86.83288    0.00098    0.00061     2.9357     2.9447    19.1331    19.1324    36.4653    36.4656    26.1073    26.1077    1528.09    127.774    128.163         60 0.0000e+00
      13898    579.046     72.531     73.000    19.1878    19.2124   4.888684   4.891338     2.0715     1.7200      23.95   22.20548  -86.83288    0.00151    0.00014     2.9374     2.9428    19.1746    19.1991    36.4712    36.4710    26.1011    26.0946    1528.09    127.849    128.081         41 0.0000e+00
      13962    581.690     71.538     72.000    19.3294    19.3311   4.903657   4.905360     2.0731     1.7235      24.88   22.20548  -86.83288   -0.00019    0.00069     2.9324     2.9439    19.3164    19.3181    36.4726    36.4854    26.0654    26.0747    1528.09    127.634    128.135         31 0.0000e+00
      15627    651.104     66.571     67.000    19.8329    19.8695   4.966757   4.969351     2.1016     1.7497      30.13   22.25472  -87.02542    0.00125    0.00115     2.9592     2.9742    19.8205    19.8572    36.5610    36.5666    26.0063    26.0018    1531.48    128.814    129.466         39 0.0000e+00
      15660    652.454     65.577     66.000    19.8714    19.9012   4.963473   4.967057     2.1002     1.7488      30.83   22.20548  -86.83286    0.00090    0.00103     2.9565     2.9698    19.8592    19.8889    36.4988    36.5025    25.9429    25.9378    1528.09    128.696    129.279         69 0.0000e+00
      15732    655.465     64.584     65.000    19.9213    19.9447   4.969025   4.971981     2.1055     1.7529      31.81   22.20548  -86.83286    0.00172    0.00160     2.9644     2.9766    19.9092    19.9327    36.5016    36.5057    25.9318    25.9287    1528.09    129.043    129.575         70 0.0000e+00
      15793    657.991     63.591     64.000    19.9604    19.9609   4.973245   4.973651     2.1082     1.7541      32.67   22.20548  -86.83286    0.00133    0.00032     2.9674     2.9782    19.9485    19.9490    36.5045    36.5056    25.9236    25.9243    1528.09    129.173    129.647         48 0.0000e+00
      15847    660.268     62.597     63.000    20.0891    20.1401   4.987038   4.992643     2.1113     1.7607      33.70   22.20548  -86.83286    0.00118    0.00220     2.9663     2.9836    20.0773    20.1284    36.5052    36.5071    25.8898    25.8774    1528.09    129.133    129.885         59 0.0000e+00
      15919    663.267     61.604     62.000    20.1954    20.1606   4.998463   4.995269     2.1176     1.7599      34.67   22.20548  -86.83286    0.00210    0.00030     2.9732     2.9799    20.1838    20.1490    36.5072    36.5112    25.8630    25.8753    1528.09    129.434    129.724         58 0.0000e+00
      15968    665.297     60.610     61.000    20.4461    20.4074   5.026005   5.021128     2.1245     1.7669      35.62   22.20548  -86.83286    0.00243    0.00061     2.9728     2.9824    20.4346    20.3959    36.5164    36.5099    25.8026    25.8081    1528.09    129.426    129.842         49 0.0000e+00
      16041    668.339     59.617     60.000    20.5621    20.4618   5.037675   5.028353     2.1414     1.7803      36.65   22.20548  -86.83286    0.00563    0.00521     3.0010     3.0099    20.5507    20.4505    36.5119    36.5217    25.7678    25.8022    1528.09    130.658    131.041         58 0.0000e+00
      16093    670.505     58.623     59.000    20.5982    20.5525   5.041447   5.037361     2.1453     1.7817      37.52   22.20548  -86.83286    0.00297    0.00143     3.0068     3.0073    20.5872    20.5416    36.5144    36.5182    25.7599    25.7757    1528.09    130.910    130.931         52 0.0000e+00
      16158    673.226     57.630     58.000    20.6858    20.6775   5.051695   5.050652     2.1522     1.7916      38.63   22.20548  -86.83286    0.00244    0.00305     3.0159     3.0234    20.6748    20.6665    36.5203    36.5189    25.7406    25.7418    1528.09    131.311    131.637         71 0.0000e+00
      16221    675.832     56.636     57.000    20.6999    20.7094   5.053355   5.053982     2.1557     1.7952      39.55   22.20548  -86.83286    0.00179    0.00179     3.0220     3.0298    20.6891    20.6985    36.5220    36.5189    25.7380    25.7331    1528.09    131.578    131.915         44 0.0000e+00
      20705    862.679     44.714     45.000    21.8744    21.8961   5.178709   5.181055     2.2654     1.8936      51.49   22.20546  -86.83275    0.00019   -0.00046     3.1753     3.1826    21.8655    21.8872    36.5313    36.5332    25.4198    25.4152    1528.09    138.296    138.613         46 0.0000e+00
      21096    878.962     43.721     44.000    21.9050    21.9027   5.182203   5.181997     2.2699     1.8959      52.43   22.20546  -86.83273    0.00086   -0.00011     3.1823     3.1875    21.8963    21.8939    36.5334    36.5342    25.4127    25.4140    1528.09    138.598    138.825         31 0.0000e+00
      21221    884.171     42.727     43.000    21.9308    21.9320   5.184894   5.184986     2.2733     1.8993      53.46   22.20546  -86.83272    0.00086    0.00009     3.1873     3.1933    21.9223    21.9235    36.5332    36.5329    25.4053    25.4047    1528.09    138.817    139.079         39 0.0000e+00
      21315    888.078     41.734     42.000    21.9484    21.9466   5.186654   5.186731     2.2756     1.9029      54.48   22.20546  -86.83272    0.00058    0.00147     3.1905     3.2001    21.9401    21.9383    36.5320    36.5348    25.3993    25.4020    1528.09    138.958    139.378         34 0.0000e+00
      21411    892.098     40.740     41.000    22.0058    21.9992   5.193079   5.191949     2.2804     1.9061      55.37   22.20546  -86.83272    0.00129    0.00096     3.1964     3.2040    21.9976    21.9911    36.5354    36.5327    25.3857    25.3855    1528.09    139.218    139.549         49 0.0000e+00
      21518    896.549     39.746     40.000    22.0812    22.0328   5.200802   5.195741     2.2965     1.9170      56.40   22.20546  -86.83272    0.00271    0.00200     3.2242     3.2262    22.0732    22.0248    36.5332    36.5342    25.3627    25.3771    1528.09    140.433    140.515         30 0.0000e+00
      21599    899.915     38.753     39.000    22.1216    22.1638   5.204803   5.208711     2.3015     1.9193      57.25   22.20546  -86.83272    0.00024   -0.00068     3.2312     3.2239    22.1088    22.1561    36.5352    36.5278    25.3541    25.3356    1528.09    140.737    140.423         45 0.0000e+00
      21709    904.482     37.759     38.000    22.1854    22.2114   5.211812   5.214446     2.3059     1.9288      58.32   22.20546  -86.83272    0.00068    0.00083     3.2363     3.2417    22.1773    22.2038    36.5334    36.5320    25.3333    25.3248    1528.09    140.962    141.200         42 0.0000e+00
      21796    908.126     36.766     37.000    22.3561    22.3396   5.230660   5.229245     2.3081     1.9292      59.36   22.20546  -86.83272    0.00050   -0.00024     3.2304     3.2346    22.3486    22.3321    36.5382    36.5394    25.2882    25.2938    1528.09    140.713    140.894         43 0.0000e+00
      21901    912.488     35.772     36.000    22.3402    22.3610   5.229663   5.231890     2.2957     1.9175      60.30   22.20546  -86.83270   -0.00175   -0.00146     3.2052     3.2067    22.3329    22.3538    36.5441    36.5439    25.2972    25.2910    1528.09    139.614    139.678         42 0.0000e+00
      23017    959.005     33.785     34.000    22.5369    22.5510   5.255172   5.256725     2.2753     1.8990      62.39   22.22448  -86.90715    0.00045   -0.00033     3.1507     3.1538    22.5300    22.5441    36.5921    36.5930    25.2807    25.2773    1529.40    137.243    137.380         53 0.0000e+00
      23075    961.436     32.791     33.000    22.5264    22.5333   5.251090   5.252496     2.2752     1.9003      63.28   22.20544  -86.83268    0.00048    0.00053     3.1516     3.1570    22.5198    22.5266    36.5607    36.5621    25.2564    25.2555    1528.09    137.284    137.520         45 0.0000e+00
      23174    965.557     31.798     32.000    22.5554    22.5479   5.254857   5.253972     2.2774     1.9011      64.31   22.20544  -86.83267    0.00050   -0.00005     3.1530     3.1576    22.5490    22.5415    36.5627    36.5618    25.2495    25.2510    1528.09    137.344    137.546         45 0.0000e+00
      23273    969.684     30.804     31.000    22.6237    22.6595   5.261062   5.266653     2.2792     1.9072      65.32   22.20544  -86.83266    0.00030    0.00145     3.1524     3.1646    22.6174    22.6532    36.5542    36.5673    25.2234    25.2231    1528.09    137.323    137.855         35 0.0000e+00
      23370    973.729     29.811     30.000    22.7440    22.7950   5.275935   5.281402     2.2947     1.9212      66.27   22.20544  -86.83266    0.00366    0.00365     3.1763     3.1876    22.7379    22.7889    36.5700    36.5700    25.2007    25.1860    1528.09    138.366    138.860         32 0.0000e+00
      23467    977.764     28.817     29.000    22.9876    22.9916   5.298817   5.300576     2.3217     1.9433      67.25   22.20544  -86.83266    0.00872    0.00520     3.2155     3.2254    22.9816    22.9857    36.5451    36.5554    25.1114    25.1180    1528.09    140.087    140.516         33 0.0000e+00
      23480    978.284     26.830     27.000    22.9857    22.9030   5.279507   5.269418     2.3618     1.9606      68.51   22.05196  -86.23248    0.00566    0.00324     3.2957     3.2672    22.9802    22.8974    36.2967    36.3240    24.8952    24.9427    1517.53    143.585    142.342         46 0.0000e+00
      23766    990.197     25.836     26.000    23.1411    23.0987   5.315601   5.312266     2.4167     1.9988      70.24   22.20544  -86.83266    0.00564    0.00290     3.3952     3.3394    23.1358    23.0933    36.5481    36.5560    25.0688    25.0872    1528.09    147.921    145.486         49 0.0000e+00
      23851    993.766     24.842     25.000    23.2224    23.2099   5.323272   5.321471     2.4290     2.0284      71.08   22.20544  -86.83266   -0.00122    0.00436     3.4145     3.4000    23.2172    23.2048    36.5408    36.5380    25.0395    25.0410    1528.09    148.765    148.133         31 0.0000e+00
      25036   1043.117     19.874     20.000    23.4647    23.4605   5.310563   5.307157     2.5018     2.0981      75.06   21.95140  -85.83927    0.00197    0.00145     3.5424     3.5341    23.4605    23.4563    36.1086    36.1533    24.5951    24.6353    1510.61    154.365    154.004         30 0.0000e+00
