GOMECC/GOMECC-4/1db/urb2103_0671.cnv
* Sea-Bird SBE 9 Data File:
* FileName = C:\Users\scs.user.rb\CTD\GOMECC4\data\rb2103_0671.hex
* Software Version Seasave V 7.26.7.107
* Temperature SN = 4799
* Conductivity SN = 3860
* Number of Bytes Per Scan = 41
* Number of Voltage Words = 4
* Number of Scans Averaged by the Deck Unit = 1
* NMEA Latitude = 26 03.51 N
* NMEA Longitude = 095 50.44 W
* NMEA UTC (Time) = Oct 03 2021  02:51:18
* NMEA baud rate = 4800
# nquan = 28
# nvalues = 190                         
# units = specified
# name 0 = scan: Scan Count
# name 1 = timeS: Time, Elapsed [seconds]
# name 2 = depSM: Depth [salt water, m]
# name 3 = prDM: Pressure, Digiquartz [db]
# name 4 = t090C: Temperature [ITS-90, deg C]
# name 5 = t190C: Temperature, 2 [ITS-90, deg C]
# name 6 = c0S/m: Conductivity [S/m]
# name 7 = c1S/m: Conductivity, 2 [S/m]
# name 8 = sbeox0V: Oxygen raw, SBE 43 [V]
# name 9 = sbeox1V: Oxygen raw, SBE 43, 2 [V]
# name 10 = altM: Altimeter [m]
# name 11 = latitude: Latitude [deg]
# name 12 = longitude: Longitude [deg]
# name 13 = sbox0dV/dT: Oxygen, SBE 43 [dov/dt]
# name 14 = sbox1dV/dT: Oxygen, SBE 43, 2 [dov/dt]
# name 15 = sbeox0ML/L: Oxygen, SBE 43 [ml/l], WS = 5
# name 16 = sbeox1ML/L: Oxygen, SBE 43, 2 [ml/l], WS = 5
# name 17 = potemp090C: Potential Temperature [ITS-90, deg C]
# name 18 = potemp190C: Potential Temperature, 2 [ITS-90, deg C]
# name 19 = sal00: Salinity, Practical [PSU]
# name 20 = sal11: Salinity, Practical, 2 [PSU]
# name 21 = sigma-é00: Density [sigma-theta, kg/m^3]
# name 22 = sigma-é11: Density, 2 [sigma-theta, kg/m^3]
# name 23 = avgsvCM: Average Sound Velocity [Chen-Millero, m/s], minP = 20, minS = 20
# name 24 = sbox0Mm/Kg: Oxygen, SBE 43 [umol/kg], WS = 5
# name 25 = sbox1Mm/Kg: Oxygen, SBE 43, 2 [umol/kg], WS = 5
# name 26 = nbin: number of scans per bin
# name 27 = flag: flag
# span 0 =      55443,     121134       
# span 1 =   2310.079,   5047.188       
# span 2 =      0.993,   1114.663       
# span 3 =      1.000,   1125.000       
# span 4 =     4.8602,    29.2897       
# span 5 =     4.8565,    29.4194       
# span 6 =   3.377899,   5.842276       
# span 7 =   3.377597,   5.842608       
# span 8 =     1.5778,     3.3491       
# span 9 =     1.2820,     2.8745       
# span 10 =      11.91,     102.01      
# span 11 =   25.18538,   26.20037      
# span 12 =  -96.35436,  -92.62166      
# span 13 =   -0.00980,    0.02870      
# span 14 =   -0.02930,    0.02647      
# span 15 =     2.3990,     4.9439      
# span 16 =     2.4203,     4.9726      
# span 17 =     4.7659,    29.2858      
# span 18 =     4.7622,    29.4179      
# span 19 =    34.1213,    36.4806      
# span 20 =    34.1192,    36.4811      
# span 21 =    21.4600,    27.6571      
# span 22 =    21.4607,    27.6570      
# span 23 =    1448.47,    1506.84      
# span 24 =    104.314,    215.608      
# span 25 =    105.237,    216.889      
# span 26 =         30,         73      
# span 27 = 0.0000e+00, 0.0000e+00      
# interval = decibars: 1                
# start_time = Oct 03 2021 02:51:18 [NMEA time, header]
# bad_flag = -9.990e-29
*END*
[from data line 52]
      75808   3158.610    551.641    556.000     7.9178     7.9151   3.636556   3.636222     1.6023     1.3053      85.38   26.05930  -95.83890   -0.00043   -0.00028     2.6577     2.6804     7.8605     7.8579    34.9792    34.9783    27.2784    27.2780    1498.77    115.540    116.526         43 0.0000e+00
      75929   3163.668    550.651    555.000     7.9247     7.9089   3.637068   3.635600     1.6018     1.3051      67.64   26.05964  -95.84016    0.00016   -0.00006     2.6553     2.6799     7.8676     7.8519    34.9791    34.9782    27.2773    27.2790    1498.79    115.437    116.505         37 0.0000e+00
      76472   3186.279    546.687    551.000     7.9949     7.9958   3.644105   3.644239     1.5992     1.3031     100.00   26.06057  -95.84360   -0.00011    0.00007     2.6412     2.6661     7.9379     7.9388    34.9862    34.9863    27.2724    27.2724    1498.84    114.823    115.907         41 0.0000e+00
      77710   3237.886    545.696    550.000     8.0068     8.0116   3.645337   3.645820     1.5979     1.3019     100.00   26.05968  -95.84014   -0.00004    0.00005     2.6360     2.6605     7.9498     7.9547    34.9875    34.9878    27.2716    27.2711    1498.79    114.599    115.664         35 0.0000e+00
      77886   3245.211    544.705    549.000     8.0094     8.0106   3.645531   3.645677     1.5977     1.3016     100.00   26.05968  -95.84014    0.00008    0.00001     2.6349     2.6595     7.9525     7.9538    34.9875    34.9878    27.2712    27.2712    1498.79    114.550    115.619         51 0.0000e+00
      77941   3247.492    543.715    548.000     8.0115     8.0132   3.645711   3.645872     1.5979     1.3017     100.00   26.05968  -95.84014   -0.00002    0.00000     2.6350     2.6593     7.9547     7.9564    34.9877    34.9878    27.2711    27.2708    1498.79    114.555    115.613         47 0.0000e+00
      77978   3249.040    542.724    547.000     8.0116     8.0178   3.646337   3.646639     1.5981     1.3016     100.00   26.05968  -95.84014    0.00014    0.00001     2.6352     2.6583     7.9549     7.9611    34.9887    34.9880    27.2718    27.2703    1498.79    114.564    115.567         33 0.0000e+00
      78012   3250.478    541.733    546.000     8.0374     8.0418   3.648201   3.648668     1.5985     1.3021     100.00   26.05968  -95.84014    0.00020    0.00006     2.6345     2.6582     7.9807     7.9851    34.9908    34.9907    27.2695    27.2688    1498.79    114.534    115.565         38 0.0000e+00
      78053   3252.161    540.742    545.000     8.0473     8.0488   3.649253   3.649430     1.5986     1.3021     100.00   26.05968  -95.84014    0.00019    0.00018     2.6336     2.6569     7.9907     7.9922    34.9914    34.9918    27.2685    27.2686    1498.79    114.495    115.508         39 0.0000e+00
      78087   3253.602    539.751    544.000     8.0536     8.0587   3.649898   3.650407     1.5983     1.3016     100.00   26.05968  -95.84016   -0.00001   -0.00004     2.6319     2.6545     7.9971     8.0021    34.9923    34.9929    27.2683    27.2680    1498.79    114.418    115.403         31 0.0000e+00
      78171   3257.102    536.778    541.000     8.0768     8.0787   3.652240   3.652391     1.5972     1.3003     100.00   26.05966  -95.84008   -0.00032   -0.00034     2.6260     2.6477     8.0205     8.0224    34.9959    34.9956    27.2675    27.2671    1498.79    114.163    115.107         30 0.0000e+00
      78821   3284.182    511.013    515.000     8.4223     8.4224   3.686746   3.686706     1.5784     1.2831     100.00   26.05916  -95.83818    0.00011    0.00028     2.5380     2.5605     8.3675     8.3675    35.0323    35.0318    27.2432    27.2428    1498.76    110.342    111.320         31 0.0000e+00
      79677   3319.843    476.324    480.000     8.8687     8.8684   3.731302   3.731310     1.5778     1.2820      99.99   26.05814  -95.83441    0.00004    0.00001     2.4955     2.5169     8.8160     8.8158    35.0773    35.0765    27.2081    27.2076    1498.70    108.496    109.428         33 0.0000e+00
      80247   3343.574    454.517    458.000     9.2058     9.2030   3.766133   3.765942     1.5851     1.2890     100.01   26.06313  -95.85269    0.00028    0.00050     2.4876     2.5104     9.1545     9.1517    35.1208    35.1212    27.1880    27.1887    1498.99    108.157    109.146         33 0.0000e+00
      80293   3345.483    453.525    457.000     9.2005     9.2044   3.765180   3.765474     1.5850     1.2890     100.00   26.05972  -95.84014    0.00002    0.00022     2.4875     2.5101     9.1493     9.1532    35.1159    35.1166    27.1848    27.1847    1498.79    108.154    109.135         43 0.0000e+00
      80385   3349.338    452.534    456.000     9.2079     9.2032   3.765869   3.765193     1.5849     1.2893     100.00   26.05972  -95.84014   -0.00002    0.00012     2.4865     2.5108     9.1568     9.1522    35.1163    35.1158    27.1839    27.1843    1498.79    108.109    109.166         38 0.0000e+00
      80456   3352.301    451.543    455.000     9.1907     9.2234   3.763840   3.767387     1.5849     1.2893     100.00   26.05972  -95.84014    0.00006    0.00004     2.4874     2.5092     9.1398     9.1724    35.1125    35.1171    27.1837    27.1819    1498.79    108.147    109.096         37 0.0000e+00
      80552   3356.312    450.552    454.000     9.2283     9.2318   3.767953   3.768224     1.5857     1.2899     100.00   26.05972  -95.84014    0.00020    0.00014     2.4868     2.5102     9.1774     9.1809    35.1189    35.1182    27.1825    27.1815    1498.79    108.122    109.140         59 0.0000e+00
      80645   3360.165    449.560    453.000     9.2655     9.2603   3.771824   3.771320     1.5850     1.2898      99.78   26.05973  -95.84014   -0.00022   -0.00001     2.4821     2.5077     9.2146     9.2094    35.1239    35.1221    27.1804    27.1798    1498.79    107.918    109.030         33 0.0000e+00
      80755   3364.734    448.569    452.000     9.2584     9.2665   3.770983   3.771852     1.5849     1.2897     100.01   26.05974  -95.84014   -0.00001    0.00003     2.4821     2.5070     9.2076     9.2157    35.1218    35.1232    27.1799    27.1797    1498.79    107.917    109.002         31 0.0000e+00
      82010   3417.059    446.586    450.000     9.3336     9.3373   3.779067   3.779515     1.5838     1.2879      94.97   26.06047  -95.84268   -0.00002   -0.00007     2.4733     2.4959     9.2828     9.2865    35.1329    35.1335    27.1763    27.1762    1498.83    107.535    108.518         59 0.0000e+00
      82225   3425.998    445.595    449.000     9.3335     9.3402   3.778943   3.779695     1.5836     1.2871     100.01   26.05978  -95.84010    0.00001   -0.00027     2.4723     2.4932     9.2828     9.2895    35.1327    35.1334    27.1761    27.1756    1498.79    107.494    108.401         36 0.0000e+00
      82259   3427.437    444.603    448.000     9.3408     9.3459   3.779713   3.780267     1.5837     1.2882      67.45   26.05978  -95.84010    0.00004    0.00002     2.4719     2.4958     9.2902     9.2953    35.1335    35.1343    27.1755    27.1753    1498.79    107.475    108.515         34 0.0000e+00
      82293   3428.846    443.612    447.000     9.3481     9.3518   3.780458   3.781053     1.5841     1.2888      94.36   26.05978  -95.84010    0.00011    0.00046     2.4725     2.4968     9.2976     9.3013    35.1344    35.1357    27.1750    27.1754    1498.79    107.499    108.558         34 0.0000e+00
      82327   3430.257    442.621    446.000     9.3676     9.3766   3.782522   3.783342     1.5846     1.2887     100.03   26.05978  -95.84010    0.00024    0.00035     2.4722     2.4947     9.3172     9.3261    35.1373    35.1370    27.1740    27.1724    1498.79    107.486    108.469         33 0.0000e+00
      82358   3431.557    441.630    445.000     9.3888     9.3951   3.784688   3.785389     1.5849     1.2886     100.00   26.05980  -95.84009    0.00030    0.00010     2.4713     2.4930     9.3384     9.3446    35.1395    35.1406    27.1723    27.1721    1498.79    107.447    108.394         31 0.0000e+00
      82392   3432.958    440.638    444.000     9.4136     9.4171   3.787310   3.787739     1.5846     1.2884      87.62   26.05980  -95.84008    0.00013   -0.00009     2.4686     2.4908     9.3632     9.3667    35.1429    35.1438    27.1708    27.1710    1498.79    107.332    108.296         35 0.0000e+00
      82505   3437.654    436.673    440.000     9.4993     9.5028   3.796364   3.796583     1.5831     1.2862     100.00   26.05905  -95.83743   -0.00035   -0.00045     2.4576     2.4774     9.4491     9.4526    35.1543    35.1532    27.1656    27.1641    1498.75    106.853    107.715         31 0.0000e+00
      84158   3506.532    372.222    375.000    10.6428    10.6466   3.917355   3.917773     1.5946     1.2968     100.00   26.05915  -95.83752    0.00055    0.00064     2.3990     2.4203    10.5970    10.6008    35.3072    35.3077    27.0874    27.0872    1498.75    104.314    105.237         31 0.0000e+00
      84675   3528.071    353.379    356.000    10.9142    10.9360   3.945964   3.948363     1.6031     1.3047      99.99   26.05539  -95.82361    0.00007    0.00005     2.4003     2.4212    10.8700    10.8918    35.3403    35.3436    27.0640    27.0626    1498.53    104.375    105.282         41 0.0000e+00
      84776   3532.301    352.388    355.000    10.9319    10.9658   3.948225   3.951687     1.6033     1.3061      99.81   26.05986  -95.84004   -0.00006    0.00022     2.3993     2.4234    10.8878    10.9216    35.3469    35.3516    27.0662    27.0637    1498.79    104.330    105.377         38 0.0000e+00
      87549   3647.829    318.664    321.000    11.6116    11.6114   4.022493   4.022498     1.6234     1.3246     100.00   26.06065  -95.84263    0.00008    0.00049     2.4027     2.4291    11.5702    11.5700    35.4485    35.4487    27.0194    27.0196    1498.83    104.481    105.630         30 0.0000e+00
      87919   3663.245    303.784    306.000    11.8137    11.8279   4.043993   4.045353     1.6355     1.3333      99.99   26.05768  -95.83170    0.00125    0.00107     2.4183     2.4374    11.7738    11.7879    35.4728    35.4731    26.9996    26.9972    1498.66    105.161    105.991         30 0.0000e+00
      88053   3668.831    298.824    301.000    11.9516    11.9723   4.059596   4.061591     1.6411     1.3392     100.00   26.06037  -95.84157    0.00118    0.00099     2.4233     2.4444    11.9120    11.9328    35.4973    35.4971    26.9924    26.9883    1498.81    105.380    106.298         30 0.0000e+00
      89180   3715.811    255.169    257.000    13.0847    13.0867   4.186442   4.187006     1.7094     1.4016     100.01   26.06296  -95.85093    0.00067    0.00071     2.5187     2.5420    13.0489    13.0509    35.6732    35.6738    26.9050    26.9051    1498.96    109.540    110.553         42 0.0000e+00
      89248   3718.627    254.177    256.000    13.0808    13.0717   4.185982   4.185059     1.7098     1.4019      99.95   26.05998  -95.83996    0.00012    0.00018     2.5198     2.5435    13.0452    13.0361    35.6687    35.6674    26.9020    26.9029    1498.79    109.587    110.616         39 0.0000e+00
      89735   3738.927    250.208    252.000    13.2674    13.2821   4.207067   4.208658     1.7202     1.4121      98.21   26.05998  -95.83994    0.00043    0.00033     2.5337     2.5583    13.2320    13.2467    35.6961    35.6994    26.8853    26.8847    1498.79    110.194    111.262         33 0.0000e+00
      91528   3813.625    247.231    249.000    13.3526    13.3554   4.216404   4.216799     1.7233     1.4142      99.95   26.05499  -95.82149   -0.00006    0.00011     2.5357     2.5590    13.3175    13.3202    35.7057    35.7059    26.8748    26.8743    1498.50    110.278    111.294         66 0.0000e+00
      91631   3817.904    246.239    248.000    13.3618    13.3614   4.218078   4.217979     1.7230     1.4142      74.07   26.06002  -95.83992   -0.00018   -0.00001     2.5338     2.5581    13.3268    13.3263    35.7139    35.7134    26.8796    26.8793    1498.79    110.199    111.255         57 0.0000e+00
      91683   3820.073    245.246    247.000    13.4093    13.3823   4.223421   4.220338     1.7237     1.4140      99.17   26.06002  -95.83992    0.00006   -0.00025     2.5323     2.5560    13.3737    13.3474    35.7210    35.7162    26.8754    26.8771    1498.79    110.132    111.165         50 0.0000e+00
      91735   3822.267    244.254    246.000    13.4785    13.4490   4.231246   4.227884     1.7228     1.4135     100.00   26.06002  -95.83992    0.00018   -0.00003     2.5258     2.5505    13.4436    13.4141    35.7301    35.7260    26.8680    26.8710    1498.79    109.853    110.923         48 0.0000e+00
      92249   3843.677    224.407    226.000    14.0450    14.0429   4.295882   4.296033     1.7399     1.4283     100.00   26.05995  -95.83965    0.00265    0.00228     2.5287     2.5504    14.0120    14.0099    35.8172    35.8206    26.8164    26.8195    1498.79    109.981    110.924         30 0.0000e+00
      93512   3896.294    175.773    177.000    16.5760    16.6176   4.592409   4.597424     1.8379     1.5163     100.01   26.06348  -95.85263    0.00110    0.00122     2.6010     2.6216    16.5470    16.5886    36.2103    36.2170    26.5518    26.5471    1498.99    113.158    114.054         36 0.0000e+00
      93570   3898.701    174.780    176.000    16.5331    16.6141   4.587232   4.596760     1.8379     1.5186      86.24   26.06002  -95.83992    0.00028    0.00089     2.6038     2.6275    16.5044    16.5855    36.1999    36.2122    26.5534    26.5436    1498.79    113.279    114.309         69 0.0000e+00
      94112   3921.275    170.810    172.000    16.9508    16.9758   4.638192   4.640786     1.8646     1.5412     100.06   26.07672  -95.90126    0.00060    0.00058     2.6395     2.6634    16.9223    16.9472    36.2826    36.2851    26.5196    26.5154    1499.75    114.838    115.877         39 0.0000e+00
      95561   3981.684    168.824    170.000    17.0328    17.0400   4.645802   4.646914     1.8712     1.5455     100.00   26.05916  -95.83646    0.00007    0.00003     2.6500     2.6702    17.0045    17.0116    36.2708    36.2721    26.4889    26.4882    1498.74    115.297    116.175         48 0.0000e+00
      95614   3983.864    167.832    169.000    17.0353    17.0444   4.646451   4.647616     1.8708     1.5461     100.00   26.06008  -95.83986   -0.00031   -0.00004     2.6483     2.6710    17.0071    17.0162    36.2730    36.2750    26.4901    26.4894    1498.79    115.222    116.211         30 0.0000e+00
      96189   4007.845    145.992    147.000    17.7440    17.7885   4.727949   4.732728     1.8601     1.5311      99.98   26.05559  -95.82327   -0.00397   -0.00308     2.5771     2.5868    17.7188    17.7632    36.3525    36.3540    26.3775    26.3678    1498.53    112.135    112.557         42 0.0000e+00
      98244   4093.472    139.042    140.000    18.5101    18.5137   4.814174   4.814843     1.8494     1.5228      99.96   26.04937  -95.80024   -0.00035   -0.00006     2.5102     2.5274    18.4854    18.4890    36.4094    36.4119    26.2290    26.2300    1498.17    109.240    109.986         40 0.0000e+00
      98382   4099.204    138.049    139.000    18.5376    18.5446   4.818736   4.819553     1.8527     1.5251     100.00   26.06014  -95.83986    0.00033    0.00025     2.5152     2.5311    18.5130    18.5200    36.4281    36.4299    26.2376    26.2372    1498.79    109.458    110.149         35 0.0000e+00
      98419   4100.763    137.056    138.000    18.5517    18.5585   4.820466   4.821092     1.8564     1.5292      60.86   26.06014  -95.83986    0.00163    0.00148     2.5225     2.5398    18.5273    18.5341    36.4317    36.4310    26.2367    26.2345    1498.79    109.775    110.527         43 0.0000e+00
