GOMECC/GOMECC-4/1db/urb2103_1031.cnv
* Sea-Bird SBE 9 Data File:
* FileName = C:\Users\scs.user.rb\CTD\GOMECC4\data\rb2103_1031.hex
* Software Version Seasave V 7.26.7.107
* Temperature SN = 4799
* Conductivity SN = 3860
* Number of Bytes Per Scan = 41
* Number of Voltage Words = 4
* Number of Scans Averaged by the Deck Unit = 1
* NMEA Latitude = 24 23.15 N
* NMEA Longitude = 088 00.13 W
* NMEA UTC (Time) = Oct 13 2021  03:19:12
* NMEA baud rate = 4800
# nquan = 28
# nvalues = 144                         
# units = specified
# name 0 = scan: Scan Count
# name 1 = timeS: Time, Elapsed [seconds]
# name 2 = depSM: Depth [salt water, m]
# name 3 = prDM: Pressure, Digiquartz [db]
# name 4 = t090C: Temperature [ITS-90, deg C]
# name 5 = t190C: Temperature, 2 [ITS-90, deg C]
# name 6 = c0S/m: Conductivity [S/m]
# name 7 = c1S/m: Conductivity, 2 [S/m]
# name 8 = sbeox0V: Oxygen raw, SBE 43 [V]
# name 9 = sbeox1V: Oxygen raw, SBE 43, 2 [V]
# name 10 = altM: Altimeter [m]
# name 11 = latitude: Latitude [deg]
# name 12 = longitude: Longitude [deg]
# name 13 = sbox0dV/dT: Oxygen, SBE 43 [dov/dt]
# name 14 = sbox1dV/dT: Oxygen, SBE 43, 2 [dov/dt]
# name 15 = sbeox0ML/L: Oxygen, SBE 43 [ml/l], WS = 5
# name 16 = sbeox1ML/L: Oxygen, SBE 43, 2 [ml/l], WS = 5
# name 17 = potemp090C: Potential Temperature [ITS-90, deg C]
# name 18 = potemp190C: Potential Temperature, 2 [ITS-90, deg C]
# name 19 = sal00: Salinity, Practical [PSU]
# name 20 = sal11: Salinity, Practical, 2 [PSU]
# name 21 = sigma-é00: Density [sigma-theta, kg/m^3]
# name 22 = sigma-é11: Density, 2 [sigma-theta, kg/m^3]
# name 23 = avgsvCM: Average Sound Velocity [Chen-Millero, m/s], minP = 20, minS = 20
# name 24 = sbox0Mm/Kg: Oxygen, SBE 43 [umol/kg], WS = 5
# name 25 = sbox1Mm/Kg: Oxygen, SBE 43, 2 [umol/kg], WS = 5
# name 26 = nbin: number of scans per bin
# name 27 = flag: flag
# span 0 =      41329,     102726       
# span 1 =   1721.982,   4280.193       
# span 2 =      0.994,    517.021       
# span 3 =      1.000,    521.000       
# span 4 =     7.8213,    30.2256       
# span 5 =     7.8227,    30.2269       
# span 6 =   3.623567,   6.118056       
# span 7 =   3.623656,   6.118382       
# span 8 =     1.6473,     3.2341       
# span 9 =     1.3445,     2.7360       
# span 10 =      18.55,     103.16      
# span 11 =   24.26381,   25.15568      
# span 12 =  -90.76244,  -87.54659      
# span 13 =   -0.00801,    0.02369      
# span 14 =   -0.01049,    0.02023      
# span 15 =     2.6961,     4.5593      
# span 16 =     2.7122,     4.5688      
# span 17 =     7.7682,    30.2248      
# span 18 =     7.7696,    30.2262      
# span 19 =    34.9529,    37.2990      
# span 20 =    34.9525,    37.3002      
# span 21 =    21.9801,    27.2715      
# span 22 =    22.1119,    27.2710      
# span 23 =    1502.80,    1557.88      
# span 24 =    117.227,    198.700      
# span 25 =    117.927,    199.111      
# span 26 =         30,         74      
# span 27 = 0.0000e+00, 0.0000e+00      
# interval = decibars: 1                
# start_time = Oct 13 2021 03:19:12 [NMEA time, header]
# bad_flag = -9.990e-29
*END*
      41329   1721.982    517.021    521.000     7.8213     7.8227   3.623567   3.623656     1.6473     1.3445      18.55   24.39298  -88.01762    0.00007   -0.00028     2.7880     2.8032     7.7682     7.7696    34.9529    34.9525    27.2715    27.2710    1511.01    121.207    121.867         37 0.0000e+00
      42849   1785.337    454.571    458.000     8.6554     8.6143   3.705072   3.700661     1.6534     1.3491      84.05   24.39101  -88.01028    0.00032    0.00017     2.7236     2.7395     8.6060     8.5650    35.0223    35.0164    27.1983    27.2001    1510.87    118.413    119.106         31 0.0000e+00
      42960   1789.965    450.605    454.000     8.7785     8.7617   3.718004   3.716242     1.6546     1.3504      88.39   24.39192  -88.01355    0.00024    0.00050     2.7170     2.7319     8.7292     8.7124    35.0390    35.0371    27.1921    27.1932    1510.93    118.129    118.778         32 0.0000e+00
      43071   1794.580    446.639    450.000     8.8788     8.8725   3.728380   3.727703     1.6560     1.3502      92.75   24.39178  -88.01306    0.00034   -0.00009     2.7126     2.7223     8.8295     8.8233    35.0510    35.0501    27.1855    27.1858    1510.92    117.937    118.359         30 0.0000e+00
      43101   1795.835    445.647    449.000     8.8942     8.8885   3.729814   3.729216     1.6560     1.3505      93.86   24.39098  -88.01016    0.00014    0.00008     2.7111     2.7217     8.8451     8.8393    35.0512    35.0505    27.1831    27.1835    1510.87    117.875    118.334         33 0.0000e+00
      43218   1800.712    441.682    445.000     8.9536     8.9518   3.735950   3.735812     1.6574     1.3528      98.38   24.39219  -88.01446    0.00036    0.00054     2.7095     2.7232     8.9046     8.9029    35.0592    35.0594    27.1800    27.1804    1510.94    117.803    118.400         37 0.0000e+00
      43251   1802.091    440.690    444.000     8.9613     8.9657   3.736473   3.737101     1.6573     1.3529      99.29   24.39100  -88.01018    0.00025    0.00038     2.7084     2.7221     8.9125     8.9169    35.0573    35.0595    27.1771    27.1782    1510.87    117.757    118.350         30 0.0000e+00
      43336   1805.607    437.716    441.000     9.0838     9.0768   3.749643   3.748933     1.6596     1.3542     100.01   24.39273  -88.01641    0.00066    0.00040     2.7053     2.7174     9.0348     9.0280    35.0762    35.0757    27.1723    27.1731    1510.98    117.623    118.148         36 0.0000e+00
      43368   1806.953    436.725    440.000     9.0790     9.0844   3.748968   3.749393     1.6596     1.3541     100.00   24.39100  -88.01018    0.00038    0.00015     2.7053     2.7165     9.0302     9.0356    35.0740    35.0732    27.1713    27.1698    1510.87    117.621    118.111         32 0.0000e+00
      43453   1810.504    433.750    437.000     9.1529     9.1528   3.756724   3.756705     1.6609     1.3566     100.00   24.39162  -88.01239    0.00040    0.00068     2.7028     2.7183     9.1042     9.1041    35.0838    35.0838    27.1670    27.1671    1510.91    117.514    118.190         33 0.0000e+00
      43484   1811.805    432.758    436.000     9.1566     9.1595   3.757074   3.757266     1.6613     1.3565     100.00   24.39102  -88.01018    0.00027    0.00049     2.7033     2.7174     9.1080     9.1109    35.0833    35.0835    27.1660    27.1657    1510.87    117.536    118.149         31 0.0000e+00
      43571   1815.413    429.783    433.000     9.2255     9.2205   3.764230   3.763817     1.6629     1.3580     100.00   24.39182  -88.01305    0.00044    0.00041     2.7019     2.7166     9.1770     9.1720    35.0927    35.0934    27.1622    27.1635    1510.92    117.478    118.117         30 0.0000e+00
      43603   1816.763    428.792    432.000     9.2223     9.2351   3.763978   3.765210     1.6631     1.3580      95.16   24.39102  -88.01018    0.00049    0.00030     2.7025     2.7156     9.1739     9.1867    35.0936    35.0938    27.1633    27.1614    1510.87    117.500    118.070         36 0.0000e+00
      43723   1821.744    424.826    428.000     9.3242     9.3227   3.774494   3.774385     1.6660     1.3612     100.00   24.39093  -88.00989    0.00064    0.00088     2.7023     2.7179     9.2760     9.2745    35.1048    35.1052    27.1554    27.1559    1510.86    117.494    118.174         33 0.0000e+00
      43755   1823.074    423.834    427.000     9.3489     9.3340   3.777062   3.775623     1.6667     1.3615      88.36   24.39102  -88.01020    0.00055    0.00066     2.7023     2.7179     9.3007     9.2859    35.1078    35.1074    27.1537    27.1558    1510.87    117.493    118.171         30 0.0000e+00
      43843   1826.749    420.860    424.000     9.3818     9.3823   3.780589   3.780560     1.6680     1.3634     100.00   24.39131  -88.01117    0.00040    0.00044     2.7027     2.7193     9.3338     9.3344    35.1136    35.1127    27.1528    27.1520    1510.89    117.513    118.235         32 0.0000e+00
      43875   1828.102    419.868    423.000     9.3843     9.3940   3.780497   3.781720     1.6682     1.3634      65.42   24.39104  -88.01020    0.00029    0.00035     2.7026     2.7183     9.3365     9.3462    35.1123    35.1137    27.1513    27.1508    1510.87    117.506    118.189         33 0.0000e+00
      43935   1830.593    417.885    421.000     9.4234     9.4325   3.784871   3.785804     1.6688     1.3638     100.00   24.39089  -88.00966    0.00018    0.00009     2.7009     2.7162     9.3757     9.3847    35.1185    35.1194    27.1497    27.1489    1510.86    117.434    118.100         30 0.0000e+00
      43967   1831.923    416.893    420.000     9.4288     9.4483   3.785374   3.787540     1.6693     1.3637     100.00   24.39104  -88.01020    0.00032    0.00010     2.7017     2.7146     9.3812     9.4007    35.1189    35.1223    27.1491    27.1485    1510.87    117.467    118.028         33 0.0000e+00
      44000   1833.302    415.902    419.000     9.4781     9.4629   3.790199   3.789004     1.6698     1.3641      95.18   24.39104  -88.01020    0.00036    0.00006     2.6995     2.7145     9.4305     9.4152    35.1247    35.1237    27.1455    27.1472    1510.87    117.372    118.025         33 0.0000e+00
      44091   1837.063    412.927    416.000     9.5587     9.5617   3.799387   3.799540     1.6719     1.3665     100.00   24.39215  -88.01420    0.00047    0.00053     2.6985     2.7141     9.5111     9.5141    35.1390    35.1376    27.1433    27.1417    1510.94    117.330    118.009         32 0.0000e+00
      44122   1838.395    411.935    415.000     9.5545     9.5637   3.798638   3.799638     1.6723     1.3666     100.00   24.39104  -88.01020    0.00057    0.00059     2.6997     2.7139     9.5070     9.5162    35.1355    35.1369    27.1412    27.1407    1510.87    117.384    117.999         35 0.0000e+00
      44155   1839.750    410.943    414.000     9.5786     9.5906   3.801293   3.802304     1.6727     1.3668      83.35   24.39104  -88.01019    0.00044    0.00033     2.6989     2.7124     9.5312     9.5432    35.1399    35.1385    27.1406    27.1375    1510.87    117.350    117.934         30 0.0000e+00
      44218   1842.380    408.960    412.000     9.6129     9.6232   3.805005   3.806120     1.6743     1.3683     100.01   24.39359  -88.01937    0.00053    0.00043     2.7001     2.7140     9.5656     9.5759    35.1462    35.1476    27.1399    27.1393    1511.03    117.402    118.007         34 0.0000e+00
      44250   1843.718    407.969    411.000     9.6137     9.6236   3.804799   3.805821     1.6741     1.3681     100.00   24.39104  -88.01018    0.00039    0.00042     2.6995     2.7129     9.5665     9.5764    35.1431    35.1440    27.1372    27.1363    1510.87    117.372    117.957         37 0.0000e+00
      44340   1847.465    404.993    408.000     9.8057     9.7619   3.825556   3.820659     1.6781     1.3713     100.01   24.39278  -88.01646    0.00105    0.00086     2.6961     2.7122     9.7584     9.7146    35.1710    35.1635    27.1268    27.1283    1510.98    117.227    117.927         35 0.0000e+00
      48455   2018.918    398.052    401.000    10.0494    10.0477   3.851213   3.851122     1.6877     1.3800     100.00   24.39023  -88.00660    0.00006   -0.00001     2.7042     2.7174    10.0021    10.0004    35.1997    35.2001    27.1076    27.1081    1510.80    117.580    118.156         36 0.0000e+00
      48528   2021.969    396.069    399.000    10.0523    10.0558   3.851651   3.852061     1.6874     1.3811     100.00   24.39117  -88.01000   -0.00005    0.00040     2.7025     2.7195    10.0053    10.0088    35.2022    35.2029    27.1090    27.1090    1510.86    117.507    118.250         38 0.0000e+00
      48565   2023.483    395.077    398.000    10.0616    10.0616   3.852670   3.852622     1.6878     1.3818     100.00   24.39130  -88.01048   -0.00004    0.00022     2.7026     2.7210    10.0146    10.0147    35.2040    35.2035    27.1088    27.1084    1510.87    117.512    118.312         31 0.0000e+00
      50742   2114.207    308.781    311.000    12.0627    12.0450   4.071844   4.069943     1.7586     1.4444     100.01   24.39355  -88.01834    0.00254    0.00272     2.7287     2.7448    12.0216    12.0040    35.5072    35.5056    26.9791    26.9814    1511.00    118.661    119.361         30 0.0000e+00
      51490   2145.373    300.843    303.000    12.4790    12.4788   4.117879   4.117994     1.8110     1.4935      72.42   24.39144  -88.01064    0.00022    0.00013     2.8350     2.8536    12.4380    12.4378    35.5625    35.5638    26.9410    26.9420    1510.87    123.291    124.096         33 0.0000e+00
      54007   2250.237    296.875    299.000    12.5115    12.5101   4.120748   4.120672     1.8139     1.4951      99.97   24.38375  -87.98255    0.00019    0.00030     2.8392     2.8548    12.4711    12.4696    35.5604    35.5594    26.9323    26.9317    1510.39    123.472    124.151         33 0.0000e+00
      54056   2252.310    295.883    298.000    12.5342    12.5309   4.124176   4.123868     1.8153     1.4963     100.00   24.39158  -88.01082    0.00033    0.00021     2.8406     2.8562    12.4938    12.4905    35.5733    35.5735    26.9383    26.9391    1510.87    123.532    124.212         33 0.0000e+00
      54093   2253.824    294.890    297.000    12.5399    12.5381   4.124837   4.124652     1.8156     1.4968     100.00   24.39158  -88.01082    0.00048    0.00040     2.8406     2.8567    12.4996    12.4979    35.5748    35.5746    26.9384    26.9386    1510.87    123.534    124.234         37 0.0000e+00
      54824   2284.272    266.115    268.000    13.0310    13.0310   4.180052   4.179973     1.8509     1.5289     100.00   24.39188  -88.01175    0.00137    0.00104     2.8872     2.9033    12.9938    12.9937    35.6543    35.6536    26.9013    26.9007    1510.88    125.563    126.265         31 0.0000e+00
      54945   2289.325    261.153    263.000    13.0424    13.0422   4.180853   4.180910     1.8541     1.5313     100.00   24.39044  -88.00658    0.00062    0.00044     2.8928     2.9075    13.0058    13.0057    35.6529    35.6536    26.8977    26.8982    1510.80    125.808    126.448         30 0.0000e+00
      55045   2293.481    257.184    259.000    13.0557    13.0564   4.182575   4.182740     1.8557     1.5325     100.01   24.39389  -88.01897    0.00031   -0.00000     2.8944     2.9084    13.0197    13.0204    35.6596    35.6606    26.9003    26.9009    1511.01    125.879    126.487         30 0.0000e+00
      56334   2347.190    205.574    207.000    14.3828    14.3686   4.335544   4.333602     1.9366     1.6039     100.02   24.39762  -88.03238    0.00094    0.00095     2.9858     2.9963    14.3521    14.3380    35.8826    35.8778    26.7948    26.7941    1511.24    129.868    130.323         42 0.0000e+00
      56388   2349.471    204.582    206.000    14.3633    14.4382   4.332264   4.341594     1.9353     1.6057      86.31   24.39171  -88.01106   -0.00019    0.00086     2.9835     2.9966    14.3328    14.4076    35.8686    35.8855    26.7876    26.7845    1510.87    129.767    130.338         67 0.0000e+00
      56664   2360.946    201.603    203.000    14.6530    14.6725   4.364549   4.366780     1.9516     1.6206      99.93   24.37408  -87.94740    0.00040    0.00076     3.0028     3.0200    14.6225    14.6420    35.8926    35.8959    26.7418    26.7401    1509.78    130.609    131.358         41 0.0000e+00
      58119   2421.595    198.626    200.000    14.7398    14.7474   4.375602   4.376813     1.9595     1.6264      93.87   24.38524  -87.98747    0.00021    0.00005     3.0148     3.0290    14.7096    14.7172    35.9217    35.9237    26.7462    26.7461    1510.46    131.133    131.750         44 0.0000e+00
      59196   2466.458    197.633    199.000    14.7696    14.7777   4.379986   4.381084     1.9634     1.6292      83.81   24.39193  -88.01153    0.00025    0.00071     3.0214     3.0341    14.7395    14.7477    35.9360    35.9387    26.7513    26.7516    1510.87    131.418    131.974         40 0.0000e+00
      59182   2465.889    196.641    198.000    14.7641    14.7857   4.379305   4.381994     1.9616     1.6295      89.74   24.39194  -88.01153   -0.00009    0.00013     3.0171     3.0339    14.7342    14.7558    35.9354    35.9390    26.7520    26.7501    1510.87    131.231    131.964         60 0.0000e+00
      59260   2469.134    195.648    197.000    14.7803    14.7903   4.381249   4.382513     1.9629     1.6309      87.21   24.39194  -88.01154    0.00037    0.00042     3.0186     3.0369    14.7505    14.7606    35.9378    35.9408    26.7503    26.7505    1510.87    131.299    132.096         69 0.0000e+00
      59325   2471.829    194.655    196.000    14.8229    14.8155   4.386222   4.384943     1.9644     1.6316      94.98   24.39194  -88.01156    0.00047    0.00027     3.0192     3.0367    14.7933    14.7858    35.9458    35.9440    26.7471    26.7474    1510.87    131.324    132.087         63 0.0000e+00
      59390   2474.539    193.663    195.000    14.8481    14.8276   4.389138   4.386805     1.9666     1.6318     100.19   24.39195  -88.01156    0.00082    0.00015     3.0222     3.0360    14.8186    14.7981    35.9493    35.9469    26.7442    26.7469    1510.87    131.454    132.057         60 0.0000e+00
      59444   2476.775    192.670    194.000    14.8741    14.8476   4.391986   4.389081     1.9677     1.6326      79.65   24.39196  -88.01158    0.00057    0.00011     3.0229     3.0365    14.8447    14.8182    35.9528    35.9498    26.7412    26.7447    1510.87    131.487    132.079         54 0.0000e+00
      59501   2479.173    191.677    193.000    14.8928    14.8743   4.394435   4.392152     1.9696     1.6355     100.62   24.39196  -88.01159    0.00069    0.00107     3.0256     3.0417    14.8636    14.8450    35.9575    35.9549    26.7407    26.7428    1510.87    131.605    132.306         54 0.0000e+00
      59547   2481.100    190.685    192.000    14.9156    14.9115   4.397031   4.396598     1.9719     1.6363      54.87   24.39196  -88.01160    0.00098    0.00093     3.0293     3.0411    14.8865    14.8823    35.9608    35.9607    26.7381    26.7390    1510.87    131.767    132.279         41 0.0000e+00
      59589   2482.843    189.692    191.000    14.9295    14.9208   4.398721   4.397736     1.9733     1.6383      99.72   24.39196  -88.01160    0.00110    0.00059     3.0313     3.0454    14.9005    14.8918    35.9639    35.9629    26.7374    26.7386    1510.87    131.851    132.467         44 0.0000e+00
      59635   2484.770    188.699    190.000    14.9395    14.9358   4.399704   4.399433     1.9755     1.6395     100.00   24.39196  -88.01162    0.00088    0.00087     3.0355     3.0472    14.9106    14.9068    35.9641    35.9651    26.7353    26.7369    1510.87    132.034    132.544         43 0.0000e+00
