GOMECC/GOMECC-4/1db/urb2103_0391.cnv
* Sea-Bird SBE 9 Data File:
* FileName = C:\Users\scs.user.rb\CTD\GOMECC4\data\rb2103_0391.hex
* Software Version Seasave V 7.26.7.107
* Temperature SN = 4799
* Conductivity SN = 3860
* Number of Bytes Per Scan = 41
* Number of Voltage Words = 4
* Number of Scans Averaged by the Deck Unit = 1
* NMEA Latitude = 27 44.23 N
* NMEA Longitude = 089 59.91 W
* NMEA UTC (Time) = Sep 25 2021  20:49:51
* NMEA baud rate = 4800
# nquan = 28
# nvalues = 322                         
# units = specified
# name 0 = scan: Scan Count
# name 1 = timeS: Time, Elapsed [seconds]
# name 2 = depSM: Depth [salt water, m]
# name 3 = prDM: Pressure, Digiquartz [db]
# name 4 = t090C: Temperature [ITS-90, deg C]
# name 5 = t190C: Temperature, 2 [ITS-90, deg C]
# name 6 = c0S/m: Conductivity [S/m]
# name 7 = c1S/m: Conductivity, 2 [S/m]
# name 8 = sbeox0V: Oxygen raw, SBE 43 [V]
# name 9 = sbeox1V: Oxygen raw, SBE 43, 2 [V]
# name 10 = altM: Altimeter [m]
# name 11 = latitude: Latitude [deg]
# name 12 = longitude: Longitude [deg]
# name 13 = sbox0dV/dT: Oxygen, SBE 43 [dov/dt]
# name 14 = sbox1dV/dT: Oxygen, SBE 43, 2 [dov/dt]
# name 15 = sbeox0ML/L: Oxygen, SBE 43 [ml/l], WS = 5
# name 16 = sbeox1ML/L: Oxygen, SBE 43, 2 [ml/l], WS = 5
# name 17 = potemp090C: Potential Temperature [ITS-90, deg C]
# name 18 = potemp190C: Potential Temperature, 2 [ITS-90, deg C]
# name 19 = sal00: Salinity, Practical [PSU]
# name 20 = sal11: Salinity, Practical, 2 [PSU]
# name 21 = sigma-é00: Density [sigma-theta, kg/m^3]
# name 22 = sigma-é11: Density, 2 [sigma-theta, kg/m^3]
# name 23 = avgsvCM: Average Sound Velocity [Chen-Millero, m/s], minP = 20, minS = 20
# name 24 = sbox0Mm/Kg: Oxygen, SBE 43 [umol/kg], WS = 5
# name 25 = sbox1Mm/Kg: Oxygen, SBE 43, 2 [umol/kg], WS = 5
# name 26 = nbin: number of scans per bin
# name 27 = flag: flag
# span 0 =      36981,      96590       
# span 1 =   1540.834,   4024.556       
# span 2 =      2.980,    937.590       
# span 3 =      3.000,    946.000       
# span 4 =     5.5929,    28.9865       
# span 5 =     5.5922,    28.9881       
# span 6 =   3.434505,   5.948165       
# span 7 =   3.434351,   5.948405       
# span 8 =     1.6132,     3.1826       
# span 9 =     1.3167,     2.7022       
# span 10 =       4.09,     105.12      
# span 11 =   27.48561,   28.17989      
# span 12 =  -91.40248,  -89.15071      
# span 13 =   -0.02163,    0.01634      
# span 14 =   -0.02135,    0.01535      
# span 15 =     2.5851,     4.5761      
# span 16 =     2.6084,     4.5662      
# span 17 =     5.5096,    28.9848      
# span 18 =     5.5088,    28.9864      
# span 19 =    34.9057,    36.7920      
# span 20 =    34.9049,    36.7925      
# span 21 =    22.9214,    27.5501      
# span 22 =    22.9220,    27.5495      
# span 23 =    1488.91,    1526.51      
# span 24 =    112.402,    199.633      
# span 25 =    113.415,    199.205      
# span 26 =         30,         67      
# span 27 = 0.0000e+00, 0.0000e+00      
# interval = decibars: 1                
# start_time = Sep 25 2021 20:49:51 [NMEA time, header]
# bad_flag = -9.990e-29
*END*
[from data line 208]
      72494   3020.530    171.781    173.000    17.0441    17.0508   4.644663   4.645544     2.0568     1.7181     100.44   27.74538  -90.00180    0.00011    0.00044     3.0780     3.1059    17.0153    17.0220    36.2475    36.2490    26.4686    26.4681    1503.13    133.920    135.134         47 0.0000e+00
      72628   3026.111    166.818    168.000    17.7445    17.7191   4.728205   4.725413     2.0812     1.7359     100.01   27.75101  -90.02000    0.00608    0.00438     3.0850     3.1059    17.7157    17.6903    36.3504    36.3490    26.3778    26.3830    1503.43    134.236    135.144         37 0.0000e+00
      72649   3026.998    165.825    167.000    17.7151    17.7430   4.723997   4.726809     2.0841     1.7382     100.00   27.74540  -90.00182    0.00559    0.00362     3.0933     3.1101    17.6864    17.7143    36.3385    36.3378    26.3752    26.3679    1503.13    134.597    135.329         31 0.0000e+00
      72763   3031.760    160.863    162.000    18.2584    18.2703   4.789326   4.790320     2.1087     1.7619     100.00   27.74454  -89.99903    0.00581    0.00554     3.1107     3.1332    18.2300    18.2420    36.4171    36.4150    26.3004    26.2958    1503.08    135.363    136.346         38 0.0000e+00
      72949   3039.520    153.914    155.000    19.0618    19.0613   4.887231   4.887676     2.1449     1.7972     100.01   27.74731  -90.00797    0.00686    0.00661     3.1354     3.1663    19.0338    19.0334    36.5397    36.5438    26.1901    26.1933    1503.23    136.454    137.799         30 0.0000e+00
      72975   3040.580    152.922    154.000    19.1591    19.1233   4.899182   4.894084     2.1567     1.8057     100.00   27.74542  -90.00184    0.00813    0.00732     3.1545     3.1827    19.1312    19.0955    36.5539    36.5427    26.1756    26.1762    1503.13    137.286    138.514         30 0.0000e+00
      73086   3045.192    148.951    150.000    19.4515    19.4194   4.935874   4.931733     2.1932     1.8383     100.02   27.75097  -90.01984    0.00920    0.00840     3.2133     3.2406    19.4241    19.3920    36.6078    36.6014    26.1413    26.1448    1503.43    139.850    141.039         31 0.0000e+00
      73103   3045.897    147.958    149.000    19.3947    19.4016   4.928418   4.929317     2.1994     1.8414     100.00   27.74542  -90.00184    0.00816    0.00764     3.2297     3.2487    19.3686    19.3745    36.5923    36.5947    26.1433    26.1436    1503.13    140.563    141.390         31 0.0000e+00
      73255   3052.239    143.988    145.000    19.6392    19.6602   4.958732   4.960631     2.2174     1.8594      99.84   27.76031  -90.05012    0.00356    0.00364     3.2508     3.2738    19.6169    19.6335    36.6358    36.6370    26.1132    26.1098    1503.94    141.489    142.489         34 0.0000e+00
      73364   3056.775    142.003    143.000    19.6289    19.6142   4.955046   4.953506     2.2194     1.8595      99.99   27.74266  -89.99283    0.00046   -0.00006     3.2557     3.2762    19.6026    19.5879    36.6107    36.6108    26.0957    26.0996    1502.98    141.703    142.594         39 0.0000e+00
      73443   3060.083    141.010    142.000    19.6431    19.6293   4.956713   4.955090     2.2196     1.8587     100.00   27.74544  -90.00186    0.00003   -0.00056     3.2548     3.2729    19.6170    19.6032    36.6137    36.6124    26.0946    26.0972    1503.13    141.664    142.451         40 0.0000e+00
      73586   3066.031    140.017    141.000    19.8154    19.7874   4.976517   4.972967     2.2379     1.8767     100.00   27.74544  -90.00188    0.00534    0.00467     3.2828     3.3055    19.7893    19.7613    36.6277    36.6228    26.0599    26.0635    1503.13    142.886    143.874         33 0.0000e+00
      73676   3069.798    139.025    140.000    19.8609    19.8378   4.982028   4.979155     2.2365     1.8753     100.00   27.74546  -90.00188    0.00232    0.00198     3.2769     3.2990    19.8349    19.8119    36.6339    36.6303    26.0525    26.0558    1503.13    142.630    143.591         40 0.0000e+00
      73750   3072.865    138.032    139.000    19.8984    19.8494   4.985906   4.980315     2.2388     1.8776     100.00   27.74546  -90.00188    0.00227    0.00243     3.2784     3.3027    19.8726    19.8237    36.6336    36.6301    26.0423    26.0526    1503.13    142.695    143.756         43 0.0000e+00
      74501   3104.185    137.039    138.000    20.0079    20.0098   4.997109   4.997453     2.2190     1.8616     100.00   27.74548  -90.00195    0.00084    0.00152     3.2282     3.2548    19.9822    19.9841    36.6310    36.6321    26.0112    26.0115    1503.13    140.518    141.674         46 0.0000e+00
      75298   3137.385    135.054    136.000    20.0571    20.0573   5.003984   5.004185     2.1938     1.8393     100.10   27.77309  -90.09155   -0.00324   -0.00206     3.1698     3.1983    20.0317    20.0319    36.6561    36.6531    26.0204    26.0178    1504.63    137.978    139.219         40 0.0000e+00
      75266   3136.042    134.061    135.000    20.0348    20.0323   4.997693   4.996612     2.1887     1.8269     100.00   27.74548  -90.00200   -0.00166   -0.00185     3.1607     3.1705    20.0096    20.0071    36.6140    36.6067    25.9909    25.9861    1503.13    137.580    138.010         45 0.0000e+00
      75309   3137.846    133.068    134.000    20.0416    20.0387   4.996064   4.995616     2.1546     1.7740      80.77   27.74548  -90.00200   -0.00554   -0.01640     3.0863     3.0447    20.0166    20.0136    36.5947    36.5946    25.9743    25.9750    1503.13    134.345    132.532         43 0.0000e+00
      75359   3139.922    132.075    133.000    20.0562    20.0506   4.997575   4.996877     2.1084     1.7462      82.60   27.74548  -90.00202   -0.02163   -0.02135     2.9860     2.9783    20.0313    20.0258    36.5946    36.5937    25.9704    25.9712    1503.13    129.979    129.644         56 0.0000e+00
      75408   3141.942    131.083    132.000    20.0999    20.0787   5.002469   5.000195     2.0843     1.7326     100.80   27.74549  -90.00202   -0.01996   -0.01264     2.9306     2.9443    20.0752    20.0540    36.6001    36.5970    25.9628    25.9661    1503.13    127.570    128.162         36 0.0000e+00
      75512   3146.278    128.105    129.000    20.3109    20.3101   5.030411   5.030401     2.1203     1.7754     100.03   27.75273  -90.02549    0.00832    0.01070     2.9942     3.0304    20.2866    20.2858    36.6479    36.6486    25.9436    25.9444    1503.52    130.342    131.917         31 0.0000e+00
      75526   3146.857    127.112    128.000    20.3498    20.3263   5.034320   5.031311     2.1403     1.7869     100.00   27.74550  -90.00202    0.01601    0.01499     3.0343     3.0561    20.3257    20.3021    36.6432    36.6390    25.9286    25.9317    1503.13    132.088    133.037         35 0.0000e+00
      75620   3150.792    124.133    125.000    20.4820    20.4845   5.050642   5.050814     2.1711     1.8150     100.01   27.74899  -90.01335    0.00841    0.00716     3.0904     3.1115    20.4583    20.4608    36.6649    36.6641    25.9099    25.9086    1503.32    134.534    135.451         30 0.0000e+00
      75733   3155.515    120.162    121.000    20.6226    20.6401   5.063704   5.065387     2.2082     1.8463     100.01   27.74893  -90.01318    0.00764    0.00670     3.1596     3.1743    20.5996    20.6170    36.6512    36.6493    25.8612    25.8550    1503.32    137.550    138.191         31 0.0000e+00
      75758   3156.533    119.170    120.000    20.6490    20.6431   5.066201   5.065468     2.2106     1.8478     100.00   27.74551  -90.00204    0.00444    0.00366     3.1627     3.1773    20.6261    20.6202    36.6475    36.6466    25.8508    25.8517    1503.13    137.687    138.323         36 0.0000e+00
      75902   3162.551    115.198    116.000    20.8330    20.8357   5.086585   5.087074     2.2300     1.8712     100.05   27.75969  -90.04801    0.00458    0.00593     3.1908     3.2191    20.8107    20.8135    36.6626    36.6642    25.8139    25.8144    1503.90    138.916    140.148         30 0.0000e+00
      75905   3162.662    114.206    115.000    20.8308    20.8461   5.084804   5.086235     2.2356     1.8745     100.00   27.74552  -90.00204    0.00548    0.00572     3.2025     3.2257    20.8088    20.8241    36.6436    36.6420    25.7981    25.7927    1503.13    139.428    140.438         48 0.0000e+00
      76044   3168.474    110.234    111.000    20.8952    20.9060   5.087305   5.089001     2.2477     1.8859      95.86   27.75971  -90.04808    0.00257    0.00261     3.2231     3.2478    20.8741    20.8846    36.6165    36.6212    25.7614    25.7621    1503.90    140.329    141.406         34 0.0000e+00
      76048   3168.637    109.241    110.000    20.8926    20.8957   5.086636   5.086339     2.2467     1.8852      89.33   27.74552  -90.00206    0.00194    0.00190     3.2207     3.2463    20.8714    20.8746    36.6071    36.6019    25.7532    25.7484    1503.13    140.226    141.342         47 0.0000e+00
      76085   3170.151    108.249    109.000    20.8897    20.8914   5.085977   5.086370     2.2476     1.8851     100.03   27.74552  -90.00206    0.00034    0.00031     3.2224     3.2460    20.8687    20.8705    36.6046    36.6088    25.7520    25.7547    1503.13    140.301    141.327         30 0.0000e+00
      76132   3172.113    107.256    108.000    20.8530    20.8539   5.075915   5.076423     2.2455     1.8811     100.00   27.74552  -90.00206    0.00007   -0.00045     3.2209     3.2395    20.8322    20.8332    36.5550    36.5587    25.7242    25.7267    1503.13    140.239    141.046         36 0.0000e+00
      76252   3177.127    106.263    107.000    20.8761    20.8896   5.075284   5.074403     2.2439     1.8798     100.00   27.74554  -90.00206    0.00087    0.00137     3.2162     3.2346    20.8555    20.8690    36.5304    36.5117    25.6991    25.6811    1503.13    140.037    140.842         42 0.0000e+00
      76380   3182.477    105.270    106.000    20.9139    20.9424   5.076461   5.078697     2.2546     1.9023     100.00   27.74554  -90.00208    0.00254    0.00477     3.2363     3.2837    20.8936    20.9221    36.5078    36.5015    25.6715    25.6588    1503.13    140.916    142.980         36 0.0000e+00
      76515   3188.070    104.277    105.000    20.9565    21.0080   5.080264   5.084767     2.2702     1.9157     100.00   27.74556  -90.00208    0.00308    0.00300     3.2662     3.3103    20.9363    20.9878    36.5024    36.4947    25.6557    25.6357    1503.13    142.220    144.143         43 0.0000e+00
      76634   3193.038    103.284    104.000    21.0075    21.0796   5.085321   5.092873     2.2831     1.9321      77.08   27.74556  -90.00209    0.00314    0.00362     3.2889     3.3434    20.9875    21.0595    36.5000    36.4993    25.6398    25.6195    1503.13    143.209    145.587         46 0.0000e+00
      76768   3198.625    102.291    103.000    21.0847    21.2062   5.094370   5.108999     2.2999     1.9430      97.14   27.74557  -90.00210    0.00306    0.00029     3.3226     3.3612    21.0648    21.1862    36.5073    36.5216    25.6242    25.6016    1503.13    144.682    146.362         34 0.0000e+00
      76893   3203.826    101.299    102.000    21.1768    21.4133   5.105546   5.136890     2.3176     1.9635     100.00   27.74557  -90.00210    0.00313    0.00380     3.3479     3.3935    21.1570    21.3934    36.5190    36.5644    25.6077    25.5768    1503.13    145.782    147.775         47 0.0000e+00
      77015   3208.914    100.306    101.000    21.3057    21.6043   5.123133   5.163321     2.3339     1.9803     100.00   27.74558  -90.00210    0.00573    0.00359     3.3759     3.4218    21.2861    21.5846    36.5507    36.6216    25.5963    25.5679    1503.13    147.003    149.009         33 0.0000e+00
      78372   3265.444     99.313    100.000    21.8110    21.8355   5.192031   5.195231     2.3663     1.9909      99.41   27.74565  -90.00219    0.00036    0.00015     3.4066     3.4272    21.7912    21.8157    36.6712    36.6761    25.5470    25.5439    1503.13    148.347    149.245         48 0.0000e+00
      78667   3277.765     98.320     99.000    21.8632    21.8673   5.199084   5.199786     2.3682     1.9932      82.65   27.74566  -90.00220   -0.00050    0.00013     3.4064     3.4296    21.8436    21.8477    36.6846    36.6852    25.5426    25.5419    1503.13    148.342    149.351         67 0.0000e+00
      78728   3280.271     97.327     98.000    21.8825    21.8739   5.201990   5.200694     2.3714     1.9951     100.15   27.74566  -90.00220    0.00056    0.00063     3.4113     3.4331    21.8630    21.8545    36.6904    36.6874    25.5415    25.5416    1503.13    148.554    149.504         47 0.0000e+00
      78784   3282.607     96.334     97.000    21.8982    21.8978   5.204231   5.204075     2.3742     1.9959      87.95   27.74568  -90.00220    0.00145    0.00068     3.4156     3.4329    21.8789    21.8785    36.6952    36.6943    25.5407    25.5401    1503.13    148.743    149.496         58 0.0000e+00
      78846   3285.207     95.341     96.000    21.8857    21.8973   5.201067   5.203063     2.3764     1.9965     100.62   27.74568  -90.00220    0.00106   -0.00023     3.4208     3.4339    21.8666    21.8783    36.6810    36.6870    25.5334    25.5347    1503.13    148.969    149.541         41 0.0000e+00
      78882   3286.707     94.348     95.000    21.7337    21.7374   5.172568   5.172994     2.3763     1.9983     100.00   27.74568  -90.00220    0.00034    0.00092     3.4317     3.4488    21.7150    21.7187    36.5838    36.5840    25.5020    25.5011    1503.13    149.447    150.193         38 0.0000e+00
      78930   3288.725     93.355     94.000    21.6825    21.7123   5.163073   5.168231     2.3884     2.0159     100.00   27.74568  -90.00220    0.00278    0.00472     3.4607     3.4906    21.6639    21.6938    36.5520    36.5669    25.4921    25.4948    1503.13    150.712    152.015         61 0.0000e+00
      78987   3291.085     92.363     93.000    21.6963    21.7314   5.164946   5.171647     2.3969     2.0185     100.00   27.74568  -90.00220    0.00554    0.00460     3.4771     3.4962    21.6780    21.7131    36.5556    36.5801    25.4909    25.5001    1503.13    151.428    152.258         37 0.0000e+00
      79020   3292.469     91.369     92.000    21.6490    21.6398   5.156809   5.155310     2.3984     2.0172     100.00   27.74568  -90.00220    0.00289    0.00060     3.4837     3.4988    21.6310    21.6223    36.5304    36.5262    25.4848    25.4851    1503.13    151.716    152.372         33 0.0000e+00
      79056   3293.975     90.377     91.000    21.6350    21.6322   5.153861   5.153512     2.3992     2.0225     100.00   27.74568  -90.00221    0.00128    0.00065     3.4858     3.5111    21.6171    21.6143    36.5199    36.5195    25.4808    25.4813    1503.13    151.809    152.908         39 0.0000e+00
      79099   3295.769     89.384     90.000    21.6364    21.6344   5.153578   5.153395     2.4027     2.0257     100.00   27.74568  -90.00222    0.00115    0.00237     3.4924     3.5179    21.6187    21.6167    36.5168    36.5171    25.4780    25.4787    1503.13    152.097    153.206         47 0.0000e+00
      79146   3297.702     88.391     89.000    21.6673    21.6662   5.156906   5.156456     2.4075     2.0318     100.00   27.74568  -90.00222    0.00214    0.00241     3.5000     3.5293    21.6498    21.6486    36.5175    36.5149    25.4698    25.4681    1503.13    152.428    153.706         40 0.0000e+00
