GOMECC/GOMECC-4/1db/urb2103_0731.cnv
* Sea-Bird SBE 9 Data File:
* FileName = C:\Users\scs.user.rb\CTD\GOMECC4\data\rb2103_0731.hex
* Software Version Seasave V 7.26.7.107
* Temperature SN = 4799
* Conductivity SN = 3860
* Number of Bytes Per Scan = 41
* Number of Voltage Words = 4
* Number of Scans Averaged by the Deck Unit = 1
* NMEA Latitude = 26 03.44 N
* NMEA Longitude = 093 15.71 W
* NMEA UTC (Time) = Oct 04 2021  10:15:47
* NMEA baud rate = 4800
# nquan = 28
# nvalues = 436                         
# units = specified
# name 0 = scan: Scan Count
# name 1 = timeS: Time, Elapsed [seconds]
# name 2 = depSM: Depth [salt water, m]
# name 3 = prDM: Pressure, Digiquartz [db]
# name 4 = t090C: Temperature [ITS-90, deg C]
# name 5 = t190C: Temperature, 2 [ITS-90, deg C]
# name 6 = c0S/m: Conductivity [S/m]
# name 7 = c1S/m: Conductivity, 2 [S/m]
# name 8 = sbeox0V: Oxygen raw, SBE 43 [V]
# name 9 = sbeox1V: Oxygen raw, SBE 43, 2 [V]
# name 10 = altM: Altimeter [m]
# name 11 = latitude: Latitude [deg]
# name 12 = longitude: Longitude [deg]
# name 13 = sbox0dV/dT: Oxygen, SBE 43 [dov/dt]
# name 14 = sbox1dV/dT: Oxygen, SBE 43, 2 [dov/dt]
# name 15 = sbeox0ML/L: Oxygen, SBE 43 [ml/l], WS = 5
# name 16 = sbeox1ML/L: Oxygen, SBE 43, 2 [ml/l], WS = 5
# name 17 = potemp090C: Potential Temperature [ITS-90, deg C]
# name 18 = potemp190C: Potential Temperature, 2 [ITS-90, deg C]
# name 19 = sal00: Salinity, Practical [PSU]
# name 20 = sal11: Salinity, Practical, 2 [PSU]
# name 21 = sigma-é00: Density [sigma-theta, kg/m^3]
# name 22 = sigma-é11: Density, 2 [sigma-theta, kg/m^3]
# name 23 = avgsvCM: Average Sound Velocity [Chen-Millero, m/s], minP = 20, minS = 20
# name 24 = sbox0Mm/Kg: Oxygen, SBE 43 [umol/kg], WS = 5
# name 25 = sbox1Mm/Kg: Oxygen, SBE 43, 2 [umol/kg], WS = 5
# name 26 = nbin: number of scans per bin
# name 27 = flag: flag
# span 0 =      98782,     219014       
# span 1 =   4115.891,   9125.533       
# span 2 =      2.980,   3087.705       
# span 3 =      3.000,   3131.000       
# span 4 =     4.3161,    28.9724       
# span 5 =     4.3169,    28.9681       
# span 6 =   3.357952,   5.878144       
# span 7 =   3.357893,   5.875901       
# span 8 =     1.5742,     3.2294       
# span 9 =     1.2766,     2.7490       
# span 10 =       9.51,     102.48      
# span 11 =   25.90704,   26.11278      
# span 12 =  -93.45430,  -92.71786      
# span 13 =   -0.03513,    0.03222      
# span 14 =   -0.03932,    0.03294      
# span 15 =     2.4559,     4.8336      
# span 16 =     2.4713,     4.8359      
# span 17 =     4.0834,    28.9642      
# span 18 =     4.0848,    28.9598      
# span 19 =    30.8219,    36.5161      
# span 20 =    34.9062,    36.5161      
# span 21 =    19.9650,    27.7580      
# span 22 =    22.5999,    27.7565      
# span 23 =    1494.21,    1506.08      
# span 24 =    106.786,    210.757      
# span 25 =    107.457,    210.856      
# span 26 =         30,         68      
# span 27 = 0.0000e+00, 0.0000e+00      
# interval = decibars: 1                
# start_time = Oct 04 2021 10:15:47 [NMEA time, header]
# bad_flag = -9.990e-29
*END*
[from data line 259]
     171700   7154.111    886.274    894.000     5.9185     5.9214   3.461264   3.461364     1.7225     1.4157     100.00   26.05957  -93.26523    0.00021    0.00017     3.3283     3.3478     5.8379     5.8408    34.9120    34.9102    27.5038    27.5020    1503.05    144.664    145.513         31 0.0000e+00
     172195   7174.746    865.498    873.000     5.9972     6.0014   3.467551   3.467818     1.7168     1.4091     100.00   26.06078  -93.26945   -0.00012   -0.00025     3.2932     3.3082     5.9181     5.9223    34.9124    34.9110    27.4940    27.4923    1503.12    143.140    143.790         30 0.0000e+00
     173088   7211.939    827.900    835.000     6.1801     6.1824   3.482450   3.482484     1.6994     1.3925      42.09   26.06040  -93.26818   -0.00068   -0.00080     3.2041     3.2171     6.1035     6.1058    34.9108    34.9089    27.4690    27.4671    1503.10    139.268    139.834         30 0.0000e+00
     175924   7330.130    708.134    714.000     7.0799     7.0834   3.561238   3.561407     1.6224     1.3211     100.00   26.05935  -93.26429   -0.00030   -0.00033     2.8365     2.8491     7.0102     7.0136    34.9278    34.9263    27.3605    27.3589    1503.03    123.304    123.852         30 0.0000e+00
     176340   7347.441    695.263    701.000     7.1771     7.1832   3.570539   3.570929     1.6142     1.3145     100.01   26.06276  -93.27648   -0.00045   -0.00036     2.7985     2.8145     7.1082     7.1142    34.9383    34.9364    27.3552    27.3528    1503.23    121.653    122.349         47 0.0000e+00
     176954   7373.057    694.272    700.000     7.1884     7.1887   3.571208   3.571080     1.6124     1.3137      96.91   26.06002  -93.26663    0.00001   -0.00003     2.7919     2.8111     7.1195     7.1199    34.9339    34.9325    27.3500    27.3489    1503.07    121.368    122.200         53 0.0000e+00
     177670   7402.873    689.322    695.000     7.2162     7.2196   3.573635   3.573848     1.6132     1.3138     100.00   26.06011  -93.26689    0.00018    0.00002     2.7905     2.8073     7.1477     7.1511    34.9352    34.9341    27.3471    27.3457    1503.07    121.308    122.039         30 0.0000e+00
     177783   7407.596    685.361    691.000     7.2407     7.2431   3.575991   3.576073     1.6122     1.3129     100.00   26.06089  -93.26970   -0.00021   -0.00019     2.7840     2.8011     7.1725     7.1749    34.9383    34.9368    27.3460    27.3445    1503.12    121.023    121.770         34 0.0000e+00
     177893   7412.184    681.400    687.000     7.2850     7.2894   3.580185   3.580464     1.6111     1.3119     100.00   26.06069  -93.26899   -0.00023   -0.00020     2.7758     2.7927     7.2170     7.2214    34.9413    34.9399    27.3421    27.3404    1503.11    120.669    121.405         33 0.0000e+00
     178009   7416.979    677.439    683.000     7.3285     7.3411   3.584445   3.585417     1.6087     1.3090     100.01   26.06165  -93.27245   -0.00052   -0.00062     2.7637     2.7776     7.2607     7.2753    34.9459    34.9438    27.3395    27.3362    1503.16    120.144    120.749         34 0.0000e+00
     178034   7418.056    676.449    682.000     7.3364     7.3449   3.585007   3.585750     1.6076     1.3076     100.00   26.06004  -93.26668   -0.00050   -0.00065     2.7595     2.7727     7.2686     7.2769    34.9444    34.9440    27.3372    27.3357    1503.07    119.960    120.532         36 0.0000e+00
     178140   7422.473    672.488    678.000     7.3861     7.3899   3.589821   3.590048     1.6054     1.3052     100.01   26.06146  -93.27184   -0.00053   -0.00061     2.7473     2.7598     7.3185     7.3223    34.9489    34.9476    27.3337    27.3321    1503.15    119.432    119.974         30 0.0000e+00
     178168   7423.628    671.498    677.000     7.3831     7.3889   3.589307   3.589750     1.6040     1.3041     100.00   26.06004  -93.26668   -0.00065   -0.00049     2.7430     2.7557     7.3156     7.3213    34.9466    34.9456    27.3322    27.3307    1503.07    119.244    119.797         42 0.0000e+00
     178330   7430.389    665.556    671.000     7.4700     7.4742   3.597426   3.597675     1.6008     1.3015     100.00   26.05994  -93.26633   -0.00051   -0.00063     2.7247     2.7388     7.4027     7.4069    34.9503    34.9489    27.3227    27.3210    1503.06    118.447    119.064         37 0.0000e+00
     178365   7431.838    664.566    670.000     7.4709     7.4768   3.597472   3.597928     1.5998     1.3010      94.89   26.06004  -93.26668   -0.00074   -0.00059     2.7213     2.7365     7.4037     7.4096    34.9505    34.9495    27.3227    27.3210    1503.07    118.300    118.960         30 0.0000e+00
     178524   7438.479    658.624    664.000     7.5320     7.5401   3.603161   3.603716     1.5975     1.2991     100.00   26.05961  -93.26510   -0.00037   -0.00013     2.7076     2.7236     7.4652     7.4732    34.9536    34.9516    27.3163    27.3135    1503.04    117.705    118.401         34 0.0000e+00
     178701   7445.850    652.682    658.000     7.6119     7.6184   3.610845   3.611364     1.5962     1.2969      92.37   26.06129  -93.27107   -0.00020   -0.00026     2.6957     2.7085     7.5452     7.5517    34.9601    34.9589    27.3098    27.3080    1503.14    117.190    117.746         39 0.0000e+00
     178730   7447.041    651.691    657.000     7.6176     7.6174   3.611295   3.611144     1.5951     1.2960     100.43   26.06006  -93.26668   -0.00041   -0.00053     2.6914     2.7052     7.5511     7.5509    34.9593    34.9578    27.3083    27.3072    1503.07    117.005    117.603         31 0.0000e+00
     178839   7451.591    647.730    653.000     7.6402     7.6431   3.613493   3.613655     1.5939     1.2957     100.01   26.06198  -93.27356   -0.00034   -0.00008     2.6846     2.7010     7.5739     7.5769    34.9626    34.9614    27.3076    27.3063    1503.18    116.709    117.422         39 0.0000e+00
     178864   7452.642    646.740    652.000     7.6384     7.6409   3.613048   3.613161     1.5936     1.2955     100.00   26.06006  -93.26668   -0.00024   -0.00007     2.6839     2.7004     7.5722     7.5748    34.9598    34.9585    27.3056    27.3042    1503.07    116.678    117.396         34 0.0000e+00
     178997   7458.172    641.788    647.000     7.6821     7.6808   3.617189   3.616914     1.5933     1.2953     100.00   26.06044  -93.26805   -0.00007   -0.00013     2.6779     2.6952     7.6162     7.6150    34.9632    34.9615    27.3019    27.3008    1503.09    116.417    117.170         46 0.0000e+00
     179141   7464.180    636.836    642.000     7.7584     7.7653   3.624813   3.625359     1.5930     1.2944     100.01   26.06229  -93.27466    0.00010   -0.00019     2.6699     2.6845     7.6928     7.6997    34.9717    34.9707    27.2974    27.2956    1503.20    116.068    116.706         35 0.0000e+00
     179163   7465.063    635.845    641.000     7.7541     7.7557   3.623958   3.624118     1.5918     1.2929     100.00   26.06006  -93.26669   -0.00028   -0.00046     2.6664     2.6797     7.6886     7.6901    34.9681    34.9671    27.2951    27.2941    1503.07    115.919    116.496         35 0.0000e+00
     179757   7489.850    614.054    619.000     7.8887     7.8977   3.636605   3.637331     1.5877     1.2904     100.00   26.05941  -93.26433   -0.00033   -0.00032     2.6367     2.6542     7.8249     7.8339    34.9789    34.9777    27.2834    27.2812    1503.03    114.627    115.388         37 0.0000e+00
     179898   7495.719    609.102    614.000     7.9704     7.9755   3.644790   3.645141     1.5863     1.2874     100.00   26.06048  -93.26815   -0.00029   -0.00059     2.6250     2.6375     7.9067     7.9118    34.9878    34.9864    27.2783    27.2765    1503.09    114.121    114.661         30 0.0000e+00
     180150   7506.209    600.187    605.000     8.0158     8.0178   3.649094   3.649135     1.5813     1.2833      85.62   26.06088  -93.26957   -0.00034   -0.00028     2.6038     2.6180     7.9529     7.9549    34.9928    34.9914    27.2753    27.2739    1503.12    113.199    113.816         32 0.0000e+00
     180259   7510.745    596.224    601.000     8.0549     8.0583   3.652940   3.653123     1.5814     1.2840     100.00   26.06122  -93.27080    0.00009    0.00023     2.6000     2.6162     7.9922     7.9956    34.9966    34.9957    27.2724    27.2712    1503.14    113.035    113.736         31 0.0000e+00
     180283   7511.749    595.234    600.000     8.0554     8.0604   3.652693   3.653294     1.5809     1.2839      87.32   26.06008  -93.26672    0.00006   -0.00006     2.5981     2.6152     7.9928     7.9978    34.9942    34.9940    27.2705    27.2695    1503.07    112.952    113.695         32 0.0000e+00
     180388   7516.110    591.271    596.000     8.1247     8.1377   3.659629   3.660784     1.5803     1.2819     100.00   26.05945  -93.26448    0.00011   -0.00048     2.5904     2.6022     8.0623     8.0752    35.0011    35.0006    27.2654    27.2630    1503.03    112.619    113.131         33 0.0000e+00
     180501   7520.850    587.308    592.000     8.1944     8.2009   3.666670   3.667162     1.5785     1.2804     100.00   26.06042  -93.26797   -0.00035   -0.00029     2.5787     2.5917     8.1321     8.1385    35.0090    35.0079    27.2610    27.2592    1503.09    112.108    112.676         33 0.0000e+00
     180609   7525.319    583.346    588.000     8.2536     8.2594   3.672403   3.672877     1.5777     1.2792     100.00   26.05981  -93.26578   -0.00006   -0.00021     2.5710     2.5828     8.1915     8.1972    35.0131    35.0124    27.2552    27.2538    1503.05    111.772    112.287         30 0.0000e+00
     180721   7529.981    579.383    584.000     8.3042     8.3104   3.677482   3.677856     1.5765     1.2796     100.00   26.06023  -93.26728   -0.00028    0.00018     2.5628     2.5792     8.2423     8.2485    35.0188    35.0167    27.2519    27.2493    1503.08    111.417    112.130         30 0.0000e+00
     180862   7535.856    574.429    579.000     8.3634     8.3754   3.683313   3.684400     1.5768     1.2800     100.00   26.06095  -93.26986    0.00009    0.00019     2.5579     2.5746     8.3018     8.3138    35.0245    35.0241    27.2473    27.2452    1503.12    111.206    111.931         34 0.0000e+00
     180889   7536.983    573.438    578.000     8.3652     8.3806   3.683622   3.684688     1.5768     1.2796     100.00   26.06008  -93.26674    0.00004    0.00005     2.5578     2.5728     8.3037     8.3190    35.0242    35.0224    27.2467    27.2430    1503.07    111.202    111.854         30 0.0000e+00
     180993   7541.327    569.476    574.000     8.4242     8.4282   3.689234   3.689578     1.5763     1.2794     100.00   26.06020  -93.26718   -0.00009   -0.00002     2.5508     2.5675     8.3628     8.3669    35.0293    35.0290    27.2417    27.2407    1503.08    110.899    111.626         33 0.0000e+00
     181212   7550.441    561.549    566.000     8.5336     8.5429   3.700227   3.701027     1.5747     1.2772     100.00   26.06016  -93.26704   -0.00011   -0.00027     2.5361     2.5502     8.4727     8.4819    35.0412    35.0404    27.2339    27.2319    1503.07    110.258    110.873         31 0.0000e+00
     181243   7551.741    560.559    565.000     8.5424     8.5503   3.701059   3.701718     1.5742     1.2766     100.00   26.06008  -93.26674   -0.00022   -0.00014     2.5337     2.5476     8.4816     8.4894    35.0416    35.0408    27.2329    27.2310    1503.07    110.155    110.759         32 0.0000e+00
     181372   7557.111    555.605    560.000     8.6127     8.6244   3.708065   3.709112     1.5744     1.2771     100.00   26.05938  -93.26426    0.00011    0.00007     2.5280     2.5429     8.5521     8.5638    35.0484    35.0478    27.2271    27.2249    1503.03    109.910    110.555         36 0.0000e+00
     181510   7562.874    550.650    555.000     8.6925     8.7032   3.716170   3.717039     1.5745     1.2770     100.00   26.05979  -93.26572    0.00010   -0.00002     2.5213     2.5357     8.6322     8.6428    35.0573    35.0560    27.2216    27.2189    1503.05    109.618    110.243         31 0.0000e+00
     182005   7583.511    532.815    537.000     8.9615     8.9695   3.743242   3.743820     1.5800     1.2830     100.00   26.05973  -93.26536    0.00038    0.00027     2.5142     2.5321     8.9021     8.9101    35.0848    35.0829    27.2003    27.1976    1503.05    109.311    110.090         31 0.0000e+00
     182118   7588.189    528.851    533.000     9.0182     9.0358   3.749151   3.750550     1.5815     1.2842     100.00   26.06020  -93.26706    0.00035    0.00021     2.5134     2.5304     8.9590     8.9765    35.0928    35.0901    27.1975    27.1925    1503.07    109.276    110.015         33 0.0000e+00
     182232   7592.966    524.887    529.000     9.1250     9.1389   3.760219   3.761453     1.5837     1.2862     100.00   26.06122  -93.27072    0.00055    0.00048     2.5117     2.5285     9.0659     9.0797    35.1054    35.1047    27.1902    27.1874    1503.13    109.205    109.935         32 0.0000e+00
     182257   7594.013    523.896    528.000     9.1284     9.1386   3.760367   3.761182     1.5837     1.2858     100.00   26.06012  -93.26678    0.00040    0.00014     2.5111     2.5270     9.0694     9.0795    35.1038    35.1024    27.1883    27.1855    1503.07    109.179    109.870         32 0.0000e+00
     182392   7599.637    518.941    523.000     9.2078     9.2218   3.768540   3.769771     1.5849     1.2867     100.00   26.06038  -93.26768    0.00017    0.00020     2.5078     2.5232     9.1490     9.1630    35.1134    35.1125    27.1829    27.1799    1503.08    109.034    109.703         34 0.0000e+00
     182422   7600.894    517.950    522.000     9.2252     9.2323   3.770144   3.770633     1.5851     1.2872     100.00   26.06012  -93.26676    0.00013    0.00038     2.5069     2.5235     9.1664     9.1736    35.1135    35.1115    27.1801    27.1774    1503.07    108.997    109.720         30 0.0000e+00
     182556   7606.458    512.995    517.000     9.2923     9.2970   3.777198   3.777476     1.5864     1.2892     100.00   26.06021  -93.26701    0.00029    0.00049     2.5047     2.5241     9.2339     9.2386    35.1232    35.1215    27.1767    27.1746    1503.07    108.901    109.745         32 0.0000e+00
     182722   7613.391    507.049    511.000     9.3780     9.3844   3.786016   3.786559     1.5883     1.2895     100.00   26.06055  -93.26825    0.00041   -0.00001     2.5029     2.5175     9.3200     9.3264    35.1336    35.1330    27.1708    27.1692    1503.09    108.824    109.460         30 0.0000e+00
     182917   7621.505    500.111    504.000     9.4426     9.4578   3.792169   3.793511     1.5885     1.2907      99.99   26.05702  -93.25561   -0.00009    0.00006     2.4971     2.5147     9.3851     9.4003    35.1366    35.1356    27.1622    27.1589    1502.89    108.571    109.336         36 0.0000e+00
     183072   7627.940    499.120    503.000     9.4077     9.4115   3.788715   3.788956     1.5883     1.2903     100.00   26.06014  -93.26678   -0.00012   -0.00005     2.4984     2.5159     9.3505     9.3543    35.1361    35.1348    27.1676    27.1660    1503.07    108.628    109.391         50 0.0000e+00
     183440   7643.294    497.139    501.000     9.4872     9.4853   3.797822   3.797923     1.5895     1.2920     100.04   26.07032  -93.30324   -0.00015    0.00005     2.4956     2.5154     9.4299     9.4280    35.1598    35.1585    27.1735    27.1728    1503.66    108.507    109.366         40 0.0000e+00
     183934   7663.866    496.147    500.000     9.5358     9.5373   3.801035   3.802239     1.5895     1.2923     100.00   26.06015  -93.26681    0.00004    0.00010     2.4933     2.5133     9.4784     9.4799    35.1525    35.1517    27.1592    27.1584    1503.07    108.405    109.277         47 0.0000e+00
