GOMECC/GOMECC-4/1db/urb2103_0031.cnv
* Sea-Bird SBE 9 Data File:
* FileName = C:\Users\scs.user.rb\CTD\GOMECC4\data\rb2103_003.hex
* Software Version Seasave V 7.26.7.107
* Temperature SN = 4799
* Conductivity SN = 3860
* Number of Bytes Per Scan = 41
* Number of Voltage Words = 4
* Number of Scans Averaged by the Deck Unit = 1
* NMEA Latitude = 26 59.30 N
* NMEA Longitude = 079 46.65 W
* NMEA UTC (Time) = Sep 14 2021  20:49:18
* NMEA baud rate = 4800
# nquan = 28
# nvalues = 221                         
# units = specified
# name 0 = scan: Scan Count
# name 1 = timeS: Time, Elapsed [seconds]
# name 2 = depSM: Depth [salt water, m]
# name 3 = prDM: Pressure, Digiquartz [db]
# name 4 = t090C: Temperature [ITS-90, deg C]
# name 5 = t190C: Temperature, 2 [ITS-90, deg C]
# name 6 = c0S/m: Conductivity [S/m]
# name 7 = c1S/m: Conductivity, 2 [S/m]
# name 8 = sbeox0V: Oxygen raw, SBE 43 [V]
# name 9 = sbeox1V: Oxygen raw, SBE 43, 2 [V]
# name 10 = altM: Altimeter [m]
# name 11 = latitude: Latitude [deg]
# name 12 = longitude: Longitude [deg]
# name 13 = sbox0dV/dT: Oxygen, SBE 43 [dov/dt]
# name 14 = sbox1dV/dT: Oxygen, SBE 43, 2 [dov/dt]
# name 15 = sbeox0ML/L: Oxygen, SBE 43 [ml/l], WS = 5
# name 16 = sbeox1ML/L: Oxygen, SBE 43, 2 [ml/l], WS = 5
# name 17 = potemp090C: Potential Temperature [ITS-90, deg C]
# name 18 = potemp190C: Potential Temperature, 2 [ITS-90, deg C]
# name 19 = sal00: Salinity, Practical [PSU]
# name 20 = sal11: Salinity, Practical, 2 [PSU]
# name 21 = sigma-é00: Density [sigma-theta, kg/m^3]
# name 22 = sigma-é11: Density, 2 [sigma-theta, kg/m^3]
# name 23 = avgsvCM: Average Sound Velocity [Chen-Millero, m/s], minP = 20, minS = 20
# name 24 = sbox0Mm/Kg: Oxygen, SBE 43 [umol/kg], WS = 5
# name 25 = sbox1Mm/Kg: Oxygen, SBE 43, 2 [umol/kg], WS = 5
# name 26 = nbin: number of scans per bin
# name 27 = flag: flag
# span 0 =      35435,      75079       
# span 1 =   1476.421,   3128.230       
# span 2 =      1.987,    348.396       
# span 3 =      2.000,    351.000       
# span 4 =     9.7478,    29.6522       
# span 5 =     9.8906,    29.6378       
# span 6 =   3.822335,   5.999852       
# span 7 =   3.836428,   5.997224       
# span 8 =     1.6961,     3.1792       
# span 9 =     1.3992,     2.7041       
# span 10 =      26.96,     101.36      
# span 11 =   26.72850,   27.16493      
# span 12 =  -80.22636,  -78.93829      
# span 13 =   -0.01103,    0.01837      
# span 14 =   -0.01023,    0.01369      
# span 15 =     2.7154,     4.4593      
# span 16 =     2.7554,     4.4628      
# span 17 =     9.7073,    29.6470      
# span 18 =     9.8497,    29.6326      
# span 19 =    35.2062,    36.9445      
# span 20 =    35.2268,    36.9469      
# span 21 =    22.1538,    27.1631      
# span 22 =    22.1543,    27.1551      
# span 23 =    1501.83,    1526.33      
# span 24 =    118.068,    194.647      
# span 25 =    119.806,    194.619      
# span 26 =         30,         74      
# span 27 = 0.0000e+00, 0.0000e+00      
# interval = decibars: 1                
# start_time = Sep 14 2021 20:49:18 [NMEA time, header]
# bad_flag = -9.990e-29
*END*
[from data line 156]
      55051   2293.755     99.318    100.000    21.9669    21.9555   5.178875   5.177750     2.6424     2.2479     100.00   27.00872  -79.77878    0.01837    0.01180     3.9719     4.0091    21.9470    21.9356    36.4349    36.4356    25.3235    25.3273    1517.82    173.002    174.622         42 0.0000e+00
      55091   2295.428     98.325     99.000    22.0555    22.0801   5.186750   5.188784     2.6593     2.2678     100.00   27.00874  -79.77878    0.01162    0.00919     3.9998     4.0456    22.0358    22.0603    36.4229    36.4184    25.2894    25.2790    1517.82    174.224    176.222         39 0.0000e+00
      55131   2297.069     97.332     98.000    22.1243    22.1131   5.192774   5.191684     2.6771     2.2877     100.00   27.00875  -79.77878    0.01045    0.01215     4.0308     4.0877    22.1047    22.0936    36.4131    36.4138    25.2624    25.2661    1517.82    175.581    178.057         40 0.0000e+00
      55170   2298.710     96.339     97.000    22.1828    22.1366   5.197894   5.193574     2.6931     2.2988     100.00   27.00876  -79.77879    0.01039    0.01013     4.0591     4.1105    22.1634    22.1173    36.4046    36.4099    25.2394    25.2566    1517.82    176.814    179.053         39 0.0000e+00
      55211   2300.413     95.347     96.000    22.3278    22.2654   5.214615   5.206137     2.7096     2.3059     100.00   27.00877  -79.77880    0.00966    0.00590     4.0822     4.1181    22.3183    22.2462    36.4069    36.4007    25.1971    25.2129    1517.82    177.831    179.392         43 0.0000e+00
      55255   2302.257     94.353     95.000    22.5100    22.4002   5.234244   5.222552     2.7201     2.3127      84.71   27.00878  -79.77880    0.00833    0.00401     4.0877     4.1216    22.4906    22.3810    36.4172    36.4172    25.1557    25.1870    1517.82    178.078    179.549         44 0.0000e+00
      55296   2303.961     93.361     94.000    22.6918    22.6759   5.257545   5.257380     2.7213     2.3191     100.21   27.00880  -79.77880    0.00389    0.00358     4.0750     4.1167    22.6726    22.6568    36.4477    36.4597    25.1265    25.1402    1517.82    177.527    179.342         38 0.0000e+00
      55334   2305.532     92.367     93.000    22.9414    22.9521   5.290716   5.291169     2.7207     2.3140     100.00   27.00882  -79.77880    0.00131    0.00200     4.0528     4.0817    22.9223    22.9330    36.4985    36.4931    25.0932    25.0860    1517.82    176.568    177.826         38 0.0000e+00
      55376   2307.282     91.375     92.000    23.0520    23.1464   5.303870   5.315979     2.7105     2.3031     100.00   27.00884  -79.77880   -0.00294   -0.00386     4.0223     4.0423    23.0330    23.1274    36.5089    36.5243    25.0689    25.0532    1517.82    175.242    176.118         46 0.0000e+00
      55421   2309.181     90.382     91.000    23.2398    23.2636   5.324962   5.329733     2.7154     2.3014      99.87   27.00885  -79.77880   -0.00155   -0.00469     4.0183     4.0288    23.2209    23.2451    36.5166    36.5244    25.0200    25.0157    1517.82    175.075    175.534         42 0.0000e+00
      55461   2310.825     89.389     90.000    23.2444    23.3520   5.324311   5.335776     2.7187     2.3209     100.00   27.00887  -79.77880    0.00212    0.00336     4.0241     4.0666    23.2257    23.3333    36.5081    36.5075    25.0122    24.9802    1517.82    175.332    177.190         38 0.0000e+00
      55500   2312.441     88.396     89.000    23.4297    23.4151   5.342036   5.341690     2.7394     2.3387     100.00   27.00889  -79.77880    0.00503    0.01080     4.0526     4.1010    23.4111    23.3966    36.4917    36.5011    24.9454    24.9568    1517.82    176.585    178.691         35 0.0000e+00
      55544   2314.305     87.403     88.000    23.4642    23.5030   5.346349   5.350646     2.7575     2.3501     100.00   27.00890  -79.77880    0.01155    0.00971     4.0845     4.1195    23.4459    23.4847    36.4967    36.4977    24.9391    24.9283    1517.82    177.977    179.503         34 0.0000e+00
      55637   2318.185     86.410     87.000    23.6076    23.8375   5.361502   5.383533     2.7672     2.3751     100.00   27.00893  -79.77880    0.00145    0.00518     4.0935     4.1547    23.5906    23.8195    36.4942    36.4728    24.8945    24.8094    1517.82    178.375    181.055         30 0.0000e+00
      56073   2336.322     82.438     83.000    24.2211    24.3268   5.416912   5.429447     2.8807     2.4631      92.93   26.98309  -79.70196    0.00468    0.00146     4.2691     4.3051    24.2034    24.3090    36.4011    36.4098    24.6376    24.6124    1516.36    186.071    187.645         46 0.0000e+00
      56268   2344.454     81.445     82.000    24.4356    24.5201   5.443168   5.453744     2.8998     2.4845      82.93   27.00917  -79.77880    0.00310    0.00282     4.2903     4.3383    24.4180    24.5026    36.4398    36.4521    24.6065    24.5908    1517.82    187.002    189.098         39 0.0000e+00
      57904   2412.635     76.479     77.000    25.2171    25.3263   5.525587   5.535350     2.9876     2.5606      94.03   27.03241  -79.84578    0.00129    0.00364     4.3976     4.4401    25.2002    25.3094    36.4341    36.4243    24.3675    24.3269    1519.09    191.729    193.590         61 0.0000e+00
      57925   2413.480     75.486     76.000    25.2741    25.6076   5.527246   5.557539     2.9942     2.5714      97.01   27.00978  -79.77884    0.00369    0.00348     4.4057     4.4444    25.2574    25.5908    36.3932    36.3534    24.3156    24.1824    1517.82    192.090    193.797         74 0.0000e+00
      57989   2416.161     74.493     75.000    25.4940    25.6922   5.543837   5.565479     2.9991     2.5788      72.29   27.00980  -79.77884    0.00170    0.00447     4.4023     4.4507    25.4442    25.6755    36.3668    36.3415    24.2380    24.1472    1517.82    191.955    194.081         46 0.0000e+00
      58036   2418.131     73.500     74.000    25.6681    25.7010   5.563002   5.566639     3.0188     2.5829      99.81   27.00982  -79.77884    0.00675    0.00143     4.4218     4.4585    25.6514    25.6846    36.3432    36.3421    24.1559    24.1448    1517.82    192.818    194.423         50 0.0000e+00
      58090   2420.370     72.507     73.000    25.6792    25.7254   5.564058   5.568732     3.0244     2.5815     100.00   27.00985  -79.77884    0.00469    0.00123     4.4312     4.4549    25.6630    25.7092    36.3437    36.3392    24.1527    24.1350    1517.82    193.231    194.265         56 0.0000e+00
      58147   2422.768     71.514     72.000    25.7156    25.7870   5.567213   5.574067     3.0268     2.5860     100.00   27.00987  -79.77884    0.00132    0.00029     4.4324     4.4575    25.6996    25.7710    36.3367    36.3303    24.1361    24.1090    1517.82    193.287    194.386         57 0.0000e+00
      58199   2424.911     70.521     71.000    25.7658    25.7942   5.571647   5.574672     3.0316     2.5890     100.00   27.00988  -79.77884    0.00143    0.00180     4.4370     4.4628    25.7500    25.7784    36.3297    36.3293    24.1151    24.1059    1517.82    193.489    194.619         46 0.0000e+00
      58247   2426.906     69.528     70.000    25.7901    25.8103   5.573932   5.576039     3.0342     2.5893      90.86   27.00989  -79.77884    0.00198    0.00142     4.4398     4.4621    25.7745    25.7947    36.3275    36.3269    24.1058    24.0994    1517.82    193.616    194.588         51 0.0000e+00
      58302   2429.212     68.535     69.000    25.8347    25.9429   5.578038   5.589348     3.0360     2.5903      99.93   27.00991  -79.77884    0.00096   -0.00051     4.4393     4.4541    25.8193    25.9275    36.3227    36.3208    24.0882    24.0525    1517.82    193.598    194.249         60 0.0000e+00
      58359   2431.579     67.542     68.000    25.9619    26.2935   5.590653   5.629277     3.0400     2.6026     100.00   27.00994  -79.77884    0.00112    0.00424     4.4365     4.4544    25.9467    26.2781    36.3142    36.3334    24.0419    23.9545    1517.82    193.484    194.280         50 0.0000e+00
      58404   2433.477     66.549     67.000    26.4778    26.7551   5.654342   5.684498     3.0572     2.6117      99.84   27.00996  -79.77884    0.00400    0.00478     4.4233     4.4354    26.4746    26.7397    36.3689    36.3702    23.9169    23.8334    1517.82    192.931    193.474         44 0.0000e+00
      58450   2435.395     65.556     66.000    26.7929    26.8418   5.688635   5.696186     3.0634     2.6088     100.00   27.00998  -79.77884    0.00683    0.00275     4.4121     4.4226    26.7778    26.8267    36.3708    36.3865    23.8218    23.8193    1517.82    192.459    192.919         48 0.0000e+00
      58499   2437.432     64.562     65.000    26.9890    26.9439   5.712350   5.708479     3.0658     2.6070     100.00   27.01000  -79.77884    0.00272   -0.00213     4.4002     4.4092    26.9740    26.9289    36.3880    36.3902    23.7720    23.7880    1517.82    191.949    192.338         50 0.0000e+00
      58551   2439.596     63.569     64.000    27.2264    27.4476   5.739781   5.765597     3.0721     2.6141     100.00   27.01002  -79.77884    0.00222    0.00245     4.3927     4.3866    27.2115    27.4327    36.3992    36.4109    23.7040    23.6412    1517.82    191.634    191.382         54 0.0000e+00
      58603   2441.766     62.576     63.000    27.4502    27.6133   5.764829   5.784707     3.0773     2.6180     100.00   27.01002  -79.77884    0.00285    0.00209     4.3841     4.3819    27.4354    27.5986    36.4042    36.4182    23.6354    23.5929    1517.82    191.273    191.186         49 0.0000e+00
      58652   2443.796     61.583     62.000    27.5566    27.6610   5.777535   5.790173     3.0769     2.6162     100.00   27.01004  -79.77884    0.00111    0.00083     4.3744     4.3742    27.5421    27.6465    36.4116    36.4202    23.6063    23.5788    1517.82    190.857    190.852         51 0.0000e+00
      58706   2446.027     60.590     61.000    27.6296    27.7412   5.784967   5.799142     3.0746     2.6160      97.34   27.01006  -79.77884   -0.00094   -0.00126     4.3640     4.3678    27.6153    27.7269    36.4084    36.4220    23.5801    23.5537    1517.82    190.405    190.576         53 0.0000e+00
      58755   2448.079     59.597     60.000    27.7530    27.8393   5.799142   5.809335     3.0766     2.6211     100.02   27.01008  -79.77884 9.6183e-07    0.00152     4.3574     4.3702    27.7389    27.8251    36.4130    36.4182    23.5432    23.5190    1517.82    190.126    190.687         46 0.0000e+00
      58802   2450.060     58.604     59.000    27.8520    27.9012   5.809641   5.815277     3.0825     2.6275      94.35   27.01010  -79.77884    0.00193    0.00316     4.3601     4.3784    27.8381    27.8873    36.4108    36.4125    23.5091    23.4943    1517.82    190.251    191.053         54 0.0000e+00
      58867   2452.755     57.610     58.000    27.9985    28.1523   5.823045   5.836912     3.0931     2.6390      89.49   27.01013  -79.77884    0.00373    0.00368     4.3684     4.3842    27.9848    28.1385    36.3924    36.3713    23.4472    23.3807    1517.82    190.625    191.326         54 0.0000e+00
      62476   2603.114     48.672     49.000    28.7317    28.8081   5.890361   5.899868     3.1753     2.6967     100.04   27.02222  -79.81066   -0.00047   -0.00085     4.4593     4.4503    28.7188    28.7963    36.3104    36.3178    23.1445    23.1243    1518.43    194.647    194.260         58 0.0000e+00
      62548   2606.132     47.679     48.000    28.8093    28.8565   5.898691   5.904463     3.1672     2.6898      99.87   27.01148  -79.77884   -0.00122   -0.00108     4.4378     4.4321    28.7977    28.8449    36.3023    36.3073    23.1101    23.0980    1517.82    193.714    193.470         41 0.0000e+00
      62641   2609.984     46.686     47.000    28.8641    28.9047   5.905123   5.910079     3.1648     2.6828      99.97   27.01151  -79.77884   -0.00064   -0.00160     4.4285     4.4138    28.8528    28.8933    36.3055    36.3091    23.0940    23.0832    1517.82    193.311    192.672         46 0.0000e+00
      62716   2613.132     45.692     46.000    28.9096    28.9470   5.910327   5.914409     3.1600     2.6872     100.00   27.01153  -79.77884   -0.00114    0.00079     4.4155     4.4196    28.8984    28.9359    36.3068    36.3086    23.0798    23.0686    1517.82    192.749    192.928         52 0.0000e+00
      62817   2617.317     44.699     45.000    28.9539    29.0017   5.914995   5.920130     3.1603     2.6885      97.46   27.01158  -79.77884   -0.00007   -0.00001     4.4123     4.4176    28.9430    28.9908    36.3062    36.3059    23.0643    23.0481    1517.82    192.613    192.844         45 0.0000e+00
      62893   2620.502     43.706     44.000    29.0033    29.0357   5.920092   5.923784     3.1629     2.6911     100.84   27.01161  -79.77884   -0.00003    0.00190     4.4127     4.4193    28.9926    29.0250    36.3042    36.3050    23.0462    23.0359    1517.82    192.632    192.921         43 0.0000e+00
      62988   2624.472     42.713     43.000    29.0282    29.0593   5.922567   5.926045     3.1621     2.6867      90.71   27.01163  -79.77884   -0.00019   -0.00130     4.4088     4.4083    29.0178    29.0488    36.3025    36.3032    23.0365    23.0265    1517.82    192.465    192.444         59 0.0000e+00
      63066   2627.714     40.726     41.000    29.0284    29.0450   5.917892   5.919759     3.1586     2.6877      99.84   26.96931  -79.65364    0.00031    0.00253     4.3996     4.4086    29.0185    29.0350    36.2434    36.2437    22.9832    22.9779    1515.44    192.064    192.457         61 0.0000e+00
      64913   2704.683     35.760     36.000    29.1837    29.1918   5.939974   5.940992     3.1666     2.6922      85.00   27.02750  -79.82370    0.00004    0.00126     4.4014     4.4068    29.1749    29.1830    36.3123    36.3161    22.9936    22.9941    1518.67    192.152    192.385         35 0.0000e+00
      64985   2707.650     34.767     35.000    29.1828    29.1949   5.938084   5.939598     3.1651     2.6874      96.74   27.01233  -79.77884    0.00119   -0.00029     4.3982     4.3959    29.1743    29.1864    36.2948    36.2961    22.9780    22.9749    1517.82    192.013    191.910         36 0.0000e+00
      65090   2712.059     33.774     34.000    29.2018    29.2197   5.940045   5.942239     3.1641     2.6826      86.56   27.01238  -79.77884   -0.00017   -0.00326     4.3944     4.3840    29.1935    29.2114    36.2944    36.2958    22.9713    22.9663    1517.82    191.847    191.395         49 0.0000e+00
      64939   2705.731     31.787     32.000    29.0852    29.0950   5.912719   5.914036     3.1458     2.6727      98.11   26.87056  -79.35975    0.00023    0.00027     4.3646     4.3663    29.0774    29.0872    36.1030    36.1047    22.8375    22.8354    1509.85    190.550    190.624         36 0.0000e+00
      65404   2725.115     30.794     31.000    29.2527    29.2610   5.945455   5.946522     3.1631     2.6899      91.07   27.01251  -79.77884   -0.00005   -0.00056     4.3871     4.3941    29.2451    29.2534    36.2939    36.2952    22.9535    22.9516    1517.82    191.533    191.836         33 0.0000e+00
      66514   2771.356     29.801     30.000    29.2636    29.2688   5.946655   5.947490     3.1652     2.6910      99.27   27.01290  -79.77885    0.00006    0.00043     4.3895     4.3951    29.2563    29.2614    36.2942    36.2960    22.9499    22.9496    1517.82    191.638    191.882         40 0.0000e+00
      67044   2793.476     28.807     29.000    29.2692    29.2731   5.947291   5.948021     3.1643     2.6864     100.00   27.01309  -79.77886    0.00042    0.00258     4.3870     4.3851    29.2621    29.2660    36.2946    36.2967    22.9482    22.9485    1517.82    191.528    191.446         35 0.0000e+00
