GOMECC/GOMECC-4/1db/urb2103_0621.cnv
* Sea-Bird SBE 9 Data File:
* FileName = C:\Users\scs.user.rb\CTD\GOMECC4\data\rb2103_0621.hex
* Software Version Seasave V 7.26.7.107
* Temperature SN = 4799
* Conductivity SN = 3860
* Number of Bytes Per Scan = 41
* Number of Voltage Words = 4
* Number of Scans Averaged by the Deck Unit = 1
* NMEA Latitude = 26 04.01 N
* NMEA Longitude = 096 55.37 W
* NMEA UTC (Time) = Sep 30 2021  08:06:13
* NMEA baud rate = 4800
# nquan = 28
# nvalues = 24                          
# units = specified
# name 0 = scan: Scan Count
# name 1 = timeS: Time, Elapsed [seconds]
# name 2 = depSM: Depth [salt water, m]
# name 3 = prDM: Pressure, Digiquartz [db]
# name 4 = t090C: Temperature [ITS-90, deg C]
# name 5 = t190C: Temperature, 2 [ITS-90, deg C]
# name 6 = c0S/m: Conductivity [S/m]
# name 7 = c1S/m: Conductivity, 2 [S/m]
# name 8 = sbeox0V: Oxygen raw, SBE 43 [V]
# name 9 = sbeox1V: Oxygen raw, SBE 43, 2 [V]
# name 10 = altM: Altimeter [m]
# name 11 = latitude: Latitude [deg]
# name 12 = longitude: Longitude [deg]
# name 13 = sbox0dV/dT: Oxygen, SBE 43 [dov/dt]
# name 14 = sbox1dV/dT: Oxygen, SBE 43, 2 [dov/dt]
# name 15 = sbeox0ML/L: Oxygen, SBE 43 [ml/l], WS = 5
# name 16 = sbeox1ML/L: Oxygen, SBE 43, 2 [ml/l], WS = 5
# name 17 = potemp090C: Potential Temperature [ITS-90, deg C]
# name 18 = potemp190C: Potential Temperature, 2 [ITS-90, deg C]
# name 19 = sal00: Salinity, Practical [PSU]
# name 20 = sal11: Salinity, Practical, 2 [PSU]
# name 21 = sigma-é00: Density [sigma-theta, kg/m^3]
# name 22 = sigma-é11: Density, 2 [sigma-theta, kg/m^3]
# name 23 = avgsvCM: Average Sound Velocity [Chen-Millero, m/s], minP = 20, minS = 20
# name 24 = sbox0Mm/Kg: Oxygen, SBE 43 [umol/kg], WS = 5
# name 25 = sbox1Mm/Kg: Oxygen, SBE 43, 2 [umol/kg], WS = 5
# name 26 = nbin: number of scans per bin
# name 27 = flag: flag
# span 0 =      18363,      24610       
# span 1 =    765.070,   1025.375       
# span 2 =      0.993,     28.809       
# span 3 =      1.000,     29.000       
# span 4 =    28.9008,    29.0730       
# span 5 =    28.9005,    29.0743       
# span 6 =   5.788037,   5.833180       
# span 7 =   5.788474,   5.833690       
# span 8 =     2.9764,     3.1646       
# span 9 =     2.5215,     2.6864       
# span 10 =       4.82,      31.94      
# span 11 =   25.92207,   26.06698      
# span 12 =  -96.92410,  -96.38526      
# span 13 =   -0.00078,    0.01012      
# span 14 =   -0.00164,    0.01100      
# span 15 =     4.0837,     4.4111      
# span 16 =     4.0838,     4.4058      
# span 17 =    28.8955,    29.0662      
# span 18 =    28.8952,    29.0675      
# span 19 =    35.3794,    35.6557      
# span 20 =    35.3827,    35.6588      
# span 21 =    22.3535,    22.5343      
# span 22 =    22.3560,    22.5362      
# span 23 =    1536.01,    1544.60      
# span 24 =    178.358,    192.670      
# span 25 =    178.363,    192.437      
# span 26 =         31,         67      
# span 27 = 0.0000e+00, 0.0000e+00      
# interval = decibars: 1                
# start_time = Sep 30 2021 08:06:13 [NMEA time, header]
# bad_flag = -9.990e-29
*END*
      18363    765.070     28.809     29.000    28.9541    28.9529   5.808956   5.807919     2.9764     2.5355       4.82   25.96007  -96.52653    0.00245    0.00094     4.0837     4.1168    28.9470    28.9459    35.5069    35.5006    22.4399    22.4356    1538.27    178.358    179.805         47 0.0000e+00
      18861    785.844     27.816     28.000    29.0730    29.0743   5.833180   5.833690     2.9880     2.5215       5.87   26.06696  -96.92403    0.00493    0.00316     4.0985     4.0838    29.0662    29.0675    35.6557    35.6588    22.5343    22.5362    1544.60    179.007    178.363         62 0.0000e+00
      19053    793.840     25.829     26.000    29.0359    29.0351   5.822610   5.822076     3.0231     2.5760       7.81   26.04420  -96.83941    0.00752    0.01100     4.1524     4.1947    29.0296    29.0288    35.5961    35.5931    22.4970    22.4950    1543.25    181.361    183.211         41 0.0000e+00
      19157    798.154     24.836     25.000    29.0579    29.0572   5.822713   5.822867     3.0673     2.6204       8.76   26.06696  -96.92402    0.00432    0.01036     4.2441     4.2833    29.0519    29.0512    35.5957    35.5972    22.4940    22.4954    1544.60    185.373    187.085         45 0.0000e+00
      19261    802.480     23.843     24.000    29.0591    29.0598   5.822076   5.821790     3.1249     2.6564       9.83   26.06696  -96.92404    0.01012    0.00730     4.3467     4.3552    29.0533    29.0539    35.5907    35.5882    22.4898    22.4878    1544.60    189.853    190.224         57 0.0000e+00
      19323    805.090     21.856     22.000    28.9008    28.9005   5.788037   5.788474     3.1290     2.6500      11.60   25.92207  -96.38526    0.00156    0.00184     4.3604     4.3468    28.8955    28.8952    35.3794    35.3827    22.3535    22.3560    1536.01    190.452    189.859         42 0.0000e+00
      19550    814.530     20.862     21.000    29.0611    29.0616   5.820371   5.820764     3.1474     2.6648      12.72   26.06696  -96.92402   -0.00025   -0.00085     4.3859     4.3705    29.0560    29.0565    35.5783    35.5807    22.4796    22.4812    1544.60    191.566    190.894         55 0.0000e+00
      19642    818.386     19.869     20.000    29.0613    29.0614   5.820244   5.820697     3.1495     2.6660      13.81   26.06696  -96.92402   -0.00022   -0.00130     4.3891     4.3723    29.0565    29.0565    35.5776    35.5807    22.4789    22.4812    1544.60    191.710    190.973         39 0.0000e+00
      19786    824.376     17.882     18.000    29.0086    29.0096   5.808922   5.809205     3.1451     2.6714      15.57   26.01824  -96.74287    0.00041    0.00141     4.3826     4.3839    29.0042    29.0052    35.5074    35.5086    22.4334    22.4340    1541.71    191.422    191.482         67 0.0000e+00
      19938    830.706     16.889     17.000    29.0633    29.0635   5.819780   5.820152     3.1593     2.6749      16.63   26.06696  -96.92404    0.00138   -0.00107     4.4051     4.3885    29.0592    29.0594    35.5738    35.5762    22.4752    22.4769    1544.60    192.408    191.683         40 0.0000e+00
      20017    834.011     15.895     16.000    29.0634    29.0638   5.819628   5.819989     3.1589     2.6786      17.53   26.06696  -96.92404    0.00035   -0.00037     4.4039     4.3954    29.0595    29.0600    35.5730    35.5751    22.4744    22.4759    1544.60    192.357    191.982         39 0.0000e+00
      20106    837.690     14.902     15.000    29.0629    29.0637   5.819583   5.819874     3.1594     2.6775      18.51   26.06696  -96.92404    0.00008   -0.00078     4.4043     4.3928    29.0593    29.0601    35.5733    35.5747    22.4748    22.4755    1544.60    192.374    191.869         40 0.0000e+00
      21059    877.432     13.908     14.000    29.0633    29.0641   5.819430   5.819702     3.1611     2.6833      19.51   26.06696  -96.92406   -0.00071    0.00017     4.4068     4.4038    29.0599    29.0607    35.5723    35.5735    22.4738    22.4745    1544.60    192.483    192.349         40 0.0000e+00
      21416    892.294     12.915     13.000    29.0632    29.0639   5.819379   5.819638     3.1624     2.6824      20.42   26.06696  -96.92406    0.00045   -0.00088     4.4088     4.4016    29.0601    29.0608    35.5723    35.5735    22.4737    22.4744    1544.60    192.568    192.255         34 0.0000e+00
      21484    895.126     11.922     12.000    29.0624    29.0633   5.819275   5.819536     3.1640     2.6826      21.12   26.06696  -96.92406    0.00063   -0.00164     4.4111     4.4014    29.0595    29.0603    35.5725    35.5736    22.4740    22.4746    1544.60    192.670    192.247         38 0.0000e+00
      21668    902.786      8.941      9.000    29.0032    29.0041   5.807262   5.807490     3.1567     2.6791      24.42   26.01437  -96.72846   -0.00078   -0.00012     4.3990     4.3950    29.0010    29.0019    35.5001    35.5010    22.4282    22.4286    1541.48    192.142    191.965         40 0.0000e+00
      21752    906.305      7.948      8.000    29.0627    29.0640   5.819054   5.819353     3.1644     2.6833      25.13   26.06696  -96.92406    0.00101   -0.00018     4.4098     4.4008    29.0608    29.0620    35.5718    35.5730    22.4731    22.4736    1544.60    192.613    192.219         45 0.0000e+00
      21830    909.523      6.954      7.000    29.0621    29.0630   5.818945   5.819208     3.1646     2.6861      26.34   26.06696  -96.92406    0.00049    0.00077     4.4097     4.4058    29.0604    29.0613    35.5719    35.5730    22.4733    22.4739    1544.60    192.608    192.437         39 0.0000e+00
      21881    911.654      5.961      6.000    29.0615    29.0626   5.818825   5.819109     3.1635     2.6857      27.24   26.06696  -96.92406   -0.00070    0.00070     4.4072     4.4046    29.0601    29.0612    35.5718    35.5729    22.4733    22.4738    1544.60    192.499    192.386         47 0.0000e+00
      21948    914.463      4.967      5.000    29.0602    29.0607   5.818623   5.818843     3.1646     2.6840      28.12   26.06697  -96.92406   -0.00004   -0.00072     4.4087     4.4008    29.0590    29.0595    35.5716    35.5728    22.4736    22.4743    1544.60    192.567    192.220         46 0.0000e+00
      22044    918.440      3.974      4.000    29.0601    29.0606   5.818565   5.818797     3.1645     2.6853      29.29   26.06698  -96.92406   -0.00032   -0.00036     4.4081     4.4029    29.0591    29.0596    35.5716    35.5728    22.4735    22.4743    1544.60    192.540    192.311         38 0.0000e+00
      24050   1002.049      2.980      3.000    29.0573    29.0583   5.818213   5.818482     3.1617     2.6822      30.01   26.06696  -96.92409   -0.00030   -0.00009     4.4028     4.3963    29.0566    29.0576    35.5715    35.5727    22.4743    22.4749    1544.60    192.305    192.022         52 0.0000e+00
      24536   1022.300      1.987      2.000    29.0575    29.0581   5.818164   5.818405     3.1615     2.6844      31.22   26.06696  -96.92410   -0.00015   -0.00003     4.4018     4.4003    29.0570    29.0576    35.5714    35.5726    22.4741    22.4748    1544.60    192.263    192.197         31 0.0000e+00
      24610   1025.375      0.993      1.000    29.0558    29.0565   5.817955   5.817795     3.1641     2.6864      31.94   26.06696  -96.92410    0.00019   -0.00034     4.4062     4.4038    29.0556    29.0563    35.5715    35.5698    22.4746    22.4731    1544.60    192.455    192.351         48 0.0000e+00
