West Coast/WCOA-7/CTD_Data/RB2102_CTD_097_01.ros
* Sea-Bird SBE 9 Data File:
* FileName = C:\Users\scs.user.rb\CTD\RB2102\Data\RB2102_CTD_097_01.hex
* Software Version Seasave V 7.26.7.107
* Temperature SN = 6202
* Conductivity SN = 4907
* Number of Bytes Per Scan = 41
* Number of Voltage Words = 4
* Number of Scans Averaged by the Deck Unit = 1
* NMEA Latitude = 36 27.66 N
* NMEA Longitude = 122 46.87 W
* NMEA UTC (Time) = Jul 14 2021  09:37:52
* NMEA baud rate = 4800
# nquan = 30
# nvalues = 1176                                  
# units = specified
# name 0 = scan: Scan Count
# name 1 = timeS: Time, Elapsed [seconds]
# name 2 = depSM: Depth [salt water, m]
# name 3 = prDM: Pressure, Digiquartz [db]
# name 4 = t090C: Temperature [ITS-90, deg C]
# name 5 = t190C: Temperature, 2 [ITS-90, deg C]
# name 6 = c0mS/cm: Conductivity [mS/cm]
# name 7 = c1mS/cm: Conductivity, 2 [mS/cm]
# name 8 = potemp090C: Potential Temperature [ITS-90, deg C]
# name 9 = potemp190C: Potential Temperature, 2 [ITS-90, deg C]
# name 10 = sal00: Salinity, Practical [PSU]
# name 11 = sal11: Salinity, Practical, 2 [PSU]
# name 12 = sigma-é00: Density [sigma-theta, kg/m^3]
# name 13 = sigma-é11: Density, 2 [sigma-theta, kg/m^3]
# name 14 = sbeox0Mg/L: Oxygen, SBE 43 [mg/l]
# name 15 = sbeox1Mg/L: Oxygen, SBE 43, 2 [mg/l]
# name 16 = sbox0Mm/Kg: Oxygen, SBE 43 [umol/kg]
# name 17 = sbox1Mm/Kg: Oxygen, SBE 43, 2 [umol/kg]
# name 18 = sbeox0V: Oxygen raw, SBE 43 [V]
# name 19 = sbeox1V: Oxygen raw, SBE 43, 2 [V]
# name 20 = v4: Voltage 4
# name 21 = flECO-AFL: Fluorescence, WET Labs ECO-AFL/FL [mg/m^3]
# name 22 = v3: Voltage 3
# name 23 = v6: Voltage 6
# name 24 = v7: Voltage 7
# name 25 = longitude: Longitude [deg]
# name 26 = latitude: Latitude [deg]
# name 27 = altM: Altimeter [m]
# name 28 = nbf: Bottles Fired
# name 29 = flag:  0.000e+00
# interval = seconds: 0.0416667
# start_time = Jul 14 2021 09:37:52 [NMEA time, header]
# bad_flag = -9.990e-29
*END*
[from data line 774]
     221999   9249.917     49.909     50.284    11.6948    11.6860  38.436333  38.429562    11.6885    11.6797    33.7328    33.7342    25.6633    25.6660     6.6985     6.8313    204.095    208.140     2.0757     1.9939     0.0623     0.5318     3.2063     0.1368     0.0000 -122.78322   36.45932      99.32         16  0.000e+00
     222000   9249.958     49.922     50.298    11.6947    11.6871  38.436203  38.429758    11.6884    11.6808    33.7328    33.7334    25.6633    25.6651     6.6986     6.8312    204.096    208.136     2.0757     1.9939     0.0611     0.5013     3.2063     0.1368     0.0000 -122.78322   36.45932      99.32         16  0.000e+00
     222001   9250.000     49.876     50.251    11.6950    11.6880  38.436659  38.430084    11.6887    11.6817    33.7330    33.7329    25.6634    25.6646     6.6985     6.8310    204.093    208.132     2.0757     1.9939     0.0623     0.5318     3.2076     0.1368     0.0000 -122.78322   36.45932      99.32         16  0.000e+00
     222002   9250.042     49.922     50.298    11.6957    11.6888  38.436594  38.430736    11.6894    11.6824    33.7323    33.7328    25.6627    25.6644     6.6985     6.8310    204.092    208.129     2.0757     1.9939     0.0623     0.5318     3.2076     0.1380     0.0000 -122.78322   36.45932      99.32         16  0.000e+00
     222003   9250.083     49.829     50.204    11.6967    11.6895  38.436985  38.431388    11.6904    11.6832    33.7318    33.7329    25.6621    25.6643     6.6983     6.8364    204.086    208.294     2.0757     1.9951     0.0623     0.5318     3.2063     0.1380     0.0000 -122.78322   36.45932      99.29         16  0.000e+00
     222004   9250.125     49.876     50.251    11.6973    11.6908  38.437573  38.432301    11.6910    11.6844    33.7317    33.7326    25.6620    25.6638     6.6982     6.8306    204.084    208.119     2.0757     1.9939     0.0623     0.5318     3.2063     0.1368     0.0000 -122.78322   36.45932      99.32         16  0.000e+00
     222005   9250.167     49.876     50.251    11.6978    11.6933  38.438095  38.433083    11.6915    11.6870    33.7318    33.7310    25.6619    25.6621     6.6981     6.8303    204.082    208.109     2.0757     1.9939     0.0623     0.5318     3.2063     0.1355     0.0000 -122.78322   36.45932      99.32         16  0.000e+00
     222006   9250.208     49.829     50.204    11.6977    11.6947  38.437899  38.433735    11.6914    11.6884    33.7318    33.7304    25.6619    25.6614     6.6981     6.8301    204.081    208.102     2.0757     1.9939     0.0611     0.5013     3.2063     0.1355     0.0000 -122.78322   36.45932      99.32         16  0.000e+00
     222007   9250.250     49.763     50.137    11.6980    11.6963  38.437833  38.434648    11.6917    11.6900    33.7314    33.7299    25.6616    25.6607     6.6980     6.8298    204.079    208.094     2.0757     1.9939     0.0623     0.5318     3.2063     0.1343     0.0000 -122.78322   36.45932      99.29         16  0.000e+00
     222008   9250.292     49.829     50.204    11.6985    11.6981  38.438356  38.435104    11.6922    11.6918    33.7315    33.7287    25.6616    25.6595     6.7031     6.8296    204.235    208.089     2.0769     1.9939     0.0611     0.5013     3.2076     0.1343     0.0000 -122.78322   36.45932      99.32         16  0.000e+00
     224921   9371.667     39.274     39.569    12.5917    12.5994  39.263864  39.271268    12.5865    12.5942    33.7287    33.7289    25.4893    25.4880     7.2767     7.4166    221.748    226.013     2.2491     2.1575     0.0635     0.5623     3.2051     0.1184     0.0000 -122.78322   36.45934      99.37         17  0.000e+00
     224922   9371.708     39.274     39.569    12.5925    12.5994  39.264851  39.271334    12.5873    12.5942    33.7290    33.7290    25.4894    25.4881     7.2766     7.4166    221.744    226.013     2.2491     2.1575     0.0635     0.5623     3.2051     0.1184     0.0000 -122.78322   36.45934      99.37         17  0.000e+00
     224923   9371.750     39.274     39.569    12.5935    12.5993  39.265509  39.271071    12.5883    12.5941    33.7287    33.7288    25.4890    25.4879     7.2764     7.4167    221.740    226.013     2.2491     2.1575     0.0635     0.5623     3.2063     0.1197     0.0000 -122.78322   36.45934      99.37         17  0.000e+00
     224924   9371.792     39.334     39.629    12.5937    12.5993  39.266036  39.271268    12.5885    12.5940    33.7290    33.7290    25.4892    25.4881     7.2764     7.4167    221.740    226.015     2.2491     2.1575     0.0623     0.5318     3.2063     0.1197     0.0000 -122.78322   36.45932      99.37         17  0.000e+00
     224925   9371.833     39.274     39.569    12.5939    12.5991  39.265904  39.271334    12.5886    12.5938    33.7288    33.7293    25.4890    25.4884     7.2814     7.4167    221.892    226.014     2.2503     2.1575     0.0623     0.5318     3.2063     0.1197     0.0000 -122.78322   36.45932      99.37         17  0.000e+00
     224926   9371.875     39.327     39.622    12.5939    12.5989  39.266299  39.271334    12.5886    12.5937    33.7291    33.7294    25.4893    25.4885     7.2814     7.4168    221.892    226.016     2.2503     2.1575     0.0635     0.5623     3.2063     0.1197     0.0000 -122.78322   36.45932      99.37         17  0.000e+00
     224927   9371.917     39.274     39.569    12.5944    12.5987  39.266694  39.270873    12.5892    12.5935    33.7291    33.7292    25.4891    25.4883     7.2813     7.4222    221.889    226.183     2.2503     2.1587     0.0635     0.5623     3.2063     0.1197     0.0000 -122.78322   36.45932      99.37         17  0.000e+00
     224928   9371.958     39.327     39.622    12.5950    12.5985  39.267352  39.270676    12.5898    12.5933    33.7291    33.7292    25.4890    25.4884     7.2813     7.4223    221.887    226.185     2.2503     2.1587     0.0635     0.5623     3.2051     0.1197     0.0000 -122.78322   36.45932      99.37         17  0.000e+00
     224929   9372.000     39.327     39.622    12.5962    12.5981  39.268273  39.270413    12.5909    12.5928    33.7289    33.7293    25.4886    25.4886     7.2811     7.4224    221.882    226.187     2.2503     2.1587     0.0635     0.5623     3.2063     0.1197     0.0000 -122.78322   36.45932      99.37         17  0.000e+00
     224930   9372.042     39.327     39.622    12.5972    12.5977  39.268537  39.270545    12.5920    12.5925    33.7283    33.7297    25.4879    25.4890     7.2810     7.4224    221.878    226.188     2.2503     2.1587     0.0635     0.5623     3.2063     0.1197     0.0000 -122.78322   36.45932      99.37         17  0.000e+00
     224931   9372.083     39.374     39.669    12.5973    12.5974  39.267944  39.270216    12.5921    12.5921    33.7276    33.7297    25.4874    25.4890     7.2810     7.4225    221.880    226.191     2.2503     2.1587     0.0635     0.5623     3.2063     0.1197     0.0000 -122.78322   36.45932      99.37         17  0.000e+00
     224932   9372.125     39.334     39.629    12.5975    12.5973  39.267549  39.270019    12.5923    12.5921    33.7270    33.7296    25.4869    25.4889     7.2810     7.4225    221.879    226.191     2.2503     2.1587     0.0635     0.5623     3.2051     0.1197     0.0000 -122.78322   36.45932      99.37         17  0.000e+00
     224933   9372.167     39.374     39.669    12.5975    12.5972  39.268273  39.270216    12.5923    12.5920    33.7277    33.7298    25.4874    25.4891     7.2810     7.4225    221.879    226.192     2.2503     2.1587     0.0635     0.5623     3.2063     0.1184     0.0000 -122.78322   36.45932      99.37         17  0.000e+00
     224934   9372.208     39.374     39.669    12.5975    12.5972  39.268734  39.270348    12.5923    12.5920    33.7282    33.7299    25.4878    25.4892     7.2810     7.4225    221.878    226.192     2.2503     2.1587     0.0635     0.5623     3.2063     0.1184     0.0000 -122.78322   36.45932      99.37         17  0.000e+00
     224935   9372.250     39.374     39.669    12.5975    12.5974  39.268603  39.270808    12.5923    12.5921    33.7280    33.7303    25.4877    25.4894     7.2860     7.4225    222.032    226.191     2.2515     2.1587     0.0635     0.5623     3.2051     0.1184     0.0000 -122.78322   36.45932      99.37         17  0.000e+00
     224936   9372.292     39.374     39.669    12.5975    12.5979  39.268734  39.271005    12.5923    12.5927    33.7282    33.7300    25.4878    25.4891     7.2860     7.4279    222.032    226.355     2.2515     2.1600     0.0635     0.5623     3.2051     0.1172     0.0000 -122.78322   36.45932      99.37         17  0.000e+00
     224937   9372.333     39.427     39.722    12.5974    12.5983  39.268603  39.271269    12.5921    12.5931    33.7281    33.7298    25.4878    25.4889     7.2861     7.4224    222.034    226.188     2.2515     2.1587     0.0635     0.5623     3.2063     0.1160     0.0000 -122.78322   36.45932      99.37         17  0.000e+00
     224938   9372.375     39.427     39.722    12.5975    12.5982  39.268274  39.271334    12.5923    12.5930    33.7277    33.7300    25.4874    25.4891     7.2861     7.4279    222.034    226.355     2.2515     2.1600     0.0635     0.5623     3.2063     0.1123     0.0000 -122.78322   36.45932      99.37         17  0.000e+00
     224939   9372.417     39.433     39.729    12.5977    12.5986  39.268866  39.271334    12.5924    12.5933    33.7281    33.7297    25.4877    25.4888     7.2860     7.4278    222.033    226.354     2.2515     2.1600     0.0635     0.5623     3.2063     0.1111     0.0000 -122.78322   36.45932      99.37         17  0.000e+00
     224940   9372.458     39.427     39.722    12.5977    12.5987  39.268932  39.271334    12.5924    12.5935    33.7282    33.7295    25.4878    25.4886     7.2860     7.4278    222.032    226.353     2.2515     2.1600     0.0635     0.5623     3.2063     0.1111     0.0000 -122.78322   36.45932      99.37         17  0.000e+00
     224941   9372.500     39.473     39.769    12.5980    12.5989  39.269129  39.271663    12.5928    12.5936    33.7280    33.7297    25.4876    25.4887     7.2860     7.4278    222.032    226.354     2.2515     2.1600     0.0635     0.5623     3.2051     0.1099     0.0000 -122.78322   36.45932      99.37         17  0.000e+00
     224942   9372.542     39.473     39.769    12.5980    12.5990  39.269459  39.271729    12.5928    12.5937    33.7283    33.7297    25.4878    25.4887     7.2860     7.4278    222.032    226.353     2.2515     2.1600     0.0635     0.5623     3.2063     0.1074     0.0000 -122.78322   36.45932      99.37         17  0.000e+00
     224943   9372.583     39.473     39.769    12.5980    12.5996  39.269327  39.271729    12.5928    12.5943    33.7282    33.7291    25.4877    25.4882     7.2860     7.4277    222.032    226.351     2.2515     2.1600     0.0635     0.5623     3.2051     0.1062     0.0000 -122.78322   36.45932      99.37         17  0.000e+00
     224944   9372.625     39.520     39.816    12.5980    12.5996  39.269459  39.271729    12.5928    12.5943    33.7283    33.7291    25.4878    25.4881     7.2860     7.4278    222.033    226.352     2.2515     2.1600     0.0635     0.5623     3.2051     0.1050     0.0000 -122.78322   36.45932      99.37         17  0.000e+00
     224945   9372.667     39.473     39.769    12.5980    12.5997  39.269327  39.271729    12.5928    12.5945    33.7282    33.7290    25.4877    25.4880     7.2911     7.4277    222.186    226.350     2.2527     2.1600     0.0635     0.5623     3.2051     0.1038     0.0000 -122.78322   36.45932      99.37         17  0.000e+00
     224946   9372.708     39.573     39.869    12.5977    12.5993  39.269130  39.270940    12.5924    12.5941    33.7283    33.7285    25.4879    25.4877     7.2862     7.4334    222.036    226.523     2.2515     2.1612     0.0635     0.5623     3.2063     0.1038     0.0000 -122.78322   36.45932      99.37         17  0.000e+00
     224947   9372.750     39.526     39.823    12.5973    12.5989  39.268932  39.270677    12.5921    12.5936    33.7285    33.7287    25.4881    25.4880     7.2862     7.4334    222.036    226.524     2.2515     2.1612     0.0623     0.5318     3.2063     0.1038     0.0000 -122.78322   36.45932      99.37         17  0.000e+00
     224948   9372.792     39.573     39.869    12.5972    12.5977  39.268340  39.270414    12.5919    12.5925    33.7280    33.7295    25.4877    25.4888     7.2862     7.4336    222.039    226.529     2.2515     2.1612     0.0635     0.5623     3.2051     0.1038     0.0000 -122.78322   36.45934      99.37         17  0.000e+00
     224949   9372.833     39.573     39.869    12.5967    12.5972  39.268208  39.270085    12.5914    12.5920    33.7283    33.7296    25.4881    25.4890     7.2913     7.4337    222.194    226.532     2.2527     2.1612     0.0635     0.5623     3.2063     0.1026     0.0000 -122.78322   36.45934      99.37         17  0.000e+00
     224950   9372.875     39.573     39.869    12.5960    12.5966  39.268209  39.269230    12.5907    12.5913    33.7289    33.7294    25.4887    25.4889     7.2914     7.4338    222.197    226.535     2.2527     2.1612     0.0635     0.5623     3.2051     0.1013     0.0000 -122.78322   36.45934      99.37         17  0.000e+00
     224951   9372.917     39.619     39.916    12.5953    12.5958  39.267156  39.269230    12.5901    12.5905    33.7285    33.7300    25.4885    25.4896     7.2916     7.4339    222.202    226.540     2.2527     2.1612     0.0635     0.5623     3.2051     0.1013     0.0000 -122.78322   36.45934      99.37         17  0.000e+00
     224952   9372.958     39.619     39.916    12.5941    12.5954  39.266563  39.269033    12.5888    12.5901    33.7291    33.7303    25.4892    25.4898     7.2918     7.4395    222.207    226.708     2.2527     2.1624     0.0647     0.5928     3.2051     0.1013     0.0000 -122.78322   36.45934      99.37         17  0.000e+00
     224953   9373.000     39.619     39.916    12.5933    12.5944  39.266498  39.267915    12.5881    12.5891    33.7297    33.7301    25.4898    25.4899     7.2919     7.4342    222.210    226.547     2.2527     2.1612     0.0635     0.5623     3.2063     0.1013     0.0000 -122.78322   36.45934      99.37         17  0.000e+00
     224954   9373.042     39.665     39.963    12.5930    12.5929  39.266432  39.266797    12.5877    12.5876    33.7299    33.7303    25.4900    25.4904     7.2919     7.4399    222.212    226.722     2.2527     2.1624     0.0647     0.5928     3.2051     0.1001     0.0000 -122.78322   36.45934      99.37         17  0.000e+00
     224955   9373.083     39.679     39.976    12.5931    12.5918  39.266235  39.266008    12.5878    12.5865    33.7296    33.7306    25.4898    25.4908     7.2920     7.4401    222.213    226.728     2.2527     2.1624     0.0647     0.5928     3.2051     0.1001     0.0000 -122.78322   36.45934      99.37         17  0.000e+00
     224956   9373.125     39.718     40.016    12.5937    12.5907  39.266893  39.265350    12.5884    12.5855    33.7297    33.7308    25.4897    25.4912     7.2919     7.4403    222.211    226.734     2.2527     2.1624     0.0647     0.5928     3.2063     0.1001     0.0000 -122.78322   36.45934      99.37         17  0.000e+00
     224957   9373.167     39.665     39.963    12.5943    12.5902  39.267683  39.265219    12.5891    12.5849    33.7299    33.7312    25.4897    25.4916     7.2917     7.4403    222.206    226.734     2.2527     2.1624     0.0647     0.5928     3.2063     0.1026     0.0000 -122.78322   36.45934      99.37         17  0.000e+00
