West Coast/WCOA-7/CTD_Data/RB2102_CTD_061_01.ros
* Sea-Bird SBE 9 Data File:
* FileName = C:\Users\scs.user.rb\CTD\RB2102\Data\RB2102_CTD_061_01.hex
* Software Version Seasave V 7.26.7.107
* Temperature SN = 6202
* Conductivity SN = 4907
* Number of Bytes Per Scan = 41
* Number of Voltage Words = 4
* Number of Scans Averaged by the Deck Unit = 1
* NMEA Latitude = 41 50.67 N
* NMEA Longitude = 125 02.97 W
* NMEA UTC (Time) = Jul 06 2021  13:15:47
* NMEA baud rate = 4800
# nquan = 30
# nvalues = 1127                                  
# units = specified
# name 0 = scan: Scan Count
# name 1 = timeS: Time, Elapsed [seconds]
# name 2 = depSM: Depth [salt water, m]
# name 3 = prDM: Pressure, Digiquartz [db]
# name 4 = t090C: Temperature [ITS-90, deg C]
# name 5 = t190C: Temperature, 2 [ITS-90, deg C]
# name 6 = c0mS/cm: Conductivity [mS/cm]
# name 7 = c1mS/cm: Conductivity, 2 [mS/cm]
# name 8 = potemp090C: Potential Temperature [ITS-90, deg C]
# name 9 = potemp190C: Potential Temperature, 2 [ITS-90, deg C]
# name 10 = sal00: Salinity, Practical [PSU]
# name 11 = sal11: Salinity, Practical, 2 [PSU]
# name 12 = sigma-é00: Density [sigma-theta, kg/m^3]
# name 13 = sigma-é11: Density, 2 [sigma-theta, kg/m^3]
# name 14 = sbeox0Mg/L: Oxygen, SBE 43 [mg/l]
# name 15 = sbeox1Mg/L: Oxygen, SBE 43, 2 [mg/l]
# name 16 = sbox0Mm/Kg: Oxygen, SBE 43 [umol/kg]
# name 17 = sbox1Mm/Kg: Oxygen, SBE 43, 2 [umol/kg]
# name 18 = sbeox0V: Oxygen raw, SBE 43 [V]
# name 19 = sbeox1V: Oxygen raw, SBE 43, 2 [V]
# name 20 = v4: Voltage 4
# name 21 = flECO-AFL: Fluorescence, WET Labs ECO-AFL/FL [mg/m^3]
# name 22 = v3: Voltage 3
# name 23 = v6: Voltage 6
# name 24 = v7: Voltage 7
# name 25 = longitude: Longitude [deg]
# name 26 = latitude: Latitude [deg]
# name 27 = altM: Altimeter [m]
# name 28 = nbf: Bottles Fired
# name 29 = flag:  0.000e+00
# interval = seconds: 0.0416667
# start_time = Jul 06 2021 13:15:47 [NMEA time, header]
# bad_flag = -9.990e-29
*END*
[from data line 146]
      59325   2471.833    990.403   1000.624     3.8921     3.8937  32.397111  32.399068     3.8174     3.8190    34.3998    34.4005    27.3274    27.3278     0.3310     0.3554     10.070     10.811     0.5446     0.5604     0.0403    -0.0177     3.1551     0.0000     0.0000 -125.04974   41.84460     100.00          3  0.000e+00
      69572   2898.792    742.811    750.027     4.6342     4.6374  32.892327  32.894571     4.5754     4.5785    34.3374    34.3368    27.1977    27.1969     0.2612     0.2791      7.946      8.490     0.5348     0.5507     0.0403    -0.0177     3.1526     0.0122     0.0000 -125.04988   41.84462     100.00          4  0.000e+00
      69573   2898.833    742.664    749.878     4.6346     4.6371  32.892265  32.894694     4.5758     4.5783    34.3371    34.3373    27.1974    27.1973     0.2612     0.2791      7.945      8.490     0.5348     0.5507     0.0403    -0.0177     3.1514     0.0122     0.0000 -125.04988   41.84462     100.00          4  0.000e+00
      69574   2898.875    742.711    749.926     4.6346     4.6374  32.892388  32.895000     4.5758     4.5785    34.3372    34.3374    27.1975    27.1973     0.2545     0.2791      7.743      8.490     0.5336     0.5507     0.0403    -0.0177     3.1526     0.0122     0.0000 -125.04988   41.84462     100.00          4  0.000e+00
      69575   2898.917    742.711    749.926     4.6350     4.6371  32.892450  32.895123     4.5762     4.5783    34.3368    34.3378    27.1971    27.1977     0.2545     0.2863      7.743      8.711     0.5336     0.5519     0.0403    -0.0177     3.1526     0.0122     0.0000 -125.04988   41.84462     100.00          4  0.000e+00
      69576   2898.958    742.744    749.960     4.6350     4.6371  32.892511  32.895062     4.5762     4.5783    34.3368    34.3377    27.1972    27.1976     0.2612     0.2791      7.945      8.490     0.5348     0.5507     0.0403    -0.0177     3.1526     0.0122     0.0000 -125.04988   41.84462     100.00          4  0.000e+00
      69577   2899.000    742.711    749.926     4.6350     4.6371  32.892511  32.895307     4.5762     4.5782    34.3369    34.3380    27.1972    27.1979     0.2612     0.2863      7.945      8.711     0.5348     0.5519     0.0403    -0.0177     3.1514     0.0122     0.0000 -125.04988   41.84462     100.00          4  0.000e+00
      69578   2899.042    742.765    749.980     4.6349     4.6371  32.892696  32.894878     4.5761     4.5783    34.3372    34.3375    27.1975    27.1974     0.2545     0.2791      7.743      8.490     0.5336     0.5507     0.0403    -0.0177     3.1526     0.0122     0.0000 -125.04988   41.84462     100.00          4  0.000e+00
      69579   2899.083    742.711    749.926     4.6349     4.6372  32.892757  32.895000     4.5761     4.5784    34.3373    34.3375    27.1976    27.1975     0.2545     0.2863      7.743      8.711     0.5336     0.5519     0.0403    -0.0177     3.1526     0.0122     0.0000 -125.04988   41.84462     100.00          4  0.000e+00
      69580   2899.125    742.711    749.926     4.6350     4.6369  32.893002  32.895123     4.5762     4.5781    34.3374    34.3380    27.1976    27.1979     0.2612     0.2791      7.945      8.490     0.5348     0.5507     0.0403    -0.0177     3.1514     0.0122     0.0000 -125.04988   41.84462     100.00          4  0.000e+00
      69581   2899.167    742.765    749.980     4.6350     4.6371  32.892880  32.894571     4.5762     4.5783    34.3373    34.3371    27.1975    27.1972     0.2545     0.2863      7.743      8.711     0.5336     0.5519     0.0403    -0.0177     3.1514     0.0122     0.0000 -125.04988   41.84462     100.00          4  0.000e+00
      69582   2899.208    742.711    749.926     4.6350     4.6374  32.892818  32.895184     4.5762     4.5785    34.3372    34.3376    27.1975    27.1975     0.2612     0.2790      7.945      8.490     0.5348     0.5507     0.0403    -0.0177     3.1538     0.0122     0.0000 -125.04988   41.84462     100.00          4  0.000e+00
      69583   2899.250    742.745    749.960     4.6354     4.6371  32.892818  32.894939     4.5766     4.5783    34.3368    34.3375    27.1971    27.1975     0.2612     0.2791      7.945      8.490     0.5348     0.5507     0.0403    -0.0177     3.1526     0.0122     0.0000 -125.04988   41.84462     100.00          4  0.000e+00
      69584   2899.292    742.765    749.980     4.6353     4.6372  32.893002  32.895185     4.5765     4.5784    34.3371    34.3377    27.1974    27.1976     0.2545     0.2791      7.743      8.490     0.5336     0.5507     0.0403    -0.0177     3.1514     0.0122     0.0000 -125.04988   41.84462     100.00          4  0.000e+00
      69585   2899.333    742.711    749.926     4.6350     4.6371  32.892880  32.895368     4.5762     4.5783    34.3373    34.3380    27.1975    27.1979     0.2545     0.2791      7.743      8.490     0.5336     0.5507     0.0403    -0.0177     3.1538     0.0122     0.0000 -125.04988   41.84462     100.00          4  0.000e+00
      69586   2899.375    742.765    749.980     4.6352     4.6371  32.893248  32.894939     4.5764     4.5783    34.3375    34.3375    27.1977    27.1975     0.2612     0.2791      7.945      8.490     0.5348     0.5507     0.0403    -0.0177     3.1526     0.0122     0.0000 -125.04988   41.84462     100.00          4  0.000e+00
      69587   2899.417    742.765    749.980     4.6355     4.6369  32.893432  32.895185     4.5767     4.5781    34.3374    34.3380    27.1976    27.1979     0.2612     0.2863      7.945      8.711     0.5348     0.5519     0.0403    -0.0177     3.1526     0.0122     0.0000 -125.04988   41.84462     100.00          4  0.000e+00
      69588   2899.458    742.711    749.926     4.6360     4.6369  32.893432  32.895123     4.5772     4.5781    34.3370    34.3380    27.1972    27.1979     0.2612     0.2791      7.945      8.490     0.5348     0.5507     0.0403    -0.0177     3.1526     0.0122     0.0000 -125.04988   41.84462     100.00          4  0.000e+00
      69589   2899.500    742.765    749.980     4.6358     4.6374  32.893616  32.895307     4.5770     4.5785    34.3373    34.3377    27.1975    27.1976     0.2612     0.2791      7.945      8.490     0.5348     0.5507     0.0403    -0.0177     3.1526     0.0122     0.0000 -125.04988   41.84462     100.00          4  0.000e+00
      69590   2899.542    742.792    750.008     4.6365     4.6371  32.894107  32.895307     4.5777     4.5783    34.3372    34.3379    27.1973    27.1978     0.2612     0.2791      7.945      8.490     0.5348     0.5507     0.0403    -0.0177     3.1526     0.0122     0.0000 -125.04988   41.84462     100.00          4  0.000e+00
      69591   2899.583    742.765    749.980     4.6365     4.6369  32.894046  32.895369     4.5777     4.5781    34.3371    34.3382    27.1973    27.1981     0.2612     0.2791      7.945      8.490     0.5348     0.5507     0.0403    -0.0177     3.1514     0.0122     0.0000 -125.04988   41.84462     100.00          4  0.000e+00
      69592   2899.625    742.765    749.980     4.6369     4.6372  32.893985  32.895553     4.5781     4.5784    34.3366    34.3381    27.1968    27.1980     0.2612     0.2863      7.945      8.711     0.5348     0.5519     0.0403    -0.0177     3.1514     0.0122     0.0000 -125.04988   41.84462     100.00          4  0.000e+00
      69593   2899.667    742.765    749.980     4.6368     4.6371  32.893800  32.895246     4.5780     4.5783    34.3365    34.3379    27.1968    27.1978     0.2545     0.2791      7.743      8.490     0.5336     0.5507     0.0403    -0.0177     3.1526     0.0122     0.0000 -125.04988   41.84462     100.00          4  0.000e+00
      69594   2899.708    742.812    750.028     4.6368     4.6374  32.893923  32.895307     4.5780     4.5785    34.3366    34.3377    27.1968    27.1976     0.2545     0.2863      7.743      8.711     0.5336     0.5519     0.0403    -0.0177     3.1514     0.0122     0.0000 -125.04988   41.84462     100.00          4  0.000e+00
      69595   2899.750    742.765    749.981     4.6363     4.6369  32.893923  32.895553     4.5775     4.5781    34.3371    34.3384    27.1973    27.1982     0.2545     0.2863      7.743      8.711     0.5336     0.5519     0.0403    -0.0177     3.1526     0.0122     0.0000 -125.04988   41.84462     100.00          4  0.000e+00
      69596   2899.792    742.812    750.028     4.6360     4.6373  32.893923  32.896105     4.5772     4.5784    34.3374    34.3387    27.1975    27.1984     0.2612     0.2791      7.945      8.490     0.5348     0.5507     0.0403    -0.0177     3.1538     0.0122     0.0000 -125.04988   41.84462     100.00          4  0.000e+00
      69597   2899.833    742.845    750.062     4.6358     4.6372  32.893555  32.895860     4.5770     4.5784    34.3372    34.3384    27.1974    27.1982     0.2612     0.2791      7.945      8.490     0.5348     0.5507     0.0403    -0.0177     3.1538     0.0134     0.0000 -125.04988   41.84462     100.00          4  0.000e+00
      69598   2899.875    742.812    750.028     4.6355     4.6369  32.893432  32.896105     4.5767     4.5781    34.3374    34.3391    27.1975    27.1987     0.2612     0.2791      7.945      8.490     0.5348     0.5507     0.0403    -0.0177     3.1526     0.0134     0.0000 -125.04988   41.84462     100.00          4  0.000e+00
      69599   2899.917    742.812    750.028     4.6358     4.6371  32.893801  32.896044     4.5770     4.5782    34.3375    34.3388    27.1976    27.1985     0.2612     0.2791      7.945      8.490     0.5348     0.5507     0.0403    -0.0177     3.1526     0.0122     0.0000 -125.04988   41.84462     100.00          4  0.000e+00
      69600   2899.958    742.812    750.028     4.6362     4.6373  32.894169  32.896044     4.5774     4.5784    34.3376    34.3386    27.1976    27.1984     0.2545     0.2863      7.743      8.711     0.5336     0.5519     0.0403    -0.0177     3.1514     0.0122     0.0000 -125.04988   41.84462     100.00          4  0.000e+00
      69601   2900.000    742.866    750.082     4.6368     4.6373  32.894476  32.896166     4.5779     4.5784    34.3373    34.3387    27.1973    27.1984     0.2545     0.2791      7.743      8.490     0.5336     0.5507     0.0403    -0.0177     3.1514     0.0122     0.0000 -125.04988   41.84462     100.00          4  0.000e+00
      69602   2900.042    742.866    750.082     4.6368     4.6375  32.894353  32.896044     4.5780     4.5787    34.3371    34.3383    27.1972    27.1981     0.2545     0.2791      7.743      8.490     0.5336     0.5507     0.0403    -0.0177     3.1514     0.0122     0.0000 -125.04988   41.84462     100.00          4  0.000e+00
      69603   2900.083    742.866    750.082     4.6368     4.6374  32.894476  32.896166     4.5779     4.5786    34.3373    34.3386    27.1973    27.1983     0.2545     0.2791      7.743      8.490     0.5336     0.5507     0.0403    -0.0177     3.1538     0.0134     0.0000 -125.04988   41.84462     100.00          4  0.000e+00
      69604   2900.125    742.846    750.062     4.6371     4.6374  32.894599  32.896228     4.5782     4.5785    34.3371    34.3387    27.1972    27.1984     0.2545     0.2863      7.743      8.711     0.5336     0.5519     0.0403    -0.0177     3.1514     0.0122     0.0000 -125.04988   41.84462     100.00          4  0.000e+00
      69605   2900.167    742.866    750.082     4.6370     4.6374  32.894783  32.896105     4.5781     4.5786    34.3374    34.3385    27.1974    27.1982     0.2612     0.2863      7.945      8.711     0.5348     0.5519     0.0403    -0.0177     3.1526     0.0122     0.0000 -125.04988   41.84462     100.00          4  0.000e+00
      69606   2900.208    742.912    750.130     4.6369     4.6376  32.894660  32.895921     4.5781     4.5787    34.3373    34.3381    27.1973    27.1979     0.2612     0.2863      7.945      8.711     0.5348     0.5519     0.0403    -0.0177     3.1514     0.0122     0.0000 -125.04988   41.84462     100.00          4  0.000e+00
      69607   2900.250    742.913    750.130     4.6366     4.6377  32.894108  32.895983     4.5778     4.5788    34.3370    34.3381    27.1971    27.1979     0.2545     0.2863      7.743      8.711     0.5336     0.5519     0.0403    -0.0177     3.1526     0.0134     0.0000 -125.04988   41.84462     100.00          4  0.000e+00
      69608   2900.292    742.913    750.130     4.6368     4.6376  32.894169  32.895799     4.5779     4.5787    34.3369    34.3380    27.1970    27.1978     0.2612     0.2863      7.945      8.711     0.5348     0.5519     0.0403    -0.0177     3.1538     0.0122     0.0000 -125.04988   41.84462     100.00          4  0.000e+00
      69609   2900.333    742.913    750.130     4.6366     4.6375  32.894292  32.895860     4.5778     4.5787    34.3372    34.3381    27.1973    27.1979     0.2545     0.2863      7.743      8.711     0.5336     0.5519     0.0403    -0.0177     3.1526     0.0122     0.0000 -125.04988   41.84462     100.00          4  0.000e+00
      69610   2900.375    742.966    750.184     4.6366     4.6377  32.894231  32.896412     4.5778     4.5789    34.3371    34.3385    27.1972    27.1982     0.2612     0.2863      7.945      8.711     0.5348     0.5519     0.0403    -0.0177     3.1526     0.0122     0.0000 -125.04988   41.84462     100.00          4  0.000e+00
      69611   2900.417    742.946    750.164     4.6365     4.6376  32.894231  32.895921     4.5776     4.5787    34.3373    34.3381    27.1974    27.1979     0.2545     0.2863      7.743      8.711     0.5336     0.5519     0.0403    -0.0177     3.1514     0.0122     0.0000 -125.04988   41.84462     100.00          4  0.000e+00
      69612   2900.458    742.966    750.184     4.6366     4.6374  32.894292  32.896289     4.5778     4.5785    34.3372    34.3387    27.1973    27.1984     0.2545     0.2863      7.743      8.711     0.5336     0.5519     0.0403    -0.0177     3.1526     0.0122     0.0000 -125.04988   41.84462     100.00          4  0.000e+00
      69613   2900.500    742.966    750.184     4.6365     4.6376  32.894292  32.896167     4.5776     4.5787    34.3373    34.3384    27.1974    27.1981     0.2545     0.2791      7.743      8.490     0.5336     0.5507     0.0403    -0.0177     3.1526     0.0122     0.0000 -125.04988   41.84462     100.00          4  0.000e+00
      69614   2900.542    742.966    750.184     4.6365     4.6377  32.894047  32.895676     4.5776     4.5788    34.3370    34.3377    27.1972    27.1976     0.2545     0.2863      7.743      8.711     0.5336     0.5519     0.0403    -0.0177     3.1538     0.0122     0.0000 -125.04988   41.84462     100.00          4  0.000e+00
      69615   2900.583    743.013    750.231     4.6363     4.6377  32.894170  32.895676     4.5775     4.5789    34.3373    34.3376    27.1974    27.1975     0.2545     0.2863      7.743      8.711     0.5336     0.5519     0.0403    -0.0177     3.1526     0.0134     0.0000 -125.04988   41.84462     100.00          4  0.000e+00
      69616   2900.625    743.013    750.232     4.6366     4.6379  32.893985  32.895921     4.5778     4.5790    34.3368    34.3378    27.1970    27.1976     0.2545     0.2863      7.743      8.711     0.5336     0.5519     0.0403    -0.0177     3.1526     0.0122     0.0000 -125.04988   41.84462     100.00          4  0.000e+00
      69617   2900.667    742.993    750.211     4.6366     4.6377  32.893924  32.896167     4.5778     4.5788    34.3367    34.3383    27.1969    27.1980     0.2545     0.2791      7.743      8.490     0.5336     0.5507     0.0403    -0.0177     3.1526     0.0122     0.0000 -125.04988   41.84462     100.00          4  0.000e+00
