West Coast/WCOA-7/CTD_Data/RB2102_CTD_096_01.ros
* Sea-Bird SBE 9 Data File:
* FileName = C:\Users\scs.user.rb\CTD\RB2102\Data\RB2102_CTD_096_01.hex
* Software Version Seasave V 7.26.7.107
* Temperature SN = 6202
* Conductivity SN = 4907
* Number of Bytes Per Scan = 41
* Number of Voltage Words = 4
* Number of Scans Averaged by the Deck Unit = 1
* NMEA Latitude = 36 17.33 N
* NMEA Longitude = 123 07.82 W
* NMEA UTC (Time) = Jul 14 2021  01:42:58
* NMEA baud rate = 4800
# nquan = 30
# nvalues = 1176                                  
# units = specified
# name 0 = scan: Scan Count
# name 1 = timeS: Time, Elapsed [seconds]
# name 2 = depSM: Depth [salt water, m]
# name 3 = prDM: Pressure, Digiquartz [db]
# name 4 = t090C: Temperature [ITS-90, deg C]
# name 5 = t190C: Temperature, 2 [ITS-90, deg C]
# name 6 = c0mS/cm: Conductivity [mS/cm]
# name 7 = c1mS/cm: Conductivity, 2 [mS/cm]
# name 8 = potemp090C: Potential Temperature [ITS-90, deg C]
# name 9 = potemp190C: Potential Temperature, 2 [ITS-90, deg C]
# name 10 = sal00: Salinity, Practical [PSU]
# name 11 = sal11: Salinity, Practical, 2 [PSU]
# name 12 = sigma-é00: Density [sigma-theta, kg/m^3]
# name 13 = sigma-é11: Density, 2 [sigma-theta, kg/m^3]
# name 14 = sbeox0Mg/L: Oxygen, SBE 43 [mg/l]
# name 15 = sbeox1Mg/L: Oxygen, SBE 43, 2 [mg/l]
# name 16 = sbox0Mm/Kg: Oxygen, SBE 43 [umol/kg]
# name 17 = sbox1Mm/Kg: Oxygen, SBE 43, 2 [umol/kg]
# name 18 = sbeox0V: Oxygen raw, SBE 43 [V]
# name 19 = sbeox1V: Oxygen raw, SBE 43, 2 [V]
# name 20 = v4: Voltage 4
# name 21 = flECO-AFL: Fluorescence, WET Labs ECO-AFL/FL [mg/m^3]
# name 22 = v3: Voltage 3
# name 23 = v6: Voltage 6
# name 24 = v7: Voltage 7
# name 25 = longitude: Longitude [deg]
# name 26 = latitude: Latitude [deg]
# name 27 = altM: Altimeter [m]
# name 28 = nbf: Bottles Fired
# name 29 = flag:  0.000e+00
# interval = seconds: 0.0416667
# start_time = Jul 14 2021 01:42:58 [NMEA time, header]
# bad_flag = -9.990e-29
*END*
[from data line 1112]
     258083  10753.417      4.127      4.158    13.9570    13.9578  40.444512  40.445734    13.9565    13.9572    33.6470    33.6475    25.1506    25.1508     8.5349     8.7361    260.175    266.310     2.6227     2.5189     0.1160     1.8749     3.2540     0.0085     0.0000 -123.13256   36.28676      99.68         23  0.000e+00
     258084  10753.458      4.081      4.111    13.9575    13.9576  40.444379  40.445601    13.9569    13.9570    33.6464    33.6475    25.1501    25.1509     8.5348     8.7361    260.172    266.309     2.6227     2.5189     0.1172     1.9054     3.2540     0.0085     0.0000 -123.13256   36.28676      99.68         23  0.000e+00
     258085  10753.500      4.127      4.158    13.9572    13.9578  40.444312  40.445468    13.9566    13.9572    33.6466    33.6472    25.1503    25.1506     8.5349     8.7361    260.175    266.310     2.6227     2.5189     0.1172     1.9054     3.2540     0.0098     0.0000 -123.13256   36.28676      99.68         23  0.000e+00
     258086  10753.542      4.127      4.158    13.9575    13.9576  40.444512  40.446001    13.9569    13.9570    33.6466    33.6479    25.1502    25.1512     8.5348     8.7361    260.173    266.310     2.6227     2.5189     0.1172     1.9054     3.2540     0.0098     0.0000 -123.13256   36.28676      99.68         23  0.000e+00
     258087  10753.583      4.180      4.211    13.9572    13.9576  40.444646  40.446201    13.9566    13.9570    33.6469    33.6480    25.1505    25.1513     8.5349     8.7362    260.176    266.312     2.6227     2.5189     0.1160     1.8749     3.2540     0.0098     0.0000 -123.13256   36.28676      99.68         23  0.000e+00
     258088  10753.625      4.127      4.158    13.9572    13.9579  40.444312  40.446200    13.9566    13.9573    33.6466    33.6478    25.1503    25.1511     8.5349     8.7361    260.175    266.309     2.6227     2.5189     0.1136     1.8138     3.2540     0.0098     0.0000 -123.13256   36.28676      99.68         23  0.000e+00
     258089  10753.667      4.180      4.211    13.9573    13.9579  40.444246  40.446400    13.9567    13.9573    33.6464    33.6479    25.1501    25.1512     8.5349     8.7361    260.176    266.310     2.6227     2.5189     0.1111     1.7528     3.2540     0.0098     0.0000 -123.13256   36.28676      99.68         23  0.000e+00
     258090  10753.708      4.227      4.258    13.9572    13.9580  40.444513  40.446267    13.9566    13.9574    33.6468    33.6478    25.1504    25.1510     8.5350     8.7309    260.178    266.150     2.6227     2.5177     0.1099     1.7223     3.2540     0.0098     0.0000 -123.13256   36.28676      99.68         23  0.000e+00
     258091  10753.750      4.180      4.211    13.9570    13.9578  40.444845  40.446201    13.9564    13.9572    33.6473    33.6479    25.1509    25.1512     8.5300     8.7309    260.028    266.150     2.6215     2.5177     0.1099     1.7223     3.2540     0.0110     0.0000 -123.13256   36.28676      99.68         23  0.000e+00
     258092  10753.792      4.227      4.258    13.9572    13.9578  40.444446  40.445934    13.9566    13.9572    33.6467    33.6476    25.1504    25.1510     8.5301     8.7309    260.029    266.152     2.6215     2.5177     0.1099     1.7223     3.2552     0.0122     0.0000 -123.13256   36.28676      99.68         23  0.000e+00
     258093  10753.833      4.227      4.258    13.9573    13.9576  40.444779  40.445602    13.9567    13.9570    33.6469    33.6474    25.1505    25.1509     8.5301     8.7363    260.028    266.314     2.6215     2.5189     0.1099     1.7223     3.2552     0.0122     0.0000 -123.13256   36.28676      99.68         23  0.000e+00
     258094  10753.875      4.273      4.305    13.9572    13.9573  40.444713  40.445469    13.9566    13.9566    33.6469    33.6476    25.1506    25.1511     8.5301     8.7311    260.030    266.156     2.6215     2.5177     0.1099     1.7223     3.2552     0.0122     0.0000 -123.13256   36.28676      99.68         23  0.000e+00
     258095  10753.917      4.273      4.305    13.9572    13.9573  40.444646  40.445469    13.9566    13.9566    33.6469    33.6476    25.1505    25.1511     8.5301     8.7311    260.030    266.156     2.6215     2.5177     0.1099     1.7223     3.2552     0.0122     0.0000 -123.13256   36.28676      99.68         23  0.000e+00
     258096  10753.958      4.326      4.358    13.9572    13.9573  40.444646  40.445735    13.9566    13.9566    33.6469    33.6478    25.1505    25.1512     8.5302     8.7311    260.032    266.158     2.6215     2.5177     0.1099     1.7223     3.2540     0.0134     0.0000 -123.13256   36.28676      99.68         23  0.000e+00
     258097  10754.000      4.273      4.305    13.9570    13.9574  40.444646  40.445868    13.9564    13.9568    33.6470    33.6478    25.1507    25.1512     8.5302     8.7363    260.031    266.316     2.6215     2.5189     0.1099     1.7223     3.2540     0.0147     0.0000 -123.13256   36.28676      99.68         23  0.000e+00
     258140  10755.792      4.809      4.845    13.9584    13.9601  40.446047  40.448067    13.9577    13.9595    33.6469    33.6473    25.1503    25.1502     8.5207     8.7364    259.744    266.320     2.6190     2.5189     0.1074     1.6612     3.2552     0.0134     0.0000 -123.13256   36.28676      99.66         24  0.000e+00
     258141  10755.833      4.763      4.798    13.9583    13.9601  40.446047  40.447933    13.9577    13.9595    33.6470    33.6472    25.1504    25.1501     8.5207     8.7364    259.743    266.318     2.6190     2.5189     0.1172     1.9054     3.2540     0.0134     0.0000 -123.13256   36.28676      99.66         24  0.000e+00
     258142  10755.875      4.763      4.798    13.9582    13.9601  40.445514  40.448200    13.9575    13.9595    33.6466    33.6474    25.1501    25.1503     8.5207     8.7417    259.744    266.479     2.6190     2.5201     0.1221     2.0275     3.2552     0.0134     0.0000 -123.13256   36.28676      99.68         24  0.000e+00
     258143  10755.917      4.763      4.798    13.9584    13.9600  40.445580  40.448000    13.9577    13.9593    33.6465    33.6474    25.1500    25.1504     8.5207     8.7364    259.743    266.319     2.6190     2.5189     0.1233     2.0580     3.2552     0.0134     0.0000 -123.13256   36.28676      99.68         24  0.000e+00
     258144  10755.958      4.763      4.798    13.9582    13.9598  40.445713  40.447933    13.9575    13.9591    33.6468    33.6475    25.1503    25.1505     8.5159     8.7417    259.595    266.481     2.6178     2.5201     0.1221     2.0275     3.2552     0.0134     0.0000 -123.13256   36.28676      99.68         24  0.000e+00
     258145  10756.000      4.763      4.798    13.9579    13.9600  40.445447  40.447933    13.9572    13.9593    33.6469    33.6473    25.1504    25.1503     8.5159     8.7417    259.597    266.480     2.6178     2.5201     0.1221     2.0275     3.2540     0.0134     0.0000 -123.13256   36.28676      99.68         24  0.000e+00
     258146  10756.042      4.763      4.798    13.9579    13.9598  40.445380  40.447933    13.9572    13.9591    33.6468    33.6475    25.1503    25.1505     8.5208     8.7417    259.746    266.481     2.6190     2.5201     0.1221     2.0275     3.2540     0.0134     0.0000 -123.13256   36.28676      99.68         24  0.000e+00
     258147  10756.083      4.763      4.798    13.9577    13.9598  40.445381  40.447933    13.9570    13.9591    33.6469    33.6475    25.1505    25.1505     8.5159     8.7417    259.598    266.481     2.6178     2.5201     0.1221     2.0275     3.2552     0.0134     0.0000 -123.13256   36.28676      99.68         24  0.000e+00
     258148  10756.125      4.763      4.798    13.9579    13.9598  40.445047  40.447933    13.9572    13.9591    33.6465    33.6475    25.1501    25.1505     8.5208     8.7417    259.746    266.481     2.6190     2.5201     0.1221     2.0275     3.2540     0.0134     0.0000 -123.13256   36.28676      99.68         24  0.000e+00
     258149  10756.167      4.716      4.751    13.9577    13.9600  40.445247  40.448200    13.9570    13.9593    33.6468    33.6476    25.1504    25.1505     8.5208     8.7416    259.745    266.478     2.6190     2.5201     0.1221     2.0275     3.2552     0.0134     0.0000 -123.13256   36.28676      99.68         24  0.000e+00
     258150  10756.208      4.716      4.751    13.9577    13.9600  40.445380  40.448266    13.9570    13.9593    33.6470    33.6476    25.1505    25.1506     8.5208     8.7416    259.745    266.478     2.6190     2.5201     0.1221     2.0275     3.2540     0.0134     0.0000 -123.13256   36.28676      99.68         24  0.000e+00
     258151  10756.250      4.716      4.751    13.9579    13.9600  40.445380  40.448266    13.9572    13.9593    33.6468    33.6476    25.1504    25.1506     8.5159     8.7416    259.595    266.478     2.6178     2.5201     0.1221     2.0275     3.2540     0.0134     0.0000 -123.13256   36.28676      99.66         24  0.000e+00
     258152  10756.292      4.716      4.751    13.9576    13.9600  40.445047  40.448066    13.9569    13.9593    33.6468    33.6475    25.1504    25.1504     8.5159     8.7417    259.597    266.479     2.6178     2.5201     0.1221     2.0275     3.2540     0.0134     0.0000 -123.13256   36.28676      99.68         24  0.000e+00
     258153  10756.333      4.716      4.751    13.9579    13.9596  40.445514  40.447667    13.9572    13.9589    33.6469    33.6474    25.1504    25.1504     8.5207     8.7417    259.744    266.481     2.6190     2.5201     0.1221     2.0275     3.2540     0.0134     0.0000 -123.13256   36.28676      99.68         24  0.000e+00
     258154  10756.375      4.716      4.751    13.9577    13.9596  40.445114  40.447867    13.9570    13.9589    33.6467    33.6476    25.1503    25.1506     8.5208     8.7417    259.745    266.480     2.6190     2.5201     0.1221     2.0275     3.2552     0.0134     0.0000 -123.13256   36.28676      99.68         24  0.000e+00
     258155  10756.417      4.716      4.751    13.9577    13.9594  40.444714  40.447401    13.9570    13.9588    33.6463    33.6473    25.1500    25.1504     8.5208     8.7418    259.746    266.482     2.6190     2.5201     0.1221     2.0275     3.2540     0.0134     0.0000 -123.13256   36.28676      99.68         24  0.000e+00
     258156  10756.458      4.663      4.698    13.9577    13.9591  40.445180  40.446668    13.9570    13.9584    33.6468    33.6470    25.1504    25.1502     8.5207     8.7418    259.743    266.483     2.6190     2.5201     0.1221     2.0275     3.2540     0.0134     0.0000 -123.13256   36.28676      99.68         24  0.000e+00
     258157  10756.500      4.716      4.751    13.9576    13.9590  40.445047  40.446802    13.9569    13.9583    33.6468    33.6472    25.1504    25.1504     8.5208     8.7419    259.746    266.485     2.6190     2.5201     0.1221     2.0275     3.2552     0.0134     0.0000 -123.13256   36.28676      99.68         24  0.000e+00
     258158  10756.542      4.663      4.698    13.9575    13.9586  40.444714  40.446868    13.9568    13.9579    33.6465    33.6476    25.1502    25.1508     8.5256     8.7419    259.894    266.484     2.6203     2.5201     0.1221     2.0275     3.2552     0.0134     0.0000 -123.13256   36.28676      99.68         24  0.000e+00
     258159  10756.583      4.663      4.698    13.9576    13.9584  40.444847  40.447134    13.9569    13.9578    33.6466    33.6480    25.1503    25.1511     8.5207     8.7419    259.744    266.485     2.6190     2.5201     0.1221     2.0275     3.2552     0.0134     0.0000 -123.13256   36.28676      99.68         24  0.000e+00
     258160  10756.625      4.663      4.698    13.9576    13.9586  40.444980  40.446935    13.9569    13.9579    33.6467    33.6476    25.1503    25.1508     8.5256     8.7418    259.893    266.484     2.6203     2.5201     0.1221     2.0275     3.2552     0.0134     0.0000 -123.13256   36.28676      99.68         24  0.000e+00
     258161  10756.667      4.617      4.651    13.9575    13.9586  40.444980  40.447134    13.9569    13.9580    33.6468    33.6478    25.1504    25.1510     8.5256     8.7418    259.892    266.482     2.6203     2.5201     0.1221     2.0275     3.2540     0.0134     0.0000 -123.13256   36.28676      99.68         24  0.000e+00
     258162  10756.708      4.716      4.751    13.9577    13.9586  40.444714  40.446469    13.9570    13.9579    33.6463    33.6472    25.1500    25.1505     8.5257     8.7419    259.895    266.487     2.6203     2.5201     0.1221     2.0275     3.2540     0.0147     0.0000 -123.13256   36.28676      99.68         24  0.000e+00
     258163  10756.750      4.617      4.651    13.9575    13.9586  40.444847  40.445403    13.9569    13.9580    33.6467    33.6462    25.1503    25.1497     8.5305     8.7419    260.041    266.485     2.6215     2.5201     0.1221     2.0275     3.2540     0.0134     0.0000 -123.13256   36.28676      99.68         24  0.000e+00
     258164  10756.792      4.637      4.671    13.9576    13.9586  40.444980  40.446469    13.9569    13.9580    33.6467    33.6472    25.1504    25.1505     8.5305     8.7418    260.041    266.484     2.6215     2.5201     0.1221     2.0275     3.2552     0.0134     0.0000 -123.13256   36.28676      99.68         24  0.000e+00
     258165  10756.833      4.663      4.698    13.9577    13.9591  40.444980  40.446868    13.9570    13.9585    33.6466    33.6471    25.1502    25.1503     8.5256     8.7418    259.892    266.482     2.6203     2.5201     0.1221     2.0275     3.2564     0.0134     0.0000 -123.13256   36.28676      99.68         24  0.000e+00
     258166  10756.875      4.571      4.604    13.9576    13.9590  40.445247  40.447400    13.9569    13.9583    33.6470    33.6478    25.1506    25.1509     8.5255     8.7417    259.889    266.479     2.6203     2.5201     0.1221     2.0275     3.2527     0.0134     0.0000 -123.13256   36.28676      99.68         24  0.000e+00
     258167  10756.917      4.663      4.698    13.9577    13.9591  40.444781  40.447334    13.9570    13.9584    33.6464    33.6476    25.1501    25.1507     8.5305     8.7418    260.042    266.482     2.6215     2.5201     0.1197     1.9665     3.2540     0.0134     0.0000 -123.13256   36.28676      99.68         24  0.000e+00
     258168  10756.958      4.617      4.651    13.9575    13.9590  40.444847  40.447467    13.9569    13.9583    33.6467    33.6478    25.1503    25.1509     8.5256     8.7417    259.892    266.480     2.6203     2.5201     0.1172     1.9054     3.2540     0.0134     0.0000 -123.13256   36.28676      99.68         24  0.000e+00
     258169  10757.000      4.571      4.604    13.9579    13.9594  40.445247  40.447334    13.9572    13.9588    33.6468    33.6473    25.1503    25.1504     8.5255     8.7416    259.888    266.477     2.6203     2.5201     0.1172     1.9054     3.2540     0.0134     0.0000 -123.13256   36.28676      99.66         24  0.000e+00
     258170  10757.042      4.617      4.651    13.9577    13.9594  40.445380  40.447733    13.9570    13.9588    33.6470    33.6477    25.1505    25.1507     8.5255     8.7416    259.890    266.478     2.6203     2.5201     0.1172     1.9054     3.2540     0.0134     0.0000 -123.13256   36.28676      99.68         24  0.000e+00
     258171  10757.083      4.617      4.651    13.9577    13.9594  40.444780  40.447134    13.9570    13.9588    33.6464    33.6471    25.1501    25.1502     8.5304     8.7417    260.040    266.479     2.6215     2.5201     0.1172     1.9054     3.2540     0.0134     0.0000 -123.13256   36.28676      99.68         24  0.000e+00
     258172  10757.125      4.571      4.604    13.9577    13.9596  40.445446  40.447400    13.9570    13.9590    33.6471    33.6472    25.1506    25.1503     8.5255     8.7416    259.889    266.476     2.6203     2.5201     0.1172     1.9054     3.2540     0.0134     0.0000 -123.13256   36.28676      99.68         24  0.000e+00
