West Coast/WCOA-7/CTD_Data/RB2102_CTD_056_01.ros
* Sea-Bird SBE 9 Data File:
* FileName = C:\Users\scs.user.rb\CTD\RB2102\Data\RB2102_CTD_056_01.hex
* Software Version Seasave V 7.26.7.107
* Temperature SN = 6202
* Conductivity SN = 4907
* Number of Bytes Per Scan = 41
* Number of Voltage Words = 4
* Number of Scans Averaged by the Deck Unit = 1
* NMEA Latitude = 44 00.08 N
* NMEA Longitude = 124 36.00 W
* NMEA UTC (Time) = Jul 05 2021  05:27:24
* NMEA baud rate = 4800
# nquan = 30
# nvalues = 980                                   
# units = specified
# name 0 = scan: Scan Count
# name 1 = timeS: Time, Elapsed [seconds]
# name 2 = depSM: Depth [salt water, m]
# name 3 = prDM: Pressure, Digiquartz [db]
# name 4 = t090C: Temperature [ITS-90, deg C]
# name 5 = t190C: Temperature, 2 [ITS-90, deg C]
# name 6 = c0mS/cm: Conductivity [mS/cm]
# name 7 = c1mS/cm: Conductivity, 2 [mS/cm]
# name 8 = potemp090C: Potential Temperature [ITS-90, deg C]
# name 9 = potemp190C: Potential Temperature, 2 [ITS-90, deg C]
# name 10 = sal00: Salinity, Practical [PSU]
# name 11 = sal11: Salinity, Practical, 2 [PSU]
# name 12 = sigma-é00: Density [sigma-theta, kg/m^3]
# name 13 = sigma-é11: Density, 2 [sigma-theta, kg/m^3]
# name 14 = sbeox0Mg/L: Oxygen, SBE 43 [mg/l]
# name 15 = sbeox1Mg/L: Oxygen, SBE 43, 2 [mg/l]
# name 16 = sbox0Mm/Kg: Oxygen, SBE 43 [umol/kg]
# name 17 = sbox1Mm/Kg: Oxygen, SBE 43, 2 [umol/kg]
# name 18 = sbeox0V: Oxygen raw, SBE 43 [V]
# name 19 = sbeox1V: Oxygen raw, SBE 43, 2 [V]
# name 20 = v4: Voltage 4
# name 21 = flECO-AFL: Fluorescence, WET Labs ECO-AFL/FL [mg/m^3]
# name 22 = v3: Voltage 3
# name 23 = v6: Voltage 6
# name 24 = v7: Voltage 7
# name 25 = longitude: Longitude [deg]
# name 26 = latitude: Latitude [deg]
# name 27 = altM: Altimeter [m]
# name 28 = nbf: Bottles Fired
# name 29 = flag:  0.000e+00
# interval = seconds: 0.0416667
# start_time = Jul 05 2021 05:27:24 [NMEA time, header]
# bad_flag = -9.990e-29
*END*
[from data line 967]
      63872   2661.292      3.501      3.529    14.1586    14.1576  39.019389  39.018652    14.1581    14.1571    32.1591    32.1592    23.9600    23.9604     9.1215     9.6398    278.381    294.199     2.7582     2.7167     0.2186     4.4390     3.2283     0.0244     0.1575 -124.60086   44.00138      21.95         20  0.000e+00
      63873   2661.333      3.435      3.462    14.1586    14.1579  39.019520  39.018849    14.1581    14.1574    32.1592    32.1592    23.9601    23.9603     9.1214     9.6450    278.378    294.358     2.7582     2.7179     0.2173     4.4085     3.2308     0.0232     0.1563 -124.60086   44.00138      21.93         20  0.000e+00
      63874   2661.375      3.481      3.509    14.1587    14.1579  39.019192  39.018980    14.1582    14.1574    32.1589    32.1593    23.9599    23.9603     9.1166     9.6450    278.230    294.359     2.7570     2.7179     0.2173     4.4085     3.2295     0.0232     0.1563 -124.60086   44.00138      21.95         20  0.000e+00
      63875   2661.417      3.435      3.462    14.1584    14.1577  39.019717  39.018915    14.1580    14.1572    32.1595    32.1594    23.9604    23.9605     9.1116     9.6450    278.079    294.358     2.7558     2.7179     0.2173     4.4085     3.2295     0.0232     0.1563 -124.60086   44.00138      21.93         20  0.000e+00
      63876   2661.458      3.481      3.509    14.1586    14.1578  39.019520  39.019440    14.1581    14.1573    32.1592    32.1598    23.9601    23.9608     9.1117     9.6504    278.080    294.521     2.7558     2.7192     0.2173     4.4085     3.2295     0.0232     0.1551 -124.60086   44.00138      21.93         20  0.000e+00
      63877   2661.500      3.481      3.509    14.1586    14.1575  39.019520  39.018849    14.1581    14.1570    32.1592    32.1595    23.9601    23.9606     9.1117     9.6557    278.080    294.686     2.7558     2.7204     0.2186     4.4390     3.2295     0.0232     0.1563 -124.60086   44.00138      21.93         20  0.000e+00
      63878   2661.542      3.481      3.509    14.1586    14.1576  39.019455  39.019112    14.1581    14.1571    32.1591    32.1597    23.9601    23.9607     9.1068     9.6557    277.931    294.685     2.7546     2.7204     0.2173     4.4085     3.2308     0.0232     0.1563 -124.60086   44.00138      21.95         20  0.000e+00
      63879   2661.583      3.435      3.463    14.1586    14.1573  39.019520  39.019046    14.1581    14.1569    32.1592    32.1598    23.9601    23.9609     9.1067     9.6557    277.929    294.684     2.7546     2.7204     0.2173     4.4085     3.2295     0.0232     0.1563 -124.60086   44.00138      21.93         20  0.000e+00
      63880   2661.625      3.481      3.509    14.1585    14.1573  39.019192  39.018652    14.1580    14.1568    32.1590    32.1595    23.9600    23.9607     9.1019     9.6558    277.782    294.687     2.7534     2.7204     0.2173     4.4085     3.2308     0.0232     0.1575 -124.60086   44.00138      22.34         20  0.000e+00
      63881   2661.667      3.481      3.509    14.1586    14.1572  39.019455  39.019112    14.1581    14.1567    32.1591    32.1600    23.9601    23.9611     9.1018     9.6611    277.781    294.849     2.7534     2.7216     0.2173     4.4085     3.2308     0.0232     0.1575 -124.60086   44.00138      68.11         20  0.000e+00
      63882   2661.708      3.481      3.509    14.1584    14.1573  39.019455  39.018521    14.1579    14.1568    32.1593    32.1594    23.9602    23.9606     9.0970     9.6611    277.632    294.850     2.7521     2.7216     0.2173     4.4085     3.2308     0.0232     0.1575 -124.60086   44.00138      99.71         20  0.000e+00
      63883   2661.750      3.481      3.509    14.1586    14.1574  39.019520  39.018784    14.1581    14.1569    32.1592    32.1595    23.9601    23.9606     9.0969     9.6611    277.631    294.848     2.7521     2.7216     0.2173     4.4085     3.2320     0.0232     0.1563 -124.60086   44.00138     100.00         20  0.000e+00
      63884   2661.792      3.534      3.563    14.1586    14.1575  39.019192  39.018981    14.1581    14.1570    32.1589    32.1596    23.9599    23.9607     9.0921     9.6664    277.484    295.012     2.7509     2.7228     0.2186     4.4390     3.2308     0.0232     0.1563 -124.60086   44.00138     100.00         20  0.000e+00
