West Coast/WCOA-7/CTD_Data/RB2102_CTD_080_01.ros
* Sea-Bird SBE 9 Data File:
* FileName = C:\Users\scs.user.rb\CTD\RB2102\Data\RB2102_CTD_080_01.hex
* Software Version Seasave V 7.26.7.107
* Temperature SN = 6202
* Conductivity SN = 4907
* Number of Bytes Per Scan = 41
* Number of Voltage Words = 4
* Number of Scans Averaged by the Deck Unit = 1
* NMEA Latitude = 37 48.81 N
* NMEA Longitude = 123 10.04 W
* NMEA UTC (Time) = Jul 10 2021  22:29:35
* NMEA baud rate = 4800
# nquan = 30
# nvalues = 738                                   
# units = specified
# name 0 = scan: Scan Count
# name 1 = timeS: Time, Elapsed [seconds]
# name 2 = depSM: Depth [salt water, m]
# name 3 = prDM: Pressure, Digiquartz [db]
# name 4 = t090C: Temperature [ITS-90, deg C]
# name 5 = t190C: Temperature, 2 [ITS-90, deg C]
# name 6 = c0mS/cm: Conductivity [mS/cm]
# name 7 = c1mS/cm: Conductivity, 2 [mS/cm]
# name 8 = potemp090C: Potential Temperature [ITS-90, deg C]
# name 9 = potemp190C: Potential Temperature, 2 [ITS-90, deg C]
# name 10 = sal00: Salinity, Practical [PSU]
# name 11 = sal11: Salinity, Practical, 2 [PSU]
# name 12 = sigma-é00: Density [sigma-theta, kg/m^3]
# name 13 = sigma-é11: Density, 2 [sigma-theta, kg/m^3]
# name 14 = sbeox0Mg/L: Oxygen, SBE 43 [mg/l]
# name 15 = sbeox1Mg/L: Oxygen, SBE 43, 2 [mg/l]
# name 16 = sbox0Mm/Kg: Oxygen, SBE 43 [umol/kg]
# name 17 = sbox1Mm/Kg: Oxygen, SBE 43, 2 [umol/kg]
# name 18 = sbeox0V: Oxygen raw, SBE 43 [V]
# name 19 = sbeox1V: Oxygen raw, SBE 43, 2 [V]
# name 20 = v4: Voltage 4
# name 21 = flECO-AFL: Fluorescence, WET Labs ECO-AFL/FL [mg/m^3]
# name 22 = v3: Voltage 3
# name 23 = v6: Voltage 6
# name 24 = v7: Voltage 7
# name 25 = longitude: Longitude [deg]
# name 26 = latitude: Latitude [deg]
# name 27 = altM: Altimeter [m]
# name 28 = nbf: Bottles Fired
# name 29 = flag:  0.000e+00
# interval = seconds: 0.0416667
# start_time = Jul 10 2021 22:29:35 [NMEA time, header]
# bad_flag = -9.990e-29
*END*
[from data line 291]
      22895    953.917     40.334     40.641    10.3784    10.3756  37.308100  37.306433    10.3736    10.3708    33.8269    33.8279    25.9722    25.9734     4.9963     5.1687    152.183    157.436     1.6398     1.5995     0.0513     0.2571     3.2137     0.0440     0.0159 -123.16772   37.81332      38.36          7  0.000e+00
      22896    953.958     40.334     40.641    10.3783    10.3752  37.308100  37.306433    10.3736    10.3705    33.8270    33.8282    25.9723    25.9737     4.9963     5.1688    152.183    157.437     1.6398     1.5995     0.0513     0.2571     3.2137     0.0464     0.0171 -123.16772   37.81332      38.39          7  0.000e+00
      22897    954.000     40.334     40.641    10.3781    10.3752  37.307326  37.306562    10.3734    10.3705    33.8264    33.8283    25.9718    25.9738     4.9963     5.1745    152.184    157.612     1.6398     1.6007     0.0513     0.2571     3.2125     0.0452     0.0159 -123.16772   37.81332      38.39          7  0.000e+00
      22898    954.042     40.334     40.641    10.3778    10.3749  37.307584  37.307013    10.3731    10.3702    33.8270    33.8290    25.9723    25.9744     4.9963     5.1803    152.185    157.788     1.6398     1.6020     0.0513     0.2571     3.2125     0.0452     0.0159 -123.16772   37.81332      38.39          7  0.000e+00
      22899    954.083     40.393     40.701    10.3778    10.3752  37.307778  37.307206    10.3730    10.3705    33.8271    33.8289    25.9724    25.9743     4.9911     5.1745    152.024    157.612     1.6386     1.6007     0.0525     0.2876     3.2125     0.0452     0.0159 -123.16772   37.81332      38.39          7  0.000e+00
      22900    954.125     40.334     40.641    10.3777    10.3754  37.307778  37.307399    10.3730    10.3707    33.8272    33.8290    25.9725    25.9743     4.9963     5.1687    152.185    157.435     1.6398     1.5995     0.0513     0.2571     3.2125     0.0440     0.0159 -123.16772   37.81332      38.39          7  0.000e+00
      22901    954.167     40.287     40.594    10.3774    10.3758  37.307777  37.307786    10.3727    10.3711    33.8275    33.8290    25.9728    25.9742     4.9963     5.1744    152.184    157.608     1.6398     1.6007     0.0513     0.2571     3.2125     0.0440     0.0159 -123.16772   37.81332      38.22          7  0.000e+00
      22902    954.208     40.387     40.694    10.3773    10.3762  37.307971  37.308108    10.3726    10.3715    33.8278    33.8289    25.9730    25.9741     4.9964     5.1744    152.186    157.609     1.6398     1.6007     0.0513     0.2571     3.2137     0.0452     0.0171 -123.16772   37.81332      38.05          7  0.000e+00
      22903    954.250     40.287     40.594    10.3771    10.3762  37.307584  37.308430    10.3724    10.3715    33.8276    33.8293    25.9729    25.9744     4.9963     5.1686    152.185    157.431     1.6398     1.5995     0.0513     0.2571     3.2137     0.0464     0.0171 -123.16772   37.81332      38.02          7  0.000e+00
      22904    954.292     40.334     40.641    10.3767    10.3764  37.307649  37.308237    10.3720    10.3717    33.8280    33.8289    25.9733    25.9741     4.9964     5.1743    152.187    157.607     1.6398     1.6007     0.0513     0.2571     3.2137     0.0501     0.0195 -123.16772   37.81332      38.05          7  0.000e+00
      22905    954.333     40.334     40.641    10.3765    10.3767  37.307520  37.308430    10.3717    10.3720    33.8281    33.8288    25.9734    25.9739     4.9964     5.1743    152.188    157.606     1.6398     1.6007     0.0513     0.2571     3.2125     0.0501     0.0195 -123.16772   37.81332      38.05          7  0.000e+00
      22906    954.375     40.287     40.594    10.3766    10.3767  37.307649  37.307786    10.3719    10.3720    33.8281    33.8282    25.9734    25.9735     4.9964     5.1685    152.186    157.430     1.6398     1.5995     0.0513     0.2571     3.2125     0.0501     0.0195 -123.16772   37.81332      38.05          7  0.000e+00
      22907    954.417     40.287     40.594    10.3765    10.3761  37.307262  37.307786    10.3717    10.3714    33.8279    33.8288    25.9732    25.9740     4.9964     5.1744    152.187    157.607     1.6398     1.6007     0.0513     0.2571     3.2137     0.0501     0.0195 -123.16772   37.81332      38.05          7  0.000e+00
      22908    954.458     40.334     40.641    10.3766    10.3756  37.307326  37.307593    10.3719    10.3708    33.8278    33.8290    25.9732    25.9743     4.9964     5.1802    152.188    157.785     1.6398     1.6020     0.0525     0.2876     3.2125     0.0501     0.0195 -123.16772   37.81332      38.02          7  0.000e+00
      22909    954.500     40.287     40.594    10.3766    10.3757  37.307455  37.307270    10.3719    10.3710    33.8280    33.8286    25.9733    25.9739     4.9964     5.1686    152.187    157.433     1.6398     1.5995     0.0513     0.2571     3.2125     0.0501     0.0195 -123.16772   37.81332      38.02          7  0.000e+00
      22910    954.542     40.334     40.641    10.3765    10.3754  37.307133  37.307206    10.3717    10.3707    33.8277    33.8288    25.9731    25.9742     4.9964     5.1745    152.188    157.611     1.6398     1.6007     0.0513     0.2571     3.2125     0.0501     0.0195 -123.16772   37.81332      38.02          7  0.000e+00
      22911    954.583     40.234     40.541    10.3765    10.3753  37.307068  37.307399    10.3718    10.3706    33.8277    33.8291    25.9731    25.9744     4.9964     5.1744    152.186    157.609     1.6398     1.6007     0.0501     0.2265     3.2137     0.0501     0.0195 -123.16772   37.81332      38.02          7  0.000e+00
      22912    954.625     40.287     40.594    10.3766    10.3754  37.307584  37.307786    10.3719    10.3707    33.8281    33.8294    25.9734    25.9746     4.9964     5.1687    152.187    157.434     1.6398     1.5995     0.0513     0.2571     3.2125     0.0501     0.0195 -123.16772   37.81332      38.02          7  0.000e+00
      22913    954.667     40.287     40.594    10.3763    10.3754  37.307262  37.307592    10.3716    10.3707    33.8281    33.8292    25.9734    25.9745     4.9964     5.1744    152.188    157.609     1.6398     1.6007     0.0501     0.2265     3.2137     0.0501     0.0195 -123.16772   37.81332      38.05          7  0.000e+00
      22914    954.708     40.234     40.541    10.3765    10.3754  37.307132  37.307786    10.3718    10.3707    33.8278    33.8294    25.9732    25.9746     4.9964     5.1686    152.186    157.433     1.6398     1.5995     0.0501     0.2265     3.2137     0.0501     0.0195 -123.16772   37.81332      38.05          7  0.000e+00
      22915    954.750     40.234     40.541    10.3761    10.3757  37.306552  37.307915    10.3714    10.3710    33.8275    33.8293    25.9730    25.9745     4.9964     5.1686    152.188    157.432     1.6398     1.5995     0.0501     0.2265     3.2125     0.0488     0.0195 -123.16772   37.81332      38.07          7  0.000e+00
      22916    954.792     40.234     40.541    10.3761    10.3762  37.306423  37.308108    10.3714    10.3715    33.8274    33.8290    25.9729    25.9742     5.0017     5.1743    152.349    157.606     1.6410     1.6007     0.0501     0.2265     3.2137     0.0501     0.0195 -123.16772   37.81332      38.07          7  0.000e+00
      22917    954.833     40.234     40.541    10.3759    10.3765  37.306681  37.308946    10.3712    10.3718    33.8278    33.8295    25.9733    25.9745     5.0017     5.1685    152.349    157.428     1.6410     1.5995     0.0513     0.2571     3.2125     0.0501     0.0195 -123.16772   37.81332      38.07          7  0.000e+00
      22918    954.875     40.234     40.541    10.3756    10.3770  37.306810  37.309203    10.3709    10.3723    33.8282    33.8293    25.9736    25.9743     4.9965     5.1684    152.189    157.427     1.6398     1.5995     0.0501     0.2265     3.2137     0.0501     0.0195 -123.16772   37.81332      38.07          7  0.000e+00
      22919    954.917     40.188     40.494    10.3756    10.3782  37.306230  37.310170    10.3709    10.3735    33.8276    33.8292    25.9732    25.9740     4.9964     5.1740    152.188    157.597     1.6398     1.6007     0.0501     0.2265     3.2137     0.0501     0.0195 -123.16772   37.81332      38.12          7  0.000e+00
      22920    954.958     40.188     40.494    10.3753    10.3795  37.306101  37.310943    10.3706    10.3748    33.8279    33.8288    25.9734    25.9734     4.9965     5.1681    152.189    157.417     1.6398     1.5995     0.0513     0.2571     3.2137     0.0501     0.0195 -123.16772   37.81332      38.17          7  0.000e+00
      22921    955.000     40.188     40.494    10.3750    10.3804  37.305907  37.311652    10.3703    10.3757    33.8280    33.8287    25.9736    25.9732     4.9965     5.1738    152.190    157.590     1.6398     1.6007     0.0501     0.2265     3.2137     0.0501     0.0195 -123.16772   37.81332      38.19          7  0.000e+00
      22922    955.042     40.188     40.494    10.3750    10.3803  37.306036  37.311072    10.3703    10.3756    33.8281    33.8282    25.9737    25.9728     5.0018     5.1738    152.351    157.590     1.6410     1.6007     0.0501     0.2265     3.2137     0.0501     0.0195 -123.16772   37.81332      38.19          7  0.000e+00
      22923    955.083     40.141     40.447    10.3746    10.3799  37.305585  37.310556    10.3699    10.3752    33.8279    33.8281    25.9736    25.9728     5.0018     5.1681    152.352    157.416     1.6410     1.5995     0.0501     0.2265     3.2125     0.0501     0.0195 -123.16772   37.81332      38.17          7  0.000e+00
      22924    955.125     40.141     40.447    10.3746    10.3797  37.305649  37.310492    10.3699    10.3750    33.8280    33.8282    25.9737    25.9730     5.0018     5.1681    152.352    157.416     1.6410     1.5995     0.0501     0.2265     3.2125     0.0501     0.0195 -123.16772   37.81332      38.17          7  0.000e+00
      22925    955.167     40.188     40.494    10.3745    10.3802  37.305262  37.311265    10.3698    10.3755    33.8278    33.8285    25.9735    25.9731     5.0019     5.1738    152.353    157.590     1.6410     1.6007     0.0501     0.2265     3.2125     0.0501     0.0195 -123.16772   37.81332      38.36          7  0.000e+00
      22960    956.625     39.751     40.053    10.3714    10.3797  37.302875  37.310297    10.3667    10.3750    33.8284    33.8282    25.9745    25.9729     5.0019     5.1736    152.355    157.584     1.6410     1.6007     0.0513     0.2571     3.2125     0.0452     0.0171 -123.16772   37.81332      38.44          8  0.000e+00
      22961    956.667     39.843     40.147    10.3714    10.3802  37.302618  37.310619    10.3667    10.3755    33.8281    33.8280    25.9743    25.9727     5.0020     5.1793    152.357    157.759     1.6410     1.6020     0.0501     0.2265     3.2137     0.0476     0.0171 -123.16772   37.81332      38.63          8  0.000e+00
      22962    956.708     39.751     40.053    10.3715    10.3800  37.303262  37.310297    10.3669    10.3753    33.8287    33.8279    25.9747    25.9726     5.0019     5.1736    152.354    157.583     1.6410     1.6007     0.0501     0.2265     3.2137     0.0464     0.0171 -123.16772   37.81332      38.80          8  0.000e+00
      22963    956.750     39.843     40.147    10.3718    10.3802  37.303262  37.310877    10.3672    10.3755    33.8284    33.8283    25.9744    25.9729     5.0019     5.1678    152.355    157.408     1.6410     1.5995     0.0501     0.2265     3.2125     0.0464     0.0171 -123.16772   37.81332      38.85          8  0.000e+00
      22964    956.792     39.757     40.060    10.3722    10.3801  37.303133  37.310619    10.3675    10.3755    33.8279    33.8281    25.9740    25.9728     5.0018     5.1735    152.353    157.582     1.6410     1.6007     0.0501     0.2265     3.2125     0.0464     0.0171 -123.16772   37.81332      38.85          8  0.000e+00
      22965    956.833     39.797     40.100    10.3722    10.3804  37.303391  37.310941    10.3675    10.3757    33.8282    33.8282    25.9742    25.9728     5.0019     5.1735    152.353    157.582     1.6410     1.6007     0.0501     0.2265     3.2125     0.0452     0.0159 -123.16772   37.81332      38.83          8  0.000e+00
      22966    956.875     39.751     40.053    10.3723    10.3804  37.303713  37.310877    10.3677    10.3757    33.8284    33.8281    25.9743    25.9728     5.0018     5.1793    152.351    157.757     1.6410     1.6020     0.0513     0.2571     3.2125     0.0452     0.0159 -123.16772   37.81332      38.83          8  0.000e+00
      22967    956.917     39.797     40.100    10.3725    10.3804  37.303843  37.310555    10.3679    10.3757    33.8283    33.8278    25.9743    25.9725     5.0018     5.1678    152.352    157.407     1.6410     1.5995     0.0501     0.2265     3.2137     0.0452     0.0159 -123.16772   37.81332      38.71          8  0.000e+00
      22968    956.958     39.797     40.100    10.3723    10.3800  37.303585  37.310684    10.3677    10.3753    33.8282    33.8283    25.9742    25.9729     5.0018     5.1736    152.353    157.584     1.6410     1.6007     0.0513     0.2571     3.2125     0.0452     0.0159 -123.16772   37.81332      38.56          8  0.000e+00
      22969    957.000     39.751     40.053    10.3725    10.3800  37.303455  37.310812    10.3679    10.3753    33.8280    33.8284    25.9740    25.9730     5.0018     5.1735    152.351    157.582     1.6410     1.6007     0.0501     0.2265     3.2137     0.0452     0.0159 -123.16772   37.81332      38.56          8  0.000e+00
      22970    957.042     39.751     40.053    10.3723    10.3798  37.303455  37.310555    10.3677    10.3752    33.8281    33.8283    25.9741    25.9730     5.0018     5.1793    152.352    157.759     1.6410     1.6020     0.0501     0.2265     3.2125     0.0452     0.0159 -123.16772   37.81332      38.56          8  0.000e+00
      22971    957.083     39.797     40.100    10.3723    10.3797  37.303972  37.310684    10.3677    10.3750    33.8286    33.8286    25.9745    25.9732     5.0018     5.1736    152.352    157.584     1.6410     1.6007     0.0501     0.2265     3.2125     0.0452     0.0159 -123.16772   37.81332      38.56          8  0.000e+00
      22972    957.125     39.751     40.053    10.3725    10.3793  37.303907  37.310297    10.3679    10.3747    33.8284    33.8285    25.9743    25.9732     5.0018     5.1736    152.351    157.585     1.6410     1.6007     0.0501     0.2265     3.2125     0.0452     0.0159 -123.16772   37.81332      38.56          8  0.000e+00
      22973    957.167     39.751     40.053    10.3722    10.3793  37.303584  37.310361    10.3675    10.3747    33.8284    33.8286    25.9744    25.9733     4.9965     5.1794    152.191    157.760     1.6398     1.6020     0.0501     0.2265     3.2137     0.0452     0.0159 -123.16772   37.81332      38.66          8  0.000e+00
      22974    957.208     39.843     40.147    10.3722    10.3793  37.303456  37.310233    10.3675    10.3747    33.8282    33.8284    25.9742    25.9731     5.0019     5.1794    152.354    157.762     1.6410     1.6020     0.0501     0.2265     3.2137     0.0464     0.0159 -123.16772   37.81332      38.78          8  0.000e+00
      22975    957.250     39.751     40.053    10.3725    10.3795  37.303455  37.310619    10.3679    10.3748    33.8280    33.8287    25.9740    25.9734     5.0018     5.1736    152.351    157.584     1.6410     1.6007     0.0501     0.2265     3.2125     0.0464     0.0171 -123.16772   37.81332      38.78          8  0.000e+00
