West Coast/WCOA-7/CTD_Data/RB2102_CTD_105_01.ros
* Sea-Bird SBE 9 Data File:
* FileName = C:\Users\scs.user.rb\CTD\RB2102\Data\RB2102_CTD_105_01.hex
* Software Version Seasave V 7.26.7.107
* Temperature SN = 6202
* Conductivity SN = 4907
* Number of Bytes Per Scan = 41
* Number of Voltage Words = 4
* Number of Scans Averaged by the Deck Unit = 1
* NMEA Latitude = 35 28.62 N
* NMEA Longitude = 121 36.70 W
* NMEA UTC (Time) = Jul 15 2021  18:54:04
* NMEA baud rate = 4800
# nquan = 30
# nvalues = 991                                   
# units = specified
# name 0 = scan: Scan Count
# name 1 = timeS: Time, Elapsed [seconds]
# name 2 = depSM: Depth [salt water, m]
# name 3 = prDM: Pressure, Digiquartz [db]
# name 4 = t090C: Temperature [ITS-90, deg C]
# name 5 = t190C: Temperature, 2 [ITS-90, deg C]
# name 6 = c0mS/cm: Conductivity [mS/cm]
# name 7 = c1mS/cm: Conductivity, 2 [mS/cm]
# name 8 = potemp090C: Potential Temperature [ITS-90, deg C]
# name 9 = potemp190C: Potential Temperature, 2 [ITS-90, deg C]
# name 10 = sal00: Salinity, Practical [PSU]
# name 11 = sal11: Salinity, Practical, 2 [PSU]
# name 12 = sigma-é00: Density [sigma-theta, kg/m^3]
# name 13 = sigma-é11: Density, 2 [sigma-theta, kg/m^3]
# name 14 = sbeox0Mg/L: Oxygen, SBE 43 [mg/l]
# name 15 = sbeox1Mg/L: Oxygen, SBE 43, 2 [mg/l]
# name 16 = sbox0Mm/Kg: Oxygen, SBE 43 [umol/kg]
# name 17 = sbox1Mm/Kg: Oxygen, SBE 43, 2 [umol/kg]
# name 18 = sbeox0V: Oxygen raw, SBE 43 [V]
# name 19 = sbeox1V: Oxygen raw, SBE 43, 2 [V]
# name 20 = v4: Voltage 4
# name 21 = flECO-AFL: Fluorescence, WET Labs ECO-AFL/FL [mg/m^3]
# name 22 = v3: Voltage 3
# name 23 = v6: Voltage 6
# name 24 = v7: Voltage 7
# name 25 = longitude: Longitude [deg]
# name 26 = latitude: Latitude [deg]
# name 27 = altM: Altimeter [m]
# name 28 = nbf: Bottles Fired
# name 29 = flag:  0.000e+00
# interval = seconds: 0.0416667
# start_time = Jul 15 2021 18:54:04 [NMEA time, header]
# bad_flag = -9.990e-29
*END*
[from data line 581]
      94257   3927.333     59.518     59.962    10.2270    10.2294  37.217172  37.219685    10.2200    10.2225    33.8675    33.8678    26.0302    26.0300     3.7634     3.8657    114.624    117.741     1.3504     1.3187     0.0415     0.0129     3.1832     0.0488     0.0427 -121.61352   35.47558      99.63         13  0.000e+00
      94258   3927.375     59.538     59.982    10.2272    10.2296  37.217107  37.219749    10.2203    10.2227    33.8672    33.8677    26.0300    26.0299     3.7634     3.8657    114.624    117.741     1.3504     1.3187     0.0415     0.0129     3.1844     0.0476     0.0391 -121.61352   35.47558      99.61         13  0.000e+00
      94259   3927.417     59.565     60.009    10.2269    10.2292  37.217107  37.219814    10.2200    10.2222    33.8675    33.8681    26.0303    26.0303     3.7634     3.8658    114.625    117.742     1.3504     1.3187     0.0415     0.0129     3.1844     0.0476     0.0403 -121.61352   35.47558      99.61         13  0.000e+00
      94260   3927.458     59.492     59.936    10.2268    10.2292  37.216849  37.219556    10.2199    10.2223    33.8673    33.8678    26.0301    26.0301     3.7634     3.8657    114.625    117.741     1.3504     1.3187     0.0415     0.0129     3.1844     0.0476     0.0403 -121.61352   35.47558      99.63         13  0.000e+00
      94261   3927.500     59.565     60.009    10.2269    10.2289  37.216785  37.219492    10.2200    10.2220    33.8672    33.8680    26.0300    26.0303     3.7634     3.8600    114.626    117.566     1.3504     1.3175     0.0415     0.0129     3.1844     0.0476     0.0391 -121.61352   35.47558      99.63         13  0.000e+00
      94262   3927.542     59.492     59.936    10.2265    10.2288  37.216978  37.219492    10.2196    10.2219    33.8678    33.8681    26.0305    26.0304     3.7634     3.8658    114.625    117.742     1.3504     1.3187     0.0415     0.0129     3.1844     0.0488     0.0415 -121.61352   35.47558      99.61         13  0.000e+00
      94263   3927.583     59.538     59.982    10.2266    10.2284  37.216850  37.218977    10.2197    10.2215    33.8675    33.8680    26.0303    26.0303     3.7634     3.8658    114.626    117.744     1.3504     1.3187     0.0415     0.0129     3.1844     0.0488     0.0427 -121.61352   35.47558      99.61         13  0.000e+00
      94264   3927.625     59.518     59.962    10.2267    10.2284  37.216978  37.219041    10.2198    10.2215    33.8676    33.8680    26.0303    26.0304     3.7634     3.8658    114.625    117.743     1.3504     1.3187     0.0415     0.0129     3.1832     0.0476     0.0391 -121.61352   35.47558      99.63         13  0.000e+00
      94265   3927.667     59.538     59.982    10.2269    10.2282  37.217301  37.219170    10.2200    10.2213    33.8677    33.8683    26.0304    26.0307     3.7634     3.8600    114.625    117.567     1.3504     1.3175     0.0415     0.0129     3.1844     0.0464     0.0366 -121.61352   35.47558      99.63         13  0.000e+00
      94266   3927.708     59.518     59.962    10.2270    10.2284  37.217172  37.219427    10.2201    10.2215    33.8675    33.8685    26.0302    26.0308     3.7634     3.8600    114.624    117.566     1.3504     1.3175     0.0415     0.0129     3.1844     0.0476     0.0403 -121.61352   35.47558      99.61         13  0.000e+00
      94267   3927.750     59.538     59.982    10.2270    10.2282  37.217107  37.219170    10.2200    10.2213    33.8674    33.8683    26.0302    26.0307     3.7634     3.8658    114.625    117.744     1.3504     1.3187     0.0415     0.0129     3.1832     0.0488     0.0415 -121.61352   35.47558      99.63         13  0.000e+00
      94268   3927.792     59.518     59.962    10.2270    10.2284  37.217107  37.219685    10.2201    10.2215    33.8674    33.8687    26.0301    26.0309     3.7634     3.8600    114.624    117.566     1.3504     1.3175     0.0415     0.0129     3.1844     0.0488     0.0403 -121.61352   35.47558      99.61         13  0.000e+00
      94269   3927.833     59.538     59.982    10.2272    10.2287  37.217107  37.219299    10.2203    10.2218    33.8672    33.8680    26.0300    26.0304     3.7634     3.8658    114.624    117.743     1.3504     1.3187     0.0415     0.0129     3.1844     0.0501     0.0440 -121.61352   35.47558      99.63         13  0.000e+00
      94270   3927.875     59.518     59.962    10.2271    10.2289  37.217300  37.219427    10.2202    10.2220    33.8675    33.8680    26.0302    26.0303     3.7634     3.8658    114.624    117.742     1.3504     1.3187     0.0415     0.0129     3.1844     0.0501     0.0427 -121.61352   35.47558      99.61         13  0.000e+00
      94271   3927.917     59.538     59.982    10.2272    10.2289  37.217429  37.219749    10.2203    10.2220    33.8676    33.8683    26.0302    26.0305     3.7634     3.8600    114.624    117.565     1.3504     1.3175     0.0415     0.0129     3.1844     0.0501     0.0415 -121.61352   35.47558      99.63         13  0.000e+00
      94272   3927.958     59.538     59.983    10.2272    10.2291  37.217172  37.219814    10.2203    10.2221    33.8673    33.8682    26.0300    26.0304     3.7634     3.8600    114.624    117.565     1.3504     1.3175     0.0415     0.0129     3.1844     0.0488     0.0415 -121.61352   35.47558      99.61         13  0.000e+00
      94273   3928.000     59.518     59.962    10.2268    10.2293  37.216849  37.219878    10.2199    10.2224    33.8673    33.8680    26.0301    26.0302     3.7634     3.8599    114.625    117.564     1.3504     1.3175     0.0415     0.0129     3.1844     0.0488     0.0391 -121.61352   35.47558      99.63         13  0.000e+00
      94274   3928.042     59.538     59.983    10.2270    10.2291  37.216978  37.220071    10.2201    10.2221    33.8673    33.8685    26.0300    26.0306     3.7634     3.8657    114.625    117.741     1.3504     1.3187     0.0415     0.0129     3.1844     0.0488     0.0415 -121.61352   35.47558      99.63         13  0.000e+00
      94275   3928.083     59.518     59.963    10.2269    10.2292  37.217107  37.219942    10.2200    10.2223    33.8675    33.8682    26.0303    26.0304     3.7634     3.8599    114.625    117.564     1.3504     1.3175     0.0415     0.0129     3.1844     0.0513     0.0452 -121.61352   35.47558      99.61         13  0.000e+00
      94276   3928.125     59.538     59.983    10.2270    10.2293  37.217107  37.219556    10.2201    10.2224    33.8674    33.8677    26.0301    26.0300     3.7634     3.8657    114.625    117.741     1.3504     1.3187     0.0415     0.0129     3.1832     0.0488     0.0415 -121.61352   35.47558      99.63         13  0.000e+00
      94277   3928.167     59.519     59.963    10.2270    10.2292  37.217300  37.219749    10.2200    10.2223    33.8676    33.8680    26.0303    26.0302     3.7634     3.8657    114.624    117.741     1.3504     1.3187     0.0415     0.0129     3.1844     0.0488     0.0403 -121.61352   35.47558      99.63         13  0.000e+00
      94278   3928.208     59.538     59.983    10.2270    10.2292  37.217429  37.219299    10.2201    10.2223    33.8677    33.8675    26.0304    26.0299     3.7634     3.8600    114.624    117.565     1.3504     1.3175     0.0415     0.0129     3.1844     0.0488     0.0403 -121.61352   35.47558      99.61         13  0.000e+00
      94279   3928.250     59.538     59.983    10.2270    10.2292  37.217172  37.219685    10.2201    10.2223    33.8675    33.8679    26.0302    26.0302     3.7634     3.8599    114.625    117.565     1.3504     1.3175     0.0415     0.0129     3.1832     0.0488     0.0415 -121.61352   35.47558      99.63         13  0.000e+00
      94280   3928.292     59.565     60.009    10.2273    10.2290  37.217301  37.219621    10.2204    10.2221    33.8673    33.8681    26.0300    26.0303     3.7634     3.8600    114.624    117.566     1.3504     1.3175     0.0415     0.0129     3.1832     0.0476     0.0403 -121.61352   35.47558      99.63         13  0.000e+00
      94281   3928.333     59.538     59.983    10.2273    10.2289  37.217623  37.219492    10.2204    10.2220    33.8676    33.8680    26.0303    26.0303     3.7634     3.8600    114.624    117.566     1.3504     1.3175     0.0415     0.0129     3.1844     0.0488     0.0403 -121.61352   35.47558      99.61         13  0.000e+00
      94282   3928.375     59.519     59.963    10.2275    10.2286  37.217494  37.219299    10.2206    10.2216    33.8673    33.8682    26.0300    26.0305     3.7634     3.8600    114.623    117.566     1.3504     1.3175     0.0415     0.0129     3.1844     0.0476     0.0403 -121.61352   35.47558      99.61         13  0.000e+00
      94283   3928.417     59.592     60.036    10.2275    10.2288  37.217623  37.218848    10.2205    10.2219    33.8675    33.8674    26.0301    26.0299     3.7634     3.8600    114.624    117.567     1.3504     1.3175     0.0415     0.0129     3.1832     0.0476     0.0403 -121.61352   35.47558      99.63         13  0.000e+00
      94284   3928.458     59.565     60.009    10.2270    10.2287  37.216978  37.219363    10.2201    10.2218    33.8673    33.8681    26.0300    26.0304     3.7634     3.8600    114.625    117.567     1.3504     1.3175     0.0415     0.0129     3.1844     0.0476     0.0391 -121.61352   35.47558      99.61         13  0.000e+00
      94285   3928.500     59.539     59.983    10.2267    10.2287  37.216785  37.219492    10.2198    10.2218    33.8674    33.8682    26.0302    26.0305     3.7634     3.8600    114.626    117.566     1.3504     1.3175     0.0415     0.0129     3.1832     0.0464     0.0379 -121.61352   35.47558      99.63         13  0.000e+00
      94286   3928.542     59.611     60.056    10.2261    10.2286  37.216206  37.218977    10.2192    10.2216    33.8673    33.8678    26.0302    26.0302     3.7635     3.8601    114.628    117.568     1.3504     1.3175     0.0415     0.0129     3.1844     0.0452     0.0366 -121.61352   35.47558      99.63         13  0.000e+00
      94287   3928.583     59.539     59.983    10.2255    10.2282  37.216077  37.218784    10.2186    10.2213    33.8677    33.8680    26.0306    26.0304     3.7635     3.8600    114.628    117.568     1.3504     1.3175     0.0415     0.0129     3.1844     0.0464     0.0379 -121.61352   35.47558      99.63         13  0.000e+00
      94288   3928.625     59.592     60.036    10.2254    10.2278  37.215819  37.218591    10.2184    10.2208    33.8676    33.8682    26.0306    26.0306     3.7636     3.8601    114.630    117.570     1.3504     1.3175     0.0415     0.0129     3.1844     0.0464     0.0379 -121.61352   35.47558      99.63         13  0.000e+00
      94289   3928.667     59.565     60.010    10.2249    10.2281  37.215239  37.219041    10.2179    10.2212    33.8675    33.8683    26.0306    26.0307     3.7636     3.8601    114.631    117.568     1.3504     1.3175     0.0415     0.0129     3.1844     0.0464     0.0379 -121.61352   35.47558      99.63         13  0.000e+00
      94290   3928.708     59.638     60.083    10.2247    10.2280  37.215304  37.218848    10.2178    10.2211    33.8677    33.8681    26.0308    26.0305     3.7637     3.8601    114.632    117.569     1.3504     1.3175     0.0415     0.0129     3.1844     0.0464     0.0379 -121.61352   35.47558      99.61         13  0.000e+00
      94291   3928.750     59.565     60.010    10.2244    10.2279  37.215175  37.219363    10.2175    10.2210    33.8679    33.8688    26.0309    26.0311     3.7636     3.8601    114.631    117.568     1.3504     1.3175     0.0415     0.0129     3.1832     0.0464     0.0379 -121.61352   35.47558      99.63         13  0.000e+00
      97685   4070.167     49.750     50.120    10.5993    10.5986  37.502099  37.502305    10.5934    10.5927    33.8128    33.8137    25.9230    25.9238     4.0554     4.1559    123.530    126.592     1.4261     1.3883     0.0427     0.0434     3.1819     0.0452     0.0354 -121.61358   35.47552      99.58         14  0.000e+00
      97686   4070.208     49.703     50.073    10.5993    10.5984  37.502098  37.501788    10.5934    10.5925    33.8129    33.8133    25.9230    25.9235     4.0554     4.1559    123.529    126.592     1.4261     1.3883     0.0427     0.0434     3.1819     0.0476     0.0379 -121.61358   35.47552      99.58         14  0.000e+00
      97687   4070.250     49.750     50.120    10.5986    10.5978  37.501969  37.502175    10.5927    10.5919    33.8133    33.8143    25.9235    25.9244     4.0607     4.1560    123.692    126.594     1.4274     1.3883     0.0427     0.0434     3.1832     0.0488     0.0391 -121.61358   35.47552      99.56         14  0.000e+00
      97688   4070.292     49.730     50.100    10.5981    10.5975  37.500806  37.502111    10.5922    10.5916    33.8126    33.8144    25.9231    25.9246     4.0555     4.1560    123.533    126.594     1.4261     1.3883     0.0427     0.0434     3.1807     0.0488     0.0379 -121.61358   35.47552      91.28         14  0.000e+00
      97689   4070.333     49.703     50.073    10.5976    10.5978  37.500806  37.502175    10.5917    10.5919    33.8131    33.8143    25.9235    25.9244     4.0555     4.1617    123.534    126.768     1.4261     1.3895     0.0427     0.0434     3.1807     0.0488     0.0391 -121.61358   35.47552      80.32         14  0.000e+00
      97690   4070.375     49.796     50.166    10.5973    10.5974  37.500419  37.502305    10.5914    10.5915    33.8130    33.8147    25.9235    25.9248     4.0556     4.1617    123.536    126.770     1.4261     1.3895     0.0427     0.0434     3.1807     0.0488     0.0379 -121.61358   35.47552      77.83         14  0.000e+00
      97691   4070.417     49.750     50.120    10.5966    10.5973  37.500290  37.502563    10.5907    10.5914    33.8135    33.8151    25.9240    25.9252     4.0609     4.1560    123.697    126.594     1.4274     1.3883     0.0427     0.0434     3.1807     0.0488     0.0379 -121.61358   35.47552      78.41         14  0.000e+00
      97692   4070.458     49.750     50.120    10.5963    10.5978  37.499902  37.502821    10.5904    10.5919    33.8134    33.8149    25.9240    25.9249     4.0609     4.1559    123.698    126.593     1.4274     1.3883     0.0427     0.0434     3.1807     0.0488     0.0379 -121.61358   35.47552      78.90         14  0.000e+00
      97693   4070.500     49.783     50.153    10.5961    10.5982  37.499579  37.502951    10.5902    10.5923    33.8132    33.8146    25.9238    25.9246     4.0609     4.1559    123.699    126.593     1.4274     1.3883     0.0427     0.0434     3.1819     0.0488     0.0379 -121.61358   35.47552      79.00         14  0.000e+00
      97694   4070.542     49.750     50.120    10.5956    10.5988  37.499579  37.503209    10.5897    10.5929    33.8137    33.8144    25.9243    25.9243     4.0610     4.1559    123.700    126.591     1.4274     1.3883     0.0427     0.0434     3.1819     0.0501     0.0415 -121.61358   35.47552      87.59         14  0.000e+00
      97695   4070.583     49.796     50.166    10.5953    10.5989  37.499708  37.503532    10.5894    10.5930    33.8141    33.8146    25.9247    25.9245     4.0610     4.1616    123.701    126.766     1.4274     1.3895     0.0427     0.0434     3.1807     0.0513     0.0440 -121.61358   35.47552      98.58         14  0.000e+00
      97696   4070.625     49.750     50.120    10.5950    10.5992  37.498868  37.503273    10.5891    10.5933    33.8136    33.8140    25.9243    25.9239     4.0610     4.1616    123.702    126.764     1.4274     1.3895     0.0427     0.0434     3.1832     0.0513     0.0427 -121.61358   35.47552     100.00         14  0.000e+00
