West Coast/WCOA-7/CTD_Data/RB2102_CTD_082_01.ros
* Sea-Bird SBE 9 Data File:
* FileName = C:\Users\scs.user.rb\CTD\RB2102\Data\RB2102_CTD_082_01.hex
* Software Version Seasave V 7.26.7.107
* Temperature SN = 6202
* Conductivity SN = 4907
* Number of Bytes Per Scan = 41
* Number of Voltage Words = 4
* Number of Scans Averaged by the Deck Unit = 1
* NMEA Latitude = 37 58.21 N
* NMEA Longitude = 122 49.72 W
* NMEA UTC (Time) = Jul 11 2021  03:23:02
* NMEA baud rate = 4800
# nquan = 30
# nvalues = 588                                   
# units = specified
# name 0 = scan: Scan Count
# name 1 = timeS: Time, Elapsed [seconds]
# name 2 = depSM: Depth [salt water, m]
# name 3 = prDM: Pressure, Digiquartz [db]
# name 4 = t090C: Temperature [ITS-90, deg C]
# name 5 = t190C: Temperature, 2 [ITS-90, deg C]
# name 6 = c0mS/cm: Conductivity [mS/cm]
# name 7 = c1mS/cm: Conductivity, 2 [mS/cm]
# name 8 = potemp090C: Potential Temperature [ITS-90, deg C]
# name 9 = potemp190C: Potential Temperature, 2 [ITS-90, deg C]
# name 10 = sal00: Salinity, Practical [PSU]
# name 11 = sal11: Salinity, Practical, 2 [PSU]
# name 12 = sigma-é00: Density [sigma-theta, kg/m^3]
# name 13 = sigma-é11: Density, 2 [sigma-theta, kg/m^3]
# name 14 = sbeox0Mg/L: Oxygen, SBE 43 [mg/l]
# name 15 = sbeox1Mg/L: Oxygen, SBE 43, 2 [mg/l]
# name 16 = sbox0Mm/Kg: Oxygen, SBE 43 [umol/kg]
# name 17 = sbox1Mm/Kg: Oxygen, SBE 43, 2 [umol/kg]
# name 18 = sbeox0V: Oxygen raw, SBE 43 [V]
# name 19 = sbeox1V: Oxygen raw, SBE 43, 2 [V]
# name 20 = v4: Voltage 4
# name 21 = flECO-AFL: Fluorescence, WET Labs ECO-AFL/FL [mg/m^3]
# name 22 = v3: Voltage 3
# name 23 = v6: Voltage 6
# name 24 = v7: Voltage 7
# name 25 = longitude: Longitude [deg]
# name 26 = latitude: Latitude [deg]
# name 27 = altM: Altimeter [m]
# name 28 = nbf: Bottles Fired
# name 29 = flag:  0.000e+00
# interval = seconds: 0.0416667
# start_time = Jul 11 2021 03:23:02 [NMEA time, header]
# bad_flag = -9.990e-29
*END*
[from data line 242]
      18355    764.750     14.805     14.918    10.9654    10.8814  37.861199  37.784333    10.9636    10.8796    33.8487    33.8497    25.8855    25.9013     5.8717     6.0607    178.863    184.617     1.8645     1.8083     0.1294     2.2107     3.3175     0.1331     0.1380 -122.82878   37.97022      20.95          5  0.000e+00
      18356    764.792     14.812     14.924    10.9672    10.8847  37.859123  37.785563    10.9654    10.8829    33.8450    33.8479    25.8823    25.8993     5.8768     6.0603    179.019    184.606     1.8657     1.8083     0.1294     2.2107     3.3175     0.1319     0.1380 -122.82878   37.97022      20.95          5  0.000e+00
      18357    764.833     14.805     14.918    10.9768    10.8873  37.859057  37.786729    10.9750    10.8856    33.8361    33.8466    25.8737    25.8978     5.8759     6.0543    178.993    184.423     1.8657     1.8071     0.1294     2.2107     3.3175     0.1331     0.1380 -122.82878   37.97022      20.95          5  0.000e+00
      18415    767.250     14.898     15.011    11.0126    10.9407  37.909921  37.838623    11.0108    10.9389    33.8536    33.8490    25.8809    25.8902     5.9278     6.0638    180.573    184.713     1.8791     1.8107     0.1184     1.9359     3.3175     0.1319     0.1392 -122.82878   37.97022      20.81          6  0.000e+00
      18416    767.292     15.103     15.218    11.0136    10.9445  37.909987  37.841993    11.0117    10.9427    33.8527    33.8488    25.8800    25.8893     5.9279     6.0691    180.575    184.875     1.8791     1.8120     0.1184     1.9359     3.3162     0.1319     0.1380 -122.82878   37.97022      20.78          6  0.000e+00
      18417    767.333     14.951     15.064    11.0172    10.9450  37.914075  37.842770    11.0154    10.9432    33.8535    33.8492    25.8800    25.8895     5.9272     6.0689    180.556    184.869     1.8791     1.8120     0.1184     1.9359     3.3162     0.1319     0.1380 -122.82878   37.97022      20.78          6  0.000e+00
      18418    767.375     14.898     15.011    11.0238    10.9369  37.919721  37.839790    11.0220    10.9351    33.8530    33.8537    25.8784    25.8945     5.9263     6.0698    180.529    184.896     1.8791     1.8120     0.1184     1.9359     3.3175     0.1319     0.1380 -122.82878   37.97022      20.78          6  0.000e+00
      18419    767.417     14.958     15.071    11.0263    10.9192  37.922122  37.831821    11.0244    10.9174    33.8532    33.8621    25.8781    25.9042     5.9261     6.0720    180.520    184.962     1.8791     1.8120     0.1184     1.9359     3.3175     0.1319     0.1380 -122.82878   37.97022      20.78          6  0.000e+00
      18420    767.458     14.997     15.111    11.0248    10.9016  37.916346  37.822426    11.0230    10.8998    33.8487    33.8690    25.8749    25.9127     5.9264     6.0743    180.533    185.029     1.8791     1.8120     0.1184     1.9359     3.3175     0.1319     0.1380 -122.82878   37.97022      20.78          6  0.000e+00
      18421    767.500     14.951     15.064    11.0253    10.8934  37.907908  37.816142    11.0235    10.8916    33.8399    33.8703    25.8680    25.9151     5.9267     6.0753    180.541    185.061     1.8791     1.8120     0.1184     1.9359     3.3175     0.1319     0.1368 -122.82878   37.97022      20.78          6  0.000e+00
      18422    767.542     15.004     15.118    11.0135    10.8920  37.905054  37.813874    11.0116    10.8902    33.8480    33.8694    25.8764    25.9147     5.9280     6.0756    180.579    185.069     1.8791     1.8120     0.1184     1.9359     3.3175     0.1319     0.1368 -122.82878   37.97022      20.78          6  0.000e+00
      18423    767.583     14.997     15.111    11.0067    10.8915  37.910766  37.810959    11.0049    10.8897    33.8599    33.8669    25.8868    25.9128     5.9336     6.0758    180.749    185.074     1.8803     1.8120     0.1184     1.9359     3.3175     0.1319     0.1380 -122.82878   37.97022      20.78          6  0.000e+00
      18424    767.625     14.951     15.064    11.0151    10.8926  37.921020  37.808431    11.0133    10.8908    33.8624    33.8634    25.8873    25.9099     5.9272     6.0814    180.553    185.246     1.8791     1.8132     0.1209     1.9970     3.3162     0.1331     0.1392 -122.82878   37.97022      20.78          6  0.000e+00
      18425    767.667     14.958     15.071    11.0231    10.8972  37.930237  37.808625    11.0213    10.8954    33.8641    33.8593    25.8872    25.9059     5.9261     6.0809    180.519    185.232     1.8791     1.8132     0.1258     2.1191     3.3175     0.1331     0.1392 -122.82878   37.97022      20.78          6  0.000e+00
      18426    767.708     14.951     15.064    11.0297    10.9000  37.936922  37.811605    11.0279    10.8982    33.8647    33.8597    25.8865    25.9057     5.9304     6.0805    180.650    185.219     1.8803     1.8132     0.1270     2.1496     3.3175     0.1331     0.1392 -122.82878   37.97022      20.78          6  0.000e+00
      18427    767.750     15.004     15.118    11.0384    10.9025  37.941141  37.814715    11.0365    10.9007    33.8609    33.8604    25.8819    25.9058     5.9294     6.0801    180.622    185.209     1.8803     1.8132     0.1270     2.1496     3.3162     0.1331     0.1392 -122.82878   37.97022      20.81          6  0.000e+00
      18428    767.792     14.951     15.064    11.0460    10.9052  37.941854  37.817242    11.0441    10.9034    33.8546    33.8605    25.8757    25.9054     5.9286     6.0797    180.598    185.196     1.8803     1.8132     0.1270     2.1496     3.3175     0.1331     0.1380 -122.82878   37.97022      20.81          6  0.000e+00
      18429    767.833     14.951     15.064    11.0513    10.9048  37.939776  37.819056    11.0494    10.9030    33.8477    33.8627    25.8693    25.9072     5.9282     6.0797    180.586    185.195     1.8803     1.8132     0.1270     2.1496     3.3175     0.1319     0.1392 -122.82878   37.97022      20.81          6  0.000e+00
      18430    767.875     14.958     15.071    11.0522    10.9040  37.936335  37.822232    11.0504    10.9022    33.8434    33.8666    25.8658    25.9104     5.9282     6.0797    180.588    185.193     1.8803     1.8132     0.1270     2.1496     3.3162     0.1319     0.1380 -122.82878   37.97022      20.81          6  0.000e+00
      18431    767.917     14.951     15.064    11.0509    10.9052  37.932895  37.826120    11.0491    10.9034    33.8411    33.8694    25.8643    25.9123     5.9285     6.0794    180.596    185.184     1.8803     1.8132     0.1270     2.1496     3.3175     0.1319     0.1380 -122.82878   37.97022      20.81          6  0.000e+00
      18432    767.958     14.951     15.064    11.0479    10.9093  37.931856  37.829942    11.0461    10.9074    33.8429    33.8694    25.8662    25.9117     5.9288     6.0788    180.605    185.167     1.8803     1.8132     0.1270     2.1496     3.3175     0.1331     0.1380 -122.82878   37.97022      20.81          6  0.000e+00
      18433    768.000     14.958     15.071    11.0460    10.9152  37.932765  37.834025    11.0441    10.9134    33.8456    33.8679    25.8686    25.9094     5.9289     6.0780    180.610    185.144     1.8803     1.8132     0.1270     2.1496     3.3175     0.1331     0.1380 -122.82878   37.97022      20.81          6  0.000e+00
      18434    768.042     14.997     15.111    11.0463    10.9204  37.935817  37.834867    11.0445    10.9185    33.8483    33.8640    25.8707    25.9055     5.9288     6.0831    180.606    185.300     1.8803     1.8144     0.1270     2.1496     3.3175     0.1331     0.1392 -122.82878   37.97022      20.83          6  0.000e+00
      18435    768.083     14.898     15.011    11.0450    10.9234  37.941270  37.831755    11.0432    10.9216    33.8550    33.8582    25.8761    25.9004     5.9287     6.0829    180.600    185.293     1.8803     1.8144     0.1270     2.1496     3.3162     0.1319     0.1380 -122.82878   37.97022      20.83          6  0.000e+00
      18436    768.125     14.958     15.071    11.0457    10.9230  37.947243  37.826765    11.0438    10.9212    33.8603    33.8535    25.8801    25.8968     5.9336     6.0831    180.751    185.302     1.8816     1.8144     0.1270     2.1496     3.3162     0.1319     0.1380 -122.82878   37.97022      20.83          6  0.000e+00
      18437    768.167     14.951     15.064    11.0474    10.9212  37.950749  37.823461    11.0456    10.9194    33.8621    33.8519    25.8812    25.8959     5.9333     6.0835    180.741    185.312     1.8816     1.8144     0.1270     2.1496     3.3175     0.1319     0.1368 -122.82878   37.97022      20.83          6  0.000e+00
      18438    768.208     14.898     15.011    11.0531    10.9200  37.952956  37.822553    11.0513    10.9182    33.8591    33.8521    25.8779    25.8962     5.9326     6.0836    180.721    185.315     1.8816     1.8144     0.1270     2.1496     3.3175     0.1319     0.1380 -122.82878   37.97022      20.83          6  0.000e+00
      18439    768.250     14.958     15.071    11.0619    10.9194  37.952890  37.825405    11.0601    10.9176    33.8509    33.8555    25.8699    25.8990     5.9318     6.0836    180.698    185.315     1.8816     1.8144     0.1270     2.1496     3.3187     0.1319     0.1380 -122.82878   37.97022      20.85          6  0.000e+00
      18440    768.292     14.898     15.011    11.0626    10.9258  37.952240  37.827413    11.0607    10.9240    33.8497    33.8516    25.8688    25.8948     5.9318     6.0884    180.695    185.464     1.8816     1.8156     0.1270     2.1496     3.3162     0.1319     0.1380 -122.82878   37.97022      20.83          6  0.000e+00
      18441    768.333     14.898     15.011    11.0630    10.9381  37.953863  37.822746    11.0612    10.9363    33.8509    33.8357    25.8697    25.8802     5.9316     6.0873    180.692    185.433     1.8816     1.8156     0.1270     2.1496     3.3175     0.1319     0.1380 -122.82878   37.97022      20.85          6  0.000e+00
      18442    768.375     14.958     15.071    11.0681    10.9369  37.955421  37.814063    11.0663    10.9351    33.8477    33.8280    25.8663    25.8745     5.9363     6.0878    180.835    185.449     1.8828     1.8156     0.1270     2.1496     3.3175     0.1319     0.1368 -122.82878   37.97022      20.85          6  0.000e+00
      18443    768.417     14.898     15.011    11.0742    10.9274  37.956264  37.806548    11.0724    10.9256    33.8429    33.8293    25.8615    25.8772     5.9357     6.0891    180.816    185.487     1.8828     1.8156     0.1270     2.1496     3.3175     0.1319     0.1380 -122.82878   37.97022      20.85          6  0.000e+00
      18444    768.458     14.905     15.018    11.0843    10.9151  37.956198  37.803634    11.0824    10.9133    33.8336    33.8378    25.8524    25.8860     5.9347     6.0905    180.788    185.528     1.8828     1.8156     0.1270     2.1496     3.3175     0.1319     0.1380 -122.82878   37.97022      20.85          6  0.000e+00
      18445    768.500     14.898     15.011    11.0936    10.9007  37.954574  37.802470    11.0918    10.8989    33.8234    33.8499    25.8428    25.8980     5.9338     6.0921    180.764    185.573     1.8828     1.8156     0.1270     2.1496     3.3162     0.1319     0.1392 -122.82878   37.97022      20.85          6  0.000e+00
      18446    768.542     14.898     15.011    11.0905    10.8933  37.949315  37.802730    11.0887    10.8915    33.8210    33.8571    25.8415    25.9049     5.9343     6.0985    180.779    185.768     1.8828     1.8168     0.1270     2.1496     3.3175     0.1319     0.1380 -122.82878   37.97022      20.88          6  0.000e+00
      18447    768.583     14.858     14.971    11.0828    10.8947  37.949316  37.805645    11.0810    10.8929    33.8281    33.8587    25.8485    25.9059     5.9403     6.0982    180.958    185.759     1.8840     1.8168     0.1270     2.1496     3.3162     0.1319     0.1380 -122.82878   37.97022      20.88          6  0.000e+00
      18448    768.625     14.898     15.011    11.0849    10.8969  37.953731  37.809791    11.0831    10.8951    33.8305    33.8608    25.8499    25.9071     5.9347     6.0978    180.789    185.748     1.8828     1.8168     0.1270     2.1496     3.3175     0.1319     0.1380 -122.82878   37.97022      20.88          6  0.000e+00
      18449    768.667     14.852     14.964    11.0852    10.9088  37.957821  37.814584    11.0834    10.9070    33.8343    33.8546    25.8528    25.9002     5.9397     6.0964    180.940    185.704     1.8840     1.8168     0.1270     2.1496     3.3162     0.1319     0.1380 -122.82878   37.97022      20.88          6  0.000e+00
      18450    768.708     14.905     15.018    11.0834    10.9199  37.961523  37.821322    11.0815    10.9181    33.8397    33.8510    25.8574    25.8955     5.9398     6.0950    180.942    185.663     1.8840     1.8168     0.1270     2.1496     3.3162     0.1319     0.1392 -122.82878   37.97022      20.88          6  0.000e+00
      18451    768.750     14.852     14.964    11.0838    10.9224  37.963666  37.826830    11.0820    10.9206    33.8415    33.8542    25.8587    25.8975     5.9396     6.0945    180.937    185.647     1.8840     1.8168     0.1258     2.1191     3.3187     0.1343     0.1404 -122.82878   37.97022      20.90          6  0.000e+00
      18452    768.792     14.852     14.964    11.0838    10.9217  37.962822  37.826312    11.0820    10.9199    33.8407    33.8543    25.8580    25.8977     5.9448     6.0945    181.096    185.649     1.8852     1.8168     0.1258     2.1191     3.3162     0.1343     0.1416 -122.82878   37.97022      20.90          6  0.000e+00
      18453    768.833     14.858     14.971    11.0780    10.9311  37.958861  37.825274    11.0762    10.9293    33.8420    33.8447    25.8601    25.8885     5.9455     6.0936    181.117    185.622     1.8852     1.8168     0.1258     2.1191     3.3162     0.1343     0.1416 -122.82878   37.97022      20.90          6  0.000e+00
      18454    768.875     14.898     15.011    11.0726    10.9374  37.956784  37.824625    11.0708    10.9356    33.8449    33.8381    25.8634    25.8823     5.9462     6.0930    181.136    185.605     1.8852     1.8168     0.1258     2.1191     3.3162     0.1343     0.1404 -122.82878   37.97022      20.88          6  0.000e+00
      18455    768.917     14.852     14.964    11.0685    10.9362  37.956720  37.823199    11.0667    10.9344    33.8487    33.8378    25.8670    25.8822     5.9517     6.0931    181.305    185.609     1.8864     1.8168     0.1258     2.1191     3.3175     0.1343     0.1404 -122.82878   37.97022      20.90          6  0.000e+00
      18456    768.958     14.812     14.924    11.0686    10.9437  37.958278  37.820995    11.0668    10.9419    33.8501    33.8288    25.8681    25.8739     5.9516     6.0924    181.301    185.588     1.8864     1.8168     0.1258     2.1191     3.3175     0.1343     0.1416 -122.82878   37.97022      20.90          6  0.000e+00
      18457    769.000     14.852     14.964    11.0731    10.9410  37.961979  37.816654    11.0713    10.9392    33.8497    33.8269    25.8670    25.8729     5.9511     6.0929    181.285    185.603     1.8864     1.8168     0.1258     2.1191     3.3175     0.1343     0.1404 -122.82878   37.97022      20.93          6  0.000e+00
      18458    769.042     14.805     14.917    11.0795    10.9394  37.965614  37.811989    11.0777    10.9376    33.8473    33.8238    25.8640    25.8707     5.9503     6.0989    181.261    185.786     1.8864     1.8181     0.1258     2.1191     3.3175     0.1319     0.1392 -122.82878   37.97022      20.95          6  0.000e+00
      18459    769.083     14.812     14.924    11.0838    10.9353  37.964899  37.809592    11.0820    10.9335    33.8427    33.8252    25.8596    25.8726     5.9499     6.0994    181.250    185.802     1.8864     1.8181     0.1258     2.1191     3.3175     0.1331     0.1404 -122.82878   37.97022      20.95          6  0.000e+00
