West Coast/WCOA-7/CTD_Data/RB2102_CTD_018_01.ros
* Sea-Bird SBE 9 Data File:
* FileName = C:\Users\scs.user.rb\CTD\RB2102\Data\RB2102_CTD_018_01.hex
* Software Version Seasave V 7.26.7.107
* Temperature SN = 6202
* Conductivity SN = 4907
* Number of Bytes Per Scan = 41
* Number of Voltage Words = 4
* Number of Scans Averaged by the Deck Unit = 1
* NMEA Latitude = 48 22.15 N
* NMEA Longitude = 124 56.94 W
* NMEA UTC (Time) = Jun 28 2021  18:40:48
* NMEA baud rate = 4800
# nquan = 30
# nvalues = 686                                   
# units = specified
# name 0 = scan: Scan Count
# name 1 = timeS: Time, Elapsed [seconds]
# name 2 = depSM: Depth [salt water, m]
# name 3 = prDM: Pressure, Digiquartz [db]
# name 4 = t090C: Temperature [ITS-90, deg C]
# name 5 = t190C: Temperature, 2 [ITS-90, deg C]
# name 6 = c0mS/cm: Conductivity [mS/cm]
# name 7 = c1mS/cm: Conductivity, 2 [mS/cm]
# name 8 = potemp090C: Potential Temperature [ITS-90, deg C]
# name 9 = potemp190C: Potential Temperature, 2 [ITS-90, deg C]
# name 10 = sal00: Salinity, Practical [PSU]
# name 11 = sal11: Salinity, Practical, 2 [PSU]
# name 12 = sigma-é00: Density [sigma-theta, kg/m^3]
# name 13 = sigma-é11: Density, 2 [sigma-theta, kg/m^3]
# name 14 = sbeox0Mg/L: Oxygen, SBE 43 [mg/l]
# name 15 = sbeox1Mg/L: Oxygen, SBE 43, 2 [mg/l]
# name 16 = sbox0Mm/Kg: Oxygen, SBE 43 [umol/kg]
# name 17 = sbox1Mm/Kg: Oxygen, SBE 43, 2 [umol/kg]
# name 18 = sbeox0V: Oxygen raw, SBE 43 [V]
# name 19 = sbeox1V: Oxygen raw, SBE 43, 2 [V]
# name 20 = v4: Voltage 4
# name 21 = flECO-AFL: Fluorescence, WET Labs ECO-AFL/FL [mg/m^3]
# name 22 = v3: Voltage 3
# name 23 = v6: Voltage 6
# name 24 = v7: Voltage 7
# name 25 = longitude: Longitude [deg]
# name 26 = latitude: Latitude [deg]
# name 27 = altM: Altimeter [m]
# name 28 = nbf: Bottles Fired
# name 29 = flag:  0.000e+00
# interval = seconds: 0.0416667
# start_time = Jun 28 2021 18:40:48 [NMEA time, header]
# bad_flag = -9.990e-29
*END*
      15656    652.292    108.203    109.151     6.6141     6.6123  33.957415  33.956000     6.6044     6.6027    33.8660    33.8661    26.5786    26.5790     1.7925     1.8056     54.567     54.965     0.8620     0.8498     0.0415     0.0129     3.3248     1.7485     0.2198 -124.94934   48.36956       9.35          1  0.000e+00
      15657    652.333    108.110    109.058     6.6144     6.6125  33.957415  33.955689     6.6048     6.6028    33.8656    33.8657    26.5783    26.5786     1.7925     1.8056     54.566     54.964     0.8620     0.8498     0.0415     0.0129     3.3248     1.7485     0.2198 -124.94934   48.36956       9.35          1  0.000e+00
      15658    652.375    108.216    109.164     6.6144     6.6123  33.957166  33.955751     6.6047     6.6027    33.8654    33.8658    26.5782    26.5788     1.7867     1.8056     54.390     54.965     0.8608     0.8498     0.0415     0.0129     3.3260     1.7485     0.2198 -124.94934   48.36956       9.33          1  0.000e+00
      15659    652.417    108.156    109.104     6.6145     6.6125  33.957539  33.955254     6.6049     6.6028    33.8656    33.8652    26.5783    26.5782     1.7867     1.8056     54.389     54.965     0.8608     0.8498     0.0415     0.0129     3.3260     1.7485     0.2198 -124.94934   48.36956       9.33          1  0.000e+00
      15660    652.458    108.156    109.104     6.6144     6.6123  33.957290  33.955440     6.6047     6.6026    33.8656    33.8656    26.5783    26.5786     1.7867     1.8056     54.389     54.965     0.8608     0.8498     0.0415     0.0129     3.3248     1.7485     0.2198 -124.94934   48.36956       9.33          1  0.000e+00
      15661    652.500    108.156    109.104     6.6142     6.6123  33.957353  33.955565     6.6046     6.6027    33.8658    33.8656    26.5785    26.5786     1.7867     1.8056     54.389     54.965     0.8608     0.8498     0.0415     0.0129     3.3260     1.7485     0.2198 -124.94934   48.36956       9.33          1  0.000e+00
      15662    652.542    108.170    109.118     6.6142     6.6125  33.957228  33.955565     6.6046     6.6028    33.8656    33.8655    26.5784    26.5785     1.7867     1.8056     54.390     54.965     0.8608     0.8498     0.0415     0.0129     3.3260     1.7485     0.2198 -124.94934   48.36956       9.33          1  0.000e+00
      15663    652.583    108.156    109.104     6.6144     6.6123  33.957353  33.955999     6.6047     6.6027    33.8656    33.8661    26.5783    26.5790     1.7867     1.8056     54.389     54.965     0.8608     0.8498     0.0415     0.0129     3.3248     1.7485     0.2198 -124.94934   48.36956       9.33          1  0.000e+00
      15664    652.625    108.203    109.151     6.6147     6.6125  33.956918  33.955689     6.6050     6.6028    33.8648    33.8656    26.5776    26.5786     1.7867     1.8056     54.390     54.965     0.8608     0.8498     0.0415     0.0129     3.3260     1.7485     0.2198 -124.94934   48.36956       9.33          1  0.000e+00
      15665    652.667    108.170    109.118     6.6148     6.6125  33.957290  33.955813     6.6051     6.6028    33.8651    33.8658    26.5779    26.5787     1.7867     1.8056     54.389     54.965     0.8608     0.8498     0.0415     0.0129     3.3260     1.7485     0.2198 -124.94934   48.36956       9.33          1  0.000e+00
      15666    652.708    108.156    109.104     6.6141     6.6123  33.957166  33.955378     6.6044     6.6027    33.8657    33.8654    26.5784    26.5785     1.7867     1.8056     54.390     54.965     0.8608     0.8498     0.0415     0.0129     3.3248     1.7485     0.2198 -124.94934   48.36956       9.33          1  0.000e+00
      15667    652.750    108.156    109.104     6.6139     6.6125  33.957290  33.955440     6.6042     6.6028    33.8660    33.8654    26.5787    26.5784     1.7867     1.8056     54.390     54.965     0.8608     0.8498     0.0415     0.0129     3.3248     1.7485     0.2198 -124.94934   48.36956       9.33          1  0.000e+00
      15668    652.792    108.170    109.118     6.6136     6.6125  33.956980  33.955751     6.6039     6.6028    33.8660    33.8657    26.5787    26.5787     1.7926     1.8056     54.568     54.965     0.8620     0.8498     0.0415     0.0129     3.3260     1.7485     0.2198 -124.94934   48.36956       9.33          1  0.000e+00
      15669    652.833    108.203    109.151     6.6136     6.6126  33.957042  33.955627     6.6039     6.6029    33.8660    33.8655    26.5788    26.5784     1.7867     1.8056     54.391     54.965     0.8608     0.8498     0.0415     0.0129     3.3260     1.7485     0.2198 -124.94934   48.36956       9.33          1  0.000e+00
      15670    652.875    108.156    109.104     6.6137     6.6127  33.957353  33.955999     6.6041     6.6030    33.8662    33.8658    26.5789    26.5787     1.7925     1.8056     54.567     54.964     0.8620     0.8498     0.0415     0.0129     3.3260     1.7485     0.2198 -124.94934   48.36956       9.35          1  0.000e+00
      15671    652.917    108.170    109.118     6.6137     6.6128  33.957166  33.955813     6.6041     6.6032    33.8660    33.8654    26.5787    26.5784     1.7926     1.8056     54.568     54.964     0.8620     0.8498     0.0415     0.0129     3.3248     1.7485     0.2198 -124.94934   48.36956       9.35          1  0.000e+00
      15672    652.958    108.203    109.151     6.6136     6.6127  33.957104  33.955565     6.6039     6.6030    33.8661    33.8653    26.5788    26.5783     1.7926     1.8056     54.568     54.965     0.8620     0.8498     0.0415     0.0129     3.3248     1.7485     0.2198 -124.94934   48.36956       9.35          1  0.000e+00
      15673    653.000    108.156    109.104     6.6137     6.6127  33.957104  33.955751     6.6040     6.6030    33.8660    33.8655    26.5787    26.5785     1.7925     1.8056     54.568     54.964     0.8620     0.8498     0.0415     0.0129     3.3248     1.7485     0.2198 -124.94934   48.36956       9.35          1  0.000e+00
      15674    653.042    108.170    109.118     6.6141     6.6128  33.957353  33.955875     6.6044     6.6032    33.8659    33.8655    26.5786    26.5785     1.7867     1.8056     54.390     54.964     0.8608     0.8498     0.0415     0.0129     3.3248     1.7485     0.2198 -124.94934   48.36956       9.35          1  0.000e+00
      15675    653.083    108.156    109.104     6.6139     6.6125  33.957228  33.956310     6.6042     6.6028    33.8660    33.8663    26.5787    26.5792     1.7867     1.8056     54.390     54.964     0.8608     0.8498     0.0415     0.0129     3.3248     1.7485     0.2198 -124.94934   48.36956       9.35          1  0.000e+00
      15676    653.125    108.203    109.151     6.6137     6.6127  33.957104  33.955999     6.6041     6.6030    33.8659    33.8658    26.5787    26.5787     1.7867     1.8056     54.390     54.965     0.8608     0.8498     0.0415     0.0129     3.3260     1.7485     0.2198 -124.94934   48.36956       9.33          1  0.000e+00
      15677    653.167    108.170    109.118     6.6136     6.6128  33.957291  33.955875     6.6039     6.6031    33.8663    33.8656    26.5790    26.5785     1.7926     1.8056     54.568     54.964     0.8620     0.8498     0.0415     0.0129     3.3260     1.7485     0.2198 -124.94934   48.36956       9.33          1  0.000e+00
      15678    653.208    108.156    109.104     6.6139     6.6127  33.957228  33.955627     6.6042     6.6030    33.8660    33.8654    26.5787    26.5784     1.7925     1.8056     54.567     54.965     0.8620     0.8498     0.0415     0.0129     3.3248     1.7497     0.2198 -124.94934   48.36956       9.33          1  0.000e+00
      15679    653.250    108.203    109.151     6.6139     6.6128  33.957104  33.955751     6.6042     6.6032    33.8658    33.8654    26.5785    26.5783     1.7867     1.8056     54.390     54.965     0.8608     0.8498     0.0415     0.0129     3.3248     1.7485     0.2198 -124.94934   48.36956       9.33          1  0.000e+00
      15680    653.292    108.156    109.104     6.6140     6.6127  33.957104  33.956061     6.6043     6.6030    33.8657    33.8659    26.5785    26.5788     1.7867     1.8056     54.390     54.964     0.8608     0.8498     0.0415     0.0129     3.3248     1.7485     0.2198 -124.94934   48.36956       9.33          1  0.000e+00
      15681    653.333    108.170    109.118     6.6142     6.6128  33.957353  33.956186     6.6046     6.6032    33.8658    33.8658    26.5785    26.5787     1.7867     1.8056     54.390     54.964     0.8608     0.8498     0.0415     0.0129     3.3248     1.7485     0.2198 -124.94934   48.36956       9.33          1  0.000e+00
      15682    653.375    108.203    109.151     6.6142     6.6128  33.957166  33.956186     6.6046     6.6032    33.8655    33.8658    26.5783    26.5787     1.7867     1.8056     54.390     54.964     0.8608     0.8498     0.0415     0.0129     3.3260     1.7485     0.2198 -124.94934   48.36956       9.33          1  0.000e+00
      15683    653.417    108.156    109.104     6.6139     6.6125  33.957104  33.955813     6.6042     6.6028    33.8658    33.8658    26.5786    26.5787     1.7925     1.8056     54.567     54.965     0.8620     0.8498     0.0415     0.0129     3.3248     1.7485     0.2198 -124.94934   48.36956       9.30          1  0.000e+00
      15684    653.458    108.216    109.164     6.6139     6.6127  33.957104  33.955813     6.6042     6.6030    33.8658    33.8656    26.5785    26.5785     1.7926     1.8056     54.568     54.965     0.8620     0.8498     0.0415     0.0129     3.3248     1.7485     0.2198 -124.94934   48.36956       9.30          1  0.000e+00
      15685    653.500    108.110    109.057     6.6137     6.6125  33.957104  33.955378     6.6041     6.6028    33.8660    33.8653    26.5787    26.5784     1.7867     1.8056     54.390     54.965     0.8608     0.8498     0.0415     0.0129     3.3248     1.7485     0.2198 -124.94934   48.36956       9.30          1  0.000e+00
      15686    653.542    108.203    109.151     6.6136     6.6123  33.956918  33.955689     6.6039     6.6026    33.8659    33.8658    26.5786    26.5788     1.7867     1.8056     54.391     54.965     0.8608     0.8498     0.0415     0.0129     3.3248     1.7485     0.2198 -124.94934   48.36956       9.30          1  0.000e+00
      15687    653.583    108.170    109.117     6.6136     6.6123  33.956793  33.955875     6.6039     6.6027    33.8658    33.8660    26.5786    26.5789     1.7867     1.8056     54.390     54.965     0.8608     0.8498     0.0415     0.0129     3.3260     1.7485     0.2198 -124.94934   48.36956       9.30          1  0.000e+00
      15688    653.625    108.156    109.104     6.6135     6.6125  33.956793  33.955875     6.6038     6.6028    33.8659    33.8658    26.5786    26.5788     1.7867     1.8056     54.390     54.965     0.8608     0.8498     0.0415     0.0129     3.3260     1.7485     0.2198 -124.94934   48.36956       9.30          1  0.000e+00
      15689    653.667    108.203    109.151     6.6132     6.6123  33.956793  33.955689     6.6036     6.6027    33.8661    33.8658    26.5788    26.5787     1.7867     1.8056     54.391     54.965     0.8608     0.8498     0.0415     0.0129     3.3260     1.7485     0.2198 -124.94934   48.36956       9.30          1  0.000e+00
      15690    653.708    108.170    109.117     6.6136     6.6123  33.956793  33.955565     6.6039     6.6027    33.8658    33.8656    26.5786    26.5786     1.7926     1.8056     54.568     54.965     0.8620     0.8498     0.0415     0.0129     3.3260     1.7497     0.2198 -124.94934   48.36956       9.30          1  0.000e+00
      15691    653.750    108.156    109.104     6.6134     6.6123  33.957042  33.955565     6.6038     6.6027    33.8662    33.8656    26.5790    26.5786     1.7867     1.8056     54.390     54.965     0.8608     0.8498     0.0415     0.0129     3.3248     1.7485     0.2198 -124.94934   48.36956       9.30          1  0.000e+00
      15692    653.792    108.203    109.151     6.6134     6.6123  33.956856  33.955751     6.6037     6.6027    33.8660    33.8658    26.5788    26.5788     1.7926     1.8056     54.568     54.965     0.8620     0.8498     0.0415     0.0129     3.3248     1.7485     0.2198 -124.94934   48.36956       9.30          1  0.000e+00
      15693    653.833    108.170    109.117     6.6136     6.6123  33.957477  33.955875     6.6039     6.6027    33.8665    33.8660    26.5792    26.5789     1.7926     1.8056     54.568     54.965     0.8620     0.8498     0.0415     0.0129     3.3260     1.7485     0.2198 -124.94934   48.36956       9.30          1  0.000e+00
      15694    653.875    108.156    109.104     6.6139     6.6122  33.956793  33.956061     6.6042     6.6025    33.8655    33.8663    26.5783    26.5792     1.7867     1.8056     54.390     54.965     0.8608     0.8498     0.0415     0.0129     3.3248     1.7485     0.2198 -124.94934   48.36956       9.30          1  0.000e+00
      15695    653.917    108.156    109.104     6.6141     6.6124  33.957415  33.955813     6.6044     6.6028    33.8660    33.8658    26.5787    26.5788     1.7867     1.8056     54.390     54.965     0.8608     0.8498     0.0415     0.0129     3.3260     1.7485     0.2198 -124.94934   48.36956       9.33          1  0.000e+00
      15696    653.958    108.169    109.117     6.6142     6.6123  33.957539  33.955565     6.6045     6.6027    33.8660    33.8656    26.5787    26.5786     1.7867     1.8056     54.390     54.965     0.8608     0.8498     0.0415     0.0129     3.3248     1.7485     0.2198 -124.94934   48.36956       9.30          1  0.000e+00
      15697    654.000    108.203    109.151     6.6144     6.6122  33.957166  33.955316     6.6047     6.6025    33.8654    33.8655    26.5782    26.5785     1.7925     1.8056     54.567     54.966     0.8620     0.8498     0.0415     0.0129     3.3248     1.7485     0.2198 -124.94934   48.36956       9.30          1  0.000e+00
      15698    654.042    108.156    109.104     6.6145     6.6122  33.957290  33.955440     6.6049     6.6025    33.8654    33.8657    26.5781    26.5787     1.7925     1.8056     54.567     54.965     0.8620     0.8498     0.0415     0.0129     3.3248     1.7485     0.2198 -124.94934   48.36956       9.33          1  0.000e+00
      15699    654.083    108.156    109.104     6.6144     6.6123  33.957415  33.955751     6.6047     6.6027    33.8657    33.8659    26.5784    26.5788     1.7867     1.8056     54.389     54.965     0.8608     0.8498     0.0415     0.0129     3.3248     1.7485     0.2198 -124.94934   48.36956       9.30          1  0.000e+00
      15700    654.125    108.169    109.117     6.6145     6.6125  33.957415  33.955875     6.6049     6.6028    33.8655    33.8658    26.5782    26.5788     1.7867     1.8056     54.389     54.965     0.8608     0.8498     0.0415     0.0129     3.3260     1.7485     0.2198 -124.94934   48.36956       9.30          1  0.000e+00
      15701    654.167    108.156    109.104     6.6144     6.6123  33.957228  33.955875     6.6047     6.6027    33.8655    33.8660    26.5782    26.5789     1.7925     1.8056     54.567     54.965     0.8620     0.8498     0.0415     0.0129     3.3248     1.7485     0.2198 -124.94934   48.36956       9.30          1  0.000e+00
      15702    654.208    108.156    109.104     6.6145     6.6125  33.957353  33.955875     6.6049     6.6028    33.8654    33.8658    26.5782    26.5788     1.7925     1.8056     54.567     54.965     0.8620     0.8498     0.0415     0.0129     3.3248     1.7485     0.2198 -124.94934   48.36956       9.30          1  0.000e+00
      15703    654.250    108.169    109.117     6.6144     6.6124  33.957601  33.955627     6.6047     6.6028    33.8659    33.8656    26.5786    26.5786     1.7925     1.8056     54.567     54.965     0.8620     0.8498     0.0415     0.0129     3.3248     1.7485     0.2198 -124.94934   48.36956       9.30          1  0.000e+00
