West Coast/WCOA-7/CTD_Data/RB2102_CTD_126_01.ros
* Sea-Bird SBE 9 Data File:
* FileName = C:\Users\scs.user.rb\CTD\RB2102\Data\RB2102_CTD_126_01.hex
* Software Version Seasave V 7.26.7.107
* Temperature SN = 6202
* Conductivity SN = 4907
* Number of Bytes Per Scan = 41
* Number of Voltage Words = 4
* Number of Scans Averaged by the Deck Unit = 1
* NMEA Latitude = 33 25.07 N
* NMEA Longitude = 117 54.28 W
* NMEA UTC (Time) = Jul 20 2021  16:36:15
* NMEA baud rate = 4800
# nquan = 30
# nvalues = 965                                   
# units = specified
# name 0 = scan: Scan Count
# name 1 = timeS: Time, Elapsed [seconds]
# name 2 = depSM: Depth [salt water, m]
# name 3 = prDM: Pressure, Digiquartz [db]
# name 4 = t090C: Temperature [ITS-90, deg C]
# name 5 = t190C: Temperature, 2 [ITS-90, deg C]
# name 6 = c0mS/cm: Conductivity [mS/cm]
# name 7 = c1mS/cm: Conductivity, 2 [mS/cm]
# name 8 = potemp090C: Potential Temperature [ITS-90, deg C]
# name 9 = potemp190C: Potential Temperature, 2 [ITS-90, deg C]
# name 10 = sal00: Salinity, Practical [PSU]
# name 11 = sal11: Salinity, Practical, 2 [PSU]
# name 12 = sigma-é00: Density [sigma-theta, kg/m^3]
# name 13 = sigma-é11: Density, 2 [sigma-theta, kg/m^3]
# name 14 = sbeox0Mg/L: Oxygen, SBE 43 [mg/l]
# name 15 = sbeox1Mg/L: Oxygen, SBE 43, 2 [mg/l]
# name 16 = sbox0Mm/Kg: Oxygen, SBE 43 [umol/kg]
# name 17 = sbox1Mm/Kg: Oxygen, SBE 43, 2 [umol/kg]
# name 18 = sbeox0V: Oxygen raw, SBE 43 [V]
# name 19 = sbeox1V: Oxygen raw, SBE 43, 2 [V]
# name 20 = v4: Voltage 4
# name 21 = flECO-AFL: Fluorescence, WET Labs ECO-AFL/FL [mg/m^3]
# name 22 = v3: Voltage 3
# name 23 = v6: Voltage 6
# name 24 = v7: Voltage 7
# name 25 = longitude: Longitude [deg]
# name 26 = latitude: Latitude [deg]
# name 27 = altM: Altimeter [m]
# name 28 = nbf: Bottles Fired
# name 29 = flag:  0.000e+00
# interval = seconds: 0.0416667
# start_time = Jul 20 2021 16:36:15 [NMEA time, header]
# bad_flag = -9.990e-29
*END*
[from data line 484]
      77826   3242.708     79.719     80.303    10.6221    10.6149  37.493997  37.489625    10.6126    10.6054    33.7702    33.7725    25.8864    25.8894     4.6784     4.3268    142.511    131.803     1.5665     1.4212     0.0440     0.0739     3.1856     0.0098     0.0000 -117.90494   33.41694      99.49         11  0.000e+00
      77827   3242.750     79.765     80.350    10.6214    10.6159  37.494127  37.489818    10.6120    10.6064    33.7709    33.7717    25.8871    25.8887     4.6837     4.3325    142.675    131.977     1.5678     1.4225     0.0440     0.0739     3.1856     0.0098     0.0000 -117.90494   33.41694      99.49         11  0.000e+00
      77828   3242.792     79.619     80.203    10.6211    10.6155  37.493739  37.489818    10.6116    10.6060    33.7709    33.7722    25.8872    25.8891     4.6837     4.3325    142.673    131.975     1.5678     1.4225     0.0440     0.0739     3.1856     0.0098     0.0000 -117.90494   33.41694      99.49         11  0.000e+00
      77829   3242.833     79.765     80.350    10.6211    10.6149  37.493416  37.490141    10.6116    10.6054    33.7705    33.7730    25.8869    25.8898     4.6838     4.3326    142.676    131.979     1.5678     1.4225     0.0440     0.0739     3.1856     0.0098     0.0000 -117.90494   33.41694      99.49         11  0.000e+00
      77830   3242.875     79.719     80.303    10.6213    10.6141  37.493610  37.490012    10.6118    10.6046    33.7706    33.7736    25.8869    25.8905     4.6784     4.3269    142.514    131.804     1.5665     1.4212     0.0440     0.0739     3.1868     0.0098     0.0000 -117.90494   33.41694      99.49         11  0.000e+00
      77831   3242.917     79.666     80.250    10.6213    10.6132  37.493610  37.489625    10.6118    10.6037    33.7706    33.7741    25.8869    25.8910     4.6784     4.3327    142.513    131.981     1.5665     1.4225     0.0440     0.0739     3.1856     0.0098     0.0000 -117.90494   33.41694      99.46         11  0.000e+00
      77832   3242.958     79.765     80.350    10.6216    10.6124  37.493998  37.489948    10.6121    10.6029    33.7707    33.7751    25.8869    25.8919     4.6784     4.3328    142.513    131.984     1.5665     1.4225     0.0440     0.0739     3.1856     0.0098     0.0000 -117.90494   33.41694      99.49         11  0.000e+00
      77833   3243.000     79.666     80.250    10.6223    10.6123  37.493545  37.489948    10.6128    10.6028    33.7696    33.7752    25.8859    25.8921     4.6783     4.3327    142.511    131.983     1.5665     1.4225     0.0440     0.0739     3.1844     0.0098     0.0000 -117.90494   33.41694      99.49         11  0.000e+00
      77834   3243.042     79.719     80.303    10.6224    10.6123  37.493610  37.489948    10.6129    10.6029    33.7695    33.7752    25.8859    25.8920     4.6783     4.3328    142.511    131.984     1.5665     1.4225     0.0440     0.0739     3.1856     0.0098     0.0000 -117.90494   33.41694      99.49         11  0.000e+00
      77835   3243.083     79.765     80.350    10.6221    10.6133  37.493351  37.490142    10.6126    10.6038    33.7696    33.7745    25.8859    25.8913     4.6784     4.3327    142.513    131.982     1.5665     1.4225     0.0440     0.0739     3.1844     0.0098     0.0000 -117.90494   33.41694      99.49         11  0.000e+00
      77836   3243.125     79.719     80.304    10.6219    10.6149  37.493351  37.490658    10.6124    10.6054    33.7697    33.7735    25.8861    25.8903     4.6784     4.3326    142.513    131.977     1.5665     1.4225     0.0440     0.0739     3.1844     0.0098     0.0000 -117.90494   33.41694      99.49         11  0.000e+00
      77837   3243.167     79.719     80.304    10.6214    10.6171  37.493157  37.490657    10.6120    10.6076    33.7700    33.7715    25.8864    25.8883     4.6784     4.3324    142.514    131.973     1.5665     1.4225     0.0440     0.0739     3.1844     0.0098     0.0000 -117.90494   33.41694      99.49         11  0.000e+00
      77838   3243.208     79.719     80.304    10.6196    10.6185  37.492705  37.490593    10.6101    10.6091    33.7712    33.7701    25.8876    25.8869     4.6786     4.3323    142.518    131.969     1.5665     1.4225     0.0440     0.0739     3.1844     0.0098     0.0000 -117.90494   33.41694      99.49         11  0.000e+00
      77839   3243.250     79.719     80.304    10.6198    10.6184  37.492188  37.490593    10.6103    10.6089    33.7705    33.7702    25.8871    25.8871     4.6786     4.3323    142.518    131.970     1.5665     1.4225     0.0440     0.0739     3.1844     0.0098     0.0000 -117.90494   33.41694      99.49         11  0.000e+00
      77840   3243.292     79.766     80.350    10.6206    10.6175  37.492124  37.490980    10.6111    10.6080    33.7697    33.7714    25.8863    25.8882     4.6785     4.3324    142.517    131.972     1.5665     1.4225     0.0440     0.0739     3.1856     0.0098     0.0000 -117.90494   33.41694      99.49         11  0.000e+00
      77841   3243.333     79.719     80.304    10.6208    10.6169  37.491219  37.491432    10.6113    10.6074    33.7687    33.7725    25.8854    25.8891     4.6785     4.3324    142.517    131.972     1.5665     1.4225     0.0440     0.0739     3.1856     0.0098     0.0000 -117.90494   33.41694      99.49         11  0.000e+00
      77842   3243.375     79.766     80.351    10.6190    10.6173  37.490767  37.491303    10.6095    10.6078    33.7699    33.7720    25.8867    25.8886     4.6734     4.3324    142.361    131.972     1.5653     1.4225     0.0440     0.0739     3.1856     0.0098     0.0000 -117.90494   33.41694      99.49         11  0.000e+00
      77843   3243.417     79.719     80.304    10.6176    10.6166  37.490509  37.491432    10.6082    10.6071    33.7708    33.7727    25.8877    25.8893     4.6735     4.3324    142.364    131.973     1.5653     1.4225     0.0440     0.0739     3.1844     0.0098     0.0000 -117.90494   33.41694      99.49         11  0.000e+00
      77844   3243.458     79.766     80.351    10.6163    10.6166  37.490574  37.491755    10.6068    10.6071    33.7721    33.7731    25.8889    25.8896     4.6736     4.3324    142.368    131.973     1.5653     1.4225     0.0440     0.0739     3.1856     0.0098     0.0000 -117.90494   33.41694      99.49         11  0.000e+00
      77845   3243.500     79.719     80.304    10.6161    10.6163  37.489992  37.492078    10.6067    10.6068    33.7717    33.7737    25.8886    25.8901     4.6736     4.3267    142.368    131.798     1.5653     1.4212     0.0440     0.0739     3.1844     0.0098     0.0000 -117.90494   33.41694      99.49         11  0.000e+00
      77846   3243.542     79.766     80.351    10.6165    10.6162  37.489992  37.492208    10.6070    10.6068    33.7713    33.7738    25.8883    25.8903     4.6736     4.3324    142.368    131.974     1.5653     1.4225     0.0440     0.0739     3.1856     0.0098     0.0000 -117.90494   33.41694      99.49         11  0.000e+00
      77847   3243.583     79.766     80.351    10.6153    10.6166  37.489863  37.491949    10.6058    10.6071    33.7723    33.7733    25.8892    25.8898     4.6737     4.3324    142.370    131.973     1.5653     1.4225     0.0440     0.0739     3.1856     0.0098     0.0000 -117.90494   33.41694      99.49         11  0.000e+00
      77848   3243.625     79.766     80.351    10.6152    10.6170  37.489863  37.492272    10.6057    10.6075    33.7724    33.7732    25.8894    25.8896     4.6737     4.3324    142.371    131.972     1.5653     1.4225     0.0440     0.0739     3.1856     0.0098     0.0000 -117.90494   33.41694      99.49         11  0.000e+00
      77849   3243.667     79.766     80.351    10.6163    10.6171  37.489798  37.492014    10.6068    10.6076    33.7713    33.7728    25.8883    25.8894     4.6737     4.3324    142.368    131.972     1.5653     1.4225     0.0440     0.0739     3.1844     0.0110     0.0000 -117.90494   33.41694      99.49         11  0.000e+00
      77850   3243.708     79.720     80.304    10.6168    10.6167  37.489798  37.491626    10.6073    10.6073    33.7709    33.7728    25.8879    25.8894     4.6736     4.3324    142.366    131.972     1.5653     1.4225     0.0440     0.0739     3.1844     0.0110     0.0000 -117.90494   33.41694      99.49         11  0.000e+00
      77851   3243.750     79.766     80.351    10.6152    10.6163  37.489411  37.491756    10.6057    10.6068    33.7720    33.7733    25.8890    25.8899     4.6738     4.3324    142.371    131.974     1.5653     1.4225     0.0440     0.0739     3.1856     0.0110     0.0000 -117.90494   33.41694      99.49         11  0.000e+00
      77852   3243.792     79.819     80.404    10.6139    10.6166  37.489670  37.492079    10.6044    10.6071    33.7734    33.7734    25.8904    25.8898     4.6739     4.3324    142.375    131.974     1.5653     1.4225     0.0440     0.0739     3.1856     0.0110     0.0000 -117.90494   33.41694      99.49         11  0.000e+00
      77853   3243.833     79.766     80.351    10.6117    10.6174  37.489023  37.492401    10.6022    10.6079    33.7748    33.7729    25.8918    25.8894     4.6740     4.3323    142.379    131.971     1.5653     1.4225     0.0440     0.0739     3.1856     0.0110     0.0000 -117.90494   33.41694      99.49         11  0.000e+00
      77854   3243.875     79.720     80.304    10.6099    10.6175  37.488894  37.493047    10.6004    10.6080    33.7764    33.7735    25.8934    25.8898     4.6742     4.3323    142.383    131.969     1.5653     1.4225     0.0440     0.0739     3.1856     0.0110     0.0000 -117.90494   33.41694      99.49         11  0.000e+00
      77855   3243.917     79.819     80.404    10.6096    10.6180  37.488572  37.493241    10.6001    10.6085    33.7763    33.7732    25.8934    25.8894     4.6743     4.3323    142.386    131.970     1.5653     1.4225     0.0440     0.0739     3.1856     0.0110     0.0000 -117.90494   33.41694      99.49         11  0.000e+00
      77856   3243.958     79.766     80.351    10.6080    10.6194  37.488249  37.493111    10.5985    10.6099    33.7775    33.7718    25.8946    25.8882     4.6744     4.3322    142.389    131.966     1.5653     1.4225     0.0440     0.0739     3.1856     0.0110     0.0000 -117.90494   33.41694      99.49         11  0.000e+00
      77857   3244.000     79.766     80.351    10.6065    10.6213  37.487473  37.493176    10.5970    10.6118    33.7781    33.7701    25.8953    25.8865     4.6692     4.3320    142.232    131.962     1.5641     1.4225     0.0440     0.0739     3.1856     0.0110     0.0000 -117.90494   33.41694      99.49         11  0.000e+00
      77858   3244.042     79.819     80.405    10.6052    10.6235  37.487151  37.492982    10.5957    10.6140    33.7790    33.7678    25.8962    25.8843     4.6746     4.3319    142.397    131.958     1.5653     1.4225     0.0440     0.0739     3.1856     0.0110     0.0000 -117.90494   33.41694      99.49         11  0.000e+00
      77859   3244.083     79.766     80.351    10.6045    10.6261  37.486892  37.492788    10.5950    10.6166    33.7793    33.7653    25.8966    25.8819     4.6694     4.3317    142.236    131.952     1.5641     1.4225     0.0440     0.0739     3.1844     0.0110     0.0000 -117.90494   33.41694      99.49         11  0.000e+00
      77860   3244.125     79.819     80.405    10.6042    10.6276  37.486440  37.493110    10.5947    10.6181    33.7792    33.7642    25.8966    25.8808     4.6694     4.3316    142.239    131.949     1.5641     1.4225     0.0440     0.0739     3.1844     0.0110     0.0000 -117.90494   33.41694      99.49         11  0.000e+00
      77861   3244.167     79.819     80.405    10.6038    10.6288  37.486182  37.493239    10.5943    10.6193    33.7792    33.7632    25.8966    25.8798     4.6695     4.3315    142.240    131.946     1.5641     1.4225     0.0440     0.0739     3.1856     0.0110     0.0000 -117.90494   33.41694      99.49         11  0.000e+00
      77862   3244.208     79.766     80.351    10.6037    10.6290  37.486181  37.492981    10.5942    10.6195    33.7794    33.7628    25.8968    25.8795     4.6642     4.3315    142.078    131.945     1.5629     1.4225     0.0440     0.0739     3.1856     0.0110     0.0000 -117.90494   33.41694      99.49         11  0.000e+00
      77863   3244.250     79.819     80.405    10.6032    10.6280  37.485794  37.493304    10.5937    10.6185    33.7794    33.7640    25.8969    25.8806     4.6695     4.3316    142.242    131.948     1.5641     1.4225     0.0440     0.0739     3.1856     0.0122     0.0000 -117.90494   33.41694      99.49         11  0.000e+00
      77864   3244.292     79.820     80.405    10.6027    10.6269  37.485536  37.493240    10.5932    10.6174    33.7796    33.7650    25.8972    25.8815     4.6696     4.3316    142.243    131.950     1.5641     1.4225     0.0440     0.0739     3.1868     0.0122     0.0000 -117.90494   33.41694      99.49         11  0.000e+00
      77865   3244.333     79.820     80.405    10.6019    10.6253  37.485019  37.493240    10.5924    10.6158    33.7799    33.7664    25.8975    25.8829     4.6644     4.3375    142.084    132.129     1.5629     1.4237     0.0440     0.0739     3.1844     0.0110     0.0000 -117.90494   33.41694      99.49         11  0.000e+00
      83314   3471.375     59.805     60.241    11.6004    11.5724  38.130413  38.103770    11.5929    11.5649    33.5148    33.5140    25.5115    25.5160     6.0371     5.6068    183.970    170.856     1.9121     1.7204     0.0623     0.5318     3.1795     0.0073     0.0000 -117.90492   33.41702      99.32         12  0.000e+00
      83315   3471.417     59.878     60.314    11.6009    11.5719  38.130803  38.103705    11.5934    11.5644    33.5146    33.5143    25.5113    25.5164     6.0371     5.6069    183.970    170.859     1.9121     1.7204     0.0623     0.5318     3.1807     0.0073     0.0000 -117.90492   33.41702      99.32         12  0.000e+00
      83316   3471.458     59.759     60.194    11.6034    11.5719  38.132494  38.103185    11.5959    11.5644    33.5141    33.5139    25.5105    25.5160     6.0316     5.6068    183.800    170.857     1.9109     1.7204     0.0623     0.5318     3.1795     0.0073     0.0000 -117.90492   33.41702      99.32         12  0.000e+00
      83317   3471.500     59.878     60.314    11.6065    11.5724  38.133860  38.104030    11.5990    11.5649    33.5125    33.5142    25.5086    25.5162     6.0365     5.6069    183.950    170.857     1.9121     1.7204     0.0611     0.5013     3.1795     0.0073     0.0000 -117.90492   33.41702      99.32         12  0.000e+00
      83318   3471.542     59.852     60.288    11.6098    11.5748  38.136201  38.106629    11.6023    11.5673    33.5119    33.5146    25.5075    25.5161     6.0309     5.6065    183.779    170.847     1.9109     1.7204     0.0623     0.5318     3.1783     0.0073     0.0000 -117.90492   33.41702      99.32         12  0.000e+00
      83319   3471.583     59.779     60.214    11.6113    11.5781  38.137307  38.109358    11.6038    11.5706    33.5116    33.5143    25.5071    25.5153     6.0306     5.6061    183.772    170.833     1.9109     1.7204     0.0611     0.5013     3.1807     0.0073     0.0000 -117.90492   33.41702      99.32         12  0.000e+00
      83320   3471.625     59.905     60.341    11.6115    11.5802  38.137177  38.110074    11.6040    11.5727    33.5113    33.5130    25.5068    25.5139     6.0307     5.6059    183.775    170.829     1.9109     1.7204     0.0611     0.5013     3.1807     0.0073     0.0000 -117.90492   33.41702      99.32         12  0.000e+00
