West Coast/WCOA-7/CTD_Data/RB2102_CTD_062_01.ros
* Sea-Bird SBE 9 Data File:
* FileName = C:\Users\scs.user.rb\CTD\RB2102\Data\RB2102_CTD_062_01.hex
* Software Version Seasave V 7.26.7.107
* Temperature SN = 6202
* Conductivity SN = 4907
* Number of Bytes Per Scan = 41
* Number of Voltage Words = 4
* Number of Scans Averaged by the Deck Unit = 1
* NMEA Latitude = 41 53.93 N
* NMEA Longitude = 124 47.67 W
* NMEA UTC (Time) = Jul 06 2021  16:20:00
* NMEA baud rate = 4800
# nquan = 30
# nvalues = 1127                                  
# units = specified
# name 0 = scan: Scan Count
# name 1 = timeS: Time, Elapsed [seconds]
# name 2 = depSM: Depth [salt water, m]
# name 3 = prDM: Pressure, Digiquartz [db]
# name 4 = t090C: Temperature [ITS-90, deg C]
# name 5 = t190C: Temperature, 2 [ITS-90, deg C]
# name 6 = c0mS/cm: Conductivity [mS/cm]
# name 7 = c1mS/cm: Conductivity, 2 [mS/cm]
# name 8 = potemp090C: Potential Temperature [ITS-90, deg C]
# name 9 = potemp190C: Potential Temperature, 2 [ITS-90, deg C]
# name 10 = sal00: Salinity, Practical [PSU]
# name 11 = sal11: Salinity, Practical, 2 [PSU]
# name 12 = sigma-é00: Density [sigma-theta, kg/m^3]
# name 13 = sigma-é11: Density, 2 [sigma-theta, kg/m^3]
# name 14 = sbeox0Mg/L: Oxygen, SBE 43 [mg/l]
# name 15 = sbeox1Mg/L: Oxygen, SBE 43, 2 [mg/l]
# name 16 = sbox0Mm/Kg: Oxygen, SBE 43 [umol/kg]
# name 17 = sbox1Mm/Kg: Oxygen, SBE 43, 2 [umol/kg]
# name 18 = sbeox0V: Oxygen raw, SBE 43 [V]
# name 19 = sbeox1V: Oxygen raw, SBE 43, 2 [V]
# name 20 = v4: Voltage 4
# name 21 = flECO-AFL: Fluorescence, WET Labs ECO-AFL/FL [mg/m^3]
# name 22 = v3: Voltage 3
# name 23 = v6: Voltage 6
# name 24 = v7: Voltage 7
# name 25 = longitude: Longitude [deg]
# name 26 = latitude: Latitude [deg]
# name 27 = altM: Altimeter [m]
# name 28 = nbf: Bottles Fired
# name 29 = flag:  0.000e+00
# interval = seconds: 0.0416667
# start_time = Jul 06 2021 16:20:00 [NMEA time, header]
# bad_flag = -9.990e-29
*END*
[from data line 967]
     101444   4226.792      9.183      9.256    11.4186    11.4176  37.606016  37.606285    11.4174    11.4165    33.1860    33.1872    25.2881    25.2892     8.5424     8.7789    260.369    267.577     2.5043     2.4103     0.1648     3.0959     3.1343     0.0208     0.0012 -124.79608   41.89846      99.56         20  0.000e+00
     101445   4226.833      9.130      9.203    11.4184    11.4174  37.605628  37.606349    11.4173    11.4163    33.1858    33.1874    25.2879    25.2894     8.5424     8.7788    260.368    267.576     2.5043     2.4103     0.1636     3.0654     3.1343     0.0208     0.0012 -124.79608   41.89846      99.56         20  0.000e+00
     101446   4226.875      9.183      9.256    11.4183    11.4173  37.605693  37.605962    11.4171    11.4162    33.1860    33.1871    25.2881    25.2892     8.5424     8.7789    260.371    267.579     2.5043     2.4103     0.1648     3.0959     3.1343     0.0208     0.0012 -124.79608   41.89846      99.56         20  0.000e+00
     101447   4226.917      9.130      9.203    11.4183    11.4173  37.606016  37.606479    11.4171    11.4161    33.1863    33.1877    25.2884    25.2896     8.5372     8.7789    260.211    267.576     2.5031     2.4103     0.1648     3.0959     3.1343     0.0208     0.0012 -124.79608   41.89846      99.56         20  0.000e+00
     101448   4226.958      9.130      9.203    11.4183    11.4170  37.605628  37.606285    11.4171    11.4159    33.1859    33.1877    25.2881    25.2897     8.5372     8.7789    260.212    267.578     2.5031     2.4103     0.1636     3.0654     3.1343     0.0208     0.0012 -124.79608   41.89846      99.56         20  0.000e+00
     101449   4227.000      9.144      9.216    11.4181    11.4169  37.605693  37.606285    11.4170    11.4158    33.1862    33.1878    25.2883    25.2898     8.5373     8.7789    260.213    267.578     2.5031     2.4103     0.1648     3.0959     3.1343     0.0208     0.0012 -124.79608   41.89846      99.56         20  0.000e+00
     101450   4227.042      9.130      9.203    11.4186    11.4166  37.605822  37.606220    11.4175    11.4155    33.1859    33.1880    25.2880    25.2900     8.5372     8.7790    260.210    267.580     2.5031     2.4103     0.1636     3.0654     3.1343     0.0208     0.0012 -124.79608   41.89846      99.56         20  0.000e+00
     101451   4227.083      9.130      9.203    11.4188    11.4164  37.606016  37.606026    11.4176    11.4153    33.1859    33.1880    25.2880    25.2900     8.5371     8.7846    260.209    267.752     2.5031     2.4115     0.1648     3.0959     3.1343     0.0208     0.0012 -124.79608   41.89846      99.56         20  0.000e+00
     101452   4227.125      9.130      9.203    11.4188    11.4166  37.606339  37.606156    11.4176    11.4155    33.1862    33.1879    25.2882    25.2899     8.5371     8.7846    260.208    267.751     2.5031     2.4115     0.1636     3.0654     3.1343     0.0208     0.0012 -124.79608   41.89846      99.56         20  0.000e+00
     101453   4227.167      9.130      9.203    11.4189    11.4168  37.605951  37.606026    11.4178    11.4157    33.1857    33.1877    25.2877    25.2897     8.5371     8.7846    260.208    267.750     2.5031     2.4115     0.1685     3.1875     3.1343     0.0208     0.0012 -124.79608   41.89846      99.58         20  0.000e+00
     101454   4227.208      9.097      9.169    11.4191    11.4168  37.605822  37.606155    11.4180    11.4156    33.1854    33.1878    25.2875    25.2898     8.5371     8.7845    260.207    267.749     2.5031     2.4115     0.1819     3.5232     3.1343     0.0208     0.0012 -124.79608   41.89846      99.56         20  0.000e+00
     101455   4227.250      9.130      9.203    11.4189    11.4165  37.605563  37.605832    11.4178    11.4154    33.1853    33.1878    25.2875    25.2898     8.5371     8.7846    260.209    267.752     2.5031     2.4115     0.1880     3.6759     3.1343     0.0208     0.0012 -124.79608   41.89846      99.56         20  0.000e+00
     101456   4227.292      9.130      9.203    11.4186    11.4163  37.605692  37.605897    11.4175    11.4151    33.1857    33.1880    25.2879    25.2901     8.5372     8.7847    260.210    267.753     2.5031     2.4115     0.1880     3.6759     3.1343     0.0208     0.0012 -124.79608   41.89846      99.56         20  0.000e+00
     104407   4350.250      3.823      3.854    11.7213    11.6296  37.837003  37.761662    11.7209    11.6291    33.1433    33.1517    25.1992    25.2227     8.4719     8.5981    258.244    262.083     2.5018     2.3810     0.1148     1.8444     3.1343     0.0208     0.0012 -124.79628   41.89844      99.56         21  0.000e+00
     104408   4350.292      3.870      3.900    11.7185    11.6298  37.838235  37.762958    11.7180    11.6294    33.1470    33.1527    25.2026    25.2235     8.4774     8.6036    258.411    262.252     2.5031     2.3822     0.1148     1.8444     3.1343     0.0208     0.0024 -124.79628   41.89844      99.56         21  0.000e+00
     104409   4350.333      3.890      3.920    11.7202    11.6268  37.836679  37.764513    11.7197    11.6263    33.1440    33.1569    25.2000    25.2273     8.4722     8.5984    258.251    262.092     2.5018     2.3810     0.1148     1.8444     3.1343     0.0208     0.0024 -124.79628   41.89844      99.56         21  0.000e+00
     104410   4350.375      3.823      3.854    11.7073    11.6252  37.826629  37.765678    11.7068    11.6247    33.1457    33.1596    25.2037    25.2296     8.4796     8.5985    258.475    262.095     2.5031     2.3810     0.1148     1.8444     3.1343     0.0208     0.0012 -124.79628   41.89844      99.58         21  0.000e+00
     104411   4350.417      3.870      3.900    11.6972    11.6290  37.819433  37.769175    11.6967    11.6285    33.1477    33.1596    25.2072    25.2289     8.4814     8.5978    258.530    262.074     2.5031     2.3810     0.1123     1.7833     3.1343     0.0208     0.0012 -124.79628   41.89844      99.56         21  0.000e+00
     104412   4350.458      3.916      3.947    11.6892    11.6365  37.813663  37.773514    11.6887    11.6360    33.1491    33.1571    25.2097    25.2256     8.4777     8.5965    258.417    262.035     2.5018     2.3810     0.0965     1.3865     3.1331     0.0208     0.0024 -124.79628   41.89844      82.86         21  0.000e+00
     104413   4350.500      3.870      3.900    11.6833    11.6436  37.804069  37.778046    11.6828    11.6432    33.1451    33.1551    25.2077    25.2228     8.4841     8.5952    258.612    261.995     2.5031     2.3810     0.0879     1.1728     3.1331     0.0208     0.0024 -124.79628   41.89844      65.32         21  0.000e+00
     104414   4350.542      3.870      3.900    11.6523    11.6469  37.786311  37.778953    11.6518    11.6464    33.1555    33.1531    25.2215    25.2207     8.4842     8.5947    258.611    261.979     2.5018     2.3810     0.0879     1.1728     3.1331     0.0208     0.0024 -124.79628   41.89844      61.88         21  0.000e+00
     104415   4350.583      3.916      3.947    11.6507    11.6417  37.794933  37.776622    11.6502    11.6412    33.1653    33.1555    25.2294    25.2234     8.4840     8.5956    258.604    262.008     2.5018     2.3810     0.0891     1.2033     3.1331     0.0208     0.0024 -124.79628   41.89844      63.00         21  0.000e+00
     104416   4350.625      3.916      3.947    11.6757    11.6277  37.817555  37.766909    11.6752    11.6272    33.1650    33.1585    25.2246    25.2284     8.4793     8.5982    258.464    262.085     2.5018     2.3810     0.0891     1.2033     3.1331     0.0208     0.0024 -124.79628   41.89844      63.79         21  0.000e+00
     104417   4350.667      3.916      3.947    11.6931    11.6142  37.823454  37.754477    11.6926    11.6137    33.1553    33.1584    25.2138    25.2308     8.4818     8.6008    258.541    262.165     2.5031     2.3810     0.0891     1.2033     3.1331     0.0208     0.0024 -124.79628   41.89844      63.91         21  0.000e+00
     104418   4350.708      3.969      4.000    11.6942    11.6084  37.822740  37.751370    11.6937    11.6079    33.1535    33.1605    25.2122    25.2334     8.4817     8.6019    258.539    262.198     2.5031     2.3810     0.0891     1.2033     3.1331     0.0208     0.0012 -124.79628   41.89844      82.71         21  0.000e+00
     104419   4350.750      3.916      3.947    11.6914    11.6118  37.820925  37.757780    11.6909    11.6113    33.1543    33.1638    25.2134    25.2353     8.4821     8.6010    258.552    262.170     2.5031     2.3810     0.0891     1.2033     3.1331     0.0208     0.0024 -124.79628   41.89844      99.00         21  0.000e+00
     104420   4350.792      3.916      3.947    11.6965    11.6165  37.820470  37.763219    11.6960    11.6160    33.1493    33.1649    25.2085    25.2354     8.4815     8.6000    258.532    262.140     2.5031     2.3810     0.0891     1.2033     3.1343     0.0208     0.0024 -124.79628   41.89844     100.00         21  0.000e+00
     104421   4350.833      3.969      4.000    11.6868    11.6210  37.808153  37.766521    11.6863    11.6205    33.1459    33.1641    25.2077    25.2339     8.4835     8.5993    258.595    262.116     2.5031     2.3810     0.0891     1.2033     3.1343     0.0208     0.0024 -124.79628   41.89844     100.00         21  0.000e+00
     104422   4350.875      3.969      4.000    11.6512    11.6312  37.784238  37.770989    11.6507    11.6307    33.1543    33.1594    25.2208    25.2284     8.4897     8.5975    258.779    262.065     2.5031     2.3810     0.0891     1.2033     3.1343     0.0208     0.0024 -124.79628   41.89844      99.54         21  0.000e+00
     104423   4350.917      3.969      4.000    11.6034    11.6310  37.753720  37.773450    11.6029    11.6305    33.1673    33.1619    25.2396    25.2304     8.4979     8.5974    259.025    262.061     2.5031     2.3810     0.0891     1.2033     3.1331     0.0208     0.0024 -124.79628   41.89844      99.63         21  0.000e+00
     104424   4350.958      3.969      4.000    11.5891    11.6243  37.735063  37.771119    11.5886    11.6238    33.1619    33.1656    25.2381    25.2345     8.5009     8.5985    259.116    262.094     2.5031     2.3810     0.0891     1.2033     3.1331     0.0208     0.0024 -124.79628   41.89844      99.58         21  0.000e+00
     104425   4351.000      4.015      4.047    11.5964    11.6165  37.740569  37.762766    11.5959    11.6160    33.1607    33.1644    25.2358    25.2350     8.4996     8.6002    259.079    262.144     2.5031     2.3810     0.0891     1.2033     3.1343     0.0208     0.0024 -124.79628   41.89844      99.58         21  0.000e+00
     104426   4351.042      4.015      4.047    11.6089    11.6070  37.750739  37.752341    11.6084    11.6065    33.1595    33.1627    25.2326    25.2354     8.5025     8.6021    259.167    262.203     2.5043     2.3810     0.0891     1.2033     3.1343     0.0208     0.0024 -124.79628   41.89844      99.56         21  0.000e+00
     104427   4351.083      3.969      4.000    11.6164    11.5931  37.754367  37.742760    11.6159    11.5926    33.1563    33.1659    25.2287    25.2404     8.5012     8.6047    259.129    262.279     2.5043     2.3810     0.0891     1.2033     3.1343     0.0208     0.0024 -124.79628   41.89844      99.56         21  0.000e+00
     104428   4351.125      4.035      4.067    11.6163    11.5847  37.757088  37.735445    11.6158    11.5842    33.1590    33.1661    25.2308    25.2422     8.5012     8.6120    259.127    262.501     2.5043     2.3822     0.0891     1.2033     3.1343     0.0208     0.0024 -124.79628   41.89844      99.58         21  0.000e+00
     104429   4351.167      4.015      4.047    11.6178    11.5799  37.757282  37.730590    11.6173    11.5794    33.1579    33.1657    25.2297    25.2427     8.4958     8.6129    258.963    262.530     2.5031     2.3822     0.0891     1.2033     3.1355     0.0208     0.0024 -124.79628   41.89844      99.56         21  0.000e+00
     104430   4351.208      4.015      4.047    11.6207    11.5791  37.755597  37.731820    11.6202    11.5786    33.1536    33.1677    25.2258    25.2444     8.5006     8.6074    259.111    262.361     2.5043     2.3810     0.0891     1.2033     3.1355     0.0208     0.0024 -124.79628   41.89844      99.56         21  0.000e+00
     104431   4351.250      4.015      4.047    11.6218    11.5850  37.758902  37.739459    11.6213    11.5845    33.1559    33.1698    25.2274    25.2449     8.5003     8.6061    259.101    262.321     2.5043     2.3810     0.0891     1.2033     3.1355     0.0208     0.0024 -124.79628   41.89844      99.56         21  0.000e+00
     104432   4351.292      4.068      4.101    11.6273    11.5965  37.760392  37.750012    11.6268    11.5960    33.1524    33.1698    25.2237    25.2428     8.4995     8.6039    259.078    262.255     2.5043     2.3810     0.0891     1.2033     3.1355     0.0208     0.0024 -124.79628   41.89844      99.58         21  0.000e+00
     104433   4351.333      4.068      4.101    11.6212    11.6090  37.751515  37.759658    11.6207    11.6085    33.1492    33.1680    25.2223    25.2392     8.5008     8.6015    259.118    262.183     2.5043     2.3810     0.0891     1.2033     3.1355     0.0208     0.0024 -124.79628   41.89844      99.58         21  0.000e+00
     104434   4351.375      4.015      4.047    11.6169    11.6225  37.757477  37.768205    11.6164    11.6220    33.1589    33.1643    25.2306    25.2338     8.5010     8.5990    259.123    262.108     2.5043     2.3810     0.0891     1.2033     3.1331     0.0208     0.0024 -124.79628   41.89844      99.56         21  0.000e+00
     104435   4351.417      4.115      4.147    11.6301    11.6348  37.778991  37.775004    11.6296    11.6343    33.1681    33.1599    25.2354    25.2282     8.4982     8.5969    259.035    262.047     2.5043     2.3810     0.0891     1.2033     3.1331     0.0208     0.0024 -124.79628   41.89844      99.56         21  0.000e+00
     104436   4351.458      4.015      4.047    11.6475    11.6467  37.792989  37.779795    11.6470    11.6462    33.1663    33.1541    25.2307    25.2214     8.4949     8.5948    258.937    261.984     2.5043     2.3810     0.0891     1.2033     3.1355     0.0208     0.0012 -124.79628   41.89844      99.58         21  0.000e+00
     104437   4351.500      4.115      4.147    11.6590    11.6523  37.797720  37.780896    11.6585    11.6518    33.1605    33.1500    25.2241    25.2172     8.4932     8.5940    258.886    261.961     2.5043     2.3810     0.0891     1.2033     3.1355     0.0208     0.0024 -124.79628   41.89844      99.56         21  0.000e+00
     104438   4351.542      4.115      4.147    11.6669    11.6513  37.801090  37.778629    11.6664    11.6508    33.1567    33.1487    25.2197    25.2164     8.4919     8.5943    258.848    261.969     2.5043     2.3810     0.0928     1.2949     3.1331     0.0208     0.0024 -124.79628   41.89844      99.56         21  0.000e+00
     104439   4351.583      4.068      4.101    11.6752    11.6498  37.806534  37.776880    11.6747    11.6493    33.1546    33.1484    25.2166    25.2164     8.4904     8.5945    258.804    261.977     2.5043     2.3810     0.0952     1.3560     3.1343     0.0208     0.0024 -124.79628   41.89844      99.56         21  0.000e+00
     104440   4351.625      4.115      4.147    11.6810    11.6523  37.811461  37.779277    11.6805    11.6518    33.1543    33.1485    25.2152    25.2160     8.4946     8.5941    258.930    261.964     2.5055     2.3810     0.0952     1.3560     3.1343     0.0208     0.0024 -124.79628   41.89844      99.58         21  0.000e+00
     104441   4351.667      4.115      4.147    11.6833    11.6588  37.815221  37.784458    11.6828    11.6583    33.1559    33.1477    25.2161    25.2142     8.4941     8.5873    258.914    261.756     2.5055     2.3797     0.0952     1.3560     3.1355     0.0208     0.0024 -124.79628   41.89844      99.56         21  0.000e+00
