West Coast/WCOA-7/CTD_Data/RB2102_CTD_048_01.ros
* Sea-Bird SBE 9 Data File:
* FileName = C:\Users\scs.user.rb\CTD\RB2102\Data\RB2102_CTD_048_01.hex
* Software Version Seasave V 7.26.7.107
* Temperature SN = 6202
* Conductivity SN = 4907
* Number of Bytes Per Scan = 41
* Number of Voltage Words = 4
* Number of Scans Averaged by the Deck Unit = 1
* NMEA Latitude = 44 39.06 N
* NMEA Longitude = 124 46.61 W
* NMEA UTC (Time) = Jul 04 2021  01:05:11
* NMEA baud rate = 4800
# nquan = 30
# nvalues = 976                                   
# units = specified
# name 0 = scan: Scan Count
# name 1 = timeS: Time, Elapsed [seconds]
# name 2 = depSM: Depth [salt water, m]
# name 3 = prDM: Pressure, Digiquartz [db]
# name 4 = t090C: Temperature [ITS-90, deg C]
# name 5 = t190C: Temperature, 2 [ITS-90, deg C]
# name 6 = c0mS/cm: Conductivity [mS/cm]
# name 7 = c1mS/cm: Conductivity, 2 [mS/cm]
# name 8 = potemp090C: Potential Temperature [ITS-90, deg C]
# name 9 = potemp190C: Potential Temperature, 2 [ITS-90, deg C]
# name 10 = sal00: Salinity, Practical [PSU]
# name 11 = sal11: Salinity, Practical, 2 [PSU]
# name 12 = sigma-é00: Density [sigma-theta, kg/m^3]
# name 13 = sigma-é11: Density, 2 [sigma-theta, kg/m^3]
# name 14 = sbeox0Mg/L: Oxygen, SBE 43 [mg/l]
# name 15 = sbeox1Mg/L: Oxygen, SBE 43, 2 [mg/l]
# name 16 = sbox0Mm/Kg: Oxygen, SBE 43 [umol/kg]
# name 17 = sbox1Mm/Kg: Oxygen, SBE 43, 2 [umol/kg]
# name 18 = sbeox0V: Oxygen raw, SBE 43 [V]
# name 19 = sbeox1V: Oxygen raw, SBE 43, 2 [V]
# name 20 = v4: Voltage 4
# name 21 = flECO-AFL: Fluorescence, WET Labs ECO-AFL/FL [mg/m^3]
# name 22 = v3: Voltage 3
# name 23 = v6: Voltage 6
# name 24 = v7: Voltage 7
# name 25 = longitude: Longitude [deg]
# name 26 = latitude: Latitude [deg]
# name 27 = altM: Altimeter [m]
# name 28 = nbf: Bottles Fired
# name 29 = flag:  0.000e+00
# interval = seconds: 0.0416667
# start_time = Jul 04 2021 01:05:11 [NMEA time, header]
# bad_flag = -9.990e-29
*END*
[from data line 629]
      67042   2793.375     29.449     29.691     9.6197     9.6184  35.074315  35.070293     9.6165     9.6152    32.2571    32.2542    24.8735    24.8714     6.9089     7.1600    210.667    218.322     2.0403     1.9817     0.0940     1.3254     3.4103     0.0000     0.0000 -124.77700   44.65098      99.29         13  0.000e+00
      67043   2793.417     29.449     29.691     9.6195     9.6168  35.073371  35.068595     9.6163     9.6136    32.2563    32.2539    24.8729    24.8714     6.9144     7.1603    210.835    218.331     2.0415     1.9817     0.0940     1.3254     3.4115     0.0000     0.0000 -124.77700   44.65098      99.29         13  0.000e+00
      67044   2793.458     29.502     29.744     9.6184     9.6150  35.071924  35.067966     9.6152     9.6117    32.2558    32.2549    24.8727    24.8725     6.9092     7.1606    210.677    218.341     2.0403     1.9817     0.0940     1.3254     3.4090     0.0000     0.0000 -124.77700   44.65098      99.22         13  0.000e+00
      67045   2793.500     29.449     29.691     9.6174     9.6138  35.071357  35.068595     9.6141     9.6106    32.2562    32.2566    24.8731    24.8740     6.9094     7.1607    210.680    218.342     2.0403     1.9817     0.0940     1.3254     3.4103     0.0000     0.0000 -124.77700   44.65098      63.76         13  0.000e+00
      67046   2793.542     29.449     29.691     9.6166     9.6136  35.071483  35.070734     9.6134     9.6104    32.2570    32.2589    24.8739    24.8758     6.9094     7.1606    210.682    218.340     2.0403     1.9817     0.0940     1.3254     3.4103     0.0000     0.0000 -124.77700   44.65098      41.15         13  0.000e+00
      67047   2793.583     29.548     29.791     9.6164     9.6140  35.071798  35.072055     9.6132     9.6107    32.2574    32.2599    24.8743    24.8766     6.9095     7.1606    210.685    218.339     2.0403     1.9817     0.0940     1.3254     3.4090     0.0000     0.0000 -124.77700   44.65098      38.46         13  0.000e+00
      67048   2793.625     29.502     29.744     9.6165     9.6141  35.072302  35.072495     9.6133     9.6109    32.2579    32.2602    24.8746    24.8768     6.9095     7.1664    210.683    218.517     2.0403     1.9829     0.0940     1.3254     3.4090     0.0000     0.0000 -124.77700   44.65098      40.49         13  0.000e+00
      67049   2793.667     29.548     29.791     9.6164     9.6148  35.071546  35.073187     9.6132     9.6115    32.2572    32.2603    24.8741    24.8768     6.9150     7.1604    210.851    218.334     2.0415     1.9817     0.0940     1.3254     3.4115     0.0000     0.0000 -124.77700   44.65098      41.47         13  0.000e+00
      70156   2923.125     19.731     19.893    12.9355    12.8685  37.521094  37.490877    12.9328    12.8659    31.7824    31.8102    23.9145    23.9490     9.9671    10.2619    304.202    313.190     2.8950     2.7839     0.0769     0.8981     3.3993     0.0000     0.0000 -124.77706   44.65100      99.88         14  0.000e+00
      70157   2923.167     19.784     19.946    12.9326    12.8743  37.520448  37.493653    12.9299    12.8717    31.7842    31.8079    23.9164    23.9461     9.9677    10.2608    304.219    313.156     2.8950     2.7839     0.0769     0.8981     3.3993     0.0000     0.0000 -124.77706   44.65100      99.85         14  0.000e+00
      70158   2923.208     19.731     19.893    12.9301    12.8800  37.519350  37.494814    12.9275    12.8774    31.7853    31.8042    23.9178    23.9421     9.9731    10.2597    304.385    313.123     2.8962     2.7839     0.0769     0.8981     3.3993     0.0000     0.0000 -124.77706   44.65100      99.88         14  0.000e+00
      70159   2923.250     19.731     19.893    12.9248    12.8844  37.515472  37.494749    12.9221    12.8817    31.7861    31.8005    23.9194    23.9384     9.9692    10.2644    304.263    313.268     2.8950     2.7851     0.0769     0.8981     3.3993     0.0000     0.0000 -124.77706   44.65100      99.88         14  0.000e+00
      70160   2923.292     19.678     19.840    12.9159    12.8877  37.510820  37.494620    12.9133    12.8851    31.7891    31.7976    23.9235    23.9355     9.9708    10.2583    304.312    313.081     2.8950     2.7839     0.0769     0.8981     3.3993     0.0000     0.0000 -124.77706   44.65100      99.88         14  0.000e+00
      70161   2923.333     19.731     19.893    12.9107    12.8896  37.507008  37.494619    12.9081    12.8869    31.7899    31.7960    23.9251    23.9339     9.9719    10.2635    304.346    313.242     2.8950     2.7851     0.0769     0.8981     3.3993     0.0000     0.0000 -124.77706   44.65100      99.85         14  0.000e+00
      70162   2923.375     19.731     19.893    12.9070    12.8909  37.504358  37.495911    12.9044    12.8883    31.7905    31.7961    23.9263    23.9337     9.9727    10.2632    304.368    313.233     2.8950     2.7851     0.0769     0.8981     3.3993     0.0000     0.0000 -124.77706   44.65100      99.88         14  0.000e+00
      70163   2923.417     19.731     19.893    12.9055    12.8916  37.503066  37.497267    12.9029    12.8890    31.7906    31.7967    23.9266    23.9341     9.9730    10.2630    304.378    313.226     2.8950     2.7851     0.0769     0.8981     3.3993     0.0000     0.0000 -124.77706   44.65100      99.88         14  0.000e+00
      70164   2923.458     19.678     19.840    12.9021    12.8934  37.500740  37.498171    12.8995    12.8908    31.7913    31.7961    23.9278    23.9333     9.9736    10.2625    304.397    313.213     2.8950     2.7851     0.0769     0.8981     3.3993     0.0000     0.0000 -124.77706   44.65100      99.88         14  0.000e+00
      70165   2923.500     19.731     19.893    12.9001    12.8943  37.498931  37.498558    12.8974    12.8916    31.7912    31.7958    23.9282    23.9328     9.9741    10.2624    304.412    313.210     2.8950     2.7851     0.0769     0.8981     3.3993     0.0000     0.0000 -124.77706   44.65100      99.85         14  0.000e+00
      70166   2923.542     19.731     19.893    12.8976    12.8956  37.498027  37.500108    12.8949    12.8930    31.7925    31.7961    23.9296    23.9328     9.9796    10.2621    304.580    313.200     2.8962     2.7851     0.0769     0.8981     3.3993     0.0000     0.0000 -124.77706   44.65100      99.88         14  0.000e+00
      70167   2923.583     19.731     19.893    12.8941    12.8980  37.496735  37.502497    12.8914    12.8953    31.7942    31.7964    23.9317    23.9326     9.9803    10.2616    304.599    313.183     2.8962     2.7851     0.0769     0.8981     3.3993     0.0000     0.0000 -124.77706   44.65100      99.88         14  0.000e+00
      70168   2923.625     19.678     19.840    12.8920    12.9010  37.497252  37.503917    12.8894    12.8984    31.7964    31.7952    23.9337    23.9311     9.9754    10.2609    304.450    313.162     2.8950     2.7851     0.0769     0.8981     3.3993     0.0000     0.0000 -124.77706   44.65100      99.88         14  0.000e+00
      70169   2923.667     19.731     19.893    12.8919    12.9031  37.498027  37.503013    12.8893    12.9005    31.7973    31.7925    23.9344    23.9286     9.9755    10.2606    304.452    313.155     2.8950     2.7851     0.0769     0.8981     3.3993     0.0000     0.0000 -124.77706   44.65100      99.85         14  0.000e+00
      70170   2923.708     19.678     19.840    12.8927    12.9045  37.498415  37.502109    12.8901    12.9019    31.7969    31.7905    23.9340    23.9268     9.9753    10.2604    304.445    313.148     2.8950     2.7851     0.0769     0.8981     3.3993     0.0000     0.0000 -124.77706   44.65100      99.88         14  0.000e+00
      70171   2923.750     19.731     19.893    12.8937    12.9039  37.499707  37.501076    12.8911    12.9013    31.7973    31.7900    23.9341    23.9265     9.9751    10.2606    304.440    313.155     2.8950     2.7851     0.0769     0.8981     3.3993     0.0000     0.0000 -124.77706   44.65100      99.88         14  0.000e+00
      70172   2923.792     19.678     19.840    12.8957    12.9026  37.500676  37.501140    12.8931    12.9000    31.7966    31.7912    23.9331    23.9277     9.9747    10.2608    304.426    313.160     2.8950     2.7851     0.0781     0.9286     3.3993     0.0000     0.0000 -124.77706   44.65098      99.88         14  0.000e+00
      70173   2923.833     19.685     19.846    12.8966    12.9018  37.498350  37.501011    12.8939    12.8992    31.7937    31.7918    23.9307    23.9283     9.9747    10.2609    304.427    313.165     2.8950     2.7851     0.0781     0.9286     3.3993     0.0000     0.0000 -124.77706   44.65098      99.85         14  0.000e+00
      70174   2923.875     19.731     19.893    12.8945    12.9011  37.491695  37.500366    12.8919    12.8985    31.7891    31.7917    23.9276    23.9284     9.9754    10.2611    304.452    313.171     2.8950     2.7851     0.0781     0.9286     3.3993     0.0000     0.0000 -124.77706   44.65098      99.88         14  0.000e+00
      70175   2923.917     19.685     19.846    12.8920    12.9003  37.485169  37.499526    12.8894    12.8976    31.7850    31.7917    23.9249    23.9285     9.9762    10.2613    304.475    313.175     2.8950     2.7851     0.0781     0.9286     3.3993     0.0000     0.0000 -124.77706   44.65098      99.88         14  0.000e+00
      70176   2923.958     19.731     19.893    12.8842    12.8998  37.479161  37.498816    12.8816    12.8972    31.7859    31.7914    23.9272    23.9284     9.9728    10.2670    304.371    313.349     2.8938     2.7863     0.0781     0.9286     3.3993     0.0000     0.0000 -124.77706   44.65098      99.85         14  0.000e+00
      70177   2924.000     19.685     19.847    12.8720    12.8996  37.473800  37.499139    12.8694    12.8970    31.7911    31.7918    23.9335    23.9288     9.9801    10.2669    304.591    313.347     2.8950     2.7863     0.0781     0.9286     3.3993     0.0000     0.0000 -124.77706   44.65098      99.88         14  0.000e+00
      70178   2924.042     19.678     19.840    12.8609    12.8991  37.469215  37.500430    12.8583    12.8965    31.7962    31.7935    23.9396    23.9301     9.9771    10.2669    304.498    313.347     2.8938     2.7863     0.0781     0.9286     3.3993     0.0000     0.0000 -124.77706   44.65098      99.88         14  0.000e+00
      70179   2924.083     19.685     19.847    12.8532    12.8989  37.466180  37.501141    12.8506    12.8963    31.7997    31.7943    23.9438    23.9308     9.9785    10.2669    304.540    313.347     2.8938     2.7863     0.0781     0.9286     3.3993     0.0000     0.0000 -124.77706   44.65098      99.85         14  0.000e+00
      70180   2924.125     19.679     19.840    12.8508    12.8996  37.465340  37.501786    12.8482    12.8970    31.8009    31.7943    23.9452    23.9307     9.9789    10.2667    304.553    313.342     2.8938     2.7863     0.0781     0.9286     3.3993     0.0000     0.0000 -124.77706   44.65098      99.88         14  0.000e+00
      70181   2924.167     19.685     19.847    12.8491    12.9008  37.465470  37.503078    12.8465    12.8982    31.8025    31.7946    23.9468    23.9306     9.9792    10.2665    304.561    313.333     2.8938     2.7863     0.0781     0.9286     3.3993     0.0000     0.0000 -124.77706   44.65098      99.88         14  0.000e+00
      70182   2924.208     19.679     19.840    12.8440    12.9021  37.463791  37.504046    12.8414    12.8995    31.8052    31.7944    23.9499    23.9302     9.9750    10.2716    304.433    313.492     2.8926     2.7875     0.0781     0.9286     3.3993     0.0000     0.0000 -124.77706   44.65098      99.88         14  0.000e+00
      70183   2924.250     19.685     19.847    12.8420    12.9024  37.462305  37.504498    12.8394    12.8998    31.8055    31.7945    23.9505    23.9303     9.9755    10.2716    304.446    313.489     2.8926     2.7875     0.0781     0.9286     3.3980     0.0000     0.0000 -124.77706   44.65098      99.85         14  0.000e+00
      70184   2924.292     19.679     19.840    12.8409    12.9035  37.462693  37.505596    12.8383    12.9008    31.8068    31.7947    23.9517    23.9302     9.9706    10.2658    304.296    313.314     2.8913     2.7863     0.0781     0.9286     3.3993     0.0000     0.0000 -124.77706   44.65098      99.85         14  0.000e+00
      70185   2924.333     19.639     19.800    12.8400    12.9045  37.462435  37.506306    12.8374    12.9019    31.8073    31.7945    23.9522    23.9299     9.9707    10.2710    304.299    313.473     2.8913     2.7875     0.0781     0.9286     3.4005     0.0000     0.0000 -124.77706   44.65098      99.88         14  0.000e+00
      70186   2924.375     19.679     19.840    12.8400    12.9056  37.463468  37.506758    12.8374    12.9030    31.8083    31.7940    23.9530    23.9292     9.9706    10.2709    304.298    313.468     2.8913     2.7875     0.0781     0.9286     3.4005     0.0000     0.0000 -124.77706   44.65098      99.88         14  0.000e+00
      70187   2924.417     19.639     19.800    12.8427    12.9070  37.465406  37.506887    12.8401    12.9044    31.8079    31.7930    23.9522    23.9282     9.9700    10.2706    304.280    313.459     2.8913     2.7875     0.0781     0.9286     3.4005     0.0000     0.0000 -124.77706   44.65098      99.85         14  0.000e+00
      70188   2924.458     19.632     19.793    12.8465    12.9078  37.465664  37.506758    12.8439    12.9052    31.8049    31.7922    23.9491    23.9274     9.9694    10.2704    304.262    313.455     2.8913     2.7875     0.0781     0.9286     3.4005     0.0000     0.0000 -124.77706   44.65098      99.88         14  0.000e+00
      70189   2924.500     19.685     19.847    12.8476    12.9090  37.464049  37.507856    12.8450    12.9064    31.8024    31.7922    23.9470    23.9272     9.9643    10.2702    304.107    313.449     2.8901     2.7875     0.0781     0.9286     3.4005     0.0000     0.0000 -124.77706   44.65098      99.88         14  0.000e+00
      70190   2924.542     19.679     19.840    12.8434    12.9100  37.461078  37.508243    12.8407    12.9074    31.8032    31.7917    23.9484    23.9266     9.9652    10.2700    304.133    313.443     2.8901     2.7875     0.0781     0.9286     3.4005     0.0000     0.0000 -124.77706   44.65098      99.88         14  0.000e+00
      70191   2924.583     19.639     19.800    12.8390    12.9110  37.459076  37.509212    12.8364    12.9084    31.8050    31.7918    23.9506    23.9265     9.9659    10.2697    304.156    313.434     2.8901     2.7875     0.0781     0.9286     3.4005     0.0000     0.0000 -124.77706   44.65098      99.85         14  0.000e+00
      70192   2924.625     19.632     19.793    12.8365    12.9122  37.458624  37.509664    12.8339    12.9096    31.8067    31.7912    23.9524    23.9258     9.9664    10.2695    304.168    313.427     2.8901     2.7875     0.0769     0.8981     3.4005     0.0000     0.0000 -124.77706   44.65098      99.88         14  0.000e+00
      70193   2924.667     19.632     19.793    12.8363    12.9130  37.459851  37.509534    12.8338    12.9104    31.8080    31.7904    23.9535    23.9250     9.9663    10.2693    304.166    313.423     2.8901     2.7875     0.0781     0.9286     3.3980     0.0000     0.0000 -124.77706   44.65098      99.88         14  0.000e+00
      70194   2924.708     19.639     19.800    12.8372    12.9138  37.461014  37.509986    12.8346    12.9112    31.8084    31.7901    23.9536    23.9247     9.9661    10.2692    304.160    313.418     2.8901     2.7875     0.0781     0.9286     3.3993     0.0000     0.0000 -124.77706   44.65098      99.85         14  0.000e+00
