West Coast/WCOA-7/CTD_Data/RB2102_CTD_046_01.ros
* Sea-Bird SBE 9 Data File:
* FileName = C:\Users\scs.user.rb\CTD\RB2102\Data\RB2102_CTD_046_01.hex
* Software Version Seasave V 7.26.7.107
* Temperature SN = 6202
* Conductivity SN = 4907
* Number of Bytes Per Scan = 41
* Number of Voltage Words = 4
* Number of Scans Averaged by the Deck Unit = 1
* NMEA Latitude = 44 39.17 N
* NMEA Longitude = 125 07.14 W
* NMEA UTC (Time) = Jul 03 2021  19:23:36
* NMEA baud rate = 4800
# nquan = 30
# nvalues = 1029                                  
# units = specified
# name 0 = scan: Scan Count
# name 1 = timeS: Time, Elapsed [seconds]
# name 2 = depSM: Depth [salt water, m]
# name 3 = prDM: Pressure, Digiquartz [db]
# name 4 = t090C: Temperature [ITS-90, deg C]
# name 5 = t190C: Temperature, 2 [ITS-90, deg C]
# name 6 = c0mS/cm: Conductivity [mS/cm]
# name 7 = c1mS/cm: Conductivity, 2 [mS/cm]
# name 8 = potemp090C: Potential Temperature [ITS-90, deg C]
# name 9 = potemp190C: Potential Temperature, 2 [ITS-90, deg C]
# name 10 = sal00: Salinity, Practical [PSU]
# name 11 = sal11: Salinity, Practical, 2 [PSU]
# name 12 = sigma-é00: Density [sigma-theta, kg/m^3]
# name 13 = sigma-é11: Density, 2 [sigma-theta, kg/m^3]
# name 14 = sbeox0Mg/L: Oxygen, SBE 43 [mg/l]
# name 15 = sbeox1Mg/L: Oxygen, SBE 43, 2 [mg/l]
# name 16 = sbox0Mm/Kg: Oxygen, SBE 43 [umol/kg]
# name 17 = sbox1Mm/Kg: Oxygen, SBE 43, 2 [umol/kg]
# name 18 = sbeox0V: Oxygen raw, SBE 43 [V]
# name 19 = sbeox1V: Oxygen raw, SBE 43, 2 [V]
# name 20 = v4: Voltage 4
# name 21 = flECO-AFL: Fluorescence, WET Labs ECO-AFL/FL [mg/m^3]
# name 22 = v3: Voltage 3
# name 23 = v6: Voltage 6
# name 24 = v7: Voltage 7
# name 25 = longitude: Longitude [deg]
# name 26 = latitude: Latitude [deg]
# name 27 = altM: Altimeter [m]
# name 28 = nbf: Bottles Fired
# name 29 = flag:  0.000e+00
# interval = seconds: 0.0416667
# start_time = Jul 03 2021 19:23:36 [NMEA time, header]
# bad_flag = -9.990e-29
*END*
[from data line 436]
      70296   2928.958     99.367    100.202     8.1729     8.1747  35.108774  35.106802     8.1629     8.1647    33.6026    33.5988    26.1523    26.1491     4.2949     4.4582    130.798    135.771     1.4200     1.3919     0.0403    -0.0177     3.2601     0.0000     0.0000 -125.12232   44.65240      99.58          9  0.000e+00
      70297   2929.000     99.321    100.155     8.1730     8.1747  35.108396  35.107242     8.1630     8.1648    33.6022    33.5993    26.1520    26.1494     4.3005     4.4582    130.969    135.770     1.4212     1.3919     0.0403    -0.0177     3.2601     0.0000     0.0000 -125.12232   44.65240      99.58          9  0.000e+00
      70298   2929.042     99.321    100.155     8.1728     8.1746  35.108333  35.107619     8.1628     8.1646    33.6023    33.5999    26.1521    26.1499     4.2949     4.4582    130.798    135.770     1.4200     1.3919     0.0403    -0.0177     3.2601     0.0000     0.0000 -125.12232   44.65240      99.58          9  0.000e+00
      70299   2929.083     99.268    100.102     8.1730     8.1744  35.108333  35.107053     8.1630     8.1644    33.6021    33.5994    26.1519    26.1496     4.2949     4.4582    130.797    135.770     1.4200     1.3919     0.0403    -0.0177     3.2601     0.0000     0.0000 -125.12232   44.65240      99.58          9  0.000e+00
      70300   2929.125     99.321    100.155     8.1728     8.1744  35.108333  35.106801     8.1628     8.1644    33.6023    33.5991    26.1521    26.1494     4.2949     4.4582    130.798    135.771     1.4200     1.3919     0.0403    -0.0177     3.2601     0.0000     0.0000 -125.12232   44.65240      99.58          9  0.000e+00
      70302   2929.208     99.222    100.055     8.1731     8.1744  35.107703  35.106675     8.1631     8.1644    33.6014    33.5990    26.1513    26.1493     4.2949     4.4582    130.796    135.769     1.4200     1.3919     0.0403    -0.0177     3.2601     0.0000     0.0000 -125.12232   44.65240      99.58         10  0.000e+00
      70303   2929.250     99.215    100.048     8.1730     8.1744  35.107451  35.107241     8.1630     8.1644    33.6012    33.5996    26.1512    26.1498     4.2949     4.4581    130.797    135.769     1.4200     1.3919     0.0403    -0.0177     3.2601     0.0000     0.0000 -125.12232   44.65240      99.58         10  0.000e+00
      70304   2929.292     99.268    100.102     8.1731     8.1742  35.106696  35.107430     8.1631     8.1642    33.6003    33.6000    26.1505    26.1501     4.2893     4.4582    130.627    135.770     1.4188     1.3919     0.0403    -0.0177     3.2601     0.0000     0.0000 -125.12232   44.65240      99.58         10  0.000e+00
      70305   2929.333     99.222    100.055     8.1731     8.1744  35.106507  35.107682     8.1631     8.1644    33.6001    33.6001    26.1503    26.1501     4.2893     4.4581    130.626    135.768     1.4188     1.3919     0.0403    -0.0177     3.2601     0.0000     0.0000 -125.12232   44.65240      99.58         10  0.000e+00
      70306   2929.375     99.169    100.002     8.1732     8.1742  35.105751  35.107053     8.1632     8.1642    33.5992    33.5996    26.1496    26.1498     4.2949     4.4581    130.797    135.768     1.4200     1.3919     0.0403    -0.0177     3.2601     0.0000     0.0000 -125.12232   44.65240      99.58         10  0.000e+00
      70307   2929.417     99.222    100.055     8.1734     8.1742  35.105562  35.106801     8.1634     8.1642    33.5988    33.5994    26.1493    26.1496     4.2893     4.4582    130.627    135.770     1.4188     1.3919     0.0403    -0.0177     3.2601     0.0000     0.0000 -125.12232   44.65240      99.58         10  0.000e+00
      70308   2929.458     99.169    100.002     8.1735     8.1742  35.105310  35.106990     8.1635     8.1642    33.5985    33.5996    26.1490    26.1497     4.2893     4.4581    130.626    135.769     1.4188     1.3919     0.0403    -0.0177     3.2601     0.0000     0.0000 -125.12232   44.65240      99.58         10  0.000e+00
      70309   2929.500     99.176    100.008     8.1736     8.1744  35.104995  35.106864     8.1636     8.1644    33.5981    33.5993    26.1487    26.1495     4.2893     4.4520    130.626    135.582     1.4188     1.3907     0.0403    -0.0177     3.2601     0.0000     0.0000 -125.12232   44.65240      99.58         10  0.000e+00
      70310   2929.542     99.176    100.008     8.1739     8.1741  35.104681  35.106549     8.1639     8.1641    33.5975    33.5992    26.1481    26.1495     4.2893     4.4582    130.626    135.769     1.4188     1.3919     0.0403    -0.0177     3.2601     0.0000     0.0000 -125.12232   44.65240      99.58         10  0.000e+00
      70311   2929.583     99.123     99.955     8.1739     8.1746  35.104617  35.106297     8.1639     8.1646    33.5974    33.5985    26.1481    26.1489     4.2949     4.4581    130.796    135.768     1.4200     1.3919     0.0403    -0.0177     3.2601     0.0000     0.0000 -125.12232   44.65240      99.58         10  0.000e+00
      70312   2929.625     99.123     99.955     8.1741     8.1752  35.104617  35.105920     8.1642     8.1652    33.5972    33.5975    26.1479    26.1480     4.2892     4.4581    130.624    135.766     1.4188     1.3919     0.0403    -0.0177     3.2601     0.0000     0.0000 -125.12232   44.65240      99.58         10  0.000e+00
      70313   2929.667     99.070     99.902     8.1742     8.1756  35.104617  35.106045     8.1643     8.1656    33.5971    33.5973    26.1478    26.1478     4.2892     4.4519    130.623    135.578     1.4188     1.3907     0.0403    -0.0177     3.2601     0.0000     0.0000 -125.12232   44.65240      99.58         10  0.000e+00
      70314   2929.708     99.123     99.955     8.1747     8.1756  35.104114  35.106171     8.1647     8.1656    33.5961    33.5975    26.1470    26.1479     4.2892     4.4519    130.624    135.579     1.4188     1.3907     0.0403    -0.0177     3.2601     0.0000     0.0000 -125.12232   44.65240      99.58         10  0.000e+00
      70315   2929.750     99.023     99.855     8.1747     8.1754  35.103736  35.105919     8.1647     8.1654    33.5957    33.5974    26.1466    26.1479     4.2891     4.4580    130.622    135.764     1.4188     1.3919     0.0403    -0.0177     3.2601     0.0000     0.0000 -125.12232   44.65240      99.58         10  0.000e+00
      70316   2929.792     99.070     99.902     8.1748     8.1756  35.104113  35.106045     8.1648     8.1656    33.5960    33.5973    26.1469    26.1478     4.2892     4.4519    130.623    135.578     1.4188     1.3907     0.0403    -0.0177     3.2601     0.0000     0.0000 -125.12232   44.65240      99.58         10  0.000e+00
      70317   2929.833     99.077     99.908     8.1752     8.1760  35.104050  35.105982     8.1652     8.1661    33.5956    33.5968    26.1465    26.1473     4.2948     4.4518    130.793    135.577     1.4200     1.3907     0.0403    -0.0177     3.2601     0.0000     0.0000 -125.12232   44.65240      99.58         10  0.000e+00
      70318   2929.875     98.971     99.801     8.1753     8.1764  35.103735  35.105353     8.1653     8.1664    33.5952    33.5959    26.1462    26.1465     4.2947     4.4518    130.791    135.575     1.4200     1.3907     0.0403    -0.0177     3.2601     0.0000     0.0000 -125.12232   44.65240      99.58         10  0.000e+00
      70319   2929.917     99.024     99.855     8.1757     8.1768  35.103672  35.105038     8.1657     8.1669    33.5947    33.5951    26.1457    26.1458     4.2891     4.4518    130.620    135.575     1.4188     1.3907     0.0403    -0.0177     3.2601     0.0000     0.0000 -125.12232   44.65240      99.58         10  0.000e+00
      70320   2929.958     99.024     99.855     8.1756     8.1772  35.103672  35.105164     8.1656     8.1672    33.5948    33.5949    26.1458    26.1456     4.2891     4.4579    130.620    135.761     1.4188     1.3919     0.0403    -0.0177     3.2601     0.0000     0.0000 -125.12232   44.65240      99.58         10  0.000e+00
      70321   2930.000     98.977     99.808     8.1758     8.1772  35.103861  35.104787     8.1659     8.1672    33.5948    33.5945    26.1458    26.1453     4.2890     4.4517    130.619    135.574     1.4188     1.3907     0.0403    -0.0177     3.2601     0.0000     0.0000 -125.12232   44.65240      99.58         10  0.000e+00
      70322   2930.042     98.977     99.808     8.1762     8.1775  35.103483  35.105290     8.1662     8.1675    33.5941    33.5947    26.1451    26.1454     4.2890     4.4517    130.619    135.572     1.4188     1.3907     0.0403    -0.0177     3.2601     0.0000     0.0000 -125.12232   44.65240      99.58         10  0.000e+00
      70323   2930.083     98.924     99.755     8.1764     8.1775  35.103798  35.105290     8.1664     8.1676    33.5942    33.5947    26.1452    26.1455     4.2890     4.4516    130.617    135.571     1.4188     1.3907     0.0403    -0.0177     3.2601     0.0000     0.0000 -125.12232   44.65240      99.58         10  0.000e+00
      70324   2930.125     98.977     99.808     8.1765     8.1777  35.103987  35.104849     8.1665     8.1677    33.5943    33.5941    26.1453    26.1449     4.2890     4.4517    130.617    135.573     1.4188     1.3907     0.0403    -0.0177     3.2601     0.0000     0.0000 -125.12232   44.65240      99.58         10  0.000e+00
      70325   2930.167     98.924     99.755     8.1769     8.1780  35.103987  35.104660     8.1670     8.1680    33.5939    33.5936    26.1449    26.1445     4.2889     4.4516    130.616    135.571     1.4188     1.3907     0.0403    -0.0177     3.2601     0.0000     0.0000 -125.12232   44.65240      99.58         10  0.000e+00
      70326   2930.208     98.878     99.708     8.1771     8.1780  35.104175  35.104660     8.1672     8.1680    33.5939    33.5936    26.1449    26.1445     4.2889     4.4516    130.614    135.570     1.4188     1.3907     0.0403    -0.0177     3.2601     0.0000     0.0000 -125.12232   44.65240      99.58         10  0.000e+00
      70327   2930.250     98.931     99.762     8.1772     8.1781  35.104050  35.104849     8.1673     8.1682    33.5937    33.5937    26.1447    26.1445     4.2889     4.4516    130.615    135.571     1.4188     1.3907     0.0403    -0.0177     3.2601     0.0000     0.0000 -125.12232   44.65240      99.58         10  0.000e+00
      70328   2930.292     98.878     99.708     8.1775     8.1780  35.104175  35.104975     8.1675     8.1680    33.5936    33.5940    26.1446    26.1448     4.2888     4.4516    130.613    135.570     1.4188     1.3907     0.0403    -0.0177     3.2601     0.0000     0.0000 -125.12232   44.65240      99.58         10  0.000e+00
      70329   2930.333     98.878     99.708     8.1776     8.1783  35.104050  35.104975     8.1676     8.1684    33.5934    33.5937    26.1444    26.1445     4.2888     4.4516    130.613    135.569     1.4188     1.3907     0.0403    -0.0177     3.2601     0.0000     0.0000 -125.12232   44.65240      99.58         10  0.000e+00
      70330   2930.375     98.825     99.655     8.1776     8.1781  35.103986  35.104534     8.1677     8.1682    33.5933    33.5934    26.1443    26.1443     4.2888     4.4516    130.612    135.569     1.4188     1.3907     0.0403    -0.0177     3.2601     0.0000     0.0000 -125.12232   44.65240      99.58         10  0.000e+00
      70331   2930.417     98.832     99.662     8.1778     8.1781  35.103986  35.104346     8.1679     8.1682    33.5931    33.5932    26.1441    26.1441     4.2888     4.4516    130.612    135.569     1.4188     1.3907     0.0403    -0.0177     3.2601     0.0000     0.0000 -125.12232   44.65240      99.58         10  0.000e+00
      70332   2930.458     98.832     99.662     8.1778     8.1785  35.103735  35.104534     8.1679     8.1685    33.5929    33.5931    26.1439    26.1440     4.2888     4.4577    130.612    135.755     1.4188     1.3919     0.0403    -0.0177     3.2589     0.0000     0.0000 -125.12232   44.65240      99.58         10  0.000e+00
      70333   2930.500     98.825     99.655     8.1780     8.1785  35.104112  35.104408     8.1681     8.1685    33.5930    33.5929    26.1440    26.1439     4.2888     4.4577    130.611    135.755     1.4188     1.3919     0.0403    -0.0177     3.2589     0.0000     0.0000 -125.12232   44.65240      99.58         10  0.000e+00
      70334   2930.542     98.779     99.608     8.1781     8.1785  35.103797  35.104534     8.1682     8.1685    33.5926    33.5931    26.1437    26.1440     4.2887     4.4515    130.611    135.567     1.4188     1.3907     0.0403    -0.0177     3.2601     0.0000     0.0000 -125.12232   44.65240      99.58         10  0.000e+00
      70335   2930.583     98.779     99.608     8.1782     8.1785  35.103671  35.104849     8.1682     8.1685    33.5924    33.5934    26.1436    26.1443     4.2887     4.4515    130.611    135.567     1.4188     1.3907     0.0403    -0.0177     3.2601     0.0000     0.0000 -125.12232   44.65240      99.58         10  0.000e+00
      70336   2930.625     98.779     99.608     8.1783     8.1785  35.103671  35.104723     8.1683     8.1685    33.5924    33.5933    26.1435    26.1442     4.2887     4.4515    130.610    135.567     1.4188     1.3907     0.0403    -0.0177     3.2601     0.0000     0.0000 -125.12232   44.65240      99.58         10  0.000e+00
      70337   2930.667     98.779     99.608     8.1784     8.1783  35.103671  35.104220     8.1684     8.1684    33.5923    33.5929    26.1434    26.1439     4.2887     4.4515    130.610    135.568     1.4188     1.3907     0.0403    -0.0177     3.2601     0.0000     0.0000 -125.12232   44.65240      99.58         10  0.000e+00
      70338   2930.708     98.680     99.508     8.1783     8.1785  35.103860  35.103779     8.1683     8.1685    33.5926    33.5923    26.1437    26.1434     4.2887     4.4576    130.608    135.753     1.4188     1.3919     0.0415     0.0129     3.2589     0.0000     0.0000 -125.12232   44.65240      99.58         10  0.000e+00
      70339   2930.750     98.779     99.608     8.1784     8.1787  35.103734  35.104157     8.1684     8.1687    33.5923    33.5925    26.1434    26.1435     4.2887     4.4576    130.610    135.754     1.4188     1.3919     0.0415     0.0129     3.2601     0.0000     0.0000 -125.12232   44.65240      99.58         10  0.000e+00
      70340   2930.792     98.680     99.508     8.1787     8.1787  35.103419  35.104534     8.1688     8.1687    33.5917    33.5930    26.1429    26.1439     4.2887     4.4514    130.608    135.565     1.4188     1.3907     0.0415     0.0129     3.2601     0.0000     0.0000 -125.12232   44.65240      99.58         10  0.000e+00
      70341   2930.833     98.733     99.562     8.1787     8.1788  35.103545  35.105037     8.1688     8.1689    33.5918    33.5933    26.1430    26.1442     4.2887     4.4514    130.609    135.565     1.4188     1.3907     0.0415     0.0129     3.2601     0.0000     0.0000 -125.12232   44.65240      99.58         10  0.000e+00
      70342   2930.875     98.686     99.515     8.1786     8.1787  35.103671  35.104534     8.1687     8.1687    33.5921    33.5930    26.1432    26.1439     4.2887     4.4514    130.608    135.565     1.4188     1.3907     0.0415     0.0129     3.2601     0.0000     0.0000 -125.12232   44.65240      99.58         10  0.000e+00
      70343   2930.917     98.680     99.508     8.1787     8.1787  35.103671  35.104345     8.1688     8.1687    33.5920    33.5928    26.1431    26.1437     4.2887     4.4514    130.608    135.565     1.4188     1.3907     0.0415     0.0129     3.2589     0.0000     0.0000 -125.12232   44.65240      99.58         10  0.000e+00
