West Coast/WCOA-7/CTD_Data/RB2102_CTD_066_01.ros
* Sea-Bird SBE 9 Data File:
* FileName = C:\Users\scs.user.rb\CTD\RB2102\Data\RB2102_CTD_066_01.hex
* Software Version Seasave V 7.26.7.107
* Temperature SN = 6202
* Conductivity SN = 4907
* Number of Bytes Per Scan = 41
* Number of Voltage Words = 4
* Number of Scans Averaged by the Deck Unit = 1
* NMEA Latitude = 41 59.58 N
* NMEA Longitude = 124 19.60 W
* NMEA UTC (Time) = Jul 07 2021  00:30:38
* NMEA baud rate = 4800
# nquan = 30
# nvalues = 441                                   
# units = specified
# name 0 = scan: Scan Count
# name 1 = timeS: Time, Elapsed [seconds]
# name 2 = depSM: Depth [salt water, m]
# name 3 = prDM: Pressure, Digiquartz [db]
# name 4 = t090C: Temperature [ITS-90, deg C]
# name 5 = t190C: Temperature, 2 [ITS-90, deg C]
# name 6 = c0mS/cm: Conductivity [mS/cm]
# name 7 = c1mS/cm: Conductivity, 2 [mS/cm]
# name 8 = potemp090C: Potential Temperature [ITS-90, deg C]
# name 9 = potemp190C: Potential Temperature, 2 [ITS-90, deg C]
# name 10 = sal00: Salinity, Practical [PSU]
# name 11 = sal11: Salinity, Practical, 2 [PSU]
# name 12 = sigma-é00: Density [sigma-theta, kg/m^3]
# name 13 = sigma-é11: Density, 2 [sigma-theta, kg/m^3]
# name 14 = sbeox0Mg/L: Oxygen, SBE 43 [mg/l]
# name 15 = sbeox1Mg/L: Oxygen, SBE 43, 2 [mg/l]
# name 16 = sbox0Mm/Kg: Oxygen, SBE 43 [umol/kg]
# name 17 = sbox1Mm/Kg: Oxygen, SBE 43, 2 [umol/kg]
# name 18 = sbeox0V: Oxygen raw, SBE 43 [V]
# name 19 = sbeox1V: Oxygen raw, SBE 43, 2 [V]
# name 20 = v4: Voltage 4
# name 21 = flECO-AFL: Fluorescence, WET Labs ECO-AFL/FL [mg/m^3]
# name 22 = v3: Voltage 3
# name 23 = v6: Voltage 6
# name 24 = v7: Voltage 7
# name 25 = longitude: Longitude [deg]
# name 26 = latitude: Latitude [deg]
# name 27 = altM: Altimeter [m]
# name 28 = nbf: Bottles Fired
# name 29 = flag:  0.000e+00
# interval = seconds: 0.0416667
# start_time = Jul 07 2021 00:30:38 [NMEA time, header]
# bad_flag = -9.990e-29
*END*
      15022    625.875     36.416     36.707     9.4401     9.4406  36.377681  36.378619     9.4361     9.4366    33.7578    33.7583    26.0755    26.0758     4.3583     4.4954    132.737    136.913     1.4713     1.4359     0.1392     2.4549     3.2564     0.0611     0.0513 -124.32696   41.99280       5.37          1  0.000e+00
      15023    625.917     36.316     36.607     9.4403     9.4405  36.377489  36.378683     9.4363     9.4365    33.7576    33.7585    26.0752    26.0760     4.3582     4.4953    132.735    136.912     1.4713     1.4359     0.1392     2.4549     3.2564     0.0611     0.0513 -124.32696   41.99280       5.37          1  0.000e+00
      15024    625.958     36.416     36.707     9.4401     9.4406  36.377170  36.379002     9.4361     9.4366    33.7573    33.7587    26.0751    26.0761     4.3529     4.4954    132.573    136.913     1.4701     1.4359     0.1392     2.4549     3.2576     0.0611     0.0513 -124.32696   41.99280       5.37          1  0.000e+00
      15025    626.000     36.369     36.660     9.4403     9.4405  36.376595  36.378875     9.4363     9.4365    33.7566    33.7587    26.0745    26.0761     4.3529     4.4954    132.572    136.912     1.4701     1.4359     0.1392     2.4549     3.2576     0.0611     0.0513 -124.32696   41.99280       5.37          1  0.000e+00
      15026    626.042     36.369     36.660     9.4403     9.4406  36.376914  36.379002     9.4363     9.4366    33.7569    33.7588    26.0747    26.0761     4.3529     4.4954    132.572    136.912     1.4701     1.4359     0.1392     2.4549     3.2576     0.0611     0.0513 -124.32696   41.99280       5.37          1  0.000e+00
      15027    626.083     36.376     36.667     9.4403     9.4407  36.377553  36.378875     9.4363     9.4367    33.7576    33.7585    26.0753    26.0759     4.3528     4.4954    132.571    136.912     1.4701     1.4359     0.1392     2.4549     3.2576     0.0611     0.0513 -124.32696   41.99280       5.37          1  0.000e+00
      15028    626.125     36.369     36.660     9.4401     9.4406  36.377233  36.378492     9.4361     9.4366    33.7574    33.7582    26.0751    26.0757     4.3475     4.4954    132.407    136.912     1.4689     1.4359     0.1392     2.4549     3.2564     0.0611     0.0513 -124.32696   41.99280       5.37          1  0.000e+00
      15029    626.167     36.316     36.607     9.4405     9.4407  36.376914  36.378236     9.4365     9.4367    33.7568    33.7579    26.0746    26.0754     4.3474     4.4953    132.406    136.912     1.4689     1.4359     0.1392     2.4549     3.2576     0.0611     0.0513 -124.32696   41.99280       5.37          1  0.000e+00
      15030    626.208     36.316     36.607     9.4403     9.4406  36.377042  36.378619     9.4363     9.4366    33.7571    33.7584    26.0749    26.0758     4.3474     4.4953    132.406    136.911     1.4689     1.4359     0.1392     2.4549     3.2576     0.0611     0.0513 -124.32696   41.99280       5.37          1  0.000e+00
      15031    626.250     36.369     36.660     9.4405     9.4409  36.376595  36.378811     9.4365     9.4369    33.7564    33.7583    26.0743    26.0757     4.3420     4.4954    132.243    136.912     1.4676     1.4359     0.1392     2.4549     3.2576     0.0611     0.0513 -124.32696   41.99280       5.37          1  0.000e+00
      15032    626.292     36.369     36.660     9.4405     9.4410  36.376914  36.378555     9.4365     9.4370    33.7568    33.7580    26.0746    26.0755     4.3420     4.4954    132.242    136.912     1.4676     1.4359     0.1319     2.2717     3.2576     0.0611     0.0513 -124.32696   41.99280       5.40          1  0.000e+00
      15033    626.333     36.316     36.607     9.4405     9.4409  36.376595  36.378683     9.4365     9.4369    33.7565    33.7582    26.0743    26.0757     4.3420     4.4953    132.242    136.911     1.4676     1.4359     0.1233     2.0580     3.2564     0.0611     0.0513 -124.32696   41.99280       5.40          1  0.000e+00
      15034    626.375     36.316     36.607     9.4403     9.4408  36.376467  36.378555     9.4363     9.4368    33.7565    33.7582    26.0744    26.0756     4.3420     4.4953    132.242    136.911     1.4676     1.4359     0.1221     2.0275     3.2564     0.0611     0.0513 -124.32696   41.99280       5.40          1  0.000e+00
      15035    626.417     36.323     36.613     9.4405     9.4410  36.376467  36.378683     9.4365     9.4370    33.7563    33.7581    26.0742    26.0756     4.3420     4.4953    132.242    136.911     1.4676     1.4359     0.1221     2.0275     3.2576     0.0611     0.0513 -124.32696   41.99280       5.40          1  0.000e+00
      15036    626.458     36.270     36.560     9.4403     9.4407  36.375956  36.378555     9.4363     9.4367    33.7560    33.7583    26.0740    26.0757     4.3420     4.4953    132.242    136.910     1.4676     1.4359     0.1221     2.0275     3.2564     0.0611     0.0513 -124.32696   41.99280       5.40          1  0.000e+00
      15037    626.500     36.316     36.607     9.4405     9.4406  36.375062  36.378428     9.4365     9.4366    33.7549    33.7582    26.0731    26.0757     4.3367     4.4953    132.079    136.912     1.4664     1.4359     0.1221     2.0275     3.2576     0.0611     0.0513 -124.32696   41.99280       5.42          1  0.000e+00
      15038    626.542     36.270     36.560     9.4403     9.4409  36.374871  36.378683     9.4363     9.4369    33.7549    33.7583    26.0731    26.0757     4.3366     4.4953    132.078    136.910     1.4664     1.4359     0.1221     2.0275     3.2576     0.0611     0.0513 -124.32696   41.99280       5.42          1  0.000e+00
      15039    626.583     36.316     36.607     9.4403     9.4408  36.374871  36.378555     9.4363     9.4368    33.7548    33.7582    26.0731    26.0756     4.3367     4.4953    132.079    136.911     1.4664     1.4359     0.1221     2.0275     3.2576     0.0611     0.0513 -124.32696   41.99280       5.42          1  0.000e+00
      15040    626.625     36.270     36.560     9.4400     9.4407  36.374615  36.378172     9.4360     9.4367    33.7549    33.7579    26.0732    26.0754     4.3367     4.4953    132.079    136.911     1.4664     1.4359     0.1221     2.0275     3.2564     0.0611     0.0513 -124.32696   41.99280       5.42          1  0.000e+00
      15041    626.667     36.316     36.607     9.4400     9.4408  36.374552  36.378109     9.4360     9.4368    33.7548    33.7577    26.0731    26.0753     4.3367     4.4953    132.080    136.912     1.4664     1.4359     0.1221     2.0275     3.2564     0.0611     0.0513 -124.32696   41.99280       5.42          1  0.000e+00
      15042    626.708     36.217     36.507     9.4401     9.4407  36.374041  36.378874     9.4362     9.4367    33.7542    33.7586    26.0726    26.0760     4.3366     4.4953    132.078    136.909     1.4664     1.4359     0.1221     2.0275     3.2564     0.0611     0.0513 -124.32696   41.99280       5.42          1  0.000e+00
      15043    626.750     36.277     36.567     9.4400     9.4406  36.373338  36.378364     9.4360     9.4366    33.7536    33.7581    26.0722    26.0756     4.3313     4.4953    131.916    136.911     1.4652     1.4359     0.1221     2.0275     3.2564     0.0611     0.0513 -124.32696   41.99280       5.42          1  0.000e+00
      15044    626.792     36.217     36.507     9.4396     9.4407  36.373721  36.378619     9.4356     9.4367    33.7543    33.7583    26.0728    26.0758     4.3313     4.4953    131.915    136.909     1.4652     1.4359     0.1221     2.0275     3.2576     0.0611     0.0513 -124.32696   41.99278       5.45          1  0.000e+00
      15045    626.833     36.270     36.560     9.4400     9.4408  36.373913  36.378236     9.4360     9.4368    33.7542    33.7579    26.0726    26.0754     4.3313     4.4953    131.915    136.911     1.4652     1.4359     0.1221     2.0275     3.2564     0.0611     0.0513 -124.32696   41.99278       5.45          1  0.000e+00
      15046    626.875     36.270     36.560     9.4398     9.4407  36.373658  36.378364     9.4358     9.4367    33.7541    33.7581    26.0726    26.0755     4.3313     4.4953    131.916    136.911     1.4652     1.4359     0.1221     2.0275     3.2576     0.0598     0.0513 -124.32696   41.99278       5.45          1  0.000e+00
      15047    626.917     36.217     36.507     9.4400     9.4406  36.373274  36.378427     9.4360     9.4366    33.7536    33.7582    26.0721    26.0757     4.3313     4.4953    131.915    136.910     1.4652     1.4359     0.1221     2.0275     3.2576     0.0611     0.0501 -124.32696   41.99278       5.45          1  0.000e+00
      15048    626.958     36.217     36.507     9.4398     9.4409  36.372955  36.378427     9.4358     9.4369    33.7534    33.7580    26.0720    26.0755     4.3367     4.4953    132.080    136.909     1.4664     1.4359     0.1221     2.0275     3.2564     0.0598     0.0513 -124.32696   41.99278       5.45          1  0.000e+00
      15049    627.000     36.217     36.507     9.4398     9.4410  36.373402  36.378427     9.4358     9.4370    33.7538    33.7579    26.0724    26.0754     4.3367     4.4953    132.080    136.909     1.4664     1.4359     0.1221     2.0275     3.2576     0.0611     0.0501 -124.32696   41.99278       5.47          1  0.000e+00
      15050    627.042     36.171     36.460     9.4400     9.4407  36.373274  36.378427     9.4360     9.4367    33.7536    33.7582    26.0722    26.0756     4.3367     4.4953    132.079    136.909     1.4664     1.4359     0.1221     2.0275     3.2576     0.0598     0.0501 -124.32696   41.99278       5.47          1  0.000e+00
      15051    627.083     36.230     36.520     9.4398     9.4408  36.373019  36.378683     9.4358     9.4368    33.7534    33.7584    26.0721    26.0758     4.3313     4.4953    131.916    136.909     1.4652     1.4359     0.1221     2.0275     3.2564     0.0611     0.0501 -124.32696   41.99278       5.47          1  0.000e+00
      15052    627.125     36.171     36.460     9.4400     9.4407  36.373147  36.378491     9.4360     9.4367    33.7534    33.7582    26.0721    26.0757     4.3313     4.4953    131.914    136.909     1.4652     1.4359     0.1221     2.0275     3.2576     0.0611     0.0513 -124.32696   41.99278       5.47          1  0.000e+00
      15053    627.167     36.217     36.507     9.4398     9.4410  36.372700  36.378682     9.4358     9.4370    33.7531    33.7582    26.0718    26.0756     4.3313     4.4953    131.916    136.909     1.4652     1.4359     0.1221     2.0275     3.2576     0.0598     0.0501 -124.32696   41.99278       5.47          1  0.000e+00
      15054    627.208     36.171     36.460     9.4398     9.4405  36.373019  36.378491     9.4358     9.4366    33.7534    33.7584    26.0721    26.0759     4.3313     4.4953    131.915    136.909     1.4652     1.4359     0.1221     2.0275     3.2576     0.0598     0.0501 -124.32696   41.99278       5.47          1  0.000e+00
      15055    627.250     36.171     36.460     9.4400     9.4406  36.372700  36.378427     9.4360     9.4367    33.7530    33.7583    26.0717    26.0757     4.3313     4.4953    131.915    136.909     1.4652     1.4359     0.1221     2.0275     3.2576     0.0598     0.0501 -124.32696   41.99278       5.49          1  0.000e+00
      15056    627.292     36.171     36.460     9.4398     9.4408  36.372572  36.378427     9.4358     9.4368    33.7530    33.7581    26.0717    26.0756     4.3313     4.4953    131.915    136.909     1.4652     1.4359     0.1221     2.0275     3.2576     0.0611     0.0501 -124.32696   41.99278       5.52          1  0.000e+00
      15057    627.333     36.171     36.460     9.4396     9.4407  36.372764  36.378427     9.4357     9.4367    33.7533    33.7582    26.0720    26.0756     4.3313     4.4953    131.915    136.909     1.4652     1.4359     0.1221     2.0275     3.2564     0.0611     0.0501 -124.32696   41.99278       5.52          1  0.000e+00
      15058    627.375     36.124     36.413     9.4398     9.4408  36.372891  36.378427     9.4358     9.4368    33.7533    33.7581    26.0720    26.0756     4.3312     4.4952    131.914    136.908     1.4652     1.4359     0.1136     1.8138     3.2564     0.0598     0.0513 -124.32696   41.99278       5.52          1  0.000e+00
      15059    627.417     36.131     36.420     9.4396     9.4405  36.373146  36.378427     9.4357     9.4366    33.7538    33.7584    26.0724    26.0758     4.3313     4.4952    131.914    136.908     1.4652     1.4359     0.0989     1.4475     3.2576     0.0598     0.0501 -124.32696   41.99278       5.52          1  0.000e+00
      15060    627.458     36.124     36.413     9.4394     9.4410  36.372955  36.378427     9.4355     9.4370    33.7537    33.7580    26.0724    26.0754     4.3313     4.4952    131.915    136.907     1.4652     1.4359     0.0940     1.3254     3.2564     0.0611     0.0513 -124.32696   41.99278       5.52          1  0.000e+00
      15061    627.500     36.171     36.460     9.4393     9.4409  36.372636  36.378682     9.4353     9.4369    33.7535    33.7583    26.0722    26.0757     4.3313     4.4952    131.916    136.908     1.4652     1.4359     0.0952     1.3560     3.2564     0.0611     0.0513 -124.32696   41.99278       5.52          1  0.000e+00
      15062    627.542     36.124     36.413     9.4393     9.4408  36.372572  36.378810     9.4353     9.4368    33.7535    33.7585    26.0722    26.0759     4.3313     4.4952    131.915    136.907     1.4652     1.4359     0.0952     1.3560     3.2576     0.0611     0.0513 -124.32696   41.99278       5.54          1  0.000e+00
      15063    627.583     36.071     36.360     9.4394     9.4411  36.372572  36.378235     9.4355     9.4371    33.7534    33.7577    26.0721    26.0752     4.3313     4.4893    131.914    136.727     1.4652     1.4347     0.0952     1.3560     3.2576     0.0611     0.0513 -124.32696   41.99278       5.54          1  0.000e+00
      15064    627.625     36.124     36.413     9.4396     9.4410  36.372316  36.378108     9.4357     9.4370    33.7529    33.7576    26.0717    26.0752     4.3313     4.4952    131.915    136.908     1.4652     1.4359     0.0952     1.3560     3.2564     0.0611     0.0513 -124.32696   41.99278       5.54          1  0.000e+00
      15065    627.667     36.071     36.360     9.4398     9.4405  36.372061  36.378618     9.4358     9.4366    33.7525    33.7586    26.0713    26.0760     4.3312     4.4893    131.914    136.728     1.4652     1.4347     0.0952     1.3560     3.2576     0.0611     0.0513 -124.32696   41.99278       5.54          1  0.000e+00
      15066    627.708     36.124     36.413     9.4400     9.4410  36.371678  36.378299     9.4360     9.4370    33.7519    33.7578    26.0709    26.0753     4.3313     4.4893    131.915    136.728     1.4652     1.4347     0.0952     1.3560     3.2564     0.0611     0.0513 -124.32696   41.99278       5.54          1  0.000e+00
      15067    627.750     36.078     36.366     9.4398     9.4409  36.370848  36.378618     9.4358     9.4369    33.7512    33.7583    26.0704    26.0757     4.3313     4.4893    131.915    136.727     1.4652     1.4347     0.0952     1.3560     3.2564     0.0611     0.0513 -124.32696   41.99278       5.54          1  0.000e+00
      15068    627.792     36.124     36.413     9.4393     9.4411  36.370657  36.378810     9.4353     9.4371    33.7515    33.7582    26.0706    26.0756     4.3259     4.4893    131.753    136.727     1.4640     1.4347     0.0952     1.3560     3.2576     0.0611     0.0513 -124.32696   41.99278       5.57          1  0.000e+00
      15069    627.833     36.071     36.360     9.4393     9.4414  36.369699  36.378299     9.4353     9.4374    33.7505    33.7575    26.0699    26.0750     4.3259     4.4893    131.753    136.726     1.4640     1.4347     0.0952     1.3560     3.2576     0.0598     0.0513 -124.32696   41.99278       5.57          1  0.000e+00
