West Coast/WCOA-7/CTD_Data/RB2102_CTD_113_01.ros
* Sea-Bird SBE 9 Data File:
* FileName = C:\Users\scs.user.rb\CTD\RB2102\Data\RB2102_CTD_113_01.hex
* Software Version Seasave V 7.26.7.107
* Temperature SN = 6202
* Conductivity SN = 4907
* Number of Bytes Per Scan = 41
* Number of Voltage Words = 4
* Number of Scans Averaged by the Deck Unit = 1
* NMEA Latitude = 34 19.02 N
* NMEA Longitude = 120 48.19 W
* NMEA UTC (Time) = Jul 18 2021  02:31:27
* NMEA baud rate = 4800
# nquan = 30
# nvalues = 1172                                  
# units = specified
# name 0 = scan: Scan Count
# name 1 = timeS: Time, Elapsed [seconds]
# name 2 = depSM: Depth [salt water, m]
# name 3 = prDM: Pressure, Digiquartz [db]
# name 4 = t090C: Temperature [ITS-90, deg C]
# name 5 = t190C: Temperature, 2 [ITS-90, deg C]
# name 6 = c0mS/cm: Conductivity [mS/cm]
# name 7 = c1mS/cm: Conductivity, 2 [mS/cm]
# name 8 = potemp090C: Potential Temperature [ITS-90, deg C]
# name 9 = potemp190C: Potential Temperature, 2 [ITS-90, deg C]
# name 10 = sal00: Salinity, Practical [PSU]
# name 11 = sal11: Salinity, Practical, 2 [PSU]
# name 12 = sigma-é00: Density [sigma-theta, kg/m^3]
# name 13 = sigma-é11: Density, 2 [sigma-theta, kg/m^3]
# name 14 = sbeox0Mg/L: Oxygen, SBE 43 [mg/l]
# name 15 = sbeox1Mg/L: Oxygen, SBE 43, 2 [mg/l]
# name 16 = sbox0Mm/Kg: Oxygen, SBE 43 [umol/kg]
# name 17 = sbox1Mm/Kg: Oxygen, SBE 43, 2 [umol/kg]
# name 18 = sbeox0V: Oxygen raw, SBE 43 [V]
# name 19 = sbeox1V: Oxygen raw, SBE 43, 2 [V]
# name 20 = v4: Voltage 4
# name 21 = flECO-AFL: Fluorescence, WET Labs ECO-AFL/FL [mg/m^3]
# name 22 = v3: Voltage 3
# name 23 = v6: Voltage 6
# name 24 = v7: Voltage 7
# name 25 = longitude: Longitude [deg]
# name 26 = latitude: Latitude [deg]
# name 27 = altM: Altimeter [m]
# name 28 = nbf: Bottles Fired
# name 29 = flag:  0.000e+00
# interval = seconds: 0.0416667
# start_time = Jul 18 2021 02:31:27 [NMEA time, header]
# bad_flag = -9.990e-29
*END*
[from data line 967]
     106756   4448.125     10.657     10.734    14.6657    14.6643  41.073776  41.066891    14.6641    14.6627    33.6070    33.6019    24.9706    24.9669     8.1985     8.4307    249.964    257.044     2.5665     2.4762     0.2430     5.0495     3.2283     0.0159     0.0000 -120.80486   34.31610      99.63         20  0.000e+00
     106757   4448.167     10.611     10.688    14.6662    14.6637  41.063656  41.066757    14.6646    14.6622    33.5973    33.6023    24.9630    24.9673     8.1988     8.4255    249.977    256.886     2.5665     2.4750     0.2442     5.0800     3.2271     0.0159     0.0000 -120.80486   34.31610      99.63         20  0.000e+00
     106758   4448.208     10.611     10.688    14.6660    14.6624  41.054743  41.067762    14.6644    14.6608    33.5893    33.6043    24.9569    24.9692     8.1944     8.4256    249.845    256.890     2.5653     2.4750     0.2442     5.0800     3.2283     0.0159     0.0000 -120.80486   34.31610      99.63         20  0.000e+00
     106759   4448.250     10.617     10.694    14.6640    14.6611  41.050522  41.068968    14.6624    14.6595    33.5872    33.6066    24.9556    24.9712     8.1997     8.4257    250.005    256.893     2.5665     2.4750     0.2442     5.0800     3.2271     0.0159     0.0000 -120.80486   34.31610      99.63         20  0.000e+00
     106760   4448.292     10.611     10.688    14.6601    14.6602  41.050924  41.069437    14.6586    14.6586    33.5909    33.6078    24.9593    24.9723     8.1954     8.4206    249.872    256.736     2.5653     2.4737     0.2430     5.0495     3.2271     0.0159     0.0000 -120.80486   34.31610      99.63         20  0.000e+00
     106761   4448.333     10.657     10.734    14.6433    14.6595  41.050190  41.070576    14.6417    14.6579    33.6048    33.6094    24.9737    24.9737     8.1975     8.4207    249.934    256.739     2.5653     2.4737     0.2442     5.0800     3.2271     0.0159     0.0000 -120.80486   34.31610      99.61         20  0.000e+00
     106762   4448.375     10.611     10.688    14.6258    14.6590  41.048249  41.070977    14.6242    14.6575    33.6182    33.6102    24.9877    24.9744     8.1997     8.4207    249.999    256.738     2.5653     2.4737     0.2442     5.0800     3.2271     0.0159     0.0000 -120.80486   34.31610      99.63         20  0.000e+00
     106763   4448.417     10.617     10.694    14.6195    14.6590  41.046641  41.070977    14.6179    14.6574    33.6222    33.6102    24.9921    24.9745     8.2006     8.4207    250.024    256.739     2.5653     2.4737     0.2442     5.0800     3.2271     0.0159     0.0000 -120.80486   34.31610      99.63         20  0.000e+00
     106764   4448.458     10.657     10.734    14.6201    14.6607  41.045770  41.071178    14.6185    14.6591    33.6209    33.6089    24.9910    24.9731     8.1958     8.4153    249.878    256.574     2.5641     2.4725     0.2442     5.0800     3.2271     0.0159     0.0000 -120.80486   34.31610      99.63         20  0.000e+00
     106803   4450.083     10.710     10.788    14.5865    14.6235  41.001695  41.028121    14.5850    14.6220    33.6096    33.6017    24.9895    24.9755     8.2214     8.4068    250.657    256.313     2.5690     2.4689     0.2442     5.0800     3.2259     0.0159     0.0000 -120.80486   34.31610      99.63         21  0.000e+00
     106804   4450.125     10.711     10.788    14.5880    14.6132  41.002700  41.022364    14.5864    14.6117    33.6092    33.6054    24.9889    24.9805     8.2211     8.4137    250.650    256.522     2.5690     2.4701     0.2454     5.1105     3.2259     0.0159     0.0000 -120.80486   34.31610      99.63         21  0.000e+00
     106805   4450.167     10.717     10.795    14.5900    14.6039  41.003771  41.016741    14.5884    14.6023    33.6085    33.6083    24.9879    24.9848     8.2208     8.4152    250.642    256.568     2.5690     2.4701     0.2442     5.0800     3.2283     0.0159     0.0000 -120.80486   34.31610      99.63         21  0.000e+00
     106806   4450.208     10.711     10.788    14.5897    14.5942  41.004374  41.011052    14.5881    14.5926    33.6093    33.6115    24.9886    24.9893     8.2208     8.4168    250.642    256.615     2.5690     2.4701     0.2454     5.1105     3.2283     0.0159     0.0000 -120.80486   34.31610      99.63         21  0.000e+00
     106807   4450.250     10.711     10.788    14.5907    14.5876  41.007321  41.006434    14.5891    14.5861    33.6111    33.6129    24.9898    24.9918     8.2206     8.4179    250.633    256.649     2.5690     2.4701     0.2442     5.0800     3.2283     0.0159     0.0000 -120.80486   34.31610      99.63         21  0.000e+00
     106808   4450.292     10.757     10.835    14.5944    14.5858  41.009464  41.002217    14.5928    14.5842    33.6099    33.6107    24.9880    24.9905     8.2201     8.4236    250.618    256.824     2.5690     2.4713     0.2454     5.1105     3.2271     0.0159     0.0000 -120.80486   34.31610      99.63         21  0.000e+00
     106809   4450.333     10.671     10.748    14.5964    14.5830  41.009195  40.999338    14.5948    14.5815    33.6079    33.6104    24.9861    24.9909     8.2149     8.4240    250.462    256.836     2.5678     2.4713     0.2442     5.0800     3.2283     0.0159     0.0000 -120.80486   34.31610      99.63         21  0.000e+00
     106810   4450.375     10.711     10.788    14.5972    14.5810  41.009463  40.998736    14.5956    14.5794    33.6074    33.6116    24.9855    24.9922     8.2148     8.4296    250.460    257.006     2.5678     2.4725     0.2454     5.1105     3.2271     0.0159     0.0000 -120.80486   34.31610      99.63         21  0.000e+00
     106811   4450.417     10.658     10.735    14.5966    14.5800  41.008191  41.000008    14.5950    14.5784    33.6068    33.6137    24.9852    24.9941     8.2149     8.4296    250.462    257.006     2.5678     2.4725     0.2454     5.1105     3.2271     0.0159     0.0000 -120.80486   34.31610      99.63         21  0.000e+00
     106812   4450.458     10.711     10.788    14.5952    14.5787  41.006784  41.001013    14.5936    14.5771    33.6067    33.6158    24.9854    24.9959     8.2152     8.4298    250.471    257.011     2.5678     2.4725     0.2442     5.0800     3.2271     0.0159     0.0000 -120.80486   34.31610      99.63         21  0.000e+00
     106813   4450.500     10.757     10.835    14.5947    14.5788  41.004976  41.000879    14.5931    14.5772    33.6055    33.6155    24.9846    24.9957     8.2154     8.4351    250.477    257.172     2.5678     2.4737     0.2442     5.0800     3.2271     0.0159     0.0000 -120.80486   34.31610      99.63         21  0.000e+00
     106814   4450.542     10.671     10.748    14.5940    14.5793  41.005713  41.001615    14.5924    14.5778    33.6068    33.6158    24.9857    24.9958     8.2154     8.4349    250.476    257.166     2.5678     2.4737     0.2454     5.1105     3.2271     0.0159     0.0000 -120.80486   34.31610      99.63         21  0.000e+00
     106815   4450.583     10.658     10.735    14.5969    14.5817  41.009329  41.002418    14.5953    14.5801    33.6076    33.6144    24.9858    24.9942     8.2148     8.4397    250.459    257.314     2.5678     2.4750     0.2442     5.0800     3.2271     0.0171     0.0000 -120.80486   34.31610      99.63         21  0.000e+00
     106816   4450.625     10.711     10.788    14.6031    14.5837  41.015022  41.004292    14.6015    14.5822    33.6074    33.6144    24.9843    24.9938     8.2139     8.4447    250.430    257.464     2.5678     2.4762     0.2454     5.1105     3.2271     0.0171     0.0000 -120.80486   34.31610      99.63         21  0.000e+00
     106817   4450.667     10.658     10.735    14.6070    14.5839  41.018572  41.008509    14.6054    14.5823    33.6073    33.6181    24.9834    24.9966     8.2131     8.4444    250.408    257.455     2.5678     2.4762     0.2442     5.0800     3.2259     0.0171     0.0000 -120.80486   34.31610      99.63         21  0.000e+00
     106818   4450.708     10.671     10.748    14.6112    14.5853  41.023126  41.012593    14.6096    14.5837    33.6079    33.6207    24.9829    24.9983     8.2124     8.4492    250.387    257.603     2.5678     2.4774     0.2442     5.0800     3.2283     0.0171     0.0000 -120.80486   34.31610      99.63         21  0.000e+00
     106819   4450.750     10.711     10.788    14.6207    14.5880  41.030963  41.017011    14.6192    14.5865    33.6067    33.6223    24.9800    24.9990     8.2109     8.4487    250.341    257.586     2.5678     2.4774     0.2344     4.8358     3.2283     0.0171     0.0000 -120.80486   34.31610      99.63         21  0.000e+00
     106820   4450.792     10.711     10.788    14.6288    14.5936  41.036590  41.021362    14.6272    14.5920    33.6049    33.6215    24.9768    24.9971     8.2096     8.4477    250.303    257.557     2.5678     2.4774     0.2295     4.7137     3.2271     0.0171     0.0000 -120.80486   34.31610      99.63         21  0.000e+00
     106821   4450.833     10.658     10.735    14.6329    14.6000  41.043357  41.025044    14.6313    14.5984    33.6076    33.6193    24.9780    24.9941     8.2040     8.4519    250.130    257.683     2.5665     2.4786     0.2295     4.7137     3.2271     0.0171     0.0000 -120.80486   34.31610      99.63         21  0.000e+00
     106822   4450.875     10.671     10.748    14.6433    14.6061  41.050525  41.028056    14.6417    14.6045    33.6051    33.6168    24.9739    24.9908     8.2023     8.4509    250.081    257.655     2.5665     2.4786     0.2295     4.7137     3.2271     0.0171     0.0000 -120.80486   34.31610      99.63         21  0.000e+00
     106823   4450.917     10.658     10.735    14.6552    14.6095  41.055549  41.029328    14.6537    14.6079    33.5994    33.6150    24.9669    24.9888     8.2006     8.4504    250.030    257.639     2.5665     2.4786     0.2308     4.7442     3.2271     0.0171     0.0000 -120.80486   34.31610      99.63         21  0.000e+00
     106824   4450.958     10.658     10.735    14.6593    14.6130  41.057894  41.030800    14.6577    14.6114    33.5980    33.6133    24.9650    24.9867     8.2000     8.4550    250.012    257.782     2.5665     2.4799     0.2308     4.7442     3.2271     0.0171     0.0000 -120.80486   34.31610      99.63         21  0.000e+00
     106825   4451.000     10.658     10.735    14.6588    14.6173  41.059167  41.034148    14.6572    14.6157    33.5996    33.6127    24.9663    24.9853     8.2000     8.4595    250.012    257.919     2.5665     2.4811     0.2308     4.7442     3.2271     0.0171     0.0000 -120.80486   34.31610      99.63         21  0.000e+00
     106826   4451.042     10.671     10.748    14.6584    14.6254  41.060508  41.035687    14.6568    14.6238    33.6011    33.6070    24.9676    24.9792     8.2000     8.4583    250.011    257.885     2.5665     2.4811     0.2308     4.7442     3.2271     0.0171     0.0000 -120.80486   34.31610      99.63         21  0.000e+00
     106827   4451.083     10.658     10.735    14.6593    14.6342  41.062250  41.038565    14.6577    14.6327    33.6020    33.6020    24.9681    24.9734     8.1950     8.4570    249.858    257.845     2.5653     2.4811     0.2308     4.7442     3.2271     0.0171     0.0000 -120.80486   34.31610      99.63         21  0.000e+00
     106828   4451.125     10.658     10.735    14.6653    14.6388  41.065801  41.046868    14.6638    14.6372    33.6000    33.6056    24.9652    24.9753     8.1941     8.4612    249.831    257.973     2.5653     2.4823     0.2308     4.7442     3.2259     0.0171     0.0000 -120.80486   34.31610      99.63         21  0.000e+00
     106829   4451.167     10.611     10.688    14.6749    14.6444  41.069888  41.055440    14.6733    14.6428    33.5955    33.6086    24.9597    24.9764     8.1926     8.4600    249.789    257.935     2.5653     2.4823     0.2308     4.7442     3.2283     0.0171     0.0000 -120.80486   34.31610      99.63         21  0.000e+00
     106830   4451.208     10.671     10.748    14.6773    14.6469  41.072367  41.059324    14.6757    14.6453    33.5956    33.6100    24.9593    24.9769     8.1923     8.4595    249.778    257.921     2.5653     2.4823     0.2295     4.7137     3.2283     0.0171     0.0000 -120.80486   34.31610      99.63         21  0.000e+00
     106831   4451.250     10.658     10.735    14.6778    14.6490  41.074579  41.061266    14.6762    14.6474    33.5972    33.6100    24.9604    24.9764     8.1873     8.4591    249.626    257.909     2.5641     2.4823     0.2308     4.7442     3.2259     0.0171     0.0000 -120.80486   34.31610      99.63         21  0.000e+00
     106832   4451.292     10.611     10.688    14.6771    14.6527  41.075852  41.065151    14.6756    14.6511    33.5990    33.6103    24.9619    24.9759     8.1873     8.4584    249.625    257.887     2.5641     2.4823     0.2295     4.7137     3.2283     0.0171     0.0000 -120.80486   34.31610      99.63         21  0.000e+00
     106833   4451.333     10.658     10.735    14.6785    14.6558  41.076992  41.069571    14.6769    14.6543    33.5988    33.6117    24.9615    24.9763     8.1871     8.4578    249.620    257.869     2.5641     2.4823     0.2295     4.7137     3.2283     0.0171     0.0000 -120.80486   34.31610      99.63         21  0.000e+00
     106834   4451.375     10.618     10.695    14.6822    14.6587  41.080141  41.072451    14.6806    14.6571    33.5985    33.6118    24.9605    24.9758     8.1865     8.4572    249.600    257.852     2.5641     2.4823     0.2308     4.7442     3.2259     0.0171     0.0000 -120.80486   34.31610      99.63         21  0.000e+00
     106835   4451.417     10.611     10.688    14.6861    14.6629  41.083962  41.075197    14.6845    14.6614    33.5987    33.6107    24.9598    24.9740     8.1858     8.4565    249.580    257.830     2.5641     2.4823     0.2308     4.7442     3.2271     0.0171     0.0000 -120.80486   34.31610      99.63         21  0.000e+00
     106836   4451.458     10.611     10.688    14.6865    14.6670  41.084297  41.076469    14.6850    14.6654    33.5986    33.6083    24.9596    24.9713     8.1857     8.4559    249.578    257.812     2.5641     2.4823     0.2295     4.7137     3.2271     0.0171     0.0000 -120.80486   34.31610      99.63         21  0.000e+00
     106837   4451.500     10.611     10.688    14.6891    14.6697  41.083157  41.077340    14.6875    14.6681    33.5953    33.6068    24.9565    24.9695     8.1806     8.4555    249.424    257.800     2.5629     2.4823     0.2308     4.7442     3.2259     0.0171     0.0000 -120.80486   34.31610      99.63         21  0.000e+00
     106838   4451.542     10.658     10.735    14.6897    14.6695  41.081347  41.077943    14.6882    14.6680    33.5931    33.6074    24.9547    24.9701     8.1855     8.4555    249.573    257.801     2.5641     2.4823     0.2308     4.7442     3.2271     0.0171     0.0000 -120.80486   34.31610      99.61         21  0.000e+00
     106839   4451.583     10.572     10.648    14.6862    14.6692  41.079672  41.078613    14.6846    14.6676    33.5946    33.6084    24.9566    24.9709     8.1811     8.4502    249.438    257.639     2.5629     2.4811     0.2308     4.7442     3.2259     0.0171     0.0000 -120.80486   34.31610      99.61         21  0.000e+00
     106840   4451.625     10.658     10.735    14.6823    14.6720  41.079136  41.081426    14.6808    14.6705    33.5975    33.6084    24.9596    24.9703     8.1865     8.4498    249.603    257.627     2.5641     2.4811     0.2308     4.7442     3.2271     0.0171     0.0000 -120.80486   34.31610      99.63         21  0.000e+00
     106841   4451.667     10.611     10.688    14.6809    14.6792  41.078131  41.083100    14.6793    14.6776    33.5978    33.6038    24.9602    24.9652     8.1819     8.4487    249.461    257.594     2.5629     2.4811     0.2308     4.7442     3.2271     0.0171     0.0000 -120.80486   34.31610      99.63         21  0.000e+00
