West Coast/WCOA-7/CTD_Data/RB2102_CTD_082_01.ros
* Sea-Bird SBE 9 Data File:
* FileName = C:\Users\scs.user.rb\CTD\RB2102\Data\RB2102_CTD_082_01.hex
* Software Version Seasave V 7.26.7.107
* Temperature SN = 6202
* Conductivity SN = 4907
* Number of Bytes Per Scan = 41
* Number of Voltage Words = 4
* Number of Scans Averaged by the Deck Unit = 1
* NMEA Latitude = 37 58.21 N
* NMEA Longitude = 122 49.72 W
* NMEA UTC (Time) = Jul 11 2021  03:23:02
* NMEA baud rate = 4800
# nquan = 30
# nvalues = 588                                   
# units = specified
# name 0 = scan: Scan Count
# name 1 = timeS: Time, Elapsed [seconds]
# name 2 = depSM: Depth [salt water, m]
# name 3 = prDM: Pressure, Digiquartz [db]
# name 4 = t090C: Temperature [ITS-90, deg C]
# name 5 = t190C: Temperature, 2 [ITS-90, deg C]
# name 6 = c0mS/cm: Conductivity [mS/cm]
# name 7 = c1mS/cm: Conductivity, 2 [mS/cm]
# name 8 = potemp090C: Potential Temperature [ITS-90, deg C]
# name 9 = potemp190C: Potential Temperature, 2 [ITS-90, deg C]
# name 10 = sal00: Salinity, Practical [PSU]
# name 11 = sal11: Salinity, Practical, 2 [PSU]
# name 12 = sigma-é00: Density [sigma-theta, kg/m^3]
# name 13 = sigma-é11: Density, 2 [sigma-theta, kg/m^3]
# name 14 = sbeox0Mg/L: Oxygen, SBE 43 [mg/l]
# name 15 = sbeox1Mg/L: Oxygen, SBE 43, 2 [mg/l]
# name 16 = sbox0Mm/Kg: Oxygen, SBE 43 [umol/kg]
# name 17 = sbox1Mm/Kg: Oxygen, SBE 43, 2 [umol/kg]
# name 18 = sbeox0V: Oxygen raw, SBE 43 [V]
# name 19 = sbeox1V: Oxygen raw, SBE 43, 2 [V]
# name 20 = v4: Voltage 4
# name 21 = flECO-AFL: Fluorescence, WET Labs ECO-AFL/FL [mg/m^3]
# name 22 = v3: Voltage 3
# name 23 = v6: Voltage 6
# name 24 = v7: Voltage 7
# name 25 = longitude: Longitude [deg]
# name 26 = latitude: Latitude [deg]
# name 27 = altM: Altimeter [m]
# name 28 = nbf: Bottles Fired
# name 29 = flag:  0.000e+00
# interval = seconds: 0.0416667
# start_time = Jul 11 2021 03:23:02 [NMEA time, header]
# bad_flag = -9.990e-29
*END*
[from data line 291]
      18461    769.167     14.812     14.924    11.0668    10.9258  37.954057  37.811213    11.0650    10.9241    33.8476    33.8355    25.8665    25.8823     5.9572     6.1003    181.470    185.828     1.8877     1.8181     0.1258     2.1191     3.3162     0.1331     0.1404 -122.82878   37.97022      20.95          6  0.000e+00
      18462    769.208     14.805     14.917    11.0630    10.9235  37.955162  37.819766    11.0612    10.9217    33.8522    33.8462    25.8707    25.8910     5.9575     6.1002    181.479    185.824     1.8877     1.8181     0.1258     2.1191     3.3162     0.1319     0.1392 -122.82878   37.97022      20.95          6  0.000e+00
      18463    769.250     14.805     14.917    11.0825    10.9279  37.961977  37.828838    11.0807    10.9261    33.8410    33.8511    25.8585    25.8941     5.9553     6.0994    181.416    185.799     1.8877     1.8181     0.1258     2.1191     3.3175     0.1319     0.1392 -122.82878   37.97022      21.00          6  0.000e+00
      20526    855.208     10.252     10.329    11.8548    11.6093  38.679758  38.463016    11.8535    11.6080    33.8422    33.8542    25.7175    25.7725     6.3156     6.4190    192.418    195.557     1.9988     1.9096     0.1270     2.1496     3.3126     0.1453     0.1355 -122.82876   37.97026      25.45          7  0.000e+00
      20527    855.250     10.252     10.329    11.8606    11.6074  38.680674  38.462625    11.8593    11.6061    33.8378    33.8555    25.7130    25.7739     6.3150     6.4192    192.400    195.563     1.9988     1.9096     0.1270     2.1496     3.3150     0.1441     0.1355 -122.82876   37.97026      25.45          7  0.000e+00
      20528    855.292     10.252     10.329    11.8650    11.6079  38.680608  38.465887    11.8637    11.6066    33.8338    33.8583    25.7090    25.7760     6.3197     6.4190    192.543    195.557     2.0000     1.9096     0.1270     2.1496     3.3138     0.1453     0.1355 -122.82876   37.97026      25.47          7  0.000e+00
      20529    855.333     10.258     10.336    11.8685    11.6115  38.683093  38.473716    11.8672    11.6102    33.8330    33.8626    25.7078    25.7787     6.3192     6.4183    192.529    195.535     2.0000     1.9096     0.1270     2.1496     3.3138     0.1453     0.1355 -122.82876   37.97026      25.47          7  0.000e+00
      20530    855.375     10.199     10.276    11.8657    11.6284  38.688524  38.481347    11.8644    11.6271    33.8409    33.8547    25.7144    25.7694     6.3193     6.4161    192.529    195.470     2.0000     1.9096     0.1270     2.1496     3.3138     0.1453     0.1355 -122.82876   37.97026      25.47          7  0.000e+00
      20531    855.417     10.298     10.376    11.8693    11.6336  38.691796  38.484153    11.8680    11.6323    33.8407    33.8526    25.7136    25.7668     6.3188     6.4155    192.516    195.452     2.0000     1.9096     0.1270     2.1496     3.3138     0.1453     0.1355 -122.82876   37.97026      25.47          7  0.000e+00
      20532    855.458     10.252     10.329    11.8779    11.6322  38.692645  38.482195    11.8766    11.6309    33.8337    33.8521    25.7066    25.7666     6.3179     6.4157    192.489    195.458     2.0000     1.9096     0.1270     2.1496     3.3138     0.1453     0.1355 -122.82876   37.97026      25.47          7  0.000e+00
      20533    855.500     10.212     10.289    11.8845    11.6293  38.692578  38.478802    11.8832    11.6281    33.8277    33.8513    25.7006    25.7666     6.3172     6.4217    192.469    195.640     2.0000     1.9109     0.1270     2.1496     3.3138     0.1453     0.1343 -122.82876   37.97026      25.47          7  0.000e+00
      20534    855.542     10.199     10.276    11.8901    11.6280  38.691138  38.478019    11.8888    11.6267    33.8212    33.8518    25.6946    25.7672     6.3167     6.4219    192.454    195.645     2.0000     1.9109     0.1270     2.1496     3.3138     0.1441     0.1343 -122.82876   37.97026      25.49          7  0.000e+00
      20535    855.583     10.252     10.329    11.8930    11.6317  38.689110  38.478606    11.8916    11.6304    33.8166    33.8490    25.6904    25.7644     6.3165     6.4215    192.450    195.634     2.0000     1.9109     0.1270     2.1496     3.3138     0.1453     0.1355 -122.82876   37.97026      25.49          7  0.000e+00
      20536    855.625     10.199     10.276    11.8953    11.6333  38.687932  38.476388    11.8940    11.6320    33.8134    33.8453    25.6875    25.7612     6.3163     6.4214    192.443    195.631     2.0000     1.9109     0.1270     2.1496     3.3138     0.1453     0.1355 -122.82876   37.97026      25.49          7  0.000e+00
      20537    855.667     10.258     10.336    11.8967    11.6310  38.686885  38.474692    11.8954    11.6297    33.8110    33.8457    25.6854    25.7619     6.3162     6.4217    192.442    195.642     2.0000     1.9109     0.1270     2.1496     3.3138     0.1441     0.1343 -122.82876   37.97026      25.49          7  0.000e+00
      20538    855.708     10.199     10.276    11.8918    11.6290  38.686100  38.473844    11.8905    11.6277    33.8148    33.8468    25.6892    25.7631     6.3167     6.4219    192.456    195.648     2.0000     1.9109     0.1270     2.1496     3.3138     0.1441     0.1343 -122.82876   37.97026      25.49          7  0.000e+00
      20539    855.750     10.252     10.329    11.8900    11.6263  38.686558  38.472213    11.8887    11.6250    33.8168    33.8476    25.6912    25.7643     6.3169     6.4223    192.462    195.660     2.0000     1.9109     0.1270     2.1496     3.3138     0.1441     0.1343 -122.82876   37.97026      25.49          7  0.000e+00
      20540    855.792     10.199     10.276    11.8926    11.6245  38.686623  38.470321    11.8913    11.6232    33.8145    33.8474    25.6889    25.7645     6.3166     6.4226    192.453    195.667     2.0000     1.9109     0.1270     2.1496     3.3138     0.1441     0.1343 -122.82876   37.97026      25.49          7  0.000e+00
      20541    855.833     10.199     10.276    11.8904    11.6223  38.684072  38.466211    11.8891    11.6211    33.8140    33.8454    25.6889    25.7633     6.3169     6.4230    192.462    195.679     2.0000     1.9109     0.1270     2.1496     3.3138     0.1453     0.1355 -122.82876   37.97026      25.49          7  0.000e+00
      20542    855.875     10.212     10.289    11.8928    11.6169  38.680473  38.460928    11.8915    11.6156    33.8084    33.8451    25.6841    25.7641     6.3168     6.4238    192.461    195.704     2.0000     1.9109     0.1270     2.1496     3.3138     0.1453     0.1355 -122.82876   37.97026      25.47          7  0.000e+00
      20543    855.917     10.199     10.276    11.8877    11.6102  38.678773  38.456427    11.8864    11.6089    33.8114    33.8469    25.6873    25.7667     6.3174     6.4303    192.477    195.901     2.0000     1.9121     0.1270     2.1496     3.3138     0.1453     0.1355 -122.82876   37.97026      25.47          7  0.000e+00
      20544    855.958     10.152     10.229    11.8838    11.6064  38.677203  38.452514    11.8825    11.6051    33.8134    33.8466    25.6897    25.7671     6.3178     6.4252    192.490    195.747     2.0000     1.9109     0.1270     2.1496     3.3138     0.1453     0.1355 -122.82876   37.97026      25.47          7  0.000e+00
      20545    856.000     10.199     10.276    11.8772    11.6044  38.675568  38.448274    11.8759    11.6031    33.8177    33.8442    25.6943    25.7657     6.3186     6.4312    192.512    195.931     2.0000     1.9121     0.1270     2.1496     3.3138     0.1453     0.1355 -122.82876   37.97026      25.47          7  0.000e+00
      20546    856.042     10.212     10.289    11.8759    11.6017  38.674391  38.445405    11.8746    11.6004    33.8177    33.8438    25.6945    25.7659     6.3188     6.4261    192.518    195.773     2.0000     1.9109     0.1282     2.1801     3.3138     0.1441     0.1343 -122.82876   37.97026      25.49          7  0.000e+00
      20547    856.083     10.199     10.276    11.8723    11.5959  38.674588  38.443057    11.8710    11.5946    33.8213    33.8469    25.6979    25.7693     6.3191     6.4324    192.528    195.965     2.0000     1.9121     0.1282     2.1801     3.3126     0.1429     0.1331 -122.82876   37.97026      25.49          7  0.000e+00
      20548    856.125     10.199     10.276    11.8702    11.5893  38.674784  38.440449    11.8689    11.5880    33.8234    33.8503    25.7000    25.7732     6.3193     6.4332    192.534    195.989     2.0000     1.9121     0.1282     2.1801     3.3138     0.1441     0.1331 -122.82876   37.97026      25.52          7  0.000e+00
      20549    856.167     10.199     10.276    11.8652    11.5856  38.673280  38.437776    11.8639    11.5843    33.8264    33.8511    25.7033    25.7745     6.3199     6.4337    192.550    196.005     2.0000     1.9121     0.1282     2.1801     3.3138     0.1441     0.1343 -122.82876   37.97026      25.52          7  0.000e+00
      20550    856.208     10.166     10.242    11.8552    11.5850  38.669945  38.436406    11.8539    11.5838    33.8323    33.8502    25.7097    25.7739     6.3210     6.4338    192.583    196.007     2.0000     1.9121     0.1282     2.1801     3.3138     0.1441     0.1343 -122.82876   37.97026      25.52          7  0.000e+00
      20551    856.250     10.152     10.229    11.8530    11.5872  38.666282  38.436145    11.8517    11.5859    33.8308    33.8480    25.7089    25.7718     6.3214     6.4336    192.594    196.000     2.0000     1.9121     0.1282     2.1801     3.3138     0.1441     0.1343 -122.82876   37.97026      25.49          7  0.000e+00
      20552    856.292     10.199     10.276    11.8520    11.5879  38.663797  38.437906    11.8507    11.5866    33.8292    33.8491    25.7079    25.7725     6.3216     6.4335    192.602    195.997     2.0000     1.9121     0.1282     2.1801     3.3138     0.1441     0.1343 -122.82876   37.97026      25.52          7  0.000e+00
      20553    856.333     10.152     10.229    11.8461    11.5862  38.663078  38.439993    11.8448    11.5849    33.8339    33.8527    25.7127    25.7756     6.3222     6.4335    192.619    195.998     2.0000     1.9121     0.1282     2.1801     3.3138     0.1441     0.1331 -122.82876   37.97026      25.52          7  0.000e+00
      20554    856.375     10.212     10.289    11.8416    11.5874  38.661966  38.439993    11.8403    11.5861    33.8369    33.8516    25.7158    25.7746     6.3227     6.4334    192.635    195.996     2.0000     1.9121     0.1282     2.1801     3.3138     0.1441     0.1343 -122.82876   37.97026      25.52          7  0.000e+00
      20555    856.417     10.152     10.229    11.8386    11.5912  38.660855  38.437514    11.8373    11.5899    33.8386    33.8457    25.7177    25.7693     6.3281     6.4331    192.799    195.986     2.0012     1.9121     0.1282     2.1801     3.3138     0.1441     0.1343 -122.82876   37.97026      25.52          7  0.000e+00
      20556    856.458     10.152     10.229    11.8375    11.5907  38.661378  38.434514    11.8362    11.5895    33.8401    33.8432    25.7191    25.7674     6.3282     6.4332    192.802    195.991     2.0012     1.9121     0.1282     2.1801     3.3138     0.1453     0.1343 -122.82876   37.97026      25.52          7  0.000e+00
      20557    856.500     10.152     10.229    11.8371    11.5891  38.663864  38.431971    11.8358    11.5878    33.8428    33.8422    25.7213    25.7670     6.3282     6.4335    192.799    196.000     2.0012     1.9121     0.1282     2.1801     3.3138     0.1465     0.1355 -122.82876   37.97026      25.52          7  0.000e+00
      20558    856.542     10.199     10.276    11.8396    11.5867  38.665891  38.429884    11.8383    11.5854    33.8425    33.8423    25.7206    25.7675     6.3279     6.4339    192.791    196.012     2.0012     1.9121     0.1282     2.1801     3.3138     0.1453     0.1355 -122.82876   37.97026      25.54          7  0.000e+00
      20559    856.583     10.166     10.242    11.8389    11.5834  38.668115  38.427863    11.8377    11.5821    33.8453    33.8433    25.7229    25.7689     6.3278     6.4343    192.789    196.024     2.0012     1.9121     0.1282     2.1801     3.3138     0.1453     0.1355 -122.82876   37.97026      25.54          7  0.000e+00
      20560    856.625     10.106     10.182    11.8350    11.5788  38.670994  38.426624    11.8337    11.5775    33.8518    33.8464    25.7286    25.7721     6.3281     6.4348    192.795    196.039     2.0012     1.9121     0.1282     2.1801     3.3138     0.1453     0.1343 -122.82876   37.97026      25.54          7  0.000e+00
      20561    856.667     10.199     10.276    11.8345    11.5758  38.674527  38.427407    11.8332    11.5745    33.8556    33.8499    25.7317    25.7754     6.3281     6.4352    192.794    196.050     2.0012     1.9121     0.1282     2.1801     3.3138     0.1441     0.1343 -122.82876   37.97026      25.54          7  0.000e+00
      20562    856.708     10.152     10.229    11.8393    11.5741  38.675508  38.429951    11.8380    11.5728    33.8522    33.8539    25.7281    25.7788     6.3275     6.4353    192.777    196.051     2.0012     1.9121     0.1282     2.1801     3.3138     0.1453     0.1343 -122.82876   37.97026      25.54          7  0.000e+00
      20563    856.750     10.113     10.189    11.8409    11.5741  38.674003  38.431516    11.8397    11.5728    33.8493    33.8555    25.7255    25.7800     6.3274     6.4352    192.774    196.047     2.0012     1.9121     0.1282     2.1801     3.3126     0.1441     0.1343 -122.82876   37.97026      25.54          7  0.000e+00
      20564    856.792     10.199     10.276    11.8406    11.5764  38.672695  38.432233    11.8393    11.5751    33.8483    33.8540    25.7248    25.7785     6.3275     6.4349    192.779    196.041     2.0012     1.9121     0.1282     2.1801     3.3138     0.1441     0.1343 -122.82876   37.97026      25.57          7  0.000e+00
      20565    856.833     10.152     10.229    11.8385    11.5781  38.671910  38.431189    11.8372    11.5768    33.8495    33.8515    25.7262    25.7762     6.3277     6.4348    192.785    196.036     2.0012     1.9121     0.1282     2.1801     3.3138     0.1441     0.1331 -122.82876   37.97026      25.54          7  0.000e+00
      20566    856.875     10.106     10.182    11.8368    11.5788  38.670732  38.429754    11.8355    11.5775    33.8498    33.8495    25.7268    25.7745     6.3279     6.4347    192.790    196.035     2.0012     1.9121     0.1282     2.1801     3.3138     0.1441     0.1343 -122.82876   37.97026      25.54          7  0.000e+00
      20567    856.917     10.165     10.242    11.8426    11.5778  38.669881  38.427864    11.8413    11.5766    33.8437    33.8484    25.7209    25.7739     6.3274     6.4349    192.776    196.042     2.0012     1.9121     0.1282     2.1801     3.3138     0.1441     0.1343 -122.82876   37.97026      25.54          7  0.000e+00
      20568    856.958     10.152     10.229    11.8451    11.5719  38.668965  38.425125    11.8438    11.5706    33.8406    33.8512    25.7180    25.7771     6.3272     6.4357    192.769    196.064     2.0012     1.9121     0.1282     2.1801     3.3138     0.1441     0.1331 -122.82876   37.97026      25.54          7  0.000e+00
      20569    857.000     10.106     10.182    11.8464    11.5689  38.668180  38.423821    11.8451    11.5677    33.8386    33.8526    25.7163    25.7788     6.3270     6.4360    192.765    196.074     2.0012     1.9121     0.1282     2.1801     3.3138     0.1453     0.1355 -122.82876   37.97026      25.57          7  0.000e+00
