West Coast/WCOA-7/CTD_Data/RB2102_CTD_036_01.ros
* Sea-Bird SBE 9 Data File:
* FileName = C:\Users\scs.user.rb\CTD\RB2102\Data\RB2102_CTD_036_01.hex
* Software Version Seasave V 7.26.7.107
* Temperature SN = 6202
* Conductivity SN = 4907
* Number of Bytes Per Scan = 41
* Number of Voltage Words = 4
* Number of Scans Averaged by the Deck Unit = 1
* NMEA Latitude = 47 07.11 N
* NMEA Longitude = 126 05.07 W
* NMEA UTC (Time) = Jul 01 2021  22:22:45
* NMEA baud rate = 4800
# nquan = 30
# nvalues = 1169                                  
# units = specified
# name 0 = scan: Scan Count
# name 1 = timeS: Time, Elapsed [seconds]
# name 2 = depSM: Depth [salt water, m]
# name 3 = prDM: Pressure, Digiquartz [db]
# name 4 = t090C: Temperature [ITS-90, deg C]
# name 5 = t190C: Temperature, 2 [ITS-90, deg C]
# name 6 = c0mS/cm: Conductivity [mS/cm]
# name 7 = c1mS/cm: Conductivity, 2 [mS/cm]
# name 8 = potemp090C: Potential Temperature [ITS-90, deg C]
# name 9 = potemp190C: Potential Temperature, 2 [ITS-90, deg C]
# name 10 = sal00: Salinity, Practical [PSU]
# name 11 = sal11: Salinity, Practical, 2 [PSU]
# name 12 = sigma-é00: Density [sigma-theta, kg/m^3]
# name 13 = sigma-é11: Density, 2 [sigma-theta, kg/m^3]
# name 14 = sbeox0Mg/L: Oxygen, SBE 43 [mg/l]
# name 15 = sbeox1Mg/L: Oxygen, SBE 43, 2 [mg/l]
# name 16 = sbox0Mm/Kg: Oxygen, SBE 43 [umol/kg]
# name 17 = sbox1Mm/Kg: Oxygen, SBE 43, 2 [umol/kg]
# name 18 = sbeox0V: Oxygen raw, SBE 43 [V]
# name 19 = sbeox1V: Oxygen raw, SBE 43, 2 [V]
# name 20 = v4: Voltage 4
# name 21 = flECO-AFL: Fluorescence, WET Labs ECO-AFL/FL [mg/m^3]
# name 22 = v3: Voltage 3
# name 23 = v6: Voltage 6
# name 24 = v7: Voltage 7
# name 25 = longitude: Longitude [deg]
# name 26 = latitude: Latitude [deg]
# name 27 = altM: Altimeter [m]
# name 28 = nbf: Bottles Fired
# name 29 = flag:  0.000e+00
# interval = seconds: 0.0416667
# start_time = Jul 01 2021 22:22:45 [NMEA time, header]
# bad_flag = -9.990e-29
*END*
[from data line 339]
     163508   6812.792    495.623    500.381     5.2678     5.2698  33.126677  33.128680     5.2273     5.2293    34.0853    34.0856    26.9238    26.9238     1.1048     1.1255     33.620     34.250     0.6996     0.7021     0.0403    -0.0177     3.1819     1.8156     0.0000 -126.08658   47.11766     100.00          7  0.000e+00
     163509   6812.833    495.623    500.381     5.2680     5.2702  33.126862  33.128680     5.2275     5.2296    34.0853    34.0852    26.9238    26.9234     1.1048     1.1324     33.619     34.461     0.6996     0.7033     0.0403    -0.0177     3.1819     1.8156     0.0000 -126.08658   47.11766     100.00          7  0.000e+00
     163510   6812.875    495.670    500.428     5.2681     5.2698  33.127108  33.128865     5.2275     5.2293    34.0855    34.0858    26.9239    26.9239     1.0984     1.1324     33.427     34.461     0.6984     0.7033     0.0403    -0.0177     3.1819     1.8156     0.0000 -126.08658   47.11766     100.00          7  0.000e+00
     163511   6812.917    495.670    500.428     5.2678     5.2698  33.126739  33.128496     5.2273     5.2293    34.0854    34.0854    26.9238    26.9236     1.1048     1.1255     33.620     34.250     0.6996     0.7021     0.0403    -0.0177     3.1819     1.8156     0.0000 -126.08658   47.11766     100.00          7  0.000e+00
     168565   7023.500    396.861    400.575     5.7772     5.7818  33.475498  33.479646     5.7435     5.7480    34.0172    34.0173    26.8079    26.8075     1.7690     1.7989     53.838     54.749     0.8364     0.8291     0.0403    -0.0177     3.1807     1.7643     0.0000 -126.08636   47.11772      99.93          8  0.000e+00
     168566   7023.542    396.648    400.360     5.7770     5.7816  33.475683  33.480201     5.7433     5.7479    34.0178    34.0182    26.8084    26.8082     1.7689     1.8056     53.837     54.953     0.8364     0.8303     0.0403    -0.0177     3.1807     1.7643     0.0000 -126.08636   47.11772      99.95          8  0.000e+00
     168567   7023.583    396.695    400.407     5.7775     5.7818  33.476363  33.480016     5.7438     5.7481    34.0180    34.0178    26.8085    26.8079     1.7689     1.7989     53.836     54.748     0.8364     0.8291     0.0403    -0.0177     3.1807     1.7631     0.0000 -126.08636   47.11772      99.95          8  0.000e+00
     168568   7023.625    396.815    400.528     5.7779     5.7818  33.476981  33.480263     5.7442     5.7480    34.0183    34.0181    26.8087    26.8081     1.7689     1.7989     53.837     54.748     0.8364     0.8291     0.0403    -0.0177     3.1807     1.7643     0.0000 -126.08636   47.11772      99.95          8  0.000e+00
     168569   7023.667    396.742    400.454     5.7787     5.7818  33.477167  33.480016     5.7450     5.7481    34.0177    34.0178    26.8081    26.8079     1.7689     1.7989     53.835     54.748     0.8364     0.8291     0.0403    -0.0177     3.1807     1.7643     0.0000 -126.08636   47.11772      99.95          8  0.000e+00
     168570   7023.708    396.742    400.454     5.7793     5.7818  33.476981  33.480078     5.7456     5.7481    34.0168    34.0179    26.8074    26.8079     1.7689     1.7989     53.835     54.748     0.8364     0.8291     0.0403    -0.0177     3.1807     1.7643     0.0000 -126.08636   47.11772      99.95          8  0.000e+00
     168571   7023.750    396.762    400.474     5.7795     5.7816  33.477476  33.479707     5.7458     5.7479    34.0172    34.0176    26.8076    26.8077     1.7689     1.7989     53.834     54.748     0.8364     0.8291     0.0403    -0.0177     3.1819     1.7643     0.0000 -126.08636   47.11772      99.95          8  0.000e+00
     168572   7023.792    396.742    400.454     5.7793     5.7815  33.477537  33.479769     5.7456     5.7478    34.0175    34.0178    26.8079    26.8079     1.7689     1.7989     53.834     54.748     0.8364     0.8291     0.0403    -0.0177     3.1807     1.7643     0.0000 -126.08636   47.11772      99.95          8  0.000e+00
     168573   7023.833    396.742    400.454     5.7795     5.7813  33.477970  33.479337     5.7458     5.7476    34.0178    34.0175    26.8081    26.8077     1.7627     1.7989     53.646     54.749     0.8352     0.8291     0.0403    -0.0177     3.1807     1.7631     0.0000 -126.08636   47.11772      99.95          8  0.000e+00
     168574   7023.875    396.715    400.427     5.7795     5.7815  33.477784  33.479707     5.7458     5.7478    34.0176    34.0178    26.8079    26.8079     1.7627     1.7989     53.646     54.748     0.8352     0.8291     0.0403    -0.0177     3.1807     1.7643     0.0000 -126.08636   47.11772      99.95          8  0.000e+00
     168575   7023.917    396.795    400.508     5.7795     5.7819  33.477537  33.479645     5.7458     5.7482    34.0173    34.0172    26.8077    26.8074     1.7627     1.7989     53.647     54.748     0.8352     0.8291     0.0403    -0.0177     3.1807     1.7643     0.0000 -126.08636   47.11772      99.95          8  0.000e+00
     168576   7023.958    396.742    400.454     5.7795     5.7819  33.477970  33.479954     5.7458     5.7482    34.0178    34.0176    26.8081    26.8077     1.7627     1.7989     53.646     54.748     0.8352     0.8291     0.0403    -0.0177     3.1819     1.7643     0.0000 -126.08636   47.11772      99.93          8  0.000e+00
     168577   7024.000    396.762    400.474     5.7799     5.7818  33.478032  33.480139     5.7462     5.7481    34.0175    34.0180    26.8078    26.8080     1.7627     1.7989     53.646     54.748     0.8352     0.8291     0.0403    -0.0177     3.1795     1.7643     0.0000 -126.08636   47.11772      99.95          8  0.000e+00
     168578   7024.042    396.695    400.407     5.7800     5.7818  33.477846  33.480572     5.7463     5.7481    34.0172    34.0185    26.8076    26.8084     1.7626     1.7989     53.645     54.747     0.8352     0.8291     0.0403    -0.0177     3.1795     1.7643     0.0000 -126.08636   47.11772      99.95          8  0.000e+00
     168579   7024.083    396.742    400.454     5.7801     5.7818  33.478279  33.480757     5.7464     5.7481    34.0175    34.0187    26.8078    26.8085     1.7688     1.8056     53.833     54.953     0.8364     0.8303     0.0403    -0.0177     3.1795     1.7643     0.0000 -126.08636   47.11772      99.95          8  0.000e+00
     168580   7024.125    396.715    400.427     5.7805     5.7821  33.478588  33.480942     5.7468     5.7484    34.0175    34.0185    26.8077    26.8084     1.7750     1.7988     54.021     54.747     0.8376     0.8291     0.0403    -0.0177     3.1807     1.7643     0.0000 -126.08636   47.11772      99.95          8  0.000e+00
     168581   7024.167    396.742    400.454     5.7806     5.7824  33.478712  33.481066     5.7469     5.7487    34.0175    34.0184    26.8078    26.8082     1.7688     1.7988     53.833     54.747     0.8364     0.8291     0.0415     0.0129     3.1807     1.7643     0.0000 -126.08636   47.11772      99.95          8  0.000e+00
     168582   7024.208    396.695    400.407     5.7806     5.7826  33.479762  33.481066     5.7469     5.7488    34.0187    34.0182    26.8087    26.8081     1.7688     1.7988     53.832     54.746     0.8364     0.8291     0.0403    -0.0177     3.1807     1.7643     0.0000 -126.08636   47.11772      99.95          8  0.000e+00
     168583   7024.250    396.715    400.427     5.7816     5.7828  33.480195  33.481066     5.7479     5.7490    34.0182    34.0180    26.8082    26.8079     1.7687     1.7988     53.831     54.746     0.8364     0.8291     0.0415     0.0129     3.1807     1.7631     0.0000 -126.08636   47.11772      99.95          8  0.000e+00
     168584   7024.292    396.695    400.407     5.7821     5.7826  33.480257  33.480572     5.7484     5.7488    34.0178    34.0177    26.8078    26.8076     1.7687     1.7988     53.830     54.747     0.8364     0.8291     0.0403    -0.0177     3.1807     1.7643     0.0000 -126.08636   47.11772      99.95          8  0.000e+00
     168585   7024.333    396.715    400.427     5.7821     5.7828  33.480380  33.480448     5.7484     5.7490    34.0179    34.0173    26.8079    26.8073     1.7687     1.8056     53.830     54.952     0.8364     0.8303     0.0403    -0.0177     3.1807     1.7643     0.0000 -126.08636   47.11772      99.95          8  0.000e+00
     168586   7024.375    396.649    400.360     5.7823     5.7829  33.480998  33.480880     5.7486     5.7492    34.0185    34.0177    26.8083    26.8076     1.7687     1.8056     53.829     54.951     0.8364     0.8303     0.0403    -0.0177     3.1807     1.7643     0.0000 -126.08636   47.11772      99.95          8  0.000e+00
     168587   7024.417    396.649    400.360     5.7824     5.7829  33.481369  33.481251     5.7487     5.7492    34.0188    34.0181    26.8086    26.8080     1.7687     1.7988     53.829     54.746     0.8364     0.8291     0.0403    -0.0177     3.1819     1.7631     0.0000 -126.08636   47.11772      99.95          8  0.000e+00
     168588   7024.458    396.715    400.428     5.7835     5.7831  33.482296  33.481374     5.7498     5.7493    34.0187    34.0181    26.8083    26.8079     1.7686     1.8056     53.828     54.951     0.8364     0.8303     0.0403    -0.0177     3.1807     1.7643     0.0000 -126.08636   47.11772      99.95          8  0.000e+00
     168589   7024.500    396.649    400.360     5.7845     5.7837  33.483347  33.482301     5.7507     5.7500    34.0189    34.0185    26.8084    26.8082     1.7686     1.8055     53.826     54.950     0.8364     0.8303     0.0415     0.0129     3.1807     1.7643     0.0000 -126.08636   47.11772      99.95          8  0.000e+00
     168590   7024.542    396.649    400.360     5.7852     5.7840  33.483594  33.482362     5.7515     5.7503    34.0184    34.0182    26.8079    26.8079     1.7624     1.7987     53.637     54.744     0.8352     0.8291     0.0403    -0.0177     3.1819     1.7643     0.0000 -126.08636   47.11772      99.95          8  0.000e+00
     168591   7024.583    396.616    400.327     5.7857     5.7843  33.483965  33.482300     5.7520     5.7506    34.0184    34.0179    26.8078    26.8076     1.7624     1.7987     53.636     54.743     0.8352     0.8291     0.0403    -0.0177     3.1807     1.7643     0.0000 -126.08636   47.11772      99.95          8  0.000e+00
     168592   7024.625    396.596    400.307     5.7859     5.7847  33.484150  33.482918     5.7522     5.7510    34.0184    34.0182    26.8078    26.8078     1.7685     1.7987     53.824     54.743     0.8364     0.8291     0.0403    -0.0177     3.1807     1.7643     0.0000 -126.08636   47.11772      99.95          8  0.000e+00
     168593   7024.667    396.649    400.360     5.7864     5.7851  33.484336  33.483351     5.7526     5.7514    34.0181    34.0183    26.8075    26.8078     1.7685     1.7987     53.824     54.742     0.8364     0.8291     0.0403    -0.0177     3.1807     1.7643     0.0000 -126.08636   47.11772      99.95          8  0.000e+00
     168594   7024.708    396.569    400.280     5.7861     5.7855  33.484026  33.483659     5.7524     5.7518    34.0181    34.0183    26.8076    26.8078     1.7685     1.8054     53.824     54.947     0.8364     0.8303     0.0403    -0.0177     3.1807     1.7656     0.0000 -126.08636   47.11772      99.95          8  0.000e+00
     168595   7024.750    396.596    400.307     5.7861     5.7858  33.484088  33.483968     5.7524     5.7521    34.0182    34.0183    26.8076    26.8078     1.7685     1.7986     53.824     54.741     0.8364     0.8291     0.0403    -0.0177     3.1807     1.7656     0.0000 -126.08636   47.11772      99.93          8  0.000e+00
     168596   7024.792    396.549    400.260     5.7859     5.7858  33.484335  33.484091     5.7522     5.7521    34.0187    34.0185    26.8080    26.8079     1.7685     1.7986     53.824     54.741     0.8364     0.8291     0.0403    -0.0177     3.1807     1.7656     0.0000 -126.08636   47.11772      99.95          8  0.000e+00
     168597   7024.833    396.569    400.280     5.7856     5.7864  33.483779  33.484277     5.7519     5.7527    34.0183    34.0181    26.8078    26.8075     1.7685     1.7986     53.824     54.740     0.8364     0.8291     0.0403    -0.0177     3.1819     1.7656     0.0000 -126.08636   47.11772      99.95          8  0.000e+00
     168598   7024.875    396.549    400.260     5.7857     5.7868  33.483594  33.485018     5.7520     5.7530    34.0180    34.0185    26.8075    26.8078     1.7685     1.7986     53.824     54.739     0.8364     0.8291     0.0403    -0.0177     3.1807     1.7656     0.0000 -126.08636   47.11772      99.95          8  0.000e+00
     168599   7024.917    396.496    400.206     5.7854     5.7874  33.483717  33.485079     5.7517     5.7537    34.0184    34.0180    26.8079    26.8073     1.7685     1.8053     53.824     54.944     0.8364     0.8303     0.0403    -0.0177     3.1807     1.7656     0.0000 -126.08636   47.11772      99.95          8  0.000e+00
     168600   7024.958    396.516    400.226     5.7854     5.7874  33.483408  33.485388     5.7517     5.7537    34.0181    34.0183    26.8076    26.8076     1.7685     1.7986     53.824     54.738     0.8364     0.8291     0.0403    -0.0177     3.1819     1.7656     0.0000 -126.08636   47.11772      99.95          8  0.000e+00
     168601   7025.000    396.496    400.206     5.7852     5.7879  33.483408  33.485759     5.7515     5.7542    34.0183    34.0183    26.8078    26.8075     1.7685     1.7985     53.824     54.737     0.8364     0.8291     0.0403    -0.0177     3.1819     1.7656     0.0000 -126.08636   47.11772      99.95          8  0.000e+00
     168602   7025.042    396.470    400.179     5.7854     5.7882  33.483532  33.486314     5.7517     5.7545    34.0182    34.0186    26.8077    26.8077     1.7685     1.7985     53.824     54.737     0.8364     0.8291     0.0415     0.0129     3.1807     1.7656     0.0000 -126.08636   47.11772      99.95          8  0.000e+00
     168603   7025.083    396.496    400.206     5.7857     5.7883  33.484273  33.486253     5.7520     5.7546    34.0188    34.0184    26.8081    26.8075     1.7685     1.7985     53.823     54.737     0.8364     0.8291     0.0415     0.0129     3.1807     1.7656     0.0000 -126.08636   47.11772      99.95          8  0.000e+00
     168604   7025.125    396.450    400.159     5.7864     5.7885  33.485077  33.486376     5.7527     5.7548    34.0191    34.0183    26.8083    26.8074     1.7685     1.8052     53.822     54.941     0.8364     0.8303     0.0403    -0.0177     3.1807     1.7656     0.0000 -126.08636   47.11772      99.95          8  0.000e+00
     168605   7025.167    396.416    400.125     5.7869     5.7888  33.485571  33.486685     5.7531     5.7551    34.0192    34.0184    26.8083    26.8075     1.7684     1.7985     53.821     54.735     0.8364     0.8291     0.0403    -0.0177     3.1819     1.7656     0.0000 -126.08636   47.11772      99.93          8  0.000e+00
     168606   7025.208    396.396    400.105     5.7872     5.7888  33.485880  33.487241     5.7535     5.7551    34.0192    34.0190    26.8083    26.8080     1.7684     1.7984     53.821     54.735     0.8364     0.8291     0.0403    -0.0177     3.1807     1.7656     0.0000 -126.08636   47.11772      99.95          8  0.000e+00
     168607   7025.250    396.450    400.159     5.7881     5.7892  33.487240  33.487426     5.7544     5.7555    34.0197    34.0189    26.8086    26.8078     1.7684     1.7984     53.819     54.735     0.8364     0.8291     0.0403    -0.0177     3.1807     1.7656     0.0000 -126.08636   47.11772      99.95          8  0.000e+00
