West Coast/WCOA-7/CTD_Data/RB2102_CTD_061_01.ros
* Sea-Bird SBE 9 Data File:
* FileName = C:\Users\scs.user.rb\CTD\RB2102\Data\RB2102_CTD_061_01.hex
* Software Version Seasave V 7.26.7.107
* Temperature SN = 6202
* Conductivity SN = 4907
* Number of Bytes Per Scan = 41
* Number of Voltage Words = 4
* Number of Scans Averaged by the Deck Unit = 1
* NMEA Latitude = 41 50.67 N
* NMEA Longitude = 125 02.97 W
* NMEA UTC (Time) = Jul 06 2021  13:15:47
* NMEA baud rate = 4800
# nquan = 30
# nvalues = 1127                                  
# units = specified
# name 0 = scan: Scan Count
# name 1 = timeS: Time, Elapsed [seconds]
# name 2 = depSM: Depth [salt water, m]
# name 3 = prDM: Pressure, Digiquartz [db]
# name 4 = t090C: Temperature [ITS-90, deg C]
# name 5 = t190C: Temperature, 2 [ITS-90, deg C]
# name 6 = c0mS/cm: Conductivity [mS/cm]
# name 7 = c1mS/cm: Conductivity, 2 [mS/cm]
# name 8 = potemp090C: Potential Temperature [ITS-90, deg C]
# name 9 = potemp190C: Potential Temperature, 2 [ITS-90, deg C]
# name 10 = sal00: Salinity, Practical [PSU]
# name 11 = sal11: Salinity, Practical, 2 [PSU]
# name 12 = sigma-é00: Density [sigma-theta, kg/m^3]
# name 13 = sigma-é11: Density, 2 [sigma-theta, kg/m^3]
# name 14 = sbeox0Mg/L: Oxygen, SBE 43 [mg/l]
# name 15 = sbeox1Mg/L: Oxygen, SBE 43, 2 [mg/l]
# name 16 = sbox0Mm/Kg: Oxygen, SBE 43 [umol/kg]
# name 17 = sbox1Mm/Kg: Oxygen, SBE 43, 2 [umol/kg]
# name 18 = sbeox0V: Oxygen raw, SBE 43 [V]
# name 19 = sbeox1V: Oxygen raw, SBE 43, 2 [V]
# name 20 = v4: Voltage 4
# name 21 = flECO-AFL: Fluorescence, WET Labs ECO-AFL/FL [mg/m^3]
# name 22 = v3: Voltage 3
# name 23 = v6: Voltage 6
# name 24 = v7: Voltage 7
# name 25 = longitude: Longitude [deg]
# name 26 = latitude: Latitude [deg]
# name 27 = altM: Altimeter [m]
# name 28 = nbf: Bottles Fired
# name 29 = flag:  0.000e+00
# interval = seconds: 0.0416667
# start_time = Jul 06 2021 13:15:47 [NMEA time, header]
# bad_flag = -9.990e-29
*END*
[from data line 339]
      92572   3857.125    297.545    300.111     6.7898     6.7911  34.402473  34.404462     6.7623     6.7636    34.0899    34.0908    26.7341    26.7346     1.6482     1.6965     50.164     51.637     0.8254     0.8230     0.0403    -0.0177     3.1477     0.0012     0.0000 -125.05118   41.84462      99.93          7  0.000e+00
      92573   3857.167    297.492    300.057     6.7900     6.7910  34.402723  34.404462     6.7626     6.7636    34.0899    34.0908    26.7341    26.7347     1.6481     1.6900     50.164     51.439     0.8254     0.8217     0.0403    -0.0177     3.1490     0.0012     0.0000 -125.05118   41.84462      99.93          7  0.000e+00
      92574   3857.208    297.545    300.111     6.7904     6.7911  34.402660  34.403963     6.7630     6.7636    34.0895    34.0902    26.7337    26.7342     1.6481     1.6900     50.164     51.439     0.8254     0.8217     0.0403    -0.0177     3.1490     0.0012     0.0000 -125.05118   41.84462      99.93          7  0.000e+00
      92575   3857.250    297.545    300.111     6.7904     6.7912  34.402848  34.404275     6.7630     6.7637    34.0896    34.0905    26.7338    26.7344     1.6541     1.6900     50.345     51.439     0.8266     0.8217     0.0403    -0.0177     3.1477     0.0012     0.0000 -125.05118   41.84462      99.93          7  0.000e+00
      98741   4114.167    198.615    200.279     7.2750     7.2749  34.707956  34.709602     7.2562     7.2561    33.9941    33.9960    26.5909    26.5924     2.7576     2.8080     83.944     85.480     1.0672     1.0452     0.0403    -0.0177     3.1453     0.0000     0.0000 -125.05144   41.84460      99.80          8  0.000e+00
      98742   4114.208    198.496    200.159     7.2753     7.2749  34.708519  34.709288     7.2564     7.2561    33.9945    33.9957    26.5912    26.5922     2.7575     2.8080     83.942     85.479     1.0672     1.0452     0.0403    -0.0177     3.1453     0.0000     0.0000 -125.05144   41.84460      99.80          8  0.000e+00
      98743   4114.250    198.615    200.279     7.2750     7.2751  34.708332  34.709163     7.2562     7.2563    33.9945    33.9953    26.5912    26.5918     2.7576     2.8080     83.944     85.480     1.0672     1.0452     0.0403    -0.0177     3.1465     0.0000     0.0000 -125.05144   41.84460      99.80          8  0.000e+00
      98744   4114.292    198.662    200.326     7.2748     7.2748  34.708332  34.709289     7.2560     7.2559    33.9947    33.9957    26.5914    26.5922     2.7576     2.8081     83.945     85.481     1.0672     1.0452     0.0403    -0.0177     3.1465     0.0000     0.0000 -125.05144   41.84460      99.80          8  0.000e+00
      98745   4114.333    198.615    200.279     7.2751     7.2749  34.708457  34.709414     7.2562     7.2561    33.9946    33.9958    26.5913    26.5922     2.7576     2.8081     83.944     85.480     1.0672     1.0452     0.0403    -0.0177     3.1465     0.0000     0.0000 -125.05144   41.84460      99.80          8  0.000e+00
      98746   4114.375    198.615    200.279     7.2748     7.2751  34.708144  34.709476     7.2560     7.2563    33.9945    33.9956    26.5912    26.5921     2.7518     2.8080     83.768     85.479     1.0659     1.0452     0.0403    -0.0177     3.1453     0.0000     0.0000 -125.05144   41.84460      99.83          8  0.000e+00
      98747   4114.417    198.662    200.326     7.2748     7.2751  34.707893  34.709664     7.2559     7.2563    33.9942    33.9958    26.5910    26.5922     2.7576     2.8081     83.945     85.480     1.0672     1.0452     0.0403    -0.0177     3.1465     0.0000     0.0000 -125.05144   41.84460      99.80          8  0.000e+00
      98748   4114.458    198.589    200.253     7.2750     7.2749  34.708081  34.709539     7.2562     7.2561    33.9942    33.9959    26.5910    26.5923     2.7518     2.8080     83.767     85.479     1.0659     1.0452     0.0415     0.0129     3.1453     0.0000     0.0000 -125.05144   41.84460      99.80          8  0.000e+00
      98749   4114.500    198.662    200.326     7.2748     7.2751  34.708332  34.709226     7.2560     7.2563    33.9947    33.9953    26.5914    26.5919     2.7518     2.8081     83.768     85.480     1.0659     1.0452     0.0403    -0.0177     3.1453     0.0000     0.0000 -125.05144   41.84460      99.80          8  0.000e+00
      98750   4114.542    198.662    200.326     7.2749     7.2755  34.708457  34.709163     7.2561     7.2566    33.9947    33.9949    26.5914    26.5915     2.7518     2.8080     83.768     85.480     1.0659     1.0452     0.0403    -0.0177     3.1453     0.0000     0.0000 -125.05144   41.84460      99.80          8  0.000e+00
      98751   4114.583    198.662    200.326     7.2748     7.2753  34.708144  34.709351     7.2560     7.2564    33.9945    33.9953    26.5912    26.5918     2.7518     2.8081     83.768     85.480     1.0659     1.0452     0.0403    -0.0177     3.1453     0.0000     0.0000 -125.05144   41.84460      99.80          8  0.000e+00
      98752   4114.625    198.662    200.326     7.2747     7.2754  34.708144  34.709602     7.2558     7.2565    33.9946    33.9955    26.5913    26.5919     2.7518     2.8080     83.769     85.479     1.0659     1.0452     0.0403    -0.0177     3.1453     0.0000     0.0000 -125.05144   41.84460      99.83          8  0.000e+00
      98753   4114.667    198.715    200.380     7.2751     7.2753  34.708583  34.709727     7.2562     7.2564    33.9947    33.9957    26.5914    26.5922     2.7518     2.8081     83.768     85.480     1.0659     1.0452     0.0403    -0.0177     3.1453     0.0000     0.0000 -125.05144   41.84460      99.80          8  0.000e+00
      98754   4114.708    198.662    200.327     7.2752     7.2751  34.708520  34.709539     7.2563     7.2563    33.9945    33.9957    26.5912    26.5921     2.7518     2.8081     83.768     85.480     1.0659     1.0452     0.0403    -0.0177     3.1465     0.0000     0.0000 -125.05144   41.84460      99.80          8  0.000e+00
      98755   4114.750    198.688    200.353     7.2748     7.2753  34.708019  34.709665     7.2559     7.2564    33.9944    33.9957    26.5911    26.5921     2.7518     2.8081     83.769     85.480     1.0659     1.0452     0.0403    -0.0177     3.1465     0.0000     0.0000 -125.05144   41.84460      99.80          8  0.000e+00
      98756   4114.792    198.662    200.327     7.2752     7.2753  34.708959  34.709539     7.2563     7.2564    33.9950    33.9955    26.5916    26.5920     2.7518     2.8080     83.767     85.480     1.0659     1.0452     0.0403    -0.0177     3.1465     0.0000     0.0000 -125.05146   41.84460      99.80          8  0.000e+00
      98757   4114.833    198.715    200.380     7.2750     7.2751  34.708458  34.709226     7.2561     7.2563    33.9946    33.9953    26.5913    26.5919     2.7518     2.8081     83.769     85.481     1.0659     1.0452     0.0403    -0.0177     3.1453     0.0000     0.0000 -125.05146   41.84460      99.80          8  0.000e+00
      98758   4114.875    198.715    200.380     7.2749     7.2753  34.707831  34.709351     7.2561     7.2564    33.9940    33.9953    26.5908    26.5918     2.7519     2.8081     83.769     85.480     1.0659     1.0452     0.0403    -0.0177     3.1465     0.0000     0.0000 -125.05146   41.84460      99.80          8  0.000e+00
      98759   4114.917    198.715    200.380     7.2750     7.2751  34.708081  34.709226     7.2561     7.2563    33.9942    33.9953    26.5910    26.5919     2.7518     2.8081     83.769     85.481     1.0659     1.0452     0.0403    -0.0177     3.1453     0.0000     0.0000 -125.05146   41.84460      99.80          8  0.000e+00
      98760   4114.958    198.715    200.380     7.2748     7.2751  34.708081  34.709289     7.2560     7.2563    33.9944    33.9954    26.5911    26.5919     2.7519     2.8081     83.769     85.481     1.0659     1.0452     0.0403    -0.0177     3.1465     0.0000     0.0000 -125.05146   41.84460      99.80          8  0.000e+00
      98761   4115.000    198.742    200.407     7.2746     7.2749  34.708395  34.709164     7.2557     7.2561    33.9949    33.9954    26.5916    26.5920     2.7519     2.8081     83.770     85.481     1.0659     1.0452     0.0403    -0.0177     3.1453     0.0000     0.0000 -125.05146   41.84460      99.80          8  0.000e+00
      98762   4115.042    198.662    200.327     7.2750     7.2748  34.708520  34.709163     7.2562     7.2559    33.9947    33.9956    26.5914    26.5921     2.7518     2.8081     83.768     85.481     1.0659     1.0452     0.0403    -0.0177     3.1465     0.0000     0.0000 -125.05146   41.84460      99.80          8  0.000e+00
      98763   4115.083    198.762    200.427     7.2749     7.2749  34.708395  34.709352     7.2560     7.2561    33.9946    33.9956    26.5913    26.5921     2.7519     2.8081     83.769     85.481     1.0659     1.0452     0.0403    -0.0177     3.1477     0.0000     0.0000 -125.05146   41.84460      99.80          8  0.000e+00
      98764   4115.125    198.715    200.380     7.2747     7.2749  34.708708  34.708976     7.2558     7.2561    33.9952    33.9952    26.5918    26.5918     2.7518     2.8081     83.769     85.481     1.0659     1.0452     0.0403    -0.0177     3.1453     0.0000     0.0000 -125.05146   41.84460      99.80          8  0.000e+00
      98765   4115.167    198.715    200.380     7.2748     7.2749  34.708019  34.708850     7.2560     7.2561    33.9943    33.9951    26.5911    26.5917     2.7577     2.8081     83.946     85.481     1.0672     1.0452     0.0403    -0.0177     3.1453     0.0000     0.0000 -125.05146   41.84460      99.80          8  0.000e+00
      98766   4115.208    198.762    200.427     7.2746     7.2749  34.708332  34.709038     7.2557     7.2561    33.9948    33.9953    26.5916    26.5919     2.7577     2.8081     83.946     85.482     1.0672     1.0452     0.0403    -0.0177     3.1465     0.0000     0.0000 -125.05146   41.84460      99.83          8  0.000e+00
      98767   4115.250    198.689    200.354     7.2747     7.2748  34.708144  34.708913     7.2558     7.2559    33.9946    33.9953    26.5913    26.5919     2.7577     2.8081     83.946     85.481     1.0672     1.0452     0.0403    -0.0177     3.1465     0.0000     0.0000 -125.05146   41.84460      99.80          8  0.000e+00
      98768   4115.292    198.762    200.427     7.2748     7.2748  34.708395  34.708976     7.2560     7.2559    33.9947    33.9954    26.5914    26.5919     2.7577     2.8081     83.946     85.482     1.0672     1.0452     0.0403    -0.0177     3.1465     0.0000     0.0000 -125.05146   41.84460      99.80          8  0.000e+00
      98769   4115.333    198.762    200.427     7.2746     7.2748  34.708520  34.709101     7.2557     7.2560    33.9951    33.9954    26.5917    26.5920     2.7577     2.8081     83.946     85.482     1.0672     1.0452     0.0403    -0.0177     3.1453     0.0000     0.0000 -125.05146   41.84460      99.80          8  0.000e+00
      98770   4115.375    198.762    200.427     7.2750     7.2749  34.708395  34.709352     7.2561     7.2561    33.9945    33.9956    26.5912    26.5921     2.7577     2.8081     83.946     85.481     1.0672     1.0452     0.0403    -0.0177     3.1465     0.0000     0.0000 -125.05146   41.84460      99.80          8  0.000e+00
      98771   4115.417    198.715    200.380     7.2746     7.2748  34.708207  34.709477     7.2557     7.2559    33.9947    33.9959    26.5915    26.5924     2.7577     2.8081     83.946     85.481     1.0672     1.0452     0.0403    -0.0177     3.1465     0.0000     0.0000 -125.05146   41.84460      99.80          8  0.000e+00
      98772   4115.458    198.762    200.427     7.2748     7.2749  34.708332  34.709226     7.2560     7.2561    33.9946    33.9955    26.5913    26.5920     2.7577     2.8081     83.946     85.482     1.0672     1.0452     0.0403    -0.0177     3.1465     0.0000     0.0000 -125.05146   41.84460      99.80          8  0.000e+00
      98773   4115.500    198.762    200.427     7.2747     7.2748  34.708207  34.709164     7.2558     7.2559    33.9946    33.9956    26.5914    26.5921     2.7519     2.8081     83.770     85.482     1.0659     1.0452     0.0403    -0.0177     3.1453     0.0000     0.0000 -125.05146   41.84460      99.80          8  0.000e+00
      98774   4115.542    198.742    200.407     7.2749     7.2749  34.708082  34.709352     7.2560     7.2561    33.9943    33.9956    26.5910    26.5921     2.7577     2.8081     83.946     85.481     1.0672     1.0452     0.0403    -0.0177     3.1465     0.0000     0.0000 -125.05146   41.84460      99.80          8  0.000e+00
      98775   4115.583    198.762    200.427     7.2748     7.2749  34.708144  34.709101     7.2560     7.2561    33.9944    33.9953    26.5912    26.5919     2.7577     2.8081     83.946     85.482     1.0672     1.0452     0.0403    -0.0177     3.1465     0.0000     0.0000 -125.05146   41.84460      99.80          8  0.000e+00
      98776   4115.625    198.762    200.427     7.2748     7.2748  34.708395  34.709101     7.2560     7.2559    33.9947    33.9955    26.5914    26.5920     2.7577     2.8081     83.946     85.482     1.0672     1.0452     0.0403    -0.0177     3.1453     0.0000     0.0000 -125.05146   41.84460      99.80          8  0.000e+00
      98777   4115.667    198.762    200.427     7.2749     7.2748  34.708144  34.709602     7.2560     7.2559    33.9943    33.9960    26.5911    26.5925     2.7577     2.8081     83.946     85.482     1.0672     1.0452     0.0403    -0.0177     3.1465     0.0000     0.0000 -125.05146   41.84460      99.80          8  0.000e+00
      98778   4115.708    198.762    200.428     7.2748     7.2750  34.708395  34.709038     7.2560     7.2561    33.9947    33.9952    26.5914    26.5918     2.7577     2.8081     83.946     85.482     1.0672     1.0452     0.0403    -0.0177     3.1465     0.0000     0.0000 -125.05146   41.84460      99.80          8  0.000e+00
      98779   4115.750    198.762    200.428     7.2748     7.2749  34.708646  34.709289     7.2559     7.2561    33.9950    33.9956    26.5917    26.5921     2.7519     2.8081     83.769     85.482     1.0659     1.0452     0.0403    -0.0177     3.1453     0.0000     0.0000 -125.05146   41.84460      99.80          8  0.000e+00
      98780   4115.792    198.742    200.407     7.2750     7.2748  34.708520  34.709226     7.2561     7.2559    33.9946    33.9956    26.5913    26.5922     2.7518     2.8081     83.769     85.482     1.0659     1.0452     0.0403    -0.0177     3.1465     0.0000     0.0000 -125.05146   41.84462      99.80          8  0.000e+00
      98781   4115.833    198.762    200.428     7.2750     7.2751  34.708896  34.708913     7.2561     7.2562    33.9950    33.9950    26.5917    26.5916     2.7576     2.8081     83.945     85.482     1.0672     1.0452     0.0403    -0.0177     3.1453     0.0000     0.0000 -125.05146   41.84462      99.80          8  0.000e+00
      98782   4115.875    198.762    200.428     7.2751     7.2749  34.708834  34.709289     7.2562     7.2561    33.9949    33.9956    26.5916    26.5921     2.7576     2.8081     83.945     85.482     1.0672     1.0452     0.0403    -0.0177     3.1465     0.0000     0.0000 -125.05146   41.84462      99.80          8  0.000e+00
      98783   4115.917    198.762    200.428     7.2754     7.2749  34.709022  34.709602     7.2565     7.2561    33.9949    33.9959    26.5915    26.5923     2.7518     2.8081     83.768     85.481     1.0659     1.0452     0.0403    -0.0177     3.1465     0.0000     0.0000 -125.05146   41.84462      99.80          8  0.000e+00
