West Coast/WCOA-7/CTD_Data/RB2102_CTD_088_01.ros
* Sea-Bird SBE 9 Data File:
* FileName = C:\Users\scs.user.rb\CTD\RB2102\Data\RB2102_CTD_088_01.hex
* Software Version Seasave V 7.26.7.107
* Temperature SN = 6202
* Conductivity SN = 4907
* Number of Bytes Per Scan = 41
* Number of Voltage Words = 4
* Number of Scans Averaged by the Deck Unit = 1
* NMEA Latitude = 37 53.54 N
* NMEA Longitude = 122 26.47 W
* NMEA UTC (Time) = Jul 12 2021  18:43:42
* NMEA baud rate = 4800
# nquan = 30
# nvalues = 432                                   
# units = specified
# name 0 = scan: Scan Count
# name 1 = timeS: Time, Elapsed [seconds]
# name 2 = depSM: Depth [salt water, m]
# name 3 = prDM: Pressure, Digiquartz [db]
# name 4 = t090C: Temperature [ITS-90, deg C]
# name 5 = t190C: Temperature, 2 [ITS-90, deg C]
# name 6 = c0mS/cm: Conductivity [mS/cm]
# name 7 = c1mS/cm: Conductivity, 2 [mS/cm]
# name 8 = potemp090C: Potential Temperature [ITS-90, deg C]
# name 9 = potemp190C: Potential Temperature, 2 [ITS-90, deg C]
# name 10 = sal00: Salinity, Practical [PSU]
# name 11 = sal11: Salinity, Practical, 2 [PSU]
# name 12 = sigma-é00: Density [sigma-theta, kg/m^3]
# name 13 = sigma-é11: Density, 2 [sigma-theta, kg/m^3]
# name 14 = sbeox0Mg/L: Oxygen, SBE 43 [mg/l]
# name 15 = sbeox1Mg/L: Oxygen, SBE 43, 2 [mg/l]
# name 16 = sbox0Mm/Kg: Oxygen, SBE 43 [umol/kg]
# name 17 = sbox1Mm/Kg: Oxygen, SBE 43, 2 [umol/kg]
# name 18 = sbeox0V: Oxygen raw, SBE 43 [V]
# name 19 = sbeox1V: Oxygen raw, SBE 43, 2 [V]
# name 20 = v4: Voltage 4
# name 21 = flECO-AFL: Fluorescence, WET Labs ECO-AFL/FL [mg/m^3]
# name 22 = v3: Voltage 3
# name 23 = v6: Voltage 6
# name 24 = v7: Voltage 7
# name 25 = longitude: Longitude [deg]
# name 26 = latitude: Latitude [deg]
# name 27 = altM: Altimeter [m]
# name 28 = nbf: Bottles Fired
# name 29 = flag:  0.000e+00
# interval = seconds: 0.0416667
# start_time = Jul 12 2021 18:43:42 [NMEA time, header]
# bad_flag = -9.990e-29
*END*
[from data line 291]
      18461    769.167      3.363      3.389    18.8847    18.8843  41.225709  41.234832    18.8841    18.8837    30.3807    30.3885    21.5232    21.5292     6.7930     6.9837    207.811    213.645     2.3248     2.2540     0.1282     2.1801     3.2259     0.6007     0.4420 -122.44160   37.89242      20.15          7  0.000e+00
      18462    769.208      3.363      3.389    18.8847    18.8843  41.225574  41.234966    18.8841    18.8837    30.3805    30.3886    21.5231    21.5293     6.7930     6.9837    207.811    213.645     2.3248     2.2540     0.1282     2.1801     3.2259     0.6007     0.4420 -122.44160   37.89242      20.15          7  0.000e+00
      18463    769.250      3.416      3.442    18.8847    18.8843  41.225574  41.234430    18.8841    18.8837    30.3806    30.3881    21.5231    21.5290     6.7930     6.9887    207.813    213.796     2.3248     2.2552     0.1282     2.1801     3.2271     0.6007     0.4420 -122.44160   37.89242      20.12          7  0.000e+00
      18464    769.292      3.363      3.389    18.8848    18.8849  41.226111  41.233222    18.8842    18.8843    30.3809    30.3867    21.5233    21.5277     6.7930     6.9837    207.810    213.645     2.3248     2.2540     0.1282     2.1801     3.2271     0.6020     0.4420 -122.44160   37.89242      20.15          7  0.000e+00
      18465    769.333      3.363      3.389    18.8845    18.8860  41.226514  41.231477    18.8839    18.8854    30.3815    30.3844    21.5238    21.5257     6.7930     6.9836    207.811    213.643     2.3248     2.2540     0.1282     2.1801     3.2259     0.6007     0.4420 -122.44160   37.89242      20.12          7  0.000e+00
      18466    769.375      3.416      3.442    18.8845    18.8874  41.226380  41.230001    18.8839    18.8868    30.3813    30.3822    21.5237    21.5236     6.7930     6.9885    207.812    213.791     2.3248     2.2552     0.1282     2.1801     3.2271     0.6007     0.4420 -122.44160   37.89242      20.12          7  0.000e+00
      18467    769.417      3.363      3.389    18.8845    18.8876  41.225507  41.229062    18.8839    18.8870    30.3806    30.3813    21.5232    21.5229     6.7930     6.9836    207.812    213.641     2.3248     2.2540     0.1282     2.1801     3.2271     0.6007     0.4420 -122.44160   37.89242      20.12          7  0.000e+00
      18468    769.458      3.363      3.389    18.8845    18.8874  41.225440  41.228927    18.8839    18.8868    30.3806    30.3813    21.5231    21.5230     6.7930     6.9836    207.812    213.642     2.3248     2.2540     0.1282     2.1801     3.2271     0.6007     0.4420 -122.44160   37.89242      20.12          7  0.000e+00
      18469    769.500      3.416      3.442    18.8848    18.8863  41.224501  41.230001    18.8842    18.8857    30.3796    30.3830    21.5223    21.5245     6.7931     6.9886    207.814    213.795     2.3248     2.2552     0.1282     2.1801     3.2271     0.6007     0.4420 -122.44160   37.89242      20.10          7  0.000e+00
      18470    769.542      3.383      3.409    18.8849    18.8860  41.223829  41.231142    18.8843    18.8854    30.3790    30.3841    21.5218    21.5255     6.7930     6.9837    207.813    213.644     2.3248     2.2540     0.1282     2.1801     3.2271     0.6007     0.4420 -122.44160   37.89242      20.12          7  0.000e+00
      18471    769.583      3.363      3.389    18.8848    18.8856  41.223762  41.232215    18.8842    18.8851    30.3790    30.3853    21.5218    21.5265     6.7930     6.9837    207.813    213.644     2.3248     2.2540     0.1282     2.1801     3.2271     0.6007     0.4420 -122.44160   37.89242      20.12          7  0.000e+00
      18472    769.625      3.416      3.442    18.8843    18.8855  41.224836  41.232484    18.8837    18.8849    30.3802    30.3856    21.5229    21.5267     6.7931     6.9886    207.815    213.794     2.3248     2.2552     0.1282     2.1801     3.2271     0.6007     0.4420 -122.44160   37.89242      20.12          7  0.000e+00
      18473    769.667      3.363      3.389    18.8839    18.8855  41.227051  41.233289    18.8833    18.8849    30.3824    30.3863    21.5247    21.5273     6.7885     6.9885    207.674    213.792     2.3236     2.2552     0.1282     2.1801     3.2259     0.6007     0.4420 -122.44160   37.89242      20.12          7  0.000e+00
      18474    769.708      3.363      3.389    18.8836    18.8849  41.228729  41.233289    18.8830    18.8843    30.3839    30.3868    21.5259    21.5278     6.7930     6.9935    207.811    213.943     2.3248     2.2564     0.1282     2.1801     3.2259     0.6007     0.4420 -122.44160   37.89242      20.12          7  0.000e+00
      18475    769.750      3.416      3.442    18.8841    18.8848  41.228327  41.233490    18.8835    18.8842    30.3832    30.3870    21.5252    21.5279     6.7885     6.9886    207.673    213.795     2.3236     2.2552     0.1282     2.1801     3.2283     0.6007     0.4420 -122.44160   37.89242      20.12          7  0.000e+00
      18476    769.792      3.416      3.442    18.8845    18.8848  41.224769  41.233289    18.8839    18.8842    30.3800    30.3868    21.5227    21.5278     6.7886     6.9886    207.676    213.796     2.3236     2.2552     0.1282     2.1801     3.2259     0.6007     0.4420 -122.44160   37.89242      20.12          7  0.000e+00
      18477    769.833      3.363      3.389    18.8849    18.8846  41.221614  41.232953    18.8843    18.8840    30.3771    30.3867    21.5204    21.5277     6.7886     6.9935    207.677    213.944     2.3236     2.2564     0.1282     2.1801     3.2259     0.6007     0.4420 -122.44160   37.89242      20.12          7  0.000e+00
      18478    769.875      3.416      3.442    18.8855    18.8843  41.220138  41.232551    18.8849    18.8837    30.3755    30.3866    21.5190    21.5278     6.7886     6.9936    207.678    213.947     2.3236     2.2564     0.1282     2.1801     3.2283     0.6007     0.4420 -122.44160   37.89242      20.12          7  0.000e+00
      18479    769.917      3.363      3.389    18.8855    18.8842  41.219600  41.232484    18.8849    18.8836    30.3751    30.3866    21.5187    21.5278     6.7886     6.9936    207.678    213.946     2.3236     2.2564     0.1282     2.1801     3.2283     0.6007     0.4420 -122.44160   37.89242      20.10          7  0.000e+00
      18480    769.958      3.430      3.455    18.8855    18.8843  41.221144  41.232484    18.8849    18.8837    30.3763    30.3865    21.5196    21.5277     6.7931     6.9936    207.816    213.948     2.3248     2.2564     0.1282     2.1801     3.2283     0.6007     0.4420 -122.44160   37.89242      20.10          7  0.000e+00
      18481    770.000      3.416      3.442    18.8849    18.8839  41.224299  41.233021    18.8843    18.8833    30.3793    30.3872    21.5221    21.5283     6.7931     6.9936    207.814    213.948     2.3248     2.2564     0.1282     2.1801     3.2271     0.6007     0.4420 -122.44160   37.89242      20.10          7  0.000e+00
      18482    770.042      3.363      3.389    18.8840    18.8841  41.228394  41.232618    18.8834    18.8835    30.3834    30.3868    21.5254    21.5280     6.7930     6.9936    207.810    213.946     2.3248     2.2564     0.1282     2.1801     3.2271     0.6020     0.4420 -122.44160   37.89242      20.10          7  0.000e+00
      18483    770.083      3.416      3.442    18.8829    18.8839  41.231885  41.232484    18.8823    18.8833    30.3870    30.3868    21.5284    21.5280     6.7930     6.9936    207.810    213.948     2.3248     2.2564     0.1282     2.1801     3.2271     0.6020     0.4420 -122.44160   37.89242      20.10          7  0.000e+00
      18484    770.125      3.363      3.389    18.8819    18.8840  41.235644  41.232752    18.8813    18.8834    30.3908    30.3869    21.5316    21.5281     6.7929     6.9936    207.808    213.946     2.3248     2.2564     0.1270     2.1496     3.2271     0.6007     0.4420 -122.44160   37.89242      20.10          7  0.000e+00
      18485    770.167      3.416      3.442    18.8805    18.8839  41.240075  41.232618    18.8799    18.8833    30.3955    30.3869    21.5355    21.5281     6.7930     6.9936    207.808    213.948     2.3248     2.2564     0.1258     2.1191     3.2271     0.6007     0.4420 -122.44160   37.89242      20.10          7  0.000e+00
      18486    770.208      3.416      3.442    18.8795    18.8837  41.243633  41.232752    18.8789    18.8831    30.3992    30.3871    21.5386    21.5283     6.7975     6.9936    207.945    213.949     2.3260     2.2564     0.1258     2.1191     3.2271     0.6007     0.4420 -122.44160   37.89242      20.10          7  0.000e+00
      18487    770.250      3.363      3.389    18.8784    18.8839  41.246587  41.233088    18.8779    18.8834    30.4024    30.3873    21.5413    21.5284     6.7929     6.9984    207.805    214.095     2.3248     2.2576     0.1258     2.1191     3.2271     0.6007     0.4420 -122.44160   37.89242      20.10          7  0.000e+00
      18488    770.292      3.416      3.442    18.8773    18.8841  41.249407  41.232954    18.8767    18.8835    30.4055    30.3870    21.5440    21.5282     6.7975     6.9985    207.945    214.096     2.3260     2.2576     0.1258     2.1191     3.2271     0.6007     0.4420 -122.44160   37.89242      20.10          7  0.000e+00
      18489    770.333      3.416      3.442    18.8760    18.8837  41.252026  41.232887    18.8754    18.8831    30.4086    30.3873    21.5466    21.5285     6.7930     6.9985    207.807    214.098     2.3248     2.2576     0.1258     2.1191     3.2283     0.6007     0.4420 -122.44160   37.89242      20.10          7  0.000e+00
      18490    770.375      3.383      3.409    18.8750    18.8839  41.253973  41.232283    18.8744    18.8834    30.4110    30.3866    21.5487    21.5279     6.7930     6.9985    207.807    214.097     2.3248     2.2576     0.1258     2.1191     3.2259     0.6007     0.4420 -122.44160   37.89242      20.10          7  0.000e+00
      18491    770.417      3.416      3.442    18.8743    18.8839  41.254980  41.232149    18.8737    18.8833    30.4123    30.3865    21.5499    21.5278     6.7931     6.9985    207.809    214.098     2.3248     2.2576     0.1258     2.1191     3.2283     0.6007     0.4420 -122.44160   37.89242      20.12          7  0.000e+00
      18492    770.458      3.416      3.442    18.8741    18.8841  41.255383  41.231880    18.8736    18.8835    30.4127    30.3861    21.5502    21.5275     6.7976     6.9985    207.947    214.097     2.3260     2.2576     0.1258     2.1191     3.2283     0.6007     0.4420 -122.44160   37.89242      20.12          7  0.000e+00
      18493    770.500      3.363      3.389    18.8748    18.8837  41.256054  41.231209    18.8742    18.8832    30.4128    30.3859    21.5501    21.5274     6.7975     6.9985    207.943    214.098     2.3260     2.2576     0.1258     2.1191     3.2271     0.6007     0.4420 -122.44160   37.89242      20.12          7  0.000e+00
      18494    770.542      3.416      3.442    18.8757    18.8839  41.255920  41.231612    18.8751    18.8833    30.4120    30.3861    21.5493    21.5275     6.7974     6.9985    207.942    214.099     2.3260     2.2576     0.1258     2.1191     3.2271     0.6007     0.4420 -122.44160   37.89242      20.12          7  0.000e+00
      18495    770.583      3.416      3.442    18.8764    18.8841  41.256121  41.231813    18.8758    18.8835    30.4117    30.3861    21.5489    21.5274     6.8019     6.9985    208.078    214.098     2.3272     2.2576     0.1258     2.1191     3.2271     0.6007     0.4408 -122.44160   37.89242      20.12          7  0.000e+00
      18496    770.625      3.363      3.389    18.8762    18.8841  41.256725  41.231813    18.8756    18.8835    30.4124    30.3861    21.5494    21.5275     6.8018     6.9985    208.076    214.096     2.3272     2.2576     0.1258     2.1191     3.2259     0.6007     0.4408 -122.44160   37.89242      20.10          7  0.000e+00
      18497    770.667      3.416      3.442    18.8752    18.8837  41.257464  41.232350    18.8746    18.8831    30.4137    30.3868    21.5507    21.5281     6.8019     6.9985    208.079    214.098     2.3272     2.2576     0.1258     2.1191     3.2271     0.6007     0.4408 -122.44160   37.89242      20.12          7  0.000e+00
      18498    770.708      3.363      3.389    18.8738    18.8841  41.258136  41.231947    18.8732    18.8835    30.4153    30.3862    21.5523    21.5275     6.8020     6.9985    208.081    214.096     2.3272     2.2576     0.1258     2.1191     3.2271     0.6007     0.4408 -122.44160   37.89242      20.12          7  0.000e+00
      18499    770.750      3.416      3.442    18.8731    18.8840  41.259143  41.231813    18.8725    18.8834    30.4166    30.3861    21.5534    21.5275     6.8021     7.0034    208.084    214.247     2.3272     2.2589     0.1258     2.1191     3.2259     0.6007     0.4420 -122.44160   37.89242      20.10          7  0.000e+00
      18500    770.792      3.383      3.409    18.8722    18.8836  41.259143  41.232283    18.8716    18.8830    30.4173    30.3869    21.5541    21.5282     6.8022     6.9985    208.085    214.098     2.3272     2.2576     0.1258     2.1191     3.2271     0.6007     0.4408 -122.44160   37.89242      20.10          7  0.000e+00
      18501    770.833      3.416      3.442    18.8714    18.8836  41.259614  41.233826    18.8708    18.8830    30.4183    30.3881    21.5551    21.5291     6.8068     7.0034    208.226    214.246     2.3284     2.2589     0.1258     2.1191     3.2259     0.6007     0.4408 -122.44160   37.89242      20.10          7  0.000e+00
      18502    770.875      3.416      3.442    18.8710    18.8834  41.259479  41.235101    18.8704    18.8828    30.4184    30.3893    21.5553    21.5301     6.8068     6.9985    208.227    214.096     2.3284     2.2576     0.1258     2.1191     3.2271     0.6007     0.4408 -122.44160   37.89242      20.10          7  0.000e+00
      18503    770.917      3.363      3.389    18.8710    18.8830  41.259949  41.236174    18.8704    18.8825    30.4188    30.3905    21.5556    21.5310     6.8067     6.9984    208.225    214.094     2.3284     2.2576     0.1258     2.1191     3.2271     0.6007     0.4408 -122.44160   37.89242      20.07          7  0.000e+00
      18506    771.042      3.363      3.389    18.8715    18.8822  41.259009  41.239596    18.8710    18.8816    30.4177    30.3939    21.5546    21.5339     6.8022     7.0033    208.087    214.242     2.3272     2.2589     0.1258     2.1191     3.2259     0.5995     0.4408 -122.44160   37.89242      20.05          8  0.000e+00
      18507    771.083      3.416      3.442    18.8719    18.8817  41.258136  41.241274    18.8713    18.8811    30.4167    30.3957    21.5538    21.5353     6.8068     7.0033    208.226    214.243     2.3284     2.2589     0.1258     2.1191     3.2259     0.5995     0.4408 -122.44160   37.89242      20.07          8  0.000e+00
      18508    771.125      3.363      3.389    18.8719    18.8815  41.257733  41.242280    18.8713    18.8809    30.4163    30.3966    21.5535    21.5361     6.8067     7.0033    208.225    214.241     2.3284     2.2589     0.1258     2.1191     3.2271     0.6007     0.4408 -122.44160   37.89242      20.07          8  0.000e+00
      18509    771.167      3.317      3.342    18.8715    18.8810  41.257867  41.241877    18.8710    18.8805    30.4167    30.3966    21.5539    21.5362     6.8067     7.0033    208.225    214.242     2.3284     2.2589     0.1258     2.1191     3.2259     0.6007     0.4420 -122.44160   37.89242      20.07          8  0.000e+00
