West Coast/WCOA-7/CTD_Data/RB2102_CTD_133_01.ros
* Sea-Bird SBE 9 Data File:
* FileName = C:\Users\scs.user.rb\CTD\RB2102\Data\RB2102_CTD_133_02.hex
* Software Version Seasave V 7.26.7.107
* Temperature SN = 6224
* Conductivity SN = 4722
* Number of Bytes Per Scan = 41
* Number of Voltage Words = 4
* Number of Scans Averaged by the Deck Unit = 1
* NMEA Latitude = 31 46.66 N
* NMEA Longitude = 120 14.98 W
* NMEA UTC (Time) = Jul 23 2021  09:31:59
* NMEA baud rate = 4800
# nquan = 30
# nvalues = 1176                                  
# units = specified
# name 0 = scan: Scan Count
# name 1 = timeS: Time, Elapsed [seconds]
# name 2 = depSM: Depth [salt water, m]
# name 3 = prDM: Pressure, Digiquartz [db]
# name 4 = t090C: Temperature [ITS-90, deg C]
# name 5 = t190C: Temperature, 2 [ITS-90, deg C]
# name 6 = c0mS/cm: Conductivity [mS/cm]
# name 7 = c1mS/cm: Conductivity, 2 [mS/cm]
# name 8 = potemp090C: Potential Temperature [ITS-90, deg C]
# name 9 = potemp190C: Potential Temperature, 2 [ITS-90, deg C]
# name 10 = sal00: Salinity, Practical [PSU]
# name 11 = sal11: Salinity, Practical, 2 [PSU]
# name 12 = sigma-é00: Density [sigma-theta, kg/m^3]
# name 13 = sigma-é11: Density, 2 [sigma-theta, kg/m^3]
# name 14 = sbeox0Mg/L: Oxygen, SBE 43 [mg/l]
# name 15 = sbeox1Mg/L: Oxygen, SBE 43, 2 [mg/l]
# name 16 = sbox0Mm/Kg: Oxygen, SBE 43 [umol/kg]
# name 17 = sbox1Mm/Kg: Oxygen, SBE 43, 2 [umol/kg]
# name 18 = sbeox0V: Oxygen raw, SBE 43 [V]
# name 19 = sbeox1V: Oxygen raw, SBE 43, 2 [V]
# name 20 = v4: Voltage 4
# name 21 = flECO-AFL: Fluorescence, WET Labs ECO-AFL/FL [mg/m^3]
# name 22 = v3: Voltage 3
# name 23 = v6: Voltage 6
# name 24 = v7: Voltage 7
# name 25 = longitude: Longitude [deg]
# name 26 = latitude: Latitude [deg]
# name 27 = altM: Altimeter [m]
# name 28 = nbf: Bottles Fired
# name 29 = flag:  0.000e+00
# interval = seconds: 0.0416667
# start_time = Jul 23 2021 09:31:59 [NMEA time, header]
# bad_flag = -9.990e-29
*END*
[from data line 436]
     233370   9723.708    992.414   1001.769     4.1735     4.1745  32.678789  32.708501     4.0964     4.0974    34.4382    34.4719    27.3292    27.3559     0.6589     0.6194     20.044     18.841     0.6532     0.5568     0.0391    -0.0482     0.0000     0.0000     0.0000 -120.25330   31.77564     100.00          9  0.000e+00
     233371   9723.750    992.452   1001.808     4.1734     4.1742  32.679134  32.708216     4.0964     4.0971    34.4386    34.4719    27.3296    27.3560     0.6661     0.6194     20.261     18.841     0.6545     0.5568     0.0391    -0.0482     0.0000     0.0000     0.0000 -120.25330   31.77564     100.00          9  0.000e+00
     233372   9723.792    992.414   1001.769     4.1735     4.1743  32.679248  32.707930     4.0964     4.0972    34.4387    34.4715    27.3296    27.3556     0.6589     0.6194     20.044     18.841     0.6532     0.5568     0.0391    -0.0482     0.0000     0.0000     0.0000 -120.25330   31.77564     100.00          9  0.000e+00
     233373   9723.833    992.513   1001.870     4.1736     4.1743  32.679536  32.707873     4.0966     4.0972    34.4389    34.4713    27.3297    27.3555     0.6661     0.6194     20.261     18.841     0.6545     0.5568     0.0391    -0.0482     0.0000     0.0000     0.0000 -120.25330   31.77564     100.00          9  0.000e+00
     233374   9723.875    992.529   1001.885     4.1733     4.1742  32.679134  32.707873     4.0962     4.0971    34.4387    34.4715    27.3297    27.3556     0.6589     0.6194     20.044     18.842     0.6532     0.5568     0.0391    -0.0482     0.0000     0.0000     0.0000 -120.25330   31.77564     100.00          9  0.000e+00
     244308  10179.458    743.662    750.222     4.9920     4.9891  33.243178  33.269675     4.9311     4.9281    34.3751    34.4086    27.1877    27.2146     0.3602     0.3472     10.959     10.564     0.6056     0.5140     0.0391    -0.0482     0.0000     0.0000     0.0000 -120.25322   31.77570     100.00         10  0.000e+00
     244309  10179.500    743.777    750.337     4.9920     4.9891  33.243294  33.270250     4.9311     4.9281    34.3752    34.4092    27.1878    27.2151     0.3670     0.3473     11.165     10.564     0.6068     0.5140     0.0391    -0.0482     0.0000     0.0000     0.0000 -120.25322   31.77570     100.00         10  0.000e+00
     244310  10179.542    743.548    750.106     4.9919     4.9889  33.243698  33.269905     4.9310     4.9280    34.3759    34.4091    27.1884    27.2150     0.3602     0.3472     10.959     10.564     0.6056     0.5140     0.0391    -0.0482     0.0000     0.0000     0.0000 -120.25322   31.77570     100.00         10  0.000e+00
     244311  10179.583    743.647    750.206     4.9919     4.9884  33.243293  33.269560     4.9310     4.9275    34.3754    34.4091    27.1880    27.2151     0.3602     0.3473     10.959     10.564     0.6056     0.5140     0.0391    -0.0482     0.0000     0.0000     0.0000 -120.25322   31.77570     100.00         10  0.000e+00
     244312  10179.625    743.716    750.275     4.9919     4.9882  33.243293  33.269675     4.9310     4.9272    34.3754    34.4095    27.1880    27.2155     0.3670     0.3541     11.165     10.773     0.6068     0.5153     0.0391    -0.0482     0.0000     0.0000     0.0000 -120.25322   31.77570     100.00         10  0.000e+00
     244313  10179.667    743.662    750.222     4.9919     4.9882  33.243409  33.269790     4.9310     4.9272    34.3755    34.4097    27.1881    27.2156     0.3602     0.3541     10.959     10.773     0.6056     0.5153     0.0391    -0.0482     0.0000     0.0000     0.0000 -120.25322   31.77570     100.00         10  0.000e+00
     244314  10179.708    743.662    750.222     4.9922     4.9882  33.243698  33.269330     4.9312     4.9272    34.3756    34.4092    27.1881    27.2152     0.3602     0.3473     10.959     10.564     0.6056     0.5140     0.0391    -0.0482     0.0000     0.0000     0.0000 -120.25322   31.77570     100.00         10  0.000e+00
     244315  10179.750    743.662    750.222     4.9919     4.9880  33.243698  33.269388     4.9310     4.9270    34.3759    34.4094    27.1883    27.2154     0.3602     0.3473     10.959     10.564     0.6056     0.5140     0.0391    -0.0482     0.0000     0.0000     0.0000 -120.25322   31.77570     100.00         10  0.000e+00
     244316  10179.792    743.662    750.222     4.9920     4.9882  33.243235  33.269273     4.9311     4.9272    34.3752    34.4091    27.1878    27.2151     0.3602     0.3473     10.959     10.564     0.6056     0.5140     0.0391    -0.0482     0.0000     0.0000     0.0000 -120.25322   31.77568     100.00         10  0.000e+00
     244317  10179.833    743.662    750.222     4.9918     4.9882  33.242889  33.269158     4.9308     4.9272    34.3751    34.4090    27.1877    27.2150     0.3602     0.3473     10.959     10.564     0.6056     0.5140     0.0403    -0.0177     0.0000     0.0000     0.0000 -120.25322   31.77568     100.00         10  0.000e+00
     244318  10179.875    743.594    750.152     4.9920     4.9883  33.243814  33.269158     4.9311     4.9273    34.3759    34.4089    27.1883    27.2149     0.3602     0.3473     10.959     10.564     0.6056     0.5140     0.0403    -0.0177     0.0000     0.0000     0.0000 -120.25322   31.77568     100.00         10  0.000e+00
     244319  10179.917    743.662    750.222     4.9918     4.9883  33.243582  33.269388     4.9308     4.9273    34.3759    34.4091    27.1884    27.2151     0.3602     0.3473     10.959     10.564     0.6056     0.5140     0.0403    -0.0177     0.0000     0.0000     0.0000 -120.25322   31.77568     100.00         10  0.000e+00
     244320  10179.958    743.662    750.222     4.9919     4.9882  33.243409  33.269675     4.9310     4.9272    34.3755    34.4096    27.1881    27.2155     0.3670     0.3473     11.165     10.564     0.6068     0.5140     0.0403    -0.0177     0.0000     0.0000     0.0000 -120.25322   31.77568     100.00         10  0.000e+00
     244321  10180.000    743.662    750.222     4.9920     4.9884  33.243409  33.269560     4.9311     4.9275    34.3754    34.4091    27.1880    27.2151     0.3602     0.3473     10.959     10.564     0.6056     0.5140     0.0403    -0.0177     0.0000     0.0000     0.0000 -120.25322   31.77568     100.00         10  0.000e+00
     244322  10180.042    743.609    750.168     4.9920     4.9885  33.243698  33.269503     4.9311     4.9275    34.3758    34.4091    27.1882    27.2151     0.3602     0.3472     10.959     10.564     0.6056     0.5140     0.0403    -0.0177     0.0000     0.0000     0.0000 -120.25322   31.77568     100.00         10  0.000e+00
     244323  10180.083    743.609    750.168     4.9919     4.9883  33.243293  33.269503     4.9310     4.9273    34.3754    34.4093    27.1880    27.2152     0.3670     0.3473     11.165     10.564     0.6068     0.5140     0.0403    -0.0177     0.0000     0.0000     0.0000 -120.25322   31.77568     100.00         10  0.000e+00
     244324  10180.125    743.662    750.222     4.9920     4.9883  33.242599  33.269675     4.9311     4.9273    34.3745    34.4094    27.1872    27.2154     0.3602     0.3473     10.959     10.564     0.6056     0.5140     0.0415     0.0129     0.0000     0.0000     0.0000 -120.25322   31.77568     100.00         10  0.000e+00
     244325  10180.167    743.594    750.152     4.9922     4.9884  33.242715  33.269560     4.9313     4.9275    34.3744    34.4092    27.1872    27.2152     0.3602     0.3472     10.959     10.564     0.6056     0.5140     0.0403    -0.0177     0.0000     0.0000     0.0000 -120.25322   31.77568     100.00         10  0.000e+00
     244326  10180.208    743.609    750.168     4.9919     4.9882  33.243351  33.270135     4.9310     4.9272    34.3755    34.4101    27.1881    27.2159     0.3602     0.3472     10.959     10.564     0.6056     0.5140     0.0403    -0.0177     0.0000     0.0000     0.0000 -120.25322   31.77568     100.00         10  0.000e+00
     244327  10180.250    743.662    750.222     4.9919     4.9884  33.243004  33.269905     4.9310     4.9275    34.3751    34.4095    27.1877    27.2154     0.3602     0.3473     10.959     10.564     0.6056     0.5140     0.0403    -0.0177     0.0000     0.0000     0.0000 -120.25322   31.77568     100.00         10  0.000e+00
     244328  10180.292    743.609    750.168     4.9919     4.9883  33.243235  33.269962     4.9310     4.9273    34.3754    34.4098    27.1879    27.2157     0.3602     0.3472     10.959     10.564     0.6056     0.5140     0.0403    -0.0177     0.0000     0.0000     0.0000 -120.25322   31.77568     100.00         10  0.000e+00
     244329  10180.333    743.662    750.222     4.9920     4.9886  33.243582  33.270077     4.9311     4.9277    34.3756    34.4095    27.1881    27.2154     0.3670     0.3472     11.165     10.564     0.6068     0.5140     0.0403    -0.0177     0.0000     0.0000     0.0000 -120.25322   31.77568     100.00         10  0.000e+00
     244330  10180.375    743.609    750.168     4.9919     4.9886  33.243524  33.269847     4.9310     4.9277    34.3757    34.4093    27.1882    27.2152     0.3670     0.3472     11.165     10.564     0.6068     0.5140     0.0403    -0.0177     0.0000     0.0000     0.0000 -120.25322   31.77568     100.00         10  0.000e+00
     244331  10180.417    743.533    750.091     4.9920     4.9890  33.243409  33.270249     4.9311     4.9280    34.3755    34.4094    27.1880    27.2153     0.3602     0.3472     10.959     10.564     0.6056     0.5140     0.0403    -0.0177     0.0000     0.0000     0.0000 -120.25322   31.77568     100.00         10  0.000e+00
     244332  10180.458    743.662    750.222     4.9919     4.9888  33.242715  33.270135     4.9310     4.9278    34.3747    34.4095    27.1875    27.2153     0.3602     0.3472     10.959     10.564     0.6056     0.5140     0.0403    -0.0177     0.0000     0.0000     0.0000 -120.25322   31.77568     100.00         10  0.000e+00
     244333  10180.500    743.609    750.168     4.9920     4.9889  33.243177  33.269847     4.9311     4.9280    34.3752    34.4090    27.1878    27.2150     0.3670     0.3472     11.165     10.564     0.6068     0.5140     0.0403    -0.0177     0.0000     0.0000     0.0000 -120.25322   31.77568     100.00         10  0.000e+00
     244334  10180.542    743.609    750.168     4.9920     4.9888  33.243467  33.269790     4.9311     4.9278    34.3755    34.4091    27.1880    27.2150     0.3602     0.3472     10.959     10.564     0.6056     0.5140     0.0403    -0.0177     0.0000     0.0000     0.0000 -120.25322   31.77568     100.00         10  0.000e+00
     244335  10180.583    743.609    750.168     4.9920     4.9889  33.243004  33.270250     4.9311     4.9280    34.3750    34.4095    27.1876    27.2153     0.3602     0.3472     10.959     10.564     0.6056     0.5140     0.0403    -0.0177     0.0000     0.0000     0.0000 -120.25322   31.77568     100.00         10  0.000e+00
     244336  10180.625    743.609    750.168     4.9920     4.9888  33.243004  33.269905     4.9311     4.9278    34.3750    34.4092    27.1876    27.2151     0.3602     0.3472     10.959     10.564     0.6056     0.5140     0.0415     0.0129     0.0000     0.0000     0.0000 -120.25322   31.77568     100.00         10  0.000e+00
     244337  10180.667    743.609    750.168     4.9916     4.9889  33.243293  33.270480     4.9306     4.9280    34.3758    34.4097    27.1883    27.2155     0.3602     0.3472     10.959     10.564     0.6056     0.5140     0.0403    -0.0177     0.0000     0.0000     0.0000 -120.25322   31.77568     100.00         10  0.000e+00
     244338  10180.708    743.594    750.152     4.9920     4.9889  33.243698  33.270020     4.9311     4.9280    34.3758    34.4092    27.1882    27.2151     0.3602     0.3472     10.959     10.564     0.6056     0.5140     0.0415     0.0129     0.0000     0.0000     0.0000 -120.25322   31.77568     100.00         10  0.000e+00
     244339  10180.750    743.609    750.168     4.9918     4.9889  33.243293  33.269962     4.9308     4.9280    34.3756    34.4091    27.1881    27.2151     0.3602     0.3472     10.959     10.564     0.6056     0.5140     0.0403    -0.0177     0.0000     0.0000     0.0000 -120.25322   31.77568     100.00         10  0.000e+00
     244340  10180.792    743.609    750.168     4.9919     4.9890  33.243293  33.270077     4.9310     4.9280    34.3754    34.4092    27.1880    27.2151     0.3602     0.3472     10.959     10.564     0.6056     0.5140     0.0403    -0.0177     0.0000     0.0000     0.0000 -120.25322   31.77570     100.00         10  0.000e+00
     244341  10180.833    743.609    750.168     4.9919     4.9889  33.243062  33.270077     4.9310     4.9280    34.3752    34.4093    27.1878    27.2152     0.3602     0.3472     10.959     10.564     0.6056     0.5140     0.0415     0.0129     0.0000     0.0000     0.0000 -120.25322   31.77570     100.00         10  0.000e+00
     244342  10180.875    743.609    750.168     4.9920     4.9891  33.243293  33.270077     4.9311     4.9281    34.3753    34.4091    27.1879    27.2150     0.3602     0.3472     10.959     10.564     0.6056     0.5140     0.0403    -0.0177     0.0000     0.0000     0.0000 -120.25322   31.77570     100.00         10  0.000e+00
     244343  10180.917    743.609    750.168     4.9919     4.9889  33.243177  33.270077     4.9310     4.9280    34.3753    34.4093    27.1879    27.2152     0.3670     0.3472     11.165     10.564     0.6068     0.5140     0.0403    -0.0177     0.0000     0.0000     0.0000 -120.25322   31.77570     100.00         10  0.000e+00
     244344  10180.958    743.609    750.168     4.9917     4.9896  33.243293  33.269847     4.9308     4.9286    34.3756    34.4083    27.1882    27.2144     0.3602     0.3472     10.959     10.564     0.6056     0.5140     0.0403    -0.0177     0.0000     0.0000     0.0000 -120.25322   31.77570     100.00         10  0.000e+00
     244345  10181.000    743.647    750.206     4.9919     4.9897  33.243698  33.269962     4.9310     4.9288    34.3759    34.4083    27.1884    27.2143     0.3670     0.3472     11.165     10.564     0.6068     0.5140     0.0403    -0.0177     0.0000     0.0000     0.0000 -120.25322   31.77570     100.00         10  0.000e+00
     244346  10181.042    743.609    750.168     4.9919     4.9899  33.243929  33.270077     4.9310     4.9290    34.3762    34.4083    27.1886    27.2143     0.3670     0.3472     11.164     10.564     0.6068     0.5140     0.0403    -0.0177     0.0000     0.0000     0.0000 -120.25322   31.77570     100.00         10  0.000e+00
     244347  10181.083    743.548    750.106     4.9920     4.9897  33.243293  33.270537     4.9311     4.9288    34.3753    34.4090    27.1879    27.2149     0.3602     0.3541     10.959     10.772     0.6056     0.5153     0.0403    -0.0177     0.0000     0.0000     0.0000 -120.25322   31.77570     100.00         10  0.000e+00
     244348  10181.125    743.662    750.222     4.9920     4.9897  33.243120  33.270020     4.9311     4.9288    34.3751    34.4084    27.1877    27.2144     0.3602     0.3472     10.959     10.564     0.6056     0.5140     0.0403    -0.0177     0.0000     0.0000     0.0000 -120.25322   31.77570     100.00         10  0.000e+00
     244349  10181.167    743.609    750.168     4.9919     4.9893  33.243640  33.269962     4.9310     4.9283    34.3758    34.4088    27.1883    27.2147     0.3670     0.3472     11.165     10.564     0.6068     0.5140     0.0403    -0.0177     0.0000     0.0000     0.0000 -120.25322   31.77570     100.00         10  0.000e+00
