West Coast/WCOA-7/CTD_Data/RB2102_CTD_124_01.ros
* Sea-Bird SBE 9 Data File:
* FileName = C:\Users\scs.user.rb\CTD\RB2102\Data\RB2102_CTD_124_01.hex
* Software Version Seasave V 7.26.7.107
* Temperature SN = 6202
* Conductivity SN = 4907
* Number of Bytes Per Scan = 41
* Number of Voltage Words = 4
* Number of Scans Averaged by the Deck Unit = 1
* NMEA Latitude = 33 29.08 N
* NMEA Longitude = 117 46.04 W
* NMEA UTC (Time) = Jul 20 2021  07:55:02
* NMEA baud rate = 4800
# nquan = 30
# nvalues = 882                                   
# units = specified
# name 0 = scan: Scan Count
# name 1 = timeS: Time, Elapsed [seconds]
# name 2 = depSM: Depth [salt water, m]
# name 3 = prDM: Pressure, Digiquartz [db]
# name 4 = t090C: Temperature [ITS-90, deg C]
# name 5 = t190C: Temperature, 2 [ITS-90, deg C]
# name 6 = c0mS/cm: Conductivity [mS/cm]
# name 7 = c1mS/cm: Conductivity, 2 [mS/cm]
# name 8 = potemp090C: Potential Temperature [ITS-90, deg C]
# name 9 = potemp190C: Potential Temperature, 2 [ITS-90, deg C]
# name 10 = sal00: Salinity, Practical [PSU]
# name 11 = sal11: Salinity, Practical, 2 [PSU]
# name 12 = sigma-é00: Density [sigma-theta, kg/m^3]
# name 13 = sigma-é11: Density, 2 [sigma-theta, kg/m^3]
# name 14 = sbeox0Mg/L: Oxygen, SBE 43 [mg/l]
# name 15 = sbeox1Mg/L: Oxygen, SBE 43, 2 [mg/l]
# name 16 = sbox0Mm/Kg: Oxygen, SBE 43 [umol/kg]
# name 17 = sbox1Mm/Kg: Oxygen, SBE 43, 2 [umol/kg]
# name 18 = sbeox0V: Oxygen raw, SBE 43 [V]
# name 19 = sbeox1V: Oxygen raw, SBE 43, 2 [V]
# name 20 = v4: Voltage 4
# name 21 = flECO-AFL: Fluorescence, WET Labs ECO-AFL/FL [mg/m^3]
# name 22 = v3: Voltage 3
# name 23 = v6: Voltage 6
# name 24 = v7: Voltage 7
# name 25 = longitude: Longitude [deg]
# name 26 = latitude: Latitude [deg]
# name 27 = altM: Altimeter [m]
# name 28 = nbf: Bottles Fired
# name 29 = flag:  0.000e+00
# interval = seconds: 0.0416667
# start_time = Jul 20 2021 07:55:02 [NMEA time, header]
# bad_flag = -9.990e-29
*END*
[from data line 677]
      31637   1318.167      5.823      5.865    19.5037    19.5512  45.631585  45.693025    19.5027    19.5502    33.5262    33.5386    23.7669    23.7641     8.8033     8.2010    268.721    250.336     2.9414     2.6252     0.0672     0.6539     3.1258     0.0000     0.0672 -117.76790   33.48384      59.88         14  0.000e+00
      31638   1318.208      5.923      5.965    19.5027    19.5664  45.628786  45.712200    19.5016    19.5653    33.5247    33.5422    23.7660    23.7629     8.8037     8.1938    268.732    250.115     2.9414     2.6239     0.0672     0.6539     3.1258     0.0000     0.0672 -117.76790   33.48384      59.88         14  0.000e+00
      31639   1318.250      5.883      5.925    19.4994    19.5785  45.625638  45.719338    19.4983    19.5774    33.5248    33.5383    23.7669    23.7569     8.7998     8.1920    268.613    250.062     2.9402     2.6239     0.0672     0.6539     3.1270     0.0000     0.0672 -117.76790   33.48384      59.83         14  0.000e+00
      31640   1318.292      5.870      5.912    19.4962    19.5826  45.621580  45.715347    19.4952    19.5815    33.5240    33.5318    23.7671    23.7509     8.8003     8.1916    268.630    250.053     2.9402     2.6239     0.0672     0.6539     3.1270     0.0000     0.0672 -117.76790   33.48384      59.83         14  0.000e+00
      31641   1318.333      5.923      5.965    19.4940    19.5785  45.619482  45.706109    19.4929    19.5774    33.5241    33.5275    23.7678    23.7486     8.8008     8.1925    268.642    250.081     2.9402     2.6239     0.0672     0.6539     3.1258     0.0000     0.0672 -117.76790   33.48384      59.80         14  0.000e+00
      31642   1318.375      5.870      5.912    19.4928    19.5730  45.618992  45.700021    19.4917    19.5719    33.5246    33.5269    23.7685    23.7496     8.8009     8.1934    268.645    250.107     2.9402     2.6239     0.0672     0.6539     3.1258     0.0000     0.0672 -117.76790   33.48384      59.80         14  0.000e+00
      31643   1318.417      5.936      5.979    19.4920    19.5683  45.618083  45.697712    19.4909    19.5673    33.5245    33.5287    23.7686    23.7522     8.8011     8.1941    268.652    250.129     2.9402     2.6239     0.0672     0.6539     3.1258     0.0000     0.0672 -117.76790   33.48384      59.83         14  0.000e+00
      31644   1318.458      5.870      5.912    19.4885    19.5666  45.611857  45.697362    19.4874    19.5655    33.5222    33.5298    23.7678    23.7535     8.8017     8.1896    268.671    249.989     2.9402     2.6227     0.0672     0.6539     3.1270     0.0000     0.0684 -117.76790   33.48384      59.83         14  0.000e+00
      31645   1318.500      5.870      5.912    19.4803    19.5676  45.600385  45.699952    19.4792    19.5666    33.5193    33.5311    23.7677    23.7542     8.8032     8.1893    268.717    249.982     2.9402     2.6227     0.0672     0.6539     3.1258     0.0000     0.0684 -117.76790   33.48384      59.88         14  0.000e+00
      33198   1383.208      3.108      3.130    21.4766    21.4757  47.568715  47.569025    21.4760    21.4751    33.5276    33.5285    23.2440    23.2450     8.2814     7.7351    252.919    236.234     2.8816     2.5812     0.0720     0.7760     3.1245     0.0000     0.0098 -117.76792   33.48380      62.81         15  0.000e+00
      33199   1383.250      3.121      3.144    21.4767    21.4759  47.568929  47.569096    21.4760    21.4753    33.5278    33.5284    23.2441    23.2449     8.2814     7.7351    252.919    236.233     2.8816     2.5812     0.0720     0.7760     3.1245     0.0000     0.0098 -117.76792   33.48380      62.88         15  0.000e+00
      33200   1383.292      3.108      3.130    21.4768    21.4757  47.569285  47.569452    21.4762    21.4751    33.5280    33.5289    23.2443    23.2452     8.2814     7.7396    252.918    236.372     2.8816     2.5824     0.0720     0.7760     3.1245     0.0000     0.0098 -117.76792   33.48380      62.93         15  0.000e+00
      33201   1383.333      3.108      3.130    21.4763    21.4755  47.569071  47.569168    21.4757    21.4749    33.5281    33.5288    23.2445    23.2452     8.2772     7.7397    252.790    236.373     2.8803     2.5824     0.0720     0.7760     3.1233     0.0000     0.0098 -117.76792   33.48380      62.91         15  0.000e+00
      33202   1383.375      3.108      3.130    21.4761    21.4756  47.568359  47.569452    21.4755    21.4750    33.5278    33.5290    23.2443    23.2454     8.2773     7.7396    252.792    236.372     2.8803     2.5824     0.0720     0.7760     3.1258     0.0000     0.0098 -117.76792   33.48380      62.91         15  0.000e+00
      33203   1383.417      3.155      3.177    21.4760    21.4761  47.567861  47.569524    21.4753    21.4755    33.5274    33.5286    23.2441    23.2450     8.2773     7.7396    252.795    236.372     2.8803     2.5824     0.0720     0.7760     3.1245     0.0000     0.0098 -117.76792   33.48380      62.91         15  0.000e+00
      33204   1383.458      3.108      3.131    21.4758    21.4759  47.567790  47.570164    21.4752    21.4753    33.5275    33.5293    23.2442    23.2455     8.2773     7.7396    252.794    236.371     2.8803     2.5824     0.0720     0.7760     3.1245     0.0000     0.0098 -117.76792   33.48380      62.88         15  0.000e+00
      33205   1383.500      3.155      3.177    21.4759    21.4763  47.567933  47.570306    21.4753    21.4757    33.5275    33.5291    23.2442    23.2453     8.2816     7.7396    252.924    236.370     2.8816     2.5824     0.0720     0.7760     3.1245     0.0000     0.0098 -117.76792   33.48380      62.78         15  0.000e+00
      33206   1383.542      3.122      3.144    21.4760    21.4763  47.568431  47.569381    21.4754    21.4756    33.5279    33.5284    23.2444    23.2448     8.2815     7.7396    252.922    236.371     2.8816     2.5824     0.0720     0.7760     3.1245     0.0000     0.0098 -117.76792   33.48380      62.74         15  0.000e+00
      33207   1383.583      3.108      3.131    21.4761    21.4761  47.568858  47.569737    21.4755    21.4755    33.5282    33.5288    23.2446    23.2451     8.2815     7.7396    252.920    236.370     2.8816     2.5824     0.0720     0.7760     3.1245     0.0000     0.0098 -117.76792   33.48380      62.76         15  0.000e+00
      33208   1383.625      3.201      3.224    21.4756    21.4763  47.568360  47.569310    21.4750    21.4757    33.5281    33.5283    23.2447    23.2447     8.2816     7.7397    252.925    236.373     2.8816     2.5824     0.0708     0.7455     3.1245     0.0000     0.0098 -117.76792   33.48380      62.76         15  0.000e+00
      33209   1383.667      3.108      3.131    21.4743    21.4763  47.566722  47.569737    21.4737    21.4757    33.5278    33.5287    23.2448    23.2450     8.2817     7.7396    252.929    236.370     2.8816     2.5824     0.0708     0.7455     3.1245     0.0000     0.0098 -117.76792   33.48380      62.76         15  0.000e+00
      33210   1383.708      3.108      3.131    21.4721    21.4763  47.564943  47.569879    21.4715    21.4757    33.5282    33.5288    23.2457    23.2450     8.2821     7.7441    252.938    236.508     2.8816     2.5836     0.0708     0.7455     3.1245     0.0000     0.0098 -117.76792   33.48380      62.76         15  0.000e+00
      33211   1383.750      3.201      3.224    21.4712    21.4768  47.563805  47.570306    21.4706    21.4762    33.5279    33.5287    23.2458    23.2448     8.2865     7.7396    253.074    236.370     2.8828     2.5824     0.0708     0.7455     3.1258     0.0000     0.0098 -117.76792   33.48380      62.74         15  0.000e+00
      33212   1383.792      3.122      3.144    21.4705    21.4770  47.563377  47.570662    21.4699    21.4764    33.5282    33.5289    23.2461    23.2449     8.2865     7.7395    253.075    236.367     2.8828     2.5824     0.0708     0.7455     3.1245     0.0000     0.0098 -117.76794   33.48380      62.74         15  0.000e+00
      33213   1383.833      3.155      3.177    21.4707    21.4768  47.563947  47.570377    21.4701    21.4762    33.5285    33.5288    23.2463    23.2449     8.2865     7.7441    253.074    236.508     2.8828     2.5836     0.0708     0.7455     3.1245     0.0000     0.0098 -117.76794   33.48380      62.74         15  0.000e+00
      33214   1383.875      3.155      3.177    21.4710    21.4768  47.563876  47.570093    21.4704    21.4762    33.5282    33.5285    23.2460    23.2447     8.2907     7.7441    253.202    236.508     2.8840     2.5836     0.0708     0.7455     3.1245     0.0000     0.0098 -117.76794   33.48380      62.74         15  0.000e+00
      33215   1383.917      3.155      3.177    21.4712    21.4768  47.563804  47.570520    21.4706    21.4762    33.5279    33.5289    23.2457    23.2450     8.2907     7.7395    253.202    236.369     2.8840     2.5824     0.0708     0.7455     3.1245     0.0000     0.0098 -117.76794   33.48380      62.74         15  0.000e+00
      33216   1383.958      3.155      3.177    21.4712    21.4772  47.563448  47.570733    21.4706    21.4765    33.5277    33.5288    23.2456    23.2448     8.2907     7.7440    253.202    236.506     2.8840     2.5836     0.0708     0.7455     3.1245     0.0000     0.0098 -117.76794   33.48380      62.74         15  0.000e+00
      33217   1384.000      3.155      3.177    21.4707    21.4772  47.562737  47.571018    21.4701    21.4765    33.5275    33.5290    23.2456    23.2449     8.2908     7.7440    253.205    236.506     2.8840     2.5836     0.0708     0.7455     3.1258     0.0000     0.0098 -117.76794   33.48380      62.76         15  0.000e+00
      33218   1384.042      3.155      3.177    21.4705    21.4775  47.562666  47.570875    21.4699    21.4769    33.5276    33.5286    23.2457    23.2446     8.2950     7.7440    253.335    236.505     2.8852     2.5836     0.0708     0.7455     3.1233     0.0000     0.0098 -117.76794   33.48380      62.76         15  0.000e+00
      33219   1384.083      3.168      3.191    21.4705    21.4775  47.562594  47.571018    21.4699    21.4769    33.5275    33.5287    23.2457    23.2446     8.2951     7.7440    253.335    236.505     2.8852     2.5836     0.0708     0.7455     3.1258     0.0000     0.0098 -117.76794   33.48380      62.74         15  0.000e+00
      33220   1384.125      3.155      3.177    21.4703    21.4775  47.563164  47.570448    21.4697    21.4769    33.5281    33.5283    23.2461    23.2443     8.2950     7.7485    253.334    236.644     2.8852     2.5849     0.0708     0.7455     3.1245     0.0000     0.0098 -117.76794   33.48380      62.76         15  0.000e+00
      33221   1384.167      3.155      3.177    21.4707    21.4773  47.563377  47.570662    21.4700    21.4767    33.5280    33.5286    23.2460    23.2446     8.2992     7.7440    253.462    236.506     2.8864     2.5836     0.0708     0.7455     3.1245     0.0000     0.0098 -117.76794   33.48380      62.74         15  0.000e+00
      33222   1384.208      3.155      3.177    21.4707    21.4772  47.563377  47.570377    21.4701    21.4765    33.5280    33.5285    23.2460    23.2446     8.2992     7.7440    253.462    236.506     2.8864     2.5836     0.0708     0.7455     3.1245     0.0000     0.0098 -117.76794   33.48380      62.74         15  0.000e+00
      33223   1384.250      3.155      3.177    21.4707    21.4761  47.563377  47.569452    21.4700    21.4755    33.5280    33.5286    23.2460    23.2449     8.2992     7.7442    253.462    236.511     2.8864     2.5836     0.0708     0.7455     3.1245     0.0000     0.0110 -117.76794   33.48380      62.71         15  0.000e+00
      33224   1384.292      3.155      3.177    21.4707    21.4743  47.563164  47.568172    21.4701    21.4737    33.5278    33.5290    23.2458    23.2457     8.2992     7.7490    253.462    236.657     2.8864     2.5849     0.0708     0.7455     3.1258     0.0000     0.0110 -117.76794   33.48380      62.71         15  0.000e+00
      33225   1384.333      3.168      3.191    21.4700    21.4738  47.563022  47.567603    21.4694    21.4732    33.5283    33.5289    23.2463    23.2458     8.3035     7.7491    253.594    236.660     2.8877     2.5849     0.0708     0.7455     3.1245     0.0000     0.0110 -117.76794   33.48380      62.71         15  0.000e+00
      33226   1384.375      3.155      3.177    21.4696    21.4734  47.562096  47.566962    21.4690    21.4728    33.5278    33.5287    23.2461    23.2457     8.3036     7.7446    253.596    236.523     2.8877     2.5836     0.0708     0.7455     3.1245     0.0000     0.0098 -117.76794   33.48380      62.71         15  0.000e+00
      33227   1384.417      3.155      3.177    21.4688    21.4726  47.561456  47.565753    21.4682    21.4719    33.5280    33.5284    23.2465    23.2458     8.3037     7.7447    253.600    236.527     2.8877     2.5836     0.0708     0.7455     3.1245     0.0000     0.0098 -117.76794   33.48380      62.71         15  0.000e+00
      33228   1384.458      3.155      3.177    21.4686    21.4714  47.561029  47.564970    21.4680    21.4708    33.5278    33.5287    23.2464    23.2463     8.3080     7.7449    253.730    236.532     2.8889     2.5836     0.0708     0.7455     3.1245     0.0000     0.0098 -117.76794   33.48380      62.71         15  0.000e+00
      33229   1384.500      3.108      3.131    21.4686    21.4704  47.561242  47.564401    21.4680    21.4698    33.5280    33.5290    23.2465    23.2468     8.3079     7.7449    253.728    236.534     2.8889     2.5836     0.0708     0.7455     3.1245     0.0000     0.0098 -117.76794   33.48380      62.71         15  0.000e+00
      33230   1384.542      3.155      3.177    21.4693    21.4701  47.562381  47.564686    21.4687    21.4695    33.5283    33.5295    23.2466    23.2473     8.3079     7.7450    253.726    236.536     2.8889     2.5836     0.0708     0.7455     3.1245     0.0000     0.0098 -117.76794   33.48380      62.71         15  0.000e+00
      33231   1384.583      3.155      3.177    21.4698    21.4708  47.562950  47.565255    21.4692    21.4702    33.5284    33.5294    23.2465    23.2470     8.3078     7.7449    253.723    236.533     2.8889     2.5836     0.0708     0.7455     3.1233     0.0000     0.0110 -117.76794   33.48380      62.69         15  0.000e+00
      33232   1384.625      3.069      3.091    21.4697    21.4711  47.562096  47.565468    21.4691    21.4705    33.5278    33.5293    23.2461    23.2468     8.3077     7.7448    253.722    236.529     2.8889     2.5836     0.0708     0.7455     3.1233     0.0000     0.0110 -117.76794   33.48380      62.69         15  0.000e+00
      33233   1384.667      3.155      3.177    21.4698    21.4713  47.562025  47.565895    21.4692    21.4707    33.5276    33.5295    23.2459    23.2469     8.3078     7.7448    253.725    236.531     2.8889     2.5836     0.0708     0.7455     3.1245     0.0000     0.0098 -117.76794   33.48380      62.69         15  0.000e+00
      33234   1384.708      3.109      3.131    21.4697    21.4715  47.561526  47.566251    21.4691    21.4709    33.5274    33.5296    23.2458    23.2470     8.3078     7.7448    253.724    236.528     2.8889     2.5836     0.0696     0.7149     3.1245     0.0000     0.0098 -117.76794   33.48380      62.74         15  0.000e+00
      33235   1384.750      3.109      3.131    21.4696    21.4722  47.561954  47.566677    21.4690    21.4716    33.5277    33.5294    23.2461    23.2466     8.3078     7.7401    253.724    236.387     2.8889     2.5824     0.0696     0.7149     3.1245     0.0000     0.0098 -117.76794   33.48380      62.81         15  0.000e+00
      33236   1384.792      3.109      3.131    21.4698    21.4724  47.561954  47.566677    21.4692    21.4718    33.5276    33.5293    23.2459    23.2465     8.3078     7.7446    253.723    236.525     2.8889     2.5836     0.0696     0.7149     3.1245     0.0000     0.0110 -117.76792   33.48380      62.83         15  0.000e+00
