West Coast/WCOA-7/CTD_Data/RB2102_CTD_122_01.ros
* Sea-Bird SBE 9 Data File:
* FileName = C:\Users\scs.user.rb\CTD\RB2102\Data\RB2102_CTD_122_01.hex
* Software Version Seasave V 7.26.7.107
* Temperature SN = 6202
* Conductivity SN = 4907
* Number of Bytes Per Scan = 41
* Number of Voltage Words = 4
* Number of Scans Averaged by the Deck Unit = 1
* NMEA Latitude = 34 09.50 N
* NMEA Longitude = 119 43.00 W
* NMEA UTC (Time) = Jul 19 2021  13:10:52
* NMEA baud rate = 4800
# nquan = 30
# nvalues = 833                                   
# units = specified
# name 0 = scan: Scan Count
# name 1 = timeS: Time, Elapsed [seconds]
# name 2 = depSM: Depth [salt water, m]
# name 3 = prDM: Pressure, Digiquartz [db]
# name 4 = t090C: Temperature [ITS-90, deg C]
# name 5 = t190C: Temperature, 2 [ITS-90, deg C]
# name 6 = c0mS/cm: Conductivity [mS/cm]
# name 7 = c1mS/cm: Conductivity, 2 [mS/cm]
# name 8 = potemp090C: Potential Temperature [ITS-90, deg C]
# name 9 = potemp190C: Potential Temperature, 2 [ITS-90, deg C]
# name 10 = sal00: Salinity, Practical [PSU]
# name 11 = sal11: Salinity, Practical, 2 [PSU]
# name 12 = sigma-é00: Density [sigma-theta, kg/m^3]
# name 13 = sigma-é11: Density, 2 [sigma-theta, kg/m^3]
# name 14 = sbeox0Mg/L: Oxygen, SBE 43 [mg/l]
# name 15 = sbeox1Mg/L: Oxygen, SBE 43, 2 [mg/l]
# name 16 = sbox0Mm/Kg: Oxygen, SBE 43 [umol/kg]
# name 17 = sbox1Mm/Kg: Oxygen, SBE 43, 2 [umol/kg]
# name 18 = sbeox0V: Oxygen raw, SBE 43 [V]
# name 19 = sbeox1V: Oxygen raw, SBE 43, 2 [V]
# name 20 = v4: Voltage 4
# name 21 = flECO-AFL: Fluorescence, WET Labs ECO-AFL/FL [mg/m^3]
# name 22 = v3: Voltage 3
# name 23 = v6: Voltage 6
# name 24 = v7: Voltage 7
# name 25 = longitude: Longitude [deg]
# name 26 = latitude: Latitude [deg]
# name 27 = altM: Altimeter [m]
# name 28 = nbf: Bottles Fired
# name 29 = flag:  0.000e+00
# interval = seconds: 0.0416667
# start_time = Jul 19 2021 13:10:52 [NMEA time, header]
# bad_flag = -9.990e-29
*END*
[from data line 194]
      45802   1908.375    148.917    150.043     9.2627     9.2640  36.571763  36.572829     9.2463     9.2477    34.0751    34.0749    26.3544    26.3540     2.8647     2.6668     87.224     81.199     1.1233     1.0476     0.0403    -0.0177     3.2662     0.0000     0.0049 -119.71674   34.15900      99.73          4  0.000e+00
      45803   1908.417    148.923    150.050     9.2626     9.2640  36.571187  36.573021     9.2463     9.2477    34.0745    34.0751    26.3539    26.3542     2.8647     2.6608     87.225     81.017     1.1233     1.0464     0.0403    -0.0177     3.2662     0.0000     0.0049 -119.71674   34.15900      99.73          4  0.000e+00
      49654   2068.875    124.467    125.402     9.4949     9.4922  36.713288  36.712533     9.4810     9.4783    34.0119    34.0137    26.2668    26.2686     3.4847     3.2566    106.113     99.166     1.2674     1.1734     0.0403    -0.0177     3.2625     0.0000     0.0000 -119.71676   34.15906      99.66          5  0.000e+00
      49655   2068.917    124.467    125.402     9.4939     9.4927  36.713352  36.712597     9.4801     9.4789    34.0129    34.0132    26.2677    26.2682     3.4848     3.2566    106.114     99.165     1.2674     1.1734     0.0403    -0.0177     3.2613     0.0000     0.0000 -119.71676   34.15906      99.66          5  0.000e+00
      49656   2068.958    124.421    125.355     9.4933     9.4927  36.713544  36.712276     9.4794     9.4788    34.0137    34.0129    26.2685    26.2680     3.4848     3.2566    106.115     99.164     1.2674     1.1734     0.0403    -0.0177     3.2613     0.0000     0.0000 -119.71676   34.15906      99.66          5  0.000e+00
      49657   2069.000    124.467    125.402     9.4923     9.4927  36.713737  36.712597     9.4785     9.4788    34.0148    34.0133    26.2695    26.2682     3.4849     3.2566    106.117     99.165     1.2674     1.1734     0.0403    -0.0177     3.2601     0.0000     0.0000 -119.71676   34.15906      99.66          5  0.000e+00
      49658   2069.042    124.421    125.355     9.4925     9.4923  36.714249  36.712596     9.4786     9.4784    34.0152    34.0137    26.2698    26.2686     3.4848     3.2566    106.115     99.165     1.2674     1.1734     0.0403    -0.0177     3.2613     0.0000     0.0000 -119.71676   34.15906      99.66          5  0.000e+00
      49659   2069.083    124.448    125.382     9.4938     9.4920  36.714570  36.712597     9.4799     9.4782    34.0143    34.0139    26.2688    26.2688     3.4848     3.2566    106.113     99.166     1.2674     1.1734     0.0403    -0.0177     3.2613     0.0000     0.0000 -119.71676   34.15906      99.66          5  0.000e+00
      49660   2069.125    124.467    125.402     9.4954     9.4912  36.714441  36.712725     9.4815     9.4773    34.0126    34.0148    26.2672    26.2697     3.4847     3.2507    106.111     98.986     1.2674     1.1722     0.0403    -0.0177     3.2613     0.0000     0.0000 -119.71676   34.15906      99.66          5  0.000e+00
      49661   2069.167    124.421    125.355     9.4953     9.4908  36.714441  36.712084     9.4814     9.4769    34.0127    34.0146    26.2674    26.2695     3.4847     3.2567    106.110     99.168     1.2674     1.1734     0.0403    -0.0177     3.2613     0.0000     0.0000 -119.71676   34.15906      99.66          5  0.000e+00
      49662   2069.208    124.468    125.402     9.4948     9.4899  36.714441  36.712405     9.4809     9.4760    34.0132    34.0157    26.2678    26.2706     3.4847     3.2568    106.112     99.170     1.2674     1.1734     0.0403    -0.0177     3.2613     0.0000     0.0000 -119.71676   34.15906      99.66          5  0.000e+00
      49663   2069.250    124.421    125.355     9.4941     9.4892  36.714249  36.712277     9.4803     9.4754    34.0136    34.0162    26.2683    26.2711     3.4848     3.2568    106.113     99.170     1.2674     1.1734     0.0403    -0.0177     3.2613     0.0000     0.0000 -119.71676   34.15906      99.66          5  0.000e+00
      49664   2069.292    124.421    125.355     9.4939     9.4892  36.714377  36.712405     9.4801     9.4754    34.0139    34.0164    26.2685    26.2712     3.4848     3.2508    106.113     98.989     1.2674     1.1722     0.0403    -0.0177     3.2625     0.0000     0.0000 -119.71676   34.15906      99.66          5  0.000e+00
      49665   2069.333    124.468    125.402     9.4933     9.4889  36.714442  36.712277     9.4794     9.4751    34.0146    34.0165    26.2692    26.2713     3.4848     3.2568    106.114     99.171     1.2674     1.1734     0.0403    -0.0177     3.2625     0.0000     0.0000 -119.71676   34.15906      99.66          5  0.000e+00
      49666   2069.375    124.421    125.355     9.4936     9.4894  36.714634  36.712213     9.4798     9.4756    34.0145    34.0160    26.2690    26.2709     3.4848     3.2508    106.113     98.989     1.2674     1.1722     0.0403    -0.0177     3.2613     0.0000     0.0000 -119.71676   34.15906      99.66          5  0.000e+00
      49667   2069.417    124.468    125.402     9.4944     9.4896  36.714634  36.712213     9.4806     9.4757    34.0137    34.0158    26.2683    26.2707     3.4902     3.2568    106.278     99.170     1.2686     1.1734     0.0403    -0.0177     3.2613     0.0000     0.0000 -119.71676   34.15906      99.66          5  0.000e+00
      49668   2069.458    124.421    125.355     9.4944     9.4899  36.714954  36.712405     9.4806     9.4761    34.0141    34.0157    26.2685    26.2706     3.4902     3.2567    106.277     99.169     1.2686     1.1734     0.0403    -0.0177     3.2613     0.0000     0.0000 -119.71676   34.15906      99.66          5  0.000e+00
      49669   2069.500    124.448    125.382     9.4957     9.4902  36.715274  36.711764     9.4819     9.4764    34.0131    34.0148    26.2676    26.2698     3.4846     3.2567    106.109     99.169     1.2674     1.1734     0.0403    -0.0177     3.2613     0.0000     0.0000 -119.71676   34.15906      99.66          5  0.000e+00
      49670   2069.542    124.468    125.402     9.4974     9.4897  36.715530  36.711572     9.4835     9.4759    34.0118    34.0150    26.2663    26.2700     3.4845     3.2568    106.107     99.171     1.2674     1.1734     0.0403    -0.0177     3.2601     0.0000     0.0000 -119.71676   34.15906      99.66          5  0.000e+00
      49671   2069.583    124.368    125.302     9.4985     9.4895  36.715658  36.711508     9.4846     9.4756    34.0110    34.0152    26.2655    26.2703     3.4844     3.2568    106.103     99.170     1.2674     1.1734     0.0403    -0.0177     3.2625     0.0000     0.0000 -119.71676   34.15906      99.66          5  0.000e+00
      49672   2069.625    124.468    125.402     9.4992     9.4888  36.715915  36.711060     9.4853     9.4749    34.0105    34.0154    26.2650    26.2705     3.4844     3.2568    106.103     99.173     1.2674     1.1734     0.0403    -0.0177     3.2625     0.0000     0.0000 -119.71676   34.15906      99.66          5  0.000e+00
      49673   2069.667    124.421    125.355     9.4998     9.4882  36.715786  36.710932     9.4860     9.4744    34.0098    34.0158    26.2643    26.2709     3.4844     3.2569    106.102     99.173     1.2674     1.1734     0.0403    -0.0177     3.2601     0.0000     0.0000 -119.71676   34.15906      99.66          5  0.000e+00
      49674   2069.708    124.468    125.402     9.5006     9.4878  36.716107  36.710676     9.4868     9.4739    34.0093    34.0159    26.2638    26.2711     3.4843     3.2569    106.101     99.174     1.2674     1.1734     0.0403    -0.0177     3.2625     0.0000     0.0000 -119.71676   34.15906      99.66          5  0.000e+00
      49675   2069.750    124.468    125.402     9.5014     9.4870  36.716043  36.710292     9.4875     9.4731    34.0086    34.0163    26.2631    26.2715     3.4843     3.2570    106.099     99.176     1.2674     1.1734     0.0403    -0.0177     3.2625     0.0000     0.0000 -119.71676   34.15906      99.66          5  0.000e+00
      49676   2069.792    124.421    125.355     9.5010     9.4865  36.716043  36.710484     9.4871     9.4726    34.0090    34.0170    26.2635    26.2721     3.4843     3.2570    106.099     99.176     1.2674     1.1734     0.0403    -0.0177     3.2613     0.0000     0.0000 -119.71676   34.15906      99.66          5  0.000e+00
      49677   2069.833    124.421    125.355     9.4982     9.4856  36.716043  36.710804     9.4843     9.4718    34.0116    34.0181    26.2661    26.2732     3.4845     3.2570    106.104     99.177     1.2674     1.1734     0.0403    -0.0177     3.2625     0.0000     0.0000 -119.71676   34.15906      99.66          5  0.000e+00
      49678   2069.875    124.468    125.402     9.4987     9.4855  36.716427  36.710676     9.4848     9.4716    34.0115    34.0181    26.2659    26.2732     3.4845     3.2570    106.104     99.178     1.2674     1.1734     0.0403    -0.0177     3.2625     0.0000     0.0000 -119.71676   34.15906      99.66          5  0.000e+00
      49679   2069.917    124.395    125.329     9.5001     9.4858  36.716619  36.710292     9.4863     9.4720    34.0104    34.0174    26.2647    26.2726     3.4843     3.2570    106.100     99.177     1.2674     1.1734     0.0403    -0.0177     3.2613     0.0000     0.0000 -119.71676   34.15906      99.66          5  0.000e+00
      49680   2069.958    124.468    125.402     9.5021     9.4852  36.717132  36.710036     9.4882     9.4713    34.0090    34.0177    26.2634    26.2730     3.4842     3.2511    106.097     98.999     1.2674     1.1722     0.0403    -0.0177     3.2613     0.0000     0.0000 -119.71676   34.15906      99.66          5  0.000e+00
      49681   2070.000    124.468    125.402     9.5037     9.4842  36.717324  36.710164     9.4899     9.4703    34.0077    34.0188    26.2620    26.2739     3.4896     3.2571    106.260     99.181     1.2686     1.1734     0.0403    -0.0177     3.2625     0.0000     0.0000 -119.71676   34.15906      99.66          5  0.000e+00
      49682   2070.042    124.421    125.355     9.5060     9.4839  36.717452  36.710676     9.4922     9.4700    34.0056    34.0197    26.2601    26.2747     3.4840     3.2571    106.090     99.180     1.2674     1.1734     0.0403    -0.0177     3.2613     0.0000     0.0000 -119.71676   34.15906      99.66          5  0.000e+00
      49683   2070.083    124.468    125.402     9.5093     9.4832  36.718605  36.710164     9.4955     9.4694    34.0037    34.0197    26.2580    26.2748     3.4838     3.2572    106.084     99.183     1.2674     1.1734     0.0403    -0.0177     3.2613     0.0000     0.0000 -119.71676   34.15906      99.66          5  0.000e+00
      49684   2070.125    124.468    125.402     9.5124     9.4830  36.718733  36.710164     9.4985     9.4692    34.0009    34.0199    26.2553    26.2750     3.4836     3.2513    106.078     99.002     1.2674     1.1722     0.0403    -0.0177     3.2613     0.0000     0.0000 -119.71676   34.15906      99.66          5  0.000e+00
      49685   2070.167    124.422    125.355     9.5130     9.4832  36.719053  36.709524     9.4992     9.4694    34.0006    34.0191    26.2550    26.2743     3.4835     3.2512    106.076     99.002     1.2674     1.1722     0.0403    -0.0177     3.2613     0.0000     0.0000 -119.71676   34.15906      99.66          5  0.000e+00
      49686   2070.208    124.468    125.402     9.5129     9.4827  36.718989  36.708756     9.4990     9.4688    34.0007    34.0188    26.2551    26.2742     3.4836     3.2572    106.077     99.184     1.2674     1.1734     0.0403    -0.0177     3.2613     0.0000     0.0000 -119.71676   34.15906      99.66          5  0.000e+00
      49687   2070.250    124.468    125.402     9.5144     9.4827  36.719181  36.708435     9.5005     9.4688    33.9995    34.0184    26.2539    26.2739     3.4835     3.2573    106.075     99.185     1.2674     1.1734     0.0403    -0.0177     3.2613     0.0000     0.0000 -119.71676   34.15906      99.66          5  0.000e+00
      49688   2070.292    124.422    125.355     9.5163     9.4822  36.720014  36.708115     9.5024     9.4684    33.9985    34.0186    26.2528    26.2741     3.4833     3.2513    106.070     99.004     1.2674     1.1722     0.0403    -0.0177     3.2613     0.0000     0.0000 -119.71676   34.15906      99.66          5  0.000e+00
      49689   2070.333    124.521    125.456     9.5148     9.4827  36.720399  36.708500     9.5009     9.4688    34.0003    34.0185    26.2545    26.2739     3.4889     3.2513    106.240     99.005     1.2686     1.1722     0.0403    -0.0177     3.2613     0.0000     0.0000 -119.71676   34.15906      99.66          5  0.000e+00
      49690   2070.375    124.448    125.382     9.5120     9.4832  36.721040  36.708627     9.4981     9.4694    34.0037    34.0182    26.2576    26.2736     3.4835     3.2513    106.077     99.003     1.2674     1.1722     0.0403    -0.0177     3.2613     0.0000     0.0000 -119.71676   34.15906      99.66          5  0.000e+00
      49691   2070.417    124.468    125.402     9.5096     9.4829  36.720976  36.709588     9.4958     9.4690    34.0058    34.0195    26.2596    26.2747     3.4837     3.2513    106.081     99.003     1.2674     1.1722     0.0403    -0.0177     3.2613     0.0000     0.0000 -119.71676   34.15906      99.66          5  0.000e+00
      49692   2070.458    124.468    125.402     9.5089     9.4829  36.721104  36.711381     9.4951     9.4690    34.0066    34.0213    26.2604    26.2761     3.4837     3.2512    106.083     99.001     1.2674     1.1722     0.0403    -0.0177     3.2613     0.0000     0.0000 -119.71676   34.15906      99.66          5  0.000e+00
      49693   2070.500    124.468    125.402     9.5083     9.4847  36.721617  36.713302     9.4944     9.4709    34.0078    34.0216    26.2614    26.2760     3.4892     3.2511    106.249     98.997     1.2686     1.1722     0.0403    -0.0177     3.2613     0.0000     0.0000 -119.71676   34.15906      99.66          5  0.000e+00
      49694   2070.542    124.468    125.402     9.5104     9.4886  36.722835  36.714582     9.4965     9.4747    34.0070    34.0192    26.2604    26.2735     3.4836     3.2508    106.079     98.989     1.2674     1.1722     0.0403    -0.0177     3.2625     0.0000     0.0000 -119.71676   34.15906      99.66          5  0.000e+00
      49695   2070.583    124.468    125.402     9.5187     9.4911  36.723410  36.714582     9.5049     9.4772    33.9997    34.0169    26.2534    26.2713     3.4831     3.2507    106.064     98.985     1.2674     1.1722     0.0403    -0.0177     3.2625     0.0000     0.0000 -119.71676   34.15906      99.66          5  0.000e+00
      49696   2070.625    124.468    125.402     9.5231     9.4901  36.723538  36.713557     9.5093     9.4763    33.9957    34.0167    26.2495    26.2713     3.4828     3.2508    106.056     98.988     1.2674     1.1722     0.0403    -0.0177     3.2601     0.0000     0.0000 -119.71676   34.15906      99.66          5  0.000e+00
      49697   2070.667    124.521    125.456     9.5210     9.4891  36.723410  36.712405     9.5072     9.4752    33.9975    34.0164    26.2513    26.2713     3.4830     3.2568    106.061     99.172     1.2674     1.1734     0.0403    -0.0177     3.2625     0.0000     0.0000 -119.71676   34.15906      99.66          5  0.000e+00
      49698   2070.708    124.468    125.402     9.5163     9.4886  36.723026  36.711957     9.5024     9.4747    34.0016    34.0165    26.2553    26.2714     3.4833     3.2509    106.068     98.991     1.2674     1.1722     0.0403    -0.0177     3.2613     0.0000     0.0000 -119.71676   34.15906      99.66          5  0.000e+00
