West Coast/WCOA-7/CTD_Data/RB2102_CTD_099_01.ros
* Sea-Bird SBE 9 Data File:
* FileName = C:\Users\scs.user.rb\CTD\RB2102\Data\RB2102_CTD_099_01.hex
* Software Version Seasave V 7.26.7.107
* Temperature SN = 6202
* Conductivity SN = 4907
* Number of Bytes Per Scan = 41
* Number of Voltage Words = 4
* Number of Scans Averaged by the Deck Unit = 1
* NMEA Latitude = 36 45.47 N
* NMEA Longitude = 121 55.59 W
* NMEA UTC (Time) = Jul 14 2021  20:46:18
* NMEA baud rate = 4800
# nquan = 30
# nvalues = 686                                   
# units = specified
# name 0 = scan: Scan Count
# name 1 = timeS: Time, Elapsed [seconds]
# name 2 = depSM: Depth [salt water, m]
# name 3 = prDM: Pressure, Digiquartz [db]
# name 4 = t090C: Temperature [ITS-90, deg C]
# name 5 = t190C: Temperature, 2 [ITS-90, deg C]
# name 6 = c0mS/cm: Conductivity [mS/cm]
# name 7 = c1mS/cm: Conductivity, 2 [mS/cm]
# name 8 = potemp090C: Potential Temperature [ITS-90, deg C]
# name 9 = potemp190C: Potential Temperature, 2 [ITS-90, deg C]
# name 10 = sal00: Salinity, Practical [PSU]
# name 11 = sal11: Salinity, Practical, 2 [PSU]
# name 12 = sigma-é00: Density [sigma-theta, kg/m^3]
# name 13 = sigma-é11: Density, 2 [sigma-theta, kg/m^3]
# name 14 = sbeox0Mg/L: Oxygen, SBE 43 [mg/l]
# name 15 = sbeox1Mg/L: Oxygen, SBE 43, 2 [mg/l]
# name 16 = sbox0Mm/Kg: Oxygen, SBE 43 [umol/kg]
# name 17 = sbox1Mm/Kg: Oxygen, SBE 43, 2 [umol/kg]
# name 18 = sbeox0V: Oxygen raw, SBE 43 [V]
# name 19 = sbeox1V: Oxygen raw, SBE 43, 2 [V]
# name 20 = v4: Voltage 4
# name 21 = flECO-AFL: Fluorescence, WET Labs ECO-AFL/FL [mg/m^3]
# name 22 = v3: Voltage 3
# name 23 = v6: Voltage 6
# name 24 = v7: Voltage 7
# name 25 = longitude: Longitude [deg]
# name 26 = latitude: Latitude [deg]
# name 27 = altM: Altimeter [m]
# name 28 = nbf: Bottles Fired
# name 29 = flag:  0.000e+00
# interval = seconds: 0.0416667
# start_time = Jul 14 2021 20:46:18 [NMEA time, header]
# bad_flag = -9.990e-29
*END*
[from data line 581]
      41374   1723.875      5.219      5.258    13.2391    13.2941  39.966520  40.019489    13.2383    13.2934    33.8330    33.8340    25.4412    25.4309     8.6803     8.8496    264.533    269.695     2.6288     2.5177     0.1331     2.3022     3.2137     0.0623     0.0000 -121.92650   36.75808      99.68         12  0.000e+00
      41375   1723.917      5.318      5.358    13.2405    13.2978  39.966587  40.019091    13.2398    13.2971    33.8317    33.8303    25.4399    25.4273     8.6753     8.8492    264.380    269.684     2.6276     2.5177     0.1343     2.3328     3.2149     0.0623     0.0000 -121.92650   36.75808      99.68         12  0.000e+00
      41376   1723.958      5.272      5.311    13.2403    13.2978  39.965394  40.017433    13.2396    13.2970    33.8308    33.8288    25.4392    25.4261     8.6753     8.8492    264.381    269.685     2.6276     2.5177     0.1331     2.3022     3.2149     0.0623     0.0000 -121.92650   36.75808      99.68         12  0.000e+00
      41377   1724.000      5.318      5.358    13.2402    13.2988  39.964201  40.015909    13.2395    13.2981    33.8297    33.8264    25.4384    25.4240     8.6754     8.8492    264.385    269.685     2.6276     2.5177     0.1331     2.3022     3.2149     0.0623     0.0000 -121.92650   36.75808      99.68         12  0.000e+00
      41378   1724.042      5.318      5.358    13.2395    13.2983  39.964002  40.015578    13.2388    13.2976    33.8302    33.8265    25.4389    25.4243     8.6755     8.8493    264.388    269.688     2.6276     2.5177     0.1331     2.3022     3.2137     0.0623     0.0000 -121.92650   36.75808      99.68         12  0.000e+00
      41379   1724.083      5.285      5.325    13.2397    13.2972  39.963670  40.014981    13.2390    13.2964    33.8297    33.8270    25.4385    25.4249     8.6755     8.8495    264.387    269.693     2.6276     2.5177     0.1331     2.3022     3.2149     0.0635     0.0000 -121.92650   36.75808      99.68         12  0.000e+00
      41380   1724.125      5.318      5.358    13.2386    13.2966  39.963074  40.014849    13.2379    13.2959    33.8301    33.8273    25.4390    25.4252     8.6757     8.8496    264.393    269.696     2.6276     2.5177     0.1294     2.2107     3.2149     0.0635     0.0000 -121.92650   36.75808      99.68         12  0.000e+00
      43159   1798.250      3.464      3.490    13.6047    13.6111  40.308172  40.314520    13.6042    13.6106    33.8304    33.8306    25.3650    25.3639     8.6169     8.7758    262.620    267.462     2.6300     2.5153     0.1050     1.6002     3.2112     0.0989     0.0134 -121.92650   36.75810      99.68         13  0.000e+00
      43160   1798.292      3.464      3.490    13.6047    13.6109  40.308371  40.315052    13.6042    13.6104    33.8306    33.8314    25.3652    25.3645     8.6169     8.7758    262.619    267.462     2.6300     2.5153     0.1050     1.6002     3.2112     0.1001     0.0134 -121.92650   36.75810      99.68         13  0.000e+00
      43161   1798.333      3.464      3.490    13.6052    13.6111  40.309435  40.316115    13.6047    13.6106    33.8312    33.8321    25.3655    25.3650     8.6167     8.7757    262.616    267.459     2.6300     2.5153     0.1026     1.5391     3.2112     0.1013     0.0147 -121.92650   36.75810      99.68         13  0.000e+00
      43162   1798.375      3.464      3.490    13.6056    13.6119  40.309435  40.316581    13.6052    13.6114    33.8307    33.8319    25.3650    25.3647     8.6167     8.7702    262.614    267.293     2.6300     2.5140     0.1013     1.5086     3.2125     0.1026     0.0147 -121.92650   36.75810      99.71         13  0.000e+00
      43163   1798.417      3.511      3.537    13.6056    13.6125  40.309369  40.317445    13.6052    13.6120    33.8307    33.8322    25.3650    25.3647     8.6167     8.7701    262.616    267.291     2.6300     2.5140     0.1013     1.5086     3.2112     0.1050     0.0147 -121.92650   36.75810      83.47         13  0.000e+00
      43164   1798.458      3.464      3.490    13.6056    13.6134  40.308903  40.317910    13.6052    13.6129    33.8302    33.8318    25.3647    25.3643     8.6167     8.7699    262.615    267.285     2.6300     2.5140     0.1013     1.5086     3.2112     0.1074     0.0159 -121.92650   36.75810      65.49         13  0.000e+00
      43165   1798.500      3.557      3.584    13.6052    13.6135  40.308571  40.317844    13.6047    13.6130    33.8303    33.8316    25.3648    25.3641     8.6169     8.7700    262.620    267.287     2.6300     2.5140     0.1026     1.5391     3.2100     0.1099     0.0171 -121.92650   36.75810      61.81         13  0.000e+00
      43166   1798.542      3.524      3.550    13.6048    13.6132  40.308704  40.316913    13.6043    13.6127    33.8308    33.8310    25.3652    25.3637     8.6169     8.7701    262.620    267.289     2.6300     2.5140     0.1013     1.5086     3.2112     0.1123     0.0171 -121.92650   36.75810      62.91         13  0.000e+00
      43167   1798.583      3.610      3.637    13.6050    13.6121  40.310301  40.316648    13.6045    13.6116    33.8321    33.8317    25.3662    25.3645     8.6169     8.7703    262.620    267.297     2.6300     2.5140     0.1013     1.5086     3.2112     0.1160     0.0183 -121.92650   36.75810      63.71         13  0.000e+00
      43168   1798.625      3.557      3.584    13.6057    13.6125  40.311498  40.316714    13.6052    13.6120    33.8326    33.8314    25.3664    25.3642     8.6167     8.7702    262.613    267.293     2.6300     2.5140     0.1013     1.5086     3.2112     0.1184     0.0195 -121.92650   36.75810      63.91         13  0.000e+00
      43169   1798.667      3.656      3.684    13.6067    13.6125  40.311564  40.316914    13.6062    13.6120    33.8317    33.8316    25.3656    25.3643     8.6167     8.7703    262.613    267.297     2.6300     2.5140     0.1013     1.5086     3.2100     0.1197     0.0195 -121.92650   36.75810      84.62         13  0.000e+00
      43170   1798.708      3.610      3.637    13.6070    13.6125  40.311764  40.316382    13.6065    13.6120    33.8317    33.8311    25.3655    25.3639     8.6165     8.7703    262.610    267.296     2.6300     2.5140     0.1013     1.5086     3.2125     0.1209     0.0195 -121.92650   36.75810      99.66         13  0.000e+00
      43171   1798.750      3.610      3.637    13.6077    13.6120  40.312296  40.315983    13.6072    13.6115    33.8316    33.8312    25.3653    25.3641     8.6164     8.7704    262.606    267.299     2.6300     2.5140     0.1013     1.5086     3.2137     0.1221     0.0195 -121.92650   36.75810     100.00         13  0.000e+00
      43172   1798.792      3.703      3.730    13.6087    13.6117  40.313893  40.316050    13.6082    13.6112    33.8321    33.8315    25.3655    25.3644     8.6114     8.7705    262.453    267.303     2.6288     2.5140     0.1013     1.5086     3.2125     0.1233     0.0208 -121.92650   36.75810     100.00         13  0.000e+00
      43173   1798.833      3.610      3.637    13.6100    13.6117  40.315156  40.315917    13.6095    13.6112    33.8322    33.8314    25.3653    25.3644     8.6111     8.7704    262.443    267.300     2.6288     2.5140     0.1013     1.5086     3.2125     0.1245     0.0208 -121.92650   36.75810      99.68         13  0.000e+00
      43174   1798.875      3.703      3.730    13.6107    13.6112  40.315422  40.315917    13.6101    13.6107    33.8318    33.8318    25.3648    25.3647     8.6111     8.7706    262.443    267.305     2.6288     2.5140     0.1013     1.5086     3.2112     0.1245     0.0208 -121.92650   36.75810      99.73         13  0.000e+00
      43175   1798.917      3.703      3.730    13.6115    13.6113  40.316620  40.315651    13.6110    13.6108    33.8322    33.8314    25.3649    25.3644     8.6109     8.7706    262.437    267.305     2.6288     2.5140     0.1026     1.5391     3.2125     0.1258     0.0208 -121.92650   36.75810      99.71         13  0.000e+00
      43176   1798.958      3.703      3.730    13.6127    13.6114  40.317617  40.315651    13.6122    13.6108    33.8321    33.8314    25.3646    25.3644     8.6107     8.7706    262.431    267.305     2.6288     2.5140     0.1026     1.5391     3.2112     0.1270     0.0208 -121.92650   36.75810      99.68         13  0.000e+00
      43177   1799.000      3.756      3.784    13.6135    13.6113  40.318083  40.315851    13.6130    13.6108    33.8317    33.8316    25.3642    25.3646     8.6106     8.7707    262.429    267.307     2.6288     2.5140     0.1013     1.5086     3.2112     0.1282     0.0208 -121.92650   36.75810      99.68         13  0.000e+00
      43178   1799.042      3.769      3.797    13.6140    13.6114  40.317285  40.315385    13.6135    13.6108    33.8305    33.8311    25.3632    25.3642     8.6106     8.7707    262.429    267.308     2.6288     2.5140     0.1026     1.5391     3.2112     0.1282     0.0220 -121.92650   36.75810      99.68         13  0.000e+00
      43179   1799.083      3.756      3.784    13.6137    13.6108  40.316287  40.314920    13.6132    13.6103    33.8299    33.8312    25.3628    25.3644     8.6107     8.7708    262.432    267.311     2.6288     2.5140     0.1013     1.5086     3.2125     0.1294     0.0220 -121.92650   36.75810      99.68         13  0.000e+00
      43180   1799.125      3.802      3.830    13.6137    13.6105  40.315821  40.314721    13.6132    13.6100    33.8294    33.8312    25.3624    25.3644     8.6108     8.7709    262.434    267.314     2.6288     2.5140     0.1013     1.5086     3.2112     0.1294     0.0220 -121.92650   36.75810      99.68         13  0.000e+00
      43181   1799.167      3.756      3.784    13.6134    13.6103  40.316287  40.314787    13.6128    13.6098    33.8302    33.8315    25.3631    25.3647     8.6107     8.7709    262.433    267.313     2.6288     2.5140     0.1013     1.5086     3.2125     0.1306     0.0220 -121.92650   36.75810      99.68         13  0.000e+00
      43182   1799.208      3.855      3.884    13.6132    13.6114  40.316088  40.316449    13.6126    13.6108    33.8301    33.8321    25.3631    25.3649     8.6060     8.7707    262.288    267.309     2.6276     2.5140     0.1026     1.5391     3.2125     0.1306     0.0220 -121.92650   36.75810      99.68         13  0.000e+00
      43183   1799.250      3.855      3.884    13.6129    13.6127  40.315755  40.318111    13.6123    13.6121    33.8301    33.8325    25.3631    25.3650     8.6060     8.7705    262.289    267.301     2.6276     2.5140     0.1013     1.5086     3.2112     0.1319     0.0220 -121.92650   36.75810      99.68         13  0.000e+00
      43184   1799.292      3.802      3.830    13.6129    13.6141  40.315955  40.318643    13.6123    13.6135    33.8303    33.8318    25.3632    25.3641     8.6060     8.7702    262.287    267.292     2.6276     2.5140     0.1013     1.5086     3.2112     0.1319     0.0232 -121.92650   36.75810      99.68         13  0.000e+00
      43185   1799.333      3.901      3.930    13.6129    13.6141  40.315689  40.319242    13.6123    13.6135    33.8300    33.8323    25.3630    25.3645     8.6061     8.7703    262.291    267.294     2.6276     2.5140     0.1013     1.5086     3.2125     0.1331     0.0232 -121.92650   36.75810      99.68         13  0.000e+00
      43186   1799.375      3.855      3.884    13.6126    13.6142  40.315423  40.319441    13.6120    13.6136    33.8301    33.8324    25.3631    25.3646     8.6061     8.7702    262.291    267.292     2.6276     2.5140     0.1013     1.5086     3.2112     0.1343     0.0232 -121.92650   36.75810      99.68         13  0.000e+00
      43187   1799.417      3.901      3.930    13.6124    13.6135  40.315423  40.318444    13.6118    13.6130    33.8302    33.8320    25.3633    25.3644     8.6062     8.7704    262.294    267.298     2.6276     2.5140     0.1001     1.4781     3.2112     0.1368     0.0232 -121.92650   36.75810      99.68         13  0.000e+00
      43188   1799.458      3.901      3.930    13.6125    13.6132  40.315556  40.318577    13.6120    13.6126    33.8302    33.8325    25.3632    25.3649     8.6061     8.7704    262.293    267.299     2.6276     2.5140     0.0989     1.4475     3.2125     0.1380     0.0244 -121.92650   36.75810      99.68         13  0.000e+00
      43189   1799.500      3.915      3.944    13.6122    13.6135  40.315689  40.318178    13.6116    13.6130    33.8306    33.8317    25.3636    25.3642     8.6013     8.7704    262.145    267.299     2.6264     2.5140     0.0989     1.4475     3.2112     0.1380     0.0244 -121.92650   36.75810      99.68         13  0.000e+00
      43190   1799.542      3.901      3.930    13.6120    13.6139  40.315489  40.318909    13.6115    13.6133    33.8306    33.8322    25.3636    25.3645     8.5964     8.7756    261.996    267.458     2.6252     2.5153     0.0989     1.4475     3.2125     0.1380     0.0244 -121.92650   36.75810      99.68         13  0.000e+00
      43191   1799.583      3.948      3.977    13.6120    13.6146  40.315623  40.319641    13.6115    13.6140    33.8307    33.8322    25.3637    25.3644     8.6013     8.7755    262.146    267.456     2.6264     2.5153     0.0989     1.4475     3.2112     0.1392     0.0244 -121.92650   36.75810      99.68         13  0.000e+00
      43192   1799.625      3.901      3.930    13.6118    13.6154  40.315090  40.319773    13.6113    13.6148    33.8304    33.8316    25.3635    25.3638     8.6013     8.7700    262.146    267.288     2.6264     2.5140     0.0989     1.4475     3.2125     0.1416     0.0244 -121.92650   36.75810      99.68         13  0.000e+00
      43193   1799.667      4.001      4.031    13.6112    13.6150  40.314492  40.319508    13.6106    13.6145    33.8303    33.8316    25.3636    25.3638     8.5967     8.7755    262.004    267.456     2.6252     2.5153     0.0989     1.4475     3.2125     0.1429     0.0256 -121.92650   36.75810      99.68         13  0.000e+00
      43194   1799.708      3.901      3.930    13.6105    13.6152  40.314093  40.319773    13.6100    13.6146    33.8306    33.8318    25.3639    25.3639     8.5966     8.7754    262.004    267.451     2.6252     2.5153     0.1001     1.4781     3.2112     0.1441     0.0256 -121.92650   36.75810      99.66         13  0.000e+00
      43195   1799.750      4.001      4.031    13.6107    13.6152  40.314625  40.320040    13.6102    13.6147    33.8309    33.8320    25.3641    25.3641     8.5918     8.7755    261.856    267.454     2.6239     2.5153     0.0989     1.4475     3.2125     0.1453     0.0256 -121.92650   36.75810      99.68         13  0.000e+00
      43196   1799.792      3.948      3.977    13.6108    13.6154  40.315290  40.319574    13.6103    13.6148    33.8314    33.8314    25.3645    25.3636     8.5917     8.7754    261.852    267.453     2.6239     2.5153     0.0989     1.4475     3.2125     0.1465     0.0269 -121.92650   36.75810      99.68         13  0.000e+00
      43197   1799.833      4.001      4.031    13.6108    13.6152  40.315889  40.319907    13.6103    13.6147    33.8320    33.8318    25.3649    25.3640     8.5966     8.7755    262.003    267.454     2.6252     2.5153     0.0989     1.4475     3.2125     0.1477     0.0269 -121.92650   36.75810      99.68         13  0.000e+00
      43198   1799.875      4.001      4.031    13.6112    13.6152  40.315556  40.319907    13.6106    13.6146    33.8313    33.8319    25.3644    25.3640     8.5966     8.7755    262.002    267.455     2.6252     2.5153     0.0989     1.4475     3.2112     0.1490     0.0269 -121.92650   36.75810      99.68         13  0.000e+00
