West Coast/WCOA-7/CTD_Data/RB2102_CTD_083_01.ros
* Sea-Bird SBE 9 Data File:
* FileName = C:\Users\scs.user.rb\CTD\RB2102\Data\RB2102_CTD_083_01.hex
* Software Version Seasave V 7.26.7.107
* Temperature SN = 6202
* Conductivity SN = 4907
* Number of Bytes Per Scan = 41
* Number of Voltage Words = 4
* Number of Scans Averaged by the Deck Unit = 1
* NMEA Latitude = 37 56.57 N
* NMEA Longitude = 122 52.83 W
* NMEA UTC (Time) = Jul 11 2021  04:28:52
* NMEA baud rate = 4800
# nquan = 30
# nvalues = 980                                   
# units = specified
# name 0 = scan: Scan Count
# name 1 = timeS: Time, Elapsed [seconds]
# name 2 = depSM: Depth [salt water, m]
# name 3 = prDM: Pressure, Digiquartz [db]
# name 4 = t090C: Temperature [ITS-90, deg C]
# name 5 = t190C: Temperature, 2 [ITS-90, deg C]
# name 6 = c0mS/cm: Conductivity [mS/cm]
# name 7 = c1mS/cm: Conductivity, 2 [mS/cm]
# name 8 = potemp090C: Potential Temperature [ITS-90, deg C]
# name 9 = potemp190C: Potential Temperature, 2 [ITS-90, deg C]
# name 10 = sal00: Salinity, Practical [PSU]
# name 11 = sal11: Salinity, Practical, 2 [PSU]
# name 12 = sigma-é00: Density [sigma-theta, kg/m^3]
# name 13 = sigma-é11: Density, 2 [sigma-theta, kg/m^3]
# name 14 = sbeox0Mg/L: Oxygen, SBE 43 [mg/l]
# name 15 = sbeox1Mg/L: Oxygen, SBE 43, 2 [mg/l]
# name 16 = sbox0Mm/Kg: Oxygen, SBE 43 [umol/kg]
# name 17 = sbox1Mm/Kg: Oxygen, SBE 43, 2 [umol/kg]
# name 18 = sbeox0V: Oxygen raw, SBE 43 [V]
# name 19 = sbeox1V: Oxygen raw, SBE 43, 2 [V]
# name 20 = v4: Voltage 4
# name 21 = flECO-AFL: Fluorescence, WET Labs ECO-AFL/FL [mg/m^3]
# name 22 = v3: Voltage 3
# name 23 = v6: Voltage 6
# name 24 = v7: Voltage 7
# name 25 = longitude: Longitude [deg]
# name 26 = latitude: Latitude [deg]
# name 27 = altM: Altimeter [m]
# name 28 = nbf: Bottles Fired
# name 29 = flag:  0.000e+00
# interval = seconds: 0.0416667
# start_time = Jul 11 2021 04:28:52 [NMEA time, header]
# bad_flag = -9.990e-29
*END*
[from data line 677]
      27547   1147.750     10.143     10.219    12.7653    12.7564  39.433490  39.427104    12.7639    12.7550    33.7478    33.7496    25.4695    25.4726     8.1228     8.3681    247.536    255.011     2.4689     2.3834     0.1880     3.6759     3.3358     0.1758     0.1563 -122.88046   37.94292      41.17         14  0.000e+00
      27548   1147.792     10.143     10.219    12.7663    12.7559  39.434413  39.427235    12.7649    12.7545    33.7478    33.7502    25.4692    25.4732     8.1226     8.3682    247.531    255.013     2.4689     2.3834     0.1868     3.6453     3.3370     0.1758     0.1551 -122.88046   37.94292      41.17         14  0.000e+00
      27549   1147.833     10.143     10.219    12.7671    12.7554  39.434742  39.427565    12.7657    12.7541    33.7473    33.7509    25.4687    25.4738     8.1225     8.3682    247.527    255.014     2.4689     2.3834     0.1868     3.6453     3.3370     0.1758     0.1551 -122.88046   37.94292      41.17         14  0.000e+00
      27550   1147.875     10.103     10.179    12.7674    12.7562  39.434479  39.427169    12.7661    12.7549    33.7468    33.7499    25.4683    25.4728     8.1224     8.3681    247.525    255.010     2.4689     2.3834     0.1868     3.6453     3.3358     0.1758     0.1563 -122.88046   37.94292      41.17         14  0.000e+00
      27551   1147.917     10.189     10.266    12.7666    12.7566  39.433952  39.427038    12.7652    12.7552    33.7470    33.7494    25.4686    25.4724     8.1226     8.3627    247.532    254.846     2.4689     2.3822     0.1868     3.6453     3.3370     0.1758     0.1551 -122.88046   37.94292      41.17         14  0.000e+00
      27552   1147.958     10.090     10.166    12.7658    12.7566  39.434215  39.427235    12.7644    12.7552    33.7481    33.7496    25.4696    25.4726     8.1226     8.3626    247.531    254.843     2.4689     2.3822     0.1868     3.6453     3.3370     0.1758     0.1563 -122.88046   37.94292      41.17         14  0.000e+00
      27553   1148.000     10.143     10.219    12.7653    12.7562  39.434215  39.427367    12.7639    12.7549    33.7485    33.7500    25.4700    25.4730     8.1228     8.3627    247.535    254.846     2.4689     2.3822     0.1868     3.6453     3.3370     0.1770     0.1563 -122.88046   37.94292      41.17         14  0.000e+00
      27554   1148.042     10.156     10.233    12.7646    12.7556  39.434084  39.427565    12.7632    12.7542    33.7489    33.7508    25.4705    25.4737     8.1179     8.3628    247.385    254.849     2.4676     2.3822     0.1868     3.6453     3.3358     0.1783     0.1563 -122.88046   37.94292      41.17         14  0.000e+00
      27555   1148.083     10.090     10.166    12.7641    12.7552  39.433754  39.426642    12.7628    12.7539    33.7491    33.7502    25.4707    25.4733     8.1179     8.3682    247.386    255.015     2.4676     2.3834     0.1868     3.6453     3.3358     0.1770     0.1563 -122.88046   37.94292      41.15         14  0.000e+00
      27556   1148.125     10.143     10.219    12.7643    12.7546  39.433754  39.426511    12.7629    12.7532    33.7489    33.7507    25.4706    25.4738     8.1179     8.3684    247.387    255.020     2.4676     2.3834     0.1868     3.6453     3.3370     0.1758     0.1551 -122.88046   37.94292      41.15         15  0.000e+00
      27557   1148.167     10.143     10.219    12.7644    12.7536  39.434018  39.426379    12.7631    12.7522    33.7490    33.7515    25.4706    25.4746     8.1179     8.3685    247.386    255.024     2.4676     2.3834     0.1868     3.6453     3.3358     0.1758     0.1563 -122.88046   37.94292      41.15         15  0.000e+00
      27558   1148.208     10.090     10.166    12.7648    12.7542  39.433622  39.426313    12.7634    12.7529    33.7484    33.7508    25.4700    25.4740     8.1178     8.3684    247.383    255.020     2.4676     2.3834     0.1868     3.6453     3.3370     0.1770     0.1563 -122.88046   37.94292      41.17         15  0.000e+00
      27559   1148.250     10.156     10.233    12.7645    12.7547  39.433358  39.426050    12.7632    12.7533    33.7483    33.7501    25.4700    25.4733     8.1179     8.3684    247.387    255.020     2.4676     2.3834     0.1868     3.6453     3.3370     0.1783     0.1563 -122.88046   37.94292      41.17         15  0.000e+00
      27560   1148.292     10.143     10.219    12.7649    12.7552  39.432633  39.425457    12.7636    12.7539    33.7473    33.7491    25.4691    25.4724     8.1179     8.3683    247.386    255.019     2.4676     2.3834     0.1868     3.6453     3.3358     0.1783     0.1563 -122.88046   37.94292      41.17         15  0.000e+00
      27561   1148.333     10.143     10.219    12.7653    12.7552  39.432633  39.424995    12.7639    12.7539    33.7470    33.7487    25.4688    25.4721     8.1178     8.3629    247.385    254.854     2.4676     2.3822     0.1868     3.6453     3.3358     0.1783     0.1575 -122.88046   37.94292      41.17         15  0.000e+00
      27562   1148.375     10.143     10.219    12.7658    12.7551  39.432237  39.424666    12.7644    12.7537    33.7462    33.7485    25.4681    25.4720     8.1178     8.3684    247.384    255.021     2.4676     2.3834     0.1868     3.6453     3.3358     0.1770     0.1563 -122.88046   37.94292      41.17         15  0.000e+00
      27563   1148.417     10.103     10.179    12.7659    12.7551  39.432303  39.424798    12.7646    12.7537    33.7461    33.7486    25.4680    25.4721     8.1177     8.3629    247.382    254.853     2.4676     2.3822     0.1868     3.6453     3.3358     0.1770     0.1563 -122.88046   37.94292      41.17         15  0.000e+00
      27564   1148.458     10.143     10.219    12.7659    12.7551  39.431842  39.424929    12.7646    12.7537    33.7456    33.7487    25.4677    25.4722     8.1178     8.3630    247.384    254.855     2.4676     2.3822     0.1868     3.6453     3.3358     0.1783     0.1563 -122.88046   37.94292      41.17         15  0.000e+00
      27565   1148.500     10.090     10.166    12.7653    12.7551  39.431907  39.424402    12.7639    12.7537    33.7463    33.7483    25.4683    25.4718     8.1178     8.3684    247.384    255.019     2.4676     2.3834     0.1868     3.6453     3.3370     0.1783     0.1563 -122.88046   37.94292      41.15         15  0.000e+00
      27566   1148.542     10.143     10.219    12.7646    12.7557  39.432567  39.424270    12.7633    12.7544    33.7475    33.7475    25.4694    25.4711     8.1179     8.3683    247.387    255.019     2.4676     2.3834     0.1868     3.6453     3.3370     0.1770     0.1563 -122.88046   37.94292      41.15         15  0.000e+00
      27567   1148.583     10.103     10.179    12.7644    12.7564  39.433424  39.424270    12.7631    12.7550    33.7485    33.7469    25.4702    25.4705     8.1128     8.3682    247.233    255.015     2.4664     2.3834     0.1868     3.6453     3.3370     0.1783     0.1563 -122.88046   37.94292      41.15         15  0.000e+00
      27568   1148.625     10.143     10.219    12.7651    12.7574  39.434017  39.424007    12.7637    12.7561    33.7484    33.7458    25.4700    25.4694     8.1128     8.3681    247.231    255.012     2.4664     2.3834     0.1868     3.6453     3.3358     0.1783     0.1563 -122.88046   37.94292      41.15         15  0.000e+00
      27569   1148.667     10.143     10.219    12.7654    12.7577  39.434809  39.423348    12.7641    12.7564    33.7489    33.7448    25.4703    25.4687     8.1127     8.3681    247.228    255.012     2.4664     2.3834     0.1868     3.6453     3.3358     0.1783     0.1575 -122.88046   37.94292      41.15         15  0.000e+00
      27570   1148.708     10.143     10.219    12.7651    12.7574  39.435864  39.422689    12.7637    12.7561    33.7502    33.7445    25.4714    25.4685     8.1127     8.3682    247.228    255.015     2.4664     2.3834     0.1868     3.6453     3.3358     0.1783     0.1575 -122.88046   37.94292      41.15         15  0.000e+00
      27571   1148.750     10.090     10.166    12.7649    12.7568  39.436457  39.422030    12.7636    12.7554    33.7510    33.7445    25.4720    25.4686     8.1126     8.3683    247.226    255.017     2.4664     2.3834     0.1905     3.7369     3.3370     0.1783     0.1575 -122.88046   37.94292      41.15         15  0.000e+00
      27572   1148.792     10.156     10.233    12.7661    12.7546  39.436984  39.422096    12.7647    12.7532    33.7504    33.7465    25.4713    25.4705     8.1125     8.3686    247.223    255.027     2.4664     2.3834     0.1954     3.8590     3.3370     0.1783     0.1575 -122.88046   37.94292      41.15         15  0.000e+00
      27573   1148.833     10.090     10.166    12.7673    12.7531  39.437709  39.421635    12.7659    12.7517    33.7500    33.7474    25.4708    25.4716     8.1123     8.3688    247.215    255.032     2.4664     2.3834     0.1966     3.8895     3.3370     0.1783     0.1575 -122.88046   37.94292      41.15         15  0.000e+00
      27574   1148.875     10.143     10.219    12.7676    12.7524  39.438896  39.420713    12.7662    12.7510    33.7509    33.7471    25.4714    25.4715     8.1122     8.3690    247.214    255.038     2.4664     2.3834     0.1966     3.8895     3.3370     0.1783     0.1575 -122.88046   37.94292      41.15         15  0.000e+00
      27575   1148.917     10.090     10.166    12.7674    12.7519  39.439555  39.419922    12.7661    12.7505    33.7517    33.7469    25.4721    25.4714     8.1122     8.3690    247.211    255.040     2.4664     2.3834     0.1954     3.8590     3.3358     0.1783     0.1575 -122.88046   37.94292      41.15         15  0.000e+00
      27576   1148.958     10.156     10.233    12.7669    12.7520  39.439556  39.419264    12.7656    12.7507    33.7521    33.7460    25.4725    25.4707     8.1123     8.3746    247.215    255.208     2.4664     2.3846     0.1954     3.8590     3.3358     0.1783     0.1575 -122.88046   37.94292      41.15         15  0.000e+00
      27577   1149.000     10.090     10.166    12.7676    12.7521  39.439885  39.418539    12.7662    12.7507    33.7518    33.7453    25.4721    25.4701     8.1121     8.3745    247.210    255.207     2.4664     2.3846     0.1954     3.8590     3.3358     0.1783     0.1575 -122.88046   37.94292      41.17         15  0.000e+00
      27578   1149.042     10.143     10.219    12.7688    12.7522  39.439885  39.418407    12.7674    12.7509    33.7508    33.7451    25.4711    25.4699     8.1120     8.3691    247.208    255.043     2.4664     2.3834     0.1966     3.8895     3.3358     0.1795     0.1575 -122.88046   37.94292      41.17         15  0.000e+00
      27579   1149.083     10.143     10.219    12.7709    12.7527  39.440412  39.417880    12.7695    12.7513    33.7494    33.7441    25.4696    25.4691     8.1117     8.3745    247.199    255.207     2.4664     2.3846     0.1954     3.8590     3.3358     0.1795     0.1575 -122.88046   37.94292      41.17         15  0.000e+00
      27580   1149.125     10.103     10.179    12.7729    12.7529  39.440412  39.417485    12.7716    12.7515    33.7475    33.7436    25.4678    25.4687     8.1114     8.3745    247.190    255.206     2.4664     2.3846     0.1966     3.8895     3.3370     0.1807     0.1587 -122.88046   37.94292      41.17         15  0.000e+00
      27581   1149.167     10.090     10.166    12.7732    12.7522  39.440742  39.416826    12.7719    12.7509    33.7476    33.7436    25.4677    25.4688     8.1114     8.3746    247.188    255.210     2.4664     2.3846     0.1954     3.8590     3.3370     0.1807     0.1587 -122.88046   37.94292      41.20         15  0.000e+00
      27582   1149.208     10.143     10.219    12.7729    12.7512  39.441731  39.416167    12.7716    12.7498    33.7488    33.7438    25.4687    25.4692     8.1114     8.3803    247.189    255.382     2.4664     2.3858     0.1966     3.8895     3.3346     0.1807     0.1587 -122.88046   37.94292      41.17         15  0.000e+00
      27583   1149.250     10.090     10.166    12.7726    12.7501  39.442720  39.416036    12.7712    12.7487    33.7501    33.7447    25.4698    25.4701     8.1113     8.3804    247.187    255.385     2.4664     2.3858     0.1954     3.8590     3.3370     0.1807     0.1575 -122.88046   37.94292      41.17         15  0.000e+00
      27584   1149.292     10.090     10.166    12.7729    12.7490  39.443577  39.416036    12.7716    12.7477    33.7506    33.7457    25.4701    25.4710     8.1113     8.3805    247.184    255.389     2.4664     2.3858     0.1954     3.8590     3.3358     0.1795     0.1575 -122.88046   37.94292      41.17         15  0.000e+00
      27585   1149.333     10.156     10.233    12.7734    12.7490  39.444698  39.415772    12.7721    12.7477    33.7512    33.7454    25.4705    25.4708     8.1112     8.3806    247.183    255.392     2.4664     2.3858     0.1954     3.8590     3.3358     0.1795     0.1575 -122.88046   37.94292      41.17         15  0.000e+00
      27586   1149.375     10.090     10.166    12.7732    12.7495  39.445423  39.415113    12.7719    12.7482    33.7521    33.7443    25.4712    25.4699     8.1111     8.3805    247.180    255.389     2.4664     2.3858     0.1954     3.8590     3.3370     0.1807     0.1587 -122.88046   37.94292      41.17         15  0.000e+00
      27587   1149.417     10.143     10.219    12.7729    12.7500  39.445160  39.414982    12.7716    12.7487    33.7521    33.7437    25.4713    25.4693     8.1162     8.3805    247.336    255.389     2.4676     2.3858     0.1954     3.8590     3.3358     0.1819     0.1600 -122.88046   37.94292      41.17         15  0.000e+00
      27588   1149.458     10.090     10.166    12.7734    12.7490  39.444764  39.414455    12.7721    12.7477    33.7513    33.7442    25.4706    25.4699     8.1161     8.3806    247.333    255.392     2.4676     2.3858     0.1954     3.8590     3.3370     0.1819     0.1612 -122.88046   37.94292      41.17         15  0.000e+00
      27589   1149.500     10.103     10.179    12.7746    12.7479  39.444302  39.414521    12.7732    12.7465    33.7498    33.7452    25.4692    25.4709     8.1160     8.3808    247.330    255.397     2.4676     2.3858     0.1954     3.8590     3.3358     0.1819     0.1612 -122.88046   37.94292      41.17         15  0.000e+00
      27590   1149.542     10.143     10.219    12.7753    12.7465  39.444302  39.414126    12.7739    12.7452    33.7492    33.7461    25.4686    25.4718     8.1160     8.3810    247.329    255.405     2.4676     2.3858     0.1954     3.8590     3.3358     0.1819     0.1612 -122.88046   37.94292      41.20         15  0.000e+00
      27591   1149.583     10.090     10.166    12.7757    12.7447  39.443906  39.413994    12.7744    12.7433    33.7484    33.7476    25.4679    25.4734     8.1159     8.3867    247.326    255.576     2.4676     2.3871     0.1954     3.8590     3.3358     0.1807     0.1600 -122.88046   37.94292      41.20         15  0.000e+00
      27592   1149.625     10.090     10.166    12.7761    12.7434  39.443972  39.412940    12.7747    12.7421    33.7481    33.7478    25.4676    25.4737     8.1158     8.3869    247.325    255.583     2.4676     2.3871     0.1954     3.8590     3.3358     0.1807     0.1600 -122.88046   37.94292      41.20         15  0.000e+00
      27593   1149.667     10.156     10.233    12.7763    12.7416  39.445423  39.412809    12.7749    12.7403    33.7493    33.7492    25.4685    25.4752     8.1158     8.3818    247.324    255.427     2.4676     2.3858     0.1954     3.8590     3.3358     0.1807     0.1612 -122.88046   37.94292      41.20         15  0.000e+00
      27594   1149.708     10.090     10.166    12.7761    12.7405  39.446478  39.412413    12.7747    12.7391    33.7505    33.7499    25.4695    25.4759     8.1157     8.3873    247.320    255.596     2.4676     2.3871     0.1954     3.8590     3.3358     0.1819     0.1612 -122.88046   37.94292      41.20         15  0.000e+00
