West Coast/WCOA-7/CTD_Data/RB2102_CTD_014_01.ros
* Sea-Bird SBE 9 Data File:
* FileName = C:\Users\scs.user.rb\CTD\RB2102\Data\RB2102_CTD_014_01.hex
* Software Version Seasave V 7.26.7.107
* Temperature SN = 6202
* Conductivity SN = 4907
* Number of Bytes Per Scan = 41
* Number of Voltage Words = 4
* Number of Scans Averaged by the Deck Unit = 1
* NMEA Latitude = 48 48.59 N
* NMEA Longitude = 125 31.01 W
* NMEA UTC (Time) = Jun 28 2021  09:35:01
* NMEA baud rate = 4800
# nquan = 30
# nvalues = 931                                   
# units = specified
# name 0 = scan: Scan Count
# name 1 = timeS: Time, Elapsed [seconds]
# name 2 = depSM: Depth [salt water, m]
# name 3 = prDM: Pressure, Digiquartz [db]
# name 4 = t090C: Temperature [ITS-90, deg C]
# name 5 = t190C: Temperature, 2 [ITS-90, deg C]
# name 6 = c0mS/cm: Conductivity [mS/cm]
# name 7 = c1mS/cm: Conductivity, 2 [mS/cm]
# name 8 = potemp090C: Potential Temperature [ITS-90, deg C]
# name 9 = potemp190C: Potential Temperature, 2 [ITS-90, deg C]
# name 10 = sal00: Salinity, Practical [PSU]
# name 11 = sal11: Salinity, Practical, 2 [PSU]
# name 12 = sigma-é00: Density [sigma-theta, kg/m^3]
# name 13 = sigma-é11: Density, 2 [sigma-theta, kg/m^3]
# name 14 = sbeox0Mg/L: Oxygen, SBE 43 [mg/l]
# name 15 = sbeox1Mg/L: Oxygen, SBE 43, 2 [mg/l]
# name 16 = sbox0Mm/Kg: Oxygen, SBE 43 [umol/kg]
# name 17 = sbox1Mm/Kg: Oxygen, SBE 43, 2 [umol/kg]
# name 18 = sbeox0V: Oxygen raw, SBE 43 [V]
# name 19 = sbeox1V: Oxygen raw, SBE 43, 2 [V]
# name 20 = v4: Voltage 4
# name 21 = flECO-AFL: Fluorescence, WET Labs ECO-AFL/FL [mg/m^3]
# name 22 = v3: Voltage 3
# name 23 = v6: Voltage 6
# name 24 = v7: Voltage 7
# name 25 = longitude: Longitude [deg]
# name 26 = latitude: Latitude [deg]
# name 27 = altM: Altimeter [m]
# name 28 = nbf: Bottles Fired
# name 29 = flag:  0.000e+00
# interval = seconds: 0.0416667
# start_time = Jun 28 2021 09:35:01 [NMEA time, header]
# bad_flag = -9.990e-29
*END*
[from data line 629]
      40404   1683.458     10.318     10.406    11.2750    11.3060  36.143920  36.162324    11.2738    11.3048    31.8771    31.8684    24.2964    24.2841     8.9142     8.7629    271.965    267.353     2.5678     2.3858     0.3138     6.8199     3.1917     1.3651     0.6288 -125.51660   48.81048      99.63         13  0.000e+00
      40405   1683.500     10.364     10.453    11.2763    11.3065  36.145067  36.162706    11.2751    11.3053    31.8771    31.8683    24.2962    24.2840     8.9088     8.7686    271.799    267.525     2.5665     2.3871     0.3138     6.8199     3.1917     1.3651     0.6288 -125.51660   48.81048      99.63         13  0.000e+00
      40406   1683.542     10.325     10.413    11.2777    11.3069  36.146276  36.162643    11.2764    11.3056    31.8771    31.8679    24.2960    24.2836     8.9084     8.7628    271.789    267.349     2.5665     2.3858     0.3138     6.8199     3.1917     1.3651     0.6288 -125.51660   48.81048      99.63         13  0.000e+00
      40407   1683.583     10.364     10.453    11.2809    11.3067  36.148633  36.161815    11.2797    11.3054    31.8766    31.8673    24.2950    24.2832     8.9026     8.7629    271.613    267.353     2.5653     2.3858     0.3150     6.8505     3.1905     1.3639     0.6288 -125.51660   48.81048      99.63         13  0.000e+00
      40408   1683.625     10.318     10.406    11.2866    11.3065  36.153727  36.161369    11.2854    11.3053    31.8767    31.8670    24.2941    24.2830     8.8962     8.7572    271.417    267.179     2.5641     2.3846     0.3138     6.8199     3.1893     1.3639     0.6288 -125.51660   48.81048      99.63         13  0.000e+00
      40409   1683.667     10.318     10.406    11.2913    11.3088  36.156593  36.162451    11.2900    11.3076    31.8755    31.8661    24.2923    24.2818     8.8954     8.7568    271.392    267.167     2.5641     2.3846     0.3138     6.8199     3.1905     1.3639     0.6288 -125.51660   48.81048      99.63         13  0.000e+00
      40410   1683.708     10.272     10.360    11.2947    11.3130  36.159204  36.163342    11.2935    11.3117    31.8751    31.8634    24.2914    24.2790     8.8947     8.7504    271.370    266.971     2.5641     2.3834     0.3138     6.8199     3.1905     1.3639     0.6288 -125.51660   48.81048      99.63         13  0.000e+00
      40411   1683.750     10.265     10.353    11.2978    11.3173  36.161433  36.163278    11.2966    11.3161    31.8746    31.8596    24.2904    24.2753     8.8888     8.7554    271.193    267.125     2.5629     2.3846     0.3150     6.8505     3.1905     1.3639     0.6288 -125.51660   48.81048      99.63         13  0.000e+00
      43767   1823.583     10.156     10.243    11.3625    11.3579  36.189966  36.188547    11.3613    11.3567    31.8467    31.8493    24.2572    24.2601     9.3736     8.9407    285.990    272.783     2.6789     2.4261     0.4127     9.2925     3.1893     1.3614     1.2759 -125.51656   48.81050      99.73         14  0.000e+00
      43768   1823.625     10.103     10.189    11.3625    11.3575  36.189902  36.189375    11.3613    11.3563    31.8467    31.8505    24.2572    24.2610     9.3735     8.9407    285.988    272.782     2.6789     2.4261     0.4042     9.0788     3.1893     1.3614     1.2747 -125.51656   48.81050      99.73         14  0.000e+00
      43769   1823.667     10.261     10.349    11.3628    11.3577  36.189903  36.188739    11.3615    11.3564    31.8464    31.8497    24.2569    24.2604     9.3789     8.9409    286.153    272.788     2.6801     2.4261     0.4029     9.0483     3.1893     1.3614     1.2747 -125.51656   48.81050      99.73         14  0.000e+00
      43770   1823.708     10.103     10.189    11.3625    11.3586  36.190221  36.187974    11.3613    11.3573    31.8470    31.8482    24.2574    24.2591     9.3787     8.9406    286.147    272.780     2.6801     2.4261     0.4042     9.0788     3.1905     1.3614     1.2747 -125.51656   48.81050      99.73         14  0.000e+00
      43771   1823.750     10.056     10.143    11.3624    11.3592  36.189966  36.187083    11.3611    11.3580    31.8469    31.8468    24.2574    24.2579     9.3787     8.9405    286.147    272.777     2.6801     2.4261     0.4042     9.0788     3.1893     1.3614     1.2747 -125.51656   48.81050      99.73         14  0.000e+00
      43772   1823.792     10.202     10.289    11.3622    11.3595  36.190349  36.187592    11.3610    11.3583    31.8473    31.8470    24.2578    24.2580     9.3789     8.9406    286.152    272.780     2.6801     2.4261     0.4042     9.0788     3.1893     1.3614     1.2759 -125.51658   48.81050      99.73         14  0.000e+00
      43773   1823.833     10.116     10.203    11.3617    11.3592  36.190858  36.188038    11.3605    11.3580    31.8483    31.8477    24.2586    24.2586     9.3788     8.9462    286.150    272.950     2.6801     2.4274     0.4042     9.0788     3.1893     1.3614     1.2747 -125.51658   48.81050      99.73         14  0.000e+00
      43774   1823.875     10.156     10.243    11.3617    11.3592  36.191368  36.188165    11.3605    11.3580    31.8488    31.8479    24.2590    24.2587     9.3788     8.9405    286.150    272.778     2.6801     2.4261     0.4042     9.0788     3.1893     1.3614     1.2747 -125.51658   48.81050      99.73         14  0.000e+00
      43775   1823.917     10.103     10.189    11.3611    11.3589  36.191814  36.188356    11.3598    11.3576    31.8498    31.8483    24.2599    24.2591     9.3788     8.9405    286.151    272.777     2.6801     2.4261     0.4042     9.0788     3.1905     1.3614     1.2747 -125.51658   48.81050      99.73         14  0.000e+00
      43776   1823.958     10.162     10.249    11.3611    11.3589  36.191559  36.188484    11.3598    11.3576    31.8496    31.8484    24.2597    24.2592     9.3789     8.9406    286.153    272.779     2.6801     2.4261     0.4042     9.0788     3.1893     1.3614     1.2759 -125.51658   48.81050      99.73         14  0.000e+00
      43777   1824.000     10.156     10.243    11.3611    11.3591  36.191942  36.188484    11.3598    11.3578    31.8499    31.8483    24.2600    24.2590     9.3737     8.9405    285.993    272.778     2.6789     2.4261     0.4042     9.0788     3.1893     1.3614     1.2747 -125.51658   48.81050      99.73         14  0.000e+00
      43778   1824.042     10.103     10.189    11.3611    11.3590  36.191495  36.187528    11.3599    11.3578    31.8495    31.8474    24.2596    24.2584     9.3788     8.9462    286.151    272.952     2.6801     2.4274     0.4042     9.0788     3.1905     1.3614     1.2759 -125.51658   48.81050      99.73         14  0.000e+00
      43779   1824.083     10.162     10.250    11.3609    11.3599  36.191432  36.186701    11.3597    11.3586    31.8496    31.8458    24.2597    24.2570     9.3737     8.9405    285.995    272.778     2.6789     2.4261     0.4042     9.0788     3.1905     1.3614     1.2759 -125.51658   48.81050      99.73         14  0.000e+00
      43780   1824.125     10.103     10.189    11.3611    11.3606  36.191113  36.185618    11.3598    11.3593    31.8491    31.8442    24.2593    24.2556     9.3737     8.9404    285.993    272.775     2.6789     2.4261     0.4042     9.0788     3.1893     1.3614     1.2759 -125.51658   48.81050      99.73         14  0.000e+00
      43781   1824.167     10.156     10.243    11.3616    11.3615  36.190604  36.184790    11.3603    11.3603    31.8482    31.8426    24.2585    24.2542     9.3737     8.9404    285.993    272.774     2.6789     2.4261     0.4042     9.0788     3.1893     1.3614     1.2747 -125.51658   48.81050      99.73         14  0.000e+00
      43782   1824.208     10.116     10.203    11.3617    11.3622  36.190285  36.184408    11.3605    11.3610    31.8477    31.8416    24.2581    24.2533     9.3736     8.9289    285.992    272.424     2.6789     2.4237     0.4042     9.0788     3.1893     1.3614     1.2747 -125.51658   48.81050      99.73         14  0.000e+00
      43783   1824.250     10.156     10.243    11.3619    11.3629  36.190285  36.183580    11.3607    11.3616    31.8476    31.8402    24.2580    24.2521     9.3736     8.9345    285.992    272.597     2.6789     2.4249     0.4042     9.0788     3.1905     1.3614     1.2747 -125.51658   48.81050      99.73         14  0.000e+00
      43784   1824.292     10.103     10.190    11.3622    11.3629  36.189966  36.183135    11.3610    11.3616    31.8470    31.8398    24.2575    24.2518     9.3683     8.9402    285.830    272.769     2.6777     2.4261     0.4042     9.0788     3.1893     1.3614     1.2759 -125.51658   48.81050      99.73         14  0.000e+00
      43785   1824.333     10.116     10.203    11.3622    11.3632  36.189966  36.182371    11.3610    11.3620    31.8470    31.8388    24.2575    24.2509     9.3683     8.9345    285.831    272.596     2.6777     2.4249     0.4042     9.0788     3.1905     1.3614     1.2747 -125.51658   48.81050      99.73         14  0.000e+00
      43786   1824.375     10.103     10.190    11.3624    11.3637  36.190157  36.181861    11.3611    11.3625    31.8471    31.8378    24.2575    24.2501     9.3683     8.9288    285.829    272.421     2.6777     2.4237     0.4042     9.0788     3.1893     1.3614     1.2759 -125.51658   48.81050      99.73         14  0.000e+00
      43787   1824.417     10.156     10.243    11.3623    11.3642  36.189010  36.181288    11.3610    11.3630    31.8460    31.8368    24.2567    24.2492     9.3684     8.9288    285.834    272.422     2.6777     2.4237     0.4042     9.0788     3.1893     1.3614     1.2747 -125.51658   48.81050      99.73         14  0.000e+00
      43788   1824.458     10.103     10.190    11.3624    11.3649  36.189201  36.180142    11.3611    11.3636    31.8462    31.8351    24.2568    24.2478     9.3631     8.9287    285.672    272.419     2.6764     2.4237     0.4042     9.0788     3.1893     1.3614     1.2747 -125.51658   48.81050      99.73         14  0.000e+00
      43789   1824.500     10.116     10.203    11.3624    11.3659  36.189010  36.178869    11.3611    11.3646    31.8460    31.8330    24.2566    24.2460     9.3631     8.9286    285.673    272.417     2.6764     2.4237     0.4042     9.0788     3.1893     1.3614     1.2747 -125.51658   48.81050      99.73         14  0.000e+00
      43790   1824.542     10.103     10.190    11.3624    11.3662  36.189520  36.177786    11.3611    11.3650    31.8465    31.8317    24.2570    24.2449     9.3631     8.9286    285.671    272.417     2.6764     2.4237     0.4042     9.0788     3.1893     1.3614     1.2759 -125.51658   48.81050      99.73         14  0.000e+00
      43791   1824.583     10.103     10.190    11.3624    11.3675  36.189839  36.177340    11.3611    11.3663    31.8468    31.8301    24.2573    24.2434     9.3579     8.9284    285.511    272.412     2.6752     2.4237     0.4042     9.0788     3.1893     1.3614     1.2759 -125.51658   48.81050      99.73         14  0.000e+00
      43792   1824.625     10.116     10.203    11.3624    11.3683  36.189393  36.177022    11.3612    11.3671    31.8463    31.8291    24.2569    24.2425     9.3527     8.9283    285.353    272.410     2.6740     2.4237     0.4042     9.0788     3.1893     1.3614     1.2747 -125.51658   48.81050      99.71         14  0.000e+00
      43793   1824.667     10.057     10.143    11.3624    11.3693  36.189074  36.176703    11.3611    11.3681    31.8460    31.8280    24.2567    24.2414     9.3474     8.9281    285.193    272.404     2.6728     2.4237     0.3724     8.2851     3.1880     1.3614     1.2759 -125.51658   48.81050      99.73         14  0.000e+00
      43794   1824.708     10.156     10.243    11.3625    11.3695  36.188692  36.176131    11.3613    11.3683    31.8455    31.8272    24.2562    24.2408     9.3475     8.9282    285.196    272.407     2.6728     2.4237     0.3468     7.6441     3.1880     1.3614     1.2747 -125.51658   48.81050      99.71         14  0.000e+00
      43795   1824.750     10.064     10.150    11.3622    11.3690  36.188437  36.176194    11.3610    11.3678    31.8455    31.8277    24.2563    24.2413     9.3422     8.9225    285.035    272.233     2.6716     2.4225     0.3419     7.5220     3.1880     1.3614     1.2759 -125.51658   48.81050      99.71         14  0.000e+00
      43796   1824.792     10.103     10.190    11.3627    11.3688  36.188054  36.176067    11.3615    11.3676    31.8447    31.8277    24.2556    24.2413     9.3422     8.9226    285.035    272.235     2.6716     2.4225     0.3431     7.5525     3.1905     1.3614     1.2747 -125.51658   48.81050      99.73         14  0.000e+00
      43797   1824.833     10.057     10.143    11.3626    11.3695  36.187481  36.175812    11.3614    11.3683    31.8443    31.8269    24.2553    24.2406     9.3370     8.9224    284.876    272.231     2.6703     2.4225     0.3443     7.5831     3.1905     1.3614     1.2747 -125.51658   48.81050      99.71         14  0.000e+00
      43798   1824.875     10.117     10.203    11.3625    11.3700  36.187927  36.175430    11.3613    11.3688    31.8447    31.8261    24.2557    24.2398     9.3371     8.9225    284.878    272.232     2.6703     2.4225     0.3443     7.5831     3.1893     1.3614     1.2662 -125.51658   48.81050      99.71         14  0.000e+00
      43799   1824.917     10.057     10.143    11.3627    11.3702  36.187736  36.175366    11.3615    11.3690    31.8444    31.8259    24.2554    24.2397     9.3318     8.9224    284.716    272.229     2.6691     2.4225     0.3443     7.5831     3.1905     1.3614     1.0842 -125.51658   48.81050      99.73         14  0.000e+00
      43800   1824.958     10.103     10.190    11.3627    11.3700  36.187162  36.175112    11.3615    11.3688    31.8438    31.8258    24.2549    24.2396     9.3319     8.9225    284.719    272.232     2.6691     2.4225     0.3443     7.5831     3.1893     1.3614     0.9792 -125.51658   48.81050      99.71         14  0.000e+00
      43801   1825.000     10.017     10.103    11.3629    11.3705  36.186589  36.175239    11.3616    11.3693    31.8432    31.8255    24.2544    24.2393     9.3265     8.9223    284.557    272.226     2.6679     2.4225     0.3443     7.5831     3.1893     1.3614     0.9683 -125.51658   48.81050      99.71         14  0.000e+00
      43802   1825.042     10.103     10.190    11.3629    11.3707  36.186653  36.174857    11.3617    11.3695    31.8432    31.8250    24.2544    24.2388     9.3214     8.9224    284.400    272.229     2.6667     2.4225     0.3443     7.5831     3.1905     1.3614     0.9780 -125.51658   48.81050      99.73         14  0.000e+00
      43803   1825.083     10.057     10.143    11.3629    11.3715  36.186270  36.173965    11.3616    11.3703    31.8429    31.8234    24.2542    24.2375     9.3214     8.9222    284.399    272.226     2.6667     2.4225     0.3443     7.5831     3.1893     1.3614     0.9817 -125.51658   48.81050      99.71         14  0.000e+00
      43804   1825.125     10.057     10.143    11.3630    11.3723  36.185760  36.173010    11.3618    11.3711    31.8422    31.8218    24.2536    24.2361     9.3214     8.9222    284.400    272.224     2.6667     2.4225     0.3443     7.5831     3.1893     1.3614     0.9829 -125.51658   48.81050      99.71         14  0.000e+00
      43805   1825.167     10.064     10.150    11.3633    11.3732  36.185187  36.172565    11.3621    11.3720    31.8414    31.8206    24.2529    24.2350     9.3214     8.9221    284.400    272.221     2.6667     2.4225     0.3443     7.5831     3.1893     1.3614     0.9817 -125.51658   48.81050      99.71         14  0.000e+00
