West Coast/WCOA-7/CTD_Data/RB2102_CTD_119_01.ros
* Sea-Bird SBE 9 Data File:
* FileName = C:\Users\scs.user.rb\CTD\RB2102\Data\RB2102_CTD_119_01.hex
* Software Version Seasave V 7.26.7.107
* Temperature SN = 6202
* Conductivity SN = 4907
* Number of Bytes Per Scan = 41
* Number of Voltage Words = 4
* Number of Scans Averaged by the Deck Unit = 1
* NMEA Latitude = 34 18.82 N
* NMEA Longitude = 120 07.54 W
* NMEA UTC (Time) = Jul 19 2021  02:34:11
* NMEA baud rate = 4800
# nquan = 30
# nvalues = 1176                                  
# units = specified
# name 0 = scan: Scan Count
# name 1 = timeS: Time, Elapsed [seconds]
# name 2 = depSM: Depth [salt water, m]
# name 3 = prDM: Pressure, Digiquartz [db]
# name 4 = t090C: Temperature [ITS-90, deg C]
# name 5 = t190C: Temperature, 2 [ITS-90, deg C]
# name 6 = c0mS/cm: Conductivity [mS/cm]
# name 7 = c1mS/cm: Conductivity, 2 [mS/cm]
# name 8 = potemp090C: Potential Temperature [ITS-90, deg C]
# name 9 = potemp190C: Potential Temperature, 2 [ITS-90, deg C]
# name 10 = sal00: Salinity, Practical [PSU]
# name 11 = sal11: Salinity, Practical, 2 [PSU]
# name 12 = sigma-é00: Density [sigma-theta, kg/m^3]
# name 13 = sigma-é11: Density, 2 [sigma-theta, kg/m^3]
# name 14 = sbeox0Mg/L: Oxygen, SBE 43 [mg/l]
# name 15 = sbeox1Mg/L: Oxygen, SBE 43, 2 [mg/l]
# name 16 = sbox0Mm/Kg: Oxygen, SBE 43 [umol/kg]
# name 17 = sbox1Mm/Kg: Oxygen, SBE 43, 2 [umol/kg]
# name 18 = sbeox0V: Oxygen raw, SBE 43 [V]
# name 19 = sbeox1V: Oxygen raw, SBE 43, 2 [V]
# name 20 = v4: Voltage 4
# name 21 = flECO-AFL: Fluorescence, WET Labs ECO-AFL/FL [mg/m^3]
# name 22 = v3: Voltage 3
# name 23 = v6: Voltage 6
# name 24 = v7: Voltage 7
# name 25 = longitude: Longitude [deg]
# name 26 = latitude: Latitude [deg]
# name 27 = altM: Altimeter [m]
# name 28 = nbf: Bottles Fired
# name 29 = flag:  0.000e+00
# interval = seconds: 0.0416667
# start_time = Jul 19 2021 02:34:11 [NMEA time, header]
# bad_flag = -9.990e-29
*END*
[from data line 726]
      84235   3509.750     99.786    100.530     9.9258     9.9272  36.987691  36.989128     9.9144     9.9158    33.8980    33.8982    26.1058    26.1058     3.9104     3.6431    119.094    110.953     1.3736     1.2625     0.0415     0.0129     3.1722     0.0305     0.0000 -120.12586   34.31188      99.61         15  0.000e+00
      84236   3509.792     99.846    100.590     9.9255     9.9272  36.987563  36.989257     9.9141     9.9158    33.8981    33.8983    26.1060    26.1058     3.9051     3.6432    118.931    110.954     1.3724     1.2625     0.0415     0.0129     3.1722     0.0305     0.0000 -120.12586   34.31188      99.61         15  0.000e+00
      84237   3509.833     99.792    100.537     9.9255     9.9270  36.986984  36.989449     9.9141     9.9156    33.8975    33.8987    26.1056    26.1062     3.9051     3.6432    118.931    110.954     1.3724     1.2625     0.0415     0.0129     3.1722     0.0305     0.0000 -120.12586   34.31188      99.61         15  0.000e+00
      84238   3509.875     99.839    100.584     9.9257     9.9270  36.987563  36.989321     9.9143     9.9156    33.8980    33.8985    26.1059    26.1061     3.9105     3.6432    119.095    110.955     1.3736     1.2625     0.0415     0.0129     3.1709     0.0305     0.0000 -120.12586   34.31188      99.61         15  0.000e+00
      84239   3509.917     99.793    100.537     9.9259     9.9270  36.987306  36.989449     9.9145     9.9156    33.8975    33.8987    26.1055    26.1062     3.9104     3.6432    119.094    110.954     1.3736     1.2625     0.0415     0.0129     3.1709     0.0305     0.0000 -120.12586   34.31188      99.61         15  0.000e+00
      84240   3509.958     99.839    100.584     9.9259     9.9270  36.987627  36.989064     9.9145     9.9156    33.8978    33.8982    26.1057    26.1059     3.9051     3.6432    118.931    110.955     1.3724     1.2625     0.0415     0.0129     3.1722     0.0317     0.0000 -120.12586   34.31188      99.61         15  0.000e+00
      84241   3510.000     99.846    100.590     9.9260     9.9270  36.987563  36.989385     9.9146     9.9156    33.8976    33.8986    26.1056    26.1061     3.9105     3.6432    119.094    110.954     1.3736     1.2625     0.0415     0.0129     3.1722     0.0317     0.0000 -120.12586   34.31188      99.61         15  0.000e+00
      84242   3510.042     99.786    100.530     9.9259     9.9271  36.987691  36.989321     9.9145     9.9157    33.8979    33.8984    26.1058    26.1060     3.9104     3.6432    119.094    110.953     1.3736     1.2625     0.0415     0.0129     3.1722     0.0317     0.0000 -120.12586   34.31188      99.61         15  0.000e+00
      84243   3510.083     99.793    100.537     9.9260     9.9270  36.987563  36.989256     9.9146     9.9156    33.8977    33.8985    26.1056    26.1060     3.9104     3.6490    119.094    111.132     1.3736     1.2637     0.0415     0.0129     3.1722     0.0317     0.0000 -120.12586   34.31188      99.61         15  0.000e+00
      87894   3662.208     79.606     80.195    10.3474    10.3463  37.279293  37.279707    10.3381    10.3370    33.8091    33.8104    25.9644    25.9656     4.3337     4.0518    132.001    123.416     1.4811     1.3578     0.0440     0.0739     3.1685     0.0293     0.0000 -120.12584   34.31186      99.54         16  0.000e+00
      87895   3662.250     79.659     80.249    10.3471    10.3464  37.279036  37.279771    10.3377    10.3371    33.8091    33.8104    25.9644    25.9656     4.3337     4.0518    132.003    123.417     1.4811     1.3578     0.0427     0.0434     3.1709     0.0293     0.0000 -120.12584   34.31186      99.54         16  0.000e+00
      87896   3662.292     79.705     80.296    10.3468    10.3464  37.279165  37.279578    10.3374    10.3371    33.8095    33.8102    25.9648    25.9655     4.3338     4.0519    132.005    123.418     1.4811     1.3578     0.0427     0.0434     3.1685     0.0293     0.0000 -120.12584   34.31186      99.56         16  0.000e+00
      87897   3662.333     79.606     80.195    10.3464    10.3463  37.279036  37.279964    10.3371    10.3370    33.8097    33.8107    25.9650    25.9658     4.3337     4.0518    132.004    123.416     1.4811     1.3578     0.0427     0.0434     3.1685     0.0293     0.0000 -120.12584   34.31186      99.54         16  0.000e+00
      87898   3662.375     79.705     80.296    10.3458    10.3462  37.278456  37.279772    10.3364    10.3369    33.8097    33.8106    25.9651    25.9657     4.3339     4.0519    132.007    123.418     1.4811     1.3578     0.0427     0.0434     3.1685     0.0293     0.0000 -120.12584   34.31186      99.54         16  0.000e+00
      87899   3662.417     79.659     80.249    10.3456    10.3466  37.278327  37.280287    10.3363    10.3372    33.8097    33.8108    25.9652    25.9659     4.3338     4.0518    132.007    123.416     1.4811     1.3578     0.0427     0.0434     3.1685     0.0293     0.0000 -120.12584   34.31186      99.54         16  0.000e+00
      87900   3662.458     79.606     80.195    10.3456    10.3465  37.278584  37.280673    10.3363    10.3372    33.8100    33.8112    25.9654    25.9662     4.3338     4.0518    132.006    123.415     1.4811     1.3578     0.0427     0.0434     3.1697     0.0293     0.0000 -120.12584   34.31186      99.54         16  0.000e+00
      87901   3662.500     79.705     80.296    10.3456    10.3467  37.278391  37.279965    10.3363    10.3374    33.8097    33.8103    25.9652    25.9655     4.3339     4.0518    132.008    123.417     1.4811     1.3578     0.0427     0.0434     3.1697     0.0293     0.0000 -120.12584   34.31186      99.54         16  0.000e+00
      87902   3662.542     79.659     80.249    10.3454    10.3467  37.278069  37.280480    10.3361    10.3374    33.8096    33.8109    25.9651    25.9659     4.3285     4.0518    131.846    123.416     1.4799     1.3578     0.0427     0.0434     3.1697     0.0293     0.0000 -120.12584   34.31186      99.54         16  0.000e+00
      87903   3662.583     79.659     80.249    10.3456    10.3472  37.277682  37.280029    10.3362    10.3379    33.8091    33.8099    25.9647    25.9651     4.3339     4.0518    132.008    123.415     1.4811     1.3578     0.0427     0.0434     3.1697     0.0293     0.0000 -120.12584   34.31186      99.54         16  0.000e+00
      87904   3662.625     79.758     80.349    10.3454    10.3468  37.277618  37.280287    10.3361    10.3375    33.8091    33.8105    25.9648    25.9656     4.3339     4.0518    132.010    123.417     1.4811     1.3578     0.0427     0.0434     3.1697     0.0293     0.0000 -120.12584   34.31186      99.54         16  0.000e+00
      87905   3662.667     79.606     80.195    10.3451    10.3472  37.277875  37.280093    10.3358    10.3379    33.8097    33.8100    25.9653    25.9652     4.3339     4.0517    132.008    123.414     1.4811     1.3578     0.0427     0.0434     3.1685     0.0293     0.0000 -120.12584   34.31186      99.54         16  0.000e+00
      87906   3662.708     79.705     80.296    10.3449    10.3474  37.277811  37.280351    10.3356    10.3381    33.8098    33.8101    25.9654    25.9652     4.3339     4.0518    132.010    123.415     1.4811     1.3578     0.0427     0.0434     3.1685     0.0293     0.0000 -120.12584   34.31186      99.54         16  0.000e+00
      87907   3662.750     79.705     80.296    10.3451    10.3472  37.277618  37.280673    10.3358    10.3378    33.8094    33.8106    25.9651    25.9656     4.3339     4.0518    132.010    123.415     1.4811     1.3578     0.0427     0.0434     3.1697     0.0293     0.0000 -120.12584   34.31186      99.54         16  0.000e+00
      87908   3662.792     79.659     80.249    10.3448    10.3472  37.277876  37.280416    10.3354    10.3379    33.8100    33.8103    25.9656    25.9654     4.3339     4.0460    132.009    123.238     1.4811     1.3565     0.0427     0.0434     3.1685     0.0293     0.0000 -120.12586   34.31186      99.54         16  0.000e+00
      87909   3662.833     79.705     80.296    10.3446    10.3477  37.277424  37.280673    10.3353    10.3384    33.8097    33.8101    25.9654    25.9651     4.3340     4.0517    132.011    123.414     1.4811     1.3578     0.0427     0.0434     3.1685     0.0293     0.0000 -120.12586   34.31186      99.54         16  0.000e+00
      87910   3662.875     79.705     80.296    10.3443    10.3477  37.277296  37.280544    10.3350    10.3383    33.8099    33.8100    25.9655    25.9651     4.3340     4.0517    132.012    123.414     1.4811     1.3578     0.0427     0.0434     3.1685     0.0293     0.0000 -120.12586   34.31186      99.54         16  0.000e+00
      87911   3662.917     79.705     80.296    10.3439    10.3480  37.277296  37.280480    10.3346    10.3387    33.8102    33.8096    25.9659    25.9647     4.3340     4.0459    132.012    123.237     1.4811     1.3565     0.0427     0.0434     3.1685     0.0293     0.0000 -120.12586   34.31186      99.54         16  0.000e+00
      87912   3662.958     79.758     80.349    10.3439    10.3480  37.277489  37.280867    10.3346    10.3387    33.8104    33.8100    25.9660    25.9650     4.3394     4.0459    132.175    123.238     1.4823     1.3565     0.0427     0.0434     3.1685     0.0293     0.0000 -120.12586   34.31186      99.54         16  0.000e+00
      87913   3663.000     79.659     80.249    10.3441    10.3480  37.277231  37.280802    10.3348    10.3387    33.8100    33.8099    25.9657    25.9649     4.3393     4.0517    132.173    123.413     1.4823     1.3578     0.0427     0.0434     3.1685     0.0293     0.0000 -120.12586   34.31186      99.54         16  0.000e+00
      87914   3663.042     79.758     80.349    10.3441    10.3482  37.277231  37.281253    10.3348    10.3388    33.8099    33.8102    25.9656    25.9651     4.3340     4.0517    132.013    123.414     1.4811     1.3578     0.0427     0.0434     3.1685     0.0293     0.0000 -120.12586   34.31186      99.54         16  0.000e+00
      87915   3663.083     79.705     80.296    10.3439    10.3486  37.277038  37.281189    10.3346    10.3392    33.8099    33.8098    25.9657    25.9648     4.3340     4.0517    132.013    123.412     1.4811     1.3578     0.0427     0.0434     3.1685     0.0293     0.0000 -120.12586   34.31186      99.54         16  0.000e+00
      87916   3663.125     79.705     80.296    10.3438    10.3482  37.276973  37.281253    10.3345    10.3389    33.8100    33.8102    25.9657    25.9651     4.3340     4.0517    132.013    123.413     1.4811     1.3578     0.0415     0.0129     3.1685     0.0293     0.0000 -120.12586   34.31186      99.54         16  0.000e+00
      87917   3663.167     79.758     80.349    10.3439    10.3485  37.277167  37.281124    10.3346    10.3392    33.8100    33.8098    25.9657    25.9648     4.3341     4.0517    132.013    123.413     1.4811     1.3578     0.0427     0.0434     3.1685     0.0293     0.0000 -120.12586   34.31186      99.54         16  0.000e+00
      87918   3663.208     79.745     80.336    10.3441    10.3486  37.277038  37.281318    10.3348    10.3392    33.8098    33.8099    25.9655    25.9649     4.3340     4.0517    132.013    123.413     1.4811     1.3578     0.0427     0.0434     3.1673     0.0293     0.0000 -120.12586   34.31186      99.54         16  0.000e+00
      87919   3663.250     79.705     80.296    10.3441    10.3484  37.277167  37.281318    10.3348    10.3390    33.8099    33.8101    25.9656    25.9650     4.3393     4.0517    132.174    123.412     1.4823     1.3578     0.0427     0.0434     3.1673     0.0293     0.0000 -120.12586   34.31186      99.54         16  0.000e+00
      87920   3663.292     79.758     80.349    10.3439    10.3483  37.277102  37.281382    10.3346    10.3390    33.8100    33.8102    25.9657    25.9651     4.3394     4.0517    132.176    123.413     1.4823     1.3578     0.0427     0.0434     3.1685     0.0293     0.0000 -120.12586   34.31186      99.54         16  0.000e+00
      87921   3663.333     79.759     80.349    10.3441    10.3487  37.276973  37.281640    10.3348    10.3394    33.8097    33.8101    25.9654    25.9650     4.3394     4.0459    132.175    123.236     1.4823     1.3565     0.0427     0.0434     3.1685     0.0293     0.0000 -120.12586   34.31186      99.54         16  0.000e+00
      87922   3663.375     79.759     80.349    10.3439    10.3489  37.276973  37.281253    10.3346    10.3395    33.8099    33.8096    25.9656    25.9645     4.3394     4.0459    132.176    123.236     1.4823     1.3565     0.0427     0.0434     3.1685     0.0293     0.0000 -120.12586   34.31186      99.54         16  0.000e+00
      87923   3663.417     79.706     80.296    10.3441    10.3487  37.276715  37.281511    10.3348    10.3394    33.8094    33.8100    25.9652    25.9649     4.3393     4.0516    132.175    123.411     1.4823     1.3578     0.0427     0.0434     3.1685     0.0293     0.0000 -120.12586   34.31186      99.54         16  0.000e+00
      87924   3663.458     79.805     80.396    10.3439    10.3486  37.277103  37.281447    10.3346    10.3393    33.8100    33.8100    25.9657    25.9649     4.3394     4.0517    132.176    123.413     1.4823     1.3578     0.0427     0.0434     3.1685     0.0293     0.0000 -120.12586   34.31186      99.54         16  0.000e+00
      87925   3663.500     79.759     80.350    10.3439    10.3489  37.276780  37.281189    10.3346    10.3395    33.8097    33.8095    25.9654    25.9645     4.3394     4.0459    132.176    123.236     1.4823     1.3565     0.0427     0.0434     3.1685     0.0293     0.0000 -120.12586   34.31186      99.54         16  0.000e+00
      87926   3663.542     79.759     80.350    10.3441    10.3487  37.276651  37.281511    10.3348    10.3394    33.8094    33.8100    25.9652    25.9649     4.3394     4.0459    132.176    123.236     1.4823     1.3565     0.0427     0.0434     3.1685     0.0293     0.0000 -120.12586   34.31186      99.54         16  0.000e+00
      87927   3663.583     79.805     80.396    10.3441    10.3490  37.276909  37.281447    10.3348    10.3397    33.8096    33.8096    25.9654    25.9645     4.3341     4.0459    132.014    123.236     1.4811     1.3565     0.0427     0.0434     3.1685     0.0293     0.0000 -120.12586   34.31186      99.54         16  0.000e+00
      87928   3663.625     79.706     80.296    10.3441    10.3487  37.276715  37.281189    10.3348    10.3394    33.8094    33.8097    25.9652    25.9647     4.3393     4.0459    132.175    123.235     1.4823     1.3565     0.0427     0.0434     3.1685     0.0293     0.0000 -120.12586   34.31186      99.54         16  0.000e+00
      87929   3663.667     79.852     80.443    10.3435    10.3490  37.276394  37.281318    10.3341    10.3397    33.8096    33.8095    25.9655    25.9644     4.3395     4.0459    132.179    123.237     1.4823     1.3565     0.0440     0.0739     3.1685     0.0293     0.0000 -120.12586   34.31186      99.54         16  0.000e+00
      87930   3663.708     79.759     80.350    10.3430    10.3487  37.276071  37.281318    10.3336    10.3394    33.8098    33.8098    25.9657    25.9647     4.3395     4.0459    132.179    123.236     1.4823     1.3565     0.0427     0.0434     3.1685     0.0293     0.0000 -120.12586   34.31186      99.54         16  0.000e+00
      87931   3663.750     79.805     80.396    10.3420    10.3486  37.275491  37.281125    10.3326    10.3393    33.8102    33.8096    25.9662    25.9646     4.3396     4.0459    132.182    123.237     1.4823     1.3565     0.0427     0.0434     3.1685     0.0293     0.0000 -120.12586   34.31186      99.54         16  0.000e+00
