West Coast/WCOA-7/CTD_Data/RB2102_CTD_066_01.ros
* Sea-Bird SBE 9 Data File:
* FileName = C:\Users\scs.user.rb\CTD\RB2102\Data\RB2102_CTD_066_01.hex
* Software Version Seasave V 7.26.7.107
* Temperature SN = 6202
* Conductivity SN = 4907
* Number of Bytes Per Scan = 41
* Number of Voltage Words = 4
* Number of Scans Averaged by the Deck Unit = 1
* NMEA Latitude = 41 59.58 N
* NMEA Longitude = 124 19.60 W
* NMEA UTC (Time) = Jul 07 2021  00:30:38
* NMEA baud rate = 4800
# nquan = 30
# nvalues = 441                                   
# units = specified
# name 0 = scan: Scan Count
# name 1 = timeS: Time, Elapsed [seconds]
# name 2 = depSM: Depth [salt water, m]
# name 3 = prDM: Pressure, Digiquartz [db]
# name 4 = t090C: Temperature [ITS-90, deg C]
# name 5 = t190C: Temperature, 2 [ITS-90, deg C]
# name 6 = c0mS/cm: Conductivity [mS/cm]
# name 7 = c1mS/cm: Conductivity, 2 [mS/cm]
# name 8 = potemp090C: Potential Temperature [ITS-90, deg C]
# name 9 = potemp190C: Potential Temperature, 2 [ITS-90, deg C]
# name 10 = sal00: Salinity, Practical [PSU]
# name 11 = sal11: Salinity, Practical, 2 [PSU]
# name 12 = sigma-é00: Density [sigma-theta, kg/m^3]
# name 13 = sigma-é11: Density, 2 [sigma-theta, kg/m^3]
# name 14 = sbeox0Mg/L: Oxygen, SBE 43 [mg/l]
# name 15 = sbeox1Mg/L: Oxygen, SBE 43, 2 [mg/l]
# name 16 = sbox0Mm/Kg: Oxygen, SBE 43 [umol/kg]
# name 17 = sbox1Mm/Kg: Oxygen, SBE 43, 2 [umol/kg]
# name 18 = sbeox0V: Oxygen raw, SBE 43 [V]
# name 19 = sbeox1V: Oxygen raw, SBE 43, 2 [V]
# name 20 = v4: Voltage 4
# name 21 = flECO-AFL: Fluorescence, WET Labs ECO-AFL/FL [mg/m^3]
# name 22 = v3: Voltage 3
# name 23 = v6: Voltage 6
# name 24 = v7: Voltage 7
# name 25 = longitude: Longitude [deg]
# name 26 = latitude: Latitude [deg]
# name 27 = altM: Altimeter [m]
# name 28 = nbf: Bottles Fired
# name 29 = flag:  0.000e+00
# interval = seconds: 0.0416667
# start_time = Jul 07 2021 00:30:38 [NMEA time, header]
# bad_flag = -9.990e-29
*END*
[from data line 387]
      30501   1270.833      3.521      3.549    13.5083    13.4547  39.681915  39.622147    13.5078    13.4542    33.3285    33.3193    24.9965    25.0002    12.8408    12.8345    391.496    391.300     3.6642     3.4261     0.5470    12.6502     3.2283     0.1502     0.1087 -124.32708   41.99272      38.32          8  0.000e+00
      30502   1270.875      3.521      3.549    13.5068    13.4516  39.681452  39.620365    13.5063    13.4511    33.3294    33.3204    24.9975    25.0017    12.8412    12.8406    391.506    391.488     3.6642     3.4274     0.5470    12.6502     3.2283     0.1502     0.1087 -124.32708   41.99272      38.34          8  0.000e+00
      30503   1270.917      3.534      3.562    13.5066    13.4504  39.680791  39.619969    13.5061    13.4499    33.3289    33.3211    24.9972    25.0025    12.8413    12.8409    391.509    391.497     3.6642     3.4274     0.5470    12.6502     3.2283     0.1502     0.1087 -124.32708   41.99272      38.34          8  0.000e+00
      30504   1270.958      3.521      3.549    13.5068    13.4514  39.679073  39.622214    13.5063    13.4509    33.3272    33.3223    24.9958    25.0032    12.8414    12.8459    391.512    391.648     3.6642     3.4286     0.5470    12.6502     3.2283     0.1502     0.1087 -124.32708   41.99272      38.34          8  0.000e+00
      30505   1271.000      3.567      3.595    13.5065    13.4547  39.675966  39.627165    13.5060    13.4542    33.3245    33.3240    24.9937    25.0039    12.8417    12.8449    391.524    391.617     3.6642     3.4286     0.5470    12.6502     3.2283     0.1502     0.1087 -124.32708   41.99272      38.34          8  0.000e+00
      30511   1271.250      3.468      3.495    13.4867    13.4646  39.652508  39.626041    13.4862    13.4641    33.3199    33.3143    24.9942    24.9944    12.8424    12.8534    391.543    391.881     3.6630     3.4310     0.5470    12.6502     3.2295     0.1490     0.1074 -124.32708   41.99272      38.39          9  0.000e+00
      30512   1271.292      3.759      3.789    13.4826    13.4604  39.649602  39.624194    13.4821    13.4599    33.3206    33.3161    24.9956    24.9966    12.8439    12.8603    391.589    392.089     3.6630     3.4322     0.5482    12.6807     3.2295     0.1490     0.1074 -124.32708   41.99272      38.39          9  0.000e+00
      30513   1271.333      3.421      3.448    13.4811    13.4574  39.638699  39.623269    13.4806    13.4569    33.3118    33.3181    24.9891    24.9987    12.8395    12.8605    391.458    392.093     3.6618     3.4322     0.5629    13.0470     3.2283     0.1502     0.1087 -124.32708   41.99272      38.39          9  0.000e+00
      30514   1271.375      3.567      3.595    13.4710    13.4578  39.609965  39.625580    13.4705    13.4573    33.2937    33.3199    24.9771    25.0000    12.8489    12.8605    391.748    392.093     3.6630     3.4322     0.5714    13.2607     3.2295     0.1514     0.1087 -124.32708   41.99272      38.46          9  0.000e+00
      30515   1271.417      3.521      3.549    13.4394    13.4599  39.567046  39.630927    13.4390    13.4594    33.2810    33.3230    24.9737    25.0020    12.8583    12.8649    392.038    392.227     3.6630     3.4335     0.5739    13.3218     3.2283     0.1514     0.1087 -124.32708   41.99272      38.51          9  0.000e+00
      30516   1271.458      3.567      3.595    13.3933    13.4695  39.534971  39.643670    13.3928    13.4690    33.2912    33.3266    24.9909    25.0028    12.8701    12.8620    392.391    392.137     3.6630     3.4335     0.5726    13.2912     3.2295     0.1514     0.1087 -124.32708   41.99272      38.53          9  0.000e+00
      30517   1271.500      3.580      3.609    13.3629    13.4843  39.516299  39.656942    13.3624    13.4838    33.3002    33.3261    25.0040    24.9995    12.8777    12.8632    392.616    392.176     3.6630     3.4347     0.5726    13.2912     3.2283     0.1514     0.1099 -124.32708   41.99272      38.51          9  0.000e+00
      30518   1271.542      3.567      3.595    13.3543    13.4905  39.508976  39.664999    13.3538    13.4900    33.3008    33.3282    25.0062    24.9999    12.8799    12.8612    392.684    392.117     3.6630     3.4347     0.5726    13.2912     3.2295     0.1526     0.1099 -124.32708   41.99272      38.51          9  0.000e+00
      30519   1271.583      3.567      3.595    13.3557    13.4966  39.504225  39.667442    13.3552    13.4961    33.2952    33.3252    25.0015    24.9963    12.8800    12.8651    392.688    392.236     3.6630     3.4359     0.5726    13.2912     3.2283     0.1538     0.1099 -124.32708   41.99272      38.51          9  0.000e+00
      30520   1271.625      3.613      3.642    13.3473    13.5008  39.488789  39.667111    13.3468    13.5003    33.2880    33.3212    24.9976    24.9924    12.8879    12.8697    392.930    392.377     3.6642     3.4371     0.5726    13.2912     3.2283     0.1538     0.1099 -124.32708   41.99272      38.56          9  0.000e+00
      30521   1271.667      3.521      3.549    13.3335    13.5020  39.474278  39.664865    13.3330    13.5015    33.2864    33.3181    24.9992    24.9897    12.8867    12.8695    392.892    392.371     3.6630     3.4371     0.5726    13.2912     3.2295     0.1538     0.1111 -124.32708   41.99272      38.58          9  0.000e+00
      30522   1271.708      3.613      3.642    13.3201    13.4961  39.465046  39.657469    13.3196    13.4956    33.2895    33.3163    25.0043    24.9895    12.8902    12.8768    392.999    392.594     3.6630     3.4383     0.5714    13.2607     3.2295     0.1551     0.1111 -124.32708   41.99272      38.58          9  0.000e+00
      30523   1271.750      3.613      3.642    13.2995    13.4801  39.448760  39.638056    13.2990    13.4796    33.2922    33.3120    25.0105    24.9895    12.9006    12.8816    393.312    392.743     3.6642     3.4383     0.5726    13.2912     3.2283     0.1551     0.1111 -124.32708   41.99272      38.56          9  0.000e+00
      30524   1271.792      3.613      3.642    13.2656    13.4554  39.427402  39.618582    13.2651    13.4549    33.3018    33.3154    25.0247    24.9970    12.9091    12.8937    393.565    393.109     3.6642     3.4396     0.5714    13.2607     3.2283     0.1563     0.1111 -124.32708   41.99272      38.56          9  0.000e+00
      30525   1271.833      3.613      3.642    13.2364    13.4411  39.420088  39.608616    13.2359    13.4406    33.3204    33.3185    25.0450    25.0023    12.9155    12.9029    393.754    393.386     3.6642     3.4408     0.5726    13.2912     3.2283     0.1563     0.1123 -124.32708   41.99272      38.56          9  0.000e+00
      30526   1271.875      3.613      3.642    13.2187    13.4235  39.425759  39.597991    13.2182    13.4230    33.3413    33.3239    25.0647    25.0101    12.9187    12.9128    393.843    393.686     3.6642     3.4420     0.5714    13.2607     3.2283     0.1575     0.1123 -124.32708   41.99272      38.63          9  0.000e+00
      30527   1271.917      3.666      3.695    13.2197    13.4094  39.428331  39.590733    13.2192    13.4089    33.3428    33.3294    25.0657    25.0172    12.9184    12.9165    393.833    393.794     3.6642     3.4420     0.5726    13.2912     3.2283     0.1587     0.1123 -124.32708   41.99272      38.66          9  0.000e+00
      30528   1271.958      3.613      3.642    13.2206    13.4055  39.429253  39.586906    13.2201    13.4050    33.3430    33.3293    25.0656    25.0179    12.9180    12.9229    393.823    393.989     3.6642     3.4432     0.5726    13.2912     3.2295     0.1600     0.1123 -124.32708   41.99272      38.66          9  0.000e+00
      30529   1272.000      3.613      3.642    13.2289    13.3815  39.437098  39.563879    13.2284    13.3810    33.3430    33.3286    25.0640    25.0222    12.9158    12.9298    393.754    394.197     3.6642     3.4432     0.5714    13.2607     3.2295     0.1612     0.1136 -124.32708   41.99272      38.66          9  0.000e+00
      30530   1272.042      3.713      3.742    13.2432    13.3431  39.447778  39.526942    13.2426    13.3426    33.3406    33.3275    25.0592    25.0291    12.9172    12.9464    393.799    394.700     3.6654     3.4444     0.5714    13.2607     3.2283     0.1612     0.1136 -124.32708   41.99272      38.66          9  0.000e+00
      30531   1272.083      3.633      3.662    13.2534    13.3128  39.452063  39.498852    13.2529    13.3123    33.3357    33.3276    25.0534    25.0352    12.9097    12.9549    393.573    394.957     3.6642     3.4444     0.5726    13.2912     3.2295     0.1624     0.1136 -124.32708   41.99272      38.66          9  0.000e+00
      30532   1272.125      3.666      3.695    13.2559    13.2778  39.449689  39.470376    13.2554    13.2773    33.3312    33.3315    25.0494    25.0453    12.9094    12.9700    393.566    395.415     3.6642     3.4457     0.5714    13.2607     3.2283     0.1636     0.1136 -124.32708   41.99272      38.75          9  0.000e+00
      30533   1272.167      3.666      3.695    13.2537    13.2569  39.447711  39.458053    13.2532    13.2564    33.3313    33.3382    25.0499    25.0546    12.9051    12.9808    393.433    395.741     3.6630     3.4469     0.5726    13.2912     3.2283     0.1636     0.1148 -124.32708   41.99272      38.80          9  0.000e+00
      30534   1272.208      3.713      3.742    13.2621    13.2772  39.474947  39.482308    13.2616    13.2767    33.3496    33.3432    25.0624    25.0545    12.9014    12.9747    393.316    395.554     3.6630     3.4469     0.5714    13.2607     3.2283     0.1648     0.1148 -124.32708   41.99272      38.80          9  0.000e+00
      30535   1272.250      3.666      3.695    13.3106    13.3013  39.529636  39.504261    13.3101    13.3008    33.3585    33.3428    25.0596    25.0493    12.8874    12.9731    392.890    395.508     3.6630     3.4481     0.5714    13.2607     3.2295     0.1648     0.1148 -124.32708   41.99272      38.80          9  0.000e+00
      30536   1272.292      3.713      3.742    13.3455    13.3094  39.552667  39.512833    13.3450    13.3089    33.3496    33.3437    25.0457    25.0484    12.8787    12.9708    392.630    395.438     3.6630     3.4481     0.5714    13.2607     3.2295     0.1661     0.1160 -124.32708   41.99272      38.80          9  0.000e+00
      30537   1272.333      3.759      3.789    13.3485    13.3150  39.547320  39.524571    13.3480    13.3145    33.3419    33.3498    25.0391    25.0520    12.8785    12.9742    392.629    395.539     3.6630     3.4493     0.5726    13.2912     3.2295     0.1661     0.1160 -124.32708   41.99272      38.78          9  0.000e+00
      30538   1272.375      3.666      3.695    13.3466    13.3336  39.556100  39.545412    13.3461    13.3331    33.3518    33.3532    25.0472    25.0508    12.8731    12.9684    392.461    395.364     3.6618     3.4493     0.5726    13.2912     3.2283     0.1673     0.1172 -124.32708   41.99272      38.68          9  0.000e+00
      30539   1272.417      3.759      3.789    13.3590    13.3445  39.579272  39.544026    13.3585    13.3440    33.3627    33.3423    25.0531    25.0402    12.8690    12.9717    392.334    395.469     3.6618     3.4505     0.5385    12.4365     3.2283     0.1685     0.1172 -124.32708   41.99272      38.63          9  0.000e+00
      30540   1272.458      3.759      3.789    13.3846    13.3175  39.604627  39.510919    13.3841    13.3170    33.3641    33.3348    25.0491    25.0399    12.8570    12.9800    391.970    395.723     3.6606     3.4505     0.5104    11.7345     3.2283     0.1685     0.1172 -124.32708   41.99272      38.63          9  0.000e+00
      30541   1272.500      3.713      3.742    13.4078    13.2953  39.616843  39.487910    13.4073    13.2948    33.3553    33.3326    25.0375    25.0426    12.8464    12.9865    391.651    395.919     3.6593     3.4505     0.5055    11.6124     3.2283     0.1685     0.1172 -124.32708   41.99272      38.63          9  0.000e+00
      30542   1272.542      3.759      3.789    13.4282    13.3015  39.610236  39.493448    13.4277    13.3010    33.3312    33.3324    25.0148    25.0412    12.8380    12.9902    391.401    396.032     3.6581     3.4518     0.5067    11.6429     3.2283     0.1697     0.1184 -124.32708   41.99272      38.63          9  0.000e+00
      30543   1272.583      3.759      3.789    13.4445    13.2993  39.594977  39.493052    13.4440    13.2988    33.3027    33.3339    24.9894    25.0428    12.8359    12.9907    391.347    396.047     3.6581     3.4518     0.5079    11.6734     3.2283     0.1697     0.1184 -124.32708   41.99272      38.63          9  0.000e+00
      30544   1272.625      3.779      3.809    13.4279    13.2823  39.574245  39.478089    13.4274    13.2818    33.2977    33.3347    24.9889    25.0469    12.8358    12.9955    391.346    396.193     3.6569     3.4518     0.5079    11.6734     3.2283     0.1697     0.1184 -124.32708   41.99272      38.63          9  0.000e+00
      30545   1272.667      3.759      3.789    13.4078    13.2943  39.561505  39.478087    13.4073    13.2938    33.3033    33.3243    24.9973    25.0364    12.8358    12.9929    391.343    396.117     3.6557     3.4518     0.5079    11.6734     3.2283     0.1709     0.1197 -124.32708   41.99272      38.61          9  0.000e+00
      30546   1272.708      3.812      3.842    13.3940    13.3049  39.558867  39.489030    13.3935    13.3044    33.3129    33.3253    25.0075    25.0350    12.8340    12.9953    391.282    396.189     3.6545     3.4530     0.5079    11.6734     3.2283     0.1709     0.1197 -124.32708   41.99272      38.61          9  0.000e+00
      30547   1272.750      3.812      3.842    13.3836    13.3192  39.555964  39.506897    13.3831    13.3187    33.3193    33.3295    25.0146    25.0354    12.8313    12.9908    391.198    396.053     3.6532     3.4530     0.5079    11.6734     3.2283     0.1722     0.1197 -124.32708   41.99272      38.61          9  0.000e+00
      30548   1272.792      3.812      3.842    13.3729    13.3571  39.545139  39.540264    13.3723    13.3565    33.3185    33.3277    25.0161    25.0264    12.8343    12.9801    391.288    395.731     3.6532     3.4530     0.5079    11.6734     3.2283     0.1722     0.1197 -124.32708   41.99272      38.61          9  0.000e+00
      30549   1272.833      3.812      3.842    13.3588    13.3862  39.529565  39.564737    13.3583    13.3857    33.3161    33.3252    25.0171    25.0186    12.8333    12.9720    391.259    395.486     3.6520     3.4530     0.5079    11.6734     3.2283     0.1722     0.1209 -124.32708   41.99272      38.61          9  0.000e+00
      30550   1272.875      3.812      3.842    13.3448    13.4022  39.517952  39.572983    13.3443    13.4016    33.3175    33.3190    25.0210    25.0106    12.8271    12.9679    391.068    395.365     3.6496     3.4530     0.5079    11.6734     3.2271     0.1722     0.1209 -124.32708   41.99272      38.58          9  0.000e+00
      30551   1272.917      3.858      3.889    13.3366    13.4121  39.514852  39.574697    13.3361    13.4115    33.3217    33.3119    25.0259    25.0031    12.8241    12.9658    390.974    395.302     3.6484     3.4530     0.5079    11.6734     3.2271     0.1722     0.1209 -124.32708   41.99272      38.61          9  0.000e+00
      30552   1272.958      3.812      3.842    13.3323    13.4148  39.518086  39.570671    13.3318    13.4142    33.3286    33.3058    25.0321    24.9979    12.8197    12.9654    390.838    395.293     3.6471     3.4530     0.5079    11.6734     3.2283     0.1734     0.1209 -124.32708   41.99272      38.58          9  0.000e+00
      30553   1273.000      3.858      3.889    13.3339    13.4042  39.526268  39.559522    13.3334    13.4037    33.3348    33.3046    25.0366    24.9990    12.8139    12.9686    390.659    395.390     3.6459     3.4530     0.5079    11.6734     3.2271     0.1734     0.1209 -124.32708   41.99272      38.61          9  0.000e+00
