West Coast/WCOA-7/CTD_Data/RB2102_CTD_039_01.ros
* Sea-Bird SBE 9 Data File:
* FileName = C:\Users\scs.user.rb\CTD\RB2102\Data\RB2102_CTD_039_01.hex
* Software Version Seasave V 7.26.7.107
* Temperature SN = 6202
* Conductivity SN = 4907
* Number of Bytes Per Scan = 41
* Number of Voltage Words = 4
* Number of Scans Averaged by the Deck Unit = 1
* NMEA Latitude = 47 06.93 N
* NMEA Longitude = 124 58.86 W
* NMEA UTC (Time) = Jul 02 2021  13:07:40
* NMEA baud rate = 4800
# nquan = 30
# nvalues = 1029                                  
# units = specified
# name 0 = scan: Scan Count
# name 1 = timeS: Time, Elapsed [seconds]
# name 2 = depSM: Depth [salt water, m]
# name 3 = prDM: Pressure, Digiquartz [db]
# name 4 = t090C: Temperature [ITS-90, deg C]
# name 5 = t190C: Temperature, 2 [ITS-90, deg C]
# name 6 = c0mS/cm: Conductivity [mS/cm]
# name 7 = c1mS/cm: Conductivity, 2 [mS/cm]
# name 8 = potemp090C: Potential Temperature [ITS-90, deg C]
# name 9 = potemp190C: Potential Temperature, 2 [ITS-90, deg C]
# name 10 = sal00: Salinity, Practical [PSU]
# name 11 = sal11: Salinity, Practical, 2 [PSU]
# name 12 = sigma-é00: Density [sigma-theta, kg/m^3]
# name 13 = sigma-é11: Density, 2 [sigma-theta, kg/m^3]
# name 14 = sbeox0Mg/L: Oxygen, SBE 43 [mg/l]
# name 15 = sbeox1Mg/L: Oxygen, SBE 43, 2 [mg/l]
# name 16 = sbox0Mm/Kg: Oxygen, SBE 43 [umol/kg]
# name 17 = sbox1Mm/Kg: Oxygen, SBE 43, 2 [umol/kg]
# name 18 = sbeox0V: Oxygen raw, SBE 43 [V]
# name 19 = sbeox1V: Oxygen raw, SBE 43, 2 [V]
# name 20 = v4: Voltage 4
# name 21 = flECO-AFL: Fluorescence, WET Labs ECO-AFL/FL [mg/m^3]
# name 22 = v3: Voltage 3
# name 23 = v6: Voltage 6
# name 24 = v7: Voltage 7
# name 25 = longitude: Longitude [deg]
# name 26 = latitude: Latitude [deg]
# name 27 = altM: Altimeter [m]
# name 28 = nbf: Bottles Fired
# name 29 = flag:  0.000e+00
# interval = seconds: 0.0416667
# start_time = Jul 02 2021 13:07:40 [NMEA time, header]
# bad_flag = -9.990e-29
*END*
[from data line 774]
      79696   3320.625     20.244     20.415    10.2877    10.2137  35.615223  35.560514    10.2854    10.2114    32.2128    32.2235    24.7287    24.7495     6.5949     6.8308    201.121    208.310     1.9939     1.9353     0.0708     0.7455     3.2711     1.2173     0.0000 -124.98212   47.11508      99.32         16  0.000e+00
      79697   3320.667     20.251     20.422    10.2894    10.2043  35.612373  35.555519    10.2871    10.2020    32.2085    32.2269    24.7251    24.7536     6.6002     6.8322    201.283    208.351     1.9951     1.9353     0.0708     0.7455     3.2711     1.2173     0.0000 -124.98212   47.11508      99.32         16  0.000e+00
      79698   3320.708     20.291     20.462    10.2862    10.1970  35.608448  35.554825    10.2839    10.1947    32.2073    32.2326    24.7247    24.7593     6.6008     6.8390    201.300    208.557     1.9951     1.9365     0.0696     0.7149     3.2723     1.2173     0.0000 -124.98212   47.11508      99.32         16  0.000e+00
      79699   3320.750     20.297     20.468    10.2805    10.1939  35.601611  35.559251    10.2782    10.1916    32.2055    32.2399    24.7242    24.7655     6.5964     6.8392    201.166    208.562     1.9939     1.9365     0.0696     0.7149     3.2723     1.2173     0.0000 -124.98212   47.11508      99.32         16  0.000e+00
      79700   3320.792     20.291     20.462    10.2709    10.1961  35.596041  35.563298    10.2686    10.1938    32.2085    32.2420    24.7282    24.7668     6.6030     6.8387    201.368    208.548     1.9951     1.9365     0.0696     0.7149     3.2723     1.2161     0.0000 -124.98212   47.11508      99.32         16  0.000e+00
      79701   3320.833     20.344     20.515    10.2646    10.2011  35.594396  35.567472    10.2623    10.1988    32.2124    32.2417    24.7322    24.7658     6.6039     6.8380    201.392    208.525     1.9951     1.9365     0.0696     0.7149     3.2723     1.2173     0.0000 -124.98212   47.11508      99.32         16  0.000e+00
      79702   3320.875     20.297     20.468    10.2599    10.2078  35.591168  35.571455    10.2576    10.2055    32.2133    32.2398    24.7338    24.7632     6.6045     6.8427    201.411    208.671     1.9951     1.9377     0.0696     0.7149     3.2723     1.2173     0.0000 -124.98212   47.11508      99.32         16  0.000e+00
      79703   3320.917     20.244     20.415    10.2525    10.2129  35.582750  35.571897    10.2502    10.2106    32.2114    32.2357    24.7335    24.7591     6.6056     6.8420    201.446    208.651     1.9951     1.9377     0.0696     0.7149     3.2723     1.2173     0.0000 -124.98212   47.11508      99.32         16  0.000e+00
      79704   3320.958     20.344     20.515    10.2402    10.2139  35.569904  35.569367    10.2379    10.2116    32.2094    32.2323    24.7340    24.7563     6.6076     6.8421    201.508    208.654     1.9951     1.9377     0.0708     0.7455     3.2711     1.2173     0.0000 -124.98212   47.11508      99.32         16  0.000e+00
      79705   3321.000     20.291     20.462    10.2187    10.2140  35.551618  35.567660    10.2164    10.2117    32.2101    32.2304    24.7382    24.7548     6.6162     6.8480    201.767    208.832     1.9963     1.9389     0.0708     0.7455     3.2723     1.2173     0.0000 -124.98212   47.11508      99.29         16  0.000e+00
      82277   3428.167     15.636     15.767    12.1880    11.7940  36.969383  36.671346    12.1860    11.7921    31.8917    31.9416    24.1414    24.2530     9.1833     9.5161    280.219    290.340     2.6728     2.5702     0.0916     1.2644     3.2662     0.8608     0.0000 -124.98212   47.11508      99.73         17  0.000e+00
      82278   3428.208     15.576     15.707    12.2005    11.8192  36.986732  36.684082    12.1985    11.8172    31.8978    31.9324    24.1438    24.2412     9.1702     9.5055    279.817    290.020     2.6703     2.5690     0.0916     1.2644     3.2650     0.8620     0.0000 -124.98212   47.11508      99.71         17  0.000e+00
      82279   3428.250     15.576     15.707    12.2207    11.8258  37.024656  36.697206    12.2187    11.8239    31.9169    31.9393    24.1549    24.2454     9.1599     9.4924    279.501    289.619     2.6691     2.5665     0.0916     1.2644     3.2662     0.8608     0.0000 -124.98212   47.11508      99.73         17  0.000e+00
      82280   3428.292     15.636     15.767    12.2598    11.8247  37.079125  36.700023    12.2578    11.8227    31.9357    31.9430    24.1621    24.2485     9.1460     9.4869    279.074    289.450     2.6679     2.5653     0.0904     1.2339     3.2650     0.8620     0.0000 -124.98212   47.11508      99.73         17  0.000e+00
      82281   3428.333     15.477     15.607    12.3231    11.8447  37.130790  36.711802    12.3211    11.8427    31.9313    31.9373    24.1468    24.2404     9.1233     9.4715    278.385    288.982     2.6654     2.5629     0.0916     1.2644     3.2650     0.8620     0.0000 -124.98212   47.11508      99.71         17  0.000e+00
      82282   3428.375     15.537     15.667    12.3588    11.8918  37.153253  36.744141    12.3568    11.8899    31.9224    31.9281    24.1331    24.2246     9.1066     9.4563    277.879    288.523     2.6630     2.5617     0.0916     1.2644     3.2650     0.8620     0.0000 -124.98212   47.11508      99.71         17  0.000e+00
      82283   3428.417     15.477     15.607    12.3766    11.9296  37.163745  36.767392    12.3746    11.9277    31.9173    31.9182    24.1259    24.2099     9.1033     9.4374    277.781    287.953     2.6630     2.5592     0.0916     1.2644     3.2662     0.8608     0.0000 -124.98212   47.11508      99.71         17  0.000e+00
      82284   3428.458     15.431     15.561    12.3974    11.9410  37.192272  36.761688    12.3954    11.9391    31.9269    31.9030    24.1293    24.1960     9.0935     9.4302    277.481    287.737     2.6618     2.5580     0.0916     1.2644     3.2650     0.8620     0.0000 -124.98212   47.11508      99.73         17  0.000e+00
      82285   3428.500     15.437     15.567    12.4364    11.9275  37.237945  36.741254    12.4344    11.9255    31.9373    31.8948    24.1300    24.1922     9.0802     9.4224    277.073    287.499     2.6606     2.5556     0.0916     1.2644     3.2650     0.8632     0.0000 -124.98212   47.11508      99.71         17  0.000e+00
      82286   3428.542     15.384     15.514    12.4813    11.9196  37.278611  36.752721    12.4793    11.9177    31.9379    31.9126    24.1220    24.2075     9.0611     9.4174    276.493    287.341     2.6581     2.5543     0.0916     1.2644     3.2637     0.8645     0.0000 -124.98212   47.11508      99.71         17  0.000e+00
      82287   3428.583     15.384     15.514    12.5292    11.9553  37.314779  36.796804    12.5272    11.9533    31.9317    31.9247    24.1081    24.2102     9.0470     9.4034    276.066    286.914     2.6569     2.5531     0.0916     1.2644     3.2650     0.8645     0.0000 -124.98212   47.11508      99.71         17  0.000e+00
      82288   3428.625     15.338     15.467    12.5711    11.9669  37.345220  36.805969    12.5691    11.9649    31.9252    31.9236    24.0950    24.2072     9.0340     9.3953    275.675    286.669     2.6557     2.5519     0.0916     1.2644     3.2650     0.8645     0.0000 -124.98212   47.11508      99.73         17  0.000e+00
      82289   3428.667     15.332     15.461    12.6008    11.9676  37.364702  36.803469    12.5988    11.9656    31.9184    31.9206    24.0841    24.2048     9.0286     9.3842    275.513    286.328     2.6557     2.5495     0.0916     1.2644     3.2650     0.8645     0.0000 -124.98212   47.11508      99.71         17  0.000e+00
      82290   3428.708     15.332     15.461    12.6221    12.0045  37.378896  36.854374    12.6201    12.0026    31.9139    31.9380    24.0765    24.2115     9.0196     9.3696    275.241    285.884     2.6545     2.5482     0.0916     1.2644     3.2650     0.8645     0.0000 -124.98212   47.11508      99.71         17  0.000e+00
      82291   3428.750     15.292     15.421    12.6369    12.0607  37.388963  36.930655    12.6349    12.0588    31.9109    31.9634    24.0714    24.2208     9.0118     9.3561    275.003    285.469     2.6532     2.5482     0.0916     1.2644     3.2650     0.8645     0.0000 -124.98212   47.11508      99.71         17  0.000e+00
      82292   3428.792     15.232     15.361    12.6476    12.1502  37.394900  37.003911    12.6457    12.1483    31.9075    31.9573    24.0667    24.1993     9.0048     9.3263    274.790    284.563     2.6520     2.5458     0.0904     1.2339     3.2650     0.8645     0.0000 -124.98212   47.11508      99.71         17  0.000e+00
      82293   3428.833     15.285     15.414    12.6529    12.2724  37.399289  37.041291    12.6509    12.2704    31.9072    31.8890    24.0655    24.1235     9.0038     9.3045    274.762    283.922     2.6520     2.5458     0.0916     1.2644     3.2650     0.8632     0.0000 -124.98212   47.11508      99.71         17  0.000e+00
      82294   3428.875     15.193     15.321    12.6616    12.3454  37.408390  37.013138    12.6597    12.3434    31.9085    31.8000    24.0648    24.0408     9.0020     9.2887    274.705    283.462     2.6520     2.5446     0.0916     1.2644     3.2650     0.8645     0.0000 -124.98212   47.11508      99.71         17  0.000e+00
      82295   3428.917     15.232     15.361    12.6723    12.3436  37.417298  36.955657    12.6703    12.3416    31.9079    31.7466    24.0623    23.9998     9.0000     9.2867    274.645    283.412     2.6520     2.5433     0.0916     1.2644     3.2650     0.8645     0.0000 -124.98212   47.11508      99.71         17  0.000e+00
      82296   3428.958     15.140     15.267    12.6840    12.3162  37.428208  36.917402    12.6820    12.3143    31.9084    31.7333    24.0604    23.9946     8.9925     9.2876    274.417    283.439     2.6508     2.5421     0.0916     1.2644     3.2650     0.8645     0.0000 -124.98212   47.11508      99.71         17  0.000e+00
      82297   3429.000     15.146     15.274    12.7039    12.2732  37.445125  36.914712    12.7019    12.2713    31.9076    31.7671    24.0560    24.0289     8.9887     9.2946    274.303    283.646     2.6508     2.5421     0.0916     1.2644     3.2650     0.8645     0.0000 -124.98212   47.11508      99.71         17  0.000e+00
      82298   3429.042     15.140     15.267    12.7244    12.2508  37.461334  36.944946    12.7224    12.2489    31.9056    31.8150    24.0505    24.0702     8.9849     9.2910    274.187    283.522     2.6508     2.5409     0.0916     1.2644     3.2650     0.8645     0.0000 -124.98212   47.11508      99.68         17  0.000e+00
      82299   3429.083     15.140     15.267    12.7388    12.3112  37.473671  36.988218    12.7368    12.3093    31.9051    31.8052    24.0473    24.0513     8.9872     9.2788    274.258    283.158     2.6520     2.5409     0.0916     1.2644     3.2650     0.8632     0.0000 -124.98212   47.11508      99.71         17  0.000e+00
      82300   3429.125     15.094     15.221    12.7496    12.3756  37.483360  37.006967    12.7476    12.3737    31.9052    31.7686    24.0453    24.0108     8.9850     9.2619    274.193    282.651     2.6520     2.5397     0.0916     1.2644     3.2650     0.8632     0.0000 -124.98212   47.11508      99.71         17  0.000e+00
      82301   3429.167     15.087     15.214    12.7576    12.4095  37.492599  37.010946    12.7557    12.4076    31.9071    31.7437    24.0453    23.9851     8.9834     9.2562    274.143    282.486     2.6520     2.5397     0.0916     1.2644     3.2650     0.8632     0.0000 -124.98212   47.11508      99.71         17  0.000e+00
      82302   3429.208     15.087     15.214    12.7684    12.4140  37.503712  37.074118    12.7664    12.4121    31.9085    31.8001    24.0443    24.0280     8.9812     9.2465    274.077    282.176     2.6520     2.5385     0.0916     1.2644     3.2650     0.8645     0.0000 -124.98212   47.11508      99.71         17  0.000e+00
      82303   3429.250     15.047     15.174    12.7816    12.4282  37.511207  37.148461    12.7796    12.4263    31.9046    31.8590    24.0387    24.0709     8.9839     9.2400    274.161    281.968     2.6532     2.5385     0.0916     1.2644     3.2650     0.8645     0.0000 -124.98212   47.11508      99.71         17  0.000e+00
      82304   3429.292     15.041     15.167    12.7927    12.4065  37.519414  37.182955    12.7908    12.4046    31.9029    31.9104    24.0352    24.1148     8.9819     9.2416    274.099    282.002     2.6532     2.5385     0.0916     1.2644     3.2637     0.8645     0.0000 -124.98212   47.11508      99.73         17  0.000e+00
      82305   3429.333     15.041     15.167    12.8094    12.4103  37.534796  37.250172    12.8074    12.4084    31.9034    31.9713    24.0324    24.1613     8.9786     9.2317    274.001    281.688     2.6532     2.5372     0.0916     1.2644     3.2650     0.8645     0.0000 -124.98212   47.11508      99.71         17  0.000e+00
      82306   3429.375     15.001     15.127    12.8217    12.4868  37.546173  37.349919    12.8197    12.4848    31.9038    32.0014    24.0303    24.1701     8.9812     9.2140    274.082    281.146     2.6545     2.5372     0.0916     1.2644     3.2637     0.8632     0.0000 -124.98212   47.11508      99.71         17  0.000e+00
      82307   3429.417     14.942     15.067    12.8287    12.5887  37.551861  37.390729    12.8267    12.5868    31.9032    31.9536    24.0286    24.1137     8.9849     9.1956    274.194    280.600     2.6557     2.5372     0.0916     1.2644     3.2650     0.8645     0.0000 -124.98212   47.11508      99.71         17  0.000e+00
      82308   3429.458     15.041     15.167    12.8420    12.6235  37.559748  37.353256    12.8400    12.6215    31.8994    31.8885    24.0231    24.0566     8.9827     9.1923    274.127    280.514     2.6557     2.5372     0.0916     1.2644     3.2637     0.8645     0.0000 -124.98212   47.11508      99.71         17  0.000e+00
      82309   3429.500     14.948     15.074    12.8595    12.6018  37.571192  37.344038    12.8576    12.5999    31.8955    31.8981    24.0166    24.0682     8.9845     9.1961    274.184    280.627     2.6569     2.5372     0.0916     1.2644     3.2637     0.8632     0.0000 -124.98212   47.11508      99.71         17  0.000e+00
      82310   3429.542     14.942     15.067    12.8704    12.6054  37.577399  37.364349    12.8684    12.6035    31.8922    31.9144    24.0120    24.0801     8.9876     9.1944    274.281    280.573     2.6581     2.5372     0.0928     1.2949     3.2650     0.8632     0.0000 -124.98212   47.11508      99.71         17  0.000e+00
      82311   3429.583     14.942     15.067    12.8763    12.6216  37.580438  37.381437    12.8744    12.6197    31.8900    31.9169    24.0091    24.0789     8.9866     9.1909    274.251    280.466     2.6581     2.5372     0.0940     1.3254     3.2637     0.8645     0.0000 -124.98212   47.11508      99.71         17  0.000e+00
      82312   3429.625     14.902     15.027    12.8791    12.6422  37.582895  37.421367    12.8772    12.6402    31.8900    31.9374    24.0086    24.0909     8.9911     9.1910    274.387    280.465     2.6593     2.5385     0.0940     1.3254     3.2650     0.8645     0.0000 -124.98212   47.11508      99.71         17  0.000e+00
      82313   3429.667     14.942     15.067    12.8772    12.6917  37.583672  37.502828    12.8752    12.6898    31.8924    31.9727    24.0108    24.1087     9.0065     9.1788    274.858    280.088     2.6630     2.5385     0.0940     1.3254     3.2650     0.8632     0.0000 -124.98212   47.11508      99.71         17  0.000e+00
