West Coast/WCOA-7/CTD_Data/RB2102_CTD_117_01.ros
* Sea-Bird SBE 9 Data File:
* FileName = C:\Users\scs.user.rb\CTD\RB2102\Data\RB2102_CTD_117_01.hex
* Software Version Seasave V 7.26.7.107
* Temperature SN = 6202
* Conductivity SN = 4907
* Number of Bytes Per Scan = 41
* Number of Voltage Words = 4
* Number of Scans Averaged by the Deck Unit = 1
* NMEA Latitude = 34 28.18 N
* NMEA Longitude = 120 29.50 W
* NMEA UTC (Time) = Jul 18 2021  16:59:36
* NMEA baud rate = 4800
# nquan = 30
# nvalues = 450                                   
# units = specified
# name 0 = scan: Scan Count
# name 1 = timeS: Time, Elapsed [seconds]
# name 2 = depSM: Depth [salt water, m]
# name 3 = prDM: Pressure, Digiquartz [db]
# name 4 = t090C: Temperature [ITS-90, deg C]
# name 5 = t190C: Temperature, 2 [ITS-90, deg C]
# name 6 = c0mS/cm: Conductivity [mS/cm]
# name 7 = c1mS/cm: Conductivity, 2 [mS/cm]
# name 8 = potemp090C: Potential Temperature [ITS-90, deg C]
# name 9 = potemp190C: Potential Temperature, 2 [ITS-90, deg C]
# name 10 = sal00: Salinity, Practical [PSU]
# name 11 = sal11: Salinity, Practical, 2 [PSU]
# name 12 = sigma-é00: Density [sigma-theta, kg/m^3]
# name 13 = sigma-é11: Density, 2 [sigma-theta, kg/m^3]
# name 14 = sbeox0Mg/L: Oxygen, SBE 43 [mg/l]
# name 15 = sbeox1Mg/L: Oxygen, SBE 43, 2 [mg/l]
# name 16 = sbox0Mm/Kg: Oxygen, SBE 43 [umol/kg]
# name 17 = sbox1Mm/Kg: Oxygen, SBE 43, 2 [umol/kg]
# name 18 = sbeox0V: Oxygen raw, SBE 43 [V]
# name 19 = sbeox1V: Oxygen raw, SBE 43, 2 [V]
# name 20 = v4: Voltage 4
# name 21 = flECO-AFL: Fluorescence, WET Labs ECO-AFL/FL [mg/m^3]
# name 22 = v3: Voltage 3
# name 23 = v6: Voltage 6
# name 24 = v7: Voltage 7
# name 25 = longitude: Longitude [deg]
# name 26 = latitude: Latitude [deg]
# name 27 = altM: Altimeter [m]
# name 28 = nbf: Bottles Fired
# name 29 = flag:  0.000e+00
# interval = seconds: 0.0416667
# start_time = Jul 18 2021 16:59:36 [NMEA time, header]
# bad_flag = -9.990e-29
*END*
[from data line 49]
      14102    587.542     22.061     22.222    13.9306    13.8953  40.340334  40.309968    13.9275    13.8922    33.5660    33.5687    25.0941    25.1035     7.2562     6.8427    221.209    208.601     2.2967     2.0757     0.1172     1.9054     3.1453     0.0000     0.0000 -120.49220   34.47050       4.91          2  0.000e+00
      14103    587.583     22.015     22.175    13.9258    13.8965  40.338604  40.310499    13.9227    13.8934    33.5687    33.5682    25.0971    25.1028     7.2568     6.8425    221.226    208.596     2.2967     2.0757     0.1172     1.9054     3.1453     0.0000     0.0000 -120.49220   34.47050       4.93          2  0.000e+00
      14104    587.625     22.061     22.222    13.9240    13.8969  40.337606  40.310965    13.9208    13.8937    33.5693    33.5683    25.0980    25.1028     7.2620     6.8425    221.384    208.595     2.2979     2.0757     0.1160     1.8749     3.1453     0.0000     0.0000 -120.49220   34.47050       4.91          2  0.000e+00
      14105    587.667     22.061     22.222    13.9253    13.8973  40.336675  40.311962    13.9222    13.8942    33.5673    33.5688    25.0962    25.1031     7.2619     6.8424    221.381    208.592     2.2979     2.0757     0.1160     1.8749     3.1453     0.0012     0.0000 -120.49220   34.47050       4.93          2  0.000e+00
      14106    587.708     22.008     22.168    13.9292    13.8977  40.335610  40.313491    13.9260    13.8946    33.5629    33.5699    25.0920    25.1039     7.2614     6.8423    221.368    208.588     2.2979     2.0757     0.1160     1.8749     3.1453     0.0012     0.0000 -120.49220   34.47050       4.93          2  0.000e+00
      14107    587.750     22.107     22.268    13.9302    13.8975  40.333813  40.314621    13.9270    13.8944    33.5604    33.5711    25.0898    25.1049     7.2615     6.8423    221.370    208.589     2.2979     2.0757     0.1172     1.9054     3.1465     0.0012     0.0000 -120.49220   34.47050       4.93          2  0.000e+00
      14108    587.792     22.008     22.168    13.9288    13.8972  40.332682  40.315153    13.9257    13.8940    33.5605    33.5719    25.0902    25.1056     7.2665     6.8423    221.523    208.587     2.2991     2.0757     0.1160     1.8749     3.1453     0.0000     0.0000 -120.49220   34.47050       4.93          2  0.000e+00
      14109    587.833     22.107     22.268    13.9233    13.8975  40.330355  40.315884    13.9201    13.8944    33.5632    33.5723    25.0934    25.1058     7.2673     6.8476    221.547    208.750     2.2991     2.0769     0.1160     1.8749     3.1453     0.0000     0.0000 -120.49220   34.47050       4.93          2  0.000e+00
      14110    587.875     22.061     22.222    13.9169    13.8984  40.325831  40.316549    13.9138    13.8952    33.5646    33.5722    25.0958    25.1055     7.2682     6.8421    221.572    208.583     2.2991     2.0757     0.1160     1.8749     3.1465     0.0000     0.0000 -120.49220   34.47050       4.93          2  0.000e+00
      14111    587.917     22.061     22.222    13.9114    13.8985  40.320576  40.316350    13.9083    13.8954    33.5645    33.5718    25.0969    25.1052     7.2739     6.8474    221.747    208.745     2.3004     2.0769     0.1160     1.8749     3.1453     0.0000     0.0000 -120.49220   34.47050       4.93          2  0.000e+00
      14112    587.958     22.061     22.222    13.9052    13.8997  40.315255  40.316549    13.9021    13.8966    33.5650    33.5710    25.0986    25.1043     7.2748     6.8473    221.775    208.740     2.3004     2.0769     0.1160     1.8749     3.1453     0.0012     0.0000 -120.49220   34.47050       4.93          2  0.000e+00
      14113    588.000     22.107     22.268    13.9033    13.9015  40.312396  40.317014    13.9001    13.8984    33.5640    33.5698    25.0982    25.1030     7.2703     6.8471    221.637    208.735     2.2991     2.0769     0.1160     1.8749     3.1453     0.0012     0.0000 -120.49220   34.47050       4.93          2  0.000e+00
      14114    588.042     22.107     22.268    13.9018    13.9036  40.310866  40.318078    13.8987    13.9005    33.5638    33.5690    25.0984    25.1020     7.2754     6.8468    221.793    208.727     2.3004     2.0769     0.1160     1.8749     3.1465     0.0000     0.0000 -120.49220   34.47050       4.93          2  0.000e+00
      14115    588.083     22.061     22.222    13.9007    13.9057  40.309336  40.319673    13.8975    13.9026    33.5634    33.5686    25.0983    25.1012     7.2756     6.8465    221.798    208.717     2.3004     2.0769     0.1148     1.8444     3.1465     0.0012     0.0000 -120.49220   34.47050       4.93          2  0.000e+00
      14116    588.125     22.107     22.268    13.9012    13.9072  40.309070  40.319939    13.8980    13.9040    33.5627    33.5676    25.0976    25.1001     7.2756     6.8464    221.798    208.713     2.3004     2.0769     0.1172     1.9054     3.1453     0.0000     0.0000 -120.49220   34.47050       4.93          2  0.000e+00
      14117    588.167     22.107     22.268    13.9012    13.9079  40.309935  40.319806    13.8980    13.9048    33.5635    33.5668    25.0983    25.0994     7.2755     6.8516    221.797    208.873     2.3004     2.0781     0.1172     1.9054     3.1453     0.0000     0.0000 -120.49220   34.47050       4.91          2  0.000e+00
      14118    588.208     22.107     22.268    13.9001    13.9079  40.310999  40.319806    13.8970    13.9048    33.5655    33.5668    25.1000    25.0994     7.2805     6.8463    221.948    208.711     2.3016     2.0769     0.1282     2.1801     3.1453     0.0012     0.0000 -120.49220   34.47050       4.91          2  0.000e+00
      14119    588.250     22.154     22.315    13.8992    13.9080  40.311398  40.319806    13.8960    13.9049    33.5666    33.5667    25.1011    25.0993     7.2806     6.8463    221.952    208.712     2.3016     2.0769     0.1368     2.3938     3.1465     0.0000     0.0000 -120.49220   34.47050       4.91          2  0.000e+00
      14120    588.292     22.107     22.268    13.8975    13.9083  40.311798  40.318343    13.8943    13.9051    33.5685    33.5651    25.1029    25.0980     7.2808     6.8516    221.955    208.874     2.3016     2.0781     0.1380     2.4243     3.1453     0.0012     0.0000 -120.49220   34.47050       4.91          2  0.000e+00
      14121    588.333     22.107     22.268    13.8951    13.9078  40.310601  40.318277    13.8920    13.9047    33.5695    33.5655    25.1041    25.0984     7.2811     6.8517    221.965    208.875     2.3016     2.0781     0.1380     2.4243     3.1465     0.0012     0.0000 -120.49220   34.47050       4.91          2  0.000e+00
      14122    588.375     22.160     22.322    13.8924    13.9073  40.306876  40.318942    13.8893    13.9041    33.5683    33.5665    25.1038    25.0993     7.2816     6.8517    221.980    208.877     2.3016     2.0781     0.1368     2.3938     3.1465     0.0012     0.0000 -120.49220   34.47050       4.91          2  0.000e+00
      14123    588.417     22.107     22.268    13.8894    13.9068  40.303817  40.319141    13.8863    13.9037    33.5681    33.5672    25.1042    25.0999     7.2820     6.8517    221.993    208.877     2.3016     2.0781     0.1368     2.3938     3.1465     0.0012     0.0000 -120.49220   34.47050       4.88          2  0.000e+00
      14124    588.458     22.207     22.368    13.8888    13.9063  40.302953  40.320272    13.8856    13.9032    33.5679    33.5686    25.1042    25.1011     7.2871     6.8518    222.148    208.880     2.3028     2.0781     0.1368     2.3938     3.1465     0.0000     0.0000 -120.49220   34.47050       4.88          2  0.000e+00
      14125    588.500     22.107     22.268    13.8899    13.9061  40.303484  40.320005    13.8868    13.9030    33.5674    33.5686    25.1036    25.1012     7.2869     6.8518    222.141    208.878     2.3028     2.0781     0.1368     2.3938     3.1465     0.0012     0.0000 -120.49220   34.47050       4.88          2  0.000e+00
      14126    588.542     22.154     22.315    13.8913    13.9058  40.303817  40.320338    13.8881    13.9027    33.5665    33.5691    25.1026    25.1016     7.2867     6.8518    222.137    208.880     2.3028     2.0781     0.1368     2.3938     3.1453     0.0012     0.0000 -120.49220   34.47050       4.88          2  0.000e+00
      14127    588.583     22.207     22.368    13.8903    13.9063  40.303351  40.320604    13.8871    13.9031    33.5669    33.5690    25.1031    25.1014     7.2869     6.8518    222.143    208.880     2.3028     2.0781     0.1368     2.3938     3.1453     0.0012     0.0000 -120.49220   34.47050       4.88          2  0.000e+00
      14128    588.625     22.154     22.315    13.8901    13.9066  40.303285  40.321269    13.8870    13.9035    33.5670    33.5693    25.1032    25.1016     7.2869     6.8517    222.142    208.876     2.3028     2.0781     0.1380     2.4243     3.1453     0.0012     0.0000 -120.49220   34.47050       4.88          2  0.000e+00
      14129    588.667     22.207     22.368    13.8906    13.9072  40.305081  40.319141    13.8874    13.9040    33.5682    33.5668    25.1041    25.0995     7.2868     6.8518    222.139    208.879     2.3028     2.0781     0.1380     2.4243     3.1453     0.0012     0.0000 -120.49220   34.47050       4.88          2  0.000e+00
      14130    588.708     22.207     22.368    13.8929    13.9049  40.308805  40.309701    13.8898    13.9018    33.5696    33.5600    25.1047    25.0948     7.2864     6.8524    222.126    208.899     2.3028     2.0781     0.1380     2.4243     3.1453     0.0012     0.0000 -120.49220   34.47050       4.88          2  0.000e+00
      14131    588.750     22.160     22.322    13.8981    13.8941  40.312862  40.297803    13.8950    13.8910    33.5689    33.5584    25.1030    25.0957     7.2905     6.8594    222.252    209.111     2.3040     2.0794     0.1368     2.3938     3.1465     0.0012     0.0000 -120.49220   34.47050       4.88          2  0.000e+00
      14132    588.792     22.207     22.368    13.8978    13.8827  40.312131  40.289961    13.8947    13.8796    33.5685    33.5611    25.1028    25.1002     7.2906     6.8610    222.255    209.159     2.3040     2.0794     0.1380     2.4243     3.1453     0.0012     0.0000 -120.49220   34.47050       4.88          2  0.000e+00
      14133    588.833     22.207     22.368    13.8938    13.8759  40.307874  40.288367    13.8906    13.8727    33.5681    33.5655    25.1033    25.1050     7.2912     6.8565    222.274    209.022     2.3040     2.0781     0.1380     2.4243     3.1453     0.0012     0.0000 -120.49220   34.47050       4.88          2  0.000e+00
      14134    588.875     22.253     22.415    13.8905    13.8723  40.304150  40.287304    13.8873    13.8692    33.5675    33.5677    25.1035    25.1074     7.2918     6.8623    222.292    209.198     2.3040     2.0794     0.1368     2.3938     3.1453     0.0012     0.0000 -120.49220   34.47050       4.88          2  0.000e+00
      14135    588.917     22.207     22.368    13.8878    13.8676  40.302687  40.284314    13.8846    13.8645    33.5685    33.5690    25.1049    25.1094     7.2970     6.8629    222.451    209.216     2.3053     2.0794     0.1380     2.4243     3.1453     0.0012     0.0000 -120.49220   34.47050       4.86          2  0.000e+00
      14136    588.958     22.207     22.368    13.8854    13.8627  40.303020  40.279994    13.8823    13.8596    33.5709    33.5693    25.1072    25.1107     7.2924     6.8636    222.308    209.238     2.3040     2.0794     0.1380     2.4243     3.1453     0.0012     0.0000 -120.49220   34.47050       4.86          2  0.000e+00
      14137    589.000     22.253     22.415    13.8845    13.8587  40.303618  40.276008    13.8814    13.8555    33.5721    33.5691    25.1084    25.1114     7.2974     6.8643    222.461    209.258     2.3053     2.0794     0.1368     2.3938     3.1453     0.0024     0.0000 -120.49220   34.47050       4.86          2  0.000e+00
      14138    589.042     22.253     22.415    13.8849    13.8553  40.304350  40.276075    13.8817    13.8522    33.5725    33.5721    25.1086    25.1144     7.2973     6.8647    222.459    209.268     2.3053     2.0794     0.1368     2.3938     3.1453     0.0024     0.0000 -120.49220   34.47050       4.86          2  0.000e+00
      17018    709.042     14.804     14.912    14.4617    14.4588  40.844925  40.844996    14.4595    14.4566    33.5725    33.5751    24.9875    24.9901     7.6392     7.1939    232.908    219.331     2.4151     2.1783     0.1319     2.2717     3.1404     0.0122     0.0000 -120.49222   34.47056      12.28          3  0.000e+00
      17019    709.083     14.791     14.899    14.4611    14.4596  40.845593  40.845330    14.4589    14.4574    33.5736    33.5746    24.9885    24.9897     7.6392     7.1937    232.908    219.327     2.4151     2.1783     0.1331     2.3022     3.1404     0.0085     0.0000 -120.49222   34.47056      12.28          3  0.000e+00
      17020    709.125     14.890     14.999    14.4629    14.4607  40.846663  40.845931    14.4608    14.4585    33.5729    33.5742    24.9876    24.9891     7.6390     7.1937    232.903    219.325     2.4151     2.1783     0.1319     2.2717     3.1404     0.0098     0.0000 -120.49222   34.47056      12.28          3  0.000e+00
      17021    709.167     14.705     14.812    14.4656    14.4615  40.847933  40.846064    14.4634    14.4593    33.5719    33.5737    24.9863    24.9886     7.6385     7.1934    232.887    219.317     2.4151     2.1783     0.1319     2.2717     3.1416     0.0122     0.0000 -120.49222   34.47056      12.31          3  0.000e+00
      17022    709.208     14.745     14.852    14.4673    14.4622  40.848067  40.846131    14.4652    14.4600    33.5705    33.5732    24.9848    24.9880     7.6432     7.1934    233.030    219.316     2.4164     2.1783     0.1319     2.2717     3.1416     0.0134     0.0000 -120.49222   34.47056      12.31          3  0.000e+00
      17023    709.250     14.791     14.898    14.4673    14.4626  40.847398  40.845262    14.4652    14.4604    33.5698    33.5720    24.9843    24.9870     7.6432     7.1934    233.032    219.317     2.4164     2.1783     0.1319     2.2717     3.1404     0.0122     0.0000 -120.49222   34.47056      12.31          3  0.000e+00
      17024    709.292     14.751     14.858    14.4656    14.4626  40.845659  40.844527    14.4634    14.4605    33.5698    33.5713    24.9847    24.9864     7.6435     7.1934    233.039    219.317     2.4164     2.1783     0.1245     2.0886     3.1404     0.0122     0.0000 -120.49222   34.47056      12.31          3  0.000e+00
      17025    709.333     14.698     14.805    14.4635    14.4623  40.844857  40.844260    14.4613    14.4602    33.5709    33.5713    24.9860    24.9865     7.6389     7.1934    232.899    219.317     2.4151     2.1783     0.1111     1.7528     3.1416     0.0122     0.0000 -120.49222   34.47056      12.31          3  0.000e+00
      17026    709.375     14.705     14.812    14.4628    14.4616  40.845058  40.844861    14.4606    14.4594    33.5717    33.5726    24.9867    24.9876     7.6438     7.1935    233.048    219.319     2.4164     2.1783     0.1074     1.6612     3.1404     0.0122     0.0000 -120.49222   34.47056      12.33          3  0.000e+00
      17027    709.417     14.745     14.852    14.4625    14.4616  40.845392  40.845329    14.4604    14.4595    33.5722    33.5729    24.9871    24.9879     7.6438     7.1935    233.050    219.319     2.4164     2.1783     0.1087     1.6917     3.1416     0.0122     0.0000 -120.49222   34.47056      12.36          3  0.000e+00
