West Coast/WCOA-7/CTD_Data/RB2102_CTD_039_01.ros
* Sea-Bird SBE 9 Data File:
* FileName = C:\Users\scs.user.rb\CTD\RB2102\Data\RB2102_CTD_039_01.hex
* Software Version Seasave V 7.26.7.107
* Temperature SN = 6202
* Conductivity SN = 4907
* Number of Bytes Per Scan = 41
* Number of Voltage Words = 4
* Number of Scans Averaged by the Deck Unit = 1
* NMEA Latitude = 47 06.93 N
* NMEA Longitude = 124 58.86 W
* NMEA UTC (Time) = Jul 02 2021  13:07:40
* NMEA baud rate = 4800
# nquan = 30
# nvalues = 1029                                  
# units = specified
# name 0 = scan: Scan Count
# name 1 = timeS: Time, Elapsed [seconds]
# name 2 = depSM: Depth [salt water, m]
# name 3 = prDM: Pressure, Digiquartz [db]
# name 4 = t090C: Temperature [ITS-90, deg C]
# name 5 = t190C: Temperature, 2 [ITS-90, deg C]
# name 6 = c0mS/cm: Conductivity [mS/cm]
# name 7 = c1mS/cm: Conductivity, 2 [mS/cm]
# name 8 = potemp090C: Potential Temperature [ITS-90, deg C]
# name 9 = potemp190C: Potential Temperature, 2 [ITS-90, deg C]
# name 10 = sal00: Salinity, Practical [PSU]
# name 11 = sal11: Salinity, Practical, 2 [PSU]
# name 12 = sigma-é00: Density [sigma-theta, kg/m^3]
# name 13 = sigma-é11: Density, 2 [sigma-theta, kg/m^3]
# name 14 = sbeox0Mg/L: Oxygen, SBE 43 [mg/l]
# name 15 = sbeox1Mg/L: Oxygen, SBE 43, 2 [mg/l]
# name 16 = sbox0Mm/Kg: Oxygen, SBE 43 [umol/kg]
# name 17 = sbox1Mm/Kg: Oxygen, SBE 43, 2 [umol/kg]
# name 18 = sbeox0V: Oxygen raw, SBE 43 [V]
# name 19 = sbeox1V: Oxygen raw, SBE 43, 2 [V]
# name 20 = v4: Voltage 4
# name 21 = flECO-AFL: Fluorescence, WET Labs ECO-AFL/FL [mg/m^3]
# name 22 = v3: Voltage 3
# name 23 = v6: Voltage 6
# name 24 = v7: Voltage 7
# name 25 = longitude: Longitude [deg]
# name 26 = latitude: Latitude [deg]
# name 27 = altM: Altimeter [m]
# name 28 = nbf: Bottles Fired
# name 29 = flag:  0.000e+00
# interval = seconds: 0.0416667
# start_time = Jul 02 2021 13:07:40 [NMEA time, header]
# bad_flag = -9.990e-29
*END*
[from data line 291]
      43663   1819.250    199.052    200.818     6.7622     6.7614  34.229722  34.230091     6.7441     6.7432    33.9752    33.9765    26.6462    26.6473     2.2348     2.3257     68.027     70.794     0.9512     0.9463     0.0403    -0.0177     3.2906     1.7082     0.0000 -124.98184   47.11518      99.85          6  0.000e+00
      43664   1819.292    199.106    200.872     6.7622     6.7611  34.229722  34.230091     6.7441     6.7429    33.9752    33.9767    26.6462    26.6475     2.2290     2.3258     67.849     70.795     0.9499     0.9463     0.0403    -0.0177     3.2918     1.7082     0.0000 -124.98184   47.11518      99.85          6  0.000e+00
      43665   1819.333    199.006    200.771     6.7623     6.7613  34.229721  34.229841     6.7441     6.7432    33.9752    33.9763    26.6462    26.6471     2.2290     2.3257     67.848     70.794     0.9499     0.9463     0.0403    -0.0177     3.2918     1.7082     0.0000 -124.98184   47.11518      99.85          6  0.000e+00
      49402   2058.375    149.231    150.537     6.9561     6.9567  34.363179  34.364260     6.9423     6.9429    33.9552    33.9557    26.6036    26.6040     1.8847     1.9823     57.372     60.342     0.8828     0.8852     0.0415     0.0129     3.2894     1.7521     0.0000 -124.98192   47.11514      99.88          7  0.000e+00
      49403   2058.417    149.371    150.678     6.9562     6.9565  34.363304  34.364011     6.9424     6.9428    33.9551    33.9555    26.6035    26.6038     1.8847     1.9823     57.373     60.343     0.8828     0.8852     0.0403    -0.0177     3.2894     1.7521     0.0000 -124.98192   47.11514      99.88          7  0.000e+00
      49404   2058.458    149.232    150.537     6.9562     6.9562  34.363491  34.363636     6.9425     6.9424    33.9554    33.9555    26.6037    26.6039     1.8789     1.9887     57.195     60.536     0.8816     0.8864     0.0403    -0.0177     3.2906     1.7521     0.0000 -124.98192   47.11514      99.88          7  0.000e+00
      49405   2058.500    149.384    150.691     6.9561     6.9562  34.363366  34.364011     6.9423     6.9424    33.9553    33.9559    26.6037    26.6041     1.8789     1.9887     57.196     60.537     0.8816     0.8864     0.0403    -0.0177     3.2894     1.7521     0.0000 -124.98192   47.11514      99.90          7  0.000e+00
      49406   2058.542    149.324    150.631     6.9562     6.9562  34.363491  34.363636     6.9424     6.9424    33.9553    33.9555    26.6037    26.6038     1.8789     1.9823     57.195     60.343     0.8816     0.8852     0.0403    -0.0177     3.2906     1.7521     0.0000 -124.98192   47.11514      99.88          7  0.000e+00
      49407   2058.583    149.384    150.691     6.9561     6.9562  34.363054  34.363761     6.9423     6.9424    33.9550    33.9556    26.6034    26.6039     1.8848     1.9823     57.373     60.344     0.8828     0.8852     0.0403    -0.0177     3.2906     1.7521     0.0000 -124.98192   47.11514      99.88          7  0.000e+00
      49408   2058.625    149.384    150.691     6.9562     6.9561  34.363179  34.363387     6.9424     6.9423    33.9549    33.9553    26.6034    26.6037     1.8789     1.9824     57.196     60.344     0.8816     0.8852     0.0403    -0.0177     3.2906     1.7509     0.0000 -124.98192   47.11514      99.88          7  0.000e+00
      49409   2058.667    149.424    150.731     6.9562     6.9562  34.363491  34.363449     6.9424     6.9424    33.9553    33.9553    26.6036    26.6037     1.8848     1.9824     57.373     60.344     0.8828     0.8852     0.0403    -0.0177     3.2906     1.7521     0.0000 -124.98192   47.11514      99.88          7  0.000e+00
      49410   2058.708    149.431    150.738     6.9564     6.9557  34.363554  34.363450     6.9426     6.9419    33.9551    33.9557    26.6035    26.6041     1.8789     1.9824     57.196     60.345     0.8816     0.8852     0.0403    -0.0177     3.2906     1.7521     0.0000 -124.98192   47.11514      99.88          7  0.000e+00
      49411   2058.750    149.477    150.785     6.9564     6.9559  34.363367  34.363262     6.9426     6.9421    33.9549    33.9553    26.6033    26.6037     1.8789     1.9824     57.196     60.345     0.8816     0.8852     0.0403    -0.0177     3.2894     1.7521     0.0000 -124.98192   47.11514      99.88          7  0.000e+00
      49412   2058.792    149.470    150.778     6.9564     6.9557  34.363492  34.363450     6.9426     6.9419    33.9551    33.9557    26.6035    26.6040     1.8789     1.9824     57.196     60.345     0.8816     0.8852     0.0403    -0.0177     3.2894     1.7521     0.0000 -124.98192   47.11514      99.90          7  0.000e+00
      49413   2058.833    149.477    150.785     6.9565     6.9559  34.363804  34.363574     6.9428     6.9421    33.9553    33.9556    26.6036    26.6040     1.8789     1.9824     57.196     60.345     0.8816     0.8852     0.0403    -0.0177     3.2894     1.7521     0.0000 -124.98192   47.11514      99.88          7  0.000e+00
      49414   2058.875    149.530    150.838     6.9569     6.9559  34.364116  34.364011     6.9431     6.9421    33.9552    33.9561    26.6035    26.6043     1.8789     1.9824     57.196     60.345     0.8816     0.8852     0.0403    -0.0177     3.2894     1.7521     0.0000 -124.98192   47.11514      99.90          7  0.000e+00
      49415   2058.917    149.470    150.778     6.9570     6.9559  34.363741  34.364074     6.9432     6.9421    33.9547    33.9562    26.6031    26.6044     1.8847     1.9824     57.372     60.345     0.8828     0.8852     0.0403    -0.0177     3.2894     1.7521     0.0000 -124.98192   47.11514      99.90          7  0.000e+00
      49416   2058.958    149.577    150.885     6.9569     6.9559  34.363804  34.363700     6.9431     6.9421    33.9549    33.9557    26.6033    26.6040     1.8790     1.9824     57.196     60.346     0.8816     0.8852     0.0403    -0.0177     3.2894     1.7521     0.0000 -124.98192   47.11514      99.90          7  0.000e+00
      49417   2059.000    149.570    150.879     6.9567     6.9559  34.363679  34.363575     6.9429     6.9421    33.9549    33.9556    26.6033    26.6039     1.8790     1.9824     57.197     60.346     0.8816     0.8852     0.0403    -0.0177     3.2906     1.7521     0.0000 -124.98192   47.11514      99.90          7  0.000e+00
      49418   2059.042    149.577    150.885     6.9569     6.9561  34.363804  34.364012     6.9431     6.9423    33.9549    33.9559    26.6033    26.6042     1.8790     1.9824     57.196     60.345     0.8816     0.8852     0.0403    -0.0177     3.2918     1.7521     0.0000 -124.98192   47.11514      99.88          7  0.000e+00
      49419   2059.083    149.530    150.838     6.9570     6.9559  34.364303  34.363824     6.9432     6.9421    33.9553    33.9559    26.6036    26.6042     1.8789     1.9824     57.196     60.345     0.8816     0.8852     0.0403    -0.0177     3.2894     1.7521     0.0000 -124.98192   47.11514      99.88          7  0.000e+00
      49420   2059.125    149.616    150.925     6.9572     6.9561  34.364241  34.363575     6.9434     6.9423    33.9551    33.9554    26.6034    26.6038     1.8848     1.9824     57.373     60.346     0.8828     0.8852     0.0415     0.0129     3.2894     1.7521     0.0000 -124.98192   47.11514      99.88          7  0.000e+00
      49421   2059.167    149.630    150.939     6.9572     6.9559  34.363991  34.363325     6.9434     6.9421    33.9548    33.9553    26.6031    26.6037     1.8790     1.9824     57.196     60.346     0.8816     0.8852     0.0403    -0.0177     3.2906     1.7521     0.0000 -124.98192   47.11514      99.88          7  0.000e+00
      49422   2059.208    149.630    150.939     6.9569     6.9559  34.363430  34.363450     6.9431     6.9421    33.9544    33.9554    26.6029    26.6038     1.8790     1.9824     57.197     60.346     0.8816     0.8852     0.0403    -0.0177     3.2906     1.7521     0.0000 -124.98192   47.11514      99.88          7  0.000e+00
      49423   2059.250    149.670    150.979     6.9561     6.9559  34.362743  34.363450     6.9423     6.9421    33.9545    33.9554    26.6030    26.6038     1.8848     1.9824     57.375     60.347     0.8828     0.8852     0.0403    -0.0177     3.2894     1.7509     0.0000 -124.98192   47.11514      99.88          7  0.000e+00
      49424   2059.292    149.676    150.986     6.9556     6.9556  34.363118  34.363263     6.9418     6.9418    33.9553    33.9555    26.6038    26.6039     1.8790     1.9825     57.199     60.347     0.8816     0.8852     0.0403    -0.0177     3.2906     1.7521     0.0000 -124.98192   47.11514      99.88          7  0.000e+00
      49425   2059.333    149.630    150.939     6.9553     6.9556  34.362805  34.363013     6.9415     6.9418    33.9554    33.9553    26.6039    26.6037     1.8790     1.9824     57.199     60.347     0.8816     0.8852     0.0403    -0.0177     3.2894     1.7521     0.0000 -124.98192   47.11514      99.88          7  0.000e+00
      49426   2059.375    149.716    151.026     6.9549     6.9552  34.362369  34.363139     6.9411     6.9414    33.9552    33.9557    26.6037    26.6041     1.8791     1.9825     57.200     60.348     0.8816     0.8852     0.0403    -0.0177     3.2918     1.7521     0.0000 -124.98192   47.11514      99.88          7  0.000e+00
      49427   2059.417    149.676    150.986     6.9546     6.9551  34.362806  34.363263     6.9408     6.9413    33.9559    33.9560    26.6044    26.6044     1.8791     1.9825     57.200     60.348     0.8816     0.8852     0.0403    -0.0177     3.2894     1.7509     0.0000 -124.98192   47.11514      99.88          7  0.000e+00
      49428   2059.458    149.723    151.033     6.9544     6.9551  34.362743  34.363638     6.9406     6.9413    33.9560    33.9564    26.6045    26.6047     1.8791     1.9761     57.200     60.155     0.8816     0.8840     0.0403    -0.0177     3.2906     1.7521     0.0000 -124.98192   47.11514      99.88          7  0.000e+00
      49429   2059.500    149.716    151.026     6.9546     6.9551  34.362618  34.363139     6.9408     6.9413    33.9557    33.9558    26.6042    26.6043     1.8791     1.9825     57.200     60.348     0.8816     0.8852     0.0403    -0.0177     3.2906     1.7521     0.0000 -124.98192   47.11514      99.88          7  0.000e+00
      49430   2059.542    149.776    151.086     6.9545     6.9547  34.362431  34.363139     6.9407     6.9409    33.9556    33.9562    26.6042    26.6046     1.8791     1.9825     57.201     60.349     0.8816     0.8852     0.0403    -0.0177     3.2894     1.7521     0.0000 -124.98192   47.11514      99.88          7  0.000e+00
      49431   2059.583    149.723    151.033     6.9548     6.9549  34.362806  34.363014     6.9410     6.9411    33.9558    33.9559    26.6043    26.6043     1.8791     1.9825     57.200     60.348     0.8816     0.8852     0.0403    -0.0177     3.2894     1.7521     0.0000 -124.98192   47.11514      99.88          7  0.000e+00
      49432   2059.625    149.716    151.026     6.9544     6.9549  34.362431  34.363326     6.9406     6.9411    33.9557    33.9562    26.6042    26.6046     1.8791     1.9761     57.201     60.155     0.8816     0.8840     0.0403    -0.0177     3.2906     1.7521     0.0000 -124.98192   47.11514      99.88          7  0.000e+00
      49433   2059.667    149.822    151.133     6.9544     6.9547  34.362556  34.363077     6.9406     6.9409    33.9558    33.9561    26.6043    26.6045     1.8791     1.9762     57.201     60.156     0.8816     0.8840     0.0403    -0.0177     3.2894     1.7521     0.0000 -124.98192   47.11514      99.90          7  0.000e+00
      49434   2059.708    149.723    151.033     6.9548     6.9547  34.362681  34.362951     6.9410     6.9409    33.9556    33.9560    26.6041    26.6044     1.8791     1.9825     57.200     60.349     0.8816     0.8852     0.0403    -0.0177     3.2906     1.7521     0.0000 -124.98192   47.11514      99.88          7  0.000e+00
      49435   2059.750    149.816    151.126     6.9543     6.9545  34.362619  34.363139     6.9405     6.9406    33.9560    33.9564    26.6045    26.6048     1.8791     1.9825     57.201     60.349     0.8816     0.8852     0.0415     0.0129     3.2894     1.7521     0.0000 -124.98192   47.11514      99.88          7  0.000e+00
      49436   2059.792    149.822    151.133     6.9543     6.9546  34.362431  34.363139     6.9405     6.9408    33.9558    33.9563    26.6043    26.6047     1.8791     1.9825     57.201     60.349     0.8816     0.8852     0.0403    -0.0177     3.2906     1.7521     0.0000 -124.98192   47.11514      99.88          7  0.000e+00
      49437   2059.833    149.776    151.086     6.9545     6.9549  34.362369  34.362952     6.9407     6.9411    33.9556    33.9558    26.6041    26.6042     1.8791     1.9825     57.201     60.349     0.8816     0.8852     0.0415     0.0129     3.2906     1.7509     0.0000 -124.98192   47.11514      99.90          7  0.000e+00
      49438   2059.875    149.816    151.127     6.9544     6.9545  34.362307  34.362702     6.9406     6.9406    33.9555    33.9559    26.6041    26.6044     1.8791     1.9825     57.201     60.350     0.8816     0.8852     0.0403    -0.0177     3.2894     1.7509     0.0000 -124.98192   47.11514      99.90          7  0.000e+00
      49439   2059.917    149.822    151.133     6.9544     6.9545  34.362556  34.362640     6.9406     6.9406    33.9558    33.9559    26.6043    26.6044     1.8791     1.9825     57.201     60.350     0.8816     0.8852     0.0403    -0.0177     3.2906     1.7521     0.0000 -124.98192   47.11514      99.88          7  0.000e+00
      49440   2059.958    149.822    151.133     6.9544     6.9545  34.362681  34.362827     6.9406     6.9406    33.9559    33.9561    26.6044    26.6045     1.8791     1.9825     57.201     60.350     0.8816     0.8852     0.0403    -0.0177     3.2906     1.7521     0.0000 -124.98192   47.11514      99.88          7  0.000e+00
      49441   2060.000    149.862    151.173     6.9545     6.9545  34.362369  34.363077     6.9407     6.9406    33.9555    33.9563    26.6041    26.6047     1.8791     1.9762     57.202     60.157     0.8816     0.8840     0.0403    -0.0177     3.2906     1.7521     0.0000 -124.98192   47.11514      99.88          7  0.000e+00
      49442   2060.042    149.822    151.133     6.9544     6.9546  34.362556  34.363201     6.9406     6.9407    33.9558    33.9564    26.6043    26.6048     1.8791     1.9825     57.201     60.349     0.8816     0.8852     0.0403    -0.0177     3.2894     1.7521     0.0000 -124.98192   47.11514      99.90          7  0.000e+00
      49443   2060.083    149.822    151.133     6.9546     6.9545  34.362868  34.362765     6.9408     6.9406    33.9559    33.9560    26.6044    26.6045     1.8791     1.9762     57.201     60.157     0.8816     0.8840     0.0415     0.0129     3.2894     1.7521     0.0000 -124.98192   47.11514      99.90          7  0.000e+00
      49444   2060.125    149.915    151.227     6.9546     6.9546  34.362681  34.362827     6.9408     6.9408    33.9557    33.9559    26.6042    26.6044     1.8791     1.9826     57.202     60.350     0.8816     0.8852     0.0403    -0.0177     3.2918     1.7521     0.0000 -124.98192   47.11514      99.88          7  0.000e+00
      49445   2060.167    149.822    151.133     6.9548     6.9546  34.363118  34.363326     6.9410     6.9408    33.9561    33.9565    26.6045    26.6048     1.8791     1.9825     57.201     60.349     0.8816     0.8852     0.0415     0.0129     3.2894     1.7521     0.0000 -124.98192   47.11514      99.88          7  0.000e+00
