West Coast/WCOA-7/CTD_Data/RB2102_CTD_019_01.ros
* Sea-Bird SBE 9 Data File:
* FileName = C:\Users\scs.user.rb\CTD\RB2102\Data\RB2102_CTD_019_01.hex
* Software Version Seasave V 7.26.7.107
* Temperature SN = 6202
* Conductivity SN = 4907
* Number of Bytes Per Scan = 41
* Number of Voltage Words = 4
* Number of Scans Averaged by the Deck Unit = 1
* NMEA Latitude = 48 22.21 N
* NMEA Longitude = 124 47.43 W
* NMEA UTC (Time) = Jun 28 2021  20:26:23
* NMEA baud rate = 4800
# nquan = 30
# nvalues = 588                                   
# units = specified
# name 0 = scan: Scan Count
# name 1 = timeS: Time, Elapsed [seconds]
# name 2 = depSM: Depth [salt water, m]
# name 3 = prDM: Pressure, Digiquartz [db]
# name 4 = t090C: Temperature [ITS-90, deg C]
# name 5 = t190C: Temperature, 2 [ITS-90, deg C]
# name 6 = c0mS/cm: Conductivity [mS/cm]
# name 7 = c1mS/cm: Conductivity, 2 [mS/cm]
# name 8 = potemp090C: Potential Temperature [ITS-90, deg C]
# name 9 = potemp190C: Potential Temperature, 2 [ITS-90, deg C]
# name 10 = sal00: Salinity, Practical [PSU]
# name 11 = sal11: Salinity, Practical, 2 [PSU]
# name 12 = sigma-é00: Density [sigma-theta, kg/m^3]
# name 13 = sigma-é11: Density, 2 [sigma-theta, kg/m^3]
# name 14 = sbeox0Mg/L: Oxygen, SBE 43 [mg/l]
# name 15 = sbeox1Mg/L: Oxygen, SBE 43, 2 [mg/l]
# name 16 = sbox0Mm/Kg: Oxygen, SBE 43 [umol/kg]
# name 17 = sbox1Mm/Kg: Oxygen, SBE 43, 2 [umol/kg]
# name 18 = sbeox0V: Oxygen raw, SBE 43 [V]
# name 19 = sbeox1V: Oxygen raw, SBE 43, 2 [V]
# name 20 = v4: Voltage 4
# name 21 = flECO-AFL: Fluorescence, WET Labs ECO-AFL/FL [mg/m^3]
# name 22 = v3: Voltage 3
# name 23 = v6: Voltage 6
# name 24 = v7: Voltage 7
# name 25 = longitude: Longitude [deg]
# name 26 = latitude: Latitude [deg]
# name 27 = altM: Altimeter [m]
# name 28 = nbf: Bottles Fired
# name 29 = flag:  0.000e+00
# interval = seconds: 0.0416667
# start_time = Jun 28 2021 20:26:23 [NMEA time, header]
# bad_flag = -9.990e-29
*END*
[from data line 387]
      28705   1196.000     19.835     20.005     7.8113     7.8103  34.539281  34.537483     7.8094     7.8084    33.3781    33.3772    26.0279    26.0273     3.7662     3.7236    114.709    113.412     1.3053     1.2454     0.0684     0.6844     3.3944     1.6520     0.0488 -124.79100   48.37042      58.19          8  0.000e+00
      28706   1196.042     19.829     19.998     7.8116     7.8103  34.539093  34.537170     7.8097     7.8084    33.3777    33.3768    26.0275    26.0271     3.7662     3.7236    114.709    113.412     1.3053     1.2454     0.0684     0.6844     3.3932     1.6520     0.0488 -124.79100   48.37042      58.14          8  0.000e+00
      28707   1196.083     19.835     20.005     7.8118     7.8105  34.538718  34.537483     7.8099     7.8085    33.3770    33.3770    26.0270    26.0272     3.7662     3.7236    114.708    113.412     1.3053     1.2454     0.0684     0.6844     3.3932     1.6520     0.0488 -124.79100   48.37042      58.12          8  0.000e+00
      28708   1196.125     19.829     19.998     7.8116     7.8103  34.538843  34.537420     7.8097     7.8084    33.3774    33.3771    26.0273    26.0273     3.7662     3.7236    114.709    113.412     1.3053     1.2454     0.0684     0.6844     3.3944     1.6520     0.0488 -124.79100   48.37042      58.12          8  0.000e+00
      28709   1196.167     19.835     20.005     7.8116     7.8103  34.539155  34.537546     7.8097     7.8084    33.3777    33.3772    26.0275    26.0274     3.7662     3.7236    114.708    113.412     1.3053     1.2454     0.0684     0.6844     3.3944     1.6520     0.0488 -124.79100   48.37042      58.14          8  0.000e+00
      31212   1300.458     14.976     15.103     7.8575     7.8558  34.559157  34.557844     7.8561     7.8543    33.3576    33.3578    26.0050    26.0055     3.8443     3.7971    117.091    115.653     1.3236     1.2613     0.0684     0.6844     3.3895     1.6459     0.0488 -124.79102   48.37042      63.22          9  0.000e+00
      31213   1300.500     14.876     15.003     7.8574     7.8559  34.559344  34.557719     7.8560     7.8545    33.3579    33.3576    26.0053    26.0053     3.8442     3.8031    117.089    115.838     1.3236     1.2625     0.0684     0.6844     3.3895     1.6447     0.0488 -124.79102   48.37042      63.22          9  0.000e+00
      31214   1300.542     14.976     15.103     7.8574     7.8559  34.558906  34.557469     7.8559     7.8545    33.3574    33.3573    26.0049    26.0050     3.8443     3.7971    117.091    115.653     1.3236     1.2613     0.0684     0.6844     3.3919     1.6459     0.0488 -124.79102   48.37042      63.25          9  0.000e+00
      31215   1300.583     14.969     15.097     7.8571     7.8561  34.558969  34.557844     7.8556     7.8547    33.3578    33.3575    26.0052    26.0052     3.8443     3.7971    117.091    115.652     1.3236     1.2613     0.0684     0.6844     3.3919     1.6447     0.0488 -124.79102   48.37042      63.25          9  0.000e+00
      31216   1300.625     15.022     15.150     7.8571     7.8562  34.558844  34.557844     7.8556     7.8547    33.3576    33.3574    26.0051    26.0051     3.8443     3.7971    117.092    115.653     1.3236     1.2613     0.0684     0.6844     3.3907     1.6447     0.0488 -124.79102   48.37042      63.25          9  0.000e+00
      31217   1300.667     14.929     15.057     7.8567     7.8563  34.558844  34.557719     7.8553     7.8548    33.3580    33.3572    26.0055    26.0049     3.8443     3.7970    117.092    115.651     1.3236     1.2613     0.0684     0.6844     3.3907     1.6447     0.0488 -124.79102   48.37042      63.25          9  0.000e+00
      31218   1300.708     15.022     15.150     7.8566     7.8561  34.558531  34.557907     7.8552     7.8547    33.3577    33.3575    26.0053    26.0052     3.8388     3.7971    116.923    115.653     1.3223     1.2613     0.0684     0.6844     3.3919     1.6459     0.0488 -124.79102   48.37042      63.25          9  0.000e+00
      31219   1300.750     14.929     15.057     7.8564     7.8564  34.558906  34.558032     7.8550     7.8550    33.3583    33.3574    26.0058    26.0051     3.8443     3.7970    117.092    115.651     1.3236     1.2613     0.0684     0.6844     3.3907     1.6459     0.0488 -124.79102   48.37042      63.22          9  0.000e+00
      31220   1300.792     14.969     15.097     7.8566     7.8563  34.558844  34.557594     7.8551     7.8548    33.3581    33.3571    26.0056    26.0048     3.8387     3.7970    116.922    115.652     1.3223     1.2613     0.0684     0.6844     3.3895     1.6447     0.0488 -124.79102   48.37042      63.20          9  0.000e+00
      31221   1300.833     14.969     15.097     7.8568     7.8567  34.558531  34.557844     7.8553     7.8553    33.3576    33.3569    26.0052    26.0046     3.8443     3.7970    117.093    115.651     1.3236     1.2613     0.0684     0.6844     3.3907     1.6447     0.0488 -124.79102   48.37042      63.22          9  0.000e+00
      31222   1300.875     14.929     15.057     7.8567     7.8564  34.558656  34.558032     7.8553     7.8550    33.3578    33.3574    26.0053    26.0051     3.8443     3.7970    117.092    115.651     1.3236     1.2613     0.0684     0.6844     3.3907     1.6447     0.0488 -124.79102   48.37042      63.20          9  0.000e+00
      31223   1300.917     15.022     15.150     7.8566     7.8569  34.558594  34.557782     7.8552     7.8555    33.3578    33.3566    26.0053    26.0044     3.8444     3.7970    117.094    115.651     1.3236     1.2613     0.0684     0.6844     3.3907     1.6447     0.0488 -124.79102   48.37042      63.20          9  0.000e+00
      31224   1300.958     14.923     15.050     7.8566     7.8567  34.558718  34.557719     7.8552     7.8553    33.3580    33.3568    26.0055    26.0045     3.8443     3.7970    117.092    115.650     1.3236     1.2613     0.0684     0.6844     3.3907     1.6459     0.0488 -124.79102   48.37042      63.20          9  0.000e+00
      31225   1301.000     14.976     15.104     7.8566     7.8571  34.558969  34.557469     7.8551     7.8556    33.3583    33.3562    26.0057    26.0040     3.8444     3.7970    117.093    115.650     1.3236     1.2613     0.0684     0.6844     3.3907     1.6447     0.0488 -124.79102   48.37042      63.22          9  0.000e+00
      31226   1301.042     15.022     15.150     7.8568     7.8569  34.559094  34.558094     7.8553     7.8555    33.3582    33.3570    26.0056    26.0046     3.8387     3.7970    116.922    115.651     1.3223     1.2613     0.0684     0.6844     3.3919     1.6447     0.0488 -124.79102   48.37042      63.27          9  0.000e+00
      31227   1301.083     14.929     15.057     7.8566     7.8571  34.558844  34.557844     7.8552     7.8556    33.3581    33.3566    26.0056    26.0043     3.8443     3.7970    117.092    115.649     1.3236     1.2613     0.0684     0.6844     3.3907     1.6447     0.0488 -124.79102   48.37042      63.27          9  0.000e+00
      31228   1301.125     14.969     15.097     7.8567     7.8572  34.559094  34.557969     7.8553     7.8558    33.3583    33.3566    26.0057    26.0043     3.8443     3.7970    117.092    115.650     1.3236     1.2613     0.0684     0.6844     3.3919     1.6447     0.0488 -124.79102   48.37042      63.27          9  0.000e+00
      31229   1301.167     14.923     15.050     7.8568     7.8571  34.559094  34.558031     7.8553     7.8556    33.3582    33.3568    26.0056    26.0045     3.8443     3.7970    117.091    115.649     1.3236     1.2613     0.0684     0.6844     3.3907     1.6447     0.0488 -124.79102   48.37042      63.27          9  0.000e+00
      31230   1301.208     14.976     15.104     7.8567     7.8572  34.559094  34.558219     7.8553     7.8557    33.3583    33.3569    26.0057    26.0045     3.8443     3.7970    117.092    115.650     1.3236     1.2613     0.0684     0.6844     3.3907     1.6447     0.0488 -124.79102   48.37042      63.27          9  0.000e+00
      31231   1301.250     14.969     15.097     7.8568     7.8572  34.559282  34.557844     7.8553     7.8558    33.3584    33.3564    26.0058    26.0042     3.8443     3.7970    117.092    115.650     1.3236     1.2613     0.0684     0.6844     3.3907     1.6459     0.0488 -124.79102   48.37042      63.32          9  0.000e+00
      31232   1301.292     14.976     15.104     7.8568     7.8572  34.558906  34.557969     7.8553     7.8558    33.3580    33.3566    26.0055    26.0043     3.8443     3.7970    117.092    115.650     1.3236     1.2613     0.0684     0.6844     3.3907     1.6459     0.0488 -124.79102   48.37042      63.44          9  0.000e+00
      31233   1301.333     14.969     15.097     7.8569     7.8574  34.558844  34.558032     7.8555     7.8560    33.3578    33.3565    26.0053    26.0042     3.8443     3.7970    117.092    115.649     1.3236     1.2613     0.0696     0.7149     3.3907     1.6459     0.0488 -124.79102   48.37042      63.47          9  0.000e+00
      31234   1301.375     14.923     15.050     7.8568     7.8576  34.559031  34.558469     7.8553     7.8561    33.3582    33.3568    26.0056    26.0044     3.8443     3.7969    117.091    115.648     1.3236     1.2613     0.0684     0.6844     3.3907     1.6447     0.0488 -124.79102   48.37042      63.47          9  0.000e+00
      31235   1301.417     14.976     15.104     7.8568     7.8578  34.559282  34.557719     7.8553     7.8563    33.3584    33.3558    26.0058    26.0036     3.8443     3.7969    117.092    115.649     1.3236     1.2613     0.0684     0.6844     3.3895     1.6459     0.0488 -124.79102   48.37042      63.47          9  0.000e+00
      31236   1301.458     14.923     15.050     7.8571     7.8574  34.559156  34.558094     7.8556     7.8560    33.3580    33.3565    26.0054    26.0042     3.8443     3.7969    117.091    115.648     1.3236     1.2613     0.0684     0.6844     3.3907     1.6447     0.0488 -124.79102   48.37042      63.47          9  0.000e+00
      31237   1301.500     14.969     15.097     7.8572     7.8576  34.558844  34.558094     7.8558     7.8561    33.3575    33.3564    26.0050    26.0041     3.8443     3.7969    117.091    115.649     1.3236     1.2613     0.0684     0.6844     3.3907     1.6459     0.0488 -124.79102   48.37042      63.39          9  0.000e+00
      31238   1301.542     14.930     15.057     7.8572     7.8574  34.558969  34.558031     7.8558     7.8560    33.3576    33.3565    26.0051    26.0042     3.8443     3.7969    117.091    115.649     1.3236     1.2613     0.0684     0.6844     3.3907     1.6459     0.0488 -124.79102   48.37042      63.25          9  0.000e+00
      31239   1301.583     14.969     15.097     7.8572     7.8574  34.559595  34.558282     7.8558     7.8560    33.3583    33.3567    26.0056    26.0044     3.8443     3.7969    117.091    115.649     1.3236     1.2613     0.0684     0.6844     3.3895     1.6459     0.0488 -124.79102   48.37042      63.22          9  0.000e+00
      31240   1301.625     14.930     15.057     7.8572     7.8571  34.559469  34.557656     7.8558     7.8556    33.3582    33.3564    26.0055    26.0042     3.8443     3.7970    117.090    115.650     1.3236     1.2613     0.0684     0.6844     3.3907     1.6447     0.0488 -124.79102   48.37042      63.22          9  0.000e+00
      31241   1301.667     14.969     15.097     7.8574     7.8574  34.559407  34.557844     7.8559     7.8560    33.3580    33.3563    26.0053    26.0040     3.8443     3.7970    117.091    115.649     1.3236     1.2613     0.0684     0.6844     3.3907     1.6447     0.0488 -124.79102   48.37042      63.22          9  0.000e+00
      31242   1301.708     14.923     15.050     7.8572     7.8571  34.559594  34.558219     7.8558     7.8556    33.3583    33.3570    26.0056    26.0046     3.8443     3.7970    117.090    115.649     1.3236     1.2613     0.0684     0.6844     3.3907     1.6459     0.0488 -124.79102   48.37042      63.25          9  0.000e+00
      31243   1301.750     14.930     15.057     7.8576     7.8573  34.559219  34.557906     7.8561     7.8559    33.3576    33.3564    26.0050    26.0042     3.8443     3.7969    117.090    115.649     1.3236     1.2613     0.0684     0.6844     3.3907     1.6459     0.0488 -124.79102   48.37042      63.30          9  0.000e+00
      31244   1301.792     14.969     15.097     7.8577     7.8574  34.559344  34.557969     7.8563     7.8560    33.3576    33.3564    26.0050    26.0041     3.8443     3.7970    117.090    115.649     1.3236     1.2613     0.0684     0.6844     3.3907     1.6447     0.0488 -124.79102   48.37042      63.39          9  0.000e+00
      31245   1301.833     14.930     15.057     7.8578     7.8571  34.559657  34.558469     7.8563     7.8556    33.3579    33.3573    26.0052    26.0048     3.8442     3.7969    117.089    115.649     1.3236     1.2613     0.0684     0.6844     3.3907     1.6447     0.0488 -124.79102   48.37042      63.42          9  0.000e+00
      31246   1301.875     14.923     15.050     7.8578     7.8574  34.559907  34.558156     7.8563     7.8560    33.3582    33.3566    26.0054    26.0043     3.8442     3.7969    117.089    115.648     1.3236     1.2613     0.0684     0.6844     3.3907     1.6459     0.0488 -124.79102   48.37042      63.42          9  0.000e+00
      31247   1301.917     14.923     15.050     7.8577     7.8571  34.559532  34.557844     7.8563     7.8556    33.3578    33.3566    26.0052    26.0043     3.8442     3.7970    117.089    115.649     1.3236     1.2613     0.0684     0.6844     3.3919     1.6447     0.0488 -124.79102   48.37042      63.42          9  0.000e+00
      31248   1301.958     14.976     15.104     7.8578     7.8572  34.559407  34.557969     7.8563     7.8558    33.3576    33.3566    26.0050    26.0043     3.8443     3.7970    117.090    115.650     1.3236     1.2613     0.0684     0.6844     3.3907     1.6447     0.0488 -124.79102   48.37042      63.42          9  0.000e+00
      31249   1302.000     14.923     15.050     7.8579     7.8572  34.559219  34.558469     7.8564     7.8558    33.3573    33.3571    26.0048    26.0047     3.8442     3.7969    117.089    115.648     1.3236     1.2613     0.0684     0.6844     3.3919     1.6447     0.0488 -124.79102   48.37042      63.37          9  0.000e+00
      31250   1302.042     14.877     15.004     7.8578     7.8569  34.559782  34.558156     7.8563     7.8555    33.3580    33.3571    26.0054    26.0047     3.8442     3.7969    117.088    115.649     1.3236     1.2613     0.0684     0.6844     3.3907     1.6447     0.0488 -124.79102   48.37042      63.30          9  0.000e+00
      31251   1302.083     14.976     15.104     7.8579     7.8569  34.560220  34.558032     7.8564     7.8555    33.3583    33.3569    26.0056    26.0046     3.8442     3.7970    117.089    115.650     1.3236     1.2613     0.0696     0.7149     3.3907     1.6447     0.0488 -124.79102   48.37042      63.27          9  0.000e+00
      31252   1302.125     14.923     15.050     7.8580     7.8569  34.559845  34.557781     7.8566     7.8555    33.3578    33.3567    26.0051    26.0044     3.8442     3.7970    117.088    115.650     1.3236     1.2613     0.0684     0.6844     3.3907     1.6447     0.0488 -124.79102   48.37042      63.27          9  0.000e+00
      31253   1302.167     14.883     15.010     7.8579     7.8569  34.559907  34.557906     7.8565     7.8555    33.3580    33.3568    26.0053    26.0045     3.8442     3.7970    117.088    115.649     1.3236     1.2613     0.0684     0.6844     3.3907     1.6447     0.0488 -124.79102   48.37042      63.30          9  0.000e+00
      31254   1302.208     14.923     15.050     7.8579     7.8571  34.559782  34.558031     7.8564     7.8556    33.3579    33.3568    26.0052    26.0045     3.8442     3.7970    117.088    115.649     1.3236     1.2613     0.0684     0.6844     3.3907     1.6447     0.0488 -124.79102   48.37042      63.30          9  0.000e+00
