West Coast/WCOA-7/CTD_Data/RB2102_CTD_015_01.ros
* Sea-Bird SBE 9 Data File:
* FileName = C:\Users\scs.user.rb\CTD\RB2102\Data\RB2102_CTD_015_01.hex
* Software Version Seasave V 7.26.7.107
* Temperature SN = 6202
* Conductivity SN = 4907
* Number of Bytes Per Scan = 41
* Number of Voltage Words = 4
* Number of Scans Averaged by the Deck Unit = 1
* NMEA Latitude = 48 50.40 N
* NMEA Longitude = 125 27.83 W
* NMEA UTC (Time) = Jun 28 2021  11:18:30
* NMEA baud rate = 4800
# nquan = 30
# nvalues = 637                                   
# units = specified
# name 0 = scan: Scan Count
# name 1 = timeS: Time, Elapsed [seconds]
# name 2 = depSM: Depth [salt water, m]
# name 3 = prDM: Pressure, Digiquartz [db]
# name 4 = t090C: Temperature [ITS-90, deg C]
# name 5 = t190C: Temperature, 2 [ITS-90, deg C]
# name 6 = c0mS/cm: Conductivity [mS/cm]
# name 7 = c1mS/cm: Conductivity, 2 [mS/cm]
# name 8 = potemp090C: Potential Temperature [ITS-90, deg C]
# name 9 = potemp190C: Potential Temperature, 2 [ITS-90, deg C]
# name 10 = sal00: Salinity, Practical [PSU]
# name 11 = sal11: Salinity, Practical, 2 [PSU]
# name 12 = sigma-é00: Density [sigma-theta, kg/m^3]
# name 13 = sigma-é11: Density, 2 [sigma-theta, kg/m^3]
# name 14 = sbeox0Mg/L: Oxygen, SBE 43 [mg/l]
# name 15 = sbeox1Mg/L: Oxygen, SBE 43, 2 [mg/l]
# name 16 = sbox0Mm/Kg: Oxygen, SBE 43 [umol/kg]
# name 17 = sbox1Mm/Kg: Oxygen, SBE 43, 2 [umol/kg]
# name 18 = sbeox0V: Oxygen raw, SBE 43 [V]
# name 19 = sbeox1V: Oxygen raw, SBE 43, 2 [V]
# name 20 = v4: Voltage 4
# name 21 = flECO-AFL: Fluorescence, WET Labs ECO-AFL/FL [mg/m^3]
# name 22 = v3: Voltage 3
# name 23 = v6: Voltage 6
# name 24 = v7: Voltage 7
# name 25 = longitude: Longitude [deg]
# name 26 = latitude: Latitude [deg]
# name 27 = altM: Altimeter [m]
# name 28 = nbf: Bottles Fired
# name 29 = flag:  0.000e+00
# interval = seconds: 0.0416667
# start_time = Jun 28 2021 11:18:30 [NMEA time, header]
# bad_flag = -9.990e-29
*END*
[from data line 339]
      34721   1446.667     40.699     41.051     8.7639     8.7417  34.623368  34.619194     8.7597     8.7376    32.5638    32.5798    25.2479    25.2639     4.8962     4.8029    149.239    146.395     1.5665     1.4750     0.0513     0.2571     3.2088     1.5140     0.2295 -125.46386   48.84026      58.36          7  0.000e+00
      34722   1446.708     40.752     41.104     8.7629     8.7421  34.623118  34.619444     8.7587     8.7379    32.5644    32.5798    25.2486    25.2638     4.8963     4.8029    149.243    146.394     1.5665     1.4750     0.0513     0.2571     3.2088     1.5140     0.2308 -125.46386   48.84026      58.36          7  0.000e+00
      34723   1446.750     40.752     41.104     8.7633     8.7425  34.623118  34.619257     8.7591     8.7383    32.5641    32.5791    25.2483    25.2632     4.8963     4.8029    149.242    146.393     1.5665     1.4750     0.0513     0.2571     3.2088     1.5140     0.2295 -125.46386   48.84026      58.36          7  0.000e+00
      34724   1446.792     40.752     41.104     8.7629     8.7427  34.623556  34.619194     8.7587     8.7385    32.5649    32.5789    25.2490    25.2630     4.8963     4.8029    149.243    146.393     1.5665     1.4750     0.0513     0.2571     3.2112     1.5140     0.2295 -125.46386   48.84026      58.36          7  0.000e+00
      38151   1589.583     30.789     31.055     9.2936     9.3165  34.832743  34.847721     9.2903     9.3132    32.3025    32.2973    24.9611    24.9533     5.8007     5.7339    176.860    174.823     1.7814     1.6789     0.0769     0.8981     3.2088     1.4298     0.4322 -125.46388   48.84022      68.45          8  0.000e+00
      38152   1589.625     30.637     30.901     9.2922     9.3165  34.831738  34.847658     9.2890     9.3132    32.3028    32.2973    24.9615    24.9533     5.8008     5.7338    176.862    174.820     1.7814     1.6789     0.0769     0.8981     3.2076     1.4298     0.4310 -125.46388   48.84022      68.55          8  0.000e+00
      38153   1589.667     30.730     30.995     9.2914     9.3163  34.831990  34.847407     9.2881     9.3130    32.3038    32.2972    24.9624    24.9533     5.7954     5.7398    176.699    175.005     1.7802     1.6801     0.0769     0.8981     3.2063     1.4298     0.4322 -125.46388   48.84022      68.57          8  0.000e+00
      38154   1589.708     30.730     30.995     9.2916     9.3170  34.832806  34.847846     9.2883     9.3137    32.3045    32.2970    24.9629    24.9531     5.7954     5.7338    176.698    174.820     1.7802     1.6789     0.0769     0.8981     3.2076     1.4286     0.4310 -125.46388   48.84022      68.57          8  0.000e+00
      38155   1589.750     30.684     30.948     9.2922     9.3176  34.833056  34.847972     9.2890     9.3143    32.3042    32.2966    24.9626    24.9526     5.7953     5.7337    176.694    174.817     1.7802     1.6789     0.0769     0.8981     3.2076     1.4286     0.4310 -125.46388   48.84022      68.57          8  0.000e+00
      38156   1589.792     30.690     30.955     9.2931     9.3188  34.833056  34.848724     9.2898     9.3155    32.3034    32.2963    24.9618    24.9522     5.7952     5.7335    176.692    174.813     1.7802     1.6789     0.0769     0.8981     3.2076     1.4286     0.4322 -125.46388   48.84022      68.57          8  0.000e+00
      38157   1589.833     30.637     30.901     9.2935     9.3196  34.833496  34.848912     9.2903     9.3163    32.3035    32.2958    24.9618    24.9517     5.7951     5.7334    176.689    174.809     1.7802     1.6789     0.0769     0.8981     3.2076     1.4286     0.4310 -125.46388   48.84022      68.60          8  0.000e+00
      38158   1589.875     30.684     30.948     9.2944     9.3202  34.833684  34.847971     9.2911     9.3170    32.3029    32.2942    24.9612    24.9503     5.7950     5.7393    176.687    174.991     1.7802     1.6801     0.0769     0.8981     3.2076     1.4286     0.4310 -125.46388   48.84022      68.62          8  0.000e+00
      38159   1589.917     30.584     30.848     9.2950     9.3204  34.834060  34.848598     9.2918     9.3172    32.3027    32.2947    24.9610    24.9507     5.7949     5.7333    176.682    174.806     1.7802     1.6789     0.0769     0.8981     3.2076     1.4286     0.4310 -125.46388   48.84022      68.62          8  0.000e+00
      38160   1589.958     30.637     30.901     9.2960     9.3194  34.834500  34.849163     9.2927     9.3162    32.3023    32.2962    24.9605    24.9520     5.7948     5.7334    176.680    174.809     1.7802     1.6789     0.0769     0.8981     3.2076     1.4286     0.4322 -125.46388   48.84022      68.62          8  0.000e+00
      38161   1590.000     30.591     30.855     9.2970     9.3185  34.834625  34.848975     9.2938     9.3152    32.3015    32.2969    24.9597    24.9527     5.7947     5.7335    176.676    174.811     1.7802     1.6789     0.0769     0.8981     3.2076     1.4286     0.4322 -125.46388   48.84022      68.62          8  0.000e+00
      38162   1590.042     30.584     30.848     9.2969     9.3181  34.834625  34.849414     9.2937     9.3149    32.3016    32.2976    24.9598    24.9533     5.7947     5.7394    176.676    174.993     1.7802     1.6801     0.0794     0.9591     3.2076     1.4286     0.4322 -125.46388   48.84022      68.62          8  0.000e+00
      38163   1590.083     30.584     30.848     9.2971     9.3183  34.834625  34.849038     9.2939     9.3150    32.3014    32.2971    24.9596    24.9529     5.7946     5.7335    176.676    174.812     1.7802     1.6789     0.0818     1.0202     3.2076     1.4286     0.4310 -125.46388   48.84022      68.69          8  0.000e+00
      38164   1590.125     30.538     30.801     9.2970     9.3180  34.834813  34.848912     9.2938     9.3147    32.3017    32.2973    24.9599    24.9531     5.7946     5.7335    176.675    174.812     1.7802     1.6789     0.0830     1.0507     3.2076     1.4286     0.4310 -125.46388   48.84022      68.79          8  0.000e+00
      38165   1590.167     30.538     30.801     9.2978     9.3180  34.835127  34.849163     9.2945     9.3147    32.3014    32.2976    24.9595    24.9533     5.7945     5.7394    176.672    174.993     1.7802     1.6801     0.0830     1.0507     3.2076     1.4286     0.4322 -125.46388   48.84022      68.82          8  0.000e+00
      38166   1590.208     30.545     30.808     9.2985     9.3186  34.835692  34.849038     9.2952     9.3153    32.3013    32.2968    24.9593    24.9527     5.7944     5.7394    176.669    174.991     1.7802     1.6801     0.0818     1.0202     3.2063     1.4286     0.4322 -125.46388   48.84022      68.82          8  0.000e+00
      38167   1590.250     30.538     30.801     9.2996     9.3188  34.835880  34.848661     9.2963     9.3155    32.3005    32.2963    24.9585    24.9522     5.7943     5.7394    176.666    174.991     1.7802     1.6801     0.0818     1.0202     3.2088     1.4286     0.4322 -125.46388   48.84022      68.79          8  0.000e+00
      38168   1590.292     30.538     30.801     9.3005     9.3189  34.836570  34.849790     9.2973     9.3157    32.3003    32.2973    24.9582    24.9530     5.7942     5.7333    176.662    174.807     1.7802     1.6789     0.0818     1.0202     3.2088     1.4286     0.4322 -125.46388   48.84022      68.79          8  0.000e+00
      38169   1590.333     30.485     30.748     9.3010     9.3186  34.836633  34.849226     9.2978     9.3153    32.3000    32.2971    24.9579    24.9528     5.7941     5.7334    176.659    174.808     1.7802     1.6789     0.0818     1.0202     3.2088     1.4286     0.4322 -125.46388   48.84022      68.82          8  0.000e+00
      38170   1590.375     30.485     30.748     9.3016     9.3185  34.836758  34.849414     9.2983     9.3152    32.2996    32.2974    24.9575    24.9531     5.7940     5.7334    176.657    174.808     1.7802     1.6789     0.0818     1.0202     3.2088     1.4286     0.4322 -125.46388   48.84022      68.86          8  0.000e+00
      38171   1590.417     30.492     30.755     9.3017     9.3186  34.837009  34.848849     9.2985     9.3153    32.2997    32.2967    24.9576    24.9525     5.7940     5.7334    176.657    174.809     1.7802     1.6789     0.0818     1.0202     3.2076     1.4286     0.4310 -125.46388   48.84022      68.86          8  0.000e+00
      38172   1590.458     30.485     30.748     9.3025     9.3191  34.837135  34.848598     9.2993     9.3159    32.2991    32.2959    24.9570    24.9519     5.7939     5.7333    176.654    174.807     1.7802     1.6789     0.0818     1.0202     3.2076     1.4286     0.4310 -125.46388   48.84022      68.86          8  0.000e+00
      38173   1590.500     30.439     30.701     9.3035     9.3194  34.837574  34.848598     9.3002     9.3162    32.2987    32.2957    24.9565    24.9516     5.7938     5.7392    176.650    174.987     1.7802     1.6801     0.0818     1.0202     3.2076     1.4286     0.4322 -125.46388   48.84022      68.86          8  0.000e+00
      38174   1590.542     30.485     30.748     9.3050     9.3196  34.837762  34.848849     9.3017     9.3163    32.2976    32.2958    24.9554    24.9517     5.7937     5.7333    176.646    174.805     1.7802     1.6789     0.0818     1.0202     3.2076     1.4286     0.4310 -125.46388   48.84022      68.86          8  0.000e+00
      38175   1590.583     30.439     30.701     9.3051     9.3194  34.837511  34.848222     9.3019     9.3162    32.2972    32.2953    24.9551    24.9513     5.7936     5.7333    176.645    174.806     1.7802     1.6789     0.0818     1.0202     3.2088     1.4286     0.4310 -125.46388   48.84022      68.91          8  0.000e+00
      38176   1590.625     30.446     30.708     9.3056     9.3194  34.837448  34.848410     9.3024     9.3162    32.2967    32.2955    24.9546    24.9515     5.7936     5.7333    176.644    174.806     1.7802     1.6789     0.0818     1.0202     3.2088     1.4286     0.4310 -125.46388   48.84022      68.94          8  0.000e+00
      38177   1590.667     30.439     30.701     9.3056     9.3196  34.837448  34.848410     9.3024     9.3163    32.2967    32.2954    24.9546    24.9513     5.7990     5.7392    176.810    174.987     1.7814     1.6801     0.0818     1.0202     3.2076     1.4286     0.4322 -125.46388   48.84022      68.94          8  0.000e+00
      38178   1590.708     30.439     30.701     9.3056     9.3196  34.836946  34.848974     9.3024     9.3163    32.2962    32.2959    24.9542    24.9518     5.7991     5.7332    176.811    174.804     1.7814     1.6789     0.0818     1.0202     3.2076     1.4286     0.4310 -125.46388   48.84022      68.94          8  0.000e+00
      38179   1590.750     30.439     30.701     9.3050     9.3199  34.837009  34.848284     9.3017     9.3167    32.2968    32.2949    24.9548    24.9509     5.7937     5.7332    176.646    174.804     1.7802     1.6789     0.0818     1.0202     3.2076     1.4286     0.4310 -125.46388   48.84022      68.94          8  0.000e+00
      38180   1590.792     30.393     30.655     9.3035     9.3202  34.836758  34.848911     9.3002     9.3170    32.2979    32.2953    24.9559    24.9512     5.7938     5.7331    176.650    174.801     1.7802     1.6789     0.0818     1.0202     3.2076     1.4286     0.4322 -125.46388   48.84024      68.94          8  0.000e+00
      38181   1590.833     30.393     30.655     9.3028     9.3206  34.836256  34.848535     9.2996     9.3173    32.2980    32.2946    24.9560    24.9506     5.7939     5.7391    176.652    174.982     1.7802     1.6801     0.0818     1.0202     3.2076     1.4286     0.4322 -125.46388   48.84024      68.99          8  0.000e+00
      38182   1590.875     30.439     30.701     9.3023     9.3206  34.836193  34.849225     9.2991     9.3173    32.2984    32.2953    24.9564    24.9511     5.7940     5.7331    176.655    174.801     1.7802     1.6789     0.0818     1.0202     3.2076     1.4286     0.4310 -125.46388   48.84024      69.06          8  0.000e+00
      38183   1590.917     30.439     30.701     9.3024     9.3204  34.835942  34.849100     9.2991     9.3172    32.2981    32.2953    24.9562    24.9512     5.7994     5.7391    176.822    174.983     1.7814     1.6801     0.0818     1.0202     3.2076     1.4286     0.4322 -125.46388   48.84024      69.06          8  0.000e+00
      38184   1590.958     30.393     30.655     9.3020     9.3206  34.836067  34.849601     9.2988     9.3173    32.2985    32.2957    24.9566    24.9515     5.7994     5.7331    176.822    174.799     1.7814     1.6789     0.0818     1.0202     3.2076     1.4286     0.4310 -125.46388   48.84024      69.08          8  0.000e+00
      38185   1591.000     30.446     30.708     9.3014     9.3208  34.835942  34.849162     9.2981     9.3175    32.2990    32.2951    24.9570    24.9509     5.7995     5.7391    176.825    174.982     1.7814     1.6801     0.0818     1.0202     3.2076     1.4286     0.4322 -125.46388   48.84024      69.06          8  0.000e+00
      38186   1591.042     30.393     30.655     9.3007     9.3208  34.835628  34.849790     9.2975     9.3175    32.2993    32.2957    24.9574    24.9514     5.7996     5.7330    176.826    174.799     1.7814     1.6789     0.0818     1.0202     3.2076     1.4286     0.4310 -125.46388   48.84024      69.06          8  0.000e+00
      38187   1591.083     30.393     30.655     9.3005     9.3211  34.835565  34.849225     9.2973     9.3178    32.2994    32.2949    24.9575    24.9507     5.7941     5.7390    176.660    174.980     1.7802     1.6801     0.0818     1.0202     3.2063     1.4286     0.4310 -125.46388   48.84024      69.08          8  0.000e+00
      38188   1591.125     30.393     30.655     9.3006     9.3209  34.835314  34.849790     9.2973     9.3177    32.2991    32.2956    24.9572    24.9513     5.7941     5.7330    176.660    174.798     1.7802     1.6789     0.0806     0.9897     3.2088     1.4286     0.4310 -125.46388   48.84024      69.11          8  0.000e+00
      38189   1591.167     30.393     30.655     9.3005     9.3212  34.835251  34.849915     9.2973     9.3180    32.2990    32.2954    24.9572    24.9511     5.7941     5.7330    176.660    174.797     1.7802     1.6789     0.0794     0.9591     3.2088     1.4286     0.4310 -125.46388   48.84024      69.13          8  0.000e+00
      38190   1591.208     30.393     30.655     9.2999     9.3212  34.835252  34.850041     9.2967     9.3180    32.2996    32.2956    24.9577    24.9512     5.7942     5.7389    176.662    174.978     1.7802     1.6801     0.0794     0.9591     3.2063     1.4286     0.4322 -125.46388   48.84024      69.11          8  0.000e+00
      38191   1591.250     30.393     30.655     9.2994     9.3211  34.835314  34.849727     9.2962     9.3178    32.3001    32.2954    24.9582    24.9511     5.7942     5.7330    176.663    174.798     1.7802     1.6789     0.0794     0.9591     3.2088     1.4286     0.4322 -125.46388   48.84024      69.11          8  0.000e+00
      38192   1591.292     30.393     30.655     9.2996     9.3202  34.835503  34.849539     9.2963     9.3170    32.3002    32.2959    24.9583    24.9517     5.7942     5.7331    176.663    174.800     1.7802     1.6789     0.0794     0.9591     3.2088     1.4286     0.4310 -125.46388   48.84024      69.11          8  0.000e+00
      38193   1591.333     30.393     30.655     9.3007     9.3196  34.836256  34.848849     9.2975     9.3163    32.2999    32.2958    24.9579    24.9517     5.7941     5.7392    176.658    174.985     1.7802     1.6801     0.0794     0.9591     3.2076     1.4286     0.4310 -125.46388   48.84024      69.11          8  0.000e+00
