West Coast/WCOA-7/CTD_Data/RB2102_CTD_128_01.ros
* Sea-Bird SBE 9 Data File:
* FileName = C:\Users\scs.user.rb\CTD\RB2102\Data\RB2102_CTD_128_01.hex
* Software Version Seasave V 7.26.7.107
* Temperature SN = 6202
* Conductivity SN = 4907
* Number of Bytes Per Scan = 41
* Number of Voltage Words = 4
* Number of Scans Averaged by the Deck Unit = 1
* NMEA Latitude = 33 11.04 N
* NMEA Longitude = 118 23.21 W
* NMEA UTC (Time) = Jul 21 2021  08:04:02
* NMEA baud rate = 4800
# nquan = 30
# nvalues = 1176                                  
# units = specified
# name 0 = scan: Scan Count
# name 1 = timeS: Time, Elapsed [seconds]
# name 2 = depSM: Depth [salt water, m]
# name 3 = prDM: Pressure, Digiquartz [db]
# name 4 = t090C: Temperature [ITS-90, deg C]
# name 5 = t190C: Temperature, 2 [ITS-90, deg C]
# name 6 = c0mS/cm: Conductivity [mS/cm]
# name 7 = c1mS/cm: Conductivity, 2 [mS/cm]
# name 8 = potemp090C: Potential Temperature [ITS-90, deg C]
# name 9 = potemp190C: Potential Temperature, 2 [ITS-90, deg C]
# name 10 = sal00: Salinity, Practical [PSU]
# name 11 = sal11: Salinity, Practical, 2 [PSU]
# name 12 = sigma-é00: Density [sigma-theta, kg/m^3]
# name 13 = sigma-é11: Density, 2 [sigma-theta, kg/m^3]
# name 14 = sbeox0Mg/L: Oxygen, SBE 43 [mg/l]
# name 15 = sbeox1Mg/L: Oxygen, SBE 43, 2 [mg/l]
# name 16 = sbox0Mm/Kg: Oxygen, SBE 43 [umol/kg]
# name 17 = sbox1Mm/Kg: Oxygen, SBE 43, 2 [umol/kg]
# name 18 = sbeox0V: Oxygen raw, SBE 43 [V]
# name 19 = sbeox1V: Oxygen raw, SBE 43, 2 [V]
# name 20 = v4: Voltage 4
# name 21 = flECO-AFL: Fluorescence, WET Labs ECO-AFL/FL [mg/m^3]
# name 22 = v3: Voltage 3
# name 23 = v6: Voltage 6
# name 24 = v7: Voltage 7
# name 25 = longitude: Longitude [deg]
# name 26 = latitude: Latitude [deg]
# name 27 = altM: Altimeter [m]
# name 28 = nbf: Bottles Fired
# name 29 = flag:  0.000e+00
# interval = seconds: 0.0416667
# start_time = Jul 21 2021 08:04:02 [NMEA time, header]
# bad_flag = -9.990e-29
*END*
[from data line 1016]
     134688   5611.958     10.103     10.175    20.7304    20.7323  46.803662  46.807020    20.7285    20.7304    33.5013    33.5024    23.4263    23.4267     7.5158     7.0187    229.495    214.317     2.6288     2.3602     0.0476     0.1655     3.2210     0.0000     0.0024 -118.38724   33.18174      99.68         21  0.000e+00
     134689   5612.000     10.103     10.175    20.7304    20.7326  46.803662  46.807373    20.7285    20.7307    33.5013    33.5025    23.4263    23.4266     7.5200     7.0187    229.626    214.316     2.6300     2.3602     0.0464     0.1350     3.2210     0.0000     0.0024 -118.38724   33.18174      99.68         21  0.000e+00
     134690   5612.042     10.103     10.175    20.7305    20.7332  46.803874  46.808151    20.7286    20.7313    33.5013    33.5026    23.4263    23.4266     7.5200     7.0186    229.625    214.313     2.6300     2.3602     0.0464     0.1350     3.2210     0.0000     0.0024 -118.38724   33.18174      99.68         21  0.000e+00
     134691   5612.083     10.163     10.235    20.7307    20.7335  46.803733  46.808363    20.7288    20.7316    33.5010    33.5025    23.4260    23.4264     7.5201     7.0186    229.626    214.313     2.6300     2.3602     0.0464     0.1350     3.2210     0.0000     0.0037 -118.38724   33.18174      99.68         21  0.000e+00
     134692   5612.125     10.103     10.175    20.7309    20.7340  46.803874  46.807868    20.7290    20.7321    33.5010    33.5018    23.4260    23.4257     7.5200     7.0185    229.624    214.311     2.6300     2.3602     0.0464     0.1350     3.2210     0.0000     0.0024 -118.38724   33.18174      99.68         21  0.000e+00
     134693   5612.167     10.103     10.175    20.7309    20.7335  46.803945  46.807938    20.7290    20.7316    33.5011    33.5022    23.4260    23.4262     7.5200     7.0185    229.624    214.312     2.6300     2.3602     0.0464     0.1350     3.2198     0.0000     0.0012 -118.38724   33.18174      99.68         21  0.000e+00
     134694   5612.208     10.103     10.175    20.7312    20.7330  46.803733  46.807090    20.7293    20.7311    33.5006    33.5019    23.4256    23.4261     7.5200     7.0186    229.623    214.315     2.6300     2.3602     0.0464     0.1350     3.2222     0.0000     0.0024 -118.38724   33.18174      99.68         21  0.000e+00
     134695   5612.250     10.163     10.236    20.7312    20.7330  46.803874  46.806596    20.7293    20.7311    33.5007    33.5015    23.4257    23.4258     7.5200     7.0187    229.624    214.317     2.6300     2.3602     0.0464     0.1350     3.2210     0.0000     0.0024 -118.38724   33.18174      99.68         21  0.000e+00
     134696   5612.292     10.156     10.229    20.7312    20.7333  46.803733  46.807020    20.7293    20.7314    33.5006    33.5017    23.4256    23.4258     7.5200     7.0187    229.624    214.315     2.6300     2.3602     0.0464     0.1350     3.2222     0.0000     0.0024 -118.38724   33.18174      99.68         21  0.000e+00
     134697   5612.333     10.156     10.229    20.7309    20.7334  46.803662  46.806596    20.7290    20.7315    33.5008    33.5012    23.4259    23.4255     7.5200     7.0187    229.626    214.316     2.6300     2.3602     0.0464     0.1350     3.2210     0.0000     0.0037 -118.38724   33.18174      99.68         21  0.000e+00
     134698   5612.375     10.156     10.229    20.7305    20.7330  46.803309  46.806525    20.7286    20.7311    33.5008    33.5014    23.4259    23.4257     7.5201     7.0187    229.627    214.317     2.6300     2.3602     0.0464     0.1350     3.2210     0.0000     0.0024 -118.38724   33.18174      99.68         21  0.000e+00
     134699   5612.417     10.117     10.189    20.7305    20.7329  46.803521  46.806384    20.7286    20.7310    33.5010    33.5014    23.4261    23.4258     7.5201     7.0187    229.626    214.316     2.6300     2.3602     0.0464     0.1350     3.2210     0.0000     0.0024 -118.38724   33.18174      99.68         21  0.000e+00
     134700   5612.458     10.203     10.276    20.7305    20.7322  46.803663  46.806101    20.7286    20.7302    33.5011    33.5018    23.4261    23.4262     7.5201     7.0188    229.628    214.321     2.6300     2.3602     0.0464     0.1350     3.2210     0.0000     0.0012 -118.38724   33.18174      99.68         21  0.000e+00
     136281   5678.333      5.279      5.316    20.7281    20.7314  46.799752  46.804736    20.7271    20.7304    33.5016    33.5029    23.4269    23.4270     7.5073     7.0192    229.236    214.333     2.6276     2.3614     0.0464     0.1350     3.2210     0.0000     0.0024 -118.38724   33.18170      99.68         22  0.000e+00
     136282   5678.375      5.279      5.316    20.7283    20.7316  46.799681  46.804524    20.7273    20.7306    33.5014    33.5026    23.4267    23.4267     7.5073     7.0192    229.236    214.333     2.6276     2.3614     0.0464     0.1350     3.2222     0.0000     0.0000 -118.38724   33.18170      99.68         22  0.000e+00
     136283   5678.417      5.378      5.416    20.7279    20.7314  46.800247  46.804525    20.7269    20.7304    33.5021    33.5027    23.4273    23.4269     7.5117     7.0193    229.370    214.336     2.6288     2.3614     0.0464     0.1350     3.2210     0.0000     0.0000 -118.38724   33.18170      99.68         22  0.000e+00
     136284   5678.458      5.232      5.270    20.7279    20.7317  46.799822  46.804736    20.7269    20.7307    33.5018    33.5027    23.4271    23.4268     7.5116     7.0192    229.366    214.331     2.6288     2.3614     0.0464     0.1350     3.2222     0.0000     0.0000 -118.38724   33.18170      99.63         22  0.000e+00
     136285   5678.500      5.332      5.370    20.7283    20.7313  46.800530  46.804807    20.7273    20.7303    33.5020    33.5031    23.4272    23.4272     7.5116     7.0193    229.367    214.335     2.6288     2.3614     0.0464     0.1350     3.2210     0.0000     0.0000 -118.38724   33.18170      92.01         22  0.000e+00
     136286   5678.542      5.292      5.330    20.7281    20.7311  46.799964  46.804312    20.7271    20.7301    33.5017    33.5029    23.4270    23.4271     7.5116     7.0193    229.367    214.335     2.6288     2.3614     0.0464     0.1350     3.2210     0.0000     0.0000 -118.38724   33.18170      85.76         22  0.000e+00
     136287   5678.583      5.332      5.370    20.7281    20.7308  46.799681  46.804595    20.7271    20.7298    33.5015    33.5033    23.4268    23.4275     7.5116     7.0194    229.369    214.337     2.6288     2.3614     0.0464     0.1350     3.2198     0.0000     0.0000 -118.38724   33.18170      84.76         22  0.000e+00
     136288   5678.625      5.332      5.370    20.7279    20.7306  46.799964  46.804171    20.7269    20.7296    33.5019    33.5031    23.4272    23.4274     7.5117     7.0240    229.369    214.478     2.6288     2.3626     0.0464     0.1350     3.2210     0.0000     0.0000 -118.38724   33.18170      85.25         22  0.000e+00
     136289   5678.667      5.279      5.316    20.7274    20.7304  46.800105  46.803817    20.7264    20.7294    33.5024    33.5030    23.4277    23.4274     7.5116     7.0240    229.369    214.478     2.6288     2.3626     0.0464     0.1350     3.2198     0.0000     0.0000 -118.38724   33.18170      85.52         22  0.000e+00
     136290   5678.708      5.332      5.370    20.7274    20.7301  46.799469  46.803606    20.7264    20.7290    33.5019    33.5031    23.4273    23.4275     7.5160     7.0195    229.502    214.340     2.6300     2.3614     0.0464     0.1350     3.2198     0.0000     0.0000 -118.38724   33.18170      85.86         22  0.000e+00
     136291   5678.750      5.332      5.370    20.7269    20.7300  46.799540  46.803323    20.7259    20.7290    33.5023    33.5029    23.4278    23.4274     7.5161     7.0195    229.503    214.341     2.6300     2.3614     0.0464     0.1350     3.2210     0.0000     0.0000 -118.38724   33.18170      94.73         22  0.000e+00
     136292   5678.792      5.279      5.316    20.7269    20.7301  46.799328  46.803323    20.7259    20.7291    33.5022    33.5029    23.4277    23.4274     7.5117     7.0240    229.371    214.480     2.6288     2.3626     0.0464     0.1350     3.2210     0.0000     0.0000 -118.38724   33.18170      99.58         22  0.000e+00
     136293   5678.833      5.332      5.370    20.7271    20.7299  46.799540  46.803535    20.7260    20.7288    33.5022    33.5032    23.4277    23.4277     7.5118     7.0195    229.372    214.341     2.6288     2.3614     0.0464     0.1350     3.2210     0.0000     0.0000 -118.38724   33.18170     100.00         22  0.000e+00
     136294   5678.875      5.292      5.330    20.7276    20.7302  46.799045  46.803606    20.7266    20.7292    33.5014    33.5030    23.4269    23.4274     7.5117     7.0194    229.370    214.338     2.6288     2.3614     0.0464     0.1350     3.2234     0.0000     0.0000 -118.38724   33.18170      99.61         22  0.000e+00
     136295   5678.917      5.332      5.370    20.7276    20.7303  46.799752  46.803111    20.7266    20.7293    33.5020    33.5025    23.4274    23.4270     7.5117     7.0195    229.370    214.340     2.6288     2.3614     0.0464     0.1350     3.2210     0.0000     0.0000 -118.38724   33.18170      99.71         22  0.000e+00
     136296   5678.958      5.279      5.316    20.7274    20.7301  46.799752  46.803747    20.7264    20.7291    33.5021    33.5032    23.4275    23.4276     7.5117     7.0194    229.369    214.338     2.6288     2.3614     0.0464     0.1350     3.2222     0.0000     0.0000 -118.38724   33.18170      99.71         22  0.000e+00
     136297   5679.000      5.279      5.316    20.7272    20.7297  46.799328  46.803393    20.7262    20.7287    33.5019    33.5032    23.4274    23.4277     7.5117     7.0195    229.370    214.340     2.6288     2.3614     0.0464     0.1350     3.2222     0.0000     0.0000 -118.38724   33.18170      99.68         22  0.000e+00
     136298   5679.042      5.332      5.370    20.7271    20.7300  46.799257  46.803040    20.7260    20.7290    33.5020    33.5027    23.4275    23.4273     7.5118     7.0195    229.372    214.341     2.6288     2.3614     0.0464     0.1350     3.2222     0.0000     0.0000 -118.38724   33.18170      99.68         22  0.000e+00
     136299   5679.083      5.279      5.317    20.7269    20.7297  46.798974  46.802545    20.7259    20.7287    33.5019    33.5025    23.4275    23.4272     7.5160     7.0195    229.502    214.341     2.6300     2.3614     0.0464     0.1350     3.2222     0.0000     0.0000 -118.38724   33.18170      99.68         22  0.000e+00
     136300   5679.125      5.332      5.370    20.7267    20.7295  46.798904  46.802475    20.7257    20.7285    33.5020    33.5026    23.4276    23.4273     7.5161     7.0196    229.505    214.343     2.6300     2.3614     0.0464     0.1350     3.2222     0.0000     0.0000 -118.38724   33.18170      99.68         22  0.000e+00
     136301   5679.167      5.233      5.270    20.7265    20.7292  46.798903  46.802262    20.7256    20.7282    33.5021    33.5027    23.4277    23.4275     7.5160     7.0149    229.502    214.201     2.6300     2.3602     0.0464     0.1350     3.2222     0.0000     0.0000 -118.38724   33.18170      99.68         22  0.000e+00
     136302   5679.208      5.279      5.317    20.7265    20.7285  46.799116  46.802051    20.7255    20.7275    33.5023    33.5031    23.4279    23.4279     7.5161     7.0196    229.503    214.345     2.6300     2.3614     0.0464     0.1350     3.2210     0.0000     0.0000 -118.38724   33.18170      99.68         22  0.000e+00
     136303   5679.250      5.246      5.283    20.7265    20.7283  46.798974  46.802333    20.7256    20.7273    33.5022    33.5035    23.4278    23.4283     7.5160     7.0150    229.502    214.203     2.6300     2.3602     0.0464     0.1350     3.2222     0.0000     0.0000 -118.38724   33.18170      99.68         22  0.000e+00
     136304   5679.292      5.233      5.270    20.7263    20.7281  46.798550  46.801344    20.7254    20.7271    33.5020    33.5028    23.4277    23.4279     7.5118     7.0197    229.372    214.346     2.6288     2.3614     0.0464     0.1350     3.2210     0.0000     0.0000 -118.38724   33.18170      99.68         22  0.000e+00
     136305   5679.333      5.279      5.317    20.7262    20.7279  46.798479  46.801485    20.7252    20.7270    33.5020    33.5031    23.4278    23.4281     7.5118     7.0197    229.374    214.347     2.6288     2.3614     0.0464     0.1350     3.2210     0.0000     0.0000 -118.38724   33.18170      99.68         22  0.000e+00
     136306   5679.375      5.233      5.270    20.7260    20.7279  46.798479  46.801344    20.7250    20.7269    33.5022    33.5030    23.4280    23.4281     7.5118     7.0197    229.373    214.346     2.6288     2.3614     0.0464     0.1350     3.2210     0.0000     0.0000 -118.38724   33.18170      99.68         22  0.000e+00
     136307   5679.417      5.180      5.216    20.7262    20.7278  46.798479  46.801344    20.7252    20.7268    33.5021    33.5031    23.4278    23.4282     7.5117     7.0196    229.371    214.345     2.6288     2.3614     0.0464     0.1350     3.2210     0.0000     0.0000 -118.38724   33.18170      99.68         22  0.000e+00
     136308   5679.458      5.233      5.270    20.7258    20.7274  46.798479  46.800990    20.7249    20.7264    33.5023    33.5031    23.4281    23.4283     7.5118     7.0197    229.374    214.348     2.6288     2.3614     0.0464     0.1350     3.2210     0.0000     0.0000 -118.38724   33.18170      99.68         22  0.000e+00
     136309   5679.500      5.233      5.270    20.7262    20.7272  46.798196  46.801273    20.7252    20.7262    33.5018    33.5035    23.4276    23.4286     7.5118     7.0197    229.373    214.348     2.6288     2.3614     0.0464     0.1350     3.2222     0.0000     0.0000 -118.38724   33.18170      99.68         22  0.000e+00
     136310   5679.542      5.180      5.216    20.7260    20.7273  46.798125  46.801626    20.7250    20.7263    33.5020    33.5037    23.4277    23.4287     7.5161     7.0197    229.503    214.346     2.6300     2.3614     0.0464     0.1350     3.2222     0.0000     0.0000 -118.38724   33.18170      99.68         22  0.000e+00
     136311   5679.583      5.146      5.183    20.7258    20.7274  46.798337  46.801343    20.7249    20.7264    33.5023    33.5034    23.4280    23.4285     7.5160     7.0197    229.502    214.345     2.6300     2.3614     0.0476     0.1655     3.2210     0.0000     0.0000 -118.38724   33.18170      99.68         22  0.000e+00
     136312   5679.625      5.180      5.217    20.7258    20.7272  46.797842  46.801061    20.7249    20.7263    33.5018    33.5033    23.4277    23.4285     7.5161     7.0197    229.504    214.347     2.6300     2.3614     0.0476     0.1655     3.2210     0.0000     0.0000 -118.38724   33.18170      99.68         22  0.000e+00
     136313   5679.667      5.133      5.170    20.7258    20.7271  46.797913  46.800849    20.7249    20.7261    33.5019    33.5033    23.4278    23.4285     7.5160     7.0243    229.503    214.487     2.6300     2.3626     0.0476     0.1655     3.2210     0.0000     0.0000 -118.38724   33.18170      99.68         22  0.000e+00
     136314   5679.708      5.133      5.170    20.7255    20.7273  46.798337  46.801131    20.7245    20.7263    33.5025    33.5033    23.4283    23.4285     7.5161     7.0197    229.503    214.346     2.6300     2.3614     0.0476     0.1655     3.2222     0.0000     0.0000 -118.38724   33.18170      99.68         22  0.000e+00
