West Coast/WCOA-7/CTD_Data/RB2102_CTD_012_01.ros
* Sea-Bird SBE 9 Data File:
* FileName = C:\Users\scs.user.rb\CTD\RB2102\Data\RB2102_CTD_012_01.hex
* Software Version Seasave V 7.26.7.107
* Temperature SN = 6202
* Conductivity SN = 4907
* Number of Bytes Per Scan = 41
* Number of Voltage Words = 4
* Number of Scans Averaged by the Deck Unit = 1
* NMEA Latitude = 48 43.15 N
* NMEA Longitude = 125 40.57 W
* NMEA UTC (Time) = Jun 28 2021  01:17:25
* NMEA baud rate = 4800
# nquan = 30
# nvalues = 882                                   
# units = specified
# name 0 = scan: Scan Count
# name 1 = timeS: Time, Elapsed [seconds]
# name 2 = depSM: Depth [salt water, m]
# name 3 = prDM: Pressure, Digiquartz [db]
# name 4 = t090C: Temperature [ITS-90, deg C]
# name 5 = t190C: Temperature, 2 [ITS-90, deg C]
# name 6 = c0mS/cm: Conductivity [mS/cm]
# name 7 = c1mS/cm: Conductivity, 2 [mS/cm]
# name 8 = potemp090C: Potential Temperature [ITS-90, deg C]
# name 9 = potemp190C: Potential Temperature, 2 [ITS-90, deg C]
# name 10 = sal00: Salinity, Practical [PSU]
# name 11 = sal11: Salinity, Practical, 2 [PSU]
# name 12 = sigma-é00: Density [sigma-theta, kg/m^3]
# name 13 = sigma-é11: Density, 2 [sigma-theta, kg/m^3]
# name 14 = sbeox0Mg/L: Oxygen, SBE 43 [mg/l]
# name 15 = sbeox1Mg/L: Oxygen, SBE 43, 2 [mg/l]
# name 16 = sbox0Mm/Kg: Oxygen, SBE 43 [umol/kg]
# name 17 = sbox1Mm/Kg: Oxygen, SBE 43, 2 [umol/kg]
# name 18 = sbeox0V: Oxygen raw, SBE 43 [V]
# name 19 = sbeox1V: Oxygen raw, SBE 43, 2 [V]
# name 20 = v4: Voltage 4
# name 21 = flECO-AFL: Fluorescence, WET Labs ECO-AFL/FL [mg/m^3]
# name 22 = v3: Voltage 3
# name 23 = v6: Voltage 6
# name 24 = v7: Voltage 7
# name 25 = longitude: Longitude [deg]
# name 26 = latitude: Latitude [deg]
# name 27 = altM: Altimeter [m]
# name 28 = nbf: Bottles Fired
# name 29 = flag:  0.000e+00
# interval = seconds: 0.0416667
# start_time = Jun 28 2021 01:17:25 [NMEA time, header]
# bad_flag = -9.990e-29
*END*
      20149    839.500    156.387    157.781     7.7069     7.7017  34.442264  34.441478     7.6917     7.6866    33.3088    33.3128    25.9903    25.9942     3.2424     3.2072     98.760     97.687     1.1770     1.1294     0.0427     0.0434     3.2552     1.6508     0.0000 -125.67654   48.71886      10.62          1  0.000e+00
      20150    839.542    156.287    157.681     7.7078     7.7026  34.442889  34.441352     7.6927     7.6875    33.3086    33.3119    25.9901    25.9934     3.2423     3.2071     98.757     97.684     1.1770     1.1294     0.0427     0.0434     3.2552     1.6496     0.0000 -125.67654   48.71886      10.67          1  0.000e+00
      20151    839.583    156.387    157.781     7.7085     7.7039  34.443139  34.441602     7.6933     7.6887    33.3082    33.3109    25.9896    25.9925     3.2423     3.2071     98.757     97.683     1.1770     1.1294     0.0427     0.0434     3.2552     1.6508     0.0000 -125.67654   48.71886      10.70          1  0.000e+00
      20152    839.625    156.234    157.627     7.7091     7.7047  34.443138  34.441851     7.6940     7.6896    33.3076    33.3104    25.9891    25.9920     3.2365     3.2069     98.579     97.680     1.1758     1.1294     0.0427     0.0434     3.2552     1.6496     0.0000 -125.67654   48.71886      10.70          1  0.000e+00
      20153    839.667    156.334    157.727     7.7094     7.7047  34.443326  34.441540     7.6943     7.6895    33.3075    33.3101    25.9890    25.9917     3.2422     3.2070     98.755     97.681     1.1770     1.1294     0.0427     0.0434     3.2552     1.6496     0.0000 -125.67654   48.71886      10.67          1  0.000e+00
      20154    839.708    156.287    157.681     7.7092     7.7051  34.443201  34.441539     7.6940     7.6899    33.3076    33.3097    25.9891    25.9914     3.2422     3.2070     98.754     97.680     1.1770     1.1294     0.0415     0.0129     3.2552     1.6508     0.0000 -125.67654   48.71886      10.70          1  0.000e+00
      20155    839.750    156.287    157.681     7.7093     7.7052  34.442889  34.442164     7.6941     7.6900    33.3072    33.3103    25.9887    25.9918     3.2365     3.2069     98.580     97.679     1.1758     1.1294     0.0427     0.0434     3.2552     1.6496     0.0000 -125.67654   48.71886      10.70          1  0.000e+00
      20156    839.792    156.287    157.681     7.7094     7.7055  34.443264  34.441976     7.6943     7.6903    33.3074    33.3098    25.9889    25.9914     3.2422     3.2069     98.754     97.679     1.1770     1.1294     0.0427     0.0434     3.2552     1.6496     0.0000 -125.67654   48.71886      10.72          1  0.000e+00
      20157    839.833    156.241    157.634     7.7098     7.7051  34.442951  34.441976     7.6946     7.6899    33.3068    33.3102    25.9884    25.9918     3.2364     3.2069     98.578     97.679     1.1758     1.1294     0.0427     0.0434     3.2552     1.6508     0.0000 -125.67654   48.71886      10.74          1  0.000e+00
      20158    839.875    156.241    157.634     7.7102     7.7050  34.443263  34.442413     7.6951     7.6899    33.3067    33.3108    25.9882    25.9922     3.2364     3.2069     98.577     97.679     1.1758     1.1294     0.0427     0.0434     3.2540     1.6508     0.0000 -125.67654   48.71886      10.74          1  0.000e+00
      20159    839.917    156.241    157.634     7.7106     7.7054  34.443201  34.442289     7.6954     7.6902    33.3063    33.3103    25.9879    25.9917     3.2421     3.2069     98.752     97.678     1.1770     1.1294     0.0427     0.0434     3.2552     1.6508     0.0000 -125.67654   48.71886      10.74          1  0.000e+00
      20160    839.958    156.188    157.580     7.7107     7.7060  34.443576  34.442538     7.6956     7.6908    33.3066    33.3100    25.9880    25.9914     3.2363     3.2068     98.576     97.676     1.1758     1.1294     0.0427     0.0434     3.2540     1.6508     0.0000 -125.67654   48.71886      10.74          1  0.000e+00
      20161    840.000    156.241    157.634     7.7102     7.7062  34.443763  34.442288     7.6950     7.6911    33.3073    33.3095    25.9887    25.9910     3.2364     3.2068     98.577     97.677     1.1758     1.1294     0.0427     0.0434     3.2564     1.6496     0.0000 -125.67654   48.71886      10.74          1  0.000e+00
      20162    840.042    156.188    157.580     7.7101     7.7063  34.443513  34.442538     7.6949     7.6912    33.3071    33.3097    25.9886    25.9911     3.2364     3.2068     98.577     97.676     1.1758     1.1294     0.0427     0.0434     3.2552     1.6508     0.0000 -125.67654   48.71886      10.84          1  0.000e+00
      20163    840.083    156.188    157.580     7.7102     7.7073  34.443451  34.442288     7.6951     7.6922    33.3069    33.3084    25.9884    25.9900     3.2364     3.2068     98.576     97.674     1.1758     1.1294     0.0427     0.0434     3.2552     1.6508     0.0000 -125.67654   48.71886      10.89          1  0.000e+00
      20164    840.125    156.241    157.634     7.7101     7.7078  34.443638  34.442538     7.6949     7.6926    33.3072    33.3082    25.9887    25.9898     3.2364     3.2067     98.577     97.674     1.1758     1.1294     0.0427     0.0434     3.2564     1.6496     0.0000 -125.67654   48.71886      10.87          1  0.000e+00
      20165    840.167    156.141    157.533     7.7099     7.7081  34.443513  34.442288     7.6948     7.6929    33.3073    33.3077    25.9887    25.9894     3.2364     3.2067     98.576     97.672     1.1758     1.1294     0.0427     0.0434     3.2552     1.6508     0.0000 -125.67654   48.71886      10.89          1  0.000e+00
      20166    840.208    156.188    157.580     7.7099     7.7081  34.443638  34.442413     7.6948     7.6930    33.3074    33.3078    25.9888    25.9894     3.2364     3.2130     98.577     97.863     1.1758     1.1306     0.0427     0.0434     3.2552     1.6496     0.0000 -125.67654   48.71886      10.87          1  0.000e+00
      20167    840.250    156.188    157.580     7.7101     7.7084  34.443263  34.442788     7.6949     7.6933    33.3068    33.3079    25.9884    25.9895     3.2421     3.2067     98.752     97.672     1.1770     1.1294     0.0427     0.0434     3.2552     1.6508     0.0000 -125.67654   48.71886      10.89          1  0.000e+00
      20168    840.292    156.141    157.533     7.7098     7.7086  34.443138  34.443037     7.6946     7.6935    33.3071    33.3080    25.9886    25.9895     3.2421     3.2129     98.752     97.861     1.1770     1.1306     0.0427     0.0434     3.2552     1.6508     0.0000 -125.67654   48.71886      10.89          1  0.000e+00
      20169    840.333    156.135    157.527     7.7097     7.7088  34.443326  34.442725     7.6945     7.6936    33.3073    33.3076    25.9888    25.9891     3.2421     3.2129     98.752     97.861     1.1770     1.1306     0.0427     0.0434     3.2552     1.6508     0.0000 -125.67654   48.71886      10.89          1  0.000e+00
      20170    840.375    156.141    157.533     7.7098     7.7088  34.443638  34.442725     7.6946     7.6937    33.3076    33.3075    25.9890    25.9891     3.2421     3.2129     98.751     97.861     1.1770     1.1306     0.0427     0.0434     3.2540     1.6508     0.0000 -125.67654   48.71886      10.89          1  0.000e+00
      20171    840.417    156.188    157.580     7.7094     7.7093  34.443513  34.442850     7.6943     7.6941    33.3078    33.3072    25.9892    25.9887     3.2422     3.2129     98.752     97.861     1.1770     1.1306     0.0427     0.0434     3.2552     1.6508     0.0000 -125.67654   48.71886      10.89          1  0.000e+00
      20172    840.458    156.141    157.533     7.7091     7.7094  34.443451  34.442787     7.6940     7.6943    33.3080    33.3070    25.9894    25.9886     3.2422     3.2129     98.752     97.860     1.1770     1.1306     0.0427     0.0434     3.2540     1.6508     0.0000 -125.67654   48.71886      10.89          1  0.000e+00
      20173    840.500    156.141    157.533     7.7089     7.7099  34.443451  34.443100     7.6938     7.6948    33.3082    33.3069    25.9896    25.9884     3.2422     3.2128     98.753     97.859     1.1770     1.1306     0.0427     0.0434     3.2552     1.6508     0.0000 -125.67654   48.71886      10.92          1  0.000e+00
      20174    840.542    156.088    157.480     7.7085     7.7099  34.443201  34.443349     7.6933     7.6948    33.3084    33.3072    25.9898    25.9886     3.2422     3.2128     98.753     97.858     1.1770     1.1306     0.0427     0.0434     3.2552     1.6508     0.0000 -125.67654   48.71886      10.94          1  0.000e+00
      20175    840.583    156.141    157.533     7.7083     7.7101  34.443138  34.443162     7.6932     7.6950    33.3084    33.3067    25.9899    25.9883     3.2479     3.2128     98.929     97.859     1.1783     1.1306     0.0427     0.0434     3.2552     1.6508     0.0000 -125.67654   48.71886      10.94          1  0.000e+00
      20176    840.625    156.141    157.533     7.7082     7.7101  34.443326  34.443162     7.6931     7.6949    33.3087    33.3068    25.9901    25.9883     3.2422     3.2128     98.754     97.859     1.1770     1.1306     0.0427     0.0434     3.2552     1.6508     0.0000 -125.67654   48.71886      10.94          1  0.000e+00
      20177    840.667    156.088    157.480     7.7083     7.7099  34.442951  34.442850     7.6932     7.6948    33.3082    33.3066    25.9897    25.9882     3.2479     3.2191     98.928     98.049     1.1783     1.1319     0.0427     0.0434     3.2552     1.6508     0.0000 -125.67654   48.71886      10.94          1  0.000e+00
      20178    840.708    156.141    157.533     7.7081     7.7101  34.443013  34.443100     7.6930     7.6950    33.3085    33.3067    25.9899    25.9882     3.2480     3.2128     98.929     97.859     1.1783     1.1306     0.0427     0.0434     3.2540     1.6508     0.0000 -125.67654   48.71886      10.94          1  0.000e+00
      20179    840.750    156.141    157.533     7.7086     7.7104  34.443326  34.443099     7.6935     7.6952    33.3083    33.3064    25.9898    25.9880     3.2479     3.2191     98.928     98.049     1.1783     1.1319     0.0427     0.0434     3.2552     1.6508     0.0000 -125.67654   48.71886      10.94          1  0.000e+00
      20180    840.792    156.088    157.480     7.7083     7.7101  34.443201  34.443162     7.6932     7.6950    33.3085    33.3068    25.9899    25.9883     3.2537     3.2128     99.103     97.858     1.1795     1.1306     0.0427     0.0434     3.2540     1.6508     0.0000 -125.67654   48.71886      10.94          1  0.000e+00
      20181    840.833    156.141    157.533     7.7089     7.7102  34.443138  34.443100     7.6938     7.6950    33.3078    33.3066    25.9893    25.9882     3.2536     3.2191     99.102     98.049     1.1795     1.1319     0.0427     0.0434     3.2552     1.6508     0.0000 -125.67654   48.71886      10.94          1  0.000e+00
      20182    840.875    156.141    157.533     7.7088     7.7101  34.443576  34.443100     7.6937     7.6950    33.3084    33.3067    25.9898    25.9882     3.2536     3.2191     99.102     98.049     1.1795     1.1319     0.0427     0.0434     3.2552     1.6508     0.0000 -125.67654   48.71886      10.94          1  0.000e+00
      20183    840.917    156.088    157.480     7.7089     7.7099  34.443263  34.443162     7.6937     7.6948    33.3081    33.3070    25.9895    25.9885     3.2536     3.2191     99.102     98.049     1.1795     1.1319     0.0427     0.0434     3.2552     1.6508     0.0000 -125.67654   48.71886      10.94          1  0.000e+00
      20184    840.958    156.088    157.480     7.7089     7.7096  34.443138  34.442850     7.6938     7.6944    33.3078    33.3069    25.9893    25.9885     3.2536     3.2253     99.102     98.240     1.1795     1.1331     0.0427     0.0434     3.2552     1.6508     0.0000 -125.67654   48.71886      10.94          1  0.000e+00
      20185    841.000    156.135    157.527     7.7091     7.7089  34.443138  34.442850     7.6940     7.6938    33.3076    33.3075    25.9891    25.9891     3.2536     3.2254     99.102     98.242     1.1795     1.1331     0.0427     0.0434     3.2564     1.6508     0.0000 -125.67654   48.71886      10.94          1  0.000e+00
      20186    841.042    156.088    157.480     7.7093     7.7079  34.443138  34.442600     7.6941     7.6928    33.3075    33.3082    25.9890    25.9898     3.2536     3.2254     99.101     98.243     1.1795     1.1331     0.0427     0.0434     3.2540     1.6508     0.0000 -125.67654   48.71886      10.96          1  0.000e+00
      20187    841.083    156.141    157.533     7.7096     7.7075  34.442888  34.442788     7.6945     7.6924    33.3069    33.3088    25.9885    25.9903     3.2536     3.2255     99.101     98.245     1.1795     1.1331     0.0427     0.0434     3.2540     1.6508     0.0000 -125.67654   48.71886      10.96          1  0.000e+00
      20188    841.125    156.141    157.533     7.7098     7.7073  34.442826  34.442600     7.6946     7.6921    33.3067    33.3088    25.9883    25.9904     3.2593     3.2255     99.276     98.245     1.1807     1.1331     0.0427     0.0434     3.2540     1.6508     0.0000 -125.67654   48.71886      10.96          1  0.000e+00
      20189    841.167    156.088    157.480     7.7096     7.7072  34.443513  34.442787     7.6945     7.6920    33.3076    33.3092    25.9890    25.9906     3.2593     3.2255     99.275     98.244     1.1807     1.1331     0.0427     0.0434     3.2564     1.6508     0.0000 -125.67654   48.71886      10.96          1  0.000e+00
      20190    841.208    156.141    157.533     7.7089     7.7070  34.443263  34.442600     7.6938     7.6918    33.3080    33.3091    25.9894    25.9906     3.2594     3.2255     99.277     98.246     1.1807     1.1331     0.0427     0.0434     3.2540     1.6508     0.0000 -125.67654   48.71886      10.96          1  0.000e+00
      20191    841.250    156.141    157.533     7.7081     7.7068  34.442888  34.442538     7.6929     7.6917    33.3084    33.3092    25.9899    25.9907     3.2594     3.2255     99.279     98.246     1.1807     1.1331     0.0427     0.0434     3.2552     1.6508     0.0000 -125.67654   48.71886      10.99          1  0.000e+00
      20192    841.292    156.141    157.533     7.7075     7.7072  34.443013  34.442600     7.6923     7.6920    33.3091    33.3089    25.9905    25.9904     3.2595     3.2318     99.280     98.436     1.1807     1.1343     0.0427     0.0434     3.2540     1.6508     0.0000 -125.67654   48.71886      10.96          1  0.000e+00
      20193    841.333    156.088    157.480     7.7073     7.7073  34.443138  34.442725     7.6922     7.6921    33.3094    33.3090    25.9908    25.9905     3.2595     3.2255     99.279     98.244     1.1807     1.1331     0.0427     0.0434     3.2540     1.6508     0.0000 -125.67654   48.71886      10.96          1  0.000e+00
      20194    841.375    156.188    157.580     7.7072     7.7073  34.442639  34.442850     7.6920     7.6922    33.3089    33.3090    25.9904    25.9905     3.2653     3.2255     99.456     98.245     1.1819     1.1331     0.0427     0.0434     3.2540     1.6508     0.0000 -125.67654   48.71886      10.96          1  0.000e+00
      20195    841.417    156.141    157.533     7.7073     7.7076  34.442951  34.442788     7.6922     7.6925    33.3092    33.3087    25.9906    25.9902     3.2652     3.2255     99.455     98.244     1.1819     1.1331     0.0427     0.0434     3.2540     1.6508     0.0000 -125.67654   48.71886      10.96          1  0.000e+00
      20196    841.458    156.141    157.533     7.7077     7.7077  34.443138  34.442850     7.6925     7.6925    33.3090    33.3088    25.9904    25.9902     3.2652     3.2317     99.454     98.435     1.1819     1.1343     0.0415     0.0129     3.2552     1.6508     0.0000 -125.67654   48.71886      10.96          1  0.000e+00
