West Coast/WCOA-7/CTD_Data/RB2102_CTD_086_01.ros
* Sea-Bird SBE 9 Data File:
* FileName = C:\Users\scs.user.rb\CTD\RB2102\Data\RB2102_CTD_086_01.hex
* Software Version Seasave V 7.26.7.107
* Temperature SN = 6202
* Conductivity SN = 4907
* Number of Bytes Per Scan = 41
* Number of Voltage Words = 4
* Number of Scans Averaged by the Deck Unit = 1
* NMEA Latitude = 37 49.43 N
* NMEA Longitude = 122 23.55 W
* NMEA UTC (Time) = Jul 12 2021  16:02:21
* NMEA baud rate = 4800
# nquan = 30
# nvalues = 441                                   
# units = specified
# name 0 = scan: Scan Count
# name 1 = timeS: Time, Elapsed [seconds]
# name 2 = depSM: Depth [salt water, m]
# name 3 = prDM: Pressure, Digiquartz [db]
# name 4 = t090C: Temperature [ITS-90, deg C]
# name 5 = t190C: Temperature, 2 [ITS-90, deg C]
# name 6 = c0mS/cm: Conductivity [mS/cm]
# name 7 = c1mS/cm: Conductivity, 2 [mS/cm]
# name 8 = potemp090C: Potential Temperature [ITS-90, deg C]
# name 9 = potemp190C: Potential Temperature, 2 [ITS-90, deg C]
# name 10 = sal00: Salinity, Practical [PSU]
# name 11 = sal11: Salinity, Practical, 2 [PSU]
# name 12 = sigma-é00: Density [sigma-theta, kg/m^3]
# name 13 = sigma-é11: Density, 2 [sigma-theta, kg/m^3]
# name 14 = sbeox0Mg/L: Oxygen, SBE 43 [mg/l]
# name 15 = sbeox1Mg/L: Oxygen, SBE 43, 2 [mg/l]
# name 16 = sbox0Mm/Kg: Oxygen, SBE 43 [umol/kg]
# name 17 = sbox1Mm/Kg: Oxygen, SBE 43, 2 [umol/kg]
# name 18 = sbeox0V: Oxygen raw, SBE 43 [V]
# name 19 = sbeox1V: Oxygen raw, SBE 43, 2 [V]
# name 20 = v4: Voltage 4
# name 21 = flECO-AFL: Fluorescence, WET Labs ECO-AFL/FL [mg/m^3]
# name 22 = v3: Voltage 3
# name 23 = v6: Voltage 6
# name 24 = v7: Voltage 7
# name 25 = longitude: Longitude [deg]
# name 26 = latitude: Latitude [deg]
# name 27 = altM: Altimeter [m]
# name 28 = nbf: Bottles Fired
# name 29 = flag:  0.000e+00
# interval = seconds: 0.0416667
# start_time = Jul 12 2021 16:02:21 [NMEA time, header]
# bad_flag = -9.990e-29
*END*
[from data line 194]
      13688    570.292     14.887     14.999    18.3738    18.3828  42.998504  43.002981    18.3712    18.3802    32.2344    32.2310    23.0647    23.0599     6.9740     7.1479    213.027    218.340     2.3736     2.2943     0.1563     2.8822     3.3565     0.0757     0.2234 -122.39224   37.82364       8.08          4  0.000e+00
      13689    570.333     14.893     15.006    18.3738    18.3824  42.998983  43.003118    18.3712    18.3798    32.2348    32.2314    23.0650    23.0603     6.9740     7.1528    213.026    218.490     2.3736     2.2955     0.1563     2.8822     3.3565     0.0757     0.2234 -122.39224   37.82364       8.08          4  0.000e+00
      15698    654.042      9.792      9.866    18.4561    18.4506  43.030092  43.034762    18.4544    18.4489    32.1981    32.2063    23.0165    23.0241     7.0007     7.1834    213.852    219.431     2.3846     2.3065     0.1575     2.9127     3.3529     0.0623     0.2198 -122.39220   37.82362      13.21          5  0.000e+00
      15699    654.083      9.845      9.919    18.4571    18.4503  43.030092  43.034420    18.4554    18.4486    32.1972    32.2062    23.0156    23.0242     7.0006     7.1834    213.851    219.434     2.3846     2.3065     0.1575     2.9127     3.3529     0.0623     0.2198 -122.39220   37.82362      13.21          5  0.000e+00
      15700    654.125      9.904      9.979    18.4577    18.4504  43.030639  43.034899    18.4560    18.4487    32.1973    32.2065    23.0155    23.0243     6.9961     7.1835    213.713    219.434     2.3834     2.3065     0.1575     2.9127     3.3529     0.0611     0.2198 -122.39220   37.82362      13.21          5  0.000e+00
      15701    654.167      9.745      9.819    18.4613    18.4510  43.031047  43.034488    18.4596    18.4493    32.1949    32.2058    23.0128    23.0237     7.0001     7.1833    213.835    219.429     2.3846     2.3065     0.1563     2.8822     3.3529     0.0623     0.2198 -122.39220   37.82362      13.24          5  0.000e+00
      15702    654.208      9.891      9.966    18.4628    18.4515  43.032824  43.034898    18.4611    18.4498    32.1951    32.2057    23.0126    23.0234     7.0000     7.1833    213.832    219.430     2.3846     2.3065     0.1563     2.8822     3.3529     0.0623     0.2198 -122.39220   37.82362      13.24          5  0.000e+00
      15703    654.250      9.792      9.865    18.4618    18.4518  43.035351  43.035103    18.4601    18.4501    32.1980    32.2056    23.0151    23.0233     6.9999     7.1832    213.830    219.426     2.3846     2.3065     0.1575     2.9127     3.3529     0.0623     0.2198 -122.39220   37.82362      13.21          5  0.000e+00
      15704    654.292      9.844      9.919    18.4597    18.4522  43.036239  43.035308    18.4580    18.4505    32.2004    32.2055    23.0174    23.0232     7.0002     7.1832    213.836    219.427     2.3846     2.3065     0.1563     2.8822     3.3529     0.0623     0.2198 -122.39220   37.82362      13.21          5  0.000e+00
      15705    654.333      9.805      9.879    18.4584    18.4523  43.037195  43.035444    18.4567    18.4506    32.2022    32.2055    23.0192    23.0231     7.0047     7.1831    213.975    219.425     2.3858     2.3065     0.1575     2.9127     3.3529     0.0623     0.2198 -122.39220   37.82362      13.21          5  0.000e+00
      15706    654.375      9.844      9.919    18.4578    18.4525  43.038562  43.034898    18.4561    18.4508    32.2038    32.2049    23.0205    23.0226     6.9958     7.1832    213.701    219.426     2.3834     2.3065     0.1575     2.9127     3.3516     0.0623     0.2198 -122.39220   37.82362      13.24          5  0.000e+00
      15707    654.417      9.791      9.865    18.4609    18.4525  43.039996  43.034761    18.4592    18.4508    32.2026    32.2048    23.0188    23.0225     6.9999     7.1880    213.827    219.573     2.3846     2.3077     0.1563     2.8822     3.3541     0.0611     0.2198 -122.39220   37.82362      13.21          5  0.000e+00
      15708    654.458      9.891      9.965    18.4676    18.4522  43.042318  43.034420    18.4659    18.4505    32.1992    32.2047    23.0146    23.0226     6.9992     7.1833    213.807    219.429     2.3846     2.3065     0.1563     2.8822     3.3541     0.0623     0.2198 -122.39220   37.82362      13.21          5  0.000e+00
      15709    654.500      9.805      9.879    18.4727    18.4518  43.044366  43.034352    18.4711    18.4501    32.1970    32.2050    23.0116    23.0228     6.9985     7.1881    213.787    219.576     2.3846     2.3077     0.1563     2.8822     3.3516     0.0623     0.2198 -122.39220   37.82362      13.21          5  0.000e+00
      15710    654.542      9.791      9.865    18.4732    18.4515  43.045117  43.033532    18.4715    18.4498    32.1973    32.2046    23.0117    23.0226     6.9939     7.1882    213.647    219.578     2.3834     2.3077     0.1563     2.8822     3.3516     0.0611     0.2198 -122.39220   37.82362      13.21          5  0.000e+00
      15711    654.583      9.891      9.965    18.4728    18.4517  43.046074  43.033533    18.4711    18.4500    32.1983    32.2044    23.0126    23.0224     6.9940     7.1882    213.650    219.580     2.3834     2.3077     0.1551     2.8517     3.3516     0.0611     0.2186 -122.39220   37.82362      13.21          5  0.000e+00
      15712    654.625      9.791      9.865    18.4757    18.4518  43.046347  43.033669    18.4740    18.4501    32.1963    32.2044    23.0103    23.0224     6.9936     7.1833    213.639    219.428     2.3834     2.3065     0.1563     2.8822     3.3541     0.0611     0.2198 -122.39220   37.82362      13.24          5  0.000e+00
      15713    654.667      9.844      9.919    18.4785    18.4520  43.047166  43.032509    18.4768    18.4503    32.1948    32.2033    23.0085    23.0215     6.9979     7.1833    213.769    219.431     2.3846     2.3065     0.1563     2.8822     3.3541     0.0623     0.2186 -122.39220   37.82362      13.24          5  0.000e+00
      15714    654.708      9.851      9.925    18.4785    18.4513  43.046825  43.031553    18.4768    18.4496    32.1945    32.2030    23.0083    23.0215     6.9979     7.1883    213.769    219.583     2.3846     2.3077     0.1563     2.8822     3.3516     0.0611     0.2198 -122.39220   37.82362      13.21          5  0.000e+00
      15715    654.750      9.791      9.865    18.4780    18.4475  43.046415  43.029983    18.4763    18.4458    32.1946    32.2047    23.0085    23.0237     6.9979     7.1887    213.770    219.595     2.3846     2.3077     0.1563     2.8822     3.3516     0.0611     0.2198 -122.39220   37.82362      13.21          5  0.000e+00
      15716    654.792      9.891      9.965    18.4776    18.4435  43.046347  43.029574    18.4759    18.4418    32.1948    32.2075    23.0087    23.0268     6.9980     7.1893    213.773    219.611     2.3846     2.3077     0.1563     2.8822     3.3529     0.0611     0.2198 -122.39218   37.82362      13.21          5  0.000e+00
      15717    654.833      9.844      9.919    18.4769    18.4421  43.045527  43.029574    18.4752    18.4404    32.1947    32.2086    23.0088    23.0280     6.9981     7.1894    213.775    219.614     2.3846     2.3077     0.1563     2.8822     3.3529     0.0623     0.2198 -122.39218   37.82362      13.21          5  0.000e+00
      15718    654.875      9.804      9.878    18.4763    18.4406  43.044366  43.029301    18.4746    18.4389    32.1942    32.2096    23.0086    23.0291     6.9982     7.1895    213.777    219.619     2.3846     2.3077     0.1563     2.8822     3.3516     0.0611     0.2198 -122.39218   37.82362      13.19          5  0.000e+00
      15719    654.917      9.890      9.965    18.4759    18.4383  43.043000  43.028005    18.4742    18.4366    32.1933    32.2102    23.0080    23.0302     6.9938     7.1899    213.645    219.630     2.3834     2.3077     0.1563     2.8822     3.3529     0.0623     0.2198 -122.39218   37.82362      13.16          5  0.000e+00
      15720    654.958      9.791      9.865    18.4747    18.4346  43.043204  43.028005    18.4730    18.4329    32.1945    32.2132    23.0092    23.0334     6.9984     7.1854    213.783    219.490     2.3846     2.3065     0.1563     2.8822     3.3529     0.0623     0.2198 -122.39218   37.82362      13.16          5  0.000e+00
      15721    655.000      9.890      9.965    18.4728    18.4347  43.042522  43.027527    18.4711    18.4330    32.1954    32.2126    23.0104    23.0329     6.9987     7.1855    213.792    219.493     2.3846     2.3065     0.1563     2.8822     3.3529     0.0611     0.2198 -122.39218   37.82362      13.19          5  0.000e+00
      15722    655.042      9.851      9.925    18.4726    18.4364  43.042249  43.027390    18.4709    18.4347    32.1953    32.2112    23.0103    23.0314     6.9987     7.1901    213.792    219.635     2.3846     2.3077     0.1563     2.8822     3.3516     0.0611     0.2198 -122.39218   37.82362      13.16          5  0.000e+00
      15723    655.083      9.844      9.918    18.4721    18.4374  43.041429  43.026776    18.4704    18.4357    32.1950    32.2099    23.0103    23.0301     6.9942     7.1900    213.657    219.633     2.3834     2.3077     0.1563     2.8822     3.3529     0.0623     0.2198 -122.39218   37.82362      13.19          5  0.000e+00
      15724    655.125      9.844      9.918    18.4700    18.4338  43.040541  43.026640    18.4684    18.4321    32.1959    32.2126    23.0114    23.0331     6.9945     7.1904    213.663    219.645     2.3834     2.3077     0.1563     2.8822     3.3516     0.0611     0.2198 -122.39218   37.82362      13.21          5  0.000e+00
      15725    655.167      9.844      9.918    18.4700    18.4272  43.039790  43.026846    18.4684    18.4255    32.1953    32.2179    23.0109    23.0388     6.9990     7.1863    213.802    219.517     2.3846     2.3065     0.1563     2.8822     3.3516     0.0623     0.2198 -122.39218   37.82362      13.21          5  0.000e+00
      15726    655.208      9.844      9.918    18.4709    18.4258  43.039653  43.027528    18.4692    18.4241    32.1945    32.2196    23.0101    23.0404     6.9944     7.1864    213.662    219.520     2.3834     2.3065     0.1563     2.8822     3.3529     0.0611     0.2198 -122.39218   37.82362      13.21          5  0.000e+00
      15727    655.250      9.851      9.925    18.4711    18.4307  43.039926  43.028552    18.4694    18.4290    32.1945    32.2167    23.0101    23.0370     6.9944     7.1858    213.661    219.504     2.3834     2.3065     0.1563     2.8822     3.3529     0.0623     0.2198 -122.39218   37.82362      13.21          5  0.000e+00
      15728    655.292      9.890      9.965    18.4716    18.4360  43.040063  43.028824    18.4699    18.4343    32.1943    32.2127    23.0098    23.0326     6.9944     7.1853    213.661    219.487     2.3834     2.3065     0.1563     2.8822     3.3529     0.0623     0.2198 -122.39218   37.82362      13.21          5  0.000e+00
      15729    655.333      9.844      9.918    18.4732    18.4378  43.040268  43.028278    18.4715    18.4361    32.1932    32.2109    23.0086    23.0308     6.9942     7.1850    213.655    219.481     2.3834     2.3065     0.1563     2.8822     3.3529     0.0623     0.2198 -122.39218   37.82362      13.21          5  0.000e+00
      15730    655.375      9.890      9.965    18.4761    18.4353  43.041497  43.026708    18.4744    18.4336    32.1920    32.2115    23.0069    23.0318     6.9939     7.1854    213.646    219.492     2.3834     2.3065     0.1563     2.8822     3.3529     0.0623     0.2198 -122.39218   37.82362      13.21          5  0.000e+00
      15731    655.417      9.804      9.878    18.4783    18.4326  43.042726  43.025411    18.4766    18.4309    32.1913    32.2125    23.0058    23.0334     6.9935     7.1857    213.636    219.500     2.3834     2.3065     0.1563     2.8822     3.3529     0.0623     0.2198 -122.39218   37.82362      13.24          5  0.000e+00
      15732    655.458      9.890      9.965    18.4814    18.4314  43.043819  43.025207    18.4797    18.4297    32.1897    32.2133    23.0039    23.0342     6.9932     7.1908    213.628    219.655     2.3834     2.3077     0.1563     2.8822     3.3529     0.0623     0.2186 -122.39218   37.82362      13.21          5  0.000e+00
      15733    655.500      9.890      9.965    18.4845    18.4321  43.044365  43.026231    18.4828    18.4304    32.1877    32.2136    23.0016    23.0343     6.9929     7.1858    213.618    219.503     2.3834     2.3065     0.1538     2.8212     3.3529     0.0611     0.2186 -122.39218   37.82362      13.21          5  0.000e+00
      15734    655.542      9.844      9.918    18.4857    18.4352  43.044501  43.027459    18.4840    18.4335    32.1869    32.2122    23.0007    23.0325     6.9928     7.1854    213.613    219.490     2.3834     2.3065     0.1538     2.8212     3.3516     0.0611     0.2186 -122.39218   37.82362      13.21          5  0.000e+00
      15735    655.583      9.844      9.918    18.4859    18.4373  43.045321  43.027732    18.4842    18.4356    32.1875    32.2108    23.0011    23.0309     6.9927     7.1851    213.612    219.483     2.3834     2.3065     0.1526     2.7906     3.3529     0.0611     0.2186 -122.39218   37.82362      13.21          5  0.000e+00
      15736    655.625      9.903      9.978    18.4852    18.4402  43.046961  43.027663    18.4835    18.4385    32.1893    32.2084    23.0027    23.0283     6.9928     7.1849    213.613    219.476     2.3834     2.3065     0.1538     2.8212     3.3516     0.0611     0.2186 -122.39218   37.82362      13.16          5  0.000e+00
      15737    655.667      9.890      9.965    18.4845    18.4409  43.048259  43.028004    18.4828    18.4392    32.1910    32.2082    23.0041    23.0280     6.9928     7.1848    213.614    219.473     2.3834     2.3065     0.1538     2.8212     3.3529     0.0623     0.2186 -122.39218   37.82362      13.14          5  0.000e+00
      15738    655.708      9.890      9.965    18.4840    18.4388  43.049079  43.027322    18.4823    18.4371    32.1921    32.2092    23.0051    23.0293     6.9928     7.1850    213.614    219.480     2.3834     2.3065     0.1538     2.8212     3.3516     0.0611     0.2186 -122.39218   37.82362      13.14          5  0.000e+00
      15739    655.750      9.890      9.965    18.4830    18.4364  43.049830  43.027049    18.4812    18.4347    32.1935    32.2109    23.0064    23.0312     6.9929     7.1853    213.616    219.488     2.3834     2.3065     0.1538     2.8212     3.3516     0.0611     0.2186 -122.39218   37.82362      13.16          5  0.000e+00
      15740    655.792      9.850      9.925    18.4854    18.4371  43.051401  43.029507    18.4837    18.4354    32.1930    32.2124    23.0054    23.0322     6.9926     7.1851    213.606    219.482     2.3834     2.3065     0.1538     2.8212     3.3529     0.0611     0.2186 -122.39220   37.82362      13.16          5  0.000e+00
      15741    655.833      9.890      9.965    18.4878    18.4380  43.052426  43.033876    18.4861    18.4363    32.1919    32.2154    23.0040    23.0342     6.9968     7.1849    213.737    219.475     2.3846     2.3065     0.1526     2.7906     3.3529     0.0611     0.2186 -122.39220   37.82362      13.16          5  0.000e+00
      15742    655.875      9.890      9.965    18.4878    18.4423  43.052836  43.035924    18.4861    18.4406    32.1923    32.2137    23.0043    23.0319     6.9923     7.1843    213.599    219.458     2.3834     2.3065     0.1538     2.8212     3.3516     0.0611     0.2186 -122.39220   37.82362      13.14          5  0.000e+00
