West Coast/WCOA-7/CTD_Data/RB2102_CTD_070_01.ros
* Sea-Bird SBE 9 Data File:
* FileName = C:\Users\scs.user.rb\CTD\RB2102\Data\RB2102_CTD_070_01.hex
* Software Version Seasave V 7.26.7.107
* Temperature SN = 6202
* Conductivity SN = 4907
* Number of Bytes Per Scan = 41
* Number of Voltage Words = 4
* Number of Scans Averaged by the Deck Unit = 1
* NMEA Latitude = 40 00.21 N
* NMEA Longitude = 124 56.23 W
* NMEA UTC (Time) = Jul 07 2021  21:02:09
* NMEA baud rate = 4800
# nquan = 30
# nvalues = 1093                                  
# units = specified
# name 0 = scan: Scan Count
# name 1 = timeS: Time, Elapsed [seconds]
# name 2 = depSM: Depth [salt water, m]
# name 3 = prDM: Pressure, Digiquartz [db]
# name 4 = t090C: Temperature [ITS-90, deg C]
# name 5 = t190C: Temperature, 2 [ITS-90, deg C]
# name 6 = c0mS/cm: Conductivity [mS/cm]
# name 7 = c1mS/cm: Conductivity, 2 [mS/cm]
# name 8 = potemp090C: Potential Temperature [ITS-90, deg C]
# name 9 = potemp190C: Potential Temperature, 2 [ITS-90, deg C]
# name 10 = sal00: Salinity, Practical [PSU]
# name 11 = sal11: Salinity, Practical, 2 [PSU]
# name 12 = sigma-é00: Density [sigma-theta, kg/m^3]
# name 13 = sigma-é11: Density, 2 [sigma-theta, kg/m^3]
# name 14 = sbeox0Mg/L: Oxygen, SBE 43 [mg/l]
# name 15 = sbeox1Mg/L: Oxygen, SBE 43, 2 [mg/l]
# name 16 = sbox0Mm/Kg: Oxygen, SBE 43 [umol/kg]
# name 17 = sbox1Mm/Kg: Oxygen, SBE 43, 2 [umol/kg]
# name 18 = sbeox0V: Oxygen raw, SBE 43 [V]
# name 19 = sbeox1V: Oxygen raw, SBE 43, 2 [V]
# name 20 = v4: Voltage 4
# name 21 = flECO-AFL: Fluorescence, WET Labs ECO-AFL/FL [mg/m^3]
# name 22 = v3: Voltage 3
# name 23 = v6: Voltage 6
# name 24 = v7: Voltage 7
# name 25 = longitude: Longitude [deg]
# name 26 = latitude: Latitude [deg]
# name 27 = altM: Altimeter [m]
# name 28 = nbf: Bottles Fired
# name 29 = flag:  0.000e+00
# interval = seconds: 0.0416667
# start_time = Jul 07 2021 21:02:09 [NMEA time, header]
# bad_flag = -9.990e-29
*END*
[from data line 581]
     102287   4261.917     99.345    100.136     9.9853     9.9829  36.660673  36.659889     9.9740     9.9716    33.5095    33.5109    25.7925    25.7940     6.8090     7.0104    207.434    213.569     2.0293     1.9621     0.0415     0.0129     3.2369     0.0000     0.0000 -124.93826   40.00322      99.32         12  0.000e+00
     102288   4261.958     99.345    100.136     9.9853     9.9829  36.660225  36.659633     9.9740     9.9715    33.5090    33.5107    25.7922    25.7939     6.8090     7.0104    207.435    213.569     2.0293     1.9621     0.0415     0.0129     3.2369     0.0000     0.0000 -124.93826   40.00322      99.29         12  0.000e+00
     106159   4423.250     79.318     79.946    10.3366    10.3387  36.815164  36.817545    10.3273    10.3295    33.3508    33.3513    25.6088    25.6088     7.2515     7.4930    220.955    228.312     2.1453     2.0781     0.0464     0.1350     3.2357     0.0000     0.0000 -124.93842   40.00316      99.32         13  0.000e+00
     106160   4423.292     79.318     79.946    10.3366    10.3383  36.815036  36.817802    10.3274    10.3291    33.3506    33.3519    25.6087    25.6094     7.2515     7.4930    220.955    228.313     2.1453     2.0781     0.0464     0.1350     3.2344     0.0000     0.0000 -124.93842   40.00316      99.32         13  0.000e+00
     106161   4423.333     79.318     79.946    10.3368    10.3385  36.814715  36.817545    10.3275    10.3293    33.3502    33.3514    25.6083    25.6089     7.2515     7.4988    220.955    228.489     2.1453     2.0794     0.0464     0.1350     3.2344     0.0000     0.0000 -124.93842   40.00316      99.32         13  0.000e+00
     106162   4423.375     79.219     79.846    10.3364    10.3390  36.814843  36.817865    10.3272    10.3298    33.3507    33.3513    25.6088    25.6088     7.2515     7.4928    220.953    228.307     2.1453     2.0781     0.0464     0.1350     3.2332     0.0000     0.0000 -124.93842   40.00316      99.32         13  0.000e+00
     106163   4423.417     79.272     79.900    10.3364    10.3393  36.814907  36.817994    10.3272    10.3301    33.3507    33.3511    25.6088    25.6086     7.2515     7.4986    220.954    228.484     2.1453     2.0794     0.0464     0.1350     3.2357     0.0000     0.0000 -124.93842   40.00316      99.32         13  0.000e+00
     106164   4423.458     79.272     79.900    10.3368    10.3397  36.814715  36.817994    10.3275    10.3305    33.3502    33.3508    25.6083    25.6083     7.2515     7.4928    220.953    228.306     2.1453     2.0781     0.0464     0.1350     3.2357     0.0000     0.0000 -124.93842   40.00316      99.32         13  0.000e+00
     106165   4423.500     79.272     79.900    10.3368    10.3397  36.814843  36.817994    10.3275    10.3304    33.3503    33.3508    25.6084    25.6083     7.2461     7.4928    220.790    228.306     2.1441     2.0781     0.0464     0.1350     3.2357     0.0000     0.0000 -124.93842   40.00316      99.32         13  0.000e+00
     106166   4423.542     79.272     79.900    10.3371    10.3397  36.815164  36.817545    10.3278    10.3304    33.3504    33.3504    25.6084    25.6080     7.2461     7.4928    220.789    228.307     2.1441     2.0781     0.0476     0.1655     3.2344     0.0000     0.0000 -124.93842   40.00316      99.32         13  0.000e+00
     106167   4423.583     79.219     79.846    10.3374    10.3392  36.815485  36.817288    10.3282    10.3300    33.3504    33.3505    25.6084    25.6082     7.2460     7.4928    220.786    228.307     2.1441     2.0781     0.0476     0.1655     3.2357     0.0000     0.0000 -124.93842   40.00316      99.32         13  0.000e+00
     106168   4423.625     79.206     79.833    10.3382    10.3388  36.815805  36.817096    10.3290    10.3296    33.3500    33.3507    25.6079    25.6084     7.2458     7.4929    220.782    228.309     2.1441     2.0781     0.0476     0.1655     3.2357     0.0000     0.0000 -124.93842   40.00316      99.32         13  0.000e+00
     106169   4423.667     79.272     79.900    10.3390    10.3387  36.816896  36.817224    10.3298    10.3295    33.3503    33.3510    25.6080    25.6086     7.2458     7.4929    220.779    228.311     2.1441     2.0781     0.0476     0.1655     3.2344     0.0000     0.0000 -124.93842   40.00316      99.32         13  0.000e+00
     106170   4423.708     79.173     79.799    10.3398    10.3385  36.817216  36.817096    10.3306    10.3293    33.3499    33.3510    25.6076    25.6086     7.2455     7.4929    220.773    228.309     2.1441     2.0781     0.0476     0.1655     3.2357     0.0000     0.0000 -124.93842   40.00316      99.32         13  0.000e+00
     106171   4423.750     79.219     79.846    10.3408    10.3385  36.817729  36.817481    10.3316    10.3293    33.3495    33.3514    25.6071    25.6090     7.2454     7.4929    220.770    228.310     2.1441     2.0781     0.0476     0.1655     3.2344     0.0000     0.0000 -124.93842   40.00316      99.32         13  0.000e+00
     106172   4423.792     79.219     79.846    10.3413    10.3388  36.818371  36.817417    10.3321    10.3296    33.3497    33.3510    25.6071    25.6086     7.2507     7.4929    220.930    228.308     2.1453     2.0781     0.0488     0.1960     3.2332     0.0000     0.0000 -124.93842   40.00314      99.32         13  0.000e+00
     106173   4423.833     79.173     79.800    10.3418    10.3389  36.818563  36.817609    10.3326    10.3297    33.3494    33.3512    25.6069    25.6088     7.2506     7.4928    220.926    228.307     2.1453     2.0781     0.0476     0.1655     3.2357     0.0000     0.0000 -124.93842   40.00314      99.32         13  0.000e+00
     106174   4423.875     79.219     79.846    10.3422    10.3390  36.818756  36.817609    10.3329    10.3298    33.3493    33.3511    25.6067    25.6086     7.2506     7.4928    220.926    228.307     2.1453     2.0781     0.0476     0.1655     3.2332     0.0000     0.0000 -124.93842   40.00314      99.32         13  0.000e+00
     106175   4423.917     79.120     79.746    10.3423    10.3391  36.818627  36.817673    10.3331    10.3299    33.3491    33.3510    25.6065    25.6086     7.2451     7.4927    220.760    228.304     2.1441     2.0781     0.0476     0.1655     3.2357     0.0000     0.0000 -124.93842   40.00314      99.32         13  0.000e+00
     106176   4423.958     79.173     79.800    10.3425    10.3394  36.818563  36.817609    10.3333    10.3302    33.3489    33.3507    25.6063    25.6083     7.2505     7.4927    220.924    228.305     2.1453     2.0781     0.0476     0.1655     3.2357     0.0000     0.0000 -124.93842   40.00314      99.32         13  0.000e+00
     106177   4424.000     79.173     79.800    10.3425    10.3395  36.818563  36.817673    10.3333    10.3303    33.3489    33.3507    25.6063    25.6083     7.2505     7.4927    220.924    228.304     2.1453     2.0781     0.0476     0.1655     3.2357     0.0000     0.0000 -124.93842   40.00314      99.32         13  0.000e+00
     106178   4424.042     79.113     79.739    10.3425    10.3398  36.819012  36.817608    10.3333    10.3306    33.3493    33.3504    25.6067    25.6079     7.2504     7.4868    220.922    228.124     2.1453     2.0769     0.0476     0.1655     3.2357     0.0000     0.0000 -124.93842   40.00314      99.32         13  0.000e+00
     106179   4424.083     79.173     79.800    10.3425    10.3397  36.818691  36.817929    10.3333    10.3305    33.3490    33.3508    25.6064    25.6083     7.2505     7.4869    220.924    228.126     2.1453     2.0769     0.0476     0.1655     3.2357     0.0000     0.0000 -124.93842   40.00314      99.32         13  0.000e+00
     106180   4424.125     79.120     79.746    10.3427    10.3403  36.818306  36.818442    10.3335    10.3311    33.3485    33.3508    25.6060    25.6082     7.2504     7.4867    220.922    228.121     2.1453     2.0769     0.0488     0.1960     3.2332     0.0000     0.0000 -124.93842   40.00314      99.32         13  0.000e+00
     106181   4424.167     79.073     79.699    10.3427    10.3405  36.818691  36.818185    10.3335    10.3313    33.3489    33.3504    25.6063    25.6078     7.2504     7.4866    220.920    228.119     2.1453     2.0769     0.0476     0.1655     3.2357     0.0000     0.0000 -124.93842   40.00314      99.32         13  0.000e+00
     106182   4424.208     79.173     79.800    10.3428    10.3409  36.818371  36.818570    10.3336    10.3316    33.3484    33.3504    25.6059    25.6078     7.2451     7.4867    220.761    228.120     2.1441     2.0769     0.0476     0.1655     3.2357     0.0000     0.0000 -124.93842   40.00314      99.32         13  0.000e+00
     106183   4424.250     79.074     79.699    10.3428    10.3408  36.818434  36.818634    10.3336    10.3316    33.3485    33.3505    25.6060    25.6079     7.2504     7.4866    220.920    228.117     2.1453     2.0769     0.0476     0.1655     3.2332     0.0000     0.0000 -124.93842   40.00314      99.32         13  0.000e+00
     106184   4424.292     79.120     79.746    10.3425    10.3410  36.818306  36.818698    10.3333    10.3318    33.3486    33.3504    25.6061    25.6077     7.2558     7.4866    221.086    228.118     2.1465     2.0769     0.0476     0.1655     3.2344     0.0000     0.0000 -124.93842   40.00314      99.32         13  0.000e+00
     106185   4424.333     79.074     79.700    10.3425    10.3414  36.817729  36.818185    10.3333    10.3322    33.3481    33.3496    25.6057    25.6070     7.2504     7.4865    220.923    228.116     2.1453     2.0769     0.0476     0.1655     3.2344     0.0000     0.0000 -124.93842   40.00314      99.32         13  0.000e+00
     106186   4424.375     79.074     79.700    10.3420    10.3411  36.817793  36.817993    10.3328    10.3319    33.3486    33.3496    25.6062    25.6071     7.2558     7.4866    221.087    228.117     2.1465     2.0769     0.0476     0.1655     3.2344     0.0000     0.0000 -124.93842   40.00314      99.32         13  0.000e+00
     106187   4424.417     79.074     79.700    10.3418    10.3413  36.817151  36.818249    10.3326    10.3321    33.3481    33.3497    25.6058    25.6071     7.2559     7.4865    221.088    228.116     2.1465     2.0769     0.0476     0.1655     3.2344     0.0000     0.0000 -124.93842   40.00314      99.32         13  0.000e+00
     106188   4424.458     79.060     79.686    10.3418    10.3415  36.816895  36.817608    10.3326    10.3323    33.3478    33.3488    25.6056    25.6064     7.2505     7.4807    220.926    227.939     2.1453     2.0757     0.0476     0.1655     3.2344     0.0000     0.0000 -124.93842   40.00314      99.32         13  0.000e+00
     106189   4424.500     79.027     79.653    10.3422    10.3418  36.816895  36.818057    10.3330    10.3326    33.3475    33.3491    25.6053    25.6066     7.2505     7.4806    220.924    227.936     2.1453     2.0757     0.0476     0.1655     3.2344     0.0000     0.0000 -124.93842   40.00314      99.32         13  0.000e+00
     106190   4424.542     79.074     79.700    10.3418    10.3416  36.816895  36.817608    10.3326    10.3324    33.3478    33.3487    25.6056    25.6063     7.2506     7.4807    220.926    227.939     2.1453     2.0757     0.0476     0.1655     3.2344     0.0000     0.0000 -124.93842   40.00314      99.32         13  0.000e+00
     106191   4424.583     78.974     79.599    10.3418    10.3418  36.816638  36.817800    10.3327    10.3326    33.3476    33.3488    25.6054    25.6064     7.2505     7.4864    220.924    228.112     2.1453     2.0769     0.0476     0.1655     3.2344     0.0000     0.0000 -124.93842   40.00314      99.32         13  0.000e+00
     106192   4424.625     79.027     79.653    10.3418    10.3417  36.816574  36.817800    10.3326    10.3325    33.3475    33.3489    25.6054    25.6065     7.2505     7.4865    220.925    228.114     2.1453     2.0769     0.0464     0.1350     3.2344     0.0000     0.0000 -124.93842   40.00314      99.32         13  0.000e+00
     106193   4424.667     79.027     79.653    10.3413    10.3420  36.816317  36.817928    10.3321    10.3328    33.3477    33.3488    25.6056    25.6063     7.2506     7.4806    220.927    227.936     2.1453     2.0757     0.0464     0.1350     3.2344     0.0000     0.0000 -124.93842   40.00314      99.32         13  0.000e+00
     106194   4424.708     78.974     79.599    10.3412    10.3418  36.815291  36.817223    10.3320    10.3326    33.3469    33.3482    25.6050    25.6059     7.2506     7.4864    220.928    228.113     2.1453     2.0769     0.0464     0.1350     3.2344     0.0000     0.0000 -124.93842   40.00314      99.32         13  0.000e+00
     106195   4424.750     79.027     79.653    10.3407    10.3419  36.814457  36.817544    10.3315    10.3327    33.3465    33.3485    25.6047    25.6061     7.2508     7.4806    220.933    227.937     2.1453     2.0757     0.0464     0.1350     3.2344     0.0000     0.0000 -124.93842   40.00314      99.32         13  0.000e+00
     106196   4424.792     78.974     79.600    10.3405    10.3423  36.813559  36.817608    10.3313    10.3331    33.3457    33.3482    25.6042    25.6058     7.2508     7.4805    220.933    227.933     2.1453     2.0757     0.0464     0.1350     3.2344     0.0000     0.0000 -124.93842   40.00316      99.32         13  0.000e+00
     106197   4424.833     78.961     79.586    10.3405    10.3418  36.813366  36.817672    10.3313    10.3326    33.3455    33.3487    25.6040    25.6063     7.2508     7.4864    220.933    228.112     2.1453     2.0769     0.0464     0.1350     3.2344     0.0000     0.0000 -124.93842   40.00316      99.32         13  0.000e+00
     106198   4424.875     78.974     79.600    10.3403    10.3419  36.813366  36.817608    10.3312    10.3327    33.3457    33.3485    25.6042    25.6062     7.2508     7.4806    220.934    227.935     2.1453     2.0757     0.0464     0.1350     3.2344     0.0000     0.0000 -124.93842   40.00316      99.32         13  0.000e+00
     106199   4424.917     78.928     79.553    10.3405    10.3420  36.813366  36.817928    10.3313    10.3328    33.3455    33.3488    25.6040    25.6063     7.2507     7.4805    220.932    227.933     2.1453     2.0757     0.0464     0.1350     3.2344     0.0000     0.0000 -124.93842   40.00316      99.32         13  0.000e+00
     106200   4424.958     78.974     79.600    10.3403    10.3418  36.812789  36.818249    10.3312    10.3326    33.3451    33.3493    25.6037    25.6067     7.2508     7.4806    220.935    227.934     2.1453     2.0757     0.0464     0.1350     3.2344     0.0000     0.0000 -124.93842   40.00316      99.32         13  0.000e+00
     106201   4425.000     78.875     79.499    10.3402    10.3420  36.812853  36.817607    10.3310    10.3329    33.3454    33.3484    25.6040    25.6060     7.2508     7.4805    220.933    227.931     2.1453     2.0757     0.0464     0.1350     3.2344     0.0000     0.0000 -124.93842   40.00316      99.32         13  0.000e+00
     106202   4425.042     78.928     79.553    10.3402    10.3418  36.812468  36.817543    10.3310    10.3326    33.3450    33.3486    25.6036    25.6062     7.2455     7.4806    220.772    227.934     2.1441     2.0757     0.0464     0.1350     3.2332     0.0000     0.0000 -124.93842   40.00316      99.32         13  0.000e+00
     106203   4425.083     78.928     79.553    10.3403    10.3420  36.812340  36.817223    10.3312    10.3328    33.3447    33.3481    25.6034    25.6058     7.2508     7.4805    220.934    227.934     2.1453     2.0757     0.0464     0.1350     3.2344     0.0000     0.0000 -124.93842   40.00316      99.32         13  0.000e+00
