West Coast/WCOA-7/CTD_Data/RB2102_CTD_017_01.ros
* Sea-Bird SBE 9 Data File:
* FileName = C:\Users\scs.user.rb\CTD\RB2102\Data\RB2102_CTD_017_01.hex
* Software Version Seasave V 7.26.7.107
* Temperature SN = 6202
* Conductivity SN = 4907
* Number of Bytes Per Scan = 41
* Number of Voltage Words = 4
* Number of Scans Averaged by the Deck Unit = 1
* NMEA Latitude = 48 21.63 N
* NMEA Longitude = 125 13.18 W
* NMEA UTC (Time) = Jun 28 2021  16:09:28
* NMEA baud rate = 4800
# nquan = 30
# nvalues = 784                                   
# units = specified
# name 0 = scan: Scan Count
# name 1 = timeS: Time, Elapsed [seconds]
# name 2 = depSM: Depth [salt water, m]
# name 3 = prDM: Pressure, Digiquartz [db]
# name 4 = t090C: Temperature [ITS-90, deg C]
# name 5 = t190C: Temperature, 2 [ITS-90, deg C]
# name 6 = c0mS/cm: Conductivity [mS/cm]
# name 7 = c1mS/cm: Conductivity, 2 [mS/cm]
# name 8 = potemp090C: Potential Temperature [ITS-90, deg C]
# name 9 = potemp190C: Potential Temperature, 2 [ITS-90, deg C]
# name 10 = sal00: Salinity, Practical [PSU]
# name 11 = sal11: Salinity, Practical, 2 [PSU]
# name 12 = sigma-é00: Density [sigma-theta, kg/m^3]
# name 13 = sigma-é11: Density, 2 [sigma-theta, kg/m^3]
# name 14 = sbeox0Mg/L: Oxygen, SBE 43 [mg/l]
# name 15 = sbeox1Mg/L: Oxygen, SBE 43, 2 [mg/l]
# name 16 = sbox0Mm/Kg: Oxygen, SBE 43 [umol/kg]
# name 17 = sbox1Mm/Kg: Oxygen, SBE 43, 2 [umol/kg]
# name 18 = sbeox0V: Oxygen raw, SBE 43 [V]
# name 19 = sbeox1V: Oxygen raw, SBE 43, 2 [V]
# name 20 = v4: Voltage 4
# name 21 = flECO-AFL: Fluorescence, WET Labs ECO-AFL/FL [mg/m^3]
# name 22 = v3: Voltage 3
# name 23 = v6: Voltage 6
# name 24 = v7: Voltage 7
# name 25 = longitude: Longitude [deg]
# name 26 = latitude: Latitude [deg]
# name 27 = altM: Altimeter [m]
# name 28 = nbf: Bottles Fired
# name 29 = flag:  0.000e+00
# interval = seconds: 0.0416667
# start_time = Jun 28 2021 16:09:28 [NMEA time, header]
# bad_flag = -9.990e-29
*END*
[from data line 291]
      33820   1409.125     99.034     99.900     6.5213     6.5209  33.908123  33.907242     6.5125     6.5121    33.9078    33.9072    26.6238    26.6234     1.2511     1.2524     38.084     38.123     0.7485     0.7436     0.0415     0.0129     3.2222     1.8425     0.0904 -125.22006   48.36114      82.71          6  0.000e+00
      33821   1409.167     99.094     99.960     6.5211     6.5207  33.908247  33.907118     6.5124     6.5120    33.9081    33.9072    26.6240    26.6234     1.2511     1.2524     38.084     38.123     0.7485     0.7436     0.0415     0.0129     3.2222     1.8413     0.0904 -125.22006   48.36114      82.71          6  0.000e+00
      33822   1409.208     99.087     99.953     6.5212     6.5209  33.908372  33.907242     6.5125     6.5121    33.9081    33.9072    26.6240    26.6234     1.2511     1.2524     38.084     38.123     0.7485     0.7436     0.0415     0.0129     3.2234     1.8413     0.0904 -125.22006   48.36114      82.71          6  0.000e+00
      38464   1602.625     79.450     80.140     6.5889     6.5901  33.921780  33.921571     6.5818     6.5831    33.8657    33.8643    26.5815    26.5802     1.8568     1.8444     56.522     56.145     0.8767     0.8584     0.0415     0.0129     3.2198     1.7839     0.0904 -125.22010   48.36124      99.88          7  0.000e+00
      38465   1602.667     79.542     80.234     6.5890     6.5904  33.921656  33.921385     6.5820     6.5833    33.8654    33.8638    26.5812    26.5797     1.8568     1.8444     56.523     56.146     0.8767     0.8584     0.0415     0.0129     3.2210     1.7839     0.0904 -125.22010   48.36124      99.88          7  0.000e+00
      38466   1602.708     79.496     80.187     6.5887     6.5902  33.921532  33.921323     6.5816     6.5832    33.8656    33.8639    26.5814    26.5798     1.8568     1.8507     56.523     56.339     0.8767     0.8596     0.0427     0.0434     3.2198     1.7839     0.0904 -125.22010   48.36124      99.88          7  0.000e+00
      38467   1602.750     79.595     80.287     6.5889     6.5903  33.921594  33.921075     6.5818     6.5832    33.8655    33.8635    26.5812    26.5795     1.8568     1.8444     56.523     56.147     0.8767     0.8584     0.0415     0.0129     3.2186     1.7839     0.0904 -125.22010   48.36124      99.88          7  0.000e+00
      38468   1602.792     79.450     80.140     6.5887     6.5898  33.921283  33.920764     6.5817     6.5827    33.8654    33.8637    26.5812    26.5798     1.8568     1.8444     56.523     56.146     0.8767     0.8584     0.0415     0.0129     3.2210     1.7839     0.0904 -125.22010   48.36124      99.88          7  0.000e+00
      38469   1602.833     79.496     80.187     6.5887     6.5896  33.921283  33.921137     6.5816     6.5826    33.8654    33.8643    26.5812    26.5802     1.8568     1.8444     56.523     56.147     0.8767     0.8584     0.0415     0.0129     3.2210     1.7839     0.0904 -125.22010   48.36124      99.88          7  0.000e+00
      38470   1602.875     79.542     80.234     6.5886     6.5896  33.921905  33.921075     6.5815     6.5826    33.8662    33.8642    26.5818    26.5801     1.8568     1.8444     56.523     56.147     0.8767     0.8584     0.0415     0.0129     3.2210     1.7839     0.0904 -125.22010   48.36124      99.88          7  0.000e+00
      38471   1602.917     79.496     80.187     6.5889     6.5894  33.921532  33.921199     6.5818     6.5823    33.8654    33.8646    26.5812    26.5805     1.8568     1.8444     56.523     56.147     0.8767     0.8584     0.0415     0.0129     3.2210     1.7839     0.0904 -125.22010   48.36124      99.88          7  0.000e+00
      38472   1602.958     79.496     80.187     6.5890     6.5895  33.921718  33.921075     6.5820     6.5824    33.8655    33.8644    26.5813    26.5803     1.8568     1.8508     56.522     56.340     0.8767     0.8596     0.0427     0.0434     3.2210     1.7839     0.0904 -125.22010   48.36124      99.88          7  0.000e+00
      38473   1603.000     79.543     80.234     6.5892     6.5891  33.921594  33.920765     6.5821     6.5821    33.8652    33.8643    26.5810    26.5803     1.8568     1.8445     56.523     56.148     0.8767     0.8584     0.0415     0.0129     3.2210     1.7839     0.0904 -125.22010   48.36124      99.88          7  0.000e+00
      38474   1603.042     79.450     80.140     6.5895     6.5893  33.921780  33.920702     6.5825     6.5822    33.8651    33.8642    26.5809    26.5802     1.8567     1.8508     56.522     56.340     0.8767     0.8596     0.0427     0.0434     3.2186     1.7839     0.0904 -125.22010   48.36124      99.88          7  0.000e+00
      38475   1603.083     79.543     80.234     6.5896     6.5891  33.921843  33.920889     6.5826     6.5821    33.8650    33.8645    26.5808    26.5804     1.8568     1.8508     56.522     56.341     0.8767     0.8596     0.0415     0.0129     3.2198     1.7839     0.0904 -125.22010   48.36124      99.88          7  0.000e+00
      38476   1603.125     79.496     80.187     6.5897     6.5892  33.921656  33.921199     6.5826     6.5822    33.8648    33.8647    26.5806    26.5806     1.8567     1.8508     56.522     56.340     0.8767     0.8596     0.0415     0.0129     3.2198     1.7839     0.0904 -125.22010   48.36124      99.88          7  0.000e+00
      38477   1603.167     79.543     80.234     6.5898     6.5896  33.921532  33.920827     6.5827     6.5826    33.8645    33.8639    26.5804    26.5799     1.8568     1.8508     56.522     56.340     0.8767     0.8596     0.0415     0.0129     3.2210     1.7839     0.0904 -125.22010   48.36124      99.88          7  0.000e+00
      38478   1603.208     79.496     80.187     6.5897     6.5898  33.921780  33.920889     6.5826     6.5827    33.8650    33.8639    26.5807    26.5799     1.8567     1.8508     56.522     56.340     0.8767     0.8596     0.0415     0.0129     3.2198     1.7839     0.0904 -125.22010   48.36124      99.88          7  0.000e+00
      38479   1603.250     79.496     80.187     6.5894     6.5899  33.921842  33.921199     6.5823     6.5829    33.8653    33.8641    26.5811    26.5800     1.8568     1.8508     56.522     56.340     0.8767     0.8596     0.0415     0.0129     3.2210     1.7839     0.0904 -125.22010   48.36124      99.88          7  0.000e+00
      38480   1603.292     79.543     80.234     6.5889     6.5898  33.921470  33.921323     6.5818     6.5827    33.8653    33.8643    26.5812    26.5802     1.8568     1.8508     56.523     56.340     0.8767     0.8596     0.0427     0.0434     3.2198     1.7839     0.0904 -125.22010   48.36124      99.88          7  0.000e+00
      38481   1603.333     79.543     80.234     6.5889     6.5897  33.921470  33.921075     6.5818     6.5827    33.8653    33.8641    26.5812    26.5800     1.8568     1.8508     56.523     56.340     0.8767     0.8596     0.0415     0.0129     3.2198     1.7839     0.0904 -125.22010   48.36124      99.88          7  0.000e+00
      38482   1603.375     79.496     80.187     6.5887     6.5899  33.921345  33.921199     6.5816     6.5829    33.8654    33.8641    26.5812    26.5800     1.8568     1.8508     56.523     56.340     0.8767     0.8596     0.0415     0.0129     3.2210     1.7839     0.0904 -125.22010   48.36124      99.88          7  0.000e+00
      38483   1603.417     79.496     80.187     6.5884     6.5901  33.921470  33.921758     6.5814     6.5831    33.8658    33.8645    26.5816    26.5803     1.8568     1.8507     56.523     56.339     0.8767     0.8596     0.0415     0.0129     3.2210     1.7839     0.0904 -125.22010   48.36124      99.88          7  0.000e+00
      38484   1603.458     79.543     80.234     6.5886     6.5904  33.921594  33.921448     6.5815     6.5833    33.8658    33.8638    26.5816    26.5797     1.8568     1.8444     56.523     56.146     0.8767     0.8584     0.0415     0.0129     3.2210     1.7839     0.0904 -125.22010   48.36124      99.88          7  0.000e+00
      38485   1603.500     79.543     80.234     6.5884     6.5904  33.921781  33.921510     6.5814     6.5833    33.8662    33.8639    26.5819    26.5798     1.8568     1.8508     56.523     56.339     0.8767     0.8596     0.0415     0.0129     3.2210     1.7839     0.0904 -125.22010   48.36124      99.88          7  0.000e+00
      38486   1603.542     79.497     80.187     6.5886     6.5904  33.921656  33.921820     6.5815     6.5834    33.8659    33.8643    26.5816    26.5801     1.8568     1.8507     56.523     56.339     0.8767     0.8596     0.0415     0.0129     3.2198     1.7839     0.0904 -125.22010   48.36124      99.88          7  0.000e+00
      38487   1603.583     79.543     80.234     6.5889     6.5907  33.921780  33.921696     6.5818     6.5836    33.8657    33.8638    26.5814    26.5797     1.8568     1.8507     56.523     56.339     0.8767     0.8596     0.0415     0.0129     3.2198     1.7839     0.0904 -125.22010   48.36124      99.88          7  0.000e+00
      38488   1603.625     79.543     80.234     6.5889     6.5904  33.922091  33.921385     6.5818     6.5833    33.8660    33.8638    26.5817    26.5797     1.8568     1.8508     56.523     56.339     0.8767     0.8596     0.0415     0.0129     3.2210     1.7839     0.0904 -125.22010   48.36124      99.88          7  0.000e+00
      38489   1603.667     79.543     80.234     6.5890     6.5903  33.921470  33.921510     6.5820     6.5832    33.8652    33.8640    26.5810    26.5799     1.8626     1.8508     56.700     56.339     0.8779     0.8596     0.0415     0.0129     3.2198     1.7839     0.0904 -125.22010   48.36124      99.88          7  0.000e+00
      38490   1603.708     79.543     80.234     6.5892     6.5906  33.921532  33.921572     6.5821     6.5835    33.8651    33.8638    26.5809    26.5797     1.8568     1.8507     56.523     56.339     0.8767     0.8596     0.0415     0.0129     3.2186     1.7839     0.0904 -125.22010   48.36124      99.88          7  0.000e+00
      38491   1603.750     79.497     80.188     6.5894     6.5906  33.921532  33.921137     6.5823     6.5835    33.8650    33.8633    26.5808    26.5793     1.8568     1.8507     56.522     56.339     0.8767     0.8596     0.0415     0.0129     3.2198     1.7839     0.0904 -125.22010   48.36124      99.88          7  0.000e+00
      38492   1603.792     79.543     80.234     6.5892     6.5905  33.921594  33.921199     6.5821     6.5835    33.8652    33.8634    26.5810    26.5794     1.8568     1.8507     56.523     56.339     0.8767     0.8596     0.0415     0.0129     3.2210     1.7839     0.0904 -125.22010   48.36124      99.88          7  0.000e+00
      38493   1603.833     79.543     80.234     6.5892     6.5904  33.922029  33.920827     6.5821     6.5833    33.8657    33.8631    26.5814    26.5792     1.8568     1.8508     56.522     56.340     0.8767     0.8596     0.0415     0.0129     3.2198     1.7839     0.0904 -125.22010   48.36124      99.88          7  0.000e+00
      38494   1603.875     79.543     80.234     6.5895     6.5899  33.921905  33.920703     6.5825     6.5829    33.8652    33.8635    26.5810    26.5795     1.8568     1.8508     56.522     56.340     0.8767     0.8596     0.0415     0.0129     3.2198     1.7839     0.0904 -125.22010   48.36124      99.88          7  0.000e+00
      38495   1603.917     79.543     80.234     6.5897     6.5895  33.922091  33.920889     6.5826     6.5824    33.8653    33.8641    26.5810    26.5801     1.8568     1.8508     56.522     56.341     0.8767     0.8596     0.0415     0.0129     3.2198     1.7839     0.0904 -125.22010   48.36124      99.88          7  0.000e+00
      38496   1603.958     79.543     80.235     6.5895     6.5893  33.921656  33.920765     6.5825     6.5822    33.8649    33.8642    26.5807    26.5802     1.8568     1.8508     56.522     56.341     0.8767     0.8596     0.0415     0.0129     3.2198     1.7839     0.0904 -125.22010   48.36124      99.88          7  0.000e+00
      38497   1604.000     79.596     80.288     6.5895     6.5889  33.921594  33.920889     6.5825     6.5818    33.8648    33.8647    26.5807    26.5806     1.8568     1.8508     56.523     56.342     0.8767     0.8596     0.0415     0.0129     3.2198     1.7839     0.0904 -125.22010   48.36124      99.88          7  0.000e+00
      38498   1604.042     79.543     80.235     6.5896     6.5886  33.922029  33.920765     6.5826     6.5816    33.8653    33.8648    26.5810    26.5808     1.8568     1.8508     56.522     56.341     0.8767     0.8596     0.0415     0.0129     3.2198     1.7839     0.0904 -125.22010   48.36124      99.88          7  0.000e+00
      38499   1604.083     79.543     80.235     6.5895     6.5885  33.921967  33.920455     6.5825     6.5814    33.8653    33.8646    26.5810    26.5806     1.8568     1.8508     56.522     56.342     0.8767     0.8596     0.0415     0.0129     3.2198     1.7839     0.0904 -125.22010   48.36124      99.88          7  0.000e+00
      38500   1604.125     79.543     80.235     6.5897     6.5883  33.922277  33.920827     6.5826     6.5812    33.8655    33.8652    26.5812    26.5811     1.8568     1.8508     56.522     56.342     0.8767     0.8596     0.0415     0.0129     3.2198     1.7839     0.0904 -125.22010   48.36124      99.88          7  0.000e+00
      38501   1604.167     79.543     80.235     6.5895     6.5883  33.922277  33.920765     6.5825     6.5812    33.8656    33.8651    26.5813    26.5811     1.8568     1.8508     56.522     56.342     0.8767     0.8596     0.0415     0.0129     3.2198     1.7839     0.0904 -125.22010   48.36124      99.88          7  0.000e+00
      38502   1604.208     79.596     80.288     6.5895     6.5884  33.921656  33.920455     6.5825     6.5813    33.8649    33.8647    26.5807    26.5807     1.8568     1.8508     56.523     56.342     0.8767     0.8596     0.0415     0.0129     3.2198     1.7839     0.0904 -125.22010   48.36124      99.88          7  0.000e+00
      38503   1604.250     79.543     80.235     6.5895     6.5883  33.921594  33.920579     6.5825     6.5812    33.8649    33.8649    26.5807    26.5809     1.8626     1.8508     56.699     56.342     0.8779     0.8596     0.0427     0.0434     3.2198     1.7839     0.0904 -125.22010   48.36124      99.88          7  0.000e+00
      38504   1604.292     79.543     80.235     6.5894     6.5885  33.921780  33.920392     6.5823     6.5814    33.8652    33.8645    26.5810    26.5806     1.8568     1.8508     56.522     56.342     0.8767     0.8596     0.0415     0.0129     3.2198     1.7839     0.0904 -125.22010   48.36124      99.88          7  0.000e+00
      38505   1604.333     79.596     80.288     6.5894     6.5885  33.921843  33.920579     6.5823     6.5814    33.8653    33.8647    26.5810    26.5807     1.8568     1.8508     56.523     56.342     0.8767     0.8596     0.0415     0.0129     3.2198     1.7839     0.0904 -125.22010   48.36124      99.88          7  0.000e+00
      38506   1604.375     79.596     80.288     6.5895     6.5885  33.921843  33.920703     6.5825     6.5814    33.8651    33.8649    26.5809    26.5808     1.8626     1.8508     56.700     56.342     0.8779     0.8596     0.0415     0.0129     3.2198     1.7839     0.0904 -125.22010   48.36124      99.88          7  0.000e+00
      38507   1604.417     79.543     80.235     6.5895     6.5884  33.921656  33.920455     6.5825     6.5813    33.8649    33.8647    26.5807    26.5807     1.8568     1.8508     56.522     56.342     0.8767     0.8596     0.0415     0.0129     3.2210     1.7839     0.0904 -125.22010   48.36124      99.88          7  0.000e+00
