West Coast/WCOA-7/CTD_Data/RB2102_CTD_116_01.ros
* Sea-Bird SBE 9 Data File:
* FileName = C:\Users\scs.user.rb\CTD\RB2102\Data\RB2102_CTD_116_01.hex
* Software Version Seasave V 7.26.7.107
* Temperature SN = 6202
* Conductivity SN = 4907
* Number of Bytes Per Scan = 41
* Number of Voltage Words = 4
* Number of Scans Averaged by the Deck Unit = 1
* NMEA Latitude = 34 24.69 N
* NMEA Longitude = 120 34.76 W
* NMEA UTC (Time) = Jul 18 2021  14:40:45
* NMEA baud rate = 4800
# nquan = 30
# nvalues = 833                                   
# units = specified
# name 0 = scan: Scan Count
# name 1 = timeS: Time, Elapsed [seconds]
# name 2 = depSM: Depth [salt water, m]
# name 3 = prDM: Pressure, Digiquartz [db]
# name 4 = t090C: Temperature [ITS-90, deg C]
# name 5 = t190C: Temperature, 2 [ITS-90, deg C]
# name 6 = c0mS/cm: Conductivity [mS/cm]
# name 7 = c1mS/cm: Conductivity, 2 [mS/cm]
# name 8 = potemp090C: Potential Temperature [ITS-90, deg C]
# name 9 = potemp190C: Potential Temperature, 2 [ITS-90, deg C]
# name 10 = sal00: Salinity, Practical [PSU]
# name 11 = sal11: Salinity, Practical, 2 [PSU]
# name 12 = sigma-é00: Density [sigma-theta, kg/m^3]
# name 13 = sigma-é11: Density, 2 [sigma-theta, kg/m^3]
# name 14 = sbeox0Mg/L: Oxygen, SBE 43 [mg/l]
# name 15 = sbeox1Mg/L: Oxygen, SBE 43, 2 [mg/l]
# name 16 = sbox0Mm/Kg: Oxygen, SBE 43 [umol/kg]
# name 17 = sbox1Mm/Kg: Oxygen, SBE 43, 2 [umol/kg]
# name 18 = sbeox0V: Oxygen raw, SBE 43 [V]
# name 19 = sbeox1V: Oxygen raw, SBE 43, 2 [V]
# name 20 = v4: Voltage 4
# name 21 = flECO-AFL: Fluorescence, WET Labs ECO-AFL/FL [mg/m^3]
# name 22 = v3: Voltage 3
# name 23 = v6: Voltage 6
# name 24 = v7: Voltage 7
# name 25 = longitude: Longitude [deg]
# name 26 = latitude: Latitude [deg]
# name 27 = altM: Altimeter [m]
# name 28 = nbf: Bottles Fired
# name 29 = flag:  0.000e+00
# interval = seconds: 0.0416667
# start_time = Jul 18 2021 14:40:45 [NMEA time, header]
# bad_flag = -9.990e-29
*END*
[from data line 97]
      22812    950.458    247.881    249.822     9.0102     9.0109  36.429887  36.430600     8.9833     8.9840    34.1229    34.1230    26.4340    26.4339     2.0501     1.9726     62.417     60.056     0.9341     0.8987     0.0403    -0.0177     3.2063     0.0000     0.0000 -120.57934   34.41158      10.50          2  0.000e+00
      27677   1153.167    198.628    200.160     9.3037     9.3044  36.621662  36.623207     9.2817     9.2824    34.0647    34.0657    26.3406    26.3412     2.7424     2.6152     83.501     79.630     1.0928     1.0342     0.0403    -0.0177     3.2027     0.0000     0.0000 -120.57934   34.41158      59.98          3  0.000e+00
      27678   1153.208    198.628    200.160     9.3037     9.3045  36.621982  36.623399     9.2817     9.2826    34.0651    34.0658    26.3408    26.3412     2.7424     2.6212     83.500     79.813     1.0928     1.0354     0.0403    -0.0177     3.2015     0.0000     0.0000 -120.57934   34.41158      59.95          3  0.000e+00
      27679   1153.250    198.675    200.207     9.3037     9.3044  36.622046  36.623399     9.2817     9.2824    34.0651    34.0659    26.3409    26.3413     2.7424     2.6213     83.501     79.813     1.0928     1.0354     0.0403    -0.0177     3.2015     0.0000     0.0000 -120.57934   34.41158      59.95          3  0.000e+00
      27680   1153.292    198.675    200.207     9.3035     9.3045  36.622046  36.623399     9.2816     9.2826    34.0653    34.0657    26.3410    26.3412     2.7424     2.6213     83.501     79.813     1.0928     1.0354     0.0403    -0.0177     3.2027     0.0000     0.0000 -120.57934   34.41158      59.98          3  0.000e+00
      27681   1153.333    198.728    200.260     9.3037     9.3044  36.622046  36.623847     9.2817     9.2824    34.0651    34.0663    26.3409    26.3417     2.7424     2.6153     83.501     79.630     1.0928     1.0342     0.0403    -0.0177     3.2027     0.0000     0.0000 -120.57934   34.41158      59.98          3  0.000e+00
      27682   1153.375    198.675    200.207     9.3037     9.3045  36.621854  36.623783     9.2817     9.2826    34.0649    34.0661    26.3407    26.3415     2.7369     2.6213     83.333     79.813     1.0916     1.0354     0.0403    -0.0177     3.2015     0.0000     0.0000 -120.57934   34.41158      60.07          3  0.000e+00
      27683   1153.417    198.708    200.240     9.3035     9.3044  36.621982  36.623464     9.2816     9.2824    34.0652    34.0659    26.3410    26.3414     2.7424     2.6213     83.502     79.814     1.0928     1.0354     0.0403    -0.0177     3.2015     0.0000     0.0000 -120.57934   34.41158      60.20          3  0.000e+00
      27684   1153.458    198.775    200.307     9.3035     9.3044  36.621855  36.623144     9.2815     9.2824    34.0651    34.0656    26.3408    26.3411     2.7424     2.6213     83.502     79.815     1.0928     1.0354     0.0403    -0.0177     3.2027     0.0000     0.0000 -120.57934   34.41158      60.22          3  0.000e+00
      27685   1153.500    198.728    200.260     9.3037     9.3045  36.621982  36.623528     9.2817     9.2826    34.0650    34.0658    26.3408    26.3413     2.7424     2.6153     83.502     79.630     1.0928     1.0342     0.0403    -0.0177     3.2015     0.0000     0.0000 -120.57934   34.41158      60.20          3  0.000e+00
      27686   1153.542    198.775    200.307     9.3035     9.3044  36.622047  36.623464     9.2815     9.2824    34.0653    34.0659    26.3410    26.3414     2.7424     2.6213     83.502     79.814     1.0928     1.0354     0.0403    -0.0177     3.2015     0.0000     0.0000 -120.57934   34.41158      60.20          3  0.000e+00
      27687   1153.583    198.775    200.307     9.3037     9.3042  36.621726  36.623592     9.2817     9.2822    34.0647    34.0662    26.3406    26.3416     2.7424     2.6153     83.502     79.631     1.0928     1.0342     0.0403    -0.0177     3.2015     0.0000     0.0000 -120.57934   34.41158      60.20          3  0.000e+00
      27688   1153.625    198.775    200.307     9.3037     9.3044  36.622239  36.623464     9.2817     9.2824    34.0653    34.0659    26.3410    26.3414     2.7424     2.6213     83.502     79.814     1.0928     1.0354     0.0403    -0.0177     3.2027     0.0000     0.0000 -120.57934   34.41158      60.15          3  0.000e+00
      27689   1153.667    198.775    200.307     9.3037     9.3044  36.622367  36.623144     9.2817     9.2824    34.0654    34.0656    26.3411    26.3411     2.7424     2.6153     83.502     79.631     1.0928     1.0342     0.0403    -0.0177     3.2027     0.0000     0.0000 -120.57934   34.41158      60.12          3  0.000e+00
      27690   1153.708    198.828    200.361     9.3038     9.3047  36.621919  36.623784     9.2819     9.2827    34.0648    34.0659    26.3406    26.3413     2.7424     2.6213     83.502     79.814     1.0928     1.0354     0.0403    -0.0177     3.2015     0.0000     0.0000 -120.57934   34.41158      60.12          3  0.000e+00
      27691   1153.750    198.755    200.287     9.3035     9.3045  36.622175  36.623272     9.2815     9.2826    34.0654    34.0656    26.3411    26.3411     2.7424     2.6213     83.502     79.814     1.0928     1.0354     0.0403    -0.0177     3.2015     0.0000     0.0000 -120.57934   34.41158      60.12          3  0.000e+00
      27692   1153.792    198.874    200.408     9.3038     9.3045  36.622175  36.623528     9.2819     9.2825    34.0650    34.0658    26.3408    26.3413     2.7424     2.6213     83.503     79.815     1.0928     1.0354     0.0403    -0.0177     3.2015     0.0000     0.0000 -120.57934   34.41158      60.12          3  0.000e+00
      27693   1153.833    198.828    200.361     9.3037     9.3045  36.622047  36.623464     9.2817     9.2826    34.0651    34.0657    26.3408    26.3412     2.7424     2.6213     83.503     79.815     1.0928     1.0354     0.0403    -0.0177     3.2015     0.0000     0.0000 -120.57934   34.41158      60.12          3  0.000e+00
      27694   1153.875    198.828    200.361     9.3038     9.3045  36.622047  36.623144     9.2819     9.2825    34.0649    34.0654    26.3407    26.3410     2.7424     2.6213     83.502     79.815     1.0928     1.0354     0.0403    -0.0177     3.2015     0.0000     0.0000 -120.57934   34.41158      60.10          3  0.000e+00
      27695   1153.917    198.874    200.408     9.3037     9.3045  36.622047  36.623528     9.2817     9.2825    34.0650    34.0658    26.3408    26.3413     2.7424     2.6153     83.503     79.632     1.0928     1.0342     0.0403    -0.0177     3.2027     0.0000     0.0000 -120.57934   34.41158      60.05          3  0.000e+00
      27696   1153.958    198.874    200.408     9.3037     9.3044  36.622047  36.623720     9.2817     9.2824    34.0650    34.0661    26.3408    26.3415     2.7424     2.6153     83.503     79.632     1.0928     1.0342     0.0403    -0.0177     3.2027     0.0000     0.0000 -120.57934   34.41158      60.05          3  0.000e+00
      27697   1154.000    198.874    200.408     9.3037     9.3042  36.622047  36.623464     9.2817     9.2822    34.0650    34.0660    26.3408    26.3415     2.7424     2.6153     83.503     79.632     1.0928     1.0342     0.0403    -0.0177     3.2027     0.0000     0.0000 -120.57934   34.41158      60.05          3  0.000e+00
      27698   1154.042    198.874    200.408     9.3035     9.3044  36.621855  36.623400     9.2815     9.2824    34.0650    34.0658    26.3408    26.3413     2.7425     2.6153     83.503     79.632     1.0928     1.0342     0.0403    -0.0177     3.2015     0.0000     0.0000 -120.57934   34.41158      60.05          3  0.000e+00
      27699   1154.083    198.874    200.408     9.3035     9.3042  36.621983  36.623144     9.2815     9.2822    34.0651    34.0657    26.3409    26.3412     2.7425     2.6213     83.503     79.816     1.0928     1.0354     0.0403    -0.0177     3.2015     0.0000     0.0000 -120.57934   34.41158      60.05          3  0.000e+00
      27700   1154.125    198.954    200.488     9.3035     9.3042  36.621599  36.623272     9.2815     9.2822    34.0647    34.0658    26.3406    26.3413     2.7425     2.6154     83.505     79.633     1.0928     1.0342     0.0403    -0.0177     3.2015     0.0000     0.0000 -120.57934   34.41158      59.98          3  0.000e+00
      27701   1154.167    198.874    200.408     9.3034     9.3042  36.621855  36.623400     9.2814     9.2822    34.0651    34.0660    26.3409    26.3414     2.7425     2.6153     83.504     79.632     1.0928     1.0342     0.0403    -0.0177     3.2015     0.0000     0.0000 -120.57934   34.41158      59.93          3  0.000e+00
      27702   1154.208    198.921    200.455     9.3033     9.3042  36.621599  36.623144     9.2813     9.2822    34.0649    34.0657    26.3408    26.3412     2.7425     2.6153     83.504     79.633     1.0928     1.0342     0.0403    -0.0177     3.2027     0.0000     0.0000 -120.57934   34.41158      59.93          3  0.000e+00
      27703   1154.250    198.974    200.508     9.3034     9.3035  36.621599  36.623081     9.2814     9.2816    34.0648    34.0662    26.3407    26.3417     2.7480     2.6154     83.673     79.635     1.0940     1.0342     0.0403    -0.0177     3.2015     0.0000     0.0000 -120.57934   34.41158      59.90          3  0.000e+00
      27704   1154.292    198.921    200.455     9.3033     9.3032  36.621727  36.622825     9.2813     9.2812    34.0650    34.0663    26.3409    26.3419     2.7425     2.6214     83.504     79.818     1.0928     1.0354     0.0403    -0.0177     3.2027     0.0000     0.0000 -120.57934   34.41158      59.93          3  0.000e+00
      27705   1154.333    198.921    200.455     9.3034     9.3027  36.622175  36.622249     9.2814     9.2808    34.0655    34.0661    26.3412    26.3418     2.7425     2.6215     83.504     79.819     1.0928     1.0354     0.0403    -0.0177     3.2015     0.0000     0.0000 -120.57934   34.41158      59.93          3  0.000e+00
      27706   1154.375    198.921    200.455     9.3035     9.3024  36.621919  36.622313     9.2815     9.2804    34.0651    34.0665    26.3409    26.3422     2.7425     2.6154     83.504     79.636     1.0928     1.0342     0.0403    -0.0177     3.2015     0.0000     0.0000 -120.57934   34.41158      59.98          3  0.000e+00
      27707   1154.417    198.974    200.508     9.3033     9.3025  36.621663  36.621929     9.2813     9.2806    34.0649    34.0659    26.3408    26.3417     2.7480     2.6155     83.673     79.637     1.0940     1.0342     0.0403    -0.0177     3.2015     0.0000     0.0000 -120.57934   34.41158      60.02          3  0.000e+00
      27708   1154.458    198.954    200.488     9.3035     9.3025  36.621983  36.622249     9.2815     9.2806    34.0651    34.0663    26.3409    26.3420     2.7425     2.6154     83.504     79.636     1.0928     1.0342     0.0403    -0.0177     3.2027     0.0000     0.0000 -120.57934   34.41158      60.02          3  0.000e+00
      27709   1154.500    198.974    200.508     9.3033     9.3027  36.621727  36.621929     9.2813     9.2808    34.0650    34.0658    26.3408    26.3415     2.7480     2.6155     83.673     79.636     1.0940     1.0342     0.0403    -0.0177     3.2015     0.0000     0.0000 -120.57934   34.41158      60.02          3  0.000e+00
      27710   1154.542    198.974    200.508     9.3035     9.3029  36.621983  36.621993     9.2815     9.2809    34.0651    34.0657    26.3409    26.3415     2.7425     2.6215     83.504     79.819     1.0928     1.0354     0.0403    -0.0177     3.2015     0.0000     0.0000 -120.57934   34.41158      60.02          3  0.000e+00
      27711   1154.583    198.974    200.508     9.3035     9.3027  36.621727  36.622121     9.2815     9.2808    34.0648    34.0660    26.3407    26.3417     2.7480     2.6154     83.673     79.636     1.0940     1.0342     0.0403    -0.0177     3.2027     0.0000     0.0000 -120.57934   34.41158      60.02          3  0.000e+00
      27712   1154.625    198.974    200.508     9.3033     9.3027  36.621471  36.621865     9.2813     9.2808    34.0647    34.0657    26.3406    26.3415     2.7480     2.6155     83.673     79.636     1.0940     1.0342     0.0403    -0.0177     3.2015     0.0000     0.0000 -120.57934   34.41158      60.07          3  0.000e+00
      27713   1154.667    198.974    200.508     9.3034     9.3025  36.621471  36.621545     9.2814     9.2806    34.0647    34.0655    26.3406    26.3414     2.7480     2.6155     83.673     79.637     1.0940     1.0342     0.0403    -0.0177     3.2015     0.0000     0.0000 -120.57934   34.41158      60.12          3  0.000e+00
      27714   1154.708    198.974    200.508     9.3030     9.3024  36.622111  36.621929     9.2810     9.2804    34.0657    34.0661    26.3414    26.3419     2.7480     2.6155     83.673     79.637     1.0940     1.0342     0.0403    -0.0177     3.2027     0.0000     0.0000 -120.57934   34.41158      60.15          3  0.000e+00
      27715   1154.750    198.974    200.508     9.3030     9.3020  36.621663  36.621609     9.2811     9.2801    34.0652    34.0661    26.3410    26.3419     2.7480     2.6155     83.674     79.637     1.0940     1.0342     0.0403    -0.0177     3.2027     0.0000     0.0000 -120.57934   34.41158      60.15          3  0.000e+00
      27716   1154.792    198.974    200.508     9.3033     9.3020  36.621855  36.621481     9.2813     9.2800    34.0651    34.0660    26.3409    26.3419     2.7480     2.6155     83.673     79.638     1.0940     1.0342     0.0403    -0.0177     3.2015     0.0000     0.0000 -120.57934   34.41158      60.12          3  0.000e+00
      27717   1154.833    199.001    200.535     9.3030     9.3017  36.621855  36.622185     9.2811     9.2797    34.0654    34.0670    26.3412    26.3427     2.7481     2.6155     83.674     79.638     1.0940     1.0342     0.0403    -0.0177     3.2027     0.0000     0.0000 -120.57934   34.41158      60.12          3  0.000e+00
      27718   1154.875    199.021    200.555     9.3033     9.3020  36.621663  36.622185     9.2813     9.2801    34.0649    34.0667    26.3408    26.3424     2.7480     2.6155     83.674     79.638     1.0940     1.0342     0.0403    -0.0177     3.2015     0.0000     0.0000 -120.57934   34.41158      60.12          3  0.000e+00
      27719   1154.917    198.974    200.508     9.3032     9.3024  36.621471  36.621865     9.2812     9.2804    34.0649    34.0661    26.3408    26.3418     2.7480     2.6155     83.674     79.637     1.0940     1.0342     0.0403    -0.0177     3.2015     0.0000     0.0000 -120.57934   34.41158      60.10          3  0.000e+00
      27720   1154.958    198.974    200.508     9.3030     9.3025  36.621599  36.622249     9.2811     9.2806    34.0651    34.0663    26.3410    26.3420     2.7480     2.6155     83.674     79.636     1.0940     1.0342     0.0403    -0.0177     3.2027     0.0000     0.0000 -120.57934   34.41158      60.10          3  0.000e+00
      27721   1155.000    199.021    200.555     9.3027     9.3027  36.621471  36.622441     9.2807     9.2808    34.0653    34.0663    26.3412    26.3419     2.7481     2.6155     83.675     79.636     1.0940     1.0342     0.0403    -0.0177     3.2015     0.0000     0.0000 -120.57934   34.41158      60.10          3  0.000e+00
      27722   1155.042    198.974    200.508     9.3027     9.3027  36.621087  36.622185     9.2807     9.2808    34.0649    34.0660    26.3409    26.3417     2.7481     2.6154     83.674     79.636     1.0940     1.0342     0.0403    -0.0177     3.2015     0.0000     0.0000 -120.57934   34.41158      60.10          3  0.000e+00
      27723   1155.083    198.974    200.508     9.3027     9.3025  36.621343  36.622121     9.2807     9.2806    34.0652    34.0661    26.3411    26.3419     2.7481     2.6155     83.674     79.636     1.0940     1.0342     0.0403    -0.0177     3.2015     0.0000     0.0000 -120.57934   34.41158      60.10          3  0.000e+00
