West Coast/WCOA-7/CTD_Data/RB2102_CTD_012_01.ros
* Sea-Bird SBE 9 Data File:
* FileName = C:\Users\scs.user.rb\CTD\RB2102\Data\RB2102_CTD_012_01.hex
* Software Version Seasave V 7.26.7.107
* Temperature SN = 6202
* Conductivity SN = 4907
* Number of Bytes Per Scan = 41
* Number of Voltage Words = 4
* Number of Scans Averaged by the Deck Unit = 1
* NMEA Latitude = 48 43.15 N
* NMEA Longitude = 125 40.57 W
* NMEA UTC (Time) = Jun 28 2021  01:17:25
* NMEA baud rate = 4800
# nquan = 30
# nvalues = 882                                   
# units = specified
# name 0 = scan: Scan Count
# name 1 = timeS: Time, Elapsed [seconds]
# name 2 = depSM: Depth [salt water, m]
# name 3 = prDM: Pressure, Digiquartz [db]
# name 4 = t090C: Temperature [ITS-90, deg C]
# name 5 = t190C: Temperature, 2 [ITS-90, deg C]
# name 6 = c0mS/cm: Conductivity [mS/cm]
# name 7 = c1mS/cm: Conductivity, 2 [mS/cm]
# name 8 = potemp090C: Potential Temperature [ITS-90, deg C]
# name 9 = potemp190C: Potential Temperature, 2 [ITS-90, deg C]
# name 10 = sal00: Salinity, Practical [PSU]
# name 11 = sal11: Salinity, Practical, 2 [PSU]
# name 12 = sigma-é00: Density [sigma-theta, kg/m^3]
# name 13 = sigma-é11: Density, 2 [sigma-theta, kg/m^3]
# name 14 = sbeox0Mg/L: Oxygen, SBE 43 [mg/l]
# name 15 = sbeox1Mg/L: Oxygen, SBE 43, 2 [mg/l]
# name 16 = sbox0Mm/Kg: Oxygen, SBE 43 [umol/kg]
# name 17 = sbox1Mm/Kg: Oxygen, SBE 43, 2 [umol/kg]
# name 18 = sbeox0V: Oxygen raw, SBE 43 [V]
# name 19 = sbeox1V: Oxygen raw, SBE 43, 2 [V]
# name 20 = v4: Voltage 4
# name 21 = flECO-AFL: Fluorescence, WET Labs ECO-AFL/FL [mg/m^3]
# name 22 = v3: Voltage 3
# name 23 = v6: Voltage 6
# name 24 = v7: Voltage 7
# name 25 = longitude: Longitude [deg]
# name 26 = latitude: Latitude [deg]
# name 27 = altM: Altimeter [m]
# name 28 = nbf: Bottles Fired
# name 29 = flag:  0.000e+00
# interval = seconds: 0.0416667
# start_time = Jun 28 2021 01:17:25 [NMEA time, header]
# bad_flag = -9.990e-29
*END*
[from data line 774]
      52916   2204.792      2.921      2.946    17.6574    16.9404  41.448428  41.275959    17.6569    16.9399    31.4908    31.9051    22.6686    23.1543    10.8824     9.4886    332.543    289.814     3.3822     2.8107     0.0769     0.8981     3.2015     1.2930     1.7790 -125.67736   48.71820      99.95         16  0.000e+00
      52917   2204.833      3.001      3.026    17.6609    16.9400  41.449639  41.282471    17.6604    16.9396    31.4891    31.9110    22.6665    23.1589    10.8819     9.4835    332.527    289.654     3.3822     2.8095     0.0769     0.8981     3.2015     1.2930     1.7790 -125.67736   48.71820      99.93         16  0.000e+00
      52918   2204.875      2.954      2.980    17.6616    16.9397  41.448495  41.288780    17.6611    16.9392    31.4876    31.9167    22.6652    23.1633    10.8772     9.4882    332.384    289.796     3.3810     2.8107     0.0769     0.8981     3.2027     1.2930     1.7790 -125.67736   48.71820      99.93         16  0.000e+00
      52919   2204.917      3.001      3.026    17.6606    16.9394  41.447082  41.293748    17.6601    16.9389    31.4872    31.9212    22.6651    23.1669    10.8775     9.4830    332.394    289.638     3.3810     2.8095     0.0757     0.8676     3.2027     1.2930     1.7790 -125.67736   48.71820      99.95         16  0.000e+00
      52920   2204.958      2.954      2.980    17.6590    16.9390  41.446141  41.298045    17.6586    16.9386    31.4876    31.9252    22.6658    23.1700    10.8778     9.4828    332.401    289.630     3.3810     2.8095     0.0769     0.8981     3.2027     1.2930     1.7790 -125.67736   48.71820      99.95         16  0.000e+00
      52921   2205.000      2.954      2.980    17.6576    16.9387  41.444997  41.304020    17.6571    16.9382    31.4878    31.9306    22.6662    23.1742    10.8781     9.4825    332.409    289.621     3.3810     2.8095     0.0757     0.8676     3.2015     1.2930     1.7790 -125.67736   48.71820      99.93         16  0.000e+00
      52922   2205.042      3.001      3.026    17.6561    16.9383  41.444258  41.311473    17.6556    16.9378    31.4883    31.9373    22.6670    23.1795    10.8784     9.4823    332.420    289.612     3.3810     2.8095     0.0757     0.8676     3.2015     1.2930     1.7790 -125.67736   48.71820      99.95         16  0.000e+00
      52923   2205.083      2.954      2.980    17.6556    16.9378  41.443988  41.315569    17.6551    16.9373    31.4885    31.9413    22.6672    23.1826    10.8784     9.4821    332.420    289.606     3.3810     2.8095     0.0769     0.8981     3.2015     1.2930     1.7790 -125.67736   48.71820      99.93         16  0.000e+00
      52924   2205.125      3.001      3.026    17.6559    16.9375  41.444594  41.318389    17.6554    16.9370    31.4887    31.9440    22.6673    23.1848    10.8784     9.4821    332.420    289.604     3.3810     2.8095     0.0757     0.8676     3.2015     1.2930     1.7790 -125.67736   48.71820      99.93         16  0.000e+00
      52925   2205.167      3.001      3.026    17.6553    16.9373  41.444594  41.322821    17.6548    16.9368    31.4892    31.9479    22.6678    23.1878    10.8785     9.4819    332.423    289.597     3.3810     2.8095     0.0757     0.8676     3.2015     1.2930     1.7790 -125.67736   48.71820      99.93         16  0.000e+00
      52945   2206.000      3.014      3.040    17.6832    16.9315  41.470290  41.374945    17.6827    16.9310    31.4894    31.9975    22.6614    23.2272    10.8405     9.4902    331.265    289.841     3.3724     2.8120     0.0733     0.8065     3.2027     1.2930     0.4347 -125.67736   48.71820     100.00         17  0.000e+00
      52946   2206.042      3.100      3.127    17.6873    16.9313  41.473452  41.377029    17.6868    16.9308    31.4889    31.9994    22.6600    23.2287    10.8398     9.4852    331.243    289.688     3.3724     2.8107     0.0733     0.8065     3.2027     1.2930     0.4713 -125.67736   48.71820      99.85         17  0.000e+00
      52947   2206.083      3.001      3.027    17.6901    16.9310  41.476210  41.377230    17.6896    16.9305    31.4891    31.9999    22.6595    23.2292    10.8391     9.4902    331.221    289.839     3.3724     2.8120     0.0720     0.7760     3.2015     1.2918     0.4811 -125.67736   48.71820      43.83         17  0.000e+00
      52948   2206.125      3.100      3.127    17.6945    16.9308  41.478700  41.377432    17.6939    16.9303    31.4878    32.0001    22.6575    23.2294    10.8384     9.4903    331.200    289.843     3.3724     2.8120     0.0733     0.8065     3.2002     1.2918     0.4786 -125.67736   48.71820       1.93         17  0.000e+00
      52949   2206.167      3.054      3.080    17.6962    16.9308  41.481189  41.379850    17.6957    16.9303    31.4886    32.0023    22.6577    23.2310    10.8333     9.4901    331.046    289.837     3.3712     2.8120     0.0733     0.8065     3.2002     1.2930     0.4774 -125.67736   48.71820       0.00         17  0.000e+00
      52950   2206.208      3.054      3.080    17.6979    16.9303  41.482602  41.382269    17.6974    16.9298    31.4884    32.0048    22.6572    23.2330    10.8284     9.4901    330.895    289.835     3.3700     2.8120     0.0733     0.8065     3.2002     1.2930     0.4774 -125.67736   48.71820       0.00         17  0.000e+00
      52951   2206.250      3.001      3.027    17.6982    16.9301  41.482063  41.384688    17.6977    16.9296    31.4877    32.0070    22.6565    23.2348    10.8237     9.4899    330.752    289.830     3.3687     2.8120     0.0745     0.8370     3.2015     1.2930     0.4774 -125.67736   48.71820       0.15         17  0.000e+00
      52952   2206.292      3.100      3.127    17.6989    16.9301  41.483410  41.386435    17.6984    16.9296    31.4883    32.0085    22.6568    23.2359    10.8282     9.4899    330.890    289.831     3.3700     2.8120     0.0757     0.8676     3.2027     1.2918     0.4774 -125.67736   48.71820       0.93         17  0.000e+00
      52953   2206.333      3.054      3.080    17.7020    16.9299  41.487177  41.388115    17.7015    16.9294    31.4891    32.0101    22.6567    23.2372    10.8229     9.4898    330.727    289.827     3.3687     2.8120     0.0745     0.8370     3.2015     1.2918     0.4774 -125.67736   48.71820       1.27         17  0.000e+00
      52954   2206.375      3.015      3.040    17.7056    16.9296  41.490676  41.389593    17.7051    16.9291    31.4893    32.0117    22.6560    23.2385    10.8221     9.4898    330.702    289.824     3.3687     2.8120     0.0745     0.8370     3.2015     1.2918     0.4774 -125.67736   48.71820       1.42         17  0.000e+00
      52955   2206.417      3.101      3.127    17.7088    16.9294  41.492561  41.390266    17.7083    16.9289    31.4884    32.0124    22.6545    23.2391    10.8170     9.4848    330.547    289.674     3.3675     2.8107     0.0745     0.8370     3.2015     1.2930     0.4774 -125.67736   48.71820       1.42         17  0.000e+00
      52956   2206.458      3.054      3.080    17.7108    16.9294  41.493166  41.390602    17.7103    16.9289    31.4874    32.0127    22.6533    23.2393    10.8166     9.4848    330.535    289.672     3.3675     2.8107     0.0757     0.8676     3.2027     1.2918     0.4774 -125.67736   48.71820       1.42         17  0.000e+00
      52957   2206.500      3.054      3.080    17.7111    16.9291  41.493031  41.390131    17.7106    16.9286    31.4871    32.0125    22.6529    23.2393    10.8165     9.4848    330.534    289.674     3.3675     2.8107     0.0757     0.8676     3.2015     1.2918     0.4774 -125.67736   48.71820       1.42         17  0.000e+00
      52958   2206.542      3.054      3.080    17.7121    16.9289  41.495588  41.390534    17.7116    16.9285    31.4884    32.0130    22.6538    23.2396    10.8117     9.4798    330.385    289.520     3.3663     2.8095     0.0769     0.8981     3.2015     1.2930     0.4774 -125.67736   48.71820       1.42         17  0.000e+00
      52959   2206.583      3.054      3.080    17.7148    16.9291  41.498347  41.390938    17.7143    16.9286    31.4887    32.0132    22.6533    23.2398    10.8065     9.4748    330.227    289.366     3.3651     2.8083     0.0757     0.8676     3.2002     1.2930     0.4762 -125.67736   48.71820      53.65         17  0.000e+00
      52960   2206.625      3.054      3.080    17.7185    16.9289  41.500904  41.392416    17.7180    16.9284    31.4880    32.0146    22.6519    23.2409    10.8058     9.4747    330.205    289.364     3.3651     2.8083     0.0769     0.8981     3.2015     1.2918     0.4774 -125.67736   48.71820      97.73         17  0.000e+00
      52961   2206.667      3.054      3.080    17.7210    16.9286  41.502318  41.394701    17.7205    16.9281    31.4872    32.0169    22.6507    23.2427    10.8007     9.4747    330.051    289.362     3.3639     2.8083     0.0757     0.8676     3.2015     1.2930     0.4762 -125.67736   48.71820     100.00         17  0.000e+00
      52962   2206.708      3.054      3.080    17.7222    16.9286  41.502317  41.396179    17.7217    16.9281    31.4863    32.0181    22.6497    23.2437    10.8005     9.4746    330.045    289.359     3.3639     2.8083     0.0769     0.8981     3.2015     1.2918     0.4774 -125.67736   48.71820     100.00         17  0.000e+00
      52963   2206.750      3.054      3.080    17.7222    16.9286  41.501173  41.398531    17.7217    16.9281    31.4853    32.0202    22.6490    23.2452    10.8006     9.4694    330.048    289.202     3.3639     2.8071     0.0757     0.8676     3.2015     1.2918     0.4774 -125.67736   48.71820     100.00         17  0.000e+00
      52964   2206.792      3.114      3.140    17.7212    16.9286  41.500231  41.399808    17.7207    16.9281    31.4853    32.0212    22.6492    23.2461    10.8009     9.4695    330.056    289.202     3.3639     2.8071     0.0769     0.8981     3.2027     1.2930     0.4774 -125.67736   48.71820      99.95         17  0.000e+00
      52965   2206.833      3.054      3.080    17.7207    16.9284  41.499827  41.401018    17.7202    16.9279    31.4854    32.0224    22.6494    23.2470    10.8009     9.4693    330.057    289.198     3.3639     2.8071     0.0757     0.8676     3.2015     1.2918     0.4774 -125.67736   48.71820      99.83         17  0.000e+00
      52966   2206.875      3.054      3.080    17.7202    16.9284  41.499424  41.401959    17.7197    16.9279    31.4854    32.0233    22.6495    23.2477    10.8010     9.4743    330.060    289.350     3.3639     2.8083     0.0769     0.8981     3.2027     1.2918     0.6154 -125.67736   48.71820      99.90         17  0.000e+00
      52967   2206.917      3.101      3.127    17.7205    16.9282  41.500164  41.402362    17.7199    16.9277    31.4858    32.0238    22.6498    23.2481    10.8010     9.4694    330.059    289.199     3.3639     2.8071     0.0757     0.8676     3.2027     1.2918     0.9158 -125.67736   48.71820      99.95         17  0.000e+00
      52968   2206.958      3.054      3.081    17.7229    16.9281  41.502587  41.403504    17.7224    16.9276    31.4860    32.0249    22.6493    23.2490    10.7958     9.4693    329.902    289.195     3.3626     2.8071     0.0769     0.8981     3.2027     1.2918     1.0085 -125.67736   48.71820      99.95         17  0.000e+00
      52969   2207.000      3.054      3.081    17.7253    16.9280  41.505144  41.403908    17.7248    16.9275    31.4863    32.0252    22.6490    23.2493    10.7953     9.4743    329.886    289.348     3.3626     2.8083     0.0757     0.8676     3.2015     1.2930     1.0012 -125.67736   48.71820      99.93         17  0.000e+00
      52970   2207.042      3.054      3.081    17.7265    16.9280  41.506086  41.404176    17.7260    16.9275    31.4862    32.0255    22.6486    23.2494    10.7950     9.4743    329.879    289.348     3.3626     2.8083     0.0757     0.8676     3.2015     1.2918     0.9866 -125.67736   48.71820      99.93         17  0.000e+00
      52971   2207.083      3.101      3.127    17.7270    16.9279  41.506423  41.405319    17.7265    16.9274    31.4860    32.0266    22.6484    23.2503    10.7950     9.4743    329.877    289.348     3.3626     2.8083     0.0757     0.8676     3.2015     1.2918     0.9829 -125.67736   48.71820      52.45         17  0.000e+00
      52972   2207.125      3.002      3.027    17.7276    16.9279  41.506557  41.406999    17.7271    16.9274    31.4858    32.0281    22.6481    23.2515    10.7948     9.4741    329.871    289.342     3.3626     2.8083     0.0745     0.8370     3.2015     1.2930     0.9829 -125.67736   48.71820       5.03         17  0.000e+00
      52973   2207.167      3.167      3.194    17.7272    16.9280  41.506558  41.409083    17.7267    16.9275    31.4860    32.0297    22.6483    23.2527    10.7996     9.4742    330.019    289.344     3.3639     2.8083     0.0757     0.8676     3.2015     1.2918     0.9841 -125.67736   48.71820       0.00         17  0.000e+00
      52974   2207.208      3.055      3.081    17.7263    16.9280  41.506221  41.411233    17.7258    16.9275    31.4864    32.0316    22.6488    23.2541    10.7996     9.4739    330.019    289.336     3.3639     2.8083     0.0757     0.8676     3.2027     1.2930     0.9841 -125.67736   48.71820       0.00         17  0.000e+00
      52975   2207.250      3.101      3.127    17.7270    16.9280  41.506961  41.413922    17.7265    16.9275    31.4865    32.0339    22.6487    23.2559    10.7950     9.4738    329.876    289.333     3.3626     2.8083     0.0745     0.8370     3.2015     1.2918     0.9841 -125.67736   48.71820       0.44         17  0.000e+00
      52976   2207.292      3.101      3.127    17.7274    16.9280  41.507500  41.415938    17.7268    16.9275    31.4867    32.0356    22.6488    23.2572    10.7995     9.4687    330.014    289.176     3.3639     2.8071     0.0745     0.8370     3.2015     1.2918     0.9841 -125.67736   48.71820       1.22         17  0.000e+00
      52977   2207.333      3.055      3.081    17.7282    16.9280  41.507903  41.418223    17.7277    16.9275    31.4864    32.0376    22.6484    23.2587    10.7993     9.4736    330.007    289.324     3.3639     2.8083     0.0757     0.8676     3.2002     1.2930     0.9841 -125.67736   48.71820      54.68         17  0.000e+00
      52978   2207.375      3.101      3.127    17.7296    16.9280  41.509317  41.421315    17.7291    16.9275    31.4865    32.0402    22.6481    23.2608    10.7990     9.4735    330.000    289.320     3.3639     2.8083     0.0733     0.8065     3.2015     1.2930     0.9841 -125.67736   48.71820      98.07         17  0.000e+00
      52979   2207.417      3.101      3.127    17.7304    16.9281  41.510259  41.423735    17.7299    16.9276    31.4866    32.0423    22.6480    23.2623    10.7988     9.4733    329.995    289.316     3.3639     2.8083     0.0720     0.7760     3.2027     1.2918     0.9841 -125.67736   48.71820     100.00         17  0.000e+00
      52980   2207.458      3.101      3.127    17.7313    16.9282  41.510259  41.425886    17.7308    16.9277    31.4860    32.0441    22.6473    23.2637    10.7987     9.4732    329.991    289.312     3.3639     2.8083     0.0733     0.8065     3.2027     1.2930     0.9841 -125.67736   48.71820     100.00         17  0.000e+00
      52981   2207.500      3.101      3.127    17.7315    16.9282  41.510393  41.428508    17.7310    16.9277    31.4860    32.0463    22.6473    23.2654    10.7987     9.4731    329.990    289.307     3.3639     2.8083     0.0733     0.8065     3.2015     1.2918     0.9841 -125.67736   48.71820     100.00         17  0.000e+00
