West Coast/WCOA-7/CTD_Data/RB2102_CTD_015_01.ros
* Sea-Bird SBE 9 Data File:
* FileName = C:\Users\scs.user.rb\CTD\RB2102\Data\RB2102_CTD_015_01.hex
* Software Version Seasave V 7.26.7.107
* Temperature SN = 6202
* Conductivity SN = 4907
* Number of Bytes Per Scan = 41
* Number of Voltage Words = 4
* Number of Scans Averaged by the Deck Unit = 1
* NMEA Latitude = 48 50.40 N
* NMEA Longitude = 125 27.83 W
* NMEA UTC (Time) = Jun 28 2021  11:18:30
* NMEA baud rate = 4800
# nquan = 30
# nvalues = 637                                   
# units = specified
# name 0 = scan: Scan Count
# name 1 = timeS: Time, Elapsed [seconds]
# name 2 = depSM: Depth [salt water, m]
# name 3 = prDM: Pressure, Digiquartz [db]
# name 4 = t090C: Temperature [ITS-90, deg C]
# name 5 = t190C: Temperature, 2 [ITS-90, deg C]
# name 6 = c0mS/cm: Conductivity [mS/cm]
# name 7 = c1mS/cm: Conductivity, 2 [mS/cm]
# name 8 = potemp090C: Potential Temperature [ITS-90, deg C]
# name 9 = potemp190C: Potential Temperature, 2 [ITS-90, deg C]
# name 10 = sal00: Salinity, Practical [PSU]
# name 11 = sal11: Salinity, Practical, 2 [PSU]
# name 12 = sigma-é00: Density [sigma-theta, kg/m^3]
# name 13 = sigma-é11: Density, 2 [sigma-theta, kg/m^3]
# name 14 = sbeox0Mg/L: Oxygen, SBE 43 [mg/l]
# name 15 = sbeox1Mg/L: Oxygen, SBE 43, 2 [mg/l]
# name 16 = sbox0Mm/Kg: Oxygen, SBE 43 [umol/kg]
# name 17 = sbox1Mm/Kg: Oxygen, SBE 43, 2 [umol/kg]
# name 18 = sbeox0V: Oxygen raw, SBE 43 [V]
# name 19 = sbeox1V: Oxygen raw, SBE 43, 2 [V]
# name 20 = v4: Voltage 4
# name 21 = flECO-AFL: Fluorescence, WET Labs ECO-AFL/FL [mg/m^3]
# name 22 = v3: Voltage 3
# name 23 = v6: Voltage 6
# name 24 = v7: Voltage 7
# name 25 = longitude: Longitude [deg]
# name 26 = latitude: Latitude [deg]
# name 27 = altM: Altimeter [m]
# name 28 = nbf: Bottles Fired
# name 29 = flag:  0.000e+00
# interval = seconds: 0.0416667
# start_time = Jun 28 2021 11:18:30 [NMEA time, header]
# bad_flag = -9.990e-29
*END*
[from data line 581]
      49496   2062.292      3.479      3.509    15.6399    15.6626  38.920313  38.927040    15.6394    15.6621    30.8736    30.8618    22.6554    22.6414    13.4544    12.6061    411.141    385.225     3.9133     3.4689     0.2344     4.8358     3.1905     1.3492     0.0684 -125.46422   48.83990      96.34         12  0.000e+00
      49497   2062.333      3.525      3.556    15.6382    15.6660  38.920642  38.930056    15.6377    15.6655    30.8752    30.8618    22.6570    22.6406    13.4548    12.6053    411.153    385.200     3.9133     3.4689     0.2344     4.8358     3.1905     1.3492     0.0684 -125.46422   48.83990      96.31         12  0.000e+00
      49498   2062.375      3.525      3.556    15.6389    15.6686  38.920773  38.933005    15.6384    15.6680    30.8748    30.8624    22.6566    22.6405    13.4546    12.6046    411.148    385.178     3.9133     3.4689     0.2369     4.8969     3.1905     1.3504     0.0684 -125.46422   48.83990      96.24         12  0.000e+00
      49499   2062.417      3.525      3.556    15.6448    15.6715  38.923264  38.934513    15.6443    15.6709    30.8723    30.8614    22.6534    22.6392    13.4532    12.6039    411.106    385.157     3.9133     3.4689     0.2491     5.2021     3.1905     1.3492     0.0684 -125.46422   48.83990      96.21         12  0.000e+00
      49500   2062.458      3.525      3.556    15.6482    15.6746  38.930282  38.935758    15.6476    15.6740    30.8759    30.8601    22.6554    22.6375    13.4520    12.6032    411.069    385.136     3.9133     3.4689     0.2564     5.3853     3.1905     1.3492     0.0684 -125.46422   48.83990      96.21         12  0.000e+00
      49501   2062.500      3.479      3.509    15.6548    15.6771  38.942088  38.937396    15.6543    15.6765    30.8812    30.8596    22.6580    22.6366    13.4497    12.6025    410.997    385.115     3.9133     3.4689     0.2576     5.4158     3.1905     1.3492     0.0684 -125.46422   48.83990      96.21         12  0.000e+00
      49502   2062.542      3.526      3.556    15.6709    15.6792  38.950812  38.938052    15.6703    15.6786    30.8763    30.8585    22.6508    22.6353    13.4458    12.6021    410.881    385.103     3.9133     3.4689     0.2564     5.3853     3.1893     1.3492     0.0684 -125.46422   48.83990      96.21         12  0.000e+00
      49522   2063.375      3.480      3.509    15.6673    15.6883  38.930935  38.947622    15.6668    15.6878    30.8615    30.8599    22.6402    22.6343    13.4863    12.6202    412.121    385.658     3.9231     3.4737     0.2564     5.3853     3.1893     1.3492     0.0684 -125.46422   48.83990      96.43         13  0.000e+00
      49523   2063.417      3.526      3.556    15.6607    15.6919  38.928968  38.950507    15.6602    15.6914    30.8649    30.8595    22.6442    22.6333    13.4879    12.6193    412.168    385.631     3.9231     3.4737     0.2564     5.3853     3.1905     1.3504     0.0684 -125.46422   48.83990      96.46         13  0.000e+00
      49524   2063.458      3.433      3.463    15.6568    15.6955  38.928313  38.951555    15.6563    15.6950    30.8674    30.8577    22.6470    22.6311    13.4933    12.6184    412.335    385.603     3.9243     3.4737     0.2564     5.3853     3.1905     1.3492     0.0684 -125.46422   48.83990      96.46         13  0.000e+00
      49525   2063.500      3.526      3.556    15.6562    15.7012  38.929231  38.955292    15.6556    15.7006    30.8687    30.8566    22.6482    22.6290    13.4936    12.6223    412.342    385.723     3.9243     3.4750     0.2479     5.1716     3.1893     1.3492     0.0684 -125.46422   48.83990      96.43         13  0.000e+00
      49526   2063.542      3.433      3.463    15.6580    15.7073  38.929821  38.960078    15.6575    15.7068    30.8678    30.8560    22.6471    22.6272    13.4930    12.6205    412.324    385.671     3.9243     3.4750     0.2418     5.0190     3.1893     1.3492     0.0684 -125.46422   48.83990      96.46         13  0.000e+00
      49527   2063.583      3.447      3.476    15.6594    15.7130  38.930739  38.964602    15.6588    15.7125    30.8676    30.8555    22.6466    22.6256    13.4975    12.6242    412.461    385.785     3.9255     3.4762     0.2405     4.9884     3.1893     1.3492     0.0684 -125.46422   48.83990      96.46         13  0.000e+00
      49528   2063.625      3.480      3.509    15.6619    15.7156  38.932182  38.968733    15.6614    15.7151    30.8669    30.8571    22.6455    22.6262    13.5017    12.6235    412.590    385.761     3.9267     3.4762     0.2418     5.0190     3.1893     1.3492     0.0684 -125.46422   48.83990      96.48         13  0.000e+00
      49529   2063.667      3.381      3.409    15.6661    15.7261  38.938019  38.972797    15.6656    15.7256    30.8688    30.8526    22.6460    22.6205    13.5002    12.6209    412.545    385.684     3.9267     3.4762     0.2418     5.0190     3.1905     1.3492     0.0684 -125.46422   48.83990      96.48         13  0.000e+00
      49530   2063.708      3.480      3.509    15.6821    15.7346  38.951597  38.973846    15.6816    15.7341    30.8682    30.8468    22.6421    22.6141    13.5008    12.6244    412.566    385.793     3.9280     3.4774     0.2418     5.0190     3.1905     1.3504     0.0684 -125.46422   48.83990      96.48         13  0.000e+00
      49531   2063.750      3.433      3.463    15.7139    15.7392  38.971212  38.974042    15.7134    15.7387    30.8607    30.8434    22.6294    22.6105    13.4927    12.6233    412.323    385.763     3.9280     3.4774     0.2418     5.0190     3.1905     1.3492     0.0684 -125.46422   48.83990      96.48         13  0.000e+00
      49532   2063.792      3.381      3.409    15.7476    15.7404  38.987613  38.974435    15.7471    15.7399    30.8489    30.8429    22.6129    22.6099    13.4844    12.6230    412.077    385.752     3.9280     3.4774     0.2418     5.0190     3.1905     1.3504     0.0684 -125.46422   48.83990      96.48         13  0.000e+00
      49533   2063.833      3.434      3.463    15.7676    15.7406  38.994109  38.975288    15.7671    15.7401    30.8389    30.8434    22.6009    22.6102    13.4847    12.6282    412.089    385.910     3.9292     3.4786     0.2418     5.0190     3.1905     1.3504     0.0684 -125.46422   48.83990      96.51         13  0.000e+00
      49534   2063.875      3.434      3.463    15.7742    15.7430  38.994830  38.976796    15.7737    15.7424    30.8344    30.8429    22.5960    22.6093    13.4833    12.6328    412.047    386.051     3.9292     3.4799     0.2418     5.0190     3.1905     1.3504     0.0684 -125.46422   48.83990      96.53         13  0.000e+00
      49535   2063.917      3.348      3.376    15.7736    15.7462  38.994961  38.977451    15.7731    15.7457    30.8351    30.8410    22.5966    22.6072    13.4833    12.6215    412.047    385.709     3.9292     3.4774     0.2418     5.0190     3.1905     1.3492     0.0684 -125.46422   48.83990      96.56         13  0.000e+00
      49536   2063.958      3.381      3.410    15.7702    15.7483  38.996077  38.980599    15.7696    15.7478    30.8387    30.8422    22.6001    22.6076    13.4839    12.6313    412.066    386.008     3.9292     3.4799     0.2418     5.0190     3.1905     1.3504     0.0684 -125.46422   48.83990      96.56         13  0.000e+00
      49537   2064.000      3.381      3.410    15.7702    15.7565  38.997981  38.984402    15.7696    15.7560    30.8404    30.8391    22.6014    22.6034    13.4838    12.6345    412.061    386.107     3.9292     3.4811     0.2418     5.0190     3.1905     1.3504     0.0684 -125.46422   48.83990      96.56         13  0.000e+00
      49538   2064.042      3.381      3.410    15.7717    15.7709  39.000015  38.990763    15.7712    15.7703    30.8410    30.8335    22.6015    22.5960    13.4833    12.6260    412.047    385.848     3.9292     3.4799     0.2418     5.0190     3.1905     1.3492     0.0684 -125.46422   48.83990      96.56         13  0.000e+00
      49539   2064.083      3.334      3.363    15.7719    15.7835  39.002313  38.996599    15.7714    15.7829    30.8429    30.8288    22.6030    22.5896    13.4830    12.6281    412.038    385.915     3.9292     3.4811     0.2405     4.9884     3.1905     1.3504     0.0684 -125.46422   48.83990      96.61         13  0.000e+00
      49540   2064.125      3.334      3.363    15.7798    15.7908  39.006513  38.999485    15.7793    15.7903    30.8404    30.8257    22.5994    22.5856    13.4811    12.6264    411.980    385.864     3.9292     3.4811     0.2418     5.0190     3.1905     1.3504     0.0684 -125.46422   48.83990      96.70         13  0.000e+00
      49541   2064.167      3.288      3.316    15.7875    15.7890  39.010253  38.999025    15.7870    15.7885    30.8377    30.8267    22.5956    22.5868    13.4792    12.6267    411.922    385.874     3.9292     3.4811     0.2418     5.0190     3.1917     1.3492     0.0684 -125.46422   48.83990      96.75         13  0.000e+00
      49542   2064.208      3.334      3.363    15.7970    15.7841  39.016752  38.997386    15.7965    15.7836    30.8360    30.8290    22.5922    22.5896    13.4768    12.6331    411.851    386.067     3.9292     3.4823     0.2418     5.0190     3.1905     1.3492     0.0684 -125.46422   48.83990      96.75         13  0.000e+00
      49543   2064.250      3.348      3.376    15.8113    15.7812  39.023512  38.995943    15.8108    15.7807    30.8308    30.8300    22.5851    22.5910    13.4734    12.6338    411.749    386.089     3.9292     3.4823     0.2418     5.0190     3.1893     1.3492     0.0684 -125.46422   48.83990      96.75         13  0.000e+00
      49544   2064.292      3.235      3.263    15.8208    15.7809  39.026596  38.995615    15.8203    15.7805    30.8261    30.8300    22.5794    22.5910    13.4710    12.6389    411.678    386.244     3.9292     3.4835     0.2418     5.0190     3.1893     1.3504     0.0684 -125.46422   48.83990      96.75         13  0.000e+00
      49545   2064.333      3.335      3.363    15.8272    15.7819  39.028172  38.996862    15.8267    15.7814    30.8225    30.8303    22.5751    22.5911    13.4697    12.6387    411.641    386.240     3.9292     3.4835     0.2418     5.0190     3.1905     1.3492     0.0684 -125.46422   48.83990      96.75         13  0.000e+00
      49546   2064.375      3.235      3.263    15.8326    15.7833  39.030272  38.999879    15.8322    15.7828    30.8202    30.8319    22.5722    22.5920    13.4683    12.6433    411.598    386.378     3.9292     3.4847     0.2418     5.0190     3.1917     1.3492     0.0684 -125.46422   48.83990      96.83         13  0.000e+00
      49547   2064.417      3.235      3.263    15.8357    15.7858  39.031322  39.001190    15.8352    15.7853    30.8187    30.8311    22.5704    22.5909    13.4675    12.6427    411.577    386.360     3.9292     3.4847     0.2418     5.0190     3.1905     1.3492     0.0684 -125.46422   48.83990      96.85         13  0.000e+00
      49548   2064.458      3.235      3.263    15.8381    15.7853  39.032372  39.001387    15.8376    15.7848    30.8178    30.8316    22.5691    22.5914    13.4670    12.6427    411.560    386.362     3.9292     3.4847     0.2418     5.0190     3.1893     1.3504     0.0684 -125.46422   48.83990      96.85         13  0.000e+00
      49549   2064.500      3.235      3.263    15.8389    15.7874  39.033554  39.002896    15.8384    15.7869    30.8182    30.8314    22.5693    22.5907    13.4715    12.6422    411.698    386.347     3.9304     3.4847     0.2418     5.0190     3.1893     1.3492     0.0684 -125.46422   48.83990      96.83         13  0.000e+00
      49550   2064.542      3.235      3.263    15.8391    15.7957  39.034276  39.006437    15.8386    15.7952    30.8187    30.8280    22.5696    22.5863    13.4762    12.6402    411.841    386.288     3.9316     3.4847     0.2418     5.0190     3.1893     1.3492     0.0684 -125.46422   48.83990      96.83         13  0.000e+00
      49551   2064.583      3.156      3.183    15.8389    15.8044  39.034210  39.009519    15.8384    15.8039    30.8188    30.8240    22.5697    22.5813    13.4761    12.6433    411.838    386.383     3.9316     3.4860     0.2430     5.0495     3.1905     1.3504     0.0684 -125.46422   48.83990      96.90         13  0.000e+00
      49552   2064.625      3.189      3.216    15.8393    15.8104  39.034604  39.011749    15.8388    15.8099    30.8189    30.8213    22.5697    22.5779    13.4760    12.6368    411.837    386.186     3.9316     3.4847     0.2430     5.0495     3.1893     1.3492     0.0684 -125.46422   48.83990      97.05         13  0.000e+00
      49553   2064.667      3.189      3.216    15.8390    15.8141  39.034867  39.013258    15.8385    15.8136    30.8193    30.8197    22.5701    22.5759    13.4809    12.6411    411.984    386.318     3.9328     3.4860     0.2442     5.0800     3.1905     1.3492     0.0684 -125.46422   48.83990      97.09         13  0.000e+00
      49554   2064.708      3.136      3.163    15.8389    15.8172  39.034998  39.014898    15.8384    15.8167    30.8195    30.8188    22.5702    22.5745    13.4855    12.6402    412.127    386.293     3.9341     3.4860     0.2442     5.0800     3.1893     1.3492     0.0684 -125.46422   48.83990      97.09         13  0.000e+00
      49555   2064.750      3.189      3.216    15.8394    15.8173  39.035655  39.015816    15.8389    15.8168    30.8197    30.8194    22.5703    22.5749    13.4855    12.6402    412.125    386.292     3.9341     3.4860     0.2442     5.0800     3.1893     1.3492     0.0684 -125.46422   48.83990      97.07         13  0.000e+00
      49556   2064.792      3.090      3.116    15.8401    15.8161  39.036508  39.016472    15.8397    15.8156    30.8199    30.8210    22.5703    22.5765    13.4851    12.6455    412.114    386.452     3.9341     3.4872     0.2442     5.0800     3.1905     1.3492     0.0684 -125.46422   48.83990      97.07         13  0.000e+00
      49557   2064.833      3.090      3.116    15.8416    15.8155  39.038412  39.017457    15.8411    15.8150    30.8204    30.8223    22.5704    22.5776    13.4894    12.6404    412.246    386.295     3.9353     3.4860     0.2442     5.0800     3.1905     1.3492     0.0684 -125.46422   48.83990      97.09         13  0.000e+00
      49558   2064.875      3.090      3.116    15.8452    15.8165  39.041038  39.017719    15.8447    15.8160    30.8200    30.8218    22.5692    22.5769    13.4933    12.6453    412.364    386.446     3.9365     3.4872     0.2442     5.0800     3.1905     1.3504     0.0684 -125.46422   48.83990      97.12         13  0.000e+00
      49559   2064.917      3.090      3.116    15.8488    15.8189  39.044124  39.018506    15.8483    15.8184    30.8198    30.8206    22.5683    22.5755    13.4971    12.6396    412.481    386.272     3.9377     3.4860     0.2442     5.0800     3.1893     1.3492     0.0684 -125.46422   48.83990      97.12         13  0.000e+00
      49560   2064.958      3.103      3.130    15.8548    15.8184  39.047144  39.019162    15.8543    15.8179    30.8178    30.8216    22.5655    22.5764    13.4956    12.6448    412.438    386.432     3.9377     3.4872     0.2442     5.0800     3.1893     1.3492     0.0684 -125.46422   48.83990      97.12         13  0.000e+00
      49561   2065.000      3.044      3.070    15.8611    15.8166  39.049573  39.018375    15.8606    15.8161    30.8151    30.8223    22.5620    22.5773    13.4988    12.6452    412.537    386.442     3.9389     3.4872     0.2442     5.0800     3.1917     1.3492     0.0684 -125.46422   48.83990      97.12         13  0.000e+00
