West Coast/WCOA-7/CTD_Data/RB2102_CTD_125_01.ros
* Sea-Bird SBE 9 Data File:
* FileName = C:\Users\scs.user.rb\CTD\RB2102\Data\RB2102_CTD_125_01.hex
* Software Version Seasave V 7.26.7.107
* Temperature SN = 6202
* Conductivity SN = 4907
* Number of Bytes Per Scan = 41
* Number of Voltage Words = 4
* Number of Scans Averaged by the Deck Unit = 1
* NMEA Latitude = 33 29.43 N
* NMEA Longitude = 117 45.04 W
* NMEA UTC (Time) = Jul 20 2021  14:37:18
* NMEA baud rate = 4800
# nquan = 30
# nvalues = 469                                   
# units = specified
# name 0 = scan: Scan Count
# name 1 = timeS: Time, Elapsed [seconds]
# name 2 = depSM: Depth [salt water, m]
# name 3 = prDM: Pressure, Digiquartz [db]
# name 4 = t090C: Temperature [ITS-90, deg C]
# name 5 = t190C: Temperature, 2 [ITS-90, deg C]
# name 6 = c0mS/cm: Conductivity [mS/cm]
# name 7 = c1mS/cm: Conductivity, 2 [mS/cm]
# name 8 = potemp090C: Potential Temperature [ITS-90, deg C]
# name 9 = potemp190C: Potential Temperature, 2 [ITS-90, deg C]
# name 10 = sal00: Salinity, Practical [PSU]
# name 11 = sal11: Salinity, Practical, 2 [PSU]
# name 12 = sigma-é00: Density [sigma-theta, kg/m^3]
# name 13 = sigma-é11: Density, 2 [sigma-theta, kg/m^3]
# name 14 = sbeox0Mg/L: Oxygen, SBE 43 [mg/l]
# name 15 = sbeox1Mg/L: Oxygen, SBE 43, 2 [mg/l]
# name 16 = sbox0Mm/Kg: Oxygen, SBE 43 [umol/kg]
# name 17 = sbox1Mm/Kg: Oxygen, SBE 43, 2 [umol/kg]
# name 18 = sbeox0V: Oxygen raw, SBE 43 [V]
# name 19 = sbeox1V: Oxygen raw, SBE 43, 2 [V]
# name 20 = v4: Voltage 4
# name 21 = flECO-AFL: Fluorescence, WET Labs ECO-AFL/FL [mg/m^3]
# name 22 = v3: Voltage 3
# name 23 = v6: Voltage 6
# name 24 = v7: Voltage 7
# name 25 = longitude: Longitude [deg]
# name 26 = latitude: Latitude [deg]
# name 27 = altM: Altimeter [m]
# name 28 = nbf: Bottles Fired
# name 29 = flag:  0.000e+00
# interval = seconds: 0.0416667
# start_time = Jul 20 2021 14:37:18 [NMEA time, header]
# bad_flag = -9.990e-29
*END*
[from data line 146]
      17678    736.542     15.069     15.178    16.8519    16.8731  43.016951  43.042173    16.8494    16.8707    33.4807    33.4848    24.3837    24.3820     9.1860     8.5526    280.235    260.910     2.9182     2.5971     0.0855     1.1118     3.2845     0.0000     0.0696 -117.75074   33.49060      21.29          4  0.000e+00
      17679    736.583     15.116     15.224    16.8452    16.8704  43.008347  43.041218    16.8428    16.8679    33.4787    33.4863    24.3837    24.3837     9.1874     8.5530    280.276    260.923     2.9182     2.5971     0.0855     1.1118     3.2845     0.0000     0.0696 -117.75074   33.49060      21.29          4  0.000e+00
      17680    736.625     15.122     15.231    16.8369    16.8687  43.000359  43.041491    16.8344    16.8662    33.4787    33.4880    24.3857    24.3854     9.1843     8.5532    280.181    260.930     2.9170     2.5971     0.0855     1.1118     3.2845     0.0000     0.0696 -117.75074   33.49060      21.27          4  0.000e+00
      17681    736.667     15.069     15.178    16.8309    16.8683  42.994214  43.042447    16.8284    16.8659    33.4784    33.4891    24.3869    24.3863     9.1853     8.5532    280.212    260.928     2.9170     2.5971     0.0855     1.1118     3.2845     0.0000     0.0696 -117.75074   33.49060      21.27          4  0.000e+00
      17682    736.708     15.069     15.178    16.8245    16.8692  42.988480  43.043266    16.8220    16.8667    33.4787    33.4891    24.3886    24.3861     9.1865     8.5530    280.246    260.923     2.9170     2.5971     0.0855     1.1118     3.2857     0.0000     0.0684 -117.75074   33.49060      21.27          4  0.000e+00
      17683    736.750     15.116     15.224    16.8187    16.8687  42.984043  43.043676    16.8163    16.8662    33.4796    33.4899    24.3907    24.3869     9.1829     8.5531    280.137    260.926     2.9158     2.5971     0.0855     1.1118     3.2845     0.0000     0.0696 -117.75074   33.49060      21.25          4  0.000e+00
      17684    736.792     15.069     15.178    16.8149    16.8683  42.983087  43.043539    16.8125    16.8659    33.4820    33.4901    24.3933    24.3871     9.1880     8.5531    280.292    260.926     2.9170     2.5971     0.0855     1.1118     3.2833     0.0000     0.0696 -117.75074   33.49060      21.25          4  0.000e+00
      17685    736.833     15.116     15.224    16.8175    16.8704  42.987457  43.047295    16.8151    16.8679    33.4836    33.4916    24.3940    24.3878     9.1829     8.5527    280.136    260.914     2.9158     2.5971     0.0855     1.1118     3.2857     0.0000     0.0696 -117.75074   33.49060      21.27          4  0.000e+00
      17686    736.875     15.023     15.131    16.8220    16.8767  42.993054  43.054122    16.8196    16.8743    33.4848    33.4923    24.3938    24.3868     9.1819     8.5515    280.106    260.876     2.9158     2.5971     0.0855     1.1118     3.2857     0.0000     0.0684 -117.75074   33.49060      21.27          4  0.000e+00
      17687    736.917     15.116     15.224    16.8236    16.8846  42.994762  43.059516    16.8212    16.8822    33.4849    33.4903    24.3936    24.3835     9.1817     8.5503    280.100    260.841     2.9158     2.5971     0.0855     1.1118     3.2857     0.0000     0.0684 -117.75074   33.49060      21.25          4  0.000e+00
      17688    736.958     15.069     15.178    16.8206    16.8877  42.991416  43.058218    16.8182    16.8853    33.4845    33.4866    24.3940    24.3799     9.1822     8.5499    280.116    260.829     2.9158     2.5971     0.0855     1.1118     3.2845     0.0000     0.0696 -117.75074   33.49060      21.22          4  0.000e+00
      17689    737.000     15.069     15.178    16.8170    16.8851  42.986228  43.049955    16.8145    16.8827    33.4830    33.4816    24.3937    24.3767     9.1830     8.5506    280.138    260.852     2.9158     2.5971     0.0855     1.1118     3.2845     0.0000     0.0696 -117.75074   33.49060      21.22          4  0.000e+00
      17690    737.042     15.116     15.224    16.8136    16.8807  42.982951  43.041080    16.8112    16.8782    33.4829    33.4776    24.3944    24.3746     9.1836     8.5517    280.158    260.884     2.9158     2.5971     0.0855     1.1118     3.2845     0.0000     0.0696 -117.75074   33.49060      21.22          4  0.000e+00
      17691    737.083     15.069     15.178    16.8121    16.8719  42.982337  43.033707    16.8096    16.8695    33.4837    33.4785    24.3954    24.3774     9.1838     8.5531    280.163    260.927     2.9158     2.5971     0.0855     1.1118     3.2845     0.0000     0.0696 -117.75074   33.49060      21.22          4  0.000e+00
      17692    737.125     15.069     15.178    16.8114    16.8618  42.983156  43.028656    16.8089    16.8593    33.4850    33.4826    24.3965    24.3829     9.1839     8.5547    280.165    260.974     2.9158     2.5971     0.0855     1.1118     3.2845     0.0000     0.0696 -117.75074   33.49060      21.22          4  0.000e+00
      17693    737.167     15.069     15.178    16.8112    16.8539  42.984521  43.025654    16.8088    16.8515    33.4863    33.4865    24.3975    24.3877     9.1838     8.5559    280.163    261.009     2.9158     2.5971     0.0855     1.1118     3.2833     0.0000     0.0696 -117.75074   33.49060      21.22          4  0.000e+00
      17694    737.208     15.069     15.178    16.8121    16.8497  42.985614  43.023606    16.8096    16.8472    33.4865    33.4883    24.3975    24.3901     9.1836     8.5565    280.158    261.028     2.9158     2.5971     0.0855     1.1118     3.2857     0.0000     0.0696 -117.75074   33.49060      21.27          4  0.000e+00
      17695    737.250     15.023     15.131    16.8124    16.8500  42.986501  43.024289    16.8099    16.8476    33.4871    33.4886    24.3979    24.3902     9.1835     8.5514    280.154    260.872     2.9158     2.5958     0.0855     1.1118     3.2857     0.0000     0.0696 -117.75074   33.49060      21.27          4  0.000e+00
      17696    737.292     15.116     15.224    16.8128    16.8508  42.986160  43.027429    16.8103    16.8484    33.4864    33.4906    24.3973    24.3916     9.1836     8.5562    280.156    261.019     2.9158     2.5971     0.0855     1.1118     3.2833     0.0000     0.0696 -117.75074   33.49060      21.27          4  0.000e+00
      17697    737.333     15.023     15.131    16.8112    16.8531  42.984590  43.030228    16.8088    16.8507    33.4864    33.4911    24.3976    24.3915     9.1838     8.5507    280.161    260.851     2.9158     2.5958     0.0855     1.1118     3.2833     0.0000     0.0696 -117.75074   33.49060      21.27          4  0.000e+00
      17698    737.375     15.069     15.178    16.8088    16.8563  42.983361  43.031183    16.8064    16.8539    33.4873    33.4893    24.3989    24.3893     9.1842     8.5553    280.174    260.991     2.9158     2.5971     0.0855     1.1118     3.2833     0.0000     0.0696 -117.75074   33.49060      21.27          4  0.000e+00
      17699    737.417     15.069     15.178    16.8064    16.8577  42.982269  43.033777    16.8040    16.8553    33.4883    33.4904    24.4002    24.3898     9.1846     8.5500    280.185    260.830     2.9158     2.5958     0.0855     1.1118     3.2845     0.0000     0.0696 -117.75074   33.49060      21.27          4  0.000e+00
      17700    737.458     15.023     15.131    16.8054    16.8625  42.980835  43.043676    16.8030    16.8600    33.4879    33.4951    24.4001    24.3923     9.1893     8.5489    280.331    260.794     2.9170     2.5958     0.0855     1.1118     3.2845     0.0000     0.0684 -117.75074   33.49060      21.25          4  0.000e+00
      17701    737.500     15.069     15.178    16.8040    16.8723  42.979539  43.055830    16.8016    16.8698    33.4880    33.4975    24.4005    24.3918     9.1896     8.5471    280.340    260.740     2.9170     2.5958     0.0855     1.1118     3.2845     0.0000     0.0708 -117.75074   33.49060      21.25          4  0.000e+00
      17702    737.542     15.023     15.131    16.8037    16.8821  42.978514  43.066072    16.8013    16.8796    33.4874    33.4982    24.4001    24.3901     9.1897     8.5453    280.341    260.685     2.9170     2.5958     0.0855     1.1118     3.2845     0.0000     0.0708 -117.75074   33.49060      21.25          4  0.000e+00
      17703    737.583     15.069     15.178    16.8032    16.8968  42.978310  43.083418    16.8008    16.8944    33.4876    33.5010    24.4004    24.3888     9.1898     8.5426    280.345    260.603     2.9170     2.5958     0.0855     1.1118     3.2857     0.0000     0.0696 -117.75074   33.49060      21.25          4  0.000e+00
      17704    737.625     15.023     15.131    16.8034    16.9155  42.977968  43.103636    16.8009    16.9131    33.4872    33.5030    24.4000    24.3859     9.1897     8.5391    280.343    260.499     2.9170     2.5958     0.0855     1.1118     3.2845     0.0000     0.0696 -117.75074   33.49060      21.22          4  0.000e+00
      17705    737.667     15.069     15.178    16.8053    16.9382  42.981450  43.120031    16.8028    16.9357    33.4886    33.4983    24.4007    24.3771     9.1894     8.5355    280.332    260.389     2.9170     2.5958     0.0855     1.1118     3.2857     0.0000     0.0696 -117.75074   33.49060      21.25          4  0.000e+00
      17706    737.708     15.023     15.131    16.8109    16.9593  42.991827  43.127339    16.8085    16.9568    33.4930    33.4871    24.4027    24.3635     9.1881     8.5323    280.291    260.296     2.9170     2.5958     0.0855     1.1118     3.2845     0.0000     0.0684 -117.75074   33.49060      21.25          4  0.000e+00
      17707    737.750     15.016     15.124    16.8178    16.9632  43.002205  43.119617    16.8154    16.9608    33.4962    33.4771    24.4036    24.3549     9.1866     8.5321    280.247    260.292     2.9170     2.5958     0.0855     1.1118     3.2845     0.0000     0.0708 -117.75074   33.49060      21.27          5  0.000e+00
      17708    737.792     15.016     15.124    16.8213    16.9497  43.006711  43.110941    16.8189    16.9472    33.4972    33.4809    24.4036    24.3610     9.1859     8.5343    280.226    260.357     2.9170     2.5958     0.0855     1.1118     3.2845     0.0000     0.0708 -117.75074   33.49060      21.27          5  0.000e+00
      17709    737.833     14.977     15.084    16.8318    16.9388  43.015451  43.100968    16.8294    16.9364    33.4961    33.4812    24.4003    24.3638     9.1795     8.5361    280.029    260.413     2.9158     2.5958     0.0855     1.1118     3.2833     0.0000     0.0696 -117.75074   33.49060      21.27          5  0.000e+00
      17710    737.875     15.016     15.124    16.8471    16.9205  43.029246  43.082527    16.8447    16.9180    33.4953    33.4805    24.3961    24.3675     9.1814     8.5394    280.090    260.513     2.9170     2.5958     0.0855     1.1118     3.2845     0.0000     0.0684 -117.75074   33.49060      21.27          5  0.000e+00
      17711    737.917     14.977     15.084    16.8597    16.9069  43.039012  43.066751    16.8572    16.9045    33.4934    33.4781    24.3916    24.3689     9.1746     8.5419    279.884    260.587     2.9158     2.5958     0.0855     1.1118     3.2845     0.0000     0.0672 -117.75074   33.49060      21.25          5  0.000e+00
      17712    737.958     15.069     15.178    16.8709    16.8977  43.047140  43.059992    16.8684    16.8952    33.4911    33.4799    24.3872    24.3724     9.1728     8.5385    279.830    260.484     2.9158     2.5946     0.0855     1.1118     3.2845     0.0000     0.0684 -117.75074   33.49060      21.27          5  0.000e+00
      17713    738.000     14.977     15.084    16.8845    16.8961  43.059435  43.064772    16.8821    16.8937    33.4904    33.4854    24.3836    24.3770     9.1703     8.5384    279.755    260.480     2.9158     2.5946     0.0855     1.1118     3.2833     0.0000     0.0672 -117.75074   33.49060      21.27          5  0.000e+00
      17714    738.042     15.016     15.124    16.9024    16.9026  43.077130  43.076040    16.8999    16.9002    33.4909    33.4897    24.3797    24.3788     9.1671     8.5371    279.658    260.439     2.9158     2.5946     0.0855     1.1118     3.2857     0.0000     0.0684 -117.75074   33.49060      21.27          5  0.000e+00
      17715    738.083     14.977     15.084    16.9182    16.9122  43.088677  43.086353    16.9158    16.9098    33.4877    33.4907    24.3736    24.3773     9.1644     8.5403    279.577    260.537     2.9158     2.5958     0.0855     1.1118     3.2857     0.0000     0.0684 -117.75074   33.49060      21.27          5  0.000e+00
      17716    738.125     14.970     15.078    16.9242    16.9198  43.088402  43.092022    16.9218    16.9174    33.4825    33.4893    24.3682    24.3744     9.1636     8.5390    279.555    260.499     2.9158     2.5958     0.0855     1.1118     3.2833     0.0000     0.0684 -117.75074   33.49060      21.27          5  0.000e+00
      17717    738.167     14.970     15.078    16.9231    16.9267  43.083277  43.097007    16.9207    16.9242    33.4790    33.4879    24.3657    24.3718     9.1640     8.5379    279.567    260.465     2.9158     2.5958     0.0855     1.1118     3.2845     0.0000     0.0684 -117.75074   33.49060      21.29          5  0.000e+00
      17718    738.208     15.023     15.131    16.9208    16.9339  43.077537  43.101037    16.9183    16.9314    33.4759    33.4854    24.3639    24.3681     9.1600     8.5368    279.447    260.433     2.9145     2.5958     0.0855     1.1118     3.2845     0.0000     0.0684 -117.75074   33.49060      21.32          5  0.000e+00
      17719    738.250     14.970     15.078    16.9179    16.9395  43.075829  43.102812    16.9155    16.9371    33.4768    33.4823    24.3653    24.3644     9.1651     8.5359    279.600    260.407     2.9158     2.5958     0.0867     1.1423     3.2833     0.0000     0.0696 -117.75074   33.49060      21.34          5  0.000e+00
      17720    738.292     14.977     15.084    16.9211    16.9413  43.083687  43.102266    16.9187    16.9388    33.4810    33.4804    24.3677    24.3625     9.1643     8.5357    279.575    260.402     2.9158     2.5958     0.0867     1.1423     3.2845     0.0000     0.0696 -117.75074   33.49060      21.34          5  0.000e+00
      17721    738.333     14.970     15.078    16.9278    16.9382  43.087308  43.100353    16.9254    16.9357    33.4786    33.4813    24.3643    24.3640     9.1632     8.5362    279.543    260.416     2.9158     2.5958     0.0867     1.1423     3.2845     0.0000     0.0696 -117.75074   33.49060      21.34          5  0.000e+00
      17722    738.375     14.924     15.031    16.9240    16.9356  43.082457  43.100353    16.9216    16.9332    33.4775    33.4834    24.3644    24.3662     9.1639     8.5365    279.563    260.424     2.9158     2.5958     0.0867     1.1423     3.2845     0.0000     0.0684 -117.75074   33.49060      21.34          5  0.000e+00
      17723    738.417     14.970     15.078    16.9162    16.9344  43.074531  43.101583    16.9138    16.9319    33.4771    33.4855    24.3659    24.3681     9.1653     8.5417    279.608    260.581     2.9158     2.5971     0.0867     1.1423     3.2833     0.0000     0.0684 -117.75074   33.49060      21.34          5  0.000e+00
      17724    738.458     14.977     15.084    16.9044    16.9361  43.067153  43.102540    16.9020    16.9337    33.4805    33.4849    24.3713    24.3672     9.1673     8.5414    279.666    260.573     2.9158     2.5971     0.0867     1.1423     3.2845     0.0000     0.0684 -117.75074   33.49060      21.39          5  0.000e+00
