West Coast/WCOA-7/CTD_Data/RB2102_CTD_066_01.ros
* Sea-Bird SBE 9 Data File:
* FileName = C:\Users\scs.user.rb\CTD\RB2102\Data\RB2102_CTD_066_01.hex
* Software Version Seasave V 7.26.7.107
* Temperature SN = 6202
* Conductivity SN = 4907
* Number of Bytes Per Scan = 41
* Number of Voltage Words = 4
* Number of Scans Averaged by the Deck Unit = 1
* NMEA Latitude = 41 59.58 N
* NMEA Longitude = 124 19.60 W
* NMEA UTC (Time) = Jul 07 2021  00:30:38
* NMEA baud rate = 4800
# nquan = 30
# nvalues = 441                                   
# units = specified
# name 0 = scan: Scan Count
# name 1 = timeS: Time, Elapsed [seconds]
# name 2 = depSM: Depth [salt water, m]
# name 3 = prDM: Pressure, Digiquartz [db]
# name 4 = t090C: Temperature [ITS-90, deg C]
# name 5 = t190C: Temperature, 2 [ITS-90, deg C]
# name 6 = c0mS/cm: Conductivity [mS/cm]
# name 7 = c1mS/cm: Conductivity, 2 [mS/cm]
# name 8 = potemp090C: Potential Temperature [ITS-90, deg C]
# name 9 = potemp190C: Potential Temperature, 2 [ITS-90, deg C]
# name 10 = sal00: Salinity, Practical [PSU]
# name 11 = sal11: Salinity, Practical, 2 [PSU]
# name 12 = sigma-é00: Density [sigma-theta, kg/m^3]
# name 13 = sigma-é11: Density, 2 [sigma-theta, kg/m^3]
# name 14 = sbeox0Mg/L: Oxygen, SBE 43 [mg/l]
# name 15 = sbeox1Mg/L: Oxygen, SBE 43, 2 [mg/l]
# name 16 = sbox0Mm/Kg: Oxygen, SBE 43 [umol/kg]
# name 17 = sbox1Mm/Kg: Oxygen, SBE 43, 2 [umol/kg]
# name 18 = sbeox0V: Oxygen raw, SBE 43 [V]
# name 19 = sbeox1V: Oxygen raw, SBE 43, 2 [V]
# name 20 = v4: Voltage 4
# name 21 = flECO-AFL: Fluorescence, WET Labs ECO-AFL/FL [mg/m^3]
# name 22 = v3: Voltage 3
# name 23 = v6: Voltage 6
# name 24 = v7: Voltage 7
# name 25 = longitude: Longitude [deg]
# name 26 = latitude: Latitude [deg]
# name 27 = altM: Altimeter [m]
# name 28 = nbf: Bottles Fired
# name 29 = flag:  0.000e+00
# interval = seconds: 0.0416667
# start_time = Jul 07 2021 00:30:38 [NMEA time, header]
# bad_flag = -9.990e-29
*END*
[from data line 49]
      15278    636.542     36.369     36.660     9.4445     9.4427  36.382341  36.381363     9.4405     9.4387    33.7585    33.7592    26.0753    26.0761     4.2983     4.4539    130.911    135.649     1.4579     1.4274     0.0952     1.3560     3.2576     0.0611     0.0501 -124.32696   41.99278       5.32          2  0.000e+00
      15279    636.583     36.416     36.707     9.4444     9.4427  36.382277  36.381108     9.4404     9.4387    33.7586    33.7590    26.0754    26.0759     4.2984     4.4539    130.913    135.650     1.4579     1.4274     0.0952     1.3560     3.2576     0.0598     0.0501 -124.32696   41.99278       5.32          2  0.000e+00
      15280    636.625     36.369     36.660     9.4442     9.4429  36.382086  36.380533     9.4402     9.4389    33.7586    33.7582    26.0754    26.0753     4.2984     4.4539    130.912    135.650     1.4579     1.4274     0.0952     1.3560     3.2576     0.0598     0.0501 -124.32696   41.99278       5.32          2  0.000e+00
      15281    636.667     36.416     36.707     9.4441     9.4428  36.382213  36.380597     9.4400     9.4388    33.7588    33.7583    26.0756    26.0754     4.3038     4.4539    131.078    135.651     1.4591     1.4274     0.0952     1.3560     3.2576     0.0598     0.0501 -124.32696   41.99278       5.32          2  0.000e+00
      15282    636.708     36.422     36.714     9.4439     9.4429  36.382022  36.380470     9.4399     9.4389    33.7588    33.7581    26.0756    26.0752     4.2984     4.4539    130.914    135.651     1.4579     1.4274     0.0952     1.3560     3.2576     0.0598     0.0488 -124.32696   41.99278       5.32          2  0.000e+00
      15283    636.750     36.316     36.607     9.4439     9.4424  36.381702  36.380597     9.4399     9.4384    33.7585    33.7588    26.0754    26.0759     4.3038     4.4539    131.077    135.650     1.4591     1.4274     0.0952     1.3560     3.2576     0.0598     0.0488 -124.32696   41.99278       5.30          2  0.000e+00
      15284    636.792     36.416     36.707     9.4437     9.4423  36.381830  36.380470     9.4397     9.4383    33.7588    33.7587    26.0756    26.0758     4.3038     4.4540    131.079    135.652     1.4591     1.4274     0.0952     1.3560     3.2564     0.0598     0.0488 -124.32696   41.99278       5.30          2  0.000e+00
      15285    636.833     36.416     36.707     9.4435     9.4422  36.381958  36.380597     9.4395     9.4382    33.7590    33.7589    26.0759    26.0760     4.3039     4.4540    131.079    135.652     1.4591     1.4274     0.0952     1.3560     3.2564     0.0598     0.0488 -124.32696   41.99278       5.30          2  0.000e+00
      15286    636.875     36.416     36.707     9.4434     9.4423  36.381958  36.380470     9.4394     9.4383    33.7592    33.7587    26.0760    26.0758     4.3039     4.4540    131.080    135.652     1.4591     1.4274     0.0952     1.3560     3.2576     0.0598     0.0488 -124.32696   41.99278       5.30          2  0.000e+00
      15287    636.917     36.416     36.707     9.4435     9.4420  36.381958  36.380406     9.4395     9.4380    33.7590    33.7589    26.0759    26.0760     4.3039     4.4540    131.079    135.653     1.4591     1.4274     0.0952     1.3560     3.2576     0.0598     0.0501 -124.32696   41.99278       5.30          2  0.000e+00
      15288    636.958     36.369     36.660     9.4437     9.4423  36.381958  36.380406     9.4397     9.4383    33.7589    33.7587    26.0757    26.0758     4.3038     4.4540    131.078    135.651     1.4591     1.4274     0.0952     1.3560     3.2576     0.0598     0.0501 -124.32696   41.99278       5.30          2  0.000e+00
      15289    637.000     36.462     36.754     9.4441     9.4422  36.381958  36.380406     9.4400     9.4382    33.7585    33.7587    26.0754    26.0758     4.3038     4.4540    131.079    135.653     1.4591     1.4274     0.0952     1.3560     3.2564     0.0598     0.0488 -124.32696   41.99278       5.27          2  0.000e+00
      15290    637.042     36.376     36.667     9.4437     9.4421  36.381958  36.380406     9.4397     9.4381    33.7589    33.7588    26.0757    26.0759     4.3092     4.4540    131.243    135.652     1.4603     1.4274     0.0952     1.3560     3.2576     0.0598     0.0488 -124.32696   41.99278       5.27          2  0.000e+00
      15291    637.083     36.416     36.707     9.4437     9.4422  36.382150  36.380406     9.4397     9.4382    33.7591    33.7587    26.0759    26.0758     4.3092     4.4540    131.243    135.652     1.4603     1.4274     0.0952     1.3560     3.2576     0.0598     0.0488 -124.32696   41.99278       5.27          2  0.000e+00
      15292    637.125     36.462     36.754     9.4441     9.4421  36.382277  36.380406     9.4400     9.4381    33.7589    33.7588    26.0756    26.0759     4.3092     4.4540    131.243    135.653     1.4603     1.4274     0.0952     1.3560     3.2564     0.0598     0.0488 -124.32696   41.99278       5.27          2  0.000e+00
      15293    637.167     36.369     36.660     9.4441     9.4420  36.382469  36.380852     9.4401     9.4380    33.7591    33.7593    26.0758    26.0763     4.3038     4.4540    131.077    135.651     1.4591     1.4274     0.0952     1.3560     3.2564     0.0598     0.0488 -124.32696   41.99278       5.27          2  0.000e+00
      15294    637.208     36.462     36.754     9.4441     9.4419  36.382597  36.381044     9.4400     9.4379    33.7592    33.7596    26.0759    26.0765     4.3092     4.4540    131.243    135.653     1.4603     1.4274     0.1197     1.9665     3.2564     0.0598     0.0488 -124.32696   41.99278       5.27          2  0.000e+00
      15295    637.250     36.416     36.707     9.4442     9.4423  36.382788  36.381044     9.4402     9.4383    33.7593    33.7593    26.0759    26.0763     4.3092     4.4540    131.242    135.652     1.4603     1.4274     0.1380     2.4243     3.2576     0.0611     0.0488 -124.32696   41.99278       5.25          2  0.000e+00
      15296    637.292     36.416     36.707     9.4442     9.4425  36.382660  36.381044     9.4402     9.4385    33.7592    33.7591    26.0758    26.0761     4.3092     4.4540    131.242    135.651     1.4603     1.4274     0.1416     2.5159     3.2564     0.0598     0.0501 -124.32696   41.99278       5.23          2  0.000e+00
      15297    637.333     36.416     36.707     9.4441     9.4427  36.382597  36.381491     9.4400     9.4387    33.7592    33.7593    26.0759    26.0762     4.3092     4.4539    131.242    135.650     1.4603     1.4274     0.1404     2.4854     3.2576     0.0598     0.0501 -124.32696   41.99278       5.23          2  0.000e+00
      15298    637.375     36.475     36.767     9.4441     9.4430  36.382341  36.381172     9.4400     9.4390    33.7589    33.7587    26.0757    26.0757     4.3038     4.4540    131.079    135.651     1.4591     1.4274     0.1392     2.4549     3.2564     0.0598     0.0501 -124.32696   41.99278       5.23          2  0.000e+00
      15299    637.417     36.416     36.707     9.4441     9.4432  36.382469  36.381235     9.4400     9.4392    33.7591    33.7586    26.0758    26.0755     4.3038     4.4539    131.078    135.649     1.4591     1.4274     0.1404     2.4854     3.2564     0.0611     0.0488 -124.32696   41.99278       5.23          2  0.000e+00
      15300    637.458     36.416     36.707     9.4442     9.4430  36.382597  36.381363     9.4402     9.4390    33.7591    33.7589    26.0758    26.0759     4.3092     4.4539    131.242    135.649     1.4603     1.4274     0.1392     2.4549     3.2576     0.0598     0.0501 -124.32696   41.99278       5.23          2  0.000e+00
      15301    637.500     36.416     36.707     9.4444     9.4429  36.382597  36.381363     9.4404     9.4389    33.7589    33.7590    26.0756    26.0759     4.3092     4.4539    131.241    135.650     1.4603     1.4274     0.1392     2.4549     3.2576     0.0598     0.0488 -124.32696   41.99278       5.23          2  0.000e+00
      15302    637.542     36.462     36.754     9.4447     9.4428  36.382788  36.381554     9.4407     9.4388    33.7588    33.7593    26.0755    26.0762     4.3038     4.4539    131.077    135.651     1.4591     1.4274     0.1392     2.4549     3.2576     0.0611     0.0501 -124.32696   41.99278       5.23          2  0.000e+00
      15303    637.583     36.462     36.754     9.4445     9.4427  36.382916  36.381172     9.4405     9.4387    33.7591    33.7590    26.0757    26.0759     4.3038     4.4540    131.077    135.651     1.4591     1.4274     0.1392     2.4549     3.2576     0.0611     0.0501 -124.32696   41.99278       5.23          2  0.000e+00
      15304    637.625     36.416     36.707     9.4447     9.4430  36.383107  36.381490     9.4407     9.4390    33.7591    33.7591    26.0757    26.0760     4.3037     4.4539    131.076    135.649     1.4591     1.4274     0.1392     2.4549     3.2576     0.0611     0.0501 -124.32696   41.99278       5.23          2  0.000e+00
      15305    637.667     36.416     36.707     9.4445     9.4429  36.383235  36.381171     9.4405     9.4389    33.7594    33.7588    26.0760    26.0758     4.3037     4.4539    131.076    135.650     1.4591     1.4274     0.1392     2.4549     3.2576     0.0611     0.0501 -124.32696   41.99278       5.23          2  0.000e+00
      15306    637.708     36.475     36.767     9.4448     9.4427  36.382980  36.381491     9.4408     9.4387    33.7588    33.7593    26.0755    26.0762     4.3038     4.4540    131.077    135.651     1.4591     1.4274     0.1392     2.4549     3.2576     0.0611     0.0501 -124.32696   41.99278       5.23          2  0.000e+00
      15307    637.750     36.416     36.707     9.4445     9.4429  36.383107  36.381873     9.4405     9.4389    33.7593    33.7595    26.0759    26.0764     4.3037     4.4539    131.076    135.649     1.4591     1.4274     0.1392     2.4549     3.2564     0.0611     0.0501 -124.32696   41.99278       5.20          2  0.000e+00
      15308    637.792     36.462     36.754     9.4448     9.4433  36.383235  36.382192     9.4408     9.4393    33.7591    33.7594    26.0757    26.0762     4.2983     4.4539    130.911    135.649     1.4579     1.4274     0.1392     2.4549     3.2576     0.0611     0.0501 -124.32696   41.99278       5.20          2  0.000e+00
      15309    637.833     36.462     36.754     9.4448     9.4434  36.382724  36.382065     9.4408     9.4394    33.7586    33.7593    26.0753    26.0761     4.2984     4.4539    130.912    135.649     1.4579     1.4274     0.1392     2.4549     3.2564     0.0611     0.0501 -124.32696   41.99278       5.20          2  0.000e+00
      15310    637.875     36.462     36.754     9.4445     9.4435  36.382788  36.382767     9.4405     9.4395    33.7590    33.7599    26.0756    26.0766     4.2984     4.4539    130.913    135.648     1.4579     1.4274     0.1404     2.4854     3.2564     0.0611     0.0501 -124.32696   41.99278       5.18          2  0.000e+00
      15311    637.917     36.416     36.707     9.4447     9.4437  36.382405  36.382958     9.4407     9.4397    33.7584    33.7599    26.0752    26.0765     4.2984     4.4538    130.912    135.646     1.4579     1.4274     0.1392     2.4549     3.2576     0.0611     0.0501 -124.32696   41.99278       5.20          2  0.000e+00
      15312    637.958     36.462     36.754     9.4445     9.4439  36.382277  36.382767     9.4405     9.4399    33.7584    33.7595    26.0752    26.0762     4.2984     4.4538    130.913    135.647     1.4579     1.4274     0.1392     2.4549     3.2576     0.0611     0.0501 -124.32696   41.99278       5.20          2  0.000e+00
      15313    638.000     36.462     36.754     9.4444     9.4440  36.382022  36.383086     9.4404     9.4400    33.7583    33.7598    26.0751    26.0763     4.2984     4.4538    130.914    135.646     1.4579     1.4274     0.1392     2.4549     3.2564     0.0611     0.0501 -124.32696   41.99278       5.18          2  0.000e+00
      15314    638.042     36.462     36.754     9.4437     9.4444  36.380490  36.382830     9.4397     9.4404    33.7574    33.7591    26.0745    26.0758     4.2985     4.4538    130.917    135.646     1.4579     1.4274     0.1404     2.4854     3.2564     0.0611     0.0501 -124.32696   41.99278       5.18          2  0.000e+00
      15315    638.083     36.422     36.714     9.4434     9.4441  36.381000  36.382894     9.4394     9.4401    33.7582    33.7594    26.0752    26.0761     4.2985     4.4538    130.916    135.645     1.4579     1.4274     0.1392     2.4549     3.2576     0.0611     0.0501 -124.32696   41.99278       5.18          2  0.000e+00
      15316    638.125     36.462     36.754     9.4432     9.4444  36.381320  36.383405     9.4392     9.4404    33.7587    33.7597    26.0756    26.0763     4.2985     4.4538    130.917    135.645     1.4579     1.4274     0.1392     2.4549     3.2576     0.0611     0.0501 -124.32696   41.99278       5.15          2  0.000e+00
      15317    638.167     36.462     36.754     9.4430     9.4448  36.380809  36.383596     9.4390     9.4408    33.7583    33.7595    26.0754    26.0760     4.2985     4.4537    130.918    135.644     1.4579     1.4274     0.1392     2.4549     3.2564     0.0611     0.0501 -124.32696   41.99278       5.18          2  0.000e+00
      15318    638.208     36.462     36.754     9.4434     9.4446  36.380681  36.384043     9.4394     9.4405    33.7579    33.7602    26.0750    26.0766     4.2931     4.4537    130.752    135.644     1.4567     1.4274     0.1392     2.4549     3.2576     0.0611     0.0501 -124.32696   41.99278       5.18          2  0.000e+00
      15319    638.250     36.462     36.754     9.4435     9.4443  36.380426  36.383788     9.4395     9.4403    33.7574    33.7602    26.0746    26.0766     4.2931     4.4538    130.752    135.645     1.4567     1.4274     0.1392     2.4549     3.2576     0.0611     0.0501 -124.32696   41.99278       5.18          2  0.000e+00
      15320    638.292     36.462     36.754     9.4439     9.4444  36.380362  36.383596     9.4399     9.4404    33.7571    33.7599    26.0743    26.0764     4.2931     4.4538    130.752    135.645     1.4567     1.4274     0.1319     2.2717     3.2576     0.0611     0.0501 -124.32696   41.99278       5.18          2  0.000e+00
      15321    638.333     36.462     36.754     9.4434     9.4448  36.380107  36.384107     9.4394     9.4408    33.7573    33.7600    26.0745    26.0764     4.2931     4.4537    130.753    135.643     1.4567     1.4274     0.1233     2.0580     3.2576     0.0611     0.0501 -124.32696   41.99278       5.18          2  0.000e+00
      15322    638.375     36.416     36.707     9.4429     9.4447  36.379787  36.384745     9.4389     9.4407    33.7574    33.7608    26.0747    26.0771     4.2932     4.4537    130.754    135.642     1.4567     1.4274     0.1221     2.0275     3.2564     0.0623     0.0513 -124.32696   41.99278       5.15          2  0.000e+00
      15323    638.417     36.475     36.767     9.4427     9.4452  36.379915  36.384936     9.4387     9.4412    33.7577    33.7606    26.0749    26.0768     4.2932     4.4537    130.755    135.642     1.4567     1.4274     0.1221     2.0275     3.2576     0.0635     0.0525 -124.32696   41.99278       5.18          2  0.000e+00
      15324    638.458     36.462     36.754     9.4426     9.4452  36.379468  36.385128     9.4386     9.4412    33.7574    33.7607    26.0747    26.0769     4.2878     4.4536    130.591    135.641     1.4554     1.4274     0.1221     2.0275     3.2576     0.0635     0.0525 -124.32696   41.99278       5.18          2  0.000e+00
