West Coast/WCOA-7/CTD_Data/RB2102_CTD_039_01.ros
* Sea-Bird SBE 9 Data File:
* FileName = C:\Users\scs.user.rb\CTD\RB2102\Data\RB2102_CTD_039_01.hex
* Software Version Seasave V 7.26.7.107
* Temperature SN = 6202
* Conductivity SN = 4907
* Number of Bytes Per Scan = 41
* Number of Voltage Words = 4
* Number of Scans Averaged by the Deck Unit = 1
* NMEA Latitude = 47 06.93 N
* NMEA Longitude = 124 58.86 W
* NMEA UTC (Time) = Jul 02 2021  13:07:40
* NMEA baud rate = 4800
# nquan = 30
# nvalues = 1029                                  
# units = specified
# name 0 = scan: Scan Count
# name 1 = timeS: Time, Elapsed [seconds]
# name 2 = depSM: Depth [salt water, m]
# name 3 = prDM: Pressure, Digiquartz [db]
# name 4 = t090C: Temperature [ITS-90, deg C]
# name 5 = t190C: Temperature, 2 [ITS-90, deg C]
# name 6 = c0mS/cm: Conductivity [mS/cm]
# name 7 = c1mS/cm: Conductivity, 2 [mS/cm]
# name 8 = potemp090C: Potential Temperature [ITS-90, deg C]
# name 9 = potemp190C: Potential Temperature, 2 [ITS-90, deg C]
# name 10 = sal00: Salinity, Practical [PSU]
# name 11 = sal11: Salinity, Practical, 2 [PSU]
# name 12 = sigma-é00: Density [sigma-theta, kg/m^3]
# name 13 = sigma-é11: Density, 2 [sigma-theta, kg/m^3]
# name 14 = sbeox0Mg/L: Oxygen, SBE 43 [mg/l]
# name 15 = sbeox1Mg/L: Oxygen, SBE 43, 2 [mg/l]
# name 16 = sbox0Mm/Kg: Oxygen, SBE 43 [umol/kg]
# name 17 = sbox1Mm/Kg: Oxygen, SBE 43, 2 [umol/kg]
# name 18 = sbeox0V: Oxygen raw, SBE 43 [V]
# name 19 = sbeox1V: Oxygen raw, SBE 43, 2 [V]
# name 20 = v4: Voltage 4
# name 21 = flECO-AFL: Fluorescence, WET Labs ECO-AFL/FL [mg/m^3]
# name 22 = v3: Voltage 3
# name 23 = v6: Voltage 6
# name 24 = v7: Voltage 7
# name 25 = longitude: Longitude [deg]
# name 26 = latitude: Latitude [deg]
# name 27 = altM: Altimeter [m]
# name 28 = nbf: Bottles Fired
# name 29 = flag:  0.000e+00
# interval = seconds: 0.0416667
# start_time = Jul 02 2021 13:07:40 [NMEA time, header]
# bad_flag = -9.990e-29
*END*
[from data line 629]
      70135   2922.250     51.435     51.873     7.7004     7.6983  34.050945  34.051571     7.6955     7.6934    32.9443    32.9469    25.7034    25.7058     6.0999     6.3102    185.848    192.256     1.7998     1.7485     0.0427     0.0434     3.2784     1.3944     0.0000 -124.98232   47.11500      99.37         13  0.000e+00
      70136   2922.292     51.481     51.919     7.7002     7.6984  34.050945  34.051509     7.6953     7.6935    32.9445    32.9468    25.7036    25.7057     6.1000     6.3103    185.850    192.257     1.7998     1.7485     0.0427     0.0434     3.2784     1.3944     0.0000 -124.98232   47.11500      99.37         13  0.000e+00
      70137   2922.333     51.462     51.899     7.6998     7.6986  34.051131  34.051509     7.6948     7.6937    32.9451    32.9466    25.7042    25.7055     6.1000     6.3102    185.850    192.256     1.7998     1.7485     0.0427     0.0434     3.2784     1.3944     0.0000 -124.98232   47.11500      99.37         13  0.000e+00
      70138   2922.375     51.482     51.920     7.6994     7.6986  34.051256  34.051509     7.6945     7.6937    32.9455    32.9466    25.7046    25.7055     6.1000     6.3103    185.852    192.256     1.7998     1.7485     0.0427     0.0434     3.2772     1.3944     0.0000 -124.98232   47.11500      99.37         13  0.000e+00
      70139   2922.417     51.482     51.920     7.6993     7.6986  34.051443  34.051322     7.6944     7.6937    32.9459    32.9464    25.7048    25.7053     6.1000     6.3103    185.852    192.256     1.7998     1.7485     0.0427     0.0434     3.2784     1.3944     0.0000 -124.98232   47.11500      99.37         13  0.000e+00
      70140   2922.458     51.482     51.920     7.6993     7.6988  34.051194  34.051882     7.6944     7.6939    32.9456    32.9468    25.7046    25.7057     6.1001     6.3102    185.852    192.255     1.7998     1.7485     0.0415     0.0129     3.2784     1.3944     0.0000 -124.98232   47.11500      99.37         13  0.000e+00
      70141   2922.500     51.462     51.900     7.6996     7.6980  34.051691  34.051384     7.6947     7.6930    32.9458    32.9471    25.7048    25.7060     6.1000     6.3103    185.850    192.258     1.7998     1.7485     0.0427     0.0434     3.2772     1.3932     0.0000 -124.98232   47.11500      99.37         13  0.000e+00
      70142   2922.542     51.482     51.920     7.6994     7.6981  34.051629  34.051695     7.6945     7.6932    32.9459    32.9472    25.7049    25.7061     6.1057     6.3103    186.024    192.258     1.8010     1.7485     0.0415     0.0129     3.2784     1.3932     0.0000 -124.98232   47.11500      99.37         13  0.000e+00
      73438   3059.875     40.531     40.874     7.9550     7.9685  34.100544  34.109405     7.9511     7.9645    32.7628    32.7597    25.5243    25.5198     5.6329     5.8240    171.649    177.475     1.7070     1.6606     0.0452     0.1044     3.2784     1.4286     0.0000 -124.98226   47.11504      99.41         14  0.000e+00
      73439   3059.917     40.531     40.874     7.9548     7.9685  34.100544  34.109219     7.9509     7.9645    32.7630    32.7595    25.5244    25.5197     5.6329     5.8240    171.650    177.475     1.7070     1.6606     0.0452     0.1044     3.2759     1.4286     0.0000 -124.98226   47.11504      99.41         14  0.000e+00
      73440   3059.958     40.431     40.774     7.9544     7.9685  34.100295  34.109094     7.9504     7.9645    32.7632    32.7594    25.5247    25.5196     5.6329     5.8178    171.649    177.285     1.7070     1.6593     0.0452     0.1044     3.2784     1.4286     0.0000 -124.98226   47.11504      99.41         14  0.000e+00
      73441   3060.000     40.445     40.788     7.9536     7.9683  34.099797  34.108659     7.9496     7.9644    32.7634    32.7590    25.5249    25.5194     5.6330     5.8240    171.652    177.474     1.7070     1.6606     0.0452     0.1044     3.2772     1.4286     0.0000 -124.98226   47.11504      99.41         14  0.000e+00
      73442   3060.042     40.531     40.874     7.9534     7.9681  34.099673  34.108534     7.9494     7.9642    32.7634    32.7590    25.5250    25.5194     5.6274     5.8180    171.483    177.290     1.7057     1.6593     0.0440     0.0739     3.2784     1.4286     0.0000 -124.98226   47.11504      99.41         14  0.000e+00
      73443   3060.083     40.478     40.821     7.9529     7.9680  34.099423  34.108223     7.9490     7.9640    32.7636    32.7589    25.5252    25.5193     5.6275     5.8179    171.484    177.289     1.7057     1.6593     0.0440     0.0739     3.2784     1.4286     0.0000 -124.98226   47.11504      99.41         14  0.000e+00
      73444   3060.125     40.385     40.728     7.9527     7.9675  34.099361  34.108410     7.9488     7.9635    32.7638    32.7596    25.5253    25.5199     5.6274     5.8241    171.482    177.476     1.7057     1.6606     0.0452     0.1044     3.2772     1.4286     0.0000 -124.98226   47.11504      99.41         14  0.000e+00
      73445   3060.167     40.431     40.774     7.9532     7.9672  34.099548  34.107788     7.9493     7.9632    32.7635    32.7592    25.5250    25.5197     5.6274     5.8242    171.481    177.479     1.7057     1.6606     0.0452     0.1044     3.2772     1.4286     0.0000 -124.98226   47.11504      99.41         14  0.000e+00
      73446   3060.208     40.431     40.774     7.9537     7.9667  34.099859  34.106855     7.9498     7.9628    32.7634    32.7586    25.5249    25.5193     5.6273     5.8181    171.480    177.294     1.7057     1.6593     0.0452     0.1044     3.2784     1.4286     0.0000 -124.98226   47.11504      99.41         14  0.000e+00
      73447   3060.250     40.385     40.728     7.9540     7.9660  34.099734  34.107041     7.9501     7.9621    32.7629    32.7595    25.5245    25.5201     5.6273     5.8243    171.478    177.482     1.7057     1.6606     0.0452     0.1044     3.2772     1.4286     0.0000 -124.98226   47.11504      99.41         14  0.000e+00
      73448   3060.292     40.332     40.674     7.9544     7.9659  34.100045  34.106294     7.9504     7.9620    32.7630    32.7589    25.5245    25.5196     5.6272     5.8181    171.475    177.295     1.7057     1.6593     0.0452     0.1044     3.2772     1.4286     0.0000 -124.98226   47.11504      99.41         14  0.000e+00
      73449   3060.333     40.385     40.728     7.9547     7.9655  34.099983  34.106232     7.9508     7.9616    32.7626    32.7591    25.5241    25.5198     5.6272     5.8182    171.476    177.297     1.7057     1.6593     0.0452     0.1044     3.2784     1.4286     0.0000 -124.98226   47.11504      99.41         14  0.000e+00
      73450   3060.375     40.332     40.674     7.9548     7.9651  34.099921  34.106357     7.9509     7.9611    32.7624    32.7597    25.5240    25.5203     5.6215     5.8182    171.302    177.298     1.7045     1.6593     0.0452     0.1044     3.2784     1.4286     0.0000 -124.98226   47.11504      99.41         14  0.000e+00
      73451   3060.417     40.332     40.674     7.9550     7.9645  34.099921  34.106108     7.9511     7.9606    32.7622    32.7599    25.5238    25.5206     5.6271     5.8183    171.474    177.300     1.7057     1.6593     0.0452     0.1044     3.2784     1.4286     0.0000 -124.98226   47.11504      99.41         14  0.000e+00
      73452   3060.458     40.332     40.674     7.9553     7.9641  34.099734  34.106046     7.9514     7.9602    32.7618    32.7602    25.5234    25.5209     5.6215     5.8183    171.301    177.301     1.7045     1.6593     0.0452     0.1044     3.2784     1.4286     0.0000 -124.98226   47.11504      99.41         14  0.000e+00
      73453   3060.500     40.286     40.628     7.9550     7.9641  34.099858  34.105859     7.9511     7.9601    32.7622    32.7601    25.5238    25.5208     5.6215     5.8183    171.301    177.300     1.7045     1.6593     0.0452     0.1044     3.2772     1.4286     0.0000 -124.98226   47.11504      99.41         14  0.000e+00
      73454   3060.542     40.332     40.674     7.9547     7.9636  34.099734  34.105735     7.9508     7.9597    32.7623    32.7604    25.5239    25.5211     5.6215     5.8184    171.303    177.303     1.7045     1.6593     0.0452     0.1044     3.2772     1.4286     0.0000 -124.98226   47.11504      99.41         14  0.000e+00
      73455   3060.583     40.233     40.574     7.9542     7.9638  34.099423  34.105548     7.9503     7.9599    32.7625    32.7601    25.5242    25.5208     5.6215     5.8183    171.303    177.300     1.7045     1.6593     0.0452     0.1044     3.2772     1.4286     0.0000 -124.98226   47.11504      99.41         14  0.000e+00
      73456   3060.625     40.286     40.628     7.9542     7.9636  34.099547  34.105859     7.9503     7.9597    32.7627    32.7606    25.5243    25.5212     5.6216     5.8184    171.304    177.302     1.7045     1.6593     0.0452     0.1044     3.2772     1.4274     0.0000 -124.98226   47.11504      99.41         14  0.000e+00
      73457   3060.667     40.286     40.628     7.9540     7.9636  34.099423  34.105610     7.9501     7.9597    32.7627    32.7602    25.5243    25.5210     5.6216     5.8122    171.304    177.115     1.7045     1.6581     0.0452     0.1044     3.2772     1.4286     0.0000 -124.98226   47.11504      99.41         14  0.000e+00
      73458   3060.708     40.233     40.574     7.9539     7.9636  34.099360  34.105859     7.9500     7.9597    32.7627    32.7606    25.5244    25.5213     5.6216     5.8183    171.304    177.301     1.7045     1.6593     0.0452     0.1044     3.2759     1.4286     0.0000 -124.98226   47.11504      99.41         14  0.000e+00
      73459   3060.750     40.233     40.574     7.9539     7.9636  34.099111  34.105361     7.9500     7.9597    32.7625    32.7600    25.5242    25.5208     5.6216     5.8184    171.304    177.301     1.7045     1.6593     0.0452     0.1044     3.2784     1.4286     0.0000 -124.98226   47.11504      99.41         14  0.000e+00
      73460   3060.792     40.233     40.574     7.9539     7.9637  34.098800  34.105610     7.9500     7.9598    32.7621    32.7602    25.5239    25.5209     5.6216     5.8183    171.304    177.301     1.7045     1.6593     0.0452     0.1044     3.2784     1.4286     0.0000 -124.98226   47.11504      99.41         14  0.000e+00
      73461   3060.833     40.233     40.574     7.9535     7.9639  34.099174  34.105734     7.9496     7.9600    32.7629    32.7602    25.5245    25.5209     5.6216     5.8183    171.305    177.300     1.7045     1.6593     0.0452     0.1044     3.2784     1.4286     0.0000 -124.98226   47.11504      99.41         14  0.000e+00
      73462   3060.875     40.187     40.527     7.9536     7.9641  34.099111  34.105734     7.9496     7.9602    32.7628    32.7600    25.5245    25.5207     5.6216     5.8121    171.304    177.111     1.7045     1.6581     0.0452     0.1044     3.2784     1.4286     0.0000 -124.98226   47.11504      99.41         14  0.000e+00
      73463   3060.917     40.187     40.528     7.9536     7.9644  34.099485  34.105734     7.9496     7.9605    32.7632    32.7597    25.5248    25.5205     5.6215     5.8182    171.303    177.297     1.7045     1.6593     0.0452     0.1044     3.2772     1.4286     0.0000 -124.98226   47.11504      99.41         14  0.000e+00
      73464   3060.958     40.233     40.574     7.9534     7.9644  34.099423  34.105734     7.9495     7.9605    32.7633    32.7596    25.5249    25.5204     5.6216     5.8182    171.305    177.298     1.7045     1.6593     0.0452     0.1044     3.2772     1.4286     0.0000 -124.98226   47.11504      99.41         14  0.000e+00
      73465   3061.000     40.140     40.481     7.9532     7.9644  34.098862  34.105983     7.9493     7.9605    32.7629    32.7600    25.5246    25.5207     5.6216     5.8182    171.304    177.296     1.7045     1.6593     0.0452     0.1044     3.2772     1.4286     0.0000 -124.98226   47.11504      99.41         14  0.000e+00
      73466   3061.042     40.233     40.574     7.9529     7.9646  34.098925  34.105361     7.9490     7.9607    32.7632    32.7591    25.5249    25.5200     5.6217     5.8121    171.307    177.111     1.7045     1.6581     0.0452     0.1044     3.2772     1.4286     0.0000 -124.98226   47.11504      99.41         14  0.000e+00
      73467   3061.083     40.140     40.481     7.9522     7.9644  34.099049  34.105361     7.9483     7.9605    32.7640    32.7593    25.5256    25.5202     5.6217     5.8120    171.307    177.109     1.7045     1.6581     0.0440     0.0739     3.2784     1.4286     0.0000 -124.98226   47.11504      99.41         14  0.000e+00
      73468   3061.125     40.187     40.528     7.9516     7.9648  34.098551  34.105672     7.9477     7.9609    32.7640    32.7593    25.5257    25.5201     5.6218     5.8182    171.310    177.296     1.7045     1.6593     0.0452     0.1044     3.2772     1.4286     0.0000 -124.98226   47.11504      99.41         14  0.000e+00
      73469   3061.167     40.140     40.481     7.9511     7.9647  34.098427  34.105734     7.9472     7.9608    32.7644    32.7595    25.5261    25.5202     5.6218     5.8120    171.311    177.108     1.7045     1.6581     0.0452     0.1044     3.2784     1.4274     0.0000 -124.98226   47.11504      99.41         14  0.000e+00
      73470   3061.208     40.200     40.541     7.9508     7.9647  34.098240  34.105983     7.9469     7.9608    32.7644    32.7597    25.5261    25.5204     5.6219     5.8120    171.313    177.109     1.7045     1.6581     0.0452     0.1044     3.2772     1.4286     0.0000 -124.98226   47.11504      99.41         14  0.000e+00
      73471   3061.250     40.140     40.481     7.9506     7.9649  34.098115  34.105858     7.9467     7.9610    32.7645    32.7594    25.5263    25.5201     5.6219     5.8120    171.313    177.107     1.7045     1.6581     0.0452     0.1044     3.2772     1.4286     0.0000 -124.98226   47.11504      99.41         14  0.000e+00
      73472   3061.292     40.140     40.481     7.9505     7.9649  34.098115  34.105734     7.9466     7.9610    32.7646    32.7593    25.5263    25.5201     5.6162     5.8120    171.141    177.107     1.7033     1.6581     0.0452     0.1044     3.2772     1.4286     0.0000 -124.98226   47.11504      99.41         14  0.000e+00
      73473   3061.333     40.140     40.481     7.9508     7.9653  34.098302  34.105547     7.9469     7.9614    32.7645    32.7587    25.5262    25.5196     5.6218     5.8119    171.312    177.106     1.7045     1.6581     0.0452     0.1044     3.2772     1.4286     0.0000 -124.98226   47.11504      99.41         14  0.000e+00
      73474   3061.375     40.141     40.481     7.9508     7.9650  34.098613  34.105858     7.9469     7.9611    32.7649    32.7593    25.5265    25.5200     5.6218     5.8120    171.312    177.107     1.7045     1.6581     0.0452     0.1044     3.2772     1.4286     0.0000 -124.98226   47.11504      99.41         14  0.000e+00
      73475   3061.417     40.141     40.481     7.9510     7.9651  34.098489  34.105361     7.9471     7.9612    32.7646    32.7587    25.5262    25.5196     5.6218     5.8120    171.311    177.107     1.7045     1.6581     0.0440     0.0739     3.2772     1.4286     0.0000 -124.98226   47.11504      99.41         14  0.000e+00
      73476   3061.458     40.141     40.481     7.9511     7.9652  34.098178  34.105796     7.9472     7.9613    32.7641    32.7590    25.5259    25.5198     5.6162     5.8119    171.139    177.106     1.7033     1.6581     0.0452     0.1044     3.2772     1.4286     0.0000 -124.98226   47.11504      99.41         14  0.000e+00
