West Coast/WCOA-7/CTD_Data/RB2102_CTD_074_01.ros
* Sea-Bird SBE 9 Data File:
* FileName = C:\Users\scs.user.rb\CTD\RB2102\Data\RB2102_CTD_074_01.hex
* Software Version Seasave V 7.26.7.107
* Temperature SN = 6202
* Conductivity SN = 4907
* Number of Bytes Per Scan = 41
* Number of Voltage Words = 4
* Number of Scans Averaged by the Deck Unit = 1
* NMEA Latitude = 40 13.16 N
* NMEA Longitude = 124 26.80 W
* NMEA UTC (Time) = Jul 09 2021  12:34:56
* NMEA baud rate = 4800
# nquan = 30
# nvalues = 784                                   
# units = specified
# name 0 = scan: Scan Count
# name 1 = timeS: Time, Elapsed [seconds]
# name 2 = depSM: Depth [salt water, m]
# name 3 = prDM: Pressure, Digiquartz [db]
# name 4 = t090C: Temperature [ITS-90, deg C]
# name 5 = t190C: Temperature, 2 [ITS-90, deg C]
# name 6 = c0mS/cm: Conductivity [mS/cm]
# name 7 = c1mS/cm: Conductivity, 2 [mS/cm]
# name 8 = potemp090C: Potential Temperature [ITS-90, deg C]
# name 9 = potemp190C: Potential Temperature, 2 [ITS-90, deg C]
# name 10 = sal00: Salinity, Practical [PSU]
# name 11 = sal11: Salinity, Practical, 2 [PSU]
# name 12 = sigma-é00: Density [sigma-theta, kg/m^3]
# name 13 = sigma-é11: Density, 2 [sigma-theta, kg/m^3]
# name 14 = sbeox0Mg/L: Oxygen, SBE 43 [mg/l]
# name 15 = sbeox1Mg/L: Oxygen, SBE 43, 2 [mg/l]
# name 16 = sbox0Mm/Kg: Oxygen, SBE 43 [umol/kg]
# name 17 = sbox1Mm/Kg: Oxygen, SBE 43, 2 [umol/kg]
# name 18 = sbeox0V: Oxygen raw, SBE 43 [V]
# name 19 = sbeox1V: Oxygen raw, SBE 43, 2 [V]
# name 20 = v4: Voltage 4
# name 21 = flECO-AFL: Fluorescence, WET Labs ECO-AFL/FL [mg/m^3]
# name 22 = v3: Voltage 3
# name 23 = v6: Voltage 6
# name 24 = v7: Voltage 7
# name 25 = longitude: Longitude [deg]
# name 26 = latitude: Latitude [deg]
# name 27 = altM: Altimeter [m]
# name 28 = nbf: Bottles Fired
# name 29 = flag:  0.000e+00
# interval = seconds: 0.0416667
# start_time = Jul 09 2021 12:34:56 [NMEA time, header]
# bad_flag = -9.990e-29
*END*
[from data line 726]
      55685   2320.167      4.954      4.992     9.3172     9.3175  36.429380  36.431179     9.3166     9.3169    33.9423    33.9439    26.2392    26.2403     5.0435     5.2548    153.582    160.017     1.6288     1.5958     0.0488     0.1960     3.2381     0.1441     0.1441 -124.45810   40.21720      99.46         15  0.000e+00
      55686   2320.208      5.007      5.046     9.3172     9.3173  36.429317  36.431243     9.3167     9.3167    33.9422    33.9441    26.2391    26.2405     5.0489     5.2549    153.747    160.019     1.6300     1.5958     0.0488     0.1960     3.2369     0.1441     0.1441 -124.45810   40.21720      99.44         15  0.000e+00
      55687   2320.250      4.954      4.992     9.3169     9.3173  36.429764  36.431115     9.3163     9.3168    33.9430    33.9440    26.2397    26.2405     5.0489     5.2549    153.746    160.018     1.6300     1.5958     0.0488     0.1960     3.2369     0.1441     0.1441 -124.45810   40.21720      99.44         15  0.000e+00
      55688   2320.292      4.954      4.992     9.3172     9.3175  36.429444  36.431242     9.3166     9.3169    33.9424    33.9440    26.2392    26.2404     5.0489     5.2548    153.746    160.017     1.6300     1.5958     0.0501     0.2265     3.2369     0.1441     0.1441 -124.45810   40.21720      99.46         15  0.000e+00
      55689   2320.333      5.007      5.046     9.3171     9.3175  36.429764  36.431370     9.3165     9.3169    33.9428    33.9441    26.2396    26.2405     5.0489     5.2549    153.747    160.018     1.6300     1.5958     0.0488     0.1960     3.2369     0.1429     0.1441 -124.45810   40.21720      99.46         15  0.000e+00
      55690   2320.375      4.954      4.992     9.3172     9.3172  36.429700  36.431051     9.3166     9.3166    33.9427    33.9441    26.2394    26.2405     5.0489     5.2549    153.745    160.018     1.6300     1.5958     0.0501     0.2265     3.2369     0.1429     0.1429 -124.45810   40.21720      99.46         15  0.000e+00
      55691   2320.417      5.007      5.046     9.3169     9.3172  36.429381  36.431051     9.3163     9.3166    33.9426    33.9441    26.2394    26.2405     5.0489     5.2549    153.748    160.019     1.6300     1.5958     0.0488     0.1960     3.2369     0.1429     0.1429 -124.45810   40.21720      99.44         15  0.000e+00
      55692   2320.458      4.954      4.992     9.3172     9.3173  36.429316  36.430987     9.3166     9.3168    33.9423    33.9439    26.2391    26.2404     5.0489     5.2549    153.746    160.018     1.6300     1.5958     0.0488     0.1960     3.2369     0.1416     0.1429 -124.45810   40.21720      99.44         15  0.000e+00
      55693   2320.500      4.954      4.992     9.3169     9.3173  36.429508  36.431306     9.3163     9.3168    33.9427    33.9442    26.2395    26.2406     5.0489     5.2549    153.746    160.018     1.6300     1.5958     0.0501     0.2265     3.2381     0.1416     0.1429 -124.45810   40.21720      99.44         15  0.000e+00
      55733   2322.167      4.808      4.846     9.3170     9.3168  36.429188  36.430859     9.3164     9.3163    33.9424    33.9443    26.2392    26.2407     5.0488     5.2548    153.744    160.016     1.6300     1.5958     0.0501     0.2265     3.2381     0.1245     0.1270 -124.45812   40.21720      99.46         16  0.000e+00
      55734   2322.208      4.908      4.946     9.3167     9.3170  36.428805  36.430923     9.3162     9.3164    33.9422    33.9441    26.2391    26.2406     5.0489     5.2549    153.747    160.018     1.6300     1.5958     0.0513     0.2571     3.2369     0.1233     0.1270 -124.45812   40.21720      99.46         16  0.000e+00
      55735   2322.250      4.663      4.699     9.3168     9.3166  36.428868  36.430603     9.3163     9.3161    33.9423    33.9442    26.2392    26.2407     5.0487     5.2547    153.741    160.014     1.6300     1.5958     0.0501     0.2265     3.2381     0.1221     0.1258 -124.45812   40.21720      99.44         16  0.000e+00
      55736   2322.292      4.808      4.846     9.3167     9.3170  36.429188  36.430604     9.3162     9.3164    33.9426    33.9439    26.2394    26.2404     5.0488     5.2548    153.744    160.016     1.6300     1.5958     0.0513     0.2571     3.2369     0.1221     0.1258 -124.45812   40.21720      99.46         16  0.000e+00
      55737   2322.333      4.808      4.846     9.3168     9.3168  36.428805  36.430476     9.3163     9.3163    33.9421    33.9439    26.2391    26.2404     5.0488     5.2548    153.744    160.017     1.6300     1.5958     0.0501     0.2265     3.2381     0.1209     0.1245 -124.45812   40.21720      99.46         16  0.000e+00
      55738   2322.375      4.762      4.799     9.3166     9.3168  36.428421  36.430603     9.3160     9.3163    33.9420    33.9440    26.2390    26.2405     5.0435     5.2489    153.580    159.837     1.6288     1.5946     0.0513     0.2571     3.2369     0.1209     0.1245 -124.45812   40.21720      99.46         16  0.000e+00
      55739   2322.417      4.762      4.799     9.3166     9.3168  36.428805  36.430476     9.3161     9.3163    33.9423    33.9439    26.2392    26.2404     5.0488     5.2548    153.744    160.016     1.6300     1.5958     0.0513     0.2571     3.2369     0.1209     0.1245 -124.45812   40.21720      99.44         16  0.000e+00
      55740   2322.458      4.808      4.846     9.3166     9.3166  36.428741  36.430667     9.3160     9.3161    33.9423    33.9442    26.2393    26.2407     5.0489     5.2548    153.745    160.017     1.6300     1.5958     0.0513     0.2571     3.2369     0.1209     0.1245 -124.45812   40.21720      99.44         16  0.000e+00
      55741   2322.500      4.762      4.799     9.3167     9.3166  36.428166  36.430667     9.3162     9.3161    33.9416    33.9443    26.2386    26.2408     5.0434     5.2548    153.580    160.016     1.6288     1.5958     0.0513     0.2571     3.2381     0.1209     0.1245 -124.45812   40.21720      99.46         16  0.000e+00
      55742   2322.542      4.762      4.799     9.3166     9.3163  36.428485  36.430284     9.3161     9.3158    33.9420    33.9442    26.2390    26.2407     5.0434     5.2549    153.580    160.018     1.6288     1.5958     0.0513     0.2571     3.2369     0.1209     0.1245 -124.45812   40.21720      99.44         16  0.000e+00
      55743   2322.583      4.762      4.799     9.3166     9.3165  36.428421  36.430540     9.3160     9.3160    33.9420    33.9443    26.2390    26.2408     5.0435     5.2548    153.580    160.017     1.6288     1.5958     0.0513     0.2571     3.2381     0.1197     0.1245 -124.45812   40.21720      99.46         16  0.000e+00
      55744   2322.625      4.775      4.812     9.3166     9.3163  36.428102  36.430476     9.3161     9.3158    33.9416    33.9444    26.2387    26.2409     5.0435     5.2549    153.581    160.018     1.6288     1.5958     0.0513     0.2571     3.2369     0.1197     0.1245 -124.45812   40.21720      99.46         16  0.000e+00
      55745   2322.667      4.762      4.799     9.3164     9.3163  36.428230  36.430284     9.3159     9.3158    33.9419    33.9442    26.2390    26.2407     5.0435     5.2549    153.581    160.018     1.6288     1.5958     0.0501     0.2265     3.2369     0.1209     0.1245 -124.45812   40.21720      99.46         16  0.000e+00
      55746   2322.708      4.762      4.799     9.3166     9.3162  36.428358  36.430157     9.3161     9.3157    33.9419    33.9442    26.2389    26.2408     5.0434     5.2490    153.580    159.839     1.6288     1.5946     0.0501     0.2265     3.2369     0.1209     0.1245 -124.45812   40.21720      99.44         16  0.000e+00
      55747   2322.750      4.762      4.799     9.3162     9.3163  36.428549  36.430220     9.3157     9.3158    33.9425    33.9441    26.2394    26.2407     5.0435     5.2490    153.581    159.839     1.6288     1.5946     0.0513     0.2571     3.2369     0.1209     0.1245 -124.45812   40.21720      99.44         16  0.000e+00
      55748   2322.792      4.762      4.799     9.3163     9.3160  36.428422  36.430157     9.3158     9.3155    33.9422    33.9444    26.2392    26.2409     5.0435     5.2490    153.581    159.840     1.6288     1.5946     0.0501     0.2265     3.2369     0.1209     0.1245 -124.45814   40.21720      99.46         16  0.000e+00
      55749   2322.833      4.762      4.799     9.3164     9.3162  36.428805  36.430348     9.3159     9.3157    33.9425    33.9444    26.2394    26.2409     5.0435     5.2549    153.580    160.018     1.6288     1.5958     0.0501     0.2265     3.2369     0.1209     0.1245 -124.45814   40.21720      99.46         16  0.000e+00
      55750   2322.875      4.762      4.799     9.3162     9.3165  36.428741  36.430603     9.3157     9.3160    33.9427    33.9443    26.2396    26.2408     5.0435     5.2548    153.581    160.017     1.6288     1.5958     0.0513     0.2571     3.2369     0.1209     0.1245 -124.45814   40.21720      99.44         16  0.000e+00
      55751   2322.917      4.808      4.846     9.3162     9.3165  36.428869  36.430284     9.3157     9.3160    33.9428    33.9440    26.2396    26.2406     5.0435     5.2490    153.582    159.839     1.6288     1.5946     0.0501     0.2265     3.2381     0.1209     0.1245 -124.45814   40.21720      99.46         16  0.000e+00
      55752   2322.958      4.762      4.799     9.3162     9.3166  36.428996  36.430540     9.3157     9.3161    33.9430    33.9441    26.2398    26.2407     5.0435     5.2489    153.581    159.837     1.6288     1.5946     0.0513     0.2571     3.2381     0.1209     0.1245 -124.45814   40.21720      99.44         16  0.000e+00
      55753   2323.000      4.762      4.799     9.3162     9.3168  36.428996  36.430476     9.3157     9.3163    33.9429    33.9439    26.2398    26.2404     5.0435     5.2489    153.580    159.837     1.6288     1.5946     0.0501     0.2265     3.2381     0.1221     0.1258 -124.45814   40.21720      99.46         16  0.000e+00
      55754   2323.042      4.808      4.846     9.3164     9.3168  36.429188  36.430859     9.3159     9.3163    33.9429    33.9443    26.2397    26.2407     5.0381     5.2489    153.416    159.838     1.6276     1.5946     0.0513     0.2571     3.2369     0.1221     0.1258 -124.45814   40.21720      99.46         16  0.000e+00
      55755   2323.083      4.762      4.799     9.3163     9.3170  36.429060  36.422304     9.3158     9.3164    33.9429    33.9353    26.2397    26.2337     5.0435     5.2492    153.580    159.846     1.6288     1.5946     0.0501     0.2265     3.2369     0.1233     0.1270 -124.45814   40.21720      99.46         16  0.000e+00
      55756   2323.125      4.808      4.846     9.3162     9.3170  36.429188  36.416432     9.3157     9.3164    33.9431    33.9292    26.2399    26.2289     5.0381     5.2553    153.417    160.033     1.6276     1.5958     0.0501     0.2265     3.2369     0.1233     0.1270 -124.45814   40.21720      99.46         16  0.000e+00
      55757   2323.167      4.828      4.866     9.3163     9.3170  36.429316  36.427475     9.3158     9.3164    33.9431    33.9406    26.2399    26.2378     5.0381     5.2491    153.417    159.842     1.6276     1.5946     0.0501     0.2265     3.2381     0.1245     0.1282 -124.45814   40.21720      99.46         16  0.000e+00
      55758   2323.208      4.762      4.799     9.3162     9.3172  36.429763  36.430923     9.3157     9.3166    33.9437    33.9440    26.2404    26.2405     5.0380     5.2489    153.415    159.836     1.6276     1.5946     0.0513     0.2571     3.2369     0.1258     0.1294 -124.45814   40.21720      99.46         16  0.000e+00
      55759   2323.250      4.861      4.899     9.3165     9.3170  36.429444  36.430668     9.3160     9.3164    33.9431    33.9439    26.2398    26.2404     5.0381     5.2490    153.417    159.838     1.6276     1.5946     0.0501     0.2265     3.2369     0.1282     0.1306 -124.45814   40.21720      99.46         16  0.000e+00
      55760   2323.292      4.808      4.846     9.3162     9.3172  36.429508  36.430731     9.3157     9.3166    33.9434    33.9438    26.2402    26.2403     5.0381     5.2489    153.417    159.837     1.6276     1.5946     0.0501     0.2265     3.2381     0.1282     0.1306 -124.45814   40.21720      99.44         16  0.000e+00
      55761   2323.333      4.861      4.899     9.3165     9.3172  36.429636  36.430923     9.3160     9.3166    33.9433    33.9440    26.2400    26.2405     5.0381     5.2489    153.417    159.838     1.6276     1.5946     0.0501     0.2265     3.2381     0.1294     0.1319 -124.45814   40.21720      99.46         16  0.000e+00
      55762   2323.375      4.861      4.899     9.3162     9.3170  36.429827  36.431051     9.3157     9.3164    33.9437    33.9443    26.2404    26.2407     5.0381     5.2490    153.417    159.838     1.6276     1.5946     0.0501     0.2265     3.2369     0.1306     0.1331 -124.45814   40.21720      99.46         16  0.000e+00
      55763   2323.417      4.861      4.899     9.3165     9.3170  36.429444  36.430987     9.3160     9.3164    33.9431    33.9442    26.2398    26.2407     5.0381     5.2490    153.417    159.838     1.6276     1.5946     0.0501     0.2265     3.2381     0.1306     0.1343 -124.45814   40.21720      99.44         16  0.000e+00
      55764   2323.458      4.908      4.946     9.3164     9.3172  36.429316  36.431306     9.3159     9.3166    33.9430    33.9444    26.2398    26.2408     5.0381     5.2490    153.418    159.838     1.6276     1.5946     0.0513     0.2571     3.2369     0.1306     0.1343 -124.45814   40.21720      99.46         16  0.000e+00
      55765   2323.500      4.908      4.946     9.3162     9.3172  36.429316  36.431178     9.3157     9.3166    33.9432    33.9442    26.2400    26.2407     5.0382     5.2490    153.419    159.838     1.6276     1.5946     0.0501     0.2265     3.2381     0.1319     0.1355 -124.45814   40.21720      99.46         16  0.000e+00
      55766   2323.542      4.908      4.946     9.3164     9.3170  36.429061  36.431242     9.3159     9.3164    33.9427    33.9445    26.2396    26.2409     5.0328     5.2490    153.254    159.839     1.6264     1.5946     0.0513     0.2571     3.2369     0.1319     0.1355 -124.45814   40.21720      99.46         16  0.000e+00
      55767   2323.583      4.908      4.946     9.3166     9.3172  36.429189  36.430923     9.3161     9.3166    33.9427    33.9440    26.2395    26.2404     5.0327     5.2490    153.254    159.839     1.6264     1.5946     0.0501     0.2265     3.2369     0.1331     0.1368 -124.45814   40.21720      99.46         16  0.000e+00
      55768   2323.625      4.954      4.992     9.3164     9.3172  36.429317  36.431179     9.3159     9.3166    33.9430    33.9442    26.2398    26.2406     5.0328     5.2549    153.255    160.018     1.6264     1.5958     0.0513     0.2571     3.2369     0.1331     0.1380 -124.45814   40.21720      99.46         16  0.000e+00
      55769   2323.667      4.974      5.012     9.3166     9.3172  36.428806  36.431115     9.3160     9.3166    33.9423    33.9441    26.2392    26.2406     5.0328     5.2490    153.256    159.840     1.6264     1.5946     0.0501     0.2265     3.2381     0.1331     0.1380 -124.45814   40.21720      99.46         16  0.000e+00
      55770   2323.708      4.954      4.992     9.3165     9.3170  36.429380  36.431243     9.3160     9.3164    33.9430    33.9445    26.2398    26.2409     5.0328     5.2490    153.255    159.840     1.6264     1.5946     0.0513     0.2571     3.2369     0.1331     0.1380 -124.45814   40.21720      99.46         16  0.000e+00
