West Coast/WCOA-7/CTD_Data/RB2102_CTD_098_01.ros
* Sea-Bird SBE 9 Data File:
* FileName = C:\Users\scs.user.rb\CTD\RB2102\Data\RB2102_CTD_098_01.hex
* Software Version Seasave V 7.26.7.107
* Temperature SN = 6202
* Conductivity SN = 4907
* Number of Bytes Per Scan = 41
* Number of Voltage Words = 4
* Number of Scans Averaged by the Deck Unit = 1
* NMEA Latitude = 36 37.22 N
* NMEA Longitude = 122 24.90 W
* NMEA UTC (Time) = Jul 14 2021  14:37:31
* NMEA baud rate = 4800
# nquan = 30
# nvalues = 1127                                  
# units = specified
# name 0 = scan: Scan Count
# name 1 = timeS: Time, Elapsed [seconds]
# name 2 = depSM: Depth [salt water, m]
# name 3 = prDM: Pressure, Digiquartz [db]
# name 4 = t090C: Temperature [ITS-90, deg C]
# name 5 = t190C: Temperature, 2 [ITS-90, deg C]
# name 6 = c0mS/cm: Conductivity [mS/cm]
# name 7 = c1mS/cm: Conductivity, 2 [mS/cm]
# name 8 = potemp090C: Potential Temperature [ITS-90, deg C]
# name 9 = potemp190C: Potential Temperature, 2 [ITS-90, deg C]
# name 10 = sal00: Salinity, Practical [PSU]
# name 11 = sal11: Salinity, Practical, 2 [PSU]
# name 12 = sigma-é00: Density [sigma-theta, kg/m^3]
# name 13 = sigma-é11: Density, 2 [sigma-theta, kg/m^3]
# name 14 = sbeox0Mg/L: Oxygen, SBE 43 [mg/l]
# name 15 = sbeox1Mg/L: Oxygen, SBE 43, 2 [mg/l]
# name 16 = sbox0Mm/Kg: Oxygen, SBE 43 [umol/kg]
# name 17 = sbox1Mm/Kg: Oxygen, SBE 43, 2 [umol/kg]
# name 18 = sbeox0V: Oxygen raw, SBE 43 [V]
# name 19 = sbeox1V: Oxygen raw, SBE 43, 2 [V]
# name 20 = v4: Voltage 4
# name 21 = flECO-AFL: Fluorescence, WET Labs ECO-AFL/FL [mg/m^3]
# name 22 = v3: Voltage 3
# name 23 = v6: Voltage 6
# name 24 = v7: Voltage 7
# name 25 = longitude: Longitude [deg]
# name 26 = latitude: Latitude [deg]
# name 27 = altM: Altimeter [m]
# name 28 = nbf: Bottles Fired
# name 29 = flag:  0.000e+00
# interval = seconds: 0.0416667
# start_time = Jul 14 2021 14:37:31 [NMEA time, header]
# bad_flag = -9.990e-29
*END*
[from data line 1112]
     254949  10622.833      3.622      3.649    13.3221    13.3247  39.991497  39.994293    13.3216    13.3242    33.7834    33.7837    25.3860    25.3857     8.8784     9.1449    270.585    278.707     2.6813     2.5861     0.1978     3.9201     3.1905     0.0000     0.0000 -122.41604   36.61910      99.73         23  0.000e+00
     254950  10622.875      3.622      3.649    13.3218    13.3242  39.991431  39.993697    13.3213    13.3237    33.7836    33.7836    25.3863    25.3858     8.8785     9.1450    270.587    278.711     2.6813     2.5861     0.1966     3.8895     3.1917     0.0000     0.0000 -122.41604   36.61910      99.73         23  0.000e+00
     254951  10622.917      3.575      3.602    13.3216    13.3235  39.991099  39.993166    13.3211    13.3230    33.7835    33.7837    25.3862    25.3860     8.8785     9.1451    270.587    278.713     2.6813     2.5861     0.1966     3.8895     3.1905     0.0000     0.0000 -122.41604   36.61910      99.73         23  0.000e+00
     254952  10622.958      3.622      3.649    13.3216    13.3232  39.991298  39.993432    13.3211    13.3227    33.7836    33.7842    25.3863    25.3864     8.8785     9.1452    270.588    278.715     2.6813     2.5861     0.1978     3.9201     3.1917     0.0000     0.0000 -122.41604   36.61910      99.73         23  0.000e+00
     254953  10623.000      3.575      3.602    13.3216    13.3226  39.991365  39.993432    13.3211    13.3221    33.7837    33.7848    25.3864    25.3870     8.8784     9.1399    270.586    278.553     2.6813     2.5849     0.1978     3.9201     3.1905     0.0000     0.0000 -122.41604   36.61910      99.73         23  0.000e+00
     254954  10623.042      3.622      3.649    13.3218    13.3227  39.991365  39.993299    13.3213    13.3222    33.7836    33.7845    25.3862    25.3868     8.8785     9.1453    270.587    278.718     2.6813     2.5861     0.1966     3.8895     3.1917     0.0000     0.0000 -122.41604   36.61910      99.73         23  0.000e+00
     254955  10623.083      3.575      3.602    13.3218    13.3225  39.991099  39.993299    13.3213    13.3220    33.7833    33.7847    25.3860    25.3870     8.8784     9.1452    270.586    278.717     2.6813     2.5861     0.1978     3.9201     3.1905     0.0000     0.0000 -122.41604   36.61910      99.73         23  0.000e+00
     254956  10623.125      3.575      3.602    13.3209    13.3226  39.990768  39.993299    13.3205    13.3221    33.7837    33.7847    25.3865    25.3869     8.8786     9.1452    270.590    278.717     2.6813     2.5861     0.1966     3.8895     3.1905     0.0000     0.0000 -122.41604   36.61910      99.73         23  0.000e+00
     254957  10623.167      3.575      3.602    13.3206    13.3224  39.990171  39.993100    13.3201    13.3219    33.7835    33.7847    25.3864    25.3869     8.8836     9.1453    270.743    278.718     2.6825     2.5861     0.1978     3.9201     3.1905     0.0000     0.0000 -122.41604   36.61910      99.71         23  0.000e+00
     254958  10623.208      3.575      3.602    13.3199    13.3224  39.990039  39.993233    13.3195    13.3219    33.7839    33.7848    25.3869    25.3870     8.8837     9.1453    270.746    278.718     2.6825     2.5861     0.1978     3.9201     3.1917     0.0000     0.0000 -122.41604   36.61910      99.73         23  0.000e+00
     254959  10623.250      3.529      3.555    13.3198    13.3227  39.989442  39.993299    13.3193    13.3222    33.7836    33.7846    25.3866    25.3868     8.8837     9.1505    270.746    278.878     2.6825     2.5873     0.1966     3.8895     3.1917     0.0000     0.0000 -122.41604   36.61910      99.73         23  0.000e+00
     254960  10623.292      3.575      3.602    13.3194    13.3226  39.989575  39.993564    13.3189    13.3221    33.7840    33.7849    25.3870    25.3871     8.8838     9.1506    270.749    278.880     2.6825     2.5873     0.1978     3.9201     3.1905     0.0000     0.0000 -122.41604   36.61910      99.73         23  0.000e+00
     254961  10623.333      3.575      3.602    13.3191    13.3227  39.988912  39.993432    13.3186    13.3222    33.7837    33.7847    25.3868    25.3869     8.8839     9.1452    270.751    278.716     2.6825     2.5861     0.1966     3.8895     3.1917     0.0000     0.0000 -122.41604   36.61910      99.73         23  0.000e+00
     254962  10623.375      3.529      3.555    13.3191    13.3232  39.988845  39.993829    13.3186    13.3227    33.7836    33.7846    25.3868    25.3867     8.8838     9.1504    270.750    278.875     2.6825     2.5873     0.1966     3.8895     3.1917     0.0000     0.0000 -122.41604   36.61910      99.73         23  0.000e+00
     254963  10623.417      3.529      3.555    13.3189    13.3234  39.989707  39.994823    13.3185    13.3229    33.7845    33.7854    25.3876    25.3873     8.8838     9.1503    270.749    278.872     2.6825     2.5873     0.1978     3.9201     3.1905     0.0000     0.0000 -122.41604   36.61910      99.73         23  0.000e+00
