West Coast/WCOA-7/CTD_Data/RB2102_CTD_043_01.ros
* Sea-Bird SBE 9 Data File:
* FileName = C:\Users\scs.user.rb\CTD\RB2102\Data\RB2102_CTD_043_01.hex
* Software Version Seasave V 7.26.7.107
* Temperature SN = 6202
* Conductivity SN = 4907
* Number of Bytes Per Scan = 41
* Number of Voltage Words = 4
* Number of Scans Averaged by the Deck Unit = 1
* NMEA Latitude = 47 06.91 N
* NMEA Longitude = 124 14.84 W
* NMEA UTC (Time) = Jul 02 2021  20:40:23
* NMEA baud rate = 4800
# nquan = 30
# nvalues = 470                                   
# units = specified
# name 0 = scan: Scan Count
# name 1 = timeS: Time, Elapsed [seconds]
# name 2 = depSM: Depth [salt water, m]
# name 3 = prDM: Pressure, Digiquartz [db]
# name 4 = t090C: Temperature [ITS-90, deg C]
# name 5 = t190C: Temperature, 2 [ITS-90, deg C]
# name 6 = c0mS/cm: Conductivity [mS/cm]
# name 7 = c1mS/cm: Conductivity, 2 [mS/cm]
# name 8 = potemp090C: Potential Temperature [ITS-90, deg C]
# name 9 = potemp190C: Potential Temperature, 2 [ITS-90, deg C]
# name 10 = sal00: Salinity, Practical [PSU]
# name 11 = sal11: Salinity, Practical, 2 [PSU]
# name 12 = sigma-é00: Density [sigma-theta, kg/m^3]
# name 13 = sigma-é11: Density, 2 [sigma-theta, kg/m^3]
# name 14 = sbeox0Mg/L: Oxygen, SBE 43 [mg/l]
# name 15 = sbeox1Mg/L: Oxygen, SBE 43, 2 [mg/l]
# name 16 = sbox0Mm/Kg: Oxygen, SBE 43 [umol/kg]
# name 17 = sbox1Mm/Kg: Oxygen, SBE 43, 2 [umol/kg]
# name 18 = sbeox0V: Oxygen raw, SBE 43 [V]
# name 19 = sbeox1V: Oxygen raw, SBE 43, 2 [V]
# name 20 = v4: Voltage 4
# name 21 = flECO-AFL: Fluorescence, WET Labs ECO-AFL/FL [mg/m^3]
# name 22 = v3: Voltage 3
# name 23 = v6: Voltage 6
# name 24 = v7: Voltage 7
# name 25 = longitude: Longitude [deg]
# name 26 = latitude: Latitude [deg]
# name 27 = altM: Altimeter [m]
# name 28 = nbf: Bottles Fired
# name 29 = flag:  0.000e+00
# interval = seconds: 0.0416667
# start_time = Jul 02 2021 20:40:23 [NMEA time, header]
# bad_flag = -9.990e-29
*END*
[from data line 194]
      16326    680.208     10.558     10.647    16.8355    16.8423  37.310176  37.116456    16.8338    16.8406    28.5841    28.4145    20.6345    20.5032    10.3156    10.8831    315.850    333.270     3.1380     3.0867     0.2466     5.1411     3.2686     0.6068     0.0000 -124.24714   47.11410      11.60          4  0.000e+00
      16327    680.250     10.499     10.587    16.8320    16.8425  37.297086  37.116392    16.8303    16.8408    28.5755    28.4144    20.6287    20.5030    10.3168    10.8830    315.888    333.266     3.1380     3.0867     0.2466     5.1411     3.2674     0.6068     0.0000 -124.24714   47.11410      11.62          4  0.000e+00
      20261    844.167      4.680      4.719    17.0403    17.0408  36.449868  36.454781    17.0395    17.0401    27.7142    27.7179    19.9224    19.9252    11.4280    11.8015    350.154    361.598     3.4225     3.3065     0.2515     5.2632     3.2601     0.4774     0.0000 -124.24708   47.11380      17.22          5  0.000e+00
      20262    844.208      4.713      4.752    17.0408    17.0410  36.449357  36.450248    17.0401    17.0403    27.7134    27.7140    19.9217    19.9221    11.4232    11.8018    350.008    361.608     3.4212     3.3065     0.2515     5.2632     3.2613     0.4774     0.0000 -124.24708   47.11380      17.19          5  0.000e+00
      20263    844.250      4.660      4.699    17.0404    17.0412  36.452488  36.449481    17.0397    17.0404    27.7163    27.7132    19.9240    19.9215    11.4278    11.8017    350.147    361.606     3.4225     3.3065     0.2515     5.2632     3.2601     0.4774     0.0000 -124.24708   47.11380      17.17          5  0.000e+00
      20264    844.292      4.660      4.699    17.0396    17.0417  36.456258  36.452227    17.0389    17.0409    27.7200    27.7152    19.9271    19.9229    11.4277    11.8015    350.144    361.597     3.4225     3.3065     0.2515     5.2632     3.2601     0.4774     0.0000 -124.24708   47.11380      17.17          5  0.000e+00
      20265    844.333      4.713      4.752    17.0387    17.0419  36.457537  36.453249    17.0380    17.0411    27.7217    27.7159    19.9285    19.9234    11.4279    11.8015    350.148    361.596     3.4225     3.3065     0.2515     5.2632     3.2601     0.4774     0.0000 -124.24708   47.11380      17.17          5  0.000e+00
      20266    844.375      4.660      4.699    17.0384    17.0418  36.458239  36.452099    17.0377    17.0411    27.7225    27.7150    19.9292    19.9227    11.4326    11.8015    350.291    361.597     3.4237     3.3065     0.2515     5.2632     3.2601     0.4774     0.0000 -124.24708   47.11380      17.17          5  0.000e+00
      20267    844.417      4.713      4.752    17.0379    17.0422  36.459390  36.450758    17.0371    17.0415    27.7238    27.7136    19.9304    19.9215    11.4327    11.8015    350.294    361.600     3.4237     3.3065     0.2515     5.2632     3.2601     0.4774     0.0000 -124.24708   47.11380      17.17          5  0.000e+00
      20268    844.458      4.726      4.766    17.0375    17.0425  36.459454  36.449864    17.0368    17.0418    27.7241    27.7126    19.9307    19.9207    11.4327    11.8016    350.296    361.600     3.4237     3.3065     0.2515     5.2632     3.2613     0.4774     0.0000 -124.24708   47.11380      17.17          5  0.000e+00
      20269    844.500      4.713      4.752    17.0372    17.0425  36.459390  36.449992    17.0364    17.0418    27.7243    27.7127    19.9309    19.9208    11.4328    11.8067    350.298    361.757     3.4237     3.3077     0.2515     5.2632     3.2601     0.4774     0.0000 -124.24708   47.11380      17.14          5  0.000e+00
      20270    844.542      4.713      4.752    17.0372    17.0426  36.459134  36.450120    17.0365    17.0418    27.7241    27.7128    19.9307    19.9209    11.4328    11.8067    350.298    361.757     3.4237     3.3077     0.2515     5.2632     3.2589     0.4774     0.0000 -124.24708   47.11380      17.14          5  0.000e+00
      20271    844.583      4.759      4.799    17.0372    17.0427  36.457601  36.448843    17.0364    17.0420    27.7228    27.7116    19.9297    19.9199    11.4330    11.8068    350.304    361.760     3.4237     3.3077     0.2515     5.2632     3.2613     0.4774     0.0000 -124.24708   47.11380      17.14          5  0.000e+00
      20272    844.625      4.759      4.799    17.0377    17.0427  36.454661  36.447757    17.0370    17.0420    27.7199    27.7107    19.9274    19.9192    11.4330    11.8068    350.307    361.763     3.4237     3.3077     0.2515     5.2632     3.2601     0.4774     0.0000 -124.24708   47.11380      17.14          5  0.000e+00
      20273    844.667      4.759      4.799    17.0384    17.0431  36.453383  36.446991    17.0377    17.0423    27.7184    27.7098    19.9261    19.9185    11.4377    11.8068    350.451    361.762     3.4249     3.3077     0.2515     5.2632     3.2601     0.4774     0.0000 -124.24708   47.11380      17.14          5  0.000e+00
      20274    844.708      4.759      4.799    17.0386    17.0433  36.454981  36.447119    17.0378    17.0425    27.7196    27.7098    19.9270    19.9184    11.4376    11.8068    350.447    361.761     3.4249     3.3077     0.2515     5.2632     3.2601     0.4774     0.0000 -124.24708   47.11380      17.12          5  0.000e+00
      20275    844.750      4.825      4.866    17.0384    17.0436  36.457218  36.449609    17.0376    17.0428    27.7216    27.7116    19.9285    19.9198    11.4376    11.8067    350.447    361.757     3.4249     3.3077     0.2515     5.2632     3.2601     0.4786     0.0000 -124.24708   47.11380      17.05          5  0.000e+00
      20276    844.792      4.812      4.852    17.0382    17.0429  36.456834  36.454015    17.0374    17.0422    27.7214    27.7158    19.9285    19.9231    11.4377    11.8065    350.448    361.751     3.4249     3.3077     0.2515     5.2632     3.2601     0.4786     0.0000 -124.24708   47.11380      17.02          5  0.000e+00
      20277    844.833      4.812      4.852    17.0391    17.0425  36.453767  36.457144    17.0383    17.0418    27.7182    27.7187    19.9258    19.9254    11.4377    11.8064    350.449    361.747     3.4249     3.3077     0.2515     5.2632     3.2601     0.4786     0.0000 -124.24708   47.11380      17.02          5  0.000e+00
      20278    844.875      4.812      4.852    17.0399    17.0413  36.450508  36.457847    17.0392    17.0406    27.7149    27.7201    19.9231    19.9267    11.4377    11.8066    350.451    361.752     3.4249     3.3077     0.2515     5.2632     3.2613     0.4786     0.0000 -124.24708   47.11380      17.02          5  0.000e+00
      20279    844.917      4.858      4.899    17.0411    17.0406  36.447952  36.456379    17.0404    17.0399    27.7119    27.7194    19.9205    19.9263    11.4425    11.8069    350.598    361.761     3.4261     3.3077     0.2515     5.2632     3.2613     0.4786     0.0000 -124.24708   47.11380      17.02          5  0.000e+00
      20280    844.958      4.812      4.852    17.0416    17.0402  36.446226  36.454718    17.0409    17.0394    27.7101    27.7183    19.9190    19.9256    11.4377    11.8070    350.451    361.765     3.4249     3.3077     0.2515     5.2632     3.2613     0.4786     0.0000 -124.24708   47.11380      17.00          5  0.000e+00
      20281    845.000      4.905      4.946    17.0423    17.0401  36.446993  36.453569    17.0415    17.0394    27.7103    27.7173    19.9190    19.9249    11.4376    11.8072    350.450    361.772     3.4249     3.3077     0.2515     5.2632     3.2601     0.4786     0.0000 -124.24708   47.11380      16.92          5  0.000e+00
      20282    845.042      4.858      4.899    17.0425    17.0401  36.448846  36.452803    17.0417    17.0394    27.7117    27.7167    19.9201    19.9244    11.4327    11.8072    350.298    361.772     3.4237     3.3077     0.2515     5.2632     3.2601     0.4786     0.0000 -124.24708   47.11380      16.90          5  0.000e+00
      20283    845.083      4.871      4.912    17.0420    17.0402  36.451083  36.450951    17.0412    17.0394    27.7140    27.7151    19.9219    19.9232    11.4374    11.8073    350.442    361.776     3.4249     3.3077     0.2515     5.2632     3.2613     0.4786     0.0000 -124.24708   47.11380      16.90          5  0.000e+00
      20284    845.125      4.957      4.999    17.0415    17.0408  36.451658  36.450121    17.0407    17.0401    27.7148    27.7139    19.9226    19.9221    11.4376    11.8125    350.448    361.935     3.4249     3.3089     0.2515     5.2632     3.2601     0.4786     0.0000 -124.24708   47.11380      16.90          5  0.000e+00
      20285    845.167      4.904      4.946    17.0413    17.0410  36.451147  36.448652    17.0405    17.0402    27.7145    27.7126    19.9224    19.9210    11.4328    11.8073    350.302    361.777     3.4237     3.3077     0.2515     5.2632     3.2601     0.4786     0.0000 -124.24708   47.11380      16.90          5  0.000e+00
      20286    845.208      4.957      4.999    17.0418    17.0418  36.450252  36.447886    17.0410    17.0411    27.7133    27.7113    19.9215    19.9199    11.4328    11.8124    350.303    361.934     3.4237     3.3089     0.2515     5.2632     3.2613     0.4786     0.0000 -124.24708   47.11380      16.90          5  0.000e+00
      20287    845.250      4.957      4.999    17.0413    17.0419  36.450253  36.447630    17.0405    17.0411    27.7137    27.7111    19.9219    19.9197    11.4329    11.8124    350.306    361.934     3.4237     3.3089     0.2527     5.2937     3.2625     0.4786     0.0000 -124.24708   47.11380      16.83          5  0.000e+00
      20288    845.292      4.904      4.946    17.0413    17.0423  36.450572  36.446353    17.0405    17.0416    27.7140    27.7097    19.9221    19.9186    11.4328    11.8123    350.303    361.932     3.4237     3.3089     0.2527     5.2937     3.2613     0.4786     0.0000 -124.24708   47.11380      16.80          5  0.000e+00
      20289    845.333      5.004      5.046    17.0411    17.0424  36.450189  36.445140    17.0403    17.0416    27.7138    27.7086    19.9219    19.9177    11.4330    11.8126    350.309    361.939     3.4237     3.3089     0.2527     5.2937     3.2601     0.4786     0.0000 -124.24708   47.11380      16.78          5  0.000e+00
      20290    845.375      4.971      5.012    17.0413    17.0425  36.448783  36.443927    17.0405    17.0417    27.7125    27.7075    19.9209    19.9169    11.4330    11.8177    350.309    362.097     3.4237     3.3101     0.2527     5.2937     3.2601     0.4786     0.0000 -124.24708   47.11380      16.78          5  0.000e+00
      20291    845.417      5.004      5.046    17.0418    17.0422  36.447633  36.443608    17.0410    17.0414    27.7111    27.7074    19.9198    19.9169    11.4331    11.8178    350.310    362.100     3.4237     3.3101     0.2527     5.2937     3.2613     0.4786     0.0000 -124.24708   47.11380      16.80          5  0.000e+00
      20292    845.458      5.004      5.046    17.0420    17.0422  36.446930  36.443608    17.0412    17.0414    27.7104    27.7075    19.9192    19.9169    11.4378    11.8178    350.456    362.101     3.4249     3.3101     0.2527     5.2937     3.2613     0.4786     0.0000 -124.24708   47.11380      16.80          5  0.000e+00
      20293    845.500      5.050      5.092    17.0426    17.0416  36.445844  36.443672    17.0419    17.0408    27.7090    27.7079    19.9180    19.9174    11.4331    11.8180    350.312    362.106     3.4237     3.3101     0.2527     5.2937     3.2601     0.4786     0.0000 -124.24708   47.11380      16.80          5  0.000e+00
      20294    845.542      5.004      5.046    17.0428    17.0413  36.443735  36.443608    17.0420    17.0406    27.7072    27.7080    19.9165    19.9175    11.4331    11.8180    350.313    362.106     3.4237     3.3101     0.2527     5.2937     3.2601     0.4786     0.0000 -124.24708   47.11380      16.78          5  0.000e+00
      20295    845.583      5.050      5.092    17.0437    17.0408  36.442713  36.443608    17.0429    17.0400    27.7057    27.7084    19.9152    19.9179    11.4378    11.8182    350.458    362.111     3.4249     3.3101     0.2527     5.2937     3.2601     0.4786     0.0000 -124.24708   47.11380      16.80          5  0.000e+00
      20296    845.625      5.050      5.092    17.0437    17.0413  36.444055  36.443608    17.0429    17.0406    27.7068    27.7080    19.9161    19.9175    11.4330    11.8181    350.310    362.108     3.4237     3.3101     0.2527     5.2937     3.2601     0.4786     0.0000 -124.24708   47.11380      16.80          5  0.000e+00
      20297    845.667      5.070      5.112    17.0433    17.0415  36.446674  36.443608    17.0425    17.0407    27.7093    27.7079    19.9180    19.9174    11.4377    11.8181    350.453    362.108     3.4249     3.3101     0.2527     5.2937     3.2601     0.4786     0.0000 -124.24708   47.11380      16.80          5  0.000e+00
      20298    845.708      5.050      5.092    17.0432    17.0417  36.446227  36.442714    17.0424    17.0409    27.7090    27.7070    19.9178    19.9167    11.4377    11.8181    350.454    362.107     3.4249     3.3101     0.2527     5.2937     3.2613     0.4786     0.0000 -124.24708   47.11380      16.80          5  0.000e+00
      20299    845.750      5.103      5.146    17.0437    17.0420  36.444885  36.442331    17.0429    17.0412    27.7075    27.7065    19.9166    19.9162    11.4378    11.8232    350.456    362.266     3.4249     3.3114     0.2527     5.2937     3.2601     0.4786     0.0000 -124.24708   47.11380      16.85          6  0.000e+00
      20300    845.792      5.050      5.092    17.0440    17.0424  36.443032  36.441373    17.0432    17.0416    27.7057    27.7054    19.9151    19.9153    11.4330    11.8231    350.310    362.264     3.4237     3.3114     0.2527     5.2937     3.2601     0.4786     0.0000 -124.24708   47.11380      16.87          6  0.000e+00
      20301    845.833      5.202      5.246    17.0444    17.0423  36.441372  36.440288    17.0436    17.0415    27.7040    27.7045    19.9138    19.9146    11.4333    11.8234    350.318    362.273     3.4237     3.3114     0.2527     5.2937     3.2589     0.4786     0.0000 -124.24708   47.11380      16.85          6  0.000e+00
      20302    845.875      5.103      5.146    17.0452    17.0429  36.440029  36.439650    17.0444    17.0421    27.7023    27.7036    19.9123    19.9138    11.4330    11.8232    350.312    362.267     3.4237     3.3114     0.2527     5.2937     3.2601     0.4786     0.0000 -124.24708   47.11380      16.85          6  0.000e+00
      20303    845.917      5.103      5.146    17.0457    17.0432  36.439454  36.439713    17.0449    17.0424    27.7015    27.7034    19.9116    19.9136    11.4330    11.8232    350.311    362.265     3.4237     3.3114     0.2527     5.2937     3.2613     0.4786     0.0000 -124.24708   47.11380      16.87          6  0.000e+00
      20304    845.958      5.116      5.159    17.0463    17.0439  36.439135  36.440224    17.0455    17.0431    27.7009    27.7034    19.9109    19.9134    11.4377    11.8230    350.455    362.260     3.4249     3.3114     0.2527     5.2937     3.2601     0.4786     0.0000 -124.24708   47.11380      16.85          6  0.000e+00
      20305    846.000      5.149      5.192    17.0464    17.0442  36.439263  36.440416    17.0456    17.0434    27.7009    27.7033    19.9109    19.9133    11.4377    11.8230    350.455    362.260     3.4249     3.3114     0.2527     5.2937     3.2601     0.4786     0.0000 -124.24708   47.11380      16.78          6  0.000e+00
