West Coast/WCOA-7/CTD_Data/RB2102_CTD_098_01.ros
* Sea-Bird SBE 9 Data File:
* FileName = C:\Users\scs.user.rb\CTD\RB2102\Data\RB2102_CTD_098_01.hex
* Software Version Seasave V 7.26.7.107
* Temperature SN = 6202
* Conductivity SN = 4907
* Number of Bytes Per Scan = 41
* Number of Voltage Words = 4
* Number of Scans Averaged by the Deck Unit = 1
* NMEA Latitude = 36 37.22 N
* NMEA Longitude = 122 24.90 W
* NMEA UTC (Time) = Jul 14 2021  14:37:31
* NMEA baud rate = 4800
# nquan = 30
# nvalues = 1127                                  
# units = specified
# name 0 = scan: Scan Count
# name 1 = timeS: Time, Elapsed [seconds]
# name 2 = depSM: Depth [salt water, m]
# name 3 = prDM: Pressure, Digiquartz [db]
# name 4 = t090C: Temperature [ITS-90, deg C]
# name 5 = t190C: Temperature, 2 [ITS-90, deg C]
# name 6 = c0mS/cm: Conductivity [mS/cm]
# name 7 = c1mS/cm: Conductivity, 2 [mS/cm]
# name 8 = potemp090C: Potential Temperature [ITS-90, deg C]
# name 9 = potemp190C: Potential Temperature, 2 [ITS-90, deg C]
# name 10 = sal00: Salinity, Practical [PSU]
# name 11 = sal11: Salinity, Practical, 2 [PSU]
# name 12 = sigma-é00: Density [sigma-theta, kg/m^3]
# name 13 = sigma-é11: Density, 2 [sigma-theta, kg/m^3]
# name 14 = sbeox0Mg/L: Oxygen, SBE 43 [mg/l]
# name 15 = sbeox1Mg/L: Oxygen, SBE 43, 2 [mg/l]
# name 16 = sbox0Mm/Kg: Oxygen, SBE 43 [umol/kg]
# name 17 = sbox1Mm/Kg: Oxygen, SBE 43, 2 [umol/kg]
# name 18 = sbeox0V: Oxygen raw, SBE 43 [V]
# name 19 = sbeox1V: Oxygen raw, SBE 43, 2 [V]
# name 20 = v4: Voltage 4
# name 21 = flECO-AFL: Fluorescence, WET Labs ECO-AFL/FL [mg/m^3]
# name 22 = v3: Voltage 3
# name 23 = v6: Voltage 6
# name 24 = v7: Voltage 7
# name 25 = longitude: Longitude [deg]
# name 26 = latitude: Latitude [deg]
# name 27 = altM: Altimeter [m]
# name 28 = nbf: Bottles Fired
# name 29 = flag:  0.000e+00
# interval = seconds: 0.0416667
# start_time = Jul 14 2021 14:37:31 [NMEA time, header]
# bad_flag = -9.990e-29
*END*
[from data line 291]
     157496   6562.292    990.310   1000.056     4.1622     4.1643  32.654678  32.657228     4.0854     4.0875    34.4225    34.4233    27.3179    27.3183     0.4119     0.4439     12.531     13.503     0.5592     0.5751     0.0403    -0.0177     3.2344     0.0940     0.0037 -122.41576   36.61946     100.00          6  0.000e+00
     157497   6562.333    990.256   1000.002     4.1619     4.1641  32.654739  32.657411     4.0851     4.0873    34.4229    34.4237    27.3183    27.3186     0.4119     0.4363     12.530     13.272     0.5592     0.5739     0.0403    -0.0177     3.2357     0.0940     0.0024 -122.41574   36.61946     100.00          6  0.000e+00
     157498   6562.375    990.256   1000.002     4.1620     4.1643  32.654494  32.657595     4.0852     4.0875    34.4225    34.4238    27.3179    27.3187     0.4119     0.4439     12.530     13.503     0.5592     0.5751     0.0403    -0.0177     3.2369     0.0940     0.0024 -122.41574   36.61946     100.00          6  0.000e+00
     169881   7078.333    743.286    750.153     5.2095     5.2182  33.410012  33.420564     5.1474     5.1560    34.3441    34.3474    27.1382    27.1397     0.2900     0.3105      8.823      9.446     0.5409     0.5568     0.0403    -0.0177     3.2320     0.1001     0.0049 -122.41582   36.61938     100.00          7  0.000e+00
     169882   7078.375    743.434    750.302     5.2096     5.2182  33.410197  33.420256     5.1474     5.1560    34.3442    34.3469    27.1382    27.1394     0.2900     0.3105      8.823      9.446     0.5409     0.5568     0.0403    -0.0177     3.2320     0.1013     0.0049 -122.41582   36.61938     100.00          7  0.000e+00
     169883   7078.417    743.286    750.153     5.2097     5.2178  33.410320  33.419947     5.1476     5.1556    34.3443    34.3471    27.1383    27.1395     0.2900     0.3105      8.823      9.446     0.5409     0.5568     0.0403    -0.0177     3.2308     0.1013     0.0049 -122.41582   36.61938     100.00          7  0.000e+00
     169884   7078.458    743.387    750.255     5.2097     5.2179  33.410506  33.419639     5.1476     5.1557    34.3445    34.3466    27.1384    27.1391     0.2900     0.3105      8.823      9.446     0.5409     0.5568     0.0403    -0.0177     3.2308     0.1013     0.0049 -122.41582   36.61938     100.00          7  0.000e+00
     169885   7078.500    743.333    750.201     5.2099     5.2182  33.410382  33.419762     5.1477     5.1560    34.3442    34.3464    27.1382    27.1390     0.2900     0.3105      8.823      9.446     0.5409     0.5568     0.0403    -0.0177     3.2320     0.1013     0.0049 -122.41582   36.61938     100.00          7  0.000e+00
     169886   7078.542    743.333    750.201     5.2099     5.2187  33.410320  33.420317     5.1477     5.1565    34.3441    34.3466    27.1381    27.1390     0.2834     0.3105      8.624      9.446     0.5397     0.5568     0.0403    -0.0177     3.2320     0.1013     0.0049 -122.41582   36.61938     100.00          7  0.000e+00
     169887   7078.583    743.387    750.255     5.2099     5.2189  33.410321  33.420503     5.1477     5.1567    34.3441    34.3465    27.1381    27.1390     0.2965     0.3105      9.022      9.446     0.5421     0.5568     0.0403    -0.0177     3.2308     0.1013     0.0049 -122.41582   36.61938     100.00          7  0.000e+00
     169888   7078.625    743.387    750.255     5.2104     5.2190  33.410074  33.420503     5.1482     5.1568    34.3433    34.3464    27.1374    27.1389     0.2965     0.3105      9.022      9.446     0.5421     0.5568     0.0403    -0.0177     3.2320     0.1013     0.0049 -122.41582   36.61938     100.00          7  0.000e+00
     169889   7078.667    743.333    750.201     5.2102     5.2190  33.410382  33.420256     5.1481     5.1568    34.3438    34.3462    27.1379    27.1387     0.2900     0.3105      8.823      9.446     0.5409     0.5568     0.0403    -0.0177     3.2308     0.1013     0.0049 -122.41582   36.61938     100.00          7  0.000e+00
     169890   7078.708    743.387    750.255     5.2101     5.2192  33.410568  33.420194     5.1479     5.1570    34.3442    34.3458    27.1381    27.1384     0.2900     0.3105      8.823      9.446     0.5409     0.5568     0.0403    -0.0177     3.2308     0.1013     0.0049 -122.41582   36.61938     100.00          7  0.000e+00
     169891   7078.750    743.387    750.255     5.2100     5.2188  33.410382  33.419947     5.1479     5.1566    34.3440    34.3460    27.1380    27.1385     0.2900     0.3105      8.823      9.446     0.5409     0.5568     0.0403    -0.0177     3.2308     0.1013     0.0049 -122.41582   36.61938     100.00          7  0.000e+00
     169892   7078.792    743.367    750.235     5.2097     5.2192  33.410321  33.420071     5.1476     5.1570    34.3443    34.3458    27.1382    27.1383     0.2900     0.3105      8.823      9.446     0.5409     0.5568     0.0403    -0.0177     3.2320     0.1013     0.0049 -122.41582   36.61938     100.00          7  0.000e+00
     169893   7078.833    743.387    750.255     5.2099     5.2192  33.410321  33.420379     5.1477     5.1570    34.3441    34.3461    27.1381    27.1386     0.2900     0.3105      8.823      9.446     0.5409     0.5568     0.0403    -0.0177     3.2320     0.1013     0.0049 -122.41582   36.61938     100.00          7  0.000e+00
     169894   7078.875    743.387    750.255     5.2096     5.2194  33.410321  33.420688     5.1474     5.1572    34.3444    34.3462    27.1384    27.1387     0.2900     0.3105      8.823      9.446     0.5409     0.5568     0.0403    -0.0177     3.2308     0.1013     0.0049 -122.41582   36.61938     100.00          7  0.000e+00
     169895   7078.917    743.434    750.303     5.2097     5.2193  33.410012  33.420318     5.1476     5.1571    34.3439    34.3458    27.1379    27.1384     0.2835     0.3105      8.624      9.446     0.5397     0.5568     0.0403    -0.0177     3.2308     0.1013     0.0049 -122.41582   36.61938     100.00          7  0.000e+00
     169896   7078.958    743.434    750.303     5.2097     5.2195  33.410197  33.420626     5.1476     5.1573    34.3441    34.3460    27.1381    27.1385     0.2835     0.3105      8.624      9.446     0.5397     0.5568     0.0403    -0.0177     3.2320     0.1013     0.0049 -122.41582   36.61938     100.00          7  0.000e+00
     169897   7079.000    743.387    750.255     5.2102     5.2194  33.411000  33.420811     5.1480     5.1572    34.3446    34.3464    27.1384    27.1388     0.2900     0.3105      8.823      9.446     0.5409     0.5568     0.0403    -0.0177     3.2320     0.1013     0.0049 -122.41582   36.61938     100.00          7  0.000e+00
     169898   7079.042    743.434    750.303     5.2102     5.2193  33.411247  33.420318     5.1480     5.1571    34.3448    34.3458    27.1386    27.1384     0.2900     0.3105      8.823      9.446     0.5409     0.5568     0.0403    -0.0177     3.2308     0.1013     0.0049 -122.41582   36.61938     100.00          7  0.000e+00
     169899   7079.083    743.387    750.255     5.2107     5.2188  33.411247  33.419515     5.1485     5.1566    34.3443    34.3455    27.1382    27.1381     0.2900     0.3105      8.823      9.446     0.5409     0.5568     0.0403    -0.0177     3.2320     0.1013     0.0049 -122.41582   36.61938     100.00          7  0.000e+00
     169900   7079.125    743.488    750.357     5.2108     5.2180  33.412359  33.418590     5.1486     5.1558    34.3454    34.3452    27.1390    27.1380     0.2965     0.3105      9.022      9.447     0.5421     0.5568     0.0403    -0.0177     3.2308     0.1013     0.0049 -122.41582   36.61938     100.00          7  0.000e+00
     169901   7079.167    743.488    750.357     5.2116     5.2178  33.413162  33.418405     5.1495     5.1556    34.3455    34.3452    27.1390    27.1381     0.2965     0.3105      9.022      9.447     0.5421     0.5568     0.0403    -0.0177     3.2308     0.1013     0.0049 -122.41582   36.61938     100.00          7  0.000e+00
     169902   7079.208    743.434    750.303     5.2126     5.2169  33.414026  33.417911     5.1504     5.1547    34.3455    34.3455    27.1389    27.1384     0.2900     0.3105      8.822      9.447     0.5409     0.5568     0.0403    -0.0177     3.2308     0.1013     0.0049 -122.41582   36.61938     100.00          7  0.000e+00
     169903   7079.250    743.488    750.357     5.2132     5.2163  33.414459  33.417541     5.1510     5.1541    34.3454    34.3458    27.1387    27.1387     0.2900     0.3105      8.822      9.447     0.5409     0.5568     0.0403    -0.0177     3.2320     0.1001     0.0049 -122.41582   36.61938     100.00          7  0.000e+00
     169904   7079.292    743.488    750.357     5.2137     5.2162  33.415015  33.417047     5.1515     5.1540    34.3455    34.3453    27.1388    27.1383     0.2965     0.3105      9.021      9.447     0.5421     0.5568     0.0403    -0.0177     3.2320     0.1013     0.0049 -122.41582   36.61938     100.00          7  0.000e+00
     169905   7079.333    743.488    750.357     5.2139     5.2163  33.415200  33.417109     5.1517     5.1541    34.3456    34.3453    27.1388    27.1383     0.2900     0.3105      8.822      9.447     0.5409     0.5568     0.0403    -0.0177     3.2320     0.1013     0.0049 -122.41582   36.61940     100.00          7  0.000e+00
     169906   7079.375    743.468    750.337     5.2141     5.2164  33.415076  33.417170     5.1519     5.1542    34.3452    34.3452    27.1385    27.1382     0.2900     0.3105      8.822      9.447     0.5409     0.5568     0.0403    -0.0177     3.2320     0.1013     0.0049 -122.41582   36.61940     100.00          7  0.000e+00
     169907   7079.417    743.488    750.357     5.2138     5.2163  33.414459  33.417356     5.1516     5.1541    34.3448    34.3455    27.1382    27.1385     0.2900     0.3105      8.822      9.447     0.5409     0.5568     0.0403    -0.0177     3.2308     0.1013     0.0049 -122.41582   36.61940     100.00          7  0.000e+00
     169908   7079.458    743.535    750.404     5.2136     5.2165  33.414274  33.417664     5.1514     5.1543    34.3448    34.3457    27.1382    27.1386     0.2900     0.3105      8.822      9.447     0.5409     0.5568     0.0403    -0.0177     3.2320     0.1013     0.0049 -122.41582   36.61940     100.00          7  0.000e+00
     169909   7079.500    743.535    750.404     5.2142     5.2164  33.414706  33.417973     5.1520     5.1542    34.3447    34.3461    27.1381    27.1389     0.2900     0.3105      8.822      9.447     0.5409     0.5568     0.0403    -0.0177     3.2308     0.1013     0.0049 -122.41582   36.61940     100.00          7  0.000e+00
     169910   7079.542    743.535    750.404     5.2147     5.2169  33.415756  33.418096     5.1525     5.1547    34.3453    34.3457    27.1385    27.1386     0.2900     0.3105      8.822      9.447     0.5409     0.5568     0.0403    -0.0177     3.2320     0.1013     0.0049 -122.41582   36.61940     100.00          7  0.000e+00
     169911   7079.583    743.535    750.404     5.2151     5.2174  33.416744  33.419022     5.1529     5.1552    34.3460    34.3463    27.1390    27.1389     0.2900     0.3105      8.822      9.447     0.5409     0.5568     0.0403    -0.0177     3.2308     0.1013     0.0049 -122.41582   36.61940     100.00          7  0.000e+00
     169912   7079.625    743.535    750.404     5.2155     5.2177  33.416868  33.418837     5.1533     5.1555    34.3458    34.3457    27.1388    27.1385     0.2834     0.3105      8.623      9.447     0.5397     0.5568     0.0403    -0.0177     3.2295     0.1026     0.0049 -122.41582   36.61940     100.00          7  0.000e+00
     169913   7079.667    743.588    750.459     5.2156     5.2175  33.416250  33.418899     5.1534     5.1553    34.3450    34.3460    27.1381    27.1387     0.2834     0.3105      8.623      9.447     0.5397     0.5568     0.0403    -0.0177     3.2308     0.1013     0.0049 -122.41582   36.61940     100.00          7  0.000e+00
     169914   7079.708    743.635    750.506     5.2148     5.2175  33.415633  33.418775     5.1526     5.1553    34.3450    34.3458    27.1382    27.1386     0.2900     0.3105      8.822      9.447     0.5409     0.5568     0.0403    -0.0177     3.2320     0.1013     0.0049 -122.41582   36.61940     100.00          7  0.000e+00
     169915   7079.750    743.535    750.404     5.2143     5.2176  33.415015  33.418713     5.1521     5.1554    34.3448    34.3457    27.1382    27.1385     0.2900     0.3105      8.822      9.447     0.5409     0.5568     0.0403    -0.0177     3.2308     0.1013     0.0049 -122.41582   36.61940     100.00          7  0.000e+00
     169916   7079.792    743.635    750.506     5.2138     5.2175  33.414645  33.418899     5.1516     5.1553    34.3449    34.3460    27.1383    27.1387     0.2900     0.3105      8.822      9.447     0.5409     0.5568     0.0403    -0.0177     3.2308     0.1013     0.0049 -122.41582   36.61940     100.00          7  0.000e+00
     169917   7079.833    743.635    750.506     5.2129     5.2179  33.414706  33.418775     5.1507     5.1557    34.3459    34.3455    27.1392    27.1383     0.2900     0.3105      8.823      9.447     0.5409     0.5568     0.0403    -0.0177     3.2308     0.1013     0.0049 -122.41582   36.61940     100.00          7  0.000e+00
     169918   7079.875    743.588    750.459     5.2129     5.2181  33.413903  33.418714     5.1507     5.1559    34.3450    34.3452    27.1385    27.1380     0.2900     0.3105      8.823      9.447     0.5409     0.5568     0.0403    -0.0177     3.2320     0.1013     0.0049 -122.41582   36.61940     100.00          7  0.000e+00
     169919   7079.917    743.615    750.486     5.2126     5.2180  33.413656  33.418899     5.1504     5.1558    34.3450    34.3455    27.1385    27.1382     0.2900     0.3105      8.823      9.447     0.5409     0.5568     0.0403    -0.0177     3.2320     0.1013     0.0049 -122.41582   36.61940     100.00          7  0.000e+00
     169920   7079.958    743.689    750.560     5.2126     5.2192  33.413842  33.419886     5.1504     5.1569    34.3452    34.3454    27.1387    27.1380     0.2834     0.3105      8.624      9.446     0.5397     0.5568     0.0403    -0.0177     3.2308     0.1013     0.0049 -122.41582   36.61940     100.00          7  0.000e+00
     169921   7080.000    743.635    750.506     5.2126     5.2204  33.413965  33.421738     5.1504     5.1582    34.3454    34.3463    27.1388    27.1386     0.2900     0.3105      8.823      9.446     0.5409     0.5568     0.0403    -0.0177     3.2320     0.1001     0.0049 -122.41582   36.61940     100.00          7  0.000e+00
     169922   7080.042    743.689    750.560     5.2127     5.2211  33.414336  33.422479     5.1505     5.1589    34.3456    34.3464    27.1390    27.1386     0.2900     0.3105      8.823      9.446     0.5409     0.5568     0.0403    -0.0177     3.2308     0.1001     0.0049 -122.41582   36.61940     100.00          7  0.000e+00
     169923   7080.083    743.689    750.560     5.2124     5.2220  33.414089  33.423034     5.1502     5.1598    34.3456    34.3461    27.1390    27.1383     0.2900     0.3105      8.823      9.446     0.5409     0.5568     0.0403    -0.0177     3.2308     0.1013     0.0049 -122.41582   36.61940     100.00          7  0.000e+00
     169924   7080.125    743.689    750.560     5.2128     5.2219  33.414151  33.422725     5.1506     5.1596    34.3454    34.3459    27.1388    27.1381     0.2834     0.3105      8.624      9.446     0.5397     0.5568     0.0403    -0.0177     3.2320     0.1001     0.0049 -122.41582   36.61940     100.00          7  0.000e+00
