West Coast/WCOA-7/CTD_Data/RB2102_CTD_089_01.ros
* Sea-Bird SBE 9 Data File:
* FileName = C:\Users\scs.user.rb\CTD\RB2102\Data\RB2102_CTD_089_01.hex
* Software Version Seasave V 7.26.7.107
* Temperature SN = 6202
* Conductivity SN = 4907
* Number of Bytes Per Scan = 41
* Number of Voltage Words = 4
* Number of Scans Averaged by the Deck Unit = 1
* NMEA Latitude = 37 49.85 N
* NMEA Longitude = 122 26.73 W
* NMEA UTC (Time) = Jul 12 2021  20:00:48
* NMEA baud rate = 4800
# nquan = 30
# nvalues = 448                                   
# units = specified
# name 0 = scan: Scan Count
# name 1 = timeS: Time, Elapsed [seconds]
# name 2 = depSM: Depth [salt water, m]
# name 3 = prDM: Pressure, Digiquartz [db]
# name 4 = t090C: Temperature [ITS-90, deg C]
# name 5 = t190C: Temperature, 2 [ITS-90, deg C]
# name 6 = c0mS/cm: Conductivity [mS/cm]
# name 7 = c1mS/cm: Conductivity, 2 [mS/cm]
# name 8 = potemp090C: Potential Temperature [ITS-90, deg C]
# name 9 = potemp190C: Potential Temperature, 2 [ITS-90, deg C]
# name 10 = sal00: Salinity, Practical [PSU]
# name 11 = sal11: Salinity, Practical, 2 [PSU]
# name 12 = sigma-é00: Density [sigma-theta, kg/m^3]
# name 13 = sigma-é11: Density, 2 [sigma-theta, kg/m^3]
# name 14 = sbeox0Mg/L: Oxygen, SBE 43 [mg/l]
# name 15 = sbeox1Mg/L: Oxygen, SBE 43, 2 [mg/l]
# name 16 = sbox0Mm/Kg: Oxygen, SBE 43 [umol/kg]
# name 17 = sbox1Mm/Kg: Oxygen, SBE 43, 2 [umol/kg]
# name 18 = sbeox0V: Oxygen raw, SBE 43 [V]
# name 19 = sbeox1V: Oxygen raw, SBE 43, 2 [V]
# name 20 = v4: Voltage 4
# name 21 = flECO-AFL: Fluorescence, WET Labs ECO-AFL/FL [mg/m^3]
# name 22 = v3: Voltage 3
# name 23 = v6: Voltage 6
# name 24 = v7: Voltage 7
# name 25 = longitude: Longitude [deg]
# name 26 = latitude: Latitude [deg]
# name 27 = altM: Altimeter [m]
# name 28 = nbf: Bottles Fired
# name 29 = flag:  0.000e+00
# interval = seconds: 0.0416667
# start_time = Jul 12 2021 20:00:48 [NMEA time, header]
# bad_flag = -9.990e-29
*END*
[from data line 194]
      17713    738.000      9.950     10.025    15.7762    15.7775  41.438821  41.440925    15.7747    15.7760    32.9923    32.9931    24.2542    24.2546     6.8930     7.1281    210.309    217.482     2.2686     2.2051     0.1270     2.1496     3.2796     0.1600     0.2381 -122.44422   37.83160      16.26          5  0.000e+00
      17714    738.042      9.950     10.025    15.7765    15.7772  41.439090  41.440858    15.7749    15.7757    32.9923    32.9933    24.2542    24.2548     6.8930     7.1231    210.308    217.327     2.2686     2.2039     0.1270     2.1496     3.2821     0.1587     0.2381 -122.44422   37.83160      16.19          5  0.000e+00
      17715    738.083     10.003     10.079    15.7764    15.7773  41.439090  41.440858    15.7749    15.7758    32.9923    32.9932    24.2543    24.2547     6.8930     7.1282    210.309    217.485     2.2686     2.2051     0.1270     2.1496     3.2796     0.1587     0.2381 -122.44422   37.83160      16.17          5  0.000e+00
      17716    738.125      9.911      9.985    15.7765    15.7773  41.438888  41.440589    15.7749    15.7758    32.9922    32.9929    24.2541    24.2545     6.8977     7.1281    210.451    217.482     2.2698     2.2051     0.1270     2.1496     3.2808     0.1587     0.2381 -122.44422   37.83160      16.17          5  0.000e+00
      17717    738.167      9.950     10.025    15.7765    15.7772  41.438955  41.440724    15.7749    15.7757    32.9922    32.9932    24.2542    24.2547     6.8977     7.1282    210.452    217.484     2.2698     2.2051     0.1270     2.1496     3.2796     0.1587     0.2381 -122.44422   37.83160      16.17          5  0.000e+00
      17718    738.208      9.950     10.025    15.7766    15.7773  41.439224  41.441127    15.7750    15.7758    32.9923    32.9934    24.2542    24.2549     6.8977     7.1281    210.451    217.483     2.2698     2.2051     0.1270     2.1496     3.2808     0.1587     0.2381 -122.44422   37.83160      16.17          5  0.000e+00
      17719    738.250      9.964     10.039    15.7765    15.7775  41.439359  41.440925    15.7749    15.7760    32.9926    32.9931    24.2544    24.2546     6.8977     7.1281    210.452    217.483     2.2698     2.2051     0.1270     2.1496     3.2808     0.1587     0.2381 -122.44422   37.83160      16.19          5  0.000e+00
      17720    738.292      9.950     10.025    15.7767    15.7772  41.439426  41.441127    15.7752    15.7757    32.9924    32.9935    24.2542    24.2550     6.9024     7.1282    210.595    217.483     2.2711     2.2051     0.1270     2.1496     3.2808     0.1587     0.2381 -122.44422   37.83160      16.21          5  0.000e+00
      17721    738.333     10.003     10.079    15.7766    15.7777  41.439292  41.440926    15.7751    15.7761    32.9923    32.9929    24.2542    24.2544     6.8977     7.1282    210.453    217.483     2.2698     2.2051     0.1270     2.1496     3.2808     0.1587     0.2381 -122.44422   37.83160      16.21          5  0.000e+00
      17722    738.375      9.950     10.025    15.7766    15.7775  41.439090  41.440858    15.7751    15.7760    32.9922    32.9930    24.2541    24.2546     6.8977     7.1281    210.452    217.483     2.2698     2.2051     0.1270     2.1496     3.2808     0.1587     0.2381 -122.44422   37.83160      16.21          5  0.000e+00
      17723    738.417      9.964     10.039    15.7766    15.7777  41.439695  41.441127    15.7750    15.7762    32.9928    32.9931    24.2545    24.2545     6.8977     7.1281    210.451    217.482     2.2698     2.2051     0.1270     2.1496     3.2796     0.1587     0.2381 -122.44422   37.83160      16.21          5  0.000e+00
      17724    738.458      9.950     10.025    15.7766    15.7777  41.439561  41.440925    15.7751    15.7761    32.9926    32.9929    24.2544    24.2545     6.8977     7.1281    210.451    217.482     2.2698     2.2051     0.1270     2.1496     3.2796     0.1587     0.2381 -122.44422   37.83160      16.21          5  0.000e+00
      17725    738.500     10.003     10.079    15.7766    15.7777  41.439561  41.440858    15.7751    15.7761    32.9926    32.9929    24.2544    24.2544     6.8977     7.1282    210.452    217.483     2.2698     2.2051     0.1282     2.1801     3.2796     0.1587     0.2369 -122.44422   37.83160      16.19          5  0.000e+00
      17726    738.542      9.950     10.025    15.7767    15.7774  41.439157  41.441127    15.7752    15.7758    32.9921    32.9934    24.2540    24.2548     6.8977     7.1281    210.451    217.483     2.2698     2.2051     0.1282     2.1801     3.2808     0.1587     0.2369 -122.44422   37.83160      16.14          5  0.000e+00
      17727    738.583      9.964     10.039    15.7765    15.7777  41.439225  41.440925    15.7749    15.7761    32.9924    32.9929    24.2543    24.2544     6.8977     7.1281    210.452    217.482     2.2698     2.2051     0.1282     2.1801     3.2808     0.1587     0.2369 -122.44422   37.83160      16.12          5  0.000e+00
      17728    738.625     10.003     10.079    15.7767    15.7775  41.439359  41.441127    15.7752    15.7759    32.9923    32.9932    24.2542    24.2547     6.8977     7.1282    210.452    217.484     2.2698     2.2051     0.1282     2.1801     3.2808     0.1587     0.2381 -122.44422   37.83160      16.14          5  0.000e+00
      17729    738.667     10.003     10.079    15.7765    15.7777  41.439427  41.440926    15.7749    15.7762    32.9926    32.9929    24.2545    24.2544     6.8977     7.1282    210.453    217.483     2.2698     2.2051     0.1282     2.1801     3.2808     0.1587     0.2381 -122.44422   37.83160      16.14          5  0.000e+00
      17730    738.708      9.950     10.025    15.7765    15.7775  41.439561  41.441127    15.7749    15.7760    32.9927    32.9933    24.2546    24.2547     6.8977     7.1281    210.451    217.482     2.2698     2.2051     0.1282     2.1801     3.2796     0.1587     0.2381 -122.44422   37.83160      16.14          5  0.000e+00
      17731    738.750      9.964     10.039    15.7766    15.7775  41.439157  41.441262    15.7750    15.7760    32.9923    32.9934    24.2542    24.2548     6.8977     7.1230    210.452    217.326     2.2698     2.2039     0.1282     2.1801     3.2796     0.1587     0.2381 -122.44422   37.83160      16.14          5  0.000e+00
      17732    738.792     10.003     10.079    15.7765    15.7777  41.438888  41.440926    15.7749    15.7762    32.9921    32.9929    24.2541    24.2544     6.8978     7.1282    210.454    217.483     2.2698     2.2051     0.1282     2.1801     3.2808     0.1587     0.2381 -122.44420   37.83160      16.14          5  0.000e+00
      17733    738.833      9.950     10.025    15.7766    15.7777  41.439292  41.440858    15.7750    15.7761    32.9924    32.9929    24.2543    24.2544     6.8930     7.1230    210.307    217.326     2.2686     2.2039     0.1282     2.1801     3.2796     0.1587     0.2381 -122.44420   37.83160      16.14          5  0.000e+00
      17734    738.875      9.964     10.039    15.7766    15.7778  41.439292  41.441127    15.7751    15.7763    32.9924    32.9930    24.2542    24.2544     6.8977     7.1230    210.452    217.325     2.2698     2.2039     0.1282     2.1801     3.2808     0.1587     0.2381 -122.44420   37.83160      16.14          5  0.000e+00
      17735    738.917     10.003     10.079    15.7766    15.7775  41.439359  41.441262    15.7751    15.7760    32.9924    32.9933    24.2543    24.2548     6.8977     7.1231    210.453    217.327     2.2698     2.2039     0.1282     2.1801     3.2808     0.1587     0.2381 -122.44420   37.83160      16.14          5  0.000e+00
      17736    738.958     10.003     10.079    15.7764    15.7777  41.439090  41.440926    15.7749    15.7761    32.9923    32.9929    24.2543    24.2544     6.8978     7.1231    210.454    217.327     2.2698     2.2039     0.1282     2.1801     3.2808     0.1587     0.2381 -122.44420   37.83160      16.14          5  0.000e+00
      17737    739.000      9.950     10.025    15.7765    15.7777  41.438888  41.440858    15.7749    15.7761    32.9921    32.9929    24.2541    24.2544     6.8977     7.1230    210.452    217.326     2.2698     2.2039     0.1282     2.1801     3.2808     0.1587     0.2381 -122.44420   37.83160      16.17          5  0.000e+00
      17738    739.042     10.010     10.085    15.7765    15.7779  41.438956  41.440858    15.7749    15.7763    32.9922    32.9927    24.2541    24.2542     6.8930     7.1230    210.310    217.327     2.2686     2.2039     0.1282     2.1801     3.2808     0.1587     0.2393 -122.44420   37.83160      16.17          5  0.000e+00
      17739    739.083     10.003     10.079    15.7766    15.7778  41.439225  41.441127    15.7750    15.7763    32.9923    32.9930    24.2542    24.2544     6.8930     7.1230    210.309    217.326     2.2686     2.2039     0.1282     2.1801     3.2808     0.1587     0.2393 -122.44420   37.83160      16.17          5  0.000e+00
      17740    739.125      9.950     10.025    15.7765    15.7778  41.439359  41.441261    15.7749    15.7763    32.9926    32.9931    24.2544    24.2545     6.8930     7.1230    210.308    217.325     2.2686     2.2039     0.1282     2.1801     3.2808     0.1600     0.2393 -122.44420   37.83160      16.17          5  0.000e+00
      17741    739.167     10.003     10.079    15.7766    15.7779  41.439561  41.440925    15.7750    15.7763    32.9926    32.9927    24.2544    24.2543     6.8930     7.1230    210.308    217.327     2.2686     2.2039     0.1282     2.1801     3.2808     0.1587     0.2381 -122.44420   37.83160      16.17          5  0.000e+00
      17742    739.208      9.964     10.039    15.7768    15.7777  41.439426  41.441127    15.7752    15.7761    32.9923    32.9931    24.2542    24.2546     6.8929     7.1230    210.307    217.326     2.2686     2.2039     0.1282     2.1801     3.2808     0.1587     0.2381 -122.44420   37.83160      16.17          5  0.000e+00
      17743    739.250     10.003     10.079    15.7768    15.7777  41.439292  41.441262    15.7752    15.7761    32.9922    32.9932    24.2541    24.2547     6.8930     7.1230    210.308    217.327     2.2686     2.2039     0.1282     2.1801     3.2796     0.1587     0.2381 -122.44420   37.83160      16.19          5  0.000e+00
      17744    739.292      9.950     10.025    15.7767    15.7777  41.439359  41.441463    15.7752    15.7762    32.9923    32.9934    24.2542    24.2548     6.8929     7.1230    210.307    217.325     2.2686     2.2039     0.1282     2.1801     3.2796     0.1587     0.2393 -122.44420   37.83160      16.26          5  0.000e+00
      17745    739.333     10.003     10.079    15.7770    15.7778  41.439090  41.440993    15.7754    15.7763    32.9919    32.9928    24.2538    24.2543     6.8930     7.1230    210.308    217.327     2.2686     2.2039     0.1282     2.1801     3.2796     0.1587     0.2393 -122.44420   37.83160      16.29          5  0.000e+00
      17746    739.375      9.964     10.039    15.7771    15.7777  41.439426  41.441127    15.7755    15.7761    32.9921    32.9931    24.2539    24.2546     6.8929     7.1230    210.306    217.326     2.2686     2.2039     0.1282     2.1801     3.2821     0.1587     0.2381 -122.44420   37.83160      16.31          5  0.000e+00
      17747    739.417     10.003     10.079    15.7768    15.7779  41.439696  41.441262    15.7752    15.7763    32.9926    32.9930    24.2544    24.2545     6.8930     7.1230    210.308    217.326     2.2686     2.2039     0.1282     2.1801     3.2796     0.1587     0.2393 -122.44420   37.83160      16.29          5  0.000e+00
      17748    739.458     10.003     10.079    15.7768    15.7780  41.439628  41.442068    15.7752    15.7765    32.9925    32.9937    24.2543    24.2549     6.8930     7.1230    210.308    217.325     2.2686     2.2039     0.1282     2.1801     3.2796     0.1587     0.2393 -122.44420   37.83160      16.29          5  0.000e+00
      17751    739.583     10.003     10.079    15.7766    15.7780  41.439696  41.440993    15.7751    15.7765    32.9927    32.9927    24.2545    24.2542     6.8930     7.1230    210.308    217.326     2.2686     2.2039     0.1270     2.1496     3.2796     0.1587     0.2381 -122.44420   37.83160      16.24          6  0.000e+00
      17752    739.625      9.904      9.979    15.7771    15.7780  41.439359  41.440858    15.7755    15.7765    32.9921    32.9926    24.2539    24.2541     6.8929     7.1229    210.304    217.324     2.2686     2.2039     0.1270     2.1496     3.2796     0.1587     0.2381 -122.44420   37.83160      16.24          6  0.000e+00
      17753    739.667     10.010     10.085    15.7768    15.7780  41.439628  41.441127    15.7752    15.7765    32.9925    32.9928    24.2543    24.2542     6.8930     7.1179    210.308    217.170     2.2686     2.2027     0.1270     2.1496     3.2808     0.1587     0.2381 -122.44420   37.83160      16.26          6  0.000e+00
      17754    739.708     10.003     10.079    15.7771    15.7780  41.439494  41.441262    15.7755    15.7765    32.9921    32.9929    24.2540    24.2544     6.8930     7.1179    210.307    217.170     2.2686     2.2027     0.1270     2.1496     3.2821     0.1587     0.2381 -122.44420   37.83160      16.24          6  0.000e+00
      17755    739.750      9.950     10.025    15.7770    15.7777  41.440099  41.441261    15.7754    15.7762    32.9928    32.9932    24.2545    24.2546     6.8929     7.1179    210.305    217.169     2.2686     2.2027     0.1270     2.1496     3.2808     0.1587     0.2381 -122.44420   37.83160      16.21          6  0.000e+00
      17756    739.792     10.003     10.079    15.7773    15.7778  41.439897  41.441262    15.7757    15.7763    32.9923    32.9931    24.2541    24.2545     6.8929     7.1179    210.306    217.170     2.2686     2.2027     0.1270     2.1496     3.2808     0.1587     0.2393 -122.44420   37.83160      16.14          6  0.000e+00
      17757    739.833      9.964     10.039    15.7769    15.7777  41.439897  41.440925    15.7754    15.7761    32.9927    32.9929    24.2544    24.2544     6.8976     7.1179    210.450    217.170     2.2698     2.2027     0.1270     2.1496     3.2808     0.1587     0.2393 -122.44420   37.83160      16.14          6  0.000e+00
      17758    739.875     10.003     10.079    15.7771    15.7779  41.439561  41.441127    15.7756    15.7763    32.9922    32.9929    24.2540    24.2544     6.8977     7.1179    210.451    217.170     2.2698     2.2027     0.1270     2.1496     3.2796     0.1587     0.2393 -122.44420   37.83160      16.14          6  0.000e+00
      17759    739.917      9.950     10.025    15.7767    15.7778  41.439292  41.441261    15.7752    15.7763    32.9923    32.9931    24.2541    24.2545     6.8977     7.1179    210.451    217.169     2.2698     2.2027     0.1270     2.1496     3.2808     0.1587     0.2393 -122.44420   37.83160      16.14          6  0.000e+00
      17760    739.958      9.950     10.025    15.7770    15.7780  41.439628  41.440925    15.7754    15.7765    32.9924    32.9927    24.2542    24.2542     6.8976     7.1178    210.450    217.169     2.2698     2.2027     0.1270     2.1496     3.2808     0.1587     0.2381 -122.44420   37.83160      16.14          6  0.000e+00
      17761    740.000     10.010     10.085    15.7770    15.7777  41.439494  41.440858    15.7754    15.7762    32.9922    32.9928    24.2541    24.2544     6.8977     7.1179    210.452    217.171     2.2698     2.2027     0.1270     2.1496     3.2796     0.1587     0.2393 -122.44420   37.83160      16.17          6  0.000e+00
