West Coast/WCOA-7/CTD_Data/RB2102_CTD_105_01.ros
* Sea-Bird SBE 9 Data File:
* FileName = C:\Users\scs.user.rb\CTD\RB2102\Data\RB2102_CTD_105_01.hex
* Software Version Seasave V 7.26.7.107
* Temperature SN = 6202
* Conductivity SN = 4907
* Number of Bytes Per Scan = 41
* Number of Voltage Words = 4
* Number of Scans Averaged by the Deck Unit = 1
* NMEA Latitude = 35 28.62 N
* NMEA Longitude = 121 36.70 W
* NMEA UTC (Time) = Jul 15 2021  18:54:04
* NMEA baud rate = 4800
# nquan = 30
# nvalues = 991                                   
# units = specified
# name 0 = scan: Scan Count
# name 1 = timeS: Time, Elapsed [seconds]
# name 2 = depSM: Depth [salt water, m]
# name 3 = prDM: Pressure, Digiquartz [db]
# name 4 = t090C: Temperature [ITS-90, deg C]
# name 5 = t190C: Temperature, 2 [ITS-90, deg C]
# name 6 = c0mS/cm: Conductivity [mS/cm]
# name 7 = c1mS/cm: Conductivity, 2 [mS/cm]
# name 8 = potemp090C: Potential Temperature [ITS-90, deg C]
# name 9 = potemp190C: Potential Temperature, 2 [ITS-90, deg C]
# name 10 = sal00: Salinity, Practical [PSU]
# name 11 = sal11: Salinity, Practical, 2 [PSU]
# name 12 = sigma-é00: Density [sigma-theta, kg/m^3]
# name 13 = sigma-é11: Density, 2 [sigma-theta, kg/m^3]
# name 14 = sbeox0Mg/L: Oxygen, SBE 43 [mg/l]
# name 15 = sbeox1Mg/L: Oxygen, SBE 43, 2 [mg/l]
# name 16 = sbox0Mm/Kg: Oxygen, SBE 43 [umol/kg]
# name 17 = sbox1Mm/Kg: Oxygen, SBE 43, 2 [umol/kg]
# name 18 = sbeox0V: Oxygen raw, SBE 43 [V]
# name 19 = sbeox1V: Oxygen raw, SBE 43, 2 [V]
# name 20 = v4: Voltage 4
# name 21 = flECO-AFL: Fluorescence, WET Labs ECO-AFL/FL [mg/m^3]
# name 22 = v3: Voltage 3
# name 23 = v6: Voltage 6
# name 24 = v7: Voltage 7
# name 25 = longitude: Longitude [deg]
# name 26 = latitude: Latitude [deg]
# name 27 = altM: Altimeter [m]
# name 28 = nbf: Bottles Fired
# name 29 = flag:  0.000e+00
# interval = seconds: 0.0416667
# start_time = Jul 15 2021 18:54:04 [NMEA time, header]
# bad_flag = -9.990e-29
*END*
[from data line 822]
     107160   4464.958     14.551     14.658    13.9969    13.9979  40.523041  40.524954    13.9949    13.9958    33.6807    33.6816    25.1687    25.1692     7.3952     7.5469    225.431    230.053     2.3370     2.2442     0.1038     1.5696     3.1722     0.0305     0.0611 -121.61380   35.47536      99.41         18  0.000e+00
     107161   4465.000     14.657     14.765    13.9969    13.9979  40.523042  40.524954    13.9948    13.9958    33.6807    33.6816    25.1687    25.1692     7.3954     7.5523    225.434    230.218     2.3370     2.2454     0.1038     1.5696     3.1709     0.0305     0.0611 -121.61380   35.47536      99.41         18  0.000e+00
     107162   4465.042     14.598     14.705    13.9968    13.9979  40.523241  40.525220    13.9947    13.9958    33.6810    33.6819    25.1689    25.1694     7.3953     7.5469    225.433    230.054     2.3370     2.2442     0.1038     1.5696     3.1709     0.0305     0.0598 -121.61380   35.47536      99.41         18  0.000e+00
     107163   4465.083     14.651     14.758    13.9972    13.9979  40.523641  40.525354    13.9951    13.9958    33.6809    33.6820    25.1688    25.1695     7.3953     7.5470    225.432    230.055     2.3370     2.2442     0.1038     1.5696     3.1722     0.0305     0.0598 -121.61380   35.47536      99.44         18  0.000e+00
     107164   4465.125     14.604     14.712    13.9968    13.9980  40.523441  40.525353    13.9947    13.9959    33.6812    33.6818    25.1691    25.1693     7.3953     7.5522    225.432    230.215     2.3370     2.2454     0.1038     1.5696     3.1709     0.0305     0.0611 -121.61380   35.47536      99.44         18  0.000e+00
     107165   4465.167     14.598     14.705    13.9969    13.9982  40.523641  40.525553    13.9949    13.9961    33.6812    33.6819    25.1691    25.1693     7.3953     7.5521    225.431    230.214     2.3370     2.2454     0.1013     1.5086     3.1709     0.0317     0.0611 -121.61380   35.47536      99.41         18  0.000e+00
     107166   4465.208     14.598     14.705    13.9969    13.9982  40.523441  40.525420    13.9948    13.9961    33.6811    33.6817    25.1690    25.1692     7.3953     7.5469    225.432    230.052     2.3370     2.2442     0.0977     1.4170     3.1722     0.0305     0.0611 -121.61380   35.47536      99.41         18  0.000e+00
     107167   4465.250     14.604     14.712    13.9971    13.9982  40.523641  40.525353    13.9950    13.9961    33.6810    33.6817    25.1689    25.1692     7.4001     7.5522    225.580    230.214     2.3382     2.2454     0.0965     1.3865     3.1709     0.0305     0.0611 -121.61380   35.47536      99.41         18  0.000e+00
     107168   4465.292     14.598     14.705    13.9972    13.9982  40.523975  40.525553    13.9951    13.9961    33.6813    33.6819    25.1691    25.1693     7.4001     7.5521    225.579    230.214     2.3382     2.2454     0.0965     1.3865     3.1722     0.0305     0.0611 -121.61380   35.47536      99.44         18  0.000e+00
     107169   4465.333     14.598     14.705    13.9973    13.9980  40.523841  40.525420    13.9952    13.9959    33.6811    33.6819    25.1689    25.1694     7.4001     7.5522    225.579    230.214     2.3382     2.2454     0.0965     1.3865     3.1709     0.0317     0.0598 -121.61380   35.47536      99.44         18  0.000e+00
     107170   4465.375     14.604     14.712    13.9972    13.9981  40.523975  40.525353    13.9951    13.9960    33.6813    33.6818    25.1691    25.1693     7.4001     7.5522    225.579    230.215     2.3382     2.2454     0.0965     1.3865     3.1709     0.0317     0.0598 -121.61380   35.47536      99.41         18  0.000e+00
     107171   4465.417     14.598     14.705    13.9975    13.9982  40.524108  40.525353    13.9954    13.9961    33.6812    33.6817    25.1690    25.1692     7.3952     7.5522    225.429    230.214     2.3370     2.2454     0.0965     1.3865     3.1709     0.0317     0.0611 -121.61380   35.47536      99.41         18  0.000e+00
     107172   4465.458     14.651     14.759    13.9975    13.9984  40.524108  40.525820    13.9954    13.9963    33.6812    33.6819    25.1689    25.1694     7.4001     7.5522    225.579    230.214     2.3382     2.2454     0.0965     1.3865     3.1709     0.0317     0.0611 -121.61380   35.47536      99.41         18  0.000e+00
     107173   4465.500     14.605     14.712    13.9974    13.9982  40.524308  40.525487    13.9953    13.9961    33.6814    33.6818    25.1692    25.1693     7.4001     7.5522    225.578    230.214     2.3382     2.2454     0.0965     1.3865     3.1722     0.0317     0.0611 -121.61380   35.47536      99.44         18  0.000e+00
     107174   4465.542     14.598     14.705    13.9978    13.9980  40.524174  40.525553    13.9957    13.9959    33.6810    33.6820    25.1687    25.1695     7.4000     7.5522    225.577    230.214     2.3382     2.2454     0.0977     1.4170     3.1709     0.0317     0.0598 -121.61380   35.47536      99.41         18  0.000e+00
     107175   4465.583     14.598     14.705    13.9975    13.9984  40.524108  40.525420    13.9955    13.9963    33.6811    33.6816    25.1689    25.1691     7.4001     7.5521    225.578    230.213     2.3382     2.2454     0.0965     1.3865     3.1722     0.0317     0.0598 -121.61380   35.47536      99.44         18  0.000e+00
     107176   4465.625     14.605     14.712    13.9979    13.9980  40.524641  40.525087    13.9958    13.9959    33.6812    33.6816    25.1689    25.1692     7.4000     7.5522    225.576    230.215     2.3382     2.2454     0.0977     1.4170     3.1722     0.0317     0.0598 -121.61380   35.47536      99.44         18  0.000e+00
     107177   4465.667     14.598     14.705    13.9980    13.9982  40.524508  40.525220    13.9959    13.9961    33.6811    33.6815    25.1688    25.1691     7.4000     7.5575    225.575    230.376     2.3382     2.2466     0.0977     1.4170     3.1709     0.0330     0.0635 -121.61380   35.47536      99.44         18  0.000e+00
     107178   4465.708     14.598     14.705    13.9978    13.9979  40.524174  40.525553    13.9957    13.9958    33.6810    33.6822    25.1687    25.1696     7.4000     7.5522    225.577    230.215     2.3382     2.2454     0.0965     1.3865     3.1722     0.0342     0.0647 -121.61380   35.47536      99.41         18  0.000e+00
     107179   4465.750     14.658     14.765    13.9983    13.9979  40.524308  40.525420    13.9962    13.9958    33.6806    33.6820    25.1684    25.1695     7.4000     7.5523    225.577    230.217     2.3382     2.2454     0.0977     1.4170     3.1709     0.0330     0.0635 -121.61380   35.47536      99.44         18  0.000e+00
     107180   4465.792     14.598     14.705    13.9978    13.9982  40.524441  40.525553    13.9958    13.9961    33.6811    33.6819    25.1689    25.1693     7.3951     7.5521    225.427    230.214     2.3370     2.2454     0.0977     1.4170     3.1722     0.0366     0.0720 -121.61380   35.47536      99.44         18  0.000e+00
     107181   4465.833     14.598     14.705    13.9979    13.9982  40.524441  40.525420    13.9958    13.9961    33.6811    33.6817    25.1688    25.1692     7.4000     7.5522    225.576    230.214     2.3382     2.2454     0.0965     1.3865     3.1722     0.0379     0.0708 -121.61380   35.47536      99.44         18  0.000e+00
     107182   4465.875     14.658     14.765    13.9977    13.9982  40.524441  40.525553    13.9956    13.9961    33.6813    33.6818    25.1690    25.1693     7.3952     7.5522    225.430    230.215     2.3370     2.2454     0.0965     1.3865     3.1709     0.0354     0.0647 -121.61380   35.47536      99.44         18  0.000e+00
     107183   4465.917     14.598     14.705    13.9979    13.9984  40.523908  40.525686    13.9958    13.9963    33.6806    33.6818    25.1684    25.1693     7.3951     7.5574    225.428    230.374     2.3370     2.2466     0.0965     1.3865     3.1709     0.0342     0.0635 -121.61380   35.47536      99.41         18  0.000e+00
     107184   4465.958     14.598     14.705    13.9977    13.9982  40.524241  40.525886    13.9956    13.9961    33.6811    33.6822    25.1689    25.1696     7.3952     7.5574    225.428    230.375     2.3370     2.2466     0.0977     1.4170     3.1709     0.0330     0.0623 -121.61380   35.47536      99.41         18  0.000e+00
     107185   4466.000     14.658     14.765    13.9984    13.9986  40.524974  40.526020    13.9963    13.9965    33.6811    33.6820    25.1687    25.1693     7.3951     7.5521    225.426    230.213     2.3370     2.2454     0.0965     1.3865     3.1709     0.0330     0.0611 -121.61380   35.47536      99.44         18  0.000e+00
     107186   4466.042     14.598     14.705    13.9986    13.9984  40.525174  40.526020    13.9965    13.9963    33.6811    33.6821    25.1687    25.1695     7.3901     7.5521    225.275    230.212     2.3358     2.2454     0.0965     1.3865     3.1722     0.0330     0.0635 -121.61380   35.47536      99.41         18  0.000e+00
     107187   4466.083     14.651     14.759    13.9985    13.9984  40.525174  40.525753    13.9964    13.9963    33.6812    33.6819    25.1688    25.1693     7.3902     7.5575    225.277    230.376     2.3358     2.2466     0.0965     1.3865     3.1722     0.0342     0.0647 -121.61380   35.47536      99.41         18  0.000e+00
     107188   4466.125     14.605     14.712    13.9984    13.9986  40.524574  40.525686    13.9964    13.9965    33.6807    33.6816    25.1684    25.1691     7.3902     7.5574    225.277    230.374     2.3358     2.2466     0.0977     1.4170     3.1709     0.0330     0.0623 -121.61380   35.47536      99.41         18  0.000e+00
     107189   4466.167     14.651     14.759    13.9982    13.9986  40.524708  40.525420    13.9961    13.9965    33.6811    33.6814    25.1687    25.1689     7.3902     7.5522    225.279    230.214     2.3358     2.2454     0.0977     1.4170     3.1709     0.0330     0.0611 -121.61380   35.47536      99.41         18  0.000e+00
     107190   4466.208     14.651     14.759    13.9983    13.9986  40.524241  40.525553    13.9962    13.9965    33.6806    33.6815    25.1683    25.1690     7.3903     7.5575    225.279    230.375     2.3358     2.2466     0.0965     1.3865     3.1722     0.0317     0.0611 -121.61380   35.47536      99.41         18  0.000e+00
     107191   4466.250     14.658     14.766    13.9980    13.9986  40.524575  40.525687    13.9959    13.9965    33.6811    33.6816    25.1688    25.1691     7.3903     7.5575    225.280    230.375     2.3358     2.2466     0.0977     1.4170     3.1709     0.0317     0.0611 -121.61380   35.47536      99.41         18  0.000e+00
     107192   4466.292     14.651     14.759    13.9981    13.9984  40.525041  40.525420    13.9960    13.9963    33.6815    33.6816    25.1690    25.1691     7.3854     7.5575    225.130    230.376     2.3346     2.2466     0.0977     1.4170     3.1709     0.0317     0.0611 -121.61380   35.47536      99.41         18  0.000e+00
     107193   4466.333     14.651     14.759    13.9981    13.9984  40.524575  40.525553    13.9960    13.9963    33.6810    33.6817    25.1687    25.1692     7.3903     7.5522    225.279    230.215     2.3358     2.2454     0.0977     1.4170     3.1722     0.0317     0.0611 -121.61380   35.47536      99.44         18  0.000e+00
     107194   4466.375     14.658     14.766    13.9980    13.9984  40.524175  40.525887    13.9959    13.9963    33.6807    33.6820    25.1685    25.1694     7.3903     7.5575    225.280    230.376     2.3358     2.2466     0.0977     1.4170     3.1722     0.0317     0.0611 -121.61380   35.47536      99.41         18  0.000e+00
     107195   4466.417     14.651     14.759    13.9981    13.9984  40.524641  40.525753    13.9960    13.9963    33.6811    33.6819    25.1688    25.1693     7.3903     7.5575    225.279    230.376     2.3358     2.2466     0.0977     1.4170     3.1709     0.0317     0.0611 -121.61380   35.47536      99.44         18  0.000e+00
     107196   4466.458     14.698     14.806    13.9982    13.9986  40.525041  40.525887    13.9961    13.9965    33.6814    33.6818    25.1690    25.1692     7.3903     7.5575    225.279    230.376     2.3358     2.2466     0.0977     1.4170     3.1709     0.0317     0.0598 -121.61380   35.47536      99.41         18  0.000e+00
     107197   4466.500     14.658     14.766    13.9983    13.9986  40.524908  40.526020    13.9962    13.9965    33.6812    33.6820    25.1688    25.1693     7.3854     7.5574    225.129    230.375     2.3346     2.2466     0.0977     1.4170     3.1722     0.0317     0.0598 -121.61380   35.47536      99.41         18  0.000e+00
     107198   4466.542     14.651     14.759    13.9982    13.9989  40.524508  40.526553    13.9961    13.9968    33.6809    33.6822    25.1686    25.1695     7.3854     7.5521    225.130    230.211     2.3346     2.2454     0.0977     1.4170     3.1722     0.0317     0.0598 -121.61380   35.47536      99.44         18  0.000e+00
     109569   4565.333     10.048     10.121    14.2417    14.2422  40.753027  40.755218    14.2403    14.2408    33.6812    33.6828    25.1177    25.1189     7.6933     7.8659    234.528    239.788     2.4225     2.3284     0.1099     1.7223     3.1697     0.0354     0.0635 -121.61390   35.47530      99.49         19  0.000e+00
     109570   4565.375     10.081     10.155    14.2411    14.2429  40.752694  40.755485    14.2397    14.2414    33.6814    33.6824    25.1180    25.1185     7.6934     7.8658    234.531    239.786     2.4225     2.3284     0.1099     1.7223     3.1709     0.0354     0.0611 -121.61390   35.47530      99.49         19  0.000e+00
     109571   4565.417     10.081     10.155    14.2409    14.2434  40.751825  40.755686    14.2394    14.2419    33.6808    33.6822    25.1176    25.1182     7.6935     7.8657    234.533    239.784     2.4225     2.3284     0.1099     1.7223     3.1697     0.0354     0.0598 -121.61390   35.47530      99.49         19  0.000e+00
     109572   4565.458     10.034     10.108    14.2398    14.2441  40.750890  40.755886    14.2383    14.2427    33.6809    33.6817    25.1180    25.1177     7.6936     7.8656    234.537    239.780     2.4225     2.3284     0.1099     1.7223     3.1709     0.0342     0.0586 -121.61390   35.47530      99.49         19  0.000e+00
     109573   4565.500     10.094     10.168    14.2390    14.2437  40.750021  40.755686    14.2376    14.2423    33.6807    33.6819    25.1180    25.1179     7.6938     7.8657    234.543    239.784     2.4225     2.3284     0.1099     1.7223     3.1697     0.0342     0.0574 -121.61390   35.47530      99.49         19  0.000e+00
     109574   4565.542     10.081     10.155    14.2378    14.2431  40.749220  40.756487    14.2363    14.2416    33.6811    33.6832    25.1185    25.1190     7.6940     7.8657    234.548    239.784     2.4225     2.3284     0.1087     1.6917     3.1697     0.0342     0.0574 -121.61390   35.47530      99.49         19  0.000e+00
     109575   4565.583     10.081     10.155    14.2362    14.2439  40.748018  40.757489    14.2348    14.2424    33.6814    33.6834    25.1190    25.1190     7.6942     7.8656    234.555    239.780     2.4225     2.3284     0.1074     1.6612     3.1697     0.0342     0.0586 -121.61390   35.47530      99.49         19  0.000e+00
     109576   4565.625     10.134     10.208    14.2351    14.2444  40.746214  40.757956    14.2336    14.2430    33.6806    33.6833    25.1187    25.1189     7.6945     7.8655    234.563    239.779     2.4225     2.3284     0.1074     1.6612     3.1697     0.0342     0.0586 -121.61390   35.47530      99.51         19  0.000e+00
     109577   4565.667     10.081     10.155    14.2342    14.2447  40.745813  40.758958    14.2327    14.2433    33.6811    33.6840    25.1193    25.1193     7.6945     7.8654    234.565    239.774     2.4225     2.3284     0.1074     1.6612     3.1697     0.0342     0.0586 -121.61390   35.47530      99.51         19  0.000e+00
