West Coast/WCOA-7/CTD_Data/RB2102_CTD_036_01.ros
* Sea-Bird SBE 9 Data File:
* FileName = C:\Users\scs.user.rb\CTD\RB2102\Data\RB2102_CTD_036_01.hex
* Software Version Seasave V 7.26.7.107
* Temperature SN = 6202
* Conductivity SN = 4907
* Number of Bytes Per Scan = 41
* Number of Voltage Words = 4
* Number of Scans Averaged by the Deck Unit = 1
* NMEA Latitude = 47 07.11 N
* NMEA Longitude = 126 05.07 W
* NMEA UTC (Time) = Jul 01 2021  22:22:45
* NMEA baud rate = 4800
# nquan = 30
# nvalues = 1169                                  
# units = specified
# name 0 = scan: Scan Count
# name 1 = timeS: Time, Elapsed [seconds]
# name 2 = depSM: Depth [salt water, m]
# name 3 = prDM: Pressure, Digiquartz [db]
# name 4 = t090C: Temperature [ITS-90, deg C]
# name 5 = t190C: Temperature, 2 [ITS-90, deg C]
# name 6 = c0mS/cm: Conductivity [mS/cm]
# name 7 = c1mS/cm: Conductivity, 2 [mS/cm]
# name 8 = potemp090C: Potential Temperature [ITS-90, deg C]
# name 9 = potemp190C: Potential Temperature, 2 [ITS-90, deg C]
# name 10 = sal00: Salinity, Practical [PSU]
# name 11 = sal11: Salinity, Practical, 2 [PSU]
# name 12 = sigma-é00: Density [sigma-theta, kg/m^3]
# name 13 = sigma-é11: Density, 2 [sigma-theta, kg/m^3]
# name 14 = sbeox0Mg/L: Oxygen, SBE 43 [mg/l]
# name 15 = sbeox1Mg/L: Oxygen, SBE 43, 2 [mg/l]
# name 16 = sbox0Mm/Kg: Oxygen, SBE 43 [umol/kg]
# name 17 = sbox1Mm/Kg: Oxygen, SBE 43, 2 [umol/kg]
# name 18 = sbeox0V: Oxygen raw, SBE 43 [V]
# name 19 = sbeox1V: Oxygen raw, SBE 43, 2 [V]
# name 20 = v4: Voltage 4
# name 21 = flECO-AFL: Fluorescence, WET Labs ECO-AFL/FL [mg/m^3]
# name 22 = v3: Voltage 3
# name 23 = v6: Voltage 6
# name 24 = v7: Voltage 7
# name 25 = longitude: Longitude [deg]
# name 26 = latitude: Latitude [deg]
# name 27 = altM: Altimeter [m]
# name 28 = nbf: Bottles Fired
# name 29 = flag:  0.000e+00
# interval = seconds: 0.0416667
# start_time = Jul 01 2021 22:22:45 [NMEA time, header]
# bad_flag = -9.990e-29
*END*
[from data line 532]
     184514   7688.042    149.146    150.451     7.9639     7.9666  35.067671  35.069754     7.9491     7.9518    33.7359    33.7355    26.2886    26.2879     4.4257     4.5124    134.764    137.403     1.4383     1.3932     0.0403    -0.0177     3.1807     1.5140     0.0000 -126.08588   47.11788      99.58         11  0.000e+00
     184515   7688.083    149.146    150.451     7.9640     7.9669  35.067545  35.069503     7.9492     7.9520    33.7357    33.7350    26.2884    26.2874     4.4257     4.5124    134.764    137.402     1.4383     1.3932     0.0403    -0.0177     3.1795     1.5153     0.0000 -126.08588   47.11788      99.58         11  0.000e+00
     184516   7688.125    149.086    150.390     7.9639     7.9668  35.067671  35.069880     7.9490     7.9520    33.7360    33.7355    26.2886    26.2878     4.4257     4.5124    134.763    137.401     1.4383     1.3932     0.0403    -0.0177     3.1807     1.5140     0.0000 -126.08588   47.11788      99.58         11  0.000e+00
     184517   7688.167    149.053    150.357     7.9637     7.9670  35.067105  35.069502     7.9488     7.9522    33.7356    33.7349    26.2883    26.2873     4.4257     4.5123    134.763    137.400     1.4383     1.3932     0.0415     0.0129     3.1795     1.5140     0.0000 -126.08588   47.11788      99.58         11  0.000e+00
     184518   7688.208    149.086    150.390     7.9636     7.9672  35.067042  35.069628     7.9487     7.9523    33.7356    33.7349    26.2884    26.2873     4.4258     4.5123    134.764    137.401     1.4383     1.3932     0.0415     0.0129     3.1795     1.5140     0.0000 -126.08588   47.11788      99.58         11  0.000e+00
     184519   7688.250    149.000    150.303     7.9632     7.9672  35.066727  35.069502     7.9484     7.9523    33.7356    33.7348    26.2885    26.2872     4.4257     4.5061    134.764    137.210     1.4383     1.3919     0.0403    -0.0177     3.1795     1.5140     0.0000 -126.08588   47.11788      99.58         11  0.000e+00
     184520   7688.292    148.993    150.297     7.9632     7.9675  35.066475  35.069439     7.9484     7.9527    33.7354    33.7344    26.2883    26.2869     4.4257     4.5061    134.764    137.210     1.4383     1.3919     0.0403    -0.0177     3.1807     1.5140     0.0000 -126.08588   47.11788      99.58         11  0.000e+00
     187474   7811.375    123.600    124.673     7.9219     7.9223  34.737536  34.740289     7.9097     7.9101    33.4353    33.4378    26.0583    26.0602     5.3894     5.4960    164.144    167.391     1.6459     1.5873     0.0415     0.0129     3.1795     1.4579     0.0000 -126.08576   47.11790      99.44         12  0.000e+00
     187475   7811.417    123.600    124.673     7.9216     7.9223  34.737473  34.740477     7.9095     7.9101    33.4355    33.4380    26.0585    26.0604     5.3951     5.4960    164.317    167.391     1.6471     1.5873     0.0415     0.0129     3.1795     1.4579     0.0000 -126.08576   47.11790      99.46         12  0.000e+00
     187476   7811.458    123.507    124.580     7.9218     7.9223  34.737348  34.741166     7.9096     7.9101    33.4353    33.4388    26.0583    26.0610     5.3950     5.4959    164.315    167.388     1.6471     1.5873     0.0415     0.0129     3.1795     1.4579     0.0000 -126.08576   47.11790      99.46         12  0.000e+00
     187477   7811.500    123.600    124.673     7.9217     7.9223  34.737536  34.741166     7.9095     7.9101    33.4355    33.4388    26.0584    26.0609     5.3951     5.4898    164.317    167.201     1.6471     1.5861     0.0415     0.0129     3.1795     1.4579     0.0000 -126.08576   47.11790      99.46         12  0.000e+00
     187478   7811.542    123.507    124.580     7.9218     7.9223  34.737473  34.741103     7.9096     7.9101    33.4354    33.4388    26.0584    26.0609     5.3950     5.4959    164.315    167.388     1.6471     1.5873     0.0415     0.0129     3.1795     1.4579     0.0000 -126.08576   47.11790      99.44         12  0.000e+00
     187479   7811.583    123.573    124.647     7.9217     7.9222  34.737599  34.741103     7.9095     7.9100    33.4355    33.4389    26.0585    26.0610     5.3951     5.4960    164.316    167.390     1.6471     1.5873     0.0403    -0.0177     3.1783     1.4579     0.0000 -126.08576   47.11790      86.23         12  0.000e+00
     187480   7811.625    123.507    124.580     7.9218     7.9222  34.737410  34.741354     7.9096     7.9100    33.4353    33.4392    26.0583    26.0613     5.3950     5.4959    164.315    167.388     1.6471     1.5873     0.0403    -0.0177     3.1795     1.4579     0.0000 -126.08576   47.11790      50.16         12  0.000e+00
     187481   7811.667    123.507    124.580     7.9216     7.9222  34.737849  34.741667     7.9095     7.9100    33.4359    33.4395    26.0588    26.0615     5.3950     5.4959    164.315    167.387     1.6471     1.5873     0.0403    -0.0177     3.1795     1.4579     0.0000 -126.08576   47.11790      38.14         12  0.000e+00
     187482   7811.708    123.507    124.580     7.9216     7.9222  34.737975  34.741479     7.9094     7.9100    33.4361    33.4393    26.0589    26.0614     5.3950     5.4959    164.315    167.388     1.6471     1.5873     0.0403    -0.0177     3.1795     1.4579     0.0000 -126.08576   47.11790      38.93         12  0.000e+00
     187483   7811.750    123.507    124.580     7.9216     7.9223  34.737787  34.741416     7.9095     7.9101    33.4359    33.4391    26.0587    26.0612     5.3950     5.4959    164.315    167.387     1.6471     1.5873     0.0403    -0.0177     3.1783     1.4591     0.0000 -126.08576   47.11790      40.66         12  0.000e+00
     187484   7811.792    123.554    124.627     7.9214     7.9222  34.737411  34.741604     7.9092     7.9100    33.4357    33.4394    26.0586    26.0615     5.4008     5.4960    164.490    167.389     1.6484     1.5873     0.0403    -0.0177     3.1795     1.4579     0.0000 -126.08574   47.11790      41.12         12  0.000e+00
     187485   7811.833    123.454    124.527     7.9218     7.9225  34.737536  34.741729     7.9096     7.9103    33.4355    33.4393    26.0584    26.0613     5.4007     5.4958    164.487    167.385     1.6484     1.5873     0.0403    -0.0177     3.1783     1.4579     0.0000 -126.08574   47.11790      50.94         12  0.000e+00
     187486   7811.875    123.454    124.527     7.9219     7.9223  34.737661  34.741479     7.9097     7.9101    33.4355    33.4392    26.0584    26.0613     5.4006     5.4959    164.486    167.386     1.6484     1.5873     0.0415     0.0129     3.1783     1.4579     0.0000 -126.08574   47.11790      88.16         12  0.000e+00
     187487   7811.917    123.507    124.580     7.9219     7.9220  34.737410  34.741416     7.9097     7.9098    33.4352    33.4394    26.0582    26.0614     5.4007     5.4959    164.488    167.388     1.6484     1.5873     0.0403    -0.0177     3.1819     1.4579     0.0000 -126.08574   47.11790     100.00         12  0.000e+00
     187488   7811.958    123.507    124.580     7.9218     7.9220  34.737536  34.741416     7.9096     7.9098    33.4355    33.4394    26.0584    26.0615     5.4007     5.4959    164.488    167.388     1.6484     1.5873     0.0415     0.0129     3.1819     1.4579     0.0000 -126.08574   47.11790     100.00         12  0.000e+00
     187489   7812.000    123.454    124.527     7.9219     7.9220  34.737222  34.741667     7.9097     7.9099    33.4351    33.4397    26.0581    26.0617     5.4007     5.4959    164.487    167.387     1.6484     1.5873     0.0415     0.0129     3.1795     1.4591     0.0000 -126.08574   47.11790     100.00         12  0.000e+00
     187490   7812.042    123.507    124.580     7.9218     7.9222  34.737473  34.742419     7.9096     7.9100    33.4354    33.4403    26.0584    26.0622     5.4064     5.5021    164.661    167.575     1.6496     1.5885     0.0403    -0.0177     3.1795     1.4579     0.0000 -126.08574   47.11790      99.51         12  0.000e+00
     187491   7812.083    123.454    124.527     7.9218     7.9222  34.737410  34.743108     7.9096     7.9100    33.4353    33.4411    26.0583    26.0628     5.4120     5.4958    164.833    167.384     1.6508     1.5873     0.0415     0.0129     3.1795     1.4579     0.0000 -126.08574   47.11790      99.24         12  0.000e+00
     187492   7812.125    123.454    124.527     7.9219     7.9220  34.737348  34.743045     7.9097     7.9098    33.4352    33.4412    26.0582    26.0629     5.4063     5.5020    164.659    167.574     1.6496     1.5885     0.0403    -0.0177     3.1807     1.4579     0.0000 -126.08574   47.11790      99.37         12  0.000e+00
     187493   7812.167    123.508    124.580     7.9218     7.9222  34.738037  34.742732     7.9096     7.9100    33.4360    33.4406    26.0588    26.0624     5.4120     5.5021    164.833    167.575     1.6508     1.5885     0.0415     0.0129     3.1807     1.4579     0.0000 -126.08574   47.11790      99.44         12  0.000e+00
     187494   7812.208    123.455    124.527     7.9216     7.9222  34.737786  34.742481     7.9094     7.9100    33.4359    33.4404    26.0588    26.0622     5.4120     5.5020    164.833    167.574     1.6508     1.5885     0.0415     0.0129     3.1795     1.4579     0.0000 -126.08574   47.11790      99.46         12  0.000e+00
     187495   7812.250    123.508    124.580     7.9216     7.9222  34.737912  34.742795     7.9095     7.9100    33.4360    33.4407    26.0589    26.0625     5.4120     5.5021    164.833    167.575     1.6508     1.5885     0.0415     0.0129     3.1807     1.4579     0.0000 -126.08574   47.11790      99.44         12  0.000e+00
     187496   7812.292    123.455    124.527     7.9219     7.9222  34.738225  34.743421     7.9097     7.9100    33.4361    33.4414    26.0589    26.0630     5.4120     5.5020    164.831    167.573     1.6508     1.5885     0.0403    -0.0177     3.1807     1.4579     0.0000 -126.08574   47.11790      99.44         12  0.000e+00
     187497   7812.333    123.554    124.627     7.9217     7.9220  34.738727  34.743108     7.9095     7.9098    33.4368    33.4412    26.0594    26.0629     5.4120     5.5021    164.833    167.576     1.6508     1.5885     0.0415     0.0129     3.1807     1.4579     0.0000 -126.08574   47.11790      99.46         12  0.000e+00
     187498   7812.375    123.474    124.547     7.9221     7.9220  34.737975  34.742983     7.9099     7.9098    33.4356    33.4411    26.0585    26.0628     5.4120     5.5021    164.831    167.574     1.6508     1.5885     0.0415     0.0129     3.1795     1.4579     0.0000 -126.08574   47.11790      99.44         12  0.000e+00
     187499   7812.417    123.508    124.580     7.9221     7.9220  34.737661  34.742983     7.9099     7.9098    33.4353    33.4410    26.0583    26.0628     5.4120     5.5021    164.833    167.575     1.6508     1.5885     0.0415     0.0129     3.1795     1.4591     0.0000 -126.08574   47.11790      99.44         12  0.000e+00
     187500   7812.458    123.508    124.580     7.9221     7.9222  34.737661  34.743171     7.9099     7.9100    33.4353    33.4411    26.0582    26.0628     5.4120     5.5021    164.832    167.574     1.6508     1.5885     0.0415     0.0129     3.1795     1.4579     0.0000 -126.08574   47.11790      99.44         12  0.000e+00
     187501   7812.500    123.508    124.580     7.9219     7.9220  34.737222  34.742544     7.9097     7.9098    33.4350    33.4406    26.0580    26.0624     5.4120     5.5021    164.834    167.575     1.6508     1.5885     0.0403    -0.0177     3.1807     1.4579     0.0000 -126.08574   47.11790      99.44         12  0.000e+00
     187502   7812.542    123.554    124.627     7.9222     7.9220  34.737724  34.742356     7.9100     7.9098    33.4352    33.4404    26.0582    26.0623     5.4120     5.5021    164.833    167.577     1.6508     1.5885     0.0415     0.0129     3.1795     1.4579     0.0000 -126.08574   47.11790      99.46         12  0.000e+00
     187503   7812.583    123.554    124.627     7.9223     7.9220  34.737285  34.742356     7.9101     7.9098    33.4347    33.4404    26.0578    26.0622     5.4120     5.5021    164.834    167.577     1.6508     1.5885     0.0415     0.0129     3.1807     1.4579     0.0000 -126.08574   47.11790      99.44         12  0.000e+00
     187504   7812.625    123.508    124.580     7.9222     7.9220  34.737536  34.742607     7.9100     7.9098    33.4351    33.4406    26.0580    26.0624     5.4120     5.5021    164.832    167.575     1.6508     1.5885     0.0403    -0.0177     3.1807     1.4579     0.0000 -126.08574   47.11790      99.44         12  0.000e+00
     187505   7812.667    123.601    124.674     7.9219     7.9220  34.737223  34.743108     7.9097     7.9098    33.4349    33.4412    26.0580    26.0629     5.4121     5.5021    164.836    167.577     1.6508     1.5885     0.0415     0.0129     3.1807     1.4554     0.0000 -126.08574   47.11790      99.44         12  0.000e+00
     187506   7812.708    123.554    124.627     7.9219     7.9222  34.737536  34.743046     7.9097     7.9100    33.4353    33.4410    26.0583    26.0627     5.4177     5.5083    165.007    167.764     1.6520     1.5897     0.0403    -0.0177     3.1807     1.4444     0.0000 -126.08574   47.11790      99.44         12  0.000e+00
     187507   7812.750    123.554    124.627     7.9219     7.9220  34.737411  34.742231     7.9097     7.9098    33.4352    33.4402    26.0582    26.0621     5.4178     5.5083    165.007    167.765     1.6520     1.5897     0.0415     0.0129     3.1807     1.4396     0.0000 -126.08574   47.11790      99.44         12  0.000e+00
     187508   7812.792    123.601    124.674     7.9216     7.9222  34.737348  34.742544     7.9095     7.9100    33.4353    33.4404    26.0583    26.0622     5.4178     5.5083    165.009    167.766     1.6520     1.5897     0.0415     0.0129     3.1795     1.4396     0.0000 -126.08574   47.11790      99.44         12  0.000e+00
     187509   7812.833    123.654    124.728     7.9219     7.9220  34.737348  34.742670     7.9097     7.9098    33.4351    33.4407    26.0581    26.0625     5.4178     5.5084    165.010    167.767     1.6520     1.5897     0.0415     0.0129     3.1807     1.4408     0.0000 -126.08574   47.11790      99.44         12  0.000e+00
     187510   7812.875    123.654    124.728     7.9216     7.9223  34.737599  34.742670     7.9094     7.9101    33.4356    33.4404    26.0585    26.0622     5.4178     5.5084    165.010    167.766     1.6520     1.5897     0.0415     0.0129     3.1795     1.4408     0.0000 -126.08574   47.11790      99.44         12  0.000e+00
     187511   7812.917    123.601    124.674     7.9219     7.9220  34.737662  34.742419     7.9097     7.9098    33.4354    33.4404    26.0584    26.0623     5.4178     5.5084    165.008    167.766     1.6520     1.5897     0.0403    -0.0177     3.1807     1.4408     0.0000 -126.08574   47.11790      99.44         12  0.000e+00
     187512   7812.958    123.700    124.775     7.9221     7.9222  34.737913  34.742357     7.9099     7.9100    33.4355    33.4401    26.0584    26.0620     5.4178     5.5084    165.009    167.768     1.6520     1.5897     0.0403    -0.0177     3.1807     1.4408     0.0000 -126.08574   47.11790      99.44         12  0.000e+00
     187513   7813.000    123.700    124.775     7.9221     7.9220  34.738414  34.742106     7.9099     7.9098    33.4360    33.4400    26.0588    26.0620     5.4178     5.5084    165.009    167.769     1.6520     1.5897     0.0403    -0.0177     3.1807     1.4408     0.0000 -126.08574   47.11790      99.44         12  0.000e+00
     187514   7813.042    123.700    124.775     7.9219     7.9222  34.739041  34.741542     7.9097     7.9100    33.4369    33.4393    26.0595    26.0614     5.4235     5.5084    165.181    167.769     1.6532     1.5897     0.0415     0.0129     3.1807     1.4408     0.0000 -126.08574   47.11790      99.44         12  0.000e+00
