West Coast/WCOA-7/CTD_Data/RB2102_CTD_009_01.ros
* Sea-Bird SBE 9 Data File:
* FileName = C:\Users\scs.user.rb\CTD\RB2102\Data\RB2102_CTD_009_01.hex
* Software Version Seasave V 7.26.7.107
* Temperature SN = 6202
* Conductivity SN = 4907
* Number of Bytes Per Scan = 41
* Number of Voltage Words = 4
* Number of Scans Averaged by the Deck Unit = 1
* NMEA Latitude = 48 25.95 N
* NMEA Longitude = 126 13.60 W
* NMEA UTC (Time) = Jun 27 2021  18:58:06
* NMEA baud rate = 4800
# nquan = 30
# nvalues = 980                                   
# units = specified
# name 0 = scan: Scan Count
# name 1 = timeS: Time, Elapsed [seconds]
# name 2 = depSM: Depth [salt water, m]
# name 3 = prDM: Pressure, Digiquartz [db]
# name 4 = t090C: Temperature [ITS-90, deg C]
# name 5 = t190C: Temperature, 2 [ITS-90, deg C]
# name 6 = c0mS/cm: Conductivity [mS/cm]
# name 7 = c1mS/cm: Conductivity, 2 [mS/cm]
# name 8 = potemp090C: Potential Temperature [ITS-90, deg C]
# name 9 = potemp190C: Potential Temperature, 2 [ITS-90, deg C]
# name 10 = sal00: Salinity, Practical [PSU]
# name 11 = sal11: Salinity, Practical, 2 [PSU]
# name 12 = sigma-é00: Density [sigma-theta, kg/m^3]
# name 13 = sigma-é11: Density, 2 [sigma-theta, kg/m^3]
# name 14 = sbeox0Mg/L: Oxygen, SBE 43 [mg/l]
# name 15 = sbeox1Mg/L: Oxygen, SBE 43, 2 [mg/l]
# name 16 = sbox0Mm/Kg: Oxygen, SBE 43 [umol/kg]
# name 17 = sbox1Mm/Kg: Oxygen, SBE 43, 2 [umol/kg]
# name 18 = sbeox0V: Oxygen raw, SBE 43 [V]
# name 19 = sbeox1V: Oxygen raw, SBE 43, 2 [V]
# name 20 = v4: Voltage 4
# name 21 = flECO-AFL: Fluorescence, WET Labs ECO-AFL/FL [mg/m^3]
# name 22 = v3: Voltage 3
# name 23 = v6: Voltage 6
# name 24 = v7: Voltage 7
# name 25 = longitude: Longitude [deg]
# name 26 = latitude: Latitude [deg]
# name 27 = altM: Altimeter [m]
# name 28 = nbf: Bottles Fired
# name 29 = flag:  0.000e+00
# interval = seconds: 0.0416667
# start_time = Jun 27 2021 18:58:06 [NMEA time, header]
# bad_flag = -9.990e-29
*END*
[from data line 629]
      73543   3064.250     50.033     50.464     8.2074     8.2110  33.826816  33.828601     8.2025     8.2061    32.2337    32.2322    25.0726    25.0709     9.8188     9.6039    299.338    292.786     2.6166     2.4139     0.0647     0.5928     3.1148     1.0842     0.9939 -126.22746   48.43206      99.68         13  0.000e+00
      73544   3064.292     50.033     50.464     8.2075     8.2109  33.827064  33.828043     8.2026     8.2060    32.2339    32.2318    25.0727    25.0705     9.8188     9.6101    299.337    292.976     2.6166     2.4151     0.0647     0.5928     3.1136     1.0842     0.9939 -126.22746   48.43206      99.66         13  0.000e+00
      73545   3064.333     50.013     50.444     8.2077     8.2104  33.827064  33.828353     8.2028     8.2055    32.2337    32.2325    25.0725    25.0712     9.8187     9.6102    299.335    292.977     2.6166     2.4151     0.0635     0.5623     3.1148     1.0842     0.9939 -126.22746   48.43206      99.68         13  0.000e+00
      73546   3064.375     50.033     50.464     8.2080     8.2109  33.827436  33.828725     8.2031     8.2060    32.2338    32.2325    25.0726    25.0711     9.8187     9.6101    299.333    292.974     2.6166     2.4151     0.0647     0.5928     3.1148     1.0842     0.9939 -126.22746   48.43206      99.66         13  0.000e+00
      73547   3064.417     50.079     50.511     8.2082     8.2107  33.827436  33.828601     8.2033     8.2058    32.2336    32.2325    25.0724    25.0712     9.8187     9.6102    299.334    292.977     2.6166     2.4151     0.0647     0.5928     3.1148     1.0842     0.9939 -126.22746   48.43206      99.66         13  0.000e+00
      73548   3064.458     50.033     50.464     8.2084     8.2106  33.827809  33.828291     8.2034     8.2056    32.2338    32.2323    25.0725    25.0710     9.8130     9.6102    299.159    292.977     2.6154     2.4151     0.0647     0.5928     3.1160     1.0842     0.9939 -126.22746   48.43206      99.66         13  0.000e+00
      73549   3064.500     50.112     50.545     8.2088     8.2108  33.827871  33.828415     8.2039     8.2058    32.2335    32.2322    25.0722    25.0709     9.8130     9.6102    299.160    292.979     2.6154     2.4151     0.0659     0.6234     3.1148     1.0842     0.9939 -126.22746   48.43206      99.66         13  0.000e+00
      73550   3064.542     50.033     50.464     8.2088     8.2107  33.828429  33.828539     8.2039     8.2058    32.2341    32.2325    25.0726    25.0711     9.8129     9.6101    299.155    292.976     2.6154     2.4151     0.0659     0.6234     3.1148     1.0842     0.9939 -126.22746   48.43206      99.66         13  0.000e+00
      76017   3167.333     40.050     40.394     8.3231     8.3284  33.886056  33.889721     8.3192     8.3244    32.1947    32.1938    25.0249    25.0234     9.7760     9.5784    298.047    292.021     2.6154     2.4164     0.0659     0.6234     3.1148     1.0806     2.4933 -126.22736   48.43212      99.68         14  0.000e+00
      76018   3167.375     40.103     40.448     8.3233     8.3286  33.886180  33.889907     8.3194     8.3246    32.1946    32.1937    25.0248    25.0233     9.7761     9.5784    298.048    292.021     2.6154     2.4164     0.0672     0.6539     3.1148     1.0806     2.4933 -126.22736   48.43212      99.66         14  0.000e+00
      76019   3167.417     40.103     40.448     8.3231     8.3283  33.886056  33.889473     8.3192     8.3243    32.1947    32.1936    25.0249    25.0232     9.7761     9.5785    298.049    292.024     2.6154     2.4164     0.0672     0.6539     3.1148     1.0806     2.4933 -126.22736   48.43212      99.66         14  0.000e+00
      76020   3167.458     40.050     40.394     8.3235     8.3286  33.886180  33.889535     8.3195     8.3246    32.1945    32.1934    25.0247    25.0231     9.7760     9.5783    298.045    292.020     2.6154     2.4164     0.0672     0.6539     3.1148     1.0806     2.4933 -126.22736   48.43212      99.66         14  0.000e+00
      76021   3167.500     40.050     40.394     8.3235     8.3284  33.886677  33.889597     8.3195     8.3245    32.1951    32.1936    25.0251    25.0232     9.7759     9.5784    298.044    292.021     2.6154     2.4164     0.0659     0.6234     3.1160     1.0806     2.4933 -126.22736   48.43212      99.66         14  0.000e+00
      76022   3167.542     40.103     40.448     8.3233     8.3283  33.886429  33.889783     8.3194     8.3243    32.1949    32.1939    25.0250    25.0235     9.7760     9.5784    298.047    292.023     2.6154     2.4164     0.0672     0.6539     3.1148     1.0806     2.4933 -126.22736   48.43212      99.66         14  0.000e+00
      76023   3167.583     40.050     40.394     8.3239     8.3284  33.886925  33.889907     8.3200     8.3245    32.1949    32.1939    25.0249    25.0235     9.7758     9.5783    298.041    292.020     2.6154     2.4164     0.0659     0.6234     3.1160     1.0806     2.4933 -126.22736   48.43212      99.66         14  0.000e+00
      76024   3167.625     40.050     40.394     8.3241     8.3282  33.886987  33.889659     8.3202     8.3243    32.1948    32.1938    25.0248    25.0234     9.7758     9.5784    298.040    292.022     2.6154     2.4164     0.0672     0.6539     3.1148     1.0806     2.4933 -126.22736   48.43212      99.66         14  0.000e+00
      76025   3167.667     40.103     40.448     8.3245     8.3286  33.886863  33.889783     8.3205     8.3246    32.1943    32.1936    25.0244    25.0232     9.7758     9.5784    298.040    292.021     2.6154     2.4164     0.0659     0.6234     3.1160     1.0806     2.4933 -126.22736   48.43212      99.66         14  0.000e+00
      76026   3167.708     40.050     40.394     8.3243     8.3284  33.886677  33.889907     8.3203     8.3245    32.1943    32.1939    25.0244    25.0235     9.7758     9.5783    298.040    292.020     2.6154     2.4164     0.0659     0.6234     3.1160     1.0806     2.4933 -126.22736   48.43212      99.68         14  0.000e+00
      76027   3167.750     40.050     40.394     8.3243     8.3282  33.887049  33.889659     8.3203     8.3243    32.1947    32.1938    25.0247    25.0234     9.7702     9.5784    297.868    292.022     2.6142     2.4164     0.0672     0.6539     3.1148     1.0806     2.4933 -126.22736   48.43212      99.66         14  0.000e+00
      76028   3167.792     40.103     40.448     8.3246     8.3284  33.887174  33.889783     8.3206     8.3245    32.1945    32.1938    25.0245    25.0234     9.7702     9.5784    297.868    292.022     2.6142     2.4164     0.0672     0.6539     3.1160     1.0806     2.4933 -126.22736   48.43212      99.68         14  0.000e+00
      76029   3167.833     40.050     40.394     8.3251     8.3286  33.887422  33.889659     8.3211     8.3247    32.1943    32.1935    25.0243    25.0231     9.7700     9.5783    297.863    292.020     2.6142     2.4164     0.0659     0.6234     3.1160     1.0806     2.4933 -126.22736   48.43212      99.66         14  0.000e+00
      76030   3167.875     40.103     40.448     8.3254     8.3282  33.887732  33.889783     8.3215     8.3243    32.1943    32.1939    25.0243    25.0235     9.7700     9.5785    297.863    292.023     2.6142     2.4164     0.0659     0.6234     3.1160     1.0806     2.4933 -126.22736   48.43212      99.66         14  0.000e+00
      76031   3167.917     40.103     40.448     8.3257     8.3288  33.887794  33.889907     8.3217     8.3248    32.1942    32.1936    25.0241    25.0232     9.7699     9.5783    297.861    292.020     2.6142     2.4164     0.0672     0.6539     3.1148     1.0806     2.4933 -126.22736   48.43212      99.66         14  0.000e+00
      76032   3167.958     40.050     40.394     8.3259     8.3284  33.887794  33.889907     8.3219     8.3245    32.1940    32.1939    25.0239    25.0235     9.7698     9.5783    297.858    292.020     2.6142     2.4164     0.0672     0.6539     3.1160     1.0806     2.4933 -126.22736   48.43212      99.68         14  0.000e+00
      76033   3168.000     40.149     40.495     8.3261     8.3286  33.887360  33.889907     8.3221     8.3246    32.1934    32.1937    25.0234    25.0233     9.7700     9.5784    297.862    292.023     2.6142     2.4164     0.0659     0.6234     3.1148     1.0806     2.4933 -126.22736   48.43212      99.66         14  0.000e+00
      76034   3168.042     40.050     40.394     8.3254     8.3286  33.887608  33.889907     8.3215     8.3247    32.1942    32.1937    25.0242    25.0233     9.7699     9.5783    297.861    292.019     2.6142     2.4164     0.0672     0.6539     3.1148     1.0806     2.4933 -126.22736   48.43212      99.66         14  0.000e+00
      76035   3168.083     40.050     40.394     8.3257     8.3286  33.887608  33.889907     8.3218     8.3247    32.1940    32.1937    25.0239    25.0233     9.7699     9.5844    297.859    292.205     2.6142     2.4176     0.0659     0.6234     3.1160     1.0806     2.4933 -126.22736   48.43212      99.66         14  0.000e+00
      76036   3168.125     40.149     40.495     8.3256     8.3286  33.887546  33.889907     8.3216     8.3246    32.1940    32.1937    25.0240    25.0233     9.7700     9.5784    297.864    292.023     2.6142     2.4164     0.0672     0.6539     3.1148     1.0806     2.4933 -126.22736   48.43212      99.66         14  0.000e+00
      76037   3168.167     40.110     40.455     8.3253     8.3286  33.887919  33.890093     8.3213     8.3246    32.1947    32.1939    25.0246    25.0235     9.7756     9.5784    298.034    292.021     2.6154     2.4164     0.0659     0.6234     3.1160     1.0806     2.4933 -126.22736   48.43212      99.68         14  0.000e+00
      76038   3168.208     40.103     40.448     8.3256     8.3286  33.887422  33.889969     8.3216     8.3246    32.1939    32.1938    25.0239    25.0234     9.7700     9.5784    297.863    292.021     2.6142     2.4164     0.0659     0.6234     3.1160     1.0806     2.4933 -126.22736   48.43212      99.66         14  0.000e+00
      76039   3168.250     40.050     40.395     8.3256     8.3287  33.887608  33.890093     8.3216     8.3247    32.1941    32.1939    25.0241    25.0234     9.7755     9.5844    298.031    292.205     2.6154     2.4176     0.0672     0.6539     3.1148     1.0806     2.4933 -126.22736   48.43212      99.66         14  0.000e+00
      76040   3168.292     40.149     40.495     8.3254     8.3288  33.887360  33.890218     8.3215     8.3248    32.1939    32.1939    25.0239    25.0234     9.7757     9.5845    298.036    292.208     2.6154     2.4176     0.0672     0.6539     3.1148     1.0806     2.4933 -126.22736   48.43212      99.66         14  0.000e+00
      76041   3168.333     40.103     40.448     8.3256     8.3286  33.887857  33.890217     8.3216     8.3246    32.1943    32.1941    25.0242    25.0236     9.7756     9.5784    298.032    292.020     2.6154     2.4164     0.0672     0.6539     3.1160     1.0806     2.4933 -126.22736   48.43212      99.66         14  0.000e+00
      76042   3168.375     40.103     40.448     8.3257     8.3288  33.887670  33.890217     8.3217     8.3248    32.1940    32.1939    25.0240    25.0234     9.7755     9.5844    298.032    292.206     2.6154     2.4176     0.0659     0.6234     3.1148     1.0806     2.4933 -126.22736   48.43212      99.66         14  0.000e+00
      76043   3168.417     40.149     40.495     8.3259     8.3287  33.887981  33.889969     8.3219     8.3247    32.1942    32.1937    25.0240    25.0233     9.7699     9.5845    297.861    292.209     2.6142     2.4176     0.0672     0.6539     3.1160     1.0806     2.4933 -126.22736   48.43212      99.68         14  0.000e+00
      76044   3168.458     40.149     40.495     8.3262     8.3286  33.887857  33.889907     8.3223     8.3246    32.1937    32.1937    25.0237    25.0233     9.7755     9.5845    298.031    292.209     2.6154     2.4176     0.0672     0.6539     3.1148     1.0806     2.4933 -126.22736   48.43212      99.68         14  0.000e+00
      76045   3168.500     40.149     40.495     8.3257     8.3286  33.887360  33.889907     8.3217     8.3246    32.1937    32.1937    25.0237    25.0233     9.7756     9.5845    298.035    292.209     2.6154     2.4176     0.0659     0.6234     3.1160     1.0806     2.4933 -126.22736   48.43212      99.68         14  0.000e+00
      76046   3168.542     40.149     40.495     8.3256     8.3287  33.887608  33.890093     8.3216     8.3247    32.1941    32.1938    25.0240    25.0234     9.7756     9.5845    298.035    292.208     2.6154     2.4176     0.0659     0.6234     3.1160     1.0806     2.4933 -126.22736   48.43212      99.68         14  0.000e+00
      76047   3168.583     40.149     40.495     8.3251     8.3290  33.887795  33.890155     8.3211     8.3250    32.1947    32.1937    25.0246    25.0232     9.7757     9.5845    298.037    292.207     2.6154     2.4176     0.0659     0.6234     3.1160     1.0806     2.4933 -126.22736   48.43212      99.66         14  0.000e+00
      76048   3168.625     40.149     40.495     8.3253     8.3288  33.887546  33.890155     8.3213     8.3248    32.1943    32.1938    25.0243    25.0234     9.7757     9.5845    298.037    292.208     2.6154     2.4176     0.0672     0.6539     3.1148     1.0806     2.4933 -126.22736   48.43212      99.66         14  0.000e+00
      76049   3168.667     40.149     40.495     8.3256     8.3291  33.887733  33.890218     8.3216     8.3251    32.1942    32.1936    25.0241    25.0232     9.7756     9.5844    298.035    292.206     2.6154     2.4176     0.0672     0.6539     3.1148     1.0794     2.4933 -126.22736   48.43212      99.66         14  0.000e+00
      76050   3168.708     40.149     40.495     8.3257     8.3291  33.887857  33.890218     8.3217     8.3251    32.1942    32.1936    25.0241    25.0231     9.7756     9.5844    298.034    292.206     2.6154     2.4176     0.0672     0.6539     3.1160     1.0806     2.4933 -126.22736   48.43212      99.66         14  0.000e+00
      76051   3168.750     40.196     40.541     8.3257     8.3288  33.887546  33.889721     8.3217     8.3248    32.1938    32.1934    25.0238    25.0230     9.7757     9.5846    298.036    292.211     2.6154     2.4176     0.0672     0.6539     3.1148     1.0806     2.4933 -126.22736   48.43212      99.66         14  0.000e+00
      76052   3168.792     40.196     40.541     8.3259     8.3291  33.887981  33.890280     8.3219     8.3251    32.1941    32.1937    25.0240    25.0232     9.7756     9.5845    298.034    292.208     2.6154     2.4176     0.0672     0.6539     3.1172     1.0806     2.4933 -126.22736   48.43212      99.68         14  0.000e+00
      76053   3168.833     40.149     40.495     8.3257     8.3286  33.887857  33.890031     8.3217     8.3246    32.1942    32.1938    25.0241    25.0234     9.7756     9.5845    298.034    292.209     2.6154     2.4176     0.0659     0.6234     3.1160     1.0806     2.4933 -126.22736   48.43212      99.66         14  0.000e+00
      76054   3168.875     40.196     40.542     8.3259     8.3290  33.887795  33.889907     8.3219     8.3250    32.1939    32.1934    25.0239    25.0230     9.7700     9.5845    297.864    292.209     2.6142     2.4176     0.0672     0.6539     3.1172     1.0806     2.4933 -126.22736   48.43212      99.68         14  0.000e+00
      76055   3168.917     40.196     40.542     8.3259     8.3286  33.888043  33.890094     8.3219     8.3246    32.1942    32.1939    25.0241    25.0235     9.7756     9.5846    298.034    292.211     2.6154     2.4176     0.0659     0.6234     3.1172     1.0806     2.4933 -126.22736   48.43212      99.68         14  0.000e+00
