West Coast/WCOA-7/CTD_Data/RB2102_CTD_126_01.ros
* Sea-Bird SBE 9 Data File:
* FileName = C:\Users\scs.user.rb\CTD\RB2102\Data\RB2102_CTD_126_01.hex
* Software Version Seasave V 7.26.7.107
* Temperature SN = 6202
* Conductivity SN = 4907
* Number of Bytes Per Scan = 41
* Number of Voltage Words = 4
* Number of Scans Averaged by the Deck Unit = 1
* NMEA Latitude = 33 25.07 N
* NMEA Longitude = 117 54.28 W
* NMEA UTC (Time) = Jul 20 2021  16:36:15
* NMEA baud rate = 4800
# nquan = 30
# nvalues = 965                                   
# units = specified
# name 0 = scan: Scan Count
# name 1 = timeS: Time, Elapsed [seconds]
# name 2 = depSM: Depth [salt water, m]
# name 3 = prDM: Pressure, Digiquartz [db]
# name 4 = t090C: Temperature [ITS-90, deg C]
# name 5 = t190C: Temperature, 2 [ITS-90, deg C]
# name 6 = c0mS/cm: Conductivity [mS/cm]
# name 7 = c1mS/cm: Conductivity, 2 [mS/cm]
# name 8 = potemp090C: Potential Temperature [ITS-90, deg C]
# name 9 = potemp190C: Potential Temperature, 2 [ITS-90, deg C]
# name 10 = sal00: Salinity, Practical [PSU]
# name 11 = sal11: Salinity, Practical, 2 [PSU]
# name 12 = sigma-é00: Density [sigma-theta, kg/m^3]
# name 13 = sigma-é11: Density, 2 [sigma-theta, kg/m^3]
# name 14 = sbeox0Mg/L: Oxygen, SBE 43 [mg/l]
# name 15 = sbeox1Mg/L: Oxygen, SBE 43, 2 [mg/l]
# name 16 = sbox0Mm/Kg: Oxygen, SBE 43 [umol/kg]
# name 17 = sbox1Mm/Kg: Oxygen, SBE 43, 2 [umol/kg]
# name 18 = sbeox0V: Oxygen raw, SBE 43 [V]
# name 19 = sbeox1V: Oxygen raw, SBE 43, 2 [V]
# name 20 = v4: Voltage 4
# name 21 = flECO-AFL: Fluorescence, WET Labs ECO-AFL/FL [mg/m^3]
# name 22 = v3: Voltage 3
# name 23 = v6: Voltage 6
# name 24 = v7: Voltage 7
# name 25 = longitude: Longitude [deg]
# name 26 = latitude: Latitude [deg]
# name 27 = altM: Altimeter [m]
# name 28 = nbf: Bottles Fired
# name 29 = flag:  0.000e+00
# interval = seconds: 0.0416667
# start_time = Jul 20 2021 16:36:15 [NMEA time, header]
# bad_flag = -9.990e-29
*END*
[from data line 339]
      69041   2876.667    124.048    124.971     9.7020     9.7021  36.890615  36.892114     9.6880     9.6881    33.9985    33.9998    26.2222    26.2232     3.7666     3.5122    114.702    106.953     1.3346     1.2295     0.0403    -0.0177     3.1905     0.0000     0.0000 -117.90492   33.41696      99.63          8  0.000e+00
      69042   2876.708    124.048    124.971     9.7018     9.7020  36.890743  36.892114     9.6878     9.6880    33.9987    34.0000    26.2224    26.2234     3.7612     3.5122    114.537    106.954     1.3333     1.2295     0.0403    -0.0177     3.1905     0.0000     0.0000 -117.90492   33.41696      99.63          8  0.000e+00
      69043   2876.750    124.048    124.971     9.7018     9.7021  36.890871  36.892306     9.6878     9.6881    33.9988    34.0000    26.2225    26.2234     3.7612     3.5122    114.536    106.953     1.3333     1.2295     0.0403    -0.0177     3.1917     0.0000     0.0000 -117.90492   33.41696      99.63          8  0.000e+00
      69044   2876.792    124.048    124.971     9.7017     9.7022  36.891064  36.892370     9.6878     9.6882    33.9991    34.0001    26.2227    26.2234     3.7612     3.5122    114.536    106.953     1.3333     1.2295     0.0403    -0.0177     3.1905     0.0000     0.0000 -117.90492   33.41698      99.63          8  0.000e+00
      69045   2876.833    124.048    124.971     9.7017     9.7020  36.890743  36.892114     9.6877     9.6880    33.9989    34.0000    26.2226    26.2234     3.7667     3.5122    114.702    106.954     1.3346     1.2295     0.0403    -0.0177     3.1905     0.0000     0.0000 -117.90492   33.41698      99.63          8  0.000e+00
      69046   2876.875    124.048    124.971     9.7020     9.7023  36.891257  36.892435     9.6880     9.6883    33.9991    34.0000    26.2227    26.2233     3.7612     3.5122    114.536    106.953     1.3333     1.2295     0.0403    -0.0177     3.1917     0.0000     0.0000 -117.90492   33.41698      99.63          8  0.000e+00
      69047   2876.917    124.021    124.944     9.7018     9.7023  36.891000  36.892370     9.6879     9.6883    33.9990    33.9999    26.2226    26.2233     3.7666     3.5122    114.701    106.952     1.3346     1.2295     0.0403    -0.0177     3.1917     0.0000     0.0000 -117.90492   33.41698      99.63          8  0.000e+00
      69048   2876.958    124.094    125.018     9.7020     9.7023  36.891321  36.892820     9.6880     9.6883    33.9992    34.0004    26.2227    26.2236     3.7612     3.5181    114.537    107.133     1.3333     1.2308     0.0403    -0.0177     3.1917     0.0000     0.0000 -117.90492   33.41698      99.63          8  0.000e+00
      69049   2877.000    123.995    124.917     9.7020     9.7025  36.891256  36.893012     9.6880     9.6885    33.9991    34.0004    26.2227    26.2236     3.7612     3.5180    114.535    107.131     1.3333     1.2308     0.0403    -0.0177     3.1917     0.0000     0.0000 -117.90492   33.41698      99.63          8  0.000e+00
      69050   2877.042    124.048    124.971     9.7021     9.7025  36.891192  36.892627     9.6881     9.6885    33.9989    34.0001    26.2225    26.2233     3.7666     3.5122    114.701    106.952     1.3346     1.2295     0.0403    -0.0177     3.1905     0.0000     0.0000 -117.90492   33.41698      99.63          8  0.000e+00
      69051   2877.083    124.048    124.971     9.7022     9.7023  36.891000  36.892178     9.6882     9.6883    33.9987    33.9997    26.2223    26.2231     3.7666     3.5122    114.701    106.953     1.3346     1.2295     0.0403    -0.0177     3.1917     0.0000     0.0000 -117.90492   33.41698      99.63          8  0.000e+00
      69052   2877.125    123.995    124.917     9.7023     9.7023  36.890871  36.892755     9.6883     9.6883    33.9984    34.0004    26.2221    26.2236     3.7666     3.5122    114.700    106.952     1.3346     1.2295     0.0403    -0.0177     3.1905     0.0000     0.0000 -117.90492   33.41698      99.63          8  0.000e+00
      69053   2877.167    124.048    124.971     9.7023     9.7026  36.891064  36.892370     9.6883     9.6886    33.9986    33.9996    26.2222    26.2230     3.7666     3.5122    114.701    106.952     1.3346     1.2295     0.0403    -0.0177     3.1917     0.0000     0.0000 -117.90492   33.41698      99.63          8  0.000e+00
      69054   2877.208    124.048    124.971     9.7022     9.7025  36.891385  36.892563     9.6882     9.6885    33.9991    34.0000    26.2226    26.2232     3.7612     3.5122    114.535    106.952     1.3333     1.2295     0.0403    -0.0177     3.1917     0.0000     0.0000 -117.90492   33.41698      99.63          8  0.000e+00
      69055   2877.250    124.048    124.971     9.7024     9.7026  36.891706  36.892884     9.6884     9.6886    33.9991    34.0002    26.2226    26.2234     3.7666     3.5122    114.700    106.952     1.3346     1.2295     0.0403    -0.0177     3.1917     0.0000     0.0000 -117.90492   33.41698      99.63          8  0.000e+00
      69056   2877.292    123.995    124.918     9.7025     9.7025  36.891321  36.893012     9.6885     9.6885    33.9987    34.0004    26.2223    26.2236     3.7611     3.5121    114.534    106.951     1.3333     1.2295     0.0403    -0.0177     3.1905     0.0000     0.0000 -117.90492   33.41698      99.63          8  0.000e+00
      69057   2877.333    124.048    124.971     9.7027     9.7026  36.891449  36.892884     9.6887     9.6886    33.9987    34.0002    26.2222    26.2234     3.7612     3.5122    114.534    106.952     1.3333     1.2295     0.0403    -0.0177     3.1917     0.0000     0.0000 -117.90492   33.41698      99.61          8  0.000e+00
      69058   2877.375    124.022    124.944     9.7028     9.7026  36.891256  36.892691     9.6888     9.6886    33.9983    34.0000    26.2219    26.2232     3.7611     3.5121    114.534    106.952     1.3333     1.2295     0.0403    -0.0177     3.1905     0.0000     0.0000 -117.90492   33.41698      99.63          8  0.000e+00
      69059   2877.417    123.995    124.918     9.7030     9.7028  36.891192  36.892691     9.6890     9.6888    33.9981    33.9998    26.2217    26.2231     3.7611     3.5180    114.533    107.131     1.3333     1.2308     0.0403    -0.0177     3.1905     0.0000     0.0000 -117.90492   33.41698      99.63          8  0.000e+00
      69060   2877.458    123.995    124.918     9.7030     9.7030  36.891642  36.892884     9.6890     9.6890    33.9986    33.9999    26.2221    26.2231     3.7611     3.5121    114.533    106.950     1.3333     1.2295     0.0403    -0.0177     3.1917     0.0000     0.0000 -117.90492   33.41698      99.63          8  0.000e+00
      69061   2877.500    124.048    124.971     9.7028     9.7031  36.891578  36.892884     9.6888     9.6892    33.9987    33.9997    26.2222    26.2229     3.7611     3.5121    114.534    106.951     1.3333     1.2295     0.0403    -0.0177     3.1905     0.0000     0.0000 -117.90492   33.41698      99.63          8  0.000e+00
      69062   2877.542    123.949    124.871     9.7031     9.7030  36.891513  36.892948     9.6891     9.6890    33.9983    34.0000    26.2219    26.2232     3.7611     3.5121    114.532    106.950     1.3333     1.2295     0.0403    -0.0177     3.1905     0.0000     0.0000 -117.90492   33.41698      99.63          8  0.000e+00
      69063   2877.583    124.048    124.971     9.7034     9.7030  36.892027  36.893205     9.6895     9.6890    33.9985    34.0002    26.2220    26.2233     3.7611     3.5121    114.533    106.951     1.3333     1.2295     0.0403    -0.0177     3.1905     0.0000     0.0000 -117.90492   33.41698      99.63          8  0.000e+00
      69064   2877.625    123.949    124.871     9.7033     9.7030  36.891898  36.893076     9.6893     9.6890    33.9986    34.0001    26.2220    26.2233     3.7611     3.5121    114.531    106.950     1.3333     1.2295     0.0403    -0.0177     3.1905     0.0000     0.0000 -117.90492   33.41698      99.63          8  0.000e+00
      69065   2877.667    123.995    124.918     9.7031     9.7031  36.892027  36.892883     9.6891     9.6892    33.9988    33.9997    26.2223    26.2229     3.7611     3.5121    114.532    106.950     1.3333     1.2295     0.0403    -0.0177     3.1905     0.0000     0.0000 -117.90492   33.41698      99.63          8  0.000e+00
      69066   2877.708    123.995    124.918     9.7031     9.7031  36.891642  36.893204     9.6891     9.6891    33.9984    34.0001    26.2220    26.2232     3.7611     3.5121    114.533    106.950     1.3333     1.2295     0.0403    -0.0177     3.1917     0.0000     0.0000 -117.90492   33.41698      99.63          8  0.000e+00
      69067   2877.750    123.949    124.871     9.7029     9.7033  36.891706  36.893332     9.6889     9.6894    33.9987    34.0000    26.2222    26.2231     3.7611     3.5121    114.532    106.949     1.3333     1.2295     0.0403    -0.0177     3.1905     0.0000     0.0000 -117.90492   33.41698      99.63          8  0.000e+00
      69068   2877.792    123.975    124.898     9.7031     9.7034  36.891834  36.893076     9.6891     9.6894    33.9987    33.9996    26.2221    26.2228     3.7611     3.5121    114.532    106.949     1.3333     1.2295     0.0403    -0.0177     3.1905     0.0000     0.0000 -117.90492   33.41696      99.63          8  0.000e+00
      69069   2877.833    123.949    124.871     9.7033     9.7035  36.892091  36.892883     9.6893     9.6895    33.9988    33.9994    26.2222    26.2227     3.7611     3.5121    114.531    106.949     1.3333     1.2295     0.0403    -0.0177     3.1905     0.0000     0.0000 -117.90492   33.41696      99.63          8  0.000e+00
      69070   2877.875    123.949    124.871     9.7033     9.7037  36.892348  36.892947     9.6893     9.6897    33.9990    33.9993    26.2224    26.2225     3.7610     3.5120    114.531    106.948     1.3333     1.2295     0.0403    -0.0177     3.1917     0.0000     0.0000 -117.90492   33.41696      99.63          8  0.000e+00
      69071   2877.917    123.949    124.871     9.7033     9.7036  36.892219  36.893012     9.6893     9.6896    33.9989    33.9994    26.2223    26.2226     3.7610     3.5120    114.531    106.948     1.3333     1.2295     0.0403    -0.0177     3.1917     0.0000     0.0000 -117.90492   33.41696      99.63          8  0.000e+00
      69072   2877.958    123.949    124.871     9.7034     9.7033  36.892348  36.892883     9.6895     9.6894    33.9989    33.9995    26.2223    26.2228     3.7610     3.5121    114.531    106.949     1.3333     1.2295     0.0403    -0.0177     3.1905     0.0000     0.0000 -117.90492   33.41696      99.63          8  0.000e+00
      69073   2878.000    123.949    124.871     9.7036     9.7030  36.892219  36.892691     9.6896     9.6890    33.9986    33.9997    26.2220    26.2230     3.7610     3.5121    114.531    106.950     1.3333     1.2295     0.0403    -0.0177     3.1917     0.0000     0.0000 -117.90492   33.41696      99.63          8  0.000e+00
      69074   2878.042    123.903    124.825     9.7039     9.7028  36.892668  36.892883     9.6900     9.6888    33.9988    34.0000    26.2221    26.2233     3.7610     3.5121    114.529    106.949     1.3333     1.2295     0.0403    -0.0177     3.1905     0.0000     0.0000 -117.90492   33.41696      99.63          8  0.000e+00
      69075   2878.083    123.903    124.825     9.7039     9.7030  36.892540  36.892755     9.6900     9.6890    33.9986    33.9998    26.2220    26.2230     3.7610     3.5121    114.529    106.949     1.3333     1.2295     0.0403    -0.0177     3.1917     0.0000     0.0000 -117.90492   33.41696      99.63          8  0.000e+00
      69076   2878.125    123.949    124.871     9.7039     9.7026  36.892925  36.893076     9.6900     9.6887    33.9990    34.0004    26.2223    26.2236     3.7610     3.5121    114.529    106.950     1.3333     1.2295     0.0403    -0.0177     3.1905     0.0000     0.0000 -117.90492   33.41696      99.63          8  0.000e+00
      69077   2878.167    123.850    124.771     9.7038     9.7026  36.892861  36.892819     9.6898     9.6887    33.9992    34.0002    26.2224    26.2234     3.7610     3.5121    114.528    106.949     1.3333     1.2295     0.0403    -0.0177     3.1905     0.0000     0.0000 -117.90492   33.41696      99.63          8  0.000e+00
      69078   2878.208    123.949    124.871     9.7043     9.7028  36.892990  36.892883     9.6903     9.6888    33.9988    34.0000    26.2220    26.2232     3.7610     3.5121    114.529    106.950     1.3333     1.2295     0.0403    -0.0177     3.1917     0.0000     0.0000 -117.90492   33.41696      99.63          8  0.000e+00
      72544   3022.625     98.542     99.269    10.3317    10.3325  37.336695  37.338812    10.3201    10.3210    33.8732    33.8745    26.0175    26.0184     4.2959     4.0090    130.845    122.107     1.4701     1.3468     0.0415     0.0129     3.1893     0.0012     0.0000 -117.90492   33.41696      99.54          9  0.000e+00
      72545   3022.667     98.542     99.269    10.3317    10.3327  37.336759  37.338747    10.3201    10.3212    33.8733    33.8743    26.0175    26.0181     4.3013     4.0090    131.008    122.107     1.4713     1.3468     0.0415     0.0129     3.1880     0.0012     0.0000 -117.90492   33.41696      99.56          9  0.000e+00
      72546   3022.708     98.450     99.176    10.3318    10.3329  37.336695  37.338618    10.3203    10.3214    33.8731    33.8740    26.0174    26.0179     4.3012     4.0090    131.006    122.105     1.4713     1.3468     0.0415     0.0129     3.1893     0.0012     0.0000 -117.90492   33.41696      99.54          9  0.000e+00
      72547   3022.750     98.542     99.270    10.3318    10.3329  37.336695  37.338618    10.3203    10.3214    33.8731    33.8740    26.0174    26.0179     4.3012     4.0090    131.007    122.106     1.4713     1.3468     0.0415     0.0129     3.1880     0.0012     0.0000 -117.90492   33.41696      99.56          9  0.000e+00
      72548   3022.792     98.443     99.169    10.3318    10.3331  37.337146  37.338360    10.3203    10.3216    33.8736    33.8736    26.0178    26.0175     4.3012     4.0089    131.005    122.105     1.4713     1.3468     0.0415     0.0129     3.1880     0.0012     0.0000 -117.90492   33.41696      99.54          9  0.000e+00
      72549   3022.833     98.543     99.270    10.3318    10.3329  37.336953  37.338747    10.3203    10.3214    33.8733    33.8741    26.0176    26.0180     4.3012     4.0090    131.007    122.106     1.4713     1.3468     0.0415     0.0129     3.1893     0.0012     0.0000 -117.90492   33.41696      99.54          9  0.000e+00
      72550   3022.875     98.543     99.270    10.3318    10.3332  37.336437  37.338941    10.3203    10.3217    33.8728    33.8740    26.0172    26.0178     4.3013     4.0090    131.008    122.105     1.4713     1.3468     0.0415     0.0129     3.1893     0.0012     0.0000 -117.90492   33.41696      99.54          9  0.000e+00
      72551   3022.917     98.450     99.176    10.3320    10.3334  37.336372  37.338940    10.3205    10.3219    33.8726    33.8739    26.0170    26.0177     4.3012     4.0089    131.006    122.104     1.4713     1.3468     0.0415     0.0129     3.1880     0.0012     0.0000 -117.90492   33.41696      99.54          9  0.000e+00
      72552   3022.958     98.543     99.270    10.3318    10.3334  37.336695  37.338747    10.3203    10.3218    33.8731    33.8737    26.0174    26.0176     4.3012     4.0090    131.007    122.105     1.4713     1.3468     0.0415     0.0129     3.1880     0.0012     0.0000 -117.90492   33.41696      99.54          9  0.000e+00
