West Coast/WCOA-7/CTD_Data/RB2102_CTD_059_01.ros
* Sea-Bird SBE 9 Data File:
* FileName = C:\Users\scs.user.rb\CTD\RB2102\Data\RB2102_CTD_059_01.hex
* Software Version Seasave V 7.26.7.107
* Temperature SN = 6202
* Conductivity SN = 4907
* Number of Bytes Per Scan = 41
* Number of Voltage Words = 4
* Number of Scans Averaged by the Deck Unit = 1
* NMEA Latitude = 43 18.03 N
* NMEA Longitude = 124 30.11 W
* NMEA UTC (Time) = Jul 05 2021  17:29:56
* NMEA baud rate = 4800
# nquan = 30
# nvalues = 637                                   
# units = specified
# name 0 = scan: Scan Count
# name 1 = timeS: Time, Elapsed [seconds]
# name 2 = depSM: Depth [salt water, m]
# name 3 = prDM: Pressure, Digiquartz [db]
# name 4 = t090C: Temperature [ITS-90, deg C]
# name 5 = t190C: Temperature, 2 [ITS-90, deg C]
# name 6 = c0mS/cm: Conductivity [mS/cm]
# name 7 = c1mS/cm: Conductivity, 2 [mS/cm]
# name 8 = potemp090C: Potential Temperature [ITS-90, deg C]
# name 9 = potemp190C: Potential Temperature, 2 [ITS-90, deg C]
# name 10 = sal00: Salinity, Practical [PSU]
# name 11 = sal11: Salinity, Practical, 2 [PSU]
# name 12 = sigma-é00: Density [sigma-theta, kg/m^3]
# name 13 = sigma-é11: Density, 2 [sigma-theta, kg/m^3]
# name 14 = sbeox0Mg/L: Oxygen, SBE 43 [mg/l]
# name 15 = sbeox1Mg/L: Oxygen, SBE 43, 2 [mg/l]
# name 16 = sbox0Mm/Kg: Oxygen, SBE 43 [umol/kg]
# name 17 = sbox1Mm/Kg: Oxygen, SBE 43, 2 [umol/kg]
# name 18 = sbeox0V: Oxygen raw, SBE 43 [V]
# name 19 = sbeox1V: Oxygen raw, SBE 43, 2 [V]
# name 20 = v4: Voltage 4
# name 21 = flECO-AFL: Fluorescence, WET Labs ECO-AFL/FL [mg/m^3]
# name 22 = v3: Voltage 3
# name 23 = v6: Voltage 6
# name 24 = v7: Voltage 7
# name 25 = longitude: Longitude [deg]
# name 26 = latitude: Latitude [deg]
# name 27 = altM: Altimeter [m]
# name 28 = nbf: Bottles Fired
# name 29 = flag:  0.000e+00
# interval = seconds: 0.0416667
# start_time = Jul 05 2021 17:29:56 [NMEA time, header]
# bad_flag = -9.990e-29
*END*
[from data line 291]
      26401   1100.000     39.767     40.090     8.4884     8.4837  35.624806  35.621128     8.4843     8.4796    33.8757    33.8762    26.3180    26.3192     4.3222     4.4609    131.607    135.831     1.4420     1.4078     0.0525     0.2876     3.2906     0.0904     0.0891 -124.50262   43.30052      50.67          6  0.000e+00
      26402   1100.042     39.767     40.090     8.4887     8.4836  35.624996  35.620685     8.4846     8.4795    33.8756    33.8759    26.3179    26.3189     4.3222     4.4549    131.606    135.648     1.4420     1.4066     0.0525     0.2876     3.2906     0.0904     0.0879 -124.50262   43.30052      50.70          6  0.000e+00
      26403   1100.083     39.767     40.090     8.4884     8.4835  35.624743  35.620369     8.4843     8.4794    33.8756    33.8757    26.3180    26.3188     4.3222     4.4610    131.607    135.832     1.4420     1.4078     0.0525     0.2876     3.2906     0.0904     0.0879 -124.50262   43.30052      50.70          6  0.000e+00
      29553   1231.333     29.663     29.903     8.3684     8.3739  35.377206  35.373395     8.3653     8.3708    33.7335    33.7242    26.2246    26.2165     3.8842     4.0307    118.282    122.743     1.3431     1.3187     0.0586     0.4402     3.2894     0.0928     0.0916 -124.50280   43.30052      61.05          7  0.000e+00
      29554   1231.375     29.709     29.950     8.3691     8.3740  35.377395  35.373143     8.3660     8.3710    33.7330    33.7238    26.2241    26.2161     3.8787     4.0307    118.112    122.744     1.3419     1.3187     0.0586     0.4402     3.2894     0.0916     0.0916 -124.50280   43.30052      61.05          7  0.000e+00
      29555   1231.417     29.663     29.903     8.3698     8.3742  35.377458  35.373584     8.3668     8.3712    33.7324    33.7241    26.2235    26.2163     3.8841     4.0246    118.279    122.558     1.3431     1.3175     0.0586     0.4402     3.2894     0.0916     0.0916 -124.50280   43.30052      61.00          7  0.000e+00
      29556   1231.458     29.663     29.903     8.3698     8.3740  35.377206  35.374531     8.3668     8.3710    33.7321    33.7252    26.2233    26.2173     3.8841     4.0307    118.279    122.742     1.3431     1.3187     0.0598     0.4707     3.2894     0.0916     0.0904 -124.50280   43.30052      60.95          7  0.000e+00
      29557   1231.500     29.663     29.903     8.3700     8.3742  35.376890  35.374278     8.3670     8.3712    33.7316    33.7248    26.2229    26.2169     3.8841     4.0246    118.279    122.557     1.3431     1.3175     0.0586     0.4402     3.2894     0.0916     0.0916 -124.50280   43.30052      60.95          7  0.000e+00
      29558   1231.542     29.709     29.950     8.3701     8.3748  35.377079  35.374341     8.3671     8.3718    33.7316    33.7243    26.2229    26.2164     3.8786     4.0306    118.111    122.741     1.3419     1.3187     0.0586     0.4402     3.2894     0.0916     0.0916 -124.50280   43.30052      60.95          7  0.000e+00
      29559   1231.583     29.663     29.903     8.3698     8.3748  35.376637  35.374215     8.3668     8.3718    33.7315    33.7241    26.2228    26.2163     3.8786     4.0306    118.111    122.740     1.3419     1.3187     0.0586     0.4402     3.2894     0.0916     0.0904 -124.50280   43.30052      60.95          7  0.000e+00
      29560   1231.625     29.663     29.903     8.3699     8.3747  35.376700  35.374152     8.3668     8.3717    33.7315    33.7242    26.2229    26.2164     3.8841     4.0306    118.279    122.741     1.3431     1.3187     0.0598     0.4707     3.2894     0.0916     0.0904 -124.50280   43.30052      60.95          7  0.000e+00
      29561   1231.667     29.709     29.950     8.3705     8.3747  35.377332  35.373963     8.3674     8.3717    33.7316    33.7240    26.2228    26.2162     3.8786     4.0306    118.110    122.742     1.3419     1.3187     0.0598     0.4707     3.2894     0.0916     0.0904 -124.50280   43.30052      60.93          7  0.000e+00
      29562   1231.708     29.709     29.950     8.3707     8.3745  35.377206  35.373837     8.3676     8.3715    33.7313    33.7240    26.2225    26.2162     3.8786     4.0246    118.110    122.558     1.3419     1.3175     0.0586     0.4402     3.2894     0.0916     0.0904 -124.50280   43.30052      60.90          7  0.000e+00
      29563   1231.750     29.663     29.903     8.3708     8.3742  35.377584  35.374026     8.3678     8.3712    33.7316    33.7245    26.2227    26.2167     3.8841     4.0246    118.277    122.558     1.3431     1.3175     0.0586     0.4402     3.2894     0.0916     0.0904 -124.50280   43.30052      60.90          7  0.000e+00
      29564   1231.792     29.709     29.950     8.3708     8.3741  35.377774  35.373900     8.3678     8.3711    33.7318    33.7245    26.2229    26.2167     3.8785     4.0246    118.109    122.559     1.3419     1.3175     0.0598     0.4707     3.2894     0.0916     0.0904 -124.50280   43.30052      60.90          7  0.000e+00
      29565   1231.833     29.663     29.903     8.3701     8.3743  35.377774  35.373836     8.3671     8.3713    33.7324    33.7242    26.2235    26.2164     3.8786     4.0246    118.109    122.558     1.3419     1.3175     0.0586     0.4402     3.2894     0.0916     0.0904 -124.50280   43.30052      60.90          7  0.000e+00
      29566   1231.875     29.663     29.903     8.3705     8.3743  35.378216  35.373584     8.3674     8.3713    33.7326    33.7239    26.2236    26.2162     3.8785     4.0307    118.108    122.742     1.3419     1.3187     0.0586     0.4402     3.2894     0.0916     0.0904 -124.50280   43.30052      60.90          7  0.000e+00
      29567   1231.917     29.709     29.950     8.3703     8.3747  35.378911  35.373963     8.3673     8.3717    33.7334    33.7240    26.2243    26.2162     3.8785     4.0246    118.109    122.558     1.3419     1.3175     0.0586     0.4402     3.2894     0.0916     0.0916 -124.50280   43.30052      60.88          7  0.000e+00
      29568   1231.958     29.663     29.903     8.3703     8.3747  35.379037  35.374720     8.3673     8.3717    33.7336    33.7248    26.2244    26.2169     3.8785     4.0246    118.108    122.556     1.3419     1.3175     0.0598     0.4707     3.2894     0.0916     0.0916 -124.50280   43.30052      60.90          7  0.000e+00
      29569   1232.000     29.709     29.950     8.3705     8.3748  35.379037  35.375288     8.3674     8.3718    33.7334    33.7253    26.2242    26.2172     3.8785     4.0246    118.108    122.556     1.3419     1.3175     0.0598     0.4707     3.2894     0.0916     0.0904 -124.50280   43.30052      60.90          7  0.000e+00
      29570   1232.042     29.716     29.957     8.3705     8.3749  35.379227  35.375793     8.3674     8.3719    33.7336    33.7257    26.2244    26.2175     3.8730     4.0245    117.940    122.555     1.3407     1.3175     0.0586     0.4402     3.2894     0.0916     0.0916 -124.50280   43.30052      60.88          7  0.000e+00
      29571   1232.083     29.663     29.903     8.3705     8.3750  35.379353  35.375982     8.3674     8.3720    33.7338    33.7258    26.2245    26.2176     3.8730     4.0245    117.939    122.554     1.3407     1.3175     0.0598     0.4707     3.2894     0.0916     0.0916 -124.50280   43.30052      60.90          7  0.000e+00
      29572   1232.125     29.663     29.903     8.3705     8.3753  35.379353  35.376171     8.3674     8.3723    33.7338    33.7257    26.2245    26.2175     3.8730     4.0305    117.939    122.737     1.3407     1.3187     0.0598     0.4707     3.2894     0.0916     0.0916 -124.50280   43.30052      60.88          7  0.000e+00
      29573   1232.167     29.716     29.957     8.3707     8.3755  35.379100  35.376298     8.3676     8.3725    33.7333    33.7257    26.2241    26.2174     3.8785     4.0245    118.108    122.554     1.3419     1.3175     0.0586     0.4402     3.2894     0.0916     0.0916 -124.50280   43.30052      60.93          7  0.000e+00
      29574   1232.208     29.663     29.903     8.3708     8.3755  35.378847  35.376487     8.3678     8.3725    33.7329    33.7259    26.2238    26.2176     3.8785     4.0244    118.107    122.553     1.3419     1.3175     0.0586     0.4402     3.2894     0.0916     0.0916 -124.50280   43.30052      60.93          7  0.000e+00
      29575   1232.250     29.663     29.903     8.3708     8.3753  35.378721  35.376487     8.3678     8.3723    33.7328    33.7260    26.2237    26.2177     3.8729     4.0245    117.939    122.553     1.3407     1.3175     0.0586     0.4402     3.2894     0.0928     0.0916 -124.50280   43.30052      60.93          7  0.000e+00
      29576   1232.292     29.709     29.950     8.3713     8.3749  35.378216  35.376108     8.3682     8.3719    33.7318    33.7260    26.2228    26.2178     3.8730     4.0245    117.939    122.555     1.3407     1.3175     0.0598     0.4707     3.2894     0.0928     0.0916 -124.50280   43.30052      60.93          7  0.000e+00
      29577   1232.333     29.716     29.957     8.3718     8.3745  35.378090  35.375793     8.3687     8.3715    33.7311    33.7261    26.2223    26.2179     3.8729     4.0246    117.938    122.556     1.3407     1.3175     0.0586     0.4402     3.2894     0.0916     0.0916 -124.50280   43.30052      60.93          7  0.000e+00
      29578   1232.375     29.663     29.903     8.3719     8.3748  35.378090  35.375477     8.3689     8.3718    33.7310    33.7255    26.2222    26.2174     3.8729     4.0245    117.937    122.555     1.3407     1.3175     0.0586     0.4402     3.2894     0.0916     0.0916 -124.50280   43.30052      60.93          7  0.000e+00
      29579   1232.417     29.663     29.903     8.3718     8.3750  35.378090  35.375793     8.3688     8.3720    33.7312    33.7256    26.2223    26.2174     3.8729     4.0245    117.937    122.554     1.3407     1.3175     0.0598     0.4707     3.2894     0.0928     0.0916 -124.50280   43.30052      60.88          7  0.000e+00
      29580   1232.458     29.716     29.957     8.3718     8.3750  35.378090  35.375982     8.3687     8.3720    33.7311    33.7258    26.2223    26.2176     3.8729     4.0245    117.938    122.555     1.3407     1.3175     0.0598     0.4707     3.2894     0.0916     0.0916 -124.50280   43.30052      60.85          7  0.000e+00
      29581   1232.500     29.663     29.903     8.3716     8.3753  35.377837  35.376171     8.3686     8.3723    33.7311    33.7257    26.2222    26.2175     3.8729     4.0245    117.938    122.553     1.3407     1.3175     0.0598     0.4707     3.2894     0.0916     0.0916 -124.50280   43.30052      60.85          7  0.000e+00
      29582   1232.542     29.663     29.903     8.3719     8.3752  35.377521  35.376171     8.3689     8.3721    33.7304    33.7259    26.2217    26.2176     3.8729     4.0245    117.937    122.554     1.3407     1.3175     0.0586     0.4402     3.2894     0.0916     0.0916 -124.50280   43.30052      60.85          7  0.000e+00
      29583   1232.583     29.709     29.950     8.3721     8.3749  35.377648  35.375604     8.3691     8.3719    33.7304    33.7255    26.2216    26.2174     3.8729     4.0245    117.938    122.556     1.3407     1.3175     0.0586     0.4402     3.2894     0.0916     0.0916 -124.50280   43.30052      60.85          7  0.000e+00
      29584   1232.625     29.663     29.903     8.3724     8.3752  35.377332  35.374909     8.3694     8.3721    33.7297    33.7246    26.2211    26.2166     3.8729     4.0245    117.937    122.555     1.3407     1.3175     0.0598     0.4707     3.2894     0.0916     0.0916 -124.50280   43.30052      60.85          7  0.000e+00
      29585   1232.667     29.663     29.903     8.3721     8.3750  35.376890  35.374783     8.3691     8.3720    33.7296    33.7246    26.2210    26.2166     3.8729     4.0245    117.938    122.555     1.3407     1.3175     0.0586     0.4402     3.2894     0.0916     0.0916 -124.50280   43.30052      60.83          7  0.000e+00
      29586   1232.708     29.663     29.903     8.3721     8.3752  35.376826  35.374531     8.3691     8.3721    33.7295    33.7242    26.2209    26.2163     3.8729     4.0245    117.938    122.555     1.3407     1.3175     0.0586     0.4402     3.2894     0.0916     0.0916 -124.50280   43.30052      60.83          7  0.000e+00
      29587   1232.750     29.716     29.957     8.3722     8.3750  35.377079  35.374215     8.3692     8.3720    33.7296    33.7239    26.2210    26.2161     3.8729     4.0246    117.938    122.557     1.3407     1.3175     0.0598     0.4707     3.2894     0.0916     0.0916 -124.50280   43.30052      60.83          7  0.000e+00
      29588   1232.792     29.663     29.903     8.3719     8.3750  35.376637  35.374341     8.3689     8.3720    33.7295    33.7241    26.2209    26.2162     3.8729     4.0245    117.938    122.556     1.3407     1.3175     0.0586     0.4402     3.2894     0.0916     0.0916 -124.50280   43.30052      60.83          7  0.000e+00
      29589   1232.833     29.709     29.950     8.3719     8.3747  35.376511  35.374783     8.3689     8.3717    33.7293    33.7248    26.2208    26.2168     3.8730     4.0246    117.939    122.557     1.3407     1.3175     0.0586     0.4402     3.2894     0.0916     0.0916 -124.50280   43.30052      60.83          7  0.000e+00
      29590   1232.875     29.663     29.903     8.3718     8.3750  35.376321  35.374531     8.3688     8.3720    33.7293    33.7243    26.2208    26.2164     3.8729     4.0245    117.939    122.556     1.3407     1.3175     0.0586     0.4402     3.2894     0.0916     0.0916 -124.50280   43.30052      60.83          7  0.000e+00
      29591   1232.917     29.663     29.903     8.3721     8.3750  35.375942  35.374657     8.3691     8.3720    33.7286    33.7244    26.2202    26.2165     3.8729     4.0245    117.938    122.555     1.3407     1.3175     0.0598     0.4707     3.2894     0.0928     0.0916 -124.50280   43.30052      60.83          7  0.000e+00
      29592   1232.958     29.663     29.903     8.3718     8.3748  35.376069  35.374972     8.3688     8.3718    33.7290    33.7249    26.2206    26.2169     3.8730     4.0245    117.939    122.556     1.3407     1.3175     0.0586     0.4402     3.2894     0.0916     0.0916 -124.50280   43.30052      60.83          7  0.000e+00
      29593   1233.000     29.709     29.950     8.3720     8.3748  35.375942  35.374594     8.3689     8.3718    33.7287    33.7245    26.2203    26.2166     3.8730     4.0246    117.939    122.557     1.3407     1.3175     0.0586     0.4402     3.2894     0.0916     0.0916 -124.50280   43.30052      60.83          7  0.000e+00
      29594   1233.042     29.617     29.857     8.3719     8.3748  35.375690  35.374215     8.3689     8.3718    33.7285    33.7242    26.2202    26.2163     3.8729     4.0245    117.938    122.556     1.3407     1.3175     0.0598     0.4707     3.2894     0.0916     0.0916 -124.50280   43.30052      60.83          7  0.000e+00
      29595   1233.083     29.709     29.950     8.3718     8.3746  35.375564  35.374594     8.3688     8.3716    33.7285    33.7247    26.2202    26.2168     3.8730     4.0246    117.940    122.557     1.3407     1.3175     0.0586     0.4402     3.2894     0.0916     0.0916 -124.50280   43.30052      60.83          7  0.000e+00
      29596   1233.125     29.663     29.903     8.3718     8.3747  35.375563  35.374846     8.3688     8.3717    33.7285    33.7249    26.2202    26.2170     3.8730     4.0246    117.939    122.556     1.3407     1.3175     0.0598     0.4707     3.2894     0.0916     0.0916 -124.50280   43.30052      60.83          7  0.000e+00
