West Coast/WCOA-7/CTD_Data/RB2102_CTD_045_01.ros
* Sea-Bird SBE 9 Data File:
* FileName = C:\Users\scs.user.rb\CTD\RB2102\Data\RB2102_CTD_045_01.hex
* Software Version Seasave V 7.26.7.107
* Temperature SN = 6202
* Conductivity SN = 4907
* Number of Bytes Per Scan = 41
* Number of Voltage Words = 4
* Number of Scans Averaged by the Deck Unit = 1
* NMEA Latitude = 44 39.10 N
* NMEA Longitude = 125 21.75 W
* NMEA UTC (Time) = Jul 03 2021  15:07:33
* NMEA baud rate = 4800
# nquan = 30
# nvalues = 1176                                  
# units = specified
# name 0 = scan: Scan Count
# name 1 = timeS: Time, Elapsed [seconds]
# name 2 = depSM: Depth [salt water, m]
# name 3 = prDM: Pressure, Digiquartz [db]
# name 4 = t090C: Temperature [ITS-90, deg C]
# name 5 = t190C: Temperature, 2 [ITS-90, deg C]
# name 6 = c0mS/cm: Conductivity [mS/cm]
# name 7 = c1mS/cm: Conductivity, 2 [mS/cm]
# name 8 = potemp090C: Potential Temperature [ITS-90, deg C]
# name 9 = potemp190C: Potential Temperature, 2 [ITS-90, deg C]
# name 10 = sal00: Salinity, Practical [PSU]
# name 11 = sal11: Salinity, Practical, 2 [PSU]
# name 12 = sigma-é00: Density [sigma-theta, kg/m^3]
# name 13 = sigma-é11: Density, 2 [sigma-theta, kg/m^3]
# name 14 = sbeox0Mg/L: Oxygen, SBE 43 [mg/l]
# name 15 = sbeox1Mg/L: Oxygen, SBE 43, 2 [mg/l]
# name 16 = sbox0Mm/Kg: Oxygen, SBE 43 [umol/kg]
# name 17 = sbox1Mm/Kg: Oxygen, SBE 43, 2 [umol/kg]
# name 18 = sbeox0V: Oxygen raw, SBE 43 [V]
# name 19 = sbeox1V: Oxygen raw, SBE 43, 2 [V]
# name 20 = v4: Voltage 4
# name 21 = flECO-AFL: Fluorescence, WET Labs ECO-AFL/FL [mg/m^3]
# name 22 = v3: Voltage 3
# name 23 = v6: Voltage 6
# name 24 = v7: Voltage 7
# name 25 = longitude: Longitude [deg]
# name 26 = latitude: Latitude [deg]
# name 27 = altM: Altimeter [m]
# name 28 = nbf: Bottles Fired
# name 29 = flag:  0.000e+00
# interval = seconds: 0.0416667
# start_time = Jul 03 2021 15:07:33 [NMEA time, header]
# bad_flag = -9.990e-29
*END*
[from data line 677]
     200850   8368.708    100.387    101.230     8.0309     8.0389  34.839271  34.836306     8.0209     8.0289    33.4508    33.4400    26.0542    26.0445     4.4668     4.6755    136.045    142.403     1.4530     1.4310     0.0403    -0.0177     3.3394     0.2161     0.0000 -125.36692   44.65048      99.56         14  0.000e+00
     200851   8368.750    100.394    101.237     8.0304     8.0392  34.839585  34.836934     8.0204     8.0292    33.4517    33.4404    26.0549    26.0448     4.4668     4.6755    136.046    142.401     1.4530     1.4310     0.0403    -0.0177     3.3394     0.2161     0.0000 -125.36692   44.65048      99.56         14  0.000e+00
     200852   8368.792    100.387    101.230     8.0294     8.0388  34.839899  34.836432     8.0195     8.0288    33.4529    33.4403    26.0560    26.0447     4.4669     4.6755    136.047    142.403     1.4530     1.4310     0.0403    -0.0177     3.3382     0.2161     0.0000 -125.36694   44.65048      99.58         14  0.000e+00
     200853   8368.833    100.394    101.237     8.0285     8.0390  34.839774  34.837185     8.0185     8.0291    33.4537    33.4408    26.0568    26.0451     4.4726     4.6755    136.222    142.402     1.4542     1.4310     0.0403    -0.0177     3.3394     0.2161     0.0000 -125.36694   44.65048      99.56         14  0.000e+00
     200854   8368.875    100.440    101.284     8.0277     8.0386  34.840151  34.837248     8.0177     8.0286    33.4548    33.4413    26.0578    26.0456     4.4727     4.6755    136.224    142.404     1.4542     1.4310     0.0403    -0.0177     3.3382     0.2161     0.0000 -125.36694   44.65048      99.56         14  0.000e+00
     200855   8368.917    100.440    101.284     8.0275     8.0382  34.840088  34.837875     8.0175     8.0282    33.4549    33.4423    26.0579    26.0464     4.4727     4.6755    136.224    142.404     1.4542     1.4310     0.0403    -0.0177     3.3407     0.2161     0.0000 -125.36694   44.65048      99.56         14  0.000e+00
     200856   8368.958    100.440    101.284     8.0277     8.0380  34.840214  34.838126     8.0177     8.0280    33.4549    33.4428    26.0579    26.0469     4.4727     4.6756    136.224    142.404     1.4542     1.4310     0.0403    -0.0177     3.3382     0.2161     0.0000 -125.36694   44.65048      99.58         14  0.000e+00
     200857   8369.000    100.493    101.337     8.0270     8.0371  34.840528  34.839694     8.0170     8.0271    33.4558    33.4453    26.0587    26.0489     4.4728     4.6818    136.226    142.593     1.4542     1.4322     0.0403    -0.0177     3.3394     0.2161     0.0000 -125.36694   44.65048      99.56         14  0.000e+00
     200858   8369.042    100.440    101.284     8.0261     8.0355  34.841093  34.841200     8.0161     8.0255    33.4574    33.4485    26.0600    26.0517     4.4728     4.6818    136.227    142.595     1.4542     1.4322     0.0403    -0.0177     3.3382     0.2161     0.0000 -125.36694   44.65048      99.56         14  0.000e+00
     204436   8518.125     79.426     80.089     7.9497     7.9505  34.336990  34.326676     7.9419     7.9427    33.0018    32.9901    25.7132    25.7039     5.4438     5.6682    165.858    172.695     1.6618     1.6252     0.0464     0.1350     3.3358     0.2161     0.0000 -125.36706   44.65042      99.44         15  0.000e+00
     204437   8518.167     79.426     80.089     7.9497     7.9507  34.336553  34.327362     7.9419     7.9429    33.0014    32.9906    25.7129    25.7043     5.4382     5.6682    165.686    172.693     1.6606     1.6252     0.0464     0.1350     3.3358     0.2161     0.0000 -125.36706   44.65042      99.44         15  0.000e+00
     204438   8518.208     79.426     80.089     7.9496     7.9507  34.336553  34.327986     7.9419     7.9429    33.0014    32.9913    25.7129    25.7048     5.4382     5.6681    165.686    172.692     1.6606     1.6252     0.0464     0.1350     3.3370     0.2161     0.0000 -125.36706   44.65042      99.44         15  0.000e+00
     204439   8518.250     79.379     80.042     7.9497     7.9507  34.336428  34.328173     7.9419     7.9429    33.0013    32.9915    25.7128    25.7050     5.4382     5.6681    165.685    172.691     1.6606     1.6252     0.0464     0.1350     3.3358     0.2161     0.0000 -125.36706   44.65042      99.44         15  0.000e+00
     204440   8518.292     79.419     80.082     7.9497     7.9509  34.336304  34.328360     7.9419     7.9431    33.0011    32.9915    25.7127    25.7050     5.4382     5.6681    165.686    172.691     1.6606     1.6252     0.0464     0.1350     3.3370     0.2161     0.0000 -125.36706   44.65042      99.44         15  0.000e+00
     204441   8518.333     79.426     80.089     7.9496     7.9503  34.336116  34.327737     7.9419     7.9426    33.0009    32.9913    25.7125    25.7049     5.4439     5.6682    165.859    172.694     1.6618     1.6252     0.0464     0.1350     3.3370     0.2161     0.0000 -125.36706   44.65042      99.44         15  0.000e+00
     204442   8518.375     79.426     80.089     7.9498     7.9505  34.335929  34.327550     7.9421     7.9428    33.0006    32.9910    25.7122    25.7046     5.4382     5.6682    165.686    172.693     1.6606     1.6252     0.0464     0.1350     3.3358     0.2161     0.0000 -125.36706   44.65042      99.44         15  0.000e+00
     204443   8518.417     79.426     80.089     7.9497     7.9505  34.335679  34.327051     7.9419     7.9428    33.0004    32.9904    25.7121    25.7042     5.4382     5.6682    165.687    172.694     1.6606     1.6252     0.0464     0.1350     3.3370     0.2161     0.0000 -125.36706   44.65042      99.44         15  0.000e+00
     204444   8518.458     79.426     80.089     7.9495     7.9503  34.335991  34.326926     7.9417     7.9426    33.0010    32.9905    25.7126    25.7042     5.4439     5.6682    165.860    172.695     1.6618     1.6252     0.0476     0.1655     3.3358     0.2161     0.0000 -125.36706   44.65042      99.44         15  0.000e+00
     204445   8518.500     79.426     80.089     7.9497     7.9509  34.335991  34.326427     7.9419     7.9431    33.0008    32.9894    25.7124    25.7033     5.4382     5.6682    165.687    172.694     1.6606     1.6252     0.0464     0.1350     3.3370     0.2161     0.0000 -125.36706   44.65042      99.44         15  0.000e+00
     204446   8518.542     79.426     80.089     7.9497     7.9507  34.336304  34.325803     7.9419     7.9429    33.0011    32.9890    25.7127    25.7030     5.4382     5.6682    165.686    172.695     1.6606     1.6252     0.0464     0.1350     3.3358     0.2161     0.0000 -125.36706   44.65042      99.44         15  0.000e+00
     204447   8518.583     79.419     80.082     7.9497     7.9502  34.336179  34.324930     7.9419     7.9424    33.0010    32.9885    25.7125    25.7027     5.4382     5.6683    165.686    172.698     1.6606     1.6252     0.0464     0.1350     3.3358     0.2161     0.0000 -125.36706   44.65042      99.44         15  0.000e+00
     204448   8518.625     79.426     80.089     7.9496     7.9505  34.335742  34.324743     7.9419     7.9428    33.0005    32.9880    25.7122    25.7022     5.4382     5.6621    165.687    172.509     1.6606     1.6239     0.0464     0.1350     3.3370     0.2161     0.0000 -125.36706   44.65042      99.44         15  0.000e+00
     204449   8518.667     79.426     80.089     7.9498     7.9507  34.335804  34.325429     7.9421     7.9429    33.0004    32.9886    25.7121    25.7027     5.4382     5.6621    165.686    172.508     1.6606     1.6239     0.0464     0.1350     3.3370     0.2161     0.0000 -125.36706   44.65042      99.44         15  0.000e+00
     204450   8518.708     79.426     80.089     7.9497     7.9505  34.335118  34.326365     7.9419     7.9428    32.9998    32.9897    25.7117    25.7036     5.4383     5.6620    165.688    172.507     1.6606     1.6239     0.0464     0.1350     3.3370     0.2161     0.0000 -125.36706   44.65042      99.44         15  0.000e+00
     204451   8518.750     79.479     80.142     7.9496     7.9507  34.334057  34.326801     7.9419     7.9429    32.9987    32.9900    25.7108    25.7038     5.4383     5.6620    165.690    172.507     1.6606     1.6239     0.0464     0.1350     3.3358     0.2161     0.0000 -125.36706   44.65042      99.44         15  0.000e+00
     204452   8518.792     79.426     80.089     7.9500     7.9505  34.333682  34.327113     7.9422     7.9428    32.9980    32.9905    25.7102    25.7042     5.4383     5.6620    165.689    172.506     1.6606     1.6239     0.0464     0.1350     3.3370     0.2161     0.0000 -125.36706   44.65042      99.44         15  0.000e+00
     204453   8518.833     79.426     80.089     7.9500     7.9507  34.332621  34.326988     7.9422     7.9429    32.9969    32.9902    25.7093    25.7040     5.4383     5.6620    165.690    172.506     1.6606     1.6239     0.0464     0.1350     3.3358     0.2161     0.0000 -125.36706   44.65042      99.44         15  0.000e+00
     204454   8518.875     79.419     80.082     7.9500     7.9505  34.332371  34.327861     7.9422     7.9427    32.9966    32.9913    25.7091    25.7049     5.4383     5.6620    165.690    172.505     1.6606     1.6239     0.0464     0.1350     3.3370     0.2161     0.0000 -125.36706   44.65042      99.44         15  0.000e+00
     204455   8518.917     79.479     80.142     7.9503     7.9507  34.332059  34.328361     7.9425     7.9429    32.9960    32.9917    25.7085    25.7051     5.4383     5.6620    165.691    172.505     1.6606     1.6239     0.0464     0.1350     3.3358     0.2161     0.0000 -125.36706   44.65042      99.44         15  0.000e+00
     204456   8518.958     79.426     80.089     7.9502     7.9505  34.331809  34.328672     7.9424     7.9427    32.9959    32.9922    25.7085    25.7056     5.4383     5.6619    165.691    172.504     1.6606     1.6239     0.0464     0.1350     3.3370     0.2161     0.0000 -125.36706   44.65042      99.44         15  0.000e+00
     204457   8519.000     79.426     80.089     7.9502     7.9505  34.332746  34.328922     7.9424     7.9428    32.9969    32.9924    25.7093    25.7057     5.4383     5.6619    165.689    172.504     1.6606     1.6239     0.0464     0.1350     3.3358     0.2161     0.0000 -125.36706   44.65042      99.44         15  0.000e+00
     204458   8519.042     79.426     80.089     7.9501     7.9507  34.332870  34.329233     7.9423     7.9429    32.9970    32.9926    25.7094    25.7059     5.4383     5.6619    165.689    172.503     1.6606     1.6239     0.0464     0.1350     3.3358     0.2161     0.0000 -125.36706   44.65042      99.44         15  0.000e+00
     204459   8519.083     79.479     80.142     7.9505     7.9507  34.332995  34.329358     7.9427     7.9429    32.9968    32.9927    25.7092    25.7059     5.4383     5.6619    165.689    172.504     1.6606     1.6239     0.0464     0.1350     3.3370     0.2161     0.0000 -125.36706   44.65042      99.44         15  0.000e+00
     204460   8519.125     79.426     80.089     7.9503     7.9505  34.332683  34.329358     7.9425     7.9428    32.9967    32.9929    25.7091    25.7061     5.4383     5.6619    165.689    172.503     1.6606     1.6239     0.0464     0.1350     3.3358     0.2161     0.0000 -125.36706   44.65042      99.44         15  0.000e+00
     204461   8519.167     79.465     80.129     7.9504     7.9505  34.332434  34.329545     7.9427     7.9427    32.9962    32.9931    25.7087    25.7063     5.4383     5.6619    165.690    172.504     1.6606     1.6239     0.0464     0.1350     3.3370     0.2161     0.0000 -125.36706   44.65042      99.44         15  0.000e+00
     204462   8519.208     79.426     80.089     7.9506     7.9507  34.332433  34.330107     7.9429     7.9429    32.9961    32.9936    25.7086    25.7066     5.4383     5.6619    165.688    172.502     1.6606     1.6239     0.0464     0.1350     3.3370     0.2161     0.0000 -125.36706   44.65042      99.44         15  0.000e+00
     204463   8519.250     79.426     80.089     7.9506     7.9503  34.332558  34.330481     7.9429     7.9426    32.9962    32.9943    25.7087    25.7072     5.4383     5.6619    165.688    172.502     1.6606     1.6239     0.0464     0.1350     3.3358     0.2161     0.0000 -125.36706   44.65042      99.44         15  0.000e+00
     204464   8519.292     79.426     80.089     7.9504     7.9505  34.333183  34.330107     7.9427     7.9427    32.9971    32.9937    25.7094    25.7068     5.4383     5.6619    165.688    172.502     1.6606     1.6239     0.0464     0.1350     3.3370     0.2161     0.0000 -125.36706   44.65042      99.44         15  0.000e+00
     204465   8519.333     79.479     80.142     7.9506     7.9502  34.333183  34.330668     7.9429     7.9424    32.9969    32.9946    25.7092    25.7075     5.4326     5.6619    165.516    172.503     1.6593     1.6239     0.0476     0.1655     3.3370     0.2161     0.0000 -125.36706   44.65042      99.44         15  0.000e+00
     204466   8519.375     79.479     80.142     7.9505     7.9503  34.332621  34.331354     7.9427     7.9426    32.9964    32.9952    25.7088    25.7079     5.4383     5.6619    165.690    172.502     1.6606     1.6239     0.0464     0.1350     3.3370     0.2161     0.0000 -125.36706   44.65042      99.44         15  0.000e+00
     204467   8519.417     79.379     80.042     7.9504     7.9505  34.331934  34.331728     7.9427     7.9428    32.9957    32.9954    25.7083    25.7081     5.4383     5.6618    165.689    172.499     1.6606     1.6239     0.0464     0.1350     3.3370     0.2161     0.0000 -125.36706   44.65042      99.44         15  0.000e+00
     204468   8519.458     79.465     80.129     7.9506     7.9501  34.333307  34.331604     7.9429     7.9423    32.9970    32.9957    25.7093    25.7084     5.4439     5.6557    165.861    172.314     1.6618     1.6227     0.0464     0.1350     3.3358     0.2161     0.0000 -125.36706   44.65042      99.44         15  0.000e+00
     204469   8519.500     79.479     80.142     7.9502     7.9503  34.335992  34.331292     7.9424     7.9426    33.0003    32.9951    25.7120    25.7079     5.4439     5.6619    165.859    172.502     1.6618     1.6239     0.0464     0.1350     3.3370     0.2161     0.0000 -125.36706   44.65042      99.44         15  0.000e+00
     204470   8519.542     79.426     80.089     7.9502     7.9501  34.338051  34.331229     7.9424     7.9423    33.0025    32.9953    25.7137    25.7081     5.4438     5.6557    165.855    172.314     1.6618     1.6227     0.0464     0.1350     3.3370     0.2161     0.0000 -125.36706   44.65042      99.46         15  0.000e+00
     204471   8519.583     79.426     80.089     7.9500     7.9502  34.339237  34.330730     7.9422     7.9424    33.0040    32.9947    25.7149    25.7075     5.4437     5.6619    165.854    172.502     1.6618     1.6239     0.0464     0.1350     3.3358     0.2161     0.0000 -125.36706   44.65042      99.44         15  0.000e+00
     204472   8519.625     79.426     80.089     7.9500     7.9502  34.340860  34.330793     7.9422     7.9424    33.0057    32.9947    25.7162    25.7076     5.4437     5.6557    165.852    172.314     1.6618     1.6227     0.0464     0.1350     3.3358     0.2161     0.0000 -125.36706   44.65042      99.44         15  0.000e+00
     204473   8519.667     79.426     80.089     7.9500     7.9502  34.341921  34.330918     7.9422     7.9424    33.0068    32.9949    25.7171    25.7077     5.4436     5.6557    165.850    172.314     1.6618     1.6227     0.0464     0.1350     3.3370     0.2161     0.0000 -125.36706   44.65042      99.44         15  0.000e+00
     204474   8519.708     79.479     80.142     7.9498     7.9502  34.343170  34.330918     7.9420     7.9424    33.0083    32.9948    25.7183    25.7077     5.4436     5.6558    165.851    172.315     1.6618     1.6227     0.0464     0.1350     3.3358     0.2161     0.0000 -125.36706   44.65042      99.44         15  0.000e+00
