West Coast/WCOA-7/CTD_Data/RB2102_CTD_059_01.ros
* Sea-Bird SBE 9 Data File:
* FileName = C:\Users\scs.user.rb\CTD\RB2102\Data\RB2102_CTD_059_01.hex
* Software Version Seasave V 7.26.7.107
* Temperature SN = 6202
* Conductivity SN = 4907
* Number of Bytes Per Scan = 41
* Number of Voltage Words = 4
* Number of Scans Averaged by the Deck Unit = 1
* NMEA Latitude = 43 18.03 N
* NMEA Longitude = 124 30.11 W
* NMEA UTC (Time) = Jul 05 2021  17:29:56
* NMEA baud rate = 4800
# nquan = 30
# nvalues = 637                                   
# units = specified
# name 0 = scan: Scan Count
# name 1 = timeS: Time, Elapsed [seconds]
# name 2 = depSM: Depth [salt water, m]
# name 3 = prDM: Pressure, Digiquartz [db]
# name 4 = t090C: Temperature [ITS-90, deg C]
# name 5 = t190C: Temperature, 2 [ITS-90, deg C]
# name 6 = c0mS/cm: Conductivity [mS/cm]
# name 7 = c1mS/cm: Conductivity, 2 [mS/cm]
# name 8 = potemp090C: Potential Temperature [ITS-90, deg C]
# name 9 = potemp190C: Potential Temperature, 2 [ITS-90, deg C]
# name 10 = sal00: Salinity, Practical [PSU]
# name 11 = sal11: Salinity, Practical, 2 [PSU]
# name 12 = sigma-é00: Density [sigma-theta, kg/m^3]
# name 13 = sigma-é11: Density, 2 [sigma-theta, kg/m^3]
# name 14 = sbeox0Mg/L: Oxygen, SBE 43 [mg/l]
# name 15 = sbeox1Mg/L: Oxygen, SBE 43, 2 [mg/l]
# name 16 = sbox0Mm/Kg: Oxygen, SBE 43 [umol/kg]
# name 17 = sbox1Mm/Kg: Oxygen, SBE 43, 2 [umol/kg]
# name 18 = sbeox0V: Oxygen raw, SBE 43 [V]
# name 19 = sbeox1V: Oxygen raw, SBE 43, 2 [V]
# name 20 = v4: Voltage 4
# name 21 = flECO-AFL: Fluorescence, WET Labs ECO-AFL/FL [mg/m^3]
# name 22 = v3: Voltage 3
# name 23 = v6: Voltage 6
# name 24 = v7: Voltage 7
# name 25 = longitude: Longitude [deg]
# name 26 = latitude: Latitude [deg]
# name 27 = altM: Altimeter [m]
# name 28 = nbf: Bottles Fired
# name 29 = flag:  0.000e+00
# interval = seconds: 0.0416667
# start_time = Jul 05 2021 17:29:56 [NMEA time, header]
# bad_flag = -9.990e-29
*END*
[from data line 532]
      39479   1644.917      3.587      3.616    12.2293    12.2314  38.357360  38.359048    12.2288    12.2310    33.1958    33.1955    25.1448    25.1442     8.1118     8.2967    247.278    252.915     2.4383     2.3407     0.1099     1.7223     3.2711     0.0073     0.0623 -124.50278   43.30054      87.25         11  0.000e+00
      39480   1644.958      3.620      3.649    12.2297    12.2316  38.357034  38.358657    12.2292    12.2311    33.1952    33.1950    25.1443    25.1438     8.1067     8.2967    247.124    252.916     2.4371     2.3407     0.1099     1.7223     3.2698     0.0073     0.0611 -124.50278   43.30054      87.23         11  0.000e+00
      39481   1645.000      3.527      3.556    12.2297    12.2318  38.357294  38.358787    12.2292    12.2313    33.1955    33.1950    25.1445    25.1437     8.1066     8.2966    247.121    252.912     2.4371     2.3407     0.1099     1.7223     3.2698     0.0061     0.0611 -124.50278   43.30054      87.23         11  0.000e+00
      39482   1645.042      3.527      3.556    12.2298    12.2320  38.357490  38.359178    12.2293    12.2315    33.1955    33.1952    25.1445    25.1439     8.1066     8.2965    247.120    252.911     2.4371     2.3407     0.1099     1.7223     3.2711     0.0085     0.0623 -124.50278   43.30054      87.23         11  0.000e+00
      39483   1645.083      3.527      3.556    12.2300    12.2318  38.357490  38.359243    12.2295    12.2313    33.1954    33.1954    25.1444    25.1441     8.1065     8.2966    247.119    252.912     2.4371     2.3407     0.1099     1.7223     3.2698     0.0098     0.0623 -124.50278   43.30054      87.23         11  0.000e+00
      39484   1645.125      3.475      3.502    12.2301    12.2320  38.357490  38.359243    12.2297    12.2315    33.1952    33.1953    25.1442    25.1439     8.1065     8.2910    247.117    252.741     2.4371     2.3394     0.1099     1.7223     3.2698     0.0098     0.0647 -124.50278   43.30054      87.23         11  0.000e+00
      39485   1645.167      3.527      3.556    12.2300    12.2318  38.357686  38.359243    12.2295    12.2313    33.1956    33.1954    25.1445    25.1441     8.1065     8.2910    247.119    252.744     2.4371     2.3394     0.1099     1.7223     3.2698     0.0098     0.0672 -124.50278   43.30054      87.06         11  0.000e+00
      39546   1647.708      3.918      3.950    12.2300    12.2313  38.357426  38.358788    12.2295    12.2307    33.1951    33.1953    25.1442    25.1441     8.0866     8.2971    246.513    252.927     2.4322     2.3407     0.1123     1.7833     3.2698     0.0672     0.3858 -124.50278   43.30054      86.84         12  0.000e+00
      39547   1647.750      3.918      3.950    12.2298    12.2314  38.357492  38.358658    12.2293    12.2309    33.1954    33.1950    25.1444    25.1438     8.0867     8.3026    246.513    253.095     2.4322     2.3419     0.1123     1.7833     3.2698     0.0659     0.3858 -124.50278   43.30054      86.86         12  0.000e+00
      39548   1647.792      4.011      4.043    12.2300    12.2314  38.357492  38.359049    12.2294    12.2309    33.1952    33.1954    25.1442    25.1441     8.0867     8.2971    246.516    252.929     2.4322     2.3407     0.1123     1.7833     3.2711     0.0647     0.3810 -124.50278   43.30054      86.86         12  0.000e+00
      39549   1647.833      4.064      4.096    12.2301    12.2314  38.357948  38.359245    12.2296    12.2309    33.1954    33.1955    25.1444    25.1442     8.0868     8.2972    246.516    252.931     2.4322     2.3407     0.1123     1.7833     3.2698     0.0635     0.3639 -124.50278   43.30054      86.86         12  0.000e+00
      39550   1647.875      3.931      3.963    12.2300    12.2314  38.357622  38.359049    12.2295    12.2309    33.1953    33.1954    25.1443    25.1441     8.0867     8.2970    246.513    252.927     2.4322     2.3407     0.1123     1.7833     3.2711     0.0635     0.3504 -124.50278   43.30054      86.86         12  0.000e+00
      39551   1647.917      4.110      4.143    12.2300    12.2316  38.357492  38.359180    12.2294    12.2311    33.1951    33.1953    25.1442    25.1440     8.0868     8.2972    246.519    252.932     2.4322     2.3407     0.1123     1.7833     3.2698     0.0623     0.3407 -124.50278   43.30054      86.72         12  0.000e+00
      39552   1647.958      4.011      4.043    12.2298    12.2318  38.357687  38.359245    12.2293    12.2313    33.1955    33.1952    25.1445    25.1439     8.0868     8.2971    246.516    252.928     2.4322     2.3407     0.1123     1.7833     3.2698     0.0598     0.3309 -124.50278   43.30054      86.54         12  0.000e+00
      39553   1648.000      4.064      4.096    12.2304    12.2314  38.357622  38.358984    12.2298    12.2309    33.1949    33.1953    25.1440    25.1440     8.0867     8.2972    246.516    252.931     2.4322     2.3407     0.1123     1.7833     3.2711     0.0586     0.3260 -124.50278   43.30054      86.52         12  0.000e+00
      39554   1648.042      4.110      4.143    12.2300    12.2313  38.357492  38.358919    12.2294    12.2308    33.1951    33.1953    25.1442    25.1441     8.0868     8.3028    246.519    253.102     2.4322     2.3419     0.1123     1.7833     3.2698     0.0586     0.3297 -124.50278   43.30054      86.54         12  0.000e+00
      39555   1648.083      4.110      4.143    12.2298    12.2314  38.357231  38.358919    12.2293    12.2309    33.1950    33.1952    25.1442    25.1440     8.0869     8.2972    246.520    252.933     2.4322     2.3407     0.1123     1.7833     3.2711     0.0574     0.3321 -124.50278   43.30054      86.54         12  0.000e+00
      39556   1648.125      4.110      4.143    12.2293    12.2313  38.356905  38.358919    12.2288    12.2308    33.1952    33.1953    25.1443    25.1441     8.0870     8.2973    246.522    252.933     2.4322     2.3407     0.1123     1.7833     3.2698     0.0525     0.3346 -124.50278   43.30054      86.54         12  0.000e+00
      39557   1648.167      4.156      4.190    12.2290    12.2311  38.356580  38.358398    12.2285    12.2306    33.1951    33.1950    25.1443    25.1438     8.0871     8.2974    246.526    252.937     2.4322     2.3407     0.1123     1.7833     3.2698     0.0488     0.3407 -124.50278   43.30054      86.50         12  0.000e+00
      39558   1648.208      4.156      4.190    12.2286    12.2304  38.356188  38.358007    12.2281    12.2299    33.1950    33.1952    25.1444    25.1441     8.0871     8.2975    246.528    252.940     2.4322     2.3407     0.1123     1.7833     3.2711     0.0488     0.3443 -124.50278   43.30054      86.47         12  0.000e+00
      39559   1648.250      4.156      4.190    12.2286    12.2304  38.356384  38.358138    12.2281    12.2299    33.1952    33.1953    25.1445    25.1442     8.0871     8.2975    246.527    252.940     2.4322     2.3407     0.1123     1.7833     3.2711     0.0488     0.3455 -124.50278   43.30054      86.47         12  0.000e+00
      39560   1648.292      4.209      4.243    12.2286    12.2306  38.356515  38.358268    12.2281    12.2301    33.1953    33.1952    25.1446    25.1442     8.0872     8.2975    246.529    252.941     2.4322     2.3407     0.1123     1.7833     3.2698     0.0488     0.3455 -124.50278   43.30054      86.47         12  0.000e+00
      39561   1648.333      4.156      4.190    12.2286    12.2303  38.356514  38.358268    12.2281    12.2297    33.1953    33.1956    25.1446    25.1445     8.0871     8.2975    246.527    252.940     2.4322     2.3407     0.1123     1.7833     3.2711     0.0488     0.3443 -124.50278   43.30054      86.47         12  0.000e+00
      39562   1648.375      4.275      4.310    12.2282    12.2303  38.355211  38.358008    12.2276    12.2297    33.1945    33.1953    25.1440    25.1443     8.0874     8.2976    246.535    252.945     2.4322     2.3407     0.1123     1.7833     3.2711     0.0488     0.3419 -124.50278   43.30054      86.47         12  0.000e+00
      39563   1648.417      4.209      4.243    12.2271    12.2300  38.354037  38.358138    12.2266    12.2294    33.1943    33.1957    25.1441    25.1447     8.0875     8.2976    246.539    252.944     2.4322     2.3407     0.1123     1.7833     3.2711     0.0488     0.3443 -124.50278   43.30054      86.37         12  0.000e+00
      39564   1648.458      4.256      4.290    12.2260    12.2301  38.353516  38.357747    12.2254    12.2295    33.1948    33.1952    25.1447    25.1442     8.0877     8.2977    246.545    252.945     2.4322     2.3407     0.1123     1.7833     3.2698     0.0488     0.3480 -124.50278   43.30054      86.30         12  0.000e+00
      39565   1648.500      4.209      4.243    12.2257    12.2303  38.354233  38.357291    12.2251    12.2297    33.1957    33.1946    25.1455    25.1437     8.0877     8.2976    246.544    252.944     2.4322     2.3407     0.1123     1.7833     3.2698     0.0488     0.3492 -124.50278   43.30054      86.30         12  0.000e+00
      39566   1648.542      4.256      4.290    12.2268    12.2295  38.355993  38.357226    12.2263    12.2289    33.1964    33.1953    25.1458    25.1444     8.0875     8.2978    246.538    252.949     2.4322     2.3407     0.1136     1.8138     3.2711     0.0488     0.3480 -124.50278   43.30054      86.30         12  0.000e+00
      39567   1648.583      4.309      4.343    12.2277    12.2281  38.356189  38.356249    12.2271    12.2276    33.1958    33.1955    25.1452    25.1448     8.0874     8.2981    246.536    252.958     2.4322     2.3407     0.1160     1.8749     3.2698     0.0488     0.3468 -124.50278   43.30054      86.30         12  0.000e+00
      39568   1648.625      4.209      4.243    12.2280    12.2273  38.356450  38.355923    12.2274    12.2267    33.1958    33.1960    25.1451    25.1454     8.0873     8.2981    246.531    252.958     2.4322     2.3407     0.1172     1.9054     3.2711     0.0488     0.3443 -124.50278   43.30054      86.30         12  0.000e+00
      39569   1648.667      4.309      4.343    12.2282    12.2276  38.356776  38.356379    12.2276    12.2271    33.1960    33.1961    25.1452    25.1454     8.0873     8.2981    246.533    252.959     2.4322     2.3407     0.1172     1.9054     3.2711     0.0488     0.3443 -124.50278   43.30054      86.25         12  0.000e+00
      39570   1648.708      4.256      4.290    12.2295    12.2283  38.357558  38.356574    12.2289    12.2277    33.1956    33.1957    25.1446    25.1450     8.0871     8.2925    246.525    252.787     2.4322     2.3394     0.1172     1.9054     3.2711     0.0488     0.3443 -124.50278   43.30054      86.20         12  0.000e+00
      39571   1648.750      4.309      4.343    12.2306    12.2295  38.358014  38.356835    12.2301    12.2289    33.1950    33.1949    25.1439    25.1441     8.0869     8.2923    246.522    252.783     2.4322     2.3394     0.1172     1.9054     3.2711     0.0501     0.3431 -124.50278   43.30054      86.20         12  0.000e+00
      39572   1648.792      4.309      4.343    12.2308    12.2295  38.358145  38.357943    12.2302    12.2289    33.1949    33.1959    25.1439    25.1449     8.0869     8.2923    246.521    252.781     2.4322     2.3394     0.1172     1.9054     3.2698     0.0501     0.3407 -124.50278   43.30054      86.20         12  0.000e+00
      39573   1648.833      4.275      4.310    12.2308    12.2301  38.358340  38.358008    12.2303    12.2295    33.1951    33.1954    25.1440    25.1444     8.0869     8.2921    246.520    252.777     2.4322     2.3394     0.1172     1.9054     3.2698     0.0501     0.3260 -124.50278   43.30054      86.20         12  0.000e+00
      39574   1648.875      4.309      4.343    12.2308    12.2300  38.358471  38.357943    12.2302    12.2294    33.1952    33.1955    25.1441    25.1445     8.0869     8.2922    246.521    252.779     2.4322     2.3394     0.1172     1.9054     3.2698     0.0501     0.3077 -124.50278   43.30054      86.20         12  0.000e+00
      39575   1648.917      4.309      4.343    12.2306    12.2298  38.358014  38.357943    12.2301    12.2292    33.1950    33.1956    25.1439    25.1446     8.0869     8.2922    246.522    252.780     2.4322     2.3394     0.1172     1.9054     3.2698     0.0501     0.2979 -124.50278   43.30054      86.25         12  0.000e+00
      39576   1648.958      4.309      4.343    12.2308    12.2300  38.357558  38.357682    12.2302    12.2294    33.1944    33.1952    25.1434    25.1443     8.0869     8.2922    246.522    252.779     2.4322     2.3394     0.1172     1.9054     3.2698     0.0501     0.2943 -124.50278   43.30054      86.30         12  0.000e+00
      39577   1649.000      4.355      4.390    12.2308    12.2295  38.357689  38.357617    12.2302    12.2289    33.1945    33.1956    25.1435    25.1447     8.0870     8.2868    246.523    252.615     2.4322     2.3382     0.1172     1.9054     3.2711     0.0488     0.2930 -124.50278   43.30054      86.30         12  0.000e+00
      39578   1649.042      4.309      4.343    12.2310    12.2295  38.357819  38.357617    12.2304    12.2289    33.1945    33.1956    25.1435    25.1447     8.0869     8.2868    246.521    252.613     2.4322     2.3382     0.1172     1.9054     3.2698     0.0488     0.2918 -124.50278   43.30054      86.30         12  0.000e+00
      39579   1649.083      4.355      4.390    12.2308    12.2291  38.358275  38.356835    12.2302    12.2285    33.1950    33.1952    25.1440    25.1444     8.0920     8.2869    246.677    252.618     2.4335     2.3382     0.1172     1.9054     3.2698     0.0488     0.2906 -124.50278   43.30054      86.32         12  0.000e+00
      39580   1649.125      4.309      4.343    12.2308    12.2293  38.358210  38.357096    12.2302    12.2287    33.1950    33.1953    25.1439    25.1444     8.0920     8.2868    246.676    252.615     2.4335     2.3382     0.1172     1.9054     3.2711     0.0501     0.2894 -124.50278   43.30054      86.32         12  0.000e+00
      39581   1649.167      4.309      4.343    12.2302    12.2289  38.357884  38.357226    12.2296    12.2284    33.1952    33.1957    25.1442    25.1448     8.0921     8.2924    246.679    252.784     2.4335     2.3394     0.1172     1.9054     3.2698     0.0501     0.2882 -124.50278   43.30054      86.30         12  0.000e+00
      39582   1649.208      4.355      4.390    12.2301    12.2289  38.357819  38.357226    12.2296    12.2284    33.1952    33.1957    25.1442    25.1448     8.0921     8.2869    246.680    252.618     2.4335     2.3382     0.1172     1.9054     3.2711     0.0501     0.2882 -124.50278   43.30054      86.28         12  0.000e+00
      39583   1649.250      4.309      4.343    12.2297    12.2289  38.357363  38.357031    12.2291    12.2284    33.1952    33.1955    25.1443    25.1447     8.0973     8.2869    246.836    252.617     2.4347     2.3382     0.1172     1.9054     3.2698     0.0513     0.2869 -124.50278   43.30054      86.28         12  0.000e+00
      39584   1649.292      4.368      4.403    12.2297    12.2291  38.357428  38.357422    12.2291    12.2285    33.1952    33.1957    25.1443    25.1448     8.0973     8.2869    246.838    252.617     2.4347     2.3382     0.1172     1.9054     3.2711     0.0513     0.2869 -124.50278   43.30054      86.28         12  0.000e+00
      39585   1649.333      4.309      4.343    12.2300    12.2295  38.357232  38.357617    12.2294    12.2289    33.1948    33.1956    25.1439    25.1447     8.0972     8.2923    246.835    252.782     2.4347     2.3394     0.1172     1.9054     3.2698     0.0513     0.2869 -124.50278   43.30054      86.28         12  0.000e+00
      39586   1649.375      4.309      4.343    12.2300    12.2295  38.357167  38.357617    12.2294    12.2289    33.1947    33.1956    25.1439    25.1447     8.0972     8.2868    246.835    252.613     2.4347     2.3382     0.1172     1.9054     3.2698     0.0513     0.2869 -124.50278   43.30054      86.28         12  0.000e+00
