West Coast/WCOA-7/CTD_Data/RB2102_CTD_113_01.ros
* Sea-Bird SBE 9 Data File:
* FileName = C:\Users\scs.user.rb\CTD\RB2102\Data\RB2102_CTD_113_01.hex
* Software Version Seasave V 7.26.7.107
* Temperature SN = 6202
* Conductivity SN = 4907
* Number of Bytes Per Scan = 41
* Number of Voltage Words = 4
* Number of Scans Averaged by the Deck Unit = 1
* NMEA Latitude = 34 19.02 N
* NMEA Longitude = 120 48.19 W
* NMEA UTC (Time) = Jul 18 2021  02:31:27
* NMEA baud rate = 4800
# nquan = 30
# nvalues = 1172                                  
# units = specified
# name 0 = scan: Scan Count
# name 1 = timeS: Time, Elapsed [seconds]
# name 2 = depSM: Depth [salt water, m]
# name 3 = prDM: Pressure, Digiquartz [db]
# name 4 = t090C: Temperature [ITS-90, deg C]
# name 5 = t190C: Temperature, 2 [ITS-90, deg C]
# name 6 = c0mS/cm: Conductivity [mS/cm]
# name 7 = c1mS/cm: Conductivity, 2 [mS/cm]
# name 8 = potemp090C: Potential Temperature [ITS-90, deg C]
# name 9 = potemp190C: Potential Temperature, 2 [ITS-90, deg C]
# name 10 = sal00: Salinity, Practical [PSU]
# name 11 = sal11: Salinity, Practical, 2 [PSU]
# name 12 = sigma-é00: Density [sigma-theta, kg/m^3]
# name 13 = sigma-é11: Density, 2 [sigma-theta, kg/m^3]
# name 14 = sbeox0Mg/L: Oxygen, SBE 43 [mg/l]
# name 15 = sbeox1Mg/L: Oxygen, SBE 43, 2 [mg/l]
# name 16 = sbox0Mm/Kg: Oxygen, SBE 43 [umol/kg]
# name 17 = sbox1Mm/Kg: Oxygen, SBE 43, 2 [umol/kg]
# name 18 = sbeox0V: Oxygen raw, SBE 43 [V]
# name 19 = sbeox1V: Oxygen raw, SBE 43, 2 [V]
# name 20 = v4: Voltage 4
# name 21 = flECO-AFL: Fluorescence, WET Labs ECO-AFL/FL [mg/m^3]
# name 22 = v3: Voltage 3
# name 23 = v6: Voltage 6
# name 24 = v7: Voltage 7
# name 25 = longitude: Longitude [deg]
# name 26 = latitude: Latitude [deg]
# name 27 = altM: Altimeter [m]
# name 28 = nbf: Bottles Fired
# name 29 = flag:  0.000e+00
# interval = seconds: 0.0416667
# start_time = Jul 18 2021 02:31:27 [NMEA time, header]
# bad_flag = -9.990e-29
*END*
      38533   1605.500    818.093    825.634     5.1858     5.2006  33.453810  33.466619     5.1171     5.1317    34.3811    34.3807    27.1710    27.1690     0.3128     0.3497      9.516     10.640     0.5446     0.5629     0.0415     0.0129     3.2882     0.0098     0.0000 -120.80412   34.31648      10.74          1  0.000e+00
      38534   1605.542    817.891    825.431     5.1855     5.2006  33.453809  33.466556     5.1168     5.1317    34.3815    34.3807    27.1714    27.1690     0.3128     0.3497      9.516     10.640     0.5446     0.5629     0.0415     0.0129     3.2882     0.0098     0.0000 -120.80412   34.31648      10.77          1  0.000e+00
      38535   1605.583    818.046    825.587     5.1858     5.2006  33.453995  33.466680     5.1171     5.1317    34.3814    34.3808    27.1712    27.1691     0.3128     0.3497      9.516     10.640     0.5446     0.5629     0.0415     0.0129     3.2894     0.0098     0.0000 -120.80412   34.31648      10.77          1  0.000e+00
      38536   1605.625    817.945    825.485     5.1857     5.2004  33.454304  33.466248     5.1169     5.1316    34.3819    34.3805    27.1717    27.1688     0.3128     0.3497      9.516     10.640     0.5446     0.5629     0.0415     0.0129     3.2894     0.0098     0.0000 -120.80412   34.31648      10.77          1  0.000e+00
      38537   1605.667    817.992    825.532     5.1857     5.2004  33.454242  33.466618     5.1169     5.1316    34.3818    34.3809    27.1716    27.1692     0.3128     0.3497      9.516     10.640     0.5446     0.5629     0.0415     0.0129     3.2882     0.0098     0.0000 -120.80412   34.31648      10.77          1  0.000e+00
      38538   1605.708    817.945    825.485     5.1858     5.2004  33.453871  33.466803     5.1171     5.1316    34.3813    34.3811    27.1711    27.1693     0.3128     0.3497      9.516     10.640     0.5446     0.5629     0.0415     0.0129     3.2882     0.0098     0.0000 -120.80412   34.31648      10.77          1  0.000e+00
      38539   1605.750    817.992    825.532     5.1858     5.2004  33.454242  33.466371     5.1171     5.1316    34.3817    34.3806    27.1715    27.1689     0.3194     0.3497      9.717     10.640     0.5458     0.5629     0.0415     0.0129     3.2882     0.0098     0.0000 -120.80412   34.31648      10.82          1  0.000e+00
      38540   1605.792    817.965    825.505     5.1860     5.2004  33.454242  33.466433     5.1173     5.1316    34.3815    34.3807    27.1713    27.1690     0.3128     0.3497      9.516     10.640     0.5446     0.5629     0.0415     0.0129     3.2894     0.0098     0.0000 -120.80412   34.31648      10.84          1  0.000e+00
      38541   1605.833    817.992    825.532     5.1863     5.2004  33.454119  33.466680     5.1176     5.1316    34.3810    34.3810    27.1709    27.1692     0.3128     0.3497      9.516     10.640     0.5446     0.5629     0.0415     0.0129     3.2894     0.0098     0.0000 -120.80412   34.31648      10.84          1  0.000e+00
      38542   1605.875    817.945    825.485     5.1865     5.2001  33.454304  33.466556     5.1177     5.1312    34.3811    34.3812    27.1709    27.1694     0.3128     0.3497      9.516     10.640     0.5446     0.5629     0.0415     0.0129     3.2894     0.0098     0.0000 -120.80412   34.31648      10.84          1  0.000e+00
      38543   1605.917    817.945    825.485     5.1866     5.2001  33.454613  33.466495     5.1179     5.1312    34.3813    34.3811    27.1710    27.1694     0.3128     0.3425      9.516     10.420     0.5446     0.5617     0.0415     0.0129     3.2882     0.0098     0.0000 -120.80412   34.31648      10.84          1  0.000e+00
      38544   1605.958    817.945    825.485     5.1867     5.2003  33.454922  33.466680     5.1180     5.1314    34.3815    34.3812    27.1712    27.1694     0.3128     0.3497      9.516     10.640     0.5446     0.5629     0.0415     0.0129     3.2882     0.0098     0.0000 -120.80412   34.31648      10.84          1  0.000e+00
      38545   1606.000    817.945    825.485     5.1869     5.2003  33.454798  33.466556     5.1182     5.1314    34.3812    34.3810    27.1709    27.1693     0.3128     0.3497      9.516     10.640     0.5446     0.5629     0.0415     0.0129     3.2906     0.0098     0.0000 -120.80412   34.31648      10.84          1  0.000e+00
      38546   1606.042    817.945    825.485     5.1868     5.2004  33.454242  33.466495     5.1181     5.1316    34.3807    34.3808    27.1706    27.1691     0.3128     0.3497      9.516     10.640     0.5446     0.5629     0.0415     0.0129     3.2906     0.0098     0.0000 -120.80412   34.31648      10.87          1  0.000e+00
      38547   1606.083    817.992    825.532     5.1869     5.2003  33.454551  33.466495     5.1181     5.1314    34.3809    34.3809    27.1707    27.1692     0.3128     0.3497      9.516     10.640     0.5446     0.5629     0.0415     0.0129     3.2906     0.0098     0.0000 -120.80412   34.31648      10.87          1  0.000e+00
      38548   1606.125    817.891    825.431     5.1873     5.2004  33.454921  33.466309     5.1185     5.1316    34.3810    34.3806    27.1707    27.1689     0.3128     0.3497      9.515     10.640     0.5446     0.5629     0.0415     0.0129     3.2894     0.0098     0.0000 -120.80412   34.31648      10.87          1  0.000e+00
      38549   1606.167    817.945    825.485     5.1874     5.2001  33.454551  33.466433     5.1186     5.1312    34.3804    34.3811    27.1703    27.1693     0.3128     0.3497      9.515     10.640     0.5446     0.5629     0.0415     0.0129     3.2906     0.0098     0.0000 -120.80412   34.31648      10.87          1  0.000e+00
      38550   1606.208    817.945    825.485     5.1873     5.2000  33.454860  33.465815     5.1185     5.1311    34.3809    34.3805    27.1707    27.1689     0.3128     0.3497      9.515     10.640     0.5446     0.5629     0.0415     0.0129     3.2882     0.0098     0.0000 -120.80412   34.31648      10.87          1  0.000e+00
      38551   1606.250    817.945    825.485     5.1869     5.1998  33.454798  33.466001     5.1182     5.1309    34.3812    34.3809    27.1709    27.1692     0.3128     0.3497      9.516     10.640     0.5446     0.5629     0.0415     0.0129     3.2894     0.0098     0.0000 -120.80412   34.31648      10.87          1  0.000e+00
      38552   1606.292    817.945    825.485     5.1867     5.1996  33.454736  33.465754     5.1180     5.1308    34.3813    34.3808    27.1711    27.1691     0.3128     0.3497      9.516     10.640     0.5446     0.5629     0.0415     0.0129     3.2894     0.0098     0.0000 -120.80412   34.31648      10.89          1  0.000e+00
      38553   1606.333    817.892    825.431     5.1865     5.1995  33.454489  33.465630     5.1177     5.1307    34.3814    34.3808    27.1711    27.1692     0.3128     0.3497      9.516     10.640     0.5446     0.5629     0.0415     0.0129     3.2882     0.0098     0.0000 -120.80412   34.31648      10.89          1  0.000e+00
      38554   1606.375    817.945    825.485     5.1865     5.1993  33.454242  33.465630     5.1177     5.1305    34.3810    34.3810    27.1709    27.1693     0.3128     0.3497      9.516     10.641     0.5446     0.5629     0.0415     0.0129     3.2882     0.0098     0.0000 -120.80412   34.31648      10.89          1  0.000e+00
      38555   1606.417    817.945    825.485     5.1865     5.1992  33.454366  33.465630     5.1177     5.1304    34.3812    34.3811    27.1710    27.1694     0.3128     0.3497      9.516     10.641     0.5446     0.5629     0.0415     0.0129     3.2882     0.0098     0.0000 -120.80412   34.31648      10.89          1  0.000e+00
      38556   1606.458    817.945    825.485     5.1863     5.1993  33.454613  33.465630     5.1176     5.1305    34.3816    34.3810    27.1714    27.1693     0.3128     0.3497      9.516     10.641     0.5446     0.5629     0.0415     0.0129     3.2882     0.0098     0.0000 -120.80412   34.31648      10.87          1  0.000e+00
      38557   1606.500    817.892    825.431     5.1865     5.1993  33.454489  33.465630     5.1177     5.1305    34.3814    34.3810    27.1711    27.1694     0.3128     0.3497      9.516     10.640     0.5446     0.5629     0.0415     0.0129     3.2882     0.0098     0.0000 -120.80412   34.31648      10.89          1  0.000e+00
      38558   1606.542    817.992    825.533     5.1866     5.1996  33.454613  33.465383     5.1179     5.1308    34.3813    34.3803    27.1711    27.1688     0.3194     0.3497      9.717     10.641     0.5458     0.5629     0.0415     0.0129     3.2882     0.0098     0.0000 -120.80412   34.31648      10.89          1  0.000e+00
      38559   1606.583    817.892    825.431     5.1866     5.1996  33.454736  33.465445     5.1179     5.1308    34.3814    34.3804    27.1712    27.1689     0.3128     0.3497      9.516     10.640     0.5446     0.5629     0.0415     0.0129     3.2894     0.0098     0.0000 -120.80412   34.31648      10.89          1  0.000e+00
      38560   1606.625    817.945    825.485     5.1868     5.1993  33.454489  33.465816     5.1181     5.1305    34.3810    34.3812    27.1708    27.1695     0.3128     0.3497      9.516     10.640     0.5446     0.5629     0.0415     0.0129     3.2882     0.0098     0.0000 -120.80412   34.31648      10.89          1  0.000e+00
      38561   1606.667    817.892    825.431     5.1871     5.1991  33.454612  33.465692     5.1183     5.1303    34.3808    34.3812    27.1707    27.1696     0.3128     0.3497      9.515     10.640     0.5446     0.5629     0.0415     0.0129     3.2906     0.0098     0.0000 -120.80412   34.31648      10.89          1  0.000e+00
      38562   1606.708    817.992    825.533     5.1873     5.1990  33.454736  33.465630     5.1185     5.1302    34.3807    34.3813    27.1705    27.1696     0.3128     0.3497      9.516     10.641     0.5446     0.5629     0.0415     0.0129     3.2906     0.0098     0.0000 -120.80412   34.31648      10.89          1  0.000e+00
      38563   1606.750    817.892    825.431     5.1872     5.1991  33.454921  33.465630     5.1185     5.1303    34.3810    34.3812    27.1708    27.1695     0.3128     0.3497      9.515     10.640     0.5446     0.5629     0.0415     0.0129     3.2906     0.0098     0.0000 -120.80412   34.31648      10.89          1  0.000e+00
      38564   1606.792    817.945    825.485     5.1874     5.1992  33.455045  33.465816     5.1187     5.1304    34.3810    34.3813    27.1707    27.1696     0.3128     0.3497      9.515     10.641     0.5446     0.5629     0.0415     0.0129     3.2894     0.0098     0.0000 -120.80412   34.31648      10.89          1  0.000e+00
      38565   1606.833    817.945    825.485     5.1881     5.1996  33.455045  33.465939     5.1193     5.1308    34.3803    34.3810    27.1701    27.1693     0.3128     0.3497      9.515     10.640     0.5446     0.5629     0.0415     0.0129     3.2882     0.0098     0.0000 -120.80412   34.31648      10.89          1  0.000e+00
      38566   1606.875    817.945    825.485     5.1879     5.1996  33.455045  33.466310     5.1191     5.1308    34.3805    34.3814    27.1703    27.1696     0.3128     0.3497      9.515     10.640     0.5446     0.5629     0.0415     0.0129     3.2882     0.0085     0.0000 -120.80412   34.31648      10.89          1  0.000e+00
      38567   1606.917    817.945    825.485     5.1874     5.1999  33.455045  33.466433     5.1187     5.1311    34.3810    34.3812    27.1707    27.1695     0.3128     0.3497      9.515     10.640     0.5446     0.5629     0.0415     0.0129     3.2882     0.0085     0.0000 -120.80412   34.31648      10.89          1  0.000e+00
      38568   1606.958    817.945    825.485     5.1874     5.2000  33.455045  33.466062     5.1187     5.1311    34.3810    34.3808    27.1707    27.1691     0.3128     0.3497      9.515     10.640     0.5446     0.5629     0.0415     0.0129     3.2894     0.0085     0.0000 -120.80412   34.31648      10.89          1  0.000e+00
      38569   1607.000    817.945    825.485     5.1874     5.1999  33.454798  33.466124     5.1186     5.1311    34.3807    34.3809    27.1705    27.1692     0.3128     0.3497      9.515     10.640     0.5446     0.5629     0.0415     0.0129     3.2906     0.0098     0.0000 -120.80412   34.31648      10.89          1  0.000e+00
      38570   1607.042    817.945    825.485     5.1873     5.1999  33.455169  33.466001     5.1185     5.1311    34.3812    34.3807    27.1710    27.1691     0.3128     0.3497      9.515     10.640     0.5446     0.5629     0.0415     0.0129     3.2894     0.0098     0.0000 -120.80412   34.31648      10.89          1  0.000e+00
      38571   1607.083    817.992    825.533     5.1874     5.1995  33.455107  33.465198     5.1187     5.1306    34.3810    34.3803    27.1707    27.1687     0.3128     0.3497      9.515     10.641     0.5446     0.5629     0.0415     0.0129     3.2894     0.0098     0.0000 -120.80412   34.31648      10.89          1  0.000e+00
      38572   1607.125    817.945    825.485     5.1877     5.1993  33.455231  33.465198     5.1190     5.1305    34.3809    34.3804    27.1706    27.1689     0.3128     0.3497      9.515     10.641     0.5446     0.5629     0.0415     0.0129     3.2894     0.0098     0.0000 -120.80412   34.31648      10.89          1  0.000e+00
      38573   1607.167    817.945    825.485     5.1877     5.1990  33.454860  33.464827     5.1190     5.1302    34.3804    34.3804    27.1703    27.1689     0.3128     0.3497      9.515     10.641     0.5446     0.5629     0.0415     0.0129     3.2882     0.0098     0.0000 -120.80412   34.31648      10.89          1  0.000e+00
      38574   1607.208    817.945    825.485     5.1879     5.1991  33.455169  33.464827     5.1191     5.1303    34.3806    34.3802    27.1704    27.1688     0.3128     0.3497      9.515     10.641     0.5446     0.5629     0.0415     0.0129     3.2882     0.0098     0.0000 -120.80412   34.31648      10.89          1  0.000e+00
      38575   1607.250    817.992    825.533     5.1882     5.1988  33.455107  33.464704     5.1194     5.1300    34.3802    34.3803    27.1701    27.1689     0.3194     0.3498      9.716     10.641     0.5458     0.5629     0.0415     0.0129     3.2906     0.0098     0.0000 -120.80412   34.31648      10.89          1  0.000e+00
      38576   1607.292    817.945    825.485     5.1881     5.1988  33.455045  33.464889     5.1193     5.1300    34.3803    34.3806    27.1701    27.1691     0.3128     0.3497      9.515     10.641     0.5446     0.5629     0.0415     0.0129     3.2894     0.0098     0.0000 -120.80412   34.31648      10.92          1  0.000e+00
      38577   1607.333    818.046    825.587     5.1875     5.1985  33.454798  33.465013     5.1188     5.1297    34.3805    34.3810    27.1703    27.1694     0.3128     0.3498      9.516     10.641     0.5446     0.5629     0.0415     0.0129     3.2882     0.0098     0.0000 -120.80412   34.31648      10.92          1  0.000e+00
      38578   1607.375    817.945    825.485     5.1873     5.1987  33.455169  33.465013     5.1185     5.1299    34.3812    34.3809    27.1710    27.1693     0.3128     0.3497      9.515     10.641     0.5446     0.5629     0.0415     0.0129     3.2882     0.0098     0.0000 -120.80412   34.31648      10.92          2  0.000e+00
      38579   1607.417    817.992    825.533     5.1877     5.1987  33.455354  33.464766     5.1190     5.1299    34.3810    34.3806    27.1707    27.1691     0.3128     0.3498      9.515     10.641     0.5446     0.5629     0.0415     0.0129     3.2894     0.0098     0.0000 -120.80412   34.31648      10.92          2  0.000e+00
      38580   1607.458    817.992    825.533     5.1880     5.1985  33.455107  33.464889     5.1193     5.1297    34.3804    34.3809    27.1702    27.1694     0.3128     0.3498      9.515     10.641     0.5446     0.5629     0.0415     0.0129     3.2894     0.0098     0.0000 -120.80412   34.31648      10.92          2  0.000e+00
