West Coast/WCOA-7/CTD_Data/RB2102_CTD_102_01.ros
* Sea-Bird SBE 9 Data File:
* FileName = C:\Users\scs.user.rb\CTD\RB2102\Data\RB2102_CTD_102_01.hex
* Software Version Seasave V 7.26.7.107
* Temperature SN = 6202
* Conductivity SN = 4907
* Number of Bytes Per Scan = 41
* Number of Voltage Words = 4
* Number of Scans Averaged by the Deck Unit = 1
* NMEA Latitude = 36 46.98 N
* NMEA Longitude = 121 52.27 W
* NMEA UTC (Time) = Jul 15 2021  02:13:12
* NMEA baud rate = 4800
# nquan = 30
# nvalues = 1164                                  
# units = specified
# name 0 = scan: Scan Count
# name 1 = timeS: Time, Elapsed [seconds]
# name 2 = depSM: Depth [salt water, m]
# name 3 = prDM: Pressure, Digiquartz [db]
# name 4 = t090C: Temperature [ITS-90, deg C]
# name 5 = t190C: Temperature, 2 [ITS-90, deg C]
# name 6 = c0mS/cm: Conductivity [mS/cm]
# name 7 = c1mS/cm: Conductivity, 2 [mS/cm]
# name 8 = potemp090C: Potential Temperature [ITS-90, deg C]
# name 9 = potemp190C: Potential Temperature, 2 [ITS-90, deg C]
# name 10 = sal00: Salinity, Practical [PSU]
# name 11 = sal11: Salinity, Practical, 2 [PSU]
# name 12 = sigma-é00: Density [sigma-theta, kg/m^3]
# name 13 = sigma-é11: Density, 2 [sigma-theta, kg/m^3]
# name 14 = sbeox0Mg/L: Oxygen, SBE 43 [mg/l]
# name 15 = sbeox1Mg/L: Oxygen, SBE 43, 2 [mg/l]
# name 16 = sbox0Mm/Kg: Oxygen, SBE 43 [umol/kg]
# name 17 = sbox1Mm/Kg: Oxygen, SBE 43, 2 [umol/kg]
# name 18 = sbeox0V: Oxygen raw, SBE 43 [V]
# name 19 = sbeox1V: Oxygen raw, SBE 43, 2 [V]
# name 20 = v4: Voltage 4
# name 21 = flECO-AFL: Fluorescence, WET Labs ECO-AFL/FL [mg/m^3]
# name 22 = v3: Voltage 3
# name 23 = v6: Voltage 6
# name 24 = v7: Voltage 7
# name 25 = longitude: Longitude [deg]
# name 26 = latitude: Latitude [deg]
# name 27 = altM: Altimeter [m]
# name 28 = nbf: Bottles Fired
# name 29 = flag:  0.000e+00
# interval = seconds: 0.0416667
# start_time = Jul 15 2021 02:13:12 [NMEA time, header]
# bad_flag = -9.990e-29
*END*
[from data line 774]
      43054   1793.875     30.136     30.362    10.9165    10.9177  37.810612  37.812047    10.9128    10.9141    33.8367    33.8370    25.8852    25.8852     5.2741     5.4034    160.658    164.599     1.7204     1.6654     0.0647     0.5928     3.2564     0.0110     0.0000 -121.87094   36.78228      99.39         16  0.000e+00
      43055   1793.917     30.136     30.362    10.9165    10.9176  37.810742  37.812242    10.9128    10.9139    33.8368    33.8373    25.8853    25.8855     5.2741     5.4034    160.658    164.599     1.7204     1.6654     0.0647     0.5928     3.2564     0.0110     0.0000 -121.87094   36.78228      99.39         16  0.000e+00
      43056   1793.958     30.089     30.315    10.9165    10.9177  37.810417  37.812242    10.9128    10.9141    33.8365    33.8372    25.8851    25.8854     5.2688     5.4034    160.499    164.598     1.7192     1.6654     0.0647     0.5928     3.2552     0.0110     0.0000 -121.87094   36.78228      99.39         16  0.000e+00
      43057   1794.000     30.142     30.369    10.9163    10.9177  37.810418  37.811723    10.9127    10.9141    33.8367    33.8367    25.8852    25.8850     5.2689     5.4034    160.500    164.599     1.7192     1.6654     0.0647     0.5928     3.2552     0.0110     0.0000 -121.87094   36.78228      99.39         16  0.000e+00
      43058   1794.042     30.136     30.362    10.9165    10.9176  37.810547  37.812047    10.9128    10.9139    33.8367    33.8371    25.8852    25.8854     5.2689     5.4034    160.499    164.599     1.7192     1.6654     0.0647     0.5928     3.2552     0.0110     0.0000 -121.87094   36.78228      99.39         16  0.000e+00
      43059   1794.083     30.090     30.315    10.9164    10.9174  37.810482  37.811982    10.9128    10.9138    33.8367    33.8373    25.8852    25.8855     5.2688     5.3977    160.499    164.426     1.7192     1.6642     0.0647     0.5928     3.2552     0.0110     0.0000 -121.87094   36.78228      99.39         16  0.000e+00
      43060   1794.125     30.136     30.362    10.9165    10.9176  37.810547  37.811918    10.9128    10.9139    33.8367    33.8370    25.8852    25.8853     5.2689     5.4034    160.499    164.599     1.7192     1.6654     0.0635     0.5623     3.2564     0.0110     0.0000 -121.87094   36.78228      99.39         16  0.000e+00
      45710   1904.542     20.326     20.478    11.0770    11.0804  37.944662  37.948675    11.0745    11.0779    33.8264    33.8273    25.8483    25.8484     5.5192     5.6706    168.131    172.743     1.7839     1.7289     0.0769     0.8981     3.2540     0.0195     0.0000 -121.87092   36.78228      99.37         17  0.000e+00
      45711   1904.583     20.326     20.478    11.0769    11.0807  37.944467  37.948285    11.0744    11.0783    33.8263    33.8266    25.8482    25.8477     5.5192     5.6706    168.132    172.742     1.7839     1.7289     0.0769     0.8981     3.2552     0.0208     0.0000 -121.87092   36.78228      99.37         17  0.000e+00
      45712   1904.625     20.425     20.578    11.0765    11.0807  37.943948  37.948415    11.0740    11.0782    33.8261    33.8267    25.8481    25.8478     5.5193     5.6706    168.136    172.744     1.7839     1.7289     0.0769     0.8981     3.2527     0.0208     0.0000 -121.87092   36.78228      99.37         17  0.000e+00
      45713   1904.667     20.326     20.478    11.0762    11.0811  37.943234  37.948545    11.0737    11.0786    33.8257    33.8266    25.8479    25.8477     5.5193     5.6705    168.135    172.741     1.7839     1.7289     0.0769     0.8981     3.2552     0.0208     0.0000 -121.87092   36.78228      99.37         17  0.000e+00
      45714   1904.708     20.372     20.525    11.0760    11.0806  37.943104  37.948545    11.0736    11.0781    33.8257    33.8270    25.8479    25.8481     5.5194     5.6762    168.137    172.916     1.7839     1.7302     0.0769     0.8981     3.2540     0.0195     0.0000 -121.87092   36.78228      99.37         17  0.000e+00
      45715   1904.750     20.379     20.531    11.0752    11.0806  37.943299  37.948545    11.0727    11.0781    33.8267    33.8270    25.8488    25.8481     5.5194     5.6763    168.139    172.916     1.7839     1.7302     0.0757     0.8676     3.2552     0.0195     0.0000 -121.87092   36.78228      99.37         17  0.000e+00
      45716   1904.792     20.326     20.478    11.0752    11.0800  37.943234  37.948545    11.0727    11.0776    33.8266    33.8275    25.8488    25.8486     5.5194     5.6763    168.138    172.916     1.7839     1.7302     0.0757     0.8676     3.2552     0.0195     0.0000 -121.87092   36.78228      99.37         17  0.000e+00
      45717   1904.833     20.379     20.531    11.0750    11.0797  37.942390  37.948026    11.0726    11.0772    33.8259    33.8272    25.8483    25.8484     5.5195     5.6764    168.140    172.919     1.7839     1.7302     0.0757     0.8676     3.2540     0.0195     0.0000 -121.87092   36.78228      99.37         17  0.000e+00
      45718   1904.875     20.372     20.525    11.0749    11.0796  37.942585  37.947377    11.0724    11.0771    33.8263    33.8267    25.8486    25.8480     5.5195     5.6764    168.140    172.920     1.7839     1.7302     0.0757     0.8676     3.2540     0.0195     0.0000 -121.87092   36.78228      99.37         17  0.000e+00
      45719   1904.917     20.379     20.532    11.0744    11.0794  37.942520  37.947961    11.0719    11.0769    33.8267    33.8275    25.8489    25.8487     5.5195     5.6764    168.142    172.920     1.7839     1.7302     0.0757     0.8676     3.2552     0.0195     0.0000 -121.87092   36.78228      99.37         17  0.000e+00
      45720   1904.958     20.372     20.525    11.0744    11.0799  37.942195  37.948221    11.0719    11.0774    33.8264    33.8273    25.8487    25.8485     5.5196     5.6763    168.142    172.918     1.7839     1.7302     0.0757     0.8676     3.2540     0.0195     0.0000 -121.87092   36.78228      99.37         17  0.000e+00
      45721   1905.000     20.379     20.532    11.0742    11.0797  37.942325  37.947961    11.0718    11.0772    33.8266    33.8272    25.8489    25.8484     5.5196     5.6764    168.143    172.919     1.7839     1.7302     0.0757     0.8676     3.2527     0.0195     0.0000 -121.87092   36.78228      99.37         17  0.000e+00
      45722   1905.042     20.372     20.525    11.0741    11.0797  37.942715  37.948091    11.0716    11.0772    33.8272    33.8273    25.8494    25.8485     5.5196     5.6763    168.142    172.919     1.7839     1.7302     0.0757     0.8676     3.2540     0.0195     0.0000 -121.87092   36.78228      99.37         17  0.000e+00
      45723   1905.083     20.379     20.532    11.0739    11.0797  37.942520  37.948221    11.0714    11.0772    33.8271    33.8274    25.8494    25.8486     5.5196     5.6763    168.143    172.919     1.7839     1.7302     0.0757     0.8676     3.2540     0.0208     0.0000 -121.87092   36.78228      99.37         17  0.000e+00
      45724   1905.125     20.372     20.525    11.0742    11.0797  37.942195  37.948415    11.0718    11.0772    33.8265    33.8276    25.8488    25.8487     5.5196     5.6763    168.143    172.918     1.7839     1.7302     0.0757     0.8676     3.2540     0.0220     0.0000 -121.87092   36.78228      99.37         17  0.000e+00
      45725   1905.167     20.379     20.532    11.0742    11.0804  37.942585  37.948740    11.0718    11.0779    33.8269    33.8273    25.8491    25.8484     5.5196     5.6763    168.142    172.916     1.7839     1.7302     0.0757     0.8676     3.2540     0.0208     0.0000 -121.87092   36.78228      99.37         17  0.000e+00
      45726   1905.208     20.373     20.525    11.0741    11.0802  37.942520  37.949129    11.0716    11.0777    33.8270    33.8279    25.8492    25.8488     5.5196     5.6763    168.143    172.916     1.7839     1.7302     0.0757     0.8676     3.2540     0.0208     0.0000 -121.87092   36.78228      99.37         17  0.000e+00
      45727   1905.250     20.379     20.532    11.0739    11.0804  37.942455  37.949259    11.0714    11.0779    33.8270    33.8279    25.8493    25.8488     5.5248     5.6762    168.301    172.915     1.7851     1.7302     0.0757     0.8676     3.2540     0.0244     0.0000 -121.87092   36.78228      99.37         17  0.000e+00
      45728   1905.292     20.426     20.578    11.0741    11.0807  37.942260  37.949259    11.0716    11.0782    33.8267    33.8275    25.8490    25.8485     5.5248     5.6762    168.302    172.915     1.7851     1.7302     0.0757     0.8676     3.2540     0.0232     0.0000 -121.87092   36.78228      99.37         17  0.000e+00
      45729   1905.333     20.326     20.478    11.0739    11.0807  37.942390  37.949258    11.0714    11.0783    33.8270    33.8276    25.8493    25.8485     5.5248     5.6762    168.300    172.913     1.7851     1.7302     0.0757     0.8676     3.2540     0.0232     0.0000 -121.87092   36.78228      99.37         17  0.000e+00
      45730   1905.375     20.426     20.578    11.0741    11.0812  37.942195  37.949259    11.0716    11.0787    33.8266    33.8271    25.8490    25.8480     5.5196     5.6762    168.144    172.914     1.7839     1.7302     0.0757     0.8676     3.2552     0.0220     0.0000 -121.87092   36.78228      99.37         17  0.000e+00
      45731   1905.417     20.426     20.578    11.0739    11.0809  37.942585  37.949713    11.0714    11.0784    33.8272    33.8278    25.8494    25.8487     5.5196     5.6762    168.144    172.915     1.7839     1.7302     0.0757     0.8676     3.2552     0.0208     0.0000 -121.87092   36.78228      99.37         17  0.000e+00
      45732   1905.458     20.373     20.525    11.0741    11.0809  37.942520  37.950362    11.0716    11.0784    33.8270    33.8285    25.8492    25.8492     5.5196     5.6761    168.143    172.912     1.7839     1.7302     0.0757     0.8676     3.2552     0.0208     0.0000 -121.87092   36.78228      99.37         17  0.000e+00
      45733   1905.500     20.426     20.578    11.0741    11.0812  37.942910  37.950751    11.0716    11.0787    33.8274    33.8285    25.8495    25.8492     5.5196     5.6761    168.143    172.912     1.7839     1.7302     0.0757     0.8676     3.2540     0.0208     0.0000 -121.87092   36.78228      99.37         17  0.000e+00
      45734   1905.542     20.373     20.525    11.0739    11.0816  37.942650  37.950621    11.0714    11.0791    33.8272    33.8281    25.8495    25.8488     5.5196     5.6761    168.143    172.910     1.7839     1.7302     0.0757     0.8676     3.2527     0.0195     0.0000 -121.87092   36.78228      99.37         17  0.000e+00
      45735   1905.583     20.426     20.578    11.0744    11.0816  37.942455  37.950037    11.0719    11.0791    33.8266    33.8275    25.8489    25.8483     5.5196     5.6761    168.143    172.912     1.7839     1.7302     0.0757     0.8676     3.2552     0.0195     0.0000 -121.87092   36.78228      99.37         17  0.000e+00
      45736   1905.625     20.373     20.525    11.0744    11.0827  37.942650  37.950102    11.0719    11.0802    33.8268    33.8266    25.8491    25.8474     5.5195     5.6760    168.142    172.908     1.7839     1.7302     0.0757     0.8676     3.2527     0.0195     0.0000 -121.87092   36.78228      99.37         17  0.000e+00
      45737   1905.667     20.426     20.578    11.0742    11.0831  37.942260  37.950686    11.0717    11.0806    33.8265    33.8268    25.8489    25.8475     5.5196     5.6760    168.144    172.907     1.7839     1.7302     0.0757     0.8676     3.2540     0.0232     0.0000 -121.87092   36.78228      99.37         17  0.000e+00
      45738   1905.708     20.426     20.578    11.0741    11.0832  37.942845  37.950881    11.0716    11.0807    33.8273    33.8269    25.8495    25.8475     5.5196     5.6759    168.143    172.906     1.7839     1.7302     0.0757     0.8676     3.2527     0.0256     0.0000 -121.87092   36.78228      99.37         17  0.000e+00
      45739   1905.750     20.379     20.532    11.0741    11.0832  37.942909  37.951140    11.0716    11.0807    33.8274    33.8271    25.8495    25.8477     5.5196     5.6759    168.142    172.905     1.7839     1.7302     0.0757     0.8676     3.2540     0.0244     0.0000 -121.87092   36.78228      99.37         17  0.000e+00
      45740   1905.792     20.426     20.578    11.0742    11.0834  37.943559  37.951205    11.0717    11.0809    33.8278    33.8270    25.8499    25.8476     5.5196     5.6759    168.142    172.906     1.7839     1.7302     0.0757     0.8676     3.2552     0.0232     0.0000 -121.87092   36.78226      99.37         17  0.000e+00
      45741   1905.833     20.426     20.578    11.0747    11.0831  37.943818  37.951465    11.0722    11.0806    33.8276    33.8276    25.8496    25.8481     5.5247     5.6759    168.299    172.906     1.7851     1.7302     0.0733     0.8065     3.2552     0.0232     0.0000 -121.87092   36.78226      99.37         17  0.000e+00
      45742   1905.875     20.426     20.578    11.0754    11.0831  37.944532  37.952049    11.0729    11.0806    33.8277    33.8281    25.8496    25.8485     5.5246     5.6759    168.296    172.905     1.7851     1.7302     0.0733     0.8065     3.2552     0.0220     0.0000 -121.87092   36.78226      99.37         17  0.000e+00
      45743   1905.917     20.426     20.578    11.0760    11.0829  37.944792  37.951724    11.0735    11.0804    33.8274    33.8280    25.8492    25.8484     5.5194     5.6816    168.136    173.079     1.7839     1.7314     0.0733     0.8065     3.2540     0.0220     0.0000 -121.87092   36.78226      99.37         17  0.000e+00
      45744   1905.958     20.472     20.625    11.0764    11.0835  37.944987  37.952049    11.0739    11.0810    33.8273    33.8277    25.8491    25.8481     5.5193     5.6816    168.136    173.077     1.7839     1.7314     0.0733     0.8065     3.2540     0.0220     0.0000 -121.87092   36.78226      99.37         17  0.000e+00
      45745   1906.000     20.426     20.578    11.0770    11.0839  37.944922  37.952243    11.0745    11.0814    33.8266    33.8276    25.8484    25.8479     5.5193     5.6815    168.133    173.075     1.7839     1.7314     0.0733     0.8065     3.2527     0.0232     0.0000 -121.87092   36.78226      99.37         17  0.000e+00
      45746   1906.042     20.426     20.578    11.0767    11.0835  37.944532  37.951984    11.0742    11.0810    33.8265    33.8277    25.8484    25.8481     5.5193     5.6759    168.134    172.904     1.7839     1.7302     0.0733     0.8065     3.2540     0.0244     0.0000 -121.87092   36.78226      99.37         17  0.000e+00
      45747   1906.083     20.379     20.532    11.0770    11.0831  37.944207  37.951919    11.0745    11.0806    33.8259    33.8280    25.8479    25.8484     5.5244     5.6759    168.291    172.905     1.7851     1.7302     0.0733     0.8065     3.2540     0.0244     0.0000 -121.87092   36.78226      99.37         17  0.000e+00
      45748   1906.125     20.518     20.672    11.0768    11.0827  37.944598  37.951660    11.0743    11.0802    33.8264    33.8280    25.8483    25.8485     5.5245     5.6817    168.294    173.081     1.7851     1.7314     0.0733     0.8065     3.2540     0.0256     0.0000 -121.87092   36.78226      99.37         17  0.000e+00
      45749   1906.167     20.426     20.579    11.0772    11.0824  37.944532  37.951270    11.0747    11.0799    33.8261    33.8280    25.8480    25.8485     5.5244     5.6817    168.291    173.080     1.7851     1.7314     0.0733     0.8065     3.2540     0.0244     0.0000 -121.87092   36.78226      99.37         17  0.000e+00
