West Coast/WCOA-7/CTD_Data/RB2102_CTD_056_01.ros
* Sea-Bird SBE 9 Data File:
* FileName = C:\Users\scs.user.rb\CTD\RB2102\Data\RB2102_CTD_056_01.hex
* Software Version Seasave V 7.26.7.107
* Temperature SN = 6202
* Conductivity SN = 4907
* Number of Bytes Per Scan = 41
* Number of Voltage Words = 4
* Number of Scans Averaged by the Deck Unit = 1
* NMEA Latitude = 44 00.08 N
* NMEA Longitude = 124 36.00 W
* NMEA UTC (Time) = Jul 05 2021  05:27:24
* NMEA baud rate = 4800
# nquan = 30
# nvalues = 980                                   
# units = specified
# name 0 = scan: Scan Count
# name 1 = timeS: Time, Elapsed [seconds]
# name 2 = depSM: Depth [salt water, m]
# name 3 = prDM: Pressure, Digiquartz [db]
# name 4 = t090C: Temperature [ITS-90, deg C]
# name 5 = t190C: Temperature, 2 [ITS-90, deg C]
# name 6 = c0mS/cm: Conductivity [mS/cm]
# name 7 = c1mS/cm: Conductivity, 2 [mS/cm]
# name 8 = potemp090C: Potential Temperature [ITS-90, deg C]
# name 9 = potemp190C: Potential Temperature, 2 [ITS-90, deg C]
# name 10 = sal00: Salinity, Practical [PSU]
# name 11 = sal11: Salinity, Practical, 2 [PSU]
# name 12 = sigma-é00: Density [sigma-theta, kg/m^3]
# name 13 = sigma-é11: Density, 2 [sigma-theta, kg/m^3]
# name 14 = sbeox0Mg/L: Oxygen, SBE 43 [mg/l]
# name 15 = sbeox1Mg/L: Oxygen, SBE 43, 2 [mg/l]
# name 16 = sbox0Mm/Kg: Oxygen, SBE 43 [umol/kg]
# name 17 = sbox1Mm/Kg: Oxygen, SBE 43, 2 [umol/kg]
# name 18 = sbeox0V: Oxygen raw, SBE 43 [V]
# name 19 = sbeox1V: Oxygen raw, SBE 43, 2 [V]
# name 20 = v4: Voltage 4
# name 21 = flECO-AFL: Fluorescence, WET Labs ECO-AFL/FL [mg/m^3]
# name 22 = v3: Voltage 3
# name 23 = v6: Voltage 6
# name 24 = v7: Voltage 7
# name 25 = longitude: Longitude [deg]
# name 26 = latitude: Latitude [deg]
# name 27 = altM: Altimeter [m]
# name 28 = nbf: Bottles Fired
# name 29 = flag:  0.000e+00
# interval = seconds: 0.0416667
# start_time = Jul 05 2021 05:27:24 [NMEA time, header]
# bad_flag = -9.990e-29
*END*
      22015    917.250    144.240    145.458     7.4402     7.4404  34.848400  34.848817     7.4264     7.4266    34.0111    34.0114    26.5803    26.5805     2.1475     2.2567     65.373     68.697     0.9438     0.9438     0.0427     0.0434     3.2662     0.0537     0.0366 -124.60018   44.00136       9.55          1  0.000e+00
      22016    917.292    144.273    145.491     7.4404     7.4403  34.848338  34.849131     7.4266     7.4264    34.0109    34.0119    26.5801    26.5809     2.1475     2.2567     65.373     68.698     0.9438     0.9438     0.0415     0.0129     3.2662     0.0537     0.0354 -124.60018   44.00136       9.55          1  0.000e+00
      22017    917.333    144.339    145.558     7.4401     7.4404  34.848087  34.849006     7.4262     7.4266    34.0109    34.0115    26.5802    26.5806     2.1476     2.2505     65.374     68.508     0.9438     0.9426     0.0415     0.0129     3.2674     0.0537     0.0354 -124.60018   44.00136       9.55          1  0.000e+00
      22018    917.375    144.326    145.545     7.4399     7.4403  34.848024  34.848880     7.4261     7.4264    34.0110    34.0116    26.5802    26.5807     2.1476     2.2567     65.375     68.698     0.9438     0.9438     0.0415     0.0129     3.2674     0.0537     0.0354 -124.60018   44.00136       9.55          1  0.000e+00
      22019    917.417    144.286    145.505     7.4399     7.4401  34.848024  34.848441     7.4261     7.4262    34.0110    34.0113    26.5802    26.5805     2.1475     2.2568     65.374     68.698     0.9438     0.9438     0.0415     0.0129     3.2674     0.0525     0.0354 -124.60018   44.00136       9.55          1  0.000e+00
      22020    917.458    144.326    145.545     7.4399     7.4400  34.848024  34.848943     7.4261     7.4261    34.0110    34.0119    26.5802    26.5810     2.1476     2.2568     65.375     68.699     0.9438     0.9438     0.0415     0.0129     3.2674     0.0537     0.0354 -124.60018   44.00136       9.50          1  0.000e+00
      22021    917.500    144.286    145.505     7.4402     7.4403  34.848024  34.848755     7.4264     7.4264    34.0107    34.0115    26.5800    26.5806     2.1475     2.2567     65.374     68.698     0.9438     0.9438     0.0415     0.0129     3.2674     0.0525     0.0354 -124.60018   44.00136       9.50          1  0.000e+00
      22022    917.542    144.326    145.545     7.4399     7.4401  34.848024  34.848817     7.4261     7.4262    34.0110    34.0117    26.5802    26.5808     2.1476     2.2568     65.375     68.699     0.9438     0.9438     0.0415     0.0129     3.2674     0.0537     0.0354 -124.60018   44.00136       9.50          1  0.000e+00
      22023    917.583    144.286    145.505     7.4399     7.4401  34.847773  34.848880     7.4261     7.4263    34.0107    34.0117    26.5800    26.5808     2.1476     2.2567     65.374     68.698     0.9438     0.9438     0.0427     0.0434     3.2662     0.0537     0.0354 -124.60018   44.00136       9.50          1  0.000e+00
      22024    917.625    144.372    145.592     7.4398     7.4401  34.847836  34.848880     7.4259     7.4262    34.0109    34.0117    26.5802    26.5808     2.1476     2.2568     65.375     68.699     0.9438     0.9438     0.0415     0.0129     3.2662     0.0537     0.0354 -124.60018   44.00136       9.50          1  0.000e+00
      22025    917.667    144.286    145.505     7.4401     7.4404  34.848463  34.848880     7.4262     7.4266    34.0113    34.0115    26.5805    26.5806     2.1475     2.2567     65.374     68.698     0.9438     0.9438     0.0415     0.0129     3.2674     0.0537     0.0354 -124.60018   44.00136       9.50          1  0.000e+00
      22026    917.708    144.339    145.558     7.4399     7.4401  34.848401  34.848629     7.4261     7.4263    34.0114    34.0114    26.5806    26.5806     2.1476     2.2630     65.374     68.889     0.9438     0.9451     0.0415     0.0129     3.2662     0.0537     0.0354 -124.60018   44.00136       9.45          1  0.000e+00
      22027    917.750    144.326    145.545     7.4401     7.4403  34.848087  34.848566     7.4262     7.4264    34.0109    34.0112    26.5802    26.5804     2.1476     2.2568     65.374     68.698     0.9438     0.9438     0.0415     0.0129     3.2674     0.0537     0.0354 -124.60018   44.00136       9.45          1  0.000e+00
      22028    917.792    144.286    145.505     7.4399     7.4401  34.848212  34.848817     7.4261     7.4262    34.0112    34.0117    26.5804    26.5808     2.1475     2.2567     65.374     68.698     0.9438     0.9438     0.0415     0.0129     3.2662     0.0525     0.0354 -124.60018   44.00136       9.45          1  0.000e+00
      22029    917.833    144.326    145.545     7.4404     7.4401  34.848338  34.848880     7.4266     7.4263    34.0108    34.0117    26.5801    26.5808     2.1475     2.2568     65.374     68.699     0.9438     0.9438     0.0415     0.0129     3.2674     0.0537     0.0354 -124.60018   44.00136       9.45          1  0.000e+00
      22030    917.875    144.339    145.558     7.4402     7.4405  34.848338  34.849131     7.4264     7.4267    34.0110    34.0116    26.5802    26.5806     2.1475     2.2567     65.374     68.698     0.9438     0.9438     0.0415     0.0129     3.2674     0.0537     0.0354 -124.60018   44.00136       9.45          1  0.000e+00
      22031    917.917    144.273    145.491     7.4406     7.4404  34.848338  34.849005     7.4267     7.4266    34.0107    34.0116    26.5800    26.5807     2.1475     2.2567     65.373     68.698     0.9438     0.9438     0.0415     0.0129     3.2662     0.0537     0.0354 -124.60018   44.00136       9.45          1  0.000e+00
      22032    917.958    144.286    145.505     7.4406     7.4404  34.848338  34.848880     7.4267     7.4266    34.0107    34.0114    26.5800    26.5805     2.1475     2.2567     65.373     68.698     0.9438     0.9438     0.0415     0.0129     3.2674     0.0537     0.0354 -124.60018   44.00136       9.45          1  0.000e+00
      22033    918.000    144.273    145.491     7.4406     7.4404  34.848338  34.848880     7.4267     7.4266    34.0107    34.0115    26.5800    26.5806     2.1475     2.2567     65.373     68.698     0.9438     0.9438     0.0415     0.0129     3.2674     0.0537     0.0354 -124.60018   44.00136       9.45          1  0.000e+00
      22034    918.042    144.339    145.558     7.4406     7.4405  34.848338  34.849131     7.4267     7.4267    34.0107    34.0116    26.5799    26.5806     2.1475     2.2567     65.374     68.698     0.9438     0.9438     0.0415     0.0129     3.2674     0.0537     0.0354 -124.60018   44.00136       9.45          1  0.000e+00
      22035    918.083    144.273    145.491     7.4408     7.4406  34.848526  34.849194     7.4269     7.4268    34.0107    34.0116    26.5799    26.5807     2.1475     2.2567     65.373     68.697     0.9438     0.9438     0.0415     0.0129     3.2662     0.0525     0.0354 -124.60018   44.00136       9.45          1  0.000e+00
      22036    918.125    144.240    145.458     7.4408     7.4405  34.848840  34.848943     7.4269     7.4267    34.0111    34.0114    26.5802    26.5805     2.1475     2.2567     65.372     68.697     0.9438     0.9438     0.0415     0.0129     3.2674     0.0537     0.0354 -124.60018   44.00136       9.45          1  0.000e+00
      22037    918.167    144.240    145.458     7.4410     7.4407  34.848965  34.849131     7.4272     7.4269    34.0109    34.0114    26.5801    26.5805     2.1475     2.2567     65.372     68.697     0.9438     0.9438     0.0427     0.0434     3.2662     0.0537     0.0354 -124.60018   44.00136       9.45          1  0.000e+00
      22038    918.208    144.273    145.491     7.4410     7.4409  34.848965  34.849633     7.4272     7.4271    34.0109    34.0118    26.5801    26.5807     2.1475     2.2567     65.372     68.697     0.9438     0.9438     0.0427     0.0434     3.2662     0.0537     0.0354 -124.60018   44.00136       9.45          1  0.000e+00
      22039    918.250    144.186    145.404     7.4414     7.4410  34.848965  34.849821     7.4275     7.4272    34.0106    34.0119    26.5798    26.5808     2.1475     2.2567     65.371     68.696     0.9438     0.9438     0.0415     0.0129     3.2674     0.0537     0.0354 -124.60018   44.00136       9.47          1  0.000e+00
      22040    918.292    144.226    145.444     7.4414     7.4415  34.849091  34.849821     7.4275     7.4277    34.0108    34.0114    26.5799    26.5804     2.1475     2.2567     65.372     68.695     0.9438     0.9438     0.0415     0.0129     3.2674     0.0525     0.0354 -124.60018   44.00136       9.47          1  0.000e+00
      22041    918.333    144.186    145.404     7.4415     7.4414  34.848965  34.849821     7.4277     7.4276    34.0105    34.0115    26.5797    26.5805     2.1474     2.2566     65.371     68.695     0.9438     0.9438     0.0415     0.0129     3.2662     0.0537     0.0354 -124.60018   44.00136       9.45          1  0.000e+00
      22042    918.375    144.180    145.398     7.4412     7.4418  34.849404  34.850071     7.4274     7.4280    34.0113    34.0114    26.5803    26.5803     2.1474     2.2566     65.371     68.694     0.9438     0.9438     0.0427     0.0434     3.2662     0.0537     0.0354 -124.60018   44.00136       9.47          1  0.000e+00
      22043    918.417    144.140    145.357     7.4414     7.4415  34.849593  34.849946     7.4275     7.4277    34.0113    34.0116    26.5803    26.5805     2.1474     2.2566     65.371     68.695     0.9438     0.9438     0.0415     0.0129     3.2674     0.0537     0.0354 -124.60018   44.00136       9.47          1  0.000e+00
      22044    918.458    144.226    145.444     7.4415     7.4419  34.849342  34.849821     7.4277     7.4281    34.0109    34.0110    26.5800    26.5800     2.1475     2.2566     65.371     68.695     0.9438     0.9438     0.0415     0.0129     3.2662     0.0525     0.0354 -124.60018   44.00136       9.52          1  0.000e+00
      22045    918.500    144.094    145.311     7.4418     7.4423  34.849467  34.850322     7.4280     7.4285    34.0108    34.0112    26.5798    26.5801     2.1474     2.2566     65.370     68.693     0.9438     0.9438     0.0415     0.0129     3.2662     0.0537     0.0354 -124.60018   44.00136       9.55          1  0.000e+00
      22046    918.542    144.127    145.344     7.4418     7.4425  34.849781  34.850448     7.4280     7.4287    34.0111    34.0112    26.5801    26.5800     2.1474     2.2566     65.370     68.693     0.9438     0.9438     0.0415     0.0129     3.2674     0.0537     0.0354 -124.60018   44.00136       9.55          1  0.000e+00
      22047    918.583    144.140    145.357     7.4418     7.4427  34.849655  34.850699     7.4280     7.4289    34.0109    34.0112    26.5800    26.5801     2.1474     2.2566     65.370     68.693     0.9438     0.9438     0.0415     0.0129     3.2662     0.0537     0.0354 -124.60018   44.00136       9.52          1  0.000e+00
      22048    918.625    144.041    145.257     7.4420     7.4425  34.849090  34.850510     7.4282     7.4287    34.0102    34.0113    26.5793    26.5801     2.1474     2.2565     65.369     68.692     0.9438     0.9438     0.0415     0.0129     3.2674     0.0537     0.0354 -124.60018   44.00136       9.55          1  0.000e+00
      22049    918.667    144.080    145.297     7.4420     7.4428  34.849655  34.850259     7.4282     7.4290    34.0108    34.0107    26.5798    26.5796     2.1474     2.2565     65.369     68.692     0.9438     0.9438     0.0415     0.0129     3.2674     0.0537     0.0354 -124.60018   44.00136       9.55          1  0.000e+00
      22050    918.708    144.094    145.311     7.4418     7.4427  34.849404  34.850134     7.4280     7.4289    34.0107    34.0106    26.5798    26.5796     2.1474     2.2566     65.370     68.693     0.9438     0.9438     0.0415     0.0129     3.2674     0.0537     0.0354 -124.60018   44.00136       9.57          1  0.000e+00
      22051    918.750    144.027    145.244     7.4418     7.4427  34.849278  34.850636     7.4280     7.4288    34.0106    34.0113    26.5797    26.5801     2.1474     2.2565     65.369     68.692     0.9438     0.9438     0.0415     0.0129     3.2674     0.0537     0.0354 -124.60018   44.00136       9.60          1  0.000e+00
      22052    918.792    143.994    145.210     7.4417     7.4427  34.849278  34.850698     7.4279     7.4288    34.0108    34.0114    26.5798    26.5802     2.1474     2.2565     65.369     68.691     0.9438     0.9438     0.0415     0.0129     3.2662     0.0537     0.0354 -124.60018   44.00136       9.60          1  0.000e+00
      22053    918.833    144.027    145.244     7.4415     7.4427  34.849278  34.850510     7.4277     7.4289    34.0109    34.0111    26.5800    26.5799     2.1474     2.2565     65.370     68.692     0.9438     0.9438     0.0415     0.0129     3.2662     0.0525     0.0354 -124.60018   44.00136       9.60          1  0.000e+00
      22054    918.875    143.941    145.157     7.4414     7.4431  34.849278  34.850635     7.4276     7.4293    34.0111    34.0108    26.5801    26.5797     2.1416     2.2565     65.194     68.690     0.9426     0.9438     0.0415     0.0129     3.2662     0.0525     0.0354 -124.60018   44.00136       9.60          1  0.000e+00
      22055    918.917    143.981    145.197     7.4415     7.4428  34.849467  34.850761     7.4277     7.4290    34.0111    34.0113    26.5802    26.5801     2.1474     2.2502     65.369     68.500     0.9438     0.9426     0.0415     0.0129     3.2662     0.0537     0.0354 -124.60018   44.00136       9.62          1  0.000e+00
      22056    918.958    143.941    145.157     7.4415     7.4432  34.849341  34.850510     7.4277     7.4294    34.0110    34.0106    26.5801    26.5795     2.1474     2.2565     65.369     68.690     0.9438     0.9438     0.0415     0.0129     3.2662     0.0537     0.0354 -124.60018   44.00136       9.67          1  0.000e+00
      22057    919.000    143.928    145.143     7.4420     7.4435  34.849655  34.850949     7.4282     7.4297    34.0109    34.0109    26.5799    26.5797     2.1473     2.2565     65.368     68.690     0.9438     0.9438     0.0415     0.0129     3.2662     0.0537     0.0354 -124.60018   44.00136       9.69          1  0.000e+00
      22058    919.042    143.895    145.110     7.4418     7.4433  34.849592  34.851262     7.4280     7.4295    34.0110    34.0114    26.5800    26.5801     2.1473     2.2565     65.368     68.689     0.9438     0.9438     0.0415     0.0129     3.2662     0.0525     0.0354 -124.60018   44.00136       9.69          1  0.000e+00
      22059    919.083    143.881    145.097     7.4422     7.4435  34.849780  34.850949     7.4284     7.4297    34.0109    34.0109    26.5799    26.5797     2.1473     2.2564     65.367     68.689     0.9438     0.9438     0.0415     0.0129     3.2674     0.0537     0.0354 -124.60018   44.00136       9.69          1  0.000e+00
      22060    919.125    143.848    145.063     7.4422     7.4437  34.849654  34.850948     7.4284     7.4299    34.0108    34.0107    26.5798    26.5795     2.1473     2.2564     65.367     68.689     0.9438     0.9438     0.0415     0.0129     3.2674     0.0537     0.0354 -124.60018   44.00136       9.69          1  0.000e+00
      22061    919.167    143.848    145.063     7.4422     7.4436  34.849780  34.851074     7.4284     7.4298    34.0109    34.0109    26.5799    26.5797     2.1473     2.2564     65.367     68.689     0.9438     0.9438     0.0415     0.0129     3.2674     0.0537     0.0354 -124.60018   44.00136       9.72          1  0.000e+00
      22062    919.208    143.782    144.996     7.4425     7.4438  34.849905  34.851011     7.4287     7.4300    34.0107    34.0107    26.5797    26.5795     2.1473     2.2564     65.366     68.688     0.9438     0.9438     0.0415     0.0129     3.2674     0.0537     0.0354 -124.60018   44.00136       9.79          1  0.000e+00
