West Coast/WCOA-7/CTD_Data/RB2102_CTD_096_01.ros
* Sea-Bird SBE 9 Data File:
* FileName = C:\Users\scs.user.rb\CTD\RB2102\Data\RB2102_CTD_096_01.hex
* Software Version Seasave V 7.26.7.107
* Temperature SN = 6202
* Conductivity SN = 4907
* Number of Bytes Per Scan = 41
* Number of Voltage Words = 4
* Number of Scans Averaged by the Deck Unit = 1
* NMEA Latitude = 36 17.33 N
* NMEA Longitude = 123 07.82 W
* NMEA UTC (Time) = Jul 14 2021  01:42:58
* NMEA baud rate = 4800
# nquan = 30
# nvalues = 1176                                  
# units = specified
# name 0 = scan: Scan Count
# name 1 = timeS: Time, Elapsed [seconds]
# name 2 = depSM: Depth [salt water, m]
# name 3 = prDM: Pressure, Digiquartz [db]
# name 4 = t090C: Temperature [ITS-90, deg C]
# name 5 = t190C: Temperature, 2 [ITS-90, deg C]
# name 6 = c0mS/cm: Conductivity [mS/cm]
# name 7 = c1mS/cm: Conductivity, 2 [mS/cm]
# name 8 = potemp090C: Potential Temperature [ITS-90, deg C]
# name 9 = potemp190C: Potential Temperature, 2 [ITS-90, deg C]
# name 10 = sal00: Salinity, Practical [PSU]
# name 11 = sal11: Salinity, Practical, 2 [PSU]
# name 12 = sigma-é00: Density [sigma-theta, kg/m^3]
# name 13 = sigma-é11: Density, 2 [sigma-theta, kg/m^3]
# name 14 = sbeox0Mg/L: Oxygen, SBE 43 [mg/l]
# name 15 = sbeox1Mg/L: Oxygen, SBE 43, 2 [mg/l]
# name 16 = sbox0Mm/Kg: Oxygen, SBE 43 [umol/kg]
# name 17 = sbox1Mm/Kg: Oxygen, SBE 43, 2 [umol/kg]
# name 18 = sbeox0V: Oxygen raw, SBE 43 [V]
# name 19 = sbeox1V: Oxygen raw, SBE 43, 2 [V]
# name 20 = v4: Voltage 4
# name 21 = flECO-AFL: Fluorescence, WET Labs ECO-AFL/FL [mg/m^3]
# name 22 = v3: Voltage 3
# name 23 = v6: Voltage 6
# name 24 = v7: Voltage 7
# name 25 = longitude: Longitude [deg]
# name 26 = latitude: Latitude [deg]
# name 27 = altM: Altimeter [m]
# name 28 = nbf: Bottles Fired
# name 29 = flag:  0.000e+00
# interval = seconds: 0.0416667
# start_time = Jul 14 2021 01:42:58 [NMEA time, header]
# bad_flag = -9.990e-29
*END*
[from data line 726]
     235862   9827.542     79.919     80.525     9.9876     9.9810  37.044638  37.040769     9.9784     9.9718    33.9071    33.9094    26.1022    26.1051     3.6856     3.7808    112.248    115.147     1.3260     1.2943     0.0403    -0.0177     3.2735     0.0586     0.0000 -123.13250   36.28684      99.66         15  0.000e+00
     235863   9827.583     79.866     80.472     9.9869     9.9813  37.043995  37.041540     9.9778     9.9721    33.9070    33.9099    26.1023    26.1054     3.6857     3.7808    112.249    115.145     1.3260     1.2943     0.0403    -0.0177     3.2735     0.0598     0.0000 -123.13250   36.28684      99.66         15  0.000e+00
     235864   9827.625     79.919     80.525     9.9866     9.9823  37.043802  37.041926     9.9775     9.9732    33.9071    33.9092    26.1024    26.1047     3.6857     3.7807    112.250    115.143     1.3260     1.2943     0.0403    -0.0177     3.2735     0.0623     0.0000 -123.13250   36.28684      99.63         15  0.000e+00
     235865   9827.667     79.919     80.525     9.9869     9.9829  37.043609  37.042375     9.9778     9.9738    33.9066    33.9092    26.1019    26.1046     3.6857     3.7807    112.250    115.142     1.3260     1.2943     0.0403    -0.0177     3.2747     0.0647     0.0000 -123.13250   36.28684      99.63         15  0.000e+00
     235866   9827.708     79.919     80.525     9.9859     9.9827  37.043223  37.042376     9.9768     9.9735    33.9072    33.9094    26.1025    26.1048     3.6858     3.7807    112.252    115.142     1.3260     1.2943     0.0403    -0.0177     3.2747     0.0635     0.0000 -123.13250   36.28684      99.63         15  0.000e+00
     235867   9827.750     79.906     80.512     9.9856     9.9824  37.043159  37.042118     9.9765     9.9733    33.9074    33.9093    26.1028    26.1048     3.6858     3.7807    112.253    115.143     1.3260     1.2943     0.0403    -0.0177     3.2747     0.0623     0.0000 -123.13250   36.28684      99.66         15  0.000e+00
     235868   9827.792     79.965     80.572     9.9845     9.9818  37.042452  37.041283     9.9753     9.9726    33.9077    33.9091    26.1032    26.1047     3.6859     3.7808    112.256    115.146     1.3260     1.2943     0.0403    -0.0177     3.2747     0.0623     0.0000 -123.13250   36.28684      99.66         15  0.000e+00
     235869   9827.833     79.919     80.525     9.9833     9.9822  37.041487  37.041283     9.9742     9.9731    33.9079    33.9087    26.1035    26.1044     3.6860     3.7807    112.258    115.144     1.3260     1.2943     0.0403    -0.0177     3.2735     0.0611     0.0000 -123.13250   36.28684      99.66         15  0.000e+00
     235870   9827.875     79.965     80.572     9.9817     9.9828  37.040716  37.041604     9.9725     9.9736    33.9086    33.9085    26.1044    26.1041     3.6861     3.7807    112.262    115.143     1.3260     1.2943     0.0403    -0.0177     3.2735     0.0598     0.0000 -123.13250   36.28684      99.66         15  0.000e+00
     239611   9983.750     60.609     61.066    10.5508    10.5421  37.509576  37.502867    10.5436    10.5349    33.8605    33.8618    25.9688    25.9714     4.3336     4.4362    132.000    135.124     1.4884     1.4457     0.0415     0.0129     3.2711     0.0549     0.0000 -123.13256   36.28676      99.54         16  0.000e+00
     239612   9983.792     60.689     61.146    10.5512    10.5432  37.508994  37.504159    10.5440    10.5360    33.8595    33.8620    25.9680    25.9714     4.3337     4.4419    132.001    135.296     1.4884     1.4469     0.0415     0.0129     3.2711     0.0537     0.0000 -123.13256   36.28676      99.54         16  0.000e+00
     239613   9983.833     60.708     61.166    10.5510    10.5438  37.508801  37.503901    10.5438    10.5366    33.8595    33.8613    25.9680    25.9707     4.3337     4.4361    132.002    135.121     1.4884     1.4457     0.0415     0.0129     3.2723     0.0513     0.0000 -123.13256   36.28676      99.54         16  0.000e+00
     239614   9983.875     60.689     61.146    10.5508    10.5427  37.508607  37.502738    10.5436    10.5355    33.8595    33.8611    25.9680    25.9707     4.3337     4.4362    132.002    135.124     1.4884     1.4457     0.0415     0.0129     3.2723     0.0501     0.0000 -123.13256   36.28676      99.54         16  0.000e+00
     239615   9983.917     60.761     61.219    10.5507    10.5419  37.507767  37.502416    10.5435    10.5347    33.8587    33.8615    25.9675    25.9712     4.3338     4.4421    132.005    135.302     1.4884     1.4469     0.0415     0.0129     3.2723     0.0513     0.0000 -123.13256   36.28676      99.54         16  0.000e+00
     239616   9983.958     60.708     61.166    10.5490    10.5419  37.506216  37.502803    10.5419    10.5347    33.8587    33.8619    25.9677    25.9715     4.3339     4.4363    132.009    135.126     1.4884     1.4457     0.0415     0.0129     3.2711     0.0525     0.0000 -123.13256   36.28676      99.54         16  0.000e+00
     239617   9984.000     60.735     61.193    10.5471    10.5416  37.504665  37.502287    10.5399    10.5344    33.8589    33.8617    25.9683    25.9714     4.3341     4.4421    132.015    135.303     1.4884     1.4469     0.0415     0.0129     3.2711     0.0549     0.0000 -123.13256   36.28676      99.54         16  0.000e+00
     239618   9984.042     60.808     61.266    10.5456    10.5404  37.504278  37.501512    10.5384    10.5332    33.8599    33.8619    25.9693    25.9718     4.3343     4.4422    132.019    135.307     1.4884     1.4469     0.0415     0.0129     3.2735     0.0562     0.0000 -123.13256   36.28676      99.54         16  0.000e+00
     239619   9984.083     60.808     61.266    10.5441    10.5398  37.503115  37.501254    10.5369    10.5326    33.8601    33.8622    25.9697    25.9721     4.3344     4.4423    132.024    135.309     1.4884     1.4469     0.0415     0.0129     3.2723     0.0586     0.0000 -123.13256   36.28676      99.54         16  0.000e+00
     239620   9984.125     60.834     61.293    10.5428    10.5399  37.502598  37.501577    10.5356    10.5327    33.8608    33.8624    25.9705    25.9723     4.3345     4.4365    132.027    135.134     1.4884     1.4457     0.0415     0.0129     3.2723     0.0598     0.0000 -123.13256   36.28676      99.54         16  0.000e+00
     239621   9984.167     60.907     61.366    10.5425    10.5408  37.502598  37.502675    10.5353    10.5336    33.8611    33.8627    25.9707    25.9723     4.3346     4.4365    132.029    135.132     1.4884     1.4457     0.0415     0.0129     3.2723     0.0598     0.0000 -123.13256   36.28676      99.54         16  0.000e+00
     239622   9984.208     60.834     61.293    10.5418    10.5414  37.502598  37.502804    10.5346    10.5342    33.8617    33.8623    25.9714    25.9719     4.3346     4.4364    132.029    135.129     1.4884     1.4457     0.0415     0.0129     3.2711     0.0586     0.0000 -123.13256   36.28676      99.54         16  0.000e+00
     239623   9984.250     60.907     61.366    10.5415    10.5414  37.502017  37.502352    10.5343    10.5342    33.8614    33.8618    25.9712    25.9715     4.3347     4.4422    132.032    135.306     1.4884     1.4469     0.0415     0.0129     3.2723     0.0586     0.0000 -123.13256   36.28676      99.54         16  0.000e+00
     239624   9984.292     60.907     61.366    10.5415    10.5396  37.501629  37.500092    10.5343    10.5324    33.8610    33.8612    25.9709    25.9713     4.3347     4.4366    132.032    135.137     1.4884     1.4457     0.0415     0.0129     3.2711     0.0586     0.0000 -123.13256   36.28676      99.54         16  0.000e+00
     239625   9984.333     60.934     61.393    10.5415    10.5372  37.501823  37.498930    10.5343    10.5300    33.8612    33.8622    25.9710    25.9726     4.3347     4.4369    132.032    135.144     1.4884     1.4457     0.0415     0.0129     3.2735     0.0562     0.0000 -123.13256   36.28676      99.54         16  0.000e+00
     239626   9984.375     60.954     61.413    10.5413    10.5370  37.501371  37.499769    10.5341    10.5298    33.8609    33.8633    25.9708    25.9734     4.3347     4.4369    132.034    135.144     1.4884     1.4457     0.0415     0.0129     3.2735     0.0562     0.0000 -123.13256   36.28676      99.54         16  0.000e+00
     239627   9984.417     60.980     61.440    10.5412    10.5389  37.500983  37.501448    10.5339    10.5317    33.8606    33.8632    25.9706    25.9730     4.3348     4.4367    132.035    135.139     1.4884     1.4457     0.0415     0.0129     3.2711     0.0574     0.0000 -123.13256   36.28676      99.54         16  0.000e+00
     239628   9984.458     60.954     61.413    10.5402    10.5392  37.500208  37.500996    10.5330    10.5320    33.8608    33.8625    25.9709    25.9724     4.3349     4.4367    132.037    135.138     1.4884     1.4457     0.0415     0.0129     3.2735     0.0586     0.0000 -123.13256   36.28676      99.54         16  0.000e+00
     239629   9984.500     61.053     61.513    10.5394    10.5378  37.500208  37.499770    10.5321    10.5306    33.8615    33.8625    25.9716    25.9726     4.3350     4.4369    132.040    135.144     1.4884     1.4457     0.0415     0.0129     3.2735     0.0562     0.0000 -123.13256   36.28676      99.54         16  0.000e+00
     239630   9984.542     61.027     61.486    10.5390    10.5367  37.500143  37.498349    10.5318    10.5295    33.8617    33.8621    25.9719    25.9725     4.3350     4.4370    132.041    135.147     1.4884     1.4457     0.0415     0.0129     3.2711     0.0537     0.0000 -123.13256   36.28676      99.54         16  0.000e+00
     239631   9984.583     61.099     61.560    10.5399    10.5353  37.501242  37.497574    10.5326    10.5280    33.8621    33.8626    25.9720    25.9732     4.3349     4.4429    132.039    135.328     1.4884     1.4469     0.0415     0.0129     3.2711     0.0525     0.0000 -123.13256   36.28676      99.54         16  0.000e+00
     239632   9984.625     61.080     61.540    10.5410    10.5355  37.502082  37.498155    10.5338    10.5283    33.8619    33.8630    25.9716    25.9734     4.3348     4.4371    132.036    135.151     1.4884     1.4457     0.0415     0.0129     3.2735     0.0525     0.0000 -123.13256   36.28676      99.54         16  0.000e+00
     239633   9984.667     61.099     61.560    10.5405    10.5356  37.501178  37.498414    10.5333    10.5284    33.8614    33.8632    25.9714    25.9736     4.3349     4.4429    132.038    135.327     1.4884     1.4469     0.0415     0.0129     3.2735     0.0513     0.0000 -123.13256   36.28676      99.54         16  0.000e+00
     239634   9984.708     61.099     61.560    10.5402    10.5356  37.500919  37.497833    10.5329    10.5284    33.8614    33.8626    25.9714    25.9731     4.3349     4.4371    132.039    135.152     1.4884     1.4457     0.0415     0.0129     3.2735     0.0513     0.0000 -123.13256   36.28676      99.54         16  0.000e+00
     239635   9984.750     61.126     61.587    10.5404    10.5354  37.501178  37.497510    10.5331    10.5281    33.8615    33.8625    25.9715    25.9731     4.3349     4.4429    132.039    135.328     1.4884     1.4469     0.0415     0.0129     3.2711     0.0513     0.0000 -123.13256   36.28676      99.54         16  0.000e+00
     239636   9984.792     61.199     61.660    10.5405    10.5346  37.501759  37.496929    10.5332    10.5274    33.8619    33.8625    25.9718    25.9733     4.3349     4.4373    132.039    135.157     1.4884     1.4457     0.0415     0.0129     3.2735     0.0501     0.0000 -123.13256   36.28676      99.54         16  0.000e+00
     239637   9984.833     61.126     61.587    10.5410    10.5337  37.501565  37.496283    10.5337    10.5265    33.8613    33.8628    25.9712    25.9736     4.3349     4.4373    132.037    135.158     1.4884     1.4457     0.0415     0.0129     3.2711     0.0501     0.0000 -123.13256   36.28676      99.54         16  0.000e+00
     239638   9984.875     61.245     61.707    10.5415    10.5323  37.502276  37.494798    10.5342    10.5250    33.8615    33.8625    25.9713    25.9737     4.3349     4.4433    132.037    135.340     1.4884     1.4469     0.0415     0.0129     3.2723     0.0501     0.0000 -123.13256   36.28676      99.54         16  0.000e+00
     239639   9984.917     61.199     61.660    10.5420    10.5320  37.502599  37.494927    10.5347    10.5247    33.8614    33.8630    25.9711    25.9741     4.3348     4.4376    132.035    135.165     1.4884     1.4457     0.0415     0.0129     3.2723     0.0501     0.0000 -123.13256   36.28676      99.54         16  0.000e+00
     239640   9984.958     61.225     61.687    10.5423    10.5319  37.502082  37.495315    10.5350    10.5247    33.8606    33.8634    25.9704    25.9744     4.3348     4.4376    132.036    135.165     1.4884     1.4457     0.0415     0.0129     3.2723     0.0501     0.0000 -123.13256   36.28676      99.54         16  0.000e+00
     239641   9985.000     61.298     61.760    10.5413    10.5320  37.500597  37.494928    10.5340    10.5247    33.8600    33.8629    25.9701    25.9741     4.3350     4.4376    132.040    135.166     1.4884     1.4457     0.0415     0.0129     3.2723     0.0501     0.0000 -123.13256   36.28676      99.54         16  0.000e+00
     239642   9985.042     61.225     61.687    10.5390    10.5316  37.498787  37.494734    10.5318    10.5244    33.8603    33.8631    25.9707    25.9742     4.3351     4.4376    132.045    135.166     1.4884     1.4457     0.0415     0.0129     3.2723     0.0488     0.0000 -123.13256   36.28676      99.54         16  0.000e+00
     239643   9985.083     61.298     61.760    10.5367    10.5314  37.497043  37.494540    10.5295    10.5242    33.8606    33.8631    25.9714    25.9743     4.3354     4.4377    132.053    135.168     1.4884     1.4457     0.0415     0.0129     3.2723     0.0488     0.0000 -123.13256   36.28676      99.54         16  0.000e+00
     239644   9985.125     61.345     61.807    10.5348    10.5308  37.495299  37.494218    10.5275    10.5235    33.8607    33.8633    25.9718    25.9745     4.3356     4.4377    132.060    135.170     1.4884     1.4457     0.0415     0.0129     3.2723     0.0488     0.0000 -123.13256   36.28676      99.54         16  0.000e+00
     239645   9985.167     61.325     61.787    10.5332    10.5308  37.494717  37.494347    10.5260    10.5236    33.8615    33.8634    25.9727    25.9746     4.3357     4.4377    132.063    135.170     1.4884     1.4457     0.0415     0.0129     3.2723     0.0488     0.0000 -123.13256   36.28676      99.54         16  0.000e+00
     239646   9985.208     61.345     61.807    10.5328    10.5306  37.495170  37.494412    10.5255    10.5233    33.8624    33.8637    25.9735    25.9749     4.3358     4.4378    132.064    135.171     1.4884     1.4457     0.0415     0.0129     3.2723     0.0488     0.0000 -123.13256   36.28676      99.54         16  0.000e+00
     239647   9985.250     61.325     61.787    10.5328    10.5303  37.495751  37.494412    10.5255    10.5230    33.8630    33.8640    25.9740    25.9751     4.3304     4.4378    131.902    135.171     1.4872     1.4457     0.0415     0.0129     3.2723     0.0488     0.0000 -123.13256   36.28676      99.54         16  0.000e+00
     239648   9985.292     61.398     61.861    10.5328    10.5306  37.495687  37.494218    10.5255    10.5234    33.8629    33.8634    25.9739    25.9747     4.3358     4.4378    132.064    135.172     1.4884     1.4457     0.0415     0.0129     3.2723     0.0488     0.0000 -123.13256   36.28676      99.54         16  0.000e+00
