West Coast/WCOA-7/CTD_Data/RB2102_CTD_070_01.ros
* Sea-Bird SBE 9 Data File:
* FileName = C:\Users\scs.user.rb\CTD\RB2102\Data\RB2102_CTD_070_01.hex
* Software Version Seasave V 7.26.7.107
* Temperature SN = 6202
* Conductivity SN = 4907
* Number of Bytes Per Scan = 41
* Number of Voltage Words = 4
* Number of Scans Averaged by the Deck Unit = 1
* NMEA Latitude = 40 00.21 N
* NMEA Longitude = 124 56.23 W
* NMEA UTC (Time) = Jul 07 2021  21:02:09
* NMEA baud rate = 4800
# nquan = 30
# nvalues = 1093                                  
# units = specified
# name 0 = scan: Scan Count
# name 1 = timeS: Time, Elapsed [seconds]
# name 2 = depSM: Depth [salt water, m]
# name 3 = prDM: Pressure, Digiquartz [db]
# name 4 = t090C: Temperature [ITS-90, deg C]
# name 5 = t190C: Temperature, 2 [ITS-90, deg C]
# name 6 = c0mS/cm: Conductivity [mS/cm]
# name 7 = c1mS/cm: Conductivity, 2 [mS/cm]
# name 8 = potemp090C: Potential Temperature [ITS-90, deg C]
# name 9 = potemp190C: Potential Temperature, 2 [ITS-90, deg C]
# name 10 = sal00: Salinity, Practical [PSU]
# name 11 = sal11: Salinity, Practical, 2 [PSU]
# name 12 = sigma-é00: Density [sigma-theta, kg/m^3]
# name 13 = sigma-é11: Density, 2 [sigma-theta, kg/m^3]
# name 14 = sbeox0Mg/L: Oxygen, SBE 43 [mg/l]
# name 15 = sbeox1Mg/L: Oxygen, SBE 43, 2 [mg/l]
# name 16 = sbox0Mm/Kg: Oxygen, SBE 43 [umol/kg]
# name 17 = sbox1Mm/Kg: Oxygen, SBE 43, 2 [umol/kg]
# name 18 = sbeox0V: Oxygen raw, SBE 43 [V]
# name 19 = sbeox1V: Oxygen raw, SBE 43, 2 [V]
# name 20 = v4: Voltage 4
# name 21 = flECO-AFL: Fluorescence, WET Labs ECO-AFL/FL [mg/m^3]
# name 22 = v3: Voltage 3
# name 23 = v6: Voltage 6
# name 24 = v7: Voltage 7
# name 25 = longitude: Longitude [deg]
# name 26 = latitude: Latitude [deg]
# name 27 = altM: Altimeter [m]
# name 28 = nbf: Bottles Fired
# name 29 = flag:  0.000e+00
# interval = seconds: 0.0416667
# start_time = Jul 07 2021 21:02:09 [NMEA time, header]
# bad_flag = -9.990e-29
*END*
[from data line 532]
     102238   4259.875     99.098     99.888     9.9873     9.9855  36.660480  36.661232     9.9760     9.9742    33.5075    33.5099    25.7907    25.7929     6.8086     7.0039    207.421    213.371     2.0293     1.9609     0.0415     0.0129     3.2369     0.0000     0.0000 -124.93826   40.00322      99.32         11  0.000e+00
     102239   4259.917     99.145     99.935     9.9869     9.9852  36.661313  36.661232     9.9756     9.9739    33.5087    33.5102    25.7916    25.7931     6.8086     7.0040    207.422    213.374     2.0293     1.9609     0.0415     0.0129     3.2369     0.0000     0.0000 -124.93826   40.00322      99.32         11  0.000e+00
     102240   4259.958     99.052     99.841     9.9871     9.9849  36.661633  36.661424     9.9758     9.9736    33.5089    33.5107    25.7918    25.7936     6.8085     7.0098    207.419    213.551     2.0293     1.9621     0.0415     0.0129     3.2369     0.0000     0.0000 -124.93826   40.00322      99.32         12  0.000e+00
     102241   4260.000     99.198     99.988     9.9871     9.9853  36.661505  36.661489     9.9758     9.9740    33.5087    33.5103    25.7916    25.7932     6.8086     7.0099    207.423    213.553     2.0293     1.9621     0.0415     0.0129     3.2357     0.0000     0.0000 -124.93826   40.00322      99.32         12  0.000e+00
     102242   4260.042     99.099     99.888     9.9871     9.9854  36.661633  36.661488     9.9758     9.9741    33.5089    33.5103    25.7918    25.7931     6.8085     7.0039    207.420    213.371     2.0293     1.9609     0.0415     0.0129     3.2369     0.0000     0.0000 -124.93826   40.00322      99.29         12  0.000e+00
     102243   4260.083     99.198     99.988     9.9871     9.9851  36.661953  36.661489     9.9758     9.9738    33.5092    33.5105    25.7920    25.7934     6.8032     7.0099    207.258    213.554     2.0281     1.9621     0.0415     0.0129     3.2369     0.0000     0.0000 -124.93826   40.00322      99.32         12  0.000e+00
     102244   4260.125     99.099     99.888     9.9871     9.9854  36.661761  36.661232     9.9758     9.9741    33.5090    33.5100    25.7919    25.7929     6.8085     7.0039    207.420    213.372     2.0293     1.9609     0.0415     0.0129     3.2369     0.0000     0.0000 -124.93826   40.00322      93.28         12  0.000e+00
     102245   4260.167     99.198     99.988     9.9871     9.9851  36.661953  36.661617     9.9758     9.9738    33.5092    33.5106    25.7920    25.7935     6.8032     7.0099    207.258    213.554     2.0281     1.9621     0.0415     0.0129     3.2357     0.0000     0.0000 -124.93826   40.00322      71.72         12  0.000e+00
     102246   4260.208     99.152     99.941     9.9869     9.9852  36.662081  36.661616     9.9756     9.9739    33.5094    33.5106    25.7922    25.7934     6.8032     7.0098    207.257    213.552     2.0281     1.9621     0.0415     0.0129     3.2357     0.0000     0.0000 -124.93826   40.00322      63.91         12  0.000e+00
     102247   4260.250     99.198     99.988     9.9869     9.9855  36.662018  36.662001     9.9756     9.9742    33.5094    33.5106    25.7922    25.7934     6.8086     7.0098    207.422    213.552     2.0293     1.9621     0.0415     0.0129     3.2357     0.0000     0.0000 -124.93826   40.00322      64.18         12  0.000e+00
     102248   4260.292     99.198     99.988     9.9871     9.9860  36.661825  36.661872     9.9758     9.9746    33.5090    33.5101    25.7919    25.7929     6.8032     7.0098    207.258    213.550     2.0281     1.9621     0.0415     0.0129     3.2369     0.0000     0.0000 -124.93826   40.00322      65.25         12  0.000e+00
     102249   4260.333     99.145     99.935     9.9873     9.9864  36.661953  36.662320     9.9760     9.9751    33.5090    33.5102    25.7918    25.7929     6.8085     7.0097    207.420    213.547     2.0293     1.9621     0.0415     0.0129     3.2369     0.0000     0.0000 -124.93826   40.00322      65.54         12  0.000e+00
     102250   4260.375     99.245    100.035     9.9873     9.9865  36.661826  36.661937     9.9759     9.9751    33.5088    33.5097    25.7917    25.7925     6.8086     7.0097    207.423    213.550     2.0293     1.9621     0.0415     0.0129     3.2369     0.0000     0.0000 -124.93826   40.00322      74.16         12  0.000e+00
     102251   4260.417     99.198     99.988     9.9871     9.9862  36.661761  36.662000     9.9758     9.9749    33.5090    33.5100    25.7918    25.7928     6.8032     7.0097    207.258    213.549     2.0281     1.9621     0.0415     0.0129     3.2357     0.0000     0.0000 -124.93826   40.00322      94.92         12  0.000e+00
     102252   4260.458     99.198     99.988     9.9869     9.9865  36.660993  36.662256     9.9756     9.9752    33.5083    33.5100    25.7913    25.7928     6.8087     7.0097    207.424    213.548     2.0293     1.9621     0.0415     0.0129     3.2381     0.0000     0.0000 -124.93826   40.00322     100.00         12  0.000e+00
     102253   4260.500     99.245    100.035     9.9869     9.9866  36.661505  36.662129     9.9756     9.9752    33.5088    33.5098    25.7917    25.7926     6.8033     7.0097    207.260    213.549     2.0281     1.9621     0.0415     0.0129     3.2369     0.0000     0.0000 -124.93826   40.00322     100.00         12  0.000e+00
     102254   4260.542     99.245    100.035     9.9869     9.9866  36.661697  36.661873     9.9756     9.9752    33.5090    33.5095    25.7919    25.7924     6.8087     7.0097    207.424    213.550     2.0293     1.9621     0.0415     0.0129     3.2369     0.0000     0.0000 -124.93826   40.00322      99.85         12  0.000e+00
     102255   4260.583     99.245    100.035     9.9869     9.9861  36.661505  36.661809     9.9756     9.9748    33.5088    33.5099    25.7917    25.7927     6.8087     7.0098    207.424    213.551     2.0293     1.9621     0.0415     0.0129     3.2369     0.0000     0.0000 -124.93826   40.00322      99.24         12  0.000e+00
     102256   4260.625     99.245    100.035     9.9868     9.9852  36.661441  36.661553     9.9754     9.9739    33.5089    33.5105    25.7918    25.7933     6.8033     7.0158    207.261    213.734     2.0281     1.9634     0.0415     0.0129     3.2357     0.0000     0.0000 -124.93826   40.00322      99.24         12  0.000e+00
     102257   4260.667     99.245    100.035     9.9863     9.9853  36.661121  36.660977     9.9749     9.9740    33.5091    33.5098    25.7920    25.7928     6.8088     7.0099    207.427    213.555     2.0293     1.9621     0.0415     0.0129     3.2369     0.0000     0.0000 -124.93826   40.00322      99.29         12  0.000e+00
     102258   4260.708     99.298    100.089     9.9861     9.9851  36.660865  36.660849     9.9748     9.9738    33.5089    33.5099    25.7919    25.7929     6.8089     7.0159    207.430    213.737     2.0293     1.9634     0.0415     0.0129     3.2357     0.0000     0.0000 -124.93826   40.00322      99.32         12  0.000e+00
     102259   4260.750     99.245    100.035     9.9856     9.9851  36.660737  36.661169     9.9743     9.9738    33.5093    33.5102    25.7923    25.7931     6.8089     7.0158    207.430    213.735     2.0293     1.9634     0.0415     0.0129     3.2357     0.0000     0.0000 -124.93826   40.00322      99.29         12  0.000e+00
     102260   4260.792     99.298    100.089     9.9853     9.9851  36.660481  36.660913     9.9740     9.9738    33.5093    33.5099    25.7924    25.7929     6.8090     7.0159    207.433    213.737     2.0293     1.9634     0.0415     0.0129     3.2357     0.0000     0.0000 -124.93826   40.00322      99.29         12  0.000e+00
     102261   4260.833     99.298    100.089     9.9851     9.9849  36.660673  36.661041     9.9738     9.9736    33.5096    33.5102    25.7927    25.7932     6.8090     7.0159    207.433    213.737     2.0293     1.9634     0.0415     0.0129     3.2381     0.0000     0.0000 -124.93826   40.00322      99.29         12  0.000e+00
     102262   4260.875     99.291    100.082     9.9850     9.9850  36.660737  36.661169     9.9737     9.9737    33.5098    33.5103    25.7929    25.7932     6.8090     7.0159    207.433    213.736     2.0293     1.9634     0.0415     0.0129     3.2381     0.0000     0.0000 -124.93826   40.00322      99.32         12  0.000e+00
     102263   4260.917     99.298    100.089     9.9850     9.9849  36.660737  36.661169     9.9737     9.9736    33.5098    33.5104    25.7929    25.7933     6.8090     7.0159    207.434    213.737     2.0293     1.9634     0.0415     0.0129     3.2381     0.0000     0.0000 -124.93826   40.00322      99.29         12  0.000e+00
     102264   4260.958     99.291    100.082     9.9851     9.9847  36.660481  36.661361     9.9738     9.9733    33.5094    33.5108    25.7925    25.7936     6.8090     7.0159    207.433    213.737     2.0293     1.9634     0.0415     0.0129     3.2381     0.0000     0.0000 -124.93826   40.00322      99.32         12  0.000e+00
     102265   4261.000     99.344    100.136     9.9850     9.9846  36.660673  36.660977     9.9736     9.9732    33.5097    33.5104    25.7928    25.7934     6.8090     7.0160    207.435    213.740     2.0293     1.9634     0.0415     0.0129     3.2381     0.0000     0.0000 -124.93826   40.00322      99.32         12  0.000e+00
     102266   4261.042     99.298    100.089     9.9853     9.9847  36.660737  36.660913     9.9740     9.9733    33.5095    33.5103    25.7926    25.7933     6.8090     7.0159    207.432    213.738     2.0293     1.9634     0.0415     0.0129     3.2381     0.0000     0.0000 -124.93826   40.00322      99.29         12  0.000e+00
     102267   4261.083     99.291    100.082     9.9853     9.9846  36.660737  36.661105     9.9740     9.9732    33.5095    33.5106    25.7926    25.7935     6.8089     7.0159    207.432    213.738     2.0293     1.9634     0.0415     0.0129     3.2381     0.0000     0.0000 -124.93826   40.00322      99.32         12  0.000e+00
     102268   4261.125     99.344    100.136     9.9853     9.9846  36.660994  36.660913     9.9740     9.9732    33.5098    33.5104    25.7928    25.7933     6.8090     7.0160    207.433    213.740     2.0293     1.9634     0.0415     0.0129     3.2369     0.0000     0.0000 -124.93826   40.00322      99.29         12  0.000e+00
     102269   4261.167     99.344    100.136     9.9856     9.9847  36.661058  36.661041     9.9743     9.9733    33.5095    33.5104    25.7925    25.7934     6.8089     7.0101    207.432    213.560     2.0293     1.9621     0.0415     0.0129     3.2381     0.0000     0.0000 -124.93826   40.00322      99.32         12  0.000e+00
     102270   4261.208     99.344    100.136     9.9858     9.9846  36.661058  36.661169     9.9745     9.9732    33.5094    33.5106    25.7924    25.7936     6.8089     7.0160    207.432    213.739     2.0293     1.9634     0.0415     0.0129     3.2381     0.0000     0.0000 -124.93826   40.00322      99.29         12  0.000e+00
     102271   4261.250     99.344    100.136     9.9858     9.9847  36.660801  36.660913     9.9745     9.9733    33.5091    33.5103    25.7922    25.7933     6.8089     7.0160    207.432    213.739     2.0293     1.9634     0.0415     0.0129     3.2381     0.0000     0.0000 -124.93826   40.00322      99.32         12  0.000e+00
     102272   4261.292     99.344    100.136     9.9859     9.9842  36.660737  36.660913     9.9746     9.9729    33.5089    33.5107    25.7920    25.7936     6.8089     7.0160    207.432    213.741     2.0293     1.9634     0.0415     0.0129     3.2369     0.0000     0.0000 -124.93826   40.00322      99.32         12  0.000e+00
     102273   4261.333     99.344    100.136     9.9859     9.9842  36.660993  36.660593     9.9746     9.9728    33.5092    33.5104    25.7922    25.7935     6.8089     7.0161    207.431    213.742     2.0293     1.9634     0.0415     0.0129     3.2369     0.0000     0.0000 -124.93826   40.00322      99.29         12  0.000e+00
     102274   4261.375     99.345    100.136     9.9861     9.9839  36.661057  36.660721     9.9748     9.9726    33.5091    33.5108    25.7921    25.7938     6.8143     7.0102    207.595    213.564     2.0305     1.9621     0.0415     0.0129     3.2369     0.0000     0.0000 -124.93826   40.00322      99.29         12  0.000e+00
     102275   4261.417     99.345    100.136     9.9863     9.9836  36.661057  36.660593     9.9749     9.9723    33.5090    33.5110    25.7920    25.7940     6.8089     7.0161    207.430    213.744     2.0293     1.9634     0.0415     0.0129     3.2369     0.0000     0.0000 -124.93826   40.00322      99.29         12  0.000e+00
     102276   4261.458     99.398    100.189     9.9861     9.9832  36.660802  36.660529     9.9748     9.9718    33.5088    33.5112    25.7919    25.7943     6.8143     7.0104    207.597    213.568     2.0305     1.9621     0.0415     0.0129     3.2369     0.0000     0.0000 -124.93826   40.00322      99.32         12  0.000e+00
     102277   4261.500     99.292    100.082     9.9859     9.9829  36.660737  36.660273     9.9746     9.9716    33.5089    33.5113    25.7920    25.7943     6.8089     7.0103    207.430    213.567     2.0293     1.9621     0.0415     0.0129     3.2369     0.0000     0.0000 -124.93826   40.00322      99.32         12  0.000e+00
     102278   4261.542     99.398    100.189     9.9859     9.9825  36.660994  36.659954     9.9746     9.9712    33.5092    33.5113    25.7922    25.7944     6.8090     7.0105    207.433    213.571     2.0293     1.9621     0.0415     0.0129     3.2369     0.0000     0.0000 -124.93826   40.00322      99.29         12  0.000e+00
     102279   4261.583     99.345    100.136     9.9859     9.9823  36.661058  36.660465     9.9746     9.9709    33.5092    33.5121    25.7922    25.7951     6.8089     7.0104    207.431    213.570     2.0293     1.9621     0.0415     0.0129     3.2369     0.0000     0.0000 -124.93826   40.00322      99.32         12  0.000e+00
     102280   4261.625     99.345    100.136     9.9858     9.9823  36.660865  36.659825     9.9745     9.9709    33.5092    33.5114    25.7922    25.7946     6.8143     7.0105    207.596    213.571     2.0305     1.9621     0.0415     0.0129     3.2369     0.0000     0.0000 -124.93826   40.00322      99.29         12  0.000e+00
     102281   4261.667     99.398    100.189     9.9858     9.9822  36.660225  36.659570     9.9745     9.9709    33.5085    33.5112    25.7917    25.7944     6.8090     7.0164    207.434    213.752     2.0293     1.9634     0.0415     0.0129     3.2369     0.0000     0.0000 -124.93826   40.00322      99.32         12  0.000e+00
     102282   4261.708     99.345    100.136     9.9856     9.9824  36.660289  36.659569     9.9743     9.9711    33.5088    33.5110    25.7919    25.7942     6.8144     7.0105    207.598    213.571     2.0305     1.9621     0.0415     0.0129     3.2369     0.0000     0.0000 -124.93826   40.00322      99.32         12  0.000e+00
     102283   4261.750     99.398    100.190     9.9856     9.9823  36.660417  36.659762     9.9743     9.9710    33.5089    33.5112    25.7920    25.7944     6.8090     7.0105    207.435    213.572     2.0293     1.9621     0.0415     0.0129     3.2369     0.0000     0.0000 -124.93826   40.00322      99.29         12  0.000e+00
     102284   4261.792     99.345    100.136     9.9856     9.9824  36.660161  36.660337     9.9743     9.9711    33.5086    33.5118    25.7918    25.7948     6.8090     7.0104    207.434    213.570     2.0293     1.9621     0.0415     0.0129     3.2369     0.0000     0.0000 -124.93826   40.00322      99.29         12  0.000e+00
     102285   4261.833     99.345    100.136     9.9856     9.9827  36.660289  36.660017     9.9743     9.9713    33.5088    33.5112    25.7919    25.7943     6.8090     7.0104    207.433    213.569     2.0293     1.9621     0.0415     0.0129     3.2369     0.0000     0.0000 -124.93826   40.00322      99.29         12  0.000e+00
