West Coast/WCOA-7/CTD_Data/RB2102_CTD_062_01.ros
* Sea-Bird SBE 9 Data File:
* FileName = C:\Users\scs.user.rb\CTD\RB2102\Data\RB2102_CTD_062_01.hex
* Software Version Seasave V 7.26.7.107
* Temperature SN = 6202
* Conductivity SN = 4907
* Number of Bytes Per Scan = 41
* Number of Voltage Words = 4
* Number of Scans Averaged by the Deck Unit = 1
* NMEA Latitude = 41 53.93 N
* NMEA Longitude = 124 47.67 W
* NMEA UTC (Time) = Jul 06 2021  16:20:00
* NMEA baud rate = 4800
# nquan = 30
# nvalues = 1127                                  
# units = specified
# name 0 = scan: Scan Count
# name 1 = timeS: Time, Elapsed [seconds]
# name 2 = depSM: Depth [salt water, m]
# name 3 = prDM: Pressure, Digiquartz [db]
# name 4 = t090C: Temperature [ITS-90, deg C]
# name 5 = t190C: Temperature, 2 [ITS-90, deg C]
# name 6 = c0mS/cm: Conductivity [mS/cm]
# name 7 = c1mS/cm: Conductivity, 2 [mS/cm]
# name 8 = potemp090C: Potential Temperature [ITS-90, deg C]
# name 9 = potemp190C: Potential Temperature, 2 [ITS-90, deg C]
# name 10 = sal00: Salinity, Practical [PSU]
# name 11 = sal11: Salinity, Practical, 2 [PSU]
# name 12 = sigma-é00: Density [sigma-theta, kg/m^3]
# name 13 = sigma-é11: Density, 2 [sigma-theta, kg/m^3]
# name 14 = sbeox0Mg/L: Oxygen, SBE 43 [mg/l]
# name 15 = sbeox1Mg/L: Oxygen, SBE 43, 2 [mg/l]
# name 16 = sbox0Mm/Kg: Oxygen, SBE 43 [umol/kg]
# name 17 = sbox1Mm/Kg: Oxygen, SBE 43, 2 [umol/kg]
# name 18 = sbeox0V: Oxygen raw, SBE 43 [V]
# name 19 = sbeox1V: Oxygen raw, SBE 43, 2 [V]
# name 20 = v4: Voltage 4
# name 21 = flECO-AFL: Fluorescence, WET Labs ECO-AFL/FL [mg/m^3]
# name 22 = v3: Voltage 3
# name 23 = v6: Voltage 6
# name 24 = v7: Voltage 7
# name 25 = longitude: Longitude [deg]
# name 26 = latitude: Latitude [deg]
# name 27 = altM: Altimeter [m]
# name 28 = nbf: Bottles Fired
# name 29 = flag:  0.000e+00
# interval = seconds: 0.0416667
# start_time = Jul 06 2021 16:20:00 [NMEA time, header]
# bad_flag = -9.990e-29
*END*
[from data line 291]
      54149   2256.167    298.253    300.827     6.8200     6.8210  34.441898  34.443359     6.7925     6.7934    34.1029    34.1036    26.7403    26.7407     1.5757     1.6369     47.958     49.821     0.8107     0.8120     0.0403    -0.0177     3.1441     0.0000     0.0000 -124.79474   41.89864      99.93          6  0.000e+00
      54150   2256.208    298.206    300.780     6.8202     6.8210  34.442022  34.443172     6.7926     6.7934    34.1029    34.1034    26.7403    26.7406     1.5756     1.6433     47.957     50.018     0.8107     0.8132     0.0403    -0.0177     3.1429     0.0000     0.0000 -124.79474   41.89864      99.93          6  0.000e+00
      54151   2256.250    298.206    300.780     6.8199     6.8207  34.441710  34.443359     6.7923     6.7931    34.1029    34.1039    26.7403    26.7411     1.5757     1.6434     47.958     50.018     0.8107     0.8132     0.0403    -0.0177     3.1441     0.0000     0.0000 -124.79474   41.89864      99.93          6  0.000e+00
      60725   2530.167    198.392    200.055     7.6103     7.6108  35.080277  35.081031     7.5909     7.5914    34.0693    34.0696    26.6026    26.6028     2.1241     2.2055     64.660     67.137     0.9377     0.9328     0.0403    -0.0177     3.1429     0.0000     0.0000 -124.79474   41.89866      99.88          7  0.000e+00
      60726   2530.208    198.372    200.035     7.6105     7.6106  35.080466  35.081094     7.5911     7.5913    34.0693    34.0699    26.6026    26.6030     2.1241     2.2055     64.660     67.137     0.9377     0.9328     0.0403    -0.0177     3.1416     0.0000     0.0000 -124.79474   41.89866      99.88          7  0.000e+00
      60727   2530.250    198.346    200.009     7.6103     7.6105  35.080529  35.080968     7.5909     7.5911    34.0696    34.0699    26.6028    26.6030     2.1241     2.2055     64.660     67.137     0.9377     0.9328     0.0403    -0.0177     3.1416     0.0000     0.0000 -124.79474   41.89866      99.88          7  0.000e+00
      60728   2530.292    198.346    200.009     7.6104     7.6106  35.080340  35.080528     7.5910     7.5913    34.0693    34.0693    26.6026    26.6025     2.1241     2.2055     64.660     67.137     0.9377     0.9328     0.0403    -0.0177     3.1429     0.0000     0.0000 -124.79474   41.89866      99.88          7  0.000e+00
      60729   2530.333    198.445    200.109     7.6101     7.6106  35.080215  35.080780     7.5907     7.5912    34.0694    34.0695    26.6027    26.6027     2.1242     2.2055     64.661     67.138     0.9377     0.9328     0.0403    -0.0177     3.1429     0.0000     0.0000 -124.79474   41.89866      99.85          7  0.000e+00
      60730   2530.375    198.346    200.009     7.6102     7.6106  35.080214  35.080905     7.5909     7.5913    34.0693    34.0697    26.6026    26.6028     2.1241     2.2055     64.660     67.137     0.9377     0.9328     0.0403    -0.0177     3.1429     0.0000     0.0000 -124.79474   41.89866      99.88          7  0.000e+00
      60731   2530.417    198.445    200.109     7.6103     7.6106  35.080718  35.080905     7.5909     7.5912    34.0698    34.0696    26.6030    26.6028     2.1241     2.2055     64.660     67.138     0.9377     0.9328     0.0403    -0.0177     3.1429     0.0000     0.0000 -124.79474   41.89866      99.85          7  0.000e+00
      60732   2530.458    198.419    200.082     7.6100     7.6110  35.080152  35.081094     7.5907     7.5916    34.0694    34.0695    26.6027    26.6027     2.1242     2.2055     64.661     67.137     0.9377     0.9328     0.0403    -0.0177     3.1429     0.0000     0.0000 -124.79474   41.89866      99.88          7  0.000e+00
      60733   2530.500    198.346    200.009     7.6103     7.6106  35.080151  35.081220     7.5909     7.5913    34.0692    34.0700    26.6025    26.6031     2.1241     2.2055     64.660     67.137     0.9377     0.9328     0.0403    -0.0177     3.1429     0.0000     0.0000 -124.79474   41.89866      99.88          7  0.000e+00
      60734   2530.542    198.492    200.156     7.6102     7.6106  35.080466  35.081220     7.5908     7.5912    34.0695    34.0699    26.6028    26.6030     2.1242     2.2055     64.661     67.138     0.9377     0.9328     0.0403    -0.0177     3.1429     0.0000     0.0000 -124.79474   41.89866      99.88          7  0.000e+00
      60735   2530.583    198.392    200.056     7.6101     7.6100  35.080529  35.080717     7.5907     7.5906    34.0698    34.0701    26.6030    26.6033     2.1241     2.2055     64.660     67.138     0.9377     0.9328     0.0403    -0.0177     3.1416     0.0000     0.0000 -124.79474   41.89866      99.85          7  0.000e+00
      60736   2530.625    198.445    200.109     7.6102     7.6097  35.080026  35.080339     7.5908     7.5903    34.0691    34.0699    26.6024    26.6032     2.1242     2.2056     64.661     67.139     0.9377     0.9328     0.0403    -0.0177     3.1416     0.0000     0.0000 -124.79474   41.89866      99.88          7  0.000e+00
      60737   2530.667    198.445    200.109     7.6099     7.6090  35.080152  35.080025     7.5906     7.5896    34.0695    34.0703    26.6028    26.6035     2.1242     2.2056     64.661     67.140     0.9377     0.9328     0.0403    -0.0177     3.1416     0.0000     0.0000 -124.79474   41.89866      99.88          7  0.000e+00
      60738   2530.708    198.472    200.136     7.6099     7.6087  35.079963  35.079836     7.5905     7.5893    34.0693    34.0703    26.6027    26.6036     2.1242     2.2056     64.661     67.141     0.9377     0.9328     0.0403    -0.0177     3.1416     0.0000     0.0000 -124.79474   41.89866      99.88          7  0.000e+00
      60739   2530.750    198.492    200.156     7.6098     7.6085  35.079900  35.079648     7.5904     7.5891    34.0693    34.0703    26.6027    26.6036     2.1242     2.2057     64.662     67.141     0.9377     0.9328     0.0403    -0.0177     3.1429     0.0000     0.0000 -124.79474   41.89866      99.85          7  0.000e+00
      60740   2530.792    198.492    200.156     7.6095     7.6082  35.079648  35.079648     7.5901     7.5888    34.0694    34.0706    26.6028    26.6039     2.1242     2.2057     64.662     67.142     0.9377     0.9328     0.0403    -0.0177     3.1429     0.0000     0.0000 -124.79474   41.89866      99.88          7  0.000e+00
      60741   2530.833    198.445    200.109     7.6092     7.6082  35.079837  35.079459     7.5898     7.5888    34.0698    34.0705    26.6032    26.6038     2.1242     2.2057     64.662     67.141     0.9377     0.9328     0.0403    -0.0177     3.1429     0.0000     0.0000 -124.79474   41.89866      99.85          7  0.000e+00
      60742   2530.875    198.492    200.156     7.6090     7.6082  35.079208  35.079396     7.5896     7.5888    34.0694    34.0703    26.6028    26.6037     2.1242     2.2057     64.663     67.142     0.9377     0.9328     0.0403    -0.0177     3.1416     0.0000     0.0000 -124.79474   41.89866      99.88          7  0.000e+00
      60743   2530.917    198.492    200.156     7.6088     7.6080  35.078767  35.079396     7.5894     7.5886    34.0691    34.0705    26.6027    26.6039     2.1242     2.2057     64.663     67.142     0.9377     0.9328     0.0403    -0.0177     3.1429     0.0000     0.0000 -124.79474   41.89866      99.85          7  0.000e+00
      60744   2530.958    198.545    200.210     7.6087     7.6080  35.078893  35.079397     7.5893     7.5886    34.0693    34.0705    26.6028    26.6038     2.1243     2.2057     64.664     67.143     0.9377     0.9328     0.0403    -0.0177     3.1416     0.0000     0.0000 -124.79474   41.89866      99.88          7  0.000e+00
      60745   2531.000    198.518    200.183     7.6088     7.6080  35.079208  35.079396     7.5894     7.5886    34.0696    34.0705    26.6030    26.6039     2.1242     2.2057     64.663     67.142     0.9377     0.9328     0.0403    -0.0177     3.1416     0.0000     0.0000 -124.79474   41.89866      99.88          7  0.000e+00
      60746   2531.042    198.492    200.156     7.6083     7.6080  35.078830  35.079396     7.5889     7.5886    34.0696    34.0705    26.6031    26.6039     2.1243     2.2057     64.664     67.142     0.9377     0.9328     0.0403    -0.0177     3.1429     0.0000     0.0000 -124.79474   41.89866      99.88          7  0.000e+00
      60747   2531.083    198.545    200.210     7.6083     7.6082  35.078893  35.079396     7.5889     7.5888    34.0697    34.0703    26.6032    26.6037     2.1243     2.2057     64.664     67.142     0.9377     0.9328     0.0403    -0.0177     3.1416     0.0000     0.0000 -124.79474   41.89866      99.88          7  0.000e+00
      60748   2531.125    198.545    200.210     7.6082     7.6079  35.078956  35.079585     7.5888     7.5885    34.0698    34.0708    26.6033    26.6041     2.1243     2.2057     64.664     67.143     0.9377     0.9328     0.0403    -0.0177     3.1416     0.0000     0.0000 -124.79474   41.89866      99.88          7  0.000e+00
      60749   2531.167    198.591    200.256     7.6083     7.6082  35.079208  35.079522     7.5889     7.5888    34.0700    34.0705    26.6034    26.6038     2.1300     2.2120     64.840     67.334     0.9389     0.9341     0.0403    -0.0177     3.1429     0.0000     0.0000 -124.79474   41.89866      99.88          7  0.000e+00
      60750   2531.208    198.545    200.210     7.6083     7.6080  35.079082  35.079585     7.5889     7.5886    34.0698    34.0707    26.6033    26.6040     2.1243     2.2057     64.664     67.142     0.9377     0.9328     0.0403    -0.0177     3.1429     0.0000     0.0000 -124.79474   41.89866      99.85          7  0.000e+00
      60751   2531.250    198.618    200.283     7.6084     7.6082  35.078956  35.079208     7.5890     7.5888    34.0696    34.0701    26.6031    26.6035     2.1243     2.2057     64.665     67.143     0.9377     0.9328     0.0403    -0.0177     3.1416     0.0000     0.0000 -124.79474   41.89866      99.88          7  0.000e+00
      60752   2531.292    198.545    200.210     7.6085     7.6084  35.079460  35.079459     7.5891     7.5890    34.0701    34.0702    26.6035    26.6036     2.1243     2.2057     64.664     67.142     0.9377     0.9328     0.0403    -0.0177     3.1429     0.0000     0.0000 -124.79474   41.89866      99.85          7  0.000e+00
      60753   2531.333    198.591    200.256     7.6083     7.6085  35.079334  35.079460     7.5889     7.5891    34.0701    34.0701    26.6035    26.6034     2.1243     2.2120     64.664     67.333     0.9377     0.9341     0.0403    -0.0177     3.1416     0.0000     0.0000 -124.79474   41.89866      99.88          7  0.000e+00
      60754   2531.375    198.591    200.256     7.6087     7.6084  35.079082  35.079397     7.5893     7.5890    34.0695    34.0701    26.6030    26.6035     2.1243     2.2120     64.664     67.334     0.9377     0.9341     0.0403    -0.0177     3.1416     0.0000     0.0000 -124.79474   41.89866      99.88          7  0.000e+00
      60755   2531.417    198.638    200.303     7.6084     7.6085  35.079397  35.079585     7.5890     7.5891    34.0700    34.0702    26.6035    26.6035     2.1243     2.2120     64.665     67.334     0.9377     0.9341     0.0403    -0.0177     3.1416     0.0000     0.0000 -124.79474   41.89866      99.88          7  0.000e+00
      60756   2531.458    198.591    200.256     7.6083     7.6084  35.079397  35.079648     7.5889     7.5890    34.0702    34.0704    26.6036    26.6037     2.1243     2.2057     64.664     67.142     0.9377     0.9328     0.0403    -0.0177     3.1416     0.0000     0.0000 -124.79474   41.89866      99.88          7  0.000e+00
      60757   2531.500    198.664    200.330     7.6083     7.6085  35.078768  35.079837     7.5889     7.5891    34.0695    34.0704    26.6030    26.6037     2.1243     2.2057     64.665     67.143     0.9377     0.9328     0.0403    -0.0177     3.1416     0.0000     0.0000 -124.79474   41.89866      99.88          7  0.000e+00
      60758   2531.542    198.591    200.256     7.6082     7.6089  35.078893  35.079963     7.5888     7.5895    34.0698    34.0703    26.6033    26.6036     2.1243     2.2057     64.665     67.142     0.9377     0.9328     0.0403    -0.0177     3.1429     0.0000     0.0000 -124.79474   41.89866      99.85          7  0.000e+00
      60759   2531.583    198.691    200.357     7.6081     7.6092  35.079208  35.080152     7.5887     7.5898    34.0701    34.0701    26.6036    26.6034     2.1243     2.2057     64.666     67.142     0.9377     0.9328     0.0403    -0.0177     3.1429     0.0000     0.0000 -124.79474   41.89866      99.88          7  0.000e+00
      60760   2531.625    198.591    200.256     7.6082     7.6092  35.078768  35.080277     7.5888     7.5898    34.0696    34.0703    26.6032    26.6035     2.1243     2.2119     64.665     67.332     0.9377     0.9341     0.0403    -0.0177     3.1416     0.0000     0.0000 -124.79474   41.89866      99.88          7  0.000e+00
      60761   2531.667    198.691    200.357     7.6078     7.6090  35.078642  35.079900     7.5884     7.5896    34.0699    34.0700    26.6034    26.6033     2.1243     2.2120     64.666     67.334     0.9377     0.9341     0.0403    -0.0177     3.1416     0.0000     0.0000 -124.79474   41.89866      99.88          7  0.000e+00
      60762   2531.708    198.691    200.357     7.6075     7.6095  35.078390  35.079900     7.5881     7.5901    34.0698    34.0695    26.6034    26.6029     2.1244     2.2119     64.667     67.333     0.9377     0.9341     0.0403    -0.0177     3.1416     0.0000     0.0000 -124.79474   41.89866      99.88          7  0.000e+00
      60763   2531.750    198.691    200.357     7.6076     7.6097  35.078579  35.080403     7.5882     7.5903    34.0699    34.0699    26.6035    26.6032     2.1301     2.2119     64.842     67.332     0.9389     0.9341     0.0403    -0.0177     3.1429     0.0000     0.0000 -124.79474   41.89866      99.88          7  0.000e+00
      60764   2531.792    198.664    200.330     7.6077     7.6097  35.078894  35.080340     7.5883     7.5903    34.0702    34.0698    26.6037    26.6031     2.1301     2.2119     64.841     67.332     0.9389     0.9341     0.0403    -0.0177     3.1416     0.0000     0.0000 -124.79474   41.89866      99.88          7  0.000e+00
      60765   2531.833    198.737    200.404     7.6080     7.6098  35.078957  35.080278     7.5885     7.5904    34.0700    34.0696    26.6035    26.6029     2.1301     2.2057     64.841     67.142     0.9389     0.9328     0.0403    -0.0177     3.1416     0.0000     0.0000 -124.79474   41.89866      99.88          7  0.000e+00
      60766   2531.875    198.691    200.357     7.6080     7.6098  35.078705  35.080277     7.5886     7.5904    34.0697    34.0696    26.6032    26.6029     2.1301     2.2119     64.841     67.332     0.9389     0.9341     0.0403    -0.0177     3.1416     0.0000     0.0000 -124.79474   41.89866      99.85          7  0.000e+00
      60767   2531.917    198.737    200.404     7.6080     7.6092  35.078894  35.079774     7.5885     7.5898    34.0699    34.0697    26.6034    26.6030     2.1301     2.2057     64.841     67.143     0.9389     0.9328     0.0403    -0.0177     3.1429     0.0000     0.0000 -124.79474   41.89866      99.88          7  0.000e+00
      60768   2531.958    198.737    200.404     7.6077     7.6093  35.078705  35.080089     7.5883     7.5899    34.0699    34.0699    26.6035    26.6032     2.1301     2.2120     64.842     67.333     0.9389     0.9341     0.0403    -0.0177     3.1429     0.0000     0.0000 -124.79474   41.89866      99.88          7  0.000e+00
