West Coast/WCOA-7/CTD_Data/RB2102_CTD_112_01.ros
* Sea-Bird SBE 9 Data File:
* FileName = C:\Users\scs.user.rb\CTD\RB2102\Data\RB2102_CTD_112_01.hex
* Software Version Seasave V 7.26.7.107
* Temperature SN = 6202
* Conductivity SN = 4907
* Number of Bytes Per Scan = 41
* Number of Voltage Words = 4
* Number of Scans Averaged by the Deck Unit = 1
* NMEA Latitude = 34 12.62 N
* NMEA Longitude = 121 01.27 W
* NMEA UTC (Time) = Jul 17 2021  23:38:30
* NMEA baud rate = 4800
# nquan = 30
# nvalues = 964                                   
# units = specified
# name 0 = scan: Scan Count
# name 1 = timeS: Time, Elapsed [seconds]
# name 2 = depSM: Depth [salt water, m]
# name 3 = prDM: Pressure, Digiquartz [db]
# name 4 = t090C: Temperature [ITS-90, deg C]
# name 5 = t190C: Temperature, 2 [ITS-90, deg C]
# name 6 = c0mS/cm: Conductivity [mS/cm]
# name 7 = c1mS/cm: Conductivity, 2 [mS/cm]
# name 8 = potemp090C: Potential Temperature [ITS-90, deg C]
# name 9 = potemp190C: Potential Temperature, 2 [ITS-90, deg C]
# name 10 = sal00: Salinity, Practical [PSU]
# name 11 = sal11: Salinity, Practical, 2 [PSU]
# name 12 = sigma-é00: Density [sigma-theta, kg/m^3]
# name 13 = sigma-é11: Density, 2 [sigma-theta, kg/m^3]
# name 14 = sbeox0Mg/L: Oxygen, SBE 43 [mg/l]
# name 15 = sbeox1Mg/L: Oxygen, SBE 43, 2 [mg/l]
# name 16 = sbox0Mm/Kg: Oxygen, SBE 43 [umol/kg]
# name 17 = sbox1Mm/Kg: Oxygen, SBE 43, 2 [umol/kg]
# name 18 = sbeox0V: Oxygen raw, SBE 43 [V]
# name 19 = sbeox1V: Oxygen raw, SBE 43, 2 [V]
# name 20 = v4: Voltage 4
# name 21 = flECO-AFL: Fluorescence, WET Labs ECO-AFL/FL [mg/m^3]
# name 22 = v3: Voltage 3
# name 23 = v6: Voltage 6
# name 24 = v7: Voltage 7
# name 25 = longitude: Longitude [deg]
# name 26 = latitude: Latitude [deg]
# name 27 = altM: Altimeter [m]
# name 28 = nbf: Bottles Fired
# name 29 = flag:  0.000e+00
# interval = seconds: 0.0416667
# start_time = Jul 17 2021 23:38:30 [NMEA time, header]
# bad_flag = -9.990e-29
*END*
      44989   1874.500   1006.765   1016.499     4.2650     4.2661  32.777557  32.779461     4.1859     4.1870    34.4516    34.4526    27.3304    27.3312     0.5504     0.5878     16.742     17.881     0.5836     0.5983     0.0403    -0.0177     3.2015     0.0305     0.0000 -121.02262   34.20964      10.35          1  0.000e+00
      44990   1874.542   1006.704   1016.438     4.2648     4.2659  32.777434  32.779155     4.1857     4.1868    34.4517    34.4525    27.3305    27.3311     0.5504     0.5878     16.742     17.881     0.5836     0.5983     0.0415     0.0129     3.2015     0.0293     0.0000 -121.02262   34.20964      10.35          1  0.000e+00
      44991   1874.583   1006.818   1016.554     4.2647     4.2662  32.777373  32.779277     4.1856     4.1871    34.4516    34.4523    27.3305    27.3309     0.5504     0.5802     16.742     17.650     0.5836     0.5971     0.0403    -0.0177     3.2027     0.0293     0.0000 -121.02262   34.20964      10.35          1  0.000e+00
      44992   1874.625   1006.657   1016.391     4.2645     4.2660  32.777557  32.779583     4.1855     4.1870    34.4521    34.4529    27.3309    27.3314     0.5504     0.5878     16.742     17.881     0.5836     0.5983     0.0403    -0.0177     3.2015     0.0293     0.0000 -121.02262   34.20964      10.35          1  0.000e+00
      44993   1874.667   1006.711   1016.445     4.2646     4.2660  32.777679  32.779461     4.1856     4.1870    34.4521    34.4527    27.3309    27.3312     0.5504     0.5878     16.742     17.881     0.5836     0.5983     0.0403    -0.0177     3.2027     0.0305     0.0000 -121.02262   34.20964      10.35          1  0.000e+00
      44994   1874.708   1006.758   1016.493     4.2647     4.2659  32.777680  32.779584     4.1856     4.1869    34.4520    34.4529    27.3308    27.3314     0.5504     0.5878     16.742     17.881     0.5836     0.5983     0.0403    -0.0177     3.2015     0.0293     0.0000 -121.02262   34.20964      10.35          1  0.000e+00
      44995   1874.750   1006.819   1016.554     4.2645     4.2662  32.777435  32.779461     4.1855     4.1871    34.4519    34.4525    27.3307    27.3311     0.5504     0.5878     16.742     17.881     0.5836     0.5983     0.0415     0.0129     3.2027     0.0293     0.0000 -121.02262   34.20964      10.35          1  0.000e+00
      44996   1874.792   1006.758   1016.493     4.2648     4.2662  32.777802  32.779400     4.1857     4.1871    34.4521    34.4525    27.3309    27.3310     0.5504     0.5878     16.742     17.881     0.5836     0.5983     0.0415     0.0129     3.2027     0.0293     0.0000 -121.02262   34.20964      10.33          1  0.000e+00
      44997   1874.833   1006.765   1016.499     4.2651     4.2660  32.777986  32.779155     4.1861     4.1870    34.4519    34.4523    27.3307    27.3309     0.5504     0.5878     16.742     17.881     0.5836     0.5983     0.0415     0.0129     3.2015     0.0293     0.0000 -121.02262   34.20964      10.33          1  0.000e+00
      44998   1874.875   1006.758   1016.493     4.2651     4.2660  32.777986  32.779094     4.1861     4.1870    34.4519    34.4523    27.3307    27.3309     0.5504     0.5802     16.742     17.650     0.5836     0.5971     0.0415     0.0129     3.2015     0.0293     0.0000 -121.02262   34.20964      10.33          1  0.000e+00
      44999   1874.917   1006.805   1016.540     4.2654     4.2663  32.778170  32.779094     4.1863     4.1872    34.4519    34.4520    27.3306    27.3306     0.5504     0.5802     16.742     17.650     0.5836     0.5971     0.0415     0.0129     3.2027     0.0293     0.0000 -121.02262   34.20964      10.33          1  0.000e+00
      45000   1874.958   1006.819   1016.554     4.2658     4.2660  32.778477  32.779094     4.1867     4.1870    34.4518    34.4522    27.3305    27.3309     0.5504     0.5878     16.742     17.882     0.5836     0.5983     0.0415     0.0129     3.2015     0.0293     0.0000 -121.02262   34.20964      10.33          1  0.000e+00
      45001   1875.000   1006.805   1016.540     4.2661     4.2660  32.778354  32.779277     4.1870     4.1870    34.4513    34.4525    27.3301    27.3310     0.5504     0.5878     16.742     17.881     0.5836     0.5983     0.0415     0.0129     3.2015     0.0293     0.0000 -121.02262   34.20964      10.31          1  0.000e+00
      45002   1875.042   1006.819   1016.554     4.2660     4.2660  32.778722  32.779155     4.1870     4.1870    34.4518    34.4523    27.3305    27.3309     0.5434     0.5878     16.531     17.882     0.5824     0.5983     0.0415     0.0129     3.2015     0.0293     0.0000 -121.02262   34.20964      10.31          1  0.000e+00
      45003   1875.083   1006.805   1016.540     4.2661     4.2660  32.778599  32.779094     4.1870     4.1870    34.4516    34.4522    27.3304    27.3309     0.5504     0.5878     16.742     17.882     0.5836     0.5983     0.0415     0.0129     3.2015     0.0293     0.0000 -121.02262   34.20964      10.28          1  0.000e+00
      45004   1875.125   1006.866   1016.602     4.2661     4.2659  32.778354  32.779278     4.1870     4.1869    34.4513    34.4525    27.3301    27.3311     0.5504     0.5878     16.742     17.882     0.5836     0.5983     0.0415     0.0129     3.2015     0.0293     0.0000 -121.02262   34.20964      10.31          1  0.000e+00
      45005   1875.167   1006.805   1016.540     4.2659     4.2659  32.778293  32.779155     4.1868     4.1868    34.4515    34.4525    27.3303    27.3311     0.5504     0.5878     16.742     17.882     0.5836     0.5983     0.0415     0.0129     3.2015     0.0305     0.0000 -121.02262   34.20964      10.28          1  0.000e+00
      45006   1875.208   1006.866   1016.602     4.2661     4.2659  32.778293  32.778910     4.1870     4.1868    34.4512    34.4522    27.3301    27.3308     0.5504     0.5878     16.742     17.882     0.5836     0.5983     0.0415     0.0129     3.2027     0.0330     0.0000 -121.02262   34.20964      10.31          1  0.000e+00
      45007   1875.250   1006.859   1016.595     4.2659     4.2655  32.778293  32.779033     4.1869     4.1865    34.4514    34.4527    27.3302    27.3313     0.5504     0.5803     16.742     17.651     0.5836     0.5971     0.0415     0.0129     3.2027     0.0305     0.0000 -121.02262   34.20964      10.28          1  0.000e+00
      45008   1875.292   1006.859   1016.595     4.2660     4.2655  32.778293  32.779216     4.1870     4.1865    34.4513    34.4529    27.3301    27.3314     0.5504     0.5878     16.742     17.882     0.5836     0.5983     0.0415     0.0129     3.2027     0.0293     0.0000 -121.02262   34.20964      10.26          1  0.000e+00
      45009   1875.333   1006.920   1016.656     4.2659     4.2653  32.778293  32.778481     4.1869     4.1863    34.4514    34.4522    27.3302    27.3309     0.5504     0.5879     16.742     17.882     0.5836     0.5983     0.0415     0.0129     3.2015     0.0293     0.0000 -121.02262   34.20964      10.23          1  0.000e+00
      45010   1875.375   1006.859   1016.595     4.2659     4.2651  32.778048  32.778665     4.1869     4.1860    34.4511    34.4527    27.3300    27.3313     0.5504     0.5879     16.742     17.882     0.5836     0.5983     0.0415     0.0129     3.2015     0.0305     0.0000 -121.02262   34.20964      10.23          1  0.000e+00
      45011   1875.417   1006.920   1016.656     4.2656     4.2651  32.777987  32.778849     4.1865     4.1860    34.4514    34.4529    27.3302    27.3315     0.5504     0.5879     16.742     17.882     0.5836     0.5983     0.0415     0.0129     3.2027     0.0293     0.0000 -121.02262   34.20964      10.23          1  0.000e+00
      45012   1875.458   1006.913   1016.649     4.2655     4.2652  32.777987  32.779033     4.1864     4.1862    34.4515    34.4530    27.3303    27.3315     0.5504     0.5803     16.742     17.651     0.5836     0.5971     0.0415     0.0129     3.2027     0.0305     0.0000 -121.02262   34.20964      10.26          1  0.000e+00
      45013   1875.500   1006.866   1016.602     4.2653     4.2652  32.777741  32.779094     4.1862     4.1862    34.4514    34.4531    27.3303    27.3316     0.5504     0.5879     16.742     17.882     0.5836     0.5983     0.0415     0.0129     3.2015     0.0305     0.0000 -121.02262   34.20964      10.23          1  0.000e+00
      45014   1875.542   1006.960   1016.697     4.2652     4.2653  32.778109  32.779094     4.1862     4.1863    34.4519    34.4529    27.3306    27.3315     0.5504     0.5879     16.742     17.882     0.5836     0.5983     0.0415     0.0129     3.2015     0.0305     0.0000 -121.02262   34.20964      10.23          1  0.000e+00
      45015   1875.583   1006.920   1016.656     4.2651     4.2655  32.778048  32.778910     4.1861     4.1865    34.4519    34.4525    27.3307    27.3311     0.5504     0.5803     16.742     17.651     0.5836     0.5971     0.0415     0.0129     3.2027     0.0305     0.0000 -121.02262   34.20964      10.23          1  0.000e+00
      45016   1875.625   1006.960   1016.697     4.2653     4.2655  32.777987  32.779217     4.1862     4.1865    34.4517    34.4528    27.3305    27.3314     0.5504     0.5879     16.742     17.882     0.5836     0.5983     0.0415     0.0129     3.2027     0.0305     0.0000 -121.02262   34.20964      10.23          1  0.000e+00
      45017   1875.667   1006.913   1016.649     4.2654     4.2659  32.778171  32.779155     4.1863     4.1868    34.4518    34.4524    27.3306    27.3310     0.5504     0.5878     16.742     17.882     0.5836     0.5983     0.0415     0.0129     3.2027     0.0293     0.0000 -121.02262   34.20964      10.23          1  0.000e+00
      45018   1875.708   1006.967   1016.704     4.2655     4.2659  32.777803  32.779278     4.1864     4.1868    34.4512    34.4525    27.3301    27.3311     0.5504     0.5879     16.742     17.882     0.5836     0.5983     0.0415     0.0129     3.2015     0.0293     0.0000 -121.02262   34.20964      10.23          1  0.000e+00
      45019   1875.750   1006.913   1016.649     4.2653     4.2658  32.778109  32.779400     4.1862     4.1867    34.4518    34.4528    27.3306    27.3313     0.5504     0.5878     16.742     17.882     0.5836     0.5983     0.0415     0.0129     3.2027     0.0293     0.0000 -121.02262   34.20964      10.21          1  0.000e+00
      45020   1875.792   1006.967   1016.704     4.2654     4.2659  32.778293  32.779401     4.1863     4.1868    34.4519    34.4527    27.3307    27.3312     0.5504     0.5879     16.742     17.882     0.5836     0.5983     0.0415     0.0129     3.2027     0.0293     0.0000 -121.02262   34.20964      10.18          1  0.000e+00
      45021   1875.833   1006.960   1016.697     4.2653     4.2659  32.778293  32.779155     4.1862     4.1868    34.4520    34.4524    27.3308    27.3310     0.5504     0.5879     16.742     17.882     0.5836     0.5983     0.0415     0.0129     3.2015     0.0293     0.0000 -121.02262   34.20964      10.16          1  0.000e+00
      45022   1875.875   1006.967   1016.704     4.2655     4.2657  32.778048  32.779523     4.1864     4.1867    34.4515    34.4530    27.3304    27.3315     0.5504     0.5803     16.742     17.651     0.5836     0.5971     0.0415     0.0129     3.2027     0.0293     0.0000 -121.02262   34.20964      10.18          1  0.000e+00
      45023   1875.917   1006.960   1016.697     4.2656     4.2660  32.778171  32.779462     4.1865     4.1870    34.4516    34.4526    27.3304    27.3311     0.5504     0.5878     16.742     17.882     0.5836     0.5983     0.0415     0.0129     3.2015     0.0330     0.0000 -121.02262   34.20964      10.18          1  0.000e+00
      45024   1875.958   1006.967   1016.704     4.2653     4.2661  32.778477  32.779400     4.1862     4.1870    34.4522    34.4525    27.3309    27.3310     0.5504     0.5803     16.742     17.651     0.5836     0.5971     0.0415     0.0129     3.2015     0.0330     0.0000 -121.02262   34.20964      10.18          1  0.000e+00
      45025   1876.000   1006.960   1016.697     4.2650     4.2663  32.778109  32.779400     4.1859     4.1873    34.4521    34.4522    27.3309    27.3308     0.5504     0.5802     16.743     17.651     0.5836     0.5971     0.0415     0.0129     3.2015     0.0317     0.0000 -121.02262   34.20964      10.16          1  0.000e+00
      45026   1876.042   1007.021   1016.758     4.2649     4.2660  32.777987  32.779401     4.1859     4.1870    34.4520    34.4525    27.3308    27.3311     0.5504     0.5803     16.743     17.651     0.5836     0.5971     0.0415     0.0129     3.2027     0.0317     0.0000 -121.02262   34.20964      10.11          1  0.000e+00
      45027   1876.083   1006.960   1016.697     4.2642     4.2662  32.777496  32.779462     4.1851     4.1871    34.4522    34.4524    27.3310    27.3310     0.5504     0.5803     16.743     17.651     0.5836     0.5971     0.0415     0.0129     3.2015     0.0330     0.0000 -121.02262   34.20964      10.11          1  0.000e+00
      45028   1876.125   1007.014   1016.752     4.2647     4.2659  32.777803  32.779156     4.1856     4.1868    34.4520    34.4524    27.3308    27.3310     0.5504     0.5803     16.743     17.651     0.5836     0.5971     0.0415     0.0129     3.2027     0.0317     0.0000 -121.02262   34.20964      10.11          1  0.000e+00
      45029   1876.167   1006.967   1016.704     4.2647     4.2661  32.777742  32.779768     4.1856     4.1870    34.4520    34.4529    27.3308    27.3314     0.5504     0.5878     16.743     17.882     0.5836     0.5983     0.0415     0.0129     3.2015     0.0330     0.0000 -121.02262   34.20964      10.09          1  0.000e+00
      45030   1876.208   1007.014   1016.752     4.2654     4.2659  32.777864  32.779278     4.1863     4.1868    34.4514    34.4525    27.3303    27.3311     0.5504     0.5879     16.743     17.882     0.5836     0.5983     0.0415     0.0129     3.2027     0.0330     0.0000 -121.02262   34.20964      10.11          1  0.000e+00
      45031   1876.250   1007.021   1016.758     4.2651     4.2659  32.778171  32.779278     4.1861     4.1868    34.4520    34.4525    27.3308    27.3311     0.5504     0.5803     16.743     17.651     0.5836     0.5971     0.0415     0.0129     3.2027     0.0317     0.0000 -121.02262   34.20964      10.09          1  0.000e+00
      45032   1876.292   1006.913   1016.650     4.2658     4.2660  32.778293  32.779155     4.1867     4.1870    34.4515    34.4523    27.3303    27.3309     0.5504     0.5803     16.742     17.651     0.5836     0.5971     0.0415     0.0129     3.2027     0.0342     0.0000 -121.02262   34.20964      10.09          1  0.000e+00
      45033   1876.333   1007.068   1016.806     4.2656     4.2660  32.778294  32.779768     4.1865     4.1870    34.4517    34.4529    27.3304    27.3314     0.5504     0.5803     16.743     17.651     0.5836     0.5971     0.0415     0.0129     3.2027     0.0342     0.0000 -121.02262   34.20964      10.09          1  0.000e+00
      45034   1876.375   1006.960   1016.697     4.2658     4.2658  32.778477  32.779523     4.1867     4.1867    34.4517    34.4529    27.3305    27.3314     0.5504     0.5803     16.742     17.651     0.5836     0.5971     0.0415     0.0129     3.2027     0.0317     0.0000 -121.02262   34.20964      10.09          1  0.000e+00
      45035   1876.417   1007.021   1016.758     4.2658     4.2659  32.778110  32.779584     4.1867     4.1868    34.4513    34.4529    27.3301    27.3314     0.5504     0.5803     16.742     17.651     0.5836     0.5971     0.0415     0.0129     3.2027     0.0317     0.0000 -121.02262   34.20964      10.09          1  0.000e+00
      45036   1876.458   1006.960   1016.697     4.2659     4.2660  32.778171  32.779462     4.1868     4.1870    34.4513    34.4526    27.3301    27.3311     0.5504     0.5878     16.742     17.882     0.5836     0.5983     0.0415     0.0129     3.2015     0.0342     0.0000 -121.02262   34.20964      10.09          1  0.000e+00
