West Coast/WCOA-7/CTD_Data/RB2102_CTD_042_01.ros
* Sea-Bird SBE 9 Data File:
* FileName = C:\Users\scs.user.rb\CTD\RB2102\Data\RB2102_CTD_042_01.hex
* Software Version Seasave V 7.26.7.107
* Temperature SN = 6202
* Conductivity SN = 4907
* Number of Bytes Per Scan = 41
* Number of Voltage Words = 4
* Number of Scans Averaged by the Deck Unit = 1
* NMEA Latitude = 47 07.09 N
* NMEA Longitude = 124 22.94 W
* NMEA UTC (Time) = Jul 02 2021  19:23:10
* NMEA baud rate = 4800
# nquan = 30
# nvalues = 532                                   
# units = specified
# name 0 = scan: Scan Count
# name 1 = timeS: Time, Elapsed [seconds]
# name 2 = depSM: Depth [salt water, m]
# name 3 = prDM: Pressure, Digiquartz [db]
# name 4 = t090C: Temperature [ITS-90, deg C]
# name 5 = t190C: Temperature, 2 [ITS-90, deg C]
# name 6 = c0mS/cm: Conductivity [mS/cm]
# name 7 = c1mS/cm: Conductivity, 2 [mS/cm]
# name 8 = potemp090C: Potential Temperature [ITS-90, deg C]
# name 9 = potemp190C: Potential Temperature, 2 [ITS-90, deg C]
# name 10 = sal00: Salinity, Practical [PSU]
# name 11 = sal11: Salinity, Practical, 2 [PSU]
# name 12 = sigma-é00: Density [sigma-theta, kg/m^3]
# name 13 = sigma-é11: Density, 2 [sigma-theta, kg/m^3]
# name 14 = sbeox0Mg/L: Oxygen, SBE 43 [mg/l]
# name 15 = sbeox1Mg/L: Oxygen, SBE 43, 2 [mg/l]
# name 16 = sbox0Mm/Kg: Oxygen, SBE 43 [umol/kg]
# name 17 = sbox1Mm/Kg: Oxygen, SBE 43, 2 [umol/kg]
# name 18 = sbeox0V: Oxygen raw, SBE 43 [V]
# name 19 = sbeox1V: Oxygen raw, SBE 43, 2 [V]
# name 20 = v4: Voltage 4
# name 21 = flECO-AFL: Fluorescence, WET Labs ECO-AFL/FL [mg/m^3]
# name 22 = v3: Voltage 3
# name 23 = v6: Voltage 6
# name 24 = v7: Voltage 7
# name 25 = longitude: Longitude [deg]
# name 26 = latitude: Latitude [deg]
# name 27 = altM: Altimeter [m]
# name 28 = nbf: Bottles Fired
# name 29 = flag:  0.000e+00
# interval = seconds: 0.0416667
# start_time = Jul 02 2021 19:23:10 [NMEA time, header]
# bad_flag = -9.990e-29
*END*
[from data line 339]
      26311   1096.250     10.261     10.347    15.9823    15.8741  38.757124  38.763824    15.9807    15.8725    30.4625    30.5516    22.2648    22.3570     9.6949     9.9985    296.370    305.626     2.9646     2.8596     0.1209     1.9970     3.2137     0.6252     0.0000 -124.38154   47.11776      40.49          8  0.000e+00
      26312   1096.292     10.215     10.300    15.9692    15.8910  38.757780  38.763298    15.9676    15.8894    30.4732    30.5382    22.2758    22.3430     9.6967    10.0061    296.424    305.861     2.9646     2.8620     0.1209     1.9970     3.2137     0.6252     0.0000 -124.38154   47.11776      40.49          8  0.000e+00
      26313   1096.333     10.261     10.347    15.9627    15.9067  38.756930  38.762576    15.9611    15.9051    30.4774    30.5254    22.2805    22.3297     9.6978     9.9933    296.455    305.472     2.9646     2.8596     0.1209     1.9970     3.2137     0.6252     0.0000 -124.38154   47.11776      40.49          8  0.000e+00
      26314   1096.375     10.274     10.361    15.9666    15.9166  38.754507  38.762444    15.9651    15.9151    30.4722    30.5176    22.2757    22.3216     9.6926     9.9968    296.297    305.584     2.9634     2.8608     0.1209     1.9970     3.2149     0.6252     0.0000 -124.38154   47.11776      40.49          8  0.000e+00
      26315   1096.417     10.261     10.347    15.9740    15.9253  38.752869  38.762181    15.9724    15.9237    30.4652    30.5107    22.2687    22.3144     9.6915     9.9954    296.268    305.543     2.9634     2.8608     0.1221     2.0275     3.2137     0.6252     0.0000 -124.38154   47.11776      40.46          8  0.000e+00
      26316   1096.458     10.215     10.300    15.9782    15.9347  38.753523  38.760544    15.9766    15.9331    30.4625    30.5021    22.2657    22.3057     9.6956     9.9939    296.392    305.499     2.9646     2.8608     0.1209     1.9970     3.2137     0.6264     0.0000 -124.38154   47.11776      40.49          8  0.000e+00
      26317   1096.500     10.274     10.361    15.9816    15.9439  38.753065  38.759300    15.9800    15.9423    30.4595    30.4939    22.2626    22.2973     9.6904     9.9977    296.235    305.618     2.9634     2.8620     0.1209     1.9970     3.2137     0.6264     0.0000 -124.38154   47.11776      40.46          8  0.000e+00
      26318   1096.542     10.261     10.347    15.9848    15.9513  38.750773  38.758841    15.9832    15.9497    30.4550    30.4878    22.2585    22.2911     9.6948     9.9965    296.370    305.583     2.9646     2.8620     0.1209     1.9970     3.2149     0.6264     0.0000 -124.38154   47.11776      40.46          8  0.000e+00
      26319   1096.583     10.215     10.300    15.9870    15.9569  38.750642  38.757989    15.9855    15.9553    30.4532    30.4828    22.2566    22.2859     9.6944    10.0007    296.359    305.715     2.9646     2.8632     0.1221     2.0275     3.2137     0.6264     0.0000 -124.38154   47.11776      40.46          8  0.000e+00
      26320   1096.625     10.215     10.300    15.9885    15.9605  38.750249  38.758185    15.9870    15.9589    30.4517    30.4802    22.2551    22.2832     9.6942     9.9950    296.353    305.539     2.9646     2.8620     0.1221     2.0275     3.2137     0.6264     0.0000 -124.38154   47.11776      40.39          8  0.000e+00
      26321   1096.667     10.274     10.361    15.9899    15.9630  38.749594  38.758643    15.9883    15.9615    30.4501    30.4786    22.2536    22.2814     9.6941     9.9998    296.351    305.686     2.9646     2.8632     0.1221     2.0275     3.2137     0.6264     0.0000 -124.38154   47.11776      39.95          8  0.000e+00
      26322   1096.708     10.261     10.347    15.9900    15.9632  38.748677  38.759232    15.9885    15.9616    30.4492    30.4790    22.2528    22.2816     9.6941     9.9997    296.351    305.684     2.9646     2.8632     0.1209     1.9970     3.2137     0.6252     0.0000 -124.38154   47.11776      39.76          8  0.000e+00
      26323   1096.750     10.215     10.301    15.9892    15.9605  38.748153  38.760213    15.9876    15.9589    30.4494    30.4820    22.2532    22.2845     9.6990    10.0000    296.500    305.693     2.9658     2.8632     0.1209     1.9970     3.2137     0.6264     0.0000 -124.38154   47.11776      39.76          8  0.000e+00
      26324   1096.792     10.215     10.301    15.9898    15.9573  38.748284  38.760672    15.9882    15.9557    30.4491    30.4848    22.2528    22.2874     9.6989    10.0005    296.498    305.708     2.9658     2.8632     0.1209     1.9970     3.2137     0.6264     0.0000 -124.38154   47.11776      39.78          8  0.000e+00
      26325   1096.833     10.221     10.307    15.9924    15.9543  38.748939  38.761000    15.9909    15.9528    30.4476    30.4874    22.2511    22.2900     9.6985    10.0010    296.485    305.722     2.9658     2.8632     0.1209     1.9970     3.2137     0.6264     0.0000 -124.38154   47.11776      39.78          8  0.000e+00
      26326   1096.875     10.215     10.301    15.9965    15.9511  38.750117  38.761131    15.9950    15.9495    30.4455    30.4900    22.2486    22.2928     9.6978    10.0015    296.465    305.737     2.9658     2.8632     0.1184     1.9359     3.2125     0.6264     0.0000 -124.38154   47.11776      39.85          8  0.000e+00
      26327   1096.917     10.215     10.301    16.0006    15.9452  38.751229  38.761851    15.9990    15.9436    30.4433    30.4952    22.2460    22.2980     9.6972    10.0076    296.445    305.922     2.9658     2.8645     0.1172     1.9054     3.2149     0.6264     0.0000 -124.38154   47.11776      40.32          8  0.000e+00
      26328   1096.958     10.215     10.301    16.0031    15.9410  38.752276  38.762637    16.0015    15.9394    30.4423    30.4991    22.2447    22.3019     9.6967    10.0083    296.433    305.940     2.9658     2.8645     0.1172     1.9054     3.2149     0.6252     0.0000 -124.38154   47.11776      40.51          8  0.000e+00
      26329   1097.000     10.175     10.261    16.0045    15.9350  38.752538  38.763292    16.0029    15.9335    30.4415    30.5043    22.2437    22.3073     9.7012    10.0092    296.571    305.966     2.9670     2.8645     0.1172     1.9054     3.2149     0.6264     0.0000 -124.38154   47.11776      40.54          8  0.000e+00
      26330   1097.042     10.162     10.247    16.0045    15.9297  38.751949  38.763489    16.0029    15.9282    30.4410    30.5085    22.2434    22.3117     9.7012    10.0100    296.571    305.990     2.9670     2.8645     0.1172     1.9054     3.2137     0.6252     0.0000 -124.38154   47.11776      40.51          8  0.000e+00
      26331   1097.083     10.162     10.247    16.0030    15.9285  38.749985  38.763227    16.0014    15.9270    30.4405    30.5092    22.2433    22.3125     9.7016    10.0102    296.581    305.996     2.9670     2.8645     0.1172     1.9054     3.2149     0.6264     0.0000 -124.38154   47.11776      40.51          8  0.000e+00
      26332   1097.125     10.162     10.247    15.9990    15.9289  38.747628  38.763162    15.9975    15.9273    30.4414    30.5089    22.2449    22.3122     9.7023    10.0102    296.603    305.995     2.9670     2.8645     0.1172     1.9054     3.2137     0.6264     0.0000 -124.38154   47.11776      40.44          8  0.000e+00
      26333   1097.167     10.175     10.261    15.9936    15.9300  38.747302  38.763162    15.9921    15.9285    30.4452    30.5080    22.2490    22.3112     9.7079    10.0100    296.773    305.990     2.9683     2.8645     0.1172     1.9054     3.2137     0.6264     0.0000 -124.38154   47.11776      40.07          8  0.000e+00
      26334   1097.208     10.162     10.247    15.9894    15.9311  38.747171  38.762900    15.9878    15.9295    30.4484    30.5070    22.2524    22.3102     9.7085    10.0150    296.791    306.143     2.9683     2.8657     0.1184     1.9359     3.2125     0.6252     0.0000 -124.38154   47.11776      39.88          8  0.000e+00
      26335   1097.250     10.116     10.201    15.9880    15.9308  38.748350  38.762573    15.9865    15.9292    30.4505    30.5069    22.2543    22.3102     9.7134    10.0150    296.939    306.143     2.9695     2.8657     0.1184     1.9359     3.2125     0.6264     0.0000 -124.38154   47.11776      39.88          8  0.000e+00
      26336   1097.292     10.129     10.214    15.9879    15.9299  38.748808  38.762180    15.9863    15.9283    30.4510    30.5072    22.2547    22.3107     9.7134    10.0152    296.940    306.149     2.9695     2.8657     0.1172     1.9054     3.2137     0.6264     0.0000 -124.38154   47.11776      39.90          8  0.000e+00
      26337   1097.333     10.069     10.154    15.9880    15.9295  38.748480  38.761853    15.9865    15.9280    30.4506    30.5072    22.2544    22.3108     9.7133    10.0152    296.937    306.149     2.9695     2.8657     0.1172     1.9054     3.2137     0.6252     0.0000 -124.38154   47.11776      39.90          8  0.000e+00
      26338   1097.375     10.116     10.201    15.9857    15.9292  38.748677  38.760806    15.9841    15.9277    30.4526    30.5066    22.2564    22.3103     9.7137    10.0205    296.949    306.312     2.9695     2.8669     0.1184     1.9359     3.2137     0.6252     0.0000 -124.38154   47.11776      39.93          8  0.000e+00
      26339   1097.417     10.069     10.154    15.9812    15.9300  38.749529  38.759170    15.9797    15.9285    30.4568    30.5045    22.2606    22.3085     9.7191    10.0204    297.111    306.310     2.9707     2.8669     0.1172     1.9054     3.2137     0.6264     0.0000 -124.38154   47.11776      39.95          8  0.000e+00
      26340   1097.458     10.030     10.114    15.9782    15.9347  38.750577  38.757468    15.9766    15.9331    30.4600    30.4995    22.2638    22.3036     9.7194    10.0197    297.121    306.289     2.9707     2.8669     0.1184     1.9359     3.2137     0.6252     0.0000 -124.38154   47.11776      39.95          8  0.000e+00
      26341   1097.500     10.069     10.154    15.9756    15.9429  38.750839  38.755504    15.9741    15.9413    30.4622    30.4914    22.2660    22.2957     9.7198    10.0185    297.133    306.255     2.9707     2.8669     0.1172     1.9054     3.2137     0.6264     0.0000 -124.38154   47.11776      39.98          8  0.000e+00
      26342   1097.542     10.016     10.101    15.9739    15.9509  38.750315  38.755044    15.9723    15.9494    30.4631    30.4848    22.2671    22.2888     9.7248    10.0223    297.286    306.373     2.9719     2.8681     0.1184     1.9359     3.2137     0.6264     0.0000 -124.38154   47.11776      39.95          8  0.000e+00
      26343   1097.583     10.016     10.101    15.9717    15.9581  38.750643  38.754520    15.9702    15.9565    30.4650    30.4789    22.2690    22.2827     9.7251    10.0212    297.294    306.340     2.9719     2.8681     0.1184     1.9359     3.2137     0.6252     0.0000 -124.38154   47.11776      39.95          8  0.000e+00
      26344   1097.625      9.977     10.060    15.9700    15.9627  38.750054  38.754061    15.9685    15.9612    30.4658    30.4750    22.2700    22.2787     9.7254    10.0204    297.301    306.318     2.9719     2.8681     0.1184     1.9359     3.2137     0.6264     0.0000 -124.38154   47.11776      39.98          8  0.000e+00
      26345   1097.667      9.970     10.054    15.9690    15.9642  38.749792  38.753996    15.9675    15.9627    30.4664    30.4737    22.2707    22.2774     9.7303    10.0201    297.452    306.310     2.9731     2.8681     0.1172     1.9054     3.2137     0.6264     0.0000 -124.38154   47.11776      40.10          8  0.000e+00
      26346   1097.708      9.970     10.054    15.9687    15.9659  38.749530  38.753734    15.9672    15.9644    30.4664    30.4722    22.2708    22.2758     9.7304    10.0199    297.454    306.302     2.9731     2.8681     0.1184     1.9359     3.2137     0.6264     0.0000 -124.38154   47.11776      40.15          8  0.000e+00
      26347   1097.750      9.924     10.007    15.9694    15.9667  38.748417  38.753864    15.9678    15.9651    30.4649    30.4718    22.2695    22.2753     9.7350    10.0197    297.597    306.297     2.9744     2.8681     0.1172     1.9054     3.2137     0.6264     0.0000 -124.38154   47.11776      40.15          8  0.000e+00
      26348   1097.792      9.930     10.014    15.9729    15.9661  38.747303  38.753014    15.9714    15.9646    30.4612    30.4715    22.2659    22.2752     9.7346    10.0198    297.584    306.301     2.9744     2.8681     0.1172     1.9054     3.2137     0.6264     0.0000 -124.38154   47.11776      40.15          8  0.000e+00
      26349   1097.833      9.871      9.954    15.9757    15.9665  38.747303  38.751901    15.9742    15.9650    30.4591    30.4702    22.2636    22.2742     9.7389    10.0249    297.716    306.457     2.9756     2.8694     0.1184     1.9359     3.2125     0.6264     0.0000 -124.38154   47.11776      40.15          8  0.000e+00
      26350   1097.875      9.871      9.954    15.9777    15.9688  38.747630  38.751050    15.9762    15.9673    30.4579    30.4677    22.2622    22.2717     9.7338    10.0194    297.560    306.290     2.9744     2.8681     0.1184     1.9359     3.2125     0.6264     0.0000 -124.38154   47.11776      40.15          8  0.000e+00
      26351   1097.917      9.924     10.007    15.9783    15.9716  38.747499  38.750134    15.9768    15.9701    30.4572    30.4647    22.2616    22.2688     9.7385    10.0243    297.706    306.438     2.9756     2.8694     0.1184     1.9359     3.2125     0.6264     0.0000 -124.38154   47.11776      40.20          8  0.000e+00
      26352   1097.958      9.831      9.914    15.9787    15.9733  38.746909  38.749675    15.9772    15.9718    30.4565    30.4630    22.2610    22.2671     9.7384    10.0187    297.702    306.269     2.9756     2.8681     0.1221     2.0275     3.2149     0.6264     0.0000 -124.38154   47.11776      40.22          8  0.000e+00
      26353   1098.000      9.825      9.907    15.9782    15.9744  38.746451  38.750395    15.9767    15.9729    30.4565    30.4628    22.2611    22.2667     9.7433    10.0185    297.851    306.262     2.9768     2.8681     0.1233     2.0580     3.2137     0.6264     0.0000 -124.38154   47.11776      40.22          8  0.000e+00
      26354   1098.042      9.825      9.907    15.9765    15.9747  38.748415  38.750591    15.9750    15.9732    30.4595    30.4628    22.2638    22.2667     9.7434    10.0184    297.855    306.261     2.9768     2.8681     0.1233     2.0580     3.2137     0.6264     0.0000 -124.38154   47.11776      40.22          8  0.000e+00
      26355   1098.083      9.772      9.854    15.9742    15.9743  38.749332  38.750853    15.9727    15.9728    30.4621    30.4634    22.2662    22.2672     9.7436    10.0184    297.861    306.260     2.9768     2.8681     0.1245     2.0886     3.2149     0.6264     0.0000 -124.38154   47.11776      40.22          8  0.000e+00
      26356   1098.125      9.785      9.867    15.9724    15.9723  38.748678  38.751966    15.9709    15.9708    30.4629    30.4658    22.2672    22.2695     9.7440    10.0187    297.870    306.268     2.9768     2.8681     0.1233     2.0580     3.2137     0.6264     0.0000 -124.38154   47.11776      40.22          8  0.000e+00
      29263   1219.250      3.670      3.700    16.8029    16.8352  35.520878  35.301434    16.8023    16.8347    27.0913    26.8842    19.4990    19.3334    10.6084    10.9974    325.177    337.155     3.1893     3.0916     0.2015     4.0116     3.2100     0.4139     0.0000 -124.38142   47.11768      47.06          9  0.000e+00
