West Coast/WCOA-7/CTD_Data/RB2102_CTD_112_01.ros
* Sea-Bird SBE 9 Data File:
* FileName = C:\Users\scs.user.rb\CTD\RB2102\Data\RB2102_CTD_112_01.hex
* Software Version Seasave V 7.26.7.107
* Temperature SN = 6202
* Conductivity SN = 4907
* Number of Bytes Per Scan = 41
* Number of Voltage Words = 4
* Number of Scans Averaged by the Deck Unit = 1
* NMEA Latitude = 34 12.62 N
* NMEA Longitude = 121 01.27 W
* NMEA UTC (Time) = Jul 17 2021  23:38:30
* NMEA baud rate = 4800
# nquan = 30
# nvalues = 964                                   
# units = specified
# name 0 = scan: Scan Count
# name 1 = timeS: Time, Elapsed [seconds]
# name 2 = depSM: Depth [salt water, m]
# name 3 = prDM: Pressure, Digiquartz [db]
# name 4 = t090C: Temperature [ITS-90, deg C]
# name 5 = t190C: Temperature, 2 [ITS-90, deg C]
# name 6 = c0mS/cm: Conductivity [mS/cm]
# name 7 = c1mS/cm: Conductivity, 2 [mS/cm]
# name 8 = potemp090C: Potential Temperature [ITS-90, deg C]
# name 9 = potemp190C: Potential Temperature, 2 [ITS-90, deg C]
# name 10 = sal00: Salinity, Practical [PSU]
# name 11 = sal11: Salinity, Practical, 2 [PSU]
# name 12 = sigma-é00: Density [sigma-theta, kg/m^3]
# name 13 = sigma-é11: Density, 2 [sigma-theta, kg/m^3]
# name 14 = sbeox0Mg/L: Oxygen, SBE 43 [mg/l]
# name 15 = sbeox1Mg/L: Oxygen, SBE 43, 2 [mg/l]
# name 16 = sbox0Mm/Kg: Oxygen, SBE 43 [umol/kg]
# name 17 = sbox1Mm/Kg: Oxygen, SBE 43, 2 [umol/kg]
# name 18 = sbeox0V: Oxygen raw, SBE 43 [V]
# name 19 = sbeox1V: Oxygen raw, SBE 43, 2 [V]
# name 20 = v4: Voltage 4
# name 21 = flECO-AFL: Fluorescence, WET Labs ECO-AFL/FL [mg/m^3]
# name 22 = v3: Voltage 3
# name 23 = v6: Voltage 6
# name 24 = v7: Voltage 7
# name 25 = longitude: Longitude [deg]
# name 26 = latitude: Latitude [deg]
# name 27 = altM: Altimeter [m]
# name 28 = nbf: Bottles Fired
# name 29 = flag:  0.000e+00
# interval = seconds: 0.0416667
# start_time = Jul 17 2021 23:38:30 [NMEA time, header]
# bad_flag = -9.990e-29
*END*
[from data line 822]
     103227   4301.083     20.068     20.213    14.3139    14.3631  40.692945  40.748831    14.3110    14.3602    33.5589    33.5676    25.0085    25.0048     7.8964     8.0187    240.746    244.474     2.4725     2.3651     0.1563     2.8822     3.1624     0.1136     0.0000 -121.02410   34.20890      99.54         17  0.000e+00
     103228   4301.125     20.074     20.220    14.3158    14.3657  40.697352  40.750433    14.3129    14.3628    33.5613    33.5668    25.0100    25.0036     7.8960     8.0183    240.733    244.462     2.4725     2.3651     0.1563     2.8822     3.1612     0.1136     0.0000 -121.02410   34.20890      99.54         17  0.000e+00
     103229   4301.167     20.021     20.167    14.3196    14.3669  40.705564  40.752102    14.3167    14.3640    33.5656    33.5673    25.0124    25.0038     7.8903     8.0127    240.557    244.293     2.4713     2.3639     0.1563     2.8822     3.1624     0.1136     0.0000 -121.02410   34.20890      99.54         17  0.000e+00
     103230   4301.208     20.074     20.220    14.3223    14.3682  40.703628  40.753238    14.3194    14.3652    33.5614    33.5673    25.0086    25.0035     7.8901     8.0126    240.553    244.288     2.4713     2.3639     0.1563     2.8822     3.1624     0.1123     0.0000 -121.02410   34.20890      99.54         17  0.000e+00
     103231   4301.250     20.021     20.167    14.3198    14.3701  40.702426  40.754038    14.3169    14.3672    33.5625    33.5663    25.0100    25.0023     7.8904     8.0122    240.562    244.278     2.4713     2.3639     0.1563     2.8822     3.1624     0.1123     0.0000 -121.02410   34.20890      99.54         17  0.000e+00
     103232   4301.292     20.021     20.167    14.3292    14.3720  40.712909  40.755374    14.3263    14.3691    33.5640    33.5659    25.0092    25.0016     7.8839     8.0119    240.365    244.268     2.4701     2.3639     0.1563     2.8822     3.1612     0.1123     0.0000 -121.02410   34.20890      99.54         17  0.000e+00
     103233   4301.333     20.068     20.213    14.3403    14.3744  40.722125  40.755908    14.3374    14.3715    33.5629    33.5643    25.0060    24.9999     7.8822     8.0116    240.314    244.260     2.4701     2.3639     0.1563     2.8822     3.1612     0.1123     0.0000 -121.02410   34.20890      99.54         17  0.000e+00
     103234   4301.375     20.021     20.167    14.3458    14.3753  40.725664  40.755974    14.3429    14.3724    33.5614    33.5636    25.0036    24.9991     7.8765     8.0114    240.140    244.255     2.4689     2.3639     0.1563     2.8822     3.1612     0.1123     0.0000 -121.02410   34.20890      99.54         17  0.000e+00
     103235   4301.417     20.022     20.167    14.3450    14.3754  40.725196  40.755774    14.3421    14.3725    33.5616    33.5633    25.0040    24.9989     7.8766     8.0114    240.143    244.255     2.4689     2.3639     0.1563     2.8822     3.1612     0.1136     0.0000 -121.02410   34.20890      99.54         17  0.000e+00
     103236   4301.458     20.022     20.167    14.3434    14.3752  40.723193  40.755373    14.3405    14.3723    33.5611    33.5631    25.0040    24.9988     7.8769     8.0062    240.152    244.096     2.4689     2.3626     0.1563     2.8822     3.1624     0.1136     0.0000 -121.02410   34.20890      99.54         17  0.000e+00
     103237   4301.500     19.969     20.113    14.3426    14.3748  40.721857  40.758178    14.3397    14.3719    33.5606    33.5661    25.0037    25.0012     7.8770     8.0061    240.155    244.092     2.4689     2.3626     0.1563     2.8822     3.1624     0.1136     0.0000 -121.02410   34.20890      99.54         17  0.000e+00
     105342   4389.208      9.862      9.934    15.4630    15.4699  41.824947  41.831513    15.4615    15.4684    33.6018    33.6018    24.7928    24.7913     9.3210     9.4612    284.240    288.515     2.8901     2.7558     0.2650     5.5989     3.1587     0.1282     0.0000 -121.02414   34.20886      99.88         18  0.000e+00
     105343   4389.250      9.909      9.980    15.4624    15.4696  41.825015  41.831446    15.4609    15.4681    33.6023    33.6019    24.7934    24.7915     9.3212     9.4613    284.243    288.518     2.8901     2.7558     0.2650     5.5989     3.1587     0.1282     0.0000 -121.02414   34.20886      99.88         18  0.000e+00
     105344   4389.292      9.809      9.880    15.4622    15.4695  41.824542  41.831176    15.4607    15.4680    33.6022    33.6018    24.7933    24.7914     9.3211     9.4612    284.242    288.515     2.8901     2.7558     0.2650     5.5989     3.1575     0.1282     0.0000 -121.02414   34.20886      99.85         18  0.000e+00
     105345   4389.333      9.823      9.894    15.4618    15.4691  41.824340  41.830501    15.4603    15.4676    33.6023    33.6016    24.7935    24.7913     9.3212     9.4614    284.244    288.519     2.8901     2.7558     0.2650     5.5989     3.1575     0.1282     0.0000 -121.02414   34.20886      99.85         18  0.000e+00
     105346   4389.375      9.862      9.934    15.4615    15.4687  41.824340  41.830366    15.4600    15.4672    33.6025    33.6018    24.7938    24.7916     9.3213     9.4615    284.247    288.522     2.8901     2.7558     0.2650     5.5989     3.1575     0.1282     0.0000 -121.02414   34.20886      99.88         18  0.000e+00
     105347   4389.417      9.809      9.880    15.4617    15.4684  41.824340  41.830096    15.4602    15.4669    33.6024    33.6018    24.7936    24.7917     9.3212     9.4615    284.244    288.522     2.8901     2.7558     0.2650     5.5989     3.1575     0.1282     0.0000 -121.02414   34.20886      99.85         18  0.000e+00
     105348   4389.458      9.809      9.880    15.4618    15.4683  41.824340  41.829421    15.4603    15.4668    33.6023    33.6013    24.7935    24.7913     9.3212     9.4615    284.243    288.523     2.8901     2.7558     0.2650     5.5989     3.1587     0.1282     0.0000 -121.02414   34.20886      99.88         18  0.000e+00
     105349   4389.500      9.809      9.880    15.4617    15.4679  41.823867  41.829489    15.4602    15.4664    33.6019    33.6017    24.7932    24.7917     9.3212     9.4667    284.245    288.682     2.8901     2.7570     0.2650     5.5989     3.1575     0.1270     0.0000 -121.02414   34.20886      99.88         18  0.000e+00
     105350   4389.542      9.823      9.894    15.4620    15.4677  41.823867  41.829354    15.4605    15.4662    33.6017    33.6018    24.7930    24.7918     9.3212     9.4668    284.244    288.683     2.8901     2.7570     0.2650     5.5989     3.1575     0.1270     0.0000 -121.02414   34.20886      99.85         18  0.000e+00
     105351   4389.583      9.763      9.834    15.4625    15.4669  41.824474  41.829016    15.4610    15.4654    33.6018    33.6021    24.7930    24.7922     9.3210     9.4668    284.239    288.685     2.8901     2.7570     0.2650     5.5989     3.1575     0.1270     0.0000 -121.02414   34.20886      99.85         18  0.000e+00
     105352   4389.625      9.763      9.834    15.4628    15.4668  41.824474  41.828611    15.4613    15.4653    33.6015    33.6019    24.7927    24.7921     9.3257     9.4617    284.382    288.530     2.8913     2.7558     0.2650     5.5989     3.1587     0.1270     0.0000 -121.02414   34.20886      99.88         18  0.000e+00
     105353   4389.667      9.809      9.880    15.4630    15.4662  41.824812  41.828814    15.4615    15.4647    33.6017    33.6025    24.7928    24.7927     9.3210     9.4670    284.238    288.690     2.8901     2.7570     0.2650     5.5989     3.1575     0.1270     0.0000 -121.02414   34.20886      99.88         18  0.000e+00
     105354   4389.708      9.763      9.834    15.4637    15.4668  41.825825  41.828949    15.4622    15.4653    33.6020    33.6022    24.7929    24.7923     9.3255     9.4668    284.376    288.686     2.8913     2.7570     0.2650     5.5989     3.1575     0.1270     0.0000 -121.02414   34.20886      99.85         18  0.000e+00
     105355   4389.750      9.723      9.794    15.4648    15.4673  41.825892  41.829353    15.4633    15.4658    33.6012    33.6021    24.7920    24.7922     9.3253     9.4667    284.370    288.681     2.8913     2.7570     0.2650     5.5989     3.1575     0.1270     0.0000 -121.02414   34.20886      99.85         18  0.000e+00
     105356   4389.792      9.763      9.834    15.4649    15.4679  41.826297  41.829893    15.4634    15.4664    33.6014    33.6021    24.7922    24.7920     9.3253     9.4615    284.371    288.523     2.8913     2.7558     0.2650     5.5989     3.1587     0.1270     0.0000 -121.02414   34.20886      99.85         18  0.000e+00
     105357   4389.833      9.717      9.787    15.4652    15.4678  41.826499  41.829691    15.4638    15.4663    33.6013    33.6020    24.7920    24.7919     9.3205     9.4666    284.223    288.678     2.8901     2.7570     0.2650     5.5989     3.1575     0.1270     0.0000 -121.02414   34.20886      99.85         18  0.000e+00
     105358   4389.875      9.717      9.787    15.4652    15.4677  41.826499  41.829893    15.4638    15.4663    33.6013    33.6022    24.7920    24.7921     9.3252     9.4615    284.367    288.522     2.8913     2.7558     0.2650     5.5989     3.1575     0.1270     0.0000 -121.02414   34.20886      99.88         18  0.000e+00
     105359   4389.917      9.717      9.787    15.4654    15.4673  41.826972  41.829421    15.4639    15.4658    33.6016    33.6022    24.7922    24.7922     9.3252     9.4616    284.366    288.524     2.8913     2.7558     0.2650     5.5989     3.1575     0.1270     0.0000 -121.02414   34.20886      99.85         18  0.000e+00
     105360   4389.958      9.677      9.747    15.4657    15.4669  41.827782  41.829286    15.4643    15.4654    33.6021    33.6024    24.7924    24.7924     9.3250     9.4616    284.361    288.525     2.8913     2.7558     0.2650     5.5989     3.1587     0.1270     0.0000 -121.02414   34.20886      99.88         18  0.000e+00
     105361   4390.000      9.717      9.787    15.4665    15.4666  41.828187  41.829016    15.4650    15.4651    33.6018    33.6024    24.7921    24.7925     9.3250     9.4617    284.359    288.528     2.8913     2.7558     0.2650     5.5989     3.1587     0.1270     0.0000 -121.02414   34.20886      99.88         18  0.000e+00
     105362   4390.042      9.664      9.734    15.4666    15.4664  41.828525  41.828948    15.4651    15.4649    33.6020    33.6025    24.7922    24.7927     9.3249     9.4616    284.356    288.527     2.8913     2.7558     0.2650     5.5989     3.1587     0.1270     0.0000 -121.02414   34.20886      99.88         18  0.000e+00
     105363   4390.083      9.664      9.734    15.4669    15.4661  41.828660  41.828611    15.4654    15.4646    33.6018    33.6025    24.7920    24.7927     9.3248     9.4668    284.355    288.686     2.8913     2.7570     0.2650     5.5989     3.1587     0.1270     0.0000 -121.02414   34.20886      99.85         18  0.000e+00
     105364   4390.125      9.677      9.747    15.4678    15.4661  41.829470  41.828544    15.4663    15.4646    33.6018    33.6025    24.7918    24.7927     9.3247     9.4669    284.350    288.686     2.8913     2.7570     0.2650     5.5989     3.1587     0.1270     0.0000 -121.02414   34.20886      99.88         18  0.000e+00
     105365   4390.167      9.664      9.734    15.4684    15.4656  41.829537  41.828274    15.4670    15.4642    33.6013    33.6026    24.7913    24.7929     9.3246     9.4669    284.347    288.688     2.8913     2.7570     0.2650     5.5989     3.1587     0.1258     0.0000 -121.02414   34.20886      99.85         18  0.000e+00
     105366   4390.208      9.617      9.687    15.4692    15.4652  41.830212  41.828206    15.4677    15.4637    33.6013    33.6029    24.7911    24.7932     9.3196     9.4669    284.197    288.688     2.8901     2.7570     0.2601     5.4768     3.1587     0.1258     0.0000 -121.02414   34.20886      99.85         18  0.000e+00
     105367   4390.250      9.664      9.734    15.4698    15.4651  41.829875  41.828206    15.4683    15.4637    33.6005    33.6030    24.7903    24.7933     9.3196     9.4619    284.197    288.534     2.8901     2.7558     0.2503     5.2326     3.1575     0.1270     0.0000 -121.02414   34.20886      99.85         18  0.000e+00
     105368   4390.292      9.617      9.687    15.4691    15.4649  41.829199  41.827936    15.4676    15.4634    33.6005    33.6030    24.7905    24.7933     9.3197     9.4670    284.199    288.690     2.8901     2.7570     0.2479     5.1716     3.1575     0.1258     0.0000 -121.02414   34.20886      99.88         18  0.000e+00
     105369   4390.333      9.578      9.647    15.4688    15.4650  41.828727  41.827261    15.4673    15.4635    33.6003    33.6023    24.7905    24.7928     9.3197     9.4670    284.199    288.690     2.8901     2.7570     0.2479     5.1716     3.1575     0.1258     0.0000 -121.02414   34.20886      99.85         18  0.000e+00
     105370   4390.375      9.617      9.687    15.4688    15.4645  41.828659  41.827126    15.4673    15.4631    33.6003    33.6025    24.7904    24.7931     9.3198     9.4671    284.201    288.693     2.8901     2.7570     0.2479     5.1716     3.1587     0.1258     0.0000 -121.02414   34.20886      99.85         18  0.000e+00
     105371   4390.417      9.564      9.634    15.4688    15.4641  41.828929  41.826856    15.4674    15.4626    33.6005    33.6027    24.7906    24.7933     9.3197     9.4620    284.198    288.537     2.8901     2.7558     0.2479     5.1716     3.1587     0.1258     0.0000 -121.02414   34.20886      99.85         18  0.000e+00
     105372   4390.458      9.617      9.687    15.4686    15.4640  41.828997  41.826182    15.4671    15.4625    33.6007    33.6021    24.7908    24.7929     9.3198     9.4672    284.201    288.697     2.8901     2.7570     0.2479     5.1716     3.1575     0.1258     0.0000 -121.02414   34.20886      99.88         18  0.000e+00
     105373   4390.500      9.617      9.687    15.4681    15.4639  41.828794  41.825912    15.4666    15.4624    33.6010    33.6020    24.7911    24.7928     9.3198     9.4673    284.204    288.698     2.8901     2.7570     0.2491     5.2021     3.1575     0.1258     0.0000 -121.02414   34.20886      99.88         18  0.000e+00
     105374   4390.542      9.531      9.600    15.4678    15.4636  41.828659  41.825979    15.4663    15.4621    33.6012    33.6023    24.7913    24.7931     9.3198     9.4621    284.202    288.540     2.8901     2.7558     0.2479     5.1716     3.1587     0.1258     0.0000 -121.02414   34.20886      99.88         18  0.000e+00
     105375   4390.583      9.564      9.634    15.4679    15.4633  41.828659  41.825777    15.4665    15.4619    33.6010    33.6024    24.7912    24.7932     9.3245     9.4673    284.347    288.699     2.8913     2.7570     0.2491     5.2021     3.1587     0.1258     0.0000 -121.02414   34.20886      99.88         18  0.000e+00
     105376   4390.625      9.564      9.634    15.4671    15.4629  41.828457  41.825912    15.4656    15.4614    33.6015    33.6028    24.7918    24.7937     9.3247     9.4622    284.351    288.544     2.8913     2.7558     0.2479     5.1716     3.1587     0.1258     0.0000 -121.02414   34.20886      99.88         18  0.000e+00
     105377   4390.667      9.518      9.587    15.4668    15.4630  41.827984  41.825776    15.4653    15.4615    33.6014    33.6027    24.7917    24.7935     9.3247     9.4673    284.351    288.699     2.8913     2.7570     0.2479     5.1716     3.1587     0.1258     0.0000 -121.02414   34.20886      99.88         18  0.000e+00
     105378   4390.708      9.564      9.634    15.4666    15.4624  41.827917  41.825912    15.4651    15.4609    33.6015    33.6033    24.7918    24.7941     9.3248     9.4674    284.354    288.703     2.8913     2.7570     0.2479     5.1716     3.1587     0.1245     0.0000 -121.02414   34.20886      99.88         18  0.000e+00
