West Coast/WCOA-7/CTD_Data/RB2102_CTD_019_01.ros
* Sea-Bird SBE 9 Data File:
* FileName = C:\Users\scs.user.rb\CTD\RB2102\Data\RB2102_CTD_019_01.hex
* Software Version Seasave V 7.26.7.107
* Temperature SN = 6202
* Conductivity SN = 4907
* Number of Bytes Per Scan = 41
* Number of Voltage Words = 4
* Number of Scans Averaged by the Deck Unit = 1
* NMEA Latitude = 48 22.21 N
* NMEA Longitude = 124 47.43 W
* NMEA UTC (Time) = Jun 28 2021  20:26:23
* NMEA baud rate = 4800
# nquan = 30
# nvalues = 588                                   
# units = specified
# name 0 = scan: Scan Count
# name 1 = timeS: Time, Elapsed [seconds]
# name 2 = depSM: Depth [salt water, m]
# name 3 = prDM: Pressure, Digiquartz [db]
# name 4 = t090C: Temperature [ITS-90, deg C]
# name 5 = t190C: Temperature, 2 [ITS-90, deg C]
# name 6 = c0mS/cm: Conductivity [mS/cm]
# name 7 = c1mS/cm: Conductivity, 2 [mS/cm]
# name 8 = potemp090C: Potential Temperature [ITS-90, deg C]
# name 9 = potemp190C: Potential Temperature, 2 [ITS-90, deg C]
# name 10 = sal00: Salinity, Practical [PSU]
# name 11 = sal11: Salinity, Practical, 2 [PSU]
# name 12 = sigma-é00: Density [sigma-theta, kg/m^3]
# name 13 = sigma-é11: Density, 2 [sigma-theta, kg/m^3]
# name 14 = sbeox0Mg/L: Oxygen, SBE 43 [mg/l]
# name 15 = sbeox1Mg/L: Oxygen, SBE 43, 2 [mg/l]
# name 16 = sbox0Mm/Kg: Oxygen, SBE 43 [umol/kg]
# name 17 = sbox1Mm/Kg: Oxygen, SBE 43, 2 [umol/kg]
# name 18 = sbeox0V: Oxygen raw, SBE 43 [V]
# name 19 = sbeox1V: Oxygen raw, SBE 43, 2 [V]
# name 20 = v4: Voltage 4
# name 21 = flECO-AFL: Fluorescence, WET Labs ECO-AFL/FL [mg/m^3]
# name 22 = v3: Voltage 3
# name 23 = v6: Voltage 6
# name 24 = v7: Voltage 7
# name 25 = longitude: Longitude [deg]
# name 26 = latitude: Latitude [deg]
# name 27 = altM: Altimeter [m]
# name 28 = nbf: Bottles Fired
# name 29 = flag:  0.000e+00
# interval = seconds: 0.0416667
# start_time = Jun 28 2021 20:26:23 [NMEA time, header]
# bad_flag = -9.990e-29
*END*
[from data line 242]
      22778    949.042     39.731     40.072     6.9546     6.9530  34.199565  34.198088     6.9510     6.9494    33.8310    33.8310    26.5046    26.5048     2.7142     2.6825     82.628     81.665     1.0647     1.0269     0.0440     0.0739     3.4029     1.6850     0.0488 -124.79104   48.37038      37.53          5  0.000e+00
      22779    949.083     39.684     40.025     6.9544     6.9523  34.199378  34.197964     6.9508     6.9487    33.8310    33.8315    26.5046    26.5053     2.7142     2.6888     82.628     81.856     1.0647     1.0281     0.0440     0.0739     3.4017     1.6850     0.0488 -124.79104   48.37038      37.53          5  0.000e+00
      22780    949.125     39.731     40.072     6.9545     6.9527  34.199316  34.197964     6.9509     6.9490    33.8309    33.8312    26.5045    26.5050     2.7142     2.6888     82.629     81.856     1.0647     1.0281     0.0440     0.0739     3.4029     1.6850     0.0488 -124.79104   48.37038      37.53          5  0.000e+00
      22929    955.333     39.486     39.825     6.9564     6.9581  34.200125  34.199208     6.9528     6.9545    33.8300    33.8273    26.5035    26.5012     2.7197     2.6884     82.797     81.844     1.0659     1.0281     0.0440     0.0739     3.4017     1.6850     0.0488 -124.79104   48.37038      38.05          6  0.000e+00
      22930    955.375     39.539     39.879     6.9565     6.9583  34.200312  34.199146     6.9529     6.9547    33.8300    33.8270    26.5036    26.5009     2.7140     2.6821     82.623     81.654     1.0647     1.0269     0.0440     0.0739     3.4017     1.6850     0.0488 -124.79104   48.37038      38.05          6  0.000e+00
      22931    955.417     39.539     39.879     6.9564     6.9580  34.199564  34.199333     6.9528     6.9544    33.8293    33.8275    26.5030    26.5014     2.7140     2.6884     82.624     81.845     1.0647     1.0281     0.0440     0.0739     3.4029     1.6850     0.0488 -124.79104   48.37038      38.05          6  0.000e+00
      22932    955.458     39.440     39.779     6.9567     6.9577  34.199751  34.199270     6.9531     6.9541    33.8293    33.8278    26.5030    26.5017     2.7139     2.6884     82.622     81.845     1.0647     1.0281     0.0440     0.0739     3.4029     1.6850     0.0488 -124.79104   48.37038      38.05          6  0.000e+00
      22933    955.500     39.539     39.879     6.9567     6.9577  34.199938  34.199146     6.9531     6.9541    33.8295    33.8277    26.5031    26.5015     2.7197     2.6884     82.798     81.846     1.0659     1.0281     0.0440     0.0739     3.4042     1.6850     0.0488 -124.79104   48.37038      38.07          6  0.000e+00
      22934    955.542     39.486     39.825     6.9565     6.9577  34.199751  34.199332     6.9529     6.9541    33.8294    33.8279    26.5031    26.5017     2.7140     2.6884     82.623     81.845     1.0647     1.0281     0.0440     0.0739     3.4042     1.6850     0.0488 -124.79104   48.37038      38.10          6  0.000e+00
      22935    955.583     39.539     39.879     6.9567     6.9575  34.199627  34.199208     6.9531     6.9539    33.8291    33.8279    26.5028    26.5017     2.7140     2.6884     82.623     81.846     1.0647     1.0281     0.0440     0.0739     3.4042     1.6850     0.0488 -124.79104   48.37038      38.10          6  0.000e+00
      22936    955.625     39.486     39.825     6.9569     6.9577  34.199626  34.199146     6.9533     6.9541    33.8290    33.8277    26.5027    26.5016     2.7197     2.6884     82.797     81.845     1.0659     1.0281     0.0440     0.0739     3.4029     1.6850     0.0488 -124.79104   48.37038      38.10          6  0.000e+00
      22937    955.667     39.486     39.825     6.9570     6.9577  34.199813  34.199332     6.9534     6.9541    33.8290    33.8279    26.5027    26.5017     2.7197     2.6884     82.797     81.845     1.0659     1.0281     0.0440     0.0739     3.4017     1.6850     0.0488 -124.79104   48.37038      38.10          6  0.000e+00
      22938    955.708     39.486     39.825     6.9569     6.9575  34.199751  34.199270     6.9533     6.9539    33.8291    33.8280    26.5028    26.5018     2.7140     2.6884     82.622     81.845     1.0647     1.0281     0.0440     0.0739     3.4017     1.6850     0.0488 -124.79104   48.37038      38.10          6  0.000e+00
      22939    955.750     39.486     39.825     6.9569     6.9575  34.199876  34.199146     6.9533     6.9539    33.8292    33.8278    26.5029    26.5017     2.7139     2.6884     82.622     81.845     1.0647     1.0281     0.0440     0.0739     3.4017     1.6850     0.0488 -124.79104   48.37038      38.10          6  0.000e+00
      22940    955.792     39.486     39.825     6.9567     6.9577  34.199689  34.199332     6.9531     6.9541    33.8292    33.8279    26.5029    26.5017     2.7197     2.6884     82.797     81.845     1.0659     1.0281     0.0440     0.0739     3.4017     1.6850     0.0488 -124.79104   48.37038      38.12          6  0.000e+00
      22941    955.833     39.486     39.825     6.9567     6.9580  34.199813  34.199208     6.9531     6.9544    33.8294    33.8274    26.5030    26.5013     2.7140     2.6884     82.623     81.845     1.0647     1.0281     0.0440     0.0739     3.4029     1.6850     0.0488 -124.79104   48.37038      38.12          6  0.000e+00
      22942    955.875     39.486     39.825     6.9567     6.9577  34.199751  34.199332     6.9531     6.9541    33.8293    33.8279    26.5030    26.5017     2.7197     2.6884     82.797     81.845     1.0659     1.0281     0.0440     0.0739     3.4017     1.6838     0.0488 -124.79104   48.37038      38.10          6  0.000e+00
      22943    955.917     39.486     39.825     6.9567     6.9579  34.199377  34.199270     6.9531     6.9543    33.8289    33.8276    26.5026    26.5015     2.7197     2.6884     82.798     81.845     1.0659     1.0281     0.0440     0.0739     3.4017     1.6838     0.0488 -124.79104   48.37038      38.12          6  0.000e+00
      22944    955.958     39.486     39.825     6.9567     6.9580  34.200250  34.199146     6.9531     6.9544    33.8298    33.8273    26.5034    26.5012     2.7140     2.6884     82.622     81.845     1.0647     1.0281     0.0440     0.0739     3.4029     1.6850     0.0488 -124.79104   48.37038      38.12          6  0.000e+00
      22945    956.000     39.486     39.825     6.9572     6.9580  34.200063  34.199581     6.9536     6.9544    33.8292    33.8278    26.5028    26.5016     2.7197     2.6884     82.796     81.844     1.0659     1.0281     0.0452     0.1044     3.4017     1.6850     0.0488 -124.79104   48.37038      38.12          6  0.000e+00
      22946    956.042     39.486     39.825     6.9574     6.9581  34.200250  34.199270     6.9538     6.9545    33.8292    33.8273    26.5028    26.5012     2.7197     2.6884     82.796     81.844     1.0659     1.0281     0.0452     0.1044     3.4029     1.6850     0.0488 -124.79104   48.37038      38.12          6  0.000e+00
      22947    956.083     39.486     39.825     6.9572     6.9580  34.200250  34.199332     6.9536     6.9544    33.8294    33.8275    26.5030    26.5014     2.7197     2.6884     82.796     81.845     1.0659     1.0281     0.0452     0.1044     3.4017     1.6850     0.0488 -124.79104   48.37038      38.12          6  0.000e+00
      22948    956.125     39.486     39.825     6.9565     6.9584  34.200000  34.199021     6.9529     6.9548    33.8297    33.8268    26.5033    26.5007     2.7140     2.6884     82.623     81.844     1.0647     1.0281     0.0452     0.1044     3.4017     1.6850     0.0488 -124.79104   48.37038      38.12          6  0.000e+00
      22949    956.167     39.486     39.825     6.9564     6.9583  34.199938  34.199270     6.9528     6.9547    33.8298    33.8271    26.5034    26.5010     2.7140     2.6884     82.623     81.844     1.0647     1.0281     0.0452     0.1044     3.4017     1.6850     0.0488 -124.79104   48.37038      38.12          6  0.000e+00
      22950    956.208     39.486     39.825     6.9564     6.9580  34.200250  34.199457     6.9528     6.9544    33.8301    33.8277    26.5037    26.5015     2.7140     2.6884     82.623     81.844     1.0647     1.0281     0.0452     0.1044     3.4017     1.6850     0.0488 -124.79104   48.37038      38.12          6  0.000e+00
      22951    956.250     39.486     39.825     6.9564     6.9583  34.200000  34.199208     6.9528     6.9547    33.8299    33.8271    26.5034    26.5010     2.7140     2.6884     82.623     81.844     1.0647     1.0281     0.0452     0.1044     3.4029     1.6838     0.0488 -124.79104   48.37038      38.10          6  0.000e+00
      22952    956.292     39.539     39.879     6.9562     6.9583  34.200125  34.199332     6.9526     6.9547    33.8302    33.8272    26.5037    26.5011     2.7140     2.6884     82.624     81.845     1.0647     1.0281     0.0452     0.1044     3.4017     1.6850     0.0488 -124.79104   48.37038      38.07          6  0.000e+00
      22953    956.333     39.486     39.825     6.9569     6.9581  34.200250  34.199021     6.9533     6.9545    33.8297    33.8271    26.5032    26.5010     2.7139     2.6884     82.622     81.845     1.0647     1.0281     0.0440     0.0739     3.4029     1.6850     0.0488 -124.79104   48.37038      38.07          6  0.000e+00
      22954    956.375     39.486     39.825     6.9569     6.9581  34.200312  34.199083     6.9533     6.9545    33.8297    33.8271    26.5033    26.5011     2.7139     2.6884     82.622     81.844     1.0647     1.0281     0.0452     0.1044     3.4005     1.6850     0.0488 -124.79104   48.37038      38.07          6  0.000e+00
      22955    956.417     39.539     39.879     6.9572     6.9581  34.200001  34.199146     6.9536     6.9545    33.8291    33.8272    26.5027    26.5011     2.7197     2.6884     82.797     81.845     1.0659     1.0281     0.0452     0.1044     3.4029     1.6850     0.0488 -124.79104   48.37038      38.07          6  0.000e+00
      22956    956.458     39.486     39.825     6.9574     6.9580  34.199938  34.198896     6.9538     6.9544    33.8288    33.8271    26.5025    26.5010     2.7139     2.6884     82.622     81.845     1.0647     1.0281     0.0440     0.0739     3.4029     1.6850     0.0488 -124.79104   48.37038      38.07          6  0.000e+00
      22957    956.500     39.486     39.825     6.9574     6.9581  34.199689  34.199021     6.9538     6.9545    33.8286    33.8271    26.5023    26.5010     2.7139     2.6884     82.622     81.845     1.0647     1.0281     0.0440     0.0739     3.4029     1.6850     0.0488 -124.79104   48.37038      38.07          6  0.000e+00
      22958    956.542     39.539     39.879     6.9576     6.9581  34.199938  34.198461     6.9540     6.9545    33.8285    33.8264    26.5022    26.5005     2.7139     2.6884     82.622     81.845     1.0647     1.0281     0.0440     0.0739     3.4029     1.6850     0.0488 -124.79104   48.37038      38.07          6  0.000e+00
      22959    956.583     39.486     39.825     6.9575     6.9581  34.199689  34.198647     6.9539     6.9545    33.8284    33.8267    26.5022    26.5007     2.7139     2.6884     82.622     81.845     1.0647     1.0281     0.0452     0.1044     3.4017     1.6850     0.0488 -124.79104   48.37038      38.05          6  0.000e+00
      22960    956.625     39.539     39.879     6.9580     6.9583  34.200063  34.199021     6.9544     6.9547    33.8283    33.8268    26.5020    26.5008     2.7139     2.6884     82.621     81.845     1.0647     1.0281     0.0440     0.0739     3.4017     1.6850     0.0488 -124.79104   48.37038      38.07          6  0.000e+00
      22961    956.667     39.486     39.825     6.9583     6.9579  34.200000  34.198896     6.9547     6.9543    33.8280    33.8272    26.5017    26.5012     2.7139     2.6884     82.620     81.845     1.0647     1.0281     0.0452     0.1044     3.4029     1.6850     0.0488 -124.79104   48.37038      38.07          6  0.000e+00
      22962    956.708     39.539     39.879     6.9583     6.9581  34.200000  34.199021     6.9547     6.9545    33.8279    33.8270    26.5017    26.5010     2.7139     2.6884     82.621     81.845     1.0647     1.0281     0.0440     0.0739     3.4029     1.6850     0.0488 -124.79104   48.37038      38.07          6  0.000e+00
      22963    956.750     39.539     39.879     6.9583     6.9580  34.200187  34.198959     6.9547     6.9544    33.8281    33.8271    26.5018    26.5011     2.7139     2.6884     82.621     81.845     1.0647     1.0281     0.0452     0.1044     3.4029     1.6850     0.0488 -124.79104   48.37038      38.05          6  0.000e+00
      22964    956.792     39.539     39.879     6.9578     6.9579  34.200000  34.199083     6.9542     6.9542    33.8284    33.8274    26.5021    26.5013     2.7139     2.6884     82.622     81.845     1.0647     1.0281     0.0452     0.1044     3.4017     1.6850     0.0488 -124.79104   48.37038      38.05          6  0.000e+00
      22965    956.833     39.539     39.879     6.9576     6.9580  34.199938  34.198897     6.9540     6.9544    33.8285    33.8270    26.5022    26.5010     2.7139     2.6884     82.622     81.845     1.0647     1.0281     0.0452     0.1044     3.4017     1.6850     0.0488 -124.79104   48.37038      38.05          6  0.000e+00
      22966    956.875     39.539     39.879     6.9575     6.9580  34.200001  34.199021     6.9539     6.9544    33.8287    33.8272    26.5024    26.5011     2.7139     2.6884     82.622     81.845     1.0647     1.0281     0.0452     0.1044     3.4017     1.6838     0.0488 -124.79104   48.37038      38.05          6  0.000e+00
      22967    956.917     39.539     39.879     6.9575     6.9580  34.199689  34.199146     6.9539     6.9544    33.8284    33.8273    26.5021    26.5012     2.7139     2.6884     82.622     81.845     1.0647     1.0281     0.0452     0.1044     3.4005     1.6838     0.0488 -124.79104   48.37038      38.05          6  0.000e+00
      22968    956.958     39.585     39.926     6.9576     6.9579  34.199814  34.199146     6.9540     6.9542    33.8284    33.8274    26.5021    26.5013     2.7139     2.6884     82.622     81.846     1.0647     1.0281     0.0452     0.1044     3.4005     1.6838     0.0488 -124.79104   48.37038      38.05          6  0.000e+00
      22969    957.000     39.539     39.879     6.9572     6.9580  34.199938  34.199146     6.9536     6.9544    33.8290    33.8273    26.5027    26.5012     2.7197     2.6884     82.797     81.845     1.0659     1.0281     0.0452     0.1044     3.4029     1.6838     0.0488 -124.79104   48.37038      38.02          6  0.000e+00
      22970    957.042     39.585     39.926     6.9574     6.9580  34.199751  34.199146     6.9538     6.9544    33.8286    33.8273    26.5023    26.5012     2.7140     2.6884     82.623     81.846     1.0647     1.0281     0.0440     0.0739     3.4029     1.6838     0.0488 -124.79104   48.37038      38.02          6  0.000e+00
      22971    957.083     39.585     39.926     6.9570     6.9579  34.200125  34.199146     6.9534     6.9542    33.8293    33.8274    26.5029    26.5013     2.7140     2.6884     82.623     81.846     1.0647     1.0281     0.0440     0.0739     3.4017     1.6838     0.0488 -124.79104   48.37038      38.02          6  0.000e+00
      22972    957.125     39.539     39.879     6.9574     6.9580  34.199751  34.199146     6.9538     6.9544    33.8286    33.8273    26.5023    26.5012     2.7139     2.6884     82.622     81.845     1.0647     1.0281     0.0440     0.0739     3.4005     1.6838     0.0488 -124.79104   48.37038      38.00          6  0.000e+00
      22973    957.167     39.585     39.926     6.9578     6.9581  34.200312  34.198959     6.9542     6.9545    33.8287    33.8270    26.5024    26.5010     2.7139     2.6884     82.622     81.846     1.0647     1.0281     0.0440     0.0739     3.4017     1.6838     0.0488 -124.79104   48.37038      38.02          6  0.000e+00
