West Coast/WCOA-7/CTD_Data/RB2102_CTD_104_01.ros
* Sea-Bird SBE 9 Data File:
* FileName = C:\Users\scs.user.rb\CTD\RB2102\Data\RB2102_CTD_104_01.hex
* Software Version Seasave V 7.26.7.107
* Temperature SN = 6202
* Conductivity SN = 4907
* Number of Bytes Per Scan = 41
* Number of Voltage Words = 4
* Number of Scans Averaged by the Deck Unit = 1
* NMEA Latitude = 35 37.85 N
* NMEA Longitude = 121 17.53 W
* NMEA UTC (Time) = Jul 15 2021  16:37:09
* NMEA baud rate = 4800
# nquan = 30
# nvalues = 559                                   
# units = specified
# name 0 = scan: Scan Count
# name 1 = timeS: Time, Elapsed [seconds]
# name 2 = depSM: Depth [salt water, m]
# name 3 = prDM: Pressure, Digiquartz [db]
# name 4 = t090C: Temperature [ITS-90, deg C]
# name 5 = t190C: Temperature, 2 [ITS-90, deg C]
# name 6 = c0mS/cm: Conductivity [mS/cm]
# name 7 = c1mS/cm: Conductivity, 2 [mS/cm]
# name 8 = potemp090C: Potential Temperature [ITS-90, deg C]
# name 9 = potemp190C: Potential Temperature, 2 [ITS-90, deg C]
# name 10 = sal00: Salinity, Practical [PSU]
# name 11 = sal11: Salinity, Practical, 2 [PSU]
# name 12 = sigma-é00: Density [sigma-theta, kg/m^3]
# name 13 = sigma-é11: Density, 2 [sigma-theta, kg/m^3]
# name 14 = sbeox0Mg/L: Oxygen, SBE 43 [mg/l]
# name 15 = sbeox1Mg/L: Oxygen, SBE 43, 2 [mg/l]
# name 16 = sbox0Mm/Kg: Oxygen, SBE 43 [umol/kg]
# name 17 = sbox1Mm/Kg: Oxygen, SBE 43, 2 [umol/kg]
# name 18 = sbeox0V: Oxygen raw, SBE 43 [V]
# name 19 = sbeox1V: Oxygen raw, SBE 43, 2 [V]
# name 20 = v4: Voltage 4
# name 21 = flECO-AFL: Fluorescence, WET Labs ECO-AFL/FL [mg/m^3]
# name 22 = v3: Voltage 3
# name 23 = v6: Voltage 6
# name 24 = v7: Voltage 7
# name 25 = longitude: Longitude [deg]
# name 26 = latitude: Latitude [deg]
# name 27 = altM: Altimeter [m]
# name 28 = nbf: Bottles Fired
# name 29 = flag:  0.000e+00
# interval = seconds: 0.0416667
# start_time = Jul 15 2021 16:37:09 [NMEA time, header]
# bad_flag = -9.990e-29
*END*
[from data line 242]
      27750   1156.208     39.576     39.870    11.9016    11.8966  38.614329  38.610377    11.8965    11.8916    33.7233    33.7240    25.6171    25.6185     5.5852     5.7385    170.181    174.853     1.8193     1.7631     0.0623     0.5318     3.2576     0.0293     0.0000 -121.29210   35.63100      44.74          6  0.000e+00
      27751   1156.250     39.576     39.870    11.9022    11.8975  38.614199  38.609985    11.8971    11.8924    33.7226    33.7228    25.6164    25.6174     5.5852     5.7385    170.179    174.851     1.8193     1.7631     0.0611     0.5013     3.2601     0.0293     0.0000 -121.29210   35.63100      44.74          6  0.000e+00
      27752   1156.292     39.530     39.823    11.9027    11.8978  38.614460  38.610377    11.8977    11.8927    33.7224    33.7229    25.6162    25.6175     5.5851     5.7384    170.177    174.848     1.8193     1.7631     0.0611     0.5013     3.2601     0.0293     0.0000 -121.29210   35.63100      44.71          6  0.000e+00
      27753   1156.333     39.477     39.770    11.9025    11.8970  38.613937  38.610573    11.8975    11.8920    33.7221    33.7238    25.6159    25.6183     5.5799     5.7384    170.021    174.849     1.8181     1.7631     0.0623     0.5318     3.2601     0.0293     0.0000 -121.29210   35.63100      44.74          6  0.000e+00
      27754   1156.375     39.576     39.870    11.9022    11.8976  38.613545  38.611030    11.8972    11.8925    33.7220    33.7237    25.6159    25.6181     5.5852     5.7384    170.180    174.849     1.8193     1.7631     0.0623     0.5318     3.2576     0.0293     0.0000 -121.29210   35.63100      44.74          6  0.000e+00
      27755   1156.417     39.430     39.723    11.9019    11.8983  38.612956  38.610638    11.8968    11.8932    33.7218    33.7228    25.6158    25.6172     5.5800     5.7383    170.022    174.844     1.8181     1.7631     0.0623     0.5318     3.2601     0.0293     0.0000 -121.29210   35.63100      44.74          6  0.000e+00
      27756   1156.458     39.477     39.770    11.9015    11.8987  38.613087  38.609984    11.8965    11.8936    33.7222    33.7218    25.6162    25.6164     5.5801     5.7383    170.024    174.845     1.8181     1.7631     0.0623     0.5318     3.2589     0.0293     0.0000 -121.29210   35.63100      44.79          6  0.000e+00
      27757   1156.500     39.477     39.770    11.9014    11.8980  38.613087  38.609592    11.8963    11.8930    33.7223    33.7220    25.6163    25.6167     5.5852     5.7384    170.181    174.847     1.8193     1.7631     0.0623     0.5318     3.2576     0.0293     0.0000 -121.29210   35.63100      44.84          6  0.000e+00
      27758   1156.542     39.430     39.723    11.9010    11.8975  38.612694  38.609527    11.8960    11.8924    33.7223    33.7224    25.6164    25.6171     5.5852     5.7384    170.181    174.848     1.8193     1.7631     0.0623     0.5318     3.2589     0.0293     0.0000 -121.29210   35.63100      44.84          6  0.000e+00
      27759   1156.583     39.430     39.723    11.9010    11.8963  38.612694  38.609004    11.8960    11.8913    33.7223    33.7230    25.6164    25.6178     5.5801     5.7385    170.025    174.852     1.8181     1.7631     0.0623     0.5318     3.2601     0.0293     0.0000 -121.29210   35.63100      44.84          6  0.000e+00
      27760   1156.625     39.384     39.676    11.9009    11.8956  38.612825  38.609070    11.8959    11.8906    33.7225    33.7237    25.6166    25.6184     5.5801     5.7385    170.024    174.853     1.8181     1.7631     0.0611     0.5013     3.2589     0.0293     0.0000 -121.29210   35.63100      44.84          6  0.000e+00
      27761   1156.667     39.384     39.676    11.9007    11.8956  38.612498  38.608939    11.8957    11.8906    33.7224    33.7235    25.6165    25.6183     5.5801     5.7386    170.025    174.853     1.8181     1.7631     0.0623     0.5318     3.2589     0.0293     0.0000 -121.29210   35.63100      44.84          6  0.000e+00
      27762   1156.708     39.384     39.676    11.9004    11.8954  38.612760  38.608874    11.8953    11.8904    33.7230    33.7237    25.6170    25.6185     5.5852     5.7386    170.182    174.854     1.8193     1.7631     0.0647     0.5928     3.2589     0.0305     0.0000 -121.29210   35.63100      44.88          6  0.000e+00
      27763   1156.750     39.331     39.623    11.9005    11.8950  38.612498  38.608873    11.8955    11.8899    33.7226    33.7241    25.6167    25.6189     5.5801     5.7386    170.024    174.854     1.8181     1.7631     0.0659     0.6234     3.2601     0.0305     0.0000 -121.29210   35.63100      44.96          6  0.000e+00
      27764   1156.792     39.331     39.623    11.9002    11.8945  38.612237  38.608874    11.8952    11.8894    33.7226    33.7246    25.6167    25.6193     5.5852     5.7386    170.181    174.855     1.8193     1.7631     0.0659     0.6234     3.2601     0.0293     0.0000 -121.29210   35.63100      45.01          6  0.000e+00
      27765   1156.833     39.331     39.623    11.9002    11.8940  38.612106  38.608286    11.8952    11.8889    33.7225    33.7244    25.6166    25.6193     5.5801     5.7387    170.026    174.857     1.8181     1.7631     0.0659     0.6234     3.2589     0.0293     0.0000 -121.29210   35.63100      44.98          6  0.000e+00
      27766   1156.875     39.284     39.576    11.8999    11.8939  38.611910  38.608155    11.8948    11.8888    33.7226    33.7244    25.6168    25.6193     5.5801     5.7387    170.026    174.856     1.8181     1.7631     0.0659     0.6234     3.2589     0.0293     0.0000 -121.29210   35.63100      44.98          6  0.000e+00
      27767   1156.917     39.284     39.576    11.8996    11.8938  38.612040  38.608416    11.8945    11.8888    33.7230    33.7247    25.6172    25.6196     5.5801     5.7387    170.026    174.856     1.8181     1.7631     0.0659     0.6234     3.2589     0.0305     0.0000 -121.29210   35.63100      44.98          6  0.000e+00
      27768   1156.958     39.231     39.523    11.8996    11.8941  38.611909  38.608743    11.8945    11.8891    33.7229    33.7248    25.6171    25.6196     5.5801     5.7386    170.025    174.854     1.8181     1.7631     0.0659     0.6234     3.2589     0.0305     0.0000 -121.29210   35.63100      45.03          6  0.000e+00
      27769   1157.000     39.291     39.583    11.8994    11.8948  38.611452  38.608873    11.8944    11.8897    33.7226    33.7243    25.6169    25.6191     5.5802     5.7386    170.028    174.853     1.8181     1.7631     0.0659     0.6234     3.2589     0.0293     0.0000 -121.29210   35.63100      45.05          6  0.000e+00
      27770   1157.042     39.231     39.523    11.8994    11.8952  38.611452  38.609330    11.8944    11.8902    33.7226    33.7243    25.6169    25.6190     5.5801     5.7385    170.026    174.850     1.8181     1.7631     0.0659     0.6234     3.2589     0.0305     0.0000 -121.29210   35.63100      45.05          6  0.000e+00
      27771   1157.083     39.231     39.523    11.8992    11.8956  38.611648  38.609265    11.8942    11.8906    33.7230    33.7239    25.6172    25.6186     5.5801     5.7384    170.026    174.849     1.8181     1.7631     0.0659     0.6234     3.2589     0.0305     0.0000 -121.29210   35.63100      45.05          6  0.000e+00
      27772   1157.125     39.185     39.476    11.8991    11.8964  38.611517  38.609657    11.8941    11.8914    33.7230    33.7236    25.6173    25.6182     5.5801     5.7383    170.026    174.845     1.8181     1.7631     0.0659     0.6234     3.2589     0.0305     0.0000 -121.29210   35.63100      45.03          6  0.000e+00
      27773   1157.167     39.231     39.523    11.8992    11.8966  38.611386  38.609853    11.8942    11.8916    33.7227    33.7236    25.6170    25.6182     5.5802     5.7383    170.027    174.845     1.8181     1.7631     0.0659     0.6234     3.2589     0.0293     0.0000 -121.29210   35.63100      45.05          6  0.000e+00
      27774   1157.208     39.139     39.429    11.8992    11.8964  38.611451  38.609787    11.8942    11.8914    33.7228    33.7237    25.6171    25.6183     5.5801     5.7383    170.025    174.844     1.8181     1.7631     0.0659     0.6234     3.2589     0.0305     0.0000 -121.29210   35.63100      45.18          6  0.000e+00
      27775   1157.250     39.185     39.476    11.8994    11.8964  38.611648  38.609787    11.8944    11.8914    33.7229    33.7238    25.6171    25.6184     5.5801     5.7383    170.025    174.845     1.8181     1.7631     0.0659     0.6234     3.2589     0.0305     0.0000 -121.29210   35.63100      45.27          6  0.000e+00
      27776   1157.292     39.139     39.429    11.8992    11.8964  38.611778  38.609853    11.8942    11.8914    33.7232    33.7238    25.6174    25.6184     5.5801     5.7327    170.024    174.674     1.8181     1.7619     0.0659     0.6234     3.2589     0.0305     0.0000 -121.29210   35.63100      45.30          6  0.000e+00
      27777   1157.333     39.139     39.429    11.8996    11.8964  38.612040  38.609591    11.8946    11.8914    33.7231    33.7235    25.6173    25.6182     5.5800     5.7383    170.023    174.844     1.8181     1.7631     0.0659     0.6234     3.2589     0.0305     0.0000 -121.29210   35.63100      45.30          6  0.000e+00
      27778   1157.375     39.139     39.429    11.9002    11.8966  38.612432  38.609526    11.8952    11.8916    33.7229    33.7233    25.6170    25.6180     5.5800     5.7383    170.021    174.844     1.8181     1.7631     0.0659     0.6234     3.2601     0.0305     0.0000 -121.29210   35.63100      45.30          6  0.000e+00
      27779   1157.417     39.086     39.376    11.9007    11.8967  38.612693  38.609722    11.8957    11.8917    33.7227    33.7234    25.6167    25.6181     5.5748     5.7382    169.862    174.842     1.8168     1.7631     0.0659     0.6234     3.2576     0.0305     0.0000 -121.29210   35.63100      45.27          6  0.000e+00
      27780   1157.458     39.139     39.429    11.9012    11.8966  38.613086  38.610049    11.8962    11.8916    33.7226    33.7238    25.6166    25.6184     5.5799     5.7382    170.018    174.843     1.8181     1.7631     0.0659     0.6234     3.2589     0.0305     0.0000 -121.29210   35.63100      45.25          6  0.000e+00
      27781   1157.500     39.086     39.376    11.9015    11.8970  38.613085  38.609918    11.8965    11.8920    33.7224    33.7234    25.6163    25.6180     5.5798     5.7382    170.016    174.841     1.8181     1.7631     0.0659     0.6234     3.2601     0.0305     0.0000 -121.29210   35.63100      45.23          6  0.000e+00
      27782   1157.542     39.086     39.376    11.9019    11.8971  38.613412  38.610375    11.8969    11.8921    33.7224    33.7237    25.6162    25.6182     5.5797     5.7381    170.014    174.840     1.8181     1.7631     0.0659     0.6234     3.2576     0.0305     0.0000 -121.29210   35.63100      45.23          6  0.000e+00
      27783   1157.583     39.039     39.329    11.9019    11.8972  38.613412  38.610244    11.8969    11.8922    33.7224    33.7235    25.6163    25.6180     5.5746     5.7381    169.857    174.839     1.8168     1.7631     0.0659     0.6234     3.2601     0.0305     0.0000 -121.29210   35.63100      45.23          6  0.000e+00
      27784   1157.625     39.086     39.376    11.9015    11.8971  38.613216  38.610179    11.8965    11.8921    33.7225    33.7235    25.6164    25.6180     5.5798     5.7381    170.015    174.840     1.8181     1.7631     0.0659     0.6234     3.2589     0.0305     0.0000 -121.29210   35.63100      45.23          6  0.000e+00
      27785   1157.667     39.039     39.329    11.9017    11.8971  38.613085  38.610179    11.8967    11.8921    33.7222    33.7235    25.6162    25.6181     5.5746     5.7381    169.858    174.839     1.8168     1.7631     0.0659     0.6234     3.2589     0.0305     0.0000 -121.29210   35.63100      45.23          6  0.000e+00
      30918   1288.208     29.946     30.167    12.7729    12.8078  39.406404  39.434947    12.7689    12.8038    33.7067    33.7028    25.4367    25.4268     6.8095     6.9391    207.521    211.472     2.1441     2.0598     0.0952     1.3560     3.2527     0.0391     0.0000 -121.29188   35.63122      53.92          7  0.000e+00
      30919   1288.250     29.939     30.161    12.7739    12.8086  39.406075  39.436331    12.7699    12.8046    33.7056    33.7034    25.4356    25.4271     6.8094     6.9389    207.518    211.467     2.1441     2.0598     0.0952     1.3560     3.2540     0.0391     0.0000 -121.29188   35.63122      53.89          7  0.000e+00
      30920   1288.292     29.992     30.214    12.7749    12.8102  39.406206  39.437649    12.7709    12.8061    33.7048    33.7033    25.4348    25.4267     6.8093     6.9387    207.516    211.461     2.1441     2.0598     0.0952     1.3560     3.2540     0.0379     0.0000 -121.29188   35.63122      53.87          7  0.000e+00
      30921   1288.333     29.992     30.214    12.7767    12.8120  39.406536  39.438308    12.7727    12.8080    33.7034    33.7023    25.4334    25.4255     6.8091     6.9385    207.510    211.454     2.1441     2.0598     0.0952     1.3560     3.2527     0.0379     0.0000 -121.29188   35.63122      53.87          7  0.000e+00
      30922   1288.375     30.038     30.261    12.7781    12.8131  39.406668  39.439164    12.7740    12.8091    33.7024    33.7020    25.4323    25.4251     6.8090     6.9438    207.507    211.616     2.1441     2.0611     0.0952     1.3560     3.2527     0.0391     0.0000 -121.29188   35.63122      53.87          7  0.000e+00
      30923   1288.417     29.992     30.214    12.7794    12.8110  39.406667  39.438110    12.7754    12.8069    33.7012    33.7030    25.4311    25.4263     6.8088     6.9386    207.501    211.458     2.1441     2.0598     0.0952     1.3560     3.2540     0.0391     0.0000 -121.29188   35.63122      53.89          7  0.000e+00
      30924   1288.458     29.992     30.214    12.7804    12.8026  39.407656  39.434619    12.7764    12.7985    33.7012    33.7072    25.4309    25.4312     6.8087     6.9452    207.497    211.657     2.1441     2.0611     0.0952     1.3560     3.2540     0.0391     0.0000 -121.29188   35.63122      53.82          7  0.000e+00
      30925   1288.500     30.045     30.267    12.7831    12.7999  39.409304  39.430995    12.7790    12.7959    33.7004    33.7060    25.4298    25.4308     6.8084     6.9457    207.488    211.672     2.1441     2.0611     0.0952     1.3560     3.2540     0.0391     0.0000 -121.29188   35.63122      53.75          7  0.000e+00
      30926   1288.542     29.939     30.161    12.7851    12.7989  39.411017  39.425987    12.7810    12.7948    33.7003    33.7023    25.4293    25.4281     6.8080     6.9459    207.476    211.680     2.1441     2.0611     0.0952     1.3560     3.2527     0.0391     0.0000 -121.29188   35.63122      53.75          7  0.000e+00
      30927   1288.583     30.085     30.307    12.7859    12.7953  39.411676  39.419729    12.7819    12.7912    33.7001    33.6995    25.4290    25.4266     6.8030     6.9467    207.324    211.705     2.1429     2.0611     0.0952     1.3560     3.2540     0.0391     0.0000 -121.29188   35.63122      53.75          7  0.000e+00
      30928   1288.625     29.992     30.214    12.7862    12.7900  39.410753  39.416831    12.7822    12.7859    33.6990    33.7015    25.4281    25.4292     6.8029     6.9474    207.322    211.724     2.1429     2.0611     0.0952     1.3560     3.2540     0.0391     0.0000 -121.29188   35.63122      53.75          7  0.000e+00
      30929   1288.667     29.992     30.214    12.7861    12.7881  39.409896  39.417226    12.7820    12.7841    33.6983    33.7035    25.4276    25.4312     6.8030     6.9476    207.323    211.730     2.1429     2.0611     0.0940     1.3254     3.2540     0.0391     0.0000 -121.29188   35.63122      53.75          7  0.000e+00
