West Coast/WCOA-7/CTD_Data/RB2102_CTD_123_01.ros
* Sea-Bird SBE 9 Data File:
* FileName = C:\Users\scs.user.rb\CTD\RB2102\Data\RB2102_CTD_123_01.hex
* Software Version Seasave V 7.26.7.107
* Temperature SN = 6202
* Conductivity SN = 4907
* Number of Bytes Per Scan = 41
* Number of Voltage Words = 4
* Number of Scans Averaged by the Deck Unit = 1
* NMEA Latitude = 33 59.61 N
* NMEA Longitude = 119 22.28 W
* NMEA UTC (Time) = Jul 19 2021  22:20:50
* NMEA baud rate = 4800
# nquan = 30
# nvalues = 809                                   
# units = specified
# name 0 = scan: Scan Count
# name 1 = timeS: Time, Elapsed [seconds]
# name 2 = depSM: Depth [salt water, m]
# name 3 = prDM: Pressure, Digiquartz [db]
# name 4 = t090C: Temperature [ITS-90, deg C]
# name 5 = t190C: Temperature, 2 [ITS-90, deg C]
# name 6 = c0mS/cm: Conductivity [mS/cm]
# name 7 = c1mS/cm: Conductivity, 2 [mS/cm]
# name 8 = potemp090C: Potential Temperature [ITS-90, deg C]
# name 9 = potemp190C: Potential Temperature, 2 [ITS-90, deg C]
# name 10 = sal00: Salinity, Practical [PSU]
# name 11 = sal11: Salinity, Practical, 2 [PSU]
# name 12 = sigma-é00: Density [sigma-theta, kg/m^3]
# name 13 = sigma-é11: Density, 2 [sigma-theta, kg/m^3]
# name 14 = sbeox0Mg/L: Oxygen, SBE 43 [mg/l]
# name 15 = sbeox1Mg/L: Oxygen, SBE 43, 2 [mg/l]
# name 16 = sbox0Mm/Kg: Oxygen, SBE 43 [umol/kg]
# name 17 = sbox1Mm/Kg: Oxygen, SBE 43, 2 [umol/kg]
# name 18 = sbeox0V: Oxygen raw, SBE 43 [V]
# name 19 = sbeox1V: Oxygen raw, SBE 43, 2 [V]
# name 20 = v4: Voltage 4
# name 21 = flECO-AFL: Fluorescence, WET Labs ECO-AFL/FL [mg/m^3]
# name 22 = v3: Voltage 3
# name 23 = v6: Voltage 6
# name 24 = v7: Voltage 7
# name 25 = longitude: Longitude [deg]
# name 26 = latitude: Latitude [deg]
# name 27 = altM: Altimeter [m]
# name 28 = nbf: Bottles Fired
# name 29 = flag:  0.000e+00
# interval = seconds: 0.0416667
# start_time = Jul 19 2021 22:20:50 [NMEA time, header]
# bad_flag = -9.990e-29
*END*
[from data line 194]
      21801    908.333     59.238     59.672    11.0514    11.0592  37.699642  37.705869    11.0441    11.0519    33.5896    33.5886    25.6694    25.6672     5.5425     5.1810    168.870    157.856     1.7802     1.6154     0.0513     0.2571     3.2662     0.0000     0.0000 -119.37138   33.99326      28.08          4  0.000e+00
      21802    908.375     59.238     59.672    11.0510    11.0597  37.699771  37.705999    11.0438    11.0524    33.5900    33.5883    25.6698    25.6669     5.5425     5.1752    168.871    157.681     1.7802     1.6142     0.0513     0.2571     3.2662     0.0000     0.0000 -119.37138   33.99326      28.08          4  0.000e+00
      24798   1033.208     49.636     49.999    11.7529    11.7568  38.285630  38.289314    11.7466    11.7505    33.5330    33.5331    25.4973    25.4966     5.9879     5.5977    182.472    170.581     1.9072     1.7253     0.0611     0.5013     3.2613     0.0000     0.0000 -119.37134   33.99322      38.00          5  0.000e+00
      24799   1033.250     49.457     49.818    11.7529    11.7554  38.285499  38.288206    11.7467    11.7492    33.5330    33.5334    25.4972    25.4970     5.9878     5.5977    182.468    170.583     1.9072     1.7253     0.0611     0.5013     3.2625     0.0000     0.0000 -119.37134   33.99322      38.00          5  0.000e+00
      24800   1033.292     49.755     50.119    11.7527    11.7542  38.285500  38.287426    11.7464    11.7479    33.5330    33.5336    25.4973    25.4975     5.9880     5.5981    182.476    170.594     1.9072     1.7253     0.0598     0.4707     3.2625     0.0000     0.0000 -119.37134   33.99322      38.00          5  0.000e+00
      24801   1033.333     49.589     49.952    11.7527    11.7532  38.285564  38.287816    11.7465    11.7469    33.5332    33.5350    25.4974    25.4987     5.9879     5.5981    182.472    170.592     1.9072     1.7253     0.0611     0.5013     3.2625     0.0000     0.0000 -119.37134   33.99322      38.00          5  0.000e+00
      24802   1033.375     49.609     49.972    11.7524    11.7523  38.285499  38.288207    11.7461    11.7460    33.5334    33.5361    25.4976    25.4997     5.9879     5.5982    182.473    170.595     1.9072     1.7253     0.0611     0.5013     3.2625     0.0000     0.0000 -119.37134   33.99322      38.00          5  0.000e+00
      24803   1033.417     49.656     50.019    11.7524    11.7521  38.285695  38.288077    11.7461    11.7458    33.5335    33.5362    25.4977    25.4998     5.9880     5.5982    182.474    170.596     1.9072     1.7253     0.0611     0.5013     3.2613     0.0000     0.0000 -119.37134   33.99322      37.97          5  0.000e+00
      24804   1033.458     49.609     49.972    11.7524    11.7522  38.286151  38.288207    11.7461    11.7459    33.5340    33.5362    25.4981    25.4999     5.9879     5.5982    182.472    170.595     1.9072     1.7253     0.0598     0.4707     3.2625     0.0000     0.0000 -119.37134   33.99322      37.97          5  0.000e+00
      24805   1033.500     49.636     49.999    11.7524    11.7523  38.285890  38.288338    11.7461    11.7460    33.5337    33.5362    25.4979    25.4998     5.9879     5.5982    182.473    170.595     1.9072     1.7253     0.0611     0.5013     3.2625     0.0000     0.0000 -119.37134   33.99322      37.97          5  0.000e+00
      24806   1033.542     49.609     49.972    11.7524    11.7528  38.285825  38.288272    11.7461    11.7465    33.5337    33.5358    25.4978    25.4994     5.9931     5.5981    182.630    170.593     1.9084     1.7253     0.0598     0.4707     3.2625     0.0000     0.0000 -119.37134   33.99322      37.97          5  0.000e+00
      24807   1033.583     49.656     50.019    11.7524    11.7527  38.286021  38.288077    11.7461    11.7464    33.5339    33.5356    25.4980    25.4993     5.9931     5.5982    182.630    170.595     1.9084     1.7253     0.0611     0.5013     3.2625     0.0000     0.0000 -119.37134   33.99322      37.97          5  0.000e+00
      24808   1033.625     49.636     49.999    11.7523    11.7528  38.285499  38.288207    11.7460    11.7465    33.5335    33.5356    25.4977    25.4993     5.9880     5.5981    182.474    170.594     1.9072     1.7253     0.0598     0.4707     3.2637     0.0000     0.0000 -119.37134   33.99322      37.95          5  0.000e+00
      24809   1033.667     49.656     50.019    11.7523    11.7527  38.285890  38.287751    11.7460    11.7464    33.5339    33.5353    25.4980    25.4991     5.9880     5.5982    182.474    170.595     1.9072     1.7253     0.0611     0.5013     3.2613     0.0000     0.0000 -119.37134   33.99322      37.92          5  0.000e+00
      24810   1033.708     49.656     50.019    11.7523    11.7533  38.285630  38.288337    11.7460    11.7470    33.5336    33.5354    25.4978    25.4990     5.9880     5.5981    182.475    170.593     1.9072     1.7253     0.0611     0.5013     3.2613     0.0000     0.0000 -119.37134   33.99322      37.92          5  0.000e+00
      24811   1033.750     49.636     49.999    11.7521    11.7538  38.285564  38.288402    11.7458    11.7475    33.5337    33.5349    25.4980    25.4986     5.9880     5.5980    182.475    170.591     1.9072     1.7253     0.0598     0.4707     3.2625     0.0000     0.0000 -119.37134   33.99322      37.92          5  0.000e+00
      24812   1033.792     49.609     49.972    11.7523    11.7537  38.285499  38.288533    11.7460    11.7474    33.5335    33.5352    25.4977    25.4988     5.9880     5.5980    182.473    170.590     1.9072     1.7253     0.0611     0.5013     3.2613     0.0000     0.0000 -119.37134   33.99322      37.92          5  0.000e+00
      24813   1033.833     49.609     49.972    11.7524    11.7534  38.285239  38.288663    11.7461    11.7471    33.5331    33.5356    25.4974    25.4991     5.9879     5.5980    182.473    170.591     1.9072     1.7253     0.0611     0.5013     3.2613     0.0000     0.0000 -119.37134   33.99322      37.92          5  0.000e+00
      24814   1033.875     49.702     50.065    11.7518    11.7535  38.284978  38.288338    11.7455    11.7472    33.5334    33.5351    25.4978    25.4988     5.9881     5.5925    182.478    170.423     1.9072     1.7241     0.0598     0.4707     3.2625     0.0000     0.0000 -119.37134   33.99322      37.92          5  0.000e+00
      24815   1033.917     49.636     49.999    11.7516    11.7535  38.285108  38.288077    11.7453    11.7472    33.5337    33.5349    25.4980    25.4986     5.9881     5.5925    182.477    170.422     1.9072     1.7241     0.0611     0.5013     3.2625     0.0000     0.0000 -119.37134   33.99322      37.92          5  0.000e+00
      24816   1033.958     49.656     50.019    11.7513    11.7533  38.285890  38.287686    11.7450    11.7470    33.5348    33.5347    25.4989    25.4985     5.9881     5.5925    182.477    170.423     1.9072     1.7241     0.0611     0.5013     3.2613     0.0000     0.0000 -119.37134   33.99322      37.90          5  0.000e+00
      24817   1034.000     49.702     50.065    11.7513    11.7529  38.284978  38.287361    11.7450    11.7466    33.5339    33.5347    25.4982    25.4986     5.9881     5.5982    182.479    170.596     1.9072     1.7253     0.0611     0.5013     3.2613     0.0000     0.0000 -119.37134   33.99322      37.90          5  0.000e+00
      24818   1034.042     49.636     49.999    11.7513    11.7525  38.284783  38.287231    11.7450    11.7462    33.5337    33.5350    25.4981    25.4988     5.9881     5.5926    182.478    170.425     1.9072     1.7241     0.0598     0.4707     3.2625     0.0000     0.0000 -119.37134   33.99322      37.90          5  0.000e+00
      24819   1034.083     49.656     50.019    11.7513    11.7522  38.284848  38.286514    11.7450    11.7459    33.5338    33.5346    25.4981    25.4986     5.9830     5.5927    182.321    170.427     1.9060     1.7241     0.0611     0.5013     3.2613     0.0000     0.0000 -119.37134   33.99322      37.90          5  0.000e+00
      24820   1034.125     49.656     50.019    11.7511    11.7521  38.284652  38.286775    11.7448    11.7458    33.5337    33.5349    25.4981    25.4988     5.9830     5.5983    182.322    170.598     1.9060     1.7253     0.0598     0.4707     3.2637     0.0000     0.0000 -119.37134   33.99322      37.92          5  0.000e+00
      24821   1034.167     49.702     50.065    11.7513    11.7520  38.284522  38.286970    11.7450    11.7457    33.5334    33.5351    25.4979    25.4991     5.9882     5.5927    182.480    170.428     1.9072     1.7241     0.0611     0.5013     3.2625     0.0000     0.0000 -119.37134   33.99322      37.92          5  0.000e+00
      24822   1034.208     49.636     49.999    11.7511    11.7517  38.284522  38.286905    11.7448    11.7454    33.5336    33.5354    25.4980    25.4993     5.9881     5.5927    182.479    170.428     1.9072     1.7241     0.0611     0.5013     3.2613     0.0000     0.0000 -119.37134   33.99322      37.92          5  0.000e+00
      24823   1034.250     49.702     50.065    11.7511    11.7517  38.284327  38.286710    11.7448    11.7454    33.5334    33.5352    25.4979    25.4991     5.9882     5.5927    182.481    170.430     1.9072     1.7241     0.0611     0.5013     3.2613     0.0000     0.0000 -119.37134   33.99322      37.95          5  0.000e+00
      24824   1034.292     49.656     50.019    11.7513    11.7517  38.284131  38.286645    11.7450    11.7454    33.5331    33.5351    25.4976    25.4991     5.9881     5.5927    182.479    170.429     1.9072     1.7241     0.0611     0.5013     3.2625     0.0000     0.0000 -119.37134   33.99322      37.95          5  0.000e+00
      24825   1034.333     49.682     50.045    11.7509    11.7515  38.284131  38.286124    11.7446    11.7452    33.5334    33.5348    25.4979    25.4989     5.9882     5.5984    182.481    170.601     1.9072     1.7253     0.0598     0.4707     3.2625     0.0000     0.0000 -119.37134   33.99322      37.95          5  0.000e+00
      24826   1034.375     49.656     50.019    11.7505    11.7515  38.283871  38.286645    11.7442    11.7452    33.5335    33.5353    25.4981    25.4993     5.9882     5.5927    182.482    170.429     1.9072     1.7241     0.0598     0.4707     3.2625     0.0000     0.0000 -119.37134   33.99322      37.92          5  0.000e+00
      24827   1034.417     49.702     50.065    11.7501    11.7517  38.283610  38.287426    11.7438    11.7454    33.5336    33.5358    25.4982    25.4996     5.9883     5.5983    182.484    170.599     1.9072     1.7253     0.0611     0.5013     3.2625     0.0000     0.0000 -119.37134   33.99322      37.88          5  0.000e+00
      24828   1034.458     49.656     50.019    11.7496    11.7518  38.283740  38.287361    11.7433    11.7455    33.5342    33.5357    25.4987    25.4995     5.9883     5.5927    182.484    170.427     1.9072     1.7241     0.0598     0.4707     3.2625     0.0000     0.0000 -119.37134   33.99322      37.85          5  0.000e+00
      24829   1034.500     49.735     50.099    11.7496    11.7525  38.283285  38.287491    11.7433    11.7462    33.5337    33.5352    25.4984    25.4990     5.9884     5.5927    182.487    170.427     1.9072     1.7241     0.0611     0.5013     3.2637     0.0000     0.0000 -119.37134   33.99322      37.85          5  0.000e+00
      24830   1034.542     49.656     50.019    11.7495    11.7525  38.283480  38.287556    11.7432    11.7462    33.5341    33.5353    25.4987    25.4991     5.9883     5.5926    182.485    170.425     1.9072     1.7241     0.0598     0.4707     3.2625     0.0000     0.0000 -119.37134   33.99322      37.85          5  0.000e+00
      24831   1034.583     49.702     50.065    11.7490    11.7528  38.283219  38.287361    11.7427    11.7465    33.5342    33.5348    25.4989    25.4987     5.9884     5.5926    182.488    170.426     1.9072     1.7241     0.0611     0.5013     3.2613     0.0000     0.0000 -119.37134   33.99322      37.85          5  0.000e+00
      24832   1034.625     49.682     50.045    11.7490    11.7528  38.283350  38.287296    11.7427    11.7465    33.5344    33.5347    25.4990    25.4986     5.9884     5.5926    182.487    170.425     1.9072     1.7241     0.0611     0.5013     3.2613     0.0000     0.0000 -119.37134   33.99322      37.85          5  0.000e+00
      24833   1034.667     49.656     50.019    11.7493    11.7528  38.283284  38.287035    11.7430    11.7465    33.5340    33.5345    25.4987    25.4984     5.9884     5.5926    182.486    170.425     1.9072     1.7241     0.0611     0.5013     3.2613     0.0000     0.0000 -119.37134   33.99322      37.85          5  0.000e+00
      24834   1034.708     49.702     50.065    11.7493    11.7528  38.283154  38.287166    11.7430    11.7465    33.5339    33.5346    25.4986    25.4985     5.9884     5.5926    182.487    170.426     1.9072     1.7241     0.0611     0.5013     3.2625     0.0000     0.0000 -119.37134   33.99322      37.85          5  0.000e+00
      24835   1034.750     49.682     50.045    11.7490    11.7527  38.283350  38.287491    11.7427    11.7464    33.5344    33.5351    25.4990    25.4989     5.9884     5.5926    182.487    170.426     1.9072     1.7241     0.0611     0.5013     3.2625     0.0000     0.0000 -119.37134   33.99322      37.83          5  0.000e+00
      24836   1034.792     49.702     50.065    11.7491    11.7525  38.283089  38.287621    11.7428    11.7462    33.5339    33.5353    25.4987    25.4991     5.9833     5.5982    182.331    170.597     1.9060     1.7253     0.0611     0.5013     3.2625     0.0000     0.0000 -119.37134   33.99322      37.83          5  0.000e+00
      24837   1034.833     49.702     50.065    11.7493    11.7528  38.283089  38.287882    11.7430    11.7465    33.5338    33.5353    25.4985    25.4990     5.9884     5.5982    182.487    170.596     1.9072     1.7253     0.0611     0.5013     3.2613     0.0000     0.0000 -119.37134   33.99322      37.85          5  0.000e+00
      24838   1034.875     49.702     50.065    11.7490    11.7529  38.282894  38.287882    11.7427    11.7466    33.5339    33.5352    25.4987    25.4990     5.9884     5.5982    182.488    170.595     1.9072     1.7253     0.0611     0.5013     3.2625     0.0000     0.0000 -119.37134   33.99322      37.83          5  0.000e+00
      24839   1034.917     49.682     50.045    11.7490    11.7532  38.282894  38.287686    11.7427    11.7469    33.5339    33.5348    25.4987    25.4986     5.9884     5.5925    182.488    170.424     1.9072     1.7241     0.0611     0.5013     3.2625     0.0000     0.0000 -119.37134   33.99322      37.83          5  0.000e+00
      24840   1034.958     49.702     50.065    11.7491    11.7530  38.283089  38.287882    11.7428    11.7467    33.5340    33.5351    25.4987    25.4989     5.9884     5.5926    182.488    170.425     1.9072     1.7241     0.0598     0.4707     3.2625     0.0000     0.0000 -119.37134   33.99322      37.83          5  0.000e+00
      24841   1035.000     49.702     50.065    11.7490    11.7531  38.283154  38.288012    11.7427    11.7468    33.5341    33.5352    25.4988    25.4989     5.9833     5.5982    182.331    170.595     1.9060     1.7253     0.0611     0.5013     3.2613     0.0000     0.0000 -119.37134   33.99322      37.83          5  0.000e+00
      24842   1035.042     49.682     50.045    11.7488    11.7533  38.282959  38.287882    11.7425    11.7470    33.5341    33.5349    25.4989    25.4986     5.9833     5.5925    182.331    170.423     1.9060     1.7241     0.0611     0.5013     3.2625     0.0000     0.0000 -119.37134   33.99322      37.83          5  0.000e+00
