West Coast/WCOA-7/CTD_Data/RB2102_CTD_061_01.ros
* Sea-Bird SBE 9 Data File:
* FileName = C:\Users\scs.user.rb\CTD\RB2102\Data\RB2102_CTD_061_01.hex
* Software Version Seasave V 7.26.7.107
* Temperature SN = 6202
* Conductivity SN = 4907
* Number of Bytes Per Scan = 41
* Number of Voltage Words = 4
* Number of Scans Averaged by the Deck Unit = 1
* NMEA Latitude = 41 50.67 N
* NMEA Longitude = 125 02.97 W
* NMEA UTC (Time) = Jul 06 2021  13:15:47
* NMEA baud rate = 4800
# nquan = 30
# nvalues = 1127                                  
# units = specified
# name 0 = scan: Scan Count
# name 1 = timeS: Time, Elapsed [seconds]
# name 2 = depSM: Depth [salt water, m]
# name 3 = prDM: Pressure, Digiquartz [db]
# name 4 = t090C: Temperature [ITS-90, deg C]
# name 5 = t190C: Temperature, 2 [ITS-90, deg C]
# name 6 = c0mS/cm: Conductivity [mS/cm]
# name 7 = c1mS/cm: Conductivity, 2 [mS/cm]
# name 8 = potemp090C: Potential Temperature [ITS-90, deg C]
# name 9 = potemp190C: Potential Temperature, 2 [ITS-90, deg C]
# name 10 = sal00: Salinity, Practical [PSU]
# name 11 = sal11: Salinity, Practical, 2 [PSU]
# name 12 = sigma-é00: Density [sigma-theta, kg/m^3]
# name 13 = sigma-é11: Density, 2 [sigma-theta, kg/m^3]
# name 14 = sbeox0Mg/L: Oxygen, SBE 43 [mg/l]
# name 15 = sbeox1Mg/L: Oxygen, SBE 43, 2 [mg/l]
# name 16 = sbox0Mm/Kg: Oxygen, SBE 43 [umol/kg]
# name 17 = sbox1Mm/Kg: Oxygen, SBE 43, 2 [umol/kg]
# name 18 = sbeox0V: Oxygen raw, SBE 43 [V]
# name 19 = sbeox1V: Oxygen raw, SBE 43, 2 [V]
# name 20 = v4: Voltage 4
# name 21 = flECO-AFL: Fluorescence, WET Labs ECO-AFL/FL [mg/m^3]
# name 22 = v3: Voltage 3
# name 23 = v6: Voltage 6
# name 24 = v7: Voltage 7
# name 25 = longitude: Longitude [deg]
# name 26 = latitude: Latitude [deg]
# name 27 = altM: Altimeter [m]
# name 28 = nbf: Bottles Fired
# name 29 = flag:  0.000e+00
# interval = seconds: 0.0416667
# start_time = Jul 06 2021 13:15:47 [NMEA time, header]
# bad_flag = -9.990e-29
*END*
[from data line 532]
     113042   4710.042     99.546    100.356     8.3243     8.3247  35.403283  35.402546     8.3141     8.3146    33.7703    33.7691    26.2612    26.2602     4.7895     4.8334    145.844    147.180     1.5324     1.4713     0.0415     0.0129     3.1441     0.0000     0.0000 -125.05172   41.84464      99.51         11  0.000e+00
     113043   4710.083     99.599    100.409     8.3243     8.3246  35.403788  35.402862     8.3141     8.3145    33.7708    33.7695    26.2616    26.2605     4.7895     4.8334    145.844    147.181     1.5324     1.4713     0.0415     0.0129     3.1441     0.0000     0.0000 -125.05172   41.84464      99.51         11  0.000e+00
     113044   4710.125     99.553    100.363     8.3241     8.3247  35.403914  35.403177     8.3140     8.3146    33.7711    33.7698    26.2619    26.2607     4.7895     4.8334    145.843    147.180     1.5324     1.4713     0.0427     0.0434     3.1441     0.0000     0.0000 -125.05172   41.84464      99.51         11  0.000e+00
     113045   4710.167     99.599    100.409     8.3239     8.3245  35.403914  35.403304     8.3138     8.3144    33.7713    33.7701    26.2620    26.2610     4.7895     4.8334    145.845    147.181     1.5324     1.4713     0.0415     0.0129     3.1453     0.0000     0.0000 -125.05172   41.84464      99.51         11  0.000e+00
     113046   4710.208     99.599    100.409     8.3241     8.3245  35.404420  35.403051     8.3140     8.3143    33.7716    33.7698    26.2623    26.2608     4.7895     4.8334    145.844    147.181     1.5324     1.4713     0.0415     0.0129     3.1441     0.0000     0.0000 -125.05172   41.84464      99.51         11  0.000e+00
     113047   4710.250     99.546    100.356     8.3239     8.3245  35.404546  35.403682     8.3138     8.3144    33.7720    33.7705    26.2626    26.2613     4.7895     4.8334    145.843    147.180     1.5324     1.4713     0.0415     0.0129     3.1441     0.0000     0.0000 -125.05172   41.84464      99.54         11  0.000e+00
     113048   4710.292     99.599    100.409     8.3241     8.3245  35.404104  35.403682     8.3140     8.3144    33.7713    33.7705    26.2620    26.2613     4.7895     4.8334    145.844    147.181     1.5324     1.4713     0.0415     0.0129     3.1453     0.0000     0.0000 -125.05172   41.84464      99.51         11  0.000e+00
     113188   4716.125     99.357    100.165     8.3267     8.3258  35.399491  35.402545     8.3166     8.3156    33.7640    33.7682    26.2560    26.2593     4.7837     4.8393    145.668    147.360     1.5311     1.4725     0.0403    -0.0177     3.1453     0.0000     0.0000 -125.05172   41.84464      99.51         12  0.000e+00
     113189   4716.167     99.503    100.312     8.3266     8.3260  35.399681  35.402861     8.3164     8.3159    33.7643    33.7682    26.2562    26.2593     4.7894     4.8454    145.841    147.547     1.5324     1.4737     0.0403    -0.0177     3.1453     0.0000     0.0000 -125.05172   41.84464      99.51         12  0.000e+00
     113190   4716.208     99.310    100.118     8.3262     8.3259  35.399807  35.402987     8.3161     8.3157    33.7648    33.7686    26.2567    26.2596     4.7837     4.8453    145.668    147.544     1.5311     1.4737     0.0403    -0.0177     3.1441     0.0000     0.0000 -125.05172   41.84464      99.51         12  0.000e+00
     113191   4716.250     99.403    100.212     8.3261     8.3258  35.400755  35.403429     8.3159     8.3156    33.7660    33.7691    26.2576    26.2601     4.7893     4.8454    145.839    147.545     1.5324     1.4737     0.0403    -0.0177     3.1429     0.0000     0.0000 -125.05172   41.84464      99.51         12  0.000e+00
     113192   4716.292     99.403    100.212     8.3256     8.3259  35.402208  35.403366     8.3154     8.3157    33.7680    33.7689    26.2592    26.2599     4.7837     4.8454    145.669    147.545     1.5311     1.4737     0.0403    -0.0177     3.1441     0.0000     0.0000 -125.05172   41.84464      99.51         12  0.000e+00
     113193   4716.333     99.403    100.212     8.3253     8.3257  35.402650  35.403050     8.3151     8.3155    33.7688    33.7688    26.2599    26.2598     4.7837     4.8454    145.669    147.546     1.5311     1.4737     0.0403    -0.0177     3.1429     0.0000     0.0000 -125.05172   41.84464      99.51         12  0.000e+00
     113194   4716.375     99.456    100.265     8.3248     8.3254  35.402903  35.403177     8.3146     8.3153    33.7695    33.7691    26.2605    26.2601     4.7894     4.8393    145.841    147.362     1.5324     1.4725     0.0403    -0.0177     3.1441     0.0000     0.0000 -125.05172   41.84464      99.51         12  0.000e+00
     113195   4716.417     99.450    100.259     8.3248     8.3257  35.402966  35.403745     8.3146     8.3155    33.7695    33.7695    26.2605    26.2604     4.7894     4.8454    145.841    147.546     1.5324     1.4737     0.0403    -0.0177     3.1441     0.0000     0.0000 -125.05172   41.84464      99.54         12  0.000e+00
     113196   4716.458     99.456    100.266     8.3246     8.3257  35.403219  35.403682     8.3145     8.3155    33.7700    33.7694    26.2609    26.2603     4.7894     4.8393    145.841    147.361     1.5324     1.4725     0.0403    -0.0177     3.1441     0.0000     0.0000 -125.05172   41.84464      99.51         12  0.000e+00
     113197   4716.500     99.450    100.259     8.3246     8.3258  35.403029  35.403113     8.3145     8.3156    33.7698    33.7687    26.2608    26.2598     4.7838     4.8454    145.671    147.547     1.5311     1.4737     0.0403    -0.0177     3.1441     0.0000     0.0000 -125.05172   41.84464      99.51         12  0.000e+00
     113198   4716.542     99.503    100.312     8.3246     8.3257  35.402777  35.402987     8.3145     8.3155    33.7695    33.7687    26.2605    26.2597     4.7895     4.8455    145.843    147.548     1.5324     1.4737     0.0403    -0.0177     3.1441     0.0000     0.0000 -125.05172   41.84464      99.51         12  0.000e+00
     113199   4716.583     99.456    100.266     8.3248     8.3259  35.403156  35.402230     8.3146     8.3157    33.7697    33.7677    26.2607    26.2590     4.7894     4.8454    145.841    147.547     1.5324     1.4737     0.0403    -0.0177     3.1441     0.0000     0.0000 -125.05172   41.84464      99.51         12  0.000e+00
     113200   4716.625     99.503    100.312     8.3249     8.3260  35.403282  35.402482     8.3148     8.3158    33.7697    33.7679    26.2607    26.2591     4.7894     4.8454    145.841    147.548     1.5324     1.4737     0.0403    -0.0177     3.1441     0.0000     0.0000 -125.05172   41.84464      99.51         12  0.000e+00
     113201   4716.667     99.503    100.312     8.3246     8.3260  35.402840  35.402419     8.3145     8.3159    33.7695    33.7677    26.2606    26.2590     4.7894     4.8454    145.842    147.548     1.5324     1.4737     0.0403    -0.0177     3.1441     0.0000     0.0000 -125.05172   41.84464      99.51         12  0.000e+00
     113202   4716.708     99.503    100.312     8.3248     8.3259  35.403093  35.402356     8.3146     8.3157    33.7696    33.7678    26.2606    26.2590     4.7894     4.8455    145.842    147.548     1.5324     1.4737     0.0403    -0.0177     3.1441     0.0000     0.0000 -125.05172   41.84464      99.51         12  0.000e+00
     113203   4716.750     99.556    100.366     8.3246     8.3262  35.403093  35.402546     8.3144     8.3160    33.7698    33.7677    26.2608    26.2589     4.7895     4.8455    145.843    147.548     1.5324     1.4737     0.0403    -0.0177     3.1441     0.0000     0.0000 -125.05172   41.84464      99.51         12  0.000e+00
     113204   4716.792     99.503    100.312     8.3248     8.3261  35.402777  35.402672     8.3146     8.3160    33.7693    33.7679    26.2604    26.2591     4.7894     4.8454    145.842    147.547     1.5324     1.4737     0.0403    -0.0177     3.1441     0.0000     0.0000 -125.05172   41.84464      99.51         12  0.000e+00
     113205   4716.833     99.602    100.413     8.3248     8.3262  35.402904  35.402420     8.3146     8.3160    33.7694    33.7675    26.2604    26.2588     4.7895     4.8455    145.844    147.549     1.5324     1.4737     0.0403    -0.0177     3.1441     0.0000     0.0000 -125.05172   41.84464      99.51         12  0.000e+00
     113206   4716.875     99.602    100.413     8.3249     8.3263  35.402272  35.402104     8.3148     8.3162    33.7686    33.7670    26.2598    26.2584     4.7895     4.8455    145.844    147.549     1.5324     1.4737     0.0403    -0.0177     3.1441     0.0000     0.0000 -125.05172   41.84464      99.51         12  0.000e+00
     113207   4716.917     99.549    100.359     8.3253     8.3261  35.402272  35.402483     8.3151     8.3160    33.7683    33.7677    26.2595    26.2589     4.7894     4.8455    145.842    147.548     1.5324     1.4737     0.0403    -0.0177     3.1453     0.0000     0.0000 -125.05172   41.84464      99.51         12  0.000e+00
     113208   4716.958     99.602    100.413     8.3253     8.3263  35.402335  35.402420     8.3151     8.3162    33.7683    33.7674    26.2595    26.2586     4.7895     4.8455    145.843    147.549     1.5324     1.4737     0.0403    -0.0177     3.1441     0.0000     0.0000 -125.05172   41.84464      99.51         12  0.000e+00
     113209   4717.000     99.602    100.413     8.3251     8.3260  35.403093  35.402546     8.3150     8.3159    33.7693    33.7678    26.2603    26.2590     4.7895     4.8455    145.843    147.550     1.5324     1.4737     0.0403    -0.0177     3.1453     0.0000     0.0000 -125.05172   41.84464      99.51         12  0.000e+00
     113210   4717.042     99.602    100.413     8.3248     8.3258  35.403346  35.402862     8.3146     8.3156    33.7699    33.7684    26.2608    26.2595     4.7895     4.8455    145.843    147.550     1.5324     1.4737     0.0403    -0.0177     3.1441     0.0000     0.0000 -125.05172   41.84464      99.51         12  0.000e+00
     113211   4717.083     99.602    100.413     8.3249     8.3260  35.403725  35.402988     8.3148     8.3159    33.7701    33.7683    26.2610    26.2594     4.7895     4.8455    145.843    147.549     1.5324     1.4737     0.0403    -0.0177     3.1441     0.0000     0.0000 -125.05172   41.84464      99.51         12  0.000e+00
     113212   4717.125     99.649    100.460     8.3248     8.3257  35.403725  35.403177     8.3146     8.3155    33.7702    33.7688    26.2611    26.2598     4.7895     4.8455    145.844    147.551     1.5324     1.4737     0.0403    -0.0177     3.1453     0.0000     0.0000 -125.05172   41.84464      99.51         12  0.000e+00
     113213   4717.167     99.649    100.460     8.3246     8.3253  35.403599  35.403304     8.3144     8.3151    33.7703    33.7693    26.2612    26.2603     4.7895     4.8456    145.844    147.551     1.5324     1.4737     0.0403    -0.0177     3.1441     0.0000     0.0000 -125.05172   41.84464      99.51         12  0.000e+00
     113214   4717.208     99.649    100.460     8.3243     8.3253  35.403409  35.403745     8.3141     8.3152    33.7704    33.7697    26.2613    26.2606     4.7895     4.8456    145.845    147.551     1.5324     1.4737     0.0403    -0.0177     3.1441     0.0000     0.0000 -125.05172   41.84464      99.51         12  0.000e+00
     113215   4717.250     99.649    100.460     8.3243     8.3252  35.403536  35.404377     8.3141     8.3150    33.7705    33.7705    26.2614    26.2613     4.7895     4.8455    145.845    147.550     1.5324     1.4737     0.0403    -0.0177     3.1453     0.0000     0.0000 -125.05172   41.84464      99.51         12  0.000e+00
     113216   4717.292     99.702    100.513     8.3243     8.3250  35.403852  35.404756     8.3141     8.3148    33.7708    33.7711    26.2617    26.2618     4.7896     4.8456    145.846    147.552     1.5324     1.4737     0.0403    -0.0177     3.1441     0.0000     0.0000 -125.05172   41.84464      99.51         12  0.000e+00
     113217   4717.333     99.695    100.507     8.3241     8.3249  35.404673  35.404629     8.3140     8.3147    33.7719    33.7711    26.2625    26.2618     4.7895     4.8456    145.845    147.552     1.5324     1.4737     0.0403    -0.0177     3.1453     0.0000     0.0000 -125.05172   41.84464      99.51         12  0.000e+00
     113218   4717.375     99.649    100.460     8.3241     8.3251  35.404925  35.404566     8.3140     8.3149    33.7721    33.7709    26.2627    26.2616     4.7895     4.8456    145.844    147.551     1.5324     1.4737     0.0403    -0.0177     3.1441     0.0000     0.0000 -125.05172   41.84464      99.51         12  0.000e+00
     113219   4717.417     99.748    100.560     8.3239     8.3250  35.405115  35.404567     8.3138     8.3148    33.7725    33.7709    26.2630    26.2616     4.7896     4.8456    145.846    147.553     1.5324     1.4737     0.0403    -0.0177     3.1453     0.0000     0.0000 -125.05172   41.84464      99.51         12  0.000e+00
     113220   4717.458     99.702    100.513     8.3237     8.3245  35.405178  35.404314     8.3135     8.3144    33.7728    33.7711    26.2633    26.2618     4.7896     4.8517    145.846    147.739     1.5324     1.4750     0.0403    -0.0177     3.1441     0.0000     0.0000 -125.05172   41.84464      99.51         12  0.000e+00
     113221   4717.500     99.702    100.513     8.3238     8.3249  35.405178  35.404693     8.3136     8.3147    33.7727    33.7712    26.2632    26.2618     4.7896     4.8517    145.846    147.738     1.5324     1.4750     0.0403    -0.0177     3.1441     0.0000     0.0000 -125.05172   41.84464      99.51         12  0.000e+00
     113222   4717.542     99.749    100.560     8.3238     8.3246  35.405178  35.404630     8.3136     8.3145    33.7727    33.7713    26.2632    26.2620     4.7952     4.8456    146.017    147.554     1.5336     1.4737     0.0403    -0.0177     3.1429     0.0000     0.0000 -125.05172   41.84464      99.51         12  0.000e+00
     113223   4717.583     99.702    100.513     8.3238     8.3247  35.404989  35.404756     8.3136     8.3146    33.7725    33.7714    26.2630    26.2620     4.7952     4.8456    146.016    147.552     1.5336     1.4737     0.0403    -0.0177     3.1441     0.0000     0.0000 -125.05172   41.84464      99.51         12  0.000e+00
     113224   4717.625     99.749    100.560     8.3238     8.3245  35.404863  35.404630     8.3136     8.3144    33.7723    33.7714    26.2629    26.2621     4.7952     4.8457    146.017    147.554     1.5336     1.4737     0.0415     0.0129     3.1441     0.0000     0.0000 -125.05172   41.84464      99.51         12  0.000e+00
     113225   4717.667     99.749    100.560     8.3238     8.3248  35.405115  35.405008     8.3136     8.3146    33.7726    33.7715    26.2631    26.2621     4.7952     4.8456    146.017    147.553     1.5336     1.4737     0.0415     0.0129     3.1453     0.0000     0.0000 -125.05172   41.84464      99.51         12  0.000e+00
     113226   4717.708     99.749    100.560     8.3238     8.3245  35.404926  35.404945     8.3136     8.3144    33.7724    33.7717    26.2630    26.2623     4.7952     4.8456    146.017    147.554     1.5336     1.4737     0.0415     0.0129     3.1441     0.0000     0.0000 -125.05172   41.84464      99.54         12  0.000e+00
     113227   4717.750     99.749    100.560     8.3238     8.3245  35.405368  35.405324     8.3136     8.3144    33.7729    33.7721    26.2633    26.2626     4.7952     4.8517    146.017    147.739     1.5336     1.4750     0.0415     0.0129     3.1453     0.0000     0.0000 -125.05172   41.84464      99.51         12  0.000e+00
     113228   4717.792     99.802    100.614     8.3237     8.3243  35.405305  35.405703     8.3135     8.3141    33.7729    33.7727    26.2634    26.2631     4.7952     4.8457    146.018    147.554     1.5336     1.4737     0.0415     0.0129     3.1441     0.0000     0.0000 -125.05172   41.84464      99.51         12  0.000e+00
