West Coast/WCOA-7/CTD_Data/RB2102_CTD_016_01.ros
* Sea-Bird SBE 9 Data File:
* FileName = C:\Users\scs.user.rb\CTD\RB2102\Data\RB2102_CTD_016_01.hex
* Software Version Seasave V 7.26.7.107
* Temperature SN = 6202
* Conductivity SN = 4907
* Number of Bytes Per Scan = 41
* Number of Voltage Words = 4
* Number of Scans Averaged by the Deck Unit = 1
* NMEA Latitude = 48 51.86 N
* NMEA Longitude = 125 25.50 W
* NMEA UTC (Time) = Jun 28 2021  12:50:16
* NMEA baud rate = 4800
# nquan = 30
# nvalues = 343                                   
# units = specified
# name 0 = scan: Scan Count
# name 1 = timeS: Time, Elapsed [seconds]
# name 2 = depSM: Depth [salt water, m]
# name 3 = prDM: Pressure, Digiquartz [db]
# name 4 = t090C: Temperature [ITS-90, deg C]
# name 5 = t190C: Temperature, 2 [ITS-90, deg C]
# name 6 = c0mS/cm: Conductivity [mS/cm]
# name 7 = c1mS/cm: Conductivity, 2 [mS/cm]
# name 8 = potemp090C: Potential Temperature [ITS-90, deg C]
# name 9 = potemp190C: Potential Temperature, 2 [ITS-90, deg C]
# name 10 = sal00: Salinity, Practical [PSU]
# name 11 = sal11: Salinity, Practical, 2 [PSU]
# name 12 = sigma-é00: Density [sigma-theta, kg/m^3]
# name 13 = sigma-é11: Density, 2 [sigma-theta, kg/m^3]
# name 14 = sbeox0Mg/L: Oxygen, SBE 43 [mg/l]
# name 15 = sbeox1Mg/L: Oxygen, SBE 43, 2 [mg/l]
# name 16 = sbox0Mm/Kg: Oxygen, SBE 43 [umol/kg]
# name 17 = sbox1Mm/Kg: Oxygen, SBE 43, 2 [umol/kg]
# name 18 = sbeox0V: Oxygen raw, SBE 43 [V]
# name 19 = sbeox1V: Oxygen raw, SBE 43, 2 [V]
# name 20 = v4: Voltage 4
# name 21 = flECO-AFL: Fluorescence, WET Labs ECO-AFL/FL [mg/m^3]
# name 22 = v3: Voltage 3
# name 23 = v6: Voltage 6
# name 24 = v7: Voltage 7
# name 25 = longitude: Longitude [deg]
# name 26 = latitude: Latitude [deg]
# name 27 = altM: Altimeter [m]
# name 28 = nbf: Bottles Fired
# name 29 = flag:  0.000e+00
# interval = seconds: 0.0416667
# start_time = Jun 28 2021 12:50:16 [NMEA time, header]
# bad_flag = -9.990e-29
*END*
      16094    670.542     44.048     44.429     9.2069     9.2064  34.823006  34.821496     9.2023     9.2017    32.3651    32.3640    25.0238    25.0231     4.9692     4.9370    151.499    150.518     1.5922     1.5116     0.0501     0.2265     3.1697     1.2979     1.2882 -125.42506   48.86452       9.99          1  0.000e+00
      16095    670.583     44.239     44.622     9.2085     9.2064  34.823571  34.821622     9.2038     9.2017    32.3641    32.3640    25.0229    25.0231     4.9692     4.9371    151.498    150.521     1.5922     1.5116     0.0513     0.2571     3.1709     1.2979     1.2882 -125.42506   48.86452       9.99          1  0.000e+00
      16096    670.625     44.048     44.429     9.2098     9.2064  34.823947  34.822061     9.2052     9.2017    32.3634    32.3646    25.0221    25.0235     4.9689     4.9370    151.490    150.517     1.5922     1.5116     0.0513     0.2571     3.1709     1.2979     1.3077 -125.42506   48.86452      10.01          1  0.000e+00
      16097    670.667     44.127     44.509     9.2097     9.2066  34.824073  34.821747     9.2050     9.2019    32.3636    32.3641    25.0223    25.0231     4.9690     4.9371    151.492    150.519     1.5922     1.5116     0.0501     0.2265     3.1722     1.2979     1.3687 -125.42506   48.86452      10.01          1  0.000e+00
      16098    670.708     44.147     44.529     9.2097     9.2067  34.823884  34.821371     9.2050     9.2020    32.3634    32.3635    25.0221    25.0227     4.9690     4.9371    151.493    150.519     1.5922     1.5116     0.0513     0.2571     3.1709     1.2979     1.3907 -125.42506   48.86452      10.01          1  0.000e+00
      16099    670.750     44.094     44.475     9.2105     9.2066  34.824261  34.821998     9.2058     9.2019    32.3631    32.3643    25.0217    25.0233     4.9689     4.9370    151.489    150.518     1.5922     1.5116     0.0513     0.2571     3.1709     1.2979     1.3895 -125.42506   48.86452      10.01          1  0.000e+00
      16100    670.792     44.094     44.475     9.2125     9.2067  34.824825  34.821747     9.2078     9.2020    32.3619    32.3639    25.0205    25.0230     4.9687     4.9310    151.484    150.335     1.5922     1.5104     0.0513     0.2571     3.1722     1.2979     1.3871 -125.42506   48.86452      10.04          1  0.000e+00
      16101    670.833     44.094     44.475     9.2136     9.2072  34.825013  34.821810     9.2089     9.2025    32.3611    32.3636    25.0197    25.0226     4.9686     4.9370    151.481    150.516     1.5922     1.5116     0.0501     0.2265     3.1722     1.2979     1.3858 -125.42506   48.86452      10.04          1  0.000e+00
      16102    670.875     44.048     44.429     9.2133     9.2074  34.825202  34.821684     9.2086     9.2027    32.3616    32.3633    25.0201    25.0224     4.9686     4.9369    151.480    150.515     1.5922     1.5116     0.0513     0.2571     3.1709     1.2979     1.3858 -125.42506   48.86452      10.06          1  0.000e+00
      16103    670.917     44.094     44.475     9.2133     9.2072  34.825327  34.821810     9.2086     9.2026    32.3617    32.3635    25.0202    25.0226     4.9686     4.9310    151.481    150.334     1.5922     1.5104     0.0513     0.2571     3.1709     1.2979     1.3858 -125.42506   48.86452      10.06          1  0.000e+00
      16104    670.958     44.048     44.429     9.2131     9.2076  34.824574  34.821935     9.2085     9.2029    32.3611    32.3634    25.0197    25.0224     4.9686     4.9369    151.481    150.514     1.5922     1.5116     0.0513     0.2571     3.1709     1.2979     1.3858 -125.42506   48.86452      10.06          1  0.000e+00
      16105    671.000     44.034     44.415     9.2128     9.2077  34.824825  34.821684     9.2081     9.2030    32.3616    32.3630    25.0202    25.0221     4.9686     4.9369    151.482    150.514     1.5922     1.5116     0.0513     0.2571     3.1709     1.2979     1.3858 -125.42506   48.86452      10.06          1  0.000e+00
      16106    671.042     44.048     44.429     9.2130     9.2076  34.824637  34.822311     9.2084     9.2029    32.3612    32.3638    25.0199    25.0227     4.9686     4.9369    151.482    150.514     1.5922     1.5116     0.0513     0.2571     3.1709     1.2979     1.3858 -125.42506   48.86452      10.06          1  0.000e+00
      16107    671.083     44.048     44.429     9.2131     9.2076  34.825076  34.821621     9.2085     9.2029    32.3616    32.3631    25.0201    25.0222     4.9686     4.9309    151.481    150.332     1.5922     1.5104     0.0513     0.2571     3.1709     1.2991     1.3858 -125.42506   48.86452      10.09          1  0.000e+00
      16108    671.125     44.048     44.429     9.2139     9.2078  34.825327  34.821998     9.2092     9.2032    32.3611    32.3632    25.0197    25.0222     4.9685     4.9369    151.479    150.513     1.5922     1.5116     0.0513     0.2571     3.1709     1.3016     1.3858 -125.42506   48.86452      10.09          1  0.000e+00
      16109    671.167     44.001     44.382     9.2153     9.2082  34.825515  34.822437     9.2106     9.2035    32.3601    32.3633    25.0187    25.0223     4.9629     4.9368    151.307    150.511     1.5910     1.5116     0.0513     0.2571     3.1709     1.3040     1.3858 -125.42506   48.86452      10.09          1  0.000e+00
      16110    671.208     44.001     44.382     9.2154     9.2095  34.825829  34.823001     9.2107     9.2049    32.3603    32.3627    25.0188    25.0216     4.9629     4.9307    151.306    150.325     1.5910     1.5104     0.0513     0.2571     3.1709     1.3040     1.3858 -125.42506   48.86452      10.11          1  0.000e+00
      16111    671.250     44.001     44.382     9.2151     9.2118  34.825703  34.824067     9.2104     9.2071    32.3605    32.3618    25.0190    25.0205     4.9629     4.9364    151.307    150.500     1.5910     1.5116     0.0513     0.2571     3.1722     1.3040     1.3858 -125.42506   48.86452      10.09          1  0.000e+00
      16112    671.292     44.001     44.382     9.2151     9.2136  34.825390  34.824819     9.2104     9.2089    32.3602    32.3609    25.0187    25.0195     4.9629     4.9362    151.307    150.494     1.5910     1.5116     0.0501     0.2265     3.1722     1.3040     1.3858 -125.42506   48.86452      10.11          1  0.000e+00
      16113    671.333     43.981     44.362     9.2153     9.2151  34.825327  34.825509     9.2106     9.2104    32.3599    32.3603    25.0185    25.0188     4.9629     4.9301    151.307    150.307     1.5910     1.5104     0.0513     0.2571     3.1722     1.3040     1.3858 -125.42506   48.86452      10.11          1  0.000e+00
      16114    671.375     43.948     44.328     9.2154     9.2162  34.825389  34.825383     9.2107     9.2116    32.3599    32.3591    25.0185    25.0177     4.9628     4.9300    151.305    150.303     1.5910     1.5104     0.0513     0.2571     3.1709     1.3028     1.3858 -125.42506   48.86452      10.16          1  0.000e+00
      16115    671.417     43.948     44.328     9.2157     9.2167  34.825327  34.826449     9.2110     9.2120    32.3595    32.3598    25.0181    25.0182     4.9628     4.9359    151.305    150.483     1.5910     1.5116     0.0525     0.2876     3.1709     1.3040     1.3858 -125.42506   48.86452      10.16          1  0.000e+00
      16116    671.458     43.948     44.328     9.2158     9.2172  34.825327  34.826136     9.2111     9.2126    32.3595    32.3590    25.0181    25.0175     4.9628     4.9358    151.305    150.482     1.5910     1.5116     0.0537     0.3181     3.1722     1.3040     1.3858 -125.42506   48.86452      10.16          1  0.000e+00
      16117    671.500     43.948     44.328     9.2154     9.2174  34.825327  34.826136     9.2107     9.2127    32.3598    32.3589    25.0184    25.0173     4.9628     4.9298    151.306    150.299     1.5910     1.5104     0.0525     0.2876     3.1722     1.3040     1.3858 -125.42506   48.86452      10.16          1  0.000e+00
      16118    671.542     43.902     44.282     9.2154     9.2174  34.825766  34.826449     9.2107     9.2127    32.3603    32.3592    25.0188    25.0176     4.9573     4.9298    151.137    150.298     1.5897     1.5104     0.0537     0.3181     3.1709     1.3040     1.3871 -125.42506   48.86452      10.16          1  0.000e+00
      16119    671.583     43.902     44.282     9.2154     9.2174  34.825703  34.826136     9.2107     9.2128    32.3602    32.3589    25.0187    25.0173     4.9573     4.9358    151.137    150.481     1.5897     1.5116     0.0537     0.3181     3.1722     1.3040     1.3858 -125.42506   48.86452      10.18          1  0.000e+00
      16120    671.625     43.902     44.282     9.2151     9.2172  34.825829  34.826198     9.2104     9.2126    32.3607    32.3591    25.0191    25.0175     4.9628     4.9358    151.305    150.481     1.5910     1.5116     0.0537     0.3181     3.1709     1.3040     1.3797 -125.42506   48.86452      10.23          1  0.000e+00
      16121    671.667     43.882     44.262     9.2153     9.2177  34.825703  34.825508     9.2106     9.2130    32.3604    32.3580    25.0189    25.0166     4.9573     4.9298    151.137    150.298     1.5897     1.5104     0.0537     0.3181     3.1722     1.3040     1.3614 -125.42506   48.86452      10.26          1  0.000e+00
      16122    671.708     43.902     44.282     9.2159     9.2178  34.825828  34.826010     9.2112     9.2132    32.3599    32.3583    25.0184    25.0169     4.9573     4.9298    151.135    150.297     1.5897     1.5104     0.0537     0.3181     3.1709     1.3040     1.3553 -125.42506   48.86452      10.26          1  0.000e+00
      16123    671.750     43.849     44.228     9.2164     9.2176  34.826268  34.825508     9.2117     9.2129    32.3600    32.3581    25.0184    25.0167     4.9572     4.9298    151.133    150.298     1.5897     1.5104     0.0537     0.3181     3.1722     1.3040     1.3553 -125.42506   48.86452      10.26          1  0.000e+00
      16124    671.792     43.849     44.228     9.2180     9.2180  34.826958  34.825571     9.2134     9.2134    32.3592    32.3577    25.0175    25.0164     4.9570     4.9357    151.128    150.479     1.5897     1.5116     0.0537     0.3181     3.1722     1.3040     1.3553 -125.42506   48.86452      10.26          1  0.000e+00
      16125    671.833     43.803     44.182     9.2189     9.2180  34.827899  34.825633     9.2142     9.2134    32.3594    32.3578    25.0175    25.0164     4.9569     4.9297    151.124    150.295     1.5897     1.5104     0.0537     0.3181     3.1722     1.3040     1.3565 -125.42506   48.86452      10.28          1  0.000e+00
      16126    671.875     43.849     44.228     9.2197     9.2178  34.828150  34.825634     9.2150     9.2132    32.3589    32.3580    25.0170    25.0166     4.9568     4.9297    151.122    150.297     1.5897     1.5104     0.0537     0.3181     3.1709     1.3040     1.3565 -125.42506   48.86452      10.35          1  0.000e+00
      16127    671.917     43.803     44.182     9.2198     9.2176  34.828338  34.825884     9.2151     9.2129    32.3590    32.3585    25.0171    25.0170     4.9568     4.9357    151.121    150.479     1.5897     1.5116     0.0537     0.3181     3.1709     1.3040     1.3565 -125.42506   48.86452      10.35          1  0.000e+00
      16128    671.958     43.803     44.182     9.2204     9.2170  34.829154  34.825195     9.2158     9.2124    32.3593    32.3583    25.0172    25.0169     4.9567     4.9358    151.118    150.481     1.5897     1.5116     0.0537     0.3181     3.1709     1.3040     1.3553 -125.42506   48.86452      10.35          1  0.000e+00
      16129    672.000     43.803     44.182     9.2209     9.2172  34.828652  34.825759     9.2163     9.2126    32.3583    32.3587    25.0163    25.0172     4.9512     4.9298    150.950    150.297     1.5885     1.5104     0.0537     0.3181     3.1709     1.3040     1.3565 -125.42506   48.86452      10.35          1  0.000e+00
      16130    672.042     43.736     44.115     9.2208     9.2167  34.828212  34.825257     9.2161     9.2121    32.3580    32.3587    25.0162    25.0173     4.9512     4.9298    150.950    150.298     1.5885     1.5104     0.0525     0.2876     3.1722     1.3040     1.3565 -125.42506   48.86452      10.35          1  0.000e+00
      16131    672.083     43.803     44.182     9.2208     9.2166  34.828464  34.825508     9.2161     9.2119    32.3583    32.3590    25.0163    25.0176     4.9512     4.9358    150.951    150.482     1.5885     1.5116     0.0537     0.3181     3.1709     1.3040     1.3565 -125.42506   48.86452      10.38          1  0.000e+00
      16132    672.125     43.756     44.135     9.2208     9.2170  34.828464  34.825633     9.2161     9.2124    32.3583    32.3587    25.0164    25.0173     4.9512     4.9357    150.950    150.479     1.5885     1.5116     0.0537     0.3181     3.1697     1.3065     1.3565 -125.42506   48.86452      10.43          1  0.000e+00
      16133    672.167     43.756     44.135     9.2209     9.2176  34.828903  34.825445     9.2163     9.2129    32.3586    32.3581    25.0166    25.0167     4.9511     4.9357    150.949    150.478     1.5885     1.5116     0.0537     0.3181     3.1709     1.3077     1.3565 -125.42506   48.86452      10.43          1  0.000e+00
      16134    672.208     43.703     44.081     9.2209     9.2182  34.828840  34.825570     9.2163     9.2135    32.3585    32.3577    25.0165    25.0163     4.9511     4.9356    150.948    150.475     1.5885     1.5116     0.0537     0.3181     3.1709     1.3077     1.3565 -125.42506   48.86452      10.43          1  0.000e+00
      16135    672.250     43.703     44.081     9.2206     9.2185  34.828777  34.825382     9.2160     9.2139    32.3588    32.3571    25.0167    25.0158     4.9511     4.9356    150.949    150.475     1.5885     1.5116     0.0537     0.3181     3.1709     1.3077     1.3565 -125.42506   48.86452      10.43          1  0.000e+00
      16136    672.292     43.703     44.081     9.2203     9.2187  34.828526  34.826009     9.2157     9.2140    32.3588    32.3577    25.0168    25.0162     4.9512     4.9355    150.950    150.474     1.5885     1.5116     0.0537     0.3181     3.1709     1.3077     1.3565 -125.42506   48.86452      10.43          1  0.000e+00
      16137    672.333     43.657     44.035     9.2218     9.2184  34.828463  34.825507     9.2171     9.2137    32.3574    32.3575    25.0155    25.0161     4.9510     4.9356    150.946    150.474     1.5885     1.5116     0.0525     0.2876     3.1722     1.3077     1.3565 -125.42506   48.86452      10.45          1  0.000e+00
      16138    672.375     43.736     44.115     9.2231     9.2178  34.829154  34.825821     9.2184     9.2132    32.3569    32.3582    25.0149    25.0168     4.9509     4.9356    150.943    150.477     1.5885     1.5116     0.0525     0.2876     3.1722     1.3077     1.3553 -125.42506   48.86452      10.50          1  0.000e+00
      16139    672.417     43.657     44.035     9.2249     9.2174  34.829844  34.825947     9.2202     9.2128    32.3560    32.3588    25.0139    25.0173     4.9507     4.9356    150.936    150.476     1.5885     1.5116     0.0537     0.3181     3.1709     1.3077     1.3565 -125.42506   48.86452      10.50          1  0.000e+00
      16140    672.458     43.604     43.981     9.2271     9.2180  34.830973  34.825758     9.2225     9.2134    32.3552    32.3580    25.0129    25.0166     4.9559     4.9355    151.096    150.474     1.5897     1.5116     0.0525     0.2876     3.1709     1.3077     1.3565 -125.42506   48.86452      10.50          1  0.000e+00
      16141    672.500     43.703     44.081     9.2289     9.2180  34.831852  34.826072     9.2242     9.2134    32.3544    32.3583    25.0121    25.0168     4.9503     4.9356    150.925    150.475     1.5885     1.5116     0.0525     0.2876     3.1709     1.3077     1.3565 -125.42506   48.86452      10.50          1  0.000e+00
