West Coast/WCOA-7/CTD_Data/RB2102_CTD_117_01.ros
* Sea-Bird SBE 9 Data File:
* FileName = C:\Users\scs.user.rb\CTD\RB2102\Data\RB2102_CTD_117_01.hex
* Software Version Seasave V 7.26.7.107
* Temperature SN = 6202
* Conductivity SN = 4907
* Number of Bytes Per Scan = 41
* Number of Voltage Words = 4
* Number of Scans Averaged by the Deck Unit = 1
* NMEA Latitude = 34 28.18 N
* NMEA Longitude = 120 29.50 W
* NMEA UTC (Time) = Jul 18 2021  16:59:36
* NMEA baud rate = 4800
# nquan = 30
# nvalues = 450                                   
# units = specified
# name 0 = scan: Scan Count
# name 1 = timeS: Time, Elapsed [seconds]
# name 2 = depSM: Depth [salt water, m]
# name 3 = prDM: Pressure, Digiquartz [db]
# name 4 = t090C: Temperature [ITS-90, deg C]
# name 5 = t190C: Temperature, 2 [ITS-90, deg C]
# name 6 = c0mS/cm: Conductivity [mS/cm]
# name 7 = c1mS/cm: Conductivity, 2 [mS/cm]
# name 8 = potemp090C: Potential Temperature [ITS-90, deg C]
# name 9 = potemp190C: Potential Temperature, 2 [ITS-90, deg C]
# name 10 = sal00: Salinity, Practical [PSU]
# name 11 = sal11: Salinity, Practical, 2 [PSU]
# name 12 = sigma-é00: Density [sigma-theta, kg/m^3]
# name 13 = sigma-é11: Density, 2 [sigma-theta, kg/m^3]
# name 14 = sbeox0Mg/L: Oxygen, SBE 43 [mg/l]
# name 15 = sbeox1Mg/L: Oxygen, SBE 43, 2 [mg/l]
# name 16 = sbox0Mm/Kg: Oxygen, SBE 43 [umol/kg]
# name 17 = sbox1Mm/Kg: Oxygen, SBE 43, 2 [umol/kg]
# name 18 = sbeox0V: Oxygen raw, SBE 43 [V]
# name 19 = sbeox1V: Oxygen raw, SBE 43, 2 [V]
# name 20 = v4: Voltage 4
# name 21 = flECO-AFL: Fluorescence, WET Labs ECO-AFL/FL [mg/m^3]
# name 22 = v3: Voltage 3
# name 23 = v6: Voltage 6
# name 24 = v7: Voltage 7
# name 25 = longitude: Longitude [deg]
# name 26 = latitude: Latitude [deg]
# name 27 = altM: Altimeter [m]
# name 28 = nbf: Bottles Fired
# name 29 = flag:  0.000e+00
# interval = seconds: 0.0416667
# start_time = Jul 18 2021 16:59:36 [NMEA time, header]
# bad_flag = -9.990e-29
*END*
[from data line 242]
      21793    908.000      4.811      4.846    16.9731    16.9693  43.261058  43.259058    16.9723    16.9685    33.5955    33.5970    24.4430    24.4450     9.0451     8.5140    275.920    259.717     2.8913     2.5958     0.0818     1.0202     3.1306     0.0073     0.0000 -120.49232   34.47068      22.20          6  0.000e+00
      21794    908.042      4.811      4.846    16.9731    16.9701  43.260784  43.259057    16.9723    16.9694    33.5952    33.5962    24.4428    24.4443     9.0451     8.5139    275.920    259.714     2.8913     2.5958     0.0818     1.0202     3.1319     0.0073     0.0000 -120.49232   34.47068      22.20          6  0.000e+00
      21795    908.083      4.864      4.900    16.9726    16.9705  43.260100  43.259194    16.9718    16.9697    33.5950    33.5961    24.4428    24.4440     9.0453     8.5139    275.925    259.714     2.8913     2.5958     0.0818     1.0202     3.1319     0.0061     0.0000 -120.49232   34.47068      22.20          6  0.000e+00
      21796    908.125      4.811      4.846    16.9730    16.9710  43.259963  43.259331    16.9722    16.9702    33.5947    33.5958    24.4424    24.4437     9.0452     8.5137    275.922    259.710     2.8913     2.5958     0.0818     1.0202     3.1306     0.0061     0.0000 -120.49232   34.47068      22.20          6  0.000e+00
      21797    908.167      4.864      4.899    16.9730    16.9710  43.259963  43.259400    16.9722    16.9702    33.5946    33.5958    24.4424    24.4437     9.0498     8.5138    276.064    259.712     2.8926     2.5958     0.0818     1.0202     3.1319     0.0073     0.0000 -120.49232   34.47068      22.22          6  0.000e+00
      21798    908.208      4.811      4.846    16.9730    16.9710  43.259963  43.258989    16.9722    16.9702    33.5947    33.5955    24.4424    24.4435     9.0498     8.5138    276.062    259.711     2.8926     2.5958     0.0818     1.0202     3.1306     0.0073     0.0000 -120.49232   34.47068      22.22          6  0.000e+00
      21799    908.250      4.811      4.846    16.9726    16.9703  43.259621  43.258100    16.9719    16.9695    33.5946    33.5953    24.4424    24.4435     9.0498     8.5189    276.064    259.866     2.8926     2.5971     0.0818     1.0202     3.1319     0.0073     0.0000 -120.49232   34.47068      22.22          6  0.000e+00
      21800    908.292      4.877      4.913    16.9728    16.9701  43.259279  43.258305    16.9720    16.9693    33.5942    33.5956    24.4421    24.4437     9.0499     8.5189    276.066    259.869     2.8926     2.5971     0.0818     1.0202     3.1306     0.0073     0.0000 -120.49232   34.47068      22.22          6  0.000e+00
      21801    908.333      4.811      4.846    16.9721    16.9693  43.259005  43.258305    16.9714    16.9685    33.5945    33.5963    24.4425    24.4445     9.0545     8.5190    276.207    259.870     2.8938     2.5971     0.0806     0.9897     3.1319     0.0061     0.0000 -120.49232   34.47068      22.22          6  0.000e+00
      21802    908.375      4.864      4.899    16.9725    16.9691  43.259347  43.258305    16.9717    16.9683    33.5945    33.5964    24.4424    24.4447     9.0545     8.5240    276.207    260.024     2.8938     2.5983     0.0818     1.0202     3.1319     0.0061     0.0000 -120.49232   34.47068      22.22          6  0.000e+00
      21803    908.417      4.864      4.899    16.9731    16.9689  43.260100  43.258442    16.9723    16.9681    33.5946    33.5967    24.4423    24.4449     9.0544     8.5191    276.203    259.872     2.8938     2.5971     0.0818     1.0202     3.1319     0.0073     0.0000 -120.49232   34.47068      22.20          6  0.000e+00
      21804    908.458      4.811      4.846    16.9730    16.9694  43.260305  43.258579    16.9722    16.9686    33.5950    33.5964    24.4426    24.4446     9.0544     8.5190    276.202    259.869     2.8938     2.5971     0.0818     1.0202     3.1319     0.0073     0.0000 -120.49232   34.47068      22.17          6  0.000e+00
      21805    908.500      4.911      4.946    16.9728    16.9710  43.260579  43.260016    16.9720    16.9702    33.5953    33.5963    24.4429    24.4441     9.0499     8.5188    276.065    259.864     2.8926     2.5971     0.0818     1.0202     3.1306     0.0073     0.0000 -120.49232   34.47068      22.17          6  0.000e+00
      21806    908.542      4.864      4.899    16.9725    16.9724  43.259826  43.261520    16.9717    16.9716    33.5949    33.5965    24.4427    24.4439     9.0499     8.5235    276.066    260.006     2.8926     2.5983     0.0818     1.0202     3.1306     0.0061     0.0000 -120.49232   34.47068      22.17          6  0.000e+00
      21807    908.583      4.864      4.899    16.9726    16.9737  43.259621  43.262752    16.9718    16.9729    33.5946    33.5964    24.4424    24.4436     9.0453     8.5183    275.926    259.848     2.8913     2.5971     0.0818     1.0202     3.1331     0.0073     0.0000 -120.49232   34.47068      22.17          6  0.000e+00
      21808    908.625      4.877      4.913    16.9726    16.9756  43.259552  43.264599    16.9718    16.9748    33.5946    33.5965    24.4424    24.4432     9.0453     8.5179    275.926    259.838     2.8913     2.5971     0.0818     1.0202     3.1319     0.0073     0.0000 -120.49232   34.47068      22.20          6  0.000e+00
      21809    908.667      4.864      4.899    16.9723    16.9770  43.259279  43.265557    16.9715    16.9762    33.5946    33.5961    24.4425    24.4426     9.0454     8.5227    275.928    259.982     2.8913     2.5983     0.0818     1.0202     3.1306     0.0061     0.0000 -120.49232   34.47068      22.20          6  0.000e+00
      21810    908.708      4.911      4.946    16.9716    16.9779  43.258594  43.266241    16.9708    16.9771    33.5946    33.5960    24.4426    24.4422     9.0456     8.5226    275.933    259.980     2.8913     2.5983     0.0818     1.0202     3.1319     0.0061     0.0000 -120.49232   34.47068      22.20          6  0.000e+00
      21811    908.750      4.864      4.899    16.9711    16.9789  43.257841  43.267951    16.9703    16.9781    33.5943    33.5966    24.4426    24.4425     9.0456     8.5173    275.934    259.820     2.8913     2.5971     0.0818     1.0202     3.1319     0.0061     0.0000 -120.49232   34.47068      22.20          6  0.000e+00
      21812    908.792      4.864      4.899    16.9709    16.9802  43.257225  43.268909    16.9701    16.9794    33.5940    33.5963    24.4424    24.4420     9.0457     8.5171    275.936    259.813     2.8913     2.5971     0.0818     1.0202     3.1319     0.0061     0.0000 -120.49232   34.47068      22.20          6  0.000e+00
      21813    908.833      4.911      4.946    16.9709    16.9810  43.257842  43.270004    16.9701    16.9802    33.5945    33.5966    24.4428    24.4420     9.0411     8.5170    275.797    259.810     2.8901     2.5971     0.0818     1.0202     3.1319     0.0061     0.0000 -120.49232   34.47068      22.20          6  0.000e+00
      21814    908.875      4.911      4.946    16.9706    16.9823  43.257773  43.270962    16.9698    16.9815    33.5947    33.5964    24.4430    24.4415     9.0411     8.5168    275.798    259.804     2.8901     2.5971     0.0818     1.0202     3.1306     0.0073     0.0000 -120.49232   34.47068      22.20          6  0.000e+00
      21815    908.917      4.864      4.899    16.9704    16.9833  43.257705  43.271783    16.9696    16.9825    33.5948    33.5963    24.4431    24.4412     9.0411     8.5216    275.797    259.949     2.8901     2.5983     0.0818     1.0202     3.1319     0.0073     0.0000 -120.49232   34.47068      22.15          6  0.000e+00
      21816    908.958      4.924      4.959    16.9701    16.9841  43.257089  43.272672    16.9693    16.9833    33.5945    33.5964    24.4430    24.4411     9.0412     8.5165    275.801    259.795     2.8901     2.5971     0.0818     1.0202     3.1306     0.0037     0.0000 -120.49232   34.47068      22.12          6  0.000e+00
      21817    909.000      4.911      4.946    16.9697    16.9847  43.257294  43.273014    16.9689    16.9839    33.5950    33.5961    24.4434    24.4407     9.0413     8.5164    275.802    259.792     2.8901     2.5971     0.0818     1.0202     3.1319     0.0037     0.0000 -120.49232   34.47068      22.12          6  0.000e+00
      21818    909.042      4.910      4.946    16.9699    16.9855  43.257636  43.274862    16.9691    16.9847    33.5951    33.5971    24.4435    24.4413     9.0412     8.5162    275.801    259.786     2.8901     2.5971     0.0818     1.0202     3.1319     0.0049     0.0000 -120.49232   34.47068      22.12          6  0.000e+00
      21819    909.083      4.910      4.946    16.9706    16.9868  43.258800  43.276436    16.9698    16.9860    33.5956    33.5974    24.4437    24.4412     9.0411     8.5160    275.796    259.779     2.8901     2.5971     0.0818     1.0202     3.1319     0.0061     0.0000 -120.49232   34.47068      22.12          6  0.000e+00
      21820    909.125      4.910      4.946    16.9721    16.9889  43.260306  43.278420    16.9713    16.9881    33.5956    33.5973    24.4433    24.4407     9.0362     8.5156    275.648    259.768     2.8889     2.5971     0.0818     1.0202     3.1306     0.0073     0.0000 -120.49232   34.47068      22.12          6  0.000e+00
      21821    909.167      4.910      4.946    16.9731    16.9898  43.260716  43.278009    16.9723    16.9890    33.5951    33.5962    24.4427    24.4396     9.0361     8.5155    275.644    259.765     2.8889     2.5971     0.0818     1.0202     3.1319     0.0049     0.0000 -120.49232   34.47068      22.15          6  0.000e+00
      21822    909.208      4.963      4.999    16.9737    16.9892  43.262154  43.275067    16.9729    16.9884    33.5959    33.5941    24.4432    24.4382     9.0360     8.5158    275.641    259.773     2.8889     2.5971     0.0818     1.0202     3.1319     0.0061     0.0000 -120.49232   34.47068      22.15          6  0.000e+00
      23362    973.375      3.690      3.717    16.9419    16.9414  43.229642  43.229982    16.9413    16.9408    33.5947    33.5954    24.4496    24.4503     9.0172     8.4979    275.068    259.224     2.8828     2.5910     0.0781     0.9286     3.1306     0.0195     0.0000 -120.49238   34.47070      23.88          7  0.000e+00
      23363    973.417      3.492      3.517    16.9419    16.9413  43.230120  43.230118    16.9414    16.9407    33.5952    33.5957    24.4500    24.4506     9.0170     8.4977    275.060    259.217     2.8828     2.5910     0.0781     0.9286     3.1306     0.0171     0.0000 -120.49238   34.47070      23.86          7  0.000e+00
      23364    973.458      3.591      3.617    16.9421    16.9414  43.230052  43.230392    16.9415    16.9408    33.5949    33.5958    24.4498    24.4506     9.0171     8.4977    275.063    259.220     2.8828     2.5910     0.0781     0.9286     3.1306     0.0171     0.0000 -120.49238   34.47070      23.83          7  0.000e+00
      23365    973.500      3.545      3.570    16.9421    16.9418  43.230189  43.230529    16.9415    16.9412    33.5951    33.5956    24.4499    24.4504     9.0170     8.4976    275.061    259.217     2.8828     2.5910     0.0781     0.9286     3.1319     0.0183     0.0000 -120.49238   34.47070      23.86          7  0.000e+00
      23366    973.542      3.591      3.617    16.9423    16.9423  43.230326  43.231076    16.9417    16.9417    33.5950    33.5956    24.4498    24.4503     9.0171     8.4976    275.062    259.215     2.8828     2.5910     0.0781     0.9286     3.1319     0.0195     0.0000 -120.49238   34.47070      23.86          7  0.000e+00
      23367    973.583      3.591      3.617    16.9421    16.9426  43.230052  43.231487    16.9415    16.9420    33.5949    33.5958    24.4498    24.4503     9.0125     8.4975    274.923    259.214     2.8816     2.5910     0.0781     0.9286     3.1319     0.0183     0.0000 -120.49238   34.47070      23.83          7  0.000e+00
      23368    973.625      3.591      3.617    16.9423    16.9430  43.229984  43.231829    16.9417    16.9424    33.5947    33.5957    24.4496    24.4502     9.0171     8.4975    275.062    259.212     2.8828     2.5910     0.0781     0.9286     3.1319     0.0195     0.0000 -120.49238   34.47070      23.86          7  0.000e+00
      23369    973.667      3.591      3.617    16.9421    16.9433  43.230189  43.231965    16.9415    16.9427    33.5950    33.5956    24.4499    24.4500     9.0171     8.4974    275.063    259.210     2.8828     2.5910     0.0781     0.9286     3.1319     0.0195     0.0000 -120.49238   34.47070      23.86          7  0.000e+00
      23370    973.708      3.545      3.570    16.9418    16.9431  43.229505  43.231418    16.9412    16.9426    33.5947    33.5953    24.4497    24.4498     9.0171     8.4974    275.063    259.210     2.8828     2.5910     0.0781     0.9286     3.1306     0.0195     0.0000 -120.49238   34.47070      23.88          7  0.000e+00
      23371    973.750      3.558      3.584    16.9418    16.9433  43.229436  43.231760    16.9412    16.9427    33.5947    33.5954    24.4497    24.4499     9.0171     8.4974    275.064    259.209     2.8828     2.5910     0.0781     0.9286     3.1306     0.0208     0.0000 -120.49238   34.47070      23.88          7  0.000e+00
      23372    973.792      3.591      3.617    16.9416    16.9431  43.229300  43.231965    16.9410    16.9426    33.5947    33.5957    24.4497    24.4502     9.0172     8.4974    275.066    259.211     2.8828     2.5910     0.0781     0.9286     3.1319     0.0208     0.0000 -120.49240   34.47070      23.88          7  0.000e+00
      23373    973.833      3.591      3.617    16.9412    16.9431  43.229231  43.231692    16.9406    16.9426    33.5949    33.5955    24.4500    24.4500     9.0172     8.4974    275.067    259.211     2.8828     2.5910     0.0781     0.9286     3.1306     0.0208     0.0000 -120.49240   34.47070      23.86          7  0.000e+00
      23374    973.875      3.492      3.517    16.9412    16.9433  43.228889  43.231828    16.9407    16.9427    33.5947    33.5955    24.4498    24.4499     9.0171     8.4973    275.064    259.207     2.8828     2.5910     0.0781     0.9286     3.1319     0.0208     0.0000 -120.49240   34.47070      23.88          7  0.000e+00
      23375    973.917      3.545      3.570    16.9409    16.9430  43.228547  43.231144    16.9403    16.9424    33.5946    33.5952    24.4499    24.4498     9.0127     8.4974    274.928    259.211     2.8816     2.5910     0.0781     0.9286     3.1319     0.0208     0.0000 -120.49240   34.47070      23.86          7  0.000e+00
      23376    973.958      3.492      3.517    16.9404    16.9425  43.228683  43.230871    16.9398    16.9419    33.5952    33.5954    24.4504    24.4500     9.0127     8.4975    274.928    259.212     2.8816     2.5910     0.0781     0.9286     3.1306     0.0208     0.0000 -120.49240   34.47070      23.86          7  0.000e+00
      23377    974.000      3.545      3.570    16.9404    16.9418  43.228205  43.230050    16.9398    16.9412    33.5948    33.5952    24.4501    24.4501     9.0128     8.4976    274.930    259.217     2.8816     2.5910     0.0781     0.9286     3.1319     0.0208     0.0000 -120.49240   34.47070      23.86          7  0.000e+00
      23378    974.042      3.492      3.517    16.9404    16.9413  43.228068  43.229982    16.9398    16.9407    33.5947    33.5956    24.4500    24.4505     9.0081     8.4977    274.789    259.218     2.8803     2.5910     0.0781     0.9286     3.1331     0.0208     0.0000 -120.49240   34.47070      23.88          7  0.000e+00
      23379    974.083      3.492      3.517    16.9406    16.9409  43.228615  43.229571    16.9400    16.9404    33.5950    33.5955    24.4502    24.4505     9.0081     8.4977    274.787    259.220     2.8803     2.5910     0.0781     0.9286     3.1306     0.0195     0.0000 -120.49240   34.47070      23.86          7  0.000e+00
