West Coast/WCOA-7/CTD_Data/RB2102_CTD_016_01.ros
* Sea-Bird SBE 9 Data File:
* FileName = C:\Users\scs.user.rb\CTD\RB2102\Data\RB2102_CTD_016_01.hex
* Software Version Seasave V 7.26.7.107
* Temperature SN = 6202
* Conductivity SN = 4907
* Number of Bytes Per Scan = 41
* Number of Voltage Words = 4
* Number of Scans Averaged by the Deck Unit = 1
* NMEA Latitude = 48 51.86 N
* NMEA Longitude = 125 25.50 W
* NMEA UTC (Time) = Jun 28 2021  12:50:16
* NMEA baud rate = 4800
# nquan = 30
# nvalues = 343                                   
# units = specified
# name 0 = scan: Scan Count
# name 1 = timeS: Time, Elapsed [seconds]
# name 2 = depSM: Depth [salt water, m]
# name 3 = prDM: Pressure, Digiquartz [db]
# name 4 = t090C: Temperature [ITS-90, deg C]
# name 5 = t190C: Temperature, 2 [ITS-90, deg C]
# name 6 = c0mS/cm: Conductivity [mS/cm]
# name 7 = c1mS/cm: Conductivity, 2 [mS/cm]
# name 8 = potemp090C: Potential Temperature [ITS-90, deg C]
# name 9 = potemp190C: Potential Temperature, 2 [ITS-90, deg C]
# name 10 = sal00: Salinity, Practical [PSU]
# name 11 = sal11: Salinity, Practical, 2 [PSU]
# name 12 = sigma-é00: Density [sigma-theta, kg/m^3]
# name 13 = sigma-é11: Density, 2 [sigma-theta, kg/m^3]
# name 14 = sbeox0Mg/L: Oxygen, SBE 43 [mg/l]
# name 15 = sbeox1Mg/L: Oxygen, SBE 43, 2 [mg/l]
# name 16 = sbox0Mm/Kg: Oxygen, SBE 43 [umol/kg]
# name 17 = sbox1Mm/Kg: Oxygen, SBE 43, 2 [umol/kg]
# name 18 = sbeox0V: Oxygen raw, SBE 43 [V]
# name 19 = sbeox1V: Oxygen raw, SBE 43, 2 [V]
# name 20 = v4: Voltage 4
# name 21 = flECO-AFL: Fluorescence, WET Labs ECO-AFL/FL [mg/m^3]
# name 22 = v3: Voltage 3
# name 23 = v6: Voltage 6
# name 24 = v7: Voltage 7
# name 25 = longitude: Longitude [deg]
# name 26 = latitude: Latitude [deg]
# name 27 = altM: Altimeter [m]
# name 28 = nbf: Bottles Fired
# name 29 = flag:  0.000e+00
# interval = seconds: 0.0416667
# start_time = Jun 28 2021 12:50:16 [NMEA time, header]
# bad_flag = -9.990e-29
*END*
[from data line 194]
      24305   1012.667     15.401     15.533    10.2079    10.2625  35.397788  35.422490    10.2061    10.2607    32.0670    32.0436    24.6283    24.6009     7.0213     6.9488    214.144    211.940     2.0879     1.9609     0.1331     2.3022     3.1661     1.4115     0.0647 -125.42504   48.86460      38.85          4  0.000e+00
      24306   1012.708     15.341     15.473    10.2021    10.2616  35.395957  35.422364    10.2004    10.2599    32.0703    32.0442    24.6318    24.6016     7.0220     6.9489    214.165    211.941     2.0879     1.9609     0.1331     2.3022     3.1673     1.4115     0.0147 -125.42504   48.86460      38.85          4  0.000e+00
      26587   1107.750     10.860     10.953    10.8673    10.9437  35.788591  35.829104    10.8660    10.9424    31.8805    31.8542    24.3707    24.3369     8.7533     8.6778    267.036    264.741     2.5116     2.3516     0.4090     9.2009     3.1648     1.4078     0.8718 -125.42506   48.86462      43.17          5  0.000e+00
      26588   1107.792     10.854     10.947    10.8657    10.9440  35.788020  35.829294    10.8644    10.9427    31.8814    31.8541    24.3716    24.3368     8.7536     8.6777    267.044    264.739     2.5116     2.3516     0.4078     9.1704     3.1624     1.4078     0.8755 -125.42506   48.86462      43.17          5  0.000e+00
      26589   1107.833     10.900     10.993    10.8633    10.9440  35.787069  35.829168    10.8620    10.9428    31.8824    31.8539    24.3729    24.3366     8.7540     8.6835    267.058    264.916     2.5116     2.3529     0.4090     9.2009     3.1648     1.4078     0.8767 -125.42506   48.86462      43.17          5  0.000e+00
      26590   1107.875     10.768     10.860    10.8609    10.9437  35.785356  35.829104    10.8596    10.9424    31.8829    31.8542    24.3737    24.3369     8.7596     8.6891    267.228    265.088     2.5128     2.3541     0.4103     9.2314     3.1636     1.4078     0.8767 -125.42506   48.86462      43.17          5  0.000e+00
      26591   1107.917     10.807     10.900    10.8592    10.9444  35.783199  35.829801    10.8579    10.9431    31.8822    31.8543    24.3734    24.3369     8.7600     8.6776    267.240    264.735     2.5128     2.3516     0.4090     9.2009     3.1636     1.4078     0.8767 -125.42506   48.86462      43.17          5  0.000e+00
      26592   1107.958     10.807     10.900    10.8576    10.9458  35.782185  35.831197    10.8563    10.9445    31.8826    31.8544    24.3740    24.3367     8.7656     8.6830    267.410    264.901     2.5140     2.3529     0.4090     9.2009     3.1648     1.4078     0.8755 -125.42506   48.86462      43.20          5  0.000e+00
      26593   1108.000     10.814     10.907    10.8589    10.9466  35.781487  35.831831    10.8576    10.9454    31.8808    31.8543    24.3723    24.3365     8.7654     8.6886    267.406    265.071     2.5140     2.3541     0.4090     9.2009     3.1636     1.4078     0.8767 -125.42506   48.86462      43.20          5  0.000e+00
      26594   1108.042     10.807     10.900    10.8610    10.9471  35.780408  35.832655    10.8597    10.9459    31.8779    31.8547    24.3697    24.3367     8.7652     8.6999    267.399    265.417     2.5140     2.3565     0.4090     9.2009     3.1648     1.4078     0.8755 -125.42506   48.86462      43.20          5  0.000e+00
      26595   1108.083     10.807     10.900    10.8612    10.9485  35.779901  35.834050    10.8599    10.9472    31.8772    31.8549    24.3692    24.3366     8.7704     8.6939    267.560    265.233     2.5153     2.3553     0.4090     9.2009     3.1636     1.4078     0.8755 -125.42506   48.86462      43.20          5  0.000e+00
      26596   1108.125     10.768     10.860    10.8604    10.9493  35.780027  35.835446    10.8591    10.9480    31.8781    31.8556    24.3700    24.3370     8.7705     8.6879    267.562    265.051     2.5153     2.3541     0.4090     9.2009     3.1636     1.4090     0.8755 -125.42506   48.86462      43.20          5  0.000e+00
      26597   1108.167     10.807     10.900    10.8605    10.9506  35.780852  35.837158    10.8592    10.9493    31.8788    31.8561    24.3705    24.3372     8.7705     8.6934    267.561    265.218     2.5153     2.3553     0.4090     9.2009     3.1636     1.4090     0.8755 -125.42506   48.86462      43.20          5  0.000e+00
      26598   1108.208     10.754     10.847    10.8633    10.9528  35.781549  35.838236    10.8620    10.9515    31.8770    31.8553    24.3687    24.3362     8.7753     8.6930    267.707    265.204     2.5165     2.3553     0.4090     9.2009     3.1636     1.4090     0.8755 -125.42506   48.86462      43.27          5  0.000e+00
      26599   1108.250     10.754     10.847    10.8670    10.9559  35.781676  35.839251    10.8657    10.9546    31.8740    31.8536    24.3656    24.3343     8.7747     8.6981    267.691    265.363     2.5165     2.3565     0.4090     9.2009     3.1636     1.4090     0.8755 -125.42506   48.86462      43.32          5  0.000e+00
      26600   1108.292     10.768     10.860    10.8691    10.9579  35.781485  35.840075    10.8678    10.9567    31.8720    31.8527    24.3637    24.3332     8.7744     8.6978    267.683    265.353     2.5165     2.3565     0.4090     9.2009     3.1636     1.4090     0.8755 -125.42506   48.86462      43.32          5  0.000e+00
      26601   1108.333     10.708     10.800    10.8699    10.9563  35.782119  35.838997    10.8686    10.9551    31.8719    31.8530    24.3635    24.3338     8.7689     8.6980    267.515    265.360     2.5153     2.3565     0.4090     9.2009     3.1648     1.4090     0.8755 -125.42506   48.86462      43.30          5  0.000e+00
      26602   1108.375     10.754     10.847    10.8689    10.9541  35.782056  35.837855    10.8677    10.9528    31.8726    31.8538    24.3643    24.3348     8.7744     8.7042    267.682    265.549     2.5165     2.3578     0.4090     9.2009     3.1648     1.4090     0.8755 -125.42506   48.86462      43.30          5  0.000e+00
      26603   1108.417     10.715     10.807    10.8671    10.9545  35.781295  35.838616    10.8658    10.9532    31.8735    31.8543    24.3653    24.3351     8.7747     8.7041    267.690    265.545     2.5165     2.3578     0.4090     9.2009     3.1636     1.4090     0.8767 -125.42506   48.86462      43.30          5  0.000e+00
      26604   1108.458     10.754     10.847    10.8673    10.9591  35.781295  35.840138    10.8660    10.9578    31.8733    31.8517    24.3651    24.3323     8.7747     8.7033    267.690    265.522     2.5165     2.3578     0.4090     9.2009     3.1636     1.4090     0.8755 -125.42506   48.86462      43.32          5  0.000e+00
      26605   1108.500     10.708     10.800    10.8642    10.9644  35.780407  35.843182    10.8629    10.9631    31.8752    31.8502    24.3671    24.3302     8.7751     8.7080    267.704    265.666     2.5165     2.3590     0.4090     9.2009     3.1636     1.4090     0.8755 -125.42506   48.86462      43.39          5  0.000e+00
      26606   1108.542     10.668     10.760    10.8620    10.9678  35.779900  35.844514    10.8607    10.9666    31.8766    31.8485    24.3685    24.3283     8.7754     8.7074    267.713    265.647     2.5165     2.3590     0.4090     9.2009     3.1624     1.4090     0.8755 -125.42506   48.86462      43.42          5  0.000e+00
      26607   1108.583     10.708     10.800    10.8614    10.9703  35.780281  35.845148    10.8601    10.9690    31.8775    31.8470    24.3693    24.3266     8.7756     8.7070    267.716    265.636     2.5165     2.3590     0.4090     9.2009     3.1648     1.4090     0.8755 -125.42506   48.86462      43.42          5  0.000e+00
      26608   1108.625     10.708     10.800    10.8609    10.9715  35.779900  35.846036    10.8596    10.9702    31.8775    31.8468    24.3695    24.3263     8.7757     8.7068    267.719    265.629     2.5165     2.3590     0.4090     9.2009     3.1636     1.4090     0.8755 -125.42506   48.86462      43.42          5  0.000e+00
      26609   1108.667     10.662     10.753    10.8607    10.9751  35.779075  35.839311    10.8594    10.9738    31.8769    31.8371    24.3690    24.3181     8.7757     8.7065    267.720    265.623     2.5165     2.3590     0.4103     9.2314     3.1636     1.4090     0.8767 -125.42506   48.86462      43.42          5  0.000e+00
      26610   1108.708     10.668     10.760    10.8594    10.9750  35.778568  35.841595    10.8581    10.9737    31.8775    31.8394    24.3697    24.3200     8.7759     8.7064    267.727    265.620     2.5165     2.3590     0.4090     9.2009     3.1636     1.4090     0.8755 -125.42506   48.86462      43.47          5  0.000e+00
      26611   1108.750     10.708     10.800    10.8574    10.9718  35.777363  35.844767    10.8561    10.9706    31.8781    31.8453    24.3705    24.3251     8.7763     8.7125    267.739    265.804     2.5165     2.3602     0.4090     9.2009     3.1636     1.4090     0.8755 -125.42506   48.86462      43.52          5  0.000e+00
      26612   1108.792     10.609     10.700    10.8558    10.9677  35.776221  35.844133    10.8546    10.9664    31.8783    31.8483    24.3710    24.3281     8.7765     8.7131    267.744    265.821     2.5165     2.3602     0.4310     9.7503     3.1648     1.4090     0.8767 -125.42506   48.86464      43.54          5  0.000e+00
      26613   1108.833     10.668     10.760    10.8556    10.9660  35.776222  35.842992    10.8543    10.9648    31.8785    31.8486    24.3711    24.3286     8.7766     8.7135    267.747    265.832     2.5165     2.3602     0.4493    10.2082     3.1636     1.4090     0.8755 -125.42506   48.86464      43.52          5  0.000e+00
      26614   1108.875     10.662     10.753    10.8554    10.9650  35.775841  35.842801    10.8542    10.9638    31.8783    31.8493    24.3710    24.3293     8.7766     8.7136    267.749    265.837     2.5165     2.3602     0.4518    10.2693     3.1636     1.4090     0.8755 -125.42506   48.86464      43.52          5  0.000e+00
      26615   1108.917     10.609     10.700    10.8536    10.9654  35.775207  35.842801    10.8524    10.9641    31.8793    31.8490    24.3721    24.3290     8.7769     8.7135    267.756    265.834     2.5165     2.3602     0.4505    10.2387     3.1636     1.4090     0.8767 -125.42506   48.86464      43.52          5  0.000e+00
      26616   1108.958     10.622     10.713    10.8503    10.9660  35.774827  35.842294    10.8491    10.9648    31.8817    31.8479    24.3746    24.3281     8.7774     8.7192    267.771    266.007     2.5165     2.3614     0.4505    10.2387     3.1636     1.4090     0.8767 -125.42506   48.86464      43.59          5  0.000e+00
      26617   1109.000     10.662     10.753    10.8500    10.9663  35.774954  35.841215    10.8488    10.9651    31.8821    31.8465    24.3749    24.3270     8.7775     8.7192    267.773    266.009     2.5165     2.3614     0.4493    10.2082     3.1648     1.4090     0.8755 -125.42506   48.86464      43.64          5  0.000e+00
      26618   1109.042     10.563     10.653    10.8489    10.9667  35.773875  35.840137    10.8476    10.9654    31.8821    31.8452    24.3751    24.3259     8.7776     8.7191    267.777    266.006     2.5165     2.3614     0.4493    10.2082     3.1648     1.4090     0.8755 -125.42506   48.86464      43.64          5  0.000e+00
      26619   1109.083     10.622     10.713    10.8477    10.9657  35.772544  35.838932    10.8465    10.9644    31.8818    31.8449    24.3750    24.3258     8.7726     8.7194    267.625    266.015     2.5153     2.3614     0.4493    10.2082     3.1648     1.4090     0.8755 -125.42506   48.86464      43.61          5  0.000e+00
      26620   1109.125     10.609     10.700    10.8448    10.9620  35.770958  35.837664    10.8435    10.9607    31.8827    31.8468    24.3763    24.3280     8.7731     8.7200    267.641    266.033     2.5153     2.3614     0.4493    10.2082     3.1648     1.4090     0.8755 -125.42506   48.86464      43.64          5  0.000e+00
      26621   1109.167     10.609     10.700    10.8420    10.9546  35.769373  35.836396    10.8407    10.9533    31.8836    31.8520    24.3775    24.3333     8.7736     8.7213    267.656    266.069     2.5153     2.3614     0.4505    10.2387     3.1636     1.4090     0.8755 -125.42506   48.86464      43.61          5  0.000e+00
      26622   1109.208     10.563     10.653    10.8406    10.9487  35.768739  35.835826    10.8394    10.9474    31.8842    31.8566    24.3781    24.3379     8.7738     8.7222    267.661    266.095     2.5153     2.3614     0.4493    10.2082     3.1636     1.4090     0.8755 -125.42506   48.86464      43.69          5  0.000e+00
      26623   1109.250     10.569     10.660    10.8354    10.9460  35.768422  35.836714    10.8342    10.9448    31.8884    31.8598    24.3823    24.3408     8.7746     8.7225    267.684    266.106     2.5153     2.3614     0.4505    10.2387     3.1636     1.4090     0.8767 -125.42506   48.86464      43.74          5  0.000e+00
      26624   1109.292     10.609     10.700    10.8336    10.9483  35.768359  35.837982    10.8323    10.9471    31.8899    31.8590    24.3838    24.3398     8.7749     8.7222    267.694    266.094     2.5153     2.3614     0.4505    10.2387     3.1636     1.4090     0.8755 -125.42506   48.86464      43.74          5  0.000e+00
      26625   1109.333     10.563     10.653    10.8357    10.9572  35.768549  35.838996    10.8344    10.9560    31.8883    31.8523    24.3822    24.3331     8.7746     8.7207    267.683    266.051     2.5153     2.3614     0.4493    10.2082     3.1648     1.4090     0.8755 -125.42506   48.86464      43.74          5  0.000e+00
      26626   1109.375     10.523     10.613    10.8370    10.9650  35.767724  35.839693    10.8358    10.9638    31.8863    31.8462    24.3804    24.3270     8.7744     8.7194    267.677    266.013     2.5153     2.3614     0.4493    10.2082     3.1636     1.4090     0.8767 -125.42506   48.86464      43.71          5  0.000e+00
      26627   1109.417     10.563     10.653    10.8365    10.9700  35.766646  35.841088    10.8353    10.9687    31.8857    31.8433    24.3800    24.3238     8.7693     8.7186    267.521    265.989     2.5140     2.3614     0.4505    10.2387     3.1636     1.4090     0.8755 -125.42506   48.86464      43.74          5  0.000e+00
      26628   1109.458     10.563     10.653    10.8372    10.9752  35.766202  35.842927    10.8360    10.9739    31.8847    31.8406    24.3791    24.3209     8.7692     8.7234    267.519    266.137     2.5140     2.3626     0.4505    10.2387     3.1636     1.4090     0.8755 -125.42506   48.86464      43.79          5  0.000e+00
      26629   1109.500     10.523     10.613    10.8380    10.9742  35.766138  35.845083    10.8368    10.9729    31.8839    31.8436    24.3784    24.3234     8.7690     8.7234    267.515    266.137     2.5140     2.3626     0.4505    10.2387     3.1636     1.4090     0.8755 -125.42506   48.86464      43.86          5  0.000e+00
      26630   1109.542     10.510     10.600    10.8377    10.9668  35.767787  35.846607    10.8365    10.9656    31.8858    31.8515    24.3799    24.3308     8.7637     8.7187    267.351    265.991     2.5128     2.3614     0.4505    10.2387     3.1636     1.4090     0.8755 -125.42506   48.86464      43.86          5  0.000e+00
      26631   1109.583     10.563     10.653    10.8405    10.9644  35.771022  35.848066    10.8393    10.9631    31.8866    31.8551    24.3800    24.3340     8.7632     8.7191    267.335    266.002     2.5128     2.3614     0.4493    10.2082     3.1636     1.4090     0.8755 -125.42506   48.86464      43.86          5  0.000e+00
