West Coast/WCOA-7/CTD_Data/RB2102_CTD_130_01.ros
* Sea-Bird SBE 9 Data File:
* FileName = C:\Users\scs.user.rb\CTD\RB2102\Data\RB2102_CTD_130_01.hex
* Software Version Seasave V 7.26.7.107
* Temperature SN = 6202
* Conductivity SN = 4907
* Number of Bytes Per Scan = 41
* Number of Voltage Words = 4
* Number of Scans Averaged by the Deck Unit = 1
* NMEA Latitude = 32 39.05 N
* NMEA Longitude = 119 28.96 W
* NMEA UTC (Time) = Jul 22 2021  01:30:53
* NMEA baud rate = 4800
# nquan = 30
# nvalues = 1127                                  
# units = specified
# name 0 = scan: Scan Count
# name 1 = timeS: Time, Elapsed [seconds]
# name 2 = depSM: Depth [salt water, m]
# name 3 = prDM: Pressure, Digiquartz [db]
# name 4 = t090C: Temperature [ITS-90, deg C]
# name 5 = t190C: Temperature, 2 [ITS-90, deg C]
# name 6 = c0mS/cm: Conductivity [mS/cm]
# name 7 = c1mS/cm: Conductivity, 2 [mS/cm]
# name 8 = potemp090C: Potential Temperature [ITS-90, deg C]
# name 9 = potemp190C: Potential Temperature, 2 [ITS-90, deg C]
# name 10 = sal00: Salinity, Practical [PSU]
# name 11 = sal11: Salinity, Practical, 2 [PSU]
# name 12 = sigma-é00: Density [sigma-theta, kg/m^3]
# name 13 = sigma-é11: Density, 2 [sigma-theta, kg/m^3]
# name 14 = sbeox0Mg/L: Oxygen, SBE 43 [mg/l]
# name 15 = sbeox1Mg/L: Oxygen, SBE 43, 2 [mg/l]
# name 16 = sbox0Mm/Kg: Oxygen, SBE 43 [umol/kg]
# name 17 = sbox1Mm/Kg: Oxygen, SBE 43, 2 [umol/kg]
# name 18 = sbeox0V: Oxygen raw, SBE 43 [V]
# name 19 = sbeox1V: Oxygen raw, SBE 43, 2 [V]
# name 20 = v4: Voltage 4
# name 21 = flECO-AFL: Fluorescence, WET Labs ECO-AFL/FL [mg/m^3]
# name 22 = v3: Voltage 3
# name 23 = v6: Voltage 6
# name 24 = v7: Voltage 7
# name 25 = longitude: Longitude [deg]
# name 26 = latitude: Latitude [deg]
# name 27 = altM: Altimeter [m]
# name 28 = nbf: Bottles Fired
# name 29 = flag:  0.000e+00
# interval = seconds: 0.0416667
# start_time = Jul 22 2021 01:30:53 [NMEA time, header]
# bad_flag = -9.990e-29
*END*
[from data line 49]
      45230   1884.542   1311.108   1324.581     4.0663     4.0684  32.748997  32.751230     3.9623     3.9643    34.4717    34.4721    27.3698    27.3699     0.5540     0.5356     16.853     16.292     0.5800     0.5861     0.0415     0.0129     3.1624     0.0000     0.0000 -119.48330   32.65032       9.26          2  0.000e+00
      45231   1884.583   1311.108   1324.581     4.0666     4.0685  32.748875  32.751108     3.9626     3.9645    34.4712    34.4718    27.3694    27.3697     0.5540     0.5356     16.853     16.292     0.5800     0.5861     0.0415     0.0129     3.1636     0.0000     0.0000 -119.48330   32.65032       9.23          2  0.000e+00
      45232   1884.625   1311.007   1324.478     4.0666     4.0682  32.748936  32.750556     3.9626     3.9642    34.4713    34.4716    27.3695    27.3695     0.5468     0.5356     16.632     16.292     0.5788     0.5861     0.0415     0.0129     3.1636     0.0000     0.0000 -119.48330   32.65032       9.18          2  0.000e+00
      45233   1884.667   1311.054   1324.526     4.0667     4.0684  32.748874  32.750863     3.9627     3.9643    34.4711    34.4717    27.3693    27.3696     0.5468     0.5356     16.632     16.292     0.5788     0.5861     0.0415     0.0129     3.1624     0.0000     0.0000 -119.48330   32.65032       9.18          2  0.000e+00
      45234   1884.708   1311.108   1324.581     4.0664     4.0682  32.748936  32.750802     3.9624     3.9642    34.4714    34.4718    27.3696    27.3697     0.5468     0.5356     16.632     16.292     0.5788     0.5861     0.0415     0.0129     3.1636     0.0000     0.0000 -119.48330   32.65032       9.18          2  0.000e+00
      45235   1884.750   1311.027   1324.498     4.0666     4.0684  32.748874  32.750740     3.9626     3.9643    34.4712    34.4716    27.3694    27.3695     0.5468     0.5356     16.632     16.292     0.5788     0.5861     0.0415     0.0129     3.1624     0.0000     0.0000 -119.48330   32.65032       9.21          2  0.000e+00
      45236   1884.792   1311.155   1324.629     4.0667     4.0680  32.748875  32.750741     3.9627     3.9640    34.4710    34.4719    27.3692    27.3698     0.5468     0.5356     16.632     16.293     0.5788     0.5861     0.0415     0.0129     3.1636     0.0000     0.0000 -119.48330   32.65032       9.18          2  0.000e+00
      45237   1884.833   1311.054   1324.526     4.0663     4.0682  32.748936  32.750495     3.9623     3.9642    34.4716    34.4715    27.3697    27.3694     0.5468     0.5356     16.632     16.292     0.5788     0.5861     0.0415     0.0129     3.1636     0.0000     0.0000 -119.48330   32.65032       9.13          2  0.000e+00
      45238   1884.875   1311.108   1324.581     4.0664     4.0680  32.749120  32.750618     3.9624     3.9640    34.4717    34.4718    27.3697    27.3697     0.5468     0.5356     16.632     16.293     0.5788     0.5861     0.0415     0.0129     3.1624     0.0000     0.0000 -119.48330   32.65032       9.11          2  0.000e+00
      45239   1884.917   1311.108   1324.581     4.0663     4.0679  32.748997  32.750741     3.9623     3.9638    34.4717    34.4721    27.3698    27.3700     0.5468     0.5356     16.632     16.293     0.5788     0.5861     0.0415     0.0129     3.1624     0.0000     0.0000 -119.48330   32.65032       9.11          2  0.000e+00
      45240   1884.958   1311.054   1324.526     4.0663     4.0679  32.748875  32.750924     3.9623     3.9638    34.4715    34.4723    27.3697    27.3701     0.5468     0.5356     16.632     16.292     0.5788     0.5861     0.0415     0.0129     3.1636     0.0000     0.0000 -119.48330   32.65032       9.11          2  0.000e+00
      45241   1885.000   1311.108   1324.581     4.0664     4.0682  32.748936  32.751047     3.9624     3.9642    34.4714    34.4721    27.3696    27.3699     0.5468     0.5356     16.632     16.292     0.5788     0.5861     0.0415     0.0129     3.1636     0.0000     0.0000 -119.48330   32.65032       9.11          2  0.000e+00
      45242   1885.042   1311.054   1324.526     4.0664     4.0682  32.749120  32.750802     3.9624     3.9642    34.4717    34.4718    27.3698    27.3697     0.5468     0.5356     16.632     16.292     0.5788     0.5861     0.0415     0.0129     3.1636     0.0000     0.0000 -119.48330   32.65032       9.11          2  0.000e+00
      45243   1885.083   1311.054   1324.526     4.0664     4.0684  32.748936  32.751169     3.9624     3.9643    34.4715    34.4721    27.3696    27.3699     0.5468     0.5356     16.632     16.292     0.5788     0.5861     0.0415     0.0129     3.1624     0.0000     0.0000 -119.48330   32.65032       9.11          2  0.000e+00
      45244   1885.125   1311.108   1324.581     4.0664     4.0684  32.748691  32.751108     3.9624     3.9643    34.4711    34.4720    27.3693    27.3698     0.5468     0.5356     16.632     16.292     0.5788     0.5861     0.0415     0.0129     3.1624     0.0000     0.0000 -119.48330   32.65032       9.08          2  0.000e+00
      45245   1885.167   1311.054   1324.526     4.0666     4.0682  32.748813  32.751047     3.9626     3.9642    34.4712    34.4721    27.3693    27.3699     0.5468     0.5356     16.632     16.292     0.5788     0.5861     0.0415     0.0129     3.1624     0.0000     0.0000 -119.48330   32.65032       9.08          2  0.000e+00
      45246   1885.208   1311.007   1324.478     4.0666     4.0682  32.749181  32.751046     3.9626     3.9642    34.4716    34.4721    27.3697    27.3699     0.5468     0.5356     16.632     16.292     0.5788     0.5861     0.0415     0.0129     3.1624     0.0000     0.0000 -119.48330   32.65032       9.08          2  0.000e+00
      45247   1885.250   1311.054   1324.526     4.0666     4.0684  32.748936  32.750802     3.9626     3.9643    34.4713    34.4717    27.3695    27.3696     0.5468     0.5356     16.632     16.292     0.5788     0.5861     0.0415     0.0129     3.1624     0.0000     0.0000 -119.48330   32.65032       9.08          2  0.000e+00
      45248   1885.292   1311.007   1324.478     4.0664     4.0682  32.748629  32.750924     3.9624     3.9642    34.4711    34.4720    27.3693    27.3698     0.5468     0.5356     16.632     16.292     0.5788     0.5861     0.0415     0.0129     3.1636     0.0000     0.0000 -119.48330   32.65032       9.08          2  0.000e+00
      45249   1885.333   1311.007   1324.478     4.0666     4.0684  32.749119  32.751230     3.9626     3.9643    34.4715    34.4722    27.3696    27.3700     0.5468     0.5356     16.632     16.292     0.5788     0.5861     0.0415     0.0129     3.1636     0.0000     0.0000 -119.48330   32.65032       9.11          2  0.000e+00
      45250   1885.375   1311.007   1324.478     4.0664     4.0685  32.748936  32.751353     3.9624     3.9645    34.4715    34.4722    27.3696    27.3699     0.5468     0.5356     16.632     16.292     0.5788     0.5861     0.0415     0.0129     3.1636     0.0000     0.0000 -119.48330   32.65032       9.11          2  0.000e+00
      45251   1885.417   1310.953   1324.423     4.0666     4.0682  32.748935  32.751352     3.9626     3.9642    34.4714    34.4725    27.3695    27.3703     0.5468     0.5356     16.631     16.292     0.5788     0.5861     0.0415     0.0129     3.1624     0.0000     0.0000 -119.48330   32.65032       9.11          2  0.000e+00
      45252   1885.458   1310.953   1324.423     4.0664     4.0685  32.748874  32.751352     3.9624     3.9645    34.4714    34.4722    27.3696    27.3700     0.5468     0.5356     16.632     16.292     0.5788     0.5861     0.0415     0.0129     3.1636     0.0000     0.0000 -119.48330   32.65032       9.11          2  0.000e+00
      45253   1885.500   1310.872   1324.341     4.0664     4.0685  32.749180  32.751352     3.9624     3.9645    34.4718    34.4722    27.3699    27.3700     0.5468     0.5435     16.631     16.534     0.5788     0.5873     0.0415     0.0129     3.1624     0.0000     0.0000 -119.48330   32.65032       9.11          2  0.000e+00
      45254   1885.542   1310.953   1324.423     4.0664     4.0687  32.748935  32.751352     3.9624     3.9646    34.4715    34.4720    27.3696    27.3698     0.5468     0.5356     16.632     16.292     0.5788     0.5861     0.0415     0.0129     3.1624     0.0000     0.0000 -119.48330   32.65032       9.11          2  0.000e+00
      45255   1885.583   1310.899   1324.369     4.0663     4.0688  32.749058  32.751536     3.9623     3.9648    34.4718    34.4721    27.3699    27.3699     0.5468     0.5356     16.631     16.292     0.5788     0.5861     0.0415     0.0129     3.1636     0.0000     0.0000 -119.48330   32.65032       9.16          2  0.000e+00
      45256   1885.625   1310.852   1324.321     4.0661     4.0687  32.748813  32.751597     3.9622     3.9646    34.4717    34.4724    27.3698    27.3701     0.5468     0.5356     16.631     16.292     0.5788     0.5861     0.0415     0.0129     3.1624     0.0000     0.0000 -119.48330   32.65032       9.16          2  0.000e+00
      45257   1885.667   1310.852   1324.321     4.0666     4.0687  32.748567  32.751413     3.9626     3.9646    34.4710    34.4722    27.3692    27.3699     0.5468     0.5356     16.631     16.292     0.5788     0.5861     0.0415     0.0129     3.1624     0.0000     0.0000 -119.48330   32.65032       9.16          2  0.000e+00
      45258   1885.708   1310.798   1324.266     4.0660     4.0687  32.748629  32.751536     3.9620     3.9647    34.4717    34.4723    27.3698    27.3701     0.5468     0.5356     16.631     16.292     0.5788     0.5861     0.0415     0.0129     3.1636     0.0000     0.0000 -119.48330   32.65032       9.16          2  0.000e+00
      45259   1885.750   1310.798   1324.266     4.0661     4.0687  32.748812  32.751597     3.9622     3.9647    34.4718    34.4724    27.3699    27.3701     0.5468     0.5356     16.631     16.291     0.5788     0.5861     0.0415     0.0129     3.1636     0.0000     0.0000 -119.48330   32.65032       9.16          2  0.000e+00
      45260   1885.792   1310.798   1324.266     4.0661     4.0687  32.748629  32.751413     3.9621     3.9647    34.4716    34.4722    27.3697    27.3699     0.5468     0.5356     16.631     16.292     0.5788     0.5861     0.0415     0.0129     3.1636     0.0000     0.0000 -119.48330   32.65032       9.18          2  0.000e+00
      45261   1885.833   1310.696   1324.163     4.0661     4.0688  32.748628  32.751352     3.9622     3.9648    34.4716    34.4720    27.3697    27.3698     0.5468     0.5435     16.631     16.533     0.5788     0.5873     0.0415     0.0129     3.1624     0.0000     0.0000 -119.48330   32.65032       9.26          2  0.000e+00
      45262   1885.875   1310.750   1324.218     4.0660     4.0687  32.748567  32.751535     3.9620     3.9647    34.4716    34.4724    27.3698    27.3701     0.5468     0.5356     16.631     16.291     0.5788     0.5861     0.0415     0.0129     3.1636     0.0000     0.0000 -119.48330   32.65032       9.30          2  0.000e+00
      45263   1885.917   1310.649   1324.115     4.0661     4.0688  32.748628  32.751596     3.9621     3.9648    34.4717    34.4723    27.3698    27.3700     0.5468     0.5356     16.631     16.291     0.5788     0.5861     0.0415     0.0129     3.1624     0.0000     0.0000 -119.48330   32.65032       9.30          2  0.000e+00
      45264   1885.958   1310.649   1324.116     4.0660     4.0688  32.748322  32.751413     3.9620     3.9648    34.4714    34.4721    27.3696    27.3699     0.5468     0.5356     16.631     16.291     0.5788     0.5861     0.0415     0.0129     3.1624     0.0000     0.0000 -119.48330   32.65032       9.30          2  0.000e+00
      45265   1886.000   1310.595   1324.061     4.0661     4.0688  32.748567  32.751351     3.9622     3.9648    34.4716    34.4721    27.3697    27.3698     0.5467     0.5356     16.631     16.291     0.5788     0.5861     0.0415     0.0129     3.1636     0.0000     0.0000 -119.48330   32.65032       9.30          2  0.000e+00
      45266   1886.042   1310.595   1324.061     4.0661     4.0688  32.748567  32.751535     3.9621     3.9648    34.4716    34.4723    27.3698    27.3700     0.5467     0.5356     16.631     16.291     0.5788     0.5861     0.0415     0.0129     3.1636     0.0000     0.0000 -119.48330   32.65032       9.33          2  0.000e+00
      45267   1886.083   1310.595   1324.061     4.0660     4.0688  32.748321  32.751412     3.9620     3.9648    34.4714    34.4721    27.3696    27.3699     0.5467     0.5356     16.631     16.291     0.5788     0.5861     0.0415     0.0129     3.1636     0.0000     0.0000 -119.48330   32.65032       9.40          2  0.000e+00
      45268   1886.125   1310.514   1323.979     4.0660     4.0688  32.748566  32.751351     3.9620     3.9648    34.4718    34.4721    27.3699    27.3699     0.5467     0.5356     16.631     16.291     0.5788     0.5861     0.0415     0.0129     3.1624     0.0000     0.0000 -119.48330   32.65032       9.43          2  0.000e+00
      45269   1886.167   1310.494   1323.958     4.0661     4.0688  32.748811  32.751535     3.9621     3.9648    34.4720    34.4723    27.3700    27.3700     0.5467     0.5356     16.631     16.291     0.5788     0.5861     0.0415     0.0129     3.1624     0.0000     0.0000 -119.48330   32.65032       9.43          2  0.000e+00
      45270   1886.208   1310.440   1323.903     4.0660     4.0690  32.748505  32.751596     3.9620     3.9650    34.4717    34.4723    27.3698    27.3700     0.5467     0.5356     16.631     16.291     0.5788     0.5861     0.0415     0.0129     3.1624     0.0000     0.0000 -119.48330   32.65032       9.43          2  0.000e+00
      45271   1886.250   1310.440   1323.903     4.0661     4.0690  32.748750  32.751412     3.9622     3.9650    34.4719    34.4721    27.3699    27.3698     0.5467     0.5356     16.630     16.291     0.5788     0.5861     0.0415     0.0129     3.1648     0.0000     0.0000 -119.48330   32.65032       9.43          2  0.000e+00
      45272   1886.292   1310.339   1323.801     4.0664     4.0688  32.748872  32.751350     3.9625     3.9648    34.4717    34.4722    27.3698    27.3699     0.5467     0.5356     16.630     16.290     0.5788     0.5861     0.0415     0.0129     3.1624     0.0000     0.0000 -119.48330   32.65032       9.45          2  0.000e+00
      45273   1886.333   1310.339   1323.801     4.0663     4.0688  32.748934  32.751350     3.9623     3.9648    34.4720    34.4722    27.3700    27.3699     0.5467     0.5356     16.630     16.290     0.5788     0.5861     0.0415     0.0129     3.1624     0.0000     0.0000 -119.48330   32.65032       9.57          2  0.000e+00
      45274   1886.375   1310.339   1323.801     4.0666     4.0688  32.749117  32.751534     3.9626     3.9648    34.4719    34.4724    27.3699    27.3701     0.5467     0.5356     16.630     16.290     0.5788     0.5861     0.0415     0.0129     3.1636     0.0000     0.0000 -119.48330   32.65032       9.62          2  0.000e+00
      45275   1886.417   1310.237   1323.698     4.0667     4.0687  32.748811  32.751166     3.9628     3.9647    34.4714    34.4722    27.3695    27.3699     0.5467     0.5356     16.630     16.290     0.5788     0.5861     0.0415     0.0129     3.1624     0.0000     0.0000 -119.48330   32.65032       9.62          2  0.000e+00
      45276   1886.458   1310.291   1323.753     4.0667     4.0687  32.749056  32.751044     3.9628     3.9647    34.4717    34.4720    27.3697    27.3698     0.5467     0.5356     16.630     16.290     0.5788     0.5861     0.0415     0.0129     3.1624     0.0000     0.0000 -119.48330   32.65032       9.62          2  0.000e+00
