West Coast/WCOA-7/CTD_Data/RB2102_CTD_098_01.ros
* Sea-Bird SBE 9 Data File:
* FileName = C:\Users\scs.user.rb\CTD\RB2102\Data\RB2102_CTD_098_01.hex
* Software Version Seasave V 7.26.7.107
* Temperature SN = 6202
* Conductivity SN = 4907
* Number of Bytes Per Scan = 41
* Number of Voltage Words = 4
* Number of Scans Averaged by the Deck Unit = 1
* NMEA Latitude = 36 37.22 N
* NMEA Longitude = 122 24.90 W
* NMEA UTC (Time) = Jul 14 2021  14:37:31
* NMEA baud rate = 4800
# nquan = 30
# nvalues = 1127                                  
# units = specified
# name 0 = scan: Scan Count
# name 1 = timeS: Time, Elapsed [seconds]
# name 2 = depSM: Depth [salt water, m]
# name 3 = prDM: Pressure, Digiquartz [db]
# name 4 = t090C: Temperature [ITS-90, deg C]
# name 5 = t190C: Temperature, 2 [ITS-90, deg C]
# name 6 = c0mS/cm: Conductivity [mS/cm]
# name 7 = c1mS/cm: Conductivity, 2 [mS/cm]
# name 8 = potemp090C: Potential Temperature [ITS-90, deg C]
# name 9 = potemp190C: Potential Temperature, 2 [ITS-90, deg C]
# name 10 = sal00: Salinity, Practical [PSU]
# name 11 = sal11: Salinity, Practical, 2 [PSU]
# name 12 = sigma-é00: Density [sigma-theta, kg/m^3]
# name 13 = sigma-é11: Density, 2 [sigma-theta, kg/m^3]
# name 14 = sbeox0Mg/L: Oxygen, SBE 43 [mg/l]
# name 15 = sbeox1Mg/L: Oxygen, SBE 43, 2 [mg/l]
# name 16 = sbox0Mm/Kg: Oxygen, SBE 43 [umol/kg]
# name 17 = sbox1Mm/Kg: Oxygen, SBE 43, 2 [umol/kg]
# name 18 = sbeox0V: Oxygen raw, SBE 43 [V]
# name 19 = sbeox1V: Oxygen raw, SBE 43, 2 [V]
# name 20 = v4: Voltage 4
# name 21 = flECO-AFL: Fluorescence, WET Labs ECO-AFL/FL [mg/m^3]
# name 22 = v3: Voltage 3
# name 23 = v6: Voltage 6
# name 24 = v7: Voltage 7
# name 25 = longitude: Longitude [deg]
# name 26 = latitude: Latitude [deg]
# name 27 = altM: Altimeter [m]
# name 28 = nbf: Bottles Fired
# name 29 = flag:  0.000e+00
# interval = seconds: 0.0416667
# start_time = Jul 14 2021 14:37:31 [NMEA time, header]
# bad_flag = -9.990e-29
*END*
[from data line 774]
     233766   9740.208     50.187     50.565    10.8824    10.8779  37.765835  37.758362    10.8764    10.8718    33.8146    33.8114    25.8745    25.8728     5.0357     5.2693    153.398    160.514     1.6606     1.6325     0.0537     0.3181     3.2051     0.0415     0.0000 -122.41588   36.61934      99.44         16  0.000e+00
     233767   9740.250     50.187     50.565    10.8808    10.8782  37.765447  37.758297    10.8747    10.8722    33.8158    33.8110    25.8757    25.8724     5.0358     5.2635    153.403    160.340     1.6606     1.6313     0.0537     0.3181     3.2063     0.0403     0.0000 -122.41588   36.61934      99.44         16  0.000e+00
     233768   9740.292     50.187     50.565    10.8808    10.8777  37.765382  37.758491    10.8747    10.8716    33.8157    33.8117    25.8757    25.8731     5.0411     5.2636    153.562    160.341     1.6618     1.6313     0.0549     0.3486     3.2051     0.0403     0.0000 -122.41588   36.61934      99.44         16  0.000e+00
     233769   9740.333     50.187     50.565    10.8809    10.8779  37.764410  37.758621    10.8749    10.8719    33.8146    33.8116    25.8747    25.8729     5.0358     5.2636    153.403    160.340     1.6606     1.6313     0.0537     0.3181     3.2063     0.0403     0.0000 -122.41588   36.61934      99.44         16  0.000e+00
     233770   9740.375     50.220     50.599    10.8813    10.8781  37.763827  37.758103    10.8752    10.8720    33.8137    33.8109    25.8740    25.8724     5.0411     5.2636    153.563    160.341     1.6618     1.6313     0.0549     0.3486     3.2051     0.0415     0.0000 -122.41588   36.61934      99.44         16  0.000e+00
     233771   9740.417     50.187     50.565    10.8831    10.8776  37.763956  37.757844    10.8770    10.8715    33.8122    33.8111    25.8725    25.8727     5.0409     5.2636    153.558    160.342     1.6618     1.6313     0.0537     0.3181     3.2051     0.0403     0.0000 -122.41588   36.61934      99.44         16  0.000e+00
     233772   9740.458     50.187     50.565    10.8849    10.8777  37.763502  37.757909    10.8788    10.8717    33.8101    33.8110    25.8705    25.8726     5.0408     5.2636    153.554    160.341     1.6618     1.6313     0.0537     0.3181     3.2063     0.0415     0.0000 -122.41588   36.61934      99.44         16  0.000e+00
     233773   9740.500     50.134     50.512    10.8850    10.8779  37.763113  37.758167    10.8790    10.8718    33.8095    33.8112    25.8701    25.8727     5.0408     5.2635    153.553    160.340     1.6618     1.6313     0.0537     0.3181     3.2063     0.0427     0.0000 -122.41588   36.61934      99.44         16  0.000e+00
     233774   9740.542     50.233     50.612    10.8854    10.8777  37.762854  37.758038    10.8793    10.8717    33.8089    33.8112    25.8696    25.8726     5.0408     5.2579    153.555    160.169     1.6618     1.6300     0.0537     0.3181     3.2051     0.0427     0.0000 -122.41588   36.61934      99.44         16  0.000e+00
     233775   9740.583     50.134     50.512    10.8845    10.8781  37.762465  37.758167    10.8785    10.8721    33.8093    33.8110    25.8700    25.8724     5.0461     5.2578    153.715    160.165     1.6630     1.6300     0.0537     0.3181     3.2051     0.0427     0.0000 -122.41588   36.61934      99.44         16  0.000e+00
     238142   9922.542     39.992     40.293    11.0037    10.9945  37.782309  37.779942    10.9988    10.9896    33.7239    33.7300    25.7820    25.7884     5.5718     5.8133    169.745    177.100     1.7900     1.7534     0.0562     0.3792     3.2039     0.0391     0.0000 -122.41588   36.61934      99.37         17  0.000e+00
     238143   9922.583     39.939     40.239    11.0034    10.9952  37.782309  37.780071    10.9986    10.9903    33.7241    33.7295    25.7823    25.7879     5.5718     5.8188    169.745    177.270     1.7900     1.7546     0.0562     0.3792     3.2039     0.0391     0.0000 -122.41588   36.61934      99.37         17  0.000e+00
     238144   9922.625     39.992     40.293    11.0029    10.9950  37.782050  37.779812    10.9980    10.9901    33.7243    33.7294    25.7825    25.7879     5.5719     5.8132    169.748    177.099     1.7900     1.7534     0.0574     0.4097     3.2039     0.0391     0.0000 -122.41588   36.61934      99.37         17  0.000e+00
     238145   9922.667     39.939     40.239    11.0024    10.9952  37.781726  37.779941    10.9976    10.9903    33.7245    33.7294    25.7827    25.7878     5.5719     5.8132    169.748    177.097     1.7900     1.7534     0.0562     0.3792     3.2051     0.0391     0.0000 -122.41588   36.61934      99.37         17  0.000e+00
     238146   9922.708     40.039     40.339    11.0020    10.9950  37.781402  37.779812    10.9972    10.9901    33.7245    33.7294    25.7828    25.7878     5.5720     5.8133    169.752    177.100     1.7900     1.7534     0.0562     0.3792     3.2039     0.0391     0.0000 -122.41588   36.61934      99.37         17  0.000e+00
     238147   9922.750     39.939     40.239    11.0020    10.9950  37.781272  37.779488    10.9971    10.9901    33.7244    33.7291    25.7827    25.7876     5.5772     5.8189    169.909    177.271     1.7912     1.7546     0.0562     0.3792     3.2051     0.0391     0.0000 -122.41588   36.61934      99.37         17  0.000e+00
     238148   9922.792     39.992     40.293    11.0015    10.9952  37.780819  37.780201    10.9967    10.9903    33.7244    33.7296    25.7828    25.7880     5.5773     5.8189    169.912    177.271     1.7912     1.7546     0.0562     0.3792     3.2039     0.0379     0.0000 -122.41588   36.61934      99.37         17  0.000e+00
     238149   9922.833     39.999     40.299    11.0013    10.9952  37.780365  37.780654    10.9964    10.9903    33.7241    33.7300    25.7826    25.7883     5.5773     5.8132    169.913    177.098     1.7912     1.7534     0.0574     0.4097     3.2051     0.0379     0.0000 -122.41588   36.61934      99.37         17  0.000e+00
     238150   9922.875     39.992     40.293    11.0012    10.9957  37.780560  37.781755    10.9964    10.9908    33.7244    33.7307    25.7829    25.7887     5.5773     5.8188    169.913    177.268     1.7912     1.7546     0.0562     0.3792     3.2039     0.0391     0.0000 -122.41588   36.61934      99.37         17  0.000e+00
     238151   9922.917     40.039     40.339    11.0010    10.9963  37.779912  37.782273    10.9961    10.9914    33.7239    33.7306    25.7825    25.7886     5.5774     5.8130    169.915    177.093     1.7912     1.7534     0.0574     0.4097     3.2039     0.0391     0.0000 -122.41588   36.61934      99.37         17  0.000e+00
     238152   9922.958     39.992     40.293    11.0007    10.9967  37.779652  37.781885    10.9959    10.9918    33.7239    33.7299    25.7826    25.7880     5.5826     5.8187    170.074    177.264     1.7924     1.7546     0.0574     0.4097     3.2039     0.0391     0.0000 -122.41588   36.61934      99.37         17  0.000e+00
     238153   9923.000     39.992     40.293    11.0006    10.9962  37.779652  37.780783    10.9958    10.9913    33.7240    33.7292    25.7827    25.7875     5.5826     5.8131    170.075    177.094     1.7924     1.7534     0.0574     0.4097     3.2039     0.0379     0.0000 -122.41588   36.61934      99.37         17  0.000e+00
     238154   9923.042     39.992     40.293    11.0005    10.9955  37.779847  37.779682    10.9957    10.9906    33.7243    33.7288    25.7829    25.7873     5.5826     5.8189    170.075    177.271     1.7924     1.7546     0.0574     0.4097     3.2039     0.0379     0.0000 -122.41588   36.61934      99.37         17  0.000e+00
     238155   9923.083     39.992     40.293    11.0005    10.9947  37.779976  37.779164    10.9956    10.9898    33.7245    33.7290    25.7831    25.7876     5.5826     5.8190    170.074    177.274     1.7924     1.7546     0.0574     0.4097     3.2039     0.0379     0.0000 -122.41588   36.61934      99.37         17  0.000e+00
     238156   9923.125     40.038     40.339    11.0002    10.9943  37.779977  37.779294    10.9954    10.9895    33.7247    33.7294    25.7833    25.7880     5.5827     5.8190    170.076    177.276     1.7924     1.7546     0.0574     0.4097     3.2039     0.0379     0.0000 -122.41588   36.61934      99.37         17  0.000e+00
     238157   9923.167     39.999     40.299    11.0003    10.9935  37.779717  37.778905    10.9955    10.9887    33.7244    33.7298    25.7830    25.7885     5.5827     5.8134    170.075    177.105     1.7924     1.7534     0.0574     0.4097     3.2039     0.0366     0.0000 -122.41588   36.61934      99.37         17  0.000e+00
     238158   9923.208     39.992     40.293    11.0002    10.9927  37.779847  37.777481    10.9954    10.9878    33.7246    33.7292    25.7832    25.7881     5.5879     5.8192    170.234    177.282     1.7937     1.7546     0.0574     0.4097     3.2039     0.0366     0.0000 -122.41588   36.61934      99.37         17  0.000e+00
     238159   9923.250     39.992     40.293    11.0005    10.9920  37.779976  37.776574    10.9956    10.9872    33.7245    33.7289    25.7831    25.7880     5.5878     5.8136    170.234    177.112     1.7937     1.7534     0.0562     0.3792     3.2039     0.0366     0.0000 -122.41588   36.61934      99.37         17  0.000e+00
     238160   9923.292     40.038     40.339    11.0007    10.9913  37.779717  37.775862    10.9959    10.9865    33.7240    33.7288    25.7826    25.7881     5.5879     5.8195    170.234    177.289     1.7937     1.7546     0.0574     0.4097     3.2039     0.0379     0.0000 -122.41588   36.61934      99.37         17  0.000e+00
     238161   9923.333     40.038     40.339    11.0006    10.9907  37.779069  37.775991    10.9958    10.9858    33.7234    33.7295    25.7822    25.7887     5.5879     5.8195    170.235    177.290     1.7937     1.7546     0.0574     0.4097     3.2039     0.0366     0.0000 -122.41588   36.61934      99.37         17  0.000e+00
     238162   9923.375     39.992     40.292    11.0002    10.9902  37.778745  37.776121    10.9954    10.9853    33.7235    33.7301    25.7823    25.7893     5.5879     5.8195    170.236    177.291     1.7937     1.7546     0.0574     0.4097     3.2039     0.0379     0.0000 -122.41588   36.61934      99.37         17  0.000e+00
     238163   9923.417     39.992     40.292    10.9993    10.9895  37.777903  37.775862    10.9945    10.9847    33.7235    33.7304    25.7825    25.7897     5.5932     5.8139    170.398    177.120     1.7949     1.7534     0.0562     0.3792     3.2039     0.0379     0.0000 -122.41588   36.61934      99.37         17  0.000e+00
     238164   9923.458     40.038     40.339    10.9984    10.9899  37.777838  37.776250    10.9936    10.9850    33.7242    33.7305    25.7832    25.7897     5.5934     5.8139    170.402    177.119     1.7949     1.7534     0.0562     0.3792     3.2039     0.0379     0.0000 -122.41588   36.61934      99.37         17  0.000e+00
     238165   9923.500     39.992     40.292    10.9981    10.9899  37.777708  37.777416    10.9932    10.9850    33.7244    33.7317    25.7835    25.7906     5.5934     5.8195    170.402    177.290     1.7949     1.7546     0.0574     0.4097     3.2039     0.0366     0.0000 -122.41588   36.61934      99.37         17  0.000e+00
     238166   9923.542     40.045     40.346    10.9978    10.9902  37.777644  37.777999    10.9930    10.9853    33.7246    33.7320    25.7836    25.7907     5.5934     5.8195    170.404    177.290     1.7949     1.7546     0.0574     0.4097     3.2027     0.0366     0.0000 -122.41588   36.61934      99.37         17  0.000e+00
     238167   9923.583     40.038     40.339    10.9976    10.9904  37.777838  37.777870    10.9927    10.9855    33.7250    33.7317    25.7840    25.7905     5.5934     5.8195    170.404    177.289     1.7949     1.7546     0.0574     0.4097     3.2039     0.0366     0.0000 -122.41588   36.61934      99.37         17  0.000e+00
     238168   9923.625     40.038     40.339    10.9967    10.9907  37.777190  37.777028    10.9919    10.9858    33.7251    33.7305    25.7843    25.7895     5.5935     5.8195    170.407    177.289     1.7949     1.7546     0.0574     0.4097     3.2027     0.0379     0.0000 -122.41588   36.61934      99.37         17  0.000e+00
     238169   9923.667     39.992     40.292    10.9966    10.9907  37.777190  37.776509    10.9917    10.9858    33.7253    33.7300    25.7844    25.7891     5.5935     5.8195    170.406    177.289     1.7949     1.7546     0.0574     0.4097     3.2051     0.0379     0.0000 -122.41588   36.61934      99.37         17  0.000e+00
     238170   9923.708     40.038     40.339    10.9977    10.9910  37.776801  37.776186    10.9928    10.9861    33.7239    33.7294    25.7831    25.7886     5.5987     5.8195    170.564    177.289     1.7961     1.7546     0.0574     0.4097     3.2027     0.0366     0.0000 -122.41588   36.61934      99.37         17  0.000e+00
     238171   9923.750     40.038     40.339    10.9966    10.9913  37.776088  37.775862    10.9917    10.9865    33.7242    33.7288    25.7835    25.7881     5.5988     5.8195    170.568    177.289     1.7961     1.7546     0.0562     0.3792     3.2051     0.0366     0.0000 -122.41588   36.61934      99.34         17  0.000e+00
     238172   9923.792     40.038     40.339    10.9929    10.9913  37.774987  37.775797    10.9881    10.9865    33.7264    33.7287    25.7859    25.7880     5.5992     5.8195    170.579    177.289     1.7961     1.7546     0.0574     0.4097     3.2039     0.0366     0.0000 -122.41588   36.61934      99.37         17  0.000e+00
     238173   9923.833     39.992     40.292    10.9905    10.9915  37.773886  37.775279    10.9856    10.9867    33.7276    33.7281    25.7873    25.7875     5.5994     5.8137    170.585    177.115     1.7961     1.7534     0.0562     0.3792     3.2051     0.0391     0.0000 -122.41588   36.61934      99.37         17  0.000e+00
     238174   9923.875     40.038     40.339    10.9897    10.9910  37.773108  37.775344    10.9848    10.9861    33.7276    33.7286    25.7874    25.7879     5.5996     5.8195    170.590    177.290     1.7961     1.7546     0.0574     0.4097     3.2039     0.0427     0.0000 -122.41588   36.61934      99.37         17  0.000e+00
     238175   9923.917     40.045     40.346    10.9893    10.9909  37.773497  37.775214    10.9845    10.9860    33.7283    33.7286    25.7880    25.7880     5.5996     5.8195    170.590    177.291     1.7961     1.7546     0.0574     0.4097     3.2039     0.0427     0.0000 -122.41588   36.61934      99.37         17  0.000e+00
     238176   9923.958     40.038     40.339    10.9897    10.9907  37.773108  37.775149    10.9848    10.9858    33.7276    33.7287    25.7874    25.7881     5.6048     5.8195    170.749    177.291     1.7973     1.7546     0.0574     0.4097     3.2039     0.0427     0.0000 -122.41588   36.61934      99.37         17  0.000e+00
     238177   9924.000     40.038     40.339    10.9897    10.9904  37.773756  37.775344    10.9848    10.9855    33.7282    33.7291    25.7879    25.7885     5.6048     5.8196    170.748    177.292     1.7973     1.7546     0.0574     0.4097     3.2039     0.0415     0.0000 -122.41588   36.61934      99.37         17  0.000e+00
     238178   9924.042     40.038     40.339    10.9897    10.9901  37.773756  37.775473    10.9848    10.9853    33.7282    33.7295    25.7879    25.7888     5.6048     5.8139    170.748    177.120     1.7973     1.7534     0.0562     0.3792     3.2051     0.0415     0.0000 -122.41588   36.61934      99.37         17  0.000e+00
