West Coast/WCOA-7/CTD_Data/RB2102_CTD_068_01.ros
* Sea-Bird SBE 9 Data File:
* FileName = C:\Users\scs.user.rb\CTD\RB2102\Data\RB2102_CTD_068_01.hex
* Software Version Seasave V 7.26.7.107
* Temperature SN = 6202
* Conductivity SN = 4907
* Number of Bytes Per Scan = 41
* Number of Voltage Words = 4
* Number of Scans Averaged by the Deck Unit = 1
* NMEA Latitude = 41 35.86 N
* NMEA Longitude = 124 09.19 W
* NMEA UTC (Time) = Jul 07 2021  05:05:10
* NMEA baud rate = 4800
# nquan = 30
# nvalues = 588                                   
# units = specified
# name 0 = scan: Scan Count
# name 1 = timeS: Time, Elapsed [seconds]
# name 2 = depSM: Depth [salt water, m]
# name 3 = prDM: Pressure, Digiquartz [db]
# name 4 = t090C: Temperature [ITS-90, deg C]
# name 5 = t190C: Temperature, 2 [ITS-90, deg C]
# name 6 = c0mS/cm: Conductivity [mS/cm]
# name 7 = c1mS/cm: Conductivity, 2 [mS/cm]
# name 8 = potemp090C: Potential Temperature [ITS-90, deg C]
# name 9 = potemp190C: Potential Temperature, 2 [ITS-90, deg C]
# name 10 = sal00: Salinity, Practical [PSU]
# name 11 = sal11: Salinity, Practical, 2 [PSU]
# name 12 = sigma-é00: Density [sigma-theta, kg/m^3]
# name 13 = sigma-é11: Density, 2 [sigma-theta, kg/m^3]
# name 14 = sbeox0Mg/L: Oxygen, SBE 43 [mg/l]
# name 15 = sbeox1Mg/L: Oxygen, SBE 43, 2 [mg/l]
# name 16 = sbox0Mm/Kg: Oxygen, SBE 43 [umol/kg]
# name 17 = sbox1Mm/Kg: Oxygen, SBE 43, 2 [umol/kg]
# name 18 = sbeox0V: Oxygen raw, SBE 43 [V]
# name 19 = sbeox1V: Oxygen raw, SBE 43, 2 [V]
# name 20 = v4: Voltage 4
# name 21 = flECO-AFL: Fluorescence, WET Labs ECO-AFL/FL [mg/m^3]
# name 22 = v3: Voltage 3
# name 23 = v6: Voltage 6
# name 24 = v7: Voltage 7
# name 25 = longitude: Longitude [deg]
# name 26 = latitude: Latitude [deg]
# name 27 = altM: Altimeter [m]
# name 28 = nbf: Bottles Fired
# name 29 = flag:  0.000e+00
# interval = seconds: 0.0416667
# start_time = Jul 07 2021 05:05:10 [NMEA time, header]
# bad_flag = -9.990e-29
*END*
[from data line 291]
      19573    815.500     10.715     10.799    12.8469    12.8626  38.986302  38.995751    12.8454    12.8612    33.2492    33.2442    25.0672    25.0602    10.0589    10.3558    306.657    315.712     2.9377     2.8278     0.4725    10.7882     3.3382     0.0940     0.0403 -124.15310   41.59806      24.44          6  0.000e+00
      19574    815.542     10.721     10.806    12.8483    12.8633  38.988205  38.995423    12.8469    12.8619    33.2496    33.2433    25.0672    25.0594    10.0585    10.3557    306.646    315.709     2.9377     2.8278     0.4737    10.8187     3.3382     0.0940     0.0403 -124.15310   41.59806      24.47          6  0.000e+00
      19575    815.583     10.715     10.799    12.8501    12.8641  38.990699  38.995816    12.8487    12.8627    33.2505    33.2430    25.0675    25.0590    10.0531    10.3555    306.480    315.704     2.9365     2.8278     0.4737    10.8187     3.3382     0.0940     0.0403 -124.15310   41.59806      24.47          6  0.000e+00
      19602    816.708     10.569     10.652    12.8627    12.8705  38.995226  38.999488    12.8613    12.8690    33.2438    33.2410    25.0599    25.0562    10.0306    10.3540    305.796    315.659     2.9316     2.8278     0.4689    10.6966     3.3382     0.0928     0.0403 -124.15310   41.59806      24.66          7  0.000e+00
      19603    816.750     10.761     10.846    12.8632    12.8706  38.995226  38.999423    12.8617    12.8692    33.2433    33.2407    25.0594    25.0559    10.0307    10.3543    305.802    315.666     2.9316     2.8278     0.4689    10.6966     3.3394     0.0928     0.0403 -124.15310   41.59806      24.64          7  0.000e+00
      19604    816.792     10.622     10.706    12.8642    12.8710  38.995685  39.000407    12.8628    12.8696    33.2429    33.2413    25.0589    25.0564    10.0304    10.3539    305.791    315.656     2.9316     2.8278     0.4689    10.6966     3.3382     0.0928     0.0403 -124.15310   41.59806      24.66          7  0.000e+00
      19605    816.833     10.615     10.699    12.8647    12.8712  38.996604  39.001522    12.8633    12.8697    33.2433    33.2423    25.0591    25.0570    10.0302    10.3538    305.786    315.653     2.9316     2.8278     0.4689    10.6966     3.3382     0.0940     0.0403 -124.15310   41.59806      24.66          7  0.000e+00
      19606    816.875     10.615     10.699    12.8650    12.8715  38.996604  39.002244    12.8636    12.8701    33.2430    33.2427    25.0588    25.0573    10.0302    10.3537    305.785    315.650     2.9316     2.8278     0.4689    10.6966     3.3382     0.0940     0.0403 -124.15310   41.59806      24.66          7  0.000e+00
      19607    816.917     10.662     10.746    12.8652    12.8720  38.996539  39.002178    12.8638    12.8705    33.2428    33.2422    25.0586    25.0568    10.0302    10.3537    305.786    315.649     2.9316     2.8278     0.4689    10.6966     3.3382     0.0940     0.0403 -124.15310   41.59806      24.66          7  0.000e+00
      19608    816.958     10.622     10.706    12.8654    12.8727  38.996538  39.002899    12.8639    12.8713    33.2426    33.2422    25.0585    25.0567    10.0301    10.3535    305.784    315.642     2.9316     2.8278     0.4689    10.6966     3.3382     0.0940     0.0403 -124.15310   41.59806      24.66          7  0.000e+00
      19609    817.000     10.615     10.699    12.8660    12.8730  38.996538  39.002571    12.8646    12.8716    33.2421    33.2417    25.0579    25.0562    10.0300    10.3480    305.780    315.475     2.9316     2.8266     0.4689    10.6966     3.3382     0.0940     0.0415 -124.15310   41.59806      24.66          7  0.000e+00
      19610    817.042     10.615     10.699    12.8660    12.8730  38.997785  39.001456    12.8646    12.8716    33.2432    33.2406    25.0588    25.0554    10.0299    10.3481    305.778    315.478     2.9316     2.8266     0.4689    10.6966     3.3382     0.0940     0.0415 -124.15310   41.59806      24.66          7  0.000e+00
      19611    817.083     10.569     10.652    12.8665    12.8723  38.997982  39.001850    12.8651    12.8709    33.2430    33.2416    25.0585    25.0563    10.0298    10.3481    305.773    315.478     2.9316     2.8266     0.4689    10.6966     3.3382     0.0940     0.0415 -124.15310   41.59806      24.66          7  0.000e+00
      19612    817.125     10.576     10.659    12.8667    12.8727  38.996604  39.002112    12.8653    12.8713    33.2416    33.2415    25.0574    25.0562    10.0299    10.3480    305.776    315.476     2.9316     2.8266     0.4689    10.6966     3.3382     0.0940     0.0415 -124.15310   41.59806      24.71          7  0.000e+00
      19613    817.167     10.615     10.699    12.8665    12.8738  38.997457  39.002309    12.8651    12.8724    33.2425    33.2407    25.0581    25.0553    10.0299    10.3479    305.776    315.472     2.9316     2.8266     0.4689    10.6966     3.3382     0.0940     0.0415 -124.15310   41.59806      24.74          7  0.000e+00
      19614    817.208     10.569     10.652    12.8667    12.8747  38.996866  39.002702    12.8653    12.8733    33.2418    33.2403    25.0576    25.0548    10.0298    10.3477    305.775    315.465     2.9316     2.8266     0.4689    10.6966     3.3394     0.0940     0.0415 -124.15310   41.59806      24.74          7  0.000e+00
      19615    817.250     10.569     10.652    12.8662    12.8749  38.996735  39.002833    12.8648    12.8734    33.2421    33.2403    25.0579    25.0548    10.0299    10.3476    305.777    315.464     2.9316     2.8266     0.4664    10.6356     3.3382     0.0940     0.0415 -124.15310   41.59806      24.74          7  0.000e+00
      19616    817.292     10.576     10.659    12.8658    12.8747  38.996604  39.003030    12.8644    12.8733    33.2423    33.2406    25.0581    25.0551    10.0300    10.3476    305.779    315.464     2.9316     2.8266     0.4298     9.7198     3.3382     0.0940     0.0415 -124.15310   41.59806      24.74          7  0.000e+00
      19617    817.333     10.569     10.652    12.8657    12.8741  38.996998  39.001062    12.8643    12.8727    33.2428    33.2392    25.0585    25.0541    10.0300    10.3478    305.779    315.471     2.9316     2.8266     0.4078     9.1704     3.3382     0.0940     0.0415 -124.15310   41.59806      24.74          7  0.000e+00
      19618    817.375     10.569     10.652    12.8658    12.8735  38.997982  39.001390    12.8644    12.8721    33.2436    33.2401    25.0591    25.0549    10.0299    10.3479    305.776    315.474     2.9316     2.8266     0.4054     9.1093     3.3394     0.0940     0.0427 -124.15310   41.59806      24.76          7  0.000e+00
      19619    817.417     10.569     10.652    12.8658    12.8725  38.998704  39.001522    12.8644    12.8711    33.2443    33.2411    25.0597    25.0559    10.0299    10.3481    305.775    315.478     2.9316     2.8266     0.4078     9.1704     3.3382     0.0952     0.0415 -124.15310   41.59806      24.76          7  0.000e+00
      19620    817.458     10.529     10.612    12.8664    12.8718  38.998638  39.001194    12.8650    12.8704    33.2438    33.2414    25.0592    25.0562    10.0297    10.3482    305.771    315.481     2.9316     2.8266     0.4090     9.2009     3.3382     0.0940     0.0427 -124.15310   41.59806      24.76          7  0.000e+00
      19621    817.500     10.516     10.599    12.8672    12.8710  38.999557  39.000800    12.8658    12.8695    33.2439    33.2418    25.0591    25.0567    10.0345    10.3483    305.918    315.485     2.9328     2.8266     0.4090     9.2009     3.3382     0.0940     0.0427 -124.15310   41.59806      24.76          7  0.000e+00
      19622    817.542     10.516     10.599    12.8672    12.8710  39.000148  39.001259    12.8658    12.8696    33.2445    33.2422    25.0595    25.0570    10.0345    10.3483    305.916    315.484     2.9328     2.8266     0.4078     9.1704     3.3382     0.0940     0.0427 -124.15310   41.59806      24.76          7  0.000e+00
      19623    817.583     10.516     10.599    12.8682    12.8713  39.000476  39.001915    12.8668    12.8699    33.2440    33.2426    25.0589    25.0572    10.0343    10.3537    305.911    315.647     2.9328     2.8278     0.4090     9.2009     3.3382     0.0940     0.0427 -124.15310   41.59806      24.79          7  0.000e+00
      19624    817.625     10.529     10.612    12.8687    12.8718  39.000607  39.001587    12.8673    12.8704    33.2436    33.2418    25.0586    25.0565    10.0343    10.3536    305.909    315.646     2.9328     2.8278     0.4078     9.1704     3.3382     0.0940     0.0427 -124.15310   41.59806      24.81          7  0.000e+00
      19625    817.667     10.516     10.599    12.8695    12.8723  39.000804  39.001456    12.8681    12.8709    33.2431    33.2412    25.0580    25.0560    10.0341    10.3535    305.904    315.643     2.9328     2.8278     0.4078     9.1704     3.3394     0.0940     0.0427 -124.15310   41.59806      24.84          7  0.000e+00
      19626    817.708     10.516     10.599    12.8702    12.8730  39.001460  39.002440    12.8688    12.8716    33.2431    33.2416    25.0579    25.0561    10.0339    10.3533    305.900    315.638     2.9328     2.8278     0.4078     9.1704     3.3382     0.0940     0.0427 -124.15310   41.59806      24.81          7  0.000e+00
      19627    817.750     10.470     10.552    12.8705    12.8737  39.001657  39.002505    12.8691    12.8723    33.2430    33.2411    25.0577    25.0556    10.0338    10.3532    305.896    315.632     2.9328     2.8278     0.4078     9.1704     3.3394     0.0940     0.0427 -124.15310   41.59806      24.81          7  0.000e+00
      19628    817.792     10.476     10.559    12.8708    12.8740  39.001657  39.002702    12.8694    12.8726    33.2427    33.2409    25.0575    25.0555    10.0338    10.3531    305.895    315.630     2.9328     2.8278     0.4078     9.1704     3.3382     0.0940     0.0427 -124.15310   41.59806      24.84          7  0.000e+00
      19629    817.833     10.516     10.599    12.8712    12.8740  39.001657  39.003293    12.8698    12.8726    33.2424    33.2415    25.0572    25.0559    10.0338    10.3585    305.895    315.796     2.9328     2.8291     0.4078     9.1704     3.3382     0.0940     0.0427 -124.15310   41.59806      24.84          7  0.000e+00
      19630    817.875     10.470     10.552    12.8714    12.8745  39.001132  39.003489    12.8700    12.8731    33.2418    33.2413    25.0566    25.0556    10.0337    10.3584    305.893    315.792     2.9328     2.8291     0.4078     9.1704     3.3382     0.0940     0.0440 -124.15310   41.59806      24.84          7  0.000e+00
      19631    817.917     10.470     10.552    12.8712    12.8745  39.000213  39.002964    12.8698    12.8731    33.2411    33.2408    25.0561    25.0552    10.0338    10.3584    305.896    315.793     2.9328     2.8291     0.4078     9.1704     3.3382     0.0940     0.0440 -124.15310   41.59806      24.84          7  0.000e+00
      19632    817.958     10.476     10.559    12.8710    12.8747  39.000147  39.003030    12.8696    12.8733    33.2412    33.2407    25.0562    25.0551    10.0388    10.3584    306.050    315.792     2.9341     2.8291     0.4078     9.1704     3.3394     0.0940     0.0440 -124.15310   41.59806      24.86          7  0.000e+00
      19633    818.000     10.470     10.552    12.8707    12.8747  39.000016  39.002899    12.8693    12.8733    33.2413    33.2405    25.0564    25.0550    10.0389    10.3584    306.051    315.792     2.9341     2.8291     0.4078     9.1704     3.3382     0.0940     0.0440 -124.15310   41.59806      24.86          7  0.000e+00
      19634    818.042     10.417     10.499    12.8704    12.8745  38.999950  39.002242    12.8690    12.8731    33.2416    33.2401    25.0567    25.0547    10.0389    10.3638    306.051    315.958     2.9341     2.8303     0.4078     9.1704     3.3382     0.0940     0.0440 -124.15310   41.59806      24.86          7  0.000e+00
      19635    818.083     10.470     10.552    12.8698    12.8738  38.998900  39.002308    12.8684    12.8724    33.2410    33.2407    25.0563    25.0553    10.0391    10.3640    306.058    315.963     2.9341     2.8303     0.4078     9.1704     3.3394     0.0940     0.0440 -124.15310   41.59806      24.86          7  0.000e+00
      19636    818.125     10.476     10.559    12.8690    12.8734  38.998310  39.002702    12.8676    12.8719    33.2411    33.2415    25.0566    25.0560    10.0393    10.3641    306.063    315.965     2.9341     2.8303     0.4090     9.2009     3.3382     0.0940     0.0440 -124.15310   41.59806      24.86          7  0.000e+00
      19637    818.167     10.417     10.499    12.8685    12.8735  38.997981  39.002833    12.8671    12.8721    33.2413    33.2416    25.0568    25.0560    10.0443    10.3694    306.216    316.128     2.9353     2.8315     0.4078     9.1704     3.3382     0.0940     0.0440 -124.15310   41.59806      24.86          7  0.000e+00
      19638    818.208     10.470     10.552    12.8682    12.8730  38.998638  39.002833    12.8668    12.8716    33.2422    33.2420    25.0576    25.0564    10.0444    10.3696    306.219    316.132     2.9353     2.8315     0.4078     9.1704     3.3382     0.0940     0.0440 -124.15310   41.59806      24.86          7  0.000e+00
      19639    818.250     10.370     10.452    12.8679    12.8730  38.998900  39.002833    12.8665    12.8716    33.2428    33.2420    25.0581    25.0565    10.0443    10.3694    306.215    316.128     2.9353     2.8315     0.4078     9.1704     3.3382     0.0940     0.0440 -124.15310   41.59806      24.86          7  0.000e+00
      19640    818.292     10.476     10.559    12.8679    12.8733  38.998638  39.002505    12.8665    12.8719    33.2425    33.2414    25.0579    25.0559    10.0444    10.3750    306.220    316.297     2.9353     2.8327     0.4078     9.1704     3.3382     0.0940     0.0440 -124.15310   41.59806      24.86          7  0.000e+00
      19641    818.333     10.370     10.452    12.8683    12.8734  38.998572  39.002964    12.8669    12.8720    33.2420    33.2418    25.0574    25.0563    10.0442    10.3748    306.214    316.292     2.9353     2.8327     0.4078     9.1704     3.3382     0.0940     0.0440 -124.15310   41.59806      24.86          7  0.000e+00
      19642    818.375     10.417     10.499    12.8685    12.8737  38.998572  39.003161    12.8671    12.8723    33.2419    33.2417    25.0573    25.0561    10.0493    10.3748    306.368    316.292     2.9365     2.8327     0.4054     9.1093     3.3394     0.0952     0.0440 -124.15310   41.59806      24.88          7  0.000e+00
      19643    818.417     10.470     10.552    12.8685    12.8738  38.999360  39.003358    12.8671    12.8724    33.2426    33.2417    25.0578    25.0561    10.0493    10.3748    306.368    316.293     2.9365     2.8327     0.4042     9.0788     3.3382     0.0952     0.0452 -124.15310   41.59806      24.91          7  0.000e+00
      19644    818.458     10.383     10.465    12.8689    12.8740  38.999294  39.003489    12.8675    12.8726    33.2423    33.2417    25.0575    25.0561    10.0491    10.3801    306.363    316.454     2.9365     2.8339     0.4029     9.0483     3.3382     0.0952     0.0440 -124.15310   41.59806      24.88          7  0.000e+00
      19645    818.500     10.417     10.499    12.8690    12.8740  38.999228  39.003686    12.8676    12.8726    33.2420    33.2419    25.0573    25.0562    10.0542    10.3801    306.517    316.455     2.9377     2.8339     0.4029     9.0483     3.3394     0.0952     0.0440 -124.15310   41.59806      24.91          7  0.000e+00
