West Coast/WCOA-7/CTD_Data/RB2102_CTD_125_01.ros
* Sea-Bird SBE 9 Data File:
* FileName = C:\Users\scs.user.rb\CTD\RB2102\Data\RB2102_CTD_125_01.hex
* Software Version Seasave V 7.26.7.107
* Temperature SN = 6202
* Conductivity SN = 4907
* Number of Bytes Per Scan = 41
* Number of Voltage Words = 4
* Number of Scans Averaged by the Deck Unit = 1
* NMEA Latitude = 33 29.43 N
* NMEA Longitude = 117 45.04 W
* NMEA UTC (Time) = Jul 20 2021  14:37:18
* NMEA baud rate = 4800
# nquan = 30
# nvalues = 469                                   
# units = specified
# name 0 = scan: Scan Count
# name 1 = timeS: Time, Elapsed [seconds]
# name 2 = depSM: Depth [salt water, m]
# name 3 = prDM: Pressure, Digiquartz [db]
# name 4 = t090C: Temperature [ITS-90, deg C]
# name 5 = t190C: Temperature, 2 [ITS-90, deg C]
# name 6 = c0mS/cm: Conductivity [mS/cm]
# name 7 = c1mS/cm: Conductivity, 2 [mS/cm]
# name 8 = potemp090C: Potential Temperature [ITS-90, deg C]
# name 9 = potemp190C: Potential Temperature, 2 [ITS-90, deg C]
# name 10 = sal00: Salinity, Practical [PSU]
# name 11 = sal11: Salinity, Practical, 2 [PSU]
# name 12 = sigma-é00: Density [sigma-theta, kg/m^3]
# name 13 = sigma-é11: Density, 2 [sigma-theta, kg/m^3]
# name 14 = sbeox0Mg/L: Oxygen, SBE 43 [mg/l]
# name 15 = sbeox1Mg/L: Oxygen, SBE 43, 2 [mg/l]
# name 16 = sbox0Mm/Kg: Oxygen, SBE 43 [umol/kg]
# name 17 = sbox1Mm/Kg: Oxygen, SBE 43, 2 [umol/kg]
# name 18 = sbeox0V: Oxygen raw, SBE 43 [V]
# name 19 = sbeox1V: Oxygen raw, SBE 43, 2 [V]
# name 20 = v4: Voltage 4
# name 21 = flECO-AFL: Fluorescence, WET Labs ECO-AFL/FL [mg/m^3]
# name 22 = v3: Voltage 3
# name 23 = v6: Voltage 6
# name 24 = v7: Voltage 7
# name 25 = longitude: Longitude [deg]
# name 26 = latitude: Latitude [deg]
# name 27 = altM: Altimeter [m]
# name 28 = nbf: Bottles Fired
# name 29 = flag:  0.000e+00
# interval = seconds: 0.0416667
# start_time = Jul 20 2021 14:37:18 [NMEA time, header]
# bad_flag = -9.990e-29
*END*
      11294    470.542     31.724     31.953    12.5121    12.5512  38.973954  39.007087    12.5079    12.5470    33.5253    33.5222    25.3469    25.3369     6.3771     6.0069    194.360    183.079     2.0281     1.8413     0.0842     1.0812     3.3126     0.0000     0.0134 -117.75072   33.49058       4.79          1  0.000e+00
      11295    470.583     31.671     31.900    12.5147    12.5527  38.977366  39.007349    12.5105    12.5485    33.5262    33.5211    25.3471    25.3358     6.3766     6.0067    194.347    183.073     2.0281     1.8413     0.0842     1.0812     3.3114     0.0000     0.0098 -117.75072   33.49058       4.81          1  0.000e+00
      11296    470.625     31.724     31.953    12.5185    12.5535  38.980582  39.008333    12.5143    12.5493    33.5259    33.5213    25.3461    25.3358     6.3812     6.0011    194.487    182.903     2.0293     1.8400     0.0842     1.0812     3.3114     0.0000     0.0037 -117.75072   33.49058       4.79          1  0.000e+00
      11297    470.667     31.678     31.907    12.5265    12.5550  38.984912  39.009448    12.5223    12.5508    33.5229    33.5210    25.3423    25.3353     6.3802     6.0064    194.457    183.064     2.0293     1.8413     0.0842     1.0812     3.3126     0.0000     0.0049 -117.75072   33.49058       4.81          1  0.000e+00
      11298    470.708     31.724     31.953    12.5336    12.5573  38.987602  39.011219    12.5294    12.5531    33.5191    33.5206    25.3379    25.3345     6.3794     6.0006    194.433    182.889     2.0293     1.8400     0.0842     1.0812     3.3126     0.0000     0.0085 -117.75072   33.49058       4.84          1  0.000e+00
      11299    470.750     31.671     31.900    12.5398    12.5590  38.987864  39.012728    12.5356    12.5548    33.5139    33.5206    25.3327    25.3341     6.3787     6.0004    194.414    182.880     2.0293     1.8400     0.0842     1.0812     3.3126     0.0000     0.0085 -117.75072   33.49058       4.84          1  0.000e+00
      11300    470.792     31.671     31.900    12.5386    12.5600  38.985698  39.014106    12.5344    12.5559    33.5129    33.5210    25.3321    25.3343     6.3739     6.0057    194.266    183.043     2.0281     1.8413     0.0842     1.0812     3.3138     0.0000     0.0085 -117.75072   33.49058       4.84          1  0.000e+00
      11301    470.833     31.724     31.953    12.5345    12.5612  38.982745  39.015746    12.5303    12.5570    33.5137    33.5215    25.3336    25.3345     6.3795     6.0001    194.437    182.872     2.0293     1.8400     0.0842     1.0812     3.3126     0.0000     0.0085 -117.75072   33.49058       4.84          1  0.000e+00
      11302    470.875     31.671     31.900    12.5318    12.5629  38.979595  39.016927    12.5276    12.5587    33.5131    33.5212    25.3336    25.3339     6.3799     5.9998    194.448    182.864     2.0293     1.8400     0.0842     1.0812     3.3114     0.0000     0.0098 -117.75072   33.49058       4.84          1  0.000e+00
      11303    470.917     31.625     31.853    12.5285    12.5658  38.977364  39.018173    12.5243    12.5616    33.5139    33.5198    25.3349    25.3322     6.3803     6.0049    194.459    183.020     2.0293     1.8413     0.0842     1.0812     3.3114     0.0000     0.0098 -117.75072   33.49058       4.84          1  0.000e+00
      11304    470.958     31.678     31.907    12.5254    12.5680  38.977103  39.018566    12.5212    12.5638    33.5164    33.5181    25.3374    25.3305     6.3756     5.9992    194.316    182.847     2.0281     1.8400     0.0842     1.0812     3.3126     0.0000     0.0098 -117.75072   33.49058       4.84          1  0.000e+00
      11305    471.000     31.671     31.900    12.5234    12.5690  38.979531  39.018566    12.5192    12.5648    33.5206    33.5173    25.3410    25.3296     6.3807     6.0046    194.473    183.011     2.0293     1.8413     0.0818     1.0202     3.3114     0.0000     0.0110 -117.75072   33.49058       4.86          1  0.000e+00
      11306    471.042     31.724     31.953    12.5234    12.5691  38.983600  39.018304    12.5192    12.5649    33.5244    33.5169    25.3440    25.3293     6.3756     6.0047    194.315    183.013     2.0281     1.8413     0.0818     1.0202     3.3126     0.0000     0.0122 -117.75072   33.49058       4.86          1  0.000e+00
      11307    471.083     31.578     31.806    12.5268    12.5687  38.989571  39.018435    12.5227    12.5645    33.5271    33.5175    25.3455    25.3298     6.3749     5.9991    194.293    182.843     2.0281     1.8400     0.0818     1.0202     3.3126     0.0000     0.0110 -117.75072   33.49058       4.86          1  0.000e+00
      11308    471.125     31.724     31.953    12.5351    12.5690  38.995281  39.019091    12.5309    12.5648    33.5251    33.5177    25.3423    25.3300     6.3790     6.0046    194.419    183.012     2.0293     1.8413     0.0818     1.0202     3.3126     0.0000     0.0098 -117.75072   33.49058       4.84          1  0.000e+00
      11309    471.167     31.625     31.853    12.5458    12.5695  39.000005  39.020272    12.5416    12.5653    33.5202    33.5185    25.3364    25.3305     6.3776     5.9990    194.379    182.840     2.0293     1.8400     0.0818     1.0202     3.3126     0.0000     0.0098 -117.75072   33.49058       4.86          1  0.000e+00
      11310    471.208     31.625     31.853    12.5518    12.5704  39.004862  39.021584    12.5476    12.5662    33.5195    33.5190    25.3347    25.3307     6.3768     5.9989    194.355    182.835     2.0293     1.8400     0.0818     1.0202     3.3114     0.0000     0.0110 -117.75072   33.49058       4.88          1  0.000e+00
      11311    471.250     31.678     31.907    12.5561    12.5719  39.007947  39.022437    12.5519    12.5677    33.5186    33.5184    25.3332    25.3300     6.3713     5.9987    194.186    182.831     2.0281     1.8400     0.0818     1.0202     3.3114     0.0000     0.0110 -117.75072   33.49058       4.88          1  0.000e+00
      11312    471.292     31.625     31.853    12.5586    12.5740  39.010310  39.022109    12.5544    12.5698    33.5187    33.5163    25.3328    25.3279     6.3709     6.0039    194.174    182.991     2.0281     1.8413     0.0818     1.0202     3.3114     0.0000     0.0134 -117.75072   33.49058       4.88          1  0.000e+00
      11313    471.333     31.625     31.853    12.5595    12.5769  39.011951  39.021911    12.5553    12.5727    33.5194    33.5135    25.3332    25.3252     6.3707     6.0037    194.170    182.983     2.0281     1.8413     0.0818     1.0202     3.3114     0.0000     0.0122 -117.75072   33.49058       4.88          1  0.000e+00
      11314    471.375     31.671     31.900    12.5616    12.5789  39.013329  39.021911    12.5574    12.5747    33.5189    33.5117    25.3323    25.3234     6.3705     5.9980    194.163    182.811     2.0281     1.8400     0.0818     1.0202     3.3114     0.0000     0.0085 -117.75072   33.49058       4.88          1  0.000e+00
      11315    471.417     31.625     31.853    12.5637    12.5795  39.014248  39.021977    12.5595    12.5753    33.5179    33.5112    25.3311    25.3229     6.3702     5.9979    194.154    182.808     2.0281     1.8400     0.0818     1.0202     3.3114     0.0000     0.0073 -117.75072   33.49058       4.88          1  0.000e+00
      11316    471.458     31.625     31.853    12.5669    12.5794  39.014313  39.022173    12.5627    12.5752    33.5151    33.5115    25.3284    25.3232     6.3699     5.9979    194.145    182.808     2.0281     1.8400     0.0818     1.0202     3.3126     0.0000     0.0061 -117.75072   33.49058       4.91          1  0.000e+00
      11317    471.500     31.625     31.853    12.5692    12.5785  39.013591  39.022502    12.5650    12.5743    33.5124    33.5126    25.3258    25.3242     6.3697     5.9980    194.139    182.810     2.0281     1.8400     0.0818     1.0202     3.3126     0.0000     0.0061 -117.75072   33.49058       4.91          1  0.000e+00
      11318    471.542     31.585     31.813    12.5678    12.5774  39.013788  39.023617    12.5636    12.5732    33.5138    33.5147    25.3272    25.3260     6.3698     5.9980    194.142    182.812     2.0281     1.8400     0.0818     1.0202     3.3126     0.0000     0.0061 -117.75072   33.49058       4.91          1  0.000e+00
      11319    471.583     31.625     31.853    12.5669    12.5772  39.015035  39.024208    12.5627    12.5730    33.5158    33.5154    25.3289    25.3266     6.3699     5.9981    194.144    182.812     2.0281     1.8400     0.0818     1.0202     3.3126     0.0000     0.0061 -117.75072   33.49058       4.91          1  0.000e+00
      11320    471.625     31.625     31.853    12.5675    12.5772  39.016874  39.024339    12.5633    12.5730    33.5170    33.5155    25.3297    25.3267     6.3697     6.0035    194.140    182.979     2.0281     1.8413     0.0818     1.0202     3.3126     0.0000     0.0061 -117.75072   33.49058       4.91          1  0.000e+00
      11321    471.667     31.578     31.806    12.5692    12.5765  39.019499  39.024864    12.5650    12.5723    33.5180    33.5167    25.3302    25.3277     6.3694     6.0036    194.130    182.979     2.0281     1.8413     0.0818     1.0202     3.3126     0.0000     0.0061 -117.75072   33.49058       4.93          1  0.000e+00
      11322    471.708     31.625     31.853    12.5721    12.5763  39.023438  39.025520    12.5679    12.5721    33.5192    33.5174    25.3306    25.3283     6.3690     6.0036    194.118    182.980     2.0281     1.8413     0.0818     1.0202     3.3114     0.0000     0.0073 -117.75072   33.49058       4.93          1  0.000e+00
      11323    471.750     31.578     31.806    12.5780    12.5770  39.027443  39.026701    12.5739    12.5729    33.5178    33.5179    25.3283    25.3286     6.3682     5.9980    194.094    182.808     2.0281     1.8400     0.0818     1.0202     3.3126     0.0000     0.0061 -117.75072   33.49058       4.96          1  0.000e+00
      11324    471.792     31.585     31.813    12.5822    12.5784  39.032629  39.028473    12.5780    12.5742    33.5190    33.5184    25.3284    25.3287     6.3727     6.0032    194.229    182.970     2.0293     1.8413     0.0818     1.0202     3.3114     0.0000     0.0073 -117.75072   33.49058       4.93          1  0.000e+00
      11325    471.833     31.578     31.806    12.5885    12.5807  39.035977  39.029588    12.5843    12.5765    33.5166    33.5174    25.3253    25.3275     6.3668     5.9975    194.052    182.794     2.0281     1.8400     0.0818     1.0202     3.3114     0.0000     0.0073 -117.75072   33.49058       4.93          1  0.000e+00
      11326    471.875     31.625     31.853    12.5950    12.5827  39.038997  39.030047    12.5908    12.5785    33.5137    33.5161    25.3218    25.3261     6.3661     6.0028    194.030    182.956     2.0281     1.8413     0.0818     1.0202     3.3114     0.0000     0.0073 -117.75072   33.49058       4.93          1  0.000e+00
      11327    471.917     31.525     31.753    12.5979    12.5837  39.041886  39.030375    12.5937    12.5795    33.5140    33.5156    25.3215    25.3255     6.3656     6.0026    194.016    182.950     2.0281     1.8413     0.0818     1.0202     3.3126     0.0000     0.0073 -117.75072   33.49058       4.96          1  0.000e+00
      11328    471.958     31.625     31.853    12.6013    12.5839  39.043002  39.030506    12.5971    12.5797    33.5119    33.5155    25.3192    25.3254     6.3653     6.0026    194.007    182.952     2.0281     1.8413     0.0818     1.0202     3.3114     0.0000     0.0073 -117.75072   33.49058       4.96          1  0.000e+00
      11329    472.000     31.578     31.806    12.6048    12.5839  39.042936  39.030703    12.6006    12.5797    33.5087    33.5157    25.3161    25.3255     6.3649     5.9971    193.996    182.784     2.0281     1.8400     0.0818     1.0202     3.3126     0.0000     0.0073 -117.75072   33.49058       4.98          1  0.000e+00
      11330    472.042     31.525     31.753    12.6058    12.5846  39.043526  39.030834    12.6017    12.5804    33.5084    33.5152    25.3156    25.3250     6.3698     6.0025    194.144    182.947     2.0293     1.8413     0.0818     1.0202     3.3126     0.0000     0.0073 -117.75072   33.49058       4.98          1  0.000e+00
      11331    472.083     31.585     31.813    12.6042    12.5842  39.043855  39.031031    12.6000    12.5800    33.5102    33.5157    25.3173    25.3255     6.3700     6.0026    194.150    182.949     2.0293     1.8413     0.0830     1.0507     3.3114     0.0000     0.0061 -117.75072   33.49058       4.96          1  0.000e+00
      11332    472.125     31.578     31.806    12.6022    12.5834  39.044315  39.031359    12.5980    12.5792    33.5124    33.5168    25.3195    25.3265     6.3702     6.0026    194.155    182.951     2.0293     1.8413     0.0830     1.0507     3.3114     0.0000     0.0061 -117.75072   33.49058       4.98          2  0.000e+00
      11333    472.167     31.578     31.806    12.6028    12.5832  39.045891  39.031688    12.5986    12.5790    33.5134    33.5172    25.3200    25.3269     6.3701     6.0026    194.151    182.951     2.0293     1.8413     0.0830     1.0507     3.3114     0.0000     0.0061 -117.75072   33.49058       4.98          2  0.000e+00
      11334    472.208     31.578     31.806    12.6045    12.5829  39.046548  39.032016    12.6003    12.5787    33.5125    33.5178    25.3191    25.3274     6.3699     6.0027    194.146    182.952     2.0293     1.8413     0.0830     1.0507     3.3114     0.0000     0.0073 -117.75072   33.49058       4.98          2  0.000e+00
      11335    472.250     31.479     31.706    12.6043    12.5829  39.046547  39.032147    12.6001    12.5787    33.5127    33.5180    25.3192    25.3275     6.3698     6.0026    194.144    182.949     2.0293     1.8413     0.0830     1.0507     3.3126     0.0000     0.0061 -117.75072   33.49058       4.98          2  0.000e+00
      11336    472.292     31.578     31.806    12.6052    12.5834  39.046351  39.032672    12.6010    12.5792    33.5117    33.5180    25.3183    25.3274     6.3748     6.0026    194.297    182.950     2.0305     1.8413     0.0830     1.0507     3.3126     0.0000     0.0073 -117.75072   33.49058       4.98          2  0.000e+00
      11337    472.333     31.525     31.753    12.6048    12.5839  39.045694  39.032869    12.6007    12.5797    33.5114    33.5178    25.3181    25.3272     6.3698     6.0025    194.144    182.947     2.0293     1.8413     0.0830     1.0507     3.3114     0.0000     0.0073 -117.75072   33.49058       4.98          2  0.000e+00
      11338    472.375     31.585     31.813    12.6041    12.5844  39.044840  39.033328    12.5999    12.5802    33.5112    33.5178    25.3181    25.3270     6.3700     6.0025    194.149    182.946     2.0293     1.8413     0.0830     1.0507     3.3126     0.0000     0.0061 -117.75072   33.49058       4.98          2  0.000e+00
      11339    472.417     31.525     31.753    12.6035    12.5852  39.043855  39.034509    12.5993    12.5810    33.5108    33.5182    25.3179    25.3272     6.3700     6.0023    194.151    182.941     2.0293     1.8413     0.0830     1.0507     3.3126     0.0000     0.0061 -117.75072   33.49058       5.01          2  0.000e+00
      11340    472.458     31.525     31.753    12.6028    12.5862  39.042410  39.035099    12.5986    12.5820    33.5100    33.5179    25.3175    25.3268     6.3752     6.0076    194.308    183.104     2.0305     1.8425     0.0830     1.0507     3.3114     0.0000     0.0073 -117.75072   33.49058       5.03          2  0.000e+00
      11341    472.500     31.525     31.753    12.6025    12.5867  39.043199  39.035493    12.5983    12.5825    33.5111    33.5178    25.3183    25.3266     6.3702     6.0021    194.154    182.935     2.0293     1.8413     0.0830     1.0507     3.3126     0.0000     0.0073 -117.75072   33.49058       5.03          2  0.000e+00
