West Coast/WCOA-7/CTD_Data/RB2102_CTD_080_01.ros
* Sea-Bird SBE 9 Data File:
* FileName = C:\Users\scs.user.rb\CTD\RB2102\Data\RB2102_CTD_080_01.hex
* Software Version Seasave V 7.26.7.107
* Temperature SN = 6202
* Conductivity SN = 4907
* Number of Bytes Per Scan = 41
* Number of Voltage Words = 4
* Number of Scans Averaged by the Deck Unit = 1
* NMEA Latitude = 37 48.81 N
* NMEA Longitude = 123 10.04 W
* NMEA UTC (Time) = Jul 10 2021  22:29:35
* NMEA baud rate = 4800
# nquan = 30
# nvalues = 738                                   
# units = specified
# name 0 = scan: Scan Count
# name 1 = timeS: Time, Elapsed [seconds]
# name 2 = depSM: Depth [salt water, m]
# name 3 = prDM: Pressure, Digiquartz [db]
# name 4 = t090C: Temperature [ITS-90, deg C]
# name 5 = t190C: Temperature, 2 [ITS-90, deg C]
# name 6 = c0mS/cm: Conductivity [mS/cm]
# name 7 = c1mS/cm: Conductivity, 2 [mS/cm]
# name 8 = potemp090C: Potential Temperature [ITS-90, deg C]
# name 9 = potemp190C: Potential Temperature, 2 [ITS-90, deg C]
# name 10 = sal00: Salinity, Practical [PSU]
# name 11 = sal11: Salinity, Practical, 2 [PSU]
# name 12 = sigma-é00: Density [sigma-theta, kg/m^3]
# name 13 = sigma-é11: Density, 2 [sigma-theta, kg/m^3]
# name 14 = sbeox0Mg/L: Oxygen, SBE 43 [mg/l]
# name 15 = sbeox1Mg/L: Oxygen, SBE 43, 2 [mg/l]
# name 16 = sbox0Mm/Kg: Oxygen, SBE 43 [umol/kg]
# name 17 = sbox1Mm/Kg: Oxygen, SBE 43, 2 [umol/kg]
# name 18 = sbeox0V: Oxygen raw, SBE 43 [V]
# name 19 = sbeox1V: Oxygen raw, SBE 43, 2 [V]
# name 20 = v4: Voltage 4
# name 21 = flECO-AFL: Fluorescence, WET Labs ECO-AFL/FL [mg/m^3]
# name 22 = v3: Voltage 3
# name 23 = v6: Voltage 6
# name 24 = v7: Voltage 7
# name 25 = longitude: Longitude [deg]
# name 26 = latitude: Latitude [deg]
# name 27 = altM: Altimeter [m]
# name 28 = nbf: Bottles Fired
# name 29 = flag:  0.000e+00
# interval = seconds: 0.0416667
# start_time = Jul 10 2021 22:29:35 [NMEA time, header]
# bad_flag = -9.990e-29
*END*
[from data line 97]
      13574    565.542     68.766     69.295     9.6862     9.6787  36.770823  36.768107     9.6785     9.6710    33.9157    33.9199    26.1591    26.1636     3.3606     3.4911    102.343    106.318     1.2479     1.2295     0.0427     0.0434     3.2234     0.0293     0.0147 -123.16766   37.81338       9.65          2  0.000e+00
      16504    687.625     59.670     60.128     9.7516     9.7511  36.820297  36.820944     9.7449     9.7444    33.9089    33.9100    26.1428    26.1437     3.5292     3.6687    107.481    111.727     1.2882     1.2686     0.0415     0.0129     3.2198     0.0342     0.0159 -123.16762   37.81342      19.32          3  0.000e+00
      16505    687.667     59.598     60.055     9.7516     9.7511  36.819976  36.821392     9.7449     9.7444    33.9086    33.9105    26.1425    26.1441     3.5346     3.6687    107.644    111.726     1.2894     1.2686     0.0415     0.0129     3.2198     0.0342     0.0159 -123.16762   37.81342      19.32          3  0.000e+00
      16506    687.708     59.651     60.108     9.7515     9.7511  36.820040  36.821328     9.7447     9.7444    33.9088    33.9104    26.1427    26.1440     3.5346     3.6687    107.645    111.727     1.2894     1.2686     0.0415     0.0129     3.2186     0.0342     0.0159 -123.16762   37.81342      19.32          3  0.000e+00
      16507    687.750     59.571     60.028     9.7516     9.7511  36.820360  36.821328     9.7449     9.7444    33.9090    33.9105    26.1428    26.1440     3.5292     3.6745    107.479    111.904     1.2882     1.2698     0.0415     0.0129     3.2186     0.0342     0.0159 -123.16762   37.81342      19.32          3  0.000e+00
      16508    687.792     59.598     60.055     9.7515     9.7513  36.820489  36.820943     9.7448     9.7446    33.9093    33.9099    26.1431    26.1436     3.5346     3.6687    107.643    111.726     1.2894     1.2686     0.0415     0.0129     3.2198     0.0342     0.0159 -123.16762   37.81342      19.32          3  0.000e+00
      16509    687.833     59.571     60.028     9.7516     9.7513  36.820232  36.820943     9.7449     9.7446    33.9089    33.9099    26.1427    26.1436     3.5292     3.6686    107.479    111.726     1.2882     1.2686     0.0415     0.0129     3.2186     0.0330     0.0159 -123.16762   37.81342      19.34          3  0.000e+00
      16510    687.875     59.598     60.055     9.7513     9.7513  36.820168  36.820879     9.7446     9.7446    33.9091    33.9099    26.1430    26.1435     3.5292     3.6745    107.480    111.905     1.2882     1.2698     0.0415     0.0129     3.2186     0.0330     0.0159 -123.16762   37.81342      19.37          3  0.000e+00
      16511    687.917     59.624     60.081     9.7516     9.7515  36.820361  36.820687     9.7449     9.7447    33.9090    33.9095    26.1428    26.1432     3.5346     3.6745    107.644    111.905     1.2894     1.2698     0.0415     0.0129     3.2186     0.0330     0.0159 -123.16762   37.81342      19.34          3  0.000e+00
      16512    687.958     59.598     60.055     9.7513     9.7515  36.820232  36.819853     9.7446     9.7447    33.9092    33.9086    26.1430    26.1426     3.5292     3.6687    107.480    111.727     1.2882     1.2686     0.0415     0.0129     3.2186     0.0330     0.0159 -123.16762   37.81342      19.37          3  0.000e+00
      16513    688.000     59.571     60.028     9.7515     9.7513  36.819911  36.820879     9.7448     9.7446    33.9087    33.9099    26.1426    26.1436     3.5346     3.6686    107.643    111.726     1.2894     1.2686     0.0415     0.0129     3.2186     0.0342     0.0159 -123.16762   37.81342      19.37          3  0.000e+00
      16514    688.042     59.551     60.008     9.7516     9.7515  36.819847  36.820751     9.7449     9.7448    33.9085    33.9096    26.1424    26.1433     3.5346     3.6686    107.643    111.725     1.2894     1.2686     0.0415     0.0129     3.2186     0.0354     0.0171 -123.16762   37.81342      19.34          3  0.000e+00
      16515    688.083     59.624     60.081     9.7515     9.7513  36.820040  36.821328     9.7448     9.7446    33.9088    33.9103    26.1427    26.1439     3.5292     3.6687    107.480    111.726     1.2882     1.2686     0.0415     0.0129     3.2198     0.0342     0.0159 -123.16762   37.81342      19.39          3  0.000e+00
      16516    688.125     59.551     60.008     9.7516     9.7511  36.820617  36.821392     9.7449     9.7444    33.9093    33.9105    26.1431    26.1441     3.5346     3.6686    107.642    111.725     1.2894     1.2686     0.0415     0.0129     3.2186     0.0330     0.0159 -123.16762   37.81342      19.39          3  0.000e+00
      16517    688.167     59.598     60.055     9.7515     9.7511  36.820553  36.821456     9.7448     9.7444    33.9094    33.9106    26.1431    26.1441     3.5292     3.6687    107.480    111.726     1.2882     1.2686     0.0415     0.0129     3.2198     0.0330     0.0159 -123.16762   37.81342      19.39          3  0.000e+00
      16518    688.208     59.571     60.028     9.7515     9.7513  36.819719  36.821328     9.7448     9.7446    33.9085    33.9103    26.1425    26.1439     3.5292     3.6686    107.480    111.725     1.2882     1.2686     0.0415     0.0129     3.2186     0.0330     0.0159 -123.16762   37.81342      19.39          3  0.000e+00
      16519    688.250     59.598     60.055     9.7515     9.7513  36.819976  36.820943     9.7448     9.7446    33.9088    33.9099    26.1426    26.1436     3.5292     3.6687    107.480    111.726     1.2882     1.2686     0.0415     0.0129     3.2198     0.0330     0.0147 -123.16762   37.81342      19.39          3  0.000e+00
      16520    688.292     59.571     60.028     9.7514     9.7511  36.819911  36.820943     9.7447     9.7444    33.9088    33.9101    26.1427    26.1437     3.5346     3.6687    107.644    111.726     1.2894     1.2686     0.0415     0.0129     3.2186     0.0330     0.0159 -123.16762   37.81342      19.39          3  0.000e+00
      16521    688.333     59.551     60.008     9.7516     9.7513  36.820040  36.821392     9.7449     9.7446    33.9087    33.9104    26.1426    26.1439     3.5292     3.6686    107.479    111.725     1.2882     1.2686     0.0415     0.0129     3.2198     0.0342     0.0159 -123.16762   37.81342      19.49          3  0.000e+00
      16522    688.375     59.571     60.028     9.7516     9.7513  36.820360  36.821584     9.7449     9.7446    33.9090    33.9106    26.1428    26.1441     3.5292     3.6686    107.479    111.725     1.2882     1.2686     0.0415     0.0129     3.2186     0.0330     0.0159 -123.16762   37.81342      19.54          3  0.000e+00
      16523    688.417     59.598     60.055     9.7516     9.7513  36.819976  36.821071     9.7449     9.7446    33.9086    33.9101    26.1425    26.1437     3.5346     3.6687    107.644    111.726     1.2894     1.2686     0.0415     0.0129     3.2198     0.0330     0.0159 -123.16762   37.81342      19.54          3  0.000e+00
      16524    688.458     59.571     60.028     9.7516     9.7511  36.820040  36.821456     9.7449     9.7444    33.9087    33.9106    26.1426    26.1441     3.5292     3.6686    107.479    111.726     1.2882     1.2686     0.0415     0.0129     3.2186     0.0330     0.0159 -123.16762   37.81342      19.54          3  0.000e+00
      16525    688.500     59.551     60.008     9.7516     9.7515  36.819655  36.821392     9.7449     9.7448    33.9083    33.9102    26.1423    26.1438     3.5292     3.6686    107.479    111.725     1.2882     1.2686     0.0415     0.0129     3.2186     0.0317     0.0147 -123.16762   37.81342      19.51          3  0.000e+00
      16526    688.542     59.551     60.008     9.7516     9.7515  36.819975  36.821199     9.7449     9.7448    33.9087    33.9100    26.1425    26.1436     3.5292     3.6686    107.479    111.725     1.2882     1.2686     0.0415     0.0129     3.2198     0.0330     0.0159 -123.16762   37.81342      19.54          3  0.000e+00
      16527    688.583     59.571     60.028     9.7516     9.7515  36.820168  36.821264     9.7449     9.7448    33.9088    33.9101    26.1427    26.1437     3.5346     3.6686    107.643    111.725     1.2894     1.2686     0.0415     0.0129     3.2186     0.0330     0.0147 -123.16762   37.81342      19.61          3  0.000e+00
      16528    688.625     59.598     60.055     9.7516     9.7516  36.820168  36.821456     9.7449     9.7449    33.9088    33.9102    26.1427    26.1437     3.5292     3.6686    107.480    111.725     1.2882     1.2686     0.0427     0.0434     3.2198     0.0317     0.0147 -123.16762   37.81342      19.66          3  0.000e+00
      16529    688.667     59.525     59.981     9.7516     9.7518  36.820168  36.821328     9.7449     9.7451    33.9089    33.9099    26.1427    26.1435     3.5292     3.6686    107.479    111.724     1.2882     1.2686     0.0427     0.0434     3.2186     0.0317     0.0147 -123.16762   37.81342      19.66          3  0.000e+00
      16530    688.708     59.598     60.055     9.7518     9.7515  36.820360  36.821456     9.7451     9.7447    33.9089    33.9103    26.1427    26.1438     3.5346     3.6686    107.643    111.725     1.2894     1.2686     0.0427     0.0434     3.2198     0.0342     0.0159 -123.16762   37.81342      19.66          3  0.000e+00
      16531    688.750     59.571     60.028     9.7516     9.7516  36.820489  36.821584     9.7449     9.7449    33.9092    33.9103    26.1429    26.1438     3.5292     3.6686    107.479    111.725     1.2882     1.2686     0.0427     0.0434     3.2186     0.0330     0.0159 -123.16762   37.81342      19.66          3  0.000e+00
      16532    688.792     59.551     60.008     9.7516     9.7515  36.820232  36.821520     9.7449     9.7448    33.9089    33.9104    26.1427    26.1439     3.5292     3.6686    107.479    111.725     1.2882     1.2686     0.0427     0.0434     3.2186     0.0330     0.0159 -123.16762   37.81342      19.66          3  0.000e+00
      16533    688.833     59.571     60.028     9.7518     9.7516  36.820360  36.821841     9.7451     9.7449    33.9089    33.9106    26.1427    26.1440     3.5346     3.6686    107.643    111.724     1.2894     1.2686     0.0427     0.0434     3.2186     0.0317     0.0147 -123.16762   37.81342      19.61          3  0.000e+00
      16534    688.875     59.598     60.055     9.7518     9.7516  36.820232  36.821713     9.7451     9.7449    33.9087    33.9104    26.1426    26.1439     3.5292     3.6686    107.479    111.725     1.2882     1.2686     0.0427     0.0434     3.2186     0.0317     0.0147 -123.16762   37.81342      19.56          4  0.000e+00
      16535    688.917     59.551     60.008     9.7518     9.7515  36.820168  36.821520     9.7451     9.7448    33.9087    33.9104    26.1425    26.1439     3.5238     3.6686    107.315    111.725     1.2869     1.2686     0.0427     0.0434     3.2198     0.0317     0.0147 -123.16762   37.81342      19.58          4  0.000e+00
      16536    688.958     59.571     60.028     9.7516     9.7515  36.820168  36.821584     9.7449     9.7448    33.9088    33.9104    26.1427    26.1439     3.5292     3.6686    107.479    111.725     1.2882     1.2686     0.0427     0.0434     3.2186     0.0317     0.0147 -123.16762   37.81342      19.58          4  0.000e+00
      16537    689.000     59.551     60.008     9.7518     9.7516  36.820168  36.821776     9.7451     9.7449    33.9087    33.9105    26.1425    26.1439     3.5292     3.6686    107.479    111.724     1.2882     1.2686     0.0427     0.0434     3.2186     0.0330     0.0147 -123.16762   37.81342      19.58          4  0.000e+00
      16538    689.042     59.571     60.028     9.7516     9.7516  36.819911  36.821456     9.7449     9.7449    33.9086    33.9102    26.1425    26.1437     3.5292     3.6686    107.479    111.725     1.2882     1.2686     0.0427     0.0434     3.2186     0.0330     0.0159 -123.16762   37.81342      19.58          4  0.000e+00
      16539    689.083     59.598     60.055     9.7516     9.7516  36.820040  36.821456     9.7449     9.7449    33.9087    33.9101    26.1426    26.1437     3.5292     3.6686    107.480    111.725     1.2882     1.2686     0.0427     0.0434     3.2198     0.0330     0.0159 -123.16762   37.81342      19.63          4  0.000e+00
      16540    689.125     59.571     60.028     9.7518     9.7516  36.820360  36.821584     9.7451     9.7449    33.9089    33.9103    26.1427    26.1438     3.5346     3.6627    107.643    111.546     1.2894     1.2674     0.0427     0.0434     3.2198     0.0330     0.0159 -123.16762   37.81342      19.66          4  0.000e+00
      16541    689.167     59.598     60.055     9.7515     9.7518  36.820232  36.821264     9.7448     9.7451    33.9090    33.9098    26.1429    26.1434     3.5292     3.6628    107.480    111.547     1.2882     1.2674     0.0427     0.0434     3.2186     0.0330     0.0147 -123.16762   37.81342      19.66          4  0.000e+00
      16542    689.208     59.571     60.028     9.7511     9.7518  36.820168  36.821264     9.7444     9.7451    33.9093    33.9098    26.1431    26.1434     3.5292     3.6686    107.480    111.725     1.2882     1.2686     0.0427     0.0434     3.2186     0.0317     0.0147 -123.16762   37.81342      19.66          4  0.000e+00
      16543    689.250     59.598     60.055     9.7511     9.7518  36.820168  36.821328     9.7444     9.7451    33.9093    33.9098    26.1431    26.1434     3.5346     3.6628    107.644    111.546     1.2894     1.2674     0.0427     0.0434     3.2198     0.0330     0.0159 -123.16762   37.81342      19.66          4  0.000e+00
      16544    689.292     59.571     60.028     9.7510     9.7516  36.819911  36.821712     9.7443     9.7449    33.9092    33.9104    26.1431    26.1439     3.5292     3.6627    107.481    111.546     1.2882     1.2674     0.0427     0.0434     3.2198     0.0342     0.0159 -123.16762   37.81342      19.66          4  0.000e+00
      16545    689.333     59.598     60.055     9.7508     9.7518  36.820040  36.821456     9.7441     9.7451    33.9095    33.9100    26.1433    26.1435     3.5346     3.6628    107.645    111.546     1.2894     1.2674     0.0427     0.0434     3.2173     0.0330     0.0159 -123.16762   37.81342      19.61          4  0.000e+00
      16546    689.375     59.651     60.108     9.7508     9.7518  36.820361  36.821456     9.7441     9.7451    33.9098    33.9100    26.1436    26.1435     3.5293     3.6686    107.482    111.726     1.2882     1.2686     0.0427     0.0434     3.2198     0.0330     0.0159 -123.16762   37.81342      19.58          4  0.000e+00
      16547    689.417     59.571     60.028     9.7510     9.7518  36.819976  36.821584     9.7443     9.7451    33.9092    33.9101    26.1431    26.1437     3.5346     3.6627    107.644    111.546     1.2894     1.2674     0.0427     0.0434     3.2186     0.0342     0.0159 -123.16762   37.81342      19.58          4  0.000e+00
      16548    689.458     59.598     60.055     9.7510     9.7520  36.820040  36.821520     9.7442     9.7453    33.9093    33.9099    26.1432    26.1434     3.5346     3.6627    107.645    111.546     1.2894     1.2674     0.0427     0.0434     3.2198     0.0330     0.0159 -123.16762   37.81342      19.58          4  0.000e+00
      16549    689.500     59.624     60.081     9.7510     9.7520  36.820168  36.821584     9.7442     9.7453    33.9094    33.9099    26.1432    26.1435     3.5293     3.6686    107.481    111.725     1.2882     1.2686     0.0427     0.0434     3.2186     0.0342     0.0159 -123.16762   37.81342      19.58          4  0.000e+00
      16550    689.542     59.598     60.055     9.7511     9.7520  36.819911  36.821264     9.7444     9.7453    33.9090    33.9096    26.1429    26.1432     3.5346     3.6627    107.644    111.546     1.2894     1.2674     0.0427     0.0434     3.2198     0.0330     0.0159 -123.16762   37.81342      19.58          4  0.000e+00
