West Coast/WCOA-7/CTD_Data/RB2102_CTD_056_01.ros
* Sea-Bird SBE 9 Data File:
* FileName = C:\Users\scs.user.rb\CTD\RB2102\Data\RB2102_CTD_056_01.hex
* Software Version Seasave V 7.26.7.107
* Temperature SN = 6202
* Conductivity SN = 4907
* Number of Bytes Per Scan = 41
* Number of Voltage Words = 4
* Number of Scans Averaged by the Deck Unit = 1
* NMEA Latitude = 44 00.08 N
* NMEA Longitude = 124 36.00 W
* NMEA UTC (Time) = Jul 05 2021  05:27:24
* NMEA baud rate = 4800
# nquan = 30
# nvalues = 980                                   
# units = specified
# name 0 = scan: Scan Count
# name 1 = timeS: Time, Elapsed [seconds]
# name 2 = depSM: Depth [salt water, m]
# name 3 = prDM: Pressure, Digiquartz [db]
# name 4 = t090C: Temperature [ITS-90, deg C]
# name 5 = t190C: Temperature, 2 [ITS-90, deg C]
# name 6 = c0mS/cm: Conductivity [mS/cm]
# name 7 = c1mS/cm: Conductivity, 2 [mS/cm]
# name 8 = potemp090C: Potential Temperature [ITS-90, deg C]
# name 9 = potemp190C: Potential Temperature, 2 [ITS-90, deg C]
# name 10 = sal00: Salinity, Practical [PSU]
# name 11 = sal11: Salinity, Practical, 2 [PSU]
# name 12 = sigma-é00: Density [sigma-theta, kg/m^3]
# name 13 = sigma-é11: Density, 2 [sigma-theta, kg/m^3]
# name 14 = sbeox0Mg/L: Oxygen, SBE 43 [mg/l]
# name 15 = sbeox1Mg/L: Oxygen, SBE 43, 2 [mg/l]
# name 16 = sbox0Mm/Kg: Oxygen, SBE 43 [umol/kg]
# name 17 = sbox1Mm/Kg: Oxygen, SBE 43, 2 [umol/kg]
# name 18 = sbeox0V: Oxygen raw, SBE 43 [V]
# name 19 = sbeox1V: Oxygen raw, SBE 43, 2 [V]
# name 20 = v4: Voltage 4
# name 21 = flECO-AFL: Fluorescence, WET Labs ECO-AFL/FL [mg/m^3]
# name 22 = v3: Voltage 3
# name 23 = v6: Voltage 6
# name 24 = v7: Voltage 7
# name 25 = longitude: Longitude [deg]
# name 26 = latitude: Latitude [deg]
# name 27 = altM: Altimeter [m]
# name 28 = nbf: Bottles Fired
# name 29 = flag:  0.000e+00
# interval = seconds: 0.0416667
# start_time = Jul 05 2021 05:27:24 [NMEA time, header]
# bad_flag = -9.990e-29
*END*
[from data line 387]
      46542   1939.208     49.527     49.934     7.7643     7.7612  34.773555  34.775907     7.7595     7.7564    33.6608    33.6663    26.2572    26.2620     2.5042     2.6038     76.255     79.288     1.0293     1.0208     0.0452     0.1044     3.2564     0.0501     0.0537 -124.60066   44.00140     100.00          8  0.000e+00
      46543   1939.250     49.639     50.047     7.7641     7.7618  34.773305  34.775405     7.7593     7.7569    33.6606    33.6652    26.2571    26.2610     2.5042     2.6038     76.256     79.289     1.0293     1.0208     0.0452     0.1044     3.2564     0.0501     0.0537 -124.60066   44.00140      99.51          8  0.000e+00
      46544   1939.292     49.540     49.947     7.7641     7.7618  34.773242  34.775342     7.7593     7.7570    33.6606    33.6652    26.2571    26.2610     2.5042     2.6038     76.255     79.288     1.0293     1.0208     0.0452     0.1044     3.2564     0.0501     0.0549 -124.60066   44.00140      99.66          8  0.000e+00
      46545   1939.333     49.639     50.047     7.7645     7.7618  34.773367  34.775594     7.7596     7.7569    33.6604    33.6654    26.2569    26.2612     2.5042     2.6038     76.256     79.289     1.0293     1.0208     0.0452     0.1044     3.2564     0.0501     0.0549 -124.60066   44.00140      99.80          8  0.000e+00
      46546   1939.375     49.626     50.034     7.7645     7.7618  34.773744  34.775656     7.7597     7.7569    33.6607    33.6655    26.2571    26.2612     2.5042     2.6038     76.255     79.289     1.0293     1.0208     0.0452     0.1044     3.2564     0.0501     0.0537 -124.60066   44.00140      99.80          8  0.000e+00
      50177   2090.667     38.094     38.406     8.0225     8.0504  34.693169  34.687495     8.0187     8.0466    33.3325    33.2999    25.9616    25.9319     4.3568     4.8060    132.708    146.393     1.4359     1.4640     0.0440     0.0739     3.2515     0.0464     0.0647 -124.60060   44.00138      99.56          9  0.000e+00
      50178   2090.708     38.246     38.559     8.0223     8.0506  34.693232  34.686368     8.0186     8.0468    33.3326    33.2984    25.9617    25.9307     4.3569     4.8061    132.711    146.396     1.4359     1.4640     0.0440     0.0739     3.2515     0.0476     0.0635 -124.60060   44.00138      99.56          9  0.000e+00
      50179   2090.750     38.094     38.406     8.0220     8.0503  34.693169  34.685679     8.0182     8.0465    33.3329    33.2981    25.9620    25.9305     4.3569     4.8061    132.709    146.395     1.4359     1.4640     0.0440     0.0739     3.2515     0.0464     0.0635 -124.60060   44.00138      99.56          9  0.000e+00
      50180   2090.792     38.153     38.466     8.0221     8.0501  34.693733  34.685303     8.0184     8.0463    33.3334    33.2978    25.9624    25.9303     4.3569     4.8061    132.709    146.397     1.4359     1.4640     0.0440     0.0739     3.2515     0.0464     0.0635 -124.60060   44.00138      99.56          9  0.000e+00
      50181   2090.833     38.094     38.406     8.0218     8.0501  34.694360  34.684489     8.0181     8.0463    33.3344    33.2969    25.9632    25.9296     4.3625     4.8061    132.879    146.397     1.4371     1.4640     0.0440     0.0739     3.2527     0.0464     0.0647 -124.60060   44.00138      99.56          9  0.000e+00
      50182   2090.875     38.147     38.459     8.0217     8.0499  34.696052  34.684113     8.0179     8.0461    33.3363    33.2967    25.9647    25.9295     4.3569     4.8062    132.708    146.399     1.4359     1.4640     0.0440     0.0739     3.2527     0.0464     0.0635 -124.60060   44.00138      99.56          9  0.000e+00
      50183   2090.917     38.094     38.406     8.0213     8.0498  34.697305  34.683800     8.0176     8.0460    33.3380    33.2965    25.9661    25.9294     4.3624     4.8062    132.877    146.398     1.4371     1.4640     0.0440     0.0739     3.2515     0.0464     0.0635 -124.60060   44.00138      99.56          9  0.000e+00
      50184   2090.958     38.094     38.406     8.0213     8.0498  34.698183  34.683487     8.0176     8.0460    33.3389    33.2962    25.9668    25.9291     4.3568     4.8123    132.705    146.585     1.4359     1.4652     0.0440     0.0739     3.2527     0.0464     0.0635 -124.60060   44.00138      99.56          9  0.000e+00
      50185   2091.000     38.147     38.459     8.0212     8.0499  34.699186  34.683424     8.0174     8.0461    33.3401    33.2959    25.9678    25.9289     4.3568     4.8123    132.706    146.586     1.4359     1.4652     0.0440     0.0739     3.2515     0.0464     0.0635 -124.60060   44.00138      99.56          9  0.000e+00
      50186   2091.042     38.094     38.406     8.0210     8.0498  34.699624  34.682485     8.0173     8.0460    33.3408    33.2951    25.9683    25.9283     4.3568     4.8123    132.705    146.586     1.4359     1.4652     0.0440     0.0739     3.2515     0.0464     0.0635 -124.60060   44.00138      99.56          9  0.000e+00
      50187   2091.083     38.094     38.406     8.0209     8.0494  34.700439  34.682172     8.0171     8.0457    33.3418    33.2951    25.9691    25.9283     4.3568     4.8124    132.704    146.587     1.4359     1.4652     0.0440     0.0739     3.2515     0.0476     0.0647 -124.60060   44.00138      99.56          9  0.000e+00
      50188   2091.125     38.094     38.406     8.0207     8.0498  34.700377  34.681921     8.0169     8.0460    33.3419    33.2945    25.9692    25.9278     4.3624     4.8123    132.875    146.587     1.4371     1.4652     0.0440     0.0739     3.2515     0.0464     0.0647 -124.60060   44.00138      99.56          9  0.000e+00
      50189   2091.167     38.094     38.406     8.0205     8.0494  34.701317  34.682047     8.0168     8.0457    33.3430    33.2950    25.9702    25.9282     4.3624     4.8124    132.875    146.587     1.4371     1.4652     0.0440     0.0739     3.2515     0.0464     0.0635 -124.60060   44.00138      99.56          9  0.000e+00
      50190   2091.208     38.047     38.359     8.0200     8.0496  34.701693  34.682610     8.0162     8.0458    33.3440    33.2954    25.9710    25.9286     4.3624     4.8123    132.875    146.586     1.4371     1.4652     0.0440     0.0739     3.2515     0.0476     0.0647 -124.60060   44.00138      99.56          9  0.000e+00
      50191   2091.250     38.047     38.359     8.0196     8.0496  34.702508  34.682986     8.0158     8.0458    33.3453    33.2958    25.9721    25.9289     4.3624     4.8123    132.875    146.585     1.4371     1.4652     0.0440     0.0739     3.2515     0.0476     0.0647 -124.60060   44.00138      99.56          9  0.000e+00
      50192   2091.292     38.047     38.359     8.0193     8.0494  34.703573  34.683299     8.0155     8.0457    33.3467    33.2963    25.9732    25.9293     4.3624     4.8123    132.874    146.585     1.4371     1.4652     0.0440     0.0739     3.2515     0.0476     0.0647 -124.60060   44.00138      99.56          9  0.000e+00
      50193   2091.333     38.094     38.406     8.0191     8.0498  34.704890  34.683612     8.0153     8.0460    33.3482    33.2963    25.9745    25.9292     4.3624     4.8123    132.874    146.585     1.4371     1.4652     0.0440     0.0739     3.2515     0.0476     0.0647 -124.60060   44.00138      99.56          9  0.000e+00
      50194   2091.375     38.047     38.359     8.0184     8.0494  34.706268  34.683487     8.0147     8.0457    33.3503    33.2965    25.9762    25.9294     4.3623     4.8123    132.874    146.585     1.4371     1.4652     0.0440     0.0739     3.2527     0.0476     0.0647 -124.60060   44.00138      99.56          9  0.000e+00
      50195   2091.417     38.008     38.319     8.0184     8.0493  34.707209  34.683612     8.0147     8.0455    33.3514    33.2968    25.9770    25.9297     4.3623     4.8123    132.872    146.584     1.4371     1.4652     0.0440     0.0739     3.2515     0.0476     0.0647 -124.60060   44.00138      99.56          9  0.000e+00
      50196   2091.458     38.047     38.359     8.0181     8.0494  34.708212  34.683487     8.0144     8.0457    33.3527    33.2965    25.9781    25.9294     4.3623     4.8123    132.872    146.585     1.4371     1.4652     0.0440     0.0739     3.2527     0.0476     0.0647 -124.60060   44.00138      99.56          9  0.000e+00
      50197   2091.500     38.001     38.312     8.0176     8.0494  34.708964  34.683174     8.0139     8.0457    33.3540    33.2962    25.9792    25.9292     4.3623     4.8123    132.872    146.584     1.4371     1.4652     0.0440     0.0739     3.2515     0.0476     0.0647 -124.60060   44.00138      99.56          9  0.000e+00
      50198   2091.542     38.001     38.312     8.0173     8.0493  34.709716  34.683299     8.0135     8.0455    33.3551    33.2965    25.9801    25.9294     4.3679     4.8123    133.042    146.585     1.4383     1.4652     0.0440     0.0739     3.2515     0.0476     0.0647 -124.60060   44.00138      99.56          9  0.000e+00
      50199   2091.583     38.001     38.312     8.0168     8.0490  34.710907  34.683612     8.0131     8.0452    33.3568    33.2971    25.9816    25.9300     4.3679     4.8123    133.042    146.585     1.4383     1.4652     0.0440     0.0739     3.2515     0.0476     0.0647 -124.60060   44.00138      99.56          9  0.000e+00
      50200   2091.625     38.047     38.359     8.0167     8.0491  34.711659  34.683487     8.0129     8.0453    33.3578    33.2968    25.9823    25.9297     4.3679     4.8123    133.043    146.586     1.4383     1.4652     0.0440     0.0739     3.2515     0.0476     0.0647 -124.60060   44.00138      99.56          9  0.000e+00
      50201   2091.667     37.948     38.259     8.0162     8.0491  34.712787  34.684050     8.0124     8.0454    33.3595    33.2975    25.9837    25.9302     4.3679     4.8122    133.041    146.583     1.4383     1.4652     0.0440     0.0739     3.2515     0.0476     0.0647 -124.60060   44.00138      99.56          9  0.000e+00
      50202   2091.708     38.001     38.312     8.0158     8.0488  34.714041  34.685428     8.0121     8.0450    33.3611    33.2992    25.9851    25.9317     4.3679     4.8184    133.041    146.770     1.4383     1.4664     0.0440     0.0739     3.2515     0.0476     0.0647 -124.60060   44.00138      99.56          9  0.000e+00
      50203   2091.750     38.001     38.312     8.0157     8.0482  34.715107  34.686555     8.0119     8.0444    33.3624    33.3010    25.9861    25.9331     4.3679     4.8123    133.040    146.584     1.4383     1.4652     0.0440     0.0739     3.2515     0.0476     0.0647 -124.60060   44.00138      99.56          9  0.000e+00
      50204   2091.792     37.948     38.259     8.0151     8.0477  34.715797  34.686993     8.0113     8.0439    33.3638    33.3020    25.9872    25.9340     4.3679     4.8123    133.040    146.584     1.4383     1.4652     0.0440     0.0739     3.2527     0.0476     0.0647 -124.60060   44.00138      99.56          9  0.000e+00
      50205   2091.833     37.948     38.259     8.0152     8.0475  34.716361  34.686868     8.0115     8.0437    33.3642    33.3020    25.9876    25.9340     4.3734     4.8184    133.210    146.770     1.4396     1.4664     0.0440     0.0739     3.2515     0.0476     0.0659 -124.60060   44.00138      99.56          9  0.000e+00
      50206   2091.875     37.948     38.259     8.0149     8.0471  34.716737  34.686305     8.0112     8.0434    33.3649    33.3017    25.9882    25.9339     4.3734     4.8184    133.210    146.772     1.4396     1.4664     0.0440     0.0739     3.2515     0.0476     0.0659 -124.60060   44.00138      99.56          9  0.000e+00
      50207   2091.917     37.948     38.259     8.0144     8.0468  34.716862  34.686179     8.0107     8.0431    33.3655    33.3019    25.9887    25.9340     4.3735     4.8185    133.211    146.773     1.4396     1.4664     0.0440     0.0739     3.2515     0.0476     0.0647 -124.60060   44.00138      99.56          9  0.000e+00
      50208   2091.958     37.948     38.259     8.0144     8.0470  34.717803  34.685929     8.0107     8.0433    33.3665    33.3015    25.9895    25.9337     4.3735     4.8185    133.210    146.773     1.4396     1.4664     0.0440     0.0739     3.2515     0.0464     0.0647 -124.60060   44.00138      99.56          9  0.000e+00
      50209   2092.000     37.862     38.172     8.0138     8.0470  34.718555  34.685616     8.0100     8.0433    33.3680    33.3012    25.9908    25.9334     4.3790     4.8184    133.380    146.771     1.4408     1.4664     0.0440     0.0739     3.2515     0.0476     0.0647 -124.60060   44.00138      99.56          9  0.000e+00
      50210   2092.042     37.948     38.259     8.0139     8.0468  34.719119  34.686493     8.0102     8.0431    33.3684    33.3023    25.9911    25.9343     4.3735     4.8185    133.210    146.773     1.4396     1.4664     0.0440     0.0739     3.2515     0.0476     0.0647 -124.60060   44.00138      99.56          9  0.000e+00
      50211   2092.083     37.902     38.212     8.0136     8.0459  34.719809  34.687745     8.0098     8.0421    33.3695    33.3045    25.9920    25.9362     4.3790     4.8185    133.380    146.773     1.4408     1.4664     0.0440     0.0739     3.2515     0.0476     0.0647 -124.60060   44.00138      99.56          9  0.000e+00
      50212   2092.125     37.902     38.212     8.0134     8.0449  34.720185  34.688246     8.0097     8.0412    33.3700    33.3060    25.9924    25.9375     4.3790     4.8185    133.380    146.775     1.4408     1.4664     0.0440     0.0739     3.2515     0.0476     0.0647 -124.60060   44.00138      99.56          9  0.000e+00
      50213   2092.167     37.902     38.212     8.0130     8.0446  34.720749  34.687870     8.0092     8.0408    33.3711    33.3059    25.9933    25.9375     4.3791     4.8186    133.380    146.776     1.4408     1.4664     0.0440     0.0739     3.2515     0.0476     0.0647 -124.60060   44.00138      99.56          9  0.000e+00
      50214   2092.208     37.902     38.212     8.0130     8.0437  34.721125  34.687745     8.0092     8.0400    33.3715    33.3066    25.9936    25.9381     4.3790     4.8187    133.380    146.778     1.4408     1.4664     0.0440     0.0739     3.2515     0.0476     0.0659 -124.60060   44.00138      99.56          9  0.000e+00
      50215   2092.250     37.902     38.212     8.0126     8.0433  34.721627  34.687745     8.0089     8.0395    33.3723    33.3070    25.9943    25.9385     4.3791     4.8187    133.380    146.779     1.4408     1.4664     0.0440     0.0739     3.2515     0.0476     0.0659 -124.60060   44.00138      99.56          9  0.000e+00
      50216   2092.292     37.849     38.159     8.0126     8.0433  34.722567  34.687495     8.0089     8.0395    33.3734    33.3067    25.9951    25.9383     4.3790     4.8187    133.378    146.779     1.4408     1.4664     0.0440     0.0739     3.2515     0.0476     0.0647 -124.60060   44.00138      99.56          9  0.000e+00
      50217   2092.333     37.849     38.159     8.0122     8.0437  34.722504  34.687432     8.0084     8.0400    33.3737    33.3063    25.9955    25.9379     4.3846     4.8186    133.550    146.778     1.4420     1.4664     0.0440     0.0739     3.2515     0.0476     0.0647 -124.60060   44.00138      99.56          9  0.000e+00
      50218   2092.375     37.849     38.159     8.0122     8.0444  34.722943  34.687432     8.0084     8.0407    33.3742    33.3056    25.9959    25.9373     4.3846     4.8186    133.550    146.776     1.4420     1.4664     0.0440     0.0739     3.2515     0.0476     0.0647 -124.60060   44.00138      99.56          9  0.000e+00
      50219   2092.417     37.849     38.159     8.0122     8.0450  34.723131  34.686931     8.0084     8.0413    33.3744    33.3045    25.9960    25.9363     4.3902     4.8185    133.720    146.775     1.4432     1.4664     0.0440     0.0739     3.2515     0.0476     0.0647 -124.60060   44.00138      99.56          9  0.000e+00
