West Coast/WCOA-7/CTD_Data/RB2102_CTD_128_01.ros
* Sea-Bird SBE 9 Data File:
* FileName = C:\Users\scs.user.rb\CTD\RB2102\Data\RB2102_CTD_128_01.hex
* Software Version Seasave V 7.26.7.107
* Temperature SN = 6202
* Conductivity SN = 4907
* Number of Bytes Per Scan = 41
* Number of Voltage Words = 4
* Number of Scans Averaged by the Deck Unit = 1
* NMEA Latitude = 33 11.04 N
* NMEA Longitude = 118 23.21 W
* NMEA UTC (Time) = Jul 21 2021  08:04:02
* NMEA baud rate = 4800
# nquan = 30
# nvalues = 1176                                  
# units = specified
# name 0 = scan: Scan Count
# name 1 = timeS: Time, Elapsed [seconds]
# name 2 = depSM: Depth [salt water, m]
# name 3 = prDM: Pressure, Digiquartz [db]
# name 4 = t090C: Temperature [ITS-90, deg C]
# name 5 = t190C: Temperature, 2 [ITS-90, deg C]
# name 6 = c0mS/cm: Conductivity [mS/cm]
# name 7 = c1mS/cm: Conductivity, 2 [mS/cm]
# name 8 = potemp090C: Potential Temperature [ITS-90, deg C]
# name 9 = potemp190C: Potential Temperature, 2 [ITS-90, deg C]
# name 10 = sal00: Salinity, Practical [PSU]
# name 11 = sal11: Salinity, Practical, 2 [PSU]
# name 12 = sigma-é00: Density [sigma-theta, kg/m^3]
# name 13 = sigma-é11: Density, 2 [sigma-theta, kg/m^3]
# name 14 = sbeox0Mg/L: Oxygen, SBE 43 [mg/l]
# name 15 = sbeox1Mg/L: Oxygen, SBE 43, 2 [mg/l]
# name 16 = sbox0Mm/Kg: Oxygen, SBE 43 [umol/kg]
# name 17 = sbox1Mm/Kg: Oxygen, SBE 43, 2 [umol/kg]
# name 18 = sbeox0V: Oxygen raw, SBE 43 [V]
# name 19 = sbeox1V: Oxygen raw, SBE 43, 2 [V]
# name 20 = v4: Voltage 4
# name 21 = flECO-AFL: Fluorescence, WET Labs ECO-AFL/FL [mg/m^3]
# name 22 = v3: Voltage 3
# name 23 = v6: Voltage 6
# name 24 = v7: Voltage 7
# name 25 = longitude: Longitude [deg]
# name 26 = latitude: Latitude [deg]
# name 27 = altM: Altimeter [m]
# name 28 = nbf: Bottles Fired
# name 29 = flag:  0.000e+00
# interval = seconds: 0.0416667
# start_time = Jul 21 2021 08:04:02 [NMEA time, header]
# bad_flag = -9.990e-29
*END*
[from data line 1112]
     138221   5759.167      3.770      3.797    20.7220    20.7249  46.793736  46.797874    20.7213    20.7242    33.5021    33.5031    23.4288    23.4288     7.5153     7.0327    229.480    214.742     2.6300     2.3651     0.0476     0.1655     3.2210     0.0000     0.0037 -118.38726   33.18162       1.22         23  0.000e+00
     138222   5759.208      3.770      3.797    20.7220    20.7247  46.794019  46.798086    20.7213    20.7240    33.5023    33.5034    23.4290    23.4292     7.5153     7.0327    229.479    214.743     2.6300     2.3651     0.0476     0.1655     3.2222     0.0000     0.0037 -118.38726   33.18162       1.66         23  0.000e+00
     138223   5759.250      3.737      3.764    20.7220    20.7246  46.794160  46.798086    20.7213    20.7239    33.5024    33.5035    23.4291    23.4292     7.5152     7.0326    229.478    214.742     2.6300     2.3651     0.0476     0.1655     3.2210     0.0000     0.0037 -118.38726   33.18162      59.00         23  0.000e+00
     138224   5759.292      3.770      3.797    20.7218    20.7243  46.794372  46.797450    20.7211    20.7235    33.5027    33.5033    23.4294    23.4291     7.5153     7.0327    229.479    214.745     2.6300     2.3651     0.0476     0.1655     3.2210     0.0000     0.0037 -118.38726   33.18162      99.41         23  0.000e+00
     138225   5759.333      3.823      3.850    20.7220    20.7237  46.794231  46.796815    20.7213    20.7230    33.5024    33.5032    23.4291    23.4292     7.5153     7.0329    229.480    214.749     2.6300     2.3651     0.0476     0.1655     3.2222     0.0000     0.0037 -118.38726   33.18162     100.00         23  0.000e+00
     138226   5759.375      3.724      3.750    20.7220    20.7235  46.794372  46.796531    20.7213    20.7228    33.5026    33.5031    23.4293    23.4292     7.5152     7.0328    229.478    214.747     2.6300     2.3651     0.0476     0.1655     3.2210     0.0000     0.0037 -118.38726   33.18162     100.00         23  0.000e+00
     138227   5759.417      3.770      3.797    20.7222    20.7232  46.794231  46.796814    20.7215    20.7225    33.5023    33.5036    23.4290    23.4297     7.5153     7.0329    229.478    214.749     2.6300     2.3651     0.0488     0.1960     3.2210     0.0000     0.0049 -118.38726   33.18162     100.00         23  0.000e+00
     138228   5759.458      3.770      3.797    20.7218    20.7232  46.794160  46.796744    20.7211    20.7225    33.5025    33.5035    23.4292    23.4296     7.5153     7.0329    229.480    214.749     2.6300     2.3651     0.0476     0.1655     3.2210     0.0000     0.0049 -118.38726   33.18162      99.71         23  0.000e+00
     138229   5759.500      3.770      3.797    20.7218    20.7230  46.793806  46.796532    20.7211    20.7223    33.5023    33.5035    23.4290    23.4296     7.5153     7.0329    229.480    214.749     2.6300     2.3651     0.0476     0.1655     3.2210     0.0000     0.0049 -118.38726   33.18162      99.73         23  0.000e+00
     138230   5759.542      3.770      3.797    20.7218    20.7232  46.793382  46.796532    20.7211    20.7225    33.5019    33.5034    23.4288    23.4295     7.5153     7.0329    229.481    214.749     2.6300     2.3651     0.0476     0.1655     3.2210     0.0000     0.0037 -118.38726   33.18162      99.71         23  0.000e+00
     138231   5759.583      3.770      3.797    20.7218    20.7233  46.793594  46.796885    20.7211    20.7226    33.5021    33.5036    23.4289    23.4296     7.5153     7.0329    229.480    214.748     2.6300     2.3651     0.0476     0.1655     3.2210     0.0000     0.0037 -118.38726   33.18162      99.68         23  0.000e+00
     138232   5759.625      3.770      3.797    20.7217    20.7230  46.793736  46.796390    20.7209    20.7223    33.5023    33.5034    23.4291    23.4296     7.5153     7.0329    229.481    214.750     2.6300     2.3651     0.0476     0.1655     3.2210     0.0000     0.0024 -118.38726   33.18162      99.68         23  0.000e+00
     138233   5759.667      3.770      3.797    20.7218    20.7230  46.793382  46.796744    20.7211    20.7223    33.5019    33.5037    23.4288    23.4298     7.5110     7.0329    229.350    214.749     2.6288     2.3651     0.0476     0.1655     3.2222     0.0000     0.0037 -118.38726   33.18162      99.68         23  0.000e+00
     138234   5759.708      3.770      3.797    20.7216    20.7230  46.793312  46.796744    20.7209    20.7223    33.5020    33.5037    23.4289    23.4298     7.5111     7.0329    229.350    214.749     2.6288     2.3651     0.0476     0.1655     3.2222     0.0000     0.0024 -118.38726   33.18162      99.68         23  0.000e+00
     138235   5759.750      3.790      3.817    20.7218    20.7229  46.793948  46.796532    20.7211    20.7222    33.5024    33.5035    23.4291    23.4297     7.5110     7.0329    229.350    214.750     2.6288     2.3651     0.0476     0.1655     3.2222     0.0000     0.0012 -118.38726   33.18162      99.68         23  0.000e+00
     138310   5762.875      3.969      3.997    20.7256    20.7232  46.797483  46.796957    20.7249    20.7224    33.5021    33.5036    23.4279    23.4297     7.5064     7.0284    229.209    214.613     2.6276     2.3639     0.0464     0.1350     3.2222     0.0000     0.0024 -118.38728   33.18162      99.68         24  0.000e+00
     138311   5762.917      3.969      3.997    20.7255    20.7234  46.797271  46.796603    20.7247    20.7226    33.5021    33.5032    23.4279    23.4293     7.5064     7.0284    229.209    214.613     2.6276     2.3639     0.0464     0.1350     3.2198     0.0000     0.0024 -118.38728   33.18162      99.68         24  0.000e+00
     138312   5762.958      4.016      4.044    20.7249    20.7235  46.796635  46.796886    20.7242    20.7227    33.5020    33.5033    23.4280    23.4294     7.5066     7.0284    229.213    214.613     2.6276     2.3639     0.0464     0.1350     3.2222     0.0000     0.0024 -118.38728   33.18162      99.66         24  0.000e+00
     138313   5763.000      3.823      3.851    20.7244    20.7235  46.796210  46.796956    20.7237    20.7228    33.5021    33.5034    23.4282    23.4294     7.5064     7.0283    229.209    214.608     2.6276     2.3639     0.0464     0.1350     3.2210     0.0000     0.0037 -118.38728   33.18162      96.46         24  0.000e+00
     138314   5763.042      3.936      3.964    20.7244    20.7237  46.796140  46.797592    20.7237    20.7230    33.5020    33.5038    23.4282    23.4297     7.5065     7.0283    229.213    214.610     2.6276     2.3639     0.0464     0.1350     3.2210     0.0000     0.0037 -118.38728   33.18162      93.94         24  0.000e+00
     138315   5763.083      3.916      3.944    20.7244    20.7239  46.796140  46.797168    20.7237    20.7232    33.5020    33.5033    23.4282    23.4292     7.5065     7.0283    229.212    214.609     2.6276     2.3639     0.0464     0.1350     3.2210     0.0000     0.0037 -118.38728   33.18162      93.60         24  0.000e+00
     138316   5763.125      3.823      3.851    20.7241    20.7238  46.796140  46.797521    20.7234    20.7231    33.5023    33.5036    23.4285    23.4296     7.5108     7.0282    229.341    214.606     2.6288     2.3639     0.0464     0.1350     3.2198     0.0000     0.0024 -118.38728   33.18162      93.80         24  0.000e+00
     138317   5763.167      3.870      3.897    20.7241    20.7237  46.796140  46.796885    20.7234    20.7230    33.5023    33.5032    23.4285    23.4293     7.5108     7.0283    229.343    214.609     2.6288     2.3639     0.0464     0.1350     3.2198     0.0000     0.0037 -118.38728   33.18162      93.89         24  0.000e+00
     138318   5763.208      3.770      3.797    20.7237    20.7237  46.795715  46.797097    20.7230    20.7230    33.5023    33.5034    23.4285    23.4294     7.5108     7.0282    229.341    214.606     2.6288     2.3639     0.0464     0.1350     3.2210     0.0000     0.0024 -118.38728   33.18162      94.04         24  0.000e+00
     138319   5763.250      3.823      3.851    20.7236    20.7239  46.795645  46.797309    20.7229    20.7232    33.5023    33.5034    23.4286    23.4294     7.5151     7.0282    229.474    214.607     2.6300     2.3639     0.0464     0.1350     3.2210     0.0000     0.0024 -118.38728   33.18162      97.70         24  0.000e+00
     138320   5763.292      3.770      3.797    20.7236    20.7238  46.795079  46.797097    20.7229    20.7231    33.5019    33.5033    23.4283    23.4293     7.5108     7.0282    229.343    214.606     2.6288     2.3639     0.0464     0.1350     3.2210     0.0000     0.0024 -118.38728   33.18162      99.63         24  0.000e+00
     138321   5763.333      3.724      3.751    20.7234    20.7239  46.795149  46.797238    20.7227    20.7232    33.5021    33.5034    23.4285    23.4293     7.5108     7.0281    229.342    214.604     2.6288     2.3639     0.0464     0.1350     3.2210     0.0000     0.0037 -118.38728   33.18162      99.71         24  0.000e+00
     138322   5763.375      3.770      3.797    20.7234    20.7237  46.795291  46.797309    20.7227    20.7230    33.5022    33.5036    23.4285    23.4295     7.5108     7.0282    229.343    214.606     2.6288     2.3639     0.0464     0.1350     3.2198     0.0000     0.0049 -118.38728   33.18162      99.63         24  0.000e+00
     138323   5763.417      3.724      3.751    20.7232    20.7237  46.795291  46.797097    20.7225    20.7230    33.5024    33.5034    23.4287    23.4294     7.5151     7.0281    229.473    214.605     2.6300     2.3639     0.0464     0.1350     3.2210     0.0000     0.0049 -118.38728   33.18162      99.68         24  0.000e+00
     138324   5763.458      3.724      3.751    20.7230    20.7237  46.794655  46.797238    20.7223    20.7230    33.5020    33.5036    23.4285    23.4295     7.5151     7.0281    229.474    214.605     2.6300     2.3639     0.0464     0.1350     3.2210     0.0000     0.0037 -118.38728   33.18162      99.68         24  0.000e+00
     138325   5763.500      3.678      3.704    20.7227    20.7237  46.794513  46.796672    20.7220    20.7230    33.5022    33.5031    23.4287    23.4292     7.5151     7.0281    229.474    214.604     2.6300     2.3639     0.0464     0.1350     3.2210     0.0000     0.0024 -118.38728   33.18162      99.68         24  0.000e+00
     138326   5763.542      3.592      3.617    20.7222    20.7235  46.793593  46.796601    20.7215    20.7229    33.5019    33.5032    23.4286    23.4293     7.5151     7.0281    229.474    214.602     2.6300     2.3639     0.0464     0.1350     3.2210     0.0000     0.0012 -118.38728   33.18162      99.68         24  0.000e+00
     138327   5763.583      3.724      3.751    20.7218    20.7235  46.793594  46.796885    20.7211    20.7228    33.5021    33.5034    23.4289    23.4294     7.5195     7.0282    229.610    214.605     2.6313     2.3639     0.0464     0.1350     3.2210     0.0000     0.0012 -118.38728   33.18162      99.68         24  0.000e+00
     138328   5763.625      3.625      3.651    20.7215    20.7240  46.793382  46.796955    20.7208    20.7233    33.5022    33.5031    23.4291    23.4291     7.5195     7.0280    229.608    214.601     2.6313     2.3639     0.0464     0.1350     3.2210     0.0000     0.0000 -118.38728   33.18162      99.68         24  0.000e+00
     138329   5763.667      3.625      3.651    20.7213    20.7239  46.793028  46.797308    20.7206    20.7232    33.5021    33.5035    23.4290    23.4294     7.5195     7.0280    229.609    214.601     2.6313     2.3639     0.0464     0.1350     3.2210     0.0000     0.0000 -118.38728   33.18162      99.68         24  0.000e+00
     138330   5763.708      3.625      3.651    20.7211    20.7241  46.793170  46.797308    20.7204    20.7234    33.5024    33.5034    23.4293    23.4293     7.5153     7.0280    229.479    214.601     2.6300     2.3639     0.0464     0.1350     3.2210     0.0000     0.0012 -118.38728   33.18162      99.68         24  0.000e+00
     138331   5763.750      3.578      3.604    20.7210    20.7239  46.793311  46.797308    20.7203    20.7232    33.5026    33.5035    23.4295    23.4294     7.5195     7.0280    229.608    214.600     2.6313     2.3639     0.0464     0.1350     3.2222     0.0000     0.0012 -118.38728   33.18162      99.68         24  0.000e+00
     138332   5763.792      3.578      3.604    20.7208    20.7240  46.792674  46.797379    20.7201    20.7233    33.5022    33.5035    23.4293    23.4293     7.5195     7.0280    229.610    214.599     2.6313     2.3639     0.0464     0.1350     3.2198     0.0000     0.0024 -118.38726   33.18162      99.68         24  0.000e+00
     138333   5763.833      3.625      3.651    20.7204    20.7241  46.792533  46.797308    20.7197    20.7234    33.5024    33.5034    23.4295    23.4293     7.5196     7.0280    229.612    214.601     2.6313     2.3639     0.0464     0.1350     3.2210     0.0000     0.0012 -118.38726   33.18162      99.68         24  0.000e+00
     138334   5763.875      3.578      3.604    20.7206    20.7239  46.792533  46.796672    20.7199    20.7232    33.5023    33.5030    23.4293    23.4290     7.5196     7.0280    229.610    214.601     2.6313     2.3639     0.0464     0.1350     3.2198     0.0000     0.0012 -118.38726   33.18162      99.68         24  0.000e+00
     138335   5763.917      3.525      3.550    20.7208    20.7241  46.792533  46.796601    20.7201    20.7234    33.5022    33.5028    23.4292    23.4288     7.5195     7.0280    229.608    214.599     2.6313     2.3639     0.0464     0.1350     3.2210     0.0000     0.0012 -118.38726   33.18162      99.68         24  0.000e+00
     138336   5763.958      3.578      3.604    20.7206    20.7240  46.792816  46.797096    20.7199    20.7233    33.5025    33.5032    23.4295    23.4292     7.5196     7.0234    229.610    214.459     2.6313     2.3626     0.0464     0.1350     3.2210     0.0000     0.0012 -118.38726   33.18162      99.68         24  0.000e+00
     138337   5764.000      3.578      3.604    20.7210    20.7239  46.793169  46.797096    20.7203    20.7232    33.5025    33.5033    23.4294    23.4293     7.5195     7.0234    229.609    214.459     2.6313     2.3626     0.0464     0.1350     3.2210     0.0000     0.0012 -118.38726   33.18162      99.68         24  0.000e+00
     138338   5764.042      3.578      3.604    20.7211    20.7237  46.793028  46.797237    20.7204    20.7230    33.5023    33.5036    23.4292    23.4295     7.5195     7.0234    229.608    214.460     2.6313     2.3626     0.0464     0.1350     3.2210     0.0000     0.0024 -118.38726   33.18162      99.68         24  0.000e+00
     138339   5764.083      3.545      3.571    20.7211    20.7237  46.793169  46.797308    20.7204    20.7230    33.5024    33.5037    23.4293    23.4296     7.5195     7.0234    229.607    214.459     2.6313     2.3626     0.0464     0.1350     3.2210     0.0000     0.0024 -118.38726   33.18162      99.68         24  0.000e+00
     138340   5764.125      3.578      3.604    20.7213    20.7235  46.793311  46.796813    20.7206    20.7228    33.5023    33.5034    23.4292    23.4294     7.5195     7.0234    229.607    214.461     2.6313     2.3626     0.0464     0.1350     3.2210     0.0000     0.0024 -118.38726   33.18162      99.68         24  0.000e+00
     138341   5764.167      3.625      3.651    20.7216    20.7234  46.793594  46.796531    20.7209    20.7227    33.5023    33.5033    23.4291    23.4294     7.5195     7.0235    229.607    214.463     2.6313     2.3626     0.0464     0.1350     3.2222     0.0000     0.0024 -118.38726   33.18162      99.68         24  0.000e+00
     138342   5764.208      3.578      3.604    20.7215    20.7232  46.793735  46.796813    20.7208    20.7225    33.5025    33.5037    23.4293    23.4297     7.5194     7.0235    229.606    214.462     2.6313     2.3626     0.0464     0.1350     3.2222     0.0000     0.0024 -118.38726   33.18162      99.68         24  0.000e+00
