West Coast/WCOA-7/CTD_Data/RB2102_CTD_104_01.ros
* Sea-Bird SBE 9 Data File:
* FileName = C:\Users\scs.user.rb\CTD\RB2102\Data\RB2102_CTD_104_01.hex
* Software Version Seasave V 7.26.7.107
* Temperature SN = 6202
* Conductivity SN = 4907
* Number of Bytes Per Scan = 41
* Number of Voltage Words = 4
* Number of Scans Averaged by the Deck Unit = 1
* NMEA Latitude = 35 37.85 N
* NMEA Longitude = 121 17.53 W
* NMEA UTC (Time) = Jul 15 2021  16:37:09
* NMEA baud rate = 4800
# nquan = 30
# nvalues = 559                                   
# units = specified
# name 0 = scan: Scan Count
# name 1 = timeS: Time, Elapsed [seconds]
# name 2 = depSM: Depth [salt water, m]
# name 3 = prDM: Pressure, Digiquartz [db]
# name 4 = t090C: Temperature [ITS-90, deg C]
# name 5 = t190C: Temperature, 2 [ITS-90, deg C]
# name 6 = c0mS/cm: Conductivity [mS/cm]
# name 7 = c1mS/cm: Conductivity, 2 [mS/cm]
# name 8 = potemp090C: Potential Temperature [ITS-90, deg C]
# name 9 = potemp190C: Potential Temperature, 2 [ITS-90, deg C]
# name 10 = sal00: Salinity, Practical [PSU]
# name 11 = sal11: Salinity, Practical, 2 [PSU]
# name 12 = sigma-é00: Density [sigma-theta, kg/m^3]
# name 13 = sigma-é11: Density, 2 [sigma-theta, kg/m^3]
# name 14 = sbeox0Mg/L: Oxygen, SBE 43 [mg/l]
# name 15 = sbeox1Mg/L: Oxygen, SBE 43, 2 [mg/l]
# name 16 = sbox0Mm/Kg: Oxygen, SBE 43 [umol/kg]
# name 17 = sbox1Mm/Kg: Oxygen, SBE 43, 2 [umol/kg]
# name 18 = sbeox0V: Oxygen raw, SBE 43 [V]
# name 19 = sbeox1V: Oxygen raw, SBE 43, 2 [V]
# name 20 = v4: Voltage 4
# name 21 = flECO-AFL: Fluorescence, WET Labs ECO-AFL/FL [mg/m^3]
# name 22 = v3: Voltage 3
# name 23 = v6: Voltage 6
# name 24 = v7: Voltage 7
# name 25 = longitude: Longitude [deg]
# name 26 = latitude: Latitude [deg]
# name 27 = altM: Altimeter [m]
# name 28 = nbf: Bottles Fired
# name 29 = flag:  0.000e+00
# interval = seconds: 0.0416667
# start_time = Jul 15 2021 16:37:09 [NMEA time, header]
# bad_flag = -9.990e-29
*END*
[from data line 436]
      37239   1551.583      9.946     10.019    13.7992    13.8438  40.337043  40.367848    13.7978    13.8424    33.6831    33.6726    25.2114    25.1941     7.8915     8.1258    240.549    247.693     2.4542     2.3724     0.1245     2.0886     3.2466     0.2393     0.1038 -121.29164   35.63168      72.67         10  0.000e+00
      37240   1551.625      9.893      9.965    13.7990    13.8442  40.336910  40.368580    13.7976    13.8428    33.6832    33.6730    25.2114    25.1943     7.8866     8.1256    240.399    247.689     2.4530     2.3724     0.1233     2.0580     3.2466     0.2393     0.1038 -121.29164   35.63168      72.67         10  0.000e+00
      37241   1551.667      9.952     10.025    13.8005    13.8453  40.336178  40.369777    13.7991    13.8438    33.6811    33.6731    25.2096    25.1942     7.8865     8.1255    240.397    247.685     2.4530     2.3724     0.1233     2.0580     3.2454     0.2405     0.1038 -121.29164   35.63168      72.70         10  0.000e+00
      37242   1551.708      9.946     10.019    13.8050    13.8458  40.335978  40.370376    13.8036    13.8444    33.6770    33.6732    25.2054    25.1941     7.8860     8.1254    240.381    247.681     2.4530     2.3724     0.1233     2.0580     3.2466     0.2405     0.1038 -121.29164   35.63168      72.67         10  0.000e+00
      37243   1551.750      9.946     10.019    13.8097    13.8472  40.334979  40.371506    13.8083    13.8458    33.6719    33.6731    25.2006    25.1937     7.8854     8.1251    240.366    247.674     2.4530     2.3724     0.1233     2.0580     3.2454     0.2393     0.1038 -121.29164   35.63168      72.65         10  0.000e+00
      37244   1551.792      9.946     10.019    13.8105    13.8496  40.333050  40.371839    13.8091    13.8482    33.6695    33.6712    25.1985    25.1918     7.8854     8.1248    240.366    247.664     2.4530     2.3724     0.1233     2.0580     3.2454     0.2393     0.1038 -121.29164   35.63168      72.65         10  0.000e+00
      37245   1551.833      9.952     10.025    13.8079    13.8517  40.333849  40.371373    13.8065    13.8503    33.6725    33.6689    25.2014    25.1896     7.8857     8.1192    240.374    247.495     2.4530     2.3712     0.1233     2.0580     3.2466     0.2393     0.1038 -121.29164   35.63168      72.65         10  0.000e+00
      37246   1551.875      9.893      9.965    13.8035    13.8520  40.336311  40.371439    13.8021    13.8506    33.6787    33.6688    25.2070    25.1894     7.8861     8.1191    240.384    247.492     2.4530     2.3712     0.1233     2.0580     3.2466     0.2405     0.1038 -121.29164   35.63168      72.65         10  0.000e+00
      37247   1551.917      9.946     10.019    13.7990    13.8512  40.338640  40.371506    13.7976    13.8498    33.6847    33.6695    25.2127    25.1901     7.8866     8.1193    240.398    247.497     2.4530     2.3712     0.1233     2.0580     3.2466     0.2393     0.1038 -121.29164   35.63168      72.65         10  0.000e+00
      37248   1551.958      9.946     10.019    13.7973    13.8500  40.339971  40.371506    13.7959    13.8486    33.6875    33.6706    25.2151    25.1912     7.8867     8.1195    240.402    247.502     2.4530     2.3712     0.1233     2.0580     3.2454     0.2405     0.1038 -121.29164   35.63168      72.67         10  0.000e+00
      37249   1552.000      9.906      9.979    13.7983    13.8498  40.341834  40.371972    13.7969    13.8484    33.6883    33.6712    25.2156    25.1917     7.8865     8.1194    240.394    247.500     2.4530     2.3712     0.1233     2.0580     3.2466     0.2393     0.1038 -121.29164   35.63168      72.67         10  0.000e+00
      37250   1552.042      9.946     10.019    13.7998    13.8507  40.344695  40.372171    13.7984    13.8493    33.6897    33.6706    25.2163    25.1910     7.8862     8.1193    240.385    247.498     2.4530     2.3712     0.1233     2.0580     3.2466     0.2405     0.1038 -121.29164   35.63168      72.67         10  0.000e+00
      37251   1552.083      9.992     10.065    13.8014    13.8514  40.346758  40.373036    13.7999    13.8500    33.6902    33.6708    25.2164    25.1911     7.8860     8.1192    240.378    247.495     2.4530     2.3712     0.1233     2.0580     3.2454     0.2393     0.1038 -121.29164   35.63168      72.67         10  0.000e+00
      37252   1552.125      9.893      9.965    13.8032    13.8513  40.348820  40.374034    13.8018    13.8499    33.6906    33.6718    25.2163    25.1919     7.8855     8.1244    240.366    247.653     2.4530     2.3724     0.1233     2.0580     3.2466     0.2393     0.1038 -121.29164   35.63168      72.67         10  0.000e+00
      37253   1552.167      9.952     10.025    13.8064    13.8509  40.350883  40.374100    13.8050    13.8495    33.6897    33.6722    25.2150    25.1923     7.8851     8.1245    240.353    247.656     2.4530     2.3724     0.1233     2.0580     3.2466     0.2393     0.1038 -121.29164   35.63168      72.67         10  0.000e+00
      37254   1552.208      9.946     10.019    13.8109    13.8493  40.350882  40.373967    13.8095    13.8479    33.6857    33.6735    25.2110    25.1936     7.8846     8.1247    240.337    247.662     2.4530     2.3724     0.1233     2.0580     3.2454     0.2405     0.1038 -121.29164   35.63168      72.65         10  0.000e+00
      37255   1552.250      9.946     10.019    13.8171    13.8467  40.349151  40.373436    13.8157    13.8452    33.6787    33.6753    25.2043    25.1955     7.8839     8.1198    240.318    247.511     2.4530     2.3712     0.1233     2.0580     3.2466     0.2393     0.1038 -121.29164   35.63168      72.63         10  0.000e+00
      37256   1552.292      9.946     10.019    13.8223    13.8452  40.347820  40.372505    13.8209    13.8438    33.6729    33.6758    25.1987    25.1962     7.8833     8.1254    240.302    247.680     2.4530     2.3724     0.1233     2.0580     3.2466     0.2393     0.1038 -121.29164   35.63168      72.63         10  0.000e+00
      37257   1552.333      9.906      9.979    13.8241    13.8463  40.346821  40.372704    13.8227    13.8449    33.6704    33.6750    25.1964    25.1954     7.8831     8.1252    240.296    247.675     2.4530     2.3724     0.1233     2.0580     3.2466     0.2405     0.1038 -121.29164   35.63168      72.63         10  0.000e+00
      37258   1552.375      9.992     10.065    13.8219    13.8495  40.348086  40.373968    13.8205    13.8481    33.6734    33.6733    25.1992    25.1934     7.8834     8.1248    240.304    247.663     2.4530     2.3724     0.1233     2.0580     3.2454     0.2405     0.1038 -121.29164   35.63168      72.63         10  0.000e+00
      37259   1552.417      9.893      9.965    13.8201    13.8540  40.351214  40.375098    13.8187    13.8526    33.6780    33.6704    25.2031    25.1902     7.8834     8.1240    240.303    247.641     2.4530     2.3724     0.1233     2.0580     3.2454     0.2405     0.1038 -121.29164   35.63168      72.63         10  0.000e+00
      37260   1552.458      9.946     10.019    13.8223    13.8563  40.354740  40.375164    13.8209    13.8549    33.6793    33.6685    25.2037    25.1883     7.8830     8.1238    240.291    247.634     2.4530     2.3724     0.1233     2.0580     3.2479     0.2405     0.1038 -121.29164   35.63168      72.60         10  0.000e+00
      37261   1552.500      9.952     10.025    13.8265    13.8558  40.358001  40.374033    13.8251    13.8544    33.6787    33.6678    25.2023    25.1879     7.8824     8.1239    240.272    247.637     2.4530     2.3724     0.1233     2.0580     3.2454     0.2405     0.1038 -121.29164   35.63168      72.53         10  0.000e+00
      37262   1552.542      9.946     10.019    13.8308    13.8510  40.360063  40.372504    13.8294    13.8496    33.6768    33.6706    25.1999    25.1910     7.8817     8.1246    240.253    247.658     2.4530     2.3724     0.1233     2.0580     3.2466     0.2405     0.1038 -121.29164   35.63168      72.53         10  0.000e+00
      37263   1552.583      9.946     10.019    13.8337    13.8474  40.361527  40.370109    13.8323    13.8459    33.6756    33.6716    25.1985    25.1925     7.8813     8.1252    240.241    247.676     2.4530     2.3724     0.1233     2.0580     3.2466     0.2405     0.1038 -121.29164   35.63168      72.53         10  0.000e+00
      37264   1552.625      9.946     10.019    13.8355    13.8446  40.363723  40.368380    13.8341    13.8432    33.6761    33.6724    25.1985    25.1937     7.8810     8.1256    240.231    247.689     2.4530     2.3724     0.1233     2.0580     3.2466     0.2393     0.1038 -121.29164   35.63168      72.53         10  0.000e+00
      37265   1552.667      9.992     10.065    13.8380    13.8433  40.364921  40.368048    13.8366    13.8419    33.6750    33.6732    25.1971    25.1946     7.8807     8.1259    240.222    247.696     2.4530     2.3724     0.1306     2.2412     3.2454     0.2393     0.1038 -121.29164   35.63168      72.53         10  0.000e+00
      37266   1552.708      9.906      9.979    13.8413    13.8421  40.366184  40.368048    13.8399    13.8407    33.6732    33.6743    25.1950    25.1957     7.8801     8.1259    240.206    247.698     2.4530     2.3724     0.1343     2.3328     3.2466     0.2405     0.1038 -121.29164   35.63168      72.53         10  0.000e+00
      37267   1552.750      9.893      9.965    13.8445    13.8406  40.367781  40.367250    13.8431    13.8392    33.6719    33.6749    25.1934    25.1965     7.8797     8.1262    240.192    247.705     2.4530     2.3724     0.1355     2.3633     3.2466     0.2405     0.1038 -121.29164   35.63168      72.53         10  0.000e+00
      37268   1552.792      9.992     10.065    13.8462    13.8396  40.368247  40.366452    13.8448    13.8381    33.6708    33.6750    25.1922    25.1968     7.8844     8.1264    240.337    247.713     2.4542     2.3724     0.1343     2.3328     3.2466     0.2405     0.1038 -121.29164   35.63168      72.53         10  0.000e+00
      37269   1552.833      9.893      9.965    13.8470    13.8393  40.368779  40.365720    13.8456    13.8379    33.6707    33.6746    25.1919    25.1966     7.8842     8.1264    240.330    247.712     2.4542     2.3724     0.1355     2.3633     3.2454     0.2405     0.1038 -121.29164   35.63168      72.53         10  0.000e+00
      37270   1552.875      9.952     10.025    13.8465    13.8386  40.369179  40.365321    13.8451    13.8371    33.6715    33.6749    25.1926    25.1969     7.8843     8.1266    240.333    247.718     2.4542     2.3724     0.1343     2.3328     3.2454     0.2405     0.1038 -121.29164   35.63168      72.53         10  0.000e+00
      37271   1552.917      9.946     10.019    13.8464    13.8379  40.368713  40.364989    13.8450    13.8365    33.6711    33.6751    25.1924    25.1972     7.8843     8.1267    240.334    247.720     2.4542     2.3724     0.1343     2.3328     3.2454     0.2405     0.1038 -121.29164   35.63168      72.53         10  0.000e+00
      37272   1552.958      9.946     10.019    13.8459    13.8367  40.368913  40.364124    13.8445    13.8353    33.6718    33.6754    25.1930    25.1976     7.8844     8.1269    240.336    247.726     2.4542     2.3724     0.1343     2.3328     3.2466     0.2405     0.1038 -121.29164   35.63168      72.55         10  0.000e+00
      37273   1553.000      9.946     10.019    13.8460    13.8320  40.368647  40.360666    13.8446    13.8306    33.6714    33.6763    25.1926    25.1993     7.8844     8.1277    240.336    247.750     2.4542     2.3724     0.1343     2.3328     3.2466     0.2405     0.1038 -121.29164   35.63168      72.58         10  0.000e+00
      37274   1553.042      9.906      9.979    13.8462    13.8300  40.368314  40.358272    13.8448    13.8286    33.6709    33.6759    25.1923    25.1994     7.8843     8.1227    240.334    247.598     2.4542     2.3712     0.1343     2.3328     3.2466     0.2405     0.1038 -121.29164   35.63168      72.58         10  0.000e+00
      37275   1553.083      9.992     10.065    13.8460    13.8313  40.367648  40.359203    13.8446    13.8299    33.6704    33.6755    25.1919    25.1989     7.8845     8.1226    240.339    247.595     2.4542     2.3712     0.1343     2.3328     3.2454     0.2405     0.1038 -121.29164   35.63168      72.58         10  0.000e+00
      37276   1553.125      9.893      9.965    13.8454    13.8359  40.367515  40.361264    13.8440    13.8345    33.6710    33.6735    25.1925    25.1963     7.8845     8.1271    240.338    247.732     2.4542     2.3724     0.1343     2.3328     3.2466     0.2405     0.1038 -121.29164   35.63168      72.58         10  0.000e+00
      39086   1628.542      3.343      3.367    13.9557    13.9604  40.469956  40.474294    13.9552    13.9600    33.6721    33.6720    25.1703    25.1692     8.0939     7.9820    246.729    243.317     2.5128     2.3455     0.0965     1.3865     3.2430     0.1441     0.0000 -121.29160   35.63180      79.39         11  0.000e+00
      39087   1628.583      3.389      3.414    13.9572    13.9594  40.470423  40.474694    13.9567    13.9590    33.6712    33.6732    25.1693    25.1704     8.0938     7.9822    246.724    243.322     2.5128     2.3455     0.0965     1.3865     3.2430     0.1441     0.0000 -121.29160   35.63180      79.39         11  0.000e+00
      39088   1628.625      3.296      3.320    13.9589    13.9594  40.471155  40.476291    13.9584    13.9590    33.6704    33.6747    25.1683    25.1715     8.0934     7.9820    246.714    243.316     2.5128     2.3455     0.0965     1.3865     3.2430     0.1453     0.0000 -121.29160   35.63180      79.37         11  0.000e+00
      39089   1628.667      3.442      3.467    13.9599    13.9604  40.471355  40.479755    13.9594    13.9600    33.6697    33.6770    25.1676    25.1731     8.0935     7.9819    246.715    243.311     2.5128     2.3455     0.0965     1.3865     3.2430     0.1453     0.0000 -121.29160   35.63180      79.39         11  0.000e+00
      39090   1628.708      3.442      3.467    13.9604    13.9656  40.471555  40.484482    13.9599    13.9651    33.6695    33.6769    25.1673    25.1719     8.0934     7.9757    246.713    243.124     2.5128     2.3443     0.0977     1.4170     3.2430     0.1453     0.0000 -121.29160   35.63180      79.37         11  0.000e+00
      39091   1628.750      3.343      3.367    13.9609    13.9687  40.473287  40.489809    13.9604    13.9682    33.6706    33.6791    25.1681    25.1730     8.0931     7.9802    246.705    243.261     2.5128     2.3455     0.0965     1.3865     3.2430     0.1465     0.0000 -121.29160   35.63180      79.37         11  0.000e+00
      39092   1628.792      3.389      3.414    13.9619    13.9724  40.476685  40.494205    13.9614    13.9719    33.6729    33.6799    25.1696    25.1729     8.0929     7.9796    246.697    243.242     2.5128     2.3455     0.0965     1.3865     3.2430     0.1465     0.0000 -121.29160   35.63182      79.34         11  0.000e+00
      39093   1628.833      3.356      3.380    13.9651    13.9753  40.481881  40.495669    13.9646    13.9748    33.6749    33.6788    25.1705    25.1714     8.0873     7.9791    246.528    243.228     2.5116     2.3455     0.0965     1.3865     3.2430     0.1465     0.0000 -121.29160   35.63182      79.34         11  0.000e+00
      39094   1628.875      3.389      3.414    13.9699    13.9776  40.486012  40.496069    13.9694    13.9771    33.6746    33.6771    25.1692    25.1696     8.0866     7.9788    246.505    243.220     2.5116     2.3455     0.0965     1.3865     3.2442     0.1465     0.0000 -121.29160   35.63182      79.34         11  0.000e+00
