West Coast/WCOA-7/CTD_Data/RB2102_CTD_022_01.ros
* Sea-Bird SBE 9 Data File:
* FileName = C:\Users\scs.user.rb\CTD\RB2102\Data\RB2102_CTD_022_01.hex
* Software Version Seasave V 7.26.7.107
* Temperature SN = 6202
* Conductivity SN = 4907
* Number of Bytes Per Scan = 41
* Number of Voltage Words = 4
* Number of Scans Averaged by the Deck Unit = 1
* NMEA Latitude = 47 57.23 N
* NMEA Longitude = 124 54.45 W
* NMEA UTC (Time) = Jun 29 2021  09:13:31
* NMEA baud rate = 4800
# nquan = 30
# nvalues = 833                                   
# units = specified
# name 0 = scan: Scan Count
# name 1 = timeS: Time, Elapsed [seconds]
# name 2 = depSM: Depth [salt water, m]
# name 3 = prDM: Pressure, Digiquartz [db]
# name 4 = t090C: Temperature [ITS-90, deg C]
# name 5 = t190C: Temperature, 2 [ITS-90, deg C]
# name 6 = c0mS/cm: Conductivity [mS/cm]
# name 7 = c1mS/cm: Conductivity, 2 [mS/cm]
# name 8 = potemp090C: Potential Temperature [ITS-90, deg C]
# name 9 = potemp190C: Potential Temperature, 2 [ITS-90, deg C]
# name 10 = sal00: Salinity, Practical [PSU]
# name 11 = sal11: Salinity, Practical, 2 [PSU]
# name 12 = sigma-é00: Density [sigma-theta, kg/m^3]
# name 13 = sigma-é11: Density, 2 [sigma-theta, kg/m^3]
# name 14 = sbeox0Mg/L: Oxygen, SBE 43 [mg/l]
# name 15 = sbeox1Mg/L: Oxygen, SBE 43, 2 [mg/l]
# name 16 = sbox0Mm/Kg: Oxygen, SBE 43 [umol/kg]
# name 17 = sbox1Mm/Kg: Oxygen, SBE 43, 2 [umol/kg]
# name 18 = sbeox0V: Oxygen raw, SBE 43 [V]
# name 19 = sbeox1V: Oxygen raw, SBE 43, 2 [V]
# name 20 = v4: Voltage 4
# name 21 = flECO-AFL: Fluorescence, WET Labs ECO-AFL/FL [mg/m^3]
# name 22 = v3: Voltage 3
# name 23 = v6: Voltage 6
# name 24 = v7: Voltage 7
# name 25 = longitude: Longitude [deg]
# name 26 = latitude: Latitude [deg]
# name 27 = altM: Altimeter [m]
# name 28 = nbf: Bottles Fired
# name 29 = flag:  0.000e+00
# interval = seconds: 0.0416667
# start_time = Jun 29 2021 09:13:31 [NMEA time, header]
# bad_flag = -9.990e-29
*END*
[from data line 291]
      25489   1062.000     37.746     38.069     8.6986     8.7175  34.783886  34.798579     8.6947     8.7137    32.7933    32.7911    25.4376    25.4330     5.0938     5.0507    155.235    153.921     1.6105     1.5263     0.0525     0.2876     3.2112     1.4872     0.0000 -124.90706   47.95390      50.21          6  0.000e+00
      25490   1062.042     37.799     38.122     8.6989     8.7177  34.783886  34.799332     8.6951     8.7138    32.7929    32.7917    25.4373    25.4334     5.0994     5.0507    155.404    153.921     1.6117     1.5263     0.0537     0.3181     3.2112     1.4860     0.0000 -124.90706   47.95390      50.21          6  0.000e+00
      25491   1062.083     37.746     38.069     8.6990     8.7180  34.783949  34.799081     8.6952     8.7141    32.7929    32.7912    25.4373    25.4330     5.0993     5.0506    155.402    153.919     1.6117     1.5263     0.0525     0.2876     3.2125     1.4860     0.0000 -124.90706   47.95390      50.21          6  0.000e+00
      28900   1204.125     30.391     30.650     9.3269     9.3160  35.211287  35.203572     9.3236     9.3127    32.6625    32.6645    25.2372    25.2405     5.8697     5.7914    178.917    176.528     1.8010     1.6935     0.0611     0.5013     3.2088     1.3346     0.0000 -124.90702   47.95390      57.63          7  0.000e+00
      28901   1204.167     30.351     30.610     9.3265     9.3160  35.211098  35.203320     9.3233     9.3127    32.6626    32.6642    25.2373    25.2403     5.8698     5.7914    178.917    176.528     1.8010     1.6935     0.0611     0.5013     3.2100     1.3346     0.0000 -124.90702   47.95390      57.66          7  0.000e+00
      28902   1204.208     30.345     30.604     9.3267     9.3165  35.210909  35.203571     9.3234     9.3132    32.6623    32.6640    25.2370    25.2400     5.8697     5.7913    178.917    176.526     1.8010     1.6935     0.0598     0.4707     3.2100     1.3346     0.0000 -124.90702   47.95390      57.66          7  0.000e+00
      28903   1204.250     30.345     30.604     9.3265     9.3163  35.210909  35.203886     9.3233     9.3131    32.6624    32.6645    25.2372    25.2405     5.8698     5.7913    178.917    176.526     1.8010     1.6935     0.0598     0.4707     3.2100     1.3346     0.0000 -124.90702   47.95390      57.63          7  0.000e+00
      28904   1204.292     30.298     30.557     9.3266     9.3157  35.211602  35.203508     9.3233     9.3124    32.6631    32.6648    25.2377    25.2407     5.8697     5.7914    178.915    176.527     1.8010     1.6935     0.0611     0.5013     3.2100     1.3346     0.0000 -124.90702   47.95390      57.63          7  0.000e+00
      28905   1204.333     30.298     30.557     9.3267     9.3149  35.211350  35.203319     9.3235     9.3116    32.6627    32.6653    25.2374    25.2413     5.8697     5.7915    178.915    176.530     1.8010     1.6935     0.0598     0.4707     3.2100     1.3346     0.0000 -124.90702   47.95390      57.66          7  0.000e+00
      28906   1204.375     30.351     30.610     9.3269     9.3147  35.211413  35.203320     9.3236     9.3114    32.6626    32.6654    25.2373    25.2414     5.8697     5.7915    178.916    176.532     1.8010     1.6935     0.0611     0.5013     3.2100     1.3346     0.0000 -124.90702   47.95390      57.68          7  0.000e+00
      28907   1204.417     30.245     30.503     9.3270     9.3149  35.211539  35.203760     9.3238     9.3116    32.6627    32.6658    25.2373    25.2417     5.8696     5.7914    178.913    176.528     1.8010     1.6935     0.0611     0.5013     3.2088     1.3346     0.0000 -124.90702   47.95390      57.70          7  0.000e+00
      28908   1204.458     30.298     30.557     9.3270     9.3152  35.211539  35.203760     9.3238     9.3119    32.6626    32.6654    25.2373    25.2414     5.8696     5.7914    178.914    176.528     1.8010     1.6935     0.0611     0.5013     3.2100     1.3346     0.0000 -124.90702   47.95390      57.70          7  0.000e+00
      28909   1204.500     30.245     30.504     9.3268     9.3153  35.211917  35.204327     9.3236     9.3121    32.6632    32.6659    25.2378    25.2417     5.8751     5.7913    179.079    176.526     1.8022     1.6935     0.0611     0.5013     3.2100     1.3346     0.0000 -124.90702   47.95390      57.68          7  0.000e+00
      28910   1204.542     30.252     30.510     9.3270     9.3158  35.211665  35.204138     9.3238     9.3126    32.6628    32.6653    25.2374    25.2411     5.8751     5.7913    179.079    176.525     1.8022     1.6935     0.0611     0.5013     3.2088     1.3346     0.0000 -124.90702   47.95390      57.70          7  0.000e+00
      28911   1204.583     30.298     30.557     9.3267     9.3160  35.211287  35.204957     9.3235     9.3127    32.6627    32.6659    25.2374    25.2416     5.8697     5.7913    178.915    176.524     1.8010     1.6935     0.0611     0.5013     3.2088     1.3346     0.0000 -124.90702   47.95390      57.73          7  0.000e+00
      28912   1204.625     30.199     30.457     9.3270     9.3155  35.211223  35.204705     9.3238     9.3123    32.6624    32.6662    25.2371    25.2419     5.8750     5.7913    179.078    176.524     1.8022     1.6935     0.0611     0.5013     3.2100     1.3346     0.0000 -124.90702   47.95390      57.80          7  0.000e+00
      28913   1204.667     30.246     30.504     9.3267     9.3155  35.211224  35.204831     9.3235     9.3123    32.6626    32.6663    25.2373    25.2419     5.8697     5.7913    178.914    176.525     1.8010     1.6935     0.0611     0.5013     3.2100     1.3346     0.0000 -124.90702   47.95390      57.80          7  0.000e+00
      28914   1204.708     30.199     30.457     9.3267     9.3160  35.211224  35.205146     9.3235     9.3127    32.6626    32.6662    25.2373    25.2418     5.8696     5.7912    178.913    176.522     1.8010     1.6935     0.0611     0.5013     3.2088     1.3346     0.0000 -124.90702   47.95390      57.80          7  0.000e+00
      28915   1204.750     30.199     30.457     9.3265     9.3163  35.211413  35.205020     9.3233     9.3131    32.6630    32.6658    25.2376    25.2414     5.8696     5.7912    178.913    176.521     1.8010     1.6935     0.0611     0.5013     3.2112     1.3346     0.0000 -124.90702   47.95390      57.80          7  0.000e+00
      28916   1204.792     30.199     30.457     9.3266     9.3173  35.211539  35.205397     9.3233     9.3140    32.6631    32.6652    25.2377    25.2409     5.8751     5.7911    179.079    176.518     1.8022     1.6935     0.0623     0.5318     3.2088     1.3346     0.0000 -124.90700   47.95388      57.80          7  0.000e+00
      28917   1204.833     30.199     30.457     9.3267     9.3183  35.211413  35.205523     9.3235     9.3150    32.6628    32.6645    25.2375    25.2401     5.8751     5.7909    179.079    176.514     1.8022     1.6935     0.0623     0.5318     3.2100     1.3346     0.0000 -124.90700   47.95388      57.80          7  0.000e+00
      28918   1204.875     30.146     30.404     9.3264     9.3191  35.211034  35.205775     9.3231     9.3159    32.6628    32.6640    25.2375    25.2396     5.8751     5.7908    179.079    176.510     1.8022     1.6935     0.0623     0.5318     3.2088     1.3346     0.0000 -124.90700   47.95388      57.88          7  0.000e+00
      28919   1204.917     30.199     30.457     9.3265     9.3193  35.210908  35.205838     9.3233     9.3160    32.6625    32.6639    25.2372    25.2395     5.8751     5.7908    179.080    176.511     1.8022     1.6935     0.0623     0.5318     3.2100     1.3346     0.0000 -124.90700   47.95388      57.92          7  0.000e+00
      28920   1204.958     30.146     30.404     9.3266     9.3193  35.210908  35.205838     9.3233     9.3160    32.6625    32.6639    25.2372    25.2395     5.8696     5.7908    178.912    176.510     1.8010     1.6935     0.0623     0.5318     3.2088     1.3346     0.0000 -124.90700   47.95388      57.92          7  0.000e+00
      28921   1205.000     30.199     30.457     9.3267     9.3193  35.210908  35.206090     9.3235     9.3160    32.6623    32.6642    25.2371    25.2397     5.8696     5.7908    178.913    176.511     1.8010     1.6935     0.0623     0.5318     3.2100     1.3346     0.0000 -124.90700   47.95388      57.92          7  0.000e+00
      28922   1205.042     30.146     30.404     9.3266     9.3196  35.211349  35.205712     9.3233     9.3163    32.6629    32.6635    25.2376    25.2391     5.8750     5.7908    179.078    176.509     1.8022     1.6935     0.0623     0.5318     3.2088     1.3346     0.0000 -124.90700   47.95388      57.90          7  0.000e+00
      28923   1205.083     30.153     30.410     9.3267     9.3196  35.211728  35.206279     9.3235     9.3163    32.6632    32.6641    25.2378    25.2396     5.8750     5.7907    179.077    176.508     1.8022     1.6935     0.0623     0.5318     3.2100     1.3346     0.0000 -124.90700   47.95388      57.90          7  0.000e+00
      28924   1205.125     30.100     30.357     9.3270     9.3202  35.211601  35.206216     9.3238     9.3170    32.6628    32.6634    25.2374    25.2390     5.8749     5.7906    179.075    176.505     1.8022     1.6935     0.0623     0.5318     3.2100     1.3346     0.0000 -124.90700   47.95388      57.90          7  0.000e+00
      28925   1205.167     30.146     30.404     9.3270     9.3206  35.211728  35.206153     9.3238     9.3173    32.6629    32.6631    25.2375    25.2386     5.8750     5.7847    179.076    176.324     1.8022     1.6923     0.0623     0.5318     3.2100     1.3346     0.0000 -124.90700   47.95388      57.88          7  0.000e+00
      28926   1205.208     30.146     30.404     9.3267     9.3201  35.211475  35.206594     9.3235     9.3169    32.6629    32.6639    25.2376    25.2394     5.8750     5.7907    179.077    176.506     1.8022     1.6935     0.0623     0.5318     3.2088     1.3346     0.0000 -124.90700   47.95388      57.88          7  0.000e+00
      28927   1205.250     30.100     30.357     9.3264     9.3204  35.211475  35.206593     9.3232     9.3172    32.6632    32.6637    25.2379    25.2391     5.8750     5.7906    179.077    176.504     1.8022     1.6935     0.0623     0.5318     3.2088     1.3346     0.0000 -124.90700   47.95388      57.88          7  0.000e+00
      28928   1205.292     30.153     30.410     9.3257     9.3211  35.211034  35.206720     9.3225     9.3178    32.6634    32.6632    25.2380    25.2386     5.8751     5.7906    179.081    176.503     1.8022     1.6935     0.0623     0.5318     3.2088     1.3346     0.0000 -124.90700   47.95388      57.88          7  0.000e+00
      28929   1205.333     30.100     30.357     9.3257     9.3211  35.211097  35.206530     9.3225     9.3179    32.6635    32.6630    25.2382    25.2385     5.8751     5.7846    179.080    176.321     1.8022     1.6923     0.0623     0.5318     3.2088     1.3346     0.0000 -124.90700   47.95388      57.92          7  0.000e+00
      28930   1205.375     30.100     30.357     9.3256     9.3214  35.211223  35.206971     9.3224     9.3182    32.6637    32.6631    25.2383    25.2386     5.8751     5.7905    179.080    176.501     1.8022     1.6935     0.0623     0.5318     3.2088     1.3346     0.0000 -124.90700   47.95388      57.97          7  0.000e+00
      28931   1205.417     30.147     30.404     9.3257     9.3217  35.210971  35.207097     9.3225     9.3185    32.6633    32.6630    25.2380    25.2384     5.8697     5.7905    178.915    176.500     1.8010     1.6935     0.0611     0.5013     3.2100     1.3346     0.0000 -124.90700   47.95388      58.00          7  0.000e+00
      28932   1205.458     30.107     30.364     9.3259     9.3219  35.211349  35.207097     9.3227     9.3186    32.6635    32.6628    25.2382    25.2383     5.8751     5.7845    179.079    176.318     1.8022     1.6923     0.0623     0.5318     3.2100     1.3346     0.0000 -124.90700   47.95388      58.00          7  0.000e+00
      28933   1205.500     30.147     30.404     9.3259     9.3224  35.211539  35.207790     9.3226     9.3192    32.6638    32.6631    25.2383    25.2384     5.8751     5.7844    179.080    176.316     1.8022     1.6923     0.0623     0.5318     3.2100     1.3346     0.0000 -124.90700   47.95388      58.00          7  0.000e+00
      28934   1205.542     30.100     30.357     9.3259     9.3227  35.211160  35.207853     9.3227     9.3195    32.6633    32.6629    25.2380    25.2381     5.8751     5.7903    179.079    176.495     1.8022     1.6935     0.0611     0.5013     3.2100     1.3346     0.0000 -124.90700   47.95388      58.00          7  0.000e+00
      28935   1205.583     30.100     30.357     9.3259     9.3229  35.210719  35.207538     9.3226     9.3196    32.6629    32.6624    25.2377    25.2378     5.8696     5.7903    178.914    176.495     1.8010     1.6935     0.0623     0.5318     3.2100     1.3346     0.0000 -124.90700   47.95388      57.97          7  0.000e+00
      28936   1205.625     30.153     30.411     9.3257     9.3227  35.210782  35.207160     9.3225     9.3195    32.6631    32.6621    25.2378    25.2376     5.8697     5.7904    178.915    176.497     1.8010     1.6935     0.0623     0.5318     3.2100     1.3346     0.0000 -124.90700   47.95388      57.95          7  0.000e+00
      28937   1205.667     30.100     30.357     9.3259     9.3227  35.210908  35.207097     9.3226     9.3194    32.6631    32.6621    25.2378    25.2376     5.8696     5.7844    178.913    176.315     1.8010     1.6923     0.0623     0.5318     3.2100     1.3346     0.0000 -124.90700   47.95388      57.97          7  0.000e+00
      28938   1205.708     30.100     30.357     9.3257     9.3217  35.210908  35.207097     9.3225     9.3185    32.6633    32.6630    25.2380    25.2384     5.8751     5.7904    179.080    176.499     1.8022     1.6935     0.0623     0.5318     3.2100     1.3346     0.0000 -124.90700   47.95388      57.95          7  0.000e+00
      28939   1205.750     30.100     30.357     9.3257     9.3209  35.210908  35.206656     9.3225     9.3177    32.6633    32.6633    25.2380    25.2388     5.8751     5.7906    179.080    176.503     1.8022     1.6935     0.0623     0.5318     3.2088     1.3346     0.0000 -124.90700   47.95388      57.95          7  0.000e+00
      28940   1205.792     30.147     30.404     9.3257     9.3201  35.211097  35.206720     9.3225     9.3169    32.6635    32.6641    25.2381    25.2395     5.8751     5.7907    179.081    176.506     1.8022     1.6935     0.0623     0.5318     3.2088     1.3346     0.0000 -124.90700   47.95388      57.95          7  0.000e+00
      28941   1205.833     30.107     30.364     9.3251     9.3193  35.210467  35.205838     9.3219     9.3160    32.6634    32.6639    25.2382    25.2395     5.8697     5.7908    178.916    176.509     1.8010     1.6935     0.0623     0.5318     3.2088     1.3346     0.0000 -124.90700   47.95388      57.95          7  0.000e+00
      28942   1205.875     30.147     30.404     9.3247     9.3188  35.210656  35.206279     9.3215     9.3156    32.6639    32.6648    25.2386    25.2403     5.8753     5.7908    179.084    176.511     1.8022     1.6935     0.0623     0.5318     3.2100     1.3346     0.0000 -124.90700   47.95388      57.97          7  0.000e+00
      28943   1205.917     30.147     30.404     9.3241     9.3194  35.210152  35.206468     9.3209     9.3162    32.6639    32.6644    25.2387    25.2399     5.8753     5.7907    179.087    176.508     1.8022     1.6935     0.0611     0.5013     3.2100     1.3346     0.0000 -124.90700   47.95388      57.97          7  0.000e+00
