West Coast/WCOA-7/CTD_Data/RB2102_CTD_126_01.ros
* Sea-Bird SBE 9 Data File:
* FileName = C:\Users\scs.user.rb\CTD\RB2102\Data\RB2102_CTD_126_01.hex
* Software Version Seasave V 7.26.7.107
* Temperature SN = 6202
* Conductivity SN = 4907
* Number of Bytes Per Scan = 41
* Number of Voltage Words = 4
* Number of Scans Averaged by the Deck Unit = 1
* NMEA Latitude = 33 25.07 N
* NMEA Longitude = 117 54.28 W
* NMEA UTC (Time) = Jul 20 2021  16:36:15
* NMEA baud rate = 4800
# nquan = 30
# nvalues = 965                                   
# units = specified
# name 0 = scan: Scan Count
# name 1 = timeS: Time, Elapsed [seconds]
# name 2 = depSM: Depth [salt water, m]
# name 3 = prDM: Pressure, Digiquartz [db]
# name 4 = t090C: Temperature [ITS-90, deg C]
# name 5 = t190C: Temperature, 2 [ITS-90, deg C]
# name 6 = c0mS/cm: Conductivity [mS/cm]
# name 7 = c1mS/cm: Conductivity, 2 [mS/cm]
# name 8 = potemp090C: Potential Temperature [ITS-90, deg C]
# name 9 = potemp190C: Potential Temperature, 2 [ITS-90, deg C]
# name 10 = sal00: Salinity, Practical [PSU]
# name 11 = sal11: Salinity, Practical, 2 [PSU]
# name 12 = sigma-é00: Density [sigma-theta, kg/m^3]
# name 13 = sigma-é11: Density, 2 [sigma-theta, kg/m^3]
# name 14 = sbeox0Mg/L: Oxygen, SBE 43 [mg/l]
# name 15 = sbeox1Mg/L: Oxygen, SBE 43, 2 [mg/l]
# name 16 = sbox0Mm/Kg: Oxygen, SBE 43 [umol/kg]
# name 17 = sbox1Mm/Kg: Oxygen, SBE 43, 2 [umol/kg]
# name 18 = sbeox0V: Oxygen raw, SBE 43 [V]
# name 19 = sbeox1V: Oxygen raw, SBE 43, 2 [V]
# name 20 = v4: Voltage 4
# name 21 = flECO-AFL: Fluorescence, WET Labs ECO-AFL/FL [mg/m^3]
# name 22 = v3: Voltage 3
# name 23 = v6: Voltage 6
# name 24 = v7: Voltage 7
# name 25 = longitude: Longitude [deg]
# name 26 = latitude: Latitude [deg]
# name 27 = altM: Altimeter [m]
# name 28 = nbf: Bottles Fired
# name 29 = flag:  0.000e+00
# interval = seconds: 0.0416667
# start_time = Jul 20 2021 16:36:15 [NMEA time, header]
# bad_flag = -9.990e-29
*END*
      30327   1263.583    602.755    607.947     5.9805     5.9789  34.044112  34.044372     5.9271     5.9256    34.3504    34.3523    27.0485    27.0502     0.2539     0.2712      7.727      8.251     0.5360     0.5519     0.0415     0.0129     3.2112     0.0232     0.0000 -117.90484   33.41730       9.84          1  0.000e+00
      30328   1263.625    602.808    608.001     5.9803     5.9790  34.044174  34.044372     5.9270     5.9257    34.3506    34.3521    27.0487    27.0500     0.2539     0.2643      7.727      8.042     0.5360     0.5507     0.0415     0.0129     3.2125     0.0232     0.0000 -117.90484   33.41730       9.87          1  0.000e+00
      30329   1263.667    602.808    608.001     5.9807     5.9790  34.044610  34.044559     5.9273     5.9257    34.3507    34.3523    27.0488    27.0502     0.2539     0.2643      7.727      8.042     0.5360     0.5507     0.0415     0.0129     3.2125     0.0232     0.0000 -117.90484   33.41730       9.87          1  0.000e+00
      30330   1263.708    602.755    607.947     5.9808     5.9794  34.044485  34.044683     5.9275     5.9261    34.3504    34.3521    27.0485    27.0500     0.2539     0.2643      7.727      8.042     0.5360     0.5507     0.0415     0.0129     3.2112     0.0232     0.0000 -117.90484   33.41730       9.87          1  0.000e+00
      30331   1263.750    602.728    607.920     5.9808     5.9794  34.044174  34.044434     5.9275     5.9261    34.3501    34.3519    27.0483    27.0498     0.2539     0.2643      7.727      8.042     0.5360     0.5507     0.0415     0.0129     3.2125     0.0232     0.0000 -117.90484   33.41730       9.87          1  0.000e+00
      30332   1263.792    602.808    608.001     5.9810     5.9790  34.044299  34.044559     5.9276     5.9257    34.3501    34.3523    27.0482    27.0502     0.2539     0.2712      7.727      8.251     0.5360     0.5519     0.0415     0.0129     3.2112     0.0232     0.0000 -117.90484   33.41730       9.87          1  0.000e+00
      30333   1263.833    602.755    607.947     5.9808     5.9792  34.044423  34.044434     5.9275     5.9259    34.3504    34.3520    27.0485    27.0499     0.2539     0.2643      7.727      8.042     0.5360     0.5507     0.0415     0.0129     3.2125     0.0232     0.0000 -117.90484   33.41730       9.87          1  0.000e+00
      30334   1263.875    602.755    607.947     5.9808     5.9794  34.044236  34.044807     5.9275     5.9261    34.3502    34.3523    27.0483    27.0501     0.2539     0.2643      7.727      8.042     0.5360     0.5507     0.0415     0.0129     3.2125     0.0232     0.0000 -117.90484   33.41730       9.87          1  0.000e+00
      30335   1263.917    602.755    607.947     5.9808     5.9790  34.044983  34.044496     5.9275     5.9257    34.3510    34.3523    27.0490    27.0502     0.2539     0.2643      7.727      8.042     0.5360     0.5507     0.0415     0.0129     3.2112     0.0232     0.0000 -117.90484   33.41730       9.84          1  0.000e+00
      30336   1263.958    602.708    607.900     5.9807     5.9789  34.044610  34.044372     5.9273     5.9256    34.3508    34.3523    27.0488    27.0502     0.2602     0.2643      7.918      8.042     0.5372     0.5507     0.0415     0.0129     3.2125     0.0232     0.0000 -117.90484   33.41730       9.84          1  0.000e+00
      30337   1264.000    602.781    607.974     5.9811     5.9792  34.044796  34.044372     5.9278     5.9259    34.3505    34.3519    27.0485    27.0499     0.2539     0.2643      7.727      8.042     0.5360     0.5507     0.0415     0.0129     3.2125     0.0232     0.0000 -117.90484   33.41730       9.84          1  0.000e+00
      30338   1264.042    602.708    607.900     5.9810     5.9792  34.045170  34.044558     5.9276     5.9259    34.3511    34.3522    27.0490    27.0501     0.2539     0.2643      7.726      8.042     0.5360     0.5507     0.0415     0.0129     3.2125     0.0232     0.0000 -117.90484   33.41730       9.87          1  0.000e+00
      30339   1264.083    602.755    607.947     5.9811     5.9790  34.044859  34.044683     5.9278     5.9257    34.3506    34.3525    27.0486    27.0503     0.2539     0.2643      7.726      8.042     0.5360     0.5507     0.0415     0.0129     3.2137     0.0232     0.0000 -117.90484   33.41730       9.87          1  0.000e+00
      30340   1264.125    602.708    607.900     5.9811     5.9790  34.044983  34.044434     5.9278     5.9257    34.3507    34.3522    27.0487    27.0501     0.2539     0.2643      7.726      8.042     0.5360     0.5507     0.0415     0.0129     3.2112     0.0232     0.0000 -117.90484   33.41730       9.87          1  0.000e+00
      30341   1264.167    602.755    607.947     5.9815     5.9794  34.044983  34.044807     5.9281     5.9261    34.3504    34.3523    27.0484    27.0501     0.2539     0.2643      7.726      8.042     0.5360     0.5507     0.0415     0.0129     3.2137     0.0232     0.0000 -117.90484   33.41730       9.87          1  0.000e+00
      30342   1264.208    602.681    607.873     5.9816     5.9792  34.045169  34.044745     5.9283     5.9259    34.3505    34.3524    27.0484    27.0502     0.2539     0.2643      7.726      8.042     0.5360     0.5507     0.0415     0.0129     3.2137     0.0232     0.0000 -117.90484   33.41730       9.87          1  0.000e+00
      30343   1264.250    602.708    607.900     5.9815     5.9794  34.045294  34.044869     5.9281     5.9261    34.3507    34.3523    27.0487    27.0502     0.2539     0.2643      7.726      8.042     0.5360     0.5507     0.0415     0.0129     3.2125     0.0232     0.0000 -117.90484   33.41730       9.87          1  0.000e+00
      30344   1264.292    602.708    607.900     5.9813     5.9795  34.045481  34.045180     5.9280     5.9262    34.3511    34.3525    27.0490    27.0503     0.2539     0.2643      7.726      8.042     0.5360     0.5507     0.0415     0.0129     3.2137     0.0232     0.0000 -117.90484   33.41730       9.87          1  0.000e+00
      30345   1264.333    602.708    607.900     5.9813     5.9795  34.045356  34.044807     5.9280     5.9262    34.3510    34.3521    27.0489    27.0500     0.2539     0.2643      7.726      8.042     0.5360     0.5507     0.0415     0.0129     3.2125     0.0232     0.0000 -117.90484   33.41730       9.87          1  0.000e+00
      30346   1264.375    602.708    607.900     5.9813     5.9799  34.045294  34.045118     5.9280     5.9265    34.3509    34.3521    27.0488    27.0500     0.2539     0.2643      7.726      8.042     0.5360     0.5507     0.0415     0.0129     3.2125     0.0232     0.0000 -117.90484   33.41730       9.87          1  0.000e+00
      30347   1264.417    602.708    607.900     5.9815     5.9800  34.045356  34.045304     5.9281     5.9267    34.3508    34.3522    27.0487    27.0500     0.2539     0.2643      7.726      8.042     0.5360     0.5507     0.0415     0.0129     3.2112     0.0232     0.0000 -117.90484   33.41730       9.87          1  0.000e+00
      30348   1264.458    602.628    607.819     5.9816     5.9797  34.045542  34.045739     5.9283     5.9264    34.3509    34.3531    27.0488    27.0507     0.2539     0.2643      7.726      8.041     0.5360     0.5507     0.0415     0.0129     3.2125     0.0232     0.0000 -117.90484   33.41730       9.87          1  0.000e+00
      30349   1264.500    602.708    607.900     5.9818     5.9800  34.045356  34.045677     5.9285     5.9267    34.3505    34.3526    27.0484    27.0503     0.2539     0.2643      7.726      8.042     0.5360     0.5507     0.0415     0.0129     3.2112     0.0232     0.0000 -117.90484   33.41730       9.87          1  0.000e+00
      30350   1264.542    602.655    607.846     5.9818     5.9804  34.045480  34.045615     5.9285     5.9270    34.3506    34.3522    27.0486    27.0500     0.2539     0.2643      7.726      8.041     0.5360     0.5507     0.0415     0.0129     3.2125     0.0232     0.0000 -117.90484   33.41730       9.89          1  0.000e+00
      30351   1264.583    602.655    607.846     5.9818     5.9808  34.045605  34.045988     5.9285     5.9275    34.3508    34.3522    27.0487    27.0499     0.2539     0.2643      7.726      8.041     0.5360     0.5507     0.0415     0.0129     3.2125     0.0232     0.0000 -117.90484   33.41730       9.91          1  0.000e+00
      30352   1264.625    602.708    607.900     5.9818     5.9805  34.045605  34.046174     5.9285     5.9272    34.3507    34.3527    27.0486    27.0503     0.2539     0.2643      7.726      8.041     0.5360     0.5507     0.0415     0.0129     3.2125     0.0232     0.0000 -117.90484   33.41730       9.94          1  0.000e+00
      30353   1264.667    602.628    607.819     5.9819     5.9808  34.045667  34.046174     5.9286     5.9275    34.3507    34.3524    27.0486    27.0501     0.2539     0.2643      7.726      8.041     0.5360     0.5507     0.0415     0.0129     3.2125     0.0232     0.0000 -117.90484   33.41730       9.94          1  0.000e+00
      30354   1264.708    602.655    607.846     5.9819     5.9808  34.045605  34.046361     5.9286     5.9275    34.3506    34.3526    27.0485    27.0502     0.2539     0.2643      7.726      8.041     0.5360     0.5507     0.0415     0.0129     3.2125     0.0232     0.0000 -117.90484   33.41730       9.94          1  0.000e+00
      30355   1264.750    602.655    607.846     5.9819     5.9808  34.045791  34.046050     5.9286     5.9275    34.3508    34.3523    27.0487    27.0500     0.2539     0.2712      7.726      8.251     0.5360     0.5519     0.0415     0.0129     3.2125     0.0232     0.0000 -117.90484   33.41730       9.94          1  0.000e+00
      30356   1264.792    602.655    607.846     5.9822     5.9805  34.045916  34.045926     5.9289     5.9272    34.3507    34.3524    27.0485    27.0501     0.2539     0.2643      7.726      8.041     0.5360     0.5507     0.0415     0.0129     3.2125     0.0232     0.0000 -117.90484   33.41730       9.94          1  0.000e+00
      30357   1264.833    602.608    607.799     5.9824     5.9803  34.046102  34.045677     5.9291     5.9270    34.3507    34.3524    27.0485    27.0501     0.2539     0.2712      7.726      8.251     0.5360     0.5519     0.0415     0.0129     3.2112     0.0232     0.0000 -117.90484   33.41730       9.94          1  0.000e+00
      30358   1264.875    602.655    607.846     5.9824     5.9807  34.045978  34.045801     5.9291     5.9273    34.3506    34.3521    27.0484    27.0499     0.2539     0.2712      7.726      8.251     0.5360     0.5519     0.0415     0.0129     3.2112     0.0232     0.0000 -117.90484   33.41730       9.94          1  0.000e+00
      30359   1264.917    602.628    607.819     5.9824     5.9805  34.045729  34.045925     5.9291     5.9272    34.3503    34.3524    27.0482    27.0501     0.2602     0.2643      7.918      8.041     0.5372     0.5507     0.0415     0.0129     3.2125     0.0232     0.0000 -117.90484   33.41730       9.94          1  0.000e+00
      30360   1264.958    602.608    607.799     5.9822     5.9805  34.045853  34.045677     5.9289     5.9272    34.3506    34.3522    27.0485    27.0499     0.2539     0.2712      7.726      8.251     0.5360     0.5519     0.0415     0.0129     3.2125     0.0232     0.0000 -117.90484   33.41730       9.94          1  0.000e+00
      30361   1265.000    602.608    607.799     5.9821     5.9810  34.046102  34.045988     5.9288     5.9277    34.3511    34.3520    27.0489    27.0497     0.2539     0.2643      7.726      8.041     0.5360     0.5507     0.0415     0.0129     3.2112     0.0232     0.0000 -117.90484   33.41730       9.94          2  0.000e+00
      30362   1265.042    602.555    607.745     5.9821     5.9810  34.045978  34.045739     5.9288     5.9277    34.3509    34.3518    27.0488    27.0495     0.2539     0.2643      7.726      8.041     0.5360     0.5507     0.0415     0.0129     3.2112     0.0232     0.0000 -117.90484   33.41730       9.94          2  0.000e+00
      30363   1265.083    602.708    607.901     5.9819     5.9808  34.045667  34.045801     5.9286     5.9275    34.3507    34.3520    27.0486    27.0497     0.2539     0.2643      7.726      8.041     0.5360     0.5507     0.0415     0.0129     3.2137     0.0232     0.0000 -117.90484   33.41730       9.96          2  0.000e+00
      30364   1265.125    602.481    607.671     5.9821     5.9807  34.045355  34.045676     5.9288     5.9274    34.3503    34.3521    27.0482    27.0498     0.2539     0.2712      7.726      8.251     0.5360     0.5519     0.0415     0.0129     3.2112     0.0232     0.0000 -117.90484   33.41730       9.96          2  0.000e+00
      30365   1265.167    602.655    607.847     5.9822     5.9808  34.045729  34.045801     5.9289     5.9275    34.3505    34.3520    27.0484    27.0497     0.2539     0.2643      7.726      8.041     0.5360     0.5507     0.0415     0.0129     3.2125     0.0232     0.0000 -117.90484   33.41730       9.96          2  0.000e+00
      30366   1265.208    602.555    607.745     5.9821     5.9805  34.045729  34.045428     5.9288     5.9272    34.3507    34.3519    27.0485    27.0497     0.2539     0.2643      7.726      8.041     0.5360     0.5507     0.0415     0.0129     3.2125     0.0232     0.0000 -117.90484   33.41730       9.96          2  0.000e+00
      30367   1265.250    602.608    607.799     5.9824     5.9805  34.045853  34.045490     5.9291     5.9272    34.3504    34.3520    27.0483    27.0498     0.2539     0.2643      7.726      8.041     0.5360     0.5507     0.0415     0.0129     3.2125     0.0232     0.0000 -117.90484   33.41730       9.99          2  0.000e+00
      30368   1265.292    602.608    607.799     5.9827     5.9805  34.046351  34.045615     5.9294     5.9272    34.3507    34.3521    27.0485    27.0499     0.2539     0.2643      7.726      8.041     0.5360     0.5507     0.0415     0.0129     3.2125     0.0232     0.0000 -117.90484   33.41730       9.96          2  0.000e+00
      30369   1265.333    602.555    607.745     5.9831     5.9802  34.046538  34.045366     5.9297     5.9269    34.3506    34.3522    27.0484    27.0500     0.2539     0.2712      7.726      8.251     0.5360     0.5519     0.0415     0.0129     3.2125     0.0232     0.0000 -117.90484   33.41730      10.01          2  0.000e+00
      30370   1265.375    602.582    607.772     5.9829     5.9799  34.046040  34.045304     5.9296     5.9266    34.3502    34.3524    27.0480    27.0502     0.2539     0.2643      7.726      8.041     0.5360     0.5507     0.0415     0.0129     3.2112     0.0232     0.0000 -117.90484   33.41730      10.01          2  0.000e+00
      30371   1265.417    602.508    607.698     5.9829     5.9802  34.046351  34.045303     5.9296     5.9269    34.3506    34.3521    27.0483    27.0499     0.2539     0.2643      7.726      8.041     0.5360     0.5507     0.0415     0.0129     3.2125     0.0232     0.0000 -117.90484   33.41730      10.01          2  0.000e+00
      30372   1265.458    602.555    607.745     5.9829     5.9800  34.046351  34.045304     5.9296     5.9267    34.3505    34.3523    27.0483    27.0501     0.2539     0.2643      7.726      8.041     0.5360     0.5507     0.0415     0.0129     3.2112     0.0232     0.0000 -117.90484   33.41730      10.01          2  0.000e+00
      30373   1265.500    602.555    607.745     5.9833     5.9799  34.046475  34.045055     5.9300     5.9266    34.3502    34.3521    27.0480    27.0500     0.2539     0.2643      7.726      8.041     0.5360     0.5507     0.0415     0.0129     3.2125     0.0232     0.0000 -117.90484   33.41730      10.01          2  0.000e+00
      30374   1265.542    602.508    607.698     5.9837     5.9800  34.046973  34.045428     5.9304     5.9267    34.3505    34.3524    27.0482    27.0502     0.2539     0.2643      7.726      8.041     0.5360     0.5507     0.0415     0.0129     3.2112     0.0232     0.0000 -117.90484   33.41730      10.01          2  0.000e+00
