West Coast/WCOA-7/CTD_Data/RB2102_CTD_125_01.ros
* Sea-Bird SBE 9 Data File:
* FileName = C:\Users\scs.user.rb\CTD\RB2102\Data\RB2102_CTD_125_01.hex
* Software Version Seasave V 7.26.7.107
* Temperature SN = 6202
* Conductivity SN = 4907
* Number of Bytes Per Scan = 41
* Number of Voltage Words = 4
* Number of Scans Averaged by the Deck Unit = 1
* NMEA Latitude = 33 29.43 N
* NMEA Longitude = 117 45.04 W
* NMEA UTC (Time) = Jul 20 2021  14:37:18
* NMEA baud rate = 4800
# nquan = 30
# nvalues = 469                                   
# units = specified
# name 0 = scan: Scan Count
# name 1 = timeS: Time, Elapsed [seconds]
# name 2 = depSM: Depth [salt water, m]
# name 3 = prDM: Pressure, Digiquartz [db]
# name 4 = t090C: Temperature [ITS-90, deg C]
# name 5 = t190C: Temperature, 2 [ITS-90, deg C]
# name 6 = c0mS/cm: Conductivity [mS/cm]
# name 7 = c1mS/cm: Conductivity, 2 [mS/cm]
# name 8 = potemp090C: Potential Temperature [ITS-90, deg C]
# name 9 = potemp190C: Potential Temperature, 2 [ITS-90, deg C]
# name 10 = sal00: Salinity, Practical [PSU]
# name 11 = sal11: Salinity, Practical, 2 [PSU]
# name 12 = sigma-é00: Density [sigma-theta, kg/m^3]
# name 13 = sigma-é11: Density, 2 [sigma-theta, kg/m^3]
# name 14 = sbeox0Mg/L: Oxygen, SBE 43 [mg/l]
# name 15 = sbeox1Mg/L: Oxygen, SBE 43, 2 [mg/l]
# name 16 = sbox0Mm/Kg: Oxygen, SBE 43 [umol/kg]
# name 17 = sbox1Mm/Kg: Oxygen, SBE 43, 2 [umol/kg]
# name 18 = sbeox0V: Oxygen raw, SBE 43 [V]
# name 19 = sbeox1V: Oxygen raw, SBE 43, 2 [V]
# name 20 = v4: Voltage 4
# name 21 = flECO-AFL: Fluorescence, WET Labs ECO-AFL/FL [mg/m^3]
# name 22 = v3: Voltage 3
# name 23 = v6: Voltage 6
# name 24 = v7: Voltage 7
# name 25 = longitude: Longitude [deg]
# name 26 = latitude: Latitude [deg]
# name 27 = altM: Altimeter [m]
# name 28 = nbf: Bottles Fired
# name 29 = flag:  0.000e+00
# interval = seconds: 0.0416667
# start_time = Jul 20 2021 14:37:18 [NMEA time, header]
# bad_flag = -9.990e-29
*END*
[from data line 387]
      23982    999.208      2.843      2.864    21.3451    21.3472  47.439812  47.443439    21.3445    21.3466    33.5285    33.5297    23.2806    23.2810     8.1949     7.6581    250.269    233.875     2.8510     2.5556     0.0733     0.8065     3.2698     0.0208     0.0000 -117.75078   33.49058      33.43          9  0.000e+00
      23983    999.250      2.843      2.864    21.3452    21.3472  47.439883  47.443155    21.3447    21.3466    33.5284    33.5294    23.2805    23.2808     8.1949     7.6581    250.268    233.875     2.8510     2.5556     0.0733     0.8065     3.2698     0.0256     0.0000 -117.75078   33.49058      33.41          9  0.000e+00
      23984    999.292      2.890      2.910    21.3451    21.3474  47.439030  47.443155    21.3445    21.3468    33.5278    33.5293    23.2801    23.2806     8.1950     7.6581    250.271    233.876     2.8510     2.5556     0.0733     0.8065     3.2698     0.0269     0.0000 -117.75078   33.49058      33.41          9  0.000e+00
      23985    999.333      2.843      2.864    21.3451    21.3474  47.439598  47.443439    21.3445    21.3468    33.5283    33.5295    23.2805    23.2808     8.1949     7.6581    250.269    233.874     2.8510     2.5556     0.0733     0.8065     3.2686     0.0269     0.0000 -117.75078   33.49058      33.41          9  0.000e+00
      23986    999.375      2.843      2.864    21.3452    21.3472  47.439883  47.443226    21.3447    21.3466    33.5284    33.5295    23.2805    23.2808     8.1991     7.6581    250.398    233.875     2.8523     2.5556     0.0733     0.8065     3.2698     0.0269     0.0000 -117.75078   33.49058      33.41          9  0.000e+00
      23987    999.417      2.856      2.877    21.3452    21.3472  47.439883  47.443866    21.3447    21.3467    33.5284    33.5299    23.2805    23.2811     8.1949     7.6581    250.269    233.874     2.8510     2.5556     0.0733     0.8065     3.2686     0.0269     0.0000 -117.75078   33.49058      33.41          9  0.000e+00
      23988    999.458      2.890      2.910    21.3452    21.3474  47.439670  47.443724    21.3446    21.3468    33.5282    33.5297    23.2804    23.2809     8.1992     7.6581    250.399    233.875     2.8523     2.5556     0.0733     0.8065     3.2698     0.0269     0.0000 -117.75078   33.49058      33.41          9  0.000e+00
      23989    999.500      2.890      2.910    21.3451    21.3475  47.439812  47.443582    21.3445    21.3470    33.5284    33.5295    23.2806    23.2807     8.2034     7.6581    250.529    233.875     2.8535     2.5556     0.0733     0.8065     3.2698     0.0269     0.0000 -117.75078   33.49058      33.41          9  0.000e+00
      23990    999.542      2.843      2.864    21.3454    21.3472  47.439883  47.443795    21.3449    21.3466    33.5282    33.5300    23.2803    23.2812     8.2034     7.6581    250.526    233.874     2.8535     2.5556     0.0733     0.8065     3.2698     0.0269     0.0000 -117.75078   33.49058      33.41          9  0.000e+00
      23991    999.583      2.890      2.910    21.3452    21.3474  47.439670  47.443653    21.3446    21.3468    33.5282    33.5297    23.2804    23.2809     8.2034     7.6581    250.529    233.875     2.8535     2.5556     0.0733     0.8065     3.2698     0.0269     0.0000 -117.75078   33.49058      33.41          9  0.000e+00
      23992    999.625      2.890      2.910    21.3452    21.3471  47.440025  47.443226    21.3446    21.3465    33.5285    33.5296    23.2806    23.2809     8.2034     7.6582    250.528    233.877     2.8535     2.5556     0.0720     0.7760     3.2698     0.0269     0.0000 -117.75078   33.49058      33.41          9  0.000e+00
      23993    999.667      2.890      2.910    21.3457    21.3472  47.440025  47.443440    21.3452    21.3466    33.5281    33.5297    23.2801    23.2809     8.2034     7.6582    250.526    233.876     2.8535     2.5556     0.0733     0.8065     3.2686     0.0269     0.0000 -117.75078   33.49058      33.41          9  0.000e+00
      23994    999.708      2.903      2.924    21.3454    21.3472  47.440168  47.443226    21.3448    21.3466    33.5284    33.5295    23.2805    23.2808     8.2119     7.6582    250.786    233.877     2.8559     2.5556     0.0733     0.8065     3.2686     0.0256     0.0000 -117.75078   33.49058      33.41          9  0.000e+00
      23995    999.750      2.890      2.910    21.3456    21.3470  47.439741  47.443297    21.3450    21.3465    33.5280    33.5297    23.2801    23.2810     8.2076     7.6582    250.657    233.877     2.8547     2.5556     0.0733     0.8065     3.2698     0.0256     0.0000 -117.75078   33.49058      33.41          9  0.000e+00
      23996    999.792      2.936      2.957    21.3456    21.3472  47.440025  47.442871    21.3450    21.3466    33.5282    33.5292    23.2803    23.2806     8.2077     7.6537    250.658    233.739     2.8547     2.5543     0.0733     0.8065     3.2698     0.0256     0.0000 -117.75078   33.49058      33.41          9  0.000e+00
      23997    999.833      2.890      2.910    21.3459    21.3470  47.440025  47.443013    21.3453    21.3465    33.5280    33.5294    23.2800    23.2808     8.2160     7.6582    250.914    233.877     2.8571     2.5556     0.0733     0.8065     3.2698     0.0244     0.0000 -117.75078   33.49058      33.38          9  0.000e+00
      23998    999.875      2.936      2.957    21.3456    21.3467  47.440168  47.443156    21.3450    21.3461    33.5283    33.5298    23.2804    23.2812     8.2119     7.6583    250.787    233.879     2.8559     2.5556     0.0733     0.8065     3.2698     0.0244     0.0000 -117.75078   33.49058      33.38          9  0.000e+00
      23999    999.917      2.936      2.957    21.3457    21.3468  47.439599  47.443156    21.3452    21.3462    33.5277    33.5297    23.2799    23.2811     8.2161     7.6537    250.916    233.740     2.8571     2.5543     0.0733     0.8065     3.2698     0.0244     0.0000 -117.75078   33.49058      33.38          9  0.000e+00
      24000    999.958      2.936      2.957    21.3457    21.3465  47.440097  47.443156    21.3452    21.3459    33.5281    33.5300    23.2802    23.2814     8.2119     7.6537    250.786    233.741     2.8559     2.5543     0.0733     0.8065     3.2711     0.0244     0.0000 -117.75078   33.49058      33.38          9  0.000e+00
      24001   1000.000      2.903      2.924    21.3459    21.3467  47.440239  47.442231    21.3453    21.3461    33.5281    33.5291    23.2801    23.2807     8.2118     7.6537    250.785    233.740     2.8559     2.5543     0.0720     0.7760     3.2698     0.0244     0.0000 -117.75078   33.49058      33.38          9  0.000e+00
      24002   1000.042      2.989      3.010    21.3457    21.3467  47.440026  47.442374    21.3452    21.3461    33.5280    33.5292    23.2801    23.2807     8.2119     7.6538    250.788    233.743     2.8559     2.5543     0.0720     0.7760     3.2698     0.0244     0.0000 -117.75078   33.49058      33.33          9  0.000e+00
      24003   1000.083      2.890      2.910    21.3457    21.3467  47.440167  47.442658    21.3452    21.3461    33.5282    33.5294    23.2802    23.2809     8.2161     7.6537    250.914    233.739     2.8571     2.5543     0.0720     0.7760     3.2698     0.0232     0.0000 -117.75078   33.49058      33.31          9  0.000e+00
      24004   1000.125      2.989      3.010    21.3457    21.3467  47.440026  47.443014    21.3452    21.3461    33.5280    33.5297    23.2801    23.2811     8.2119     7.6538    250.788    233.742     2.8559     2.5543     0.0720     0.7760     3.2698     0.0232     0.0000 -117.75078   33.49058      33.31          9  0.000e+00
      24005   1000.167      2.936      2.957    21.3457    21.3467  47.440452  47.443156    21.3452    21.3461    33.5284    33.5298    23.2804    23.2812     8.2119     7.6537    250.786    233.740     2.8559     2.5543     0.0720     0.7760     3.2698     0.0232     0.0000 -117.75078   33.49058      33.31          9  0.000e+00
      24006   1000.208      2.989      3.010    21.3457    21.3467  47.439812  47.443156    21.3451    21.3461    33.5279    33.5298    23.2800    23.2812     8.2162     7.6538    250.918    233.742     2.8571     2.5543     0.0720     0.7760     3.2698     0.0232     0.0000 -117.75078   33.49058      33.31          9  0.000e+00
      24007   1000.250      2.989      3.010    21.3456    21.3467  47.440381  47.443156    21.3450    21.3461    33.5285    33.5298    23.2805    23.2812     8.2162     7.6583    250.917    233.881     2.8571     2.5556     0.0720     0.7760     3.2698     0.0232     0.0000 -117.75078   33.49058      33.36          9  0.000e+00
      24008   1000.292      2.949      2.970    21.3456    21.3465  47.440310  47.442516    21.3450    21.3460    33.5284    33.5294    23.2805    23.2809     8.2119     7.6583    250.787    233.881     2.8559     2.5556     0.0720     0.7760     3.2686     0.0232     0.0000 -117.75078   33.49058      33.43          9  0.000e+00
      24009   1000.333      3.035      3.057    21.3456    21.3467  47.440310  47.442943    21.3450    21.3461    33.5284    33.5296    23.2804    23.2811     8.2162     7.6584    250.919    233.883     2.8571     2.5556     0.0720     0.7760     3.2698     0.0232     0.0000 -117.75078   33.49058      33.43          9  0.000e+00
      24010   1000.375      2.936      2.957    21.3454    21.3468  47.439954  47.443298    21.3448    21.3462    33.5283    33.5298    23.2804    23.2812     8.2119     7.6582    250.788    233.879     2.8559     2.5556     0.0720     0.7760     3.2698     0.0232     0.0000 -117.75078   33.49058      33.43          9  0.000e+00
      24011   1000.417      3.035      3.057    21.3452    21.3468  47.439884  47.443156    21.3446    21.3462    33.5283    33.5297    23.2805    23.2811     8.2163     7.6538    250.921    233.743     2.8571     2.5543     0.0720     0.7760     3.2698     0.0232     0.0000 -117.75078   33.49058      33.43          9  0.000e+00
      24012   1000.458      2.989      3.010    21.3452    21.3468  47.439884  47.443156    21.3446    21.3462    33.5283    33.5297    23.2805    23.2811     8.2162     7.6583    250.919    233.880     2.8571     2.5556     0.0720     0.7760     3.2698     0.0232     0.0000 -117.75078   33.49058      33.43          9  0.000e+00
      24013   1000.500      2.989      3.010    21.3452    21.3470  47.439315  47.441663    21.3446    21.3464    33.5279    33.5283    23.2801    23.2800     8.2163     7.6583    250.920    233.882     2.8571     2.5556     0.0720     0.7760     3.2698     0.0220     0.0000 -117.75078   33.49058      33.38          9  0.000e+00
      24014   1000.542      3.049      3.070    21.3449    21.3469  47.439671  47.442303    21.3443    21.3463    33.5284    33.5289    23.2806    23.2805     8.2163     7.6584    250.922    233.883     2.8571     2.5556     0.0720     0.7760     3.2698     0.0220     0.0000 -117.75078   33.49058      33.31          9  0.000e+00
      24016   1000.625      3.035      3.057    21.3447    21.3468  47.439244  47.443156    21.3441    21.3462    33.5282    33.5297    23.2806    23.2811     8.2121     7.6583    250.794    233.882     2.8559     2.5556     0.0720     0.7760     3.2686     0.0208     0.0000 -117.75078   33.49058      33.31         10  0.000e+00
      24017   1000.667      3.035      3.057    21.3447    21.3468  47.439386  47.442943    21.3441    21.3462    33.5284    33.5295    23.2806    23.2809     8.2121     7.6584    250.794    233.882     2.8559     2.5556     0.0720     0.7760     3.2698     0.0208     0.0000 -117.75078   33.49058      33.31         10  0.000e+00
      24018   1000.708      2.989      3.010    21.3445    21.3468  47.439528  47.442729    21.3439    21.3462    33.5286    33.5293    23.2809    23.2808     8.2163     7.6583    250.922    233.881     2.8571     2.5556     0.0720     0.7760     3.2698     0.0195     0.0000 -117.75078   33.49058      33.31         10  0.000e+00
      24019   1000.750      3.035      3.057    21.3447    21.3469  47.439173  47.442729    21.3441    21.3463    33.5282    33.5293    23.2805    23.2807     8.2121     7.6629    250.794    234.021     2.8559     2.5568     0.0720     0.7760     3.2698     0.0195     0.0000 -117.75078   33.49058      33.31         10  0.000e+00
      24020   1000.792      3.035      3.057    21.3447    21.3465  47.439102  47.442730    21.3441    21.3459    33.5281    33.5296    23.2805    23.2811     8.2121     7.6584    250.794    233.883     2.8559     2.5556     0.0720     0.7760     3.2686     0.0195     0.0000 -117.75078   33.49058      33.33         10  0.000e+00
      24021   1000.833      3.049      3.070    21.3449    21.3463  47.439671  47.442090    21.3443    21.3457    33.5284    33.5292    23.2806    23.2809     8.2121     7.6585    250.793    233.885     2.8559     2.5556     0.0720     0.7760     3.2698     0.0195     0.0000 -117.75078   33.49058      33.33         10  0.000e+00
      24022   1000.875      3.035      3.057    21.3445    21.3456  47.439315  47.441663    21.3439    21.3450    33.5284    33.5294    23.2807    23.2812     8.2164     7.6585    250.924    233.887     2.8571     2.5556     0.0720     0.7760     3.2698     0.0195     0.0000 -117.75078   33.49058      33.33         10  0.000e+00
      24023   1000.917      3.035      3.057    21.3445    21.3449  47.439386  47.440953    21.3439    21.3443    33.5285    33.5294    23.2808    23.2814     8.2121     7.6586    250.794    233.891     2.8559     2.5556     0.0720     0.7760     3.2711     0.0183     0.0000 -117.75078   33.49058      33.33         10  0.000e+00
      24024   1000.958      3.088      3.110    21.3445    21.3444  47.439173  47.440598    21.3439    21.3438    33.5283    33.5295    23.2806    23.2816     8.2122     7.6588    250.796    233.894     2.8559     2.5556     0.0720     0.7760     3.2698     0.0195     0.0000 -117.75078   33.49058      33.33         10  0.000e+00
      24025   1001.000      3.088      3.110    21.3445    21.3442  47.439102  47.440384    21.3439    21.3436    33.5283    33.5295    23.2806    23.2817     8.2122     7.6588    250.796    233.895     2.8559     2.5556     0.0720     0.7760     3.2698     0.0183     0.0000 -117.75078   33.49058      33.31         10  0.000e+00
      24026   1001.042      3.035      3.057    21.3443    21.3438  47.438746  47.440384    21.3437    21.3432    33.5281    33.5298    23.2806    23.2820     8.2122     7.6588    250.796    233.895     2.8559     2.5556     0.0720     0.7760     3.2686     0.0183     0.0000 -117.75078   33.49058      33.28         10  0.000e+00
      24027   1001.083      3.049      3.070    21.3447    21.3437  47.439031  47.440953    21.3441    21.3431    33.5281    33.5304    23.2804    23.2825     8.2164     7.6588    250.924    233.895     2.8571     2.5556     0.0720     0.7760     3.2686     0.0171     0.0000 -117.75078   33.49058      33.28         10  0.000e+00
      24028   1001.125      3.088      3.110    21.3443    21.3438  47.439102  47.440527    21.3437    21.3432    33.5284    33.5299    23.2808    23.2821     8.2122     7.6588    250.797    233.896     2.8559     2.5556     0.0720     0.7760     3.2686     0.0183     0.0000 -117.75078   33.49058      33.31         10  0.000e+00
      24029   1001.167      3.088      3.110    21.3440    21.3432  47.438533  47.439460    21.3434    21.3426    33.5282    33.5296    23.2807    23.2820     8.2123     7.6589    250.799    233.900     2.8559     2.5556     0.0720     0.7760     3.2698     0.0183     0.0000 -117.75078   33.49058      33.31         10  0.000e+00
      24030   1001.208      3.088      3.110    21.3436    21.3424  47.438249  47.439176    21.3430    21.3418    33.5283    33.5299    23.2809    23.2825     8.2123     7.6590    250.800    233.902     2.8559     2.5556     0.0720     0.7760     3.2698     0.0195     0.0000 -117.75078   33.49058      33.31         10  0.000e+00
