West Coast/WCOA-7/CTD_Data/RB2102_CTD_014_01.ros
* Sea-Bird SBE 9 Data File:
* FileName = C:\Users\scs.user.rb\CTD\RB2102\Data\RB2102_CTD_014_01.hex
* Software Version Seasave V 7.26.7.107
* Temperature SN = 6202
* Conductivity SN = 4907
* Number of Bytes Per Scan = 41
* Number of Voltage Words = 4
* Number of Scans Averaged by the Deck Unit = 1
* NMEA Latitude = 48 48.59 N
* NMEA Longitude = 125 31.01 W
* NMEA UTC (Time) = Jun 28 2021  09:35:01
* NMEA baud rate = 4800
# nquan = 30
# nvalues = 931                                   
# units = specified
# name 0 = scan: Scan Count
# name 1 = timeS: Time, Elapsed [seconds]
# name 2 = depSM: Depth [salt water, m]
# name 3 = prDM: Pressure, Digiquartz [db]
# name 4 = t090C: Temperature [ITS-90, deg C]
# name 5 = t190C: Temperature, 2 [ITS-90, deg C]
# name 6 = c0mS/cm: Conductivity [mS/cm]
# name 7 = c1mS/cm: Conductivity, 2 [mS/cm]
# name 8 = potemp090C: Potential Temperature [ITS-90, deg C]
# name 9 = potemp190C: Potential Temperature, 2 [ITS-90, deg C]
# name 10 = sal00: Salinity, Practical [PSU]
# name 11 = sal11: Salinity, Practical, 2 [PSU]
# name 12 = sigma-é00: Density [sigma-theta, kg/m^3]
# name 13 = sigma-é11: Density, 2 [sigma-theta, kg/m^3]
# name 14 = sbeox0Mg/L: Oxygen, SBE 43 [mg/l]
# name 15 = sbeox1Mg/L: Oxygen, SBE 43, 2 [mg/l]
# name 16 = sbox0Mm/Kg: Oxygen, SBE 43 [umol/kg]
# name 17 = sbox1Mm/Kg: Oxygen, SBE 43, 2 [umol/kg]
# name 18 = sbeox0V: Oxygen raw, SBE 43 [V]
# name 19 = sbeox1V: Oxygen raw, SBE 43, 2 [V]
# name 20 = v4: Voltage 4
# name 21 = flECO-AFL: Fluorescence, WET Labs ECO-AFL/FL [mg/m^3]
# name 22 = v3: Voltage 3
# name 23 = v6: Voltage 6
# name 24 = v7: Voltage 7
# name 25 = longitude: Longitude [deg]
# name 26 = latitude: Latitude [deg]
# name 27 = altM: Altimeter [m]
# name 28 = nbf: Bottles Fired
# name 29 = flag:  0.000e+00
# interval = seconds: 0.0416667
# start_time = Jun 28 2021 09:35:01 [NMEA time, header]
# bad_flag = -9.990e-29
*END*
[from data line 49]
      16884    703.458    102.148    103.046     7.7239     7.7209  34.448394  34.446416     7.7141     7.7111    33.3248    33.3255    25.9997    26.0008     3.4059     3.3942    103.740    103.382     1.2173     1.1709     0.0440     0.0739     3.2076     1.6129     2.3687 -125.51682   48.81018       9.96          2  0.000e+00
      16885    703.500    102.248    103.146     7.7243     7.7213  34.448707  34.446604     7.7144     7.7114    33.3248    33.3254    25.9997    26.0006     3.4060     3.3942    103.741    103.382     1.2173     1.1709     0.0427     0.0434     3.2063     1.6129     2.3687 -125.51682   48.81018       9.96          2  0.000e+00
      16886    703.542    102.161    103.059     7.7244     7.7211  34.448832  34.447415     7.7145     7.7113    33.3248    33.3264    25.9997    26.0014     3.4059     3.4004    103.739    103.570     1.2173     1.1722     0.0440     0.0739     3.2063     1.6129     2.3687 -125.51682   48.81018       9.96          2  0.000e+00
      16887    703.583    102.248    103.146     7.7243     7.7214  34.449082  34.447353     7.7144     7.7115    33.3252    33.3260    26.0000    26.0011     3.4060     3.3942    103.740    103.382     1.2173     1.1709     0.0440     0.0739     3.2063     1.6129     2.3687 -125.51682   48.81018       9.96          2  0.000e+00
      16888    703.625    102.208    103.106     7.7241     7.7213  34.448644  34.447041     7.7142     7.7114    33.3249    33.3259    25.9998    26.0010     3.4060     3.3942    103.740    103.382     1.2173     1.1709     0.0427     0.0434     3.2076     1.6129     2.3687 -125.51682   48.81018       9.96          2  0.000e+00
      16889    703.667    102.201    103.099     7.7238     7.7218  34.448519  34.447478     7.7139     7.7119    33.3250    33.3259    26.0000    26.0009     3.4060     3.3941    103.741    103.380     1.2173     1.1709     0.0440     0.0739     3.2063     1.6129     2.3687 -125.51682   48.81018       9.96          2  0.000e+00
      16890    703.708    102.254    103.153     7.7238     7.7216  34.448707  34.447353     7.7139     7.7117    33.3252    33.3259    26.0001    26.0010     3.4060     3.3942    103.742    103.381     1.2173     1.1709     0.0427     0.0434     3.2076     1.6129     2.3687 -125.51682   48.81018       9.96          2  0.000e+00
      16891    703.750    102.201    103.099     7.7238     7.7221  34.448582  34.447290     7.7139     7.7122    33.3251    33.3254    26.0000    26.0004     3.4060     3.3941    103.741    103.380     1.2173     1.1709     0.0440     0.0739     3.2063     1.6129     2.3687 -125.51682   48.81018       9.96          2  0.000e+00
      16892    703.792    102.247    103.146     7.7241     7.7224  34.448519  34.447540     7.7142     7.7125    33.3247    33.3253    25.9996    26.0004     3.4060     3.3941    103.741    103.380     1.2173     1.1709     0.0427     0.0434     3.2076     1.6129     2.3687 -125.51682   48.81018       9.99          2  0.000e+00
      16893    703.833    102.254    103.153     7.7241     7.7224  34.448519  34.447603     7.7142     7.7125    33.3247    33.3253    25.9996    26.0004     3.4060     3.3879    103.741    103.190     1.2173     1.1697     0.0427     0.0434     3.2063     1.6129     2.3687 -125.51682   48.81018       9.96          2  0.000e+00
      16894    703.875    102.201    103.099     7.7241     7.7224  34.448957  34.447103     7.7142     7.7125    33.3252    33.3249    26.0000    26.0000     3.4003     3.3941    103.567    103.379     1.2161     1.1709     0.0440     0.0739     3.2076     1.6129     2.3419 -125.51682   48.81018       9.94          2  0.000e+00
      16895    703.917    102.254    103.153     7.7241     7.7226  34.449144  34.447228     7.7142     7.7127    33.3254    33.3248    26.0002    25.9999     3.4060     3.3879    103.741    103.190     1.2173     1.1697     0.0440     0.0739     3.2063     1.6129     1.5104 -125.51682   48.81018       9.91          2  0.000e+00
      16896    703.958    102.294    103.193     7.7244     7.7226  34.448895  34.447540     7.7145     7.7127    33.3248    33.3251    25.9997    26.0002     3.4003     3.3941    103.567    103.380     1.2161     1.1709     0.0427     0.0434     3.2063     1.6129     1.0000 -125.51682   48.81018       9.91          2  0.000e+00
      16897    704.000    102.247    103.146     7.7244     7.7231  34.448832  34.447415     7.7145     7.7132    33.3248    33.3246    25.9997    25.9997     3.4003     3.3879    103.567    103.189     1.2161     1.1697     0.0427     0.0434     3.2076     1.6129     0.9414 -125.51682   48.81018       9.91          2  0.000e+00
      16898    704.042    102.254    103.153     7.7246     7.7229  34.448582  34.447540     7.7147     7.7130    33.3243    33.3249    25.9993    26.0000     3.4003     3.3941    103.567    103.379     1.2161     1.1709     0.0427     0.0434     3.2063     1.6129     0.9866 -125.51682   48.81018       9.91          2  0.000e+00
      16899    704.083    102.247    103.146     7.7243     7.7232  34.448019  34.447103     7.7144     7.7134    33.3240    33.3240    25.9991    25.9992     3.4003     3.3941    103.568    103.378     1.2161     1.1709     0.0427     0.0434     3.2063     1.6129     1.0085 -125.51682   48.81018       9.91          2  0.000e+00
      16900    704.125    102.307    103.206     7.7238     7.7231  34.448082  34.447228     7.7139     7.7132    33.3245    33.3243    25.9996    25.9995     3.4003     3.3879    103.569    103.190     1.2161     1.1697     0.0427     0.0434     3.2063     1.6129     1.0110 -125.51682   48.81018       9.91          2  0.000e+00
      16901    704.167    102.247    103.146     7.7233     7.7234  34.448207  34.447290     7.7134     7.7135    33.3251    33.3240    26.0001    25.9992     3.4003     3.3878    103.569    103.189     1.2161     1.1697     0.0440     0.0739     3.2076     1.6129     1.0085 -125.51682   48.81018       9.89          2  0.000e+00
      16902    704.208    102.247    103.146     7.7231     7.7235  34.448645  34.447290     7.7132     7.7136    33.3258    33.3240    26.0006    25.9991     3.4003     3.3878    103.569    103.189     1.2161     1.1697     0.0427     0.0434     3.2063     1.6129     1.0073 -125.51682   48.81018       9.89          2  0.000e+00
      16903    704.250    102.307    103.206     7.7235     7.7237  34.448332  34.447728     7.7136     7.7138    33.3251    33.3243    26.0001    25.9994     3.4060     3.3816    103.743    102.999     1.2173     1.1685     0.0440     0.0739     3.2063     1.6129     1.0073 -125.51682   48.81018       9.89          2  0.000e+00
      16904    704.292    102.247    103.146     7.7235     7.7237  34.447957  34.447915     7.7136     7.7138    33.3247    33.3244    25.9998    25.9995     3.4003     3.3878    103.569    103.188     1.2161     1.1697     0.0427     0.0434     3.2063     1.6129     1.0073 -125.51682   48.81018       9.89          2  0.000e+00
      16905    704.333    102.307    103.206     7.7233     7.7239  34.448082  34.447915     7.7134     7.7140    33.3250    33.3243    26.0000    25.9993     3.4004     3.3878    103.570    103.188     1.2161     1.1697     0.0427     0.0434     3.2063     1.6129     1.0073 -125.51682   48.81018       9.89          2  0.000e+00
      16906    704.375    102.294    103.193     7.7231     7.7239  34.448395  34.447728     7.7132     7.7140    33.3255    33.3241    26.0004    25.9992     3.4004     3.3878    103.570    103.188     1.2161     1.1697     0.0427     0.0434     3.2063     1.6129     1.0073 -125.51682   48.81018       9.87          2  0.000e+00
      16907    704.417    102.307    103.206     7.7233     7.7239  34.448520  34.447853     7.7134     7.7140    33.3254    33.3242    26.0003    25.9993     3.4004     3.3878    103.570    103.188     1.2161     1.1697     0.0427     0.0434     3.2063     1.6129     1.0085 -125.51682   48.81018       9.89          2  0.000e+00
      16908    704.458    102.294    103.193     7.7231     7.7237  34.448270  34.447665     7.7132     7.7138    33.3254    33.3242    26.0003    25.9993     3.4004     3.3878    103.570    103.189     1.2161     1.1697     0.0440     0.0739     3.2063     1.6142     1.0073 -125.51682   48.81018       9.89          2  0.000e+00
      16909    704.500    102.294    103.193     7.7235     7.7237  34.448645  34.447603     7.7136     7.7138    33.3255    33.3241    26.0003    25.9992     3.4003     3.3816    103.569    102.999     1.2161     1.1685     0.0415     0.0129     3.2076     1.6142     1.0073 -125.51682   48.81018       9.89          2  0.000e+00
      16910    704.542    102.254    103.153     7.7233     7.7235  34.448832  34.447603     7.7134     7.7136    33.3258    33.3243    26.0006    25.9994     3.3946     3.3816    103.396    102.999     1.2149     1.1685     0.0415     0.0129     3.2076     1.6142     1.0073 -125.51682   48.81018       9.89          2  0.000e+00
      16911    704.583    102.294    103.193     7.7235     7.7235  34.448332  34.447853     7.7136     7.7136    33.3251    33.3245    26.0001    25.9996     3.4004     3.3816    103.570    102.999     1.2161     1.1685     0.0427     0.0434     3.2076     1.6129     1.0073 -125.51682   48.81018       9.89          2  0.000e+00
      16912    704.625    102.307    103.206     7.7233     7.7237  34.448895  34.447915     7.7134     7.7138    33.3259    33.3244    26.0007    25.9995     3.3947     3.3878    103.396    103.188     1.2149     1.1697     0.0415     0.0129     3.2063     1.6142     1.0073 -125.51682   48.81018       9.89          2  0.000e+00
      16913    704.667    102.294    103.193     7.7235     7.7235  34.448645  34.447728     7.7136     7.7136    33.3255    33.3244    26.0003    25.9995     3.3947     3.3878    103.396    103.189     1.2149     1.1697     0.0440     0.0739     3.2076     1.6142     1.0073 -125.51682   48.81018       9.87          2  0.000e+00
      16914    704.708    102.347    103.246     7.7235     7.7232  34.448707  34.447853     7.7136     7.7133    33.3255    33.3248    26.0004    25.9998     3.4004     3.3817    103.570    103.001     1.2161     1.1685     0.0427     0.0434     3.2063     1.6142     1.0073 -125.51682   48.81018       9.87          2  0.000e+00
      16915    704.750    102.254    103.153     7.7238     7.7233  34.449020  34.447478     7.7139     7.7134    33.3256    33.3243    26.0004    25.9995     3.3946     3.3816    103.395    103.000     1.2149     1.1685     0.0415     0.0129     3.2076     1.6142     1.0073 -125.51682   48.81018       9.87          2  0.000e+00
      16916    704.792    102.347    103.246     7.7239     7.7233  34.448645  34.447728     7.7140     7.7134    33.3250    33.3246    25.9999    25.9996     3.3946     3.3817    103.396    103.001     1.2149     1.1685     0.0440     0.0739     3.2063     1.6142     1.0073 -125.51682   48.81018       9.87          2  0.000e+00
      16917    704.833    102.307    103.206     7.7241     7.7231  34.448520  34.448165     7.7142     7.7132    33.3247    33.3253    25.9996    26.0002     3.3946     3.3817    103.395    103.000     1.2149     1.1685     0.0427     0.0434     3.2063     1.6142     1.0073 -125.51682   48.81018       9.87          2  0.000e+00
      16918    704.875    102.294    103.193     7.7244     7.7233  34.448770  34.447728     7.7145     7.7134    33.3247    33.3246    25.9996    25.9997     3.3946     3.3816    103.394    103.000     1.2149     1.1685     0.0427     0.0434     3.2076     1.6129     1.0073 -125.51682   48.81018       9.87          2  0.000e+00
      16919    704.917    102.294    103.193     7.7244     7.7233  34.448832  34.447603     7.7145     7.7134    33.3248    33.3245    25.9996    25.9996     3.3946     3.3816    103.394    103.000     1.2149     1.1685     0.0440     0.0739     3.2076     1.6142     1.0073 -125.51682   48.81018       9.84          2  0.000e+00
      16920    704.958    102.307    103.206     7.7246     7.7232  34.449270  34.447415     7.7147     7.7133    33.3250    33.3243    25.9998    25.9995     3.3946     3.3817    103.394    103.001     1.2149     1.1685     0.0440     0.0739     3.2063     1.6142     1.0073 -125.51682   48.81018       9.84          2  0.000e+00
      16921    705.000    102.294    103.193     7.7246     7.7235  34.448957  34.447728     7.7147     7.7136    33.3247    33.3244    25.9996    25.9995     3.3946     3.3816    103.394    103.000     1.2149     1.1685     0.0452     0.1044     3.2063     1.6142     1.0073 -125.51682   48.81018       9.84          2  0.000e+00
      16922    705.042    102.307    103.206     7.7246     7.7234  34.448832  34.447728     7.7147     7.7135    33.3246    33.3245    25.9995    25.9996     3.4003     3.3816    103.567    103.000     1.2161     1.1685     0.0440     0.0739     3.2063     1.6142     1.0073 -125.51682   48.81018       9.84          2  0.000e+00
      16923    705.083    102.294    103.193     7.7249     7.7237  34.448832  34.447603     7.7150     7.7138    33.3243    33.3241    25.9992    25.9993     3.3946     3.3816    103.393    102.999     1.2149     1.1685     0.0452     0.1044     3.2076     1.6129     1.0073 -125.51682   48.81018       9.84          2  0.000e+00
      16924    705.125    102.307    103.206     7.7246     7.7239  34.448832  34.448102     7.7147     7.7140    33.3246    33.3245    25.9995    25.9995     3.3946     3.3816    103.394    102.999     1.2149     1.1685     0.0440     0.0739     3.2076     1.6129     1.0073 -125.51682   48.81018       9.84          2  0.000e+00
      16925    705.167    102.294    103.193     7.7244     7.7239  34.448832  34.447977     7.7145     7.7140    33.3248    33.3243    25.9996    25.9994     3.3946     3.3816    103.394    102.999     1.2149     1.1685     0.0440     0.0739     3.2063     1.6142     1.0073 -125.51682   48.81018       9.84          2  0.000e+00
      16926    705.208    102.247    103.146     7.7243     7.7237  34.448832  34.447915     7.7144     7.7138    33.3249    33.3245    25.9998    25.9995     3.3946     3.3816    103.394    102.999     1.2149     1.1685     0.0440     0.0739     3.2076     1.6142     1.0073 -125.51682   48.81018       9.84          2  0.000e+00
      16927    705.250    102.353    103.253     7.7243     7.7239  34.448832  34.447665     7.7144     7.7140    33.3249    33.3240    25.9997    25.9991     3.3946     3.3816    103.395    103.000     1.2149     1.1685     0.0440     0.0739     3.2063     1.6142     1.0073 -125.51682   48.81018       9.84          2  0.000e+00
      16928    705.292    102.247    103.146     7.7243     7.7239  34.448832  34.447353     7.7144     7.7140    33.3249    33.3237    25.9998    25.9989     3.3946     3.3816    103.394    102.999     1.2149     1.1685     0.0452     0.1044     3.2063     1.6142     1.0073 -125.51682   48.81018       9.84          2  0.000e+00
      16929    705.333    102.254    103.153     7.7241     7.7237  34.449019  34.447540     7.7142     7.7138    33.3252    33.3241    26.0001    25.9992     3.3889     3.3816    103.221    102.999     1.2137     1.1685     0.0440     0.0739     3.2076     1.6129     1.0073 -125.51682   48.81018       9.84          2  0.000e+00
      16930    705.375    102.294    103.193     7.7243     7.7237  34.448645  34.447853     7.7144     7.7138    33.3247    33.3244    25.9996    25.9994     3.3889     3.3816    103.221    102.999     1.2137     1.1685     0.0440     0.0739     3.2063     1.6129     1.0073 -125.51682   48.81018       9.84          2  0.000e+00
