West Coast/WCOA-7/CTD_Data/RB2102_CTD_052_01.ros
* Sea-Bird SBE 9 Data File:
* FileName = C:\Users\scs.user.rb\CTD\RB2102\Data\RB2102_CTD_052_01.hex
* Software Version Seasave V 7.26.7.107
* Temperature SN = 6202
* Conductivity SN = 4907
* Number of Bytes Per Scan = 41
* Number of Voltage Words = 4
* Number of Scans Averaged by the Deck Unit = 1
* NMEA Latitude = 44 39.10 N
* NMEA Longitude = 124 06.06 W
* NMEA UTC (Time) = Jul 04 2021  13:29:35
* NMEA baud rate = 4800
# nquan = 30
# nvalues = 441                                   
# units = specified
# name 0 = scan: Scan Count
# name 1 = timeS: Time, Elapsed [seconds]
# name 2 = depSM: Depth [salt water, m]
# name 3 = prDM: Pressure, Digiquartz [db]
# name 4 = t090C: Temperature [ITS-90, deg C]
# name 5 = t190C: Temperature, 2 [ITS-90, deg C]
# name 6 = c0mS/cm: Conductivity [mS/cm]
# name 7 = c1mS/cm: Conductivity, 2 [mS/cm]
# name 8 = potemp090C: Potential Temperature [ITS-90, deg C]
# name 9 = potemp190C: Potential Temperature, 2 [ITS-90, deg C]
# name 10 = sal00: Salinity, Practical [PSU]
# name 11 = sal11: Salinity, Practical, 2 [PSU]
# name 12 = sigma-é00: Density [sigma-theta, kg/m^3]
# name 13 = sigma-é11: Density, 2 [sigma-theta, kg/m^3]
# name 14 = sbeox0Mg/L: Oxygen, SBE 43 [mg/l]
# name 15 = sbeox1Mg/L: Oxygen, SBE 43, 2 [mg/l]
# name 16 = sbox0Mm/Kg: Oxygen, SBE 43 [umol/kg]
# name 17 = sbox1Mm/Kg: Oxygen, SBE 43, 2 [umol/kg]
# name 18 = sbeox0V: Oxygen raw, SBE 43 [V]
# name 19 = sbeox1V: Oxygen raw, SBE 43, 2 [V]
# name 20 = v4: Voltage 4
# name 21 = flECO-AFL: Fluorescence, WET Labs ECO-AFL/FL [mg/m^3]
# name 22 = v3: Voltage 3
# name 23 = v6: Voltage 6
# name 24 = v7: Voltage 7
# name 25 = longitude: Longitude [deg]
# name 26 = latitude: Latitude [deg]
# name 27 = altM: Altimeter [m]
# name 28 = nbf: Bottles Fired
# name 29 = flag:  0.000e+00
# interval = seconds: 0.0416667
# start_time = Jul 04 2021 13:29:35 [NMEA time, header]
# bad_flag = -9.990e-29
*END*
[from data line 242]
      22395    933.083     10.648     10.735    11.0277    11.1237  37.398566  37.462261    11.0264    11.1224    33.3336    33.3097    25.4733    25.4375     7.0626     7.2776    215.226    221.786     2.1416     2.0745     0.1636     3.0654     3.3382     0.0000     0.0000 -124.10128   44.65158      20.10          5  0.000e+00
      22396    933.125     10.662     10.749    11.0286    11.1237  37.398953  37.462713    11.0273    11.1224    33.3332    33.3101    25.4728    25.4378     7.0573     7.2776    215.064    221.785     2.1404     2.0745     0.1624     3.0348     3.3382     0.0000     0.0000 -124.10128   44.65158      20.10          5  0.000e+00
      22397    933.167     10.648     10.735    11.0294    11.1253  37.399598  37.463875    11.0281    11.1240    33.3331    33.3098    25.4726    25.4373     7.0571     7.2716    215.060    221.605     2.1404     2.0733     0.1636     3.0654     3.3382     0.0000     0.0000 -124.10128   44.65158      20.10          5  0.000e+00
      26227   1092.750      6.211      6.262    11.2523    11.2372  37.553897  37.544896    11.2516    11.2364    33.2858    33.2906    25.3957    25.4022     7.2848     7.5317    222.014    229.537     2.2027     2.1343     0.1758     3.3706     3.3309     0.0000     0.0000 -124.10134   44.65154      24.84          6  0.000e+00
      26228   1092.792      6.118      6.168    11.2527    11.2365  37.553638  37.545025    11.2520    11.2358    33.2852    33.2913    25.3952    25.4029     7.2847     7.5260    222.011    229.364     2.2027     2.1331     0.1746     3.3401     3.3309     0.0000     0.0000 -124.10134   44.65154      24.86          6  0.000e+00
      26229   1092.833      6.211      6.262    11.2530    11.2364  37.554026  37.544509    11.2522    11.2357    33.2853    33.2909    25.3952    25.4025     7.2899     7.5318    222.170    229.540     2.2039     2.1343     0.1758     3.3706     3.3309     0.0000     0.0000 -124.10134   44.65154      24.93          6  0.000e+00
      26230   1092.875      6.165      6.215    11.2526    11.2362  37.553444  37.544896    11.2518    11.2354    33.2852    33.2915    25.3952    25.4031     7.2899     7.5261    222.171    229.367     2.2039     2.1331     0.1758     3.3706     3.3297     0.0000     0.0000 -124.10134   44.65154      24.96          6  0.000e+00
      26231   1092.917      6.118      6.168    11.2522    11.2364  37.553185  37.545284    11.2515    11.2356    33.2852    33.2918    25.3953    25.4033     7.2899     7.5260    222.171    229.365     2.2039     2.1331     0.1758     3.3706     3.3297     0.0000     0.0000 -124.10134   44.65154      24.96          6  0.000e+00
      26232   1092.958      6.165      6.215    11.2526    11.2362  37.552927  37.545090    11.2519    11.2354    33.2846    33.2917    25.3947    25.4032     7.2899     7.5261    222.171    229.367     2.2039     2.1331     0.1758     3.3706     3.3309     0.0000     0.0000 -124.10134   44.65154      24.93          6  0.000e+00
      26233   1093.000      6.132      6.182    11.2527    11.2367  37.552409  37.544831    11.2520    11.2359    33.2840    33.2910    25.3943    25.4026     7.2899     7.5260    222.171    229.365     2.2039     2.1331     0.1758     3.3706     3.3309     0.0000     0.0000 -124.10134   44.65154      24.93          6  0.000e+00
      26234   1093.042      6.118      6.168    11.2528    11.2364  37.551698  37.544702    11.2521    11.2356    33.2832    33.2912    25.3936    25.4028     7.2899     7.5260    222.171    229.366     2.2039     2.1331     0.1758     3.3706     3.3297     0.0000     0.0000 -124.10134   44.65154      24.93          6  0.000e+00
      26235   1093.083      6.118      6.168    11.2521    11.2362  37.551310  37.544961    11.2513    11.2354    33.2835    33.2916    25.3940    25.4032     7.2900     7.5261    222.175    229.366     2.2039     2.1331     0.1758     3.3706     3.3309     0.0000     0.0000 -124.10134   44.65154      24.93          6  0.000e+00
      26236   1093.125      6.165      6.215    11.2514    11.2359  37.551440  37.544056    11.2506    11.2352    33.2842    33.2909    25.3947    25.4027     7.2901     7.5318    222.178    229.541     2.2039     2.1343     0.1758     3.3706     3.3297     0.0000     0.0000 -124.10134   44.65154      24.93          6  0.000e+00
      26237   1093.167      6.065      6.115    11.2512    11.2357  37.551569  37.543733    11.2504    11.2349    33.2846    33.2909    25.3950    25.4027     7.2901     7.5261    222.176    229.368     2.2039     2.1331     0.1758     3.3706     3.3297     0.0000     0.0000 -124.10134   44.65154      24.93          6  0.000e+00
      26238   1093.208      6.118      6.168    11.2509    11.2342  37.551569  37.543216    11.2501    11.2335    33.2848    33.2917    25.3952    25.4036     7.2902     7.5264    222.178    229.376     2.2039     2.1331     0.1758     3.3706     3.3309     0.0000     0.0000 -124.10134   44.65154      24.93          6  0.000e+00
      26239   1093.250      6.065      6.115    11.2509    11.2335  37.551763  37.543087    11.2501    11.2328    33.2850    33.2922    25.3954    25.4041     7.2901     7.5321    222.176    229.549     2.2039     2.1343     0.1795     3.4622     3.3309     0.0000     0.0000 -124.10134   44.65154      24.93          6  0.000e+00
      26240   1093.292      6.079      6.128    11.2505    11.2330  37.551892  37.543087    11.2498    11.2323    33.2855    33.2926    25.3958    25.4045     7.2953     7.5265    222.336    229.380     2.2051     2.1331     0.1819     3.5232     3.3309     0.0000     0.0000 -124.10134   44.65154      24.96          6  0.000e+00
      26241   1093.333      6.065      6.115    11.2496    11.2329  37.551892  37.543087    11.2488    11.2322    33.2863    33.2927    25.3966    25.4046     7.2954     7.5265    222.339    229.380     2.2051     2.1331     0.1819     3.5232     3.3309     0.0000     0.0000 -124.10134   44.65154      25.01          6  0.000e+00
      26242   1093.375      6.118      6.168    11.2481    11.2327  37.551375  37.542829    11.2473    11.2320    33.2872    33.2926    25.3976    25.4046     7.2957     7.5266    222.346    229.382     2.2051     2.1331     0.1819     3.5232     3.3309     0.0000     0.0000 -124.10134   44.65154      25.03          6  0.000e+00
      26243   1093.417      6.019      6.068    11.2474    11.2328  37.551246  37.542506    11.2467    11.2320    33.2877    33.2923    25.3981    25.4043     7.2957     7.5265    222.346    229.380     2.2051     2.1331     0.1819     3.5232     3.3309     0.0000     0.0000 -124.10134   44.65154      25.03          6  0.000e+00
      26244   1093.458      6.065      6.115    11.2473    11.2327  37.551246  37.541860    11.2465    11.2320    33.2878    33.2917    25.3982    25.4039     7.2957     7.5266    222.348    229.382     2.2051     2.1331     0.1819     3.5232     3.3309     0.0000     0.0000 -124.10134   44.65154      25.01          6  0.000e+00
      26245   1093.500      6.019      6.068    11.2476    11.2320  37.551246  37.541730    11.2468    11.2313    33.2875    33.2922    25.3979    25.4044     7.2957     7.5323    222.345    229.556     2.2051     2.1343     0.1819     3.5232     3.3309     0.0000     0.0000 -124.10134   44.65154      25.01          6  0.000e+00
      26246   1093.542      6.065      6.115    11.2476    11.2322  37.551246  37.541278    11.2469    11.2315    33.2875    33.2916    25.3979    25.4038     7.2957     7.5323    222.347    229.557     2.2051     2.1343     0.1819     3.5232     3.3309     0.0000     0.0000 -124.10134   44.65154      25.01          6  0.000e+00
      26247   1093.583      5.986      6.035    11.2478    11.2317  37.551246  37.541343    11.2470    11.2310    33.2874    33.2921    25.3978    25.4044     7.2956     7.5323    222.344    229.557     2.2051     2.1343     0.1819     3.5232     3.3309     0.0000     0.0000 -124.10134   44.65154      25.05          6  0.000e+00
      26248   1093.625      6.019      6.068    11.2481    11.2314  37.550987  37.541924    11.2473    11.2307    33.2868    33.2930    25.3973    25.4051     7.2956     7.5324    222.344    229.558     2.2051     2.1343     0.1819     3.5232     3.3309     0.0000     0.0000 -124.10134   44.65154      25.08          6  0.000e+00
      26249   1093.667      6.019      6.068    11.2476    11.2314  37.550664  37.541537    11.2469    11.2307    33.2869    33.2925    25.3975    25.4047     7.2957     7.5324    222.346    229.558     2.2051     2.1343     0.1819     3.5232     3.3297     0.0000     0.0000 -124.10134   44.65154      25.08          6  0.000e+00
      26250   1093.708      6.019      6.068    11.2474    11.2319  37.550599  37.541601    11.2467    11.2312    33.2871    33.2922    25.3976    25.4044     7.2957     7.5323    222.347    229.556     2.2051     2.1343     0.1807     3.4927     3.3309     0.0000     0.0000 -124.10134   44.65154      25.08          6  0.000e+00
      26251   1093.750      5.966      6.015    11.2473    11.2322  37.550599  37.541989    11.2465    11.2315    33.2872    33.2923    25.3977    25.4044     7.2957     7.5322    222.346    229.553     2.2051     2.1343     0.1819     3.5232     3.3309     0.0000     0.0000 -124.10134   44.65154      25.08          6  0.000e+00
      26252   1093.792      6.019      6.068    11.2474    11.2324  37.550599  37.541536    11.2467    11.2317    33.2870    33.2917    25.3976    25.4039     7.2957     7.5323    222.347    229.555     2.2051     2.1343     0.1819     3.5232     3.3309     0.0000     0.0000 -124.10134   44.65154      25.08          6  0.000e+00
      26253   1093.833      5.966      6.015    11.2471    11.2324  37.550599  37.542182    11.2464    11.2317    33.2874    33.2923    25.3979    25.4044     7.2957     7.5322    222.347    229.552     2.2051     2.1343     0.1819     3.5232     3.3309     0.0000     0.0000 -124.10134   44.65154      25.10          6  0.000e+00
      26254   1093.875      5.933      5.981    11.2468    11.2320  37.550599  37.541407    11.2460    11.2313    33.2877    33.2919    25.3982    25.4042     7.2957     7.5322    222.347    229.554     2.2051     2.1343     0.1819     3.5232     3.3309     0.0000     0.0000 -124.10134   44.65154      25.10          6  0.000e+00
      26255   1093.917      5.966      6.015    11.2468    11.2318  37.550017  37.541084    11.2460    11.2310    33.2871    33.2918    25.3977    25.4041     7.2906     7.5323    222.191    229.556     2.2039     2.1343     0.1807     3.4927     3.3309     0.0000     0.0000 -124.10134   44.65154      25.10          6  0.000e+00
      26256   1093.958      5.966      6.015    11.2469    11.2312  37.550082  37.540890    11.2462    11.2305    33.2870    33.2921    25.3977    25.4045     7.2906     7.5324    222.190    229.559     2.2039     2.1343     0.1819     3.5232     3.3309     0.0000     0.0000 -124.10134   44.65154      25.10          6  0.000e+00
      26257   1094.000      5.920      5.968    11.2468    11.2312  37.550211  37.540244    11.2460    11.2305    33.2873    33.2915    25.3979    25.4040     7.2905     7.5324    222.189    229.558     2.2039     2.1343     0.1807     3.4927     3.3309     0.0000     0.0000 -124.10134   44.65154      25.10          6  0.000e+00
      26258   1094.042      5.966      6.015    11.2457    11.2314  37.549953  37.540115    11.2450    11.2307    33.2880    33.2912    25.3986    25.4037     7.2907     7.5324    222.194    229.559     2.2039     2.1343     0.1807     3.4927     3.3309     0.0000     0.0000 -124.10134   44.65154      25.10          6  0.000e+00
      26259   1094.083      5.920      5.968    11.2451    11.2306  37.549435  37.539857    11.2444    11.2298    33.2880    33.2917    25.3988    25.4043     7.2908     7.5325    222.196    229.561     2.2039     2.1343     0.1807     3.4927     3.3309     0.0000     0.0000 -124.10134   44.65154      25.13          6  0.000e+00
      26260   1094.125      5.966      6.015    11.2444    11.2297  37.549242  37.539986    11.2437    11.2290    33.2884    33.2926    25.3992    25.4051     7.2909     7.5326    222.200    229.566     2.2039     2.1343     0.1819     3.5232     3.3309     0.0000     0.0000 -124.10134   44.65154      25.13          6  0.000e+00
      26261   1094.167      5.887      5.935    11.2446    11.2297  37.549435  37.539857    11.2439    11.2290    33.2885    33.2925    25.3992    25.4050     7.2908     7.5326    222.197    229.563     2.2039     2.1343     0.1807     3.4927     3.3321     0.0000     0.0000 -124.10134   44.65154      25.13          6  0.000e+00
      26262   1094.208      5.920      5.968    11.2448    11.2299  37.549306  37.539792    11.2441    11.2292    33.2882    33.2922    25.3989    25.4048     7.2908     7.5326    222.197    229.564     2.2039     2.1343     0.1819     3.5232     3.3297     0.0000     0.0000 -124.10134   44.65154      25.13          6  0.000e+00
      26263   1094.250      5.920      5.968    11.2446    11.2304  37.549436  37.540244    11.2439    11.2297    33.2885    33.2923    25.3992    25.4047     7.2908     7.5325    222.198    229.561     2.2039     2.1343     0.1807     3.4927     3.3309     0.0000     0.0000 -124.10134   44.65154      25.13          6  0.000e+00
      26264   1094.292      5.920      5.968    11.2449    11.2302  37.549048  37.539921    11.2442    11.2295    33.2878    33.2921    25.3986    25.4046     7.2856     7.5325    222.039    229.562     2.2027     2.1343     0.1819     3.5232     3.3297     0.0000     0.0000 -124.10134   44.65154      25.13          6  0.000e+00
      26265   1094.333      5.873      5.921    11.2448    11.2304  37.549177  37.539210    11.2441    11.2297    33.2881    33.2913    25.3989    25.4039     7.2908     7.5325    222.196    229.562     2.2039     2.1343     0.1954     3.8590     3.3309     0.0000     0.0000 -124.10134   44.65154      25.15          6  0.000e+00
      26266   1094.375      5.920      5.968    11.2450    11.2306  37.548983  37.539598    11.2443    11.2298    33.2877    33.2915    25.3985    25.4041     7.2908     7.5325    222.197    229.562     2.2039     2.1343     0.2076     4.1643     3.3309     0.0000     0.0000 -124.10134   44.65154      25.13          6  0.000e+00
      26267   1094.417      5.874      5.921    11.2449    11.2299  37.549371  37.539275    11.2442    11.2292    33.2881    33.2918    25.3989    25.4044     7.2907     7.5325    222.195    229.563     2.2039     2.1343     0.2100     4.2253     3.3309     0.0000     0.0000 -124.10134   44.65154      25.13          6  0.000e+00
      26268   1094.458      5.887      5.935    11.2450    11.2303  37.549306  37.538564    11.2443    11.2295    33.2880    33.2907    25.3988    25.4036     7.2856     7.5325    222.038    229.564     2.2027     2.1343     0.2100     4.2253     3.3297     0.0000     0.0000 -124.10134   44.65154      25.13          6  0.000e+00
      26269   1094.500      5.874      5.921    11.2452    11.2302  37.549241  37.538177    11.2445    11.2295    33.2877    33.2904    25.3985    25.4033     7.2907     7.5326    222.194    229.564     2.2039     2.1343     0.2088     4.1948     3.3309     0.0000     0.0000 -124.10134   44.65154      25.13          6  0.000e+00
      26270   1094.542      5.874      5.921    11.2458    11.2291  37.549435  37.537143    11.2451    11.2284    33.2874    33.2904    25.3982    25.4035     7.2854     7.5328    222.034    229.570     2.2027     2.1343     0.2088     4.1948     3.3321     0.0000     0.0000 -124.10134   44.65154      25.13          6  0.000e+00
      26271   1094.583      5.874      5.921    11.2463    11.2279  37.549564  37.536497    11.2456    11.2272    33.2871    33.2908    25.3978    25.4041     7.2854     7.5329    222.032    229.575     2.2027     2.1343     0.2100     4.2253     3.3297     0.0000     0.0000 -124.10134   44.65154      25.13          6  0.000e+00
