West Coast/WCOA-7/CTD_Data/RB2102_CTD_099_01.ros
* Sea-Bird SBE 9 Data File:
* FileName = C:\Users\scs.user.rb\CTD\RB2102\Data\RB2102_CTD_099_01.hex
* Software Version Seasave V 7.26.7.107
* Temperature SN = 6202
* Conductivity SN = 4907
* Number of Bytes Per Scan = 41
* Number of Voltage Words = 4
* Number of Scans Averaged by the Deck Unit = 1
* NMEA Latitude = 36 45.47 N
* NMEA Longitude = 121 55.59 W
* NMEA UTC (Time) = Jul 14 2021  20:46:18
* NMEA baud rate = 4800
# nquan = 30
# nvalues = 686                                   
# units = specified
# name 0 = scan: Scan Count
# name 1 = timeS: Time, Elapsed [seconds]
# name 2 = depSM: Depth [salt water, m]
# name 3 = prDM: Pressure, Digiquartz [db]
# name 4 = t090C: Temperature [ITS-90, deg C]
# name 5 = t190C: Temperature, 2 [ITS-90, deg C]
# name 6 = c0mS/cm: Conductivity [mS/cm]
# name 7 = c1mS/cm: Conductivity, 2 [mS/cm]
# name 8 = potemp090C: Potential Temperature [ITS-90, deg C]
# name 9 = potemp190C: Potential Temperature, 2 [ITS-90, deg C]
# name 10 = sal00: Salinity, Practical [PSU]
# name 11 = sal11: Salinity, Practical, 2 [PSU]
# name 12 = sigma-é00: Density [sigma-theta, kg/m^3]
# name 13 = sigma-é11: Density, 2 [sigma-theta, kg/m^3]
# name 14 = sbeox0Mg/L: Oxygen, SBE 43 [mg/l]
# name 15 = sbeox1Mg/L: Oxygen, SBE 43, 2 [mg/l]
# name 16 = sbox0Mm/Kg: Oxygen, SBE 43 [umol/kg]
# name 17 = sbox1Mm/Kg: Oxygen, SBE 43, 2 [umol/kg]
# name 18 = sbeox0V: Oxygen raw, SBE 43 [V]
# name 19 = sbeox1V: Oxygen raw, SBE 43, 2 [V]
# name 20 = v4: Voltage 4
# name 21 = flECO-AFL: Fluorescence, WET Labs ECO-AFL/FL [mg/m^3]
# name 22 = v3: Voltage 3
# name 23 = v6: Voltage 6
# name 24 = v7: Voltage 7
# name 25 = longitude: Longitude [deg]
# name 26 = latitude: Latitude [deg]
# name 27 = altM: Altimeter [m]
# name 28 = nbf: Bottles Fired
# name 29 = flag:  0.000e+00
# interval = seconds: 0.0416667
# start_time = Jul 14 2021 20:46:18 [NMEA time, header]
# bad_flag = -9.990e-29
*END*
[from data line 146]
      19206    800.208     79.283     79.887     9.8585     9.8704  36.973295  36.983346     9.8495     9.8614    33.9559    33.9550    26.1620    26.1593     3.3940     3.5318    103.360    107.557     1.2576     1.2405     0.0415     0.0129     3.2454     0.0000     0.0000 -121.92654   36.75760      25.59          3  0.000e+00
      22676    944.792     59.355     59.805    10.2879    10.2884  37.327528  37.328813    10.2810    10.2815    33.9224    33.9232    26.0626    26.0632     4.0436     4.1711    123.156    127.039     1.4164     1.3846     0.0452     0.1044     3.2393     0.0110     0.0000 -121.92656   36.75768      46.30          4  0.000e+00
      22677    944.833     59.329     59.778    10.2874    10.2883  37.327077  37.328684    10.2805    10.2814    33.9224    33.9232    26.0627    26.0632     4.0437     4.1711    123.157    127.039     1.4164     1.3846     0.0440     0.0739     3.2393     0.0110     0.0000 -121.92656   36.75768      46.30          4  0.000e+00
      22678    944.875     59.355     59.805    10.2874    10.2883  37.326948  37.328813    10.2805    10.2813    33.9223    33.9234    26.0626    26.0633     4.0437     4.1711    123.157    127.039     1.4164     1.3846     0.0440     0.0739     3.2405     0.0110     0.0000 -121.92656   36.75768      46.13          4  0.000e+00
      22679    944.917     59.309     59.758    10.2876    10.2883  37.327012  37.328684    10.2806    10.2814    33.9222    33.9232    26.0625    26.0632     4.0436     4.1653    123.156    126.862     1.4164     1.3834     0.0440     0.0739     3.2405     0.0110     0.0000 -121.92656   36.75768      46.01          4  0.000e+00
      22680    944.958     59.329     59.778    10.2872    10.2883  37.326690  37.328813    10.2803    10.2813    33.9222    33.9234    26.0625    26.0633     4.0437     4.1711    123.157    127.039     1.4164     1.3846     0.0440     0.0739     3.2393     0.0098     0.0000 -121.92656   36.75768      45.96          4  0.000e+00
      22681    945.000     59.309     59.758    10.2871    10.2882  37.327012  37.328942    10.2801    10.2812    33.9227    33.9236    26.0630    26.0635     4.0437     4.1653    123.157    126.862     1.4164     1.3834     0.0440     0.0739     3.2405     0.0098     0.0000 -121.92656   36.75768      45.98          4  0.000e+00
      22682    945.042     59.329     59.778    10.2872    10.2881  37.326754  37.328684    10.2803    10.2812    33.9222    33.9234    26.0626    26.0634     4.0437     4.1654    123.157    126.863     1.4164     1.3834     0.0440     0.0739     3.2405     0.0098     0.0000 -121.92656   36.75768      45.98          4  0.000e+00
      22683    945.083     59.309     59.758    10.2871    10.2885  37.326625  37.328813    10.2801    10.2816    33.9223    33.9232    26.0627    26.0631     4.0437     4.1711    123.157    127.038     1.4164     1.3846     0.0440     0.0739     3.2405     0.0098     0.0000 -121.92656   36.75768      45.98          4  0.000e+00
      22684    945.125     59.329     59.778    10.2872    10.2884  37.326819  37.329135    10.2803    10.2815    33.9223    33.9236    26.0626    26.0634     4.0437     4.1711    123.157    127.038     1.4164     1.3846     0.0440     0.0739     3.2405     0.0098     0.0000 -121.92656   36.75768      46.11          4  0.000e+00
      22685    945.167     59.355     59.805    10.2871    10.2882  37.326174  37.328748    10.2801    10.2812    33.9218    33.9234    26.0623    26.0633     4.0437     4.1712    123.158    127.039     1.4164     1.3846     0.0440     0.0739     3.2405     0.0098     0.0000 -121.92656   36.75768      46.20          4  0.000e+00
      22686    945.208     59.282     59.731    10.2871    10.2879  37.326432  37.328619    10.2801    10.2810    33.9221    33.9236    26.0625    26.0635     4.0437     4.1654    123.157    126.863     1.4164     1.3834     0.0440     0.0739     3.2405     0.0098     0.0000 -121.92656   36.75768      46.23          4  0.000e+00
      22687    945.250     59.309     59.758    10.2871    10.2882  37.326367  37.328168    10.2801    10.2812    33.9220    33.9228    26.0625    26.0629     4.0437     4.1654    123.158    126.863     1.4164     1.3834     0.0440     0.0739     3.2405     0.0098     0.0000 -121.92656   36.75768      46.23          4  0.000e+00
      22688    945.292     59.282     59.731    10.2871    10.2877  37.326496  37.328233    10.2801    10.2808    33.9222    33.9233    26.0626    26.0633     4.0437     4.1654    123.157    126.863     1.4164     1.3834     0.0440     0.0739     3.2405     0.0098     0.0000 -121.92656   36.75768      46.23          4  0.000e+00
      22689    945.333     59.309     59.758    10.2874    10.2878  37.326367  37.328039    10.2805    10.2809    33.9217    33.9230    26.0622    26.0631     4.0437     4.1712    123.157    127.040     1.4164     1.3846     0.0452     0.1044     3.2405     0.0098     0.0000 -121.92656   36.75768      46.20          4  0.000e+00
      22690    945.375     59.309     59.758    10.2874    10.2876  37.326303  37.328168    10.2805    10.2806    33.9217    33.9234    26.0621    26.0634     4.0437     4.1654    123.157    126.864     1.4164     1.3834     0.0440     0.0739     3.2405     0.0085     0.0000 -121.92656   36.75768      46.23          4  0.000e+00
      22691    945.417     59.282     59.731    10.2872    10.2877  37.326174  37.328297    10.2803    10.2807    33.9217    33.9234    26.0622    26.0635     4.0437     4.1654    123.157    126.864     1.4164     1.3834     0.0440     0.0739     3.2405     0.0098     0.0000 -121.92656   36.75768      46.25          4  0.000e+00
      22692    945.458     59.309     59.758    10.2871    10.2874  37.326238  37.328039    10.2801    10.2805    33.9219    33.9234    26.0624    26.0635     4.0437     4.1712    123.158    127.041     1.4164     1.3846     0.0440     0.0739     3.2405     0.0098     0.0000 -121.92656   36.75768      46.25          4  0.000e+00
      22693    945.500     59.282     59.731    10.2867    10.2875  37.325787  37.327975    10.2798    10.2806    33.9218    33.9233    26.0623    26.0634     4.0437     4.1712    123.158    127.040     1.4164     1.3846     0.0440     0.0739     3.2405     0.0134     0.0000 -121.92656   36.75768      46.25          4  0.000e+00
      22694    945.542     59.256     59.704    10.2866    10.2876  37.325400  37.327975    10.2797    10.2807    33.9215    33.9232    26.0622    26.0633     4.0437     4.1654    123.159    126.864     1.4164     1.3834     0.0440     0.0739     3.2405     0.0147     0.0000 -121.92656   36.75768      46.25          4  0.000e+00
      22695    945.583     59.282     59.731    10.2866    10.2877  37.325464  37.327717    10.2796    10.2807    33.9216    33.9229    26.0622    26.0630     4.0437     4.1654    123.159    126.864     1.4164     1.3834     0.0440     0.0739     3.2405     0.0134     0.0000 -121.92656   36.75768      46.25          4  0.000e+00
      22696    945.625     59.256     59.704    10.2866    10.2874  37.325593  37.327846    10.2797    10.2805    33.9217    33.9232    26.0623    26.0633     4.0437     4.1654    123.158    126.864     1.4164     1.3834     0.0440     0.0739     3.2405     0.0110     0.0000 -121.92656   36.75768      46.20          4  0.000e+00
      22697    945.667     59.282     59.731    10.2866    10.2875  37.325142  37.328168    10.2796    10.2806    33.9213    33.9235    26.0620    26.0635     4.0437     4.1654    123.159    126.864     1.4164     1.3834     0.0440     0.0739     3.2393     0.0098     0.0000 -121.92656   36.75768      46.13          4  0.000e+00
      22698    945.708     59.256     59.704    10.2864    10.2872  37.325722  37.328039    10.2795    10.2803    33.9220    33.9236    26.0625    26.0636     4.0437     4.1654    123.158    126.864     1.4164     1.3834     0.0440     0.0739     3.2405     0.0098     0.0000 -121.92656   36.75768      46.13          4  0.000e+00
      22699    945.750     59.256     59.704    10.2862    10.2875  37.325593  37.327781    10.2793    10.2806    33.9220    33.9231    26.0626    26.0632     4.0437     4.1654    123.159    126.864     1.4164     1.3834     0.0440     0.0739     3.2405     0.0098     0.0000 -121.92656   36.75768      46.13          4  0.000e+00
      22700    945.792     59.236     59.684    10.2861    10.2876  37.325335  37.327910    10.2792    10.2807    33.9220    33.9232    26.0626    26.0633     4.0438     4.1654    123.159    126.863     1.4164     1.3834     0.0440     0.0739     3.2405     0.0098     0.0000 -121.92654   36.75768      46.13          4  0.000e+00
      22701    945.833     59.256     59.704    10.2864    10.2873  37.324819  37.327975    10.2795    10.2804    33.9211    33.9234    26.0618    26.0635     4.0438     4.1654    123.159    126.864     1.4164     1.3834     0.0440     0.0739     3.2393     0.0098     0.0000 -121.92654   36.75768      46.13          4  0.000e+00
      22702    945.875     59.183     59.631    10.2861    10.2876  37.325077  37.328426    10.2792    10.2807    33.9217    33.9237    26.0623    26.0637     4.0437     4.1653    123.159    126.862     1.4164     1.3834     0.0440     0.0739     3.2418     0.0098     0.0000 -121.92654   36.75768      46.25          4  0.000e+00
      22703    945.917     59.256     59.704    10.2859    10.2875  37.325271  37.328104    10.2790    10.2806    33.9220    33.9234    26.0626    26.0635     4.0438     4.1654    123.160    126.864     1.4164     1.3834     0.0440     0.0739     3.2418     0.0098     0.0000 -121.92654   36.75768      46.35          4  0.000e+00
      22704    945.958     59.236     59.684    10.2857    10.2874  37.325529  37.328426    10.2788    10.2805    33.9224    33.9238    26.0630    26.0638     4.0438     4.1712    123.160    127.039     1.4164     1.3846     0.0440     0.0739     3.2393     0.0098     0.0000 -121.92654   36.75768      46.37          4  0.000e+00
      22705    946.000     59.163     59.611    10.2857    10.2877  37.325399  37.328361    10.2788    10.2808    33.9223    33.9236    26.0629    26.0635     4.0437     4.1653    123.159    126.861     1.4164     1.3834     0.0440     0.0739     3.2393     0.0098     0.0000 -121.92654   36.75768      46.37          4  0.000e+00
      22706    946.042     59.236     59.684    10.2859    10.2879  37.325206  37.327846    10.2790    10.2810    33.9220    33.9228    26.0626    26.0629     4.0438     4.1654    123.160    126.863     1.4164     1.3834     0.0440     0.0739     3.2405     0.0098     0.0000 -121.92654   36.75768      46.37          4  0.000e+00
      22707    946.083     59.163     59.611    10.2854    10.2880  37.324819  37.327910    10.2785    10.2811    33.9221    33.9228    26.0628    26.0629     4.0438     4.1711    123.160    127.037     1.4164     1.3846     0.0452     0.1044     3.2393     0.0098     0.0000 -121.92654   36.75768      46.37          4  0.000e+00
      22708    946.125     59.236     59.684    10.2854    10.2879  37.324884  37.328684    10.2785    10.2810    33.9221    33.9236    26.0628    26.0636     4.0438     4.1711    123.161    127.038     1.4164     1.3846     0.0440     0.0739     3.2393     0.0098     0.0000 -121.92654   36.75768      46.28          4  0.000e+00
      22709    946.167     59.163     59.611    10.2848    10.2882  37.324754  37.328425    10.2779    10.2813    33.9226    33.9231    26.0633    26.0631     4.0438     4.1653    123.161    126.860     1.4164     1.3834     0.0440     0.0739     3.2393     0.0098     0.0000 -121.92654   36.75768      46.20          4  0.000e+00
      22710    946.208     59.163     59.611    10.2847    10.2881  37.324819  37.328748    10.2778    10.2812    33.9227    33.9236    26.0634    26.0635     4.0438     4.1711    123.161    127.036     1.4164     1.3846     0.0440     0.0739     3.2405     0.0098     0.0000 -121.92654   36.75768      46.20          4  0.000e+00
      22711    946.250     59.136     59.584    10.2845    10.2882  37.324238  37.328425    10.2776    10.2813    33.9224    33.9232    26.0632    26.0632     4.0438     4.1710    123.162    127.036     1.4164     1.3846     0.0440     0.0739     3.2393     0.0098     0.0000 -121.92654   36.75768      46.20          4  0.000e+00
      22712    946.292     59.163     59.611    10.2843    10.2877  37.324496  37.328103    10.2774    10.2808    33.9228    33.9232    26.0635    26.0633     4.0439     4.1711    123.162    127.038     1.4164     1.3846     0.0440     0.0739     3.2405     0.0098     0.0000 -121.92654   36.75768      46.20          4  0.000e+00
      22713    946.333     59.136     59.584    10.2841    10.2868  37.325077  37.327974    10.2772    10.2799    33.9236    33.9240    26.0642    26.0640     4.0385     4.1712    123.000    127.039     1.4151     1.3846     0.0440     0.0739     3.2405     0.0122     0.0000 -121.92654   36.75768      46.20          4  0.000e+00
      22714    946.375     59.163     59.611    10.2841    10.2869  37.324819  37.327459    10.2772    10.2800    33.9233    33.9233    26.0640    26.0635     4.0439     4.1712    123.162    127.040     1.4164     1.3846     0.0452     0.1044     3.2393     0.0110     0.0000 -121.92654   36.75768      46.23          4  0.000e+00
      22715    946.417     59.136     59.584    10.2843    10.2865  37.324883  37.327072    10.2774    10.2796    33.9232    33.9233    26.0638    26.0636     4.0385     4.1654    123.000    126.865     1.4151     1.3834     0.0440     0.0739     3.2405     0.0110     0.0000 -121.92654   36.75768      46.25          4  0.000e+00
      22716    946.458     59.110     59.558    10.2841    10.2866  37.324496  37.327201    10.2772    10.2797    33.9230    33.9234    26.0637    26.0636     4.0385     4.1712    123.000    127.040     1.4151     1.3846     0.0440     0.0739     3.2405     0.0171     0.0000 -121.92654   36.75768      46.28          4  0.000e+00
      22717    946.500     59.136     59.584    10.2841    10.2862  37.324238  37.327072    10.2772    10.2793    33.9227    33.9236    26.0635    26.0639     4.0385     4.1654    123.001    126.865     1.4151     1.3834     0.0440     0.0739     3.2393     0.0171     0.0000 -121.92654   36.75768      46.25          4  0.000e+00
      22718    946.542     59.063     59.511    10.2840    10.2858  37.324303  37.326492    10.2771    10.2789    33.9229    33.9235    26.0637    26.0638     4.0385     4.1655    123.000    126.866     1.4151     1.3834     0.0440     0.0739     3.2393     0.0147     0.0000 -121.92654   36.75768      46.25          4  0.000e+00
      22719    946.583     59.110     59.557    10.2841    10.2852  37.324109  37.326105    10.2772    10.2783    33.9226    33.9236    26.0634    26.0640     4.0385     4.1655    123.000    126.868     1.4151     1.3834     0.0440     0.0739     3.2393     0.0122     0.0000 -121.92654   36.75768      46.25          4  0.000e+00
      22720    946.625     59.083     59.531    10.2839    10.2849  37.324045  37.326041    10.2770    10.2780    33.9227    33.9238    26.0635    26.0642     4.0385     4.1655    123.000    126.868     1.4151     1.3834     0.0440     0.0739     3.2405     0.0122     0.0000 -121.92654   36.75768      46.32          4  0.000e+00
      22721    946.667     59.063     59.511    10.2840    10.2842  37.324174  37.325718    10.2771    10.2773    33.9228    33.9242    26.0636    26.0646     4.0385     4.1714    123.000    127.046     1.4151     1.3846     0.0440     0.0739     3.2405     0.0110     0.0000 -121.92654   36.75768      46.40          4  0.000e+00
