West Coast/WCOA-7/CTD_Data/RB2102_CTD_128_01.ros
* Sea-Bird SBE 9 Data File:
* FileName = C:\Users\scs.user.rb\CTD\RB2102\Data\RB2102_CTD_128_01.hex
* Software Version Seasave V 7.26.7.107
* Temperature SN = 6202
* Conductivity SN = 4907
* Number of Bytes Per Scan = 41
* Number of Voltage Words = 4
* Number of Scans Averaged by the Deck Unit = 1
* NMEA Latitude = 33 11.04 N
* NMEA Longitude = 118 23.21 W
* NMEA UTC (Time) = Jul 21 2021  08:04:02
* NMEA baud rate = 4800
# nquan = 30
# nvalues = 1176                                  
# units = specified
# name 0 = scan: Scan Count
# name 1 = timeS: Time, Elapsed [seconds]
# name 2 = depSM: Depth [salt water, m]
# name 3 = prDM: Pressure, Digiquartz [db]
# name 4 = t090C: Temperature [ITS-90, deg C]
# name 5 = t190C: Temperature, 2 [ITS-90, deg C]
# name 6 = c0mS/cm: Conductivity [mS/cm]
# name 7 = c1mS/cm: Conductivity, 2 [mS/cm]
# name 8 = potemp090C: Potential Temperature [ITS-90, deg C]
# name 9 = potemp190C: Potential Temperature, 2 [ITS-90, deg C]
# name 10 = sal00: Salinity, Practical [PSU]
# name 11 = sal11: Salinity, Practical, 2 [PSU]
# name 12 = sigma-é00: Density [sigma-theta, kg/m^3]
# name 13 = sigma-é11: Density, 2 [sigma-theta, kg/m^3]
# name 14 = sbeox0Mg/L: Oxygen, SBE 43 [mg/l]
# name 15 = sbeox1Mg/L: Oxygen, SBE 43, 2 [mg/l]
# name 16 = sbox0Mm/Kg: Oxygen, SBE 43 [umol/kg]
# name 17 = sbox1Mm/Kg: Oxygen, SBE 43, 2 [umol/kg]
# name 18 = sbeox0V: Oxygen raw, SBE 43 [V]
# name 19 = sbeox1V: Oxygen raw, SBE 43, 2 [V]
# name 20 = v4: Voltage 4
# name 21 = flECO-AFL: Fluorescence, WET Labs ECO-AFL/FL [mg/m^3]
# name 22 = v3: Voltage 3
# name 23 = v6: Voltage 6
# name 24 = v7: Voltage 7
# name 25 = longitude: Longitude [deg]
# name 26 = latitude: Latitude [deg]
# name 27 = altM: Altimeter [m]
# name 28 = nbf: Bottles Fired
# name 29 = flag:  0.000e+00
# interval = seconds: 0.0416667
# start_time = Jul 21 2021 08:04:02 [NMEA time, header]
# bad_flag = -9.990e-29
*END*
[from data line 146]
      49818   2075.708   1090.355   1101.024     4.2498     4.2515  32.811429  32.813491     4.1636     4.1654    34.4648    34.4654    27.3433    27.3436     0.3812     0.3794     11.595     11.541     0.5531     0.5641     0.0415     0.0129     3.2869     0.0000     0.0000 -118.38698   33.18302      86.52          3  0.000e+00
      57504   2395.958    991.661   1001.126     4.3687     4.3695  32.865769  32.867114     4.2902     4.2910    34.4548    34.4556    27.3219    27.3225     0.3889     0.3809     11.830     11.586     0.5556     0.5653     0.0415     0.0129     3.2833     0.0000     0.0000 -118.38698   33.18294     100.00          4  0.000e+00
      57505   2396.000    991.809   1001.276     4.3685     4.3695  32.865647  32.867728     4.2900     4.2910    34.4548    34.4562    27.3219    27.3229     0.3889     0.3809     11.831     11.586     0.5556     0.5653     0.0415     0.0129     3.2833     0.0000     0.0000 -118.38698   33.18294     100.00          4  0.000e+00
      57506   2396.042    991.709   1001.174     4.3684     4.3697  32.865831  32.867482     4.2899     4.2912    34.4552    34.4558    27.3223    27.3226     0.3889     0.3809     11.831     11.586     0.5556     0.5653     0.0415     0.0129     3.2845     0.0000     0.0000 -118.38698   33.18294     100.00          4  0.000e+00
      57507   2396.083    991.762   1001.228     4.3687     4.3696  32.865769  32.867544     4.2902     4.2911    34.4548    34.4559    27.3219    27.3227     0.3889     0.3809     11.831     11.586     0.5556     0.5653     0.0415     0.0129     3.2845     0.0000     0.0000 -118.38698   33.18294     100.00          4  0.000e+00
      57508   2396.125    991.762   1001.228     4.3684     4.3695  32.865892  32.867667     4.2899     4.2910    34.4552    34.4561    27.3223    27.3229     0.3889     0.3809     11.831     11.586     0.5556     0.5653     0.0415     0.0129     3.2833     0.0000     0.0000 -118.38698   33.18294     100.00          4  0.000e+00
      57509   2396.167    991.762   1001.228     4.3685     4.3696  32.865954  32.867851     4.2900     4.2911    34.4552    34.4562    27.3222    27.3230     0.3889     0.3809     11.831     11.586     0.5556     0.5653     0.0415     0.0129     3.2833     0.0000     0.0000 -118.38698   33.18294     100.00          4  0.000e+00
      57510   2396.208    991.762   1001.228     4.3687     4.3697  32.866138  32.867973     4.2902     4.2911    34.4552    34.4563    27.3223    27.3230     0.3889     0.3809     11.831     11.586     0.5556     0.5653     0.0415     0.0129     3.2845     0.0000     0.0000 -118.38698   33.18294     100.00          4  0.000e+00
      57511   2396.250    991.709   1001.174     4.3685     4.3698  32.866260  32.867482     4.2900     4.2913    34.4555    34.4556    27.3225    27.3225     0.3820     0.3809     11.620     11.586     0.5543     0.5653     0.0415     0.0129     3.2845     0.0000     0.0000 -118.38698   33.18294     100.00          4  0.000e+00
      57512   2396.292    991.762   1001.228     4.3685     4.3695  32.866445  32.867544     4.2900     4.2910    34.4557    34.4560    27.3227    27.3228     0.3889     0.3809     11.831     11.586     0.5556     0.5653     0.0415     0.0129     3.2833     0.0000     0.0000 -118.38698   33.18294     100.00          4  0.000e+00
      57513   2396.333    991.763   1001.228     4.3687     4.3698  32.866076  32.867667     4.2902     4.2913    34.4551    34.4558    27.3222    27.3226     0.3889     0.3809     11.831     11.586     0.5556     0.5653     0.0415     0.0129     3.2845     0.0000     0.0000 -118.38698   33.18294     100.00          4  0.000e+00
      57514   2396.375    991.709   1001.174     4.3685     4.3695  32.866137  32.867421     4.2900     4.2910    34.4554    34.4559    27.3224    27.3227     0.3889     0.3809     11.831     11.586     0.5556     0.5653     0.0415     0.0129     3.2833     0.0000     0.0000 -118.38698   33.18294     100.00          4  0.000e+00
      57515   2396.417    991.810   1001.276     4.3685     4.3696  32.866261  32.867176     4.2900     4.2911    34.4555    34.4554    27.3225    27.3223     0.3889     0.3809     11.831     11.587     0.5556     0.5653     0.0415     0.0129     3.2845     0.0000     0.0000 -118.38698   33.18294     100.00          4  0.000e+00
      57516   2396.458    991.709   1001.174     4.3687     4.3695  32.866015  32.867728     4.2902     4.2910    34.4551    34.4562    27.3222    27.3230     0.3820     0.3809     11.620     11.586     0.5543     0.5653     0.0415     0.0129     3.2833     0.0000     0.0000 -118.38698   33.18294     100.00          4  0.000e+00
      57517   2396.500    991.763   1001.228     4.3687     4.3693  32.865954  32.867728     4.2902     4.2908    34.4549    34.4564    27.3220    27.3231     0.3820     0.3809     11.620     11.586     0.5543     0.5653     0.0415     0.0129     3.2845     0.0000     0.0000 -118.38698   33.18294     100.00          4  0.000e+00
      57518   2396.542    991.763   1001.228     4.3687     4.3697  32.865954  32.867667     4.2902     4.2911    34.4549    34.4560    27.3220    27.3228     0.3889     0.3809     11.831     11.586     0.5556     0.5653     0.0415     0.0129     3.2845     0.0000     0.0000 -118.38698   33.18294     100.00          4  0.000e+00
      57519   2396.583    991.709   1001.174     4.3687     4.3696  32.866383  32.867421     4.2902     4.2911    34.4555    34.4558    27.3225    27.3226     0.3889     0.3809     11.830     11.586     0.5556     0.5653     0.0415     0.0129     3.2845     0.0000     0.0000 -118.38698   33.18294     100.00          4  0.000e+00
      57520   2396.625    991.810   1001.276     4.3689     4.3697  32.866261  32.867544     4.2904     4.2911    34.4551    34.4558    27.3222    27.3226     0.3889     0.3809     11.831     11.586     0.5556     0.5653     0.0415     0.0129     3.2845     0.0000     0.0000 -118.38698   33.18294     100.00          4  0.000e+00
      57521   2396.667    991.709   1001.174     4.3687     4.3698  32.866015  32.867421     4.2902     4.2913    34.4550    34.4556    27.3221    27.3224     0.3889     0.3809     11.830     11.586     0.5556     0.5653     0.0415     0.0129     3.2833     0.0000     0.0000 -118.38698   33.18294     100.00          4  0.000e+00
      57522   2396.708    991.709   1001.174     4.3688     4.3698  32.865769  32.867544     4.2903     4.2913    34.4547    34.4557    27.3218    27.3225     0.3889     0.3809     11.830     11.586     0.5556     0.5653     0.0415     0.0129     3.2833     0.0000     0.0000 -118.38698   33.18294     100.00          4  0.000e+00
      57523   2396.750    991.810   1001.276     4.3689     4.3698  32.865892  32.867667     4.2904     4.2913    34.4547    34.4558    27.3218    27.3226     0.3889     0.3809     11.831     11.586     0.5556     0.5653     0.0415     0.0129     3.2833     0.0000     0.0000 -118.38698   33.18294     100.00          4  0.000e+00
      57524   2396.792    991.709   1001.174     4.3689     4.3698  32.865953  32.867421     4.2904     4.2913    34.4548    34.4556    27.3219    27.3224     0.3889     0.3809     11.830     11.586     0.5556     0.5653     0.0415     0.0129     3.2845     0.0000     0.0000 -118.38698   33.18294     100.00          4  0.000e+00
      57525   2396.833    991.709   1001.174     4.3687     4.3697  32.865953  32.867360     4.2902     4.2912    34.4550    34.4556    27.3221    27.3225     0.3889     0.3809     11.831     11.586     0.5556     0.5653     0.0415     0.0129     3.2845     0.0000     0.0000 -118.38698   33.18294     100.00          4  0.000e+00
      57526   2396.875    991.763   1001.229     4.3687     4.3696  32.865954  32.868219     4.2902     4.2911    34.4549    34.4567    27.3220    27.3233     0.3889     0.3884     11.831     11.816     0.5556     0.5665     0.0415     0.0129     3.2833     0.0000     0.0000 -118.38698   33.18294     100.00          4  0.000e+00
      57527   2396.917    991.709   1001.174     4.3687     4.3698  32.865708  32.867850     4.2902     4.2913    34.4547    34.4561    27.3218    27.3228     0.3958     0.3809     12.041     11.586     0.5568     0.5653     0.0415     0.0129     3.2845     0.0000     0.0000 -118.38698   33.18294     100.00          4  0.000e+00
      57528   2396.958    991.709   1001.174     4.3687     4.3696  32.865831  32.867666     4.2902     4.2911    34.4549    34.4561    27.3220    27.3228     0.3889     0.3884     11.831     11.816     0.5556     0.5665     0.0415     0.0129     3.2833     0.0000     0.0000 -118.38698   33.18294     100.00          4  0.000e+00
      57529   2397.000    991.763   1001.229     4.3689     4.3698  32.865954  32.868096     4.2904     4.2913    34.4548    34.4563    27.3219    27.3230     0.3958     0.3809     12.041     11.586     0.5568     0.5653     0.0415     0.0129     3.2833     0.0000     0.0000 -118.38698   33.18294     100.00          4  0.000e+00
      57530   2397.042    991.709   1001.174     4.3687     4.3696  32.865953  32.867789     4.2902     4.2911    34.4550    34.4562    27.3221    27.3229     0.3958     0.3809     12.041     11.586     0.5568     0.5653     0.0415     0.0129     3.2845     0.0000     0.0000 -118.38698   33.18294     100.00          4  0.000e+00
      57531   2397.083    991.709   1001.174     4.3687     4.3698  32.865953  32.867421     4.2902     4.2913    34.4550    34.4556    27.3221    27.3224     0.3958     0.3809     12.041     11.586     0.5568     0.5653     0.0415     0.0129     3.2833     0.0000     0.0000 -118.38698   33.18294     100.00          4  0.000e+00
      57532   2397.125    991.709   1001.174     4.3685     4.3696  32.865953  32.867544     4.2900     4.2911    34.4552    34.4559    27.3222    27.3227     0.3889     0.3809     11.831     11.586     0.5556     0.5653     0.0415     0.0129     3.2833     0.0000     0.0000 -118.38698   33.18294     100.00          4  0.000e+00
      57533   2397.167    991.763   1001.229     4.3684     4.3698  32.865769  32.867667     4.2899     4.2913    34.4551    34.4558    27.3222    27.3226     0.3958     0.3809     12.041     11.586     0.5568     0.5653     0.0415     0.0129     3.2845     0.0000     0.0000 -118.38698   33.18294     100.00          4  0.000e+00
      57534   2397.208    991.662   1001.127     4.3685     4.3696  32.865892  32.867666     4.2900     4.2911    34.4551    34.4561    27.3222    27.3228     0.3958     0.3809     12.041     11.586     0.5568     0.5653     0.0415     0.0129     3.2845     0.0000     0.0000 -118.38698   33.18294     100.00          4  0.000e+00
      57535   2397.250    991.763   1001.229     4.3685     4.3697  32.865954  32.867667     4.2900     4.2911    34.4552    34.4560    27.3222    27.3227     0.3889     0.3809     11.831     11.586     0.5556     0.5653     0.0415     0.0129     3.2833     0.0000     0.0000 -118.38698   33.18294     100.00          4  0.000e+00
      57536   2397.292    991.662   1001.127     4.3684     4.3697  32.865953  32.867666     4.2899     4.2912    34.4554    34.4560    27.3224    27.3228     0.3889     0.3809     11.830     11.586     0.5556     0.5653     0.0415     0.0129     3.2833     0.0000     0.0000 -118.38698   33.18294     100.00          4  0.000e+00
      57537   2397.333    991.709   1001.174     4.3685     4.3698  32.866199  32.867666     4.2900     4.2913    34.4555    34.4558    27.3225    27.3226     0.3958     0.3809     12.041     11.586     0.5568     0.5653     0.0415     0.0129     3.2845     0.0000     0.0000 -118.38698   33.18294     100.00          4  0.000e+00
      57538   2397.375    991.662   1001.127     4.3684     4.3700  32.866199  32.868034     4.2899     4.2915    34.4556    34.4561    27.3226    27.3228     0.3958     0.3809     12.041     11.586     0.5568     0.5653     0.0415     0.0129     3.2833     0.0000     0.0000 -118.38698   33.18294     100.00          4  0.000e+00
      57539   2397.417    991.709   1001.174     4.3685     4.3700  32.866015  32.867789     4.2900     4.2915    34.4553    34.4558    27.3223    27.3226     0.3889     0.3809     11.831     11.586     0.5556     0.5653     0.0415     0.0129     3.2833     0.0000     0.0000 -118.38698   33.18294     100.00          4  0.000e+00
      57540   2397.458    991.662   1001.127     4.3685     4.3698  32.865953  32.868034     4.2900     4.2913    34.4552    34.4563    27.3223    27.3230     0.3889     0.3809     11.830     11.586     0.5556     0.5653     0.0415     0.0129     3.2833     0.0000     0.0000 -118.38698   33.18294     100.00          4  0.000e+00
      57541   2397.500    991.709   1001.174     4.3689     4.3700  32.865769  32.868034     4.2904     4.2915    34.4546    34.4561    27.3217    27.3228     0.3889     0.3809     11.830     11.586     0.5556     0.5653     0.0415     0.0129     3.2833     0.0000     0.0000 -118.38698   33.18294     100.00          4  0.000e+00
      57542   2397.542    991.662   1001.127     4.3687     4.3700  32.865892  32.867973     4.2902     4.2915    34.4549    34.4561    27.3220    27.3228     0.3889     0.3809     11.830     11.586     0.5556     0.5653     0.0415     0.0129     3.2833     0.0000     0.0000 -118.38698   33.18294     100.00          4  0.000e+00
      57543   2397.583    991.662   1001.127     4.3685     4.3698  32.866137  32.867973     4.2900     4.2913    34.4554    34.4562    27.3224    27.3229     0.3889     0.3809     11.830     11.586     0.5556     0.5653     0.0415     0.0129     3.2845     0.0000     0.0000 -118.38698   33.18294     100.00          4  0.000e+00
      57544   2397.625    991.662   1001.127     4.3687     4.3700  32.866015  32.867973     4.2902     4.2915    34.4551    34.4561    27.3221    27.3228     0.3889     0.3809     11.830     11.586     0.5556     0.5653     0.0415     0.0129     3.2833     0.0000     0.0000 -118.38698   33.18294     100.00          4  0.000e+00
      57545   2397.667    991.662   1001.127     4.3687     4.3701  32.865953  32.867728     4.2902     4.2916    34.4550    34.4556    27.3221    27.3224     0.3889     0.3809     11.830     11.586     0.5556     0.5653     0.0415     0.0129     3.2833     0.0000     0.0000 -118.38698   33.18294     100.00          4  0.000e+00
      57546   2397.708    991.609   1001.073     4.3687     4.3701  32.865953  32.867666     4.2902     4.2916    34.4551    34.4556    27.3221    27.3224     0.3889     0.3809     11.830     11.586     0.5556     0.5653     0.0415     0.0129     3.2845     0.0000     0.0000 -118.38698   33.18294     100.00          4  0.000e+00
      57547   2397.750    991.662   1001.127     4.3687     4.3703  32.865953  32.867666     4.2902     4.2918    34.4550    34.4554    27.3221    27.3222     0.3889     0.3809     11.830     11.586     0.5556     0.5653     0.0415     0.0129     3.2845     0.0000     0.0000 -118.38698   33.18294     100.00          4  0.000e+00
      57548   2397.792    991.663   1001.127     4.3689     4.3700  32.865953  32.868034     4.2904     4.2915    34.4548    34.4561    27.3219    27.3228     0.3889     0.3809     11.830     11.586     0.5556     0.5653     0.0403    -0.0177     3.2833     0.0000     0.0000 -118.38698   33.18294     100.00          4  0.000e+00
      57549   2397.833    991.663   1001.127     4.3688     4.3701  32.866383  32.867789     4.2903     4.2916    34.4554    34.4557    27.3224    27.3225     0.3889     0.3809     11.830     11.586     0.5556     0.5653     0.0403    -0.0177     3.2845     0.0000     0.0000 -118.38698   33.18294     100.00          4  0.000e+00
