West Coast/WCOA-7/CTD_Data/RB2102_CTD_046_01.ros
* Sea-Bird SBE 9 Data File:
* FileName = C:\Users\scs.user.rb\CTD\RB2102\Data\RB2102_CTD_046_01.hex
* Software Version Seasave V 7.26.7.107
* Temperature SN = 6202
* Conductivity SN = 4907
* Number of Bytes Per Scan = 41
* Number of Voltage Words = 4
* Number of Scans Averaged by the Deck Unit = 1
* NMEA Latitude = 44 39.17 N
* NMEA Longitude = 125 07.14 W
* NMEA UTC (Time) = Jul 03 2021  19:23:36
* NMEA baud rate = 4800
# nquan = 30
# nvalues = 1029                                  
# units = specified
# name 0 = scan: Scan Count
# name 1 = timeS: Time, Elapsed [seconds]
# name 2 = depSM: Depth [salt water, m]
# name 3 = prDM: Pressure, Digiquartz [db]
# name 4 = t090C: Temperature [ITS-90, deg C]
# name 5 = t190C: Temperature, 2 [ITS-90, deg C]
# name 6 = c0mS/cm: Conductivity [mS/cm]
# name 7 = c1mS/cm: Conductivity, 2 [mS/cm]
# name 8 = potemp090C: Potential Temperature [ITS-90, deg C]
# name 9 = potemp190C: Potential Temperature, 2 [ITS-90, deg C]
# name 10 = sal00: Salinity, Practical [PSU]
# name 11 = sal11: Salinity, Practical, 2 [PSU]
# name 12 = sigma-é00: Density [sigma-theta, kg/m^3]
# name 13 = sigma-é11: Density, 2 [sigma-theta, kg/m^3]
# name 14 = sbeox0Mg/L: Oxygen, SBE 43 [mg/l]
# name 15 = sbeox1Mg/L: Oxygen, SBE 43, 2 [mg/l]
# name 16 = sbox0Mm/Kg: Oxygen, SBE 43 [umol/kg]
# name 17 = sbox1Mm/Kg: Oxygen, SBE 43, 2 [umol/kg]
# name 18 = sbeox0V: Oxygen raw, SBE 43 [V]
# name 19 = sbeox1V: Oxygen raw, SBE 43, 2 [V]
# name 20 = v4: Voltage 4
# name 21 = flECO-AFL: Fluorescence, WET Labs ECO-AFL/FL [mg/m^3]
# name 22 = v3: Voltage 3
# name 23 = v6: Voltage 6
# name 24 = v7: Voltage 7
# name 25 = longitude: Longitude [deg]
# name 26 = latitude: Latitude [deg]
# name 27 = altM: Altimeter [m]
# name 28 = nbf: Bottles Fired
# name 29 = flag:  0.000e+00
# interval = seconds: 0.0416667
# start_time = Jul 03 2021 19:23:36 [NMEA time, header]
# bad_flag = -9.990e-29
*END*
[from data line 1016]
      96452   4018.792      4.012      4.044    15.8993    15.9000  39.682996  39.683846    15.8987    15.8994    31.3416    31.3418    22.9580    22.9580     8.3198     8.5414    254.162    260.932     2.6227     2.5287     0.0501     0.2265     3.2405     0.0000     0.0000 -125.12298   44.65226      99.68         21  0.000e+00
      96453   4018.833      3.979      4.011    15.8993    15.8998  39.682533  39.683912    15.8987    15.8992    31.3412    31.3421    22.9577    22.9582     8.3198     8.5414    254.162    260.931     2.6227     2.5287     0.0501     0.2265     3.2393     0.0000     0.0000 -125.12298   44.65226      99.68         21  0.000e+00
      96454   4018.875      4.012      4.044    15.8995    15.8998  39.682930  39.683912    15.8989    15.8992    31.3414    31.3420    22.9578    22.9582     8.3245     8.5414    254.307    260.932     2.6239     2.5287     0.0501     0.2265     3.2405     0.0000     0.0000 -125.12298   44.65226      99.68         21  0.000e+00
      96455   4018.917      4.012      4.044    15.8995    15.9002  39.682798  39.683912    15.8989    15.8996    31.3413    31.3418    22.9577    22.9579     8.3245     8.5414    254.307    260.931     2.6239     2.5287     0.0501     0.2265     3.2405     0.0000     0.0000 -125.12298   44.65226      99.68         21  0.000e+00
      96456   4018.958      3.965      3.998    15.8995    15.8998  39.682203  39.683383    15.8989    15.8992    31.3408    31.3416    22.9574    22.9579     8.3245     8.5414    254.306    260.932     2.6239     2.5287     0.0501     0.2265     3.2405     0.0000     0.0000 -125.12298   44.65226      99.68         21  0.000e+00
      96457   4019.000      4.012      4.044    15.8997    15.8998  39.682269  39.683449    15.8991    15.8992    31.3407    31.3416    22.9572    22.9579     8.3245     8.5414    254.307    260.933     2.6239     2.5287     0.0501     0.2265     3.2405     0.0000     0.0000 -125.12298   44.65226      99.68         21  0.000e+00
      96458   4019.042      3.965      3.998    15.8995    15.8998  39.682666  39.683581    15.8989    15.8992    31.3412    31.3418    22.9577    22.9580     8.3245     8.5414    254.306    260.931     2.6239     2.5287     0.0501     0.2265     3.2405     0.0000     0.0000 -125.12298   44.65226      99.68         21  0.000e+00
      96459   4019.083      3.965      3.998    15.8993    15.8998  39.682798  39.683053    15.8987    15.8992    31.3415    31.3413    22.9579    22.9577     8.3293     8.5414    254.451    260.932     2.6252     2.5287     0.0501     0.2265     3.2405     0.0000     0.0000 -125.12298   44.65226      99.68         21  0.000e+00
      96460   4019.125      3.965      3.998    15.8995    15.8998  39.682798  39.683119    15.8989    15.8992    31.3413    31.3414    22.9578    22.9577     8.3245     8.5466    254.305    261.089     2.6239     2.5299     0.0501     0.2265     3.2418     0.0000     0.0000 -125.12298   44.65226      99.68         21  0.000e+00
      96461   4019.167      3.913      3.944    15.8993    15.9002  39.682467  39.683713    15.8987    15.8996    31.3412    31.3416    22.9577    22.9578     8.3245     8.5464    254.305    261.085     2.6239     2.5299     0.0501     0.2265     3.2393     0.0000     0.0000 -125.12298   44.65226      99.66         21  0.000e+00
      96462   4019.208      3.965      3.998    15.8997    15.8997  39.682071  39.683647    15.8991    15.8991    31.3406    31.3420    22.9571    22.9582     8.3292     8.5414    254.451    260.932     2.6252     2.5287     0.0501     0.2265     3.2418     0.0000     0.0000 -125.12298   44.65226      99.68         21  0.000e+00
      96463   4019.250      3.913      3.944    15.8995    15.8998  39.682599  39.683317    15.8989    15.8992    31.3412    31.3416    22.9576    22.9578     8.3292     8.5465    254.449    261.087     2.6252     2.5299     0.0501     0.2265     3.2393     0.0000     0.0000 -125.12298   44.65226      99.66         21  0.000e+00
      96464   4019.292      3.913      3.944    15.8995    15.8995  39.682798  39.683449    15.8989    15.8989    31.3414    31.3419    22.9578    22.9582     8.3292     8.5414    254.449    260.931     2.6252     2.5287     0.0501     0.2265     3.2405     0.0000     0.0000 -125.12298   44.65226      99.68         21  0.000e+00
