West Coast/WCOA-7/CTD_Data/RB2102_CTD_028_01.ros
* Sea-Bird SBE 9 Data File:
* FileName = C:\Users\scs.user.rb\CTD\RB2102\Data\RB2102_CTD_028_01.hex
* Software Version Seasave V 7.26.7.107
* Temperature SN = 6202
* Conductivity SN = 4907
* Number of Bytes Per Scan = 41
* Number of Voltage Words = 4
* Number of Scans Averaged by the Deck Unit = 1
* NMEA Latitude = 46 15.05 N
* NMEA Longitude = 124 00.21 W
* NMEA UTC (Time) = Jun 30 2021  19:36:34
* NMEA baud rate = 4800
# nquan = 30
# nvalues = 539                                   
# units = specified
# name 0 = scan: Scan Count
# name 1 = timeS: Time, Elapsed [seconds]
# name 2 = depSM: Depth [salt water, m]
# name 3 = prDM: Pressure, Digiquartz [db]
# name 4 = t090C: Temperature [ITS-90, deg C]
# name 5 = t190C: Temperature, 2 [ITS-90, deg C]
# name 6 = c0mS/cm: Conductivity [mS/cm]
# name 7 = c1mS/cm: Conductivity, 2 [mS/cm]
# name 8 = potemp090C: Potential Temperature [ITS-90, deg C]
# name 9 = potemp190C: Potential Temperature, 2 [ITS-90, deg C]
# name 10 = sal00: Salinity, Practical [PSU]
# name 11 = sal11: Salinity, Practical, 2 [PSU]
# name 12 = sigma-é00: Density [sigma-theta, kg/m^3]
# name 13 = sigma-é11: Density, 2 [sigma-theta, kg/m^3]
# name 14 = sbeox0Mg/L: Oxygen, SBE 43 [mg/l]
# name 15 = sbeox1Mg/L: Oxygen, SBE 43, 2 [mg/l]
# name 16 = sbox0Mm/Kg: Oxygen, SBE 43 [umol/kg]
# name 17 = sbox1Mm/Kg: Oxygen, SBE 43, 2 [umol/kg]
# name 18 = sbeox0V: Oxygen raw, SBE 43 [V]
# name 19 = sbeox1V: Oxygen raw, SBE 43, 2 [V]
# name 20 = v4: Voltage 4
# name 21 = flECO-AFL: Fluorescence, WET Labs ECO-AFL/FL [mg/m^3]
# name 22 = v3: Voltage 3
# name 23 = v6: Voltage 6
# name 24 = v7: Voltage 7
# name 25 = longitude: Longitude [deg]
# name 26 = latitude: Latitude [deg]
# name 27 = altM: Altimeter [m]
# name 28 = nbf: Bottles Fired
# name 29 = flag:  0.000e+00
# interval = seconds: 0.0416667
# start_time = Jun 30 2021 19:36:34 [NMEA time, header]
# bad_flag = -9.990e-29
*END*
[from data line 97]
      12169    507.000     13.996     14.113    18.7416    18.7656  14.776730  14.611388    18.7395    18.7635     9.8932     9.7677     5.9848     5.8845     8.7612     8.5401    272.162    265.322     2.5763     2.3895     0.1648     3.0959     3.2027     0.6862     0.0000 -124.00320   46.25124       3.86          2  0.000e+00
      12220    509.125     14.042     14.159    18.7756    18.7679  14.552378  14.618716    18.7735    18.7658     9.7226     9.7725     5.8482     5.8876     8.7795     8.5395    272.769    265.302     2.5800     2.3895     0.1575     2.9127     3.2027     0.6862     0.0000 -124.00320   46.25124       3.74          3  0.000e+00
      12221    509.167     14.089     14.206    18.7773    18.7665  14.543006  14.620896    18.7752    18.7644     9.7154     9.7744     5.8423     5.8894     8.7797     8.5342    272.775    265.136     2.5800     2.3883     0.1575     2.9127     3.2027     0.6862     0.0000 -124.00320   46.25124       3.74          3  0.000e+00
      12222    509.208     14.095     14.213    18.7778    18.7658  14.540779  14.624885    18.7757    18.7637     9.7137     9.7774     5.8409     5.8918     8.7797     8.5397    272.775    265.307     2.5800     2.3895     0.1575     2.9127     3.2027     0.6862     0.0000 -124.00320   46.25124       3.74          3  0.000e+00
      12223    509.250     14.042     14.159    18.7790    18.7653  14.534377  14.629384    18.7769    18.7632     9.7088     9.7808     5.8370     5.8945     8.7797     8.5396    272.776    265.302     2.5800     2.3895     0.1575     2.9127     3.2039     0.6862     0.0000 -124.00320   46.25124       3.74          3  0.000e+00
      12224    509.292     14.049     14.166    18.7806    18.7646  14.522968  14.633513    18.7785    18.7625     9.7002     9.7840     5.8301     5.8970     8.7798     8.5395    272.783    265.300     2.5800     2.3895     0.1575     2.9127     3.2039     0.6862     0.0000 -124.00320   46.25124       3.71          3  0.000e+00
      12225    509.333     14.089     14.206    18.7829    18.7643  14.513230  14.635415    18.7808    18.7622     9.6926     9.7854     5.8238     5.8982     8.7748     8.5396    272.627    265.301     2.5788     2.3895     0.1575     2.9127     3.2027     0.6862     0.0000 -124.00320   46.25124       3.71          3  0.000e+00
      12226    509.375     14.089     14.206    18.7843    18.7643  14.505766  14.636992    18.7822    18.7622     9.6869     9.7866     5.8192     5.8991     8.7748     8.5395    272.630    265.299     2.5788     2.3895     0.1575     2.9127     3.2027     0.6874     0.0000 -124.00320   46.25124       3.71          3  0.000e+00
      12227    509.417     14.049     14.166    18.7856    18.7639  14.500945  14.640240    18.7835    18.7618     9.6831     9.7890     5.8160     5.9010     8.7799     8.5394    272.788    265.295     2.5800     2.3895     0.1575     2.9127     3.2027     0.6862     0.0000 -124.00320   46.25124       3.71          3  0.000e+00
      12228    509.458     14.089     14.206    18.7861    18.7636  14.501223  14.646319    18.7840    18.7615     9.6832     9.7935     5.8160     5.9045     8.7747     8.5393    272.627    265.290     2.5788     2.3895     0.1575     2.9127     3.2027     0.6862     0.0000 -124.00320   46.25124       3.71          3  0.000e+00
      12229    509.500     14.049     14.166    18.7864    18.7622  14.500482  14.654440    18.7843    18.7601     9.6826     9.7997     5.8155     5.9095     8.7746     8.5392    272.625    265.285     2.5788     2.3895     0.1575     2.9127     3.2027     0.6862     0.0000 -124.00320   46.25124       3.71          3  0.000e+00
      12230    509.542     14.089     14.206    18.7861    18.7608  14.494456  14.661542    18.7840    18.7587     9.6783     9.8052     5.8123     5.9139     8.7801     8.5392    272.795    265.285     2.5800     2.3895     0.1575     2.9127     3.2027     0.6862     0.0000 -124.00320   46.25124       3.71          3  0.000e+00
      12231    509.583     14.042     14.159    18.7865    18.7603  14.489590  14.662192    18.7844    18.7582     9.6747     9.8058     5.8095     5.9145     8.7801     8.5392    272.798    265.285     2.5800     2.3895     0.1575     2.9127     3.2027     0.6874     0.0000 -124.00320   46.25124       3.71          3  0.000e+00
      12232    509.625     14.095     14.213    18.7874    18.7610  14.488385  14.653512    18.7853    18.7589     9.6736     9.7993     5.8084     5.9094     8.7801     8.5395    272.797    265.294     2.5800     2.3895     0.1575     2.9127     3.2027     0.6862     0.0000 -124.00320   46.25124       3.71          3  0.000e+00
      12233    509.667     14.042     14.159    18.7884    18.7624  14.490378  14.644416    18.7863    18.7603     9.6748     9.7924     5.8092     5.9039     8.7798     8.5395    272.788    265.297     2.5800     2.3895     0.1575     2.9127     3.2039     0.6862     0.0000 -124.00320   46.25124       3.71          3  0.000e+00
      12234    509.708     14.095     14.213    18.7882    18.7632  14.501038  14.639915    18.7861    18.7611     9.6825     9.7889     5.8151     5.9011     8.7795     8.5396    272.776    265.300     2.5800     2.3895     0.1575     2.9127     3.2027     0.6862     0.0000 -124.00320   46.25124       3.71          3  0.000e+00
      12235    509.750     14.089     14.206    18.7876    18.7646  14.519165  14.635044    18.7855    18.7625     9.6958     9.7851     5.8253     5.8979     8.7789     8.5395    272.755    265.299     2.5800     2.3895     0.1575     2.9127     3.2027     0.6862     0.0000 -124.00320   46.25124       3.71          3  0.000e+00
      12236    509.792     14.042     14.159    18.7854    18.7657  14.535722  14.625951    18.7833    18.7636     9.7083     9.7782     5.8352     5.8924     8.7786     8.5396    272.742    265.304     2.5800     2.3895     0.1575     2.9127     3.2027     0.6862     0.0000 -124.00320   46.25124       3.71          3  0.000e+00
      12237    509.833     14.049     14.166    18.7821    18.7666  14.548944  14.611806    18.7800    18.7645     9.7186     9.7678     5.8437     5.8843     8.7837     8.5400    272.901    265.318     2.5812     2.3895     0.1575     2.9127     3.2027     0.6862     0.0000 -124.00320   46.25124       3.71          3  0.000e+00
      12238    509.875     14.089     14.206    18.7797    18.7684  14.563098  14.603320    18.7776    18.7663     9.7294     9.7612     5.8525     5.8789     8.7836     8.5456    272.895    265.493     2.5812     2.3907     0.1575     2.9127     3.2027     0.6862     0.0000 -124.00320   46.25124       3.74          3  0.000e+00
      12239    509.917     14.089     14.206    18.7772    18.7698  14.577580  14.603830    18.7751    18.7677     9.7405     9.7612     5.8614     5.8787     8.7835     8.5398    272.889    265.313     2.5812     2.3895     0.1563     2.8822     3.2027     0.6862     0.0000 -124.00320   46.25124       3.71          3  0.000e+00
      12240    509.958     14.049     14.166    18.7747    18.7703  14.588724  14.606056    18.7726    18.7682     9.7492     9.7627     5.8685     5.8797     8.7783     8.5451    272.726    265.478     2.5800     2.3907     0.1563     2.8822     3.2015     0.6874     0.0000 -124.00320   46.25124       3.71          3  0.000e+00
      12241    510.000     14.042     14.159    18.7725    18.7705  14.595364  14.604016    18.7704    18.7684     9.7545     9.7612     5.8730     5.8785     8.7784     8.5452    272.728    265.480     2.5800     2.3907     0.1551     2.8517     3.2039     0.6862     0.0000 -124.00320   46.25124       3.71          3  0.000e+00
      12242    510.042     14.095     14.213    18.7714    18.7712  14.599080  14.597525    18.7693    18.7691     9.7574     9.7563     5.8754     5.8747     8.7785     8.5454    272.730    265.486     2.5800     2.3907     0.1551     2.8517     3.2015     0.6862     0.0000 -124.00320   46.25124       3.71          3  0.000e+00
      12243    510.083     14.042     14.159    18.7711    18.7726  14.600984  14.591174    18.7690    18.7705     9.7589     9.7514     5.8766     5.8706     8.7784     8.5453    272.727    265.485     2.5800     2.3907     0.1551     2.8517     3.2027     0.6862     0.0000 -124.00320   46.25124       3.71          3  0.000e+00
      12244    510.125     14.089     14.206    18.7711    18.7733  14.603028  14.587884    18.7690    18.7712     9.7604     9.7489     5.8777     5.8686     8.7835     8.5398    272.885    265.316     2.5812     2.3895     0.1551     2.8517     3.2039     0.6862     0.0000 -124.00320   46.25124       3.74          3  0.000e+00
      12245    510.167     14.049     14.166    18.7709    18.7739  14.605862  14.586910    18.7688    18.7718     9.7624     9.7480     5.8794     5.8678     8.7834     8.5452    272.881    265.485     2.5812     2.3907     0.1551     2.8517     3.2027     0.6862     0.0000 -124.00320   46.25124       3.71          3  0.000e+00
      12246    510.208     14.089     14.206    18.7704    18.7735  14.608649  14.586818    18.7683    18.7713     9.7646     9.7481     5.8811     5.8679     8.7834     8.5398    272.881    265.316     2.5812     2.3895     0.1551     2.8517     3.2039     0.6862     0.0000 -124.00320   46.25124       3.74          3  0.000e+00
      12247    510.250     14.003     14.119    18.7703    18.7731  14.609903  14.587096    18.7682    18.7710     9.7655     9.7483     5.8818     5.8682     8.7833     8.5453    272.877    265.487     2.5812     2.3907     0.1551     2.8517     3.2027     0.6862     0.0000 -124.00320   46.25124       3.71          3  0.000e+00
      12248    510.292     14.089     14.206    18.7701    18.7730  14.611854  14.587420    18.7679    18.7709     9.7670     9.7486     5.8830     5.8684     8.7834     8.5454    272.878    265.490     2.5812     2.3907     0.1563     2.8822     3.2027     0.6862     0.0000 -124.00320   46.25124       3.71          3  0.000e+00
      12249    510.333     14.042     14.159    18.7699    18.7728  14.614317  14.586957    18.7678    18.7707     9.7688     9.7483     5.8844     5.8683     8.7832     8.5399    272.874    265.318     2.5812     2.3895     0.1551     2.8517     3.2027     0.6862     0.0000 -124.00320   46.25124       3.71          3  0.000e+00
      12250    510.375     14.049     14.166    18.7695    18.7733  14.616918  14.584778    18.7674    18.7712     9.7708     9.7466     5.8860     5.8669     8.7832     8.5454    272.873    265.490     2.5812     2.3907     0.1551     2.8517     3.2027     0.6862     0.0000 -124.00320   46.25124       3.71          3  0.000e+00
      12251    510.417     14.089     14.206    18.7692    18.7737  14.619335  14.582971    18.7671    18.7716     9.7726     9.7452     5.8874     5.8657     8.7883     8.5454    273.032    265.492     2.5824     2.3907     0.1551     2.8517     3.2039     0.6862     0.0000 -124.00320   46.25124       3.71          3  0.000e+00
      12252    510.458     14.042     14.159    18.7689    18.7737  14.620961  14.585103    18.7667    18.7716     9.7739     9.7468     5.8885     5.8669     8.7832     8.5398    272.871    265.316     2.5812     2.3895     0.1551     2.8517     3.2027     0.6862     0.0000 -124.00320   46.25124       3.74          3  0.000e+00
      12253    510.500     14.049     14.166    18.7682    18.7728  14.621333  14.589923    18.7661    18.7707     9.7743     9.7505     5.8889     5.8699     8.7884     8.5398    273.033    265.315     2.5824     2.3895     0.1551     2.8517     3.2027     0.6862     0.0000 -124.00320   46.25124       3.71          3  0.000e+00
      12254    510.542     14.042     14.159    18.7682    18.7722  14.621193  14.593770    18.7661    18.7701     9.7742     9.7534     5.8889     5.8722     8.7884     8.5453    273.033    265.484     2.5824     2.3907     0.1551     2.8517     3.2027     0.6862     0.0000 -124.00320   46.25124       3.74          3  0.000e+00
      12255    510.583     14.049     14.166    18.7680    18.7716  14.620357  14.596320    18.7659    18.7695     9.7736     9.7554     5.8885     5.8739     8.7884     8.5453    273.035    265.484     2.5824     2.3907     0.1551     2.8517     3.2027     0.6862     0.0000 -124.00320   46.25124       3.74          3  0.000e+00
      12256    510.625     14.042     14.159    18.7680    18.7717  14.620496  14.598638    18.7659    18.7696     9.7737     9.7570     5.8885     5.8751     8.7884     8.5452    273.035    265.481     2.5824     2.3907     0.1563     2.8822     3.2027     0.6874     0.0000 -124.00320   46.25124       3.74          3  0.000e+00
      12257    510.667     14.042     14.159    18.7678    18.7710  14.622169  14.601049    18.7657    18.7689     9.7750     9.7589     5.8895     5.8767     8.7884     8.5452    273.033    265.481     2.5824     2.3907     0.1551     2.8517     3.2027     0.6862     0.0000 -124.00320   46.25124       3.74          3  0.000e+00
      12258    510.708     14.049     14.166    18.7671    18.7708  14.624864  14.602022    18.7650    18.7687     9.7771     9.7597     5.8913     5.8773     8.7884     8.5452    273.034    265.481     2.5824     2.3907     0.1551     2.8517     3.2015     0.6862     0.0000 -124.00320   46.25124       3.74          3  0.000e+00
      12259    510.750     14.042     14.159    18.7668    18.7706  14.625840  14.602208    18.7647    18.7685     9.7779     9.7599     5.8919     5.8775     8.7884     8.5452    273.034    265.481     2.5824     2.3907     0.1551     2.8517     3.2027     0.6862     0.0000 -124.00320   46.25124       3.74          3  0.000e+00
      12260    510.792     14.049     14.166    18.7666    18.7701  14.624121  14.602161    18.7645    18.7680     9.7767     9.7600     5.8911     5.8776     8.7885     8.5453    273.037    265.484     2.5824     2.3907     0.1551     2.8517     3.2039     0.6862     0.0000 -124.00320   46.25124       3.76          3  0.000e+00
      12261    510.833     14.042     14.159    18.7670    18.7700  14.620171  14.601883    18.7649    18.7679     9.7737     9.7598     5.8888     5.8775     8.7886     8.5453    273.040    265.485     2.5824     2.3907     0.1551     2.8517     3.2027     0.6862     0.0000 -124.00320   46.25124       3.79          3  0.000e+00
      12262    510.875     14.042     14.159    18.7678    18.7698  14.615246  14.602069    18.7657    18.7677     9.7700     9.7600     5.8857     5.8777     8.7887     8.5454    273.043    265.486     2.5824     2.3907     0.1551     2.8517     3.2027     0.6862     0.0000 -124.00320   46.25124       3.76          3  0.000e+00
      12263    510.917     14.003     14.119    18.7687    18.7693  14.605629  14.601744    18.7666    18.7672     9.7628     9.7599     5.8801     5.8777     8.7888     8.5509    273.050    265.659     2.5824     2.3919     0.1551     2.8517     3.2027     0.6862     0.0000 -124.00320   46.25124       3.76          3  0.000e+00
      12264    510.958     14.042     14.159    18.7747    18.7695  14.580598  14.601373    18.7726    18.7674     9.7433     9.7595     5.8640     5.8775     8.7889     8.5454    273.054    265.488     2.5824     2.3907     0.1551     2.8517     3.2027     0.6862     0.0000 -124.00320   46.25124       3.76          3  0.000e+00
      12265    511.000     14.042     14.159    18.7792    18.7713  14.561427  14.600121    18.7771    18.7692     9.7283     9.7582     5.8517     5.8760     8.7889     8.5452    273.058    265.480     2.5824     2.3907     0.1563     2.8822     3.2027     0.6862     0.0000 -124.00320   46.25124       3.76          3  0.000e+00
      12266    511.042     14.049     14.166    18.7785    18.7721  14.562541  14.599889    18.7764    18.7700     9.7293     9.7579     5.8526     5.8756     8.7889     8.5506    273.060    265.649     2.5824     2.3919     0.1600     2.9738     3.2027     0.6862     0.0000 -124.00320   46.25124       3.79          3  0.000e+00
