West Coast/WCOA-7/CTD_Data/RB2102_CTD_014_01.ros
* Sea-Bird SBE 9 Data File:
* FileName = C:\Users\scs.user.rb\CTD\RB2102\Data\RB2102_CTD_014_01.hex
* Software Version Seasave V 7.26.7.107
* Temperature SN = 6202
* Conductivity SN = 4907
* Number of Bytes Per Scan = 41
* Number of Voltage Words = 4
* Number of Scans Averaged by the Deck Unit = 1
* NMEA Latitude = 48 48.59 N
* NMEA Longitude = 125 31.01 W
* NMEA UTC (Time) = Jun 28 2021  09:35:01
* NMEA baud rate = 4800
# nquan = 30
# nvalues = 931                                   
# units = specified
# name 0 = scan: Scan Count
# name 1 = timeS: Time, Elapsed [seconds]
# name 2 = depSM: Depth [salt water, m]
# name 3 = prDM: Pressure, Digiquartz [db]
# name 4 = t090C: Temperature [ITS-90, deg C]
# name 5 = t190C: Temperature, 2 [ITS-90, deg C]
# name 6 = c0mS/cm: Conductivity [mS/cm]
# name 7 = c1mS/cm: Conductivity, 2 [mS/cm]
# name 8 = potemp090C: Potential Temperature [ITS-90, deg C]
# name 9 = potemp190C: Potential Temperature, 2 [ITS-90, deg C]
# name 10 = sal00: Salinity, Practical [PSU]
# name 11 = sal11: Salinity, Practical, 2 [PSU]
# name 12 = sigma-é00: Density [sigma-theta, kg/m^3]
# name 13 = sigma-é11: Density, 2 [sigma-theta, kg/m^3]
# name 14 = sbeox0Mg/L: Oxygen, SBE 43 [mg/l]
# name 15 = sbeox1Mg/L: Oxygen, SBE 43, 2 [mg/l]
# name 16 = sbox0Mm/Kg: Oxygen, SBE 43 [umol/kg]
# name 17 = sbox1Mm/Kg: Oxygen, SBE 43, 2 [umol/kg]
# name 18 = sbeox0V: Oxygen raw, SBE 43 [V]
# name 19 = sbeox1V: Oxygen raw, SBE 43, 2 [V]
# name 20 = v4: Voltage 4
# name 21 = flECO-AFL: Fluorescence, WET Labs ECO-AFL/FL [mg/m^3]
# name 22 = v3: Voltage 3
# name 23 = v6: Voltage 6
# name 24 = v7: Voltage 7
# name 25 = longitude: Longitude [deg]
# name 26 = latitude: Latitude [deg]
# name 27 = altM: Altimeter [m]
# name 28 = nbf: Bottles Fired
# name 29 = flag:  0.000e+00
# interval = seconds: 0.0416667
# start_time = Jun 28 2021 09:35:01 [NMEA time, header]
# bad_flag = -9.990e-29
*END*
[from data line 822]
      47594   1983.042      3.405      3.434    16.1229    16.1296  39.510137  39.513129    16.1224    16.1290    31.0147    31.0121    22.6572    22.6538    12.2976    11.5313    375.791    352.377     3.6520     3.2454     0.1832     3.5538     3.1819     1.3590     0.2381 -125.51656   48.81052      99.93         17  0.000e+00
      47595   1983.083      3.319      3.348    16.1215    16.1297  39.509345  39.513392    16.1210    16.1292    31.0151    31.0122    22.6579    22.6538    12.2978    11.5312    375.796    352.372     3.6520     3.2454     0.1832     3.5538     3.1832     1.3590     0.2381 -125.51656   48.81052      99.93         17  0.000e+00
      47596   1983.125      3.352      3.381    16.1212    16.1304  39.509676  39.513920    16.1207    16.1299    31.0156    31.0121    22.6583    22.6536    12.2979    11.5311    375.798    352.368     3.6520     3.2454     0.1832     3.5538     3.1819     1.3578     0.2381 -125.51656   48.81052      99.93         17  0.000e+00
      47597   1983.167      3.405      3.434    16.1219    16.1302  39.509874  39.513656    16.1213    16.1297    31.0152    31.0120    22.6579    22.6536    12.2978    11.5312    375.797    352.372     3.6520     3.2454     0.1832     3.5538     3.1819     1.3590     0.2381 -125.51656   48.81052      99.93         17  0.000e+00
      47598   1983.208      3.405      3.434    16.1232    16.1301  39.510929  39.513525    16.1227    16.1295    31.0151    31.0120    22.6575    22.6536    12.2975    11.5312    375.787    352.373     3.6520     3.2454     0.1832     3.5538     3.1819     1.3578     0.2393 -125.51656   48.81052      99.93         17  0.000e+00
      47599   1983.250      3.352      3.381    16.1239    16.1297  39.511259  39.512931    16.1234    16.1292    31.0149    31.0118    22.6572    22.6535    12.2972    11.5261    375.780    352.217     3.6520     3.2442     0.1832     3.5538     3.1819     1.3590     0.2381 -125.51656   48.81052      99.93         17  0.000e+00
      47600   1983.292      3.352      3.381    16.1239    16.1291  39.510995  39.512535    16.1234    16.1285    31.0146    31.0120    22.6570    22.6538    12.2973    11.5314    375.781    352.379     3.6520     3.2454     0.1832     3.5538     3.1819     1.3578     0.2381 -125.51656   48.81052      99.93         17  0.000e+00
      47601   1983.333      3.352      3.381    16.1231    16.1287  39.510929  39.512469    16.1225    16.1282    31.0152    31.0122    22.6576    22.6540    12.2974    11.5315    375.785    352.381     3.6520     3.2454     0.1832     3.5538     3.1819     1.3578     0.2381 -125.51656   48.81052      99.93         17  0.000e+00
      47602   1983.375      3.372      3.401    16.1226    16.1284  39.510731  39.511678    16.1220    16.1279    31.0154    31.0117    22.6579    22.6538    12.2976    11.5265    375.790    352.228     3.6520     3.2442     0.1819     3.5232     3.1819     1.3578     0.2381 -125.51656   48.81052      99.93         17  0.000e+00
      47603   1983.417      3.405      3.435    16.1234    16.1285  39.510863  39.511876    16.1229    16.1280    31.0149    31.0118    22.6573    22.6538    12.2927    11.5265    375.641    352.228     3.6508     3.2442     0.1832     3.5538     3.1807     1.3578     0.2381 -125.51656   48.81052      99.93         17  0.000e+00
      47604   1983.458      3.353      3.381    16.1234    16.1280  39.510401  39.511876    16.1229    16.1275    31.0145    31.0122    22.6570    22.6542    12.2974    11.5265    375.785    352.229     3.6520     3.2442     0.1832     3.5538     3.1819     1.3578     0.2381 -125.51656   48.81052      99.93         17  0.000e+00
      47638   1984.875      3.353      3.382    16.1331    16.1274  39.519902  39.512799    16.1326    16.1268    31.0153    31.0135    22.6554    22.6554    12.3044    11.5163    376.001    351.917     3.6545     3.2418     0.1600     2.9738     3.1832     1.3578     1.3553 -125.51656   48.81052      99.93         18  0.000e+00
      47639   1984.917      3.162      3.189    16.1326    16.1266  39.519439  39.512271    16.1321    16.1261    31.0153    31.0137    22.6555    22.6556    12.3090    11.5162    376.140    351.913     3.6557     3.2418     0.1600     2.9738     3.1819     1.3578     1.3565 -125.51656   48.81052      99.93         18  0.000e+00
      47640   1984.958      3.261      3.289    16.1319    16.1263  39.518912  39.511876    16.1314    16.1258    31.0154    31.0136    22.6558    22.6556    12.3046    11.5164    376.005    351.920     3.6545     3.2418     0.1600     2.9738     3.1819     1.3578     1.3553 -125.51656   48.81052      99.93         18  0.000e+00
      47641   1985.000      3.261      3.289    16.1314    16.1253  39.518318  39.512008    16.1309    16.1248    31.0153    31.0145    22.6558    22.6566    12.3047    11.5166    376.009    351.925     3.6545     3.2418     0.1600     2.9738     3.1819     1.3578     1.3553 -125.51656   48.81052      99.93         18  0.000e+00
      47642   1985.042      3.261      3.289    16.1307    16.1249  39.517592  39.511546    16.1302    16.1244    31.0151    31.0143    22.6559    22.6565    12.3049    11.5167    376.014    351.928     3.6545     3.2418     0.1600     2.9738     3.1819     1.3578     1.3553 -125.51656   48.81052      99.93         18  0.000e+00
      47643   1985.083      3.307      3.335    16.1302    16.1251  39.517262  39.512404    16.1297    16.1246    31.0152    31.0149    22.6560    22.6570    12.3051    11.5167    376.020    351.927     3.6545     3.2418     0.1661     3.1264     3.1807     1.3578     1.3553 -125.51656   48.81052      88.69         18  0.000e+00
      47644   1985.125      3.175      3.202    16.1302    16.1251  39.517592  39.512535    16.1297    16.1246    31.0156    31.0151    22.6563    22.6571    12.3049    11.5165    376.013    351.921     3.6545     3.2418     0.1734     3.3096     3.1819     1.3578     1.3553 -125.51656   48.81052      73.28         18  0.000e+00
      47645   1985.167      3.261      3.289    16.1312    16.1253  39.519044  39.512206    16.1307    16.1248    31.0160    31.0147    22.6564    22.6567    12.3047    11.5166    376.008    351.925     3.6545     3.2418     0.1758     3.3706     3.1807     1.3578     1.3553 -125.51656   48.81052      69.60         18  0.000e+00
      47646   1985.208      3.208      3.235    16.1339    16.1256  39.520825  39.512139    16.1334    16.1251    31.0155    31.0144    22.6554    22.6564    12.3040    11.5164    375.987    351.921     3.6545     3.2418     0.1758     3.3706     3.1807     1.3578     1.3553 -125.51656   48.81052      70.38         18  0.000e+00
      47647   1985.250      3.208      3.235    16.1364    16.1258  39.522078  39.512337    16.1359    16.1253    31.0147    31.0144    22.6542    22.6564    12.3035    11.5215    375.971    352.076     3.6545     3.2430     0.1746     3.3401     3.1819     1.3578     1.3553 -125.51656   48.81052      71.09         18  0.000e+00
      47648   1985.292      3.208      3.236    16.1374    16.1253  39.523068  39.512205    16.1370    16.1248    31.0147    31.0147    22.6540    22.6567    12.2984    11.5216    375.818    352.079     3.6532     3.2430     0.1746     3.3401     3.1807     1.3578     1.3565 -125.51656   48.81052      71.18         18  0.000e+00
      47649   1985.333      3.208      3.236    16.1374    16.1256  39.522540  39.511876    16.1370    16.1251    31.0142    31.0141    22.6536    22.6562    12.2985    11.5165    375.819    351.921     3.6532     3.2418     0.1746     3.3401     3.1795     1.3578     1.3565 -125.51656   48.81052      84.57         18  0.000e+00
      47650   1985.375      3.208      3.236    16.1373    16.1260  39.522474  39.512271    16.1368    16.1255    31.0143    31.0142    22.6537    22.6562    12.2985    11.5215    375.820    352.076     3.6532     3.2430     0.1746     3.3401     3.1807     1.3578     1.3565 -125.51656   48.81052      98.61         18  0.000e+00
      47651   1985.417      3.208      3.236    16.1369    16.1266  39.522210  39.512931    16.1365    16.1261    31.0143    31.0143    22.6538    22.6561    12.3033    11.5213    375.968    352.071     3.6545     3.2430     0.1746     3.3401     3.1832     1.3578     1.3553 -125.51656   48.81052     100.00         18  0.000e+00
      47652   1985.458      3.129      3.156    16.1369    16.1272  39.521682  39.513656    16.1364    16.1267    31.0140    31.0145    22.6536    22.6561    12.3033    11.5211    375.965    352.062     3.6545     3.2430     0.1746     3.3401     3.1819     1.3590     1.3565 -125.51656   48.81052     100.00         18  0.000e+00
      47653   1985.500      3.162      3.189    16.1378    16.1277  39.522342  39.513260    16.1373    16.1272    31.0138    31.0137    22.6532    22.6554    12.3031    11.5211    375.961    352.062     3.6545     3.2430     0.1746     3.3401     3.1819     1.3590     1.3553 -125.51656   48.81052      99.95         18  0.000e+00
      47654   1985.542      3.208      3.236    16.1376    16.1282  39.522606  39.513590    16.1371    16.1277    31.0141    31.0136    22.6535    22.6552    12.3032    11.5210    375.963    352.061     3.6545     3.2430     0.1746     3.3401     3.1819     1.3590     1.3565 -125.51656   48.81052      99.83         18  0.000e+00
      47655   1985.583      3.162      3.189    16.1378    16.1284  39.522870  39.513590    16.1373    16.1279    31.0143    31.0135    22.6536    22.6551    12.3031    11.5209    375.959    352.058     3.6545     3.2430     0.1746     3.3401     3.1819     1.3590     1.3553 -125.51656   48.81052      99.90         18  0.000e+00
      47656   1985.625      3.162      3.189    16.1387    16.1282  39.523596  39.513524    16.1382    16.1277    31.0142    31.0136    22.6534    22.6552    12.3029    11.5209    375.953    352.059     3.6545     3.2430     0.1746     3.3401     3.1819     1.3590     1.3553 -125.51656   48.81052      99.93         18  0.000e+00
      47657   1985.667      3.116      3.142    16.1396    16.1284  39.524717  39.512930    16.1391    16.1279    31.0145    31.0129    22.6534    22.6547    12.3025    11.5260    375.943    352.214     3.6545     3.2442     0.1746     3.3401     3.1819     1.3590     1.3553 -125.51656   48.81052      99.93         18  0.000e+00
      47658   1985.708      3.162      3.189    16.1403    16.1277  39.525509  39.512798    16.1398    16.1272    31.0146    31.0133    22.6533    22.6551    12.3024    11.5211    375.940    352.063     3.6545     3.2430     0.1746     3.3401     3.1819     1.3578     1.3553 -125.51656   48.81052      99.93         18  0.000e+00
      47659   1985.750      3.129      3.156    16.1415    16.1272  39.526499  39.512271    16.1411    16.1267    31.0145    31.0133    22.6530    22.6552    12.3021    11.5263    375.929    352.222     3.6545     3.2442     0.1746     3.3401     3.1819     1.3578     1.3565 -125.51656   48.81052      99.93         18  0.000e+00
      47660   1985.792      3.162      3.189    16.1422    16.1274  39.526565  39.512337    16.1417    16.1269    31.0140    31.0132    22.6524    22.6551    12.3020    11.5212    375.927    352.066     3.6545     3.2430     0.1746     3.3401     3.1819     1.3590     1.3553 -125.51656   48.81052      99.93         18  0.000e+00
      47661   1985.833      3.162      3.189    16.1427    16.1279  39.526961  39.512469    16.1422    16.1274    31.0140    31.0129    22.6523    22.6548    12.3019    11.5211    375.923    352.063     3.6545     3.2430     0.1746     3.3401     3.1819     1.3578     1.3565 -125.51656   48.81052      99.93         18  0.000e+00
      47662   1985.875      3.116      3.142    16.1425    16.1279  39.527093  39.512205    16.1420    16.1274    31.0143    31.0127    22.6526    22.6546    12.2971    11.5210    375.777    352.061     3.6532     3.2430     0.1746     3.3401     3.1832     1.3578     1.3553 -125.51656   48.81052      99.93         18  0.000e+00
      47663   1985.917      3.162      3.189    16.1424    16.1274  39.527291  39.512139    16.1419    16.1269    31.0146    31.0130    22.6528    22.6550    12.2972    11.5212    375.780    352.066     3.6532     3.2430     0.1746     3.3401     3.1832     1.3578     1.3553 -125.51656   48.81052      99.93         18  0.000e+00
      47664   1985.958      3.116      3.143    16.1422    16.1268  39.526763  39.512337    16.1417    16.1263    31.0142    31.0136    22.6526    22.6556    12.2924    11.5264    375.635    352.224     3.6520     3.2442     0.1746     3.3401     3.1819     1.3578     1.3553 -125.51656   48.81052      99.93         18  0.000e+00
      47665   1986.000      3.162      3.189    16.1417    16.1265  39.526169  39.511678    16.1412    16.1260    31.0141    31.0133    22.6526    22.6554    12.2974    11.5214    375.786    352.072     3.6532     3.2430     0.1746     3.3401     3.1819     1.3578     1.3565 -125.51656   48.81052      99.93         18  0.000e+00
      47666   1986.042      3.129      3.156    16.1410    16.1258  39.525509  39.511678    16.1406    16.1253    31.0140    31.0138    22.6527    22.6560    12.2927    11.5215    375.644    352.074     3.6520     3.2430     0.1746     3.3401     3.1832     1.3590     1.3553 -125.51656   48.81052      99.93         18  0.000e+00
      47667   1986.083      3.116      3.143    16.1401    16.1253  39.524849  39.511480    16.1396    16.1248    31.0142    31.0141    22.6530    22.6562    12.2929    11.5164    375.650    351.920     3.6520     3.2418     0.1746     3.3401     3.1832     1.3578     1.3565 -125.51656   48.81052      99.93         18  0.000e+00
      47668   1986.125      3.162      3.189    16.1400    16.1251  39.524783  39.511612    16.1395    16.1246    31.0142    31.0143    22.6531    22.6565    12.2930    11.5165    375.653    351.923     3.6520     3.2418     0.1746     3.3401     3.1819     1.3590     1.3565 -125.51656   48.81052      99.93         18  0.000e+00
      47669   1986.167      3.162      3.189    16.1400    16.1256  39.524717  39.512007    16.1395    16.1251    31.0142    31.0143    22.6530    22.6563    12.2930    11.5113    375.653    351.762     3.6520     3.2405     0.1758     3.3706     3.1819     1.3590     1.3553 -125.51656   48.81052      99.93         18  0.000e+00
      47670   1986.208      3.162      3.189    16.1398    16.1261  39.524915  39.511875    16.1393    16.1256    31.0145    31.0137    22.6533    22.6558    12.2931    11.5112    375.654    351.760     3.6520     3.2405     0.1783     3.4317     3.1832     1.3578     1.3553 -125.51656   48.81052      99.93         18  0.000e+00
      47671   1986.250      3.162      3.189    16.1402    16.1258  39.525047  39.512007    16.1397    16.1253    31.0143    31.0141    22.6531    22.6562    12.2930    11.5112    375.652    351.761     3.6520     3.2405     0.1795     3.4622     3.1819     1.3590     1.3565 -125.51656   48.81052      99.93         18  0.000e+00
      47672   1986.292      3.116      3.143    16.1401    16.1265  39.525047  39.511282    16.1396    16.1260    31.0144    31.0130    22.6532    22.6551    12.2929    11.5111    375.650    351.757     3.6520     3.2405     0.1795     3.4622     3.1819     1.3578     1.3553 -125.51656   48.81052      99.93         18  0.000e+00
      47673   1986.333      3.176      3.203    16.1400    16.1263  39.525113  39.511084    16.1395    16.1258    31.0145    31.0129    22.6533    22.6551    12.2930    11.5112    375.653    351.761     3.6520     3.2405     0.1795     3.4622     3.1819     1.3578     1.3565 -125.51656   48.81052      99.93         18  0.000e+00
      47674   1986.375      3.162      3.189    16.1398    16.1260  39.524586  39.511612    16.1393    16.1255    31.0142    31.0136    22.6531    22.6558    12.2931    11.5061    375.655    351.604     3.6520     3.2393     0.1795     3.4622     3.1819     1.3590     1.3565 -125.51656   48.81052      99.93         18  0.000e+00
