West Coast/WCOA-7/CTD_Data/RB2102_CTD_052_01.ros
* Sea-Bird SBE 9 Data File:
* FileName = C:\Users\scs.user.rb\CTD\RB2102\Data\RB2102_CTD_052_01.hex
* Software Version Seasave V 7.26.7.107
* Temperature SN = 6202
* Conductivity SN = 4907
* Number of Bytes Per Scan = 41
* Number of Voltage Words = 4
* Number of Scans Averaged by the Deck Unit = 1
* NMEA Latitude = 44 39.10 N
* NMEA Longitude = 124 06.06 W
* NMEA UTC (Time) = Jul 04 2021  13:29:35
* NMEA baud rate = 4800
# nquan = 30
# nvalues = 441                                   
# units = specified
# name 0 = scan: Scan Count
# name 1 = timeS: Time, Elapsed [seconds]
# name 2 = depSM: Depth [salt water, m]
# name 3 = prDM: Pressure, Digiquartz [db]
# name 4 = t090C: Temperature [ITS-90, deg C]
# name 5 = t190C: Temperature, 2 [ITS-90, deg C]
# name 6 = c0mS/cm: Conductivity [mS/cm]
# name 7 = c1mS/cm: Conductivity, 2 [mS/cm]
# name 8 = potemp090C: Potential Temperature [ITS-90, deg C]
# name 9 = potemp190C: Potential Temperature, 2 [ITS-90, deg C]
# name 10 = sal00: Salinity, Practical [PSU]
# name 11 = sal11: Salinity, Practical, 2 [PSU]
# name 12 = sigma-é00: Density [sigma-theta, kg/m^3]
# name 13 = sigma-é11: Density, 2 [sigma-theta, kg/m^3]
# name 14 = sbeox0Mg/L: Oxygen, SBE 43 [mg/l]
# name 15 = sbeox1Mg/L: Oxygen, SBE 43, 2 [mg/l]
# name 16 = sbox0Mm/Kg: Oxygen, SBE 43 [umol/kg]
# name 17 = sbox1Mm/Kg: Oxygen, SBE 43, 2 [umol/kg]
# name 18 = sbeox0V: Oxygen raw, SBE 43 [V]
# name 19 = sbeox1V: Oxygen raw, SBE 43, 2 [V]
# name 20 = v4: Voltage 4
# name 21 = flECO-AFL: Fluorescence, WET Labs ECO-AFL/FL [mg/m^3]
# name 22 = v3: Voltage 3
# name 23 = v6: Voltage 6
# name 24 = v7: Voltage 7
# name 25 = longitude: Longitude [deg]
# name 26 = latitude: Latitude [deg]
# name 27 = altM: Altimeter [m]
# name 28 = nbf: Bottles Fired
# name 29 = flag:  0.000e+00
# interval = seconds: 0.0416667
# start_time = Jul 04 2021 13:29:35 [NMEA time, header]
# bad_flag = -9.990e-29
*END*
[from data line 146]
      17037    709.833     24.340     24.540     9.0134     9.0342  35.841840  35.853985     9.0109     9.0316    33.6103    33.6034    26.0283    26.0195     3.6898     3.8537    112.382    117.375     1.3126     1.2955     0.0904     1.2339     3.3541     0.0000     0.0000 -124.10116   44.65168       5.91          3  0.000e+00
      19647    818.583     15.731     15.860    10.2571    10.2613  36.769412  36.761890    10.2553    10.2595    33.4060    33.3945    25.6642    25.6545     6.1160     6.0236    186.346    183.530     1.8950     1.7778     0.1697     3.2180     3.3431     0.0000     0.0000 -124.10124   44.65160      14.65          4  0.000e+00
      19648    818.625     15.731     15.860    10.2584    10.2584  36.758064  36.760289    10.2566    10.2566    33.3933    33.3956    25.6541    25.6558     6.1163     6.0297    186.358    183.717     1.8950     1.7790     0.1685     3.1875     3.3431     0.0000     0.0000 -124.10124   44.65160      14.65          4  0.000e+00
      19649    818.667     15.645     15.773    10.2566    10.2565  36.748768  36.753690    10.2548    10.2547    33.3856    33.3907    25.6483    25.6523     6.1221     6.0301    186.535    183.730     1.8962     1.7790     0.1685     3.1875     3.3455     0.0000     0.0000 -124.10124   44.65160      14.65          4  0.000e+00
      19650    818.708     15.731     15.860    10.2503    10.2541  36.743577  36.744850    10.2484    10.2523    33.3862    33.3839    25.6499    25.6474     6.1231     6.0365    186.563    183.927     1.8962     1.7802     0.1697     3.2180     3.3431     0.0000     0.0000 -124.10124   44.65160      14.68          4  0.000e+00
      19651    818.750     15.691     15.820    10.2410    10.2457  36.744667  36.735626    10.2392    10.2439    33.3958    33.3823    25.6590    25.6476     6.1239     6.0435    186.588    184.140     1.8962     1.7814     0.1697     3.2180     3.3455     0.0000     0.0000 -124.10124   44.65160      14.65          4  0.000e+00
      19652    818.792     15.685     15.813    10.2336    10.2262  36.750566  36.720769    10.2318    10.2244    33.4086    33.3852    25.6703    25.6532     6.1298     6.0520    186.764    184.396     1.8974     1.7827     0.1697     3.2180     3.3443     0.0000     0.0000 -124.10124   44.65160      14.68          4  0.000e+00
      19653    818.833     15.784     15.913    10.2378    10.2000  36.755438  36.699769    10.2360    10.1982    33.4096    33.3881    25.6703    25.6600     6.1292     6.0615    186.747    184.685     1.8974     1.7839     0.1685     3.1875     3.3431     0.0000     0.0000 -124.10124   44.65160      14.68          4  0.000e+00
      19654    818.875     15.692     15.820    10.2329    10.1627  36.750630  36.674741    10.2311    10.1609    33.4093    33.3972    25.6709    25.6733     6.1298     6.0722    186.766    185.008     1.8974     1.7851     0.1685     3.1875     3.3455     0.0000     0.0000 -124.10124   44.65160      14.65          4  0.000e+00
      19655    818.917     15.731     15.860    10.2105    10.1232  36.739158  36.654777    10.2087    10.1214    33.4184    33.4134    25.6818    25.6927     6.1326     6.0830    186.849    185.336     1.8974     1.7863     0.1697     3.2180     3.3443     0.0000     0.0000 -124.10124   44.65160      14.65          4  0.000e+00
      19656    818.958     15.738     15.867    10.1935    10.0977  36.729354  36.655036    10.1917    10.0959    33.4241    33.4372    25.6891    25.7156     6.1401     6.0858    187.075    185.415     1.8987     1.7863     0.1697     3.2180     3.3431     0.0000     0.0000 -124.10124   44.65160      14.65          4  0.000e+00
      19657    819.000     15.731     15.860    10.1808    10.0926  36.721152  36.665917    10.1790    10.0908    33.4275    33.4530    25.6940    25.7288     6.1417     6.0917    187.123    185.593     1.8987     1.7875     0.1685     3.1875     3.3455     0.0000     0.0000 -124.10124   44.65160      14.68          4  0.000e+00
      19658    819.042     15.731     15.860    10.1680    10.0934  36.711797  36.677246    10.1662    10.0916    33.4298    33.4637    25.6979    25.7370     6.1434     6.0969    187.174    185.752     1.8987     1.7888     0.1697     3.2180     3.3431     0.0000     0.0000 -124.10124   44.65160      14.68          4  0.000e+00
      19659    819.083     15.738     15.867    10.1534    10.1000  36.700138  36.681663    10.1516    10.0982    33.4315    33.4621    25.7018    25.7346     6.1454     6.1019    187.234    185.902     1.8987     1.7900     0.1697     3.2180     3.3443     0.0000     0.0000 -124.10124   44.65160      14.68          4  0.000e+00
      19660    819.125     15.731     15.860    10.1471    10.1095  36.688798  36.678589    10.1453    10.1077    33.4258    33.4502    25.6983    25.7237     6.1465     6.1009    187.268    185.876     1.8987     1.7900     0.1685     3.1875     3.3455     0.0000     0.0000 -124.10124   44.65160      14.68          4  0.000e+00
      19661    819.167     15.784     15.913    10.1474    10.1049  36.681624  36.676669    10.1456    10.1031    33.4182    33.4525    25.6924    25.7263     6.1521     6.1074    187.440    186.071     1.8999     1.7912     0.1697     3.2180     3.3431     0.0000     0.0000 -124.10124   44.65160      14.68          4  0.000e+00
      19662    819.208     15.738     15.867    10.1520    10.1090  36.674385  36.680765    10.1502    10.1072    33.4067    33.4529    25.6826    25.7259     6.1519     6.1125    187.435    186.228     1.8999     1.7924     0.1697     3.2180     3.3431     0.0000     0.0000 -124.10124   44.65160      14.68          4  0.000e+00
      19663    819.250     15.784     15.913    10.1496    10.1374  36.664649  36.691005    10.1478    10.1355    33.3990    33.4370    25.6770    25.7088     6.1526     6.1149    187.457    186.302     1.8999     1.7937     0.1697     3.2180     3.3431     0.0000     0.0000 -124.10124   44.65160      14.68          4  0.000e+00
      19664    819.292     15.791     15.920    10.1332    10.1438  36.651587  36.679993    10.1314    10.1420    33.4009    33.4199    25.6813    25.6943     6.1548     6.1204    187.524    186.474     1.8999     1.7949     0.1685     3.1875     3.3431     0.0000     0.0000 -124.10124   44.65160      14.68          4  0.000e+00
      19665    819.333     15.731     15.860    10.1236    10.1198  36.639933  36.645178    10.1218    10.1180    33.3979    33.4068    25.6806    25.6882     6.1615     6.1243    187.729    186.595     1.9011     1.7949     0.1685     3.1875     3.3455     0.0000     0.0000 -124.10124   44.65160      14.68          4  0.000e+00
      19666    819.375     15.784     15.914    10.1262    10.0998  36.634939  36.617477    10.1244    10.0980    33.3905    33.3971    25.6743    25.6839     6.1562     6.1334    187.567    186.873     1.8999     1.7961     0.1697     3.2180     3.3455     0.0000     0.0000 -124.10124   44.65160      14.68          4  0.000e+00
      19667    819.417     15.791     15.920    10.1112    10.0786  36.628731  36.604622    10.1094    10.0768    33.3980    33.4036    25.6827    25.6926     6.1633     6.1421    187.783    187.134     1.9011     1.7973     0.1844     3.5843     3.3455     0.0000     0.0000 -124.10124   44.65160      14.68          4  0.000e+00
      19668    819.458     15.784     15.913    10.0850    10.0693  36.617018  36.596436    10.0832    10.0675    33.4104    33.4039    25.6968    25.6944     6.1665     6.1492    187.877    187.351     1.9011     1.7985     0.1929     3.7980     3.3455     0.0000     0.0000 -124.10124   44.65160      14.68          4  0.000e+00
      19669    819.500     15.791     15.920    10.0591    10.0545  36.604860  36.586717    10.0573    10.0527    33.4219    33.4078    25.7102    25.6999     6.1697     6.1512    187.972    187.412     1.9011     1.7985     0.1941     3.8285     3.3455     0.0000     0.0000 -124.10124   44.65160      14.68          4  0.000e+00
      19670    819.542     15.831     15.960    10.0438    10.0332  36.596989  36.578535    10.0420    10.0314    33.4280    33.4191    25.7175    25.7123     6.1716     6.1597    188.029    187.668     1.9011     1.7998     0.1941     3.8285     3.3431     0.0000     0.0000 -124.10124   44.65160      14.65          4  0.000e+00
      19671    819.583     15.784     15.913    10.0502    10.0125  36.598076  36.575787    10.0484    10.0107    33.4232    33.4355    25.7127    25.7286     6.1708     6.1679    188.007    187.913     1.9011     1.8010     0.1929     3.7980     3.3455     0.0000     0.0000 -124.10124   44.65160      14.68          4  0.000e+00
      19672    819.625     15.837     15.967    10.0596    10.0004  36.603580  36.573039    10.0578     9.9986    33.4201    33.4438    25.7087    25.7372     6.1697     6.1693    187.973    187.957     1.9011     1.8010     0.1929     3.7980     3.3455     0.0000     0.0000 -124.10124   44.65160      14.68          4  0.000e+00
      19673    819.667     15.784     15.913    10.0612     9.9942  36.610428  36.568372    10.0594     9.9924    33.4257    33.4449    25.7127    25.7390     6.1745     6.1760    188.120    188.159     1.9023     1.8022     0.1929     3.7980     3.3455     0.0000     0.0000 -124.10124   44.65160      14.65          4  0.000e+00
      19674    819.708     15.831     15.960    10.0666     9.9962  36.615420  36.569204    10.0648     9.9944    33.4257    33.4439    25.7118    25.7379     6.1738     6.1816    188.098    188.329     1.9023     1.8034     0.1929     3.7980     3.3431     0.0000     0.0000 -124.10124   44.65160      14.68          4  0.000e+00
      19675    819.750     15.837     15.967    10.0908     9.9942  36.615161  36.572848    10.0890     9.9924    33.4030    33.4494    25.6901    25.7426     6.1766     6.1816    188.188    188.331     1.9035     1.8034     0.1929     3.7980     3.3431     0.0000     0.0000 -124.10124   44.65160      14.65          4  0.000e+00
      19676    819.792     15.831     15.960    10.0784     9.9963  36.607226  36.575278    10.0766     9.9945    33.4065    33.4499    25.6949    25.7426     6.1729     6.1871    188.074    188.497     1.9023     1.8046     0.1929     3.7980     3.3455     0.0000     0.0000 -124.10124   44.65160      14.68          4  0.000e+00
      19677    819.833     15.837     15.967    10.0773    10.0030  36.613051  36.576236    10.0754    10.0012    33.4134    33.4447    25.7005    25.7374     6.1675     6.1863    187.907    188.475     1.9011     1.8046     0.1929     3.7980     3.3455     0.0000     0.0000 -124.10124   44.65160      14.68          4  0.000e+00
      19678    819.875     15.830     15.960    10.0967    10.0089  36.630717  36.577386    10.0949    10.0071    33.4134    33.4405    25.6972    25.7331     6.1754     6.1914    188.149    188.631     1.9035     1.8059     0.1929     3.7980     3.3431     0.0000     0.0000 -124.10124   44.65160      14.68          4  0.000e+00
      19679    819.917     15.830     15.960    10.1017    10.0094  36.646019  36.579624    10.0998    10.0076    33.4244    33.4422    25.7049    25.7344     6.1743     6.1971    188.113    188.803     1.9035     1.8071     0.1929     3.7980     3.3443     0.0000     0.0000 -124.10124   44.65160      14.68          4  0.000e+00
      19680    819.958     15.883     16.014    10.0804    10.0152  36.650313  36.582438    10.0785    10.0134    33.4484    33.4397    25.7273    25.7315     6.1817     6.1964    188.334    188.782     1.9048     1.8071     0.1929     3.7980     3.3443     0.0000     0.0000 -124.10124   44.65160      14.68          4  0.000e+00
      19681    820.000     15.877     16.007    10.0538    10.0178  36.635588  36.580647    10.0520    10.0160    33.4580    33.4355    25.7392    25.7277     6.1797     6.2020    188.272    188.953     1.9035     1.8083     0.1929     3.7980     3.3455     0.0000     0.0000 -124.10124   44.65160      14.68          4  0.000e+00
      19682    820.042     15.837     15.967    10.0386    10.0109  36.621441  36.575788    10.0368    10.0091    33.4577    33.4369    25.7416    25.7300     6.1818     6.2029    188.336    188.981     1.9035     1.8083     0.1929     3.7980     3.3443     0.0000     0.0000 -124.10124   44.65160      14.68          4  0.000e+00
      19683    820.083     15.877     16.007    10.0530    10.0040  36.631043  36.575469    10.0512    10.0022    33.4541    33.4430    25.7363    25.7359     6.1800     6.2095    188.281    189.181     1.9035     1.8095     0.1929     3.7980     3.3443     0.0000     0.0000 -124.10124   44.65160      14.68          4  0.000e+00
      19684    820.125     15.877     16.007    10.1256    10.0048  36.661963  36.576940    10.1238    10.0030    33.4184    33.4437    25.6962    25.7363     6.1765     6.2094    188.182    189.177     1.9048     1.8095     0.1929     3.7980     3.3443     0.0000     0.0000 -124.10124   44.65160      14.68          4  0.000e+00
      19685    820.167     15.837     15.967    10.1992    10.0089  36.702823  36.578857    10.1974    10.0071    33.3919    33.4420    25.6631    25.7343     6.1566     6.2088    187.581    189.160     1.9023     1.8095     0.1929     3.7980     3.3455     0.0000     0.0000 -124.10124   44.65160      14.68          4  0.000e+00
      19686    820.208     15.930     16.060    10.2440    10.0099  36.741399  36.578346    10.2422    10.0081    33.3896    33.4404    25.6536    25.7329     6.1558     6.2146    187.559    189.337     1.9035     1.8107     0.1929     3.7980     3.3443     0.0000     0.0000 -124.10124   44.65160      14.68          4  0.000e+00
      19687    820.250     15.877     16.007    10.2730    10.0027  36.768962  36.571952    10.2712    10.0009    33.3908    33.4406    25.6496    25.7342     6.1516     6.2156    187.434    189.367     1.9035     1.8107     0.1929     3.7980     3.3443     0.0000     0.0000 -124.10124   44.65160      14.68          4  0.000e+00
      19688    820.292     15.883     16.014    10.2920     9.9957  36.784093  36.564600    10.2901     9.9938    33.3886    33.4397    25.6447    25.7347     6.1438     6.2225    187.196    189.577     1.9023     1.8120     0.1929     3.7980     3.3443     0.0000     0.0000 -124.10124   44.65160      14.68          4  0.000e+00
      19689    820.333     15.930     16.060    10.3023     9.9902  36.790249  36.559678    10.3005     9.9884    33.3853    33.4397    25.6404    25.7356     6.1478     6.2233    187.319    189.603     1.9035     1.8120     0.1929     3.7980     3.3443     0.0000     0.0000 -124.10124   44.65160      14.68          4  0.000e+00
      19690    820.375     15.883     16.013    10.3066     9.9857  36.791338  36.558144    10.3047     9.9839    33.3825    33.4423    25.6374    25.7384     6.1473     6.2239    187.304    189.618     1.9035     1.8120     0.1929     3.7980     3.3443     0.0000     0.0000 -124.10124   44.65160      14.68          4  0.000e+00
      19691    820.417     15.930     16.060    10.3068     9.9848  36.791531  36.559167    10.3049     9.9830    33.3825    33.4442    25.6374    25.7400     6.1420     6.2240    187.143    189.620     1.9023     1.8120     0.1929     3.7980     3.3443     0.0000     0.0000 -124.10124   44.65160      14.68          4  0.000e+00
      19692    820.458     15.877     16.007    10.3051     9.9814  36.791082  36.557633    10.3033     9.9796    33.3836    33.4458    25.6385    25.7418     6.1422     6.2243    187.147    189.632     1.9023     1.8120     0.1929     3.7980     3.3455     0.0000     0.0000 -124.10124   44.65160      14.68          4  0.000e+00
