West Coast/WCOA-7/CTD_Data/RB2102_CTD_088_01.ros
* Sea-Bird SBE 9 Data File:
* FileName = C:\Users\scs.user.rb\CTD\RB2102\Data\RB2102_CTD_088_01.hex
* Software Version Seasave V 7.26.7.107
* Temperature SN = 6202
* Conductivity SN = 4907
* Number of Bytes Per Scan = 41
* Number of Voltage Words = 4
* Number of Scans Averaged by the Deck Unit = 1
* NMEA Latitude = 37 53.54 N
* NMEA Longitude = 122 26.47 W
* NMEA UTC (Time) = Jul 12 2021  18:43:42
* NMEA baud rate = 4800
# nquan = 30
# nvalues = 432                                   
# units = specified
# name 0 = scan: Scan Count
# name 1 = timeS: Time, Elapsed [seconds]
# name 2 = depSM: Depth [salt water, m]
# name 3 = prDM: Pressure, Digiquartz [db]
# name 4 = t090C: Temperature [ITS-90, deg C]
# name 5 = t190C: Temperature, 2 [ITS-90, deg C]
# name 6 = c0mS/cm: Conductivity [mS/cm]
# name 7 = c1mS/cm: Conductivity, 2 [mS/cm]
# name 8 = potemp090C: Potential Temperature [ITS-90, deg C]
# name 9 = potemp190C: Potential Temperature, 2 [ITS-90, deg C]
# name 10 = sal00: Salinity, Practical [PSU]
# name 11 = sal11: Salinity, Practical, 2 [PSU]
# name 12 = sigma-é00: Density [sigma-theta, kg/m^3]
# name 13 = sigma-é11: Density, 2 [sigma-theta, kg/m^3]
# name 14 = sbeox0Mg/L: Oxygen, SBE 43 [mg/l]
# name 15 = sbeox1Mg/L: Oxygen, SBE 43, 2 [mg/l]
# name 16 = sbox0Mm/Kg: Oxygen, SBE 43 [umol/kg]
# name 17 = sbox1Mm/Kg: Oxygen, SBE 43, 2 [umol/kg]
# name 18 = sbeox0V: Oxygen raw, SBE 43 [V]
# name 19 = sbeox1V: Oxygen raw, SBE 43, 2 [V]
# name 20 = v4: Voltage 4
# name 21 = flECO-AFL: Fluorescence, WET Labs ECO-AFL/FL [mg/m^3]
# name 22 = v3: Voltage 3
# name 23 = v6: Voltage 6
# name 24 = v7: Voltage 7
# name 25 = longitude: Longitude [deg]
# name 26 = latitude: Latitude [deg]
# name 27 = altM: Altimeter [m]
# name 28 = nbf: Bottles Fired
# name 29 = flag:  0.000e+00
# interval = seconds: 0.0416667
# start_time = Jul 12 2021 18:43:42 [NMEA time, header]
# bad_flag = -9.990e-29
*END*
[from data line 49]
       9262    385.875     18.397     18.537    18.2341    18.2356  41.765612  41.767214    18.2310    18.2325    31.3094    31.3096    22.3920    22.3918     6.7660     6.9710    206.809    213.075     2.3016     2.2344     0.1209     1.9970     3.2430     0.1490     0.1832 -122.44138   37.89244       4.74          2  0.000e+00
       9263    385.917     18.357     18.497    18.2341    18.2356  41.765207  41.767349    18.2310    18.2325    31.3091    31.3097    22.3918    22.3919     6.7660     6.9709    206.809    213.073     2.3016     2.2344     0.1209     1.9970     3.2405     0.1490     0.1832 -122.44138   37.89244       4.74          2  0.000e+00
       9264    385.958     18.304     18.443    18.2343    18.2356  41.765949  41.767483    18.2311    18.2325    31.3096    31.3099    22.3922    22.3920     6.7704     6.9709    206.945    213.072     2.3028     2.2344     0.1209     1.9970     3.2418     0.1490     0.1819 -122.44138   37.89244       4.76          2  0.000e+00
       9265    386.000     18.304     18.443    18.2338    18.2356  41.765949  41.767483    18.2307    18.2325    31.3100    31.3099    22.3925    22.3920     6.7705     6.9709    206.947    213.072     2.3028     2.2344     0.1209     1.9970     3.2418     0.1490     0.1819 -122.44138   37.89244       4.76          2  0.000e+00
       9266    386.042     18.351     18.490    18.2336    18.2355  41.766084  41.767484    18.2305    18.2324    31.3102    31.3100    22.3927    22.3921     6.7705     6.9709    206.948    213.073     2.3028     2.2344     0.1209     1.9970     3.2418     0.1490     0.1832 -122.44138   37.89244       4.74          2  0.000e+00
       9267    386.083     18.357     18.497    18.2338    18.2353  41.765949  41.767484    18.2307    18.2322    31.3100    31.3101    22.3925    22.3923     6.7705     6.9710    206.948    213.074     2.3028     2.2344     0.1221     2.0275     3.2418     0.1490     0.1832 -122.44138   37.89244       4.74          2  0.000e+00
       9268    386.125     18.351     18.490    18.2338    18.2351  41.765544  41.767686    18.2307    18.2320    31.3096    31.3104    22.3923    22.3925     6.7751     6.9710    207.088    213.074     2.3040     2.2344     0.1221     2.0275     3.2418     0.1490     0.1832 -122.44138   37.89244       4.74          2  0.000e+00
       9269    386.167     18.304     18.443    18.2334    18.2341  41.766286  41.767821    18.2303    18.2310    31.3105    31.3113    22.3930    22.3935     6.7705     6.9710    206.947    213.076     2.3028     2.2344     0.1221     2.0275     3.2418     0.1477     0.1832 -122.44138   37.89244       4.74          2  0.000e+00
       9270    386.208     18.351     18.490    18.2319    18.2336  41.767434  41.768361    18.2288    18.2305    31.3127    31.3121    22.3950    22.3942     6.7707     6.9662    206.952    212.928     2.3028     2.2332     0.1221     2.0275     3.2418     0.1477     0.1819 -122.44138   37.89244       4.74          2  0.000e+00
       9271    386.250     18.357     18.496    18.2304    18.2330  41.768176  41.768765    18.2273    18.2299    31.3144    31.3129    22.3968    22.3949     6.7799     6.9662    207.234    212.929     2.3053     2.2332     0.1221     2.0275     3.2418     0.1477     0.1832 -122.44138   37.89244       4.74          2  0.000e+00
       9272    386.292     18.351     18.490    18.2286    18.2322  41.768919  41.768900    18.2255    18.2291    31.3164    31.3137    22.3987    22.3957     6.7800     6.9663    207.238    212.932     2.3053     2.2332     0.1221     2.0275     3.2418     0.1490     0.1832 -122.44138   37.89244       4.74          2  0.000e+00
       9273    386.333     18.304     18.443    18.2271    18.2318  41.769324  41.769440    18.2240    18.2287    31.3179    31.3144    22.4002    22.3964     6.7801     6.9663    207.240    212.931     2.3053     2.2332     0.1221     2.0275     3.2418     0.1490     0.1832 -122.44138   37.89244       4.79          2  0.000e+00
       9274    386.375     18.397     18.537    18.2259    18.2318  41.769459  41.769035    18.2228    18.2287    31.3189    31.3140    22.4013    22.3961     6.7803     6.9664    207.246    212.934     2.3053     2.2332     0.1221     2.0275     3.2418     0.1490     0.1832 -122.44138   37.89244       4.79          2  0.000e+00
       9275    386.417     18.304     18.443    18.2250    18.2312  41.769999  41.769170    18.2219    18.2281    31.3201    31.3147    22.4024    22.3967     6.7803     6.9664    207.245    212.933     2.3053     2.2332     0.1221     2.0275     3.2418     0.1477     0.1819 -122.44138   37.89244       4.79          2  0.000e+00
       9276    386.458     18.351     18.490    18.2245    18.2296  41.769932  41.770317    18.2214    18.2265    31.3204    31.3168    22.4027    22.3988     6.7804     6.9666    207.248    212.938     2.3053     2.2332     0.1221     2.0275     3.2418     0.1477     0.1819 -122.44138   37.89244       4.79          2  0.000e+00
       9277    386.500     18.351     18.490    18.2243    18.2283  41.770606  41.770992    18.2212    18.2252    31.3211    31.3183    22.4033    22.4002     6.7804     6.9667    207.248    212.941     2.3053     2.2332     0.1221     2.0275     3.2418     0.1477     0.1819 -122.44138   37.89244       4.79          2  0.000e+00
       9278    386.542     18.304     18.443    18.2242    18.2279  41.770066  41.771059    18.2211    18.2247    31.3208    31.3188    22.4031    22.4007     6.7804     6.9667    207.248    212.942     2.3053     2.2332     0.1221     2.0275     3.2418     0.1477     0.1819 -122.44138   37.89244       4.79          2  0.000e+00
       9279    386.583     18.397     18.537    18.2239    18.2273  41.770067  41.770452    18.2207    18.2242    31.3210    31.3187    22.4034    22.4007     6.7851     6.9668    207.390    212.947     2.3065     2.2332     0.1221     2.0275     3.2418     0.1477     0.1819 -122.44138   37.89244       4.79          2  0.000e+00
       9280    386.625     18.258     18.396    18.2232    18.2272  41.770404  41.770587    18.2201    18.2241    31.3218    31.3189    22.4042    22.4009     6.7850     6.9667    207.388    212.943     2.3065     2.2332     0.1221     2.0275     3.2418     0.1477     0.1819 -122.44138   37.89244       4.79          2  0.000e+00
       9281    386.667     18.397     18.537    18.2228    18.2276  41.771012  41.770115    18.2197    18.2245    31.3226    31.3181    22.4048    22.4002     6.7851     6.9668    207.392    212.946     2.3065     2.2332     0.1221     2.0275     3.2405     0.1490     0.1832 -122.44138   37.89244       4.79          2  0.000e+00
       9282    386.708     18.357     18.496    18.2228    18.2279  41.770674  41.769710    18.2197    18.2247    31.3223    31.3176    22.4046    22.3998     6.7851     6.9668    207.391    212.945     2.3065     2.2332     0.1221     2.0275     3.2418     0.1490     0.1832 -122.44138   37.89244       4.79          2  0.000e+00
       9283    386.750     18.351     18.490    18.2225    18.2282  41.770539  41.770115    18.2194    18.2251    31.3224    31.3177    22.4048    22.3998     6.7897     6.9667    207.532    212.943     2.3077     2.2332     0.1221     2.0275     3.2418     0.1490     0.1832 -122.44138   37.89244       4.79          2  0.000e+00
       9284    386.792     18.304     18.443    18.2226    18.2286  41.770809  41.770317    18.2195    18.2254    31.3226    31.3176    22.4048    22.3997     6.7896     6.9666    207.530    212.940     2.3077     2.2332     0.1221     2.0275     3.2418     0.1490     0.1832 -122.44138   37.89244       4.79          2  0.000e+00
       9285    386.833     18.351     18.490    18.2226    18.2284  41.770607  41.769778    18.2195    18.2253    31.3224    31.3173    22.4047    22.3994     6.7897     6.9716    207.531    213.093     2.3077     2.2344     0.1221     2.0275     3.2405     0.1490     0.1832 -122.44138   37.89244       4.79          2  0.000e+00
       9286    386.875     18.357     18.496    18.2228    18.2282  41.771079  41.770115    18.2197    18.2251    31.3226    31.3177    22.4049    22.3998     6.7897     6.9716    207.530    213.094     2.3077     2.2344     0.1221     2.0275     3.2418     0.1490     0.1832 -122.44138   37.89244       4.79          2  0.000e+00
       9287    386.917     18.351     18.490    18.2232    18.2275  41.770472  41.770317    18.2201    18.2244    31.3219    31.3184    22.4042    22.4005     6.7896     6.9717    207.530    213.095     2.3077     2.2344     0.1221     2.0275     3.2418     0.1490     0.1832 -122.44138   37.89244       4.79          2  0.000e+00
       9288    386.958     18.304     18.443    18.2233    18.2270  41.770201  41.770587    18.2202    18.2239    31.3215    31.3191    22.4039    22.4011     6.7896     6.9717    207.528    213.095     2.3077     2.2344     0.1221     2.0275     3.2418     0.1477     0.1819 -122.44138   37.89244       4.79          2  0.000e+00
       9289    387.000     18.351     18.490    18.2235    18.2263  41.770404  41.771194    18.2204    18.2232    31.3216    31.3201    22.4039    22.4021     6.7896     6.9718    207.529    213.098     2.3077     2.2344     0.1221     2.0275     3.2418     0.1477     0.1832 -122.44138   37.89244       4.79          2  0.000e+00
       9290    387.042     18.357     18.496    18.2237    18.2254  41.770269  41.771936    18.2205    18.2223    31.3213    31.3214    22.4037    22.4033     6.7896     6.9719    207.529    213.100     2.3077     2.2344     0.1221     2.0275     3.2418     0.1477     0.1819 -122.44138   37.89244       4.79          2  0.000e+00
       9291    387.083     18.351     18.490    18.2235    18.2250  41.770404  41.772139    18.2204    18.2219    31.3216    31.3218    22.4039    22.4037     6.7896     6.9719    207.529    213.101     2.3077     2.2344     0.1221     2.0275     3.2418     0.1477     0.1819 -122.44138   37.89244       4.79          2  0.000e+00
       9292    387.125     18.351     18.490    18.2230    18.2246  41.770269  41.772678    18.2198    18.2215    31.3218    31.3226    22.4042    22.4044     6.7897     6.9719    207.530    213.102     2.3077     2.2344     0.1221     2.0275     3.2418     0.1490     0.1832 -122.44138   37.89244       4.79          2  0.000e+00
       9293    387.167     18.357     18.496    18.2226    18.2242  41.770674  41.772881    18.2195    18.2211    31.3224    31.3231    22.4048    22.4049     6.7897     6.9720    207.531    213.103     2.3077     2.2344     0.1221     2.0275     3.2418     0.1490     0.1832 -122.44138   37.89244       4.79          2  0.000e+00
       9294    387.208     18.304     18.443    18.2221    18.2240  41.770876  41.772274    18.2190    18.2209    31.3230    31.3227    22.4053    22.4046     6.7897     6.9720    207.531    213.103     2.3077     2.2344     0.1209     1.9970     3.2418     0.1490     0.1832 -122.44138   37.89244       4.79          2  0.000e+00
       9295    387.250     18.404     18.543    18.2218    18.2240  41.771147  41.772139    18.2187    18.2209    31.3235    31.3226    22.4057    22.4045     6.7898     6.9721    207.534    213.105     2.3077     2.2344     0.1209     1.9970     3.2405     0.1490     0.1832 -122.44138   37.89244       4.79          2  0.000e+00
       9296    387.292     18.304     18.443    18.2216    18.2239  41.771012  41.771869    18.2185    18.2208    31.3235    31.3224    22.4058    22.4044     6.7897     6.9720    207.532    213.103     2.3077     2.2344     0.1209     1.9970     3.2418     0.1490     0.1832 -122.44138   37.89244       4.79          2  0.000e+00
       9297    387.333     18.357     18.496    18.2216    18.2240  41.771417  41.772004    18.2185    18.2209    31.3239    31.3225    22.4061    22.4045     6.7898     6.9720    207.533    213.104     2.3077     2.2344     0.1209     1.9970     3.2418     0.1490     0.1832 -122.44138   37.89244       4.79          2  0.000e+00
       9298    387.375     18.351     18.490    18.2216    18.2240  41.771079  41.772409    18.2185    18.2209    31.3236    31.3228    22.4059    22.4047     6.7898     6.9720    207.533    213.104     2.3077     2.2344     0.1209     1.9970     3.2418     0.1490     0.1832 -122.44138   37.89244       4.79          2  0.000e+00
       9299    387.417     18.357     18.496    18.2213    18.2242  41.770607  41.772476    18.2181    18.2211    31.3234    31.3228    22.4058    22.4046     6.7898     6.9720    207.535    213.103     2.3077     2.2344     0.1209     1.9970     3.2418     0.1490     0.1832 -122.44138   37.89244       4.79          2  0.000e+00
       9300    387.458     18.351     18.490    18.2213    18.2242  41.770809  41.771937    18.2181    18.2211    31.3236    31.3223    22.4060    22.4043     6.7898     6.9720    207.535    213.104     2.3077     2.2344     0.1209     1.9970     3.2430     0.1477     0.1819 -122.44138   37.89244       4.79          2  0.000e+00
       9301    387.500     18.304     18.443    18.2216    18.2240  41.770607  41.771801    18.2185    18.2209    31.3232    31.3223    22.4056    22.4043     6.7898     6.9720    207.533    213.103     2.3077     2.2344     0.1209     1.9970     3.2405     0.1477     0.1832 -122.44138   37.89244       4.79          2  0.000e+00
       9302    387.542     18.351     18.490    18.2221    18.2242  41.770539  41.772004    18.2190    18.2210    31.3227    31.3224    22.4051    22.4044     6.7852     6.9720    207.393    213.104     2.3065     2.2344     0.1209     1.9970     3.2405     0.1490     0.1832 -122.44138   37.89244       4.79          2  0.000e+00
       9303    387.583     18.357     18.496    18.2226    18.2242  41.770269  41.771599    18.2195    18.2211    31.3221    31.3220    22.4045    22.4041     6.7852     6.9720    207.392    213.104     2.3065     2.2344     0.1209     1.9970     3.2418     0.1490     0.1832 -122.44138   37.89244       4.79          2  0.000e+00
       9304    387.625     18.351     18.490    18.2230    18.2242  41.770202  41.771667    18.2198    18.2211    31.3218    31.3221    22.4042    22.4041     6.7851     6.9720    207.391    213.104     2.3065     2.2344     0.1197     1.9665     3.2418     0.1490     0.1832 -122.44138   37.89244       4.79          2  0.000e+00
       9305    387.667     18.357     18.496    18.2232    18.2244  41.770202  41.772004    18.2201    18.2212    31.3216    31.3222    22.4040    22.4042     6.7851     6.9720    207.391    213.103     2.3065     2.2344     0.1209     1.9970     3.2430     0.1490     0.1832 -122.44138   37.89244       4.79          2  0.000e+00
       9306    387.708     18.351     18.490    18.2233    18.2242  41.769864  41.771869    18.2202    18.2211    31.3212    31.3222    22.4037    22.4042     6.7851     6.9720    207.391    213.104     2.3065     2.2344     0.1197     1.9665     3.2418     0.1490     0.1832 -122.44138   37.89244       4.79          2  0.000e+00
       9307    387.750     18.351     18.490    18.2240    18.2240  41.769527  41.772274    18.2209    18.2209    31.3204    31.3227    22.4029    22.4046     6.7805     6.9720    207.250    213.104     2.3053     2.2344     0.1209     1.9970     3.2418     0.1490     0.1832 -122.44138   37.89244       4.79          2  0.000e+00
       9308    387.792     18.304     18.443    18.2245    18.2243  41.769459  41.771936    18.2214    18.2212    31.3200    31.3222    22.4024    22.4042     6.7849     6.9719    207.387    213.102     2.3065     2.2344     0.1209     1.9970     3.2418     0.1490     0.1832 -122.44138   37.89244       4.79          2  0.000e+00
