West Coast/WCOA-7/CTD_Data/RB2102_CTD_112_01.ros
* Sea-Bird SBE 9 Data File:
* FileName = C:\Users\scs.user.rb\CTD\RB2102\Data\RB2102_CTD_112_01.hex
* Software Version Seasave V 7.26.7.107
* Temperature SN = 6202
* Conductivity SN = 4907
* Number of Bytes Per Scan = 41
* Number of Voltage Words = 4
* Number of Scans Averaged by the Deck Unit = 1
* NMEA Latitude = 34 12.62 N
* NMEA Longitude = 121 01.27 W
* NMEA UTC (Time) = Jul 17 2021  23:38:30
* NMEA baud rate = 4800
# nquan = 30
# nvalues = 964                                   
# units = specified
# name 0 = scan: Scan Count
# name 1 = timeS: Time, Elapsed [seconds]
# name 2 = depSM: Depth [salt water, m]
# name 3 = prDM: Pressure, Digiquartz [db]
# name 4 = t090C: Temperature [ITS-90, deg C]
# name 5 = t190C: Temperature, 2 [ITS-90, deg C]
# name 6 = c0mS/cm: Conductivity [mS/cm]
# name 7 = c1mS/cm: Conductivity, 2 [mS/cm]
# name 8 = potemp090C: Potential Temperature [ITS-90, deg C]
# name 9 = potemp190C: Potential Temperature, 2 [ITS-90, deg C]
# name 10 = sal00: Salinity, Practical [PSU]
# name 11 = sal11: Salinity, Practical, 2 [PSU]
# name 12 = sigma-é00: Density [sigma-theta, kg/m^3]
# name 13 = sigma-é11: Density, 2 [sigma-theta, kg/m^3]
# name 14 = sbeox0Mg/L: Oxygen, SBE 43 [mg/l]
# name 15 = sbeox1Mg/L: Oxygen, SBE 43, 2 [mg/l]
# name 16 = sbox0Mm/Kg: Oxygen, SBE 43 [umol/kg]
# name 17 = sbox1Mm/Kg: Oxygen, SBE 43, 2 [umol/kg]
# name 18 = sbeox0V: Oxygen raw, SBE 43 [V]
# name 19 = sbeox1V: Oxygen raw, SBE 43, 2 [V]
# name 20 = v4: Voltage 4
# name 21 = flECO-AFL: Fluorescence, WET Labs ECO-AFL/FL [mg/m^3]
# name 22 = v3: Voltage 3
# name 23 = v6: Voltage 6
# name 24 = v7: Voltage 7
# name 25 = longitude: Longitude [deg]
# name 26 = latitude: Latitude [deg]
# name 27 = altM: Altimeter [m]
# name 28 = nbf: Bottles Fired
# name 29 = flag:  0.000e+00
# interval = seconds: 0.0416667
# start_time = Jul 17 2021 23:38:30 [NMEA time, header]
# bad_flag = -9.990e-29
*END*
[from data line 194]
      64498   2687.375    498.347    502.547     6.8929     6.8942  34.773027  34.774565     6.8457     6.8470    34.2970    34.2974    26.8861    26.8863     0.5123     0.5334     15.590     16.232     0.5897     0.6020     0.0415     0.0129     3.1941     0.0366     0.0000 -121.02358   34.20920     100.00          4  0.000e+00
      64499   2687.417    498.401    502.601     6.8930     6.8939  34.772839  34.774565     6.8459     6.8467    34.2966    34.2977    26.8858    26.8865     0.5123     0.5334     15.590     16.232     0.5897     0.6020     0.0415     0.0129     3.1954     0.0366     0.0000 -121.02358   34.20920     100.00          4  0.000e+00
      69171   2882.083    397.416    400.667     7.3693     7.3679  35.137900  35.138361     7.3306     7.3292    34.2725    34.2743    26.7995    26.8012     0.6895     0.7208     20.986     21.937     0.6288     0.6398     0.0415     0.0129     3.1917     0.0476     0.0000 -121.02358   34.20920     100.00          5  0.000e+00
      69172   2882.125    397.416    400.667     7.3690     7.3682  35.137648  35.138299     7.3302     7.3294    34.2725    34.2740    26.7996    26.8009     0.6895     0.7208     20.986     21.937     0.6288     0.6398     0.0415     0.0129     3.1929     0.0464     0.0000 -121.02358   34.20920     100.00          5  0.000e+00
      69173   2882.167    397.389    400.640     7.3685     7.3681  35.137837  35.138487     7.3298     7.3293    34.2732    34.2743    26.8002    26.8012     0.6895     0.7208     20.986     21.937     0.6288     0.6398     0.0415     0.0129     3.1929     0.0464     0.0000 -121.02358   34.20920     100.00          5  0.000e+00
      69174   2882.208    397.416    400.667     7.3686     7.3681  35.137396  35.138299     7.3298     7.3293    34.2727    34.2741    26.7998    26.8010     0.6895     0.7208     20.986     21.937     0.6288     0.6398     0.0415     0.0129     3.1929     0.0464     0.0000 -121.02358   34.20920     100.00          5  0.000e+00
      69175   2882.250    397.323    400.573     7.3685     7.3680  35.137773  35.138235     7.3298     7.3293    34.2732    34.2741    26.8002    26.8010     0.6895     0.7208     20.986     21.937     0.6288     0.6398     0.0415     0.0129     3.1929     0.0464     0.0000 -121.02358   34.20920      97.88          5  0.000e+00
      69176   2882.292    397.443    400.694     7.3686     7.3681  35.137711  35.138047     7.3299     7.3293    34.2729    34.2738    26.8000    26.8008     0.6955     0.7143     21.166     21.740     0.6300     0.6386     0.0415     0.0129     3.1929     0.0464     0.0000 -121.02358   34.20920      90.31          5  0.000e+00
      69177   2882.333    397.369    400.620     7.3687     7.3680  35.137270  35.137984     7.3299     7.3293    34.2724    34.2738    26.7996    26.8008     0.6895     0.7208     20.986     21.937     0.6288     0.6398     0.0415     0.0129     3.1929     0.0464     0.0000 -121.02358   34.20920      87.47          5  0.000e+00
      69178   2882.375    397.416    400.667     7.3686     7.3681  35.137270  35.138361     7.3299     7.3293    34.2724    34.2742    26.7996    26.8010     0.6895     0.7208     20.986     21.937     0.6288     0.6398     0.0415     0.0129     3.1929     0.0464     0.0000 -121.02358   34.20920      87.55          5  0.000e+00
      69179   2882.417    397.369    400.620     7.3688     7.3679  35.137333  35.138361     7.3301     7.3292    34.2723    34.2744    26.7995    26.8012     0.6895     0.7143     20.986     21.740     0.6288     0.6386     0.0415     0.0129     3.1929     0.0464     0.0000 -121.02358   34.20920      87.91          5  0.000e+00
      69180   2882.458    397.343    400.593     7.3690     7.3682  35.137206  35.138298     7.3303     7.3294    34.2720    34.2741    26.7992    26.8009     0.6895     0.7208     20.986     21.937     0.6288     0.6398     0.0415     0.0129     3.1917     0.0464     0.0000 -121.02358   34.20920      88.01          5  0.000e+00
      69181   2882.500    397.416    400.667     7.3688     7.3681  35.137270  35.138299     7.3301     7.3293    34.2722    34.2741    26.7994    26.8010     0.6955     0.7208     21.166     21.937     0.6300     0.6398     0.0415     0.0129     3.1929     0.0464     0.0000 -121.02358   34.20920      89.89          5  0.000e+00
      69182   2882.542    397.416    400.667     7.3686     7.3683  35.137333  35.138487     7.3299     7.3296    34.2725    34.2741    26.7996    26.8009     0.6895     0.7143     20.986     21.740     0.6288     0.6386     0.0415     0.0129     3.1941     0.0464     0.0000 -121.02358   34.20920      97.48          5  0.000e+00
      69183   2882.583    397.390    400.640     7.3684     7.3684  35.137207  35.138361     7.3296     7.3297    34.2727    34.2739    26.7998    26.8007     0.6955     0.7143     21.167     21.740     0.6300     0.6386     0.0415     0.0129     3.1941     0.0464     0.0000 -121.02358   34.20920     100.00          5  0.000e+00
      69184   2882.625    397.416    400.667     7.3682     7.3690  35.137270  35.138487     7.3294     7.3302    34.2729    34.2734    26.8000    26.8003     0.6895     0.7143     20.986     21.740     0.6288     0.6386     0.0415     0.0129     3.1941     0.0464     0.0000 -121.02358   34.20920     100.00          5  0.000e+00
      69185   2882.667    397.370    400.620     7.3684     7.3691  35.137333  35.138613     7.3296     7.3303    34.2728    34.2735    26.7999    26.8004     0.6895     0.7208     20.986     21.937     0.6288     0.6398     0.0415     0.0129     3.1941     0.0464     0.0000 -121.02358   34.20920     100.00          5  0.000e+00
      69186   2882.708    397.416    400.667     7.3680     7.3694  35.136829  35.138802     7.3293     7.3306    34.2726    34.2734    26.7998    26.8002     0.6896     0.7208     20.986     21.937     0.6288     0.6398     0.0415     0.0129     3.1917     0.0464     0.0000 -121.02358   34.20920      99.90          5  0.000e+00
      69187   2882.750    397.390    400.640     7.3677     7.3695  35.136577  35.139117     7.3290     7.3307    34.2726    34.2736    26.7998    26.8004     0.6896     0.7208     20.986     21.936     0.6288     0.6398     0.0415     0.0129     3.1917     0.0464     0.0000 -121.02358   34.20920      99.95          5  0.000e+00
      69188   2882.792    397.370    400.620     7.3677     7.3694  35.136640  35.138739     7.3290     7.3306    34.2727    34.2733    26.7999    26.8002     0.6896     0.7208     20.986     21.937     0.6288     0.6398     0.0415     0.0129     3.1941     0.0464     0.0000 -121.02358   34.20920     100.00          5  0.000e+00
      69189   2882.833    397.416    400.667     7.3678     7.3695  35.136451  35.138361     7.3291     7.3307    34.2723    34.2728    26.7996    26.7998     0.6896     0.7143     20.986     21.740     0.6288     0.6386     0.0403    -0.0177     3.1917     0.0464     0.0000 -121.02358   34.20920     100.00          5  0.000e+00
      69190   2882.875    397.416    400.667     7.3677     7.3697  35.136514  35.138991     7.3290     7.3310    34.2725    34.2733    26.7998    26.8001     0.6896     0.7208     20.986     21.936     0.6288     0.6398     0.0403    -0.0177     3.1917     0.0464     0.0000 -121.02358   34.20920     100.00          5  0.000e+00
      69191   2882.917    397.390    400.641     7.3678     7.3698  35.136388  35.139431     7.3291     7.3310    34.2723    34.2737    26.7996    26.8004     0.6896     0.7208     20.986     21.936     0.6288     0.6398     0.0403    -0.0177     3.1917     0.0452     0.0000 -121.02358   34.20920     100.00          5  0.000e+00
      69192   2882.958    397.370    400.620     7.3677     7.3696  35.136388  35.138802     7.3290     7.3308    34.2724    34.2732    26.7997    26.8001     0.6896     0.7208     20.986     21.936     0.6288     0.6398     0.0403    -0.0177     3.1929     0.0452     0.0000 -121.02358   34.20920     100.00          5  0.000e+00
      69193   2883.000    397.417    400.668     7.3677     7.3692  35.136514  35.139054     7.3290     7.3305    34.2725    34.2738    26.7998    26.8006     0.6896     0.7208     20.986     21.937     0.6288     0.6398     0.0403    -0.0177     3.1929     0.0452     0.0000 -121.02358   34.20920     100.00          5  0.000e+00
      69194   2883.042    397.390    400.641     7.3674     7.3695  35.136640  35.138991     7.3286     7.3307    34.2730    34.2735    26.8002    26.8003     0.6955     0.7143     21.167     21.740     0.6300     0.6386     0.0403    -0.0177     3.1941     0.0452     0.0000 -121.02358   34.20920     100.00          5  0.000e+00
      69195   2883.083    397.417    400.668     7.3672     7.3694  35.136703  35.138865     7.3285     7.3306    34.2732    34.2734    26.8004    26.8003     0.6896     0.7208     20.987     21.937     0.6288     0.6398     0.0403    -0.0177     3.1917     0.0452     0.0000 -121.02358   34.20920     100.00          5  0.000e+00
      69196   2883.125    397.370    400.621     7.3667     7.3691  35.136577  35.138865     7.3280     7.3304    34.2736    34.2737    26.8008    26.8005     0.6955     0.7208     21.167     21.937     0.6300     0.6398     0.0403    -0.0177     3.1941     0.0452     0.0000 -121.02358   34.20920     100.00          5  0.000e+00
      69197   2883.167    397.370    400.621     7.3671     7.3692  35.136388  35.138676     7.3283     7.3305    34.2730    34.2734    26.8003    26.8003     0.6896     0.7208     20.987     21.937     0.6288     0.6398     0.0403    -0.0177     3.1941     0.0464     0.0000 -121.02358   34.20920     100.00          5  0.000e+00
      69198   2883.208    397.443    400.695     7.3669     7.3692  35.136136  35.138361     7.3281     7.3305    34.2729    34.2730    26.8002    26.8000     0.6955     0.7208     21.167     21.937     0.6300     0.6398     0.0403    -0.0177     3.1941     0.0476     0.0000 -121.02358   34.20920     100.00          5  0.000e+00
      69199   2883.250    397.370    400.621     7.3676     7.3691  35.135947  35.138928     7.3288     7.3304    34.2721    34.2738    26.7995    26.8006     0.6896     0.7208     20.987     21.937     0.6288     0.6398     0.0403    -0.0177     3.1917     0.0464     0.0000 -121.02358   34.20920     100.00          5  0.000e+00
      69200   2883.292    397.417    400.668     7.3679     7.3694  35.136262  35.138739     7.3291     7.3306    34.2721    34.2733    26.7994    26.8002     0.6955     0.7143     21.167     21.740     0.6300     0.6386     0.0403    -0.0177     3.1929     0.0464     0.0000 -121.02358   34.20920     100.00          5  0.000e+00
      69201   2883.333    397.390    400.641     7.3678     7.3695  35.136136  35.138802     7.3291     7.3307    34.2720    34.2733    26.7994    26.8002     0.6955     0.7208     21.167     21.937     0.6300     0.6398     0.0403    -0.0177     3.1929     0.0464     0.0000 -121.02358   34.20920     100.00          5  0.000e+00
      69202   2883.375    397.417    400.668     7.3671     7.3692  35.136199  35.138928     7.3283     7.3305    34.2728    34.2737    26.8001    26.8005     0.6955     0.7143     21.167     21.740     0.6300     0.6386     0.0403    -0.0177     3.1929     0.0464     0.0000 -121.02358   34.20920     100.00          5  0.000e+00
      69203   2883.417    397.370    400.621     7.3664     7.3693  35.135884  35.138865     7.3277     7.3305    34.2732    34.2736    26.8005    26.8004     0.6955     0.7143     21.167     21.740     0.6300     0.6386     0.0403    -0.0177     3.1929     0.0464     0.0000 -121.02358   34.20920     100.00          5  0.000e+00
      69204   2883.458    397.417    400.668     7.3664     7.3692  35.135947  35.138676     7.3277     7.3305    34.2732    34.2734    26.8005    26.8003     0.6955     0.7143     21.168     21.740     0.6300     0.6386     0.0403    -0.0177     3.1929     0.0452     0.0000 -121.02358   34.20920     100.00          5  0.000e+00
      69205   2883.500    397.390    400.641     7.3667     7.3696  35.135695  35.138613     7.3280     7.3308    34.2726    34.2730    26.8000    26.7999     0.6955     0.7208     21.167     21.937     0.6300     0.6398     0.0403    -0.0177     3.1917     0.0452     0.0000 -121.02358   34.20920     100.00          5  0.000e+00
      69206   2883.542    397.417    400.668     7.3664     7.3696  35.135443  35.138802     7.3277     7.3309    34.2727    34.2731    26.8001    26.8000     0.6955     0.7143     21.168     21.740     0.6300     0.6386     0.0403    -0.0177     3.1929     0.0464     0.0000 -121.02358   34.20920     100.00          5  0.000e+00
      69207   2883.583    397.417    400.668     7.3667     7.3694  35.135884  35.139117     7.3280     7.3306    34.2728    34.2737    26.8002    26.8005     0.6896     0.7208     20.987     21.937     0.6288     0.6398     0.0403    -0.0177     3.1917     0.0464     0.0000 -121.02358   34.20920     100.00          5  0.000e+00
      69208   2883.625    397.390    400.641     7.3664     7.3700  35.135506  35.139431     7.3277     7.3312    34.2727    34.2735    26.8001    26.8002     0.6955     0.7208     21.168     21.936     0.6300     0.6398     0.0403    -0.0177     3.1917     0.0452     0.0000 -121.02358   34.20920     100.00          5  0.000e+00
      69209   2883.667    397.417    400.668     7.3667     7.3699  35.135632  35.139054     7.3280     7.3311    34.2725    34.2732    26.7999    26.8000     0.6955     0.7208     21.167     21.936     0.6300     0.6398     0.0403    -0.0177     3.1929     0.0464     0.0000 -121.02358   34.20920     100.00          5  0.000e+00
      69210   2883.708    397.371    400.621     7.3671     7.3700  35.135947  35.139368     7.3283     7.3312    34.2726    34.2734    26.7999    26.8002     0.6955     0.7143     21.167     21.739     0.6300     0.6386     0.0403    -0.0177     3.1929     0.0452     0.0000 -121.02358   34.20920     100.00          5  0.000e+00
      69211   2883.750    397.470    400.722     7.3672     7.3701  35.136073  35.139494     7.3285     7.3313    34.2725    34.2734    26.7999    26.8002     0.6955     0.7208     21.167     21.936     0.6300     0.6398     0.0403    -0.0177     3.1929     0.0452     0.0000 -121.02358   34.20920     100.00          5  0.000e+00
      69212   2883.792    397.391    400.641     7.3676     7.3701  35.136199  35.139746     7.3288     7.3313    34.2724    34.2738    26.7997    26.8004     0.6955     0.7208     21.167     21.936     0.6300     0.6398     0.0403    -0.0177     3.1929     0.0452     0.0000 -121.02358   34.20920     100.00          5  0.000e+00
      69213   2883.833    397.417    400.668     7.3679     7.3701  35.136325  35.139620     7.3291     7.3313    34.2722    34.2736    26.7995    26.8003     0.6955     0.7143     21.167     21.739     0.6300     0.6386     0.0403    -0.0177     3.1929     0.0452     0.0000 -121.02358   34.20920     100.00          5  0.000e+00
      69214   2883.875    397.417    400.668     7.3678     7.3702  35.136577  35.139305     7.3291     7.3314    34.2725    34.2731    26.7997    26.7999     0.6955     0.7208     21.167     21.936     0.6300     0.6398     0.0403    -0.0177     3.1929     0.0452     0.0000 -121.02358   34.20920     100.00          5  0.000e+00
      69215   2883.917    397.471    400.722     7.3678     7.3703  35.136829  35.139872     7.3291     7.3315    34.2727    34.2736    26.7999    26.8003     0.6955     0.7143     21.167     21.739     0.6300     0.6386     0.0403    -0.0177     3.1917     0.0452     0.0000 -121.02358   34.20920     100.00          5  0.000e+00
