West Coast/WCOA-7/CTD_Data/RB2102_CTD_048_01.ros
* Sea-Bird SBE 9 Data File:
* FileName = C:\Users\scs.user.rb\CTD\RB2102\Data\RB2102_CTD_048_01.hex
* Software Version Seasave V 7.26.7.107
* Temperature SN = 6202
* Conductivity SN = 4907
* Number of Bytes Per Scan = 41
* Number of Voltage Words = 4
* Number of Scans Averaged by the Deck Unit = 1
* NMEA Latitude = 44 39.06 N
* NMEA Longitude = 124 46.61 W
* NMEA UTC (Time) = Jul 04 2021  01:05:11
* NMEA baud rate = 4800
# nquan = 30
# nvalues = 976                                   
# units = specified
# name 0 = scan: Scan Count
# name 1 = timeS: Time, Elapsed [seconds]
# name 2 = depSM: Depth [salt water, m]
# name 3 = prDM: Pressure, Digiquartz [db]
# name 4 = t090C: Temperature [ITS-90, deg C]
# name 5 = t190C: Temperature, 2 [ITS-90, deg C]
# name 6 = c0mS/cm: Conductivity [mS/cm]
# name 7 = c1mS/cm: Conductivity, 2 [mS/cm]
# name 8 = potemp090C: Potential Temperature [ITS-90, deg C]
# name 9 = potemp190C: Potential Temperature, 2 [ITS-90, deg C]
# name 10 = sal00: Salinity, Practical [PSU]
# name 11 = sal11: Salinity, Practical, 2 [PSU]
# name 12 = sigma-é00: Density [sigma-theta, kg/m^3]
# name 13 = sigma-é11: Density, 2 [sigma-theta, kg/m^3]
# name 14 = sbeox0Mg/L: Oxygen, SBE 43 [mg/l]
# name 15 = sbeox1Mg/L: Oxygen, SBE 43, 2 [mg/l]
# name 16 = sbox0Mm/Kg: Oxygen, SBE 43 [umol/kg]
# name 17 = sbox1Mm/Kg: Oxygen, SBE 43, 2 [umol/kg]
# name 18 = sbeox0V: Oxygen raw, SBE 43 [V]
# name 19 = sbeox1V: Oxygen raw, SBE 43, 2 [V]
# name 20 = v4: Voltage 4
# name 21 = flECO-AFL: Fluorescence, WET Labs ECO-AFL/FL [mg/m^3]
# name 22 = v3: Voltage 3
# name 23 = v6: Voltage 6
# name 24 = v7: Voltage 7
# name 25 = longitude: Longitude [deg]
# name 26 = latitude: Latitude [deg]
# name 27 = altM: Altimeter [m]
# name 28 = nbf: Bottles Fired
# name 29 = flag:  0.000e+00
# interval = seconds: 0.0416667
# start_time = Jul 04 2021 01:05:11 [NMEA time, header]
# bad_flag = -9.990e-29
*END*
[from data line 436]
      54699   2279.083     80.132     80.801     7.8098     7.8098  34.680675  34.681588     7.8020     7.8020    33.5025    33.5035    26.1267    26.1275     4.1039     4.2435    124.983    129.236     1.3724     1.3431     0.0415     0.0129     3.4274     0.0000     0.0000 -124.77692   44.65098      99.61          9  0.000e+00
      54700   2279.125     80.132     80.801     7.8101     7.8101  34.680549  34.681713     7.8023     7.8023    33.5021    33.5033    26.1263    26.1273     4.1039     4.2497    124.982    129.423     1.3724     1.3443     0.0415     0.0129     3.4261     0.0000     0.0000 -124.77692   44.65098      99.61          9  0.000e+00
      54701   2279.167     80.086     80.754     7.8102     7.8101  34.680675  34.681212     7.8024     7.8023    33.5022    33.5028    26.1264    26.1269     4.1038     4.2497    124.981    129.423     1.3724     1.3443     0.0415     0.0129     3.4261     0.0000     0.0000 -124.77692   44.65098      99.61          9  0.000e+00
      54702   2279.208     80.132     80.801     7.8104     7.8105  34.681051  34.681526     7.8025     7.8027    33.5024    33.5028    26.1265    26.1268     4.0982     4.2497    124.809    129.423     1.3712     1.3443     0.0415     0.0129     3.4261     0.0000     0.0000 -124.77692   44.65098      99.61          9  0.000e+00
      54703   2279.250     80.132     80.801     7.8102     7.8103  34.680800  34.681213     7.8023     7.8025    33.5023    33.5026    26.1265    26.1267     4.0982     4.2435    124.809    129.235     1.3712     1.3431     0.0415     0.0129     3.4274     0.0000     0.0000 -124.77692   44.65098      99.61          9  0.000e+00
      58405   2433.500     59.466     59.960     7.9242     7.9239  34.401493  34.407790     7.9184     7.9181    33.1042    33.1112    25.7970    25.8025     5.2885     5.4621    161.111    166.398     1.6313     1.5873     0.0464     0.1350     3.4225     0.0000     0.0000 -124.77688   44.65102      99.44         10  0.000e+00
      58406   2433.542     59.539     60.033     7.9242     7.9241  34.401493  34.407852     7.9184     7.9183    33.1042    33.1110    25.7970    25.8024     5.2885     5.4621    161.112    166.399     1.6313     1.5873     0.0464     0.1350     3.4225     0.0000     0.0000 -124.77688   44.65102      99.46         10  0.000e+00
      58407   2433.583     59.519     60.013     7.9240     7.9239  34.401181  34.407665     7.9182     7.9181    33.1040    33.1110    25.7969    25.8024     5.2885     5.4621    161.113    166.400     1.6313     1.5873     0.0464     0.1350     3.4225     0.0000     0.0000 -124.77688   44.65102      99.44         10  0.000e+00
      58408   2433.625     59.493     59.987     7.9244     7.9239  34.401118  34.407602     7.9186     7.9181    33.1036    33.1110    25.7965    25.8024     5.2885     5.4621    161.111    166.399     1.6313     1.5873     0.0464     0.1350     3.4225     0.0000     0.0000 -124.77688   44.65102      99.46         10  0.000e+00
      58409   2433.667     59.519     60.013     7.9242     7.9239  34.400868  34.407540     7.9184     7.9181    33.1035    33.1109    25.7965    25.8023     5.2885     5.4621    161.113    166.400     1.6313     1.5873     0.0464     0.1350     3.4237     0.0000     0.0000 -124.77688   44.65102      99.44         10  0.000e+00
      58410   2433.708     59.539     60.033     7.9242     7.9239  34.400993  34.407540     7.9184     7.9181    33.1037    33.1109    25.7966    25.8023     5.2885     5.4560    161.113    166.213     1.6313     1.5861     0.0464     0.1350     3.4225     0.0000     0.0000 -124.77688   44.65102      99.46         10  0.000e+00
      58411   2433.750     59.420     59.913     7.9242     7.9239  34.400743  34.407352     7.9184     7.9181    33.1035    33.1107    25.7964    25.8022     5.2885     5.4620    161.111    166.398     1.6313     1.5873     0.0464     0.1350     3.4225     0.0000     0.0000 -124.77688   44.65102      99.44         10  0.000e+00
      58412   2433.792     59.493     59.987     7.9240     7.9239  34.400743  34.407478     7.9182     7.9181    33.1036    33.1108    25.7966    25.8023     5.2885     5.4621    161.113    166.399     1.6313     1.5873     0.0464     0.1350     3.4225     0.0000     0.0000 -124.77688   44.65100      99.44         10  0.000e+00
      58413   2433.833     59.520     60.013     7.9244     7.9238  34.400556  34.407353     7.9186     7.9180    33.1030    33.1108    25.7961    25.8023     5.2885     5.4621    161.112    166.401     1.6313     1.5873     0.0464     0.1350     3.4225     0.0000     0.0000 -124.77688   44.65100      99.44         10  0.000e+00
      58414   2433.875     59.440     59.933     7.9242     7.9241  34.400493  34.407040     7.9184     7.9183    33.1032    33.1103    25.7962    25.8018     5.2885     5.4621    161.111    166.398     1.6313     1.5873     0.0464     0.1350     3.4225     0.0000     0.0000 -124.77688   44.65100      99.44         10  0.000e+00
      58415   2433.917     59.520     60.013     7.9240     7.9238  34.400806  34.407852     7.9182     7.9180    33.1036    33.1114    25.7966    25.8027     5.2885     5.4621    161.113    166.400     1.6313     1.5873     0.0464     0.1350     3.4225     0.0000     0.0000 -124.77688   44.65100      99.46         10  0.000e+00
      58416   2433.958     59.440     59.933     7.9242     7.9239  34.400556  34.407228     7.9184     7.9181    33.1032    33.1106    25.7963    25.8021     5.2885     5.4621    161.111    166.399     1.6313     1.5873     0.0464     0.1350     3.4225     0.0000     0.0000 -124.77688   44.65100      99.46         10  0.000e+00
      58417   2434.000     59.467     59.960     7.9239     7.9239  34.400681  34.407165     7.9180     7.9181    33.1037    33.1105    25.7967    25.8020     5.2885     5.4621    161.113    166.399     1.6313     1.5873     0.0464     0.1350     3.4225     0.0000     0.0000 -124.77688   44.65100      99.44         10  0.000e+00
      58418   2434.042     59.493     59.987     7.9239     7.9238  34.400993  34.407228     7.9180     7.9180    33.1040    33.1107    25.7969    25.8022     5.2885     5.4560    161.113    166.213     1.6313     1.5861     0.0464     0.1350     3.4225     0.0000     0.0000 -124.77688   44.65100      99.46         10  0.000e+00
      58419   2434.083     59.420     59.913     7.9240     7.9238  34.400931  34.407228     7.9182     7.9180    33.1038    33.1107    25.7968    25.8022     5.2885     5.4621    161.111    166.399     1.6313     1.5873     0.0464     0.1350     3.4225     0.0000     0.0000 -124.77688   44.65100      99.44         10  0.000e+00
      58420   2434.125     59.520     60.014     7.9240     7.9238  34.400556  34.407041     7.9182     7.9180    33.1033    33.1105    25.7964    25.8020     5.2886     5.4621    161.113    166.401     1.6313     1.5873     0.0476     0.1655     3.4225     0.0000     0.0000 -124.77688   44.65100      99.44         10  0.000e+00
      58421   2434.167     59.440     59.933     7.9240     7.9236  34.400493  34.407353     7.9182     7.9178    33.1033    33.1111    25.7963    25.8025     5.2885     5.4621    161.112    166.399     1.6313     1.5873     0.0476     0.1655     3.4225     0.0000     0.0000 -124.77688   44.65100      99.46         10  0.000e+00
      58422   2434.208     59.467     59.960     7.9239     7.9239  34.400493  34.407353     7.9180     7.9181    33.1035    33.1107    25.7965    25.8022     5.2885     5.4621    161.113    166.399     1.6313     1.5873     0.0476     0.1655     3.4225     0.0000     0.0000 -124.77688   44.65100      99.44         10  0.000e+00
      58423   2434.250     59.440     59.933     7.9242     7.9238  34.400931  34.407040     7.9184     7.9180    33.1036    33.1105    25.7966    25.8020     5.2885     5.4621    161.111    166.399     1.6313     1.5873     0.0488     0.1960     3.4225     0.0000     0.0000 -124.77688   44.65100      99.44         10  0.000e+00
      58424   2434.292     59.420     59.913     7.9239     7.9238  34.400493  34.407352     7.9181     7.9180    33.1035    33.1109    25.7965    25.8023     5.2885     5.4559    161.112    166.211     1.6313     1.5861     0.0476     0.1655     3.4225     0.0000     0.0000 -124.77688   44.65100      99.44         10  0.000e+00
      58425   2434.333     59.493     59.987     7.9239     7.9241  34.400181  34.406853     7.9180     7.9183    33.1031    33.1100    25.7962    25.8016     5.2886     5.4621    161.114    166.400     1.6313     1.5873     0.0476     0.1655     3.4225     0.0000     0.0000 -124.77688   44.65100      99.44         10  0.000e+00
      58426   2434.375     59.420     59.913     7.9237     7.9239  34.400368  34.406853     7.9179     7.9181    33.1035    33.1102    25.7965    25.8018     5.2829     5.4621    160.941    166.399     1.6300     1.5873     0.0476     0.1655     3.4225     0.0000     0.0000 -124.77688   44.65100      99.44         10  0.000e+00
      58427   2434.417     59.440     59.934     7.9239     7.9239  34.400681  34.407165     7.9181     7.9181    33.1037    33.1105    25.7967    25.8020     5.2885     5.4621    161.112    166.399     1.6313     1.5873     0.0464     0.1350     3.4225     0.0000     0.0000 -124.77688   44.65100      99.44         10  0.000e+00
      58428   2434.458     59.467     59.960     7.9239     7.9239  34.400181  34.407040     7.9180     7.9181    33.1031    33.1104    25.7962    25.8019     5.2829     5.4559    160.941    166.212     1.6300     1.5861     0.0488     0.1960     3.4225     0.0000     0.0000 -124.77688   44.65100      99.44         10  0.000e+00
      58429   2434.500     59.440     59.934     7.9237     7.9239  34.400368  34.407165     7.9179     7.9181    33.1035    33.1105    25.7966    25.8020     5.2885     5.4621    161.113    166.399     1.6313     1.5873     0.0476     0.1655     3.4225     0.0000     0.0000 -124.77688   44.65100      99.44         10  0.000e+00
      58430   2434.542     59.467     59.960     7.9239     7.9239  34.400681  34.407040     7.9180     7.9181    33.1037    33.1104    25.7967    25.8019     5.2885     5.4621    161.113    166.399     1.6313     1.5873     0.0476     0.1655     3.4225     0.0000     0.0000 -124.77688   44.65100      99.44         10  0.000e+00
      58431   2434.583     59.440     59.934     7.9239     7.9241  34.400806  34.406978     7.9181     7.9183    33.1038    33.1102    25.7968    25.8017     5.2829     5.4621    160.940    166.398     1.6300     1.5873     0.0476     0.1655     3.4237     0.0000     0.0000 -124.77688   44.65100      99.44         10  0.000e+00
      58432   2434.625     59.421     59.914     7.9240     7.9239  34.401493  34.406915     7.9182     7.9181    33.1044    33.1103    25.7972    25.8018     5.2885     5.4621    161.110    166.399     1.6313     1.5873     0.0476     0.1655     3.4237     0.0000     0.0000 -124.77688   44.65100      99.44         10  0.000e+00
      58433   2434.667     59.440     59.934     7.9242     7.9239  34.401555  34.406916     7.9184     7.9181    33.1043    33.1103    25.7971    25.8018     5.2828     5.4621    160.938    166.399     1.6300     1.5873     0.0476     0.1655     3.4212     0.0000     0.0000 -124.77688   44.65100      99.44         10  0.000e+00
      58434   2434.708     59.421     59.914     7.9242     7.9241  34.401430  34.406478     7.9184     7.9183    33.1042    33.1097    25.7970    25.8013     5.2828     5.4621    160.938    166.399     1.6300     1.5873     0.0476     0.1655     3.4212     0.0000     0.0000 -124.77688   44.65100      99.46         10  0.000e+00
      58435   2434.750     59.493     59.987     7.9240     7.9238  34.401431  34.406728     7.9182     7.9180    33.1043    33.1102    25.7971    25.8018     5.2885     5.4621    161.112    166.401     1.6313     1.5873     0.0476     0.1655     3.4212     0.0000     0.0000 -124.77688   44.65100      99.44         10  0.000e+00
      58436   2434.792     59.421     59.914     7.9244     7.9238  34.401430  34.406915     7.9186     7.9180    33.1040    33.1104    25.7968    25.8019     5.2828     5.4621    160.937    166.399     1.6300     1.5873     0.0476     0.1655     3.4212     0.0000     0.0000 -124.77688   44.65100      99.44         10  0.000e+00
      58437   2434.833     59.421     59.914     7.9242     7.9238  34.401055  34.407165     7.9184     7.9180    33.1038    33.1107    25.7967    25.8022     5.2828     5.4621    160.938    166.399     1.6300     1.5873     0.0476     0.1655     3.4212     0.0000     0.0000 -124.77688   44.65100      99.44         10  0.000e+00
      58438   2434.875     59.441     59.934     7.9244     7.9239  34.401305  34.406978     7.9186     7.9181    33.1039    33.1103    25.7967    25.8019     5.2828     5.4621    160.938    166.399     1.6300     1.5873     0.0476     0.1655     3.4212     0.0000     0.0000 -124.77688   44.65100      99.44         10  0.000e+00
      58439   2434.917     59.467     59.960     7.9242     7.9238  34.401181  34.406916     7.9184     7.9180    33.1039    33.1104    25.7968    25.8019     5.2885     5.4621    161.111    166.400     1.6313     1.5873     0.0476     0.1655     3.4237     0.0000     0.0000 -124.77688   44.65100      99.44         10  0.000e+00
      58440   2434.958     59.441     59.934     7.9240     7.9238  34.401555  34.407165     7.9182     7.9180    33.1044    33.1107    25.7972    25.8022     5.2885     5.4559    161.110    166.212     1.6313     1.5861     0.0476     0.1655     3.4237     0.0000     0.0000 -124.77688   44.65100      99.44         10  0.000e+00
      58441   2435.000     59.421     59.914     7.9242     7.9239  34.401743  34.406728     7.9184     7.9181    33.1045    33.1101    25.7973    25.8017     5.2884     5.4621    161.109    166.399     1.6313     1.5873     0.0476     0.1655     3.4237     0.0000     0.0000 -124.77688   44.65100      99.44         10  0.000e+00
      58442   2435.042     59.441     59.934     7.9242     7.9237  34.401555  34.406603     7.9184     7.9179    33.1043    33.1102    25.7971    25.8018     5.2884     5.4621    161.110    166.400     1.6313     1.5873     0.0476     0.1655     3.4212     0.0000     0.0000 -124.77688   44.65100      99.44         10  0.000e+00
      58443   2435.083     59.467     59.961     7.9240     7.9238  34.401430  34.407353     7.9182     7.9180    33.1043    33.1109    25.7971    25.8023     5.2885     5.4621    161.111    166.399     1.6313     1.5873     0.0476     0.1655     3.4212     0.0000     0.0000 -124.77688   44.65100      99.46         10  0.000e+00
      58444   2435.125     59.394     59.887     7.9244     7.9236  34.401430  34.407540     7.9186     7.9178    33.1040    33.1113    25.7968    25.8027     5.2884     5.4621    161.109    166.398     1.6313     1.5873     0.0476     0.1655     3.4212     0.0000     0.0000 -124.77688   44.65100      99.44         10  0.000e+00
      58445   2435.167     59.467     59.961     7.9242     7.9238  34.401618  34.407540     7.9184     7.9180    33.1044    33.1111    25.7971    25.8025     5.2885     5.4621    161.111    166.399     1.6313     1.5873     0.0476     0.1655     3.4237     0.0000     0.0000 -124.77688   44.65100      99.44         10  0.000e+00
      58446   2435.208     59.441     59.934     7.9240     7.9238  34.401555  34.407602     7.9182     7.9180    33.1044    33.1111    25.7972    25.8025     5.2885     5.4621    161.110    166.399     1.6313     1.5873     0.0476     0.1655     3.4212     0.0000     0.0000 -124.77688   44.65100      99.46         10  0.000e+00
