West Coast/WCOA-7/CTD_Data/RB2102_CTD_083_01.ros
* Sea-Bird SBE 9 Data File:
* FileName = C:\Users\scs.user.rb\CTD\RB2102\Data\RB2102_CTD_083_01.hex
* Software Version Seasave V 7.26.7.107
* Temperature SN = 6202
* Conductivity SN = 4907
* Number of Bytes Per Scan = 41
* Number of Voltage Words = 4
* Number of Scans Averaged by the Deck Unit = 1
* NMEA Latitude = 37 56.57 N
* NMEA Longitude = 122 52.83 W
* NMEA UTC (Time) = Jul 11 2021  04:28:52
* NMEA baud rate = 4800
# nquan = 30
# nvalues = 980                                   
# units = specified
# name 0 = scan: Scan Count
# name 1 = timeS: Time, Elapsed [seconds]
# name 2 = depSM: Depth [salt water, m]
# name 3 = prDM: Pressure, Digiquartz [db]
# name 4 = t090C: Temperature [ITS-90, deg C]
# name 5 = t190C: Temperature, 2 [ITS-90, deg C]
# name 6 = c0mS/cm: Conductivity [mS/cm]
# name 7 = c1mS/cm: Conductivity, 2 [mS/cm]
# name 8 = potemp090C: Potential Temperature [ITS-90, deg C]
# name 9 = potemp190C: Potential Temperature, 2 [ITS-90, deg C]
# name 10 = sal00: Salinity, Practical [PSU]
# name 11 = sal11: Salinity, Practical, 2 [PSU]
# name 12 = sigma-é00: Density [sigma-theta, kg/m^3]
# name 13 = sigma-é11: Density, 2 [sigma-theta, kg/m^3]
# name 14 = sbeox0Mg/L: Oxygen, SBE 43 [mg/l]
# name 15 = sbeox1Mg/L: Oxygen, SBE 43, 2 [mg/l]
# name 16 = sbox0Mm/Kg: Oxygen, SBE 43 [umol/kg]
# name 17 = sbox1Mm/Kg: Oxygen, SBE 43, 2 [umol/kg]
# name 18 = sbeox0V: Oxygen raw, SBE 43 [V]
# name 19 = sbeox1V: Oxygen raw, SBE 43, 2 [V]
# name 20 = v4: Voltage 4
# name 21 = flECO-AFL: Fluorescence, WET Labs ECO-AFL/FL [mg/m^3]
# name 22 = v3: Voltage 3
# name 23 = v6: Voltage 6
# name 24 = v7: Voltage 7
# name 25 = longitude: Longitude [deg]
# name 26 = latitude: Latitude [deg]
# name 27 = altM: Altimeter [m]
# name 28 = nbf: Bottles Fired
# name 29 = flag:  0.000e+00
# interval = seconds: 0.0416667
# start_time = Jul 11 2021 04:28:52 [NMEA time, header]
# bad_flag = -9.990e-29
*END*
[from data line 146]
      14409    600.333     44.333     44.672     9.4543     9.4554  36.579689  36.581773     9.4494     9.4505    33.9494    33.9506    26.2231    26.2238     2.5894     2.6860     78.851     81.794     1.0720     1.0611     0.0476     0.1655     3.3651     0.0293     0.0305 -122.88060   37.94286       6.57          3  0.000e+00
      18717    779.833     30.526     30.758     9.6165     9.6039  36.611301  36.598846     9.6131     9.6006    33.8350    33.8340    26.1068    26.1081     4.1792     4.3141    127.280    131.387     1.4359     1.4029     0.0501     0.2265     3.3529     0.0537     0.0549 -122.88056   37.94286      20.66          4  0.000e+00
      18718    779.875     30.380     30.611     9.6169     9.6036  36.610916  36.598590     9.6136     9.6002    33.8343    33.8342    26.1062    26.1083     4.1738     4.3140    127.113    131.386     1.4347     1.4029     0.0488     0.1960     3.3541     0.0537     0.0549 -122.88056   37.94286      20.66          4  0.000e+00
      18719    779.917     30.479     30.711     9.6170     9.6036  36.610725  36.598526     9.6136     9.6002    33.8339    33.8340    26.1059    26.1082     4.1738     4.3141    127.115    131.387     1.4347     1.4029     0.0488     0.1960     3.3541     0.0537     0.0549 -122.88056   37.94286      20.66          4  0.000e+00
      18720    779.958     30.486     30.718     9.6169     9.6034  36.610277  36.598718     9.6135     9.6000    33.8336    33.8344    26.1056    26.1085     4.1738     4.3141    127.116    131.388     1.4347     1.4029     0.0488     0.1960     3.3529     0.0537     0.0549 -122.88056   37.94286      20.63          4  0.000e+00
      18721    780.000     30.479     30.711     9.6168     9.6032  36.610341  36.598590     9.6135     9.5999    33.8337    33.8345    26.1058    26.1086     4.1738     4.3141    127.116    131.388     1.4347     1.4029     0.0488     0.1960     3.3529     0.0537     0.0549 -122.88056   37.94286      20.61          4  0.000e+00
      18722    780.042     30.433     30.665     9.6168     9.6031  36.609444  36.598270     9.6134     9.5997    33.8329    33.8343    26.1051    26.1085     4.1685     4.3141    126.952    131.388     1.4335     1.4029     0.0488     0.1960     3.3541     0.0525     0.0549 -122.88056   37.94286      20.61          4  0.000e+00
      18723    780.083     30.526     30.758     9.6168     9.6034  36.608805  36.598207     9.6135     9.6000    33.8321    33.8339    26.1045    26.1081     4.1739     4.3142    127.118    131.389     1.4347     1.4029     0.0488     0.1960     3.3516     0.0525     0.0549 -122.88056   37.94286      20.61          4  0.000e+00
      18724    780.125     30.486     30.718     9.6174     9.6035  36.608548  36.598207     9.6140     9.6001    33.8314    33.8338    26.1038    26.1080     4.1739     4.3141    127.116    131.388     1.4347     1.4029     0.0488     0.1960     3.3529     0.0537     0.0549 -122.88056   37.94286      20.61          4  0.000e+00
      18725    780.167     30.433     30.665     9.6175     9.6034  36.608164  36.597950     9.6141     9.6000    33.8309    33.8337    26.1034    26.1079     4.1738     4.3200    127.116    131.566     1.4347     1.4042     0.0501     0.2265     3.3529     0.0537     0.0562 -122.88056   37.94286      20.61          4  0.000e+00
      18726    780.208     30.526     30.758     9.6176     9.6034  36.607652  36.597887     9.6142     9.6000    33.8302    33.8335    26.1029    26.1078     4.1739     4.3142    127.118    131.389     1.4347     1.4029     0.0488     0.1960     3.3541     0.0537     0.0562 -122.88056   37.94286      20.59          4  0.000e+00
      18727    780.250     30.532     30.765     9.6170     9.6032  36.607012  36.597375     9.6136     9.5999    33.8301    33.8332    26.1029    26.1076     4.1739     4.3142    127.119    131.390     1.4347     1.4029     0.0501     0.2265     3.3529     0.0537     0.0549 -122.88056   37.94286      20.56          4  0.000e+00
      18728    780.292     30.479     30.711     9.6155     9.6034  36.605604  36.597247     9.6121     9.6000    33.8302    33.8329    26.1032    26.1073     4.1741     4.3142    127.123    131.389     1.4347     1.4029     0.0501     0.2265     3.3541     0.0525     0.0537 -122.88056   37.94286      20.56          4  0.000e+00
      18729    780.333     30.526     30.758     9.6146     9.6031  36.604260  36.597247     9.6112     9.5997    33.8296    33.8332    26.1029    26.1076     4.1742     4.3142    127.127    131.391     1.4347     1.4029     0.0501     0.2265     3.3541     0.0525     0.0549 -122.88056   37.94286      20.56          4  0.000e+00
      18730    780.375     30.479     30.711     9.6135     9.6031  36.603364  36.596735     9.6101     9.5997    33.8297    33.8327    26.1032    26.1072     4.1796     4.3142    127.293    131.390     1.4359     1.4029     0.0501     0.2265     3.3541     0.0525     0.0549 -122.88056   37.94286      20.56          4  0.000e+00
      18731    780.417     30.532     30.765     9.6115     9.6032  36.602789  36.596608     9.6081     9.5999    33.8310    33.8324    26.1045    26.1070     4.1798     4.3142    127.299    131.391     1.4359     1.4029     0.0513     0.2571     3.3541     0.0537     0.0549 -122.88056   37.94286      20.59          4  0.000e+00
      18732    780.458     30.526     30.758     9.6100     9.6029  36.602341  36.596608     9.6066     9.5995    33.8320    33.8327    26.1055    26.1073     4.1799     4.3142    127.302    131.392     1.4359     1.4029     0.0501     0.2265     3.3529     0.0537     0.0549 -122.88056   37.94286      20.56          4  0.000e+00
      18733    780.500     30.579     30.811     9.6090     9.6023  36.601509  36.596800     9.6056     9.5989    33.8320    33.8335    26.1057    26.1080     4.1801     4.3143    127.306    131.394     1.4359     1.4029     0.0501     0.2265     3.3529     0.0525     0.0549 -122.88056   37.94286      20.54          4  0.000e+00
      18734    780.542     30.526     30.758     9.6080     9.6016  36.601509  36.596928     9.6046     9.5982    33.8330    33.8343    26.1066    26.1087     4.1747     4.3143    127.143    131.394     1.4347     1.4029     0.0501     0.2265     3.3529     0.0537     0.0549 -122.88056   37.94286      20.54          4  0.000e+00
      18735    780.583     30.532     30.765     9.6078     9.6017  36.601381  36.597120     9.6044     9.5983    33.8330    33.8344    26.1067    26.1088     4.1747     4.3143    127.143    131.394     1.4347     1.4029     0.0501     0.2265     3.3541     0.0537     0.0549 -122.88056   37.94286      20.54          4  0.000e+00
      18736    780.625     30.526     30.758     9.6083     9.6019  36.601573  36.597375     9.6049     9.5985    33.8327    33.8344    26.1064    26.1088     4.1801     4.3143    127.306    131.393     1.4359     1.4029     0.0513     0.2571     3.3529     0.0525     0.0549 -122.88056   37.94286      20.54          4  0.000e+00
      18737    780.667     30.526     30.758     9.6083     9.6021  36.601125  36.597056     9.6050     9.5987    33.8322    33.8339    26.1060    26.1083     4.1747     4.3143    127.143    131.393     1.4347     1.4029     0.0501     0.2265     3.3541     0.0537     0.0549 -122.88056   37.94286      20.54          4  0.000e+00
      18738    780.708     30.579     30.811     9.6085     9.6023  36.600997  36.596928     9.6051     9.5989    33.8320    33.8336    26.1057    26.1081     4.1747     4.3143    127.143    131.394     1.4347     1.4029     0.0513     0.2571     3.3529     0.0537     0.0562 -122.88056   37.94286      20.51          4  0.000e+00
      18739    780.750     30.532     30.765     9.6085     9.6023  36.600997  36.596672     9.6051     9.5989    33.8320    33.8334    26.1058    26.1079     4.1747     4.3143    127.143    131.393     1.4347     1.4029     0.0501     0.2265     3.3529     0.0537     0.0549 -122.88056   37.94286      20.51          4  0.000e+00
      18740    780.792     30.526     30.758     9.6082     9.6011  36.601189  36.595840     9.6048     9.5978    33.8325    33.8336    26.1062    26.1082     4.1747     4.3144    127.143    131.396     1.4347     1.4029     0.0501     0.2265     3.3529     0.0537     0.0549 -122.88056   37.94286      20.49          4  0.000e+00
      18741    780.833     30.579     30.811     9.6073     9.5997  36.601061  36.594818     9.6039     9.5963    33.8331    33.8339    26.1068    26.1087     4.1748     4.3146    127.146    131.402     1.4347     1.4029     0.0501     0.2265     3.3529     0.0537     0.0549 -122.88056   37.94286      20.51          4  0.000e+00
      18742    780.875     30.579     30.811     9.6064     9.5988  36.601189  36.593666     9.6030     9.5954    33.8341    33.8335    26.1078    26.1086     4.1749     4.3147    127.147    131.405     1.4347     1.4029     0.0501     0.2265     3.3529     0.0537     0.0549 -122.88056   37.94286      20.51          4  0.000e+00
      18743    780.917     30.526     30.758     9.6055     9.5982  36.600805  36.592835     9.6021     9.5948    33.8346    33.8333    26.1083    26.1085     4.1749     4.3147    127.149    131.406     1.4347     1.4029     0.0501     0.2265     3.3529     0.0537     0.0549 -122.88056   37.94286      20.51          4  0.000e+00
      18744    780.958     30.579     30.811     9.6052     9.5975  36.601445  36.592707     9.6018     9.5941    33.8355    33.8338    26.1090    26.1090     4.1750     4.3148    127.150    131.408     1.4347     1.4029     0.0501     0.2265     3.3541     0.0537     0.0549 -122.88056   37.94286      20.51          4  0.000e+00
      18745    781.000     30.579     30.811     9.6054     9.5972  36.601125  36.592707     9.6020     9.5938    33.8350    33.8341    26.1086    26.1093     4.1750     4.3207    127.149    131.588     1.4347     1.4042     0.0501     0.2265     3.3529     0.0537     0.0549 -122.88056   37.94286      20.49          4  0.000e+00
      18746    781.042     30.579     30.811     9.6059     9.5970  36.601701  36.592196     9.6025     9.5936    33.8351    33.8337    26.1087    26.1090     4.1749     4.3148    127.148    131.410     1.4347     1.4029     0.0501     0.2265     3.3541     0.0537     0.0549 -122.88056   37.94286      20.49          4  0.000e+00
      18747    781.083     30.579     30.811     9.6069     9.5965  36.601765  36.592068     9.6035     9.5931    33.8343    33.8340    26.1078    26.1093     4.1748     4.3149    127.146    131.411     1.4347     1.4029     0.0501     0.2265     3.3529     0.0537     0.0549 -122.88056   37.94286      20.49          4  0.000e+00
      18748    781.125     30.526     30.758     9.6073     9.5962  36.601893  36.591812     9.6039     9.5928    33.8340    33.8341    26.1075    26.1095     4.1748     4.3149    127.144    131.411     1.4347     1.4029     0.0513     0.2571     3.3541     0.0537     0.0562 -122.88056   37.94286      20.49          4  0.000e+00
      18749    781.167     30.579     30.811     9.6078     9.5967  36.601765  36.592452     9.6044     9.5933    33.8333    33.8343    26.1069    26.1095     4.1748     4.3149    127.144    131.411     1.4347     1.4029     0.0501     0.2265     3.3529     0.0537     0.0549 -122.88056   37.94286      20.49          4  0.000e+00
      18750    781.208     30.579     30.811     9.6080     9.5975  36.601893  36.592707     9.6046     9.5941    33.8334    33.8338    26.1069    26.1090     4.1748     4.3148    127.143    131.408     1.4347     1.4029     0.0501     0.2265     3.3541     0.0537     0.0549 -122.88056   37.94286      20.49          4  0.000e+00
      18751    781.250     30.526     30.758     9.6083     9.5987  36.601765  36.592899     9.6050     9.5953    33.8329    33.8329    26.1065    26.1081     4.1747     4.3147    127.142    131.405     1.4347     1.4029     0.0501     0.2265     3.3529     0.0537     0.0549 -122.88056   37.94286      20.46          4  0.000e+00
      18752    781.292     30.579     30.811     9.6085     9.5993  36.602085  36.593475     9.6051     9.5959    33.8331    33.8328    26.1066    26.1080     4.1747     4.3146    127.142    131.404     1.4347     1.4029     0.0513     0.2571     3.3529     0.0537     0.0549 -122.88056   37.94286      20.46          4  0.000e+00
      18753    781.333     30.579     30.811     9.6083     9.6000  36.602085  36.593666     9.6049     9.5966    33.8332    33.8324    26.1067    26.1075     4.1747     4.3204    127.143    131.580     1.4347     1.4042     0.0513     0.2571     3.3541     0.0537     0.0549 -122.88056   37.94286      20.46          4  0.000e+00
      18754    781.375     30.532     30.765     9.6086     9.6000  36.601765  36.593858     9.6052     9.5966    33.8326    33.8326    26.1063    26.1077     4.1747     4.3204    127.142    131.579     1.4347     1.4042     0.0513     0.2571     3.3541     0.0537     0.0549 -122.88056   37.94286      20.46          4  0.000e+00
      18755    781.417     30.526     30.758     9.6087     9.6002  36.602085  36.593986     9.6053     9.5968    33.8329    33.8326    26.1065    26.1076     4.1747     4.3204    127.141    131.579     1.4347     1.4042     0.0525     0.2876     3.3529     0.0537     0.0549 -122.88056   37.94286      20.46          4  0.000e+00
      18756    781.458     30.625     30.858     9.6086     9.5998  36.602789  36.593986     9.6052     9.5964    33.8336    33.8329    26.1070    26.1079     4.1747     4.3205    127.142    131.581     1.4347     1.4042     0.0513     0.2571     3.3541     0.0537     0.0549 -122.88056   37.94286      20.46          4  0.000e+00
      18757    781.500     30.526     30.758     9.6083     9.5993  36.602213  36.593986     9.6050     9.5959    33.8334    33.8334    26.1069    26.1084     4.1747     4.3205    127.142    131.581     1.4347     1.4042     0.0513     0.2571     3.3541     0.0537     0.0549 -122.88056   37.94286      20.46          4  0.000e+00
      18758    781.542     30.579     30.811     9.6082     9.5988  36.602469  36.594434     9.6048     9.5954    33.8338    33.8343    26.1072    26.1092     4.1693     4.3205    126.979    131.582     1.4335     1.4042     0.0513     0.2571     3.3541     0.0537     0.0549 -122.88056   37.94286      20.46          4  0.000e+00
      18759    781.583     30.526     30.758     9.6080     9.5990  36.602597  36.594626     9.6046     9.5956    33.8341    33.8344    26.1075    26.1092     4.1693     4.3205    126.978    131.581     1.4335     1.4042     0.0513     0.2571     3.3529     0.0537     0.0562 -122.88056   37.94286      20.46          4  0.000e+00
      18760    781.625     30.579     30.811     9.6080     9.5990  36.602405  36.595329     9.6046     9.5956    33.8339    33.8351    26.1073    26.1097     4.1694     4.3205    126.979    131.581     1.4335     1.4042     0.0525     0.2876     3.3529     0.0537     0.0549 -122.88056   37.94286      20.46          4  0.000e+00
      18761    781.667     30.532     30.765     9.6085     9.5993  36.602725  36.596352     9.6051     9.5959    33.8338    33.8358    26.1072    26.1103     4.1693     4.3204    126.977    131.578     1.4335     1.4042     0.0513     0.2571     3.3541     0.0537     0.0549 -122.88056   37.94286      20.46          4  0.000e+00
      18762    781.708     30.526     30.758     9.6085     9.6004  36.603173  36.596800     9.6051     9.5970    33.8342    33.8353    26.1075    26.1097     4.1693     4.3203    126.977    131.576     1.4335     1.4042     0.0525     0.2876     3.3541     0.0525     0.0549 -122.88056   37.94286      20.46          4  0.000e+00
