West Coast/WCOA-7/CTD_Data/RB2102_CTD_042_01.ros
* Sea-Bird SBE 9 Data File:
* FileName = C:\Users\scs.user.rb\CTD\RB2102\Data\RB2102_CTD_042_01.hex
* Software Version Seasave V 7.26.7.107
* Temperature SN = 6202
* Conductivity SN = 4907
* Number of Bytes Per Scan = 41
* Number of Voltage Words = 4
* Number of Scans Averaged by the Deck Unit = 1
* NMEA Latitude = 47 07.09 N
* NMEA Longitude = 124 22.94 W
* NMEA UTC (Time) = Jul 02 2021  19:23:10
* NMEA baud rate = 4800
# nquan = 30
# nvalues = 532                                   
# units = specified
# name 0 = scan: Scan Count
# name 1 = timeS: Time, Elapsed [seconds]
# name 2 = depSM: Depth [salt water, m]
# name 3 = prDM: Pressure, Digiquartz [db]
# name 4 = t090C: Temperature [ITS-90, deg C]
# name 5 = t190C: Temperature, 2 [ITS-90, deg C]
# name 6 = c0mS/cm: Conductivity [mS/cm]
# name 7 = c1mS/cm: Conductivity, 2 [mS/cm]
# name 8 = potemp090C: Potential Temperature [ITS-90, deg C]
# name 9 = potemp190C: Potential Temperature, 2 [ITS-90, deg C]
# name 10 = sal00: Salinity, Practical [PSU]
# name 11 = sal11: Salinity, Practical, 2 [PSU]
# name 12 = sigma-é00: Density [sigma-theta, kg/m^3]
# name 13 = sigma-é11: Density, 2 [sigma-theta, kg/m^3]
# name 14 = sbeox0Mg/L: Oxygen, SBE 43 [mg/l]
# name 15 = sbeox1Mg/L: Oxygen, SBE 43, 2 [mg/l]
# name 16 = sbox0Mm/Kg: Oxygen, SBE 43 [umol/kg]
# name 17 = sbox1Mm/Kg: Oxygen, SBE 43, 2 [umol/kg]
# name 18 = sbeox0V: Oxygen raw, SBE 43 [V]
# name 19 = sbeox1V: Oxygen raw, SBE 43, 2 [V]
# name 20 = v4: Voltage 4
# name 21 = flECO-AFL: Fluorescence, WET Labs ECO-AFL/FL [mg/m^3]
# name 22 = v3: Voltage 3
# name 23 = v6: Voltage 6
# name 24 = v7: Voltage 7
# name 25 = longitude: Longitude [deg]
# name 26 = latitude: Latitude [deg]
# name 27 = altM: Altimeter [m]
# name 28 = nbf: Bottles Fired
# name 29 = flag:  0.000e+00
# interval = seconds: 0.0416667
# start_time = Jul 02 2021 19:23:10 [NMEA time, header]
# bad_flag = -9.990e-29
*END*
[from data line 49]
      13931    580.417     40.494     40.837     7.4575     7.4540  34.546647  34.546094     7.4536     7.4501    33.7175    33.7203    26.3455    26.3482     1.3340     1.4319     40.619     43.597     0.7741     0.7863     0.1343     2.3328     3.2576     1.8315     0.0000 -124.38188   47.11802       9.45          2  0.000e+00
      13932    580.458     40.447     40.790     7.4573     7.4545  34.546459  34.545844     7.4535     7.4506    33.7175    33.7196    26.3455    26.3476     1.3340     1.4318     40.619     43.597     0.7741     0.7863     0.1343     2.3328     3.2576     1.8315     0.0000 -124.38188   47.11802       9.45          2  0.000e+00
      13933    580.500     40.447     40.790     7.4570     7.4553  34.546459  34.545969     7.4532     7.4515    33.7178    33.7189    26.3458    26.3470     1.3341     1.4318     40.620     43.596     0.7741     0.7863     0.1343     2.3328     3.2552     1.8315     0.0000 -124.38188   47.11802       9.43          2  0.000e+00
      13934    580.542     40.447     40.790     7.4577     7.4559  34.546647  34.546282     7.4538     7.4521    33.7174    33.7187    26.3454    26.3467     1.3340     1.4318     40.619     43.595     0.7741     0.7863     0.1343     2.3328     3.2552     1.8315     0.0000 -124.38188   47.11802       9.43          2  0.000e+00
      13935    580.583     40.494     40.837     7.4573     7.4563  34.546522  34.546594     7.4535     7.4524    33.7175    33.7187    26.3456    26.3466     1.3341     1.4318     40.620     43.595     0.7741     0.7863     0.1343     2.3328     3.2564     1.8315     0.0000 -124.38188   47.11802       9.45          2  0.000e+00
      13936    580.625     40.401     40.743     7.4573     7.4569  34.546647  34.546719     7.4535     7.4530    33.7177    33.7182    26.3457    26.3462     1.3340     1.4256     40.619     43.406     0.7741     0.7851     0.1343     2.3328     3.2564     1.8315     0.0000 -124.38188   47.11802       9.47          2  0.000e+00
      13937    580.667     40.447     40.790     7.4573     7.4567  34.546209  34.546469     7.4535     7.4529    33.7172    33.7181    26.3453    26.3461     1.3340     1.4318     40.619     43.595     0.7741     0.7863     0.1343     2.3328     3.2576     1.8315     0.0000 -124.38188   47.11802       9.47          2  0.000e+00
      13938    580.708     40.401     40.743     7.4570     7.4576  34.546146  34.547094     7.4532     7.4537    33.7175    33.7180    26.3456    26.3459     1.3340     1.4255     40.619     43.405     0.7741     0.7851     0.1343     2.3328     3.2576     1.8315     0.0000 -124.38188   47.11802       9.47          2  0.000e+00
      13939    580.750     40.447     40.790     7.4569     7.4579  34.546584  34.547782     7.4530     7.4541    33.7181    33.7184    26.3461    26.3461     1.3284     1.4317     40.447     43.593     0.7729     0.7863     0.1343     2.3328     3.2552     1.8315     0.0000 -124.38188   47.11802       9.47          2  0.000e+00
      13940    580.792     40.401     40.743     7.4567     7.4582  34.546522  34.547719     7.4528     7.4543    33.7182    33.7180    26.3462    26.3458     1.3284     1.4255     40.447     43.405     0.7729     0.7851     0.1343     2.3328     3.2552     1.8315     0.0000 -124.38188   47.11802       9.47          2  0.000e+00
      13941    580.833     40.447     40.790     7.4567     7.4584  34.546459  34.547657     7.4528     7.4545    33.7181    33.7178    26.3461    26.3456     1.3284     1.4255     40.447     43.405     0.7729     0.7851     0.1343     2.3328     3.2552     1.8315     0.0000 -124.38188   47.11802       9.50          2  0.000e+00
      13942    580.875     40.401     40.743     7.4567     7.4587  34.546459  34.547657     7.4528     7.4549    33.7181    33.7175    26.3461    26.3453     1.3341     1.4255     40.620     43.404     0.7741     0.7851     0.1343     2.3328     3.2576     1.8315     0.0000 -124.38188   47.11802       9.52          2  0.000e+00
      13943    580.917     40.401     40.743     7.4567     7.4593  34.546271  34.548094     7.4528     7.4555    33.7179    33.7173    26.3460    26.3451     1.3284     1.4255     40.447     43.403     0.7729     0.7851     0.1343     2.3328     3.2576     1.8315     0.0000 -124.38188   47.11802       9.52          2  0.000e+00
      13944    580.958     40.401     40.743     7.4567     7.4591  34.546021  34.547532     7.4528     7.4553    33.7177    33.7169    26.3458    26.3448     1.3284     1.4255     40.447     43.404     0.7729     0.7851     0.1392     2.4549     3.2552     1.8315     0.0000 -124.38188   47.11802       9.52          2  0.000e+00
      13945    581.000     40.401     40.743     7.4569     7.4595  34.546146  34.547782     7.4530     7.4556    33.7176    33.7168    26.3457    26.3447     1.3284     1.4255     40.447     43.403     0.7729     0.7851     0.1441     2.5770     3.2552     1.8315     0.0000 -124.38188   47.11802       9.52          2  0.000e+00
      13946    581.042     40.401     40.743     7.4570     7.4598  34.546396  34.548157     7.4532     7.4560    33.7178    33.7169    26.3458    26.3447     1.3284     1.4193     40.447     43.215     0.7729     0.7839     0.1441     2.5770     3.2564     1.8315     0.0000 -124.38188   47.11802       9.52          2  0.000e+00
      13947    581.083     40.401     40.743     7.4577     7.4598  34.546459  34.548282     7.4538     7.4560    33.7172    33.7171    26.3452    26.3448     1.3284     1.4193     40.446     43.215     0.7729     0.7839     0.1441     2.5770     3.2552     1.8315     0.0000 -124.38188   47.11802       9.52          2  0.000e+00
      13948    581.125     40.401     40.743     7.4577     7.4600  34.546647  34.548032     7.4538     7.4561    33.7174    33.7167    26.3454    26.3445     1.3284     1.4193     40.446     43.215     0.7729     0.7839     0.1441     2.5770     3.2552     1.8315     0.0000 -124.38188   47.11802       9.52          2  0.000e+00
      13949    581.167     40.348     40.690     7.4581     7.4600  34.546333  34.548157     7.4543     7.4562    33.7166    33.7168    26.3447    26.3446     1.3283     1.4193     40.446     43.214     0.7729     0.7839     0.1441     2.5770     3.2564     1.8315     0.0000 -124.38188   47.11802       9.52          2  0.000e+00
      13950    581.208     40.401     40.743     7.4577     7.4603  34.545833  34.548469     7.4538     7.4565    33.7165    33.7168    26.3447    26.3446     1.3284     1.4193     40.446     43.214     0.7729     0.7839     0.1441     2.5770     3.2552     1.8315     0.0000 -124.38188   47.11802       9.52          2  0.000e+00
      13951    581.250     40.400     40.743     7.4571     7.4604  34.545833  34.548344     7.4533     7.4566    33.7170    33.7165    26.3452    26.3443     1.3284     1.4193     40.447     43.214     0.7729     0.7839     0.1441     2.5770     3.2576     1.8315     0.0000 -124.38188   47.11802       9.52          2  0.000e+00
      13952    581.292     40.400     40.743     7.4570     7.4603  34.545896  34.548032     7.4532     7.4565    33.7172    33.7163    26.3454    26.3442     1.3284     1.4193     40.447     43.214     0.7729     0.7839     0.1441     2.5770     3.2576     1.8315     0.0000 -124.38188   47.11802       9.52          2  0.000e+00
      13953    581.333     40.447     40.790     7.4567     7.4605  34.545646  34.548407     7.4528     7.4567    33.7172    33.7165    26.3454    26.3443     1.3284     1.4193     40.447     43.214     0.7729     0.7839     0.1441     2.5770     3.2564     1.8315     0.0000 -124.38188   47.11802       9.52          2  0.000e+00
      13954    581.375     40.347     40.690     7.4565     7.4606  34.545771  34.548344     7.4527     7.4568    33.7176    33.7164    26.3457    26.3442     1.3284     1.4192     40.447     43.214     0.7729     0.7839     0.1441     2.5770     3.2576     1.8315     0.0000 -124.38188   47.11802       9.55          2  0.000e+00
      13955    581.417     40.400     40.743     7.4562     7.4606  34.545646  34.548469     7.4524     7.4568    33.7177    33.7165    26.3459    26.3443     1.3284     1.4193     40.447     43.214     0.7729     0.7839     0.1441     2.5770     3.2552     1.8315     0.0000 -124.38188   47.11802       9.55          2  0.000e+00
      13956    581.458     40.400     40.743     7.4562     7.4606  34.545771  34.548344     7.4524     7.4568    33.7179    33.7163    26.3460    26.3442     1.3284     1.4193     40.447     43.214     0.7729     0.7839     0.1441     2.5770     3.2552     1.8315     0.0000 -124.38188   47.11802       9.55          2  0.000e+00
      13957    581.500     40.400     40.743     7.4562     7.4605  34.545520  34.548282     7.4524     7.4567    33.7176    33.7164    26.3458    26.3442     1.3227     1.4193     40.275     43.214     0.7717     0.7839     0.1441     2.5770     3.2564     1.8315     0.0000 -124.38188   47.11802       9.55          2  0.000e+00
      13958    581.542     40.400     40.743     7.4555     7.4606  34.545521  34.548032     7.4517     7.4568    33.7182    33.7160    26.3464    26.3439     1.3284     1.4131     40.448     43.026     0.7729     0.7827     0.1441     2.5770     3.2564     1.8315     0.0000 -124.38188   47.11802       9.55          2  0.000e+00
      13959    581.583     40.447     40.790     7.4555     7.4604  34.545583  34.548157     7.4517     7.4566    33.7183    33.7163    26.3464    26.3442     1.3284     1.4193     40.448     43.214     0.7729     0.7839     0.1441     2.5770     3.2552     1.8315     0.0000 -124.38188   47.11802       9.55          2  0.000e+00
      13960    581.625     40.400     40.743     7.4555     7.4604  34.546021  34.548282     7.4517     7.4566    33.7188    33.7165    26.3468    26.3443     1.3284     1.4131     40.448     43.026     0.7729     0.7827     0.1441     2.5770     3.2552     1.8315     0.0000 -124.38188   47.11802       9.55          2  0.000e+00
      13961    581.667     40.447     40.790     7.4554     7.4605  34.545458  34.548282     7.4515     7.4567    33.7183    33.7164    26.3464    26.3442     1.3228     1.4193     40.276     43.214     0.7717     0.7839     0.1441     2.5770     3.2564     1.8315     0.0000 -124.38188   47.11802       9.55          2  0.000e+00
      13962    581.708     40.447     40.790     7.4555     7.4608  34.545270  34.548469     7.4517     7.4569    33.7179    33.7163    26.3461    26.3441     1.3284     1.4131     40.448     43.026     0.7729     0.7827     0.1441     2.5770     3.2564     1.8315     0.0000 -124.38188   47.11802       9.55          2  0.000e+00
      13963    581.750     40.400     40.743     7.4559     7.4604  34.545833  34.548344     7.4520     7.4566    33.7183    33.7165    26.3463    26.3443     1.3284     1.4131     40.448     43.026     0.7729     0.7827     0.1441     2.5770     3.2552     1.8315     0.0000 -124.38188   47.11802       9.52          2  0.000e+00
      13964    581.792     40.493     40.836     7.4561     7.4605  34.545896  34.548282     7.4522     7.4566    33.7181    33.7164    26.3462    26.3442     1.3227     1.4131     40.275     43.026     0.7717     0.7827     0.1441     2.5770     3.2576     1.8315     0.0000 -124.38188   47.11802       9.55          2  0.000e+00
      13965    581.833     40.446     40.789     7.4569     7.4602  34.545896  34.547782     7.4530     7.4563    33.7173    33.7162    26.3455    26.3441     1.3227     1.4131     40.275     43.026     0.7717     0.7827     0.1441     2.5770     3.2564     1.8315     0.0000 -124.38188   47.11802       9.55          2  0.000e+00
      13966    581.875     40.446     40.789     7.4573     7.4602  34.546271  34.547657     7.4535     7.4563    33.7173    33.7160    26.3454    26.3440     1.3284     1.4131     40.447     43.026     0.7729     0.7827     0.1441     2.5770     3.2552     1.8315     0.0000 -124.38188   47.11802       9.50          2  0.000e+00
      13967    581.917     40.493     40.836     7.4580     7.4598  34.546271  34.548095     7.4541     7.4560    33.7167    33.7168    26.3448    26.3446     1.3227     1.4131     40.274     43.027     0.7717     0.7827     0.1441     2.5770     3.2552     1.8315     0.0000 -124.38188   47.11802       9.50          2  0.000e+00
      13968    581.958     40.493     40.836     7.4578     7.4600  34.546209  34.547782     7.4540     7.4562    33.7167    33.7163    26.3449    26.3442     1.3227     1.4131     40.274     43.027     0.7717     0.7827     0.1441     2.5770     3.2552     1.8315     0.0000 -124.38188   47.11802       9.50          2  0.000e+00
      13969    582.000     40.493     40.836     7.4580     7.4597  34.546209  34.547844     7.4541     7.4558    33.7166    33.7167    26.3447    26.3446     1.3227     1.4131     40.274     43.027     0.7717     0.7827     0.1441     2.5770     3.2552     1.8315     0.0000 -124.38188   47.11802       9.50          2  0.000e+00
      13970    582.042     40.546     40.890     7.4580     7.4598  34.545834  34.547970     7.4541     7.4560    33.7162    33.7167    26.3444    26.3445     1.3227     1.4131     40.274     43.027     0.7717     0.7827     0.1404     2.4854     3.2552     1.8315     0.0000 -124.38188   47.11802       9.50          2  0.000e+00
      13971    582.083     40.546     40.889     7.4575     7.4595  34.546084  34.547470     7.4536     7.4556    33.7169    33.7164    26.3450    26.3444     1.3227     1.4131     40.275     43.028     0.7717     0.7827     0.1355     2.3633     3.2552     1.8315     0.0000 -124.38188   47.11802       9.50          2  0.000e+00
      13972    582.125     40.546     40.889     7.4573     7.4587  34.545959  34.546844     7.4535     7.4549    33.7169    33.7165    26.3451    26.3446     1.3227     1.4132     40.275     43.028     0.7717     0.7827     0.1343     2.3328     3.2552     1.8315     0.0000 -124.38188   47.11802       9.47          2  0.000e+00
      13973    582.167     40.546     40.889     7.4573     7.4576  34.546084  34.546719     7.4535     7.4537    33.7170    33.7175    26.3452    26.3455     1.3227     1.4132     40.275     43.029     0.7717     0.7827     0.1343     2.3328     3.2564     1.8315     0.0000 -124.38188   47.11802       9.47          2  0.000e+00
      13974    582.208     40.546     40.889     7.4570     7.4566  34.545959  34.546720     7.4532     7.4527    33.7172    33.7184    26.3454    26.3464     1.3227     1.4132     40.275     43.030     0.7717     0.7827     0.1343     2.3328     3.2564     1.8315     0.0000 -124.38188   47.11802       9.47          2  0.000e+00
      13975    582.250     40.592     40.936     7.4567     7.4553  34.546084  34.546282     7.4528     7.4514    33.7176    33.7192    26.3458    26.3472     1.3227     1.4133     40.275     43.032     0.7717     0.7827     0.1343     2.3328     3.2552     1.8315     0.0000 -124.38188   47.11802       9.47          2  0.000e+00
      13976    582.292     40.592     40.936     7.4565     7.4546  34.546022  34.546345     7.4527     7.4508    33.7177    33.7199    26.3458    26.3478     1.3284     1.4133     40.448     43.032     0.7729     0.7827     0.1343     2.3328     3.2564     1.8315     0.0000 -124.38188   47.11802       9.47          2  0.000e+00
      13977    582.333     40.638     40.983     7.4567     7.4541  34.546147  34.546595     7.4528     7.4503    33.7177    33.7206    26.3458    26.3485     1.3284     1.4133     40.448     43.033     0.7729     0.7827     0.1343     2.3328     3.2576     1.8315     0.0000 -124.38188   47.11802       9.45          2  0.000e+00
