West Coast/WCOA-7/CTD_Data/RB2102_CTD_119_01.ros
* Sea-Bird SBE 9 Data File:
* FileName = C:\Users\scs.user.rb\CTD\RB2102\Data\RB2102_CTD_119_01.hex
* Software Version Seasave V 7.26.7.107
* Temperature SN = 6202
* Conductivity SN = 4907
* Number of Bytes Per Scan = 41
* Number of Voltage Words = 4
* Number of Scans Averaged by the Deck Unit = 1
* NMEA Latitude = 34 18.82 N
* NMEA Longitude = 120 07.54 W
* NMEA UTC (Time) = Jul 19 2021  02:34:11
* NMEA baud rate = 4800
# nquan = 30
# nvalues = 1176                                  
# units = specified
# name 0 = scan: Scan Count
# name 1 = timeS: Time, Elapsed [seconds]
# name 2 = depSM: Depth [salt water, m]
# name 3 = prDM: Pressure, Digiquartz [db]
# name 4 = t090C: Temperature [ITS-90, deg C]
# name 5 = t190C: Temperature, 2 [ITS-90, deg C]
# name 6 = c0mS/cm: Conductivity [mS/cm]
# name 7 = c1mS/cm: Conductivity, 2 [mS/cm]
# name 8 = potemp090C: Potential Temperature [ITS-90, deg C]
# name 9 = potemp190C: Potential Temperature, 2 [ITS-90, deg C]
# name 10 = sal00: Salinity, Practical [PSU]
# name 11 = sal11: Salinity, Practical, 2 [PSU]
# name 12 = sigma-é00: Density [sigma-theta, kg/m^3]
# name 13 = sigma-é11: Density, 2 [sigma-theta, kg/m^3]
# name 14 = sbeox0Mg/L: Oxygen, SBE 43 [mg/l]
# name 15 = sbeox1Mg/L: Oxygen, SBE 43, 2 [mg/l]
# name 16 = sbox0Mm/Kg: Oxygen, SBE 43 [umol/kg]
# name 17 = sbox1Mm/Kg: Oxygen, SBE 43, 2 [umol/kg]
# name 18 = sbeox0V: Oxygen raw, SBE 43 [V]
# name 19 = sbeox1V: Oxygen raw, SBE 43, 2 [V]
# name 20 = v4: Voltage 4
# name 21 = flECO-AFL: Fluorescence, WET Labs ECO-AFL/FL [mg/m^3]
# name 22 = v3: Voltage 3
# name 23 = v6: Voltage 6
# name 24 = v7: Voltage 7
# name 25 = longitude: Longitude [deg]
# name 26 = latitude: Latitude [deg]
# name 27 = altM: Altimeter [m]
# name 28 = nbf: Bottles Fired
# name 29 = flag:  0.000e+00
# interval = seconds: 0.0416667
# start_time = Jul 19 2021 02:34:11 [NMEA time, header]
# bad_flag = -9.990e-29
*END*
[from data line 677]
      84156   3506.458     99.592    100.335     9.9258     9.9265  36.987241  36.989127     9.9145     9.9152    33.8976    33.8988    26.1055    26.1064     3.9103     3.6490    119.091    111.130     1.3736     1.2637     0.0415     0.0129     3.1709     0.0354     0.0000 -120.12586   34.31188      99.61         14  0.000e+00
      84157   3506.500     99.645    100.388     9.9257     9.9263  36.987177  36.988742     9.9143     9.9149    33.8976    33.8987    26.1056    26.1063     3.9104     3.6490    119.092    111.132     1.3736     1.2637     0.0415     0.0129     3.1709     0.0354     0.0000 -120.12586   34.31188      99.61         14  0.000e+00
      84158   3506.542     99.645    100.388     9.9259     9.9267  36.987177  36.988806     9.9145     9.9153    33.8975    33.8984    26.1054    26.1060     3.9050     3.6490    118.928    111.131     1.3724     1.2637     0.0415     0.0129     3.1709     0.0342     0.0000 -120.12586   34.31188      99.63         14  0.000e+00
      84159   3506.583     99.592    100.335     9.9257     9.9265  36.987369  36.988678     9.9143     9.9152    33.8979    33.8984    26.1058    26.1061     3.9104     3.6490    119.091    111.131     1.3736     1.2637     0.0415     0.0129     3.1722     0.0330     0.0000 -120.12586   34.31188      99.61         14  0.000e+00
      84160   3506.625     99.691    100.435     9.9259     9.9265  36.987241  36.988550     9.9145     9.9152    33.8975    33.8982    26.1055    26.1059     3.9104     3.6490    119.093    111.132     1.3736     1.2637     0.0415     0.0129     3.1734     0.0317     0.0000 -120.12586   34.31188      99.61         14  0.000e+00
      84161   3506.667     99.592    100.335     9.9257     9.9266  36.987176  36.988549     9.9143     9.9153    33.8977    33.8982    26.1057    26.1059     3.9104     3.6490    119.092    111.131     1.3736     1.2637     0.0415     0.0129     3.1722     0.0317     0.0000 -120.12586   34.31188      99.61         14  0.000e+00
      84162   3506.708     99.599    100.341     9.9257     9.9265  36.987626  36.988614     9.9143     9.9152    33.8981    33.8983    26.1060    26.1060     3.9104     3.6490    119.091    111.131     1.3736     1.2637     0.0415     0.0129     3.1722     0.0317     0.0000 -120.12586   34.31188      99.61         14  0.000e+00
      84163   3506.750     99.638    100.382     9.9259     9.9267  36.987562  36.989320     9.9145     9.9153    33.8979    33.8989    26.1057    26.1064     3.9050     3.6490    118.928    111.131     1.3724     1.2637     0.0415     0.0129     3.1722     0.0330     0.0000 -120.12586   34.31188      99.61         14  0.000e+00
      84164   3506.792     99.599    100.341     9.9258     9.9267  36.987241  36.988806     9.9145     9.9153    33.8976    33.8984    26.1055    26.1060     3.9104     3.6490    119.091    111.131     1.3736     1.2637     0.0415     0.0129     3.1722     0.0330     0.0000 -120.12586   34.31188      99.61         14  0.000e+00
      84195   3508.083     99.745    100.489     9.9260     9.9267  36.987563  36.989256     9.9146     9.9153    33.8977    33.8988    26.1056    26.1063     3.9104     3.6490    119.093    111.132     1.3736     1.2637     0.0415     0.0129     3.1709     0.0342     0.0000 -120.12586   34.31188      99.61         15  0.000e+00
      84196   3508.125     99.739    100.482     9.9262     9.9269  36.987948  36.989256     9.9148     9.9155    33.8979    33.8986    26.1058    26.1062     3.9104     3.6431    119.092    110.953     1.3736     1.2625     0.0415     0.0129     3.1722     0.0342     0.0000 -120.12586   34.31188      99.61         15  0.000e+00
      84197   3508.167     99.646    100.389     9.9260     9.9268  36.987884  36.988999     9.9146     9.9154    33.8981    33.8985    26.1059    26.1061     3.9103     3.6490    119.091    111.131     1.3736     1.2637     0.0415     0.0129     3.1722     0.0342     0.0000 -120.12586   34.31188      99.61         15  0.000e+00
      84198   3508.208     99.739    100.483     9.9262     9.9269  36.987563  36.988678     9.9148     9.9155    33.8976    33.8980    26.1055    26.1057     3.9104     3.6432    119.093    110.954     1.3736     1.2625     0.0415     0.0129     3.1722     0.0342     0.0000 -120.12586   34.31188      99.61         15  0.000e+00
      84199   3508.250     99.745    100.489     9.9262     9.9270  36.987241  36.988807     9.9148     9.9156    33.8972    33.8980    26.1052    26.1057     3.9104     3.6431    119.093    110.953     1.3736     1.2625     0.0415     0.0129     3.1722     0.0342     0.0000 -120.12586   34.31188      99.61         15  0.000e+00
      84200   3508.292     99.739    100.483     9.9262     9.9267  36.987627  36.988678     9.9148     9.9153    33.8976    33.8982    26.1055    26.1059     3.9104     3.6432    119.092    110.954     1.3736     1.2625     0.0415     0.0129     3.1722     0.0342     0.0000 -120.12586   34.31188      99.61         15  0.000e+00
      84201   3508.333     99.745    100.489     9.9262     9.9269  36.987820  36.989064     9.9148     9.9155    33.8978    33.8984    26.1057    26.1060     3.9050     3.6432    118.928    110.954     1.3724     1.2625     0.0415     0.0129     3.1709     0.0342     0.0000 -120.12586   34.31188      99.61         15  0.000e+00
      84202   3508.375     99.692    100.436     9.9259     9.9270  36.987820  36.989449     9.9145     9.9156    33.8981    33.8987    26.1059    26.1063     3.9050     3.6490    118.928    111.131     1.3724     1.2637     0.0415     0.0129     3.1709     0.0342     0.0000 -120.12586   34.31188      99.61         15  0.000e+00
      84203   3508.417     99.739    100.483     9.9262     9.9269  36.987563  36.988807     9.9148     9.9155    33.8975    33.8982    26.1054    26.1058     3.9050     3.6490    118.929    111.132     1.3724     1.2637     0.0415     0.0129     3.1709     0.0342     0.0000 -120.12586   34.31188      99.61         15  0.000e+00
      84204   3508.458     99.692    100.436     9.9260     9.9269  36.987691  36.989063     9.9146     9.9155    33.8978    33.8984    26.1057    26.1060     3.9050     3.6431    118.928    110.953     1.3724     1.2625     0.0415     0.0129     3.1722     0.0342     0.0000 -120.12586   34.31188      99.61         15  0.000e+00
      84205   3508.500     99.785    100.529     9.9259     9.9269  36.987820  36.989256     9.9145     9.9155    33.8981    33.8986    26.1059    26.1062     3.9050     3.6432    118.930    110.954     1.3724     1.2625     0.0415     0.0129     3.1722     0.0342     0.0000 -120.12586   34.31188      99.61         15  0.000e+00
      84206   3508.542     99.745    100.489     9.9262     9.9270  36.988077  36.989256     9.9148     9.9156    33.8981    33.8985    26.1059    26.1061     3.9050     3.6490    118.928    111.132     1.3724     1.2637     0.0415     0.0129     3.1709     0.0330     0.0000 -120.12586   34.31188      99.61         15  0.000e+00
      84207   3508.583     99.739    100.483     9.9262     9.9269  36.987884  36.988742     9.9148     9.9155    33.8978    33.8981    26.1057    26.1058     3.9050     3.6432    118.928    110.954     1.3724     1.2625     0.0415     0.0129     3.1722     0.0330     0.0000 -120.12586   34.31188      99.61         15  0.000e+00
      84208   3508.625     99.792    100.536     9.9260     9.9269  36.987820  36.989064     9.9146     9.9155    33.8979    33.8984    26.1058    26.1060     3.9050     3.6432    118.929    110.954     1.3724     1.2625     0.0403    -0.0177     3.1734     0.0330     0.0000 -120.12586   34.31188      99.61         15  0.000e+00
      84209   3508.667     99.692    100.436     9.9262     9.9269  36.987562  36.988999     9.9148     9.9155    33.8976    33.8984    26.1055    26.1060     3.9050     3.6431    118.928    110.953     1.3724     1.2625     0.0403    -0.0177     3.1709     0.0342     0.0000 -120.12586   34.31188      99.61         15  0.000e+00
      84210   3508.708     99.792    100.536     9.9262     9.9270  36.987948  36.989128     9.9148     9.9156    33.8979    33.8983    26.1057    26.1059     3.9050     3.6490    118.929    111.132     1.3724     1.2637     0.0403    -0.0177     3.1734     0.0330     0.0000 -120.12586   34.31188      99.61         15  0.000e+00
      84211   3508.750     99.739    100.483     9.9262     9.9268  36.987884  36.988999     9.9148     9.9154    33.8978    33.8984    26.1057    26.1060     3.9050     3.6432    118.928    110.954     1.3724     1.2625     0.0403    -0.0177     3.1722     0.0317     0.0000 -120.12586   34.31188      99.61         15  0.000e+00
      84212   3508.792     99.746    100.489     9.9260     9.9269  36.987563  36.989128     9.9146     9.9155    33.8977    33.8985    26.1056    26.1061     3.9050     3.6432    118.929    110.953     1.3724     1.2625     0.0403    -0.0177     3.1722     0.0330     0.0000 -120.12586   34.31188      99.61         15  0.000e+00
      84213   3508.833     99.746    100.489     9.9260     9.9269  36.987498  36.988935     9.9146     9.9155    33.8976    33.8983    26.1055    26.1059     3.9050     3.6432    118.929    110.954     1.3724     1.2625     0.0403    -0.0177     3.1709     0.0342     0.0000 -120.12586   34.31188      99.61         15  0.000e+00
      84214   3508.875     99.785    100.530     9.9260     9.9270  36.987498  36.988871     9.9146     9.9156    33.8976    33.8981    26.1055    26.1057     3.9050     3.6432    118.930    110.954     1.3724     1.2625     0.0403    -0.0177     3.1722     0.0342     0.0000 -120.12586   34.31188      99.61         15  0.000e+00
      84215   3508.917     99.792    100.536     9.9260     9.9270  36.987499  36.988935     9.9146     9.9156    33.8976    33.8982    26.1055    26.1058     3.9050     3.6432    118.930    110.954     1.3724     1.2625     0.0403    -0.0177     3.1722     0.0342     0.0000 -120.12586   34.31188      99.61         15  0.000e+00
      84216   3508.958     99.739    100.483     9.9260     9.9267  36.987498  36.989128     9.9146     9.9153    33.8976    33.8987    26.1055    26.1062     3.9050     3.6432    118.929    110.954     1.3724     1.2625     0.0403    -0.0177     3.1722     0.0330     0.0000 -120.12586   34.31188      99.61         15  0.000e+00
      84217   3509.000     99.792    100.536     9.9260     9.9269  36.987948  36.989000     9.9146     9.9155    33.8980    33.8983    26.1059    26.1059     3.8997     3.6432    118.765    110.954     1.3712     1.2625     0.0403    -0.0177     3.1709     0.0342     0.0000 -120.12586   34.31188      99.61         15  0.000e+00
      84218   3509.042     99.785    100.530     9.9260     9.9265  36.987627  36.988935     9.9146     9.9152    33.8977    33.8986    26.1056    26.1062     3.9050     3.6432    118.930    110.955     1.3724     1.2625     0.0403    -0.0177     3.1722     0.0342     0.0000 -120.12586   34.31188      99.61         15  0.000e+00
      84219   3509.083     99.746    100.490     9.9258     9.9265  36.987691  36.988421     9.9144     9.9152    33.8980    33.8981    26.1059    26.1058     3.9050     3.6432    118.929    110.955     1.3724     1.2625     0.0403    -0.0177     3.1709     0.0342     0.0000 -120.12586   34.31188      99.61         15  0.000e+00
      84220   3509.125     99.786    100.530     9.9260     9.9263  36.987820  36.988743     9.9146     9.9149    33.8979    33.8986    26.1058    26.1062     3.9050     3.6432    118.929    110.955     1.3724     1.2625     0.0403    -0.0177     3.1709     0.0342     0.0000 -120.12586   34.31188      99.61         15  0.000e+00
      84221   3509.167     99.792    100.536     9.9260     9.9262  36.987306  36.988679     9.9146     9.9148    33.8974    33.8986    26.1054    26.1063     3.9051     3.6432    118.930    110.956     1.3724     1.2625     0.0403    -0.0177     3.1722     0.0342     0.0000 -120.12586   34.31188      99.61         15  0.000e+00
      84222   3509.208     99.786    100.530     9.9260     9.9262  36.987627  36.988614     9.9146     9.9148    33.8977    33.8985    26.1056    26.1062     3.9050     3.6432    118.930    110.956     1.3724     1.2625     0.0403    -0.0177     3.1709     0.0342     0.0000 -120.12586   34.31188      99.61         15  0.000e+00
      84223   3509.250     99.792    100.537     9.9262     9.9262  36.987820  36.988614     9.9148     9.9148    33.8977    33.8985    26.1056    26.1062     3.9050     3.6432    118.929    110.956     1.3724     1.2625     0.0403    -0.0177     3.1722     0.0342     0.0000 -120.12586   34.31188      99.61         15  0.000e+00
      84224   3509.292     99.786    100.530     9.9262     9.9261  36.987820  36.988807     9.9148     9.9147    33.8977    33.8988    26.1056    26.1065     3.9050     3.6432    118.929    110.956     1.3724     1.2625     0.0403    -0.0177     3.1709     0.0342     0.0000 -120.12586   34.31188      99.61         15  0.000e+00
      84225   3509.333     99.792    100.537     9.9262     9.9264  36.987820  36.989128     9.9148     9.9150    33.8978    33.8989    26.1057    26.1065     3.9050     3.6432    118.929    110.955     1.3724     1.2625     0.0403    -0.0177     3.1709     0.0342     0.0000 -120.12586   34.31188      99.61         15  0.000e+00
      84226   3509.375     99.792    100.537     9.9262     9.9265  36.987563  36.989449     9.9148     9.9152    33.8975    33.8991    26.1054    26.1066     3.9050     3.6432    118.929    110.955     1.3724     1.2625     0.0403    -0.0177     3.1722     0.0342     0.0000 -120.12586   34.31188      99.61         15  0.000e+00
      84227   3509.417     99.786    100.530     9.9260     9.9267  36.987691  36.989321     9.9146     9.9153    33.8978    33.8988    26.1057    26.1064     3.9050     3.6432    118.929    110.954     1.3724     1.2625     0.0403    -0.0177     3.1709     0.0342     0.0000 -120.12586   34.31188      99.61         15  0.000e+00
      84228   3509.458     99.792    100.537     9.9263     9.9267  36.987563  36.989449     9.9149     9.9153    33.8974    33.8990    26.1053    26.1065     3.9050     3.6432    118.929    110.954     1.3724     1.2625     0.0403    -0.0177     3.1722     0.0330     0.0000 -120.12586   34.31188      99.61         15  0.000e+00
      84229   3509.500     99.786    100.530     9.9260     9.9268  36.987691  36.989321     9.9146     9.9154    33.8978    33.8987    26.1057    26.1063     3.9050     3.6432    118.929    110.954     1.3724     1.2625     0.0403    -0.0177     3.1722     0.0330     0.0000 -120.12586   34.31188      99.61         15  0.000e+00
      84230   3509.542     99.845    100.590     9.9262     9.9269  36.987820  36.989449     9.9148     9.9155    33.8978    33.8988    26.1056    26.1063     3.9051     3.6432    118.930    110.955     1.3724     1.2625     0.0403    -0.0177     3.1722     0.0330     0.0000 -120.12586   34.31188      99.61         15  0.000e+00
      84231   3509.583     99.786    100.530     9.9262     9.9270  36.987563  36.989064     9.9148     9.9156    33.8975    33.8983    26.1054    26.1059     3.9050     3.6432    118.929    110.954     1.3724     1.2625     0.0403    -0.0177     3.1709     0.0330     0.0000 -120.12586   34.31188      99.61         15  0.000e+00
      84232   3509.625     99.792    100.537     9.9260     9.9270  36.988270  36.989385     9.9146     9.9156    33.8984    33.8986    26.1061    26.1061     3.9050     3.6432    118.929    110.954     1.3724     1.2625     0.0403    -0.0177     3.1722     0.0330     0.0000 -120.12586   34.31188      99.61         15  0.000e+00
      84233   3509.667     99.839    100.583     9.9260     9.9271  36.987756  36.989578     9.9146     9.9157    33.8978    33.8987    26.1057    26.1062     3.9051     3.6432    118.930    110.954     1.3724     1.2625     0.0403    -0.0177     3.1709     0.0330     0.0000 -120.12586   34.31188      99.61         15  0.000e+00
