West Coast/WCOA-7/CTD_Data/RB2102_CTD_086_01.ros
* Sea-Bird SBE 9 Data File:
* FileName = C:\Users\scs.user.rb\CTD\RB2102\Data\RB2102_CTD_086_01.hex
* Software Version Seasave V 7.26.7.107
* Temperature SN = 6202
* Conductivity SN = 4907
* Number of Bytes Per Scan = 41
* Number of Voltage Words = 4
* Number of Scans Averaged by the Deck Unit = 1
* NMEA Latitude = 37 49.43 N
* NMEA Longitude = 122 23.55 W
* NMEA UTC (Time) = Jul 12 2021  16:02:21
* NMEA baud rate = 4800
# nquan = 30
# nvalues = 441                                   
# units = specified
# name 0 = scan: Scan Count
# name 1 = timeS: Time, Elapsed [seconds]
# name 2 = depSM: Depth [salt water, m]
# name 3 = prDM: Pressure, Digiquartz [db]
# name 4 = t090C: Temperature [ITS-90, deg C]
# name 5 = t190C: Temperature, 2 [ITS-90, deg C]
# name 6 = c0mS/cm: Conductivity [mS/cm]
# name 7 = c1mS/cm: Conductivity, 2 [mS/cm]
# name 8 = potemp090C: Potential Temperature [ITS-90, deg C]
# name 9 = potemp190C: Potential Temperature, 2 [ITS-90, deg C]
# name 10 = sal00: Salinity, Practical [PSU]
# name 11 = sal11: Salinity, Practical, 2 [PSU]
# name 12 = sigma-é00: Density [sigma-theta, kg/m^3]
# name 13 = sigma-é11: Density, 2 [sigma-theta, kg/m^3]
# name 14 = sbeox0Mg/L: Oxygen, SBE 43 [mg/l]
# name 15 = sbeox1Mg/L: Oxygen, SBE 43, 2 [mg/l]
# name 16 = sbox0Mm/Kg: Oxygen, SBE 43 [umol/kg]
# name 17 = sbox1Mm/Kg: Oxygen, SBE 43, 2 [umol/kg]
# name 18 = sbeox0V: Oxygen raw, SBE 43 [V]
# name 19 = sbeox1V: Oxygen raw, SBE 43, 2 [V]
# name 20 = v4: Voltage 4
# name 21 = flECO-AFL: Fluorescence, WET Labs ECO-AFL/FL [mg/m^3]
# name 22 = v3: Voltage 3
# name 23 = v6: Voltage 6
# name 24 = v7: Voltage 7
# name 25 = longitude: Longitude [deg]
# name 26 = latitude: Latitude [deg]
# name 27 = altM: Altimeter [m]
# name 28 = nbf: Bottles Fired
# name 29 = flag:  0.000e+00
# interval = seconds: 0.0416667
# start_time = Jul 12 2021 16:02:21 [NMEA time, header]
# bad_flag = -9.990e-29
*END*
[from data line 339]
      19328    805.292      3.645      3.673    18.4790    18.4917  43.053016  43.063819    18.4784    18.4911    32.2015    32.2006    23.0132    23.0094     7.0101     7.2062    214.142    220.132     2.3895     2.3150     0.1514     2.7601     3.3468     0.0513     0.2625 -122.39218   37.82362      19.61          7  0.000e+00
      19329    805.333      3.698      3.726    18.4788    18.4921  43.053494  43.063819    18.4782    18.4914    32.2020    32.2003    23.0136    23.0091     7.0102     7.2013    214.143    219.984     2.3895     2.3138     0.1526     2.7906     3.3468     0.0513     0.2625 -122.39218   37.82362      19.61          7  0.000e+00
      19330    805.375      3.698      3.726    18.4784    18.4922  43.053904  43.063819    18.4778    18.4915    32.2027    32.2002    23.0143    23.0090     7.0102     7.2013    214.144    219.983     2.3895     2.3138     0.1514     2.7601     3.3455     0.0513     0.2625 -122.39218   37.82362      19.61          7  0.000e+00
      19331    805.417      3.698      3.726    18.4780    18.4919  43.053494  43.064024    18.4773    18.4912    32.2027    32.2006    23.0144    23.0094     7.0103     7.2014    214.146    219.984     2.3895     2.3138     0.1514     2.7601     3.3455     0.0513     0.2637 -122.39218   37.82362      19.61          7  0.000e+00
      19362    806.708      3.890      3.919    18.4539    18.4811  43.043524  43.057061    18.4532    18.4805    32.2131    32.2031    23.0283    23.0139     7.0042     7.2078    213.958    220.181     2.3871     2.3150     0.1502     2.7296     3.3455     0.0171     0.2344 -122.39218   37.82362      19.63          8  0.000e+00
      19363    806.750      3.744      3.773    18.4525    18.4811  43.043387  43.057401    18.4519    18.4805    32.2141    32.2034    23.0294    23.0142     6.9997     7.2077    213.821    220.176     2.3858     2.3150     0.1502     2.7296     3.3455     0.0171     0.2357 -122.39218   37.82362      19.63          8  0.000e+00
      19364    806.792      3.797      3.826    18.4532    18.4810  43.043388  43.057265    18.4525    18.4803    32.2136    32.2034    23.0288    23.0142     6.9997     7.2029    213.820    220.030     2.3858     2.3138     0.1502     2.7296     3.3455     0.0171     0.2357 -122.39218   37.82362      19.63          8  0.000e+00
      19365    806.833      3.890      3.919    18.4544    18.4810  43.042226  43.056856    18.4537    18.4803    32.2116    32.2031    23.0270    23.0140     6.9997     7.2030    213.820    220.033     2.3858     2.3138     0.1502     2.7296     3.3455     0.0171     0.2357 -122.39218   37.82362      19.63          8  0.000e+00
      19366    806.875      3.797      3.826    18.4546    18.4808  43.042089  43.057060    18.4539    18.4801    32.2114    32.2034    23.0268    23.0143     6.9996     7.2078    213.818    220.179     2.3858     2.3150     0.1502     2.7296     3.3455     0.0171     0.2369 -122.39218   37.82362      19.63          8  0.000e+00
      19367    806.917      3.797      3.826    18.4551    18.4808  43.042226  43.057197    18.4544    18.4801    32.2111    32.2035    23.0265    23.0144     6.9951     7.2078    213.678    220.179     2.3846     2.3150     0.1502     2.7296     3.3455     0.0183     0.2369 -122.39218   37.82362      19.63          8  0.000e+00
      19368    806.958      3.890      3.919    18.4552    18.4810  43.042226  43.056856    18.4546    18.4803    32.2109    32.2031    23.0263    23.0140     6.9996     7.2079    213.818    220.182     2.3858     2.3150     0.1502     2.7296     3.3455     0.0171     0.2369 -122.39218   37.82362      19.63          8  0.000e+00
      19369    807.000      3.797      3.826    18.4563    18.4806  43.041953  43.056241    18.4556    18.4800    32.2099    32.2028    23.0253    23.0139     6.9949     7.2030    213.675    220.032     2.3846     2.3138     0.1502     2.7296     3.3455     0.0183     0.2369 -122.39218   37.82362      19.63          8  0.000e+00
      19370    807.042      3.844      3.873    18.4575    18.4806  43.041884  43.056583    18.4568    18.4799    32.2089    32.2031    23.0242    23.0141     6.9949     7.2030    213.673    220.033     2.3846     2.3138     0.1502     2.7296     3.3455     0.0183     0.2369 -122.39218   37.82362      19.63          8  0.000e+00
      19371    807.083      3.811      3.839    18.4580    18.4803  43.041884  43.057060    18.4573    18.4796    32.2085    32.2038    23.0238    23.0147     6.9903     7.2030    213.533    220.033     2.3834     2.3138     0.1490     2.6991     3.3443     0.0171     0.2369 -122.39218   37.82362      19.63          8  0.000e+00
      19372    807.125      3.797      3.826    18.4577    18.4803  43.041884  43.056856    18.4570    18.4796    32.2088    32.2036    23.0241    23.0146     6.9903     7.2079    213.534    220.181     2.3834     2.3150     0.1502     2.7296     3.3468     0.0171     0.2369 -122.39218   37.82362      19.61          8  0.000e+00
      19373    807.167      3.844      3.873    18.4577    18.4803  43.042704  43.056514    18.4570    18.4796    32.2095    32.2033    23.0246    23.0143     6.9903     7.2030    213.534    220.035     2.3834     2.3138     0.1563     2.8822     3.3443     0.0183     0.2369 -122.39218   37.82362      19.61          8  0.000e+00
      19374    807.208      3.844      3.873    18.4580    18.4794  43.042977  43.056446    18.4573    18.4787    32.2094    32.2039    23.0245    23.0150     6.9903     7.2080    213.533    220.186     2.3834     2.3150     0.1575     2.9127     3.3468     0.0171     0.2369 -122.39218   37.82362      19.61          8  0.000e+00
      19375    807.250      3.844      3.873    18.4575    18.4789  43.042704  43.056105    18.4568    18.4782    32.2096    32.2041    23.0248    23.0152     6.9903     7.2081    213.535    220.188     2.3834     2.3150     0.1587     2.9433     3.3443     0.0171     0.2369 -122.39218   37.82362      19.61          8  0.000e+00
      19376    807.292      3.797      3.826    18.4571    18.4787  43.042294  43.055763    18.4565    18.4781    32.2096    32.2039    23.0248    23.0152     6.9904     7.2081    213.535    220.188     2.3834     2.3150     0.1587     2.9433     3.3455     0.0171     0.2369 -122.39218   37.82362      19.61          8  0.000e+00
      19377    807.333      3.844      3.873    18.4573    18.4778  43.042499  43.055695    18.4566    18.4771    32.2096    32.2046    23.0248    23.0159     6.9904     7.2082    213.536    220.192     2.3834     2.3150     0.1575     2.9127     3.3443     0.0171     0.2369 -122.39218   37.82362      19.61          8  0.000e+00
      19378    807.375      3.797      3.826    18.4573    18.4775  43.042021  43.055149    18.4566    18.4768    32.2092    32.2044    23.0245    23.0158     6.9903     7.2082    213.535    220.192     2.3834     2.3150     0.1575     2.9127     3.3455     0.0171     0.2357 -122.39218   37.82362      19.61          8  0.000e+00
      19379    807.417      3.844      3.873    18.4577    18.4771  43.042431  43.055217    18.4570    18.4764    32.2092    32.2047    23.0244    23.0162     6.9903     7.2083    213.535    220.195     2.3834     2.3150     0.1587     2.9433     3.3455     0.0171     0.2357 -122.39218   37.82362      19.61          8  0.000e+00
      19380    807.458      3.797      3.826    18.4580    18.4782  43.042635  43.055831    18.4573    18.4776    32.2092    32.2044    23.0243    23.0156     6.9903     7.2033    213.532    220.041     2.3834     2.3138     0.1587     2.9433     3.3468     0.0171     0.2357 -122.39218   37.82362      19.61          8  0.000e+00
      19381    807.500      3.844      3.873    18.4582    18.4785  43.042841  43.055490    18.4575    18.4778    32.2092    32.2038    23.0242    23.0152     6.9903     7.2033    213.533    220.041     2.3834     2.3138     0.1587     2.9433     3.3455     0.0171     0.2357 -122.39218   37.82362      19.61          8  0.000e+00
      19382    807.542      3.844      3.873    18.4580    18.4787  43.042362  43.055832    18.4573    18.4780    32.2089    32.2040    23.0241    23.0152     6.9903     7.2032    213.534    220.040     2.3834     2.3138     0.1587     2.9433     3.3455     0.0171     0.2369 -122.39218   37.82362      19.61          8  0.000e+00
      19383    807.583      3.764      3.792    18.4559    18.4787  43.041611  43.055763    18.4553    18.4781    32.2099    32.2039    23.0254    23.0152     6.9905     7.2080    213.538    220.187     2.3834     2.3150     0.1575     2.9127     3.3455     0.0171     0.2369 -122.39218   37.82362      19.61          8  0.000e+00
      19384    807.625      3.797      3.826    18.4565    18.4785  43.042567  43.055422    18.4558    18.4778    32.2103    32.2038    23.0255    23.0151     6.9904     7.2032    213.537    220.040     2.3834     2.3138     0.1587     2.9433     3.3455     0.0171     0.2369 -122.39218   37.82362      19.63          8  0.000e+00
      19385    807.667      3.844      3.872    18.4577    18.4782  43.043524  43.055354    18.4570    18.4776    32.2102    32.2040    23.0251    23.0153     6.9903     7.2082    213.533    220.191     2.3834     2.3150     0.1587     2.9433     3.3455     0.0171     0.2369 -122.39218   37.82362      19.63          8  0.000e+00
      19386    807.708      3.797      3.826    18.4590    18.4778  43.043728  43.054739    18.4584    18.4772    32.2093    32.2038    23.0241    23.0153     6.9901     7.2082    213.528    220.192     2.3834     2.3150     0.1587     2.9433     3.3455     0.0171     0.2369 -122.39218   37.82362      19.66          8  0.000e+00
      19387    807.750      3.797      3.826    18.4604    18.4776  43.044548  43.054876    18.4598    18.4770    32.2089    32.2040    23.0235    23.0155     6.9899     7.2082    213.523    220.192     2.3834     2.3150     0.1587     2.9433     3.3455     0.0171     0.2381 -122.39218   37.82362      19.66          8  0.000e+00
      19388    807.792      3.797      3.826    18.4613    18.4773  43.044821  43.054671    18.4606    18.4767    32.2084    32.2041    23.0229    23.0157     6.9899     7.2083    213.520    220.193     2.3834     2.3150     0.1575     2.9127     3.3455     0.0171     0.2381 -122.39218   37.82362      19.63          8  0.000e+00
      19389    807.833      3.797      3.826    18.4615    18.4765  43.045367  43.053783    18.4608    18.4758    32.2087    32.2040    23.0231    23.0158     6.9898     7.2035    213.519    220.049     2.3834     2.3138     0.1587     2.9433     3.3455     0.0171     0.2381 -122.39218   37.82362      19.66          8  0.000e+00
      19390    807.875      3.744      3.772    18.4615    18.4749  43.045299  43.053510    18.4608    18.4742    32.2087    32.2051    23.0231    23.0170     6.9898     7.2037    213.517    220.053     2.3834     2.3138     0.1587     2.9433     3.3455     0.0171     0.2381 -122.39218   37.82362      19.66          8  0.000e+00
      19391    807.917      3.797      3.826    18.4615    18.4737  43.045436  43.052350    18.4608    18.4731    32.2088    32.2050    23.0231    23.0172     6.9898     7.2039    213.519    220.059     2.3834     2.3138     0.1587     2.9433     3.3455     0.0171     0.2381 -122.39218   37.82362      19.66          8  0.000e+00
      19392    807.958      3.797      3.826    18.4600    18.4723  43.044753  43.052213    18.4594    18.4716    32.2093    32.2060    23.0239    23.0183     6.9900     7.2040    213.524    220.064     2.3834     2.3138     0.1587     2.9433     3.3455     0.0171     0.2381 -122.39218   37.82362      19.66          8  0.000e+00
      19393    808.000      3.797      3.826    18.4582    18.4706  43.043045  43.051804    18.4575    18.4699    32.2094    32.2070    23.0244    23.0195     6.9902     7.2043    213.531    220.070     2.3834     2.3138     0.1587     2.9433     3.3443     0.0171     0.2381 -122.39218   37.82362      19.66          8  0.000e+00
      19394    808.042      3.744      3.772    18.4570    18.4695  43.041816  43.050848    18.4563    18.4688    32.2093    32.2071    23.0246    23.0198     6.9903     7.2044    213.535    220.073     2.3834     2.3138     0.1575     2.9127     3.3455     0.0171     0.2381 -122.39218   37.82362      19.66          8  0.000e+00
      19395    808.083      3.797      3.826    18.4568    18.4697  43.042021  43.051121    18.4561    18.4690    32.2096    32.2071    23.0249    23.0198     6.9904     7.2044    213.536    220.074     2.3834     2.3138     0.1575     2.9127     3.3455     0.0171     0.2381 -122.39218   37.82362      19.66          8  0.000e+00
      19396    808.125      3.764      3.792    18.4582    18.4704  43.043045  43.051257    18.4575    18.4697    32.2094    32.2067    23.0244    23.0194     6.9947     7.1994    213.668    219.922     2.3846     2.3126     0.1575     2.9127     3.3455     0.0171     0.2381 -122.39218   37.82362      19.66          8  0.000e+00
      19397    808.167      3.744      3.772    18.4597    18.4715  43.044206  43.051803    18.4591    18.4708    32.2091    32.2063    23.0238    23.0188     6.9900     7.1992    213.524    219.917     2.3834     2.3126     0.1587     2.9433     3.3443     0.0171     0.2381 -122.39218   37.82362      19.66          8  0.000e+00
      19398    808.208      3.797      3.826    18.4611    18.4721  43.045026  43.052213    18.4604    18.4715    32.2087    32.2061    23.0232    23.0185     6.9944     7.1992    213.658    219.916     2.3846     2.3126     0.1575     2.9127     3.3455     0.0171     0.2381 -122.39218   37.82362      19.66          8  0.000e+00
      19399    808.250      3.744      3.772    18.4615    18.4724  43.044889  43.052896    18.4608    18.4718    32.2084    32.2065    23.0228    23.0186     6.9943     7.1991    213.655    219.913     2.3846     2.3126     0.1526     2.7906     3.3455     0.0171     0.2381 -122.39218   37.82362      19.66          8  0.000e+00
      19400    808.292      3.744      3.772    18.4615    18.4730  43.044547  43.053101    18.4608    18.4723    32.2081    32.2062    23.0226    23.0183     6.9943     7.1990    213.656    219.911     2.3846     2.3126     0.1477     2.6685     3.3455     0.0171     0.2369 -122.39218   37.82362      19.66          8  0.000e+00
      19401    808.333      3.744      3.772    18.4609    18.4730  43.044684  43.053101    18.4603    18.4723    32.2086    32.2062    23.0231    23.0183     6.9943     7.1990    213.657    219.911     2.3846     2.3126     0.1477     2.6685     3.3443     0.0171     0.2381 -122.39218   37.82362      19.66          8  0.000e+00
      19402    808.375      3.797      3.826    18.4608    18.4730  43.044821  43.053101    18.4601    18.4723    32.2088    32.2062    23.0233    23.0183     6.9989     7.1991    213.796    219.912     2.3858     2.3126     0.1477     2.6685     3.3455     0.0171     0.2381 -122.39218   37.82362      19.68          8  0.000e+00
      19403    808.417      3.698      3.726    18.4604    18.4718  43.044547  43.052281    18.4598    18.4712    32.2089    32.2064    23.0235    23.0188     6.9944     7.1991    213.658    219.914     2.3846     2.3126     0.1490     2.6991     3.3455     0.0171     0.2369 -122.39218   37.82362      19.68          8  0.000e+00
      19404    808.458      3.744      3.772    18.4602    18.4713  43.044684  43.052281    18.4596    18.4706    32.2091    32.2069    23.0237    23.0193     6.9944     7.1993    213.659    219.917     2.3846     2.3126     0.1490     2.6991     3.3455     0.0171     0.2369 -122.39218   37.82362      19.71          8  0.000e+00
