West Coast/WCOA-7/CTD_Data/RB2102_CTD_097_01.ros
* Sea-Bird SBE 9 Data File:
* FileName = C:\Users\scs.user.rb\CTD\RB2102\Data\RB2102_CTD_097_01.hex
* Software Version Seasave V 7.26.7.107
* Temperature SN = 6202
* Conductivity SN = 4907
* Number of Bytes Per Scan = 41
* Number of Voltage Words = 4
* Number of Scans Averaged by the Deck Unit = 1
* NMEA Latitude = 36 27.66 N
* NMEA Longitude = 122 46.87 W
* NMEA UTC (Time) = Jul 14 2021  09:37:52
* NMEA baud rate = 4800
# nquan = 30
# nvalues = 1176                                  
# units = specified
# name 0 = scan: Scan Count
# name 1 = timeS: Time, Elapsed [seconds]
# name 2 = depSM: Depth [salt water, m]
# name 3 = prDM: Pressure, Digiquartz [db]
# name 4 = t090C: Temperature [ITS-90, deg C]
# name 5 = t190C: Temperature, 2 [ITS-90, deg C]
# name 6 = c0mS/cm: Conductivity [mS/cm]
# name 7 = c1mS/cm: Conductivity, 2 [mS/cm]
# name 8 = potemp090C: Potential Temperature [ITS-90, deg C]
# name 9 = potemp190C: Potential Temperature, 2 [ITS-90, deg C]
# name 10 = sal00: Salinity, Practical [PSU]
# name 11 = sal11: Salinity, Practical, 2 [PSU]
# name 12 = sigma-é00: Density [sigma-theta, kg/m^3]
# name 13 = sigma-é11: Density, 2 [sigma-theta, kg/m^3]
# name 14 = sbeox0Mg/L: Oxygen, SBE 43 [mg/l]
# name 15 = sbeox1Mg/L: Oxygen, SBE 43, 2 [mg/l]
# name 16 = sbox0Mm/Kg: Oxygen, SBE 43 [umol/kg]
# name 17 = sbox1Mm/Kg: Oxygen, SBE 43, 2 [umol/kg]
# name 18 = sbeox0V: Oxygen raw, SBE 43 [V]
# name 19 = sbeox1V: Oxygen raw, SBE 43, 2 [V]
# name 20 = v4: Voltage 4
# name 21 = flECO-AFL: Fluorescence, WET Labs ECO-AFL/FL [mg/m^3]
# name 22 = v3: Voltage 3
# name 23 = v6: Voltage 6
# name 24 = v7: Voltage 7
# name 25 = longitude: Longitude [deg]
# name 26 = latitude: Latitude [deg]
# name 27 = altM: Altimeter [m]
# name 28 = nbf: Bottles Fired
# name 29 = flag:  0.000e+00
# interval = seconds: 0.0416667
# start_time = Jul 14 2021 09:37:52 [NMEA time, header]
# bad_flag = -9.990e-29
*END*
[from data line 387]
     186364   7765.125    495.871    500.145     6.2789     6.2806  34.190302  34.192507     6.2343     6.2360    34.2665    34.2673    26.9431    26.9435     0.4831     0.5081     14.702     15.463     0.5824     0.5958     0.0403    -0.0177     3.2161     0.1245     0.0183 -122.78342   36.45912     100.00          8  0.000e+00
     186365   7765.167    495.871    500.145     6.2789     6.2803  34.190863  34.192694     6.2343     6.2357    34.2671    34.2678    26.9436    26.9439     0.4831     0.5081     14.702     15.463     0.5824     0.5958     0.0403    -0.0177     3.2161     0.1233     0.0183 -122.78342   36.45912     100.00          8  0.000e+00
     186366   7765.208    495.871    500.145     6.2789     6.2806  34.190489  34.192756     6.2343     6.2360    34.2667    34.2675    26.9433    26.9437     0.4893     0.5081     14.889     15.463     0.5836     0.5958     0.0403    -0.0177     3.2173     0.1245     0.0183 -122.78342   36.45912     100.00          8  0.000e+00
     186367   7765.250    495.818    500.091     6.2789     6.2804  34.190614  34.192320     6.2343     6.2359    34.2669    34.2672    26.9434    26.9435     0.4831     0.5081     14.702     15.463     0.5824     0.5958     0.0403    -0.0177     3.2161     0.1245     0.0171 -122.78342   36.45912     100.00          8  0.000e+00
     186368   7765.292    495.918    500.192     6.2789     6.2805  34.190738  34.192569     6.2343     6.2359    34.2670    34.2674    26.9435    26.9436     0.4893     0.5081     14.890     15.463     0.5836     0.5958     0.0403    -0.0177     3.2173     0.1245     0.0183 -122.78342   36.45912     100.00          8  0.000e+00
     191244   7968.458    394.916    398.222     7.0270     7.0289  34.810561  34.812574     6.9895     6.9914    34.2553    34.2556    26.8336    26.8335     0.6952     0.7204     21.158     21.924     0.6288     0.6386     0.0415     0.0129     3.2149     0.1306     0.0183 -122.78342   36.45912     100.00          9  0.000e+00
     191245   7968.500    395.029    398.336     7.0270     7.0289  34.810750  34.812950     6.9895     6.9914    34.2555    34.2560    26.8337    26.8338     0.6952     0.7204     21.158     21.924     0.6288     0.6386     0.0415     0.0129     3.2149     0.1294     0.0183 -122.78342   36.45912     100.00          9  0.000e+00
     191246   7968.542    394.916    398.222     7.0271     7.0290  34.811063  34.813075     6.9896     6.9916    34.2557    34.2560    26.8339    26.8338     0.6892     0.7204     20.976     21.924     0.6276     0.6386     0.0415     0.0129     3.2149     0.1294     0.0183 -122.78342   36.45912     100.00          9  0.000e+00
     191247   7968.583    394.982    398.289     7.0270     7.0288  34.810687  34.812637     6.9895     6.9914    34.2554    34.2557    26.8337    26.8336     0.6892     0.7139     20.976     21.725     0.6276     0.6374     0.0415     0.0129     3.2161     0.1294     0.0183 -122.78342   36.45912     100.00          9  0.000e+00
     191248   7968.625    395.016    398.323     7.0269     7.0289  34.810562  34.812699     6.9894     6.9914    34.2553    34.2557    26.8336    26.8336     0.6892     0.7139     20.976     21.725     0.6276     0.6374     0.0415     0.0129     3.2161     0.1294     0.0171 -122.78342   36.45912     100.00          9  0.000e+00
     191249   7968.667    394.929    398.235     7.0268     7.0289  34.810561  34.812511     6.9894     6.9914    34.2555    34.2555    26.8337    26.8335     0.6952     0.7204     21.158     21.924     0.6288     0.6386     0.0415     0.0129     3.2149     0.1294     0.0183 -122.78342   36.45912     100.00          9  0.000e+00
     191250   7968.708    394.962    398.269     7.0268     7.0287  34.810561  34.812699     6.9893     6.9912    34.2555    34.2559    26.8337    26.8338     0.6892     0.7204     20.976     21.924     0.6276     0.6386     0.0415     0.0129     3.2149     0.1294     0.0183 -122.78342   36.45912     100.00          9  0.000e+00
     191251   7968.750    395.016    398.323     7.0266     7.0287  34.810562  34.812762     6.9892     6.9912    34.2556    34.2560    26.8339    26.8339     0.6892     0.7204     20.976     21.924     0.6276     0.6386     0.0415     0.0129     3.2149     0.1294     0.0183 -122.78342   36.45912     100.00          9  0.000e+00
     191252   7968.792    394.982    398.289     7.0266     7.0287  34.810310  34.812762     6.9892     6.9912    34.2553    34.2560    26.8336    26.8339     0.6892     0.7204     20.976     21.924     0.6276     0.6386     0.0415     0.0129     3.2161     0.1294     0.0183 -122.78342   36.45912     100.00          9  0.000e+00
     191253   7968.833    395.062    398.370     7.0268     7.0287  34.809997  34.813013     6.9893     6.9912    34.2548    34.2562    26.8332    26.8341     0.6892     0.7139     20.976     21.726     0.6276     0.6374     0.0415     0.0129     3.2161     0.1294     0.0183 -122.78342   36.45912     100.00          9  0.000e+00
     191254   7968.875    395.029    398.336     7.0266     7.0287  34.810624  34.812574     6.9892     6.9912    34.2557    34.2557    26.8339    26.8337     0.6892     0.7204     20.976     21.924     0.6276     0.6386     0.0415     0.0129     3.2161     0.1294     0.0183 -122.78342   36.45912     100.00          9  0.000e+00
     191255   7968.917    395.016    398.323     7.0270     7.0287  34.810875  34.812699     6.9895     6.9912    34.2556    34.2559    26.8338    26.8338     0.6952     0.7204     21.158     21.924     0.6288     0.6386     0.0415     0.0129     3.2149     0.1306     0.0183 -122.78342   36.45912     100.00          9  0.000e+00
     191256   7968.958    395.062    398.370     7.0271     7.0286  34.810624  34.812762     6.9896     6.9911    34.2552    34.2561    26.8334    26.8340     0.6892     0.7204     20.976     21.924     0.6276     0.6386     0.0415     0.0129     3.2161     0.1306     0.0183 -122.78342   36.45912     100.00          9  0.000e+00
     191257   7969.000    395.082    398.390     7.0268     7.0286  34.810750  34.812574     6.9893     6.9911    34.2556    34.2559    26.8338    26.8338     0.6892     0.7204     20.976     21.924     0.6276     0.6386     0.0415     0.0129     3.2149     0.1306     0.0183 -122.78342   36.45912     100.00          9  0.000e+00
     191258   7969.042    395.062    398.370     7.0269     7.0285  34.810875  34.812888     6.9894     6.9910    34.2556    34.2563    26.8338    26.8341     0.6952     0.7204     21.158     21.924     0.6288     0.6386     0.0415     0.0129     3.2149     0.1306     0.0183 -122.78342   36.45912     100.00          9  0.000e+00
     191259   7969.083    395.082    398.390     7.0271     7.0287  34.810373  34.812825     6.9896     6.9912    34.2549    34.2560    26.8332    26.8339     0.6892     0.7139     20.976     21.726     0.6276     0.6374     0.0415     0.0129     3.2149     0.1306     0.0183 -122.78342   36.45912     100.00          9  0.000e+00
     191260   7969.125    395.109    398.417     7.0269     7.0286  34.810248  34.812574     6.9894     6.9911    34.2549    34.2559    26.8333    26.8338     0.6952     0.7204     21.158     21.924     0.6288     0.6386     0.0415     0.0129     3.2149     0.1319     0.0195 -122.78342   36.45912     100.00          9  0.000e+00
     191261   7969.167    395.082    398.390     7.0270     7.0285  34.810499  34.812449     6.9895     6.9910    34.2552    34.2558    26.8335    26.8337     0.6892     0.7204     20.976     21.924     0.6276     0.6386     0.0415     0.0129     3.2149     0.1319     0.0183 -122.78342   36.45912     100.00          9  0.000e+00
     191262   7969.208    395.162    398.471     7.0266     7.0284  34.810311  34.812261     6.9891     6.9909    34.2553    34.2557    26.8336    26.8337     0.6893     0.7204     20.977     21.925     0.6276     0.6386     0.0415     0.0129     3.2149     0.1319     0.0183 -122.78342   36.45912     100.00          9  0.000e+00
     191263   7969.250    395.109    398.417     7.0269     7.0284  34.810248  34.812386     6.9894     6.9909    34.2549    34.2558    26.8333    26.8338     0.6952     0.7204     21.158     21.925     0.6288     0.6386     0.0415     0.0129     3.2149     0.1306     0.0183 -122.78342   36.45912     100.00          9  0.000e+00
     191264   7969.292    395.176    398.484     7.0266     7.0282  34.809997  34.811697     6.9891     6.9907    34.2549    34.2552    26.8333    26.8333     0.6952     0.7139     21.159     21.726     0.6288     0.6374     0.0415     0.0129     3.2149     0.1294     0.0183 -122.78342   36.45912     100.00          9  0.000e+00
     191265   7969.333    395.162    398.471     7.0266     7.0280  34.810374  34.812261     6.9891     6.9905    34.2553    34.2560    26.8336    26.8340     0.6893     0.7139     20.977     21.726     0.6276     0.6374     0.0415     0.0129     3.2161     0.1294     0.0171 -122.78342   36.45912     100.00          9  0.000e+00
     191266   7969.375    395.176    398.484     7.0270     7.0281  34.810311  34.812449     6.9895     6.9906    34.2549    34.2562    26.8333    26.8341     0.6893     0.7204     20.977     21.925     0.6276     0.6386     0.0415     0.0129     3.2149     0.1294     0.0171 -122.78342   36.45912     100.00          9  0.000e+00
     191267   7969.417    395.209    398.518     7.0266     7.0281  34.810248  34.812261     6.9891     6.9906    34.2552    34.2559    26.8335    26.8339     0.6893     0.7204     20.977     21.925     0.6276     0.6386     0.0415     0.0129     3.2149     0.1282     0.0171 -122.78342   36.45912     100.00          9  0.000e+00
     191268   7969.458    395.162    398.471     7.0268     7.0279  34.810248  34.812386     6.9893     6.9904    34.2550    34.2563    26.8334    26.8342     0.6893     0.7139     20.977     21.726     0.6276     0.6374     0.0415     0.0129     3.2149     0.1282     0.0171 -122.78342   36.45912     100.00          9  0.000e+00
     191269   7969.500    395.276    398.585     7.0266     7.0279  34.810249  34.811948     6.9891     6.9904    34.2551    34.2558    26.8335    26.8338     0.6893     0.7139     20.977     21.727     0.6276     0.6374     0.0415     0.0129     3.2161     0.1282     0.0171 -122.78342   36.45912     100.00          9  0.000e+00
     191270   7969.542    395.209    398.518     7.0266     7.0277  34.809997  34.811822     6.9891     6.9902    34.2549    34.2558    26.8333    26.8339     0.6893     0.7204     20.977     21.925     0.6276     0.6386     0.0415     0.0129     3.2161     0.1282     0.0171 -122.78342   36.45912     100.00          9  0.000e+00
     191271   7969.583    395.229    398.538     7.0264     7.0277  34.809935  34.812261     6.9889     6.9902    34.2550    34.2563    26.8334    26.8342     0.6893     0.7204     20.977     21.925     0.6276     0.6386     0.0415     0.0129     3.2137     0.1294     0.0171 -122.78342   36.45912     100.00          9  0.000e+00
     191272   7969.625    395.262    398.572     7.0265     7.0279  34.809935  34.812199     6.9890     6.9904    34.2549    34.2560    26.8334    26.8340     0.6893     0.7204     20.977     21.925     0.6276     0.6386     0.0415     0.0129     3.2161     0.1282     0.0171 -122.78342   36.45912     100.00          9  0.000e+00
     191273   7969.667    395.276    398.585     7.0263     7.0276  34.810186  34.812136     6.9888     6.9901    34.2554    34.2563    26.8337    26.8342     0.6893     0.7204     20.977     21.925     0.6276     0.6386     0.0415     0.0129     3.2149     0.1282     0.0171 -122.78342   36.45912     100.00          9  0.000e+00
     191274   7969.708    395.362    398.672     7.0262     7.0276  34.809998  34.812136     6.9886     6.9901    34.2553    34.2562    26.8337    26.8342     0.6953     0.7204     21.159     21.926     0.6288     0.6386     0.0415     0.0129     3.2149     0.1282     0.0171 -122.78342   36.45912     100.00          9  0.000e+00
     191275   7969.750    395.309    398.619     7.0261     7.0277  34.810123  34.811948     6.9886     6.9902    34.2555    34.2559    26.8338    26.8339     0.6953     0.7204     21.159     21.925     0.6288     0.6386     0.0415     0.0129     3.2149     0.1282     0.0171 -122.78342   36.45912     100.00          9  0.000e+00
     191276   7969.792    395.329    398.639     7.0262     7.0279  34.810249  34.812073     6.9887     6.9904    34.2556    34.2559    26.8339    26.8339     0.6953     0.7139     21.159     21.727     0.6288     0.6374     0.0415     0.0129     3.2149     0.1294     0.0183 -122.78342   36.45912     100.00          9  0.000e+00
     191277   7969.833    395.362    398.672     7.0263     7.0276  34.809998  34.811885     6.9888     6.9901    34.2551    34.2559    26.8335    26.8340     0.6953     0.7204     21.159     21.926     0.6288     0.6386     0.0415     0.0129     3.2161     0.1294     0.0171 -122.78342   36.45912     100.00          9  0.000e+00
     191278   7969.875    395.375    398.686     7.0263     7.0279  34.810124  34.812074     6.9888     6.9904    34.2552    34.2559    26.8336    26.8339     0.6953     0.7204     21.159     21.926     0.6288     0.6386     0.0415     0.0129     3.2149     0.1282     0.0171 -122.78342   36.45912     100.00          9  0.000e+00
     191279   7969.917    395.362    398.672     7.0263     7.0277  34.810249  34.812387     6.9888     6.9902    34.2554    34.2563    26.8338    26.8343     0.6953     0.7204     21.159     21.926     0.6288     0.6386     0.0415     0.0129     3.2149     0.1294     0.0171 -122.78342   36.45912     100.00          9  0.000e+00
     191280   7969.958    395.362    398.672     7.0263     7.0279  34.810249  34.812011     6.9888     6.9904    34.2554    34.2558    26.8337    26.8338     0.6953     0.7204     21.159     21.926     0.6288     0.6386     0.0415     0.0129     3.2161     0.1294     0.0171 -122.78342   36.45912     100.00          9  0.000e+00
     191281   7970.000    395.429    398.740     7.0263     7.0277  34.810249  34.812262     6.9888     6.9902    34.2553    34.2562    26.8337    26.8342     0.6953     0.7204     21.159     21.926     0.6288     0.6386     0.0415     0.0129     3.2149     0.1294     0.0171 -122.78342   36.45912     100.00          9  0.000e+00
     191282   7970.042    395.455    398.767     7.0263     7.0281  34.810438  34.812638     6.9888     6.9905    34.2556    34.2562    26.8339    26.8342     0.6953     0.7204     21.159     21.926     0.6288     0.6386     0.0415     0.0129     3.2149     0.1294     0.0183 -122.78342   36.45912     100.00          9  0.000e+00
     191283   7970.083    395.429    398.740     7.0265     7.0279  34.809810  34.812325     6.9890     6.9904    34.2547    34.2561    26.8332    26.8341     0.6953     0.7204     21.159     21.926     0.6288     0.6386     0.0403    -0.0177     3.2161     0.1294     0.0171 -122.78342   36.45912     100.00          9  0.000e+00
     191284   7970.125    395.455    398.767     7.0264     7.0279  34.810312  34.811886     6.9889     6.9904    34.2553    34.2556    26.8336    26.8337     0.6953     0.7204     21.159     21.926     0.6288     0.6386     0.0403    -0.0177     3.2149     0.1294     0.0171 -122.78342   36.45912     100.00          9  0.000e+00
     191285   7970.167    395.455    398.767     7.0265     7.0279  34.810563  34.812074     6.9890     6.9904    34.2555    34.2558    26.8338    26.8339     0.6893     0.7204     20.977     21.926     0.6276     0.6386     0.0403    -0.0177     3.2149     0.1294     0.0171 -122.78342   36.45912     100.00          9  0.000e+00
     191286   7970.208    395.522    398.834     7.0264     7.0277  34.810124  34.811886     6.9889     6.9902    34.2551    34.2557    26.8335    26.8338     0.6893     0.7205     20.978     21.926     0.6276     0.6386     0.0403    -0.0177     3.2149     0.1294     0.0183 -122.78342   36.45912     100.00          9  0.000e+00
