West Coast/WCOA-7/CTD_Data/RB2102_CTD_019_01.ros
* Sea-Bird SBE 9 Data File:
* FileName = C:\Users\scs.user.rb\CTD\RB2102\Data\RB2102_CTD_019_01.hex
* Software Version Seasave V 7.26.7.107
* Temperature SN = 6202
* Conductivity SN = 4907
* Number of Bytes Per Scan = 41
* Number of Voltage Words = 4
* Number of Scans Averaged by the Deck Unit = 1
* NMEA Latitude = 48 22.21 N
* NMEA Longitude = 124 47.43 W
* NMEA UTC (Time) = Jun 28 2021  20:26:23
* NMEA baud rate = 4800
# nquan = 30
# nvalues = 588                                   
# units = specified
# name 0 = scan: Scan Count
# name 1 = timeS: Time, Elapsed [seconds]
# name 2 = depSM: Depth [salt water, m]
# name 3 = prDM: Pressure, Digiquartz [db]
# name 4 = t090C: Temperature [ITS-90, deg C]
# name 5 = t190C: Temperature, 2 [ITS-90, deg C]
# name 6 = c0mS/cm: Conductivity [mS/cm]
# name 7 = c1mS/cm: Conductivity, 2 [mS/cm]
# name 8 = potemp090C: Potential Temperature [ITS-90, deg C]
# name 9 = potemp190C: Potential Temperature, 2 [ITS-90, deg C]
# name 10 = sal00: Salinity, Practical [PSU]
# name 11 = sal11: Salinity, Practical, 2 [PSU]
# name 12 = sigma-é00: Density [sigma-theta, kg/m^3]
# name 13 = sigma-é11: Density, 2 [sigma-theta, kg/m^3]
# name 14 = sbeox0Mg/L: Oxygen, SBE 43 [mg/l]
# name 15 = sbeox1Mg/L: Oxygen, SBE 43, 2 [mg/l]
# name 16 = sbox0Mm/Kg: Oxygen, SBE 43 [umol/kg]
# name 17 = sbox1Mm/Kg: Oxygen, SBE 43, 2 [umol/kg]
# name 18 = sbeox0V: Oxygen raw, SBE 43 [V]
# name 19 = sbeox1V: Oxygen raw, SBE 43, 2 [V]
# name 20 = v4: Voltage 4
# name 21 = flECO-AFL: Fluorescence, WET Labs ECO-AFL/FL [mg/m^3]
# name 22 = v3: Voltage 3
# name 23 = v6: Voltage 6
# name 24 = v7: Voltage 7
# name 25 = longitude: Longitude [deg]
# name 26 = latitude: Latitude [deg]
# name 27 = altM: Altimeter [m]
# name 28 = nbf: Bottles Fired
# name 29 = flag:  0.000e+00
# interval = seconds: 0.0416667
# start_time = Jun 28 2021 20:26:23 [NMEA time, header]
# bad_flag = -9.990e-29
*END*
[from data line 49]
      13925    580.167     67.400     67.983     6.9514     6.9511  34.250340  34.249634     6.9452     6.9449    33.8763    33.8758    26.5410    26.5407     2.7463     2.7292     83.605     83.083     1.0696     1.0342     0.0427     0.0434     3.4176     1.6557     0.0488 -124.79094   48.37036       9.45          2  0.000e+00
      13926    580.208     67.386     67.970     6.9514     6.9511  34.250402  34.249323     6.9453     6.9449    33.8763    33.8755    26.5411    26.5405     2.7463     2.7292     83.605     83.083     1.0696     1.0342     0.0427     0.0434     3.4176     1.6557     0.0488 -124.79094   48.37036       9.45          2  0.000e+00
      13927    580.250     67.307     67.890     6.9512     6.9509  34.250714  34.249447     6.9451     6.9447    33.8769    33.8759    26.5415    26.5408     2.7463     2.7292     83.604     83.082     1.0696     1.0342     0.0427     0.0434     3.4176     1.6557     0.0488 -124.79094   48.37036       9.45          2  0.000e+00
      13928    580.292     67.307     67.890     6.9514     6.9511  34.250090  34.249572     6.9452     6.9449    33.8761    33.8758    26.5409    26.5407     2.7521     2.7291     83.779     83.082     1.0708     1.0342     0.0427     0.0434     3.4176     1.6557     0.0488 -124.79094   48.37036       9.45          2  0.000e+00
      13929    580.333     67.400     67.983     6.9513     6.9511  34.250278  34.249572     6.9451     6.9449    33.8763    33.8758    26.5411    26.5407     2.7521     2.7292     83.780     83.083     1.0708     1.0342     0.0427     0.0434     3.4176     1.6557     0.0488 -124.79094   48.37036       9.45          2  0.000e+00
      13930    580.375     67.333     67.917     6.9512     6.9511  34.250465  34.250008     6.9451     6.9449    33.8766    33.8763    26.5413    26.5411     2.7521     2.7291     83.780     83.082     1.0708     1.0342     0.0427     0.0434     3.4176     1.6557     0.0488 -124.79094   48.37036       9.43          2  0.000e+00
      13931    580.417     67.353     67.937     6.9514     6.9515  34.250527  34.250195     6.9452     6.9454    33.8765    33.8760    26.5412    26.5408     2.7521     2.7354     83.780     83.272     1.0708     1.0354     0.0427     0.0434     3.4176     1.6557     0.0488 -124.79094   48.37036       9.45          2  0.000e+00
      13932    580.458     67.400     67.983     6.9512     6.9515  34.250215  34.249946     6.9451     6.9454    33.8763    33.8757    26.5411    26.5406     2.7521     2.7291     83.780     83.082     1.0708     1.0342     0.0427     0.0434     3.4188     1.6557     0.0488 -124.79094   48.37036       9.45          2  0.000e+00
      13933    580.500     67.333     67.917     6.9511     6.9513  34.250153  34.249883     6.9449     6.9452    33.8764    33.8758    26.5412    26.5407     2.7463     2.7291     83.605     83.082     1.0696     1.0342     0.0427     0.0434     3.4176     1.6557     0.0488 -124.79094   48.37036       9.45          2  0.000e+00
      13934    580.542     67.353     67.937     6.9514     6.9513  34.250402  34.249821     6.9452     6.9452    33.8764    33.8758    26.5411    26.5406     2.7521     2.7291     83.780     83.082     1.0708     1.0342     0.0427     0.0434     3.4176     1.6557     0.0488 -124.79094   48.37036       9.47          2  0.000e+00
      13935    580.583     67.353     67.937     6.9512     6.9512  34.250278  34.249634     6.9451     6.9450    33.8764    33.8757    26.5411    26.5406     2.7521     2.7292     83.780     83.082     1.0708     1.0342     0.0427     0.0434     3.4176     1.6557     0.0488 -124.79094   48.37036       9.45          2  0.000e+00
      13936    580.625     67.386     67.970     6.9511     6.9512  34.249966  34.249323     6.9449     6.9450    33.8762    33.8753    26.5410    26.5403     2.7521     2.7292     83.781     83.083     1.0708     1.0342     0.0427     0.0434     3.4188     1.6557     0.0488 -124.79094   48.37036       9.47          2  0.000e+00
      13937    580.667     67.353     67.937     6.9511     6.9513  34.250091  34.249447     6.9449     6.9452    33.8763    33.8754    26.5411    26.5403     2.7521     2.7291     83.780     83.082     1.0708     1.0342     0.0427     0.0434     3.4176     1.6557     0.0488 -124.79094   48.37036       9.45          2  0.000e+00
      13938    580.708     67.307     67.890     6.9511     6.9511  34.250153  34.249572     6.9449     6.9449    33.8764    33.8758    26.5412    26.5407     2.7521     2.7291     83.780     83.082     1.0708     1.0342     0.0427     0.0434     3.4188     1.6557     0.0488 -124.79094   48.37036       9.47          2  0.000e+00
      13939    580.750     67.386     67.970     6.9511     6.9512  34.249966  34.250008     6.9449     6.9450    33.8762    33.8761    26.5410    26.5409     2.7463     2.7292     83.606     83.082     1.0696     1.0342     0.0427     0.0434     3.4188     1.6557     0.0488 -124.79094   48.37036       9.45          2  0.000e+00
      13940    580.792     67.353     67.937     6.9509     6.9513  34.250527  34.249946     6.9447     6.9452    33.8770    33.8759    26.5417    26.5407     2.7521     2.7354     83.780     83.273     1.0708     1.0354     0.0427     0.0434     3.4176     1.6557     0.0488 -124.79094   48.37036       9.43          2  0.000e+00
      13941    580.833     67.353     67.937     6.9511     6.9511  34.250589  34.249634     6.9449     6.9449    33.8769    33.8758    26.5415    26.5407     2.7521     2.7354     83.780     83.274     1.0708     1.0354     0.0427     0.0434     3.4176     1.6557     0.0488 -124.79094   48.37036       9.43          2  0.000e+00
      13942    580.875     67.386     67.970     6.9512     6.9509  34.250901  34.249074     6.9451     6.9447    33.8770    33.8754    26.5417    26.5404     2.7521     2.7292     83.780     83.083     1.0708     1.0342     0.0427     0.0434     3.4176     1.6557     0.0488 -124.79094   48.37036       9.43          2  0.000e+00
      13943    580.917     67.353     67.937     6.9516     6.9509  34.250652  34.249385     6.9454     6.9447    33.8765    33.8758    26.5412    26.5407     2.7521     2.7355     83.779     83.274     1.0708     1.0354     0.0427     0.0434     3.4176     1.6557     0.0488 -124.79094   48.37036       9.43          2  0.000e+00
      13944    580.958     67.353     67.937     6.9516     6.9509  34.250714  34.249572     6.9454     6.9447    33.8765    33.8760    26.5412    26.5409     2.7520     2.7292     83.779     83.083     1.0708     1.0342     0.0427     0.0434     3.4176     1.6557     0.0488 -124.79094   48.37036       9.43          2  0.000e+00
      13945    581.000     67.333     67.916     6.9516     6.9509  34.250776  34.249323     6.9454     6.9447    33.8766    33.8757    26.5413    26.5407     2.7520     2.7355     83.779     83.274     1.0708     1.0354     0.0427     0.0434     3.4188     1.6557     0.0488 -124.79094   48.37036       9.45          2  0.000e+00
      13946    581.042     67.353     67.937     6.9516     6.9507  34.250589  34.249447     6.9454     6.9446    33.8764    33.8760    26.5411    26.5409     2.7521     2.7292     83.779     83.083     1.0708     1.0342     0.0427     0.0434     3.4188     1.6557     0.0488 -124.79094   48.37036       9.45          2  0.000e+00
      13947    581.083     67.353     67.937     6.9516     6.9509  34.250901  34.249572     6.9454     6.9447    33.8767    33.8760    26.5414    26.5409     2.7463     2.7355     83.604     83.274     1.0696     1.0354     0.0415     0.0129     3.4188     1.6557     0.0488 -124.79094   48.37036       9.45          2  0.000e+00
      13948    581.125     67.333     67.916     6.9516     6.9511  34.250652  34.249572     6.9454     6.9449    33.8765    33.8758    26.5412    26.5407     2.7520     2.7292     83.779     83.082     1.0708     1.0342     0.0415     0.0129     3.4176     1.6557     0.0488 -124.79094   48.37036       9.45          2  0.000e+00
      13949    581.167     67.353     67.936     6.9519     6.9507  34.250527  34.249260     6.9457     6.9446    33.8760    33.8758    26.5408    26.5407     2.7520     2.7292     83.779     83.083     1.0708     1.0342     0.0415     0.0129     3.4176     1.6557     0.0488 -124.79094   48.37036       9.45          2  0.000e+00
      13950    581.208     67.353     67.936     6.9517     6.9509  34.250714  34.249447     6.9456     6.9447    33.8764    33.8758    26.5411    26.5408     2.7520     2.7292     83.779     83.083     1.0708     1.0342     0.0415     0.0129     3.4188     1.6557     0.0488 -124.79094   48.37036       9.45          2  0.000e+00
      13951    581.250     67.287     67.870     6.9519     6.9512  34.250340  34.249322     6.9457     6.9451    33.8759    33.8754    26.5407    26.5404     2.7520     2.7354     83.778     83.273     1.0708     1.0354     0.0415     0.0129     3.4188     1.6557     0.0488 -124.79094   48.37036       9.45          2  0.000e+00
      13952    581.292     67.399     67.983     6.9518     6.9511  34.250402  34.249697     6.9456     6.9449    33.8760    33.8759    26.5408    26.5408     2.7521     2.7292     83.780     83.083     1.0708     1.0342     0.0415     0.0129     3.4176     1.6557     0.0488 -124.79094   48.37036       9.45          2  0.000e+00
      13953    581.333     67.307     67.890     6.9519     6.9511  34.250714  34.249385     6.9457     6.9449    33.8763    33.8756    26.5410    26.5405     2.7520     2.7354     83.778     83.273     1.0708     1.0354     0.0415     0.0129     3.4176     1.6557     0.0488 -124.79094   48.37036       9.47          2  0.000e+00
      13954    581.375     67.386     67.970     6.9516     6.9512  34.250590  34.249260     6.9454     6.9450    33.8764    33.8753    26.5411    26.5403     2.7521     2.7292     83.780     83.083     1.0708     1.0342     0.0415     0.0129     3.4176     1.6557     0.0488 -124.79094   48.37036       9.45          2  0.000e+00
      13955    581.417     67.307     67.890     6.9519     6.9511  34.250464  34.249447     6.9457     6.9449    33.8759    33.8757    26.5407    26.5406     2.7520     2.7291     83.778     83.082     1.0708     1.0342     0.0415     0.0129     3.4188     1.6557     0.0488 -124.79094   48.37036       9.47          2  0.000e+00
      13956    581.458     67.353     67.936     6.9519     6.9513  34.250714  34.249759     6.9457     6.9452    33.8762    33.8757    26.5410    26.5406     2.7520     2.7291     83.779     83.082     1.0708     1.0342     0.0415     0.0129     3.4176     1.6557     0.0488 -124.79094   48.37036       9.45          2  0.000e+00
      13957    581.500     67.333     67.916     6.9519     6.9512  34.250589  34.249883     6.9457     6.9450    33.8761    33.8760    26.5408    26.5408     2.7520     2.7291     83.779     83.082     1.0708     1.0342     0.0415     0.0129     3.4188     1.6557     0.0488 -124.79094   48.37036       9.47          2  0.000e+00
      13958    581.542     67.307     67.890     6.9519     6.9512  34.250464  34.249634     6.9457     6.9450    33.8760    33.8757    26.5408    26.5406     2.7520     2.7291     83.778     83.082     1.0708     1.0342     0.0415     0.0129     3.4176     1.6557     0.0488 -124.79094   48.37036       9.47          2  0.000e+00
      13959    581.583     67.353     67.936     6.9518     6.9509  34.250465  34.249759     6.9456     6.9447    33.8761    33.8762    26.5408    26.5410     2.7520     2.7354     83.779     83.274     1.0708     1.0354     0.0415     0.0129     3.4176     1.6557     0.0488 -124.79094   48.37036       9.47          2  0.000e+00
      13960    581.625     67.333     67.916     6.9517     6.9509  34.250465  34.249883     6.9456     6.9447    33.8761    33.8763    26.5409    26.5411     2.7520     2.7292     83.779     83.082     1.0708     1.0342     0.0415     0.0129     3.4176     1.6557     0.0488 -124.79094   48.37036       9.47          2  0.000e+00
      13961    581.667     67.307     67.890     6.9516     6.9511  34.250465  34.249883     6.9454     6.9449    33.8763    33.8761    26.5410    26.5410     2.7520     2.7291     83.779     83.082     1.0708     1.0342     0.0415     0.0129     3.4188     1.6557     0.0488 -124.79094   48.37036       9.47          2  0.000e+00
      13962    581.708     67.353     67.936     6.9517     6.9509  34.250278  34.249883     6.9456     6.9447    33.8759    33.8763    26.5407    26.5411     2.7521     2.7292     83.779     83.082     1.0708     1.0342     0.0403    -0.0177     3.4176     1.6557     0.0488 -124.79094   48.37036       9.47          2  0.000e+00
      13963    581.750     67.307     67.890     6.9514     6.9509  34.250589  34.249634     6.9453     6.9447    33.8766    33.8761    26.5413    26.5409     2.7520     2.7354     83.779     83.273     1.0708     1.0354     0.0415     0.0129     3.4176     1.6557     0.0488 -124.79094   48.37036       9.47          2  0.000e+00
      13964    581.792     67.333     67.916     6.9512     6.9511  34.250340  34.249510     6.9451     6.9449    33.8765    33.8757    26.5412    26.5406     2.7521     2.7292     83.780     83.082     1.0708     1.0342     0.0415     0.0129     3.4176     1.6557     0.0488 -124.79094   48.37034       9.47          2  0.000e+00
      13965    581.833     67.307     67.890     6.9512     6.9509  34.250402  34.249509     6.9451     6.9447    33.8765    33.8759    26.5413    26.5408     2.7521     2.7292     83.779     83.082     1.0708     1.0342     0.0415     0.0129     3.4176     1.6557     0.0488 -124.79094   48.37034       9.45          2  0.000e+00
      13966    581.875     67.353     67.936     6.9514     6.9511  34.250465  34.249323     6.9453     6.9449    33.8764    33.8755    26.5411    26.5405     2.7521     2.7292     83.780     83.083     1.0708     1.0342     0.0415     0.0129     3.4176     1.6557     0.0488 -124.79094   48.37034       9.47          2  0.000e+00
      13967    581.917     67.333     67.916     6.9512     6.9511  34.250028  34.249447     6.9451     6.9449    33.8761    33.8756    26.5409    26.5406     2.7521     2.7292     83.780     83.082     1.0708     1.0342     0.0415     0.0129     3.4176     1.6557     0.0488 -124.79094   48.37034       9.45          2  0.000e+00
      13968    581.958     67.307     67.890     6.9514     6.9509  34.250090  34.249323     6.9452     6.9447    33.8761    33.8757    26.5409    26.5407     2.7521     2.7292     83.779     83.082     1.0708     1.0342     0.0415     0.0129     3.4164     1.6557     0.0488 -124.79094   48.37034       9.47          2  0.000e+00
      13969    582.000     67.307     67.890     6.9512     6.9511  34.249966  34.249260     6.9451     6.9449    33.8761    33.8755    26.5409    26.5404     2.7521     2.7291     83.780     83.082     1.0708     1.0342     0.0415     0.0129     3.4176     1.6557     0.0488 -124.79094   48.37034       9.47          2  0.000e+00
      13970    582.042     67.333     67.916     6.9514     6.9507  34.249903  34.249011     6.9453     6.9446    33.8758    33.8755    26.5406    26.5405     2.7521     2.7292     83.780     83.083     1.0708     1.0342     0.0415     0.0129     3.4176     1.6557     0.0488 -124.79094   48.37034       9.50          2  0.000e+00
      13971    582.083     67.307     67.890     6.9509     6.9509  34.249592  34.249385     6.9447     6.9447    33.8760    33.8758    26.5409    26.5407     2.7521     2.7292     83.780     83.082     1.0708     1.0342     0.0415     0.0129     3.4188     1.6557     0.0488 -124.79094   48.37034       9.50          2  0.000e+00
