West Coast/WCOA-7/CTD_Data/RB2102_CTD_100_01.ros
* Sea-Bird SBE 9 Data File:
* FileName = C:\Users\scs.user.rb\CTD\RB2102\Data\RB2102_CTD_100_01.hex
* Software Version Seasave V 7.26.7.107
* Temperature SN = 6202
* Conductivity SN = 4907
* Number of Bytes Per Scan = 41
* Number of Voltage Words = 4
* Number of Scans Averaged by the Deck Unit = 1
* NMEA Latitude = 36 47.72 N
* NMEA Longitude = 121 50.81 W
* NMEA UTC (Time) = Jul 14 2021  22:30:36
* NMEA baud rate = 4800
# nquan = 30
# nvalues = 1173                                  
# units = specified
# name 0 = scan: Scan Count
# name 1 = timeS: Time, Elapsed [seconds]
# name 2 = depSM: Depth [salt water, m]
# name 3 = prDM: Pressure, Digiquartz [db]
# name 4 = t090C: Temperature [ITS-90, deg C]
# name 5 = t190C: Temperature, 2 [ITS-90, deg C]
# name 6 = c0mS/cm: Conductivity [mS/cm]
# name 7 = c1mS/cm: Conductivity, 2 [mS/cm]
# name 8 = potemp090C: Potential Temperature [ITS-90, deg C]
# name 9 = potemp190C: Potential Temperature, 2 [ITS-90, deg C]
# name 10 = sal00: Salinity, Practical [PSU]
# name 11 = sal11: Salinity, Practical, 2 [PSU]
# name 12 = sigma-é00: Density [sigma-theta, kg/m^3]
# name 13 = sigma-é11: Density, 2 [sigma-theta, kg/m^3]
# name 14 = sbeox0Mg/L: Oxygen, SBE 43 [mg/l]
# name 15 = sbeox1Mg/L: Oxygen, SBE 43, 2 [mg/l]
# name 16 = sbox0Mm/Kg: Oxygen, SBE 43 [umol/kg]
# name 17 = sbox1Mm/Kg: Oxygen, SBE 43, 2 [umol/kg]
# name 18 = sbeox0V: Oxygen raw, SBE 43 [V]
# name 19 = sbeox1V: Oxygen raw, SBE 43, 2 [V]
# name 20 = v4: Voltage 4
# name 21 = flECO-AFL: Fluorescence, WET Labs ECO-AFL/FL [mg/m^3]
# name 22 = v3: Voltage 3
# name 23 = v6: Voltage 6
# name 24 = v7: Voltage 7
# name 25 = longitude: Longitude [deg]
# name 26 = latitude: Latitude [deg]
# name 27 = altM: Altimeter [m]
# name 28 = nbf: Bottles Fired
# name 29 = flag:  0.000e+00
# interval = seconds: 0.0416667
# start_time = Jul 14 2021 22:30:36 [NMEA time, header]
# bad_flag = -9.990e-29
*END*
[from data line 49]
      20899    870.750    276.478    278.720     7.6745     7.6851  35.257269  35.265208     7.6471     7.6578    34.1599    34.1579    26.6657    26.6626     1.5381     1.6026     46.819     48.781     0.8107     0.8132     0.0415     0.0129     3.2454     0.1600     0.0000 -121.84690   36.79530       9.84          2  0.000e+00
      20900    870.792    276.464    278.707     7.6748     7.6825  35.258909  35.263570     7.6475     7.6552    34.1613    34.1587    26.6667    26.6636     1.5439     1.6027     46.994     48.784     0.8120     0.8132     0.0415     0.0129     3.2454     0.1600     0.0000 -121.84690   36.79530       9.84          2  0.000e+00
      20901    870.833    276.431    278.673     7.6756     7.6822  35.260612  35.263948     7.6483     7.6549    34.1624    34.1595    26.6675    26.6643     1.5381     1.6027     46.816     48.784     0.8107     0.8132     0.0415     0.0129     3.2466     0.1600     0.0000 -121.84690   36.79530       9.84          2  0.000e+00
      20902    870.875    276.478    278.720     7.6771     7.6808  35.261936  35.263444     7.6497     7.6534    34.1623    34.1603    26.6673    26.6651     1.5380     1.6028     46.815     48.786     0.8107     0.8132     0.0427     0.0434     3.2466     0.1600     0.0000 -121.84690   36.79530       9.82          2  0.000e+00
      20903    870.917    276.431    278.673     7.6785     7.6789  35.263197  35.262057     7.6512     7.6516    34.1623    34.1606    26.6670    26.6657     1.5379     1.6028     46.813     48.788     0.8107     0.8132     0.0415     0.0129     3.2466     0.1600     0.0000 -121.84690   36.79530       9.79          2  0.000e+00
      20904    870.958    276.465    278.707     7.6787     7.6782  35.263702  35.260923     7.6514     7.6508    34.1626    34.1601    26.6672    26.6654     1.5379     1.5965     46.813     48.597     0.8107     0.8120     0.0427     0.0434     3.2466     0.1587     0.0000 -121.84690   36.79530       9.79          2  0.000e+00
      20905    871.000    276.431    278.673     7.6795     7.6778  35.263828  35.260923     7.6521     7.6505    34.1620    34.1605    26.6667    26.6657     1.5379     1.6029     46.812     48.789     0.8107     0.8132     0.0427     0.0434     3.2466     0.1587     0.0000 -121.84690   36.79530       9.79          2  0.000e+00
      20906    871.042    276.431    278.673     7.6801     7.6779  35.263576  35.261049     7.6528     7.6506    34.1611    34.1606    26.6659    26.6658     1.5379     1.5965     46.812     48.596     0.8107     0.8120     0.0427     0.0434     3.2466     0.1575     0.0000 -121.84690   36.79530       9.79          2  0.000e+00
      20907    871.083    276.431    278.673     7.6806     7.6788  35.263008  35.262688     7.6533     7.6515    34.1600    34.1615    26.6649    26.6663     1.5379     1.6028     46.812     48.788     0.8107     0.8132     0.0427     0.0434     3.2466     0.1575     0.0000 -121.84690   36.79530       9.79          2  0.000e+00
      20908    871.125    276.431    278.673     7.6810     7.6913  35.262629  35.272393     7.6536     7.6639    34.1593    34.1597    26.6643    26.6631     1.5379     1.6023     46.811     48.773     0.8107     0.8132     0.0427     0.0434     3.2454     0.1575     0.0000 -121.84690   36.79530       9.79          2  0.000e+00
      20909    871.167    276.418    278.660     7.6811     7.6949  35.262314  35.276616     7.6537     7.6675    34.1588    34.1607    26.6639    26.6634     1.5379     1.6022     46.811     48.768     0.8107     0.8132     0.0415     0.0129     3.2454     0.1575     0.0000 -121.84690   36.79530       9.79          2  0.000e+00
      20910    871.208    276.378    278.620     7.6814     7.6988  35.262440  35.278948     7.6541     7.6714    34.1587    34.1594    26.6637    26.6619     1.5379     1.5957     46.811     48.571     0.8107     0.8120     0.0427     0.0434     3.2466     0.1587     0.0000 -121.84690   36.79530       9.79          2  0.000e+00
      20911    871.250    276.431    278.673     7.6812     7.7058  35.261620  35.283991     7.6539     7.6784    34.1579    34.1579    26.6632    26.6597     1.5379     1.5954     46.812     48.564     0.8107     0.8120     0.0427     0.0434     3.2466     0.1575     0.0000 -121.84690   36.79530       9.79          2  0.000e+00
      20912    871.292    276.378    278.620     7.6807     7.7133  35.261936  35.289538     7.6533     7.6859    34.1589    34.1566    26.6640    26.6575     1.5379     1.5951     46.812     48.555     0.8107     0.8120     0.0427     0.0434     3.2454     0.1600     0.0000 -121.84690   36.79530       9.79          2  0.000e+00
      20913    871.333    276.478    278.720     7.6798     7.7156  35.262693  35.292438     7.6525     7.6882    34.1605    34.1574    26.6654    26.6578     1.5379     1.5951     46.813     48.552     0.8107     0.8120     0.0427     0.0434     3.2466     0.1587     0.0000 -121.84690   36.79530       9.79          2  0.000e+00
      20914    871.375    276.365    278.606     7.6793     7.7192  35.263071  35.295463     7.6520     7.6918    34.1614    34.1573    26.6662    26.6572     1.5379     1.5949     46.812     48.547     0.8107     0.8120     0.0427     0.0434     3.2466     0.1575     0.0000 -121.84690   36.79530       9.77          2  0.000e+00
      20915    871.417    276.378    278.620     7.6801     7.7268  35.263386  35.301390     7.6528     7.6993    34.1609    34.1562    26.6657    26.6553     1.5321     1.5946     46.635     48.539     0.8095     0.8120     0.0415     0.0129     3.2466     0.1575     0.0000 -121.84690   36.79530       9.77          2  0.000e+00
      20916    871.458    276.431    278.673     7.6822     7.7347  35.263702  35.307505     7.6549     7.7072    34.1592    34.1550    26.6641    26.6532     1.5320     1.5943     46.634     48.530     0.8095     0.8120     0.0427     0.0434     3.2454     0.1587     0.0000 -121.84690   36.79530       9.77          2  0.000e+00
      20917    871.500    276.378    278.620     7.6836     7.7360  35.263575  35.307947     7.6563     7.7086    34.1578    34.1542    26.6627    26.6524     1.5320     1.5943     46.632     48.528     0.8095     0.8120     0.0427     0.0434     3.2466     0.1587     0.0000 -121.84690   36.79530       9.77          2  0.000e+00
      20918    871.542    276.365    278.606     7.6838     7.7334  35.263260  35.305866     7.6565     7.7060    34.1572    34.1545    26.6622    26.6530     1.5320     1.5944     46.632     48.531     0.8095     0.8120     0.0427     0.0434     3.2454     0.1587     0.0000 -121.84690   36.79530       9.77          2  0.000e+00
      20919    871.583    276.378    278.620     7.6832     7.7314  35.262440  35.306244     7.6558     7.7040    34.1569    34.1569    26.6621    26.6551     1.5320     1.5944     46.633     48.533     0.8095     0.8120     0.0427     0.0434     3.2454     0.1600     0.0000 -121.84690   36.79530       9.77          2  0.000e+00
      20920    871.625    276.378    278.620     7.6822     7.7381  35.263197  35.311225     7.6549     7.7107    34.1587    34.1557    26.6636    26.6532     1.5320     1.5942     46.633     48.525     0.8095     0.8120     0.0427     0.0434     3.2466     0.1600     0.0000 -121.84690   36.79530       9.82          2  0.000e+00
      20921    871.667    276.378    278.620     7.6826     7.7404  35.264647  35.312928     7.6553     7.7129    34.1599    34.1553    26.6645    26.6526     1.5320     1.5941     46.633     48.522     0.8095     0.8120     0.0427     0.0434     3.2466     0.1600     0.0000 -121.84690   36.79530       9.84          2  0.000e+00
      20922    871.708    276.378    278.620     7.6833     7.7384  35.265278  35.310910     7.6560     7.7110    34.1598    34.1551    26.6644    26.6527     1.5320     1.5942     46.632     48.525     0.8095     0.8120     0.0427     0.0434     3.2454     0.1587     0.0000 -121.84690   36.79530       9.84          2  0.000e+00
      20923    871.750    276.318    278.559     7.6843     7.7434  35.266792  35.315008     7.6570     7.7160    34.1606    34.1546    26.6648    26.6516     1.5319     1.5939     46.630     48.519     0.8095     0.8120     0.0427     0.0434     3.2454     0.1587     0.0000 -121.84690   36.79530       9.84          2  0.000e+00
      20924    871.792    276.378    278.620     7.6856     7.7501  35.268684  35.320495     7.6582     7.7226    34.1613    34.1539    26.6652    26.6501     1.5319     1.5937     46.629     48.511     0.8095     0.8120     0.0427     0.0434     3.2454     0.1587     0.0000 -121.84688   36.79530       9.84          2  0.000e+00
      20925    871.833    276.331    278.573     7.6866     7.7555  35.269882  35.323711     7.6592     7.7281    34.1617    34.1521    26.6653    26.6479     1.5318     1.5935     46.627     48.505     0.8095     0.8120     0.0427     0.0434     3.2454     0.1600     0.0000 -121.84688   36.79530       9.84          2  0.000e+00
      20926    871.875    276.378    278.620     7.6879     7.7593  35.270576  35.326296     7.6606     7.7318    34.1610    34.1512    26.6647    26.6466     1.5318     1.5934     46.626     48.501     0.8095     0.8120     0.0427     0.0434     3.2466     0.1600     0.0000 -121.84688   36.79530       9.87          2  0.000e+00
      20927    871.917    276.365    278.606     7.6896     7.7621  35.271711  35.328251     7.6623     7.7346    34.1606    34.1506    26.6641    26.6457     1.5317     1.5933     46.624     48.498     0.8095     0.8120     0.0427     0.0434     3.2466     0.1600     0.0000 -121.84688   36.79530       9.87          2  0.000e+00
      20928    871.958    276.331    278.573     7.6909     7.7642  35.271774  35.329954     7.6636     7.7367    34.1594    34.1503    26.6630    26.6452     1.5317     1.5932     46.623     48.495     0.8095     0.8120     0.0427     0.0434     3.2466     0.1587     0.0000 -121.84688   36.79530       9.87          2  0.000e+00
      20929    872.000    276.331    278.573     7.6915     7.7655  35.270954  35.329638     7.6642     7.7380    34.1579    34.1487    26.6617    26.6438     1.5317     1.5931     46.623     48.494     0.8095     0.8120     0.0427     0.0434     3.2454     0.1587     0.0000 -121.84688   36.79530       9.87          2  0.000e+00
      20930    872.042    276.378    278.620     7.6907     7.7650  35.270765  35.329197     7.6633     7.7375    34.1585    34.1487    26.6623    26.6438     1.5317     1.5932     46.624     48.495     0.8095     0.8120     0.0427     0.0434     3.2454     0.1587     0.0000 -121.84688   36.79530       9.87          2  0.000e+00
      20931    872.083    276.285    278.526     7.6907     7.7637  35.270765  35.327872     7.6634     7.7362    34.1585    34.1486    26.6623    26.6439     1.5317     1.5869     46.623     48.304     0.8095     0.8107     0.0427     0.0434     3.2466     0.1612     0.0000 -121.84688   36.79530       9.89          2  0.000e+00
      20932    872.125    276.365    278.606     7.6914     7.7611  35.271711  35.326107     7.6640     7.7337    34.1589    34.1492    26.6625    26.6448     1.5259     1.5870     46.447     48.307     0.8083     0.8107     0.0427     0.0434     3.2466     0.1612     0.0000 -121.84688   36.79530       9.89          2  0.000e+00
      20933    872.167    276.331    278.573     7.6927     7.7578  35.273162  35.324215     7.6653     7.7304    34.1592    34.1504    26.6625    26.6462     1.5316     1.5934     46.621     48.503     0.8095     0.8120     0.0427     0.0434     3.2466     0.1612     0.0000 -121.84688   36.79530       9.89          2  0.000e+00
      20934    872.208    276.331    278.573     7.6962     7.7546  35.276883  35.323017     7.6689     7.7271    34.1597    34.1523    26.6625    26.6481     1.5315     1.5935     46.617     48.506     0.8095     0.8120     0.0427     0.0434     3.2466     0.1661     0.0000 -121.84688   36.79530       9.89          2  0.000e+00
      20935    872.250    276.331    278.573     7.6991     7.7564  35.279406  35.325603     7.6717     7.7290    34.1596    34.1533    26.6620    26.6486     1.5256     1.5934     46.438     48.503     0.8083     0.8120     0.0427     0.0434     3.2454     0.1661     0.0000 -121.84688   36.79530       9.89          2  0.000e+00
      20936    872.292    276.265    278.506     7.7009     7.7673  35.279406  35.332476     7.6735     7.7398    34.1579    34.1501    26.6603    26.6446     1.5255     1.5867     46.436     48.299     0.8083     0.8107     0.0415     0.0129     3.2466     0.1636     0.0000 -121.84688   36.79530       9.89          2  0.000e+00
      20937    872.333    276.331    278.573     7.7015     7.7761  35.279280  35.339667     7.6742     7.7485    34.1571    34.1492    26.6596    26.6426     1.5255     1.5927     46.436     48.481     0.8083     0.8120     0.0427     0.0434     3.2454     0.1624     0.0000 -121.84688   36.79530       9.89          2  0.000e+00
      20938    872.375    276.331    278.573     7.7032     7.7807  35.280667  35.343703     7.6758     7.7531    34.1570    34.1490    26.6593    26.6418     1.5255     1.5925     46.434     48.476     0.8083     0.8120     0.0427     0.0434     3.2466     0.1624     0.0000 -121.84688   36.79530       9.89          2  0.000e+00
      20939    872.417    276.285    278.526     7.7053     7.7817  35.283253  35.344712     7.6779     7.7542    34.1578    34.1491    26.6596    26.6417     1.5254     1.5862     46.431     48.282     0.8083     0.8107     0.0415     0.0129     3.2466     0.1624     0.0000 -121.84688   36.79530       9.89          2  0.000e+00
      20940    872.458    276.331    278.573     7.7069     7.7821  35.284704  35.344334     7.6795     7.7545    34.1577    34.1484    26.6593    26.6411     1.5253     1.5862     46.430     48.282     0.8083     0.8107     0.0427     0.0434     3.2466     0.1600     0.0000 -121.84688   36.79530       9.89          2  0.000e+00
      20941    872.500    276.265    278.506     7.7088     7.7799  35.285903  35.342505     7.6814     7.7524    34.1572    34.1485    26.6586    26.6415     1.5253     1.5925     46.427     48.476     0.8083     0.8120     0.0427     0.0434     3.2466     0.1600     0.0000 -121.84688   36.79530       9.89          2  0.000e+00
      20942    872.542    276.331    278.573     7.7107     7.7770  35.286407  35.339603     7.6834     7.7495    34.1558    34.1482    26.6572    26.6417     1.5252     1.5927     46.426     48.480     0.8083     0.8120     0.0427     0.0434     3.2454     0.1612     0.0000 -121.84688   36.79530       9.87          2  0.000e+00
      20943    872.583    276.331    278.573     7.7116     7.7751  35.285903  35.337900     7.6843     7.7476    34.1544    34.1482    26.6560    26.6419     1.5252     1.5864     46.425     48.290     0.8083     0.8107     0.0427     0.0434     3.2454     0.1600     0.0000 -121.84688   36.79530       9.89          2  0.000e+00
      20944    872.625    276.285    278.526     7.7116     7.7774  35.284641  35.339919     7.6842     7.7498    34.1531    34.1482    26.6550    26.6417     1.5252     1.5863     46.426     48.288     0.8083     0.8107     0.0427     0.0434     3.2466     0.1600     0.0000 -121.84688   36.79530       9.96          2  0.000e+00
      20945    872.667    276.318    278.559     7.7112     7.7788  35.284325  35.341874     7.6838     7.7513    34.1531    34.1489    26.6551    26.6420     1.5252     1.5926     46.426     48.478     0.8083     0.8120     0.0427     0.0434     3.2454     0.1612     0.0000 -121.84688   36.79530       9.99          2  0.000e+00
