West Coast/WCOA-7/CTD_Data/RB2102_CTD_109_01.ros
* Sea-Bird SBE 9 Data File:
* FileName = C:\Users\scs.user.rb\CTD\RB2102\Data\RB2102_CTD_109_01.hex
* Software Version Seasave V 7.26.7.107
* Temperature SN = 6202
* Conductivity SN = 4907
* Number of Bytes Per Scan = 41
* Number of Voltage Words = 4
* Number of Scans Averaged by the Deck Unit = 1
* NMEA Latitude = 33 29.00 N
* NMEA Longitude = 122 31.94 W
* NMEA UTC (Time) = Jul 17 2021  02:10:54
* NMEA baud rate = 4800
# nquan = 30
# nvalues = 1176                                  
# units = specified
# name 0 = scan: Scan Count
# name 1 = timeS: Time, Elapsed [seconds]
# name 2 = depSM: Depth [salt water, m]
# name 3 = prDM: Pressure, Digiquartz [db]
# name 4 = t090C: Temperature [ITS-90, deg C]
# name 5 = t190C: Temperature, 2 [ITS-90, deg C]
# name 6 = c0mS/cm: Conductivity [mS/cm]
# name 7 = c1mS/cm: Conductivity, 2 [mS/cm]
# name 8 = potemp090C: Potential Temperature [ITS-90, deg C]
# name 9 = potemp190C: Potential Temperature, 2 [ITS-90, deg C]
# name 10 = sal00: Salinity, Practical [PSU]
# name 11 = sal11: Salinity, Practical, 2 [PSU]
# name 12 = sigma-é00: Density [sigma-theta, kg/m^3]
# name 13 = sigma-é11: Density, 2 [sigma-theta, kg/m^3]
# name 14 = sbeox0Mg/L: Oxygen, SBE 43 [mg/l]
# name 15 = sbeox1Mg/L: Oxygen, SBE 43, 2 [mg/l]
# name 16 = sbox0Mm/Kg: Oxygen, SBE 43 [umol/kg]
# name 17 = sbox1Mm/Kg: Oxygen, SBE 43, 2 [umol/kg]
# name 18 = sbeox0V: Oxygen raw, SBE 43 [V]
# name 19 = sbeox1V: Oxygen raw, SBE 43, 2 [V]
# name 20 = v4: Voltage 4
# name 21 = flECO-AFL: Fluorescence, WET Labs ECO-AFL/FL [mg/m^3]
# name 22 = v3: Voltage 3
# name 23 = v6: Voltage 6
# name 24 = v7: Voltage 7
# name 25 = longitude: Longitude [deg]
# name 26 = latitude: Latitude [deg]
# name 27 = altM: Altimeter [m]
# name 28 = nbf: Bottles Fired
# name 29 = flag:  0.000e+00
# interval = seconds: 0.0416667
# start_time = Jul 17 2021 02:10:54 [NMEA time, header]
# bad_flag = -9.990e-29
*END*
[from data line 581]
     262857  10952.333     99.952    100.690     9.9455     9.9269  36.660744  36.647802     9.9341     9.9155    33.5463    33.5503    25.8279    25.8342     5.7731     5.8726    175.868    178.899     1.7937     1.7241     0.0415     0.0129     3.1795     0.1404     0.0000 -122.53270   33.48296      99.37         12  0.000e+00
     262858  10952.375     99.998    100.737     9.9480     9.9273  36.661833  36.647163     9.9366     9.9160    33.5450    33.5492    25.8265    25.8333     5.7728     5.8726    175.861    178.900     1.7937     1.7241     0.0415     0.0129     3.1795     0.1404     0.0000 -122.53270   33.48296      99.37         12  0.000e+00
     262859  10952.417     99.952    100.690     9.9489     9.9273  36.663498  36.645947     9.9375     9.9160    33.5459    33.5480    25.8271    25.8323     5.7726     5.8726    175.855    178.900     1.7937     1.7241     0.0415     0.0129     3.1795     0.1404     0.0000 -122.53270   33.48296      99.37         12  0.000e+00
     262860  10952.458     99.998    100.737     9.9508     9.9266  36.664458  36.643835     9.9395     9.9153    33.5450    33.5465    25.8261    25.8313     5.7724     5.8728    175.850    178.906     1.7937     1.7241     0.0415     0.0129     3.1819     0.1404     0.0000 -122.53270   33.48296      99.37         12  0.000e+00
     262861  10952.500     99.998    100.737     9.9531     9.9254  36.664138  36.643835     9.9417     9.9140    33.5426    33.5477    25.8238    25.8324     5.7722     5.8729    175.844    178.910     1.7937     1.7241     0.0415     0.0129     3.1795     0.1404     0.0000 -122.53270   33.48296      99.37         12  0.000e+00
     262862  10952.542     99.952    100.690     9.9541     9.9251  36.661576  36.644987     9.9427     9.9137    33.5391    33.5492    25.8209    25.8336     5.7722     5.8788    175.843    179.087     1.7937     1.7253     0.0415     0.0129     3.1807     0.1404     0.0000 -122.53270   33.48296      99.37         12  0.000e+00
     262863  10952.583     99.998    100.737     9.9497     9.9252  36.656517  36.646267     9.9383     9.9138    33.5380    33.5503    25.8208    25.8345     5.7728     5.8729    175.863    178.907     1.7937     1.7241     0.0415     0.0129     3.1819     0.1404     0.0000 -122.53270   33.48296      99.37         12  0.000e+00
     266284  11095.125     80.023     80.610    11.2241    11.2079  37.680012  37.670531    11.2142    11.1981    33.4038    33.4092    25.4943    25.5013     7.0545     7.1639    214.977    218.309     2.1331     2.0403     0.0464     0.1350     3.1770     0.1355     0.0000 -122.53290   33.48288      99.32         13  0.000e+00
     266285  11095.167     80.023     80.610    11.2238    11.2089  37.679494  37.670466    11.2140    11.1990    33.4036    33.4082    25.4941    25.5004     7.0546     7.1638    214.978    218.306     2.1331     2.0403     0.0464     0.1350     3.1770     0.1355     0.0000 -122.53290   33.48288      99.32         13  0.000e+00
     266286  11095.208     79.977     80.564    11.2231    11.2095  37.679364  37.670078    11.2133    11.1997    33.4041    33.4073    25.4946    25.4996     7.0546     7.1637    214.979    218.303     2.1331     2.0403     0.0464     0.1350     3.1770     0.1355     0.0000 -122.53290   33.48288      99.32         13  0.000e+00
     266287  11095.250     79.924     80.510    11.2229    11.2097  37.679364  37.670207    11.2131    11.1999    33.4043    33.4073    25.4949    25.4995     7.0546     7.1636    214.979    218.300     2.1331     2.0403     0.0464     0.1350     3.1770     0.1355     0.0000 -122.53290   33.48288      99.32         13  0.000e+00
     266288  11095.292     79.977     80.564    11.2228    11.2094  37.678846  37.669948    11.2130    11.1996    33.4039    33.4072    25.4945    25.4996     7.0599     7.1637    215.141    218.303     2.1343     2.0403     0.0464     0.1350     3.1770     0.1355     0.0000 -122.53290   33.48288      99.32         13  0.000e+00
     266289  11095.333     80.010     80.597    11.2228    11.2095  37.679429  37.669172    11.2130    11.1997    33.4044    33.4064    25.4950    25.4989     7.0547     7.1638    214.981    218.305     2.1331     2.0403     0.0464     0.1350     3.1770     0.1355     0.0000 -122.53290   33.48288      99.32         13  0.000e+00
     266290  11095.375     79.977     80.563    11.2231    11.2087  37.679429  37.668978    11.2133    11.1989    33.4041    33.4069    25.4947    25.4995     7.0546     7.1639    214.979    218.307     2.1331     2.0403     0.0464     0.1350     3.1770     0.1355     0.0000 -122.53290   33.48288      99.32         13  0.000e+00
     266291  11095.417     79.977     80.563    11.2233    11.2082  37.679105  37.668848    11.2134    11.1984    33.4037    33.4073    25.4943    25.4998     7.0546     7.1639    214.979    218.309     2.1331     2.0403     0.0464     0.1350     3.1770     0.1355     0.0000 -122.53290   33.48288      99.32         13  0.000e+00
     266292  11095.458     79.977     80.563    11.2233    11.2083  37.679300  37.669948    11.2135    11.1985    33.4039    33.4083    25.4944    25.5006     7.0546     7.1639    214.979    218.307     2.1331     2.0403     0.0464     0.1350     3.1770     0.1355     0.0000 -122.53290   33.48288      99.32         13  0.000e+00
     266293  11095.500     79.977     80.563    11.2231    11.2084  37.679105  37.670531    11.2133    11.1985    33.4038    33.4088    25.4944    25.5009     7.0546     7.1638    214.980    218.306     2.1331     2.0403     0.0464     0.1350     3.1770     0.1355     0.0000 -122.53290   33.48288      99.32         13  0.000e+00
     266294  11095.542     79.977     80.563    11.2234    11.2082  37.679235  37.670401    11.2136    11.1984    33.4037    33.4088    25.4943    25.5010     7.0546     7.1639    214.979    218.307     2.1331     2.0403     0.0464     0.1350     3.1783     0.1355     0.0000 -122.53290   33.48288      99.32         13  0.000e+00
     266295  11095.583     79.963     80.550    11.2233    11.2075  37.679105  37.668978    11.2135    11.1977    33.4037    33.4080    25.4943    25.5005     7.0546     7.1640    214.979    218.311     2.1331     2.0403     0.0464     0.1350     3.1770     0.1355     0.0000 -122.53290   33.48288      99.32         13  0.000e+00
     266296  11095.625     79.976     80.563    11.2231    11.2066  37.679235  37.668331    11.2133    11.1968    33.4040    33.4082    25.4945    25.5008     7.0546     7.1642    214.980    218.316     2.1331     2.0403     0.0464     0.1350     3.1770     0.1355     0.0000 -122.53290   33.48288      99.32         13  0.000e+00
     266297  11095.667     79.976     80.563    11.2231    11.2062  37.679105  37.669302    11.2133    11.1964    33.4038    33.4095    25.4944    25.5019     7.0546     7.1642    214.980    218.316     2.1331     2.0403     0.0464     0.1350     3.1770     0.1355     0.0000 -122.53290   33.48288      99.32         13  0.000e+00
     266298  11095.708     79.976     80.563    11.2233    11.2065  37.679300  37.671048    11.2134    11.1967    33.4039    33.4109    25.4945    25.5030     7.0546     7.1640    214.979    218.312     2.1331     2.0403     0.0464     0.1350     3.1770     0.1355     0.0000 -122.53290   33.48288      99.32         13  0.000e+00
     266299  11095.750     79.976     80.563    11.2231    11.2074  37.679105  37.673054    11.2133    11.1975    33.4038    33.4122    25.4944    25.5038     7.0599     7.1639    215.139    218.306     2.1343     2.0403     0.0464     0.1350     3.1783     0.1355     0.0000 -122.53290   33.48288      99.32         13  0.000e+00
     266300  11095.792     79.976     80.563    11.2233    11.2094  37.679494  37.674606    11.2135    11.1996    33.4040    33.4118    25.4946    25.5031     7.0546     7.1692    214.979    218.470     2.1331     2.0415     0.0464     0.1350     3.1770     0.1355     0.0000 -122.53292   33.48288      99.32         13  0.000e+00
     266301  11095.833     79.976     80.563    11.2231    11.2115  37.679170  37.675124    11.2133    11.2017    33.4039    33.4104    25.4945    25.5017     7.0546     7.1689    214.980    218.461     2.1331     2.0415     0.0464     0.1350     3.1783     0.1355     0.0000 -122.53292   33.48288      99.32         13  0.000e+00
     266302  11095.875     80.010     80.597    11.2231    11.2131  37.679235  37.675382    11.2133    11.2033    33.4039    33.4092    25.4945    25.5004     7.0547     7.1688    214.980    218.456     2.1331     2.0415     0.0464     0.1350     3.1770     0.1355     0.0000 -122.53292   33.48288      99.32         13  0.000e+00
     266303  11095.917     79.976     80.563    11.2231    11.2141  37.679105  37.675576    11.2133    11.2043    33.4038    33.4085    25.4944    25.4997     7.0546     7.1629    214.980    218.278     2.1331     2.0403     0.0464     0.1350     3.1770     0.1355     0.0000 -122.53292   33.48288      99.32         13  0.000e+00
     266304  11095.958     80.023     80.610    11.2233    11.2155  37.679041  37.676353    11.2135    11.2056    33.4036    33.4081    25.4942    25.4991     7.0547     7.1627    214.981    218.273     2.1331     2.0403     0.0464     0.1350     3.1770     0.1355     0.0000 -122.53292   33.48288      99.32         13  0.000e+00
     266305  11096.000     79.976     80.563    11.2234    11.2164  37.679300  37.676999    11.2136    11.2066    33.4038    33.4078    25.4944    25.4988     7.0546     7.1682    214.979    218.441     2.1331     2.0415     0.0464     0.1350     3.1770     0.1355     0.0000 -122.53292   33.48288      99.32         13  0.000e+00
     266306  11096.042     80.023     80.610    11.2235    11.2178  37.679559  37.677452    11.2137    11.2080    33.4039    33.4070    25.4945    25.4979     7.0546     7.1681    214.979    218.436     2.1331     2.0415     0.0464     0.1350     3.1783     0.1355     0.0000 -122.53292   33.48288      99.32         13  0.000e+00
     266307  11096.083     80.023     80.610    11.2236    11.2188  37.679882  37.677776    11.2138    11.2090    33.4041    33.4064    25.4946    25.4973     7.0546     7.1680    214.978    218.432     2.1331     2.0415     0.0476     0.1655     3.1770     0.1355     0.0000 -122.53292   33.48288      99.32         13  0.000e+00
     266308  11096.125     80.009     80.597    11.2241    11.2195  37.680012  37.678423    11.2143    11.2096    33.4039    33.4065    25.4943    25.4972     7.0545     7.1678    214.976    218.429     2.1331     2.0415     0.0464     0.1350     3.1770     0.1355     0.0000 -122.53292   33.48288      99.32         13  0.000e+00
     266309  11096.167     80.069     80.657    11.2238    11.2200  37.679753  37.678488    11.2140    11.2101    33.4038    33.4061    25.4943    25.4968     7.0546     7.1678    214.979    218.428     2.1331     2.0415     0.0464     0.1350     3.1770     0.1355     0.0000 -122.53292   33.48288      99.32         13  0.000e+00
     266310  11096.208     80.023     80.610    11.2236    11.2206  37.679494  37.679264    11.2138    11.2108    33.4037    33.4063    25.4943    25.4968     7.0546     7.1677    214.979    218.424     2.1331     2.0415     0.0464     0.1350     3.1770     0.1355     0.0000 -122.53292   33.48288      99.32         13  0.000e+00
     266311  11096.250     80.023     80.610    11.2230    11.2216  37.679365  37.679587    11.2132    11.2118    33.4042    33.4057    25.4947    25.4962     7.0547     7.1732    214.981    218.593     2.1331     2.0427     0.0464     0.1350     3.1770     0.1355     0.0000 -122.53292   33.48288      99.32         13  0.000e+00
     266312  11096.292     80.069     80.657    11.2228    11.2222  37.679106  37.679458    11.2129    11.2124    33.4041    33.4049    25.4947    25.4955     7.0548     7.1675    214.984    218.419     2.1331     2.0415     0.0464     0.1350     3.1770     0.1355     0.0000 -122.53292   33.48288      99.32         13  0.000e+00
     266313  11096.333     80.069     80.657    11.2225    11.2227  37.679235  37.679781    11.2127    11.2129    33.4045    33.4048    25.4951    25.4953     7.0548     7.1731    214.984    218.590     2.1331     2.0427     0.0464     0.1350     3.1783     0.1355     0.0000 -122.53292   33.48288      99.32         13  0.000e+00
     266314  11096.375     80.023     80.610    11.2228    11.2232  37.679365  37.680105    11.2130    11.2134    33.4043    33.4047    25.4949    25.4951     7.0547     7.1673    214.982    218.413     2.1331     2.0415     0.0464     0.1350     3.1770     0.1368     0.0000 -122.53292   33.48288      99.32         13  0.000e+00
     266315  11096.417     80.109     80.697    11.2223    11.2234  37.677358  37.679975    11.2124    11.2136    33.4028    33.4044    25.4938    25.4948     7.0549     7.1731    214.989    218.588     2.1331     2.0427     0.0464     0.1350     3.1783     0.1355     0.0000 -122.53292   33.48288      99.32         13  0.000e+00
     266316  11096.458     80.069     80.656    11.2175    11.2239  37.673733  37.680040    11.2077    11.2141    33.4036    33.4040    25.4953    25.4944     7.0556     7.1729    215.009    218.585     2.1331     2.0427     0.0464     0.1350     3.1770     0.1355     0.0000 -122.53292   33.48288      99.32         13  0.000e+00
     266317  11096.500     80.122     80.710    11.2121    11.2239  37.671468  37.679911    11.2023    11.2141    33.4062    33.4038    25.4983    25.4943     7.0564     7.1730    215.032    218.587     2.1331     2.0427     0.0464     0.1350     3.1783     0.1355     0.0000 -122.53292   33.48288      99.32         13  0.000e+00
     266318  11096.542     80.122     80.710    11.2111    11.2236  37.671533  37.676934    11.2013    11.2138    33.4072    33.4012    25.4992    25.4923     7.0565     7.1732    215.035    218.593     2.1331     2.0427     0.0464     0.1350     3.1783     0.1368     0.0000 -122.53292   33.48288      99.32         13  0.000e+00
     266319  11096.583     80.069     80.656    11.2124    11.2200  37.672180  37.670982    11.2026    11.2101    33.4067    33.3986    25.4986    25.4910     7.0563     7.1738    215.029    218.613     2.1331     2.0427     0.0464     0.1350     3.1770     0.1368     0.0000 -122.53292   33.48288      99.32         13  0.000e+00
     266320  11096.625     80.168     80.757    11.2096    11.2126  37.669397  37.663932    11.1998    11.2027    33.4064    33.3983    25.4989    25.4921     7.0568     7.1752    215.045    218.654     2.1331     2.0427     0.0464     0.1350     3.1770     0.1355     0.0000 -122.53292   33.48288      99.32         13  0.000e+00
     266321  11096.667     80.122     80.710    11.1999    11.2030  37.663118  37.657076    11.1901    11.1932    33.4090    33.4002    25.5027    25.4953     7.0582     7.1823    215.086    218.871     2.1331     2.0440     0.0476     0.1655     3.1758     0.1368     0.0000 -122.53292   33.48288      99.32         13  0.000e+00
     266322  11096.708     80.155     80.743    11.1913    11.1938  37.659624  37.652678    11.1815    11.1840    33.4134    33.4043    25.5076    25.5001     7.0594     7.1780    215.121    218.738     2.1331     2.0427     0.0464     0.1350     3.1758     0.1368     0.0000 -122.53292   33.48288      99.32         13  0.000e+00
     266323  11096.750     80.168     80.757    11.1922    11.1858  37.662407  37.650092    11.1823    11.1760    33.4154    33.4089    25.5090    25.5051     7.0591     7.1848    215.114    218.945     2.1331     2.0440     0.0464     0.1350     3.1783     0.1355     0.0000 -122.53292   33.48288      99.32         13  0.000e+00
