West Coast/WCOA-7/CTD_Data/RB2102_CTD_020_01.ros
* Sea-Bird SBE 9 Data File:
* FileName = C:\Users\scs.user.rb\CTD\RB2102\Data\RB2102_CTD_020_01.hex
* Software Version Seasave V 7.26.7.107
* Temperature SN = 6202
* Conductivity SN = 4907
* Number of Bytes Per Scan = 41
* Number of Voltage Words = 4
* Number of Scans Averaged by the Deck Unit = 1
* NMEA Latitude = 48 07.87 N
* NMEA Longitude = 125 10.49 W
* NMEA UTC (Time) = Jun 28 2021  23:06:56
* NMEA baud rate = 4800
# nquan = 30
# nvalues = 879                                   
# units = specified
# name 0 = scan: Scan Count
# name 1 = timeS: Time, Elapsed [seconds]
# name 2 = depSM: Depth [salt water, m]
# name 3 = prDM: Pressure, Digiquartz [db]
# name 4 = t090C: Temperature [ITS-90, deg C]
# name 5 = t190C: Temperature, 2 [ITS-90, deg C]
# name 6 = c0mS/cm: Conductivity [mS/cm]
# name 7 = c1mS/cm: Conductivity, 2 [mS/cm]
# name 8 = potemp090C: Potential Temperature [ITS-90, deg C]
# name 9 = potemp190C: Potential Temperature, 2 [ITS-90, deg C]
# name 10 = sal00: Salinity, Practical [PSU]
# name 11 = sal11: Salinity, Practical, 2 [PSU]
# name 12 = sigma-é00: Density [sigma-theta, kg/m^3]
# name 13 = sigma-é11: Density, 2 [sigma-theta, kg/m^3]
# name 14 = sbeox0Mg/L: Oxygen, SBE 43 [mg/l]
# name 15 = sbeox1Mg/L: Oxygen, SBE 43, 2 [mg/l]
# name 16 = sbox0Mm/Kg: Oxygen, SBE 43 [umol/kg]
# name 17 = sbox1Mm/Kg: Oxygen, SBE 43, 2 [umol/kg]
# name 18 = sbeox0V: Oxygen raw, SBE 43 [V]
# name 19 = sbeox1V: Oxygen raw, SBE 43, 2 [V]
# name 20 = v4: Voltage 4
# name 21 = flECO-AFL: Fluorescence, WET Labs ECO-AFL/FL [mg/m^3]
# name 22 = v3: Voltage 3
# name 23 = v6: Voltage 6
# name 24 = v7: Voltage 7
# name 25 = longitude: Longitude [deg]
# name 26 = latitude: Latitude [deg]
# name 27 = altM: Altimeter [m]
# name 28 = nbf: Bottles Fired
# name 29 = flag:  0.000e+00
# interval = seconds: 0.0416667
# start_time = Jun 28 2021 23:06:56 [NMEA time, header]
# bad_flag = -9.990e-29
*END*
[from data line 49]
      20278    844.875    249.279    251.545     6.4271     6.4264  33.959949  33.958532     6.4050     6.4042    33.9840    33.9832    26.6980    26.6974     2.2562     2.2569     68.674     68.695     0.9487     0.9267     0.0403    -0.0177     3.4945     1.7155     0.0147 -125.17494   48.13128      10.67          2  0.000e+00
      20279    844.917    249.346    251.612     6.4268     6.4263  33.960012  33.958470     6.4047     6.4042    33.9843    33.9831    26.6983    26.6974     2.2622     2.2569     68.857     68.695     0.9499     0.9267     0.0403    -0.0177     3.4921     1.7155     0.0147 -125.17494   48.13128      10.67          2  0.000e+00
      20280    844.958    249.293    251.558     6.4271     6.4260  33.959825  33.958470     6.4050     6.4039    33.9839    33.9834    26.6979    26.6977     2.2562     2.2569     68.674     68.695     0.9487     0.9267     0.0403    -0.0177     3.4945     1.7155     0.0159 -125.17494   48.13128      10.67          2  0.000e+00
      20281    845.000    249.293    251.558     6.4270     6.4262  33.959701  33.958657     6.4049     6.4040    33.9838    33.9835    26.6978    26.6977     2.2622     2.2569     68.856     68.695     0.9499     0.9267     0.0403    -0.0177     3.4933     1.7155     0.0147 -125.17494   48.13128      10.67          2  0.000e+00
      20282    845.042    249.346    251.612     6.4270     6.4262  33.959887  33.958346     6.4048     6.4040    33.9841    33.9831    26.6980    26.6974     2.2562     2.2569     68.675     68.696     0.9487     0.9267     0.0403    -0.0177     3.4933     1.7155     0.0147 -125.17494   48.13128      10.67          2  0.000e+00
      20283    845.083    249.293    251.558     6.4268     6.4267  33.959825  33.958719     6.4047     6.4045    33.9842    33.9831    26.6981    26.6973     2.2562     2.2569     68.675     68.694     0.9487     0.9267     0.0403    -0.0177     3.4933     1.7155     0.0147 -125.17494   48.13128      10.67          2  0.000e+00
      20284    845.125    249.226    251.491     6.4268     6.4262  33.959514  33.958532     6.4047     6.4040    33.9839    33.9834    26.6979    26.6976     2.2622     2.2569     68.856     68.694     0.9499     0.9267     0.0403    -0.0177     3.4933     1.7155     0.0147 -125.17494   48.13128      10.70          2  0.000e+00
      20285    845.167    249.346    251.612     6.4270     6.4262  33.959452  33.958470     6.4049     6.4040    33.9835    33.9833    26.6976    26.6975     2.2622     2.2569     68.857     68.696     0.9499     0.9267     0.0403    -0.0177     3.4933     1.7155     0.0147 -125.17494   48.13128      10.70          2  0.000e+00
      20286    845.208    249.293    251.558     6.4270     6.4262  33.959825  33.958470     6.4048     6.4040    33.9840    33.9833    26.6980    26.6975     2.2622     2.2569     68.856     68.695     0.9499     0.9267     0.0403    -0.0177     3.4933     1.7155     0.0147 -125.17494   48.13128      10.70          2  0.000e+00
      20287    845.250    249.293    251.558     6.4272     6.4263  33.959576  33.958905     6.4050     6.4042    33.9836    33.9836    26.6976    26.6978     2.2562     2.2569     68.674     68.695     0.9487     0.9267     0.0403    -0.0177     3.4933     1.7155     0.0147 -125.17494   48.13128      10.70          2  0.000e+00
      20288    845.292    249.293    251.558     6.4270     6.4265  33.959452  33.958719     6.4048     6.4044    33.9836    33.9832    26.6977    26.6974     2.2622     2.2569     68.856     68.695     0.9499     0.9267     0.0403    -0.0177     3.4945     1.7155     0.0147 -125.17494   48.13128      10.70          2  0.000e+00
      20289    845.333    249.293    251.558     6.4270     6.4264  33.959639  33.958470     6.4049     6.4042    33.9838    33.9831    26.6978    26.6973     2.2622     2.2569     68.856     68.695     0.9499     0.9267     0.0403    -0.0177     3.4945     1.7155     0.0147 -125.17494   48.13128      10.70          2  0.000e+00
      20290    845.375    249.279    251.545     6.4270     6.4262  33.959701  33.958656     6.4048     6.4040    33.9839    33.9835    26.6979    26.6977     2.2622     2.2634     68.856     68.893     0.9499     0.9280     0.0403    -0.0177     3.4945     1.7155     0.0147 -125.17494   48.13128      10.72          2  0.000e+00
      20291    845.417    249.293    251.558     6.4268     6.4263  33.959701  33.958532     6.4047     6.4042    33.9840    33.9832    26.6980    26.6974     2.2622     2.2569     68.856     68.695     0.9499     0.9267     0.0403    -0.0177     3.4933     1.7155     0.0147 -125.17494   48.13128      10.72          2  0.000e+00
      20292    845.458    249.293    251.558     6.4270     6.4264  33.959701  33.958284     6.4048     6.4042    33.9839    33.9829    26.6979    26.6972     2.2562     2.2634     68.675     68.893     0.9487     0.9280     0.0403    -0.0177     3.4933     1.7155     0.0147 -125.17494   48.13128      10.72          2  0.000e+00
      20293    845.500    249.293    251.558     6.4268     6.4264  33.959701  33.958408     6.4047     6.4042    33.9840    33.9830    26.6980    26.6973     2.2622     2.2569     68.856     68.695     0.9499     0.9267     0.0403    -0.0177     3.4933     1.7155     0.0147 -125.17494   48.13128      10.72          2  0.000e+00
      20294    845.542    249.293    251.558     6.4270     6.4263  33.959701  33.958532     6.4048     6.4042    33.9839    33.9832    26.6979    26.6974     2.2562     2.2569     68.675     68.695     0.9487     0.9267     0.0403    -0.0177     3.4933     1.7143     0.0147 -125.17494   48.13128      10.72          2  0.000e+00
      20295    845.583    249.293    251.558     6.4268     6.4260  33.959701  33.958284     6.4047     6.4039    33.9840    33.9832    26.6980    26.6975     2.2562     2.2569     68.675     68.695     0.9487     0.9267     0.0403    -0.0177     3.4933     1.7155     0.0147 -125.17494   48.13128      10.72          2  0.000e+00
      20296    845.625    249.293    251.558     6.4271     6.4260  33.959949  33.958408     6.4050     6.4039    33.9840    33.9834    26.6980    26.6976     2.2622     2.2569     68.856     68.695     0.9499     0.9267     0.0403    -0.0177     3.4945     1.7143     0.0159 -125.17494   48.13128      10.72          2  0.000e+00
      20297    845.667    249.279    251.545     6.4268     6.4264  33.959763  33.958035     6.4047     6.4042    33.9841    33.9826    26.6981    26.6970     2.2562     2.2634     68.675     68.893     0.9487     0.9280     0.0403    -0.0177     3.4945     1.7143     0.0147 -125.17494   48.13128      10.74          2  0.000e+00
      20298    845.708    249.346    251.612     6.4266     6.4263  33.959701  33.957911     6.4045     6.4042    33.9842    33.9825    26.6982    26.6969     2.2563     2.2634     68.676     68.894     0.9487     0.9280     0.0403    -0.0177     3.4945     1.7143     0.0147 -125.17494   48.13128      10.74          2  0.000e+00
      20299    845.750    249.293    251.558     6.4267     6.4262  33.959514  33.958284     6.4045     6.4040    33.9840    33.9831    26.6980    26.6974     2.2562     2.2634     68.675     68.894     0.9487     0.9280     0.0403    -0.0177     3.4945     1.7143     0.0147 -125.17494   48.13128      10.74          2  0.000e+00
      20300    845.792    249.293    251.558     6.4268     6.4260  33.959639  33.958284     6.4047     6.4039    33.9840    33.9832    26.6980    26.6975     2.2562     2.2569     68.675     68.695     0.9487     0.9267     0.0403    -0.0177     3.4945     1.7143     0.0147 -125.17494   48.13128      10.74          2  0.000e+00
      20301    845.833    249.293    251.558     6.4268     6.4262  33.959701  33.958222     6.4047     6.4040    33.9840    33.9830    26.6980    26.6973     2.2562     2.2634     68.675     68.894     0.9487     0.9280     0.0403    -0.0177     3.4921     1.7143     0.0147 -125.17494   48.13128      10.74          2  0.000e+00
      20302    845.875    249.346    251.612     6.4266     6.4260  33.959514  33.958222     6.4045     6.4039    33.9840    33.9831    26.6980    26.6974     2.2563     2.2634     68.676     68.894     0.9487     0.9280     0.0403    -0.0177     3.4945     1.7143     0.0147 -125.17494   48.13128      10.74          2  0.000e+00
      20303    845.917    249.326    251.592     6.4268     6.4260  33.959639  33.958222     6.4047     6.4039    33.9839    33.9832    26.6979    26.6974     2.2562     2.2634     68.675     68.894     0.9487     0.9280     0.0403    -0.0177     3.4921     1.7143     0.0147 -125.17494   48.13128      10.74          2  0.000e+00
      20304    845.958    249.346    251.612     6.4270     6.4262  33.959514  33.958408     6.4048     6.4040    33.9836    33.9832    26.6977    26.6975     2.2562     2.2569     68.675     68.696     0.9487     0.9267     0.0403    -0.0177     3.4945     1.7143     0.0147 -125.17494   48.13128      10.74          2  0.000e+00
      20305    846.000    249.346    251.612     6.4268     6.4260  33.959825  33.958284     6.4047     6.4039    33.9841    33.9832    26.6981    26.6975     2.2622     2.2569     68.857     68.696     0.9499     0.9267     0.0403    -0.0177     3.4945     1.7143     0.0147 -125.17494   48.13128      10.74          2  0.000e+00
      20306    846.042    249.346    251.612     6.4266     6.4262  33.959577  33.958036     6.4045     6.4040    33.9841    33.9828    26.6981    26.6971     2.2622     2.2634     68.857     68.894     0.9499     0.9280     0.0403    -0.0177     3.4945     1.7143     0.0147 -125.17494   48.13128      10.74          2  0.000e+00
      20307    846.083    249.346    251.612     6.4267     6.4260  33.959639  33.958160     6.4045     6.4039    33.9841    33.9831    26.6981    26.6974     2.2622     2.2569     68.857     68.696     0.9499     0.9267     0.0403    -0.0177     3.4933     1.7143     0.0147 -125.17494   48.13128      10.74          2  0.000e+00
      20308    846.125    249.346    251.612     6.4266     6.4260  33.959514  33.958222     6.4045     6.4039    33.9840    33.9831    26.6980    26.6974     2.2563     2.2634     68.676     68.894     0.9487     0.9280     0.0403    -0.0177     3.4945     1.7143     0.0147 -125.17494   48.13128      10.70          2  0.000e+00
      20309    846.167    249.379    251.645     6.4268     6.4258  33.959639  33.958222     6.4047     6.4037    33.9839    33.9833    26.6979    26.6976     2.2622     2.2635     68.857     68.895     0.9499     0.9280     0.0403    -0.0177     3.4933     1.7143     0.0147 -125.17494   48.13128      10.70          2  0.000e+00
      20310    846.208    249.346    251.612     6.4266     6.4260  33.959514  33.958222     6.4045     6.4039    33.9840    33.9831    26.6980    26.6974     2.2622     2.2569     68.857     68.696     0.9499     0.9267     0.0403    -0.0177     3.4945     1.7143     0.0147 -125.17494   48.13128      10.70          2  0.000e+00
      20311    846.250    249.445    251.713     6.4267     6.4259  33.959204  33.957974     6.4045     6.4037    33.9835    33.9830    26.6977    26.6973     2.2623     2.2635     68.858     68.895     0.9499     0.9280     0.0403    -0.0177     3.4933     1.7143     0.0147 -125.17494   48.13128      10.70          2  0.000e+00
      20312    846.292    249.392    251.659     6.4265     6.4262  33.959328  33.958160     6.4043     6.4040    33.9839    33.9829    26.6980    26.6972     2.2622     2.2634     68.858     68.894     0.9499     0.9280     0.0403    -0.0177     3.4933     1.7143     0.0147 -125.17494   48.13128      10.70          2  0.000e+00
      20313    846.333    249.392    251.659     6.4267     6.4258  33.959825  33.958408     6.4045     6.4037    33.9843    33.9835    26.6982    26.6977     2.2622     2.2635     68.857     68.895     0.9499     0.9280     0.0403    -0.0177     3.4933     1.7143     0.0147 -125.17494   48.13128      10.70          2  0.000e+00
      20314    846.375    249.445    251.713     6.4265     6.4260  33.959391  33.958284     6.4043     6.4039    33.9839    33.9832    26.6980    26.6974     2.2623     2.2570     68.858     68.697     0.9499     0.9267     0.0403    -0.0177     3.4945     1.7143     0.0147 -125.17494   48.13128      10.70          2  0.000e+00
      20315    846.417    249.425    251.692     6.4267     6.4259  33.959390  33.957974     6.4045     6.4037    33.9838    33.9830    26.6978    26.6973     2.2563     2.2570     68.676     68.697     0.9487     0.9267     0.0403    -0.0177     3.4945     1.7143     0.0147 -125.17494   48.13128      10.70          2  0.000e+00
      20316    846.458    249.445    251.713     6.4266     6.4260  33.959639  33.957912     6.4045     6.4039    33.9841    33.9828    26.6981    26.6971     2.2563     2.2635     68.676     68.895     0.9487     0.9280     0.0403    -0.0177     3.4933     1.7143     0.0147 -125.17494   48.13128      10.70          2  0.000e+00
      20317    846.500    249.445    251.713     6.4267     6.4260  33.959701  33.958284     6.4045     6.4039    33.9841    33.9832    26.6981    26.6974     2.2623     2.2570     68.858     68.697     0.9499     0.9267     0.0403    -0.0177     3.4945     1.7143     0.0147 -125.17494   48.13128      10.70          2  0.000e+00
      20318    846.542    249.492    251.759     6.4266     6.4259  33.959701  33.958285     6.4045     6.4037    33.9841    33.9833    26.6981    26.6976     2.2563     2.2570     68.677     68.697     0.9487     0.9267     0.0403    -0.0177     3.4933     1.7143     0.0147 -125.17494   48.13128      10.70          2  0.000e+00
      20319    846.583    249.492    251.759     6.4265     6.4259  33.959515  33.957726     6.4044     6.4037    33.9840    33.9827    26.6980    26.6971     2.2563     2.2635     68.677     68.896     0.9487     0.9280     0.0403    -0.0177     3.4933     1.7143     0.0147 -125.17494   48.13128      10.70          2  0.000e+00
      20320    846.625    249.492    251.759     6.4265     6.4257  33.959266  33.958036     6.4043     6.4035    33.9838    33.9832    26.6979    26.6975     2.2623     2.2570     68.859     68.698     0.9499     0.9267     0.0403    -0.0177     3.4933     1.7143     0.0147 -125.17494   48.13128      10.65          2  0.000e+00
      20321    846.667    249.538    251.806     6.4263     6.4260  33.959142  33.958223     6.4042     6.4039    33.9838    33.9830    26.6979    26.6973     2.2623     2.2570     68.860     68.698     0.9499     0.9267     0.0403    -0.0177     3.4933     1.7155     0.0147 -125.17494   48.13128      10.62          2  0.000e+00
      20322    846.708    249.478    251.746     6.4263     6.4259  33.958956  33.958409     6.4042     6.4037    33.9836    33.9834    26.6977    26.6977     2.2623     2.2570     68.859     68.697     0.9499     0.9267     0.0403    -0.0177     3.4933     1.7155     0.0147 -125.17494   48.13128      10.62          2  0.000e+00
      20323    846.750    249.538    251.806     6.4262     6.4259  33.959453  33.958285     6.4040     6.4037    33.9843    33.9833    26.6983    26.6975     2.2623     2.2635     68.860     68.896     0.9499     0.9280     0.0403    -0.0177     3.4933     1.7155     0.0147 -125.17494   48.13128      10.62          2  0.000e+00
      20324    846.792    249.591    251.860     6.4263     6.4260  33.959515  33.958471     6.4042     6.4039    33.9842    33.9833    26.6982    26.6975     2.2623     2.2635     68.860     68.896     0.9499     0.9280     0.0403    -0.0177     3.4933     1.7155     0.0147 -125.17494   48.13128      10.62          2  0.000e+00
