West Coast/WCOA-7/CTD_Data/RB2102_CTD_041_01.ros
* Sea-Bird SBE 9 Data File:
* FileName = C:\Users\scs.user.rb\CTD\RB2102\Data\RB2102_CTD_041_01.hex
* Software Version Seasave V 7.26.7.107
* Temperature SN = 6202
* Conductivity SN = 4907
* Number of Bytes Per Scan = 41
* Number of Voltage Words = 4
* Number of Scans Averaged by the Deck Unit = 1
* NMEA Latitude = 47 06.93 N
* NMEA Longitude = 124 38.69 W
* NMEA UTC (Time) = Jul 02 2021  17:12:06
* NMEA baud rate = 4800
# nquan = 30
# nvalues = 686                                   
# units = specified
# name 0 = scan: Scan Count
# name 1 = timeS: Time, Elapsed [seconds]
# name 2 = depSM: Depth [salt water, m]
# name 3 = prDM: Pressure, Digiquartz [db]
# name 4 = t090C: Temperature [ITS-90, deg C]
# name 5 = t190C: Temperature, 2 [ITS-90, deg C]
# name 6 = c0mS/cm: Conductivity [mS/cm]
# name 7 = c1mS/cm: Conductivity, 2 [mS/cm]
# name 8 = potemp090C: Potential Temperature [ITS-90, deg C]
# name 9 = potemp190C: Potential Temperature, 2 [ITS-90, deg C]
# name 10 = sal00: Salinity, Practical [PSU]
# name 11 = sal11: Salinity, Practical, 2 [PSU]
# name 12 = sigma-é00: Density [sigma-theta, kg/m^3]
# name 13 = sigma-é11: Density, 2 [sigma-theta, kg/m^3]
# name 14 = sbeox0Mg/L: Oxygen, SBE 43 [mg/l]
# name 15 = sbeox1Mg/L: Oxygen, SBE 43, 2 [mg/l]
# name 16 = sbox0Mm/Kg: Oxygen, SBE 43 [umol/kg]
# name 17 = sbox1Mm/Kg: Oxygen, SBE 43, 2 [umol/kg]
# name 18 = sbeox0V: Oxygen raw, SBE 43 [V]
# name 19 = sbeox1V: Oxygen raw, SBE 43, 2 [V]
# name 20 = v4: Voltage 4
# name 21 = flECO-AFL: Fluorescence, WET Labs ECO-AFL/FL [mg/m^3]
# name 22 = v3: Voltage 3
# name 23 = v6: Voltage 6
# name 24 = v7: Voltage 7
# name 25 = longitude: Longitude [deg]
# name 26 = latitude: Latitude [deg]
# name 27 = altM: Altimeter [m]
# name 28 = nbf: Bottles Fired
# name 29 = flag:  0.000e+00
# interval = seconds: 0.0416667
# start_time = Jul 02 2021 17:12:06 [NMEA time, header]
# bad_flag = -9.990e-29
*END*
[from data line 532]
      45239   1884.917     10.172     10.258    16.3113    16.3885  40.418853  40.477064    16.3097    16.3869    31.6579    31.6474    23.1089    23.0834     9.0242     9.2091    275.639    281.295     2.8254     2.7118     0.0647     0.5928     3.2527     1.0440     0.0000 -124.64462   47.11600      83.91         11  0.000e+00
      45240   1884.958     10.232     10.318    16.3237    16.3842  40.426776  40.474002    16.3221    16.3826    31.6550    31.6481    23.1039    23.0849     9.0222     9.2100    275.580    281.321     2.8254     2.7118     0.0647     0.5928     3.2540     1.0440     0.0000 -124.64462   47.11600      83.91         11  0.000e+00
      45241   1885.000     10.225     10.311    16.3386    16.3794  40.433633  40.471073    16.3370    16.3778    31.6491    31.6494    23.0961    23.0870     9.0198     9.2108    275.510    281.346     2.8254     2.7118     0.0647     0.5928     3.2540     1.0440     0.0000 -124.64462   47.11600      83.88         11  0.000e+00
      45242   1885.042     10.225     10.311    16.3422    16.3767  40.433899  40.466745    16.3406    16.3751    31.6465    31.6478    23.0932    23.0864     9.0146     9.2114    275.351    281.365     2.8242     2.7118     0.0647     0.5928     3.2540     1.0440     0.0000 -124.64462   47.11600      83.86         11  0.000e+00
      45243   1885.083     10.272     10.358    16.3365    16.3717  40.431036  40.460487    16.3349    16.3701    31.6485    31.6462    23.0960    23.0863     9.0156     9.2074    275.380    281.243     2.8242     2.7106     0.0635     0.5623     3.2540     1.0427     0.0000 -124.64462   47.11600      83.86         11  0.000e+00
      45244   1885.125     10.186     10.271    16.3318    16.3661  40.430570  40.454562    16.3302    16.3645    31.6518    31.6456    23.0996    23.0871     9.0161     9.2084    275.396    281.274     2.8242     2.7106     0.0647     0.5928     3.2527     1.0440     0.0000 -124.64462   47.11600      83.86         11  0.000e+00
      45245   1885.167     10.272     10.358    16.3357    16.3606  40.432502  40.449770    16.3341    16.3590    31.6504    31.6457    23.0976    23.0884     9.0156     9.2096    275.381    281.308     2.8242     2.7106     0.0647     0.5928     3.2527     1.0440     0.0000 -124.64462   47.11600      83.86         11  0.000e+00
      47483   1978.417      3.052      3.078    16.8610    16.8557  40.833727  40.830196    16.8605    16.8552    31.5863    31.5875    22.9283    22.9304     8.8479     8.9945    270.304    274.780     2.8059     2.6825     0.0574     0.4097     3.2540     0.9951     0.0000 -124.64460   47.11614      90.94         12  0.000e+00
      47484   1978.458      3.105      3.131    16.8608    16.8568  40.833527  40.831867    16.8604    16.8563    31.5862    31.5880    22.9283    22.9306     8.8434     8.9943    270.165    274.774     2.8046     2.6825     0.0562     0.3792     3.2552     0.9951     0.0000 -124.64460   47.11614      90.94         12  0.000e+00
      47485   1978.500      2.960      2.985    16.8607    16.8574  40.833727  40.832267    16.8602    16.8569    31.5866    31.5879    22.9286    22.9304     8.8432     8.9990    270.160    274.920     2.8046     2.6838     0.0574     0.4097     3.2540     0.9951     0.0000 -124.64460   47.11614      90.89         12  0.000e+00
      47486   1978.542      3.152      3.178    16.8608    16.8579  40.833861  40.831867    16.8603    16.8574    31.5865    31.5871    22.9285    22.9296     8.8481     8.9992    270.308    274.925     2.8059     2.6838     0.0574     0.4097     3.2540     0.9951     0.0000 -124.64460   47.11614      90.87         12  0.000e+00
      47487   1978.583      3.072      3.098    16.8608    16.8575  40.833527  40.831332    16.8604    16.8571    31.5863    31.5870    22.9283    22.9296     8.8433     8.9942    270.164    274.771     2.8046     2.6825     0.0574     0.4097     3.2540     0.9939     0.0000 -124.64460   47.11614      90.89         12  0.000e+00
      47488   1978.625      3.006      3.032    16.8604    16.8577  40.833727  40.830797    16.8599    16.8572    31.5868    31.5864    22.9288    22.9291     8.8480     8.9941    270.305    274.769     2.8059     2.6825     0.0574     0.4097     3.2552     0.9951     0.0000 -124.64460   47.11614      90.89         12  0.000e+00
      47489   1978.667      3.106      3.132    16.8601    16.8572  40.833259  40.830797    16.8596    16.8567    31.5866    31.5867    22.9287    22.9295     8.8435     8.9993    270.168    274.928     2.8046     2.6838     0.0562     0.3792     3.2540     0.9951     0.0000 -124.64460   47.11614      90.89         12  0.000e+00
      47490   1978.708      3.053      3.078    16.8595    16.8568  40.832858  40.830463    16.8590    16.8563    31.5868    31.5868    22.9290    22.9296     8.8482     8.9943    270.311    274.775     2.8059     2.6825     0.0574     0.4097     3.2540     0.9951     0.0000 -124.64460   47.11614      90.92         12  0.000e+00
      47491   1978.750      3.106      3.132    16.8591    16.8565  40.832792  40.829595    16.8586    16.8560    31.5870    31.5863    22.9293    22.9293     8.8483     8.9995    270.315    274.933     2.8059     2.6838     0.0574     0.4097     3.2540     0.9951     0.0000 -124.64460   47.11614      91.09         12  0.000e+00
      47492   1978.792      3.053      3.078    16.8588    16.8560  40.832791  40.829260    16.8583    16.8555    31.5872    31.5864    22.9295    22.9295     8.8483     8.9945    270.314    274.780     2.8059     2.6825     0.0574     0.4097     3.2540     0.9951     0.0000 -124.64460   47.11614      91.18         12  0.000e+00
      47493   1978.833      3.053      3.078    16.8590    16.8553  40.832524  40.829661    16.8585    16.8548    31.5869    31.5873    22.9292    22.9303     8.8483     8.9945    270.314    274.782     2.8059     2.6825     0.0574     0.4097     3.2540     0.9951     0.0000 -124.64460   47.11614      91.18         12  0.000e+00
      47494   1978.875      3.106      3.132    16.8587    16.8551  40.832658  40.829394    16.8582    16.8546    31.5871    31.5872    22.9295    22.9303     8.8483     8.9946    270.316    274.785     2.8059     2.6825     0.0574     0.4097     3.2540     0.9951     0.0000 -124.64460   47.11614      91.18         12  0.000e+00
      47495   1978.917      3.053      3.078    16.8590    16.8547  40.832190  40.829728    16.8585    16.8542    31.5866    31.5878    22.9289    22.9309     8.8483     8.9946    270.314    274.785     2.8059     2.6825     0.0574     0.4097     3.2540     0.9951     0.0000 -124.64460   47.11614      91.18         12  0.000e+00
      47496   1978.958      3.053      3.078    16.8587    16.8549  40.832056  40.830062    16.8583    16.8545    31.5866    31.5879    22.9291    22.9309     8.8483     8.9946    270.316    274.783     2.8059     2.6825     0.0574     0.4097     3.2552     0.9951     0.0000 -124.64460   47.11614      91.16         12  0.000e+00
      47497   1979.000      3.106      3.132    16.8588    16.8549  40.832324  40.829728    16.8583    16.8544    31.5868    31.5876    22.9292    22.9307     8.8484     8.9946    270.317    274.785     2.8059     2.6825     0.0574     0.4097     3.2540     0.9951     0.0000 -124.64460   47.11614      90.99         12  0.000e+00
      47498   1979.042      3.106      3.132    16.8588    16.8553  40.832123  40.829194    16.8583    16.8548    31.5866    31.5868    22.9290    22.9300     8.8484     8.9946    270.317    274.785     2.8059     2.6825     0.0574     0.4097     3.2552     0.9951     0.0000 -124.64460   47.11614      90.92         12  0.000e+00
      47499   1979.083      3.152      3.178    16.8584    16.8551  40.831521  40.828125    16.8579    16.8546    31.5864    31.5861    22.9290    22.9295     8.8485     8.9947    270.321    274.789     2.8059     2.6825     0.0574     0.4097     3.2540     0.9951     0.0000 -124.64460   47.11614      90.89         12  0.000e+00
      47500   1979.125      3.073      3.098    16.8580    16.8545  40.831521  40.827456    16.8575    16.8540    31.5868    31.5860    22.9294    22.9295     8.8485     8.9948    270.320    274.790     2.8059     2.6825     0.0562     0.3792     3.2540     0.9951     0.0000 -124.64460   47.11614      90.89         12  0.000e+00
      47501   1979.167      3.152      3.178    16.8575    16.8539  40.831120  40.826655    16.8570    16.8534    31.5868    31.5857    22.9295    22.9295     8.8486     8.9899    270.325    274.642     2.8059     2.6813     0.0562     0.3792     3.2552     0.9951     0.0000 -124.64460   47.11614      90.92         12  0.000e+00
      47502   1979.208      3.152      3.178    16.8574    16.8531  40.831254  40.826254    16.8569    16.8526    31.5870    31.5861    22.9296    22.9299     8.8486     8.9901    270.325    274.647     2.8059     2.6813     0.0574     0.4097     3.2552     0.9951     0.0000 -124.64460   47.11614      90.87         12  0.000e+00
      47503   1979.250      3.152      3.178    16.8575    16.8522  40.831388  40.826855    16.8570    16.8517    31.5870    31.5873    22.9297    22.9310     8.8486     8.9902    270.325    274.649     2.8059     2.6813     0.0562     0.3792     3.2540     0.9951     0.0000 -124.64460   47.11614      90.35         12  0.000e+00
      47504   1979.292      3.152      3.178    16.8577    16.8522  40.831388  40.827524    16.8572    16.8517    31.5868    31.5878    22.9295    22.9315     8.8486     8.9901    270.324    274.648     2.8059     2.6813     0.0562     0.3792     3.2540     0.9951     0.0000 -124.64460   47.11614      90.11         12  0.000e+00
      47505   1979.333      3.198      3.225    16.8578    16.8526  40.831388  40.827791    16.8573    16.8520    31.5868    31.5878    22.9294    22.9314     8.8486     8.9901    270.325    274.648     2.8059     2.6813     0.0574     0.4097     3.2540     0.9951     0.0000 -124.64460   47.11614      90.09         12  0.000e+00
      47506   1979.375      3.198      3.225    16.8578    16.8525  40.831589  40.827658    16.8573    16.8520    31.5869    31.5877    22.9295    22.9313     8.8486     8.9902    270.325    274.648     2.8059     2.6813     0.0574     0.4097     3.2552     0.9951     0.0000 -124.64460   47.11614      90.11         12  0.000e+00
      47507   1979.417      3.251      3.279    16.8577    16.8526  40.832257  40.828059    16.8572    16.8520    31.5876    31.5880    22.9300    22.9315     8.8487     8.9902    270.326    274.649     2.8059     2.6813     0.0574     0.4097     3.2540     0.9963     0.0000 -124.64460   47.11614      90.13         12  0.000e+00
      47508   1979.458      3.251      3.279    16.8575    16.8526  40.831656  40.827791    16.8569    16.8520    31.5872    31.5878    22.9298    22.9314     8.8487     8.9902    270.328    274.650     2.8059     2.6813     0.0574     0.4097     3.2552     0.9951     0.0000 -124.64460   47.11614      90.13         12  0.000e+00
      47509   1979.500      3.251      3.279    16.8575    16.8527  40.831856  40.828059    16.8570    16.8522    31.5873    31.5879    22.9299    22.9314     8.8487     8.9851    270.327    274.494     2.8059     2.6801     0.0562     0.3792     3.2552     0.9963     0.0000 -124.64460   47.11614      90.04         12  0.000e+00
      47510   1979.542      3.298      3.325    16.8578    16.8527  40.832324  40.827792    16.8573    16.8522    31.5875    31.5876    22.9300    22.9312     8.8487     8.9852    270.327    274.497     2.8059     2.6801     0.0574     0.4097     3.2540     0.9963     0.0000 -124.64460   47.11614      90.01         12  0.000e+00
      47511   1979.583      3.298      3.325    16.8583    16.8523  40.832659  40.826188    16.8578    16.8518    31.5874    31.5866    22.9298    22.9305     8.8486     8.9853    270.325    274.501     2.8059     2.6801     0.0562     0.3792     3.2552     0.9963     0.0000 -124.64460   47.11614      90.01         12  0.000e+00
      47512   1979.625      3.351      3.379    16.8580    16.8514  40.831723  40.824718    16.8575    16.8508    31.5868    31.5860    22.9294    22.9303     8.8488     8.9856    270.329    274.509     2.8059     2.6801     0.0562     0.3792     3.2540     0.9963     0.0000 -124.64460   47.11614      90.01         12  0.000e+00
      47513   1979.667      3.318      3.345    16.8575    16.8497  40.831054  40.823515    16.8569    16.8491    31.5867    31.5863    22.9294    22.9309     8.8488     8.9858    270.331    274.517     2.8059     2.6801     0.0574     0.4097     3.2540     0.9963     0.0000 -124.64460   47.11614      90.01         12  0.000e+00
      47514   1979.708      3.397      3.425    16.8569    16.8481  40.831255  40.823650    16.8564    16.8476    31.5873    31.5876    22.9300    22.9323     8.8490     8.9862    270.336    274.526     2.8059     2.6801     0.0574     0.4097     3.2540     0.9963     0.0000 -124.64460   47.11614      89.99         12  0.000e+00
      47515   1979.750      3.443      3.472    16.8570    16.8477  40.831389  40.823917    16.8565    16.8471    31.5873    31.5882    22.9300    22.9328     8.8490     8.9812    270.337    274.375     2.8059     2.6789     0.0574     0.4097     3.2552     0.9963     0.0000 -124.64460   47.11614      89.94         12  0.000e+00
      47516   1979.792      3.443      3.472    16.8575    16.8476  40.831590  40.824853    16.8569    16.8471    31.5871    31.5890    22.9297    22.9335     8.8489     8.9812    270.335    274.374     2.8059     2.6789     0.0574     0.4097     3.2540     0.9963     0.0000 -124.64460   47.11614      89.89         12  0.000e+00
      47517   1979.833      3.496      3.526    16.8574    16.8478  40.832258  40.825321    16.8568    16.8472    31.5877    31.5893    22.9302    22.9336     8.8443     8.9812    270.193    274.374     2.8046     2.6789     0.0574     0.4097     3.2540     0.9963     0.0000 -124.64460   47.11614      89.89         12  0.000e+00
      47518   1979.875      3.543      3.572    16.8578    16.8479  40.832459  40.824987    16.8572    16.8474    31.5876    31.5889    22.9300    22.9333     8.8443     8.9812    270.193    274.375     2.8046     2.6789     0.0574     0.4097     3.2540     0.9951     0.0000 -124.64460   47.11614      89.89         12  0.000e+00
      47519   1979.917      3.496      3.526    16.8578    16.8479  40.832660  40.825254    16.8572    16.8474    31.5878    31.5891    22.9302    22.9335     8.8443     8.9761    270.191    274.219     2.8046     2.6777     0.0562     0.3792     3.2552     0.9963     0.0000 -124.64460   47.11614      89.89         12  0.000e+00
      47520   1979.958      3.589      3.619    16.8582    16.8482  40.833262  40.825989    16.8576    16.8476    31.5879    31.5895    22.9302    22.9338     8.8443     8.9812    270.192    274.375     2.8046     2.6789     0.0562     0.3792     3.2540     0.9963     0.0000 -124.64460   47.11614      89.87         12  0.000e+00
      47521   1980.000      3.642      3.672    16.8587    16.8486  40.832927  40.826657    16.8581    16.8480    31.5873    31.5897    22.9296    22.9338     8.8396     8.9761    270.050    274.219     2.8034     2.6777     0.0574     0.4097     3.2540     0.9963     0.0000 -124.64460   47.11614      89.79         12  0.000e+00
      47522   1980.042      3.642      3.672    16.8586    16.8491  40.832794  40.826390    16.8580    16.8485    31.5872    31.5891    22.9296    22.9332     8.8396     8.9761    270.051    274.218     2.8034     2.6777     0.0574     0.4097     3.2540     0.9963     0.0000 -124.64460   47.11614      89.77         12  0.000e+00
      47523   1980.083      3.688      3.719    16.8585    16.8490  40.832794  40.826390    16.8579    16.8484    31.5873    31.5892    22.9296    22.9333     8.8397     8.9762    270.053    274.220     2.8034     2.6777     0.0574     0.4097     3.2540     0.9963     0.0000 -124.64460   47.11614      89.77         12  0.000e+00
