West Coast/WCOA-7/CTD_Data/RB2102_CTD_099_01.ros
* Sea-Bird SBE 9 Data File:
* FileName = C:\Users\scs.user.rb\CTD\RB2102\Data\RB2102_CTD_099_01.hex
* Software Version Seasave V 7.26.7.107
* Temperature SN = 6202
* Conductivity SN = 4907
* Number of Bytes Per Scan = 41
* Number of Voltage Words = 4
* Number of Scans Averaged by the Deck Unit = 1
* NMEA Latitude = 36 45.47 N
* NMEA Longitude = 121 55.59 W
* NMEA UTC (Time) = Jul 14 2021  20:46:18
* NMEA baud rate = 4800
# nquan = 30
# nvalues = 686                                   
# units = specified
# name 0 = scan: Scan Count
# name 1 = timeS: Time, Elapsed [seconds]
# name 2 = depSM: Depth [salt water, m]
# name 3 = prDM: Pressure, Digiquartz [db]
# name 4 = t090C: Temperature [ITS-90, deg C]
# name 5 = t190C: Temperature, 2 [ITS-90, deg C]
# name 6 = c0mS/cm: Conductivity [mS/cm]
# name 7 = c1mS/cm: Conductivity, 2 [mS/cm]
# name 8 = potemp090C: Potential Temperature [ITS-90, deg C]
# name 9 = potemp190C: Potential Temperature, 2 [ITS-90, deg C]
# name 10 = sal00: Salinity, Practical [PSU]
# name 11 = sal11: Salinity, Practical, 2 [PSU]
# name 12 = sigma-é00: Density [sigma-theta, kg/m^3]
# name 13 = sigma-é11: Density, 2 [sigma-theta, kg/m^3]
# name 14 = sbeox0Mg/L: Oxygen, SBE 43 [mg/l]
# name 15 = sbeox1Mg/L: Oxygen, SBE 43, 2 [mg/l]
# name 16 = sbox0Mm/Kg: Oxygen, SBE 43 [umol/kg]
# name 17 = sbox1Mm/Kg: Oxygen, SBE 43, 2 [umol/kg]
# name 18 = sbeox0V: Oxygen raw, SBE 43 [V]
# name 19 = sbeox1V: Oxygen raw, SBE 43, 2 [V]
# name 20 = v4: Voltage 4
# name 21 = flECO-AFL: Fluorescence, WET Labs ECO-AFL/FL [mg/m^3]
# name 22 = v3: Voltage 3
# name 23 = v6: Voltage 6
# name 24 = v7: Voltage 7
# name 25 = longitude: Longitude [deg]
# name 26 = latitude: Latitude [deg]
# name 27 = altM: Altimeter [m]
# name 28 = nbf: Bottles Fired
# name 29 = flag:  0.000e+00
# interval = seconds: 0.0416667
# start_time = Jul 14 2021 20:46:18 [NMEA time, header]
# bad_flag = -9.990e-29
*END*
[from data line 49]
      15514    646.375     99.382    100.145     9.7346     9.7203  36.884360  36.873547     9.7234     9.7091    33.9724    33.9749    26.1960    26.2003     3.2175     3.3294     97.982    101.389     1.2137     1.1941     0.0427     0.0434     3.2491     0.0000     0.0000 -121.92656   36.75758       5.10          2  0.000e+00
      15515    646.417     99.389    100.151     9.7345     9.7205  36.884296  36.873932     9.7232     9.7093    33.9726    33.9751    26.1961    26.2004     3.2175     3.3294     97.982    101.388     1.2137     1.1941     0.0415     0.0129     3.2503     0.0000     0.0000 -121.92656   36.75758       5.10          2  0.000e+00
      15516    646.458     99.435    100.198     9.7345     9.7203  36.884232  36.873804     9.7232     9.7091    33.9725    33.9752    26.1960    26.2005     3.2175     3.3294     97.983    101.389     1.2137     1.1941     0.0415     0.0129     3.2479     0.0000     0.0000 -121.92656   36.75758       5.10          2  0.000e+00
      15517    646.500     99.442    100.205     9.7345     9.7201  36.884424  36.873804     9.7232     9.7089    33.9727    33.9753    26.1962    26.2006     3.2175     3.3294     97.983    101.390     1.2137     1.1941     0.0415     0.0129     3.2491     0.0000     0.0000 -121.92656   36.75758       5.10          2  0.000e+00
      15518    646.542     99.336    100.098     9.7343     9.7200  36.884552  36.873740     9.7231     9.7088    33.9730    33.9754    26.1964    26.2007     3.2175     3.3353     97.982    101.568     1.2137     1.1954     0.0427     0.0434     3.2491     0.0000     0.0000 -121.92656   36.75758       5.10          2  0.000e+00
      15519    646.583     99.442    100.205     9.7343     9.7200  36.884553  36.873483     9.7230     9.7088    33.9730    33.9751    26.1964    26.2004     3.2175     3.3353     97.983    101.569     1.2137     1.1954     0.0415     0.0129     3.2491     0.0000     0.0000 -121.92656   36.75758       5.10          2  0.000e+00
      15520    646.625     99.382    100.145     9.7343     9.7200  36.884552  36.873740     9.7231     9.7087    33.9730    33.9754    26.1964    26.2007     3.2175     3.3294     97.982    101.389     1.2137     1.1941     0.0415     0.0129     3.2491     0.0000     0.0000 -121.92656   36.75758       5.10          2  0.000e+00
      15521    646.667     99.389    100.151     9.7348     9.7198  36.884039  36.873483     9.7236     9.7086    33.9720    33.9753    26.1956    26.2006     3.2175     3.3294     97.982    101.390     1.2137     1.1941     0.0415     0.0129     3.2491     0.0000     0.0000 -121.92656   36.75758       5.10          2  0.000e+00
      15522    646.708     99.389    100.151     9.7353     9.7198  36.883654  36.873612     9.7241     9.7086    33.9711    33.9754    26.1948    26.2007     3.2175     3.3353     97.981    101.569     1.2137     1.1954     0.0415     0.0129     3.2491     0.0000     0.0000 -121.92656   36.75758       5.10          2  0.000e+00
      15523    646.750     99.435    100.198     9.7353     9.7197  36.883782  36.873548     9.7241     9.7085    33.9712    33.9755    26.1949    26.2008     3.2175     3.3295     97.982    101.390     1.2137     1.1941     0.0415     0.0129     3.2491     0.0000     0.0000 -121.92656   36.75758       5.10          2  0.000e+00
      15524    646.792     99.389    100.151     9.7351     9.7196  36.884167  36.873676     9.7239     9.7084    33.9718    33.9757    26.1953    26.2010     3.2229     3.3294     98.146    101.390     1.2149     1.1941     0.0415     0.0129     3.2491     0.0000     0.0000 -121.92656   36.75758       5.10          2  0.000e+00
      15525    646.833     99.382    100.145     9.7345     9.7198  36.883718  36.873227     9.7232     9.7086    33.9720    33.9750    26.1956    26.2004     3.2175     3.3294     97.982    101.390     1.2137     1.1941     0.0415     0.0129     3.2491     0.0000     0.0000 -121.92656   36.75758       5.10          2  0.000e+00
      15526    646.875     99.389    100.151     9.7338     9.7198  36.883589  36.873419     9.7226     9.7086    33.9724    33.9752    26.1961    26.2006     3.2176     3.3294     97.984    101.390     1.2137     1.1941     0.0415     0.0129     3.2491     0.0000     0.0000 -121.92656   36.75758       5.13          2  0.000e+00
      15527    646.917     99.382    100.145     9.7335     9.7200  36.883590  36.873162     9.7223     9.7088    33.9727    33.9748    26.1964    26.2002     3.2230     3.3294     98.149    101.389     1.2149     1.1941     0.0415     0.0129     3.2503     0.0000     0.0000 -121.92656   36.75758       5.10          2  0.000e+00
      15528    646.958     99.442    100.205     9.7330     9.7198  36.883590  36.873548     9.7218     9.7086    33.9732    33.9753    26.1968    26.2007     3.2176     3.3294     97.986    101.390     1.2137     1.1941     0.0415     0.0129     3.2503     0.0000     0.0000 -121.92656   36.75758       5.10          2  0.000e+00
      15529    647.000     99.389    100.151     9.7327     9.7200  36.883590  36.873483     9.7214     9.7088    33.9735    33.9751    26.1971    26.2005     3.2176     3.3294     97.985    101.389     1.2137     1.1941     0.0415     0.0129     3.2503     0.0000     0.0000 -121.92656   36.75758       5.10          2  0.000e+00
      15530    647.042     99.382    100.144     9.7323     9.7196  36.883590  36.873227     9.7211     9.7084    33.9738    33.9752    26.1974    26.2006     3.2176     3.3353     97.986    101.569     1.2137     1.1954     0.0415     0.0129     3.2491     0.0000     0.0000 -121.92656   36.75758       5.13          2  0.000e+00
      15531    647.083     99.389    100.151     9.7330     9.7195  36.883846  36.873547     9.7218     9.7083    33.9735    33.9757    26.1970    26.2010     3.2176     3.3294     97.985    101.390     1.2137     1.1941     0.0415     0.0129     3.2491     0.0000     0.0000 -121.92656   36.75758       5.10          2  0.000e+00
      15532    647.125     99.435    100.198     9.7343     9.7196  36.884617  36.873227     9.7231     9.7084    33.9730    33.9752    26.1964    26.2006     3.2175     3.3295     97.983    101.391     1.2137     1.1941     0.0415     0.0129     3.2491     0.0000     0.0000 -121.92656   36.75758       5.10          2  0.000e+00
      15533    647.167     99.389    100.151     9.7358     9.7197  36.884616  36.873419     9.7246     9.7085    33.9716    33.9754    26.1951    26.2007     3.2174     3.3294     97.980    101.390     1.2137     1.1941     0.0415     0.0129     3.2503     0.0000     0.0000 -121.92656   36.75758       5.10          2  0.000e+00
      15534    647.208     99.382    100.144     9.7373     9.7196  36.885001  36.873419     9.7260     9.7084    33.9706    33.9754    26.1941    26.2008     3.2228     3.3353     98.142    101.569     1.2149     1.1954     0.0415     0.0129     3.2503     0.0000     0.0000 -121.92656   36.75758       5.10          2  0.000e+00
      15535    647.250     99.442    100.205     9.7382     9.7195  36.884937  36.873163     9.7270     9.7083    33.9696    33.9752    26.1932    26.2007     3.2227     3.3354     98.141    101.570     1.2149     1.1954     0.0415     0.0129     3.2503     0.0000     0.0000 -121.92656   36.75758       5.10          2  0.000e+00
      15536    647.292     99.435    100.198     9.7390     9.7196  36.884873  36.873099     9.7278     9.7084    33.9688    33.9750    26.1924    26.2005     3.2173     3.3354     97.975    101.570     1.2137     1.1954     0.0415     0.0129     3.2491     0.0000     0.0000 -121.92656   36.75758       5.10          2  0.000e+00
      15537    647.333     99.342    100.104     9.7394     9.7198  36.884680  36.873098     9.7281     9.7086    33.9683    33.9749    26.1920    26.2003     3.2172     3.3294     97.974    101.389     1.2137     1.1941     0.0415     0.0129     3.2503     0.0000     0.0000 -121.92656   36.75758       5.10          2  0.000e+00
      15538    647.375     99.442    100.205     9.7382     9.7194  36.884552  36.873548     9.7270     9.7082    33.9692    33.9757    26.1929    26.2010     3.2227     3.3354     98.141    101.570     1.2149     1.1954     0.0415     0.0129     3.2491     0.0000     0.0000 -121.92656   36.75758       5.10          2  0.000e+00
      15539    647.417     99.382    100.144     9.7376     9.7194  36.884745  36.873547     9.7264     9.7081    33.9701    33.9758    26.1936    26.2011     3.2227     3.3353     98.141    101.570     1.2149     1.1954     0.0415     0.0129     3.2491     0.0000     0.0000 -121.92656   36.75758       5.10          2  0.000e+00
      15540    647.458     99.442    100.205     9.7377     9.7191  36.885579  36.872970     9.7265     9.7079    33.9708    33.9754    26.1941    26.2008     3.2227     3.3354     98.141    101.571     1.2149     1.1954     0.0415     0.0129     3.2491     0.0000     0.0000 -121.92656   36.75758       5.10          2  0.000e+00
      15541    647.500     99.435    100.198     9.7379     9.7192  36.886350  36.873227     9.7267     9.7080    33.9714    33.9756    26.1946    26.2010     3.2227     3.3295     98.140    101.392     1.2149     1.1941     0.0415     0.0129     3.2503     0.0000     0.0000 -121.92656   36.75758       5.13          2  0.000e+00
      15542    647.542     99.389    100.151     9.7384     9.7188  36.887248  36.872970     9.7272     9.7076    33.9719    33.9757    26.1949    26.2011     3.2226     3.3295     98.138    101.392     1.2149     1.1941     0.0415     0.0129     3.2503     0.0000     0.0000 -121.92656   36.75758       5.13          2  0.000e+00
      15543    647.583     99.435    100.198     9.7389     9.7192  36.888019  36.873227     9.7276     9.7080    33.9722    33.9756    26.1951    26.2010     3.2226     3.3354     98.138    101.571     1.2149     1.1954     0.0415     0.0129     3.2503     0.0000     0.0000 -121.92656   36.75758       5.10          2  0.000e+00
      15544    647.625     99.442    100.205     9.7394     9.7191  36.888147  36.873419     9.7281     9.7079    33.9718    33.9759    26.1947    26.2012     3.2226     3.3354     98.137    101.571     1.2149     1.1954     0.0415     0.0129     3.2503     0.0000     0.0000 -121.92656   36.75758       5.10          2  0.000e+00
      15545    647.667     99.389    100.151     9.7395     9.7194  36.887890  36.872906     9.7283     9.7081    33.9714    33.9751    26.1943    26.2006     3.2280     3.3354     98.301    101.570     1.2161     1.1954     0.0415     0.0129     3.2491     0.0000     0.0000 -121.92656   36.75758       5.08          2  0.000e+00
      15546    647.708     99.435    100.198     9.7399     9.7190  36.888019  36.873034     9.7286     9.7078    33.9712    33.9756    26.1941    26.2010     3.2226     3.3354     98.136    101.571     1.2149     1.1954     0.0415     0.0129     3.2479     0.0000     0.0000 -121.92656   36.75758       5.08          2  0.000e+00
      15547    647.750     99.442    100.205     9.7400     9.7190  36.887890  36.873099     9.7288     9.7078    33.9710    33.9756    26.1939    26.2010     3.2226     3.3354     98.136    101.571     1.2149     1.1954     0.0415     0.0129     3.2491     0.0000     0.0000 -121.92656   36.75758       5.08          2  0.000e+00
      15548    647.792     99.435    100.198     9.7400     9.7190  36.888019  36.873099     9.7288     9.7078    33.9711    33.9757    26.1940    26.2011     3.2226     3.3354     98.136    101.571     1.2149     1.1954     0.0415     0.0129     3.2479     0.0000     0.0000 -121.92656   36.75758       5.08          2  0.000e+00
      15549    647.833     99.442    100.204     9.7400     9.7188  36.887441  36.872906     9.7288     9.7076    33.9705    33.9756    26.1936    26.2010     3.2226     3.3354     98.136    101.572     1.2149     1.1954     0.0415     0.0129     3.2479     0.0000     0.0000 -121.92656   36.75758       5.08          2  0.000e+00
      15550    647.875     99.435    100.198     9.7402     9.7190  36.886670  36.872521     9.7290     9.7078    33.9696    33.9751    26.1928    26.2006     3.2226     3.3354     98.137    101.572     1.2149     1.1954     0.0415     0.0129     3.2479     0.0000     0.0000 -121.92656   36.75758       5.08          2  0.000e+00
      15551    647.917     99.442    100.204     9.7394     9.7188  36.885772  36.872650     9.7281     9.7076    33.9694    33.9753    26.1928    26.2008     3.2226     3.3354     98.139    101.572     1.2149     1.1954     0.0415     0.0129     3.2491     0.0000     0.0000 -121.92656   36.75758       5.08          2  0.000e+00
      15552    647.958     99.435    100.198     9.7377     9.7188  36.885708  36.872778     9.7265     9.7076    33.9709    33.9755    26.1942    26.2010     3.2281     3.3295     98.306    101.393     1.2161     1.1941     0.0415     0.0129     3.2479     0.0000     0.0000 -121.92656   36.75758       5.08          2  0.000e+00
      15553    648.000     99.488    100.251     9.7374     9.7188  36.886029  36.872521     9.7262     9.7076    33.9715    33.9752    26.1948    26.2007     3.2228     3.3296     98.142    101.393     1.2149     1.1941     0.0415     0.0129     3.2503     0.0000     0.0000 -121.92656   36.75758       5.08          2  0.000e+00
      15554    648.042     99.442    100.204     9.7376     9.7187  36.886414  36.872906     9.7263     9.7074    33.9718    33.9758    26.1949    26.2012     3.2227     3.3354     98.141    101.572     1.2149     1.1954     0.0415     0.0129     3.2491     0.0000     0.0000 -121.92656   36.75758       5.08          2  0.000e+00
      15555    648.083     99.481    100.245     9.7382     9.7185  36.887313  36.872393     9.7270     9.7073    33.9721    33.9754    26.1951    26.2009     3.2227     3.3355     98.140    101.573     1.2149     1.1954     0.0415     0.0129     3.2479     0.0000     0.0000 -121.92656   36.75758       5.08          2  0.000e+00
      15556    648.125     99.442    100.204     9.7389     9.7188  36.887762  36.872842     9.7276     9.7076    33.9719    33.9756    26.1948    26.2010     3.2172     3.3354     97.973    101.572     1.2137     1.1954     0.0415     0.0129     3.2503     0.0000     0.0000 -121.92656   36.75758       5.08          2  0.000e+00
      15557    648.167     99.435    100.198     9.7394     9.7188  36.888276  36.873099     9.7281     9.7076    33.9720    33.9758    26.1948    26.2012     3.2226     3.3295     98.137    101.392     1.2149     1.1941     0.0415     0.0129     3.2503     0.0000     0.0000 -121.92656   36.75758       5.08          2  0.000e+00
      15558    648.208     99.488    100.251     9.7397     9.7194  36.888468  36.873099     9.7285     9.7082    33.9719    33.9752    26.1947    26.2006     3.2226     3.3354     98.137    101.571     1.2149     1.1954     0.0415     0.0129     3.2479     0.0000     0.0000 -121.92656   36.75758       5.08          2  0.000e+00
      15559    648.250     99.435    100.198     9.7399     9.7194  36.888211  36.873099     9.7286     9.7081    33.9714    33.9753    26.1943    26.2007     3.2280     3.3295     98.301    101.391     1.2161     1.1941     0.0415     0.0129     3.2503     0.0000     0.0000 -121.92656   36.75758       5.08          2  0.000e+00
      15560    648.292     99.488    100.251     9.7400     9.7196  36.888340  36.873099     9.7288     9.7084    33.9714    33.9750    26.1943    26.2005     3.2280     3.3354     98.301    101.571     1.2161     1.1954     0.0415     0.0129     3.2503     0.0000     0.0000 -121.92656   36.75758       5.08          2  0.000e+00
