West Coast/WCOA-7/CTD_Data/RB2102_CTD_122_01.ros
* Sea-Bird SBE 9 Data File:
* FileName = C:\Users\scs.user.rb\CTD\RB2102\Data\RB2102_CTD_122_01.hex
* Software Version Seasave V 7.26.7.107
* Temperature SN = 6202
* Conductivity SN = 4907
* Number of Bytes Per Scan = 41
* Number of Voltage Words = 4
* Number of Scans Averaged by the Deck Unit = 1
* NMEA Latitude = 34 09.50 N
* NMEA Longitude = 119 43.00 W
* NMEA UTC (Time) = Jul 19 2021  13:10:52
* NMEA baud rate = 4800
# nquan = 30
# nvalues = 833                                   
# units = specified
# name 0 = scan: Scan Count
# name 1 = timeS: Time, Elapsed [seconds]
# name 2 = depSM: Depth [salt water, m]
# name 3 = prDM: Pressure, Digiquartz [db]
# name 4 = t090C: Temperature [ITS-90, deg C]
# name 5 = t190C: Temperature, 2 [ITS-90, deg C]
# name 6 = c0mS/cm: Conductivity [mS/cm]
# name 7 = c1mS/cm: Conductivity, 2 [mS/cm]
# name 8 = potemp090C: Potential Temperature [ITS-90, deg C]
# name 9 = potemp190C: Potential Temperature, 2 [ITS-90, deg C]
# name 10 = sal00: Salinity, Practical [PSU]
# name 11 = sal11: Salinity, Practical, 2 [PSU]
# name 12 = sigma-é00: Density [sigma-theta, kg/m^3]
# name 13 = sigma-é11: Density, 2 [sigma-theta, kg/m^3]
# name 14 = sbeox0Mg/L: Oxygen, SBE 43 [mg/l]
# name 15 = sbeox1Mg/L: Oxygen, SBE 43, 2 [mg/l]
# name 16 = sbox0Mm/Kg: Oxygen, SBE 43 [umol/kg]
# name 17 = sbox1Mm/Kg: Oxygen, SBE 43, 2 [umol/kg]
# name 18 = sbeox0V: Oxygen raw, SBE 43 [V]
# name 19 = sbeox1V: Oxygen raw, SBE 43, 2 [V]
# name 20 = v4: Voltage 4
# name 21 = flECO-AFL: Fluorescence, WET Labs ECO-AFL/FL [mg/m^3]
# name 22 = v3: Voltage 3
# name 23 = v6: Voltage 6
# name 24 = v7: Voltage 7
# name 25 = longitude: Longitude [deg]
# name 26 = latitude: Latitude [deg]
# name 27 = altM: Altimeter [m]
# name 28 = nbf: Bottles Fired
# name 29 = flag:  0.000e+00
# interval = seconds: 0.0416667
# start_time = Jul 19 2021 13:10:52 [NMEA time, header]
# bad_flag = -9.990e-29
*END*
[from data line 532]
      70873   2953.000     40.409     40.704    12.9133    12.9639  39.319130  39.357506    12.9078    12.9585    33.4945    33.4860    25.2449    25.2284     7.1582     6.6561    218.189    202.887     2.2295     1.9976     0.0574     0.4097     3.2405     0.0000     0.0000 -119.71678   34.15930      99.34         11  0.000e+00
      70874   2953.042     40.409     40.704    12.9151    12.9648  39.319788  39.357704    12.9097    12.9593    33.4934    33.4855    25.2437    25.2278     7.1580     6.6560    218.182    202.884     2.2295     1.9976     0.0562     0.3792     3.2405     0.0000     0.0000 -119.71678   34.15930      99.34         11  0.000e+00
      70875   2953.083     40.409     40.704    12.9164    12.9654  39.320776  39.358165    12.9109    12.9600    33.4932    33.4853    25.2433    25.2275     7.1528     6.6559    218.024    202.881     2.2283     1.9976     0.0574     0.4097     3.2405     0.0000     0.0000 -119.71678   34.15930      99.37         11  0.000e+00
      70876   2953.125     40.409     40.704    12.9180    12.9658  39.321236  39.358691    12.9125    12.9603    33.4923    33.4855    25.2423    25.2276     7.1476     6.6558    217.865    202.880     2.2271     1.9976     0.0562     0.3792     3.2418     0.0000     0.0000 -119.71678   34.15930      99.34         11  0.000e+00
      70877   2953.167     40.409     40.704    12.9192    12.9665  39.322158  39.359086    12.9138    12.9610    33.4920    33.4853    25.2418    25.2273     7.1474     6.6557    217.860    202.877     2.2271     1.9976     0.0586     0.4402     3.2393     0.0000     0.0000 -119.71678   34.15930      99.34         11  0.000e+00
      70878   2953.208     40.356     40.651    12.9199    12.9666  39.323146  39.359679    12.9145    12.9612    33.4924    33.4857    25.2420    25.2276     7.1422     6.6557    217.702    202.874     2.2259     1.9976     0.0586     0.4402     3.2418     0.0000     0.0000 -119.71678   34.15930      99.34         11  0.000e+00
      70879   2953.250     40.409     40.704    12.9206    12.9673  39.323936  39.359876    12.9151    12.9618    33.4925    33.4853    25.2419    25.2271     7.1421     6.6556    217.700    202.873     2.2259     1.9976     0.0586     0.4402     3.2393     0.0000     0.0000 -119.71678   34.15930      99.34         11  0.000e+00
      74774   3115.542     30.360     30.581    13.8630    13.8636  40.195694  40.196122    13.8586    13.8593    33.4874    33.4873    25.0476    25.0473     7.8373     7.2790    238.936    221.912     2.4359     2.1722     0.0769     0.8981     3.2357     0.0000     0.0073 -119.71684   34.15936      99.51         12  0.000e+00
      74775   3115.583     30.254     30.474    13.8631    13.8631  40.195560  40.196255    13.8588    13.8588    33.4872    33.4878    25.0474    25.0479     7.8372     7.2789    238.932    221.911     2.4359     2.1722     0.0769     0.8981     3.2357     0.0000     0.0073 -119.71684   34.15936      99.51         12  0.000e+00
      74776   3115.625     30.307     30.528    13.8635    13.8633  40.196159  40.195989    13.8592    13.8590    33.4874    33.4874    25.0475    25.0475     7.8372     7.2790    238.932    221.912     2.4359     2.1722     0.0769     0.8981     3.2357     0.0000     0.0085 -119.71684   34.15936      99.49         12  0.000e+00
      74777   3115.667     30.354     30.574    13.8635    13.8632  40.196225  40.195657    13.8592    13.8589    33.4874    33.4871    25.0475    25.0473     7.8373     7.2790    238.933    221.914     2.4359     2.1722     0.0757     0.8676     3.2357     0.0000     0.0061 -119.71684   34.15936      99.51         12  0.000e+00
      74778   3115.708     30.360     30.581    13.8638    13.8631  40.196358  40.195790    13.8595    13.8588    33.4873    33.4874    25.0473    25.0475     7.8372     7.2790    238.932    221.915     2.4359     2.1722     0.0745     0.8370     3.2357     0.0000     0.0061 -119.71684   34.15936      99.49         12  0.000e+00
      74779   3115.750     30.307     30.528    13.8641    13.8632  40.196225  40.196122    13.8598    13.8589    33.4869    33.4876    25.0469    25.0477     7.8420     7.2790    239.079    221.912     2.4371     2.1722     0.0745     0.8370     3.2357     0.0000     0.0073 -119.71684   34.15936      99.51         12  0.000e+00
      74780   3115.792     30.254     30.474    13.8639    13.8631  40.196158  40.196255    13.8597    13.8588    33.4870    33.4878    25.0471    25.0479     7.8420     7.2789    239.078    221.911     2.4371     2.1722     0.0745     0.8370     3.2357     0.0000     0.0085 -119.71682   34.15936      99.51         12  0.000e+00
      74781   3115.833     30.354     30.575    13.8639    13.8631  40.196092  40.195989    13.8596    13.8588    33.4869    33.4876    25.0470    25.0477     7.8421     7.2790    239.081    221.914     2.4371     2.1722     0.0745     0.8370     3.2357     0.0000     0.0061 -119.71682   34.15936      99.49         12  0.000e+00
      74782   3115.875     30.307     30.528    13.8641    13.8629  40.196424  40.195923    13.8598    13.8586    33.4871    33.4877    25.0471    25.0478     7.8420     7.2790    239.079    221.913     2.4371     2.1722     0.0745     0.8370     3.2357     0.0000     0.0049 -119.71682   34.15936      99.51         12  0.000e+00
      74783   3115.917     30.254     30.475    13.8641    13.8632  40.196158  40.196122    13.8598    13.8589    33.4869    33.4876    25.0469    25.0477     7.8371     7.2789    238.928    221.911     2.4359     2.1722     0.0745     0.8370     3.2357     0.0000     0.0024 -119.71682   34.15936      99.51         12  0.000e+00
      74784   3115.958     30.308     30.528    13.8639    13.8634  40.195893  40.196520    13.8596    13.8591    33.4867    33.4878    25.0469    25.0478     7.8372     7.2789    238.930    221.911     2.4359     2.1722     0.0745     0.8370     3.2369     0.0000     0.0000 -119.71682   34.15936      99.51         12  0.000e+00
      74785   3116.000     30.255     30.475    13.8639    13.8636  40.196358  40.196321    13.8597    13.8593    33.4872    33.4875    25.0472    25.0475     7.8371     7.2789    238.928    221.909     2.4359     2.1722     0.0745     0.8370     3.2369     0.0000     0.0000 -119.71682   34.15936      99.49         12  0.000e+00
      74786   3116.042     30.308     30.528    13.8639    13.8634  40.195693  40.196520    13.8596    13.8591    33.4865    33.4878    25.0467    25.0478     7.8372     7.2789    238.931    221.911     2.4359     2.1722     0.0745     0.8370     3.2344     0.0000     0.0024 -119.71682   34.15936      99.49         12  0.000e+00
      74787   3116.083     30.308     30.528    13.8638    13.8637  40.195693  40.196321    13.8595    13.8594    33.4867    33.4873    25.0469    25.0473     7.8372     7.2789    238.931    221.910     2.4359     2.1722     0.0745     0.8370     3.2344     0.0000     0.0085 -119.71682   34.15936      99.51         12  0.000e+00
      74788   3116.125     30.208     30.428    13.8635    13.8637  40.196025  40.196254    13.8592    13.8594    33.4873    33.4873    25.0474    25.0473     7.8371     7.2788    238.929    221.907     2.4359     2.1722     0.0745     0.8370     3.2344     0.0000     0.0098 -119.71682   34.15936      99.49         12  0.000e+00
      74789   3116.167     30.308     30.528    13.8636    13.8639  40.195893  40.196255    13.8593    13.8596    33.4870    33.4871    25.0471    25.0471     7.8372     7.2789    238.931    221.909     2.4359     2.1722     0.0745     0.8370     3.2357     0.0000     0.0098 -119.71682   34.15936      99.49         12  0.000e+00
      74790   3116.208     30.255     30.475    13.8638    13.8639  40.195826  40.196255    13.8595    13.8596    33.4868    33.4871    25.0470    25.0472     7.8371     7.2788    238.929    221.908     2.4359     2.1722     0.0745     0.8370     3.2344     0.0000     0.0098 -119.71682   34.15936      99.49         12  0.000e+00
      74791   3116.250     30.261     30.481    13.8636    13.8639  40.195494  40.196786    13.8593    13.8596    33.4866    33.4876    25.0468    25.0475     7.8372     7.2788    238.931    221.907     2.4359     2.1722     0.0745     0.8370     3.2357     0.0000     0.0098 -119.71682   34.15936      99.51         12  0.000e+00
      74792   3116.292     30.255     30.475    13.8635    13.8639  40.195959  40.196387    13.8592    13.8596    33.4872    33.4872    25.0473    25.0473     7.8372     7.2788    238.930    221.908     2.4359     2.1722     0.0745     0.8370     3.2357     0.0000     0.0110 -119.71682   34.15936      99.49         12  0.000e+00
      74793   3116.333     30.255     30.475    13.8636    13.8636  40.196092  40.196520    13.8593    13.8593    33.4872    33.4877    25.0473    25.0477     7.8371     7.2788    238.929    221.909     2.4359     2.1722     0.0745     0.8370     3.2357     0.0000     0.0110 -119.71682   34.15936      99.51         12  0.000e+00
      74794   3116.375     30.255     30.475    13.8635    13.8637  40.195893  40.196653    13.8592    13.8594    33.4872    33.4876    25.0473    25.0476     7.8372     7.2788    238.930    221.908     2.4359     2.1722     0.0745     0.8370     3.2357     0.0000     0.0110 -119.71682   34.15936      99.49         12  0.000e+00
      74795   3116.417     30.255     30.475    13.8635    13.8634  40.196026  40.196653    13.8592    13.8591    33.4873    33.4880    25.0474    25.0479     7.8372     7.2789    238.930    221.909     2.4359     2.1722     0.0745     0.8370     3.2357     0.0000     0.0110 -119.71682   34.15936      99.51         12  0.000e+00
      74796   3116.458     30.208     30.428    13.8636    13.8634  40.195627  40.196653    13.8594    13.8591    33.4868    33.4879    25.0470    25.0479     7.8371     7.2788    238.929    221.908     2.4359     2.1722     0.0745     0.8370     3.2357     0.0000     0.0110 -119.71682   34.15936      99.49         12  0.000e+00
      74797   3116.500     30.255     30.475    13.8636    13.8629  40.195693  40.196321    13.8593    13.8586    33.4868    33.4881    25.0470    25.0481     7.8372     7.2789    238.930    221.911     2.4359     2.1722     0.0745     0.8370     3.2357     0.0000     0.0110 -119.71682   34.15936      99.51         12  0.000e+00
      74798   3116.542     30.209     30.428    13.8635    13.8627  40.196025  40.195723    13.8592    13.8584    33.4873    33.4877    25.0474    25.0478     7.8420     7.2789    239.078    221.911     2.4371     2.1722     0.0745     0.8370     3.2357     0.0000     0.0110 -119.71682   34.15936      99.51         12  0.000e+00
      74799   3116.583     30.209     30.428    13.8635    13.8626  40.195627  40.195790    13.8592    13.8583    33.4869    33.4879    25.0471    25.0480     7.8420     7.2790    239.079    221.912     2.4371     2.1722     0.0745     0.8370     3.2357     0.0000     0.0110 -119.71682   34.15936      99.51         12  0.000e+00
      74800   3116.625     30.262     30.482    13.8636    13.8626  40.195693  40.195923    13.8593    13.8583    33.4868    33.4880    25.0470    25.0481     7.8372     7.2790    238.930    221.913     2.4359     2.1722     0.0745     0.8370     3.2369     0.0000     0.0110 -119.71682   34.15936      99.51         12  0.000e+00
      74801   3116.667     30.209     30.428    13.8638    13.8627  40.195760  40.195923    13.8595    13.8584    33.4868    33.4879    25.0469    25.0480     7.8371     7.2789    238.928    221.911     2.4359     2.1722     0.0745     0.8370     3.2344     0.0000     0.0122 -119.71682   34.15936      99.51         12  0.000e+00
      74802   3116.708     30.209     30.428    13.8636    13.8624  40.195560  40.196122    13.8594    13.8581    33.4867    33.4884    25.0469    25.0484     7.8371     7.2790    238.929    221.912     2.4359     2.1722     0.0745     0.8370     3.2369     0.0000     0.0085 -119.71682   34.15936      99.51         12  0.000e+00
      74803   3116.750     30.209     30.428    13.8638    13.8631  40.195892  40.196255    13.8595    13.8588    33.4869    33.4879    25.0470    25.0479     7.8371     7.2789    238.928    221.910     2.4359     2.1722     0.0757     0.8676     3.2344     0.0000     0.0110 -119.71682   34.15936      99.51         12  0.000e+00
      74804   3116.792     30.262     30.482    13.8636    13.8632  40.195893  40.196255    13.8593    13.8589    33.4870    33.4877    25.0471    25.0478     7.8372     7.2789    238.930    221.911     2.4359     2.1722     0.0781     0.9286     3.2344     0.0000     0.0134 -119.71684   34.15936      99.51         12  0.000e+00
      74805   3116.833     30.156     30.375    13.8636    13.8634  40.196224  40.196785    13.8594    13.8592    33.4874    33.4881    25.0474    25.0480     7.8370     7.2788    238.926    221.906     2.4359     2.1722     0.0781     0.9286     3.2357     0.0000     0.0134 -119.71684   34.15936      99.49         12  0.000e+00
      74806   3116.875     30.209     30.428    13.8636    13.8636  40.195959  40.196985    13.8594    13.8593    33.4871    33.4881    25.0472    25.0480     7.8371     7.2788    238.928    221.907     2.4359     2.1722     0.0781     0.9286     3.2357     0.0000     0.0061 -119.71684   34.15936      99.51         12  0.000e+00
      74807   3116.917     30.209     30.429    13.8638    13.8637  40.195560  40.196985    13.8595    13.8594    33.4866    33.4880    25.0468    25.0478     7.8322     7.2788    238.779    221.906     2.4347     2.1722     0.0781     0.9286     3.2357     0.0000     0.0012 -119.71684   34.15936      99.51         12  0.000e+00
      74808   3116.958     30.156     30.375    13.8636    13.8639  40.195892  40.196985    13.8594    13.8596    33.4871    33.4878    25.0472    25.0477     7.8370     7.2787    238.927    221.904     2.4359     2.1722     0.0781     0.9286     3.2357     0.0000     0.0000 -119.71684   34.15936      99.51         12  0.000e+00
      74809   3117.000     30.209     30.429    13.8636    13.8641  40.195627  40.197184    13.8594    13.8598    33.4868    33.4879    25.0470    25.0477     7.8371     7.2787    238.929    221.905     2.4359     2.1722     0.0781     0.9286     3.2357     0.0000     0.0073 -119.71684   34.15936      99.51         12  0.000e+00
      74810   3117.042     30.209     30.429    13.8638    13.8641  40.196158  40.197317    13.8595    13.8598    33.4872    33.4880    25.0472    25.0478     7.8371     7.2840    238.927    222.067     2.4359     2.1734     0.0781     0.9286     3.2357     0.0000     0.0098 -119.71684   34.15936      99.51         12  0.000e+00
      74811   3117.083     30.156     30.375    13.8636    13.8644  40.196224  40.197051    13.8594    13.8601    33.4874    33.4875    25.0474    25.0473     7.8321     7.2840    238.776    222.065     2.4347     2.1734     0.0781     0.9286     3.2344     0.0000     0.0122 -119.71684   34.15936      99.51         12  0.000e+00
      74812   3117.125     30.209     30.429    13.8638    13.8644  40.195826  40.196985    13.8595    13.8602    33.4869    33.4874    25.0470    25.0472     7.8371     7.2840    238.928    222.066     2.4359     2.1734     0.0781     0.9286     3.2357     0.0000     0.0122 -119.71684   34.15936      99.51         12  0.000e+00
      74813   3117.167     30.163     30.382    13.8638    13.8643  40.195759  40.196985    13.8595    13.8600    33.4868    33.4875    25.0469    25.0474     7.8370     7.2840    238.927    222.065     2.4359     2.1734     0.0781     0.9286     3.2344     0.0000     0.0098 -119.71684   34.15936      99.51         12  0.000e+00
      74814   3117.208     30.156     30.375    13.8639    13.8643  40.196025  40.196985    13.8597    13.8600    33.4869    33.4875    25.0470    25.0474     7.8370     7.2840    238.925    222.065     2.4359     2.1734     0.0781     0.9286     3.2357     0.0000     0.0110 -119.71684   34.15936      99.51         12  0.000e+00
