West Coast/WCOA-7/CTD_Data/RB2102_CTD_089_01.ros
* Sea-Bird SBE 9 Data File:
* FileName = C:\Users\scs.user.rb\CTD\RB2102\Data\RB2102_CTD_089_01.hex
* Software Version Seasave V 7.26.7.107
* Temperature SN = 6202
* Conductivity SN = 4907
* Number of Bytes Per Scan = 41
* Number of Voltage Words = 4
* Number of Scans Averaged by the Deck Unit = 1
* NMEA Latitude = 37 49.85 N
* NMEA Longitude = 122 26.73 W
* NMEA UTC (Time) = Jul 12 2021  20:00:48
* NMEA baud rate = 4800
# nquan = 30
# nvalues = 448                                   
# units = specified
# name 0 = scan: Scan Count
# name 1 = timeS: Time, Elapsed [seconds]
# name 2 = depSM: Depth [salt water, m]
# name 3 = prDM: Pressure, Digiquartz [db]
# name 4 = t090C: Temperature [ITS-90, deg C]
# name 5 = t190C: Temperature, 2 [ITS-90, deg C]
# name 6 = c0mS/cm: Conductivity [mS/cm]
# name 7 = c1mS/cm: Conductivity, 2 [mS/cm]
# name 8 = potemp090C: Potential Temperature [ITS-90, deg C]
# name 9 = potemp190C: Potential Temperature, 2 [ITS-90, deg C]
# name 10 = sal00: Salinity, Practical [PSU]
# name 11 = sal11: Salinity, Practical, 2 [PSU]
# name 12 = sigma-é00: Density [sigma-theta, kg/m^3]
# name 13 = sigma-é11: Density, 2 [sigma-theta, kg/m^3]
# name 14 = sbeox0Mg/L: Oxygen, SBE 43 [mg/l]
# name 15 = sbeox1Mg/L: Oxygen, SBE 43, 2 [mg/l]
# name 16 = sbox0Mm/Kg: Oxygen, SBE 43 [umol/kg]
# name 17 = sbox1Mm/Kg: Oxygen, SBE 43, 2 [umol/kg]
# name 18 = sbeox0V: Oxygen raw, SBE 43 [V]
# name 19 = sbeox1V: Oxygen raw, SBE 43, 2 [V]
# name 20 = v4: Voltage 4
# name 21 = flECO-AFL: Fluorescence, WET Labs ECO-AFL/FL [mg/m^3]
# name 22 = v3: Voltage 3
# name 23 = v6: Voltage 6
# name 24 = v7: Voltage 7
# name 25 = longitude: Longitude [deg]
# name 26 = latitude: Latitude [deg]
# name 27 = altM: Altimeter [m]
# name 28 = nbf: Bottles Fired
# name 29 = flag:  0.000e+00
# interval = seconds: 0.0416667
# start_time = Jul 12 2021 20:00:48 [NMEA time, header]
# bad_flag = -9.990e-29
*END*
[from data line 436]
      22281    928.333      3.203      3.227    15.7664    15.7671  41.430724  41.432362    15.7659    15.7666    32.9958    32.9967    24.2589    24.2595     6.8931     7.1184    210.311    217.184     2.2698     2.2039     0.1441     2.5770     3.2747     0.2625     0.2955 -122.44384   37.83174      25.98         10  0.000e+00
      22282    928.375      3.203      3.227    15.7664    15.7671  41.430657  41.432026    15.7659    15.7666    32.9958    32.9964    24.2589    24.2593     6.8931     7.1184    210.311    217.184     2.2698     2.2039     0.1465     2.6380     3.2735     0.2650     0.2955 -122.44384   37.83174      25.98         10  0.000e+00
      22283    928.417      3.156      3.180    15.7668    15.7673  41.430724  41.432429    15.7663    15.7668    32.9956    32.9967    24.2587    24.2594     6.8930     7.1234    210.308    217.338     2.2698     2.2051     0.1465     2.6380     3.2735     0.2674     0.2955 -122.44384   37.83174      25.96         10  0.000e+00
      22284    928.458      3.203      3.227    15.7668    15.7676  41.430791  41.432631    15.7663    15.7671    32.9956    32.9965    24.2587    24.2592     6.8931     7.1183    210.310    217.182     2.2698     2.2039     0.1453     2.6075     3.2735     0.2686     0.2955 -122.44384   37.83174      25.98         10  0.000e+00
      22285    928.500      3.203      3.227    15.7669    15.7680  41.431195  41.432967    15.7664    15.7675    32.9958    32.9966    24.2588    24.2592     6.8883     7.1183    210.165    217.180     2.2686     2.2039     0.1465     2.6380     3.2735     0.2686     0.2943 -122.44384   37.83174      25.96         10  0.000e+00
      22286    928.542      3.170      3.194    15.7671    15.7678  41.430925  41.433034    15.7666    15.7673    32.9955    32.9968    24.2585    24.2594     6.8930     7.1183    210.307    217.180     2.2698     2.2039     0.1453     2.6075     3.2735     0.2686     0.2955 -122.44384   37.83174      25.84         10  0.000e+00
      22287    928.583      3.203      3.227    15.7671    15.7681  41.430388  41.433034    15.7666    15.7676    32.9950    32.9965    24.2581    24.2591     6.8883     7.1182    210.165    217.180     2.2686     2.2039     0.1453     2.6075     3.2735     0.2686     0.2943 -122.44384   37.83174      25.76         10  0.000e+00
      22288    928.625      3.203      3.227    15.7673    15.7680  41.431195  41.433034    15.7668    15.7675    32.9956    32.9966    24.2585    24.2592     6.8883     7.1183    210.164    217.180     2.2686     2.2039     0.1453     2.6075     3.2723     0.2686     0.2955 -122.44384   37.83174      25.76         10  0.000e+00
      22289    928.667      3.203      3.227    15.7671    15.7681  41.430926  41.432429    15.7666    15.7676    32.9955    32.9959    24.2585    24.2586     6.8883     7.1183    210.164    217.180     2.2686     2.2039     0.1453     2.6075     3.2735     0.2686     0.2943 -122.44384   37.83174      25.79         10  0.000e+00
      22290    928.708      3.203      3.227    15.7673    15.7681  41.430993  41.432832    15.7668    15.7676    32.9954    32.9963    24.2584    24.2589     6.8883     7.1131    210.164    217.024     2.2686     2.2027     0.1453     2.6075     3.2735     0.2686     0.2943 -122.44384   37.83174      25.76         10  0.000e+00
      22291    928.750      3.156      3.180    15.7671    15.7683  41.430858  41.433034    15.7666    15.7678    32.9954    32.9963    24.2585    24.2589     6.8883     7.1131    210.163    217.022     2.2686     2.2027     0.1465     2.6380     3.2735     0.2698     0.2955 -122.44384   37.83174      25.76         10  0.000e+00
      22292    928.792      3.203      3.227    15.7668    15.7685  41.430657  41.433034    15.7663    15.7680    32.9955    32.9962    24.2586    24.2588     6.8884     7.1131    210.166    217.023     2.2686     2.2027     0.1453     2.6075     3.2735     0.2698     0.2955 -122.44384   37.83174      25.74         10  0.000e+00
