West Coast/WCOA-7/CTD_Data/RB2102_CTD_052_01.ros
* Sea-Bird SBE 9 Data File:
* FileName = C:\Users\scs.user.rb\CTD\RB2102\Data\RB2102_CTD_052_01.hex
* Software Version Seasave V 7.26.7.107
* Temperature SN = 6202
* Conductivity SN = 4907
* Number of Bytes Per Scan = 41
* Number of Voltage Words = 4
* Number of Scans Averaged by the Deck Unit = 1
* NMEA Latitude = 44 39.10 N
* NMEA Longitude = 124 06.06 W
* NMEA UTC (Time) = Jul 04 2021  13:29:35
* NMEA baud rate = 4800
# nquan = 30
# nvalues = 441                                   
# units = specified
# name 0 = scan: Scan Count
# name 1 = timeS: Time, Elapsed [seconds]
# name 2 = depSM: Depth [salt water, m]
# name 3 = prDM: Pressure, Digiquartz [db]
# name 4 = t090C: Temperature [ITS-90, deg C]
# name 5 = t190C: Temperature, 2 [ITS-90, deg C]
# name 6 = c0mS/cm: Conductivity [mS/cm]
# name 7 = c1mS/cm: Conductivity, 2 [mS/cm]
# name 8 = potemp090C: Potential Temperature [ITS-90, deg C]
# name 9 = potemp190C: Potential Temperature, 2 [ITS-90, deg C]
# name 10 = sal00: Salinity, Practical [PSU]
# name 11 = sal11: Salinity, Practical, 2 [PSU]
# name 12 = sigma-é00: Density [sigma-theta, kg/m^3]
# name 13 = sigma-é11: Density, 2 [sigma-theta, kg/m^3]
# name 14 = sbeox0Mg/L: Oxygen, SBE 43 [mg/l]
# name 15 = sbeox1Mg/L: Oxygen, SBE 43, 2 [mg/l]
# name 16 = sbox0Mm/Kg: Oxygen, SBE 43 [umol/kg]
# name 17 = sbox1Mm/Kg: Oxygen, SBE 43, 2 [umol/kg]
# name 18 = sbeox0V: Oxygen raw, SBE 43 [V]
# name 19 = sbeox1V: Oxygen raw, SBE 43, 2 [V]
# name 20 = v4: Voltage 4
# name 21 = flECO-AFL: Fluorescence, WET Labs ECO-AFL/FL [mg/m^3]
# name 22 = v3: Voltage 3
# name 23 = v6: Voltage 6
# name 24 = v7: Voltage 7
# name 25 = longitude: Longitude [deg]
# name 26 = latitude: Latitude [deg]
# name 27 = altM: Altimeter [m]
# name 28 = nbf: Bottles Fired
# name 29 = flag:  0.000e+00
# interval = seconds: 0.0416667
# start_time = Jul 04 2021 13:29:35 [NMEA time, header]
# bad_flag = -9.990e-29
*END*
[from data line 339]
      27901   1162.500      3.440      3.468    11.2274    11.2291  37.534430  37.538362    11.2269    11.2287    33.2903    33.2927    25.4037    25.4052     7.2549     7.3893    221.103    225.199     2.1954     2.1038     0.2002     3.9811     3.3284     0.0000     0.0000 -124.10136   44.65154      27.13          7  0.000e+00
      27902   1162.542      3.440      3.468    11.2265    11.2291  37.534365  37.538168    11.2260    11.2287    33.2911    33.2925    25.4044    25.4051     7.2550     7.3893    221.106    225.199     2.1954     2.1038     0.1990     3.9506     3.3284     0.0000     0.0000 -124.10136   44.65154      27.13          7  0.000e+00
      27903   1162.583      3.440      3.468    11.2252    11.2283  37.534366  37.538103    11.2247    11.2278    33.2923    33.2932    25.4056    25.4057     7.2552     7.3894    221.110    225.202     2.1954     2.1038     0.1990     3.9506     3.3284     0.0000     0.0000 -124.10136   44.65154      27.13          7  0.000e+00
      27904   1162.625      3.487      3.515    11.2245    11.2279  37.533849  37.537393    11.2241    11.2275    33.2923    33.2928    25.4058    25.4055     7.2553     7.3896    221.115    225.206     2.1954     2.1038     0.1990     3.9506     3.3284     0.0000     0.0000 -124.10136   44.65154      27.13          7  0.000e+00
      27971   1165.417      4.023      4.056    11.2415    11.2397  37.545097  37.543854    11.2410    11.2392    33.2879    33.2883    25.3992    25.3999     7.2481     7.3770    220.896    224.824     2.1941     2.1013     0.1746     3.3401     3.3272     0.0000     0.0000 -124.10136   44.65154      26.84          8  0.000e+00
      27972   1165.458      3.976      4.009    11.2405    11.2390  37.544386  37.543725    11.2400    11.2385    33.2881    33.2888    25.3996    25.4004     7.2482     7.3827    220.899    224.997     2.1941     2.1026     0.1746     3.3401     3.3272     0.0000     0.0000 -124.10136   44.65154      26.84          8  0.000e+00
      27973   1165.500      3.976      4.009    11.2397    11.2385  37.544257  37.543725    11.2392    11.2380    33.2887    33.2892    25.4002    25.4008     7.2483     7.3828    220.902    224.999     2.1941     2.1026     0.1746     3.3401     3.3284     0.0000     0.0000 -124.10136   44.65154      26.84          8  0.000e+00
      27974   1165.542      3.976      4.009    11.2393    11.2382  37.544063  37.543725    11.2388    11.2377    33.2888    33.2895    25.4004    25.4011     7.2484     7.3828    220.904    225.000     2.1941     2.1026     0.1734     3.3096     3.3284     0.0000     0.0000 -124.10136   44.65154      26.81          8  0.000e+00
      27975   1165.583      3.923      3.955    11.2385    11.2380  37.543222  37.543725    11.2380    11.2375    33.2887    33.2897    25.4004    25.4013     7.2485     7.3828    220.906    224.999     2.1941     2.1026     0.1746     3.3401     3.3272     0.0000     0.0000 -124.10136   44.65154      26.84          8  0.000e+00
      27976   1165.625      3.943      3.975    11.2365    11.2369  37.541671  37.542498    11.2361    11.2364    33.2890    33.2895    25.4010    25.4014     7.2488     7.3830    220.916    225.006     2.1941     2.1026     0.1734     3.3096     3.3297     0.0000     0.0000 -124.10136   44.65154      26.86          8  0.000e+00
      27977   1165.667      3.877      3.909    11.2345    11.2356  37.540766  37.542045    11.2341    11.2351    33.2899    33.2902    25.4021    25.4022     7.2542     7.3831    221.081    225.010     2.1954     2.1026     0.1746     3.3401     3.3284     0.0000     0.0000 -124.10136   44.65154      26.86          8  0.000e+00
      27978   1165.708      3.877      3.909    11.2332    11.2344  37.540120  37.541593    11.2328    11.2339    33.2905    33.2909    25.4028    25.4029     7.2492     7.3889    220.928    225.187     2.1941     2.1038     0.1746     3.3401     3.3284     0.0000     0.0000 -124.10136   44.65154      26.86          8  0.000e+00
      27979   1165.750      3.877      3.909    11.2320    11.2337  37.539732  37.541141    11.2315    11.2332    33.2912    33.2910    25.4036    25.4031     7.2545     7.3890    221.091    225.190     2.1954     2.1038     0.1746     3.3401     3.3284     0.0000     0.0000 -124.10136   44.65154      26.86          8  0.000e+00
      27980   1165.792      3.831      3.862    11.2301    11.2330  37.537857  37.541270    11.2296    11.2326    33.2911    33.2918    25.4038    25.4038     7.2496     7.3834    220.941    225.019     2.1941     2.1026     0.1734     3.3096     3.3284     0.0000     0.0000 -124.10136   44.65154      26.86          8  0.000e+00
      27981   1165.833      3.831      3.862    11.2281    11.2324  37.536565  37.540947    11.2277    11.2319    33.2916    33.2921    25.4046    25.4041     7.2499     7.3835    220.950    225.022     2.1941     2.1026     0.1734     3.3096     3.3284     0.0000     0.0000 -124.10136   44.65154      26.89          8  0.000e+00
      27982   1165.875      3.778      3.809    11.2267    11.2317  37.536112  37.540042    11.2263    11.2312    33.2924    33.2918    25.4054    25.4041     7.2552     7.3892    221.112    225.196     2.1954     2.1038     0.1746     3.3401     3.3297     0.0000     0.0000 -124.10136   44.65154      26.91          8  0.000e+00
      27983   1165.917      3.778      3.809    11.2257    11.2312  37.536047  37.539978    11.2252    11.2307    33.2933    33.2922    25.4063    25.4045     7.2554     7.3893    221.116    225.198     2.1954     2.1038     0.1734     3.3096     3.3297     0.0000     0.0000 -124.10136   44.65154      26.91          8  0.000e+00
      27984   1165.958      3.778      3.809    11.2248    11.2303  37.535013  37.539590    11.2243    11.2298    33.2931    33.2927    25.4063    25.4050     7.2555     7.3951    221.120    225.374     2.1954     2.1050     0.1734     3.3096     3.3284     0.0000     0.0000 -124.10136   44.65154      26.91          8  0.000e+00
      27985   1166.000      3.679      3.709    11.2240    11.2296  37.534690  37.538879    11.2235    11.2291    33.2935    33.2926    25.4068    25.4051     7.2503     7.3895    220.963    225.203     2.1941     2.1038     0.1734     3.3096     3.3297     0.0000     0.0000 -124.10136   44.65154      26.91          8  0.000e+00
      27986   1166.042      3.778      3.809    11.2239    11.2289  37.534432  37.538298    11.2234    11.2284    33.2933    33.2926    25.4067    25.4052     7.2556     7.3897    221.124    225.209     2.1954     2.1038     0.1746     3.3401     3.3284     0.0000     0.0000 -124.10136   44.65154      26.91          8  0.000e+00
      27987   1166.083      3.645      3.675    11.2231    11.2287  37.533849  37.538104    11.2227    11.2283    33.2935    33.2927    25.4069    25.4053     7.2556     7.3952    221.124    225.378     2.1954     2.1050     0.1746     3.3401     3.3284     0.0000     0.0000 -124.10136   44.65154      26.94          8  0.000e+00
      27988   1166.125      3.679      3.709    11.2230    11.2283  37.533914  37.538298    11.2226    11.2278    33.2937    33.2932    25.4071    25.4058     7.2557     7.3953    221.125    225.381     2.1954     2.1050     0.1746     3.3401     3.3297     0.0000     0.0000 -124.10136   44.65154      26.98          8  0.000e+00
      27989   1166.167      3.632      3.662    11.2229    11.2283  37.534043  37.537975    11.2225    11.2278    33.2939    33.2929    25.4073    25.4056     7.2556     7.3953    221.124    225.380     2.1954     2.1050     0.1746     3.3401     3.3284     0.0000     0.0000 -124.10136   44.65154      26.98          8  0.000e+00
      27990   1166.208      3.679      3.709    11.2230    11.2279  37.534043  37.537523    11.2226    11.2275    33.2938    33.2928    25.4072    25.4055     7.2557     7.3897    221.125    225.211     2.1954     2.1038     0.1746     3.3401     3.3284     0.0000     0.0000 -124.10136   44.65154      26.98          8  0.000e+00
      27991   1166.250      3.586      3.615    11.2238    11.2279  37.534496  37.537652    11.2234    11.2274    33.2935    33.2930    25.4068    25.4057     7.2555     7.3953    221.119    225.380     2.1954     2.1050     0.1746     3.3401     3.3272     0.0000     0.0000 -124.10136   44.65154      26.98          8  0.000e+00
      27992   1166.292      3.632      3.662    11.2245    11.2281  37.534690  37.537781    11.2240    11.2276    33.2931    33.2929    25.4064    25.4056     7.2554     7.3953    221.118    225.381     2.1954     2.1050     0.1746     3.3401     3.3284     0.0000     0.0000 -124.10136   44.65154      26.98          8  0.000e+00
      27993   1166.333      3.586      3.615    11.2254    11.2279  37.535400  37.537781    11.2249    11.2274    33.2930    33.2931    25.4061    25.4058     7.2552     7.4009    221.112    225.552     2.1954     2.1062     0.1770     3.4011     3.3284     0.0000     0.0000 -124.10136   44.65154      27.01          8  0.000e+00
      27994   1166.375      3.533      3.562    11.2265    11.2279  37.535917  37.536812    11.2260    11.2275    33.2926    33.2922    25.4056    25.4050     7.2550     7.3953    221.106    225.380     2.1954     2.1050     0.1795     3.4622     3.3284     0.0000     0.0000 -124.10136   44.65154      27.08          8  0.000e+00
      27995   1166.417      3.533      3.562    11.2268    11.2279  37.536240  37.536941    11.2263    11.2275    33.2926    33.2923    25.4056    25.4051     7.2550     7.3953    221.104    225.380     2.1954     2.1050     0.1807     3.4927     3.3284     0.0000     0.0000 -124.10136   44.65154      27.11          8  0.000e+00
      27996   1166.458      3.586      3.615    11.2272    11.2279  37.536370  37.537587    11.2268    11.2275    33.2923    33.2929    25.4053    25.4056     7.2550     7.4009    221.104    225.552     2.1954     2.1062     0.1807     3.4927     3.3284     0.0000     0.0000 -124.10136   44.65154      27.08          8  0.000e+00
      27997   1166.500      3.487      3.515    11.2268    11.2281  37.536111  37.537781    11.2263    11.2276    33.2925    33.2930    25.4055    25.4056     7.2550     7.3952    221.103    225.376     2.1954     2.1050     0.1807     3.4927     3.3284     0.0000     0.0000 -124.10136   44.65154      27.11          8  0.000e+00
      27998   1166.542      3.487      3.515    11.2265    11.2283  37.536046  37.537522    11.2260    11.2278    33.2927    33.2926    25.4057    25.4053     7.2550     7.3952    221.104    225.376     2.1954     2.1050     0.1807     3.4927     3.3284     0.0000     0.0000 -124.10136   44.65154      27.11          8  0.000e+00
      27999   1166.583      3.500      3.528    11.2261    11.2281  37.535723  37.537651    11.2257    11.2276    33.2927    33.2929    25.4058    25.4055     7.2551     7.4008    221.106    225.549     2.1954     2.1062     0.1807     3.4927     3.3284     0.0000     0.0000 -124.10136   44.65154      27.13          8  0.000e+00
      28000   1166.625      3.440      3.468    11.2259    11.2283  37.535400  37.537780    11.2255    11.2278    33.2926    33.2928    25.4058    25.4055     7.2550     7.4007    221.106    225.546     2.1954     2.1062     0.1807     3.4927     3.3297     0.0000     0.0000 -124.10136   44.65154      27.16          8  0.000e+00
      28001   1166.667      3.487      3.515    11.2258    11.2283  37.535335  37.537781    11.2254    11.2278    33.2926    33.2928    25.4058    25.4055     7.2551     7.4064    221.108    225.719     2.1954     2.1074     0.1807     3.4927     3.3284     0.0000     0.0000 -124.10136   44.65154      27.18          8  0.000e+00
      28002   1166.708      3.440      3.468    11.2260    11.2286  37.535335  37.538039    11.2255    11.2281    33.2925    33.2928    25.4056    25.4054     7.2550     7.4007    221.106    225.545     2.1954     2.1062     0.1795     3.4622     3.3297     0.0000     0.0000 -124.10136   44.65154      27.18          8  0.000e+00
      28003   1166.750      3.487      3.515    11.2262    11.2289  37.535529  37.537845    11.2258    11.2285    33.2924    33.2923    25.4055    25.4050     7.2550     7.3951    221.106    225.373     2.1954     2.1050     0.1795     3.4622     3.3284     0.0000     0.0000 -124.10136   44.65154      27.18          8  0.000e+00
      28004   1166.792      3.440      3.468    11.2261    11.2286  37.535917  37.537780    11.2257    11.2281    33.2929    33.2926    25.4059    25.4052     7.2550     7.3951    221.104    225.373     2.1954     2.1050     0.1807     3.4927     3.3284     0.0000     0.0000 -124.10136   44.65154      27.18          8  0.000e+00
      28005   1166.833      3.387      3.415    11.2260    11.2287  37.536046  37.537780    11.2256    11.2283    33.2932    33.2925    25.4062    25.4051     7.2550     7.4006    221.103    225.543     2.1954     2.1062     0.1807     3.4927     3.3284     0.0000     0.0000 -124.10136   44.65154      27.18          8  0.000e+00
      28006   1166.875      3.440      3.468    11.2259    11.2281  37.535464  37.537264    11.2255    11.2276    33.2927    33.2925    25.4058    25.4053     7.2550     7.4064    221.106    225.720     2.1954     2.1074     0.1807     3.4927     3.3284     0.0000     0.0000 -124.10136   44.65154      27.23          8  0.000e+00
      28007   1166.917      3.440      3.468    11.2257    11.2279  37.535077  37.537587    11.2252    11.2275    33.2925    33.2930    25.4057    25.4057     7.2603     7.4008    221.265    225.548     2.1966     2.1062     0.1807     3.4927     3.3284     0.0000     0.0000 -124.10136   44.65154      27.25          8  0.000e+00
      28008   1166.958      3.387      3.415    11.2253    11.2274  37.535012  37.537005    11.2249    11.2270    33.2928    33.2928    25.4060    25.4056     7.2551     7.4008    221.107    225.549     2.1954     2.1062     0.1807     3.4927     3.3284     0.0000     0.0000 -124.10136   44.65154      27.25          8  0.000e+00
      28009   1167.000      3.387      3.415    11.2250    11.2269  37.534753  37.536488    11.2246    11.2265    33.2928    33.2928    25.4061    25.4057     7.2551     7.4122    221.109    225.895     2.1954     2.1087     0.1807     3.4927     3.3284     0.0000     0.0000 -124.10136   44.65154      27.25          8  0.000e+00
      28010   1167.042      3.440      3.468    11.2243    11.2259  37.534430  37.535907    11.2238    11.2255    33.2931    33.2931    25.4064    25.4061     7.2553     7.4068    221.113    225.730     2.1954     2.1074     0.1807     3.4927     3.3284     0.0000     0.0000 -124.10136   44.65154      27.25          8  0.000e+00
      28011   1167.083      3.354      3.382    11.2241    11.2252  37.534559  37.536036    11.2237    11.2248    33.2934    33.2939    25.4067    25.4068     7.2604     7.4011    221.269    225.558     2.1966     2.1062     0.1807     3.4927     3.3284     0.0000     0.0000 -124.10136   44.65154      27.28          8  0.000e+00
      28012   1167.125      3.440      3.468    11.2245    11.2254  37.534689  37.536359    11.2241    11.2250    33.2932    33.2940    25.4064    25.4069     7.2604     7.4012    221.270    225.559     2.1966     2.1062     0.1807     3.4927     3.3297     0.0000     0.0000 -124.10136   44.65154      27.33          8  0.000e+00
      28013   1167.167      3.440      3.468    11.2248    11.2252  37.534689  37.536683    11.2243    11.2248    33.2929    33.2945    25.4062    25.4073     7.2604     7.4012    221.269    225.559     2.1966     2.1062     0.1807     3.4927     3.3284     0.0000     0.0000 -124.10136   44.65154      27.35          8  0.000e+00
