West Coast/WCOA-7/CTD_Data/RB2102_CTD_048_01.ros
* Sea-Bird SBE 9 Data File:
* FileName = C:\Users\scs.user.rb\CTD\RB2102\Data\RB2102_CTD_048_01.hex
* Software Version Seasave V 7.26.7.107
* Temperature SN = 6202
* Conductivity SN = 4907
* Number of Bytes Per Scan = 41
* Number of Voltage Words = 4
* Number of Scans Averaged by the Deck Unit = 1
* NMEA Latitude = 44 39.06 N
* NMEA Longitude = 124 46.61 W
* NMEA UTC (Time) = Jul 04 2021  01:05:11
* NMEA baud rate = 4800
# nquan = 30
# nvalues = 976                                   
# units = specified
# name 0 = scan: Scan Count
# name 1 = timeS: Time, Elapsed [seconds]
# name 2 = depSM: Depth [salt water, m]
# name 3 = prDM: Pressure, Digiquartz [db]
# name 4 = t090C: Temperature [ITS-90, deg C]
# name 5 = t190C: Temperature, 2 [ITS-90, deg C]
# name 6 = c0mS/cm: Conductivity [mS/cm]
# name 7 = c1mS/cm: Conductivity, 2 [mS/cm]
# name 8 = potemp090C: Potential Temperature [ITS-90, deg C]
# name 9 = potemp190C: Potential Temperature, 2 [ITS-90, deg C]
# name 10 = sal00: Salinity, Practical [PSU]
# name 11 = sal11: Salinity, Practical, 2 [PSU]
# name 12 = sigma-é00: Density [sigma-theta, kg/m^3]
# name 13 = sigma-é11: Density, 2 [sigma-theta, kg/m^3]
# name 14 = sbeox0Mg/L: Oxygen, SBE 43 [mg/l]
# name 15 = sbeox1Mg/L: Oxygen, SBE 43, 2 [mg/l]
# name 16 = sbox0Mm/Kg: Oxygen, SBE 43 [umol/kg]
# name 17 = sbox1Mm/Kg: Oxygen, SBE 43, 2 [umol/kg]
# name 18 = sbeox0V: Oxygen raw, SBE 43 [V]
# name 19 = sbeox1V: Oxygen raw, SBE 43, 2 [V]
# name 20 = v4: Voltage 4
# name 21 = flECO-AFL: Fluorescence, WET Labs ECO-AFL/FL [mg/m^3]
# name 22 = v3: Voltage 3
# name 23 = v6: Voltage 6
# name 24 = v7: Voltage 7
# name 25 = longitude: Longitude [deg]
# name 26 = latitude: Latitude [deg]
# name 27 = altM: Altimeter [m]
# name 28 = nbf: Bottles Fired
# name 29 = flag:  0.000e+00
# interval = seconds: 0.0416667
# start_time = Jul 04 2021 01:05:11 [NMEA time, header]
# bad_flag = -9.990e-29
*END*
[from data line 146]
      31301   1304.167    245.938    248.091     6.9398     6.9407  34.445460  34.446857     6.9170     6.9179    34.0140    34.0146    26.6534    26.6538     2.0262     2.1294     61.676     64.818     0.9072     0.9084     0.0403    -0.0177     3.4469     0.0000     0.0000 -124.77670   44.65108      11.53          3  0.000e+00
      37625   1567.667    198.287    200.000     7.0101     7.0109  34.478736  34.479484     6.9917     6.9925    34.0045    34.0046    26.6357    26.6356     2.1038     2.2083     64.039     67.219     0.9267     0.9267     0.0403    -0.0177     3.4408     0.0000     0.0000 -124.77662   44.65108      60.54          4  0.000e+00
      37626   1567.708    198.240    199.953     7.0102     7.0110  34.478173  34.479671     6.9917     6.9926    34.0038    34.0046    26.6352    26.6357     2.1038     2.2083     64.039     67.219     0.9267     0.9267     0.0403    -0.0177     3.4408     0.0000     0.0000 -124.77662   44.65108      60.44          4  0.000e+00
      37627   1567.750    198.340    200.053     7.0103     7.0111  34.478424  34.479984     6.9919     6.9927    34.0039    34.0048    26.6352    26.6358     2.1038     2.2147     64.039     67.413     0.9267     0.9280     0.0403    -0.0177     3.4396     0.0000     0.0000 -124.77662   44.65108      60.39          4  0.000e+00
      37628   1567.792    198.240    199.953     7.0103     7.0112  34.478611  34.479608     6.9919     6.9928    34.0042    34.0044    26.6354    26.6355     2.1038     2.2083     64.038     67.219     0.9267     0.9267     0.0403    -0.0177     3.4408     0.0000     0.0000 -124.77662   44.65108      60.42          4  0.000e+00
      37629   1567.833    198.220    199.933     7.0105     7.0114  34.478611  34.480171     6.9920     6.9929    34.0041    34.0049    26.6353    26.6358     2.1038     2.2082     64.038     67.218     0.9267     0.9267     0.0403    -0.0177     3.4408     0.0000     0.0000 -124.77662   44.65108      60.42          4  0.000e+00
      37630   1567.875    198.287    200.000     7.0107     7.0115  34.478799  34.479921     6.9922     6.9931    34.0040    34.0044    26.6353    26.6354     2.1096     2.2083     64.216     67.218     0.9280     0.9267     0.0403    -0.0177     3.4408     0.0000     0.0000 -124.77662   44.65108      60.42          4  0.000e+00
      37631   1567.917    198.187    199.899     7.0105     7.0115  34.478673  34.479983     6.9920     6.9930    34.0041    34.0046    26.6354    26.6356     2.1038     2.2082     64.038     67.218     0.9267     0.9267     0.0403    -0.0177     3.4408     0.0000     0.0000 -124.77662   44.65108      60.51          4  0.000e+00
      37632   1567.958    198.141    199.853     7.0103     7.0115  34.478361  34.480108     6.9919     6.9931    34.0040    34.0047    26.6352    26.6357     2.1038     2.2082     64.038     67.217     0.9267     0.9267     0.0403    -0.0177     3.4408     0.0000     0.0000 -124.77662   44.65108      60.61          4  0.000e+00
      37633   1568.000    198.240    199.953     7.0102     7.0117  34.478486  34.480108     6.9917     6.9933    34.0042    34.0044    26.6354    26.6354     2.1038     2.2082     64.039     67.218     0.9267     0.9267     0.0403    -0.0177     3.4408     0.0000     0.0000 -124.77662   44.65108      60.63          4  0.000e+00
      37634   1568.042    198.141    199.853     7.0101     7.0119  34.478361  34.479358     6.9917     6.9934    34.0041    34.0035    26.6354    26.6347     2.1038     2.2082     64.038     67.217     0.9267     0.9267     0.0403    -0.0177     3.4408     0.0000     0.0000 -124.77662   44.65108      60.63          4  0.000e+00
      37635   1568.083    198.187    199.899     7.0103     7.0115  34.478298  34.479358     6.9919     6.9931    34.0039    34.0038    26.6352    26.6350     2.1038     2.2082     64.038     67.218     0.9267     0.9267     0.0403    -0.0177     3.4408     0.0000     0.0000 -124.77662   44.65108      60.61          4  0.000e+00
      37636   1568.125    198.141    199.853     7.0103     7.0113  34.478736  34.479483     6.9919     6.9929    34.0044    34.0042    26.6356    26.6353     2.1096     2.2082     64.215     67.218     0.9280     0.9267     0.0403    -0.0177     3.4408     0.0000     0.0000 -124.77662   44.65108      60.61          4  0.000e+00
      37637   1568.167    198.094    199.806     7.0108     7.0114  34.478923  34.479670     6.9924     6.9930    34.0041    34.0044    26.6353    26.6354     2.1037     2.2082     64.036     67.217     0.9267     0.9267     0.0403    -0.0177     3.4408     0.0000     0.0000 -124.77662   44.65108      60.59          4  0.000e+00
      37638   1568.208    198.121    199.833     7.0108     7.0112  34.478923  34.479546     6.9924     6.9928    34.0041    34.0044    26.6353    26.6354     2.1096     2.2082     64.214     67.217     0.9280     0.9267     0.0403    -0.0177     3.4408     0.0000     0.0000 -124.77662   44.65108      60.56          4  0.000e+00
      37639   1568.250    198.094    199.806     7.0111     7.0114  34.479361  34.479483     6.9927     6.9930    34.0043    34.0042    26.6354    26.6353     2.1095     2.2082     64.214     67.217     0.9280     0.9267     0.0403    -0.0177     3.4408     0.0000     0.0000 -124.77662   44.65108      60.56          4  0.000e+00
      37640   1568.292    198.094    199.806     7.0111     7.0112  34.479548  34.479920     6.9927     6.9928    34.0045    34.0048    26.6356    26.6358     2.1037     2.2082     64.036     67.217     0.9267     0.9267     0.0403    -0.0177     3.4408     0.0000     0.0000 -124.77662   44.65108      60.56          4  0.000e+00
      37641   1568.333    198.041    199.752     7.0115     7.0113  34.479298  34.479858     6.9931     6.9929    34.0039    34.0047    26.6350    26.6357     2.1037     2.2146     64.035     67.411     0.9267     0.9280     0.0403    -0.0177     3.4396     0.0000     0.0000 -124.77662   44.65108      60.56          4  0.000e+00
      37642   1568.375    198.041    199.752     7.0118     7.0112  34.479673  34.479795     6.9933     6.9928    34.0040    34.0047    26.6351    26.6357     2.1037     2.2082     64.034     67.217     0.9267     0.9267     0.0403    -0.0177     3.4396     0.0000     0.0000 -124.77662   44.65108      60.56          4  0.000e+00
      37643   1568.417    197.995    199.705     7.0120     7.0115  34.479860  34.479795     6.9935     6.9931    34.0041    34.0044    26.6351    26.6354     2.1036     2.2082     64.034     67.216     0.9267     0.9267     0.0403    -0.0177     3.4396     0.0000     0.0000 -124.77662   44.65108      60.76          4  0.000e+00
      37644   1568.458    197.995    199.705     7.0119     7.0114  34.479610  34.479545     6.9935     6.9930    34.0038    34.0043    26.6349    26.6354     2.1036     2.2082     64.034     67.216     0.9267     0.9267     0.0403    -0.0177     3.4408     0.0000     0.0000 -124.77662   44.65108      60.93          4  0.000e+00
      37645   1568.500    197.995    199.705     7.0121     7.0115  34.479735  34.479670     6.9937     6.9931    34.0038    34.0043    26.6349    26.6354     2.1036     2.2082     64.034     67.216     0.9267     0.9267     0.0403    -0.0177     3.4420     0.0000     0.0000 -124.77662   44.65108      60.95          4  0.000e+00
      37646   1568.542    197.975    199.685     7.0121     7.0114  34.480048  34.479982     6.9937     6.9930    34.0041    34.0048    26.6351    26.6357     2.1036     2.2082     64.033     67.216     0.9267     0.9267     0.0403    -0.0177     3.4396     0.0000     0.0000 -124.77662   44.65108      60.95          4  0.000e+00
      37647   1568.583    197.942    199.652     7.0121     7.0117  34.479673  34.479857     6.9937     6.9933    34.0037    34.0043    26.6348    26.6353     2.1094     2.2081     64.211     67.215     0.9280     0.9267     0.0403    -0.0177     3.4396     0.0000     0.0000 -124.77662   44.65108      60.93          4  0.000e+00
      37648   1568.625    197.942    199.652     7.0124     7.0115  34.479735  34.479795     6.9940     6.9931    34.0035    34.0044    26.6346    26.6355     2.1036     2.2082     64.033     67.215     0.9267     0.9267     0.0403    -0.0177     3.4396     0.0000     0.0000 -124.77662   44.65108      60.93          4  0.000e+00
      37649   1568.667    197.942    199.652     7.0124     7.0117  34.480048  34.480482     6.9940     6.9933    34.0038    34.0050    26.6349    26.6359     2.1036     2.2145     64.033     67.409     0.9267     0.9280     0.0403    -0.0177     3.4408     0.0000     0.0000 -124.77662   44.65108      61.00          4  0.000e+00
      37650   1568.708    197.895    199.605     7.0126     7.0118  34.480173  34.479795     6.9942     6.9934    34.0038    34.0042    26.6348    26.6353     2.1036     2.2081     64.032     67.215     0.9267     0.9267     0.0403    -0.0177     3.4396     0.0000     0.0000 -124.77662   44.65108      61.07          4  0.000e+00
      37651   1568.750    197.895    199.605     7.0129     7.0114  34.480173  34.479482     6.9945     6.9930    34.0035    34.0043    26.6345    26.6353     2.1036     2.2081     64.032     67.215     0.9267     0.9267     0.0403    -0.0177     3.4420     0.0000     0.0000 -124.77662   44.65108      61.10          4  0.000e+00
      37652   1568.792    197.849    199.558     7.0126     7.0117  34.480172  34.479919     6.9942     6.9933    34.0039    34.0044    26.6349    26.6354     2.1036     2.2081     64.032     67.214     0.9267     0.9267     0.0403    -0.0177     3.4408     0.0000     0.0000 -124.77662   44.65108      61.10          4  0.000e+00
      37653   1568.833    197.895    199.605     7.0129     7.0117  34.480173  34.479857     6.9945     6.9933    34.0035    34.0043    26.6345    26.6354     2.1036     2.2081     64.032     67.215     0.9267     0.9267     0.0403    -0.0177     3.4396     0.0000     0.0000 -124.77662   44.65108      61.10          4  0.000e+00
      37654   1568.875    197.822    199.531     7.0128     7.0116  34.480485  34.479794     6.9944     6.9932    34.0040    34.0044    26.6350    26.6354     2.1035     2.2081     64.031     67.214     0.9267     0.9267     0.0403    -0.0177     3.4408     0.0000     0.0000 -124.77662   44.65108      61.10          4  0.000e+00
      37655   1568.917    197.796    199.504     7.0129     7.0117  34.480047  34.479794     6.9945     6.9933    34.0035    34.0043    26.6345    26.6353     2.1035     2.2081     64.031     67.214     0.9267     0.9267     0.0403    -0.0177     3.4408     0.0000     0.0000 -124.77662   44.65108      61.05          4  0.000e+00
      37656   1568.958    197.796    199.504     7.0131     7.0117  34.480047  34.479544     6.9947     6.9933    34.0033    34.0040    26.6343    26.6351     2.1035     2.2081     64.031     67.214     0.9267     0.9267     0.0403    -0.0177     3.4396     0.0000     0.0000 -124.77662   44.65108      61.00          4  0.000e+00
      37657   1569.000    197.796    199.505     7.0131     7.0117  34.480360  34.479669     6.9947     6.9933    34.0036    34.0042    26.6346    26.6352     2.1035     2.2081     64.031     67.214     0.9267     0.9267     0.0403    -0.0177     3.4396     0.0000     0.0000 -124.77662   44.65108      61.00          4  0.000e+00
      37658   1569.042    197.749    199.458     7.0129     7.0119  34.480235  34.479794     6.9945     6.9935    34.0037    34.0042    26.6347    26.6352     2.1035     2.2081     64.030     67.213     0.9267     0.9267     0.0403    -0.0177     3.4396     0.0000     0.0000 -124.77662   44.65108      61.00          4  0.000e+00
      37659   1569.083    197.749    199.458     7.0127     7.0120  34.479672  34.479982     6.9943     6.9936    34.0032    34.0043    26.6343    26.6353     2.1035     2.2081     64.031     67.213     0.9267     0.9267     0.0403    -0.0177     3.4408     0.0000     0.0000 -124.77662   44.65108      61.00          4  0.000e+00
      37660   1569.125    197.749    199.458     7.0129     7.0122  34.479734  34.479857     6.9945     6.9938    34.0031    34.0039    26.6342    26.6350     2.1035     2.2081     64.031     67.213     0.9267     0.9267     0.0403    -0.0177     3.4420     0.0000     0.0000 -124.77662   44.65108      61.00          4  0.000e+00
      37661   1569.167    197.749    199.458     7.0129     7.0122  34.480047  34.479794     6.9945     6.9938    34.0035    34.0039    26.6345    26.6349     2.1094     2.2081     64.208     67.213     0.9280     0.9267     0.0403    -0.0177     3.4408     0.0000     0.0000 -124.77662   44.65108      61.05          4  0.000e+00
      37662   1569.208    197.723    199.431     7.0131     7.0124  34.479672  34.479794     6.9947     6.9940    34.0029    34.0037    26.6340    26.6348     2.1035     2.2081     64.030     67.212     0.9267     0.9267     0.0403    -0.0177     3.4420     0.0000     0.0000 -124.77662   44.65108      61.10          4  0.000e+00
      37663   1569.250    197.749    199.458     7.0131     7.0121  34.479985  34.479982     6.9947     6.9937    34.0032    34.0042    26.6343    26.6352     2.1035     2.2081     64.030     67.213     0.9267     0.9267     0.0403    -0.0177     3.4408     0.0000     0.0000 -124.77662   44.65108      61.10          4  0.000e+00
      37664   1569.292    197.650    199.357     7.0131     7.0122  34.480172  34.480106     6.9947     6.9938    34.0035    34.0043    26.6345    26.6352     2.1035     2.2080     64.029     67.212     0.9267     0.9267     0.0403    -0.0177     3.4396     0.0000     0.0000 -124.77662   44.65108      61.10          4  0.000e+00
      37665   1569.333    197.696    199.404     7.0133     7.0124  34.480172  34.479856     6.9949     6.9940    34.0032    34.0038    26.6342    26.6349     2.1093     2.2080     64.207     67.212     0.9280     0.9267     0.0403    -0.0177     3.4396     0.0000     0.0000 -124.77662   44.65108      61.10          4  0.000e+00
      37666   1569.375    197.696    199.404     7.0132     7.0124  34.480172  34.479981     6.9949     6.9940    34.0033    34.0040    26.6343    26.6350     2.1093     2.2080     64.207     67.212     0.9280     0.9267     0.0403    -0.0177     3.4408     0.0000     0.0000 -124.77662   44.65108      61.10          4  0.000e+00
      37667   1569.417    197.650    199.357     7.0133     7.0122  34.480172  34.480106     6.9950     6.9938    34.0032    34.0043    26.6342    26.6352     2.1093     2.2080     64.207     67.212     0.9280     0.9267     0.0403    -0.0177     3.4408     0.0000     0.0000 -124.77662   44.65108      61.15          4  0.000e+00
      37668   1569.458    197.696    199.404     7.0135     7.0125  34.480359  34.480294     6.9951     6.9941    34.0032    34.0042    26.6342    26.6351     2.1093     2.2080     64.207     67.212     0.9280     0.9267     0.0403    -0.0177     3.4408     0.0000     0.0000 -124.77662   44.65108      61.20          4  0.000e+00
      37669   1569.500    197.650    199.357     7.0135     7.0122  34.480234  34.479919     6.9951     6.9938    34.0031    34.0041    26.6341    26.6351     2.1093     2.2080     64.207     67.212     0.9280     0.9267     0.0403    -0.0177     3.4396     0.0000     0.0000 -124.77662   44.65108      61.22          4  0.000e+00
      37670   1569.542    197.630    199.337     7.0135     7.0122  34.480359  34.479981     6.9951     6.9938    34.0032    34.0041    26.6342    26.6351     2.1093     2.2080     64.206     67.212     0.9280     0.9267     0.0403    -0.0177     3.4396     0.0000     0.0000 -124.77662   44.65108      61.20          4  0.000e+00
