West Coast/WCOA-7/CTD_Data/RB2102_CTD_102_01.ros
* Sea-Bird SBE 9 Data File:
* FileName = C:\Users\scs.user.rb\CTD\RB2102\Data\RB2102_CTD_102_01.hex
* Software Version Seasave V 7.26.7.107
* Temperature SN = 6202
* Conductivity SN = 4907
* Number of Bytes Per Scan = 41
* Number of Voltage Words = 4
* Number of Scans Averaged by the Deck Unit = 1
* NMEA Latitude = 36 46.98 N
* NMEA Longitude = 121 52.27 W
* NMEA UTC (Time) = Jul 15 2021  02:13:12
* NMEA baud rate = 4800
# nquan = 30
# nvalues = 1164                                  
# units = specified
# name 0 = scan: Scan Count
# name 1 = timeS: Time, Elapsed [seconds]
# name 2 = depSM: Depth [salt water, m]
# name 3 = prDM: Pressure, Digiquartz [db]
# name 4 = t090C: Temperature [ITS-90, deg C]
# name 5 = t190C: Temperature, 2 [ITS-90, deg C]
# name 6 = c0mS/cm: Conductivity [mS/cm]
# name 7 = c1mS/cm: Conductivity, 2 [mS/cm]
# name 8 = potemp090C: Potential Temperature [ITS-90, deg C]
# name 9 = potemp190C: Potential Temperature, 2 [ITS-90, deg C]
# name 10 = sal00: Salinity, Practical [PSU]
# name 11 = sal11: Salinity, Practical, 2 [PSU]
# name 12 = sigma-é00: Density [sigma-theta, kg/m^3]
# name 13 = sigma-é11: Density, 2 [sigma-theta, kg/m^3]
# name 14 = sbeox0Mg/L: Oxygen, SBE 43 [mg/l]
# name 15 = sbeox1Mg/L: Oxygen, SBE 43, 2 [mg/l]
# name 16 = sbox0Mm/Kg: Oxygen, SBE 43 [umol/kg]
# name 17 = sbox1Mm/Kg: Oxygen, SBE 43, 2 [umol/kg]
# name 18 = sbeox0V: Oxygen raw, SBE 43 [V]
# name 19 = sbeox1V: Oxygen raw, SBE 43, 2 [V]
# name 20 = v4: Voltage 4
# name 21 = flECO-AFL: Fluorescence, WET Labs ECO-AFL/FL [mg/m^3]
# name 22 = v3: Voltage 3
# name 23 = v6: Voltage 6
# name 24 = v7: Voltage 7
# name 25 = longitude: Longitude [deg]
# name 26 = latitude: Latitude [deg]
# name 27 = altM: Altimeter [m]
# name 28 = nbf: Bottles Fired
# name 29 = flag:  0.000e+00
# interval = seconds: 0.0416667
# start_time = Jul 15 2021 02:13:12 [NMEA time, header]
# bad_flag = -9.990e-29
*END*
[from data line 726]
      43004   1791.792     30.235     30.462    10.9176    10.9169  37.811650  37.811400    10.9140    10.9132    33.8367    33.8371    25.8850    25.8854     5.2688     5.4150    160.497    164.950     1.7192     1.6679     0.0635     0.5623     3.2564     0.0110     0.0000 -121.87094   36.78228      99.39         15  0.000e+00
      43005   1791.833     30.281     30.508    10.9178    10.9166  37.811455  37.811724    10.9141    10.9129    33.8363    33.8377    25.8847    25.8860     5.2740     5.4150    160.657    164.951     1.7204     1.6679     0.0635     0.5623     3.2564     0.0110     0.0000 -121.87094   36.78228      99.39         15  0.000e+00
      43006   1791.875     30.241     30.468    10.9180    10.9168  37.811585  37.811918    10.9143    10.9131    33.8363    33.8377    25.8846    25.8860     5.2688     5.4036    160.497    164.604     1.7192     1.6654     0.0635     0.5623     3.2564     0.0110     0.0000 -121.87094   36.78228      99.39         15  0.000e+00
      43007   1791.917     30.235     30.462    10.9178    10.9166  37.811261  37.811659    10.9141    10.9129    33.8361    33.8376    25.8845    25.8859     5.2688     5.4093    160.497    164.778     1.7192     1.6667     0.0635     0.5623     3.2564     0.0110     0.0000 -121.87094   36.78228      99.39         15  0.000e+00
      43008   1791.958     30.235     30.462    10.9179    10.9164  37.811520  37.811594    10.9142    10.9128    33.8363    33.8377    25.8846    25.8860     5.2688     5.4150    160.497    164.951     1.7192     1.6679     0.0635     0.5623     3.2564     0.0110     0.0000 -121.87094   36.78228      99.39         15  0.000e+00
      43009   1792.000     30.281     30.508    10.9178    10.9162  37.811455  37.811594    10.9141    10.9126    33.8363    33.8379    25.8847    25.8862     5.2688     5.4094    160.498    164.780     1.7192     1.6667     0.0635     0.5623     3.2564     0.0110     0.0000 -121.87094   36.78228      99.39         15  0.000e+00
      43012   1792.125     30.235     30.462    10.9178    10.9161  37.811390  37.811530    10.9141    10.9124    33.8362    33.8380    25.8846    25.8863     5.2636     5.4150    160.338    164.952     1.7179     1.6679     0.0635     0.5623     3.2552     0.0098     0.0000 -121.87094   36.78228      99.41         16  0.000e+00
      43013   1792.167     30.235     30.462    10.9179    10.9164  37.811650  37.811335    10.9142    10.9127    33.8364    33.8375    25.8847    25.8858     5.2688     5.4093    160.497    164.778     1.7192     1.6667     0.0635     0.5623     3.2552     0.0098     0.0000 -121.87094   36.78228      99.39         16  0.000e+00
      43014   1792.208     30.189     30.415    10.9176    10.9164  37.811650  37.811465    10.9140    10.9127    33.8367    33.8376    25.8850    25.8860     5.2688     5.4150    160.497    164.950     1.7192     1.6679     0.0635     0.5623     3.2564     0.0110     0.0000 -121.87094   36.78228      99.39         16  0.000e+00
      43015   1792.250     30.281     30.509    10.9180    10.9161  37.811455  37.811335    10.9143    10.9124    33.8361    33.8378    25.8845    25.8861     5.2688     5.4094    160.498    164.780     1.7192     1.6667     0.0635     0.5623     3.2576     0.0110     0.0000 -121.87094   36.78228      99.39         16  0.000e+00
      43016   1792.292     30.189     30.415    10.9176    10.9162  37.811261  37.811465    10.9140    10.9126    33.8363    33.8378    25.8847    25.8861     5.2688     5.4093    160.497    164.778     1.7192     1.6667     0.0635     0.5623     3.2564     0.0110     0.0000 -121.87094   36.78228      99.39         16  0.000e+00
      43017   1792.333     30.235     30.462    10.9178    10.9166  37.811650  37.811594    10.9141    10.9129    33.8365    33.8376    25.8848    25.8859     5.2688     5.4093    160.497    164.778     1.7192     1.6667     0.0635     0.5623     3.2564     0.0110     0.0000 -121.87094   36.78228      99.39         16  0.000e+00
      43018   1792.375     30.189     30.415    10.9175    10.9168  37.811390  37.811594    10.9138    10.9131    33.8366    33.8374    25.8849    25.8857     5.2688     5.4036    160.497    164.603     1.7192     1.6654     0.0635     0.5623     3.2564     0.0110     0.0000 -121.87094   36.78228      99.39         16  0.000e+00
      43019   1792.417     30.235     30.462    10.9175    10.9168  37.811390  37.811789    10.9139    10.9131    33.8365    33.8376    25.8849    25.8859     5.2688     5.4093    160.498    164.777     1.7192     1.6667     0.0647     0.5928     3.2564     0.0098     0.0000 -121.87094   36.78228      99.39         16  0.000e+00
      43020   1792.458     30.189     30.415    10.9176    10.9169  37.811585  37.811918    10.9140    10.9132    33.8366    33.8376    25.8850    25.8859     5.2688     5.4035    160.497    164.602     1.7192     1.6654     0.0659     0.6234     3.2564     0.0110     0.0000 -121.87094   36.78228      99.39         16  0.000e+00
      43021   1792.500     30.189     30.415    10.9173    10.9173  37.811261  37.811918    10.9136    10.9136    33.8366    33.8373    25.8850    25.8855     5.2688     5.4035    160.498    164.601     1.7192     1.6654     0.0659     0.6234     3.2564     0.0110     0.0000 -121.87094   36.78228      99.39         16  0.000e+00
      43022   1792.542     30.242     30.469    10.9176    10.9173  37.810937  37.812113    10.9140    10.9136    33.8360    33.8375    25.8844    25.8857     5.2740     5.4035    160.657    164.602     1.7204     1.6654     0.0659     0.6234     3.2564     0.0110     0.0000 -121.87094   36.78228      99.39         16  0.000e+00
      43023   1792.583     30.189     30.415    10.9173    10.9169  37.811325  37.811724    10.9136    10.9132    33.8367    33.8374    25.8850    25.8857     5.2688     5.4036    160.498    164.603     1.7192     1.6654     0.0659     0.6234     3.2552     0.0110     0.0000 -121.87094   36.78228      99.39         16  0.000e+00
      43024   1792.625     30.189     30.415    10.9175    10.9171  37.811844  37.811788    10.9138    10.9134    33.8370    33.8373    25.8853    25.8856     5.2688     5.4035    160.497    164.602     1.7192     1.6654     0.0659     0.6234     3.2564     0.0110     0.0000 -121.87094   36.78228      99.39         16  0.000e+00
      43025   1792.667     30.235     30.462    10.9175    10.9169  37.811326  37.811659    10.9139    10.9132    33.8364    33.8373    25.8848    25.8856     5.2688     5.4036    160.498    164.604     1.7192     1.6654     0.0659     0.6234     3.2564     0.0110     0.0000 -121.87094   36.78228      99.39         16  0.000e+00
      43026   1792.708     30.142     30.368    10.9176    10.9171  37.810936  37.811335    10.9140    10.9134    33.8360    33.8369    25.8845    25.8853     5.2740     5.4035    160.655    164.602     1.7204     1.6654     0.0659     0.6234     3.2552     0.0171     0.0000 -121.87094   36.78228      99.39         16  0.000e+00
      43027   1792.750     30.189     30.415    10.9175    10.9169  37.811066  37.811724    10.9138    10.9132    33.8362    33.8374    25.8847    25.8857     5.2740     5.4036    160.657    164.603     1.7204     1.6654     0.0659     0.6234     3.2564     0.0171     0.0000 -121.87094   36.78228      99.39         16  0.000e+00
      43028   1792.792     30.235     30.462    10.9176    10.9168  37.811196  37.812113    10.9140    10.9131    33.8362    33.8379    25.8846    25.8861     5.2688     5.4036    160.498    164.604     1.7192     1.6654     0.0659     0.6234     3.2552     0.0159     0.0000 -121.87094   36.78228      99.39         16  0.000e+00
      43029   1792.833     30.136     30.362    10.9175    10.9162  37.810871  37.811724    10.9138    10.9126    33.8361    33.8380    25.8845    25.8863     5.2740     5.4036    160.656    164.603     1.7204     1.6654     0.0659     0.6234     3.2564     0.0147     0.0000 -121.87094   36.78228      99.39         16  0.000e+00
      43030   1792.875     30.242     30.469    10.9175    10.9162  37.811131  37.812048    10.9139    10.9126    33.8362    33.8383    25.8847    25.8865     5.2688     5.4036    160.498    164.605     1.7192     1.6654     0.0659     0.6234     3.2564     0.0134     0.0000 -121.87094   36.78228      99.39         16  0.000e+00
      43031   1792.917     30.136     30.362    10.9175    10.9162  37.810871  37.811724    10.9138    10.9126    33.8361    33.8380    25.8845    25.8863     5.2740     5.4036    160.656    164.603     1.7204     1.6654     0.0659     0.6234     3.2564     0.0134     0.0000 -121.87094   36.78228      99.39         16  0.000e+00
      43032   1792.958     30.189     30.415    10.9178    10.9164  37.810872  37.811788    10.9141    10.9127    33.8357    33.8380    25.8842    25.8862     5.2740     5.4036    160.656    164.604     1.7204     1.6654     0.0659     0.6234     3.2576     0.0134     0.0000 -121.87094   36.78228      99.39         16  0.000e+00
      43033   1793.000     30.189     30.415    10.9175    10.9162  37.810807  37.811659    10.9138    10.9126    33.8360    33.8380    25.8845    25.8862     5.2740     5.4036    160.657    164.604     1.7204     1.6654     0.0659     0.6234     3.2552     0.0134     0.0000 -121.87094   36.78228      99.39         16  0.000e+00
      43034   1793.042     30.142     30.369    10.9175    10.9164  37.810871  37.811594    10.9138    10.9127    33.8361    33.8378    25.8845    25.8861     5.2740     5.4036    160.656    164.603     1.7204     1.6654     0.0659     0.6234     3.2552     0.0134     0.0000 -121.87094   36.78228      99.39         16  0.000e+00
      43035   1793.083     30.189     30.415    10.9173    10.9164  37.811066  37.811788    10.9136    10.9127    33.8364    33.8380    25.8848    25.8862     5.2740     5.4036    160.657    164.604     1.7204     1.6654     0.0659     0.6234     3.2564     0.0134     0.0000 -121.87094   36.78228      99.39         16  0.000e+00
      43036   1793.125     30.136     30.362    10.9175    10.9162  37.811196  37.811918    10.9139    10.9126    33.8363    33.8382    25.8848    25.8865     5.2740     5.4036    160.655    164.603     1.7204     1.6654     0.0659     0.6234     3.2552     0.0122     0.0000 -121.87094   36.78228      99.39         16  0.000e+00
      43037   1793.167     30.189     30.415    10.9173    10.9166  37.811131  37.811918    10.9136    10.9129    33.8365    33.8379    25.8849    25.8862     5.2740     5.4036    160.657    164.603     1.7204     1.6654     0.0659     0.6234     3.2552     0.0122     0.0000 -121.87094   36.78228      99.39         16  0.000e+00
      43038   1793.208     30.189     30.415    10.9173    10.9168  37.810936  37.812112    10.9136    10.9131    33.8363    33.8379    25.8847    25.8861     5.2740     5.4036    160.657    164.603     1.7204     1.6654     0.0659     0.6234     3.2564     0.0122     0.0000 -121.87094   36.78228      99.39         16  0.000e+00
      43039   1793.250     30.136     30.362    10.9173    10.9171  37.810807  37.811723    10.9137    10.9134    33.8362    33.8373    25.8847    25.8856     5.2740     5.4035    160.656    164.601     1.7204     1.6654     0.0659     0.6234     3.2564     0.0122     0.0000 -121.87094   36.78228      99.39         16  0.000e+00
      43040   1793.292     30.136     30.362    10.9173    10.9171  37.810871  37.811788    10.9137    10.9134    33.8362    33.8374    25.8847    25.8856     5.2740     5.4035    160.656    164.601     1.7204     1.6654     0.0659     0.6234     3.2552     0.0122     0.0000 -121.87094   36.78228      99.39         16  0.000e+00
      43041   1793.333     30.136     30.362    10.9171    10.9169  37.810807  37.811659    10.9135    10.9132    33.8363    33.8374    25.8848    25.8857     5.2740     5.4035    160.657    164.602     1.7204     1.6654     0.0659     0.6234     3.2552     0.0122     0.0000 -121.87094   36.78228      99.39         16  0.000e+00
      43042   1793.375     30.142     30.369    10.9174    10.9173  37.810871  37.811788    10.9137    10.9136    33.8361    33.8372    25.8846    25.8855     5.2740     5.4035    160.656    164.601     1.7204     1.6654     0.0659     0.6234     3.2564     0.0110     0.0000 -121.87094   36.78228      99.39         16  0.000e+00
      43043   1793.417     30.136     30.362    10.9171    10.9171  37.811066  37.811918    10.9135    10.9134    33.8366    33.8375    25.8850    25.8857     5.2740     5.4035    160.656    164.601     1.7204     1.6654     0.0659     0.6234     3.2552     0.0110     0.0000 -121.87094   36.78228      99.39         16  0.000e+00
      43044   1793.458     30.189     30.415    10.9170    10.9173  37.810936  37.811659    10.9133    10.9136    33.8366    33.8370    25.8850    25.8853     5.2741     5.4035    160.658    164.602     1.7204     1.6654     0.0659     0.6234     3.2552     0.0122     0.0000 -121.87094   36.78228      99.39         16  0.000e+00
      43045   1793.500     30.136     30.362    10.9171    10.9173  37.810807  37.811594    10.9135    10.9136    33.8363    33.8370    25.8848    25.8853     5.2740     5.4035    160.657    164.601     1.7204     1.6654     0.0647     0.5928     3.2564     0.0122     0.0000 -121.87094   36.78228      99.39         16  0.000e+00
      43046   1793.542     30.142     30.369    10.9168    10.9173  37.810871  37.811983    10.9132    10.9136    33.8367    33.8374    25.8851    25.8856     5.2740     5.4035    160.657    164.600     1.7204     1.6654     0.0647     0.5928     3.2564     0.0122     0.0000 -121.87094   36.78228      99.39         16  0.000e+00
      43047   1793.583     30.136     30.362    10.9167    10.9174  37.810807  37.812177    10.9131    10.9138    33.8367    33.8374    25.8852    25.8856     5.2740     5.4035    160.658    164.599     1.7204     1.6654     0.0635     0.5623     3.2564     0.0110     0.0000 -121.87094   36.78228      99.39         16  0.000e+00
      43048   1793.625     30.136     30.362    10.9163    10.9173  37.810872  37.812436    10.9127    10.9136    33.8371    33.8378    25.8856    25.8860     5.2741     5.4035    160.659    164.600     1.7204     1.6654     0.0647     0.5928     3.2564     0.0122     0.0000 -121.87094   36.78228      99.39         16  0.000e+00
      43049   1793.667     30.142     30.369    10.9165    10.9174  37.810547  37.812307    10.9128    10.9137    33.8366    33.8376    25.8852    25.8857     5.2741     5.4035    160.659    164.600     1.7204     1.6654     0.0647     0.5928     3.2564     0.0122     0.0000 -121.87094   36.78228      99.39         16  0.000e+00
      43050   1793.708     30.136     30.362    10.9167    10.9174  37.810807  37.812695    10.9130    10.9137    33.8367    33.8380    25.8852    25.8860     5.2741     5.4034    160.658    164.599     1.7204     1.6654     0.0647     0.5928     3.2564     0.0122     0.0000 -121.87094   36.78228      99.39         16  0.000e+00
      43051   1793.750     30.089     30.315    10.9165    10.9174  37.810547  37.812630    10.9128    10.9138    33.8367    33.8379    25.8852    25.8860     5.2740     5.4034    160.658    164.598     1.7204     1.6654     0.0647     0.5928     3.2564     0.0122     0.0000 -121.87094   36.78228      99.39         16  0.000e+00
      43052   1793.792     30.136     30.362    10.9167    10.9174  37.810547  37.812566    10.9130    10.9137    33.8365    33.8378    25.8850    25.8859     5.2741     5.3978    160.658    164.426     1.7204     1.6642     0.0647     0.5928     3.2564     0.0110     0.0000 -121.87094   36.78228      99.39         16  0.000e+00
