West Coast/WCOA-7/CTD_Data/RB2102_CTD_124_01.ros
* Sea-Bird SBE 9 Data File:
* FileName = C:\Users\scs.user.rb\CTD\RB2102\Data\RB2102_CTD_124_01.hex
* Software Version Seasave V 7.26.7.107
* Temperature SN = 6202
* Conductivity SN = 4907
* Number of Bytes Per Scan = 41
* Number of Voltage Words = 4
* Number of Scans Averaged by the Deck Unit = 1
* NMEA Latitude = 33 29.08 N
* NMEA Longitude = 117 46.04 W
* NMEA UTC (Time) = Jul 20 2021  07:55:02
* NMEA baud rate = 4800
# nquan = 30
# nvalues = 882                                   
# units = specified
# name 0 = scan: Scan Count
# name 1 = timeS: Time, Elapsed [seconds]
# name 2 = depSM: Depth [salt water, m]
# name 3 = prDM: Pressure, Digiquartz [db]
# name 4 = t090C: Temperature [ITS-90, deg C]
# name 5 = t190C: Temperature, 2 [ITS-90, deg C]
# name 6 = c0mS/cm: Conductivity [mS/cm]
# name 7 = c1mS/cm: Conductivity, 2 [mS/cm]
# name 8 = potemp090C: Potential Temperature [ITS-90, deg C]
# name 9 = potemp190C: Potential Temperature, 2 [ITS-90, deg C]
# name 10 = sal00: Salinity, Practical [PSU]
# name 11 = sal11: Salinity, Practical, 2 [PSU]
# name 12 = sigma-é00: Density [sigma-theta, kg/m^3]
# name 13 = sigma-é11: Density, 2 [sigma-theta, kg/m^3]
# name 14 = sbeox0Mg/L: Oxygen, SBE 43 [mg/l]
# name 15 = sbeox1Mg/L: Oxygen, SBE 43, 2 [mg/l]
# name 16 = sbox0Mm/Kg: Oxygen, SBE 43 [umol/kg]
# name 17 = sbox1Mm/Kg: Oxygen, SBE 43, 2 [umol/kg]
# name 18 = sbeox0V: Oxygen raw, SBE 43 [V]
# name 19 = sbeox1V: Oxygen raw, SBE 43, 2 [V]
# name 20 = v4: Voltage 4
# name 21 = flECO-AFL: Fluorescence, WET Labs ECO-AFL/FL [mg/m^3]
# name 22 = v3: Voltage 3
# name 23 = v6: Voltage 6
# name 24 = v7: Voltage 7
# name 25 = longitude: Longitude [deg]
# name 26 = latitude: Latitude [deg]
# name 27 = altM: Altimeter [m]
# name 28 = nbf: Bottles Fired
# name 29 = flag:  0.000e+00
# interval = seconds: 0.0416667
# start_time = Jul 20 2021 07:55:02 [NMEA time, header]
# bad_flag = -9.990e-29
*END*
[from data line 291]
      19843    826.750     33.291     33.531    12.6302    12.5775  39.058701  39.026380    12.6257    12.5731    33.5005    33.5165    25.3048    25.3275     6.7765     6.3830    206.543    194.544     2.1282     1.9255     0.0842     1.0812     3.1392     0.0000     0.1233 -117.76772   33.48418      31.62          6  0.000e+00
      19844    826.792     33.291     33.531    12.6270    12.5861  39.057913  39.032941    12.6225    12.5816    33.5026    33.5152    25.3071    25.3247     6.7719     6.3763    206.400    194.341     2.1270     1.9243     0.0842     1.0812     3.1392     0.0000     0.1221 -117.76772   33.48418      31.62          6  0.000e+00
      19845    826.833     33.337     33.578    12.6242    12.5946  39.054039  39.039699    12.6198    12.5901    33.5014    33.5140    25.3066    25.3222     6.7724     6.3752    206.416    194.307     2.1270     1.9243     0.0842     1.0812     3.1392     0.0000     0.1221 -117.76772   33.48418      31.62          6  0.000e+00
      19854    827.208     33.291     33.532    12.5916    12.6263  39.021079  39.061945    12.5872    12.6219    33.4989    33.5071    25.3111    25.3106     6.7519     6.3600    205.793    193.845     2.1209     1.9219     0.0842     1.0812     3.1404     0.0000     0.1221 -117.76772   33.48418      31.65          7  0.000e+00
      19855    827.250     33.337     33.578    12.5907    12.6271  39.018715  39.064046    12.5863    12.6226    33.4974    33.5084    25.3101    25.3115     6.7522     6.3598    205.800    193.841     2.1209     1.9219     0.0842     1.0812     3.1404     0.0000     0.1233 -117.76772   33.48418      31.67          7  0.000e+00
      19856    827.292     33.238     33.478    12.5860    12.6288  39.015761  39.065292    12.5816    12.6244    33.4988    33.5081    25.3120    25.3109     6.7477     6.3595    205.662    193.832     2.1197     1.9219     0.0842     1.0812     3.1392     0.0000     0.1233 -117.76772   33.48418      31.67          7  0.000e+00
      19857    827.333     33.337     33.578    12.5817    12.6320  39.013530  39.064767    12.5773    12.6275    33.5005    33.5047    25.3142    25.3077     6.7483     6.3593    205.681    193.825     2.1197     1.9219     0.0842     1.0812     3.1404     0.0000     0.1233 -117.76772   33.48418      31.67          7  0.000e+00
      19858    827.375     33.291     33.532    12.5797    12.6345  39.013268  39.061747    12.5752    12.6300    33.5020    33.4996    25.3158    25.3033     6.7485     6.3536    205.686    193.653     2.1197     1.9206     0.0818     1.0202     3.1392     0.0000     0.1233 -117.76772   33.48418      31.67          7  0.000e+00
      19859    827.417     33.337     33.578    12.5789    12.6323  39.013596  39.051836    12.5745    12.6279    33.5030    33.4920    25.3167    25.2978     6.7436     6.3543    205.536    193.674     2.1184     1.9206     0.0781     0.9286     3.1404     0.0000     0.1233 -117.76772   33.48418      31.67          7  0.000e+00
      19860    827.458     33.291     33.532    12.5779    12.6215  39.012611  39.041074    12.5734    12.6170    33.5030    33.4914    25.3169    25.2995     6.7437     6.3558    205.539    193.720     2.1184     1.9206     0.0769     0.8981     3.1392     0.0000     0.1233 -117.76772   33.48418      31.65          7  0.000e+00
      19861    827.500     33.291     33.532    12.5800    12.6113  39.013858  39.035300    12.5756    12.6068    33.5023    33.4950    25.3159    25.3042     6.7434     6.3571    205.531    193.759     2.1184     1.9206     0.0769     0.8981     3.1392     0.0000     0.1233 -117.76772   33.48418      31.62          7  0.000e+00
      19862    827.542     33.298     33.538    12.5815    12.6016  39.016156  39.031626    12.5770    12.5972    33.5032    33.5001    25.3163    25.3100     6.7381     6.3583    205.369    193.794     2.1172     1.9206     0.0769     0.8981     3.1392     0.0000     0.1233 -117.76772   33.48418      31.62          7  0.000e+00
      19863    827.583     33.338     33.578    12.5829    12.5953  39.018848  39.030052    12.5784    12.5909    33.5045    33.5041    25.3171    25.3144     6.7379     6.3590    205.362    193.817     2.1172     1.9206     0.0769     0.8981     3.1392     0.0000     0.1221 -117.76772   33.48418      31.62          7  0.000e+00
      19864    827.625     33.291     33.532    12.5863    12.5932  39.023049  39.030774    12.5819    12.5888    33.5054    33.5067    25.3171    25.3168     6.7373     6.3592    205.345    193.821     2.1172     1.9206     0.0769     0.8981     3.1404     0.0000     0.1221 -117.76772   33.48418      31.62          7  0.000e+00
      19865    827.667     33.291     33.532    12.5929    12.5929  39.028169  39.031365    12.5885    12.5885    33.5045    33.5076    25.3152    25.3175     6.7313     6.3537    205.164    193.654     2.1160     1.9194     0.0769     0.8981     3.1404     0.0000     0.1209 -117.76772   33.48418      31.62          7  0.000e+00
      19866    827.708     33.291     33.532    12.5982    12.5929  39.032634  39.032743    12.5937    12.5885    33.5041    33.5089    25.3138    25.3186     6.7306     6.3537    205.141    193.652     2.1160     1.9194     0.0769     0.8981     3.1392     0.0000     0.1209 -117.76772   33.48418      31.65          7  0.000e+00
      19867    827.750     33.291     33.532    12.6015    12.5933  39.035916  39.036221    12.5971    12.5889    33.5043    33.5119    25.3133    25.3208     6.7301     6.3535    205.126    193.647     2.1160     1.9194     0.0769     0.8981     3.1392     0.0000     0.1221 -117.76772   33.48418      31.67          7  0.000e+00
      19868    827.792     33.291     33.532    12.6025    12.5954  39.036441  39.041405    12.5981    12.5910    33.5039    33.5150    25.3128    25.3228     6.7249     6.3531    204.969    193.633     2.1148     1.9194     0.0769     0.8981     3.1404     0.0000     0.1221 -117.76772   33.48418      31.67          7  0.000e+00
      19869    827.833     33.338     33.578    12.5955    12.6001  39.032437  39.045671    12.5911    12.5956    33.5062    33.5149    25.3160    25.3218     6.7259     6.3470    204.997    193.448     2.1148     1.9182     0.0769     0.8981     3.1404     0.0000     0.1221 -117.76772   33.48418      31.67          7  0.000e+00
      19870    827.875     33.238     33.478    12.5848    12.6067  39.024887  39.049345    12.5804    12.6023    33.5086    33.5125    25.3199    25.3186     6.7272     6.3460    205.038    193.420     2.1148     1.9182     0.0769     0.8981     3.1392     0.0000     0.1221 -117.76772   33.48418      31.67          7  0.000e+00
      19871    827.917     33.344     33.585    12.5745    12.6128  39.013662  39.052495    12.5701    12.6083    33.5070    33.5101    25.3206    25.3156     6.7238     6.3454    204.934    193.400     2.1136     1.9182     0.0769     0.8981     3.1368     0.0000     0.1221 -117.76772   33.48418      31.67          7  0.000e+00
      19872    827.958     33.291     33.532    12.5672    12.6177  39.006442  39.055317    12.5628    12.6132    33.5066    33.5084    25.3217    25.3134     6.7249     6.3447    204.965    193.380     2.1136     1.9182     0.0769     0.8981     3.1319     0.0000     0.1221 -117.76772   33.48418      31.67          7  0.000e+00
      19873    828.000     33.291     33.532    12.5632    12.6223  39.002832  39.057548    12.5588    12.6179    33.5067    33.5064    25.3226    25.3109     6.7254     6.3441    204.982    193.362     2.1136     1.9182     0.0769     0.8981     3.1355     0.0000     0.1221 -117.76772   33.48418      31.65          7  0.000e+00
      19874    828.042     33.338     33.578    12.5632    12.6266  39.003357  39.058072    12.5588    12.6222    33.5072    33.5031    25.3230    25.3075     6.7255     6.3437    204.983    193.350     2.1136     1.9182     0.0769     0.8981     3.1355     0.0000     0.1221 -117.76772   33.48418      31.67          7  0.000e+00
      19875    828.083     33.238     33.478    12.5656    12.6271  39.007164  39.055578    12.5612    12.6227    33.5088    33.5003    25.3238    25.3052     6.7250     6.3436    204.968    193.349     2.1136     1.9182     0.0769     0.8981     3.1294     0.0000     0.1233 -117.76772   33.48418      31.67          7  0.000e+00
      19876    828.125     33.291     33.532    12.5725    12.6244  39.012284  39.051377    12.5681    12.6200    33.5074    33.4986    25.3214    25.3045     6.7190     6.3441    204.787    193.364     2.1123     1.9182     0.0769     0.8981     3.1306     0.0000     0.1221 -117.76772   33.48418      31.67          7  0.000e+00
      19877    828.167     33.338     33.578    12.5833    12.6210  39.018848  39.047112    12.5789    12.6165    33.5041    33.4976    25.3167    25.3044     6.7176     6.3392    204.746    193.214     2.1123     1.9170     0.0769     0.8981     3.1306     0.0000     0.1221 -117.76772   33.48418      31.67          7  0.000e+00
      19878    828.208     33.291     33.532    12.5997    12.6171  39.028694  39.043831    12.5952    12.6127    33.4990    33.4980    25.3096    25.3054     6.7155     6.3397    204.681    193.229     2.1123     1.9170     0.0769     0.8981     3.1306     0.0000     0.1233 -117.76772   33.48418      31.65          7  0.000e+00
      19879    828.250     33.291     33.532    12.6138    12.6136  39.034010  39.041797    12.6094    12.6092    33.4915    33.4991    25.3010    25.3069     6.7087     6.3402    204.476    193.243     2.1111     1.9170     0.0769     0.8981     3.1319     0.0000     0.1233 -117.76772   33.48418      31.65          7  0.000e+00
      19880    828.292     33.291     33.532    12.6141    12.6123  39.032960  39.038581    12.6097    12.6079    33.4902    33.4972    25.3000    25.3057     6.7087     6.3404    204.477    193.251     2.1111     1.9170     0.0769     0.8981     3.1294     0.0000     0.1233 -117.76772   33.48418      31.65          7  0.000e+00
      19881    828.333     33.298     33.538    12.6105    12.6101  39.031450  39.035825    12.6061    12.6057    33.4920    33.4965    25.3020    25.3056     6.7092     6.3408    204.490    193.261     2.1111     1.9170     0.0769     0.8981     3.1306     0.0000     0.1233 -117.76772   33.48418      31.65          7  0.000e+00
      19882    828.375     33.291     33.532    12.6076    12.6071  39.029218  39.034447    12.6032    12.6027    33.4924    33.4979    25.3029    25.3072     6.7146     6.3357    204.655    193.105     2.1123     1.9158     0.0769     0.8981     3.1319     0.0000     0.1233 -117.76772   33.48418      31.65          7  0.000e+00
      19883    828.417     33.291     33.532    12.5947    12.6039  39.021669  39.034119    12.5903    12.5995    33.4967    33.5004    25.3087    25.3098     6.7163     6.3360    204.706    193.116     2.1123     1.9158     0.0769     0.8981     3.1319     0.0000     0.1233 -117.76772   33.48418      31.65          7  0.000e+00
      19884    828.458     33.238     33.478    12.5899    12.6016  39.017665  39.033923    12.5854    12.5972    33.4972    33.5023    25.3101    25.3118     6.7119     6.3362    204.571    193.122     2.1111     1.9158     0.0781     0.9286     3.1331     0.0000     0.1233 -117.76772   33.48418      31.62          7  0.000e+00
      19885    828.500     33.338     33.578    12.5820    12.6010  39.011692  39.034645    12.5776    12.5966    33.4984    33.5034    25.3125    25.3127     6.7181     6.3309    204.760    192.958     2.1123     1.9145     0.0794     0.9591     3.1331     0.0000     0.1233 -117.76772   33.48418      31.60          7  0.000e+00
      19886    828.542     33.291     33.532    12.5739    12.6018  39.004800  39.037926    12.5695    12.5973    33.4991    33.5060    25.3146    25.3146     6.7192     6.3306    204.793    192.950     2.1123     1.9145     0.0806     0.9897     3.1331     0.0000     0.1233 -117.76772   33.48418      31.60          7  0.000e+00
      19887    828.583     33.238     33.478    12.5675    12.6044  38.999549  39.041797    12.5631    12.6000    33.4997    33.5073    25.3164    25.3151     6.7200     6.3301    204.818    192.936     2.1123     1.9145     0.0806     0.9897     3.1331     0.0000     0.1221 -117.76772   33.48418      31.60          7  0.000e+00
      19888    828.625     33.291     33.532    12.5652    12.6086  39.001913  39.045276    12.5608    12.6042    33.5040    33.5069    25.3202    25.3140     6.7202     6.3351    204.824    193.087     2.1123     1.9158     0.0806     0.9897     3.1331     0.0000     0.1221 -117.76772   33.48418      31.60          7  0.000e+00
      19889    828.667     33.291     33.532    12.5712    12.6125  39.010577  39.047375    12.5668    12.6080    33.5070    33.5055    25.3213    25.3121     6.7192     6.3291    204.793    192.905     2.1123     1.9145     0.0806     0.9897     3.1331     0.0000     0.1221 -117.76772   33.48418      31.60          7  0.000e+00
      19890    828.708     33.291     33.532    12.5790    12.6151  39.018323  39.047834    12.5746    12.6107    33.5075    33.5035    25.3201    25.3101     6.7181     6.3288    204.759    192.896     2.1123     1.9145     0.0806     0.9897     3.1343     0.0000     0.1233 -117.76772   33.48418      31.60          7  0.000e+00
      19891    828.750     33.298     33.538    12.5809    12.6170  39.017600  39.047440    12.5764    12.6125    33.5051    33.5015    25.3180    25.3082     6.7179     6.3286    204.754    192.891     2.1123     1.9145     0.0806     0.9897     3.1343     0.0000     0.1221 -117.76772   33.48418      31.60          7  0.000e+00
      19892    828.792     33.291     33.532    12.5823    12.6170  39.013924  39.046193    12.5779    12.6125    33.5003    33.5003    25.3139    25.3072     6.7230     6.3287    204.908    192.893     2.1136     1.9145     0.0806     0.9897     3.1343     0.0000     0.1221 -117.76772   33.48418      31.60          7  0.000e+00
      19893    828.833     33.238     33.478    12.5812    12.6158  39.010707  39.044749    12.5768    12.6113    33.4982    33.5000    25.3126    25.3073     6.7232     6.3288    204.915    192.897     2.1136     1.9145     0.0806     0.9897     3.1343     0.0000     0.1221 -117.76772   33.48418      31.60          7  0.000e+00
      19894    828.875     33.291     33.532    12.5788    12.6134  39.007819  39.042847    12.5744    12.6090    33.4976    33.5003    25.3125    25.3079     6.7236     6.3292    204.927    192.908     2.1136     1.9145     0.0806     0.9897     3.1343     0.0000     0.1221 -117.76772   33.48418      31.58          7  0.000e+00
      19895    828.917     33.291     33.532    12.5727    12.6113  39.003553  39.041862    12.5683    12.6068    33.4989    33.5013    25.3147    25.3091     6.7244     6.3295    204.952    192.916     2.1136     1.9145     0.0806     0.9897     3.1343     0.0000     0.1221 -117.76772   33.48418      31.60          7  0.000e+00
      19896    828.958     33.238     33.478    12.5652    12.6098  39.002438  39.040681    12.5608    12.6054    33.5046    33.5015    25.3206    25.3095     6.7302     6.3296    205.129    192.921     2.1148     1.9145     0.0806     0.9897     3.1343     0.0000     0.1221 -117.76772   33.48418      31.60          7  0.000e+00
      19897    829.000     33.338     33.578    12.5624    12.6083  39.002176  39.040550    12.5580    12.6038    33.5068    33.5027    25.3228    25.3107     6.7306     6.3244    205.141    192.761     2.1148     1.9133     0.0806     0.9897     3.1343     0.0000     0.1221 -117.76772   33.48418      31.60          7  0.000e+00
