West Coast/WCOA-7/CTD_Data/RB2102_CTD_019_01.ros
* Sea-Bird SBE 9 Data File:
* FileName = C:\Users\scs.user.rb\CTD\RB2102\Data\RB2102_CTD_019_01.hex
* Software Version Seasave V 7.26.7.107
* Temperature SN = 6202
* Conductivity SN = 4907
* Number of Bytes Per Scan = 41
* Number of Voltage Words = 4
* Number of Scans Averaged by the Deck Unit = 1
* NMEA Latitude = 48 22.21 N
* NMEA Longitude = 124 47.43 W
* NMEA UTC (Time) = Jun 28 2021  20:26:23
* NMEA baud rate = 4800
# nquan = 30
# nvalues = 588                                   
# units = specified
# name 0 = scan: Scan Count
# name 1 = timeS: Time, Elapsed [seconds]
# name 2 = depSM: Depth [salt water, m]
# name 3 = prDM: Pressure, Digiquartz [db]
# name 4 = t090C: Temperature [ITS-90, deg C]
# name 5 = t190C: Temperature, 2 [ITS-90, deg C]
# name 6 = c0mS/cm: Conductivity [mS/cm]
# name 7 = c1mS/cm: Conductivity, 2 [mS/cm]
# name 8 = potemp090C: Potential Temperature [ITS-90, deg C]
# name 9 = potemp190C: Potential Temperature, 2 [ITS-90, deg C]
# name 10 = sal00: Salinity, Practical [PSU]
# name 11 = sal11: Salinity, Practical, 2 [PSU]
# name 12 = sigma-é00: Density [sigma-theta, kg/m^3]
# name 13 = sigma-é11: Density, 2 [sigma-theta, kg/m^3]
# name 14 = sbeox0Mg/L: Oxygen, SBE 43 [mg/l]
# name 15 = sbeox1Mg/L: Oxygen, SBE 43, 2 [mg/l]
# name 16 = sbox0Mm/Kg: Oxygen, SBE 43 [umol/kg]
# name 17 = sbox1Mm/Kg: Oxygen, SBE 43, 2 [umol/kg]
# name 18 = sbeox0V: Oxygen raw, SBE 43 [V]
# name 19 = sbeox1V: Oxygen raw, SBE 43, 2 [V]
# name 20 = v4: Voltage 4
# name 21 = flECO-AFL: Fluorescence, WET Labs ECO-AFL/FL [mg/m^3]
# name 22 = v3: Voltage 3
# name 23 = v6: Voltage 6
# name 24 = v7: Voltage 7
# name 25 = longitude: Longitude [deg]
# name 26 = latitude: Latitude [deg]
# name 27 = altM: Altimeter [m]
# name 28 = nbf: Bottles Fired
# name 29 = flag:  0.000e+00
# interval = seconds: 0.0416667
# start_time = Jun 28 2021 20:26:23 [NMEA time, header]
# bad_flag = -9.990e-29
*END*
      13691    570.417     67.534     68.119     6.9557     6.9554  34.254643  34.254370     6.9496     6.9492    33.8766    33.8767    26.5407    26.5408     2.7518     2.7352     83.772     83.266     1.0708     1.0354     0.0415     0.0129     3.4188     1.6532     0.0488 -124.79094   48.37036       9.30          1  0.000e+00
      13692    570.458     67.554     68.139     6.9556     6.9556  34.254705  34.254619     6.9494     6.9494    33.8769    33.8768    26.5409    26.5409     2.7518     2.7289     83.773     83.074     1.0708     1.0342     0.0415     0.0129     3.4188     1.6532     0.0488 -124.79094   48.37036       9.30          1  0.000e+00
      13693    570.500     67.501     68.085     6.9554     6.9557  34.254768  34.254744     6.9492     6.9495    33.8771    33.8768    26.5412    26.5409     2.7518     2.7352     83.773     83.265     1.0708     1.0354     0.0415     0.0129     3.4188     1.6545     0.0488 -124.79094   48.37036       9.30          1  0.000e+00
      13694    570.542     67.534     68.119     6.9553     6.9559  34.254581  34.254744     6.9491     6.9497    33.8771    33.8766    26.5411    26.5407     2.7519     2.7352     83.773     83.265     1.0708     1.0354     0.0415     0.0129     3.4176     1.6532     0.0488 -124.79094   48.37036       9.30          1  0.000e+00
      13695    570.583     67.501     68.085     6.9551     6.9559  34.254705  34.254744     6.9489     6.9497    33.8773    33.8766    26.5414    26.5407     2.7518     2.7289     83.773     83.073     1.0708     1.0342     0.0415     0.0129     3.4188     1.6532     0.0488 -124.79094   48.37036       9.30          1  0.000e+00
      13696    570.625     67.501     68.085     6.9553     6.9559  34.254144  34.254495     6.9491     6.9497    33.8766    33.8763    26.5408    26.5405     2.7519     2.7289     83.773     83.073     1.0708     1.0342     0.0415     0.0129     3.4176     1.6532     0.0488 -124.79094   48.37036       9.30          1  0.000e+00
      13697    570.667     67.534     68.119     6.9551     6.9559  34.253957  34.254869     6.9489     6.9497    33.8765    33.8767    26.5407    26.5408     2.7519     2.7289     83.774     83.074     1.0708     1.0342     0.0415     0.0129     3.4176     1.6545     0.0488 -124.79094   48.37036       9.30          1  0.000e+00
      13698    570.708     67.554     68.139     6.9546     6.9559  34.253583  34.254370     6.9485     6.9497    33.8766    33.8762    26.5408    26.5403     2.7519     2.7352     83.775     83.265     1.0708     1.0354     0.0415     0.0129     3.4176     1.6532     0.0488 -124.79094   48.37036       9.30          1  0.000e+00
      13699    570.750     67.501     68.085     6.9546     6.9561  34.253583  34.254557     6.9485     6.9499    33.8766    33.8763    26.5408    26.5404     2.7519     2.7289     83.774     83.073     1.0708     1.0342     0.0415     0.0129     3.4188     1.6545     0.0488 -124.79094   48.37036       9.30          1  0.000e+00
      13700    570.792     67.487     68.072     6.9548     6.9561  34.253271  34.254308     6.9486     6.9499    33.8761    33.8760    26.5404    26.5402     2.7519     2.7289     83.774     83.073     1.0708     1.0342     0.0415     0.0129     3.4188     1.6545     0.0488 -124.79094   48.37036       9.33          1  0.000e+00
      13701    570.833     67.554     68.139     6.9546     6.9561  34.253770  34.254806     6.9485     6.9499    33.8768    33.8765    26.5410    26.5406     2.7519     2.7352     83.775     83.265     1.0708     1.0354     0.0415     0.0129     3.4188     1.6545     0.0488 -124.79094   48.37036       9.33          1  0.000e+00
      13702    570.875     67.501     68.085     6.9548     6.9561  34.254144  34.254806     6.9486     6.9499    33.8771    33.8765    26.5412    26.5406     2.7519     2.7351     83.774     83.264     1.0708     1.0354     0.0415     0.0129     3.4176     1.6532     0.0488 -124.79094   48.37036       9.30          1  0.000e+00
      13703    570.917     67.487     68.072     6.9551     6.9559  34.254144  34.254744     6.9489     6.9497    33.8767    33.8766    26.5409    26.5407     2.7519     2.7351     83.773     83.264     1.0708     1.0354     0.0415     0.0129     3.4176     1.6545     0.0488 -124.79094   48.37036       9.33          1  0.000e+00
      13704    570.958     67.501     68.085     6.9549     6.9559  34.253520  34.254495     6.9487     6.9497    33.8762    33.8763    26.5405    26.5405     2.7519     2.7351     83.774     83.265     1.0708     1.0354     0.0415     0.0129     3.4176     1.6545     0.0488 -124.79094   48.37036       9.33          1  0.000e+00
      13705    571.000     67.501     68.085     6.9549     6.9559  34.253895  34.254619     6.9487     6.9497    33.8766    33.8765    26.5409    26.5406     2.7519     2.7289     83.774     83.073     1.0708     1.0342     0.0415     0.0129     3.4188     1.6545     0.0488 -124.79094   48.37036       9.30          1  0.000e+00
      13706    571.042     67.487     68.072     6.9550     6.9557  34.253957  34.254744     6.9488     6.9495    33.8767    33.8768    26.5409    26.5409     2.7461     2.7289     83.598     83.073     1.0696     1.0342     0.0415     0.0129     3.4188     1.6545     0.0488 -124.79094   48.37036       9.30          1  0.000e+00
      13707    571.083     67.501     68.085     6.9551     6.9559  34.254331  34.254744     6.9489     6.9497    33.8769    33.8766    26.5411    26.5407     2.7519     2.7351     83.773     83.264     1.0708     1.0354     0.0415     0.0129     3.4188     1.6545     0.0488 -124.79094   48.37036       9.30          1  0.000e+00
      13708    571.125     67.454     68.039     6.9553     6.9557  34.254892  34.254931     6.9491     6.9495    33.8774    33.8770    26.5414    26.5410     2.7518     2.7351     83.772     83.264     1.0708     1.0354     0.0415     0.0129     3.4188     1.6545     0.0488 -124.79094   48.37036       9.30          1  0.000e+00
      13709    571.167     67.501     68.085     6.9556     6.9559  34.254643  34.254806     6.9494     6.9497    33.8768    33.8767    26.5409    26.5407     2.7518     2.7351     83.772     83.264     1.0708     1.0354     0.0415     0.0129     3.4176     1.6545     0.0488 -124.79094   48.37036       9.30          1  0.000e+00
      13710    571.208     67.434     68.019     6.9557     6.9559  34.255079  34.254744     6.9496     6.9497    33.8772    33.8766    26.5412    26.5407     2.7518     2.7351     83.771     83.264     1.0708     1.0354     0.0415     0.0129     3.4188     1.6545     0.0488 -124.79094   48.37036       9.30          1  0.000e+00
      13711    571.250     67.501     68.085     6.9557     6.9559  34.255142  34.254744     6.9496     6.9497    33.8772    33.8766    26.5412    26.5407     2.7518     2.7351     83.772     83.264     1.0708     1.0354     0.0415     0.0129     3.4176     1.6545     0.0488 -124.79094   48.37036       9.30          1  0.000e+00
      13712    571.292     67.454     68.039     6.9559     6.9561  34.255142  34.254494     6.9498     6.9499    33.8770    33.8762    26.5410    26.5404     2.7518     2.7351     83.771     83.264     1.0708     1.0354     0.0415     0.0129     3.4176     1.6545     0.0488 -124.79094   48.37036       9.33          1  0.000e+00
      13713    571.333     67.487     68.072     6.9562     6.9557  34.255703  34.254619     6.9500     6.9495    33.8774    33.8767    26.5412    26.5408     2.7518     2.7351     83.771     83.265     1.0708     1.0354     0.0415     0.0129     3.4176     1.6545     0.0488 -124.79094   48.37036       9.33          1  0.000e+00
      13714    571.375     67.454     68.039     6.9561     6.9559  34.255765  34.254744     6.9499     6.9497    33.8776    33.8766    26.5414    26.5407     2.7518     2.7351     83.770     83.264     1.0708     1.0354     0.0415     0.0129     3.4176     1.6545     0.0488 -124.79094   48.37036       9.33          1  0.000e+00
      13715    571.417     67.401     67.985     6.9562     6.9561  34.255765  34.254744     6.9500     6.9499    33.8775    33.8765    26.5413    26.5406     2.7517     2.7351     83.770     83.263     1.0708     1.0354     0.0415     0.0129     3.4188     1.6545     0.0488 -124.79094   48.37036       9.33          1  0.000e+00
      13716    571.458     67.434     68.018     6.9564     6.9561  34.256139  34.254494     6.9502     6.9499    33.8777    33.8762    26.5415    26.5404     2.7517     2.7351     83.769     83.264     1.0708     1.0354     0.0415     0.0129     3.4176     1.6545     0.0488 -124.79094   48.37036       9.33          1  0.000e+00
      13717    571.500     67.454     68.039     6.9564     6.9561  34.255640  34.254619     6.9502     6.9499    33.8771    33.8763    26.5410    26.5405     2.7517     2.7351     83.770     83.264     1.0708     1.0354     0.0415     0.0129     3.4188     1.6545     0.0488 -124.79094   48.37036       9.33          1  0.000e+00
      13718    571.542     67.454     68.038     6.9567     6.9560  34.255578  34.254494     6.9505     6.9498    33.8768    33.8763    26.5407    26.5404     2.7517     2.7351     83.770     83.264     1.0708     1.0354     0.0415     0.0129     3.4176     1.6545     0.0488 -124.79094   48.37036       9.33          1  0.000e+00
      13719    571.583     67.434     68.018     6.9565     6.9561  34.255453  34.254432     6.9504     6.9499    33.8768    33.8761    26.5407    26.5403     2.7517     2.7351     83.770     83.264     1.0708     1.0354     0.0415     0.0129     3.4188     1.6545     0.0488 -124.79094   48.37036       9.33          1  0.000e+00
      13720    571.625     67.401     67.985     6.9565     6.9561  34.255640  34.254619     6.9504     6.9499    33.8770    33.8764    26.5409    26.5405     2.7517     2.7351     83.769     83.263     1.0708     1.0354     0.0415     0.0129     3.4176     1.6545     0.0488 -124.79094   48.37036       9.33          1  0.000e+00
      13721    571.667     67.401     67.985     6.9565     6.9559  34.255890  34.254494     6.9504     6.9497    33.8773    33.8764    26.5411    26.5405     2.7517     2.7351     83.769     83.264     1.0708     1.0354     0.0415     0.0129     3.4176     1.6545     0.0488 -124.79094   48.37036       9.33          1  0.000e+00
      13722    571.708     67.388     67.972     6.9565     6.9562  34.255765  34.254619     6.9504     6.9500    33.8772    33.8762    26.5410    26.5404     2.7517     2.7351     83.769     83.263     1.0708     1.0354     0.0415     0.0129     3.4188     1.6545     0.0488 -124.79094   48.37036       9.33          1  0.000e+00
      13723    571.750     67.401     67.985     6.9567     6.9561  34.255890  34.254744     6.9505     6.9499    33.8771    33.8765    26.5410    26.5406     2.7517     2.7351     83.769     83.263     1.0708     1.0354     0.0415     0.0129     3.4176     1.6545     0.0488 -124.79094   48.37036       9.35          1  0.000e+00
      13724    571.792     67.401     67.985     6.9567     6.9561  34.255765  34.254744     6.9505     6.9499    33.8770    33.8765    26.5409    26.5406     2.7517     2.7351     83.769     83.263     1.0708     1.0354     0.0415     0.0129     3.4188     1.6545     0.0488 -124.79094   48.37036       9.38          1  0.000e+00
      13725    571.833     67.335     67.918     6.9567     6.9562  34.255515  34.254743     6.9505     6.9500    33.8768    33.8764    26.5407    26.5405     2.7517     2.7351     83.768     83.262     1.0708     1.0354     0.0415     0.0129     3.4176     1.6545     0.0488 -124.79094   48.37036       9.35          1  0.000e+00
      13726    571.875     67.401     67.985     6.9567     6.9562  34.255827  34.255180     6.9505     6.9500    33.8771    33.8768    26.5409    26.5408     2.7517     2.7351     83.769     83.263     1.0708     1.0354     0.0415     0.0129     3.4188     1.6545     0.0488 -124.79094   48.37036       9.38          1  0.000e+00
      13727    571.917     67.355     67.938     6.9569     6.9564  34.256014  34.255117     6.9507     6.9502    33.8771    33.8766    26.5410    26.5406     2.7517     2.7351     83.768     83.262     1.0708     1.0354     0.0415     0.0129     3.4188     1.6545     0.0488 -124.79094   48.37036       9.38          1  0.000e+00
      13728    571.958     67.388     67.972     6.9567     6.9565  34.255703  34.255491     6.9505     6.9504    33.8769    33.8769    26.5408    26.5408     2.7517     2.7351     83.769     83.262     1.0708     1.0354     0.0415     0.0129     3.4176     1.6545     0.0488 -124.79094   48.37036       9.35          1  0.000e+00
      13729    572.000     67.355     67.938     6.9569     6.9564  34.255702  34.254930     6.9507     6.9502    33.8768    33.8764    26.5407    26.5405     2.7517     2.7351     83.768     83.262     1.0708     1.0354     0.0415     0.0129     3.4188     1.6545     0.0488 -124.79094   48.37036       9.38          1  0.000e+00
      13730    572.042     67.308     67.891     6.9567     6.9567  34.255765  34.255179     6.9505     6.9505    33.8771    33.8764    26.5409    26.5404     2.7517     2.7350     83.768     83.261     1.0708     1.0354     0.0415     0.0129     3.4176     1.6545     0.0488 -124.79094   48.37036       9.40          1  0.000e+00
      13731    572.083     67.335     67.918     6.9565     6.9565  34.255640  34.255117     6.9504     6.9504    33.8770    33.8765    26.5409    26.5405     2.7517     2.7350     83.768     83.261     1.0708     1.0354     0.0415     0.0129     3.4176     1.6545     0.0488 -124.79094   48.37036       9.40          1  0.000e+00
      13732    572.125     67.355     67.938     6.9569     6.9565  34.255702  34.255491     6.9507     6.9504    33.8768    33.8769    26.5407    26.5408     2.7517     2.7350     83.768     83.261     1.0708     1.0354     0.0415     0.0129     3.4176     1.6545     0.0488 -124.79094   48.37036       9.40          1  0.000e+00
      13733    572.167     67.308     67.891     6.9569     6.9565  34.255889  34.255179     6.9507     6.9504    33.8770    33.8766    26.5409    26.5406     2.7517     2.7350     83.767     83.261     1.0708     1.0354     0.0415     0.0129     3.4188     1.6545     0.0488 -124.79094   48.37036       9.40          1  0.000e+00
      13734    572.208     67.335     67.918     6.9569     6.9565  34.256014  34.255242     6.9507     6.9504    33.8771    33.8766    26.5410    26.5406     2.7517     2.7350     83.768     83.261     1.0708     1.0354     0.0415     0.0129     3.4176     1.6545     0.0488 -124.79094   48.37036       9.40          1  0.000e+00
      13735    572.250     67.308     67.891     6.9567     6.9565  34.255827  34.255117     6.9505     6.9504    33.8771    33.8765    26.5410    26.5405     2.7517     2.7350     83.768     83.261     1.0708     1.0354     0.0415     0.0129     3.4188     1.6545     0.0488 -124.79094   48.37036       9.43          1  0.000e+00
      13736    572.292     67.255     67.838     6.9570     6.9564  34.255640  34.255242     6.9509     6.9502    33.8766    33.8768    26.5405    26.5408     2.7516     2.7350     83.767     83.261     1.0708     1.0354     0.0415     0.0129     3.4176     1.6545     0.0488 -124.79094   48.37036       9.43          1  0.000e+00
      13737    572.333     67.335     67.918     6.9567     6.9564  34.255702  34.255117     6.9505     6.9502    33.8770    33.8766    26.5409    26.5406     2.7517     2.7350     83.768     83.262     1.0708     1.0354     0.0415     0.0129     3.4188     1.6545     0.0488 -124.79094   48.37036       9.45          1  0.000e+00
      13738    572.375     67.255     67.838     6.9567     6.9565  34.255889  34.255055     6.9505     6.9504    33.8772    33.8764    26.5411    26.5405     2.7517     2.7350     83.767     83.261     1.0708     1.0354     0.0415     0.0129     3.4188     1.6545     0.0488 -124.79094   48.37036       9.45          1  0.000e+00
