West Coast/WCOA-7/CTD_Data/RB2102_CTD_025_01.ros
* Sea-Bird SBE 9 Data File:
* FileName = C:\Users\scs.user.rb\CTD\RB2102\Data\RB2102_CTD_025_01.hex
* Software Version Seasave V 7.26.7.107
* Temperature SN = 6202
* Conductivity SN = 4907
* Number of Bytes Per Scan = 41
* Number of Voltage Words = 4
* Number of Scans Averaged by the Deck Unit = 1
* NMEA Latitude = 47 38.26 N
* NMEA Longitude = 124 29.27 W
* NMEA UTC (Time) = Jun 29 2021  21:29:49
* NMEA baud rate = 4800
# nquan = 30
# nvalues = 343                                   
# units = specified
# name 0 = scan: Scan Count
# name 1 = timeS: Time, Elapsed [seconds]
# name 2 = depSM: Depth [salt water, m]
# name 3 = prDM: Pressure, Digiquartz [db]
# name 4 = t090C: Temperature [ITS-90, deg C]
# name 5 = t190C: Temperature, 2 [ITS-90, deg C]
# name 6 = c0mS/cm: Conductivity [mS/cm]
# name 7 = c1mS/cm: Conductivity, 2 [mS/cm]
# name 8 = potemp090C: Potential Temperature [ITS-90, deg C]
# name 9 = potemp190C: Potential Temperature, 2 [ITS-90, deg C]
# name 10 = sal00: Salinity, Practical [PSU]
# name 11 = sal11: Salinity, Practical, 2 [PSU]
# name 12 = sigma-é00: Density [sigma-theta, kg/m^3]
# name 13 = sigma-é11: Density, 2 [sigma-theta, kg/m^3]
# name 14 = sbeox0Mg/L: Oxygen, SBE 43 [mg/l]
# name 15 = sbeox1Mg/L: Oxygen, SBE 43, 2 [mg/l]
# name 16 = sbox0Mm/Kg: Oxygen, SBE 43 [umol/kg]
# name 17 = sbox1Mm/Kg: Oxygen, SBE 43, 2 [umol/kg]
# name 18 = sbeox0V: Oxygen raw, SBE 43 [V]
# name 19 = sbeox1V: Oxygen raw, SBE 43, 2 [V]
# name 20 = v4: Voltage 4
# name 21 = flECO-AFL: Fluorescence, WET Labs ECO-AFL/FL [mg/m^3]
# name 22 = v3: Voltage 3
# name 23 = v6: Voltage 6
# name 24 = v7: Voltage 7
# name 25 = longitude: Longitude [deg]
# name 26 = latitude: Latitude [deg]
# name 27 = altM: Altimeter [m]
# name 28 = nbf: Bottles Fired
# name 29 = flag:  0.000e+00
# interval = seconds: 0.0416667
# start_time = Jun 29 2021 21:29:49 [NMEA time, header]
# bad_flag = -9.990e-29
*END*
[from data line 49]
      13375    557.250     14.284     14.404    12.1012    12.1439  37.325856  37.365047    12.0994    12.1421    32.3095    32.3103    24.4817    24.4743    13.5772    13.2676    414.153    404.713     3.7216     3.4151     0.1893     3.7064     3.1563     1.0952     0.0000 -124.48710   47.63764      10.11          2  0.000e+00
      13376    557.292     14.145     14.264    12.0956    12.1457  37.321019  37.366207    12.0938    12.1439    32.3098    32.3100    24.4829    24.4737    13.5734    13.2613    414.039    404.521     3.7204     3.4139     0.1893     3.7064     3.1563     1.0965     0.0000 -124.48710   47.63764      10.11          2  0.000e+00
      13377    557.333     14.191     14.311    12.0893    12.1462  37.314054  37.367110    12.0875    12.1444    32.3085    32.3103    24.4831    24.4739    13.5652    13.2556    413.789    404.347     3.7179     3.4127     0.1893     3.7064     3.1563     1.0952     0.0000 -124.48710   47.63764      10.11          2  0.000e+00
      13378    557.375     14.237     14.358    12.0788    12.1482  37.305091  37.369754    12.0770    12.1464    32.3089    32.3112    24.4854    24.4741    13.5633    13.2495    413.727    404.160     3.7167     3.4115     0.1893     3.7064     3.1563     1.0965     0.0000 -124.48710   47.63764      10.11          2  0.000e+00
      13379    557.417     14.198     14.318    12.0706    12.1518  37.303803  37.373558    12.0688    12.1499    32.3148    32.3118    24.4914    24.4740    13.5548    13.2427    413.468    403.954     3.7143     3.4103     0.1917     3.7674     3.1563     1.0952     0.0000 -124.48710   47.63764      10.09          2  0.000e+00
      13380    557.458     14.191     14.311    12.0755    12.1519  37.312573  37.372784    12.0737    12.1501    32.3190    32.3109    24.4939    24.4733    13.5428    13.2372    413.100    403.785     3.7118     3.4090     0.1929     3.7980     3.1563     1.0952     0.0000 -124.48710   47.63764      10.09          2  0.000e+00
      13381    557.500     14.191     14.311    12.0864    12.1421  37.324310  37.365563    12.0846    12.1402    32.3208    32.3125    24.4932    24.4763    13.5343    13.2289    412.840    403.531     3.7106     3.4066     0.1954     3.8590     3.1563     1.0952     0.0000 -124.48710   47.63764      10.09          2  0.000e+00
      13382    557.542     14.197     14.318    12.1012    12.1314  37.334048  37.361115    12.0994    12.1296    32.3174    32.3174    24.4878    24.4822    13.5200    13.2261    412.406    403.444     3.7082     3.4054     0.1954     3.8590     3.1563     1.0952     0.0000 -124.48710   47.63764      10.09          2  0.000e+00
      13383    557.583     14.138     14.258    12.1115    12.1264  37.338175  37.364597    12.1097    12.1246    32.3126    32.3251    24.4821    24.4890    13.5070    13.2268    412.013    403.464     3.7057     3.4054     0.1941     3.8285     3.1563     1.0952     0.0000 -124.48710   47.63764      10.09          2  0.000e+00
      13384    557.625     14.197     14.318    12.1096    12.1261  37.330112  37.371433    12.1078    12.1243    32.3064    32.3319    24.4777    24.4944    13.5031    13.2209    411.894    403.281     3.7045     3.4042     0.1941     3.8285     3.1563     1.0952     0.0000 -124.48710   47.63764      10.09          2  0.000e+00
      13385    557.667     14.138     14.258    12.0995    12.1295  37.319535  37.374980    12.0977    12.1277    32.3049    32.3324    24.4784    24.4941    13.4958    13.2086    411.672    402.906     3.7021     3.4017     0.1941     3.8285     3.1551     1.0952     0.0000 -124.48710   47.63764      10.11          2  0.000e+00
      13386    557.708     14.138     14.258    12.0900    12.1322  37.314247  37.375044    12.0882    12.1304    32.3081    32.3301    24.4827    24.4918    13.4932    13.2024    411.592    402.718     3.7009     3.4005     0.1941     3.8285     3.1575     1.0952     0.0000 -124.48710   47.63764      10.16          2  0.000e+00
      13387    557.750     14.145     14.264    12.0883    12.1362  37.320826  37.375882    12.0865    12.1344    32.3159    32.3275    24.4891    24.4890    13.4879    13.2015    411.428    402.690     3.6996     3.4005     0.1941     3.8285     3.1575     1.0952     0.0000 -124.48710   47.63764      10.16          2  0.000e+00
      13388    557.792     14.138     14.258    12.0971    12.1435  37.331726  37.378912    12.0953    12.1417    32.3188    32.3240    24.4896    24.4850    13.4800    13.1940    411.185    402.463     3.6984     3.3993     0.1941     3.8285     3.1575     1.0952     0.0000 -124.48712   47.63764      10.16          2  0.000e+00
      13389    557.833     14.138     14.258    12.1067    12.1544  37.339788  37.381039    12.1049    12.1526    32.3183    32.3167    24.4874    24.4773    13.4721    13.1858    410.945    402.216     3.6972     3.3980     0.1941     3.8285     3.1551     1.0952     0.0000 -124.48712   47.63764      10.13          2  0.000e+00
      13390    557.875     14.145     14.264    12.1227    12.1561  37.350883  37.379233    12.1209    12.1543    32.3151    32.3135    24.4820    24.4745    13.4574    13.1744    410.500    401.871     3.6947     3.3956     0.1941     3.8285     3.1563     1.0952     0.0000 -124.48712   47.63764      10.16          2  0.000e+00
      13391    557.917     14.138     14.258    12.1417    12.1572  37.366366  37.377750    12.1399    12.1554    32.3135    32.3111    24.4772    24.4724    13.4468    13.1687    410.180    401.697     3.6935     3.3944     0.1941     3.8285     3.1563     1.0952     0.0000 -124.48712   47.63764      10.26          2  0.000e+00
      13392    557.958     14.045     14.164    12.1662    12.1659  37.384562  37.382650    12.1644    12.1641    32.3099    32.3083    24.4698    24.4686    13.4347    13.1606    409.813    401.452     3.6923     3.3932     0.1941     3.8285     3.1575     1.0952     0.0000 -124.48712   47.63764      10.31          2  0.000e+00
      13393    558.000     14.092     14.211    12.1808    12.1776  37.386497  37.389615    12.1790    12.1758    32.2992    32.3049    24.4587    24.4638    13.4212    13.1519    409.405    401.189     3.6899     3.3919     0.1941     3.8285     3.1551     1.0952     0.0000 -124.48712   47.63764      10.31          2  0.000e+00
      13394    558.042     14.092     14.211    12.1727    12.1885  37.371977  37.394774    12.1709    12.1867    32.2922    32.3005    24.4549    24.4583    13.4191    13.1435    409.341    400.934     3.6886     3.3907     0.1941     3.8285     3.1563     1.0952     0.0000 -124.48712   47.63764      10.28          2  0.000e+00
      13395    558.083     14.098     14.218    12.1592    12.1956  37.358815  37.399869    12.1574    12.1938    32.2912    32.2992    24.4566    24.4560    13.4180    13.1359    409.307    400.704     3.6874     3.3895     0.1954     3.8590     3.1563     1.0952     0.0000 -124.48712   47.63764      10.28          2  0.000e+00
      13396    558.125     14.039     14.157    12.1523    12.1990  37.363397  37.403159    12.1505    12.1972    32.3016    32.2995    24.4659    24.4556    13.4139    13.1293    409.179    400.501     3.6862     3.3883     0.1941     3.8285     3.1575     1.0952     0.0000 -124.48712   47.63764      10.28          2  0.000e+00
      13397    558.167     14.092     14.211    12.1723    12.2000  37.389854  37.404578    12.1705    12.1982    32.3097    32.3000    24.4685    24.4558    13.4023    13.1235    408.825    400.323     3.6850     3.3871     0.1941     3.8285     3.1563     1.0952     0.0000 -124.48712   47.63764      10.28          2  0.000e+00
      13398    558.208     13.999     14.117    12.2077    12.2002  37.420191  37.403804    12.2060    12.1984    32.3083    32.2991    24.4608    24.4550    13.3818    13.1178    408.201    400.150     3.6825     3.3858     0.1941     3.8285     3.1563     1.0952     0.0000 -124.48712   47.63764      10.28          2  0.000e+00
      13399    558.250     14.039     14.157    12.2449    12.2002  37.456932  37.402707    12.2431    12.1984    32.3115    32.2980    24.4563    24.4542    13.3657    13.1124    407.711    399.986     3.6813     3.3846     0.1941     3.8285     3.1563     1.0952     0.0000 -124.48712   47.63764      10.28          2  0.000e+00
      13400    558.292     13.999     14.117    12.2900    12.1978  37.497821  37.401740    12.2882    12.1961    32.3118    32.2991    24.4480    24.4555    13.3474    13.1073    407.157    399.832     3.6801     3.3834     0.1941     3.8285     3.1563     1.0952     0.0000 -124.48712   47.63764      10.28          2  0.000e+00
      13401    558.333     14.039     14.157    12.3457    12.1992  37.530777  37.404707    12.3439    12.1974    32.2954    32.3008    24.4248    24.4566    13.3327    13.1069    406.720    399.817     3.6801     3.3834     0.1941     3.8285     3.1551     1.0952     0.0000 -124.48712   47.63764      10.28          2  0.000e+00
      13402    558.375     13.992     14.111    12.3950    12.2075  37.551911  37.411674    12.3931    12.2057    32.2733    32.3004    24.3982    24.4546    13.3101    13.0988    406.040    399.572     3.6777     3.3822     0.1954     3.8590     3.1551     1.0952     0.0000 -124.48712   47.63764      10.28          2  0.000e+00
      13403    558.417     13.953     14.071    12.4273    12.2196  37.562899  37.421093    12.4255    12.2178    32.2560    32.2990    24.3787    24.4513    13.2971    13.0897    405.651    399.296     3.6764     3.3810     0.1941     3.8285     3.1551     1.0952     0.0000 -124.48712   47.63764      10.33          2  0.000e+00
      13404    558.458     13.992     14.111    12.4475    12.2358  37.571174  37.434190    12.4457    12.2340    32.2465    32.2976    24.3675    24.4472    13.2871    13.0795    405.349    398.987     3.6752     3.3797     0.1941     3.8285     3.1551     1.0952     0.0000 -124.48712   47.63764      10.33          2  0.000e+00
      13405    558.500     13.953     14.071    12.4597    12.2520  37.583654  37.447096    12.4579    12.2502    32.2480    32.2960    24.3663    24.4429    13.2834    13.0748    405.237    398.844     3.6752     3.3797     0.1966     3.8895     3.1563     1.0952     0.0000 -124.48712   47.63764      10.33          2  0.000e+00
      13406    558.542     13.946     14.064    12.4727    12.2695  37.598594  37.455678    12.4709    12.2677    32.2511    32.2891    24.3663    24.4342    13.2692    13.0646    404.805    398.537     3.6728     3.3785     0.2063     4.1337     3.1551     1.0952     0.0000 -124.48712   47.63764      10.33          2  0.000e+00
      13407    558.583     13.946     14.064    12.4833    12.2825  37.612826  37.463165    12.4815    12.2807    32.2556    32.2851    24.3677    24.4287    13.2658    13.0556    404.700    398.263     3.6728     3.3773     0.2112     4.2558     3.1551     1.0965     0.0000 -124.48712   47.63764      10.33          2  0.000e+00
      13408    558.625     13.900     14.017    12.5036    12.3169  37.626993  37.476976    12.5018    12.3151    32.2517    32.2687    24.3609    24.4095    13.2552    13.0467    404.379    398.000     3.6716     3.3773     0.2112     4.2558     3.1551     1.0965     0.0000 -124.48712   47.63764      10.35          2  0.000e+00
      13409    558.667     13.946     14.064    12.5262    12.3487  37.642522  37.494277    12.5243    12.3469    32.2471    32.2579    24.3530    24.3951    13.2441    13.0328    404.044    397.580     3.6703     3.3761     0.2100     4.2253     3.1551     1.0952     0.0000 -124.48712   47.63764      10.35          2  0.000e+00
      13410    558.708     13.847     13.964    12.5479    12.3701  37.657146  37.508869    12.5461    12.3683    32.2425    32.2535    24.3452    24.3876    13.2381    13.0267    403.864    397.397     3.6703     3.3761     0.2100     4.2253     3.1551     1.0952     0.0000 -124.48712   47.63764      10.38          2  0.000e+00
      13411    558.750     13.853     13.971    12.5657    12.3774  37.671709  37.520753    12.5639    12.3756    32.2411    32.2586    24.3407    24.3902    13.2281    13.0186    403.560    397.149     3.6691     3.3748     0.2100     4.2253     3.1551     1.0952     0.0000 -124.48712   47.63764      10.38          2  0.000e+00
      13412    558.792     13.893     14.011    12.5799    12.3751  37.680836  37.526696    12.5781    12.3733    32.2376    32.2663    24.3354    24.3966    13.2244    13.0187    403.450    397.151     3.6691     3.3748     0.2100     4.2253     3.1551     1.0965     0.0000 -124.48710   47.63764      10.38          2  0.000e+00
      13413    558.833     13.893     14.011    12.5899    12.3763  37.684590  37.532445    12.5881    12.3745    32.2326    32.2707    24.3296    24.3998    13.2169    13.0124    403.223    396.959     3.6679     3.3736     0.2100     4.2253     3.1551     1.0952     0.0000 -124.48710   47.63764      10.38          2  0.000e+00
      13414    558.875     13.807     13.924    12.6030    12.4085  37.699222  37.545233    12.6012    12.4067    32.2354    32.2553    24.3292    24.3818    13.2077    13.0041    402.943    396.712     3.6667     3.3736     0.2100     4.2253     3.1538     1.0952     0.0000 -124.48710   47.63764      10.40          2  0.000e+00
      13415    558.917     13.794     13.910    12.6227    12.4292  37.716058  37.560545    12.6209    12.4274    32.2346    32.2521    24.3248    24.3754    13.2022    12.9983    402.776    396.536     3.6667     3.3736     0.2100     4.2253     3.1563     1.0952     0.0000 -124.48710   47.63764      10.45          2  0.000e+00
      13416    558.958     13.853     13.970    12.6413    12.4632  37.727002  37.576956    12.6395    12.4614    32.2290    32.2386    24.3169    24.3584    13.1924    12.9895    402.480    396.276     3.6654     3.3736     0.2100     4.2253     3.1563     1.0952     0.0000 -124.48710   47.63764      10.48          2  0.000e+00
      13417    559.000     13.747     13.864    12.6588    12.5015  37.740928  37.588973    12.6570    12.4997    32.2273    32.2173    24.3122    24.3346    13.1874    12.9744    402.329    395.823     3.6654     3.3724     0.2100     4.2253     3.1538     1.0952     0.0000 -124.48710   47.63764      10.48          2  0.000e+00
      13418    559.042     13.794     13.910    12.6860    12.5222  37.759261  37.594853    12.6842    12.5204    32.2214    32.2052    24.3025    24.3213    13.1802    12.9694    402.115    395.676     3.6654     3.3724     0.2100     4.2253     3.1551     1.0965     0.0000 -124.48710   47.63764      10.48          2  0.000e+00
      13419    559.083     13.807     13.924    12.6952    12.5238  37.761268  37.596405    12.6933    12.5220    32.2155    32.2052    24.2961    24.3210    13.1781    12.9634    402.054    395.494     3.6654     3.3712     0.2100     4.2253     3.1551     1.0965     0.0000 -124.48710   47.63764      10.48          2  0.000e+00
      13420    559.125     13.701     13.817    12.6800    12.5153  37.747857  37.598862    12.6782    12.5135    32.2158    32.2149    24.2992    24.3301    13.1822    12.9649    402.178    395.537     3.6654     3.3712     0.2100     4.2253     3.1538     1.0965     0.0000 -124.48710   47.63764      10.48          2  0.000e+00
      13421    559.167     13.747     13.864    12.6640    12.5170  37.739243  37.603969    12.6622    12.5152    32.2213    32.2183    24.3066    24.3324    13.1864    12.9642    402.302    395.515     3.6654     3.3712     0.2100     4.2253     3.1563     1.0952     0.0000 -124.48710   47.63764      10.50          2  0.000e+00
