West Coast/WCOA-7/CTD_Data/RB2102_CTD_022_01.ros
* Sea-Bird SBE 9 Data File:
* FileName = C:\Users\scs.user.rb\CTD\RB2102\Data\RB2102_CTD_022_01.hex
* Software Version Seasave V 7.26.7.107
* Temperature SN = 6202
* Conductivity SN = 4907
* Number of Bytes Per Scan = 41
* Number of Voltage Words = 4
* Number of Scans Averaged by the Deck Unit = 1
* NMEA Latitude = 47 57.23 N
* NMEA Longitude = 124 54.45 W
* NMEA UTC (Time) = Jun 29 2021  09:13:31
* NMEA baud rate = 4800
# nquan = 30
# nvalues = 833                                   
# units = specified
# name 0 = scan: Scan Count
# name 1 = timeS: Time, Elapsed [seconds]
# name 2 = depSM: Depth [salt water, m]
# name 3 = prDM: Pressure, Digiquartz [db]
# name 4 = t090C: Temperature [ITS-90, deg C]
# name 5 = t190C: Temperature, 2 [ITS-90, deg C]
# name 6 = c0mS/cm: Conductivity [mS/cm]
# name 7 = c1mS/cm: Conductivity, 2 [mS/cm]
# name 8 = potemp090C: Potential Temperature [ITS-90, deg C]
# name 9 = potemp190C: Potential Temperature, 2 [ITS-90, deg C]
# name 10 = sal00: Salinity, Practical [PSU]
# name 11 = sal11: Salinity, Practical, 2 [PSU]
# name 12 = sigma-é00: Density [sigma-theta, kg/m^3]
# name 13 = sigma-é11: Density, 2 [sigma-theta, kg/m^3]
# name 14 = sbeox0Mg/L: Oxygen, SBE 43 [mg/l]
# name 15 = sbeox1Mg/L: Oxygen, SBE 43, 2 [mg/l]
# name 16 = sbox0Mm/Kg: Oxygen, SBE 43 [umol/kg]
# name 17 = sbox1Mm/Kg: Oxygen, SBE 43, 2 [umol/kg]
# name 18 = sbeox0V: Oxygen raw, SBE 43 [V]
# name 19 = sbeox1V: Oxygen raw, SBE 43, 2 [V]
# name 20 = v4: Voltage 4
# name 21 = flECO-AFL: Fluorescence, WET Labs ECO-AFL/FL [mg/m^3]
# name 22 = v3: Voltage 3
# name 23 = v6: Voltage 6
# name 24 = v7: Voltage 7
# name 25 = longitude: Longitude [deg]
# name 26 = latitude: Latitude [deg]
# name 27 = altM: Altimeter [m]
# name 28 = nbf: Bottles Fired
# name 29 = flag:  0.000e+00
# interval = seconds: 0.0416667
# start_time = Jun 29 2021 09:13:31 [NMEA time, header]
# bad_flag = -9.990e-29
*END*
[from data line 532]
      37731   1572.083     10.676     10.766    15.4791    15.4711  39.790081  39.781481    15.4775    15.4695    31.7697    31.7685    23.3797    23.3805     9.5200     9.3977    290.706    286.972     2.9145     2.7155     0.0623     0.5318     3.1941     0.9805     0.0000 -124.90716   47.95392      77.34         11  0.000e+00
      37732   1572.125     10.682     10.773    15.4791    15.4710  39.789949  39.780820    15.4775    15.4694    31.7696    31.7680    23.3796    23.3801     9.5200     9.4029    290.707    287.132     2.9145     2.7167     0.0611     0.5013     3.1954     0.9805     0.0000 -124.90716   47.95392      77.36         11  0.000e+00
      37733   1572.167     10.676     10.766    15.4784    15.4704  39.789155  39.779563    15.4768    15.4688    31.7694    31.7673    23.3796    23.3798     9.5201     9.3979    290.711    286.978     2.9145     2.7155     0.0623     0.5318     3.1954     0.9805     0.0000 -124.90716   47.95392      77.39         11  0.000e+00
      37734   1572.208     10.676     10.766    15.4772    15.4696  39.788229  39.777910    15.4756    15.4680    31.7695    31.7665    23.3800    23.3793     9.5203     9.3981    290.717    286.984     2.9145     2.7155     0.0611     0.5013     3.1941     0.9805     0.0000 -124.90716   47.95392      77.44         11  0.000e+00
      37735   1572.250     10.682     10.773    15.4772    15.4677  39.789155  39.776456    15.4756    15.4660    31.7703    31.7668    23.3806    23.3799     9.5203     9.3985    290.716    286.996     2.9145     2.7155     0.0611     0.5013     3.1954     0.9805     0.0000 -124.90716   47.95392      77.46         11  0.000e+00
      37736   1572.292     10.629     10.720    15.4777    15.4668  39.789420  39.775530    15.4761    15.4652    31.7702    31.7667    23.3804    23.3801     9.5153     9.3986    290.565    287.000     2.9133     2.7155     0.0611     0.5013     3.1954     0.9805     0.0000 -124.90716   47.95392      77.46         11  0.000e+00
      37737   1572.333     10.676     10.766    15.4776    15.4659  39.789221  39.775134    15.4760    15.4643    31.7701    31.7670    23.3803    23.3805     9.5202     9.3988    290.714    287.006     2.9145     2.7155     0.0611     0.5013     3.1954     0.9805     0.0000 -124.90716   47.95392      77.44         11  0.000e+00
      37807   1575.250     10.777     10.868    15.4182    15.4142  39.743318  39.738251    15.4166    15.4126    31.7772    31.7759    23.3987    23.3986     9.4978     9.4087    290.025    287.304     2.9060     2.7155     0.0611     0.5013     3.1941     0.9792     0.0000 -124.90716   47.95390      77.70         12  0.000e+00
      37808   1575.292     10.783     10.875    15.4196    15.4151  39.743649  39.739177    15.4180    15.4135    31.7764    31.7760    23.3978    23.3985     9.4976     9.4085    290.019    287.299     2.9060     2.7155     0.0611     0.5013     3.1954     0.9792     0.0000 -124.90716   47.95390      77.70         12  0.000e+00
      37809   1575.333     10.724     10.815    15.4219    15.4166  39.745368  39.740035    15.4203    15.4150    31.7760    31.7755    23.3970    23.3978     9.4971     9.4082    290.004    287.288     2.9060     2.7155     0.0611     0.5013     3.1941     0.9792     0.0000 -124.90716   47.95390      77.68         12  0.000e+00
      37810   1575.375     10.823     10.915    15.4235    15.4183  39.747419  39.740697    15.4218    15.4167    31.7766    31.7747    23.3971    23.3968     9.4969     9.4080    289.998    287.283     2.9060     2.7155     0.0611     0.5013     3.1941     0.9792     0.0000 -124.90716   47.95390      77.68         12  0.000e+00
      37811   1575.417     10.823     10.915    15.4267    15.4190  39.751056  39.741886    15.4250    15.4174    31.7772    31.7752    23.3969    23.3970     9.5011     9.4078    290.124    287.278     2.9072     2.7155     0.0611     0.5013     3.1941     0.9805     0.0000 -124.90716   47.95390      77.61         12  0.000e+00
      37812   1575.458     10.684     10.775    15.4295    15.4218  39.753635  39.743802    15.4279    15.4201    31.7773    31.7748    23.3963    23.3961     9.4955     9.4020    289.956    287.099     2.9060     2.7143     0.0598     0.4707     3.1954     0.9792     0.0000 -124.90716   47.95390      77.56         12  0.000e+00
      37813   1575.500     10.823     10.915    15.4321    15.4273  39.755752  39.747173    15.4304    15.4257    31.7770    31.7732    23.3956    23.3937     9.4952     9.4063    289.947    287.232     2.9060     2.7155     0.0611     0.5013     3.1954     0.9805     0.0000 -124.90716   47.95390      77.53         12  0.000e+00
      37814   1575.542     10.777     10.868    15.4358    15.4347  39.759654  39.751998    15.4342    15.4331    31.7775    31.7716    23.3951    23.3908     9.4944     9.4049    289.922    287.189     2.9060     2.7155     0.0598     0.4707     3.1954     0.9792     0.0000 -124.90716   47.95390      77.56         12  0.000e+00
      37815   1575.583     10.784     10.875    15.4407    15.4409  39.763358  39.756691    15.4391    15.4393    31.7769    31.7708    23.3936    23.3888     9.4983     9.4037    290.042    287.153     2.9072     2.7155     0.0611     0.5013     3.1941     0.9792     0.0000 -124.90716   47.95390      77.56         12  0.000e+00
      37816   1575.625     10.777     10.868    15.4444    15.4432  39.764482  39.758277    15.4428    15.4416    31.7749    31.7703    23.3912    23.3880     9.4929     9.4032    289.878    287.140     2.9060     2.7155     0.0611     0.5013     3.1954     0.9805     0.0000 -124.90716   47.95390      77.56         12  0.000e+00
      37817   1575.667     10.777     10.868    15.4449    15.4430  39.763820  39.758476    15.4433    15.4414    31.7738    31.7706    23.3903    23.3883     9.4977     9.4033    290.023    287.140     2.9072     2.7155     0.0611     0.5013     3.1941     0.9792     0.0000 -124.90716   47.95390      77.53         12  0.000e+00
      37818   1575.708     10.784     10.875    15.4442    15.4439  39.762166  39.758211    15.4426    15.4423    31.7729    31.7697    23.3898    23.3873     9.4979     9.4031    290.029    287.137     2.9072     2.7155     0.0611     0.5013     3.1954     0.9792     0.0000 -124.90716   47.95390      77.56         12  0.000e+00
      37819   1575.750     10.724     10.815    15.4434    15.4439  39.761240  39.758343    15.4418    15.4423    31.7728    31.7698    23.3899    23.3875     9.4980     9.4031    290.032    287.135     2.9072     2.7155     0.0611     0.5013     3.1954     0.9805     0.0000 -124.90716   47.95390      77.56         12  0.000e+00
      37820   1575.792     10.777     10.868    15.4419    15.4439  39.760050  39.758740    15.4402    15.4422    31.7730    31.7702    23.3903    23.3877     9.4983     9.4031    290.042    287.136     2.9072     2.7155     0.0611     0.5013     3.1941     0.9792     0.0000 -124.90716   47.95390      77.53         12  0.000e+00
      37821   1575.833     10.777     10.868    15.4402    15.4448  39.758926  39.759864    15.4386    15.4431    31.7733    31.7704    23.3910    23.3878     9.4938     9.4029    289.905    287.130     2.9060     2.7155     0.0611     0.5013     3.1941     0.9792     0.0000 -124.90716   47.95390      77.53         12  0.000e+00
      37822   1575.875     10.784     10.875    15.4392    15.4468  39.758926  39.761979    15.4375    15.4452    31.7741    31.7707    23.3918    23.3875     9.4988     9.4025    290.056    287.118     2.9072     2.7155     0.0611     0.5013     3.1941     0.9792     0.0000 -124.90716   47.95390      77.56         12  0.000e+00
      37823   1575.917     10.777     10.868    15.4389    15.4499  39.759058  39.763631    15.4372    15.4482    31.7745    31.7697    23.3921    23.3861     9.4988     9.4020    290.057    287.101     2.9072     2.7155     0.0598     0.4707     3.1954     0.9792     0.0000 -124.90716   47.95390      77.48         12  0.000e+00
      37824   1575.958     10.724     10.815    15.4385    15.4521  39.757933  39.764226    15.4369    15.4505    31.7738    31.7684    23.3917    23.3846     9.4989     9.4015    290.058    287.088     2.9072     2.7155     0.0598     0.4707     3.1954     0.9792     0.0000 -124.90716   47.95390      77.41         12  0.000e+00
      37825   1576.000     10.784     10.875    15.4388    15.4538  39.759455  39.764358    15.4372    15.4521    31.7749    31.7672    23.3925    23.3833     9.4940     9.4013    289.910    287.083     2.9060     2.7155     0.0598     0.4707     3.1954     0.9792     0.0000 -124.90716   47.95390      77.41         12  0.000e+00
      37826   1576.042     10.777     10.869    15.4409    15.4536  39.762431  39.764358    15.4392    15.4520    31.7759    31.7673    23.3928    23.3834     9.4935     9.4013    289.896    287.083     2.9060     2.7155     0.0598     0.4707     3.1954     0.9792     0.0000 -124.90716   47.95390      77.41         12  0.000e+00
      37827   1576.083     10.777     10.869    15.4441    15.4519  39.766268  39.763565    15.4424    15.4503    31.7767    31.7680    23.3927    23.3843     9.4929     9.3964    289.876    286.933     2.9060     2.7143     0.0611     0.5013     3.1954     0.9792     0.0000 -124.90716   47.95390      77.41         12  0.000e+00
      37828   1576.125     10.724     10.815    15.4475    15.4495  39.768649  39.763565    15.4459    15.4479    31.7761    31.7699    23.3915    23.3863     9.4922     9.4019    289.855    287.101     2.9060     2.7155     0.0598     0.4707     3.1941     0.9792     0.0000 -124.90716   47.95390      77.41         12  0.000e+00
      37829   1576.167     10.784     10.875    15.4505    15.4485  39.771163  39.763103    15.4489    15.4469    31.7759    31.7703    23.3907    23.3868     9.4917     9.3970    289.840    286.950     2.9060     2.7143     0.0611     0.5013     3.1954     0.9805     0.0000 -124.90716   47.95390      77.44         12  0.000e+00
      37830   1576.208     10.724     10.815    15.4537    15.4483  39.773874  39.763169    15.4521    15.4467    31.7757    31.7705    23.3899    23.3870     9.4910     9.3970    289.820    286.948     2.9060     2.7143     0.0598     0.4707     3.1954     0.9805     0.0000 -124.90716   47.95390      77.46         12  0.000e+00
      37831   1576.250     10.777     10.869    15.4563    15.4494  39.774337  39.764888    15.4546    15.4477    31.7741    31.7712    23.3880    23.3874     9.4907     9.4020    289.810    287.101     2.9060     2.7155     0.0611     0.5013     3.1954     0.9792     0.0000 -124.90716   47.95390      77.46         12  0.000e+00
      37832   1576.292     10.738     10.829    15.4573    15.4516  39.774734  39.766672    15.4557    15.4500    31.7736    31.7710    23.3874    23.3867     9.4905     9.4015    289.804    287.087     2.9060     2.7155     0.0611     0.5013     3.1954     0.9805     0.0000 -124.90716   47.95390      77.46         12  0.000e+00
      37833   1576.333     10.777     10.869    15.4587    15.4544  39.775197  39.768391    15.4571    15.4528    31.7728    31.7702    23.3866    23.3855     9.4903     9.4010    289.798    287.072     2.9060     2.7155     0.0598     0.4707     3.1954     0.9805     0.0000 -124.90716   47.95390      77.46         12  0.000e+00
      37834   1576.375     10.777     10.869    15.4593    15.4572  39.775594  39.769647    15.4577    15.4556    31.7727    31.7691    23.3863    23.3840     9.4902     9.4005    289.795    287.058     2.9060     2.7155     0.0598     0.4707     3.1954     0.9792     0.0000 -124.90716   47.95390      77.46         12  0.000e+00
      37835   1576.417     10.724     10.815    15.4600    15.4583  39.777115  39.770110    15.4584    15.4567    31.7736    31.7686    23.3868    23.3834     9.4899     9.3951    289.788    286.892     2.9060     2.7143     0.0611     0.5013     3.1941     0.9792     0.0000 -124.90716   47.95390      77.48         12  0.000e+00
      37836   1576.458     10.784     10.875    15.4618    15.4584  39.778770  39.770242    15.4602    15.4567    31.7735    31.7687    23.3864    23.3834     9.4897     9.4003    289.779    287.052     2.9060     2.7155     0.0598     0.4707     3.1954     0.9805     0.0000 -124.90716   47.95390      77.48         12  0.000e+00
      37837   1576.500     10.724     10.815    15.4632    15.4576  39.779365  39.769977    15.4616    15.4560    31.7730    31.7691    23.3857    23.3839     9.4894     9.3952    289.770    286.895     2.9060     2.7143     0.0611     0.5013     3.1941     0.9792     0.0000 -124.90716   47.95390      77.48         12  0.000e+00
      37838   1576.542     10.777     10.869    15.4645    15.4587  39.780159  39.770903    15.4629    15.4571    31.7726    31.7690    23.3851    23.3836     9.4892     9.4002    289.765    287.049     2.9060     2.7155     0.0598     0.4707     3.1941     0.9792     0.0000 -124.90716   47.95390      77.51         12  0.000e+00
      37839   1576.583     10.738     10.829    15.4655    15.4591  39.779960  39.771762    15.4638    15.4574    31.7717    31.7695    23.3842    23.3839     9.4938     9.4001    289.907    287.044     2.9072     2.7155     0.0611     0.5013     3.1954     0.9792     0.0000 -124.90716   47.95390      77.48         12  0.000e+00
      37840   1576.625     10.777     10.869    15.4652    15.4588  39.779762  39.771432    15.4636    15.4572    31.7716    31.7694    23.3842    23.3839     9.4891     9.4002    289.763    287.047     2.9060     2.7155     0.0611     0.5013     3.1954     0.9805     0.0000 -124.90716   47.95390      77.48         12  0.000e+00
      37841   1576.667     10.725     10.816    15.4649    15.4582  39.779034  39.770705    15.4632    15.4566    31.7713    31.7693    23.3840    23.3839     9.4891     9.4002    289.764    287.050     2.9060     2.7155     0.0611     0.5013     3.1941     0.9792     0.0000 -124.90716   47.95390      77.58         12  0.000e+00
      37842   1576.708     10.777     10.869    15.4644    15.4575  39.778505  39.770044    15.4627    15.4559    31.7712    31.7693    23.3841    23.3841     9.4941     9.4005    289.915    287.056     2.9072     2.7155     0.0623     0.5318     3.1941     0.9792     0.0000 -124.90716   47.95390      77.66         12  0.000e+00
      37843   1576.750     10.685     10.776    15.4642    15.4568  39.778835  39.769911    15.4626    15.4552    31.7717    31.7697    23.3845    23.3845     9.4940     9.4005    289.912    287.056     2.9072     2.7155     0.0623     0.5318     3.1954     0.9792     0.0000 -124.90716   47.95390      77.66         12  0.000e+00
      37844   1576.792     10.777     10.869    15.4641    15.4570  39.778835  39.770374    15.4625    15.4553    31.7717    31.7700    23.3845    23.3847     9.4893     9.4005    289.769    287.058     2.9060     2.7155     0.0611     0.5013     3.1941     0.9792     0.0000 -124.90716   47.95390      77.66         12  0.000e+00
      37845   1576.833     10.725     10.816    15.4642    15.4575  39.778967  39.771101    15.4626    15.4559    31.7718    31.7702    23.3846    23.3848     9.4940     9.4055    289.913    287.210     2.9072     2.7167     0.0611     0.5013     3.1954     0.9792     0.0000 -124.90716   47.95390      77.66         12  0.000e+00
      37846   1576.875     10.784     10.876    15.4647    15.4587  39.779629  39.772027    15.4631    15.4570    31.7720    31.7701    23.3846    23.3844     9.4940     9.4002    289.912    287.047     2.9072     2.7155     0.0623     0.5318     3.1954     0.9792     0.0000 -124.90716   47.95390      77.66         12  0.000e+00
      37847   1576.917     10.725     10.816    15.4642    15.4601  39.778504  39.772291    15.4626    15.4585    31.7714    31.7692    23.3842    23.3834     9.4941     9.4051    289.914    287.197     2.9072     2.7167     0.0623     0.5318     3.1954     0.9805     0.0000 -124.90716   47.95390      77.61         12  0.000e+00
