West Coast/WCOA-7/CTD_Data/RB2102_CTD_100_01.ros
* Sea-Bird SBE 9 Data File:
* FileName = C:\Users\scs.user.rb\CTD\RB2102\Data\RB2102_CTD_100_01.hex
* Software Version Seasave V 7.26.7.107
* Temperature SN = 6202
* Conductivity SN = 4907
* Number of Bytes Per Scan = 41
* Number of Voltage Words = 4
* Number of Scans Averaged by the Deck Unit = 1
* NMEA Latitude = 36 47.72 N
* NMEA Longitude = 121 50.81 W
* NMEA UTC (Time) = Jul 14 2021  22:30:36
* NMEA baud rate = 4800
# nquan = 30
# nvalues = 1173                                  
# units = specified
# name 0 = scan: Scan Count
# name 1 = timeS: Time, Elapsed [seconds]
# name 2 = depSM: Depth [salt water, m]
# name 3 = prDM: Pressure, Digiquartz [db]
# name 4 = t090C: Temperature [ITS-90, deg C]
# name 5 = t190C: Temperature, 2 [ITS-90, deg C]
# name 6 = c0mS/cm: Conductivity [mS/cm]
# name 7 = c1mS/cm: Conductivity, 2 [mS/cm]
# name 8 = potemp090C: Potential Temperature [ITS-90, deg C]
# name 9 = potemp190C: Potential Temperature, 2 [ITS-90, deg C]
# name 10 = sal00: Salinity, Practical [PSU]
# name 11 = sal11: Salinity, Practical, 2 [PSU]
# name 12 = sigma-é00: Density [sigma-theta, kg/m^3]
# name 13 = sigma-é11: Density, 2 [sigma-theta, kg/m^3]
# name 14 = sbeox0Mg/L: Oxygen, SBE 43 [mg/l]
# name 15 = sbeox1Mg/L: Oxygen, SBE 43, 2 [mg/l]
# name 16 = sbox0Mm/Kg: Oxygen, SBE 43 [umol/kg]
# name 17 = sbox1Mm/Kg: Oxygen, SBE 43, 2 [umol/kg]
# name 18 = sbeox0V: Oxygen raw, SBE 43 [V]
# name 19 = sbeox1V: Oxygen raw, SBE 43, 2 [V]
# name 20 = v4: Voltage 4
# name 21 = flECO-AFL: Fluorescence, WET Labs ECO-AFL/FL [mg/m^3]
# name 22 = v3: Voltage 3
# name 23 = v6: Voltage 6
# name 24 = v7: Voltage 7
# name 25 = longitude: Longitude [deg]
# name 26 = latitude: Latitude [deg]
# name 27 = altM: Altimeter [m]
# name 28 = nbf: Bottles Fired
# name 29 = flag:  0.000e+00
# interval = seconds: 0.0416667
# start_time = Jul 14 2021 22:30:36 [NMEA time, header]
# bad_flag = -9.990e-29
*END*
[from data line 581]
      42198   1758.208     59.859     60.313    10.1092    10.1105  37.177122  37.178695    10.1023    10.1036    33.9369    33.9373    26.1045    26.1046     3.6973     3.7879    112.603    115.363     1.3333     1.3004     0.0427     0.0434     3.2088     0.0891     0.0000 -121.84686   36.79464      99.61         12  0.000e+00
      42199   1758.250     59.932     60.386    10.1092    10.1108  37.177251  37.179145    10.1023    10.1039    33.9370    33.9374    26.1046    26.1046     3.6973     3.7879    112.604    115.363     1.3333     1.3004     0.0427     0.0434     3.2088     0.0891     0.0000 -121.84686   36.79464      99.63         12  0.000e+00
      42200   1758.292     59.912     60.366    10.1095    10.1107  37.177379  37.179145    10.1025    10.1038    33.9369    33.9376    26.1045    26.1047     3.7027     3.7879    112.766    115.363     1.3346     1.3004     0.0427     0.0434     3.2088     0.0891     0.0000 -121.84686   36.79464      99.63         12  0.000e+00
      42201   1758.333     59.932     60.386    10.1090    10.1109  37.177380  37.179596    10.1021    10.1040    33.9373    33.9378    26.1048    26.1049     3.6974     3.7879    112.604    115.363     1.3333     1.3004     0.0427     0.0434     3.2076     0.0904     0.0000 -121.84686   36.79464      99.63         12  0.000e+00
      42202   1758.375     59.912     60.366    10.1092    10.1112  37.177573  37.179403    10.1023    10.1043    33.9373    33.9373    26.1048    26.1045     3.6973     3.7821    112.604    115.185     1.3333     1.2991     0.0427     0.0434     3.2076     0.0891     0.0000 -121.84686   36.79464      99.63         12  0.000e+00
      42203   1758.417     59.932     60.386    10.1093    10.1115  37.177444  37.179338    10.1024    10.1046    33.9371    33.9370    26.1046    26.1041     3.6973     3.7879    112.604    115.362     1.3333     1.3004     0.0427     0.0434     3.2088     0.0879     0.0000 -121.84686   36.79464      99.63         12  0.000e+00
      42204   1758.458     59.912     60.366    10.1094    10.1115  37.177444  37.179338    10.1025    10.1046    33.9371    33.9370    26.1046    26.1041     3.6973     3.7879    112.603    115.362     1.3333     1.3004     0.0427     0.0434     3.2088     0.0879     0.0000 -121.84686   36.79464      99.63         12  0.000e+00
      44476   1853.125     49.609     49.983    10.1992    10.2010  37.250648  37.253205    10.1935    10.1953    33.9319    33.9328    26.0850    26.0854     3.8392     3.9486    116.926    120.258     1.3687     1.3370     0.0427     0.0434     3.2076     0.0867     0.0000 -121.84688   36.79462      99.61         13  0.000e+00
      44477   1853.167     49.595     49.970    10.1995    10.2012  37.250583  37.253011    10.1938    10.1954    33.9316    33.9325    26.0847    26.0851     3.8392     3.9486    116.925    120.258     1.3687     1.3370     0.0427     0.0434     3.2088     0.0855     0.0000 -121.84688   36.79462      99.61         13  0.000e+00
      44478   1853.208     49.609     49.983    10.1994    10.2015  37.250712  37.252882    10.1936    10.1958    33.9318    33.9320    26.0849    26.0847     3.8392     3.9544    116.926    120.434     1.3687     1.3382     0.0427     0.0434     3.2076     0.0879     0.0000 -121.84688   36.79462      99.61         13  0.000e+00
      44479   1853.250     49.609     49.983    10.1994    10.2017  37.250841  37.253076    10.1936    10.1959    33.9319    33.9321    26.0850    26.0847     3.8392     3.9486    116.926    120.257     1.3687     1.3370     0.0427     0.0434     3.2088     0.0891     0.0000 -121.84688   36.79462      99.61         13  0.000e+00
      44480   1853.292     49.609     49.983    10.1995    10.2016  37.251099  37.253011    10.1938    10.1959    33.9321    33.9320    26.0851    26.0847     3.8392     3.9486    116.925    120.257     1.3687     1.3370     0.0427     0.0434     3.2076     0.0867     0.0000 -121.84688   36.79462      99.61         13  0.000e+00
      44481   1853.333     49.609     49.983    10.1992    10.2017  37.250970  37.253140    10.1935    10.1959    33.9322    33.9321    26.0853    26.0848     3.8392     3.9543    116.926    120.433     1.3687     1.3382     0.0427     0.0434     3.2076     0.0867     0.0000 -121.84688   36.79462      99.61         13  0.000e+00
      44482   1853.375     49.642     50.017    10.1994    10.2015  37.250648  37.253398    10.1936    10.1958    33.9317    33.9325    26.0849    26.0851     3.8392     3.9544    116.926    120.434     1.3687     1.3382     0.0427     0.0434     3.2076     0.0855     0.0000 -121.84688   36.79462      99.61         13  0.000e+00
      44483   1853.417     49.562     49.936    10.1992    10.2017  37.250583  37.253075    10.1935    10.1959    33.9318    33.9321    26.0850    26.0847     3.8392     3.9543    116.925    120.433     1.3687     1.3382     0.0427     0.0434     3.2076     0.0867     0.0000 -121.84688   36.79462      99.61         13  0.000e+00
      44484   1853.458     49.662     50.037    10.1994    10.2015  37.250583  37.252883    10.1936    10.1958    33.9317    33.9320    26.0848    26.0847     3.8392     3.9544    116.927    120.435     1.3687     1.3382     0.0427     0.0434     3.2088     0.0855     0.0000 -121.84688   36.79462      99.58         13  0.000e+00
      44485   1853.500     49.609     49.983    10.1992    10.2016  37.250325  37.253333    10.1935    10.1959    33.9315    33.9324    26.0847    26.0850     3.8392     3.9543    116.926    120.433     1.3687     1.3382     0.0427     0.0434     3.2076     0.0855     0.0000 -121.84688   36.79462      99.61         13  0.000e+00
      44486   1853.542     49.642     50.017    10.1994    10.2013  37.250712  37.252818    10.1936    10.1956    33.9318    33.9321    26.0849    26.0848     3.8392     3.9544    116.926    120.435     1.3687     1.3382     0.0427     0.0434     3.2076     0.0904     0.0000 -121.84688   36.79462      99.61         13  0.000e+00
      44487   1853.583     49.609     49.983    10.1994    10.2015  37.250905  37.252560    10.1936    10.1958    33.9320    33.9317    26.0851    26.0844     3.8339     3.9544    116.764    120.434     1.3675     1.3382     0.0427     0.0434     3.2076     0.0904     0.0000 -121.84688   36.79462      99.61         13  0.000e+00
      44488   1853.625     49.609     49.983    10.1992    10.2015  37.250390  37.252560    10.1935    10.1958    33.9316    33.9317    26.0848    26.0844     3.8392     3.9544    116.926    120.434     1.3687     1.3382     0.0427     0.0434     3.2076     0.0891     0.0000 -121.84688   36.79462      99.61         13  0.000e+00
      44489   1853.667     49.662     50.037    10.1994    10.2010  37.250712  37.253012    10.1936    10.1953    33.9318    33.9326    26.0849    26.0852     3.8339     3.9544    116.765    120.436     1.3675     1.3382     0.0427     0.0434     3.2076     0.0916     0.0000 -121.84688   36.79462      99.61         13  0.000e+00
      44490   1853.708     49.609     49.983    10.1994    10.2013  37.250519  37.253398    10.1936    10.1955    33.9316    33.9327    26.0848    26.0853     3.8392     3.9486    116.926    120.258     1.3687     1.3370     0.0427     0.0434     3.2076     0.0904     0.0000 -121.84688   36.79462      99.61         13  0.000e+00
      44491   1853.750     49.642     50.017    10.1992    10.2013  37.250519  37.253076    10.1935    10.1956    33.9317    33.9323    26.0849    26.0850     3.8392     3.9486    116.927    120.258     1.3687     1.3370     0.0427     0.0434     3.2076     0.0891     0.0000 -121.84688   36.79462      99.61         13  0.000e+00
      44492   1853.792     49.662     50.037    10.1994    10.2015  37.250777  37.253140    10.1936    10.1958    33.9318    33.9322    26.0850    26.0849     3.8392     3.9544    116.927    120.435     1.3687     1.3382     0.0427     0.0434     3.2076     0.0879     0.0000 -121.84688   36.79462      99.61         13  0.000e+00
      44493   1853.833     49.562     49.936    10.1992    10.2012  37.250647  37.253398    10.1935    10.1954    33.9319    33.9329    26.0850    26.0855     3.8338     3.9543    116.764    120.433     1.3675     1.3382     0.0427     0.0434     3.2076     0.0879     0.0000 -121.84688   36.79462      99.61         13  0.000e+00
      44494   1853.875     49.708     50.083    10.1992    10.2010  37.250777  37.253076    10.1934    10.1953    33.9320    33.9326    26.0851    26.0853     3.8392     3.9544    116.928    120.436     1.3687     1.3382     0.0427     0.0434     3.2088     0.0879     0.0000 -121.84688   36.79462      99.61         13  0.000e+00
      44495   1853.917     49.595     49.970    10.1992    10.2013  37.250905  37.252625    10.1935    10.1956    33.9321    33.9319    26.0852    26.0847     3.8339     3.9544    116.764    120.434     1.3675     1.3382     0.0427     0.0434     3.2076     0.0879     0.0000 -121.84688   36.79462      99.61         13  0.000e+00
      44496   1853.958     49.662     50.037    10.1994    10.2014  37.250648  37.253011    10.1936    10.1957    33.9317    33.9322    26.0849    26.0849     3.8339     3.9544    116.765    120.435     1.3675     1.3382     0.0427     0.0434     3.2076     0.0867     0.0000 -121.84688   36.79462      99.58         13  0.000e+00
      44497   1854.000     49.662     50.037    10.1992    10.2013  37.250777  37.252754    10.1934    10.1956    33.9320    33.9320    26.0851    26.0847     3.8339     3.9544    116.765    120.435     1.3675     1.3382     0.0427     0.0434     3.2076     0.0867     0.0000 -121.84688   36.79462      99.61         13  0.000e+00
      44498   1854.042     49.609     49.983    10.1995    10.2012  37.250905  37.252818    10.1938    10.1954    33.9318    33.9323    26.0849    26.0850     3.8338     3.9544    116.763    120.435     1.3675     1.3382     0.0427     0.0434     3.2076     0.0867     0.0000 -121.84688   36.79462      99.61         13  0.000e+00
      44499   1854.083     49.662     50.037    10.1992    10.2015  37.250648  37.253076    10.1934    10.1958    33.9319    33.9322    26.0850    26.0848     3.8339     3.9544    116.765    120.435     1.3675     1.3382     0.0427     0.0434     3.2076     0.0867     0.0000 -121.84688   36.79462      99.58         13  0.000e+00
      44500   1854.125     49.642     50.017    10.1995    10.2012  37.250583  37.252754    10.1938    10.1954    33.9315    33.9322    26.0846    26.0849     3.8339     3.9544    116.764    120.435     1.3675     1.3382     0.0427     0.0434     3.2076     0.0867     0.0000 -121.84688   36.79462      99.61         13  0.000e+00
      44501   1854.167     49.609     49.983    10.1992    10.2014  37.250583  37.252560    10.1935    10.1957    33.9318    33.9317    26.0849    26.0845     3.8339     3.9544    116.764    120.434     1.3675     1.3382     0.0427     0.0434     3.2063     0.0867     0.0000 -121.84688   36.79462      99.61         13  0.000e+00
      44502   1854.208     49.708     50.083    10.1992    10.2010  37.250455  37.252754    10.1934    10.1953    33.9317    33.9323    26.0849    26.0850     3.8339     3.9544    116.766    120.437     1.3675     1.3382     0.0427     0.0434     3.2088     0.0855     0.0000 -121.84688   36.79462      99.61         13  0.000e+00
      44503   1854.250     49.609     49.983    10.1995    10.2015  37.250777  37.252882    10.1938    10.1958    33.9317    33.9320    26.0848    26.0847     3.8338     3.9544    116.764    120.434     1.3675     1.3382     0.0427     0.0434     3.2088     0.0855     0.0000 -121.84688   36.79462      99.61         13  0.000e+00
      44504   1854.292     49.662     50.037    10.1994    10.2013  37.250648  37.252883    10.1936    10.1956    33.9317    33.9321    26.0849    26.0848     3.8339     3.9544    116.765    120.435     1.3675     1.3382     0.0427     0.0434     3.2076     0.0855     0.0000 -121.84688   36.79462      99.61         13  0.000e+00
      44505   1854.333     49.642     50.017    10.1995    10.2013  37.250777  37.252883    10.1938    10.1956    33.9317    33.9321    26.0848    26.0849     3.8339     3.9544    116.764    120.435     1.3675     1.3382     0.0427     0.0434     3.2076     0.0855     0.0000 -121.84688   36.79462      99.61         13  0.000e+00
      44506   1854.375     49.609     49.983    10.1995    10.2014  37.250905  37.252625    10.1938    10.1957    33.9318    33.9318    26.0849    26.0846     3.8338     3.9544    116.763    120.434     1.3675     1.3382     0.0427     0.0434     3.2076     0.0855     0.0000 -121.84688   36.79462      99.61         13  0.000e+00
      44507   1854.417     49.662     50.037    10.1998    10.2012  37.250906  37.253011    10.1941    10.1954    33.9316    33.9324    26.0846    26.0851     3.8338     3.9544    116.764    120.435     1.3675     1.3382     0.0427     0.0434     3.2088     0.0855     0.0000 -121.84688   36.79462      99.58         13  0.000e+00
      44508   1854.458     49.662     50.037    10.1995    10.2012  37.250648  37.253205    10.1938    10.1954    33.9315    33.9326    26.0847    26.0853     3.8339     3.9544    116.764    120.435     1.3675     1.3382     0.0427     0.0434     3.2088     0.0855     0.0000 -121.84688   36.79462      99.61         13  0.000e+00
      44509   1854.500     49.642     50.017    10.1995    10.2015  37.250777  37.252947    10.1937    10.1958    33.9317    33.9320    26.0848    26.0847     3.8339     3.9544    116.764    120.434     1.3675     1.3382     0.0427     0.0434     3.2088     0.0855     0.0000 -121.84688   36.79462      99.61         13  0.000e+00
      44510   1854.542     49.662     50.037    10.1995    10.2012  37.250906  37.253334    10.1938    10.1954    33.9318    33.9328    26.0849    26.0854     3.8339     3.9544    116.764    120.435     1.3675     1.3382     0.0427     0.0434     3.2088     0.0855     0.0000 -121.84688   36.79462      99.61         13  0.000e+00
      44511   1854.583     49.609     49.983    10.1997    10.2015  37.250905  37.252818    10.1940    10.1958    33.9317    33.9319    26.0847    26.0846     3.8338     3.9544    116.763    120.434     1.3675     1.3382     0.0440     0.0739     3.2063     0.0855     0.0000 -121.84688   36.79462      99.61         13  0.000e+00
      44512   1854.625     49.609     49.983    10.1994    10.2011  37.250905  37.252818    10.1936    10.1954    33.9320    33.9323    26.0851    26.0850     3.8339     3.9544    116.764    120.435     1.3675     1.3382     0.0427     0.0434     3.2076     0.0855     0.0000 -121.84688   36.79462      99.61         13  0.000e+00
      44513   1854.667     49.662     50.037    10.1995    10.2015  37.250777  37.252883    10.1938    10.1958    33.9317    33.9320    26.0848    26.0847     3.8339     3.9544    116.764    120.435     1.3675     1.3382     0.0427     0.0434     3.2088     0.0855     0.0000 -121.84688   36.79462      99.61         13  0.000e+00
      44514   1854.708     49.642     50.017    10.1995    10.2010  37.250841  37.252883    10.1937    10.1953    33.9318    33.9324    26.0849    26.0851     3.8339     3.9544    116.764    120.435     1.3675     1.3382     0.0427     0.0434     3.2076     0.0855     0.0000 -121.84688   36.79462      99.61         13  0.000e+00
      44515   1854.750     49.662     50.037    10.1995    10.2012  37.250906  37.252625    10.1938    10.1954    33.9318    33.9320    26.0849    26.0848     3.8339     3.9486    116.764    120.260     1.3675     1.3370     0.0427     0.0434     3.2076     0.0855     0.0000 -121.84688   36.79462      99.61         13  0.000e+00
