West Coast/WCOA-7/CTD_Data/RB2102_CTD_116_01.ros
* Sea-Bird SBE 9 Data File:
* FileName = C:\Users\scs.user.rb\CTD\RB2102\Data\RB2102_CTD_116_01.hex
* Software Version Seasave V 7.26.7.107
* Temperature SN = 6202
* Conductivity SN = 4907
* Number of Bytes Per Scan = 41
* Number of Voltage Words = 4
* Number of Scans Averaged by the Deck Unit = 1
* NMEA Latitude = 34 24.69 N
* NMEA Longitude = 120 34.76 W
* NMEA UTC (Time) = Jul 18 2021  14:40:45
* NMEA baud rate = 4800
# nquan = 30
# nvalues = 833                                   
# units = specified
# name 0 = scan: Scan Count
# name 1 = timeS: Time, Elapsed [seconds]
# name 2 = depSM: Depth [salt water, m]
# name 3 = prDM: Pressure, Digiquartz [db]
# name 4 = t090C: Temperature [ITS-90, deg C]
# name 5 = t190C: Temperature, 2 [ITS-90, deg C]
# name 6 = c0mS/cm: Conductivity [mS/cm]
# name 7 = c1mS/cm: Conductivity, 2 [mS/cm]
# name 8 = potemp090C: Potential Temperature [ITS-90, deg C]
# name 9 = potemp190C: Potential Temperature, 2 [ITS-90, deg C]
# name 10 = sal00: Salinity, Practical [PSU]
# name 11 = sal11: Salinity, Practical, 2 [PSU]
# name 12 = sigma-é00: Density [sigma-theta, kg/m^3]
# name 13 = sigma-é11: Density, 2 [sigma-theta, kg/m^3]
# name 14 = sbeox0Mg/L: Oxygen, SBE 43 [mg/l]
# name 15 = sbeox1Mg/L: Oxygen, SBE 43, 2 [mg/l]
# name 16 = sbox0Mm/Kg: Oxygen, SBE 43 [umol/kg]
# name 17 = sbox1Mm/Kg: Oxygen, SBE 43, 2 [umol/kg]
# name 18 = sbeox0V: Oxygen raw, SBE 43 [V]
# name 19 = sbeox1V: Oxygen raw, SBE 43, 2 [V]
# name 20 = v4: Voltage 4
# name 21 = flECO-AFL: Fluorescence, WET Labs ECO-AFL/FL [mg/m^3]
# name 22 = v3: Voltage 3
# name 23 = v6: Voltage 6
# name 24 = v7: Voltage 7
# name 25 = longitude: Longitude [deg]
# name 26 = latitude: Latitude [deg]
# name 27 = altM: Altimeter [m]
# name 28 = nbf: Bottles Fired
# name 29 = flag:  0.000e+00
# interval = seconds: 0.0416667
# start_time = Jul 18 2021 14:40:45 [NMEA time, header]
# bad_flag = -9.990e-29
*END*
[from data line 629]
      70098   2920.708     20.046     20.191    13.2589    13.2620  39.715858  39.719398    13.2561    13.2592    33.5727    33.5733    25.2361    25.2360     6.9600     6.5917    212.150    200.922     2.1990     1.9976     0.0989     1.4475     3.1758     0.0000     0.0000 -120.57890   34.41178      99.34         13  0.000e+00
      70099   2920.750     19.993     20.138    13.2587    13.2621  39.716189  39.719464    13.2560    13.2594    33.5732    33.5732    25.2366    25.2359     6.9600     6.5916    212.148    200.920     2.1990     1.9976     0.0965     1.3865     3.1770     0.0000     0.0000 -120.57890   34.41178      99.34         13  0.000e+00
      70100   2920.792     19.999     20.145    13.2587    13.2623  39.715726  39.719200    13.2560    13.2596    33.5727    33.5728    25.2362    25.2356     6.9600     6.5916    212.149    200.920     2.1990     1.9976     0.0965     1.3865     3.1770     0.0000     0.0000 -120.57890   34.41178      99.34         13  0.000e+00
      70101   2920.833     20.046     20.191    13.2586    13.2623  39.715924  39.719332    13.2558    13.2596    33.5731    33.5729    25.2365    25.2357     6.9601     6.5916    212.151    200.921     2.1990     1.9976     0.0965     1.3865     3.1758     0.0000     0.0000 -120.57890   34.41178      99.34         13  0.000e+00
      70102   2920.875     19.999     20.145    13.2586    13.2620  39.715792  39.719068    13.2558    13.2593    33.5730    33.5730    25.2364    25.2358     6.9650     6.5916    212.301    200.921     2.2002     1.9976     0.0977     1.4170     3.1770     0.0000     0.0000 -120.57890   34.41178      99.34         13  0.000e+00
      70103   2920.917     19.993     20.138    13.2586    13.2621  39.716189  39.718803    13.2558    13.2594    33.5733    33.5726    25.2367    25.2354     6.9600     6.5916    212.149    200.921     2.1990     1.9976     0.0965     1.3865     3.1758     0.0000     0.0000 -120.57890   34.41178      99.34         13  0.000e+00
      70104   2920.958     20.046     20.191    13.2587    13.2617  39.715990  39.718803    13.2560    13.2589    33.5730    33.5730    25.2364    25.2359     6.9600     6.5917    212.150    200.923     2.1990     1.9976     0.0965     1.3865     3.1770     0.0000     0.0000 -120.57890   34.41178      99.34         13  0.000e+00
      70105   2921.000     19.946     20.091    13.2586    13.2617  39.715990  39.719001    13.2558    13.2589    33.5732    33.5733    25.2366    25.2360     6.9600     6.5916    212.148    200.921     2.1990     1.9976     0.0965     1.3865     3.1758     0.0000     0.0000 -120.57890   34.41178      99.34         13  0.000e+00
      72094   3003.875     15.136     15.246    14.1086    14.0992  40.515497  40.506156    14.1065    14.0971    33.5758    33.5754    25.0644    25.0661     7.5686     7.1340    230.739    217.489     2.3834     2.1514     0.1221     2.0275     3.1746     0.0000     0.0000 -120.57892   34.41180      99.46         14  0.000e+00
      72095   3003.917     15.189     15.300    14.1089    14.0973  40.515897  40.507089    14.1067    14.0951    33.5759    33.5779    25.0644    25.0684     7.5735     7.1342    230.887    217.496     2.3846     2.1514     0.1221     2.0275     3.1734     0.0000     0.0000 -120.57892   34.41180      99.46         14  0.000e+00
      72096   3003.958     15.090     15.200    14.1091    14.0977  40.516030  40.508488    14.1069    14.0955    33.5759    33.5789    25.0644    25.0691     7.5734     7.1340    230.884    217.490     2.3846     2.1514     0.1221     2.0275     3.1746     0.0000     0.0000 -120.57892   34.41180      99.41         14  0.000e+00
      72097   3004.000     15.143     15.253    14.1093    14.0994  40.515763  40.511485    14.1071    14.0972    33.5755    33.5801    25.0641    25.0697     7.5734     7.1391    230.885    217.642     2.3846     2.1526     0.1221     2.0275     3.1722     0.0000     0.0000 -120.57892   34.41180      91.53         14  0.000e+00
      72098   3004.042     15.136     15.246    14.1093    14.1022  40.515630  40.513883    14.1071    14.1000    33.5754    33.5799    25.0640    25.0690     7.5734     7.1386    230.885    217.629     2.3846     2.1526     0.1221     2.0275     3.1722     0.0000     0.0000 -120.57892   34.41180      85.62         14  0.000e+00
      72099   3004.083     15.183     15.293    14.1091    14.1052  40.515630  40.516548    14.1069    14.1031    33.5755    33.5797    25.0641    25.0682     7.5735     7.1382    230.887    217.617     2.3846     2.1526     0.1221     2.0275     3.1722     0.0000     0.0000 -120.57892   34.41180      84.81         14  0.000e+00
      72100   3004.125     15.143     15.253    14.1076    14.1076  40.515363  40.517280    14.1054    14.1055    33.5766    33.5783    25.0652    25.0666     7.5736     7.1326    230.891    217.445     2.3846     2.1514     0.1221     2.0275     3.1722     0.0000     0.0000 -120.57892   34.41180      85.32         14  0.000e+00
      72101   3004.167     15.136     15.246    14.1063    14.1091  40.514497  40.518079    14.1041    14.1070    33.5769    33.5778    25.0658    25.0658     7.5738     7.1324    230.897    217.439     2.3846     2.1514     0.1221     2.0275     3.1709     0.0000     0.0000 -120.57892   34.41180      85.57         14  0.000e+00
      72102   3004.208     15.183     15.293    14.1054    14.1101  40.513231  40.517746    14.1032    14.1079    33.5765    33.5766    25.0656    25.0647     7.5789     7.1323    231.052    217.437     2.3858     2.1514     0.1221     2.0275     3.1722     0.0000     0.0000 -120.57892   34.41180      85.69         14  0.000e+00
      72103   3004.250     15.097     15.206    14.1048    14.1101  40.512564  40.517080    14.1026    14.1080    33.5765    33.5760    25.0658    25.0642     7.5789     7.1322    231.052    217.436     2.3858     2.1514     0.1221     2.0275     3.1734     0.0000     0.0000 -120.57892   34.41180      94.24         14  0.000e+00
      72104   3004.292     15.183     15.293    14.1054    14.1101  40.512964  40.516347    14.1032    14.1079    33.5763    33.5753    25.0655    25.0637     7.5740     7.1324    230.903    217.439     2.3846     2.1514     0.1233     2.0580     3.1734     0.0000     0.0000 -120.57892   34.41180      99.44         14  0.000e+00
      72105   3004.333     15.183     15.293    14.1064    14.1100  40.512898  40.516214    14.1043    14.1078    33.5753    33.5753    25.0645    25.0637     7.5739     7.1324    230.900    217.440     2.3846     2.1514     0.1221     2.0275     3.1734     0.0000     0.0000 -120.57892   34.41180     100.00         14  0.000e+00
      72106   3004.375     15.097     15.206    14.1063    14.1098  40.512831  40.517213    14.1041    14.1077    33.5754    33.5764    25.0646    25.0646     7.5738     7.1323    230.898    217.437     2.3846     2.1514     0.1221     2.0275     3.1746     0.0000     0.0000 -120.57892   34.41180      99.63         14  0.000e+00
      72107   3004.417     15.183     15.293    14.1059    14.1115  40.512564  40.518878    14.1037    14.1093    33.5754    33.5764    25.0647    25.0643     7.5740     7.1321    230.902    217.431     2.3846     2.1514     0.1221     2.0275     3.1746     0.0000     0.0000 -120.57892   34.41180      99.46         14  0.000e+00
      72108   3004.458     15.143     15.253    14.1058    14.1130  40.512231  40.519344    14.1036    14.1108    33.5753    33.5756    25.0646    25.0633     7.5740     7.1319    230.902    217.424     2.3846     2.1514     0.1221     2.0275     3.1746     0.0000     0.0000 -120.57892   34.41180      99.49         14  0.000e+00
      72109   3004.500     15.136     15.246    14.1049    14.1123  40.511365  40.518012    14.1028    14.1101    33.5752    33.5749    25.0647    25.0630     7.5741     7.1320    230.906    217.428     2.3846     2.1514     0.1221     2.0275     3.1722     0.0000     0.0000 -120.57892   34.41180      99.46         14  0.000e+00
      72110   3004.542     15.183     15.293    14.1033    14.1107  40.509699  40.516214    14.1011    14.1085    33.5751    33.5747    25.0650    25.0631     7.5744     7.1323    230.915    217.438     2.3846     2.1514     0.1221     2.0275     3.1746     0.0000     0.0000 -120.57892   34.41180      99.46         14  0.000e+00
      72111   3004.583     15.097     15.206    14.1011    14.1091  40.508766  40.514215    14.0989    14.1070    33.5762    33.5742    25.0663    25.0631     7.5746     7.1325    230.922    217.443     2.3846     2.1514     0.1221     2.0275     3.1746     0.0000     0.0000 -120.57892   34.41180      99.46         14  0.000e+00
      72112   3004.625     15.183     15.293    14.1007    14.1073  40.508033  40.512684    14.0985    14.1051    33.5758    33.5744    25.0661    25.0636     7.5748     7.1328    230.926    217.454     2.3846     2.1514     0.1221     2.0275     3.1722     0.0000     0.0000 -120.57892   34.41180      99.46         14  0.000e+00
      72113   3004.667     15.137     15.246    14.1002    14.1058  40.507899  40.511818    14.0980    14.1036    33.5761    33.5749    25.0664    25.0643     7.5748     7.1330    230.927    217.459     2.3846     2.1514     0.1233     2.0580     3.1722     0.0000     0.0000 -120.57892   34.41180      99.46         14  0.000e+00
      72114   3004.708     15.143     15.253    14.0997    14.1042  40.507366  40.510019    14.0976    14.1021    33.5760    33.5746    25.0665    25.0644     7.5749     7.1333    230.929    217.467     2.3846     2.1514     0.1245     2.0886     3.1734     0.0000     0.0000 -120.57892   34.41180      99.46         14  0.000e+00
      72115   3004.750     15.183     15.293    14.0989    14.1034  40.506433  40.510552    14.0967    14.1012    33.5759    33.5758    25.0665    25.0655     7.5702     7.1334    230.786    217.470     2.3834     2.1514     0.1258     2.1191     3.1746     0.0000     0.0000 -120.57892   34.41180      99.49         14  0.000e+00
      72116   3004.792     15.143     15.253    14.0975    14.1032  40.504567  40.512551    14.0954    14.1010    33.5754    33.5778    25.0664    25.0671     7.5752     7.1333    230.941    217.467     2.3846     2.1514     0.1270     2.1496     3.1734     0.0000     0.0000 -120.57890   34.41180      99.46         14  0.000e+00
      72117   3004.833     15.137     15.246    14.0954    14.1038  40.503235  40.512751    14.0932    14.1016    33.5760    33.5775    25.0674    25.0668     7.5756     7.1332    230.950    217.464     2.3846     2.1514     0.1270     2.1496     3.1722     0.0000     0.0000 -120.57890   34.41180      99.46         14  0.000e+00
      72118   3004.875     15.137     15.246    14.0945    14.1041  40.503235  40.513150    14.0924    14.1019    33.5768    33.5776    25.0681    25.0668     7.5708     7.1331    230.804    217.463     2.3834     2.1514     0.1270     2.1496     3.1734     0.0000     0.0000 -120.57890   34.41180      99.44         14  0.000e+00
      72119   3004.917     15.143     15.253    14.0962    14.1042  40.505501  40.513350    14.0940    14.1021    33.5774    33.5777    25.0682    25.0668     7.5754     7.1331    230.944    217.462     2.3846     2.1514     0.1258     2.1191     3.1734     0.0000     0.0000 -120.57890   34.41180      99.46         14  0.000e+00
      72120   3004.958     15.137     15.246    14.0977    14.1046  40.506167  40.512084    14.0955    14.1024    33.5767    33.5762    25.0674    25.0656     7.5752     7.1331    230.938    217.463     2.3846     2.1514     0.1270     2.1496     3.1734     0.0000     0.0000 -120.57890   34.41180      99.46         14  0.000e+00
      72121   3005.000     15.137     15.246    14.0979    14.1020  40.505900  40.509020    14.0957    14.0998    33.5763    33.5756    25.0670    25.0656     7.5751     7.1283    230.938    217.314     2.3846     2.1502     0.1258     2.1191     3.1734     0.0000     0.0000 -120.57890   34.41180      99.46         14  0.000e+00
      72122   3005.042     15.143     15.253    14.0959    14.0993  40.504234  40.507289    14.0937    14.0971    33.5765    33.5763    25.0676    25.0668     7.5706     7.1339    230.798    217.487     2.3834     2.1514     0.1270     2.1496     3.1734     0.0000     0.0000 -120.57890   34.41180      99.46         14  0.000e+00
      72123   3005.083     15.137     15.247    14.0933    14.0980  40.501569  40.506556    14.0912    14.0959    33.5763    33.5768    25.0680    25.0674     7.5759     7.1341    230.959    217.492     2.3846     2.1514     0.1258     2.1191     3.1734     0.0000     0.0000 -120.57890   34.41180      99.46         14  0.000e+00
      72124   3005.125     15.137     15.247    14.0923    14.0981  40.500303  40.505091    14.0902    14.0960    33.5760    33.5753    25.0679    25.0663     7.5712     7.1342    230.816    217.494     2.3834     2.1514     0.1270     2.1496     3.1746     0.0000     0.0000 -120.57890   34.41180      99.44         14  0.000e+00
      72125   3005.167     15.143     15.253    14.0932    14.0973  40.501769  40.502493    14.0910    14.0951    33.5766    33.5737    25.0682    25.0651     7.5710     7.1344    230.811    217.501     2.3834     2.1514     0.1258     2.1191     3.1746     0.0000     0.0000 -120.57890   34.41180      99.46         14  0.000e+00
      72126   3005.208     15.137     15.247    14.0943    14.0959  40.503102  40.500961    14.0922    14.0937    33.5768    33.5735    25.0682    25.0653     7.5708     7.1346    230.805    217.507     2.3834     2.1514     0.1270     2.1496     3.1746     0.0000     0.0000 -120.57890   34.41180      99.46         14  0.000e+00
      72127   3005.250     15.097     15.206    14.0945    14.0949  40.503368  40.501827    14.0924    14.0928    33.5769    33.5751    25.0682    25.0667     7.5707     7.1293    230.803    217.347     2.3834     2.1502     0.1270     2.1496     3.1734     0.0000     0.0000 -120.57890   34.41180      99.46         14  0.000e+00
      72128   3005.292     15.137     15.247    14.0955    14.0953  40.504168  40.505624    14.0934    14.0931    33.5768    33.5783    25.0679    25.0692     7.5706     7.1292    230.800    217.342     2.3834     2.1502     0.1258     2.1191     3.1746     0.0000     0.0000 -120.57890   34.41180      99.46         14  0.000e+00
      72129   3005.333     15.137     15.247    14.0975    14.0970  40.506500  40.507289    14.0954    14.0948    33.5772    33.5784    25.0678    25.0689     7.5703     7.1342    230.789    217.495     2.3834     2.1514     0.1270     2.1496     3.1722     0.0000     0.0000 -120.57890   34.41180      99.46         14  0.000e+00
      72130   3005.375     15.143     15.253    14.0999    14.0979  40.508499  40.507689    14.0977    14.0957    33.5769    33.5780    25.0671    25.0683     7.5699     7.1341    230.779    217.492     2.3834     2.1514     0.1258     2.1191     3.1722     0.0000     0.0000 -120.57890   34.41180      99.46         14  0.000e+00
      72131   3005.417     15.090     15.200    14.1012    14.0968  40.508765  40.506157    14.0991    14.0946    33.5760    33.5775    25.0662    25.0682     7.5697     7.1290    230.772    217.335     2.3834     2.1502     0.1270     2.1496     3.1734     0.0000     0.0000 -120.57890   34.41180      99.46         14  0.000e+00
      72132   3005.458     15.090     15.200    14.1007    14.0946  40.507299  40.504625    14.0986    14.0924    33.5751    33.5780    25.0656    25.0691     7.5698     7.1346    230.776    217.505     2.3834     2.1514     0.1270     2.1496     3.1734     0.0000     0.0000 -120.57890   34.41180      99.46         14  0.000e+00
