West Coast/WCOA-7/CTD_Data/RB2102_CTD_105_01.ros
* Sea-Bird SBE 9 Data File:
* FileName = C:\Users\scs.user.rb\CTD\RB2102\Data\RB2102_CTD_105_01.hex
* Software Version Seasave V 7.26.7.107
* Temperature SN = 6202
* Conductivity SN = 4907
* Number of Bytes Per Scan = 41
* Number of Voltage Words = 4
* Number of Scans Averaged by the Deck Unit = 1
* NMEA Latitude = 35 28.62 N
* NMEA Longitude = 121 36.70 W
* NMEA UTC (Time) = Jul 15 2021  18:54:04
* NMEA baud rate = 4800
# nquan = 30
# nvalues = 991                                   
# units = specified
# name 0 = scan: Scan Count
# name 1 = timeS: Time, Elapsed [seconds]
# name 2 = depSM: Depth [salt water, m]
# name 3 = prDM: Pressure, Digiquartz [db]
# name 4 = t090C: Temperature [ITS-90, deg C]
# name 5 = t190C: Temperature, 2 [ITS-90, deg C]
# name 6 = c0mS/cm: Conductivity [mS/cm]
# name 7 = c1mS/cm: Conductivity, 2 [mS/cm]
# name 8 = potemp090C: Potential Temperature [ITS-90, deg C]
# name 9 = potemp190C: Potential Temperature, 2 [ITS-90, deg C]
# name 10 = sal00: Salinity, Practical [PSU]
# name 11 = sal11: Salinity, Practical, 2 [PSU]
# name 12 = sigma-é00: Density [sigma-theta, kg/m^3]
# name 13 = sigma-é11: Density, 2 [sigma-theta, kg/m^3]
# name 14 = sbeox0Mg/L: Oxygen, SBE 43 [mg/l]
# name 15 = sbeox1Mg/L: Oxygen, SBE 43, 2 [mg/l]
# name 16 = sbox0Mm/Kg: Oxygen, SBE 43 [umol/kg]
# name 17 = sbox1Mm/Kg: Oxygen, SBE 43, 2 [umol/kg]
# name 18 = sbeox0V: Oxygen raw, SBE 43 [V]
# name 19 = sbeox1V: Oxygen raw, SBE 43, 2 [V]
# name 20 = v4: Voltage 4
# name 21 = flECO-AFL: Fluorescence, WET Labs ECO-AFL/FL [mg/m^3]
# name 22 = v3: Voltage 3
# name 23 = v6: Voltage 6
# name 24 = v7: Voltage 7
# name 25 = longitude: Longitude [deg]
# name 26 = latitude: Latitude [deg]
# name 27 = altM: Altimeter [m]
# name 28 = nbf: Bottles Fired
# name 29 = flag:  0.000e+00
# interval = seconds: 0.0416667
# start_time = Jul 15 2021 18:54:04 [NMEA time, header]
# bad_flag = -9.990e-29
*END*
[from data line 532]
      90549   3772.833     79.591     80.189    10.0847    10.0860  37.120798  37.122921    10.0755    10.0769    33.8937    33.8946    26.0753    26.0758     3.6295     3.7250    110.541    113.450     1.3150     1.2845     0.0415     0.0129     3.1856     0.0488     0.0269 -121.61340   35.47566      99.66         12  0.000e+00
      90550   3772.875     79.644     80.242    10.0845    10.0860  37.120927  37.122793    10.0753    10.0769    33.8940    33.8945    26.0756    26.0757     3.6295     3.7251    110.542    113.451     1.3150     1.2845     0.0415     0.0129     3.1856     0.0488     0.0269 -121.61340   35.47566      99.66         12  0.000e+00
      90551   3772.917     79.644     80.242    10.0846    10.0865  37.121055  37.122986    10.0755    10.0773    33.8940    33.8942    26.0755    26.0754     3.6295     3.7250    110.542    113.450     1.3150     1.2845     0.0415     0.0129     3.1844     0.0488     0.0269 -121.61340   35.47566      99.66         12  0.000e+00
      90552   3772.958     79.591     80.189    10.0846    10.0865  37.121055  37.123243    10.0755    10.0774    33.8940    33.8945    26.0756    26.0756     3.6295     3.7250    110.541    113.449     1.3150     1.2845     0.0415     0.0129     3.1844     0.0501     0.0281 -121.61340   35.47566      99.66         12  0.000e+00
      90553   3773.000     79.644     80.242    10.0846    10.0864  37.120734  37.123114    10.0755    10.0772    33.8937    33.8945    26.0753    26.0756     3.6295     3.7250    110.542    113.450     1.3150     1.2845     0.0415     0.0129     3.1844     0.0501     0.0281 -121.61340   35.47566      99.63         12  0.000e+00
      90554   3773.042     79.591     80.189    10.0848    10.0867  37.120927  37.123114    10.0756    10.0775    33.8938    33.8942    26.0753    26.0754     3.6295     3.7250    110.541    113.449     1.3150     1.2845     0.0415     0.0129     3.1868     0.0488     0.0269 -121.61340   35.47566      99.63         12  0.000e+00
      90555   3773.083     79.591     80.189    10.0847    10.0865  37.120798  37.123243    10.0755    10.0773    33.8937    33.8945    26.0753    26.0756     3.6348     3.7250    110.704    113.449     1.3162     1.2845     0.0415     0.0129     3.1844     0.0488     0.0256 -121.61340   35.47566      99.66         12  0.000e+00
      90556   3773.125     79.591     80.189    10.0848    10.0867  37.120927  37.123629    10.0756    10.0776    33.8938    33.8947    26.0753    26.0757     3.6295     3.7250    110.541    113.448     1.3150     1.2845     0.0415     0.0129     3.1856     0.0488     0.0256 -121.61340   35.47566      99.63         12  0.000e+00
      90557   3773.167     79.545     80.142    10.0850    10.0868  37.120991  37.123243    10.0758    10.0777    33.8937    33.8942    26.0752    26.0753     3.6295     3.7249    110.540    113.448     1.3150     1.2845     0.0415     0.0129     3.1868     0.0488     0.0256 -121.61340   35.47566      99.63         12  0.000e+00
      90558   3773.208     79.631     80.229    10.0850    10.0871  37.121248  37.123243    10.0758    10.0780    33.8939    33.8939    26.0754    26.0750     3.6295     3.7250    110.541    113.449     1.3150     1.2845     0.0415     0.0129     3.1844     0.0488     0.0256 -121.61340   35.47566      99.63         12  0.000e+00
      90559   3773.250     79.545     80.142    10.0851    10.0867  37.121377  37.123114    10.0759    10.0775    33.8939    33.8942    26.0754    26.0754     3.6294     3.7250    110.539    113.448     1.3150     1.2845     0.0415     0.0129     3.1868     0.0488     0.0256 -121.61340   35.47566      99.63         12  0.000e+00
      90560   3773.292     79.591     80.189    10.0849    10.0868  37.121120  37.123114    10.0757    10.0776    33.8939    33.8941    26.0754    26.0752     3.6295     3.7250    110.540    113.449     1.3150     1.2845     0.0415     0.0129     3.1844     0.0488     0.0256 -121.61340   35.47566      99.63         12  0.000e+00
      90561   3773.333     79.545     80.142    10.0851    10.0867  37.120733  37.122921    10.0759    10.0776    33.8933    33.8940    26.0749    26.0752     3.6295     3.7250    110.540    113.448     1.3150     1.2845     0.0415     0.0129     3.1844     0.0488     0.0256 -121.61340   35.47566      99.66         12  0.000e+00
      90562   3773.375     79.545     80.142    10.0853    10.0865  37.120926  37.123050    10.0761    10.0773    33.8933    33.8943    26.0749    26.0755     3.6294     3.7250    110.539    113.449     1.3150     1.2845     0.0415     0.0129     3.1856     0.0501     0.0269 -121.61340   35.47566      99.63         12  0.000e+00
      90563   3773.417     79.545     80.142    10.0850    10.0867  37.121248  37.123114    10.0758    10.0775    33.8939    33.8942    26.0754    26.0754     3.6294     3.7250    110.540    113.448     1.3150     1.2845     0.0415     0.0129     3.1844     0.0501     0.0281 -121.61340   35.47566      99.66         12  0.000e+00
      90564   3773.458     79.545     80.142    10.0850    10.0865  37.121119  37.123500    10.0758    10.0773    33.8938    33.8948    26.0753    26.0758     3.6295     3.7250    110.540    113.448     1.3150     1.2845     0.0415     0.0129     3.1868     0.0501     0.0269 -121.61340   35.47566      99.63         12  0.000e+00
      90565   3773.500     79.499     80.096    10.0849    10.0864  37.120733  37.122985    10.0757    10.0772    33.8935    33.8944    26.0751    26.0756     3.6294     3.7250    110.539    113.448     1.3150     1.2845     0.0415     0.0129     3.1856     0.0501     0.0269 -121.61340   35.47566      99.63         12  0.000e+00
      90566   3773.542     79.545     80.142    10.0850    10.0865  37.120669  37.122985    10.0758    10.0773    33.8933    33.8943    26.0750    26.0754     3.6295     3.7250    110.540    113.449     1.3150     1.2845     0.0415     0.0129     3.1844     0.0501     0.0269 -121.61340   35.47566      99.66         12  0.000e+00
      90567   3773.583     79.446     80.042    10.0850    10.0864  37.121183  37.123114    10.0758    10.0772    33.8939    33.8946    26.0754    26.0757     3.6294     3.7191    110.538    113.270     1.3150     1.2833     0.0415     0.0129     3.1844     0.0525     0.0317 -121.61340   35.47566      99.66         12  0.000e+00
      90568   3773.625     79.545     80.142    10.0851    10.0864  37.121570  37.123243    10.0759    10.0772    33.8941    33.8947    26.0756    26.0758     3.6294     3.7250    110.539    113.449     1.3150     1.2845     0.0415     0.0129     3.1856     0.0574     0.0379 -121.61340   35.47566      99.63         12  0.000e+00
      90569   3773.667     79.499     80.096    10.0855    10.0862  37.121634  37.122921    10.0763    10.0770    33.8939    33.8945    26.0753    26.0757     3.6294     3.7250    110.538    113.449     1.3150     1.2845     0.0415     0.0129     3.1856     0.0574     0.0354 -121.61340   35.47566      99.66         12  0.000e+00
      90570   3773.708     79.446     80.042    10.0858    10.0859  37.121441  37.122792    10.0767    10.0767    33.8934    33.8947    26.0748    26.0759     3.6293     3.7250    110.536    113.449     1.3150     1.2845     0.0415     0.0129     3.1844     0.0537     0.0293 -121.61340   35.47566      99.66         12  0.000e+00
      90571   3773.750     79.499     80.096    10.0858    10.0857  37.121570  37.122599    10.0766    10.0765    33.8935    33.8946    26.0750    26.0759     3.6294     3.7192    110.537    113.272     1.3150     1.2833     0.0415     0.0129     3.1856     0.0501     0.0256 -121.61340   35.47566      99.63         12  0.000e+00
      90572   3773.792     79.485     80.082    10.0856    10.0858  37.121698  37.122471    10.0764    10.0767    33.8938    33.8944    26.0752    26.0756     3.6294     3.7250    110.537    113.450     1.3150     1.2845     0.0415     0.0129     3.1868     0.0525     0.0293 -121.61340   35.47566      99.63         12  0.000e+00
      90573   3773.833     79.446     80.042    10.0856    10.0858  37.121119  37.122663    10.0764    10.0767    33.8932    33.8946    26.0748    26.0758     3.6294     3.7250    110.537    113.449     1.3150     1.2845     0.0415     0.0129     3.1856     0.0537     0.0330 -121.61340   35.47566      99.66         12  0.000e+00
      90574   3773.875     79.446     80.042    10.0855    10.0857  37.121248  37.122856    10.0763    10.0766    33.8935    33.8949    26.0750    26.0761     3.6294     3.7250    110.537    113.449     1.3150     1.2845     0.0415     0.0129     3.1844     0.0537     0.0305 -121.61340   35.47566      99.63         12  0.000e+00
      90575   3773.917     79.446     80.042    10.0855    10.0862  37.121570  37.122792    10.0763    10.0771    33.8938    33.8944    26.0753    26.0756     3.6294     3.7249    110.537    113.448     1.3150     1.2845     0.0415     0.0129     3.1868     0.0513     0.0281 -121.61340   35.47566      99.63         12  0.000e+00
      90576   3773.958     79.446     80.042    10.0856    10.0862  37.121698  37.122985    10.0765    10.0770    33.8938    33.8946    26.0752    26.0758     3.6294     3.7249    110.537    113.448     1.3150     1.2845     0.0415     0.0129     3.1844     0.0501     0.0269 -121.61340   35.47566      99.63         12  0.000e+00
      90577   3774.000     79.446     80.042    10.0858    10.0864  37.121376  37.122921    10.0766    10.0772    33.8933    33.8944    26.0748    26.0755     3.6293     3.7191    110.537    113.270     1.3150     1.2833     0.0415     0.0129     3.1856     0.0488     0.0256 -121.61340   35.47566      99.63         12  0.000e+00
      90578   3774.042     79.446     80.042    10.0856    10.0864  37.121570  37.123049    10.0764    10.0772    33.8937    33.8945    26.0751    26.0756     3.6294     3.7249    110.537    113.447     1.3150     1.2845     0.0415     0.0129     3.1844     0.0488     0.0256 -121.61340   35.47566      99.66         12  0.000e+00
      90579   3774.083     79.399     79.996    10.0859    10.0864  37.121441  37.123306    10.0768    10.0772    33.8933    33.8948    26.0748    26.0759     3.6293     3.7191    110.536    113.269     1.3150     1.2833     0.0415     0.0129     3.1868     0.0488     0.0269 -121.61340   35.47566      99.63         12  0.000e+00
      90580   3774.125     79.399     79.996    10.0859    10.0867  37.121891  37.123564    10.0768    10.0775    33.8937    33.8947    26.0751    26.0758     3.6293     3.7190    110.535    113.268     1.3150     1.2833     0.0415     0.0129     3.1844     0.0488     0.0269 -121.61340   35.47566      99.66         12  0.000e+00
      90581   3774.167     79.446     80.042    10.0860    10.0870  37.122084  37.123435    10.0769    10.0778    33.8938    33.8943    26.0752    26.0754     3.6293     3.7191    110.536    113.269     1.3150     1.2833     0.0415     0.0129     3.1844     0.0488     0.0269 -121.61340   35.47566      99.63         12  0.000e+00
      90582   3774.208     79.353     79.949    10.0861    10.0871  37.121698  37.123628    10.0770    10.0780    33.8934    33.8944    26.0748    26.0754     3.6293     3.7248    110.534    113.444     1.3150     1.2845     0.0415     0.0129     3.1856     0.0488     0.0281 -121.61340   35.47566      99.63         12  0.000e+00
      90583   3774.250     79.399     79.996    10.0861    10.0877  37.121955  37.123885    10.0770    10.0785    33.8936    33.8942    26.0750    26.0752     3.6293     3.7248    110.535    113.444     1.3150     1.2845     0.0415     0.0129     3.1844     0.0513     0.0305 -121.61340   35.47566      99.63         12  0.000e+00
      94243   3926.750     59.664     60.109    10.2275    10.2287  37.217494  37.219428    10.2206    10.2218    33.8673    33.8681    26.0300    26.0304     3.7634     3.8601    114.625    117.568     1.3504     1.3175     0.0415     0.0129     3.1844     0.0501     0.0427 -121.61352   35.47558      99.63         13  0.000e+00
      94244   3926.792     59.445     59.888    10.2278    10.2284  37.217429  37.219492    10.2209    10.2215    33.8670    33.8685    26.0297    26.0308     3.7633     3.8658    114.622    117.742     1.3504     1.3187     0.0427     0.0434     3.1832     0.0501     0.0452 -121.61352   35.47558      99.63         13  0.000e+00
      94245   3926.833     59.564     60.009    10.2275    10.2288  37.217172  37.220007    10.2206    10.2219    33.8670    33.8686    26.0297    26.0308     3.7634     3.8600    114.624    117.566     1.3504     1.3175     0.0415     0.0129     3.1844     0.0501     0.0427 -121.61352   35.47558      99.63         13  0.000e+00
      94246   3926.875     59.637     60.082    10.2275    10.2286  37.217301  37.219363    10.2206    10.2216    33.8671    33.8682    26.0298    26.0305     3.7634     3.8601    114.625    117.568     1.3504     1.3175     0.0415     0.0129     3.1844     0.0488     0.0415 -121.61352   35.47558      99.61         13  0.000e+00
      94247   3926.917     59.491     59.935    10.2271    10.2289  37.217171  37.219685    10.2202    10.2220    33.8674    33.8682    26.0301    26.0305     3.7634     3.8657    114.624    117.741     1.3504     1.3187     0.0415     0.0129     3.1844     0.0476     0.0403 -121.61352   35.47558      99.63         13  0.000e+00
      94248   3926.958     59.611     60.056    10.2269    10.2287  37.217107  37.219556    10.2199    10.2218    33.8675    33.8683    26.0302    26.0305     3.7635     3.8600    114.626    117.567     1.3504     1.3175     0.0415     0.0129     3.1832     0.0476     0.0403 -121.61352   35.47558      99.63         13  0.000e+00
      94249   3927.000     59.538     59.982    10.2267    10.2287  37.217107  37.219749    10.2198    10.2218    33.8677    33.8685    26.0304    26.0307     3.7634     3.8600    114.625    117.566     1.3504     1.3175     0.0415     0.0129     3.1844     0.0464     0.0391 -121.61352   35.47558      99.61         13  0.000e+00
      94250   3927.042     59.564     60.009    10.2266    10.2287  37.216850  37.219621    10.2197    10.2218    33.8675    33.8683    26.0303    26.0306     3.7635     3.8600    114.626    117.566     1.3504     1.3175     0.0415     0.0129     3.1844     0.0476     0.0415 -121.61352   35.47558      99.63         13  0.000e+00
      94251   3927.083     59.538     59.982    10.2269    10.2286  37.217236  37.219492    10.2200    10.2216    33.8677    33.8684    26.0304    26.0306     3.7634     3.8658    114.625    117.743     1.3504     1.3187     0.0415     0.0129     3.1832     0.0488     0.0440 -121.61352   35.47558      99.63         13  0.000e+00
      94252   3927.125     59.518     59.962    10.2267    10.2288  37.217429  37.220007    10.2198    10.2219    33.8680    33.8686    26.0307    26.0308     3.7634     3.8600    114.625    117.565     1.3504     1.3175     0.0415     0.0129     3.1844     0.0501     0.0440 -121.61352   35.47558      99.63         13  0.000e+00
      94253   3927.167     59.591     60.036    10.2270    10.2289  37.217430  37.219621    10.2201    10.2220    33.8677    33.8681    26.0304    26.0304     3.7634     3.8658    114.625    117.743     1.3504     1.3187     0.0415     0.0129     3.1832     0.0476     0.0403 -121.61352   35.47558      99.63         13  0.000e+00
      94254   3927.208     59.492     59.935    10.2270    10.2289  37.217622  37.219749    10.2201    10.2220    33.8680    33.8683    26.0306    26.0305     3.7634     3.8599    114.624    117.565     1.3504     1.3175     0.0415     0.0129     3.1844     0.0464     0.0379 -121.61352   35.47558      99.61         13  0.000e+00
      94255   3927.250     59.565     60.009    10.2272    10.2292  37.217494  37.219814    10.2203    10.2222    33.8676    33.8681    26.0303    26.0303     3.7634     3.8600    114.624    117.565     1.3504     1.3175     0.0415     0.0129     3.1844     0.0464     0.0379 -121.61352   35.47558      99.61         13  0.000e+00
