West Coast/WCOA-7/CTD_Data/RB2102_CTD_124_01.ros
* Sea-Bird SBE 9 Data File:
* FileName = C:\Users\scs.user.rb\CTD\RB2102\Data\RB2102_CTD_124_01.hex
* Software Version Seasave V 7.26.7.107
* Temperature SN = 6202
* Conductivity SN = 4907
* Number of Bytes Per Scan = 41
* Number of Voltage Words = 4
* Number of Scans Averaged by the Deck Unit = 1
* NMEA Latitude = 33 29.08 N
* NMEA Longitude = 117 46.04 W
* NMEA UTC (Time) = Jul 20 2021  07:55:02
* NMEA baud rate = 4800
# nquan = 30
# nvalues = 882                                   
# units = specified
# name 0 = scan: Scan Count
# name 1 = timeS: Time, Elapsed [seconds]
# name 2 = depSM: Depth [salt water, m]
# name 3 = prDM: Pressure, Digiquartz [db]
# name 4 = t090C: Temperature [ITS-90, deg C]
# name 5 = t190C: Temperature, 2 [ITS-90, deg C]
# name 6 = c0mS/cm: Conductivity [mS/cm]
# name 7 = c1mS/cm: Conductivity, 2 [mS/cm]
# name 8 = potemp090C: Potential Temperature [ITS-90, deg C]
# name 9 = potemp190C: Potential Temperature, 2 [ITS-90, deg C]
# name 10 = sal00: Salinity, Practical [PSU]
# name 11 = sal11: Salinity, Practical, 2 [PSU]
# name 12 = sigma-é00: Density [sigma-theta, kg/m^3]
# name 13 = sigma-é11: Density, 2 [sigma-theta, kg/m^3]
# name 14 = sbeox0Mg/L: Oxygen, SBE 43 [mg/l]
# name 15 = sbeox1Mg/L: Oxygen, SBE 43, 2 [mg/l]
# name 16 = sbox0Mm/Kg: Oxygen, SBE 43 [umol/kg]
# name 17 = sbox1Mm/Kg: Oxygen, SBE 43, 2 [umol/kg]
# name 18 = sbeox0V: Oxygen raw, SBE 43 [V]
# name 19 = sbeox1V: Oxygen raw, SBE 43, 2 [V]
# name 20 = v4: Voltage 4
# name 21 = flECO-AFL: Fluorescence, WET Labs ECO-AFL/FL [mg/m^3]
# name 22 = v3: Voltage 3
# name 23 = v6: Voltage 6
# name 24 = v7: Voltage 7
# name 25 = longitude: Longitude [deg]
# name 26 = latitude: Latitude [deg]
# name 27 = altM: Altimeter [m]
# name 28 = nbf: Bottles Fired
# name 29 = flag:  0.000e+00
# interval = seconds: 0.0416667
# start_time = Jul 20 2021 07:55:02 [NMEA time, header]
# bad_flag = -9.990e-29
*END*
[from data line 871]
      33426   1392.708      3.256      3.279    21.4794    21.4858  47.572631  47.579699    21.4788    21.4852    33.5285    33.5291    23.2440    23.2426     8.2895     7.7337    253.167    236.192     2.8840     2.5812     0.0696     0.7149     3.1258     0.0000     0.0049 -117.76794   33.48380      63.13         18  0.000e+00
      33427   1392.750      3.256      3.279    21.4795    21.4865  47.573272  47.580197    21.4788    21.4858    33.5289    33.5290    23.2443    23.2424     8.2895     7.7336    253.166    236.190     2.8840     2.5812     0.0696     0.7149     3.1245     0.0000     0.0061 -117.76794   33.48380      63.00         18  0.000e+00
      33428   1392.792      3.203      3.226    21.4801    21.4867  47.573627  47.580055    21.4795    21.4860    33.5288    33.5287    23.2440    23.2421     8.2894     7.7381    253.162    236.326     2.8840     2.5824     0.0696     0.7149     3.1258     0.0000     0.0049 -117.76794   33.48380      62.98         18  0.000e+00
      33429   1392.833      3.256      3.279    21.4807    21.4869  47.573770  47.580197    21.4801    21.4862    33.5284    33.5286    23.2435    23.2420     8.2894     7.7381    253.162    236.327     2.8840     2.5824     0.0696     0.7149     3.1245     0.0000     0.0049 -117.76794   33.48380      62.98         18  0.000e+00
      33430   1392.875      3.269      3.292    21.4804    21.4870  47.573485  47.580055    21.4798    21.4864    33.5284    33.5284    23.2436    23.2418     8.2936     7.7336    253.292    236.188     2.8852     2.5812     0.0696     0.7149     3.1245     0.0000     0.0061 -117.76794   33.48380      62.98         18  0.000e+00
      33431   1392.917      3.203      3.226    21.4804    21.4867  47.573200  47.579343    21.4797    21.4860    33.5282    33.5281    23.2435    23.2417     8.2936     7.7336    253.291    236.188     2.8852     2.5812     0.0696     0.7149     3.1245     0.0000     0.0049 -117.76794   33.48380      62.98         18  0.000e+00
      33432   1392.958      3.302      3.326    21.4801    21.4860  47.573343  47.578846    21.4795    21.4853    33.5285    33.5283    23.2438    23.2420     8.2979     7.7383    253.424    236.333     2.8864     2.5824     0.0696     0.7149     3.1245     0.0000     0.0061 -117.76794   33.48380      62.95         18  0.000e+00
      33433   1393.000      3.256      3.279    21.4804    21.4847  47.573628  47.577778    21.4797    21.4841    33.5285    33.5284    23.2437    23.2424     8.2978     7.7385    253.421    236.337     2.8864     2.5824     0.0696     0.7149     3.1245     0.0000     0.0061 -117.76794   33.48380      62.93         18  0.000e+00
      33434   1393.042      3.256      3.279    21.4804    21.4835  47.573770  47.576355    21.4797    21.4829    33.5286    33.5282    23.2438    23.2427     8.2978     7.7341    253.421    236.204     2.8864     2.5812     0.0696     0.7149     3.1258     0.0000     0.0061 -117.76794   33.48380      62.91         18  0.000e+00
      33435   1393.083      3.302      3.326    21.4804    21.4826  47.573485  47.575928    21.4798    21.4820    33.5283    33.5286    23.2436    23.2431     8.2979     7.7343    253.422    236.209     2.8864     2.5812     0.0696     0.7149     3.1245     0.0000     0.0061 -117.76794   33.48380      62.91         18  0.000e+00
      33436   1393.125      3.269      3.292    21.4807    21.4821  47.573414  47.575928    21.4801    21.4814    33.5281    33.5290    23.2433    23.2436     8.2978     7.7388    253.420    236.348     2.8864     2.5824     0.0696     0.7149     3.1245     0.0000     0.0049 -117.76794   33.48380      62.91         18  0.000e+00
