West Coast/WCOA-7/CTD_Data/RB2102_CTD_043_01.ros
* Sea-Bird SBE 9 Data File:
* FileName = C:\Users\scs.user.rb\CTD\RB2102\Data\RB2102_CTD_043_01.hex
* Software Version Seasave V 7.26.7.107
* Temperature SN = 6202
* Conductivity SN = 4907
* Number of Bytes Per Scan = 41
* Number of Voltage Words = 4
* Number of Scans Averaged by the Deck Unit = 1
* NMEA Latitude = 47 06.91 N
* NMEA Longitude = 124 14.84 W
* NMEA UTC (Time) = Jul 02 2021  20:40:23
* NMEA baud rate = 4800
# nquan = 30
# nvalues = 470                                   
# units = specified
# name 0 = scan: Scan Count
# name 1 = timeS: Time, Elapsed [seconds]
# name 2 = depSM: Depth [salt water, m]
# name 3 = prDM: Pressure, Digiquartz [db]
# name 4 = t090C: Temperature [ITS-90, deg C]
# name 5 = t190C: Temperature, 2 [ITS-90, deg C]
# name 6 = c0mS/cm: Conductivity [mS/cm]
# name 7 = c1mS/cm: Conductivity, 2 [mS/cm]
# name 8 = potemp090C: Potential Temperature [ITS-90, deg C]
# name 9 = potemp190C: Potential Temperature, 2 [ITS-90, deg C]
# name 10 = sal00: Salinity, Practical [PSU]
# name 11 = sal11: Salinity, Practical, 2 [PSU]
# name 12 = sigma-é00: Density [sigma-theta, kg/m^3]
# name 13 = sigma-é11: Density, 2 [sigma-theta, kg/m^3]
# name 14 = sbeox0Mg/L: Oxygen, SBE 43 [mg/l]
# name 15 = sbeox1Mg/L: Oxygen, SBE 43, 2 [mg/l]
# name 16 = sbox0Mm/Kg: Oxygen, SBE 43 [umol/kg]
# name 17 = sbox1Mm/Kg: Oxygen, SBE 43, 2 [umol/kg]
# name 18 = sbeox0V: Oxygen raw, SBE 43 [V]
# name 19 = sbeox1V: Oxygen raw, SBE 43, 2 [V]
# name 20 = v4: Voltage 4
# name 21 = flECO-AFL: Fluorescence, WET Labs ECO-AFL/FL [mg/m^3]
# name 22 = v3: Voltage 3
# name 23 = v6: Voltage 6
# name 24 = v7: Voltage 7
# name 25 = longitude: Longitude [deg]
# name 26 = latitude: Latitude [deg]
# name 27 = altM: Altimeter [m]
# name 28 = nbf: Bottles Fired
# name 29 = flag:  0.000e+00
# interval = seconds: 0.0416667
# start_time = Jul 02 2021 20:40:23 [NMEA time, header]
# bad_flag = -9.990e-29
*END*
      11117    463.167     17.573     17.721    14.4302    14.2969  38.542367  38.460033    14.4276    14.2944    31.4941    31.5275    23.3913    23.4447     8.7903     9.1482    268.422    279.336     2.6752     2.5983     0.1404     2.4854     3.2857     0.7131     0.0000 -124.24724   47.11452       4.66          1  0.000e+00
      11118    463.208     17.427     17.574    14.4286    14.2946  38.539884  38.458532    14.4261    14.2921    31.4932    31.5282    23.3909    23.4457     8.7905     9.1485    268.428    279.344     2.6752     2.5983     0.1404     2.4854     3.2869     0.7131     0.0000 -124.24724   47.11452       4.69          1  0.000e+00
      11119    463.250     17.573     17.721    14.4271    14.3025  38.537533  38.457227    14.4246    14.3000    31.4922    31.5205    23.3904    23.4381     8.7861     9.1422    268.293    279.153     2.6740     2.5971     0.1404     2.4854     3.2869     0.7131     0.0000 -124.24724   47.11452       4.69          1  0.000e+00
      11120    463.292     17.573     17.721    14.4266    14.3136  38.536096  38.456182    14.4241    14.3111    31.4913    31.5104    23.3899    23.4280     8.7862     9.1405    268.297    279.106     2.6740     2.5971     0.1404     2.4854     3.2869     0.7131     0.0000 -124.24724   47.11452       4.69          1  0.000e+00
      11121    463.333     17.520     17.667    14.4277    14.3186  38.535442  38.454746    14.4252    14.3161    31.4898    31.5051    23.3885    23.4229     8.7811     9.1398    268.142    279.085     2.6728     2.5971     0.1404     2.4854     3.2857     0.7131     0.0000 -124.24724   47.11452       4.69          1  0.000e+00
      11122    463.375     17.573     17.721    14.4244    14.3153  38.534528  38.450963    14.4219    14.3128    31.4916    31.5043    23.3906    23.4229     8.7768     9.1352    268.009    278.945     2.6716     2.5958     0.1392     2.4549     3.2857     0.7131     0.0000 -124.24724   47.11452       4.69          1  0.000e+00
      11123    463.417     17.573     17.721    14.4204    14.3086  38.533680  38.446137    14.4179    14.3061    31.4941    31.5054    23.3933    23.4252     8.7774     9.1365    268.026    278.983     2.6716     2.5958     0.1392     2.4549     3.2869     0.7131     0.0000 -124.24724   47.11452       4.69          1  0.000e+00
      11124    463.458     17.573     17.721    14.4187    14.2989  38.534333  38.440595    14.4162    14.2964    31.4961    31.5082    23.3952    23.4293     8.7776     9.1329    268.032    278.873     2.6716     2.5946     0.1392     2.4549     3.2869     0.7131     0.0000 -124.24724   47.11452       4.66          1  0.000e+00
      11125    463.500     17.573     17.721    14.4172    14.2882  38.535640  38.437922    14.4147    14.2857    31.4985    31.5145    23.3974    23.4365     8.7728     9.1347    267.886    278.925     2.6703     2.5946     0.1392     2.4549     3.2869     0.7131     0.0000 -124.24724   47.11452       4.64          1  0.000e+00
      11126    463.542     17.573     17.721    14.4227    14.2773  38.542890  38.436945    14.4202    14.2748    31.5007    31.5225    23.3979    23.4448     8.7668     9.1310    267.702    278.812     2.6691     2.5934     0.1392     2.4549     3.2857     0.7131     0.0000 -124.24724   47.11452       4.64          1  0.000e+00
      11127    463.583     17.573     17.721    14.4429    14.2664  38.554779  38.434990    14.4404    14.2639    31.4950    31.5296    23.3893    23.4526     8.7585     9.1328    267.452    278.864     2.6679     2.5934     0.1392     2.4549     3.2857     0.7131     0.0000 -124.24724   47.11452       4.64          1  0.000e+00
      11128    463.625     17.573     17.721    14.4554    14.2562  38.563533  38.432187    14.4529    14.2537    31.4929    31.5353    23.3851    23.4591     8.7564     9.1292    267.388    278.751     2.6679     2.5922     0.1392     2.4549     3.2869     0.7131     0.0000 -124.24724   47.11452       4.64          1  0.000e+00
      11129    463.667     17.625     17.774    14.4601    14.2488  38.566669  38.429905    14.4576    14.2463    31.4919    31.5393    23.3833    23.4637     8.7507     9.1305    267.216    278.790     2.6667     2.5922     0.1392     2.4549     3.2869     0.7131     0.0000 -124.24724   47.11452       4.64          1  0.000e+00
      11130    463.708     17.520     17.667    14.4684    14.2444  38.568106  38.429449    14.4659    14.2419    31.4865    31.5425    23.3775    23.4671     8.7494     9.1257    267.177    278.643     2.6667     2.5910     0.1392     2.4549     3.2857     0.7131     0.0000 -124.24724   47.11452       4.64          1  0.000e+00
      11131    463.750     17.572     17.721    14.4727    14.2442  38.570458  38.433949    14.4702    14.2418    31.4851    31.5467    23.3755    23.4704     8.7390     9.1202    266.858    278.475     2.6642     2.5897     0.1392     2.4549     3.2869     0.7131     0.0000 -124.24724   47.11452       4.66          1  0.000e+00
      11132    463.792     17.572     17.721    14.4717    14.2548  38.571896  38.445361    14.4692    14.2523    31.4872    31.5485    23.3773    23.4696     8.7390     9.1180    266.860    278.408     2.6642     2.5897     0.1392     2.4549     3.2857     0.7131     0.0000 -124.24724   47.11452       4.66          1  0.000e+00
      11133    463.833     17.572     17.721    14.4709    14.2740  38.573399  38.459188    14.4684    14.2715    31.4892    31.5455    23.3791    23.4633     8.7440     9.1090    267.010    278.136     2.6654     2.5885     0.1392     2.4549     3.2857     0.7131     0.0000 -124.24724   47.11452       4.66          1  0.000e+00
      11134    463.875     17.572     17.721    14.4838    14.2883  38.579214  38.467210    14.4813    14.2858    31.4840    31.5411    23.3723    23.4569     8.7321     9.1065    266.650    278.058     2.6630     2.5885     0.1392     2.4549     3.2882     0.7131     0.0000 -124.24724   47.11452       4.66          1  0.000e+00
      11135    463.917     17.572     17.720    14.5054    14.2947  38.591629  38.469558    14.5029    14.2922    31.4778    31.5381    23.3630    23.4532     8.7187     9.1000    266.244    277.863     2.6606     2.5873     0.1392     2.4549     3.2882     0.7131     0.0000 -124.24724   47.11452       4.66          1  0.000e+00
      11136    463.958     17.526     17.674    14.5332    14.2952  38.602477  38.473537    14.5307    14.2928    31.4651    31.5413    23.3474    23.4556     8.7144     9.0944    266.115    277.689     2.6606     2.5861     0.1392     2.4549     3.2882     0.7131     0.0000 -124.24724   47.11452       4.69          1  0.000e+00
      11137    464.000     17.572     17.720    14.5584    14.2934  38.615156  38.484630    14.5559    14.2909    31.4561    31.5529    23.3353    23.4650     8.7153     9.0888    266.145    277.517     2.6618     2.5849     0.1392     2.4549     3.2857     0.7131     0.0000 -124.24724   47.11452       4.71          1  0.000e+00
      11138    464.042     17.526     17.674    14.5893    14.2986  38.635684  38.500552    14.5868    14.2961    31.4498    31.5632    23.3239    23.4718     8.7051     9.0818    265.838    277.301     2.6606     2.5836     0.1392     2.4549     3.2882     0.7131     0.0000 -124.24724   47.11452       4.71          1  0.000e+00
      11139    464.083     17.520     17.667    14.6283    14.3133  38.656345  38.524439    14.6258    14.3108    31.4369    31.5730    23.3058    23.4763     8.6988     9.0783    265.649    277.195     2.6606     2.5836     0.1392     2.4549     3.2857     0.7131     0.0000 -124.24724   47.11452       4.71          1  0.000e+00
      11140    464.125     17.526     17.674    14.6795    14.3330  38.676748  38.542912    14.6769    14.3305    31.4140    31.5738    23.2775    23.4729     8.6860     9.0638    265.265    276.751     2.6593     2.5812     0.1392     2.4549     3.2857     0.7131     0.0000 -124.24724   47.11452       4.71          1  0.000e+00
      11141    464.167     17.473     17.620    14.7268    14.3580  38.694866  38.556947    14.7243    14.3555    31.3922    31.5662    23.2507    23.4618     8.6786     9.0539    265.048    276.452     2.6593     2.5800     0.1392     2.4549     3.2869     0.7131     0.0000 -124.24724   47.11452       4.71          1  0.000e+00
      11142    464.208     17.526     17.674    14.7533    14.3866  38.711091  38.563539    14.7508    14.3841    31.3855    31.5488    23.2399    23.4425     8.6694     9.0493    264.770    276.317     2.6581     2.5800     0.1392     2.4549     3.2869     0.7131     0.0000 -124.24724   47.11452       4.74          1  0.000e+00
      11143    464.250     17.473     17.620    14.7823    14.4073  38.728759  38.572157    14.7798    14.4048    31.3781    31.5399    23.2281    23.4313     8.6646     9.0404    264.625    276.048     2.6581     2.5788     0.1392     2.4549     3.2869     0.7131     0.0000 -124.24724   47.11452       4.79          1  0.000e+00
      11144    464.292     17.427     17.574    14.8032    14.4264  38.743551  38.583324    14.8006    14.4239    31.3746    31.5345    23.2210    23.4232     8.6561     9.0316    264.369    275.781     2.6569     2.5775     0.1392     2.4549     3.2869     0.7131     0.0000 -124.24724   47.11452       4.79          1  0.000e+00
      11145    464.333     17.519     17.667    14.8089    14.4424  38.751996  38.593251    14.8064    14.4399    31.3776    31.5305    23.2221    23.4168     8.6502     9.0235    264.187    275.535     2.6557     2.5763     0.1392     2.4549     3.2869     0.7131     0.0000 -124.24724   47.11452       4.79          1  0.000e+00
      11146    464.375     17.420     17.567    14.8170    14.4510  38.755726  38.605466    14.8144    14.4485    31.3745    31.5346    23.2180    23.4182     8.6488     9.0161    264.146    275.310     2.6557     2.5751     0.1392     2.4549     3.2869     0.7131     0.0000 -124.24724   47.11452       4.79          1  0.000e+00
      11147    464.417     17.427     17.574    14.8160    14.4687  38.755399  38.621668    14.8134    14.4662    31.3750    31.5349    23.2186    23.4147     8.6441     9.0073    264.002    275.043     2.6545     2.5739     0.1392     2.4549     3.2869     0.7131     0.0000 -124.24724   47.11452       4.79          1  0.000e+00
      11148    464.458     17.420     17.567    14.8121    14.4841  38.757036  38.627612    14.8096    14.4816    31.3796    31.5278    23.2230    23.4060     8.6445     8.9994    264.014    274.803     2.6545     2.5726     0.1477     2.6685     3.2869     0.7131     0.0000 -124.24724   47.11452       4.84          1  0.000e+00
      11149    464.500     17.427     17.574    14.8156    14.4925  38.762274  38.625978    14.8131    14.4900    31.3815    31.5195    23.2237    23.3979     8.6438     8.9929    263.992    274.608     2.6545     2.5714     0.1538     2.8212     3.2857     0.7131     0.0000 -124.24724   47.11452       4.88          1  0.000e+00
      11150    464.542     17.374     17.520    14.8229    14.5034  38.769804  38.629636    14.8203    14.5009    31.3825    31.5140    23.2229    23.3914     8.6376     8.9858    263.801    274.390     2.6532     2.5702     0.1551     2.8517     3.2869     0.7131     0.0000 -124.24724   47.11452       4.88          1  0.000e+00
      11151    464.583     17.380     17.527    14.8336    14.5172  38.776285  38.634339    14.8311    14.5147    31.3797    31.5071    23.2185    23.3831     8.6309     8.9782    263.600    274.161     2.6520     2.5690     0.1538     2.8212     3.2857     0.7131     0.0000 -124.24724   47.11452       4.88          1  0.000e+00
      11152    464.625     17.374     17.520    14.8483    14.5289  38.783160  38.632835    14.8457    14.5264    31.3741    31.4962    23.2110    23.3723     8.6286     8.9712    263.531    273.950     2.6520     2.5678     0.1538     2.8212     3.2857     0.7131     0.0000 -124.24724   47.11452       4.88          1  0.000e+00
      11153    464.667     17.328     17.473    14.8664    14.5350  38.792262  38.625907    14.8638    14.5325    31.3677    31.4850    23.2023    23.3624     8.6208     8.9599    263.296    273.610     2.6508     2.5653     0.1538     2.8212     3.2869     0.7131     0.0000 -124.24724   47.11452       4.88          1  0.000e+00
      11154    464.708     17.374     17.520    14.8806    14.5389  38.799531  38.623162    14.8780    14.5364    31.3628    31.4793    23.1956    23.3572     8.6138     8.9596    263.082    273.600     2.6496     2.5653     0.1538     2.8212     3.2869     0.7131     0.0000 -124.24724   47.11452       4.91          1  0.000e+00
      11155    464.750     17.275     17.420    14.8878    14.5458  38.806735  38.625709    14.8853    14.5433    31.3635    31.4760    23.1946    23.3532     8.6124     8.9530    263.039    273.400     2.6496     2.5641     0.1538     2.8212     3.2869     0.7131     0.0000 -124.24724   47.11452       4.96          1  0.000e+00
      11156    464.792     17.328     17.473    14.9006    14.5534  38.814988  38.628453    14.8981    14.5509    31.3606    31.4724    23.1896    23.3488     8.6103     8.9465    262.977    273.202     2.6496     2.5629     0.1538     2.8212     3.2857     0.7131     0.0000 -124.24724   47.11452       4.96          1  0.000e+00
      11157    464.833     17.228     17.373    14.9087    14.5582  38.820687  38.629628    14.9062    14.5557    31.3593    31.4696    23.1869    23.3457     8.6040     8.9403    262.785    273.014     2.6484     2.5617     0.1538     2.8212     3.2857     0.7143     0.0000 -124.24724   47.11452       4.96          1  0.000e+00
      11158    464.875     17.281     17.427    14.9173    14.5634  38.826255  38.633287    14.9148    14.5609    31.3574    31.4687    23.1836    23.3439     8.5978     8.9341    262.596    272.825     2.6471     2.5604     0.1538     2.8212     3.2857     0.7143     0.0000 -124.24724   47.11452       4.93          1  0.000e+00
      11159    464.917     17.275     17.420    14.9275    14.5737  38.832020  38.637469    14.9250    14.5712    31.3544    31.4641    23.1791    23.3382     8.5961     8.9323    262.547    272.773     2.6471     2.5604     0.1538     2.8212     3.2869     0.7143     0.0000 -124.24724   47.11452       4.96          1  0.000e+00
      11160    464.958     17.182     17.327    14.9345    14.5853  38.836213  38.642499    14.9320    14.5828    31.3526    31.4594    23.1762    23.3321     8.5949     8.9250    262.510    272.550     2.6471     2.5592     0.1538     2.8212     3.2857     0.7143     0.0000 -124.24724   47.11452       5.01          1  0.000e+00
      11161    465.000     17.228     17.373    14.9389    14.5951  38.837916  38.651976    14.9364    14.5926    31.3506    31.4600    23.1737    23.3305     8.5943     8.9178    262.491    272.331     2.6471     2.5580     0.1538     2.8212     3.2869     0.7143     0.0000 -124.24724   47.11452       5.08          1  0.000e+00
      11162    465.042     17.175     17.320    14.9406    14.6086  38.838898  38.666355    14.9381    14.6062    31.3501    31.4620    23.1730    23.3293     8.5939     8.9150    262.481    272.247     2.6471     2.5580     0.1538     2.8212     3.2857     0.7143     0.0000 -124.24724   47.11452       5.08          1  0.000e+00
      11163    465.083     17.182     17.327    14.9423    14.6329  38.840471  38.682893    14.9397    14.6304    31.3502    31.4574    23.1727    23.3206     8.5888     8.9053    262.324    271.953     2.6459     2.5568     0.1538     2.8212     3.2869     0.7143     0.0000 -124.24724   47.11452       5.10          1  0.000e+00
      11164    465.125     17.175     17.320    14.9458    14.6565  38.844206  38.694007    14.9433    14.6540    31.3507    31.4484    23.1724    23.3087     8.5881     8.8960    262.304    271.671     2.6459     2.5556     0.1538     2.8212     3.2857     0.7143     0.0000 -124.24724   47.11452       5.08          1  0.000e+00
