West Coast/WCOA-7/CTD_Data/RB2102_CTD_028_01.ros
* Sea-Bird SBE 9 Data File:
* FileName = C:\Users\scs.user.rb\CTD\RB2102\Data\RB2102_CTD_028_01.hex
* Software Version Seasave V 7.26.7.107
* Temperature SN = 6202
* Conductivity SN = 4907
* Number of Bytes Per Scan = 41
* Number of Voltage Words = 4
* Number of Scans Averaged by the Deck Unit = 1
* NMEA Latitude = 46 15.05 N
* NMEA Longitude = 124 00.21 W
* NMEA UTC (Time) = Jun 30 2021  19:36:34
* NMEA baud rate = 4800
# nquan = 30
# nvalues = 539                                   
# units = specified
# name 0 = scan: Scan Count
# name 1 = timeS: Time, Elapsed [seconds]
# name 2 = depSM: Depth [salt water, m]
# name 3 = prDM: Pressure, Digiquartz [db]
# name 4 = t090C: Temperature [ITS-90, deg C]
# name 5 = t190C: Temperature, 2 [ITS-90, deg C]
# name 6 = c0mS/cm: Conductivity [mS/cm]
# name 7 = c1mS/cm: Conductivity, 2 [mS/cm]
# name 8 = potemp090C: Potential Temperature [ITS-90, deg C]
# name 9 = potemp190C: Potential Temperature, 2 [ITS-90, deg C]
# name 10 = sal00: Salinity, Practical [PSU]
# name 11 = sal11: Salinity, Practical, 2 [PSU]
# name 12 = sigma-é00: Density [sigma-theta, kg/m^3]
# name 13 = sigma-é11: Density, 2 [sigma-theta, kg/m^3]
# name 14 = sbeox0Mg/L: Oxygen, SBE 43 [mg/l]
# name 15 = sbeox1Mg/L: Oxygen, SBE 43, 2 [mg/l]
# name 16 = sbox0Mm/Kg: Oxygen, SBE 43 [umol/kg]
# name 17 = sbox1Mm/Kg: Oxygen, SBE 43, 2 [umol/kg]
# name 18 = sbeox0V: Oxygen raw, SBE 43 [V]
# name 19 = sbeox1V: Oxygen raw, SBE 43, 2 [V]
# name 20 = v4: Voltage 4
# name 21 = flECO-AFL: Fluorescence, WET Labs ECO-AFL/FL [mg/m^3]
# name 22 = v3: Voltage 3
# name 23 = v6: Voltage 6
# name 24 = v7: Voltage 7
# name 25 = longitude: Longitude [deg]
# name 26 = latitude: Latitude [deg]
# name 27 = altM: Altimeter [m]
# name 28 = nbf: Bottles Fired
# name 29 = flag:  0.000e+00
# interval = seconds: 0.0416667
# start_time = Jun 30 2021 19:36:34 [NMEA time, header]
# bad_flag = -9.990e-29
*END*
[from data line 532]
      22874    953.042      2.953      2.978    20.0061    20.0062   7.423337   7.421350    20.0057    20.0057     4.5728     4.5714     1.6815     1.6805     8.7899     8.4200    274.228    262.687     2.5726     2.3565     0.0977     1.4170     3.1880     0.6923     0.0000 -124.00282   46.25178      15.68         11  0.000e+00
      22875    953.083      2.986      3.011    20.0059    20.0062   7.423454   7.421974    20.0055    20.0057     4.5729     4.5719     1.6816     1.6808     8.7900     8.4200    274.230    262.687     2.5726     2.3565     0.0977     1.4170     3.1893     0.6923     0.0000 -124.00282   46.25178      15.73         11  0.000e+00
      22876    953.125      2.986      3.011    20.0059    20.0061   7.423571   7.421974    20.0055    20.0056     4.5729     4.5719     1.6816     1.6808     8.7951     8.4200    274.390    262.688     2.5739     2.3565     0.0977     1.4170     3.1880     0.6923     0.0000 -124.00282   46.25178      15.73         11  0.000e+00
      22877    953.167      2.933      2.958    20.0059    20.0060   7.423610   7.422325    20.0055    20.0055     4.5730     4.5721     1.6817     1.6810     8.7951     8.4200    274.388    262.686     2.5739     2.3565     0.0977     1.4170     3.1893     0.6923     0.0000 -124.00282   46.25178      15.73         11  0.000e+00
      22878    953.208      2.986      3.011    20.0059    20.0058   7.423532   7.423221    20.0055    20.0053     4.5729     4.5727     1.6816     1.6815     8.8003     8.4200    274.551    262.688     2.5751     2.3565     0.0977     1.4170     3.1880     0.6935     0.0000 -124.00282   46.25178      15.73         11  0.000e+00
      22879    953.250      2.933      2.958    20.0059    20.0053   7.423649   7.423572    20.0055    20.0049     4.5730     4.5730     1.6817     1.6818     8.8002     8.4200    274.549    262.688     2.5751     2.3565     0.0977     1.4170     3.1880     0.6935     0.0000 -124.00282   46.25178      15.73         11  0.000e+00
      22880    953.292      2.933      2.957    20.0061    20.0054   7.423571   7.423728    20.0057    20.0050     4.5729     4.5731     1.6816     1.6819     8.8002     8.4200    274.548    262.687     2.5751     2.3565     0.0977     1.4170     3.1880     0.6935     0.0000 -124.00282   46.25178      15.73         11  0.000e+00
