West Coast/WCOA-7/CTD_Data/RB2102_CTD_117_01.ros
* Sea-Bird SBE 9 Data File:
* FileName = C:\Users\scs.user.rb\CTD\RB2102\Data\RB2102_CTD_117_01.hex
* Software Version Seasave V 7.26.7.107
* Temperature SN = 6202
* Conductivity SN = 4907
* Number of Bytes Per Scan = 41
* Number of Voltage Words = 4
* Number of Scans Averaged by the Deck Unit = 1
* NMEA Latitude = 34 28.18 N
* NMEA Longitude = 120 29.50 W
* NMEA UTC (Time) = Jul 18 2021  16:59:36
* NMEA baud rate = 4800
# nquan = 30
# nvalues = 450                                   
# units = specified
# name 0 = scan: Scan Count
# name 1 = timeS: Time, Elapsed [seconds]
# name 2 = depSM: Depth [salt water, m]
# name 3 = prDM: Pressure, Digiquartz [db]
# name 4 = t090C: Temperature [ITS-90, deg C]
# name 5 = t190C: Temperature, 2 [ITS-90, deg C]
# name 6 = c0mS/cm: Conductivity [mS/cm]
# name 7 = c1mS/cm: Conductivity, 2 [mS/cm]
# name 8 = potemp090C: Potential Temperature [ITS-90, deg C]
# name 9 = potemp190C: Potential Temperature, 2 [ITS-90, deg C]
# name 10 = sal00: Salinity, Practical [PSU]
# name 11 = sal11: Salinity, Practical, 2 [PSU]
# name 12 = sigma-é00: Density [sigma-theta, kg/m^3]
# name 13 = sigma-é11: Density, 2 [sigma-theta, kg/m^3]
# name 14 = sbeox0Mg/L: Oxygen, SBE 43 [mg/l]
# name 15 = sbeox1Mg/L: Oxygen, SBE 43, 2 [mg/l]
# name 16 = sbox0Mm/Kg: Oxygen, SBE 43 [umol/kg]
# name 17 = sbox1Mm/Kg: Oxygen, SBE 43, 2 [umol/kg]
# name 18 = sbeox0V: Oxygen raw, SBE 43 [V]
# name 19 = sbeox1V: Oxygen raw, SBE 43, 2 [V]
# name 20 = v4: Voltage 4
# name 21 = flECO-AFL: Fluorescence, WET Labs ECO-AFL/FL [mg/m^3]
# name 22 = v3: Voltage 3
# name 23 = v6: Voltage 6
# name 24 = v7: Voltage 7
# name 25 = longitude: Longitude [deg]
# name 26 = latitude: Latitude [deg]
# name 27 = altM: Altimeter [m]
# name 28 = nbf: Bottles Fired
# name 29 = flag:  0.000e+00
# interval = seconds: 0.0416667
# start_time = Jul 18 2021 16:59:36 [NMEA time, header]
# bad_flag = -9.990e-29
*END*
[from data line 291]
      23381    974.167      3.459      3.484    16.9407    16.9403  43.228478  43.228887    16.9402    16.9397    33.5947    33.5955    24.4500    24.4507     9.0080     8.4978    274.785    259.222     2.8803     2.5910     0.0781     0.9286     3.1319     0.0208     0.0000 -120.49240   34.47070      23.91          7  0.000e+00
      23382    974.208      3.445      3.470    16.9407    16.9397  43.228683  43.228203    16.9402    16.9391    33.5949    33.5954    24.4501    24.4507     9.0080     8.4979    274.785    259.225     2.8803     2.5910     0.0781     0.9286     3.1306     0.0220     0.0000 -120.49240   34.47070      23.91          7  0.000e+00
      23383    974.250      3.392      3.417    16.9404    16.9392  43.228820  43.227656    16.9399    16.9387    33.5953    33.5953    24.4505    24.4508     9.0034     8.4979    274.644    259.226     2.8791     2.5910     0.0781     0.9286     3.1319     0.0220     0.0000 -120.49240   34.47070      23.93          7  0.000e+00
      23384    974.292      3.392      3.417    16.9402    16.9389  43.227999  43.227588    16.9397    16.9383    33.5948    33.5956    24.4501    24.4510     9.0034     8.4980    274.646    259.227     2.8791     2.5910     0.0781     0.9286     3.1306     0.0220     0.0000 -120.49240   34.47070      23.91          7  0.000e+00
      23385    974.333      3.392      3.417    16.9404    16.9382  43.227451  43.226972    16.9399    16.9376    33.5942    33.5956    24.4496    24.4512     9.0034     8.4981    274.646    259.231     2.8791     2.5910     0.0781     0.9286     3.1319     0.0220     0.0000 -120.49240   34.47070      23.91          7  0.000e+00
      23386    974.375      3.346      3.370    16.9399    16.9375  43.228204  43.225399    16.9393    16.9369    33.5953    33.5948    24.4506    24.4508     9.0034     8.4982    274.645    259.234     2.8791     2.5910     0.0794     0.9591     3.1319     0.0220     0.0000 -120.49240   34.47070      23.93          7  0.000e+00
      23387    974.417      3.392      3.417    16.9397    16.9361  43.228478  43.224647    16.9392    16.9356    33.5956    33.5953    24.4509    24.4515     9.0035     8.4935    274.647    259.090     2.8791     2.5897     0.0806     0.9897     3.1319     0.0220     0.0000 -120.49240   34.47070      23.98          7  0.000e+00
      23388    974.458      3.300      3.324    16.9399    16.9349  43.227862  43.223484    16.9393    16.9344    33.5950    33.5953    24.4504    24.4518     9.0034     8.4986    274.644    259.245     2.8791     2.5910     0.0806     0.9897     3.1319     0.0220     0.0000 -120.49240   34.47070      23.98          7  0.000e+00
      23389    974.500      3.300      3.324    16.9395    16.9339  43.227725  43.222253    16.9390    16.9333    33.5951    33.5951    24.4506    24.4519     9.0034     8.4988    274.645    259.251     2.8791     2.5910     0.0806     0.9897     3.1306     0.0220     0.0000 -120.49240   34.47070      23.98          7  0.000e+00
      23390    974.542      3.346      3.370    16.9395    16.9332  43.228272  43.221980    16.9390    16.9326    33.5956    33.5955    24.4509    24.4523     8.9988     8.4989    274.506    259.256     2.8779     2.5910     0.0806     0.9897     3.1319     0.0220     0.0000 -120.49240   34.47070      23.98          7  0.000e+00
      23391    974.583      3.247      3.270    16.9395    16.9330  43.227656  43.222595    16.9390    16.9325    33.5951    33.5962    24.4505    24.4529     9.0034     8.4988    274.644    259.252     2.8791     2.5910     0.0806     0.9897     3.1319     0.0220     0.0000 -120.49240   34.47070      23.98          7  0.000e+00
      23392    974.625      3.267      3.290    16.9394    16.9332  43.227588  43.223005    16.9388    16.9326    33.5952    33.5964    24.4506    24.4530     8.9988     8.4938    274.505    259.100     2.8779     2.5897     0.0806     0.9897     3.1331     0.0220     0.0000 -120.49240   34.47070      23.98          7  0.000e+00
      23393    974.667      3.200      3.223    16.9395    16.9336  43.227451  43.222800    16.9390    16.9330    33.5949    33.5959    24.4504    24.4526     8.9987     8.4987    274.502    259.248     2.8779     2.5910     0.0806     0.9897     3.1319     0.0220     0.0000 -120.49240   34.47070      24.00          7  0.000e+00
      23394    974.708      3.247      3.270    16.9395    16.9336  43.227588  43.223279    16.9390    16.9330    33.5951    33.5963    24.4505    24.4529     8.9988     8.4937    274.504    259.097     2.8779     2.5897     0.0806     0.9897     3.1306     0.0220     0.0000 -120.49240   34.47070      24.00          7  0.000e+00
      23395    974.750      3.147      3.170    16.9394    16.9342  43.227450  43.224030    16.9389    16.9337    33.5951    33.5964    24.4506    24.4528     8.9987     8.4985    274.501    259.242     2.8779     2.5910     0.0806     0.9897     3.1306     0.0220     0.0000 -120.49240   34.47070      24.00          7  0.000e+00
      23396    974.792      3.200      3.223    16.9391    16.9349  43.227040  43.224236    16.9385    16.9344    33.5950    33.5960    24.4506    24.4523     8.9988     8.4984    274.505    259.241     2.8779     2.5910     0.0806     0.9897     3.1306     0.0220     0.0000 -120.49238   34.47072      24.00          7  0.000e+00
      23397    974.833      3.147      3.170    16.9391    16.9351  43.227519  43.224441    16.9385    16.9346    33.5954    33.5961    24.4509    24.4523     8.9987     8.4934    274.502    259.086     2.8779     2.5897     0.0806     0.9897     3.1319     0.0208     0.0000 -120.49238   34.47072      24.00          7  0.000e+00
      23398    974.875      3.147      3.170    16.9388    16.9356  43.227450  43.224851    16.9383    16.9351    33.5956    33.5960    24.4510    24.4521     8.9988     8.4983    274.503    259.236     2.8779     2.5910     0.0806     0.9897     3.1306     0.0208     0.0000 -120.49238   34.47072      24.00          7  0.000e+00
      23399    974.917      3.101      3.123    16.9392    16.9358  43.227313  43.225193    16.9387    16.9353    33.5951    33.5962    24.4506    24.4522     8.9987     8.4982    274.500    259.233     2.8779     2.5910     0.0806     0.9897     3.1319     0.0208     0.0000 -120.49238   34.47072      24.00          7  0.000e+00
      23400    974.958      3.101      3.123    16.9391    16.9361  43.227040  43.225330    16.9385    16.9356    33.5950    33.5960    24.4506    24.4520     9.0033     8.4981    274.641    259.231     2.8791     2.5910     0.0806     0.9897     3.1306     0.0208     0.0000 -120.49238   34.47072      23.98          7  0.000e+00
      23401    975.000      3.055      3.077    16.9392    16.9363  43.227518  43.225329    16.9387    16.9358    33.5953    33.5959    24.4508    24.4519     9.0032     8.4981    274.638    259.229     2.8791     2.5910     0.0806     0.9897     3.1306     0.0220     0.0000 -120.49238   34.47072      23.98          7  0.000e+00
      23402    975.042      3.002      3.023    16.9388    16.9366  43.227108  43.225056    16.9384    16.9361    33.5953    33.5954    24.4508    24.4514     8.9986     8.4980    274.498    259.227     2.8779     2.5910     0.0806     0.9897     3.1306     0.0220     0.0000 -120.49238   34.47072      24.00          7  0.000e+00
      23403    975.083      3.055      3.077    16.9385    16.9361  43.226697  43.225193    16.9380    16.9356    33.5952    33.5959    24.4508    24.4519     9.0033     8.4981    274.642    259.230     2.8791     2.5910     0.0806     0.9897     3.1319     0.0220     0.0000 -120.49238   34.47072      24.00          7  0.000e+00
      23404    975.125      3.021      3.043    16.9382    16.9366  43.226629  43.225603    16.9377    16.9361    33.5954    33.5959    24.4511    24.4518     9.0033     8.4980    274.643    259.226     2.8791     2.5910     0.0806     0.9897     3.1319     0.0220     0.0000 -120.49238   34.47072      24.00          7  0.000e+00
      23405    975.167      3.002      3.023    16.9383    16.9366  43.227450  43.225945    16.9379    16.9361    33.5960    33.5962    24.4515    24.4520     9.0032     8.4979    274.640    259.225     2.8791     2.5910     0.0806     0.9897     3.1319     0.0220     0.0000 -120.49238   34.47072      24.00          7  0.000e+00
      23406    975.208      2.955      2.977    16.9383    16.9368  43.226902  43.226081    16.9379    16.9363    33.5956    33.5961    24.4511    24.4519     9.0032     8.4978    274.639    259.223     2.8791     2.5910     0.0806     0.9897     3.1319     0.0220     0.0000 -120.49238   34.47072      24.00          7  0.000e+00
      23407    975.250      2.955      2.977    16.9383    16.9372  43.226013  43.226286    16.9379    16.9367    33.5948    33.5960    24.4506    24.4518     9.0079     8.4978    274.781    259.221     2.8803     2.5910     0.0806     0.9897     3.1306     0.0220     0.0000 -120.49238   34.47072      24.00          7  0.000e+00
      23408    975.292      2.909      2.930    16.9375    16.9372  43.225260  43.226149    16.9370    16.9367    33.5949    33.5959    24.4508    24.4517     9.0034     8.4977    274.643    259.220     2.8791     2.5910     0.0806     0.9897     3.1306     0.0220     0.0000 -120.49238   34.47072      24.00          7  0.000e+00
      23409    975.333      2.955      2.977    16.9368    16.9373  43.225123  43.225808    16.9363    16.9368    33.5953    33.5955    24.4513    24.4513     9.0035     8.4978    274.648    259.221     2.8791     2.5910     0.0806     0.9897     3.1306     0.0220     0.0000 -120.49238   34.47072      24.00          7  0.000e+00
      23410    975.375      2.856      2.877    16.9360    16.9372  43.223686  43.226218    16.9355    16.9367    33.5948    33.5960    24.4511    24.4518     9.0036     8.4977    274.650    259.218     2.8791     2.5910     0.0806     0.9897     3.1319     0.0208     0.0000 -120.49238   34.47072      24.03          7  0.000e+00
      23435    976.417      2.757      2.777    16.9351    16.9344  43.223754  43.223003    16.9346    16.9339    33.5956    33.5956    24.4519    24.4521     9.0128     8.5031    274.930    259.382     2.8816     2.5922     0.0794     0.9591     3.1306     0.0244     0.0000 -120.49240   34.47070      24.13          8  0.000e+00
      23436    976.458      2.710      2.730    16.9356    16.9341  43.224028  43.222524    16.9352    16.9336    33.5954    33.5954    24.4517    24.4520     9.0172     8.5080    275.066    259.534     2.8828     2.5934     0.0794     0.9591     3.1319     0.0244     0.0000 -120.49240   34.47070      24.13          8  0.000e+00
      23437    976.500      2.710      2.730    16.9363    16.9337  43.224575  43.221772    16.9358    16.9333    33.5954    33.5951    24.4515    24.4518     9.0171     8.5031    275.063    259.385     2.8828     2.5922     0.0794     0.9591     3.1306     0.0244     0.0000 -120.49240   34.47070      24.13          8  0.000e+00
      23438    976.542      2.710      2.730    16.9367    16.9333  43.224985  43.221840    16.9362    16.9329    33.5954    33.5954    24.4514    24.4522     9.0170     8.5082    275.061    259.538     2.8828     2.5934     0.0794     0.9591     3.1306     0.0256     0.0000 -120.49240   34.47070      24.10          8  0.000e+00
      23439    976.583      2.757      2.777    16.9370    16.9330  43.225122  43.221704    16.9365    16.9326    33.5952    33.5956    24.4512    24.4524     9.0170     8.5083    275.061    259.541     2.8828     2.5934     0.0794     0.9591     3.1306     0.0256     0.0000 -120.49240   34.47070      24.13          8  0.000e+00
      23440    976.625      2.757      2.777    16.9380    16.9328  43.225670  43.221362    16.9376    16.9324    33.5948    33.5954    24.4507    24.4523     9.0169     8.5083    275.056    259.542     2.8828     2.5934     0.0794     0.9591     3.1319     0.0244     0.0000 -120.49240   34.47070      24.13          8  0.000e+00
      23441    976.667      2.810      2.830    16.9391    16.9327  43.226696  43.220951    16.9386    16.9322    33.5949    33.5952    24.4504    24.4522     9.0168     8.5084    275.052    259.545     2.8828     2.5934     0.0794     0.9591     3.1319     0.0244     0.0000 -120.49240   34.47070      24.10          8  0.000e+00
      23442    976.708      2.757      2.777    16.9392    16.9323  43.225806  43.221156    16.9388    16.9319    33.5940    33.5957    24.4497    24.4526     9.0167     8.5084    275.051    259.544     2.8828     2.5934     0.0794     0.9591     3.1306     0.0244     0.0000 -120.49240   34.47070      24.10          8  0.000e+00
      23443    976.750      2.823      2.843    16.9383    16.9323  43.225191  43.221499    16.9379    16.9319    33.5941    33.5959    24.4500    24.4528     9.0215     8.5084    275.198    259.546     2.8840     2.5934     0.0794     0.9591     3.1306     0.0256     0.0000 -120.49240   34.47070      24.10          8  0.000e+00
      23444    976.792      2.810      2.830    16.9379    16.9323  43.225670  43.221635    16.9374    16.9319    33.5950    33.5961    24.4508    24.4529     9.0216     8.5084    275.199    259.545     2.8840     2.5934     0.0794     0.9591     3.1306     0.0256     0.0000 -120.49238   34.47072      24.10          8  0.000e+00
      23445    976.833      2.856      2.877    16.9382    16.9323  43.226697  43.221020    16.9377    16.9319    33.5956    33.5955    24.4512    24.4525     9.0215     8.5085    275.197    259.547     2.8840     2.5934     0.0781     0.9286     3.1306     0.0269     0.0000 -120.49238   34.47072      24.10          8  0.000e+00
      23446    976.875      2.909      2.930    16.9388    16.9320  43.226149  43.221157    16.9384    16.9315    33.5945    33.5959    24.4502    24.4529     9.0261     8.5086    275.338    259.550     2.8852     2.5934     0.0794     0.9591     3.1306     0.0269     0.0000 -120.49238   34.47072      24.10          8  0.000e+00
      23447    976.917      2.909      2.930    16.9380    16.9318  43.225260  43.221841    16.9375    16.9314    33.5944    33.5966    24.4504    24.4535     9.0263     8.5086    275.342    259.550     2.8852     2.5934     0.0794     0.9591     3.1306     0.0269     0.0000 -120.49238   34.47072      24.05          8  0.000e+00
      23448    976.958      2.909      2.930    16.9370    16.9327  43.224302  43.223346    16.9365    16.9322    33.5945    33.5972    24.4506    24.4538     9.0264     8.5084    275.348    259.544     2.8852     2.5934     0.0794     0.9591     3.1319     0.0256     0.0000 -120.49238   34.47072      24.05          8  0.000e+00
      23449    977.000      2.955      2.977    16.9361    16.9341  43.223413  43.224645    16.9356    16.9336    33.5944    33.5972    24.4508    24.4534     9.0266     8.5082    275.354    259.539     2.8852     2.5934     0.0781     0.9286     3.1319     0.0256     0.0000 -120.49238   34.47072      24.03          8  0.000e+00
      23450    977.042      2.955      2.977    16.9355    16.9351  43.223276  43.224714    16.9350    16.9346    33.5948    33.5964    24.4513    24.4525     9.0313     8.5081    275.497    259.535     2.8864     2.5934     0.0794     0.9591     3.1306     0.0256     0.0000 -120.49238   34.47072      24.03          8  0.000e+00
      23451    977.083      3.055      3.077    16.9351    16.9359  43.223550  43.224577    16.9346    16.9354    33.5953    33.5955    24.4517    24.4517     9.0315     8.5130    275.501    259.687     2.8864     2.5946     0.0794     0.9591     3.1306     0.0269     0.0000 -120.49238   34.47072      24.05          8  0.000e+00
