West Coast/WCOA-7/CTD_Data/RB2102_CTD_117_01.ros
* Sea-Bird SBE 9 Data File:
* FileName = C:\Users\scs.user.rb\CTD\RB2102\Data\RB2102_CTD_117_01.hex
* Software Version Seasave V 7.26.7.107
* Temperature SN = 6202
* Conductivity SN = 4907
* Number of Bytes Per Scan = 41
* Number of Voltage Words = 4
* Number of Scans Averaged by the Deck Unit = 1
* NMEA Latitude = 34 28.18 N
* NMEA Longitude = 120 29.50 W
* NMEA UTC (Time) = Jul 18 2021  16:59:36
* NMEA baud rate = 4800
# nquan = 30
# nvalues = 450                                   
# units = specified
# name 0 = scan: Scan Count
# name 1 = timeS: Time, Elapsed [seconds]
# name 2 = depSM: Depth [salt water, m]
# name 3 = prDM: Pressure, Digiquartz [db]
# name 4 = t090C: Temperature [ITS-90, deg C]
# name 5 = t190C: Temperature, 2 [ITS-90, deg C]
# name 6 = c0mS/cm: Conductivity [mS/cm]
# name 7 = c1mS/cm: Conductivity, 2 [mS/cm]
# name 8 = potemp090C: Potential Temperature [ITS-90, deg C]
# name 9 = potemp190C: Potential Temperature, 2 [ITS-90, deg C]
# name 10 = sal00: Salinity, Practical [PSU]
# name 11 = sal11: Salinity, Practical, 2 [PSU]
# name 12 = sigma-é00: Density [sigma-theta, kg/m^3]
# name 13 = sigma-é11: Density, 2 [sigma-theta, kg/m^3]
# name 14 = sbeox0Mg/L: Oxygen, SBE 43 [mg/l]
# name 15 = sbeox1Mg/L: Oxygen, SBE 43, 2 [mg/l]
# name 16 = sbox0Mm/Kg: Oxygen, SBE 43 [umol/kg]
# name 17 = sbox1Mm/Kg: Oxygen, SBE 43, 2 [umol/kg]
# name 18 = sbeox0V: Oxygen raw, SBE 43 [V]
# name 19 = sbeox1V: Oxygen raw, SBE 43, 2 [V]
# name 20 = v4: Voltage 4
# name 21 = flECO-AFL: Fluorescence, WET Labs ECO-AFL/FL [mg/m^3]
# name 22 = v3: Voltage 3
# name 23 = v6: Voltage 6
# name 24 = v7: Voltage 7
# name 25 = longitude: Longitude [deg]
# name 26 = latitude: Latitude [deg]
# name 27 = altM: Altimeter [m]
# name 28 = nbf: Bottles Fired
# name 29 = flag:  0.000e+00
# interval = seconds: 0.0416667
# start_time = Jul 18 2021 16:59:36 [NMEA time, header]
# bad_flag = -9.990e-29
*END*
[from data line 387]
      23501    979.167      3.445      3.470    16.9370    16.9279  43.225399  43.217125    16.9364    16.9273    33.5952    33.5957    24.4512    24.4537     9.0270     8.4999    275.365    259.287     2.8852     2.5910     0.0818     1.0202     3.1331     0.0293     0.0000 -120.49238   34.47072      23.59          9  0.000e+00
      23502    979.208      3.445      3.470    16.9368    16.9277  43.224920  43.216920    16.9363    16.9271    33.5949    33.5956    24.4510    24.4537     9.0270     8.4950    275.366    259.136     2.8852     2.5897     0.0818     1.0202     3.1319     0.0293     0.0000 -120.49238   34.47072      23.61          9  0.000e+00
      23503    979.250      3.445      3.470    16.9367    16.9267  43.224715  43.215962    16.9361    16.9261    33.5949    33.5956    24.4510    24.4539     9.0271     8.4952    275.367    259.141     2.8852     2.5897     0.0818     1.0202     3.1331     0.0317     0.0000 -120.49238   34.47072      23.61          9  0.000e+00
      23504    979.292      3.445      3.470    16.9361    16.9260  43.224989  43.214868    16.9356    16.9254    33.5956    33.5953    24.4517    24.4538     9.0225     8.4953    275.229    259.146     2.8840     2.5897     0.0818     1.0202     3.1306     0.0305     0.0000 -120.49238   34.47072      23.59          9  0.000e+00
      23505    979.333      3.392      3.417    16.9360    16.9241  43.224509  43.212953    16.9354    16.9235    33.5953    33.5952    24.4515    24.4542     9.0225     8.4956    275.228    259.154     2.8840     2.5897     0.0818     1.0202     3.1319     0.0305     0.0000 -120.49238   34.47072      23.61          9  0.000e+00
      23506    979.375      3.392      3.417    16.9361    16.9210  43.224099  43.211039    16.9356    16.9204    33.5948    33.5961    24.4511    24.4557     9.0225     8.4961    275.228    259.169     2.8840     2.5897     0.0818     1.0202     3.1319     0.0317     0.0000 -120.49238   34.47072      23.59          9  0.000e+00
      23507    979.417      3.392      3.417    16.9358    16.9207  43.224304  43.211586    16.9352    16.9201    33.5953    33.5969    24.4515    24.4563     9.0226     8.4961    275.229    259.169     2.8840     2.5897     0.0818     1.0202     3.1306     0.0317     0.0000 -120.49238   34.47072      23.57          9  0.000e+00
      23508    979.458      3.346      3.370    16.9361    16.9219  43.224646  43.213364    16.9356    16.9213    33.5953    33.5974    24.4515    24.4565     9.0178     8.4958    275.085    259.160     2.8828     2.5897     0.0818     1.0202     3.1319     0.0317     0.0000 -120.49238   34.47072      23.54          9  0.000e+00
      23509    979.500      3.412      3.437    16.9360    16.9230  43.224441  43.214458    16.9354    16.9225    33.5953    33.5974    24.4515    24.4561     9.0180     8.4957    275.089    259.156     2.8828     2.5897     0.0818     1.0202     3.1306     0.0317     0.0000 -120.49238   34.47072      23.54          9  0.000e+00
      23510    979.542      3.346      3.370    16.9361    16.9240  43.224372  43.214594    16.9356    16.9235    33.5951    33.5967    24.4513    24.4554     9.0179     8.4905    275.086    258.998     2.8828     2.5885     0.0818     1.0202     3.1306     0.0305     0.0000 -120.49238   34.47072      23.54          9  0.000e+00
      23511    979.583      3.346      3.370    16.9361    16.9244  43.224646  43.214868    16.9356    16.9239    33.5953    33.5966    24.4515    24.4552     9.0133     8.4954    274.945    259.148     2.8816     2.5897     0.0818     1.0202     3.1306     0.0317     0.0000 -120.49238   34.47072      23.54          9  0.000e+00
      23512    979.625      3.300      3.324    16.9361    16.9248  43.224441  43.215004    16.9356    16.9242    33.5952    33.5965    24.4514    24.4550     9.0132     8.4953    274.944    259.145     2.8816     2.5897     0.0818     1.0202     3.1319     0.0317     0.0000 -120.49238   34.47072      23.57          9  0.000e+00
      23513    979.667      3.346      3.370    16.9363    16.9251  43.224646  43.215278    16.9357    16.9246    33.5952    33.5964    24.4513    24.4549     9.0132     8.4953    274.945    259.145     2.8816     2.5897     0.0818     1.0202     3.1319     0.0317     0.0000 -120.49238   34.47072      23.57          9  0.000e+00
      23514    979.708      3.300      3.324    16.9361    16.9248  43.224167  43.214799    16.9356    16.9242    33.5949    33.5963    24.4512    24.4549     9.0132     8.4904    274.944    258.994     2.8816     2.5885     0.0818     1.0202     3.1319     0.0317     0.0000 -120.49238   34.47072      23.57          9  0.000e+00
      23553    981.333      3.300      3.324    16.9255    16.9172  43.214178  43.208577    16.9249    16.9167    33.5951    33.5972    24.4538    24.4574     9.0243     8.4867    275.281    258.880     2.8840     2.5873     0.0806     0.9897     3.1306     0.0342     0.0000 -120.49240   34.47072      23.88         10  0.000e+00
      23554    981.375      3.200      3.223    16.9250    16.9181  43.213972  43.208098    16.9245    16.9176    33.5954    33.5961    24.4541    24.4563     9.0242     8.4865    275.279    258.874     2.8840     2.5873     0.0806     0.9897     3.1306     0.0342     0.0000 -120.49240   34.47072      23.91         10  0.000e+00
      23555    981.417      3.359      3.384    16.9250    16.9174  43.213973  43.207962    16.9245    16.9168    33.5953    33.5965    24.4541    24.4568     9.0244     8.4818    275.285    258.731     2.8840     2.5861     0.0806     0.9897     3.1319     0.0342     0.0000 -120.49240   34.47072      23.88         10  0.000e+00
      23556    981.458      3.300      3.324    16.9250    16.9169  43.214041  43.207961    16.9245    16.9163    33.5954    33.5969    24.4541    24.4572     9.0243     8.4867    275.283    258.882     2.8840     2.5873     0.0806     0.9897     3.1306     0.0342     0.0000 -120.49240   34.47072      23.86         10  0.000e+00
      23557    981.500      3.300      3.324    16.9247    16.9169  43.213152  43.206525    16.9242    16.9163    33.5949    33.5957    24.4538    24.4563     9.0244     8.4868    275.286    258.885     2.8840     2.5873     0.0806     0.9897     3.1306     0.0379     0.0000 -120.49240   34.47072      23.86         10  0.000e+00
      23558    981.542      3.346      3.370    16.9239    16.9152  43.212331  43.203312    16.9233    16.9146    33.5948    33.5943    24.4540    24.4556     9.0246     8.4872    275.292    258.898     2.8840     2.5873     0.0806     0.9897     3.1319     0.0366     0.0000 -120.49240   34.47072      23.86         10  0.000e+00
      23559    981.583      3.346      3.370    16.9237    16.9128  43.212742  43.200508    16.9231    16.9122    33.5954    33.5938    24.4545    24.4558     9.0246     8.4876    275.292    258.911     2.8840     2.5873     0.0818     1.0202     3.1306     0.0354     0.0000 -120.49240   34.47072      23.86         10  0.000e+00
      23560    981.625      3.392      3.417    16.9239    16.9103  43.212673  43.199552    16.9233    16.9098    33.5951    33.5950    24.4542    24.4573     9.0247     8.4881    275.293    258.923     2.8840     2.5873     0.0806     0.9897     3.1319     0.0354     0.0000 -120.49240   34.47072      23.86         10  0.000e+00
      23561    981.667      3.346      3.370    16.9230    16.9092  43.211099  43.198321    16.9225    16.9086    33.5945    33.5950    24.4539    24.4575     9.0248     8.4882    275.297    258.928     2.8840     2.5873     0.0806     0.9897     3.1306     0.0354     0.0000 -120.49240   34.47072      23.91         10  0.000e+00
      23562    981.708      3.392      3.417    16.9222    16.9078  43.210689  43.197706    16.9217    16.9072    33.5948    33.5956    24.4543    24.4583     9.0250     8.4885    275.302    258.936     2.8840     2.5873     0.0806     0.9897     3.1306     0.0354     0.0000 -120.49240   34.47072      23.93         10  0.000e+00
      23563    981.750      3.392      3.417    16.9217    16.9071  43.210142  43.197432    16.9211    16.9065    33.5948    33.5959    24.4545    24.4588     9.0251     8.4886    275.305    258.939     2.8840     2.5873     0.0806     0.9897     3.1319     0.0354     0.0000 -120.49240   34.47072      23.93         10  0.000e+00
      23564    981.792      3.445      3.470    16.9217    16.9067  43.210416  43.196680    16.9211    16.9062    33.5950    33.5955    24.4547    24.4586     9.0251     8.4887    275.307    258.943     2.8840     2.5873     0.0806     0.9897     3.1306     0.0354     0.0000 -120.49240   34.47072      23.93         10  0.000e+00
      23565    981.833      3.412      3.437    16.9213    16.9061  43.210689  43.195381    16.9208    16.9055    33.5955    33.5950    24.4551    24.4583     9.0251     8.4888    275.306    258.946     2.8840     2.5873     0.0806     0.9897     3.1319     0.0342     0.0000 -120.49240   34.47072      23.93         10  0.000e+00
      23566    981.875      3.445      3.470    16.9211    16.9061  43.210416  43.196065    16.9206    16.9055    33.5955    33.5956    24.4551    24.4587     9.0252     8.4888    275.309    258.946     2.8840     2.5873     0.0806     0.9897     3.1306     0.0342     0.0000 -120.49240   34.47072      23.93         10  0.000e+00
      23567    981.917      3.445      3.470    16.9206    16.9072  43.208569  43.198116    16.9201    16.9067    33.5943    33.5964    24.4543    24.4591     9.0253     8.4886    275.313    258.939     2.8840     2.5873     0.0806     0.9897     3.1319     0.0354     0.0000 -120.49240   34.47072      23.98         10  0.000e+00
      23568    981.958      3.445      3.470    16.9198    16.9092  43.208364  43.200988    16.9192    16.9086    33.5948    33.5972    24.4549    24.4593     9.0255     8.4882    275.317    258.927     2.8840     2.5873     0.0806     0.9897     3.1306     0.0354     0.0000 -120.49240   34.47072      23.98         10  0.000e+00
      23569    982.000      3.492      3.517    16.9190    16.9112  43.208501  43.203655    16.9184    16.9107    33.5956    33.5978    24.4557    24.4593     9.0210     8.4879    275.181    258.917     2.8828     2.5873     0.0806     0.9897     3.1319     0.0366     0.0000 -120.49240   34.47072      23.98         10  0.000e+00
      23570    982.042      3.492      3.517    16.9188    16.9140  43.207543  43.205911    16.9182    16.9134    33.5949    33.5975    24.4553    24.4584     9.0211     8.4924    275.183    259.055     2.8828     2.5885     0.0806     0.9897     3.1306     0.0379     0.0000 -120.49240   34.47072      23.98         10  0.000e+00
      23571    982.083      3.492      3.517    16.9186    16.9164  43.207064  43.206731    16.9180    16.9158    33.5947    33.5962    24.4551    24.4568     9.0211     8.4871    275.185    258.892     2.8828     2.5873     0.0806     0.9897     3.1319     0.0366     0.0000 -120.49240   34.47072      23.98         10  0.000e+00
      23572    982.125      3.492      3.517    16.9182    16.9174  43.207543  43.206868    16.9177    16.9168    33.5954    33.5955    24.4557    24.4560     9.0212     8.4919    275.186    259.040     2.8828     2.5885     0.0806     0.9897     3.1306     0.0366     0.0000 -120.49240   34.47072      23.98         10  0.000e+00
      23573    982.167      3.492      3.517    16.9182    16.9174  43.207680  43.207689    16.9177    16.9168    33.5955    33.5962    24.4558    24.4566     9.0166     8.4919    275.045    259.039     2.8816     2.5885     0.0806     0.9897     3.1306     0.0366     0.0000 -120.49240   34.47072      24.00         10  0.000e+00
      23574    982.208      3.492      3.517    16.9182    16.9190  43.207680  43.209056    16.9177    16.9184    33.5955    33.5960    24.4558    24.4560     9.0166     8.4916    275.045    259.031     2.8816     2.5885     0.0806     0.9897     3.1319     0.0366     0.0000 -120.49240   34.47072      24.03         10  0.000e+00
      23575    982.250      3.545      3.570    16.9182    16.9203  43.208569  43.209467    16.9177    16.9197    33.5962    33.5953    24.4564    24.4552     9.0166     8.4914    275.045    259.027     2.8816     2.5885     0.0806     0.9897     3.1306     0.0366     0.0000 -120.49240   34.47072      24.03         10  0.000e+00
      23576    982.292      3.459      3.484    16.9186    16.9203  43.208569  43.209466    16.9181    16.9198    33.5959    33.5953    24.4561    24.4552     9.0118     8.4914    274.901    259.024     2.8803     2.5885     0.0806     0.9897     3.1306     0.0366     0.0000 -120.49240   34.47072      24.03         10  0.000e+00
      23577    982.333      3.545      3.570    16.9191    16.9196  43.208706  43.208099    16.9185    16.9191    33.5956    33.5946    24.4557    24.4548     9.0119     8.4966    274.902    259.183     2.8803     2.5897     0.0806     0.9897     3.1306     0.0354     0.0000 -120.49240   34.47072      24.03         10  0.000e+00
      23578    982.375      3.545      3.570    16.9196    16.9188  43.209390  43.207005    16.9190    16.9182    33.5958    33.5944    24.4558    24.4549     9.0072     8.4918    274.759    259.036     2.8791     2.5885     0.0806     0.9897     3.1306     0.0354     0.0000 -120.49240   34.47072      24.03         10  0.000e+00
      23579    982.417      3.492      3.517    16.9203    16.9174  43.209869  43.205705    16.9197    16.9168    33.5957    33.5945    24.4555    24.4552     9.0070     8.4919    274.753    259.042     2.8791     2.5885     0.0806     0.9897     3.1319     0.0354     0.0000 -120.49240   34.47072      24.08         10  0.000e+00
      23580    982.458      3.492      3.517    16.9205    16.9157  43.209869  43.204543    16.9199    16.9151    33.5955    33.5949    24.4553    24.4560     9.0070     8.4922    274.753    259.050     2.8791     2.5885     0.0806     0.9897     3.1306     0.0366     0.0000 -120.49240   34.47072      24.13         10  0.000e+00
      23581    982.500      3.545      3.570    16.9210    16.9148  43.210759  43.203928    16.9204    16.9143    33.5959    33.5950    24.4555    24.4563     9.0069     8.4924    274.751    259.056     2.8791     2.5885     0.0806     0.9897     3.1319     0.0354     0.0000 -120.49240   34.47072      24.10         10  0.000e+00
      23582    982.542      3.545      3.570    16.9208    16.9150  43.210827  43.204407    16.9202    16.9144    33.5960    33.5953    24.4557    24.4565     9.0069     8.4924    274.752    259.055     2.8791     2.5885     0.0806     0.9897     3.1306     0.0354     0.0000 -120.49240   34.47072      24.10         10  0.000e+00
      23583    982.583      3.492      3.517    16.9210    16.9152  43.210348  43.205706    16.9205    16.9146    33.5954    33.5963    24.4551    24.4572     9.0069     8.4922    274.750    259.050     2.8791     2.5885     0.0806     0.9897     3.1319     0.0354     0.0000 -120.49240   34.47072      24.10         10  0.000e+00
      23584    982.625      3.545      3.570    16.9211    16.9171  43.210280  43.207757    16.9205    16.9165    33.5953    33.5965    24.4550    24.4569     9.0069     8.4920    274.751    259.042     2.8791     2.5885     0.0806     0.9897     3.1306     0.0342     0.0000 -120.49240   34.47072      24.10         10  0.000e+00
      23585    982.667      3.445      3.470    16.9211    16.9188  43.210621  43.209193    16.9206    16.9182    33.5956    33.5964    24.4553    24.4564     9.0022     8.4916    274.607    259.030     2.8779     2.5885     0.0806     0.9897     3.1319     0.0342     0.0000 -120.49240   34.47072      24.08         10  0.000e+00
      23586    982.708      3.505      3.530    16.9208    16.9205  43.210622  43.210287    16.9202    16.9199    33.5959    33.5958    24.4555    24.4556     9.0023     8.4913    274.610    259.024     2.8779     2.5885     0.0806     0.9897     3.1306     0.0354     0.0000 -120.49240   34.47072      24.08         10  0.000e+00
