West Coast/WCOA-7/CTD_Data/RB2102_CTD_098_01.ros
* Sea-Bird SBE 9 Data File:
* FileName = C:\Users\scs.user.rb\CTD\RB2102\Data\RB2102_CTD_098_01.hex
* Software Version Seasave V 7.26.7.107
* Temperature SN = 6202
* Conductivity SN = 4907
* Number of Bytes Per Scan = 41
* Number of Voltage Words = 4
* Number of Scans Averaged by the Deck Unit = 1
* NMEA Latitude = 36 37.22 N
* NMEA Longitude = 122 24.90 W
* NMEA UTC (Time) = Jul 14 2021  14:37:31
* NMEA baud rate = 4800
# nquan = 30
# nvalues = 1127                                  
# units = specified
# name 0 = scan: Scan Count
# name 1 = timeS: Time, Elapsed [seconds]
# name 2 = depSM: Depth [salt water, m]
# name 3 = prDM: Pressure, Digiquartz [db]
# name 4 = t090C: Temperature [ITS-90, deg C]
# name 5 = t190C: Temperature, 2 [ITS-90, deg C]
# name 6 = c0mS/cm: Conductivity [mS/cm]
# name 7 = c1mS/cm: Conductivity, 2 [mS/cm]
# name 8 = potemp090C: Potential Temperature [ITS-90, deg C]
# name 9 = potemp190C: Potential Temperature, 2 [ITS-90, deg C]
# name 10 = sal00: Salinity, Practical [PSU]
# name 11 = sal11: Salinity, Practical, 2 [PSU]
# name 12 = sigma-é00: Density [sigma-theta, kg/m^3]
# name 13 = sigma-é11: Density, 2 [sigma-theta, kg/m^3]
# name 14 = sbeox0Mg/L: Oxygen, SBE 43 [mg/l]
# name 15 = sbeox1Mg/L: Oxygen, SBE 43, 2 [mg/l]
# name 16 = sbox0Mm/Kg: Oxygen, SBE 43 [umol/kg]
# name 17 = sbox1Mm/Kg: Oxygen, SBE 43, 2 [umol/kg]
# name 18 = sbeox0V: Oxygen raw, SBE 43 [V]
# name 19 = sbeox1V: Oxygen raw, SBE 43, 2 [V]
# name 20 = v4: Voltage 4
# name 21 = flECO-AFL: Fluorescence, WET Labs ECO-AFL/FL [mg/m^3]
# name 22 = v3: Voltage 3
# name 23 = v6: Voltage 6
# name 24 = v7: Voltage 7
# name 25 = longitude: Longitude [deg]
# name 26 = latitude: Latitude [deg]
# name 27 = altM: Altimeter [m]
# name 28 = nbf: Bottles Fired
# name 29 = flag:  0.000e+00
# interval = seconds: 0.0416667
# start_time = Jul 14 2021 14:37:31 [NMEA time, header]
# bad_flag = -9.990e-29
*END*
[from data line 967]
     249049  10377.000     15.038     15.150    13.1219    13.1231  39.807079  39.808917    13.1199    13.1211    33.7825    33.7831    25.4258    25.4261     8.1640     8.3845    248.802    255.523     2.4933     2.4017     0.1453     2.6075     3.1954     0.0073     0.0000 -122.41594   36.61920      99.56         20  0.000e+00
     249050  10377.042     15.084     15.197    13.1218    13.1231  39.807212  39.808917    13.1198    13.1210    33.7826    33.7832    25.4260    25.4261     8.1640     8.3846    248.803    255.525     2.4933     2.4017     0.1453     2.6075     3.1954     0.0073     0.0000 -122.41594   36.61920      99.56         20  0.000e+00
     249051  10377.083     15.038     15.150    13.1219    13.1229  39.807079  39.808652    13.1199    13.1208    33.7825    33.7831    25.4258    25.4261     8.1640     8.3846    248.802    255.525     2.4933     2.4017     0.1453     2.6075     3.1966     0.0061     0.0000 -122.41594   36.61920      99.56         20  0.000e+00
     249052  10377.125     15.045     15.157    13.1221    13.1226  39.807212  39.808586    13.1200    13.1206    33.7824    33.7833    25.4258    25.4263     8.1640     8.3792    248.801    255.362     2.4933     2.4005     0.1441     2.5770     3.1966     0.0061     0.0000 -122.41594   36.61920      99.56         20  0.000e+00
     249053  10377.167     14.985     15.097    13.1217    13.1224  39.807278  39.808586    13.1197    13.1204    33.7828    33.7835    25.4261    25.4265     8.1639     8.3846    248.800    255.525     2.4933     2.4017     0.1453     2.6075     3.1954     0.0061     0.0000 -122.41594   36.61920      99.56         20  0.000e+00
     249054  10377.208     15.038     15.150    13.1218    13.1224  39.807079  39.808586    13.1198    13.1204    33.7825    33.7835    25.4259    25.4265     8.1640     8.3792    248.802    255.362     2.4933     2.4005     0.1453     2.6075     3.1954     0.0061     0.0000 -122.41594   36.61920      99.56         20  0.000e+00
     249055  10377.250     14.985     15.097    13.1219    13.1224  39.807410  39.807991    13.1199    13.1204    33.7828    33.7829    25.4261    25.4261     8.1639     8.3846    248.799    255.526     2.4933     2.4017     0.1453     2.6075     3.1954     0.0049     0.0000 -122.41594   36.61920      99.56         20  0.000e+00
     249056  10377.292     14.998     15.110    13.1217    13.1223  39.806881  39.808388    13.1197    13.1202    33.7824    33.7834    25.4258    25.4265     8.1640     8.3846    248.801    255.526     2.4933     2.4017     0.1441     2.5770     3.1954     0.0049     0.0000 -122.41594   36.61920      99.56         20  0.000e+00
     249057  10377.333     14.985     15.097    13.1218    13.1219  39.807079  39.807991    13.1198    13.1198    33.7826    33.7834    25.4259    25.4265     8.1639     8.3847    248.800    255.528     2.4933     2.4017     0.1429     2.5464     3.1966     0.0049     0.0000 -122.41594   36.61920      99.56         20  0.000e+00
     249058  10377.375     14.985     15.097    13.1217    13.1222  39.806814  39.808388    13.1197    13.1202    33.7824    33.7834    25.4258    25.4265     8.1640     8.3846    248.801    255.526     2.4933     2.4017     0.1429     2.5464     3.1954     0.0049     0.0000 -122.41594   36.61920      99.56         20  0.000e+00
     249059  10377.417     14.899     15.010    13.1216    13.1219  39.806814  39.808255    13.1195    13.1199    33.7826    33.7836    25.4260    25.4267     8.1639     8.3846    248.799    255.525     2.4933     2.4017     0.1429     2.5464     3.1954     0.0049     0.0000 -122.41594   36.61920      99.56         20  0.000e+00
     249060  10377.458     14.985     15.097    13.1217    13.1221  39.806947  39.807925    13.1197    13.1200    33.7825    33.7832    25.4259    25.4263     8.1590     8.3847    248.649    255.527     2.4921     2.4017     0.1429     2.5464     3.1954     0.0049     0.0000 -122.41594   36.61920      99.56         20  0.000e+00
     249061  10377.500     14.892     15.003    13.1218    13.1219  39.806880  39.807858    13.1198    13.1198    33.7824    33.7833    25.4258    25.4265     8.1589     8.3846    248.646    255.525     2.4921     2.4017     0.1416     2.5159     3.1966     0.0037     0.0000 -122.41594   36.61920      99.56         20  0.000e+00
     252017  10500.667      9.749      9.821    13.1482    13.1427  39.827044  39.823116    13.1468    13.1413    33.7802    33.7814    25.4187    25.4207     8.1938     8.4454    249.712    257.380     2.5031     2.4176     0.1538     2.8212     3.1941     0.0000     0.0000 -122.41600   36.61916      99.56         21  0.000e+00
     252018  10500.708      9.795      9.868    13.1484    13.1430  39.827045  39.823050    13.1471    13.1416    33.7800    33.7810    25.4184    25.4203     8.1938     8.4400    249.712    257.217     2.5031     2.4164     0.1538     2.8212     3.1941     0.0000     0.0000 -122.41600   36.61916      99.56         21  0.000e+00
     252019  10500.750      9.748      9.821    13.1486    13.1428  39.827508  39.822521    13.1473    13.1415    33.7802    33.7807    25.4186    25.4201     8.1937     8.4454    249.709    257.381     2.5031     2.4176     0.1538     2.8212     3.1941     0.0000     0.0000 -122.41600   36.61916      99.56         21  0.000e+00
     252020  10500.792      9.695      9.768    13.1490    13.1428  39.827706  39.822851    13.1477    13.1415    33.7801    33.7810    25.4184    25.4204     8.1936     8.4400    249.706    257.214     2.5031     2.4164     0.1538     2.8212     3.1954     0.0000     0.0000 -122.41600   36.61916      99.58         21  0.000e+00
     252021  10500.833      9.709      9.781    13.1491    13.1430  39.827706  39.822521    13.1477    13.1417    33.7800    33.7805    25.4184    25.4200     8.1936     8.4400    249.706    257.215     2.5031     2.4164     0.1538     2.8212     3.1941     0.0000     0.0000 -122.41600   36.61916      99.56         21  0.000e+00
     252022  10500.875      9.695      9.768    13.1493    13.1428  39.827971  39.822851    13.1480    13.1415    33.7801    33.7810    25.4183    25.4204     8.1935     8.4454    249.704    257.379     2.5031     2.4176     0.1538     2.8212     3.1941     0.0000     0.0000 -122.41600   36.61916      99.56         21  0.000e+00
     252023  10500.917      9.695      9.768    13.1493    13.1433  39.828037  39.823314    13.1480    13.1420    33.7801    33.7810    25.4184    25.4203     8.1935     8.4453    249.704    257.376     2.5031     2.4176     0.1538     2.8212     3.1941     0.0000     0.0000 -122.41600   36.61916      99.58         21  0.000e+00
     252024  10500.958      9.695      9.767    13.1494    13.1435  39.828037  39.823645    13.1481    13.1422    33.7800    33.7811    25.4183    25.4203     8.1985     8.4452    249.855    257.374     2.5043     2.4176     0.1538     2.8212     3.1941     0.0000     0.0000 -122.41600   36.61916      99.56         21  0.000e+00
     252025  10501.000      9.649      9.721    13.1495    13.1435  39.827772  39.823777    13.1481    13.1422    33.7798    33.7813    25.4181    25.4204     8.1984     8.4452    249.854    257.373     2.5043     2.4176     0.1538     2.8212     3.1941     0.0000     0.0000 -122.41600   36.61916      99.58         21  0.000e+00
     252026  10501.042      9.695      9.767    13.1497    13.1440  39.827706  39.823777    13.1484    13.1427    33.7795    33.7808    25.4178    25.4200     8.1985     8.4451    249.854    257.372     2.5043     2.4176     0.1538     2.8212     3.1941     0.0000     0.0000 -122.41600   36.61916      99.56         21  0.000e+00
     252027  10501.083      9.550      9.621    13.1493    13.1440  39.827706  39.823975    13.1480    13.1427    33.7799    33.7811    25.4182    25.4202     8.1983     8.4450    249.851    257.367     2.5043     2.4176     0.1538     2.8212     3.1941     0.0000     0.0000 -122.41600   36.61916      99.58         21  0.000e+00
     252028  10501.125      9.709      9.781    13.1493    13.1442  39.827441  39.824108    13.1480    13.1428    33.7796    33.7810    25.4179    25.4201     8.2035     8.4451    250.008    257.371     2.5055     2.4176     0.1538     2.8212     3.1941     0.0000     0.0000 -122.41600   36.61916      99.56         21  0.000e+00
     252029  10501.167      9.603      9.674    13.1492    13.1447  39.827573  39.824306    13.1479    13.1433    33.7798    33.7808    25.4181    25.4198     8.2034     8.4449    250.005    257.366     2.5055     2.4176     0.1538     2.8212     3.1941     0.0000     0.0000 -122.41600   36.61916      99.56         21  0.000e+00
     252030  10501.208      9.603      9.674    13.1493    13.1447  39.827706  39.824438    13.1480    13.1433    33.7798    33.7809    25.4182    25.4199     8.2034     8.4449    250.004    257.365     2.5055     2.4176     0.1538     2.8212     3.1954     0.0000     0.0000 -122.41600   36.61914      99.56         21  0.000e+00
     252031  10501.250      9.602      9.674    13.1493    13.1448  39.827772  39.824438    13.1480    13.1435    33.7799    33.7808    25.4182    25.4198     8.1984     8.4449    249.853    257.365     2.5043     2.4176     0.1538     2.8212     3.1954     0.0000     0.0000 -122.41600   36.61914      99.56         21  0.000e+00
     252032  10501.292      9.602      9.674    13.1492    13.1450  39.827441  39.824438    13.1479    13.1437    33.7797    33.7806    25.4180    25.4196     8.2034     8.4449    250.005    257.364     2.5055     2.4176     0.1538     2.8212     3.1941     0.0000     0.0000 -122.41600   36.61914      99.58         21  0.000e+00
     252033  10501.333      9.602      9.674    13.1493    13.1450  39.827640  39.824769    13.1480    13.1437    33.7798    33.7809    25.4181    25.4198     8.1984     8.4449    249.853    257.363     2.5043     2.4176     0.1538     2.8212     3.1929     0.0000     0.0000 -122.41600   36.61914      99.56         21  0.000e+00
     252034  10501.375      9.563      9.634    13.1495    13.1452  39.827970  39.824504    13.1482    13.1438    33.7799    33.7806    25.4182    25.4195     8.2033     8.4394    250.002    257.198     2.5055     2.4164     0.1538     2.8212     3.1941     0.0000     0.0000 -122.41600   36.61914      99.58         21  0.000e+00
     252035  10501.417      9.549      9.620    13.1495    13.1452  39.827838  39.824438    13.1482    13.1439    33.7799    33.7805    25.4182    25.4195     8.2033     8.4448    250.002    257.361     2.5055     2.4176     0.1526     2.7906     3.1941     0.0000     0.0000 -122.41600   36.61914      99.58         21  0.000e+00
     252036  10501.458      9.549      9.620    13.1496    13.1453  39.827970  39.824637    13.1483    13.1440    33.7798    33.7805    25.4181    25.4195     8.2033     8.4448    250.001    257.361     2.5055     2.4176     0.1514     2.7601     3.1941     0.0000     0.0000 -122.41600   36.61914      99.56         21  0.000e+00
     252037  10501.500      9.549      9.620    13.1499    13.1452  39.828036  39.824769    13.1486    13.1438    33.7797    33.7808    25.4179    25.4197     8.2032     8.4448    250.000    257.361     2.5055     2.4176     0.1514     2.7601     3.1929     0.0000     0.0000 -122.41600   36.61914      99.58         21  0.000e+00
     252038  10501.542      9.503      9.574    13.1502    13.1452  39.828301  39.825298    13.1489    13.1438    33.7797    33.7813    25.4179    25.4201     8.2031     8.4393    249.997    257.194     2.5055     2.4164     0.1514     2.7601     3.1941     0.0000     0.0000 -122.41600   36.61914      99.58         21  0.000e+00
     252039  10501.583      9.549      9.620    13.1503    13.1455  39.828897  39.825497    13.1490    13.1442    33.7801    33.7812    25.4182    25.4200     8.2031     8.4447    249.997    257.358     2.5055     2.4176     0.1514     2.7601     3.1954     0.0000     0.0000 -122.41600   36.61914      99.58         21  0.000e+00
     252040  10501.625      9.503      9.574    13.1507    13.1457  39.828830  39.826290    13.1494    13.1444    33.7797    33.7818    25.4178    25.4204     8.2080     8.4446    250.145    257.355     2.5067     2.4176     0.1502     2.7296     3.1941     0.0000     0.0000 -122.41600   36.61914      99.58         21  0.000e+00
     252041  10501.667      9.516      9.587    13.1508    13.1460  39.828963  39.826224    13.1495    13.1447    33.7798    33.7815    25.4178    25.4201     8.2080     8.4446    250.145    257.354     2.5067     2.4176     0.1514     2.7601     3.1941     0.0000     0.0000 -122.41600   36.61914      99.58         21  0.000e+00
     252042  10501.708      9.503      9.574    13.1507    13.1463  39.829095  39.826687    13.1494    13.1450    33.7800    33.7816    25.4180    25.4201     8.2080     8.4445    250.145    257.351     2.5067     2.4176     0.1514     2.7601     3.1941     0.0000     0.0000 -122.41600   36.61914      99.58         21  0.000e+00
     252043  10501.750      9.503      9.574    13.1506    13.1470  39.828830  39.826621    13.1493    13.1457    33.7798    33.7809    25.4179    25.4195     8.2080     8.4444    250.145    257.349     2.5067     2.4176     0.1514     2.7601     3.1941     0.0000     0.0000 -122.41600   36.61914      99.58         21  0.000e+00
     252044  10501.792      9.450      9.520    13.1506    13.1472  39.828764  39.827018    13.1493    13.1459    33.7797    33.7812    25.4178    25.4196     8.2079     8.4389    250.144    257.181     2.5067     2.4164     0.1502     2.7296     3.1941     0.0000     0.0000 -122.41600   36.61914      99.58         21  0.000e+00
     252045  10501.833      9.503      9.574    13.1506    13.1472  39.828764  39.826952    13.1492    13.1459    33.7798    33.7811    25.4179    25.4195     8.2080     8.4443    250.146    257.348     2.5067     2.4176     0.1514     2.7601     3.1941     0.0000     0.0000 -122.41600   36.61914      99.56         21  0.000e+00
     252046  10501.875      9.450      9.520    13.1505    13.1474  39.828499  39.826091    13.1492    13.1461    33.7797    33.7801    25.4178    25.4188     8.2080     8.4389    250.145    257.182     2.5067     2.4164     0.1514     2.7601     3.1941     0.0000     0.0000 -122.41600   36.61914      99.58         21  0.000e+00
     252047  10501.917      9.503      9.573    13.1507    13.1474  39.828632  39.826025    13.1494    13.1461    33.7795    33.7801    25.4176    25.4187     8.2080     8.4390    250.145    257.184     2.5067     2.4164     0.1514     2.7601     3.1941     0.0000     0.0000 -122.41600   36.61914      99.58         21  0.000e+00
     252048  10501.958      9.417      9.487    13.1506    13.1470  39.828764  39.826158    13.1493    13.1457    33.7798    33.7805    25.4178    25.4192     8.2079     8.4389    250.143    257.183     2.5067     2.4164     0.1514     2.7601     3.1941     0.0000     0.0000 -122.41600   36.61914      99.58         21  0.000e+00
     252049  10502.000      9.503      9.573    13.1506    13.1470  39.828963  39.826158    13.1493    13.1457    33.7799    33.7805    25.4180    25.4191     8.2080     8.4390    250.145    257.185     2.5067     2.4164     0.1514     2.7601     3.1941     0.0000     0.0000 -122.41600   36.61914      99.56         21  0.000e+00
     252050  10502.042      9.403      9.473    13.1511    13.1471  39.829095  39.826157    13.1498    13.1458    33.7797    33.7805    25.4177    25.4191     8.2078     8.4389    250.140    257.182     2.5067     2.4164     0.1514     2.7601     3.1941     0.0000     0.0000 -122.41600   36.61914      99.58         21  0.000e+00
     252051  10502.083      9.450      9.520    13.1512    13.1467  39.829625  39.825893    13.1499    13.1454    33.7801    33.7805    25.4180    25.4192     8.2078     8.4390    250.140    257.185     2.5067     2.4164     0.1514     2.7601     3.1941     0.0000     0.0000 -122.41600   36.61914      99.58         21  0.000e+00
