West Coast/WCOA-7/CTD_Data/RB2102_CTD_088_01.ros
* Sea-Bird SBE 9 Data File:
* FileName = C:\Users\scs.user.rb\CTD\RB2102\Data\RB2102_CTD_088_01.hex
* Software Version Seasave V 7.26.7.107
* Temperature SN = 6202
* Conductivity SN = 4907
* Number of Bytes Per Scan = 41
* Number of Voltage Words = 4
* Number of Scans Averaged by the Deck Unit = 1
* NMEA Latitude = 37 53.54 N
* NMEA Longitude = 122 26.47 W
* NMEA UTC (Time) = Jul 12 2021  18:43:42
* NMEA baud rate = 4800
# nquan = 30
# nvalues = 432                                   
# units = specified
# name 0 = scan: Scan Count
# name 1 = timeS: Time, Elapsed [seconds]
# name 2 = depSM: Depth [salt water, m]
# name 3 = prDM: Pressure, Digiquartz [db]
# name 4 = t090C: Temperature [ITS-90, deg C]
# name 5 = t190C: Temperature, 2 [ITS-90, deg C]
# name 6 = c0mS/cm: Conductivity [mS/cm]
# name 7 = c1mS/cm: Conductivity, 2 [mS/cm]
# name 8 = potemp090C: Potential Temperature [ITS-90, deg C]
# name 9 = potemp190C: Potential Temperature, 2 [ITS-90, deg C]
# name 10 = sal00: Salinity, Practical [PSU]
# name 11 = sal11: Salinity, Practical, 2 [PSU]
# name 12 = sigma-é00: Density [sigma-theta, kg/m^3]
# name 13 = sigma-é11: Density, 2 [sigma-theta, kg/m^3]
# name 14 = sbeox0Mg/L: Oxygen, SBE 43 [mg/l]
# name 15 = sbeox1Mg/L: Oxygen, SBE 43, 2 [mg/l]
# name 16 = sbox0Mm/Kg: Oxygen, SBE 43 [umol/kg]
# name 17 = sbox1Mm/Kg: Oxygen, SBE 43, 2 [umol/kg]
# name 18 = sbeox0V: Oxygen raw, SBE 43 [V]
# name 19 = sbeox1V: Oxygen raw, SBE 43, 2 [V]
# name 20 = v4: Voltage 4
# name 21 = flECO-AFL: Fluorescence, WET Labs ECO-AFL/FL [mg/m^3]
# name 22 = v3: Voltage 3
# name 23 = v6: Voltage 6
# name 24 = v7: Voltage 7
# name 25 = longitude: Longitude [deg]
# name 26 = latitude: Latitude [deg]
# name 27 = altM: Altimeter [m]
# name 28 = nbf: Bottles Fired
# name 29 = flag:  0.000e+00
# interval = seconds: 0.0416667
# start_time = Jul 12 2021 18:43:42 [NMEA time, header]
# bad_flag = -9.990e-29
*END*
       9175    382.250     18.358     18.497    18.2290    18.2343  41.768784  41.768563    18.2259    18.2312    31.3160    31.3118    22.3983    22.3938     6.7891     6.9661    207.515    212.926     2.3077     2.2332     0.1209     1.9970     3.2430     0.1477     0.1807 -122.44138   37.89244       4.69          1  0.000e+00
       9176    382.292     18.450     18.590    18.2290    18.2341  41.768717  41.768563    18.2259    18.2309    31.3159    31.3119    22.3982    22.3940     6.7847     6.9662    207.378    212.929     2.3065     2.2332     0.1209     1.9970     3.2418     0.1477     0.1807 -122.44138   37.89244       4.71          1  0.000e+00
       9177    382.333     18.159     18.296    18.2285    18.2341  41.768783  41.768562    18.2254    18.2310    31.3165    31.3120    22.3988    22.3940     6.7845     6.9660    207.372    212.921     2.3065     2.2332     0.1209     1.9970     3.2430     0.1477     0.1807 -122.44138   37.89244       4.69          1  0.000e+00
       9178    382.375     18.397     18.537    18.2283    18.2337  41.768784  41.768765    18.2252    18.2306    31.3165    31.3124    22.3989    22.3944     6.7892     6.9613    207.518    212.778     2.3077     2.2320     0.1209     1.9970     3.2418     0.1477     0.1807 -122.44138   37.89244       4.69          1  0.000e+00
       9179    382.417     18.404     18.543    18.2278    18.2336  41.768987  41.769170    18.2247    18.2304    31.3171    31.3128    22.3994    22.3948     6.7893     6.9613    207.520    212.778     2.3077     2.2320     0.1209     1.9970     3.2418     0.1477     0.1807 -122.44138   37.89244       4.69          1  0.000e+00
       9180    382.458     18.351     18.490    18.2278    18.2331  41.769324  41.769507    18.2247    18.2300    31.3174    31.3135    22.3996    22.3954     6.7892     6.9613    207.518    212.778     2.3077     2.2320     0.1209     1.9970     3.2430     0.1477     0.1807 -122.44138   37.89244       4.69          1  0.000e+00
       9181    382.500     18.358     18.497    18.2279    18.2329  41.769189  41.769372    18.2248    18.2298    31.3171    31.3135    22.3994    22.3955     6.7847     6.9662    207.379    212.929     2.3065     2.2332     0.1209     1.9970     3.2418     0.1477     0.1807 -122.44138   37.89244       4.69          1  0.000e+00
       9182    382.542     18.351     18.490    18.2283    18.2327  41.769121  41.769777    18.2252    18.2296    31.3168    31.3140    22.3991    22.3959     6.7846     6.9613    207.377    212.779     2.3065     2.2320     0.1209     1.9970     3.2418     0.1490     0.1819 -122.44138   37.89244       4.69          1  0.000e+00
       9183    382.583     18.358     18.497    18.2284    18.2320  41.769054  41.769710    18.2253    18.2289    31.3167    31.3145    22.3989    22.3964     6.7846     6.9614    207.377    212.781     2.3065     2.2320     0.1209     1.9970     3.2418     0.1490     0.1819 -122.44138   37.89244       4.71          1  0.000e+00
       9184    382.625     18.351     18.490    18.2283    18.2311  41.768851  41.770115    18.2252    18.2280    31.3166    31.3155    22.3989    22.3974     6.7846     6.9615    207.378    212.783     2.3065     2.2320     0.1209     1.9970     3.2418     0.1490     0.1832 -122.44138   37.89244       4.74          1  0.000e+00
       9185    382.667     18.358     18.497    18.2278    18.2303  41.768784  41.770317    18.2247    18.2272    31.3169    31.3163    22.3993    22.3982     6.7847     6.9616    207.379    212.786     2.3065     2.2320     0.1209     1.9970     3.2430     0.1490     0.1819 -122.44138   37.89244       4.74          1  0.000e+00
       9186    382.708     18.351     18.490    18.2275    18.2301  41.769256  41.770587    18.2243    18.2270    31.3176    31.3167    22.3999    22.3986     6.7847     6.9616    207.380    212.786     2.3065     2.2320     0.1209     1.9970     3.2430     0.1490     0.1819 -122.44138   37.89244       4.74          1  0.000e+00
       9187    382.750     18.358     18.497    18.2271    18.2296  41.769459  41.770722    18.2240    18.2265    31.3180    31.3172    22.4003    22.3990     6.7802     6.9616    207.241    212.788     2.3053     2.2320     0.1209     1.9970     3.2418     0.1490     0.1819 -122.44138   37.89244       4.74          1  0.000e+00
       9188    382.792     18.351     18.490    18.2269    18.2292  41.769459  41.770385    18.2238    18.2261    31.3181    31.3172    22.4004    22.3991     6.7802     6.9617    207.242    212.789     2.3053     2.2320     0.1209     1.9970     3.2430     0.1490     0.1819 -122.44138   37.89244       4.71          1  0.000e+00
       9189    382.833     18.397     18.537    18.2266    18.2287  41.769189  41.771127    18.2234    18.2256    31.3182    31.3182    22.4006    22.4000     6.7803     6.9617    207.244    212.791     2.3053     2.2320     0.1209     1.9970     3.2418     0.1490     0.1819 -122.44138   37.89244       4.69          1  0.000e+00
       9190    382.875     18.358     18.497    18.2266    18.2286  41.769324  41.771396    18.2234    18.2255    31.3183    31.3185    22.4006    22.4003     6.7802     6.9617    207.243    212.790     2.3053     2.2320     0.1209     1.9970     3.2418     0.1490     0.1819 -122.44138   37.89244       4.69          1  0.000e+00
       9191    382.917     18.351     18.490    18.2266    18.2280  41.769459  41.771666    18.2235    18.2249    31.3184    31.3192    22.4007    22.4009     6.7802     6.9618    207.243    212.791     2.3053     2.2320     0.1209     1.9970     3.2430     0.1490     0.1819 -122.44138   37.89244       4.69          1  0.000e+00
       9192    382.958     18.358     18.497    18.2264    18.2279  41.769459  41.772004    18.2233    18.2247    31.3185    31.3196    22.4009    22.4013     6.7757     6.9618    207.104    212.792     2.3040     2.2320     0.1209     1.9970     3.2430     0.1477     0.1819 -122.44138   37.89244       4.69          1  0.000e+00
       9193    383.000     18.351     18.490    18.2261    18.2276  41.769729  41.771531    18.2230    18.2245    31.3190    31.3193    22.4013    22.4012     6.7803     6.9618    207.244    212.793     2.3053     2.2320     0.1209     1.9970     3.2418     0.1477     0.1807 -122.44138   37.89244       4.69          1  0.000e+00
       9194    383.042     18.358     18.497    18.2259    18.2276  41.770336  41.771397    18.2228    18.2245    31.3196    31.3192    22.4018    22.4011     6.7757     6.9618    207.105    212.793     2.3040     2.2320     0.1209     1.9970     3.2418     0.1477     0.1807 -122.44138   37.89244       4.69          1  0.000e+00
       9195    383.083     18.351     18.490    18.2256    18.2281  41.770269  41.771194    18.2224    18.2250    31.3199    31.3187    22.4021    22.4006     6.7758     6.9568    207.106    212.641     2.3040     2.2308     0.1209     1.9970     3.2418     0.1477     0.1807 -122.44138   37.89244       4.69          1  0.000e+00
       9196    383.125     18.358     18.497    18.2254    18.2280  41.770134  41.771329    18.2223    18.2249    31.3199    31.3189    22.4021    22.4007     6.7758     6.9618    207.106    212.792     2.3040     2.2320     0.1209     1.9970     3.2418     0.1477     0.1807 -122.44138   37.89244       4.69          1  0.000e+00
       9197    383.167     18.397     18.537    18.2252    18.2286  41.769594  41.770857    18.2221    18.2254    31.3195    31.3181    22.4019    22.4000     6.7758     6.9618    207.109    212.792     2.3040     2.2320     0.1209     1.9970     3.2430     0.1490     0.1819 -122.44138   37.89244       4.69          1  0.000e+00
       9198    383.208     18.358     18.497    18.2254    18.2287  41.769729  41.770385    18.2222    18.2256    31.3196    31.3176    22.4019    22.3995     6.7758     6.9568    207.107    212.640     2.3040     2.2308     0.1209     1.9970     3.2430     0.1490     0.1819 -122.44138   37.89244       4.69          1  0.000e+00
       9199    383.250     18.252     18.390    18.2250    18.2289  41.770066  41.770587    18.2219    18.2258    31.3201    31.3176    22.4024    22.3996     6.7712     6.9567    206.966    212.637     2.3028     2.2308     0.1209     1.9970     3.2418     0.1490     0.1819 -122.44138   37.89244       4.69          1  0.000e+00
       9200    383.292     18.450     18.590    18.2250    18.2290  41.769864  41.770722    18.2219    18.2258    31.3199    31.3176    22.4022    22.3995     6.7713     6.9618    206.971    212.792     2.3028     2.2320     0.1209     1.9970     3.2418     0.1490     0.1819 -122.44138   37.89244       4.69          1  0.000e+00
       9201    383.333     18.351     18.490    18.2252    18.2289  41.770066  41.770722    18.2221    18.2258    31.3199    31.3177    22.4022    22.3996     6.7712     6.9617    206.968    212.790     2.3028     2.2320     0.1209     1.9970     3.2418     0.1490     0.1819 -122.44138   37.89244       4.69          1  0.000e+00
       9202    383.375     18.358     18.497    18.2252    18.2283  41.769932  41.770924    18.2221    18.2252    31.3198    31.3183    22.4021    22.4002     6.7712     6.9618    206.968    212.791     2.3028     2.2320     0.1209     1.9970     3.2430     0.1490     0.1819 -122.44138   37.89244       4.69          1  0.000e+00
       9203    383.417     18.397     18.537    18.2252    18.2282  41.770067  41.771599    18.2221    18.2251    31.3199    31.3190    22.4022    22.4008     6.7713     6.9569    206.969    212.642     2.3028     2.2308     0.1209     1.9970     3.2418     0.1490     0.1819 -122.44138   37.89244       4.69          1  0.000e+00
       9204    383.458     18.351     18.490    18.2254    18.2280  41.770404  41.771464    18.2223    18.2249    31.3201    31.3190    22.4023    22.4008     6.7712     6.9568    206.967    212.641     2.3028     2.2308     0.1209     1.9970     3.2430     0.1490     0.1819 -122.44138   37.89244       4.69          1  0.000e+00
       9205    383.500     18.358     18.497    18.2249    18.2279  41.770269  41.771666    18.2218    18.2248    31.3204    31.3192    22.4027    22.4010     6.7713     6.9618    206.969    212.792     2.3028     2.2320     0.1209     1.9970     3.2430     0.1477     0.1807 -122.44138   37.89244       4.69          1  0.000e+00
       9206    383.542     18.351     18.490    18.2245    18.2273  41.769932  41.771531    18.2214    18.2242    31.3204    31.3196    22.4027    22.4014     6.7713     6.9618    206.970    212.794     2.3028     2.2320     0.1209     1.9970     3.2430     0.1477     0.1819 -122.44138   37.89244       4.69          1  0.000e+00
       9207    383.583     18.358     18.497    18.2242    18.2272  41.770067  41.771397    18.2211    18.2240    31.3207    31.3196    22.4031    22.4015     6.7713     6.9619    206.971    212.795     2.3028     2.2320     0.1209     1.9970     3.2418     0.1490     0.1819 -122.44138   37.89244       4.69          1  0.000e+00
       9208    383.625     18.351     18.490    18.2242    18.2273  41.770404  41.771397    18.2211    18.2242    31.3210    31.3195    22.4033    22.4013     6.7713     6.9618    206.970    212.794     2.3028     2.2320     0.1209     1.9970     3.2430     0.1490     0.1819 -122.44138   37.89244       4.69          1  0.000e+00
       9209    383.667     18.358     18.497    18.2242    18.2273  41.769999  41.771397    18.2211    18.2242    31.3207    31.3195    22.4030    22.4013     6.7713     6.9619    206.971    212.794     2.3028     2.2320     0.1209     1.9970     3.2418     0.1490     0.1819 -122.44138   37.89244       4.69          1  0.000e+00
       9210    383.708     18.351     18.490    18.2240    18.2270  41.769864  41.771936    18.2209    18.2239    31.3207    31.3202    22.4031    22.4020     6.7714     6.9619    206.971    212.794     2.3028     2.2320     0.1209     1.9970     3.2418     0.1490     0.1819 -122.44138   37.89244       4.69          1  0.000e+00
       9211    383.750     18.358     18.497    18.2237    18.2267  41.770337  41.771869    18.2205    18.2236    31.3214    31.3203    22.4037    22.4022     6.7714     6.9619    206.972    212.795     2.3028     2.2320     0.1209     1.9970     3.2418     0.1490     0.1819 -122.44138   37.89244       4.69          1  0.000e+00
       9212    383.792     18.351     18.490    18.2233    18.2270  41.770269  41.771801    18.2202    18.2239    31.3216    31.3201    22.4039    22.4019     6.7714     6.9619    206.973    212.794     2.3028     2.2320     0.1209     1.9970     3.2418     0.1490     0.1819 -122.44138   37.89244       4.69          1  0.000e+00
       9213    383.833     18.358     18.497    18.2232    18.2265  41.770134  41.772004    18.2201    18.2233    31.3216    31.3206    22.4040    22.4024     6.7714     6.9619    206.974    212.796     2.3028     2.2320     0.1209     1.9970     3.2418     0.1490     0.1819 -122.44138   37.89244       4.69          1  0.000e+00
       9214    383.875     18.397     18.537    18.2232    18.2270  41.770404  41.771329    18.2200    18.2239    31.3218    31.3196    22.4041    22.4016     6.7715     6.9668    206.974    212.947     2.3028     2.2332     0.1209     1.9970     3.2430     0.1490     0.1819 -122.44138   37.89244       4.71          1  0.000e+00
       9215    383.917     18.358     18.497    18.2231    18.2266  41.770539  41.771599    18.2200    18.2235    31.3219    31.3202    22.4043    22.4021     6.7714     6.9668    206.973    212.946     2.3028     2.2332     0.1221     2.0275     3.2405     0.1490     0.1819 -122.44138   37.89244       4.69          1  0.000e+00
       9216    383.958     18.351     18.490    18.2228    18.2265  41.770809  41.772071    18.2197    18.2234    31.3224    31.3206    22.4047    22.4024     6.7715     6.9668    206.974    212.946     2.3028     2.2332     0.1221     2.0275     3.2418     0.1490     0.1819 -122.44138   37.89244       4.71          1  0.000e+00
       9217    384.000     18.358     18.497    18.2230    18.2265  41.771147  41.771869    18.2198    18.2233    31.3226    31.3205    22.4048    22.4024     6.7714     6.9668    206.973    212.947     2.3028     2.2332     0.1221     2.0275     3.2430     0.1490     0.1819 -122.44138   37.89244       4.71          1  0.000e+00
       9218    384.042     18.397     18.537    18.2228    18.2263  41.770674  41.771195    18.2197    18.2232    31.3223    31.3201    22.4046    22.4021     6.7715     6.9669    206.975    212.949     2.3028     2.2332     0.1221     2.0275     3.2430     0.1490     0.1832 -122.44138   37.89244       4.71          1  0.000e+00
       9219    384.083     18.351     18.490    18.2225    18.2259  41.771349  41.771869    18.2194    18.2228    31.3231    31.3209    22.4053    22.4028     6.7715     6.9669    206.974    212.948     2.3028     2.2332     0.1221     2.0275     3.2430     0.1490     0.1832 -122.44138   37.89244       4.69          1  0.000e+00
       9220    384.125     18.358     18.497    18.2225    18.2258  41.771619  41.771869    18.2194    18.2226    31.3233    31.3211    22.4055    22.4029     6.7715     6.9669    206.974    212.949     2.3028     2.2332     0.1221     2.0275     3.2418     0.1490     0.1832 -122.44138   37.89244       4.69          1  0.000e+00
       9221    384.167     18.351     18.490    18.2221    18.2257  41.771282  41.772071    18.2190    18.2226    31.3233    31.3213    22.4056    22.4031     6.7715     6.9669    206.975    212.949     2.3028     2.2332     0.1221     2.0275     3.2430     0.1490     0.1819 -122.44138   37.89244       4.69          1  0.000e+00
       9222    384.208     18.358     18.497    18.2218    18.2259  41.771012  41.772408    18.2187    18.2228    31.3234    31.3214    22.4057    22.4031     6.7716     6.9718    206.976    213.098     2.3028     2.2344     0.1221     2.0275     3.2430     0.1490     0.1832 -122.44138   37.89244       4.69          1  0.000e+00
