West Coast/WCOA-7/CTD_Data/RB2102_CTD_111_01.ros
* Sea-Bird SBE 9 Data File:
* FileName = C:\Users\scs.user.rb\CTD\RB2102\Data\RB2102_CTD_111_01.hex
* Software Version Seasave V 7.26.7.107
* Temperature SN = 6202
* Conductivity SN = 4907
* Number of Bytes Per Scan = 41
* Number of Voltage Words = 4
* Number of Scans Averaged by the Deck Unit = 1
* NMEA Latitude = 34 09.12 N
* NMEA Longitude = 121 08.98 W
* NMEA UTC (Time) = Jul 17 2021  20:14:33
* NMEA baud rate = 4800
# nquan = 30
# nvalues = 1076                                  
# units = specified
# name 0 = scan: Scan Count
# name 1 = timeS: Time, Elapsed [seconds]
# name 2 = depSM: Depth [salt water, m]
# name 3 = prDM: Pressure, Digiquartz [db]
# name 4 = t090C: Temperature [ITS-90, deg C]
# name 5 = t190C: Temperature, 2 [ITS-90, deg C]
# name 6 = c0mS/cm: Conductivity [mS/cm]
# name 7 = c1mS/cm: Conductivity, 2 [mS/cm]
# name 8 = potemp090C: Potential Temperature [ITS-90, deg C]
# name 9 = potemp190C: Potential Temperature, 2 [ITS-90, deg C]
# name 10 = sal00: Salinity, Practical [PSU]
# name 11 = sal11: Salinity, Practical, 2 [PSU]
# name 12 = sigma-é00: Density [sigma-theta, kg/m^3]
# name 13 = sigma-é11: Density, 2 [sigma-theta, kg/m^3]
# name 14 = sbeox0Mg/L: Oxygen, SBE 43 [mg/l]
# name 15 = sbeox1Mg/L: Oxygen, SBE 43, 2 [mg/l]
# name 16 = sbox0Mm/Kg: Oxygen, SBE 43 [umol/kg]
# name 17 = sbox1Mm/Kg: Oxygen, SBE 43, 2 [umol/kg]
# name 18 = sbeox0V: Oxygen raw, SBE 43 [V]
# name 19 = sbeox1V: Oxygen raw, SBE 43, 2 [V]
# name 20 = v4: Voltage 4
# name 21 = flECO-AFL: Fluorescence, WET Labs ECO-AFL/FL [mg/m^3]
# name 22 = v3: Voltage 3
# name 23 = v6: Voltage 6
# name 24 = v7: Voltage 7
# name 25 = longitude: Longitude [deg]
# name 26 = latitude: Latitude [deg]
# name 27 = altM: Altimeter [m]
# name 28 = nbf: Bottles Fired
# name 29 = flag:  0.000e+00
# interval = seconds: 0.0416667
# start_time = Jul 17 2021 20:14:33 [NMEA time, header]
# bad_flag = -9.990e-29
*END*
[from data line 871]
     173973   7248.833     29.358     29.571    15.5040    15.5002  41.797949  41.795960    15.4995    15.4957    33.5350    33.5364    24.7330    24.7349     8.2486     8.3665    251.551    255.147     2.6093     2.4908     0.1270     2.1496     3.1575     0.0403     0.0000 -121.15168   34.15052      99.66         18  0.000e+00
     173974   7248.875     29.305     29.518    15.5042    15.5013  41.797814  41.796500    15.4997    15.4968    33.5347    33.5360    24.7328    24.7344     8.2485     8.3663    251.549    255.140     2.6093     2.4908     0.1258     2.1191     3.1575     0.0403     0.0000 -121.15168   34.15052      99.66         18  0.000e+00
     173975   7248.917     29.404     29.618    15.5045    15.5016  41.797679  41.796837    15.5000    15.4971    33.5343    33.5360    24.7324    24.7344     8.2486     8.3664    251.551    255.142     2.6093     2.4908     0.1258     2.1191     3.1575     0.0403     0.0000 -121.15168   34.15052      99.66         18  0.000e+00
     173976   7248.958     29.305     29.518    15.5041    15.5019  41.797679  41.797242    15.4996    15.4975    33.5346    33.5361    24.7327    24.7343     8.2486     8.3662    251.549    255.137     2.6093     2.4908     0.1258     2.1191     3.1575     0.0403     0.0000 -121.15168   34.15052      99.66         18  0.000e+00
     173977   7249.000     29.358     29.571    15.5042    15.5024  41.798084  41.796230    15.4997    15.4979    33.5349    33.5348    24.7329    24.7332     8.2486     8.3662    251.550    255.138     2.6093     2.4908     0.1258     2.1191     3.1575     0.0403     0.0000 -121.15168   34.15052      99.66         18  0.000e+00
     173978   7249.042     29.358     29.571    15.5043    15.5033  41.798354  41.795892    15.4998    15.4988    33.5351    33.5337    24.7330    24.7322     8.2486     8.3661    251.549    255.135     2.6093     2.4908     0.1258     2.1191     3.1575     0.0403     0.0000 -121.15168   34.15052      99.68         18  0.000e+00
     173979   7249.083     29.358     29.571    15.5045    15.5033  41.798624  41.797242    15.5000    15.4988    33.5351    33.5349    24.7330    24.7331     8.2485     8.3661    251.548    255.133     2.6093     2.4908     0.1258     2.1191     3.1575     0.0403     0.0000 -121.15168   34.15052      99.66         18  0.000e+00
     173980   7249.125     29.358     29.571    15.5049    15.5036  41.798354  41.797242    15.5004    15.4991    33.5346    33.5347    24.7325    24.7329     8.2532     8.3660    251.692    255.132     2.6105     2.4908     0.1258     2.1191     3.1575     0.0403     0.0000 -121.15168   34.15052      99.68         18  0.000e+00
     173981   7249.167     29.404     29.618    15.5050    15.5033  41.798624  41.797309    15.5005    15.4988    33.5347    33.5350    24.7326    24.7332     8.2533     8.3661    251.693    255.135     2.6105     2.4908     0.1258     2.1191     3.1575     0.0403     0.0000 -121.15168   34.15052      99.66         18  0.000e+00
     176604   7358.458     19.853     19.997    15.6017    15.6035  41.882713  41.885607    15.5987    15.6004    33.5313    33.5324    24.7082    24.7086     8.3694     8.4923    255.241    258.989     2.6471     2.5275     0.1319     2.2717     3.1587     0.0440     0.0000 -121.15166   34.15056      99.71         19  0.000e+00
     176605   7358.500     19.952     20.097    15.6019    15.6033  41.882849  41.885472    15.5988    15.6002    33.5313    33.5324    24.7081    24.7087     8.3695     8.4924    255.244    258.993     2.6471     2.5275     0.1306     2.2412     3.1587     0.0440     0.0000 -121.15166   34.15056      99.68         19  0.000e+00
     176606   7358.542     19.952     20.097    15.6021    15.6033  41.882781  41.885675    15.5990    15.6002    33.5311    33.5326    24.7079    24.7088     8.3695     8.4924    255.243    258.993     2.6471     2.5275     0.1306     2.2412     3.1575     0.0440     0.0000 -121.15166   34.15056      99.68         19  0.000e+00
     176607   7358.583     19.860     20.003    15.6022    15.6030  41.882848  41.885540    15.5991    15.5999    33.5311    33.5328    24.7079    24.7090     8.3694     8.4924    255.240    258.991     2.6471     2.5275     0.1306     2.2412     3.1575     0.0440     0.0000 -121.15166   34.15056      99.71         19  0.000e+00
     176608   7358.625     19.853     19.997    15.6024    15.6031  41.882781  41.885675    15.5993    15.6001    33.5308    33.5328    24.7076    24.7090     8.3646     8.4923    255.094    258.990     2.6459     2.5275     0.1306     2.2412     3.1563     0.0440     0.0000 -121.15166   34.15056      99.68         19  0.000e+00
     176609   7358.667     19.899     20.043    15.6026    15.6031  41.882848  41.885810    15.5995    15.6001    33.5307    33.5329    24.7075    24.7091     8.3693     8.4924    255.239    258.991     2.6471     2.5275     0.1306     2.2412     3.1563     0.0440     0.0000 -121.15166   34.15056      99.71         19  0.000e+00
     176610   7358.708     19.952     20.097    15.6023    15.6031  41.883051  41.885540    15.5993    15.6001    33.5311    33.5326    24.7078    24.7089     8.3694     8.4925    255.242    258.994     2.6471     2.5275     0.1306     2.2412     3.1575     0.0440     0.0000 -121.15166   34.15056      99.68         19  0.000e+00
     176611   7358.750     19.899     20.043    15.6024    15.6030  41.883456  41.885675    15.5993    15.5999    33.5314    33.5329    24.7081    24.7091     8.3646     8.4924    255.095    258.992     2.6459     2.5275     0.1306     2.2412     3.1587     0.0440     0.0000 -121.15166   34.15056      99.71         19  0.000e+00
     176612   7358.792     19.906     20.050    15.6024    15.6030  41.883186  41.885540    15.5993    15.5999    33.5312    33.5328    24.7079    24.7090     8.3646     8.4924    255.095    258.993     2.6459     2.5275     0.1306     2.2412     3.1587     0.0440     0.0000 -121.15166   34.15056      99.71         19  0.000e+00
     176613   7358.833     19.952     20.097    15.6026    15.6031  41.883186  41.885675    15.5995    15.6001    33.5310    33.5327    24.7077    24.7089     8.3647     8.4925    255.096    258.993     2.6459     2.5275     0.1306     2.2412     3.1587     0.0440     0.0000 -121.15166   34.15056      99.71         19  0.000e+00
     176614   7358.875     19.906     20.050    15.6026    15.6030  41.883119  41.885540    15.5995    15.5999    33.5310    33.5328    24.7077    24.7090     8.3693     8.4924    255.239    258.993     2.6471     2.5275     0.1306     2.2412     3.1575     0.0440     0.0000 -121.15166   34.15056      99.68         19  0.000e+00
     176615   7358.917     19.899     20.043    15.6024    15.6028  41.883186  41.885472    15.5993    15.5997    33.5312    33.5329    24.7079    24.7091     8.3646     8.4924    255.095    258.993     2.6459     2.5275     0.1306     2.2412     3.1563     0.0440     0.0000 -121.15166   34.15056      99.71         19  0.000e+00
     176616   7358.958     19.952     20.097    15.6021    15.6028  41.883119  41.885472    15.5990    15.5997    33.5314    33.5329    24.7081    24.7091     8.3600     8.4976    254.954    259.151     2.6447     2.5287     0.1319     2.2717     3.1575     0.0440     0.0000 -121.15166   34.15056      99.71         19  0.000e+00
     176617   7359.000     19.906     20.050    15.6023    15.6025  41.883456  41.885067    15.5993    15.5994    33.5315    33.5328    24.7081    24.7091     8.3646     8.4925    255.095    258.995     2.6459     2.5275     0.1319     2.2717     3.1575     0.0440     0.0000 -121.15166   34.15056      99.71         19  0.000e+00
     176618   7359.042     19.899     20.043    15.6022    15.6019  41.883794  41.885067    15.5992    15.5989    33.5319    33.5332    24.7085    24.7096     8.3599     8.4926    254.951    258.997     2.6447     2.5275     0.1319     2.2717     3.1563     0.0440     0.0000 -121.15166   34.15056      99.68         19  0.000e+00
     176619   7359.083     19.952     20.097    15.6024    15.6019  41.883929  41.885135    15.5993    15.5989    33.5318    33.5333    24.7084    24.7096     8.3599     8.4926    254.952    258.999     2.6447     2.5275     0.1319     2.2717     3.1575     0.0440     0.0000 -121.15166   34.15056      99.71         19  0.000e+00
     176620   7359.125     19.952     20.097    15.6024    15.6019  41.883321  41.885135    15.5993    15.5989    33.5313    33.5333    24.7080    24.7096     8.3599     8.4978    254.953    259.155     2.6447     2.5287     0.1331     2.3022     3.1575     0.0440     0.0000 -121.15166   34.15056      99.68         19  0.000e+00
     176621   7359.167     19.952     20.097    15.6022    15.6018  41.883727  41.885338    15.5991    15.5987    33.5318    33.5336    24.7084    24.7099     8.3552     8.4978    254.808    259.155     2.6435     2.5287     0.1319     2.2717     3.1575     0.0440     0.0000 -121.15166   34.15056      99.68         19  0.000e+00
     176622   7359.208     19.860     20.003    15.6021    15.6018  41.883862  41.885202    15.5990    15.5987    33.5321    33.5335    24.7087    24.7098     8.3551     8.4977    254.806    259.153     2.6435     2.5287     0.1319     2.2717     3.1575     0.0440     0.0000 -121.15166   34.15056      99.71         19  0.000e+00
     176623   7359.250     19.952     20.097    15.6026    15.6016  41.883659  41.884527    15.5995    15.5985    33.5314    33.5330    24.7081    24.7095     8.3552     8.4978    254.807    259.157     2.6435     2.5287     0.1319     2.2717     3.1575     0.0440     0.0000 -121.15166   34.15056      99.71         19  0.000e+00
     176624   7359.292     19.952     20.097    15.6029    15.6014  41.883456  41.884392    15.5998    15.5984    33.5310    33.5330    24.7076    24.7096     8.3551     8.5030    254.806    259.315     2.6435     2.5299     0.1331     2.3022     3.1575     0.0440     0.0000 -121.15166   34.15056      99.71         19  0.000e+00
     176625   7359.333     19.952     20.097    15.6031    15.6013  41.883862  41.884392    15.6000    15.5982    33.5312    33.5332    24.7078    24.7097     8.3551     8.5030    254.805    259.315     2.6435     2.5299     0.1319     2.2717     3.1575     0.0440     0.0000 -121.15166   34.15056      99.71         19  0.000e+00
     176626   7359.375     19.906     20.050    15.6029    15.6014  41.883862  41.884392    15.5998    15.5984    33.5313    33.5331    24.7079    24.7096     8.3551     8.5029    254.804    259.313     2.6435     2.5299     0.1319     2.2717     3.1575     0.0440     0.0000 -121.15166   34.15056      99.71         19  0.000e+00
     176627   7359.417     19.952     20.097    15.6031    15.6013  41.883929  41.884122    15.6000    15.5982    33.5312    33.5330    24.7078    24.7095     8.3504     8.5030    254.661    259.316     2.6422     2.5299     0.1319     2.2717     3.1575     0.0440     0.0000 -121.15166   34.15056      99.68         19  0.000e+00
     176628   7359.458     19.952     20.097    15.6029    15.6011  41.883862  41.883244    15.5998    15.5980    33.5313    33.5323    24.7079    24.7091     8.3551     8.5031    254.806    259.318     2.6435     2.5299     0.1319     2.2717     3.1575     0.0440     0.0000 -121.15166   34.15056      99.71         19  0.000e+00
     176629   7359.500     19.952     20.097    15.6029    15.6007  41.883389  41.883380    15.5998    15.5977    33.5309    33.5327    24.7076    24.7095     8.3504     8.5031    254.662    259.319     2.6422     2.5299     0.1319     2.2717     3.1575     0.0440     0.0000 -121.15166   34.15056      99.68         19  0.000e+00
     176630   7359.542     19.952     20.097    15.6027    15.6006  41.883389  41.883312    15.5996    15.5975    33.5311    33.5328    24.7077    24.7096     8.3504     8.5032    254.663    259.320     2.6422     2.5299     0.1319     2.2717     3.1575     0.0440     0.0000 -121.15166   34.15056      99.71         19  0.000e+00
     176631   7359.583     19.906     20.050    15.6027    15.6004  41.883254  41.883514    15.5997    15.5973    33.5309    33.5332    24.7077    24.7099     8.3504     8.5031    254.661    259.318     2.6422     2.5299     0.1319     2.2717     3.1575     0.0440     0.0000 -121.15166   34.15056      99.68         19  0.000e+00
     176632   7359.625     19.999     20.144    15.6024    15.6007  41.883389  41.883920    15.5993    15.5977    33.5313    33.5332    24.7080    24.7098     8.3505     8.5032    254.665    259.320     2.6422     2.5299     0.1319     2.2717     3.1575     0.0440     0.0000 -121.15166   34.15056      99.71         19  0.000e+00
     176633   7359.667     19.906     20.050    15.6026    15.6011  41.883524  41.883717    15.5995    15.5980    33.5313    33.5328    24.7080    24.7094     8.3504     8.5081    254.662    259.472     2.6422     2.5311     0.1319     2.2717     3.1587     0.0440     0.0000 -121.15166   34.15056      99.71         19  0.000e+00
     176634   7359.708     19.952     20.097    15.6023    15.6013  41.883186  41.883650    15.5993    15.5982    33.5312    33.5325    24.7079    24.7092     8.3505     8.5082    254.664    259.473     2.6422     2.5311     0.1319     2.2717     3.1587     0.0440     0.0000 -121.15166   34.15056      99.71         19  0.000e+00
     176635   7359.750     19.952     20.097    15.6024    15.6014  41.883727  41.883650    15.5993    15.5984    33.5316    33.5324    24.7083    24.7091     8.3505     8.5030    254.663    259.316     2.6422     2.5299     0.1319     2.2717     3.1587     0.0440     0.0000 -121.15166   34.15056      99.71         19  0.000e+00
     176636   7359.792     20.005     20.150    15.6026    15.6011  41.883322  41.883920    15.5995    15.5980    33.5311    33.5329    24.7078    24.7095     8.3505     8.5031    254.665    259.318     2.6422     2.5299     0.1319     2.2717     3.1575     0.0440     0.0000 -121.15166   34.15056      99.71         19  0.000e+00
     176637   7359.833     19.899     20.043    15.6024    15.6007  41.883456  41.884257    15.5993    15.5977    33.5314    33.5335    24.7081    24.7101     8.3457     8.5030    254.518    259.316     2.6410     2.5299     0.1331     2.3022     3.1563     0.0440     0.0000 -121.15166   34.15056      99.71         19  0.000e+00
     176638   7359.875     19.952     20.097    15.6023    15.6007  41.883457  41.884122    15.5993    15.5977    33.5314    33.5334    24.7081    24.7100     8.3458     8.5031    254.520    259.318     2.6410     2.5299     0.1319     2.2717     3.1575     0.0440     0.0000 -121.15166   34.15056      99.68         19  0.000e+00
     176639   7359.917     19.952     20.097    15.6024    15.6007  41.883254  41.884257    15.5993    15.5977    33.5312    33.5335    24.7079    24.7101     8.3458     8.5031    254.520    259.317     2.6410     2.5299     0.1319     2.2717     3.1563     0.0440     0.0000 -121.15166   34.15056      99.68         19  0.000e+00
     176640   7359.958     19.999     20.144    15.6021    15.6014  41.883389  41.884933    15.5990    15.5983    33.5316    33.5335    24.7083    24.7099     8.3458     8.5030    254.522    259.315     2.6410     2.5299     0.1319     2.2717     3.1563     0.0440     0.0000 -121.15166   34.15056      99.71         19  0.000e+00
     176641   7360.000     19.952     20.097    15.6020    15.6016  41.883254  41.885135    15.5989    15.5985    33.5315    33.5336    24.7083    24.7099     8.3458     8.5029    254.521    259.313     2.6410     2.5299     0.1319     2.2717     3.1587     0.0440     0.0000 -121.15166   34.15056      99.68         19  0.000e+00
