West Coast/WCOA-7/CTD_Data/RB2102_CTD_062_01.ros
* Sea-Bird SBE 9 Data File:
* FileName = C:\Users\scs.user.rb\CTD\RB2102\Data\RB2102_CTD_062_01.hex
* Software Version Seasave V 7.26.7.107
* Temperature SN = 6202
* Conductivity SN = 4907
* Number of Bytes Per Scan = 41
* Number of Voltage Words = 4
* Number of Scans Averaged by the Deck Unit = 1
* NMEA Latitude = 41 53.93 N
* NMEA Longitude = 124 47.67 W
* NMEA UTC (Time) = Jul 06 2021  16:20:00
* NMEA baud rate = 4800
# nquan = 30
# nvalues = 1127                                  
# units = specified
# name 0 = scan: Scan Count
# name 1 = timeS: Time, Elapsed [seconds]
# name 2 = depSM: Depth [salt water, m]
# name 3 = prDM: Pressure, Digiquartz [db]
# name 4 = t090C: Temperature [ITS-90, deg C]
# name 5 = t190C: Temperature, 2 [ITS-90, deg C]
# name 6 = c0mS/cm: Conductivity [mS/cm]
# name 7 = c1mS/cm: Conductivity, 2 [mS/cm]
# name 8 = potemp090C: Potential Temperature [ITS-90, deg C]
# name 9 = potemp190C: Potential Temperature, 2 [ITS-90, deg C]
# name 10 = sal00: Salinity, Practical [PSU]
# name 11 = sal11: Salinity, Practical, 2 [PSU]
# name 12 = sigma-é00: Density [sigma-theta, kg/m^3]
# name 13 = sigma-é11: Density, 2 [sigma-theta, kg/m^3]
# name 14 = sbeox0Mg/L: Oxygen, SBE 43 [mg/l]
# name 15 = sbeox1Mg/L: Oxygen, SBE 43, 2 [mg/l]
# name 16 = sbox0Mm/Kg: Oxygen, SBE 43 [umol/kg]
# name 17 = sbox1Mm/Kg: Oxygen, SBE 43, 2 [umol/kg]
# name 18 = sbeox0V: Oxygen raw, SBE 43 [V]
# name 19 = sbeox1V: Oxygen raw, SBE 43, 2 [V]
# name 20 = v4: Voltage 4
# name 21 = flECO-AFL: Fluorescence, WET Labs ECO-AFL/FL [mg/m^3]
# name 22 = v3: Voltage 3
# name 23 = v6: Voltage 6
# name 24 = v7: Voltage 7
# name 25 = longitude: Longitude [deg]
# name 26 = latitude: Latitude [deg]
# name 27 = altM: Altimeter [m]
# name 28 = nbf: Bottles Fired
# name 29 = flag:  0.000e+00
# interval = seconds: 0.0416667
# start_time = Jul 06 2021 16:20:00 [NMEA time, header]
# bad_flag = -9.990e-29
*END*
[from data line 1064]
     104644   4360.125      3.916      3.947    11.7033    11.6412  37.822091  37.775780    11.7028    11.6407    33.1448    33.1551    25.2038    25.2232     8.4907     8.5845    258.815    261.670     2.5055     2.3785     0.1038     1.5696     3.1331     0.0195     0.0024 -124.79630   41.89844      99.56         22  0.000e+00
     104645   4360.167      3.870      3.901    11.7026    11.6402  37.819432  37.775132    11.7022    11.6397    33.1428    33.1554    25.2023    25.2236     8.4909     8.5847    258.821    261.674     2.5055     2.3785     0.1038     1.5696     3.1331     0.0195     0.0012 -124.79630   41.89844      99.56         22  0.000e+00
     104646   4360.208      3.916      3.947    11.7033    11.6397  37.814375  37.774873    11.7028    11.6392    33.1373    33.1556    25.1979    25.2239     8.4911     8.5848    258.829    261.678     2.5055     2.3785     0.1038     1.5696     3.1343     0.0195     0.0012 -124.79630   41.89844      99.58         22  0.000e+00
     104647   4360.250      3.870      3.901    11.6982    11.6377  37.807244  37.774161    11.6977    11.6372    33.1349    33.1567    25.1970    25.2251     8.4921     8.5851    258.861    261.687     2.5055     2.3785     0.1026     1.5391     3.1331     0.0195     0.0024 -124.79630   41.89844      99.56         22  0.000e+00
     104648   4360.292      3.837      3.867    11.6886    11.6359  37.796354  37.773902    11.6881    11.6354    33.1329    33.1580    25.1972    25.2264     8.4940     8.5853    258.917    261.694     2.5055     2.3785     0.1013     1.5086     3.1331     0.0195     0.0012 -124.79630   41.89844      99.58         22  0.000e+00
     104649   4360.333      3.870      3.901    11.6820    11.6353  37.800114  37.774096    11.6815    11.6348    33.1424    33.1587    25.2058    25.2271     8.4948     8.5854    258.938    261.697     2.5055     2.3785     0.1013     1.5086     3.1343     0.0195     0.0024 -124.79630   41.89844      99.56         22  0.000e+00
     104650   4360.375      3.824      3.854    11.6777    11.6360  37.801865  37.773967    11.6772    11.6355    33.1480    33.1580    25.2110    25.2264     8.4952     8.5853    258.951    261.693     2.5055     2.3785     0.1013     1.5086     3.1343     0.0195     0.0024 -124.79630   41.89844      99.56         22  0.000e+00
     104651   4360.417      3.870      3.901    11.6757    11.6369  37.801671  37.773902    11.6752    11.6364    33.1495    33.1571    25.2125    25.2256     8.4955     8.5908    258.960    261.861     2.5055     2.3797     0.1026     1.5391     3.1331     0.0195     0.0024 -124.79630   41.89844      99.56         22  0.000e+00
     104652   4360.458      3.870      3.901    11.6744    11.6388  37.801995  37.774420    11.6739    11.6384    33.1511    33.1559    25.2140    25.2242     8.4957     8.5905    258.965    261.852     2.5055     2.3797     0.1026     1.5391     3.1343     0.0195     0.0024 -124.79630   41.89844      99.58         22  0.000e+00
     104653   4360.500      3.824      3.854    11.6749    11.6403  37.803486  37.774290    11.6744    11.6399    33.1521    33.1544    25.2147    25.2229     8.4955     8.5902    258.959    261.844     2.5055     2.3797     0.1013     1.5086     3.1343     0.0195     0.0024 -124.79630   41.89844      99.56         22  0.000e+00
     104654   4360.542      3.870      3.901    11.6767    11.6417  37.805301  37.774225    11.6762    11.6412    33.1522    33.1531    25.2144    25.2216     8.4952     8.5845    258.950    261.669     2.5055     2.3785     0.1013     1.5086     3.1343     0.0195     0.0024 -124.79630   41.89844      99.56         22  0.000e+00
     104655   4360.583      3.870      3.901    11.6797    11.6425  37.806598  37.773966    11.6792    11.6420    33.1508    33.1522    25.2128    25.2207     8.4947     8.5900    258.936    261.837     2.5055     2.3797     0.1013     1.5086     3.1343     0.0195     0.0024 -124.79630   41.89844      99.56         22  0.000e+00
     104656   4360.625      3.824      3.854    11.6830    11.6423  37.807764  37.773383    11.6825    11.6419    33.1490    33.1518    25.2108    25.2204     8.4942     8.5844    258.919    261.666     2.5055     2.3785     0.1013     1.5086     3.1343     0.0195     0.0024 -124.79630   41.89844      99.56         22  0.000e+00
     104657   4360.667      3.870      3.901    11.6833    11.6406  37.808218  37.772736    11.6828    11.6401    33.1491    33.1527    25.2108    25.2215     8.4941     8.5903    258.918    261.847     2.5055     2.3797     0.1013     1.5086     3.1331     0.0195     0.0024 -124.79630   41.89844      99.56         22  0.000e+00
     104697   4362.333      4.069      4.101    11.7833    11.7211  37.884803  37.829155    11.7827    11.7206    33.1345    33.1357    25.1810    25.1934     8.4868     8.5478    258.703    260.557     2.5079     2.3736     0.0977     1.4170     3.1343     0.0195     0.0024 -124.79630   41.89844      99.56         23  0.000e+00
     104698   4362.375      4.069      4.101    11.7852    11.7416  37.885711  37.845614    11.7847    11.7411    33.1336    33.1335    25.1799    25.1879     8.4865     8.5439    258.693    260.440     2.5079     2.3736     0.0977     1.4170     3.1331     0.0208     0.0024 -124.79630   41.89844      99.56         23  0.000e+00
     104699   4362.417      4.115      4.147    11.7867    11.7557  37.885776  37.856049    11.7862    11.7552    33.1323    33.1311    25.1786    25.1834     8.4863     8.5413    258.689    260.363     2.5079     2.3736     0.0965     1.3865     3.1343     0.0195     0.0024 -124.79630   41.89844      99.58         23  0.000e+00
     104700   4362.458      4.115      4.147    11.7884    11.7643  37.886685  37.862465    11.7879    11.7638    33.1317    33.1296    25.1779    25.1807     8.4861     8.5397    258.680    260.315     2.5079     2.3736     0.0891     1.2033     3.1343     0.0195     0.0024 -124.79630   41.89844      99.56         23  0.000e+00
     104701   4362.500      4.115      4.147    11.7897    11.7710  37.887852  37.867067    11.7892    11.7705    33.1317    33.1282    25.1776    25.1783     8.4858     8.5385    258.673    260.278     2.5079     2.3736     0.0867     1.1423     3.1343     0.0195     0.0012 -124.79630   41.89844      99.58         23  0.000e+00
     104702   4362.542      4.069      4.101    11.7909    11.7753  37.888566  37.869919    11.7903    11.7747    33.1314    33.1271    25.1771    25.1767     8.4805     8.5377    258.509    260.253     2.5067     2.3736     0.0855     1.1118     3.1343     0.0195     0.0024 -124.79630   41.89844      99.58         23  0.000e+00
     104703   4362.583      4.161      4.194    11.7925    11.7769  37.889409  37.871022    11.7919    11.7764    33.1307    33.1267    25.1763    25.1761     8.4854     8.5430    258.661    260.417     2.5079     2.3748     0.0867     1.1423     3.1343     0.0195     0.0012 -124.79630   41.89844      99.56         23  0.000e+00
     104704   4362.625      4.069      4.101    11.7934    11.7786  37.889798  37.872188    11.7928    11.7781    33.1304    33.1264    25.1759    25.1755     8.4852     8.5426    258.653    260.405     2.5079     2.3748     0.0867     1.1423     3.1343     0.0195     0.0024 -124.79630   41.89844      99.58         23  0.000e+00
     104705   4362.667      4.128      4.161    11.7929    11.7796  37.888955  37.873744    11.7923    11.7791    33.1300    33.1270    25.1757    25.1758     8.4853     8.5425    258.659    260.400     2.5079     2.3748     0.0867     1.1423     3.1343     0.0195     0.0012 -124.79630   41.89844      99.58         23  0.000e+00
     104706   4362.708      4.115      4.147    11.7923    11.7823  37.888695  37.875170    11.7918    11.7818    33.1302    33.1259    25.1760    25.1745     8.4854     8.5420    258.661    260.385     2.5079     2.3748     0.0867     1.1423     3.1343     0.0195     0.0024 -124.79630   41.89844      99.58         23  0.000e+00
     104707   4362.750      4.115      4.147    11.7920    11.7869  37.887528  37.878736    11.7915    11.7864    33.1293    33.1253    25.1753    25.1732     8.4855     8.5411    258.664    260.360     2.5079     2.3748     0.0867     1.1423     3.1343     0.0195     0.0024 -124.79630   41.89844      99.58         23  0.000e+00
     104708   4362.792      4.161      4.194    11.7918    11.7889  37.887009  37.882756    11.7913    11.7884    33.1290    33.1274    25.1751    25.1744     8.4856     8.5407    258.668    260.346     2.5079     2.3748     0.0867     1.1423     3.1331     0.0195     0.0024 -124.79630   41.89844      99.58         23  0.000e+00
     104709   4362.833      4.115      4.147    11.7922    11.7893  37.887203  37.884766    11.7916    11.7887    33.1289    33.1291    25.1750    25.1757     8.4855     8.5405    258.664    260.339     2.5079     2.3748     0.0867     1.1423     3.1343     0.0195     0.0024 -124.79630   41.89844      99.56         23  0.000e+00
     104710   4362.875      4.161      4.194    11.7922    11.7889  37.887463  37.884896    11.7917    11.7884    33.1291    33.1295    25.1751    25.1761     8.4856     8.5406    258.665    260.342     2.5079     2.3748     0.0867     1.1423     3.1343     0.0195     0.0012 -124.79630   41.89844      99.58         23  0.000e+00
     104711   4362.917      4.115      4.147    11.7920    11.7891  37.888112  37.884831    11.7915    11.7886    33.1299    33.1293    25.1758    25.1759     8.4855     8.5461    258.663    260.509     2.5079     2.3761     0.0867     1.1423     3.1331     0.0208     0.0024 -124.79630   41.89844      99.58         23  0.000e+00
     104712   4362.958      4.161      4.194    11.7920    11.7898  37.888566  37.886192    11.7914    11.7892    33.1303    33.1300    25.1761    25.1763     8.4804     8.5404    258.508    260.336     2.5067     2.3748     0.0867     1.1423     3.1343     0.0195     0.0012 -124.79630   41.89844      99.56         23  0.000e+00
     104713   4363.000      4.115      4.147    11.7914    11.7914  37.888177  37.888526    11.7908    11.7909    33.1305    33.1309    25.1764    25.1766     8.4805     8.5399    258.510    260.323     2.5067     2.3748     0.0867     1.1423     3.1343     0.0208     0.0024 -124.79630   41.89844      99.58         23  0.000e+00
     104714   4363.042      4.161      4.194    11.7910    11.7917  37.887398  37.889370    11.7905    11.7912    33.1301    33.1313    25.1761    25.1770     8.4806     8.5455    258.514    260.491     2.5067     2.3761     0.0867     1.1423     3.1343     0.0208     0.0024 -124.79630   41.89844      99.56         23  0.000e+00
     104715   4363.083      4.161      4.194    11.7897    11.7912  37.884998  37.888916    11.7892    11.7907    33.1289    33.1313    25.1754    25.1770     8.4809     8.5456    258.523    260.494     2.5067     2.3761     0.0867     1.1423     3.1343     0.0195     0.0024 -124.79630   41.89844      99.56         23  0.000e+00
     104716   4363.125      4.115      4.147    11.7827    11.7901  37.881559  37.888202    11.7822    11.7895    33.1318    33.1317    25.1790    25.1775     8.4820     8.5457    258.556    260.499     2.5067     2.3761     0.0867     1.1423     3.1331     0.0195     0.0024 -124.79630   41.89844      99.56         23  0.000e+00
     104717   4363.167      4.161      4.194    11.7809    11.7891  37.880522  37.887360    11.7804    11.7885    33.1323    33.1318    25.1797    25.1778     8.4823     8.5460    258.566    260.506     2.5067     2.3761     0.0867     1.1423     3.1331     0.0195     0.0024 -124.79630   41.89844      99.58         23  0.000e+00
     104718   4363.208      4.161      4.194    11.7763    11.7882  37.877603  37.886387    11.7758    11.7877    33.1337    33.1316    25.1816    25.1778     8.4831     8.5461    258.590    260.512     2.5067     2.3761     0.0867     1.1423     3.1343     0.0208     0.0024 -124.79630   41.89844      99.58         23  0.000e+00
     104719   4363.250      4.115      4.147    11.7708    11.7877  37.873451  37.885349    11.7703    11.7872    33.1345    33.1311    25.1833    25.1775     8.4789     8.5518    258.461    260.684     2.5055     2.3773     0.0867     1.1423     3.1343     0.0195     0.0024 -124.79630   41.89844      99.56         23  0.000e+00
     104720   4363.292      4.161      4.194    11.7665    11.7876  37.870403  37.885090    11.7660    11.7871    33.1354    33.1309    25.1848    25.1774     8.4797     8.5519    258.485    260.687     2.5055     2.3773     0.0867     1.1423     3.1343     0.0195     0.0024 -124.79630   41.89844      99.56         23  0.000e+00
     104721   4363.333      4.161      4.194    11.7668    11.7916  37.871960  37.887619    11.7662    11.7910    33.1367    33.1298    25.1857    25.1758     8.4796     8.5512    258.482    260.665     2.5055     2.3773     0.0867     1.1423     3.1331     0.0195     0.0024 -124.79630   41.89844      99.58         23  0.000e+00
     104722   4363.375      4.161      4.194    11.7692    11.7986  37.873451  37.891703    11.7686    11.7980    33.1360    33.1275    25.1847    25.1727     8.4792     8.5499    258.469    260.628     2.5055     2.3773     0.0867     1.1423     3.1343     0.0208     0.0024 -124.79630   41.89844      99.56         23  0.000e+00
     104723   4363.417      4.128      4.161    11.7648    11.8042  37.871246  37.896047    11.7643    11.8037    33.1377    33.1268    25.1869    25.1711     8.4799     8.5544    258.489    260.765     2.5055     2.3785     0.0867     1.1423     3.1331     0.0195     0.0024 -124.79630   41.89844      99.58         23  0.000e+00
     104724   4363.458      4.161      4.194    11.7705    11.8080  37.877668  37.898511    11.7700    11.8075    33.1389    33.1257    25.1868    25.1696     8.4737     8.5537    258.300    260.746     2.5043     2.3785     0.0867     1.1423     3.1331     0.0208     0.0024 -124.79630   41.89844      99.56         23  0.000e+00
     104725   4363.500      4.161      4.194    11.7844    11.8073  37.892265  37.897603    11.7839    11.8068    33.1407    33.1254    25.1856    25.1695     8.4710     8.5539    258.219    260.750     2.5043     2.3785     0.0867     1.1423     3.1331     0.0208     0.0024 -124.79630   41.89844      99.56         23  0.000e+00
     104726   4363.542      4.161      4.194    11.7962    11.8078  37.901738  37.896890    11.7956    11.8073    33.1394    33.1243    25.1824    25.1685     8.4689     8.5539    258.155    260.749     2.5043     2.3785     0.0806     0.9897     3.1331     0.0208     0.0024 -124.79630   41.89844      99.56         23  0.000e+00
     104727   4363.583      4.161      4.194    11.8020    11.8092  37.903879  37.898771    11.8015    11.8087    33.1363    33.1249    25.1789    25.1687     8.4680     8.5591    258.128    260.910     2.5043     2.3797     0.0781     0.9286     3.1343     0.0208     0.0024 -124.79630   41.89844      99.56         23  0.000e+00
     104728   4363.625      4.161      4.194    11.8053    11.8110  37.903749  37.900586    11.8047    11.8105    33.1333    33.1251    25.1759    25.1685     8.4624     8.5588    257.959    260.899     2.5031     2.3797     0.0781     0.9286     3.1343     0.0208     0.0024 -124.79630   41.89844      99.58         23  0.000e+00
     104729   4363.667      4.161      4.194    11.8094    11.8131  37.905306  37.901818    11.8089    11.8126    33.1311    33.1244    25.1735    25.1676     8.4566     8.5584    257.784    260.888     2.5018     2.3797     0.0781     0.9286     3.1331     0.0208     0.0024 -124.79630   41.89844      99.56         23  0.000e+00
