West Coast/WCOA-7/CTD_Data/RB2102_CTD_036_01.ros
* Sea-Bird SBE 9 Data File:
* FileName = C:\Users\scs.user.rb\CTD\RB2102\Data\RB2102_CTD_036_01.hex
* Software Version Seasave V 7.26.7.107
* Temperature SN = 6202
* Conductivity SN = 4907
* Number of Bytes Per Scan = 41
* Number of Voltage Words = 4
* Number of Scans Averaged by the Deck Unit = 1
* NMEA Latitude = 47 07.11 N
* NMEA Longitude = 126 05.07 W
* NMEA UTC (Time) = Jul 01 2021  22:22:45
* NMEA baud rate = 4800
# nquan = 30
# nvalues = 1169                                  
# units = specified
# name 0 = scan: Scan Count
# name 1 = timeS: Time, Elapsed [seconds]
# name 2 = depSM: Depth [salt water, m]
# name 3 = prDM: Pressure, Digiquartz [db]
# name 4 = t090C: Temperature [ITS-90, deg C]
# name 5 = t190C: Temperature, 2 [ITS-90, deg C]
# name 6 = c0mS/cm: Conductivity [mS/cm]
# name 7 = c1mS/cm: Conductivity, 2 [mS/cm]
# name 8 = potemp090C: Potential Temperature [ITS-90, deg C]
# name 9 = potemp190C: Potential Temperature, 2 [ITS-90, deg C]
# name 10 = sal00: Salinity, Practical [PSU]
# name 11 = sal11: Salinity, Practical, 2 [PSU]
# name 12 = sigma-é00: Density [sigma-theta, kg/m^3]
# name 13 = sigma-é11: Density, 2 [sigma-theta, kg/m^3]
# name 14 = sbeox0Mg/L: Oxygen, SBE 43 [mg/l]
# name 15 = sbeox1Mg/L: Oxygen, SBE 43, 2 [mg/l]
# name 16 = sbox0Mm/Kg: Oxygen, SBE 43 [umol/kg]
# name 17 = sbox1Mm/Kg: Oxygen, SBE 43, 2 [umol/kg]
# name 18 = sbeox0V: Oxygen raw, SBE 43 [V]
# name 19 = sbeox1V: Oxygen raw, SBE 43, 2 [V]
# name 20 = v4: Voltage 4
# name 21 = flECO-AFL: Fluorescence, WET Labs ECO-AFL/FL [mg/m^3]
# name 22 = v3: Voltage 3
# name 23 = v6: Voltage 6
# name 24 = v7: Voltage 7
# name 25 = longitude: Longitude [deg]
# name 26 = latitude: Latitude [deg]
# name 27 = altM: Altimeter [m]
# name 28 = nbf: Bottles Fired
# name 29 = flag:  0.000e+00
# interval = seconds: 0.0416667
# start_time = Jul 01 2021 22:22:45 [NMEA time, header]
# bad_flag = -9.990e-29
*END*
[from data line 1161]
     214734   8947.208      3.771      3.802    16.2024    16.2020  40.745728  40.745653    16.2018    16.2015    32.0333    32.0335    23.4215    23.4218     8.3568     8.2884    255.178    253.088     2.6545     2.4896     0.0525     0.2876     3.1868     0.8864     0.0000 -126.08550   47.11794      99.71         24  0.000e+00
     214735   8947.250      3.771      3.802    16.2026    16.2017  40.745728  40.745719    16.2020    16.2011    32.0331    32.0339    23.4213    23.4221     8.3568     8.2935    255.177    253.245     2.6545     2.4908     0.0525     0.2876     3.1880     0.8864     0.0000 -126.08550   47.11794      99.71         24  0.000e+00
     214736   8947.292      3.771      3.802    16.2026    16.2016  40.745929  40.745252    16.2020    16.2010    32.0333    32.0335    23.4214    23.4218     8.3521     8.2936    255.033    253.246     2.6532     2.4908     0.0537     0.3181     3.1856     0.8864     0.0000 -126.08550   47.11794      99.71         24  0.000e+00
     214737   8947.333      3.824      3.856    16.2028    16.2014  40.745996  40.745519    16.2022    16.2008    32.0332    32.0339    23.4213    23.4222     8.3568     8.2936    255.178    253.248     2.6545     2.4908     0.0525     0.2876     3.1868     0.8864     0.0000 -126.08550   47.11794      99.68         24  0.000e+00
     214738   8947.375      3.771      3.802    16.2028    16.2015  40.746196  40.745452    16.2022    16.2009    32.0334    32.0338    23.4215    23.4221     8.3521     8.2936    255.032    253.246     2.6532     2.4908     0.0537     0.3181     3.1856     0.8864     0.0000 -126.08550   47.11794      99.68         24  0.000e+00
     214739   8947.417      3.824      3.856    16.2028    16.2016  40.746463  40.745185    16.2022    16.2010    32.0336    32.0334    23.4216    23.4218     8.3521     8.2936    255.034    253.248     2.6532     2.4908     0.0525     0.2876     3.1880     0.8864     0.0000 -126.08550   47.11794      99.71         24  0.000e+00
     214740   8947.458      3.824      3.856    16.2031    16.2017  40.746129  40.745920    16.2025    16.2011    32.0331    32.0340    23.4211    23.4222     8.3521     8.2936    255.033    253.247     2.6532     2.4908     0.0537     0.3181     3.1880     0.8864     0.0000 -126.08550   47.11794      99.71         24  0.000e+00
     214741   8947.500      3.771      3.802    16.2030    16.2019  40.746463  40.745185    16.2024    16.2013    32.0335    32.0333    23.4215    23.4216     8.3520     8.2935    255.031    253.245     2.6532     2.4908     0.0537     0.3181     3.1856     0.8864     0.0000 -126.08550   47.11794      99.68         24  0.000e+00
