West Coast/WCOA-7/CTD_Data/RB2102_CTD_082_01.ros
* Sea-Bird SBE 9 Data File:
* FileName = C:\Users\scs.user.rb\CTD\RB2102\Data\RB2102_CTD_082_01.hex
* Software Version Seasave V 7.26.7.107
* Temperature SN = 6202
* Conductivity SN = 4907
* Number of Bytes Per Scan = 41
* Number of Voltage Words = 4
* Number of Scans Averaged by the Deck Unit = 1
* NMEA Latitude = 37 58.21 N
* NMEA Longitude = 122 49.72 W
* NMEA UTC (Time) = Jul 11 2021  03:23:02
* NMEA baud rate = 4800
# nquan = 30
# nvalues = 588                                   
# units = specified
# name 0 = scan: Scan Count
# name 1 = timeS: Time, Elapsed [seconds]
# name 2 = depSM: Depth [salt water, m]
# name 3 = prDM: Pressure, Digiquartz [db]
# name 4 = t090C: Temperature [ITS-90, deg C]
# name 5 = t190C: Temperature, 2 [ITS-90, deg C]
# name 6 = c0mS/cm: Conductivity [mS/cm]
# name 7 = c1mS/cm: Conductivity, 2 [mS/cm]
# name 8 = potemp090C: Potential Temperature [ITS-90, deg C]
# name 9 = potemp190C: Potential Temperature, 2 [ITS-90, deg C]
# name 10 = sal00: Salinity, Practical [PSU]
# name 11 = sal11: Salinity, Practical, 2 [PSU]
# name 12 = sigma-é00: Density [sigma-theta, kg/m^3]
# name 13 = sigma-é11: Density, 2 [sigma-theta, kg/m^3]
# name 14 = sbeox0Mg/L: Oxygen, SBE 43 [mg/l]
# name 15 = sbeox1Mg/L: Oxygen, SBE 43, 2 [mg/l]
# name 16 = sbox0Mm/Kg: Oxygen, SBE 43 [umol/kg]
# name 17 = sbox1Mm/Kg: Oxygen, SBE 43, 2 [umol/kg]
# name 18 = sbeox0V: Oxygen raw, SBE 43 [V]
# name 19 = sbeox1V: Oxygen raw, SBE 43, 2 [V]
# name 20 = v4: Voltage 4
# name 21 = flECO-AFL: Fluorescence, WET Labs ECO-AFL/FL [mg/m^3]
# name 22 = v3: Voltage 3
# name 23 = v6: Voltage 6
# name 24 = v7: Voltage 7
# name 25 = longitude: Longitude [deg]
# name 26 = latitude: Latitude [deg]
# name 27 = altM: Altimeter [m]
# name 28 = nbf: Bottles Fired
# name 29 = flag:  0.000e+00
# interval = seconds: 0.0416667
# start_time = Jul 11 2021 03:23:02 [NMEA time, header]
# bad_flag = -9.990e-29
*END*
[from data line 339]
      20571    857.083     10.113     10.189    11.8493    11.5661  38.670665  38.425256    11.8481    11.5649    33.8384    33.8566    25.7155    25.7824     6.3266     6.4363    192.754    196.081     2.0012     1.9121     0.1270     2.1496     3.3138     0.1441     0.1343 -122.82876   37.97026      25.59          7  0.000e+00
      20572    857.125     10.152     10.229    11.8464    11.5649  38.671124  38.425061    11.8451    11.5637    33.8415    33.8575    25.7185    25.7833     6.3321     6.4365    192.918    196.086     2.0024     1.9121     0.1233     2.0580     3.3126     0.1441     0.1343 -122.82876   37.97026      25.62          7  0.000e+00
      20573    857.167     10.152     10.229    11.8447    11.5714  38.671582  38.431842    11.8434    11.5701    33.8434    33.8582    25.7203    25.7827     6.3271     6.4355    192.767    196.057     2.0012     1.9121     0.1221     2.0275     3.3138     0.1441     0.1343 -122.82876   37.97026      25.62          7  0.000e+00
      20574    857.208     10.106     10.182    11.8446    11.5801  38.672236  38.441428    11.8433    11.5788    33.8442    33.8597    25.7210    25.7823     6.3271     6.4341    192.765    196.015     2.0012     1.9121     0.1221     2.0275     3.3138     0.1441     0.1343 -122.82876   37.97026      25.59          7  0.000e+00
      20603    858.417     10.252     10.329    11.6896    11.6443  38.547714  38.494331    11.6883    11.6430    33.8638    33.8528    25.7651    25.7650     6.3427     6.4251    193.235    195.743     2.0000     1.9121     0.1221     2.0275     3.3150     0.1453     0.1343 -122.82876   37.97026      25.71          8  0.000e+00
      20604    858.458     10.252     10.329    11.7218    11.6400  38.559144  38.497268    11.7205    11.6387    33.8456    33.8597    25.7449    25.7711     6.3441     6.4254    193.280    195.752     2.0012     1.9121     0.1221     2.0275     3.3138     0.1453     0.1343 -122.82876   37.97026      25.71          8  0.000e+00
      20605    858.500     10.166     10.242    11.7622    11.6649  38.573515  38.504900    11.7609    11.6636    33.8229    33.8444    25.7198    25.7546     6.3394     6.4223    193.140    195.661     2.0012     1.9121     0.1221     2.0275     3.3126     0.1441     0.1343 -122.82876   37.97026      25.69          8  0.000e+00
      20606    858.542     10.199     10.276    11.7935    11.6955  38.589719  38.513577    11.7922    11.6942    33.8102    33.8250    25.7041    25.7338     6.3356     6.4186    193.027    195.553     2.0012     1.9121     0.1221     2.0275     3.3138     0.1453     0.1343 -122.82876   37.97026      25.69          8  0.000e+00
      20607    858.583     10.199     10.276    11.8109    11.7130  38.604948  38.516512    11.8096    11.7117    33.8092    33.8119    25.7000    25.7204     6.3332     6.4111    192.956    195.324     2.0012     1.9109     0.1221     2.0275     3.3150     0.1441     0.1331 -122.82876   37.97026      25.69          8  0.000e+00
      20608    858.625     10.252     10.329    11.7974    11.7027  38.617568  38.510444    11.7961    11.7014    33.8338    33.8154    25.7217    25.7250     6.3341     6.4180    192.980    195.536     2.0012     1.9121     0.1221     2.0275     3.3138     0.1441     0.1331 -122.82876   37.97026      25.69          8  0.000e+00
      20609    858.667     10.212     10.289    11.7977    11.6875  38.627310  38.504049    11.7964    11.6862    33.8431    33.8230    25.7288    25.7338     6.3337     6.4199    192.965    195.592     2.0012     1.9121     0.1221     2.0275     3.3138     0.1441     0.1331 -122.82876   37.97026      25.69          8  0.000e+00
      20610    858.708     10.252     10.329    11.8113    11.6807  38.635875  38.500852    11.8100    11.6794    33.8390    33.8260    25.7232    25.7374     6.3320     6.4208    192.915    195.619     2.0012     1.9121     0.1221     2.0275     3.3138     0.1441     0.1331 -122.82876   37.97026      25.69          8  0.000e+00
      20611    858.750     10.252     10.329    11.8234    11.6738  38.641955  38.497982    11.8220    11.6726    33.8339    33.8295    25.7170    25.7413     6.3305     6.4217    192.871    195.644     2.0012     1.9121     0.1221     2.0275     3.3138     0.1441     0.1331 -122.82876   37.97026      25.69          8  0.000e+00
      20612    858.792     10.252     10.329    11.8301    11.6643  38.647644  38.490413    11.8288    11.6630    33.8334    33.8307    25.7153    25.7441     6.3296     6.4230    192.844    195.685     2.0012     1.9121     0.1221     2.0275     3.3150     0.1441     0.1343 -122.82876   37.97026      25.67          8  0.000e+00
      20613    858.833     10.252     10.329    11.8353    11.6493  38.651633  38.476060    11.8340    11.6480    33.8325    33.8303    25.7136    25.7466     6.3289     6.4252    192.823    195.752     2.0012     1.9121     0.1221     2.0275     3.3138     0.1453     0.1343 -122.82876   37.97026      25.64          8  0.000e+00
      20614    858.875     10.258     10.336    11.8386    11.6354  38.654772  38.461969    11.8373    11.6341    33.8325    33.8292    25.7130    25.7483     6.3285     6.4273    192.810    195.815     2.0012     1.9121     0.1221     2.0275     3.3138     0.1441     0.1331 -122.82876   37.97026      25.64          8  0.000e+00
      20615    858.917     10.252     10.329    11.8406    11.6175  38.658107  38.452317    11.8393    11.6162    33.8340    33.8361    25.7138    25.7570     6.3281     6.4297    192.799    195.885     2.0012     1.9121     0.1221     2.0275     3.3126     0.1441     0.1331 -122.82876   37.97026      25.64          8  0.000e+00
      20616    858.958     10.252     10.329    11.8416    11.6049  38.659939  38.446187    11.8403    11.6036    33.8349    33.8417    25.7142    25.7636     6.3331     6.4313    192.949    195.933     2.0024     1.9121     0.1221     2.0275     3.3126     0.1441     0.1331 -122.82876   37.97026      25.64          8  0.000e+00
      20617    859.000     10.298     10.376    11.8403    11.6052  38.653660  38.442078    11.8390    11.6039    33.8299    33.8373    25.7107    25.7602     6.3284     6.4315    192.807    195.939     2.0012     1.9121     0.1221     2.0275     3.3138     0.1441     0.1319 -122.82876   37.97026      25.64          8  0.000e+00
      20618    859.042     10.258     10.336    11.8094    11.6066  38.626720  38.438360    11.8081    11.6053    33.8317    33.8324    25.7178    25.7561     6.3325     6.4314    192.933    195.938     2.0012     1.9121     0.1221     2.0275     3.3150     0.1441     0.1319 -122.82876   37.97026      25.62          8  0.000e+00
      20619    859.083     10.298     10.376    11.7524    11.6014  38.594823  38.435948    11.7511    11.6001    33.8525    33.8348    25.7446    25.7589     6.3396     6.4321    193.144    195.959     2.0012     1.9121     0.1221     2.0275     3.3138     0.1453     0.1319 -122.82876   37.97026      25.59          8  0.000e+00
      20620    859.125     10.298     10.376    11.7426    11.5946  38.575347  38.434905    11.7413    11.5933    33.8424    33.8400    25.7386    25.7642     6.3363     6.4329    193.043    195.983     2.0000     1.9121     0.1221     2.0275     3.3126     0.1441     0.1319 -122.82876   37.97026      25.62          8  0.000e+00
      20621    859.167     10.298     10.376    11.7589    11.5847  38.569660  38.433211    11.7576    11.5834    33.8220    33.8473    25.7197    25.7717     6.3348     6.4341    193.003    196.016     2.0000     1.9121     0.1221     2.0275     3.3126     0.1441     0.1319 -122.82876   37.97026      25.62          8  0.000e+00
      20622    859.208     10.311     10.389    11.7644    11.5822  38.577763  38.429950    11.7630    11.5809    33.8250    33.8464    25.7210    25.7715     6.3391     6.4345    193.132    196.029     2.0012     1.9121     0.1221     2.0275     3.3126     0.1453     0.1331 -122.82876   37.97026      25.62          8  0.000e+00
      20623    859.250     10.298     10.376    11.7864    11.5882  38.592531  38.424537    11.7851    11.5869    33.8193    33.8356    25.7125    25.7620     6.3363     6.4340    193.047    196.017     2.0012     1.9121     0.1221     2.0275     3.3126     0.1453     0.1331 -122.82876   37.97026      25.62          8  0.000e+00
      20624    859.292     10.298     10.376    11.8079    11.5834  38.599719  38.417886    11.8066    11.5821    33.8067    33.8335    25.6987    25.7612     6.3338     6.4404    192.974    196.211     2.0012     1.9133     0.1270     2.1496     3.3126     0.1441     0.1319 -122.82876   37.97026      25.62          8  0.000e+00
      20625    859.333     10.298     10.376    11.7940    11.5706  38.587628  38.410715    11.7927    11.5693    33.8076    33.8382    25.7020    25.7672     6.3357     6.4365    193.031    196.092     2.0012     1.9121     0.1306     2.2412     3.3150     0.1453     0.1319 -122.82876   37.97026      25.62          8  0.000e+00
      20626    859.375     10.311     10.389    11.7705    11.5596  38.560967  38.404327    11.7692    11.5584    33.8030    33.8419    25.7028    25.7722     6.3391     6.4380    193.136    196.136     2.0012     1.9121     0.1319     2.2717     3.3126     0.1453     0.1331 -122.82876   37.97026      25.62          8  0.000e+00
      20627    859.417     10.351     10.429    11.7483    11.5520  38.539017  38.399048    11.7470    11.5507    33.8017    33.8437    25.7059    25.7750     6.3372     6.4391    193.076    196.168     2.0000     1.9121     0.1306     2.2412     3.3138     0.1453     0.1331 -122.82876   37.97026      25.62          8  0.000e+00
      20628    859.458     10.351     10.429    11.7294    11.5455  38.529417  38.393312    11.7281    11.5442    33.8095    33.8440    25.7155    25.7764     6.3395     6.4400    193.144    196.197     2.0000     1.9121     0.1306     2.2412     3.3126     0.1453     0.1319 -122.82876   37.97026      25.62          8  0.000e+00
      20629    859.500     10.298     10.376    11.7147    11.5382  38.528243  38.387706    11.7134    11.5369    33.8218    33.8452    25.7278    25.7787     6.3410     6.4410    193.188    196.226     2.0000     1.9121     0.1306     2.2412     3.3126     0.1453     0.1331 -122.82876   37.97026      25.62          8  0.000e+00
      20630    859.542     10.358     10.436    11.6868    11.5257  38.528443  38.384383    11.6855    11.5244    33.8474    33.8533    25.7529    25.7873     6.3439     6.4426    193.271    196.272     2.0000     1.9121     0.1306     2.2412     3.3150     0.1465     0.1331 -122.82876   37.97026      25.62          8  0.000e+00
      20631    859.583     10.351     10.429    11.6597    11.5148  38.525702  38.381582    11.6584    11.5135    33.8695    33.8606    25.7751    25.7949     6.3468     6.4439    193.355    196.310     2.0000     1.9121     0.1306     2.2412     3.3150     0.1453     0.1331 -122.82876   37.97026      25.62          8  0.000e+00
      20632    859.625     10.298     10.376    11.6417    11.5086  38.517148  38.381126    11.6404    11.5073    33.8776    33.8658    25.7847    25.8001     6.3489     6.4445    193.418    196.329     2.0000     1.9121     0.1306     2.2412     3.3126     0.1453     0.1319 -122.82876   37.97026      25.62          8  0.000e+00
      20633    859.667     10.397     10.476    11.6306    11.5108  38.506700  38.384190    11.6293    11.5095    33.8774    33.8668    25.7867    25.8005     6.3505     6.4443    193.467    196.321     2.0000     1.9121     0.1306     2.2412     3.3126     0.1441     0.1319 -122.82876   37.97026      25.62          8  0.000e+00
      20634    859.708     10.351     10.429    11.6229    11.5171  38.499322  38.389795    11.6216    11.5158    33.8772    33.8665    25.7879    25.7992     6.3567     6.4433    193.655    196.292     2.0012     1.9121     0.1306     2.2412     3.3150     0.1441     0.1319 -122.82876   37.97026      25.62          8  0.000e+00
      20635    859.750     10.358     10.436    11.6197    11.5222  38.496514  38.394488    11.6184    11.5209    33.8774    33.8665    25.7886    25.7982     6.3571     6.4426    193.668    196.269     2.0012     1.9121     0.1306     2.2412     3.3138     0.1441     0.1331 -122.82876   37.97026      25.62          8  0.000e+00
      20636    859.792     10.351     10.429    11.6323    11.5208  38.497296  38.395010    11.6310    11.5195    33.8667    33.8683    25.7780    25.7998     6.3609     6.4427    193.786    196.273     2.0024     1.9121     0.1306     2.2412     3.3138     0.1453     0.1331 -122.82876   37.97026      25.59          8  0.000e+00
      20637    859.833     10.397     10.476    11.6437    11.5213  38.497491  38.395270    11.6424    11.5200    33.8565    33.8681    25.7679    25.7996     6.3547     6.4427    193.597    196.272     2.0012     1.9121     0.1306     2.2412     3.3138     0.1453     0.1331 -122.82876   37.97026      25.57          8  0.000e+00
      20638    859.875     10.351     10.429    11.6495    11.5360  38.499188  38.400028    11.6482    11.5347    33.8529    33.8592    25.7641    25.7900     6.3540     6.4408    193.577    196.218     2.0012     1.9121     0.1306     2.2412     3.3138     0.1453     0.1331 -122.82876   37.97026      25.57          8  0.000e+00
      20639    859.917     10.410     10.489    11.6555    11.5404  38.503105  38.407068    11.6542    11.5390    33.8512    33.8622    25.7616    25.7915     6.3532     6.4401    193.555    196.196     2.0012     1.9121     0.1306     2.2412     3.3138     0.1453     0.1331 -122.82876   37.97026      25.57          8  0.000e+00
      20640    859.958     10.351     10.429    11.6524    11.5374  38.508199  38.411698    11.6511    11.5361    33.8590    33.8695    25.7683    25.7977     6.3533     6.4402    193.556    196.197     2.0012     1.9121     0.1306     2.2412     3.3138     0.1465     0.1343 -122.82876   37.97026      25.57          8  0.000e+00
      20641    860.000     10.397     10.476    11.6541    11.5488  38.515383  38.416848    11.6527    11.5475    33.8645    33.8641    25.7723    25.7914     6.3529     6.4388    193.543    196.155     2.0012     1.9121     0.1306     2.2412     3.3138     0.1465     0.1355 -122.82876   37.97026      25.57          8  0.000e+00
      20642    860.042     10.397     10.476    11.6684    11.5734  38.525375  38.425387    11.6671    11.5721    33.8612    33.8499    25.7670    25.7759     6.3510     6.4357    193.487    196.065     2.0012     1.9121     0.1306     2.2412     3.3138     0.1477     0.1355 -122.82876   37.97026      25.54          8  0.000e+00
      20643    860.083     10.410     10.489    11.6960    11.5980  38.536542  38.435297    11.6947    11.5967    33.8469    33.8372    25.7508    25.7614     6.3427     6.4326    193.235    195.974     2.0000     1.9121     0.1306     2.2412     3.3138     0.1465     0.1355 -122.82876   37.97026      25.54          8  0.000e+00
      20644    860.125     10.351     10.429    11.7390    11.6162  38.545421  38.444621    11.7377    11.6149    33.8164    33.8298    25.7191    25.7523     6.3379     6.4302    193.095    195.902     2.0000     1.9121     0.1306     2.2412     3.3138     0.1465     0.1343 -122.82876   37.97026      25.54          8  0.000e+00
      20645    860.167     10.397     10.476    11.7711    11.6232  38.551559  38.451143    11.7698    11.6219    33.7932    33.8297    25.6951    25.7509     6.3344     6.4292    192.993    195.872     2.0000     1.9121     0.1306     2.2412     3.3138     0.1465     0.1343 -122.82876   37.97026      25.54          8  0.000e+00
