West Coast/WCOA-7/CTD_Data/RB2102_CTD_119_01.ros
* Sea-Bird SBE 9 Data File:
* FileName = C:\Users\scs.user.rb\CTD\RB2102\Data\RB2102_CTD_119_01.hex
* Software Version Seasave V 7.26.7.107
* Temperature SN = 6202
* Conductivity SN = 4907
* Number of Bytes Per Scan = 41
* Number of Voltage Words = 4
* Number of Scans Averaged by the Deck Unit = 1
* NMEA Latitude = 34 18.82 N
* NMEA Longitude = 120 07.54 W
* NMEA UTC (Time) = Jul 19 2021  02:34:11
* NMEA baud rate = 4800
# nquan = 30
# nvalues = 1176                                  
# units = specified
# name 0 = scan: Scan Count
# name 1 = timeS: Time, Elapsed [seconds]
# name 2 = depSM: Depth [salt water, m]
# name 3 = prDM: Pressure, Digiquartz [db]
# name 4 = t090C: Temperature [ITS-90, deg C]
# name 5 = t190C: Temperature, 2 [ITS-90, deg C]
# name 6 = c0mS/cm: Conductivity [mS/cm]
# name 7 = c1mS/cm: Conductivity, 2 [mS/cm]
# name 8 = potemp090C: Potential Temperature [ITS-90, deg C]
# name 9 = potemp190C: Potential Temperature, 2 [ITS-90, deg C]
# name 10 = sal00: Salinity, Practical [PSU]
# name 11 = sal11: Salinity, Practical, 2 [PSU]
# name 12 = sigma-é00: Density [sigma-theta, kg/m^3]
# name 13 = sigma-é11: Density, 2 [sigma-theta, kg/m^3]
# name 14 = sbeox0Mg/L: Oxygen, SBE 43 [mg/l]
# name 15 = sbeox1Mg/L: Oxygen, SBE 43, 2 [mg/l]
# name 16 = sbox0Mm/Kg: Oxygen, SBE 43 [umol/kg]
# name 17 = sbox1Mm/Kg: Oxygen, SBE 43, 2 [umol/kg]
# name 18 = sbeox0V: Oxygen raw, SBE 43 [V]
# name 19 = sbeox1V: Oxygen raw, SBE 43, 2 [V]
# name 20 = v4: Voltage 4
# name 21 = flECO-AFL: Fluorescence, WET Labs ECO-AFL/FL [mg/m^3]
# name 22 = v3: Voltage 3
# name 23 = v6: Voltage 6
# name 24 = v7: Voltage 7
# name 25 = longitude: Longitude [deg]
# name 26 = latitude: Latitude [deg]
# name 27 = altM: Altimeter [m]
# name 28 = nbf: Bottles Fired
# name 29 = flag:  0.000e+00
# interval = seconds: 0.0416667
# start_time = Jul 19 2021 02:34:11 [NMEA time, header]
# bad_flag = -9.990e-29
*END*
[from data line 387]
      52315   2179.750    397.403    400.658     7.4563     7.4580  35.165860  35.167624     7.4174     7.4191    34.2171    34.2173    26.7436    26.7436     0.6469     0.6161     19.689     18.751     0.6203     0.6203     0.0403    -0.0177     3.1929     0.0427     0.0000 -120.12582   34.31220     100.00          8  0.000e+00
      52316   2179.792    397.303    400.557     7.4565     7.4579  35.165922  35.167749     7.4176     7.4189    34.2170    34.2177    26.7436    26.7439     0.6528     0.6161     19.869     18.751     0.6215     0.6203     0.0403    -0.0177     3.1929     0.0427     0.0000 -120.12582   34.31220     100.00          8  0.000e+00
      52317   2179.833    397.377    400.631     7.4565     7.4579  35.165671  35.167309     7.4176     7.4189    34.2167    34.2171    26.7433    26.7435     0.6469     0.6225     19.689     18.948     0.6203     0.6215     0.0403    -0.0177     3.1929     0.0415     0.0000 -120.12582   34.31220     100.00          8  0.000e+00
      52318   2179.875    397.303    400.557     7.4569     7.4579  35.165544  35.167497     7.4179     7.4189    34.2163    34.2174    26.7429    26.7437     0.6528     0.6225     19.869     18.948     0.6215     0.6215     0.0403    -0.0177     3.1929     0.0415     0.0000 -120.12582   34.31220     100.00          8  0.000e+00
      52319   2179.917    397.357    400.611     7.4569     7.4579  35.165796  35.168001     7.4179     7.4189    34.2165    34.2179    26.7431    26.7441     0.6528     0.6161     19.869     18.751     0.6215     0.6203     0.0403    -0.0177     3.1929     0.0415     0.0000 -120.12582   34.31220     100.00          8  0.000e+00
      58614   2442.208    347.482    350.285     8.0081     8.0256  35.636559  35.652428     7.9727     7.9901    34.2070    34.2070    26.6551    26.6525     0.9360     0.8882     28.490     27.036     0.6838     0.6752     0.0403    -0.0177     3.1893     0.0354     0.0000 -120.12582   34.31216      99.98          9  0.000e+00
      58615   2442.250    347.469    350.272     8.0083     8.0258  35.636306  35.652175     7.9728     7.9903    34.2066    34.2065    26.6547    26.6521     0.9360     0.8882     28.490     27.036     0.6838     0.6752     0.0403    -0.0177     3.1905     0.0366     0.0000 -120.12582   34.31216      99.95          9  0.000e+00
      58616   2442.292    347.389    350.191     8.0083     8.0256  35.636242  35.652301     7.9729     7.9901    34.2066    34.2069    26.6547    26.6524     0.9359     0.8882     28.489     27.036     0.6838     0.6752     0.0403    -0.0177     3.1905     0.0354     0.0000 -120.12582   34.31216      99.98          9  0.000e+00
      58617   2442.333    347.522    350.325     8.0081     8.0258  35.636939  35.652365     7.9727     7.9903    34.2074    34.2067    26.6554    26.6522     0.9360     0.8882     28.490     27.036     0.6838     0.6752     0.0403    -0.0177     3.1893     0.0366     0.0000 -120.12582   34.31216      99.98          9  0.000e+00
      58618   2442.375    347.435    350.238     8.0076     8.0260  35.636432  35.652618     7.9722     7.9906    34.2074    34.2067    26.6555    26.6522     0.9360     0.8882     28.490     27.036     0.6838     0.6752     0.0403    -0.0177     3.1893     0.0366     0.0000 -120.12582   34.31216      99.98          9  0.000e+00
      58619   2442.417    347.422    350.225     8.0075     8.0261  35.635482  35.652491     7.9721     7.9906    34.2065    34.2065    26.6548    26.6520     0.9360     0.8882     28.490     27.036     0.6838     0.6752     0.0403    -0.0177     3.1905     0.0354     0.0000 -120.12582   34.31216      99.95          9  0.000e+00
      58620   2442.458    347.436    350.238     8.0073     8.0258  35.635482  35.651858     7.9719     7.9903    34.2067    34.2062    26.6549    26.6518     0.9360     0.8882     28.490     27.036     0.6838     0.6752     0.0403    -0.0177     3.1893     0.0342     0.0000 -120.12582   34.31216      99.98          9  0.000e+00
      58621   2442.500    347.469    350.272     8.0075     8.0260  35.635102  35.651732     7.9720     7.9906    34.2061    34.2058    26.6545    26.6514     0.9360     0.8882     28.490     27.036     0.6838     0.6752     0.0403    -0.0177     3.1893     0.0342     0.0000 -120.12582   34.31216      99.98          9  0.000e+00
      58622   2442.542    347.436    350.238     8.0075     8.0254  35.634976  35.651985     7.9721     7.9900    34.2060    34.2066    26.6544    26.6522     0.9360     0.8882     28.490     27.036     0.6838     0.6752     0.0403    -0.0177     3.1893     0.0342     0.0000 -120.12582   34.31216      99.98          9  0.000e+00
      58623   2442.583    347.422    350.225     8.0070     8.0254  35.634976  35.652302     7.9716     7.9900    34.2064    34.2070    26.6548    26.6525     0.9360     0.8882     28.490     27.036     0.6838     0.6752     0.0403    -0.0177     3.1905     0.0342     0.0000 -120.12582   34.31216      99.98          9  0.000e+00
      58624   2442.625    347.436    350.238     8.0071     8.0254  35.634722  35.652175     7.9717     7.9900    34.2060    34.2068    26.6545    26.6524     0.9360     0.8882     28.490     27.036     0.6838     0.6752     0.0403    -0.0177     3.1893     0.0342     0.0000 -120.12582   34.31216      99.98          9  0.000e+00
      58625   2442.667    347.436    350.238     8.0065     8.0254  35.634659  35.651795     7.9711     7.9900    34.2066    34.2064    26.6550    26.6521     0.9418     0.8882     28.667     27.036     0.6850     0.6752     0.0403    -0.0177     3.1893     0.0342     0.0000 -120.12582   34.31216      99.98          9  0.000e+00
      58626   2442.708    347.422    350.225     8.0063     8.0251  35.634849  35.651732     7.9709     7.9896    34.2070    34.2067    26.6553    26.6523     0.9360     0.8882     28.491     27.037     0.6838     0.6752     0.0403    -0.0177     3.1893     0.0342     0.0000 -120.12582   34.31216      99.98          9  0.000e+00
      58627   2442.750    347.389    350.191     8.0061     8.0248  35.634722  35.651732     7.9707     7.9893    34.2070    34.2070    26.6554    26.6526     0.9360     0.8945     28.491     27.229     0.6838     0.6764     0.0403    -0.0177     3.1893     0.0342     0.0000 -120.12582   34.31216      99.98          9  0.000e+00
      58628   2442.792    347.422    350.225     8.0079     8.0246  35.634849  35.651732     7.9725     7.9892    34.2054    34.2072    26.6538    26.6528     0.9360     0.8882     28.490     27.037     0.6838     0.6752     0.0403    -0.0177     3.1893     0.0354     0.0000 -120.12582   34.31216      99.98          9  0.000e+00
      58629   2442.833    347.436    350.238     8.0083     8.0244  35.635166  35.651542     7.9729     7.9890    34.2054    34.2071    26.6538    26.6528     0.9360     0.8882     28.490     27.037     0.6838     0.6752     0.0403    -0.0177     3.1905     0.0354     0.0000 -120.12582   34.31216      99.95          9  0.000e+00
      58630   2442.875    347.376    350.178     8.0076     8.0243  35.635482  35.651162     7.9722     7.9888    34.2064    34.2069    26.6546    26.6526     0.9418     0.8882     28.666     27.037     0.6850     0.6752     0.0403    -0.0177     3.1893     0.0342     0.0000 -120.12582   34.31216      99.98          9  0.000e+00
      58631   2442.917    347.482    350.285     8.0078     8.0239  35.635673  35.651099     7.9724     7.9885    34.2064    34.2071    26.6546    26.6528     0.9360     0.8882     28.490     27.037     0.6838     0.6752     0.0403    -0.0177     3.1893     0.0342     0.0000 -120.12582   34.31216      99.98          9  0.000e+00
      58632   2442.958    347.422    350.225     8.0079     8.0243  35.636116  35.650846     7.9725     7.9888    34.2067    34.2065    26.6549    26.6523     0.9360     0.8882     28.490     27.037     0.6838     0.6752     0.0403    -0.0177     3.1893     0.0342     0.0000 -120.12582   34.31216      99.98          9  0.000e+00
      58633   2443.000    347.336    350.138     8.0083     8.0239  35.635989  35.650592     7.9729     7.9885    34.2063    34.2066    26.6545    26.6524     0.9359     0.8882     28.489     27.037     0.6838     0.6752     0.0403    -0.0177     3.1893     0.0342     0.0000 -120.12582   34.31216      99.98          9  0.000e+00
      58634   2443.042    347.469    350.272     8.0084     8.0236  35.636116  35.650909     7.9730     7.9882    34.2062    34.2072    26.6544    26.6530     0.9360     0.8882     28.490     27.038     0.6838     0.6752     0.0403    -0.0177     3.1905     0.0342     0.0000 -120.12582   34.31216      99.98          9  0.000e+00
      58635   2443.083    347.389    350.191     8.0086     8.0235  35.636432  35.648504     7.9732     7.9880    34.2065    34.2049    26.6546    26.6511     0.9359     0.8883     28.489     27.038     0.6838     0.6752     0.0403    -0.0177     3.1893     0.0342     0.0000 -120.12582   34.31216      99.98          9  0.000e+00
      58636   2443.125    347.423    350.225     8.0091     8.0228  35.636749  35.649517     7.9737     7.9874    34.2063    34.2066    26.6544    26.6526     0.9359     0.8883     28.489     27.038     0.6838     0.6752     0.0403    -0.0177     3.1893     0.0354     0.0000 -120.12582   34.31216      99.98          9  0.000e+00
      58637   2443.167    347.389    350.191     8.0097     8.0228  35.637572  35.650846     7.9743     7.9874    34.2066    34.2080    26.6545    26.6537     0.9359     0.8883     28.488     27.038     0.6838     0.6752     0.0403    -0.0177     3.1893     0.0342     0.0000 -120.12582   34.31216      99.98          9  0.000e+00
      58638   2443.208    347.389    350.191     8.0096     8.0230  35.638015  35.650656     7.9742     7.9875    34.2072    34.2076    26.6550    26.6534     0.9417     0.8883     28.665     27.038     0.6850     0.6752     0.0403    -0.0177     3.1893     0.0342     0.0000 -120.12582   34.31216      99.98          9  0.000e+00
      58639   2443.250    347.423    350.225     8.0084     8.0230  35.638586  35.650466     7.9730     7.9875    34.2089    34.2074    26.6565    26.6532     0.9359     0.8883     28.489     27.038     0.6838     0.6752     0.0403    -0.0177     3.1905     0.0342     0.0000 -120.12582   34.31216      99.98          9  0.000e+00
      58640   2443.292    347.389    350.191     8.0083     8.0233  35.638269  35.650466     7.9729     7.9879    34.2087    34.2071    26.6564    26.6529     0.9359     0.8882     28.489     27.038     0.6838     0.6752     0.0403    -0.0177     3.1905     0.0342     0.0000 -120.12582   34.31216      99.95          9  0.000e+00
      58641   2443.333    347.376    350.178     8.0086     8.0238  35.638142  35.649959     7.9732     7.9884    34.2083    34.2061    26.6560    26.6520     0.9301     0.8946     28.312     27.230     0.6825     0.6764     0.0403    -0.0177     3.1893     0.0342     0.0000 -120.12582   34.31216      99.98          9  0.000e+00
      58642   2443.375    347.436    350.239     8.0097     8.0241  35.638586  35.649390     7.9743     7.9887    34.2076    34.2051    26.6553    26.6512     0.9359     0.8882     28.488     27.038     0.6838     0.6752     0.0403    -0.0177     3.1905     0.0342     0.0000 -120.12582   34.31216      99.98          9  0.000e+00
      58643   2443.417    347.376    350.178     8.0102     8.0241  35.638775  35.649453     7.9748     7.9887    34.2074    34.2052    26.6551    26.6513     0.9359     0.8882     28.488     27.037     0.6838     0.6752     0.0403    -0.0177     3.1893     0.0342     0.0000 -120.12582   34.31216      99.98          9  0.000e+00
      58644   2443.458    347.436    350.239     8.0100     8.0241  35.638966  35.649960     7.9746     7.9887    34.2077    34.2057    26.6554    26.6517     0.9359     0.8882     28.488     27.037     0.6838     0.6752     0.0403    -0.0177     3.1880     0.0342     0.0000 -120.12582   34.31216      99.98          9  0.000e+00
      58645   2443.500    347.423    350.225     8.0100     8.0241  35.639282  35.649706     7.9746     7.9887    34.2081    34.2055    26.6556    26.6515     0.9359     0.8882     28.488     27.037     0.6838     0.6752     0.0403    -0.0177     3.1905     0.0342     0.0000 -120.12582   34.31216      99.98          9  0.000e+00
      58646   2443.542    347.336    350.138     8.0105     8.0236  35.638902  35.649516     7.9751     7.9882    34.2072    34.2058    26.6549    26.6519     0.9359     0.8882     28.488     27.037     0.6838     0.6752     0.0403    -0.0177     3.1893     0.0354     0.0000 -120.12582   34.31216      99.98          9  0.000e+00
      58647   2443.583    347.469    350.272     8.0107     8.0233  35.638776  35.649074     7.9753     7.9878    34.2069    34.2056    26.6546    26.6517     0.9359     0.8946     28.488     27.231     0.6838     0.6764     0.0403    -0.0177     3.1880     0.0342     0.0000 -120.12582   34.31216      99.98          9  0.000e+00
      58648   2443.625    347.389    350.192     8.0110     8.0225  35.638522  35.649137     7.9756     7.9871    34.2063    34.2065    26.6541    26.6525     0.9359     0.8883     28.488     27.038     0.6838     0.6752     0.0403    -0.0177     3.1905     0.0342     0.0000 -120.12582   34.31216      99.98          9  0.000e+00
      58649   2443.667    347.376    350.178     8.0112     8.0214  35.638205  35.648251     7.9758     7.9859    34.2058    34.2066    26.6537    26.6528     0.9359     0.8883     28.488     27.039     0.6838     0.6752     0.0403    -0.0177     3.1905     0.0342     0.0000 -120.12582   34.31216      99.98          9  0.000e+00
      58650   2443.708    347.436    350.239     8.0120     8.0208  35.638585  35.648188     7.9766     7.9854    34.2054    34.2071    26.6533    26.6532     0.9359     0.8883     28.487     27.039     0.6838     0.6752     0.0403    -0.0177     3.1905     0.0342     0.0000 -120.12582   34.31216      99.98          9  0.000e+00
      58651   2443.750    347.436    350.239     8.0110     8.0201  35.638269  35.648061     7.9756     7.9846    34.2060    34.2077    26.6539    26.6538     0.9359     0.8883     28.488     27.040     0.6838     0.6752     0.0403    -0.0177     3.1905     0.0342     0.0000 -120.12582   34.31216      99.95          9  0.000e+00
      58652   2443.792    347.376    350.178     8.0100     8.0200  35.637635  35.647428     7.9746     7.9846    34.2063    34.2071    26.6543    26.6534     0.9359     0.8883     28.488     27.040     0.6838     0.6752     0.0403    -0.0177     3.1893     0.0342     0.0000 -120.12582   34.31216      99.98          9  0.000e+00
      58653   2443.833    347.390    350.192     8.0091     8.0194  35.637255  35.646795     7.9737     7.9840    34.2069    34.2070    26.6548    26.6534     0.9359     0.8883     28.489     27.040     0.6838     0.6752     0.0403    -0.0177     3.1905     0.0342     0.0000 -120.12582   34.31216      99.98          9  0.000e+00
      58654   2443.875    347.469    350.272     8.0096     8.0184  35.636686  35.645719     7.9742     7.9830    34.2057    34.2067    26.6539    26.6533     0.9359     0.8884     28.489     27.041     0.6838     0.6752     0.0403    -0.0177     3.1905     0.0342     0.0000 -120.12582   34.31216      99.98          9  0.000e+00
      58655   2443.917    347.390    350.192     8.0096     8.0176  35.636305  35.646352     7.9742     7.9822    34.2054    34.2083    26.6536    26.6547     0.9359     0.8884     28.489     27.041     0.6838     0.6752     0.0403    -0.0177     3.1905     0.0342     0.0000 -120.12582   34.31216      99.98          9  0.000e+00
      58656   2443.958    347.423    350.225     8.0097     8.0183  35.636242  35.647428     7.9743     7.9828    34.2051    34.2088    26.6534    26.6550     0.9359     0.8884     28.489     27.041     0.6838     0.6752     0.0403    -0.0177     3.1893     0.0342     0.0000 -120.12582   34.31216      99.98          9  0.000e+00
