West Coast/WCOA-7/CTD_Data/RB2102_CTD_012_01.ros
* Sea-Bird SBE 9 Data File:
* FileName = C:\Users\scs.user.rb\CTD\RB2102\Data\RB2102_CTD_012_01.hex
* Software Version Seasave V 7.26.7.107
* Temperature SN = 6202
* Conductivity SN = 4907
* Number of Bytes Per Scan = 41
* Number of Voltage Words = 4
* Number of Scans Averaged by the Deck Unit = 1
* NMEA Latitude = 48 43.15 N
* NMEA Longitude = 125 40.57 W
* NMEA UTC (Time) = Jun 28 2021  01:17:25
* NMEA baud rate = 4800
# nquan = 30
# nvalues = 882                                   
# units = specified
# name 0 = scan: Scan Count
# name 1 = timeS: Time, Elapsed [seconds]
# name 2 = depSM: Depth [salt water, m]
# name 3 = prDM: Pressure, Digiquartz [db]
# name 4 = t090C: Temperature [ITS-90, deg C]
# name 5 = t190C: Temperature, 2 [ITS-90, deg C]
# name 6 = c0mS/cm: Conductivity [mS/cm]
# name 7 = c1mS/cm: Conductivity, 2 [mS/cm]
# name 8 = potemp090C: Potential Temperature [ITS-90, deg C]
# name 9 = potemp190C: Potential Temperature, 2 [ITS-90, deg C]
# name 10 = sal00: Salinity, Practical [PSU]
# name 11 = sal11: Salinity, Practical, 2 [PSU]
# name 12 = sigma-é00: Density [sigma-theta, kg/m^3]
# name 13 = sigma-é11: Density, 2 [sigma-theta, kg/m^3]
# name 14 = sbeox0Mg/L: Oxygen, SBE 43 [mg/l]
# name 15 = sbeox1Mg/L: Oxygen, SBE 43, 2 [mg/l]
# name 16 = sbox0Mm/Kg: Oxygen, SBE 43 [umol/kg]
# name 17 = sbox1Mm/Kg: Oxygen, SBE 43, 2 [umol/kg]
# name 18 = sbeox0V: Oxygen raw, SBE 43 [V]
# name 19 = sbeox1V: Oxygen raw, SBE 43, 2 [V]
# name 20 = v4: Voltage 4
# name 21 = flECO-AFL: Fluorescence, WET Labs ECO-AFL/FL [mg/m^3]
# name 22 = v3: Voltage 3
# name 23 = v6: Voltage 6
# name 24 = v7: Voltage 7
# name 25 = longitude: Longitude [deg]
# name 26 = latitude: Latitude [deg]
# name 27 = altM: Altimeter [m]
# name 28 = nbf: Bottles Fired
# name 29 = flag:  0.000e+00
# interval = seconds: 0.0416667
# start_time = Jun 28 2021 01:17:25 [NMEA time, header]
# bad_flag = -9.990e-29
*END*
[from data line 291]
      31712   1321.292     78.852     79.540     8.2364     8.2362  34.619735  34.619503     8.2285     8.2283    33.0327    33.0327    25.6954    25.6954     4.2818     4.2233    130.456    128.673     1.4176     1.3455     0.0427     0.0434     3.2454     1.5543     1.9988 -125.67680   48.71864      89.13          6  0.000e+00
      31713   1321.333     78.852     79.540     8.2364     8.2363  34.619547  34.619566     8.2285     8.2284    33.0325    33.0326    25.6953    25.6954     4.2818     4.2233    130.456    128.673     1.4176     1.3455     0.0427     0.0434     3.2454     1.5543     1.9988 -125.67680   48.71864      89.13          6  0.000e+00
      31714   1321.375     78.905     79.593     8.2364     8.2362  34.619359  34.619691     8.2285     8.2283    33.0323    33.0328    25.6951    25.6956     4.2818     4.2233    130.457    128.674     1.4176     1.3455     0.0440     0.0739     3.2454     1.5543     1.9976 -125.67680   48.71864      89.13          6  0.000e+00
      35616   1483.958     59.815     60.334     8.3090     8.3078  34.557941  34.557568     8.3030     8.3018    32.9081    32.9088    25.5867    25.5874     4.2394     4.1967    129.177    127.875     1.4115     1.3431     0.0452     0.1044     3.2430     1.5714     1.1355 -125.67692   48.71854      99.58          7  0.000e+00
      35617   1484.000     59.690     60.207     8.3089     8.3081  34.558442  34.556817     8.3029     8.3021    32.9088    32.9078    25.5872    25.5865     4.2393     4.1966    129.175    127.873     1.4115     1.3431     0.0440     0.0739     3.2454     1.5714     1.1429 -125.67692   48.71854      99.56          7  0.000e+00
      35618   1484.042     59.915     60.435     8.3088     8.3078  34.558067  34.556818     8.3027     8.3018    32.9084    32.9080    25.5869    25.5867     4.2450     4.1967    129.350    127.878     1.4127     1.3431     0.0452     0.1044     3.2430     1.5714     1.1563 -125.67692   48.71854      99.56          7  0.000e+00
      35619   1484.083     59.789     60.308     8.3088     8.3078  34.558129  34.557318     8.3028     8.3018    32.9085    32.9086    25.5870    25.5872     4.2394     4.1966    129.177    127.875     1.4115     1.3431     0.0452     0.1044     3.2430     1.5714     1.1600 -125.67692   48.71854      99.56          7  0.000e+00
      35620   1484.125     59.769     60.288     8.3088     8.3078  34.558254  34.557067     8.3028     8.3018    32.9087    32.9083    25.5871    25.5870     4.2394     4.1966    129.176    127.875     1.4115     1.3431     0.0440     0.0739     3.2442     1.5714     1.1587 -125.67692   48.71854      99.56          7  0.000e+00
      35621   1484.167     59.789     60.308     8.3091     8.3081  34.558442  34.556380     8.3031     8.3021    32.9086    32.9073    25.5870    25.5861     4.2393     4.1966    129.176    127.875     1.4115     1.3431     0.0452     0.1044     3.2442     1.5714     1.1587 -125.67692   48.71854      99.56          7  0.000e+00
      35622   1484.208     59.815     60.334     8.3088     8.3080  34.557941  34.556255     8.3028     8.3020    32.9083    32.9073    25.5869    25.5861     4.2394     4.1906    129.178    127.690     1.4115     1.3419     0.0452     0.1044     3.2442     1.5714     1.1587 -125.67692   48.71854      99.56          7  0.000e+00
      35623   1484.250     59.789     60.308     8.3084     8.3075  34.557628  34.556442     8.3024     8.3015    32.9083    32.9080    25.5869    25.5868     4.2394     4.1906    129.178    127.691     1.4115     1.3419     0.0440     0.0739     3.2442     1.5714     1.1587 -125.67692   48.71854      99.56          7  0.000e+00
      35624   1484.292     59.769     60.288     8.3081     8.3077  34.556877  34.556380     8.3021     8.3017    32.9078    32.9077    25.5866    25.5866     4.2394     4.1967    129.179    127.876     1.4115     1.3431     0.0452     0.1044     3.2442     1.5714     1.1587 -125.67692   48.71854      99.58          7  0.000e+00
      35625   1484.333     59.842     60.361     8.3078     8.3076  34.556189  34.556505     8.3018     8.3016    32.9074    32.9079    25.5863    25.5867     4.2395     4.1906    129.182    127.691     1.4115     1.3419     0.0452     0.1044     3.2430     1.5714     1.1587 -125.67692   48.71854      99.58          7  0.000e+00
      35626   1484.375     59.816     60.335     8.3079     8.3078  34.556064  34.556067     8.3019     8.3018    32.9071    32.9072    25.5860    25.5861     4.2451     4.1906    129.352    127.691     1.4127     1.3419     0.0440     0.0739     3.2442     1.5726     1.1575 -125.67692   48.71854      99.56          7  0.000e+00
      35627   1484.417     59.789     60.308     8.3073     8.3073  34.555438  34.556380     8.3013     8.3013    32.9071    32.9080    25.5861    25.5868     4.2452     4.1906    129.353    127.691     1.4127     1.3419     0.0440     0.0739     3.2442     1.5714     1.1575 -125.67692   48.71854      99.56          7  0.000e+00
      35628   1484.458     59.816     60.335     8.3074     8.3075  34.555814  34.555629     8.3014     8.3015    32.9073    32.9071    25.5863    25.5861     4.2396     4.1967    129.183    127.878     1.4115     1.3431     0.0452     0.1044     3.2442     1.5714     1.1575 -125.67692   48.71854      99.56          7  0.000e+00
      35629   1484.500     59.743     60.261     8.3071     8.3072  34.555313  34.554879     8.3011     8.3012    32.9071    32.9066    25.5862    25.5857     4.2451     4.1906    129.353    127.692     1.4127     1.3419     0.0452     0.1044     3.2430     1.5714     1.1587 -125.67692   48.71854      99.56          7  0.000e+00
      35630   1484.542     59.816     60.335     8.3070     8.3067  34.555126  34.554942     8.3010     8.3007    32.9070    32.9071    25.5861    25.5862     4.2452     4.1907    129.355    127.694     1.4127     1.3419     0.0452     0.1044     3.2442     1.5714     1.1587 -125.67692   48.71854      99.56          7  0.000e+00
      35631   1484.583     59.842     60.361     8.3067     8.3063  34.555126  34.555004     8.3007     8.3003    32.9073    32.9075    25.5863    25.5866     4.2452     4.1908    129.356    127.696     1.4127     1.3419     0.0452     0.1044     3.2442     1.5714     1.1587 -125.67692   48.71854      99.56          7  0.000e+00
      35632   1484.625     59.769     60.288     8.3070     8.3063  34.555564  34.554566     8.3010     8.3003    32.9075    32.9071    25.5865    25.5862     4.2452     4.1907    129.354    127.695     1.4127     1.3419     0.0452     0.1044     3.2430     1.5714     1.1575 -125.67692   48.71854      99.56          7  0.000e+00
      35633   1484.667     59.789     60.308     8.3073     8.3065  34.556502  34.554441     8.3013     8.3005    32.9082    32.9068    25.5870    25.5860     4.2451     4.1968    129.352    127.881     1.4127     1.3431     0.0452     0.1044     3.2442     1.5714     1.1587 -125.67692   48.71854      99.56          7  0.000e+00
      35634   1484.708     59.816     60.335     8.3074     8.3063  34.556940  34.554817     8.3014     8.3003    32.9085    32.9073    25.5872    25.5864     4.2451     4.1968    129.352    127.881     1.4127     1.3431     0.0452     0.1044     3.2442     1.5714     1.1575 -125.67692   48.71854      99.56          7  0.000e+00
      35635   1484.750     59.842     60.361     8.3074     8.3062  34.556252  34.554317     8.3014     8.3002    32.9078    32.9069    25.5866    25.5861     4.2452     4.1908    129.353    127.697     1.4127     1.3419     0.0452     0.1044     3.2442     1.5714     1.1587 -125.67692   48.71854      99.56          7  0.000e+00
      35636   1484.792     59.769     60.288     8.3074     8.3060  34.556064  34.553879     8.3015     8.3000    32.9076    32.9066    25.5865    25.5859     4.2451     4.1908    129.352    127.696     1.4127     1.3419     0.0452     0.1044     3.2442     1.5714     1.1587 -125.67692   48.71854      99.56          7  0.000e+00
      35637   1484.833     59.789     60.308     8.3071     8.3060  34.555814  34.553816     8.3011     8.3000    32.9076    32.9065    25.5865    25.5858     4.2452     4.1908    129.353    127.696     1.4127     1.3419     0.0452     0.1044     3.2454     1.5726     1.1575 -125.67692   48.71854      99.56          7  0.000e+00
      35638   1484.875     59.816     60.335     8.3071     8.3057  34.555564  34.554004     8.3011     8.2997    32.9074    32.9071    25.5863    25.5863     4.2452     4.1908    129.354    127.698     1.4127     1.3419     0.0452     0.1044     3.2454     1.5714     1.1575 -125.67692   48.71854      99.56          7  0.000e+00
      35639   1484.917     59.789     60.308     8.3071     8.3055  34.556127  34.553191     8.3011     8.2995    32.9080    32.9064    25.5868    25.5858     4.2451     4.1908    129.353    127.698     1.4127     1.3419     0.0452     0.1044     3.2454     1.5726     1.1587 -125.67692   48.71854      99.56          7  0.000e+00
      35640   1484.958     59.816     60.335     8.3071     8.3055  34.557065  34.552378     8.3011     8.2995    32.9089    32.9055    25.5876    25.5851     4.2451     4.1970    129.353    127.886     1.4127     1.3431     0.0452     0.1044     3.2430     1.5714     1.1575 -125.67692   48.71854      99.56          7  0.000e+00
      35641   1485.000     59.789     60.308     8.3078     8.3052  34.557316  34.553191     8.3018     8.2992    32.9086    32.9067    25.5872    25.5861     4.2451     4.1909    129.350    127.699     1.4127     1.3419     0.0440     0.0739     3.2442     1.5714     1.1575 -125.67692   48.71854      99.56          7  0.000e+00
      35642   1485.042     59.816     60.335     8.3076     8.3052  34.557503  34.553254     8.3016     8.2992    32.9089    32.9067    25.5875    25.5861     4.2507     4.1909    129.522    127.699     1.4139     1.3419     0.0452     0.1044     3.2454     1.5714     1.1575 -125.67692   48.71854      99.56          7  0.000e+00
      35643   1485.083     59.842     60.362     8.3078     8.3050  34.557378  34.552754     8.3018     8.2990    32.9086    32.9064    25.5872    25.5859     4.2451     4.1909    129.351    127.701     1.4127     1.3419     0.0440     0.0739     3.2454     1.5714     1.1587 -125.67692   48.71854      99.56          7  0.000e+00
      35644   1485.125     59.816     60.335     8.3078     8.3046  34.556940  34.552316     8.3018     8.2986    32.9082    32.9063    25.5869    25.5859     4.2451     4.1971    129.351    127.888     1.4127     1.3431     0.0440     0.0739     3.2454     1.5726     1.1575 -125.67692   48.71854      99.56          7  0.000e+00
      35645   1485.167     59.789     60.308     8.3076     8.3046  34.556690  34.552441     8.3016     8.2986    32.9081    32.9064    25.5868    25.5860     4.2507     4.1909    129.522    127.701     1.4139     1.3419     0.0440     0.0739     3.2454     1.5726     1.1575 -125.67692   48.71854      99.56          7  0.000e+00
      35646   1485.208     59.816     60.335     8.3079     8.3045  34.556878  34.552378     8.3019     8.2985    32.9080    32.9064    25.5868    25.5860     4.2507     4.1910    129.522    127.702     1.4139     1.3419     0.0452     0.1044     3.2454     1.5726     1.1575 -125.67692   48.71854      99.56          7  0.000e+00
      35647   1485.250     59.842     60.362     8.3078     8.3046  34.556753  34.552503     8.3018     8.2986    32.9080    32.9065    25.5867    25.5860     4.2507     4.1910    129.522    127.702     1.4139     1.3419     0.0440     0.0739     3.2430     1.5714     1.1575 -125.67692   48.71854      99.56          7  0.000e+00
      35648   1485.292     59.816     60.335     8.3079     8.3047  34.556878  34.553004     8.3019     8.2987    32.9080    32.9069    25.5867    25.5864     4.2507     4.1909    129.522    127.701     1.4139     1.3419     0.0452     0.1044     3.2430     1.5714     1.1575 -125.67692   48.71854      99.56          7  0.000e+00
      35649   1485.333     59.842     60.362     8.3079     8.3050  34.556815  34.552941     8.3019     8.2990    32.9079    32.9065    25.5867    25.5860     4.2507     4.1909    129.522    127.700     1.4139     1.3419     0.0452     0.1044     3.2430     1.5714     1.1575 -125.67692   48.71854      99.56          7  0.000e+00
      35650   1485.375     59.770     60.288     8.3076     8.3049  34.556439  34.552691     8.3016     8.2989    32.9078    32.9064    25.5866    25.5859     4.2507     4.1970    129.522    127.886     1.4139     1.3431     0.0440     0.0739     3.2442     1.5714     1.1587 -125.67692   48.71854      99.56          7  0.000e+00
      35651   1485.417     59.843     60.362     8.3076     8.3050  34.556127  34.551628     8.3016     8.2990    32.9075    32.9052    25.5863    25.5849     4.2507     4.1971    129.523    127.888     1.4139     1.3431     0.0452     0.1044     3.2430     1.5726     1.1575 -125.67692   48.71854      99.58          7  0.000e+00
      35652   1485.458     59.862     60.382     8.3073     8.3052  34.555814  34.552941     8.3013     8.2992    32.9074    32.9064    25.5864    25.5858     4.2508     4.1970    129.525    127.887     1.4139     1.3431     0.0440     0.0739     3.2442     1.5726     1.1575 -125.67692   48.71854      99.56          7  0.000e+00
      35653   1485.500     59.790     60.308     8.3073     8.3049  34.556189  34.553254     8.3013     8.2989    32.9078    32.9070    25.5867    25.5864     4.2507     4.1909    129.523    127.700     1.4139     1.3419     0.0452     0.1044     3.2442     1.5714     1.1587 -125.67692   48.71854      99.56          7  0.000e+00
      35654   1485.542     59.862     60.382     8.3074     8.3047  34.557066  34.552066     8.3014     8.2987    32.9086    32.9059    25.5873    25.5855     4.2563     4.1910    129.694    127.702     1.4151     1.3419     0.0452     0.1044     3.2442     1.5726     1.1575 -125.67692   48.71854      99.58          7  0.000e+00
      35655   1485.583     59.843     60.362     8.3084     8.3046  34.558067  34.551628     8.3024     8.2986    32.9088    32.9056    25.5872    25.5853     4.2562     4.1971    129.690    127.889     1.4151     1.3431     0.0452     0.1044     3.2442     1.5714     1.1575 -125.67692   48.71854      99.58          7  0.000e+00
      35656   1485.625     59.770     60.288     8.3091     8.3045  34.559193  34.552316     8.3031     8.2985    32.9094    32.9064    25.5876    25.5859     4.2561     4.1909    129.687    127.701     1.4151     1.3419     0.0440     0.0739     3.2442     1.5714     1.1575 -125.67692   48.71854      99.56          7  0.000e+00
      35657   1485.667     59.889     60.409     8.3097     8.3044  34.559944  34.552129     8.3037     8.2984    32.9095    32.9063    25.5877    25.5859     4.2561     4.1910    129.686    127.704     1.4151     1.3419     0.0452     0.1044     3.2442     1.5726     1.1575 -125.67692   48.71854      99.56          7  0.000e+00
      35658   1485.708     59.863     60.382     8.3099     8.3042  34.559881  34.551003     8.3039     8.2982    32.9093    32.9053    25.5875    25.5851     4.2561     4.1910    129.686    127.705     1.4151     1.3419     0.0452     0.1044     3.2442     1.5714     1.1575 -125.67692   48.71854      99.56          7  0.000e+00
      35659   1485.750     59.790     60.308     8.3096     8.3041  34.559568  34.551378     8.3036     8.2981    32.9093    32.9058    25.5875    25.5855     4.2561     4.1910    129.685    127.703     1.4151     1.3419     0.0452     0.1044     3.2442     1.5714     1.1575 -125.67692   48.71854      99.56          7  0.000e+00
