West Coast/WCOA-7/CTD_Data/RB2102_CTD_093_01.ros
* Sea-Bird SBE 9 Data File:
* FileName = C:\Users\scs.user.rb\CTD\RB2102\Data\RB2102_CTD_093_01.hex
* Software Version Seasave V 7.26.7.107
* Temperature SN = 6202
* Conductivity SN = 4907
* Number of Bytes Per Scan = 41
* Number of Voltage Words = 4
* Number of Scans Averaged by the Deck Unit = 1
* NMEA Latitude = 37 43.08 N
* NMEA Longitude = 122 48.87 W
* NMEA UTC (Time) = Jul 13 2021  01:48:44
* NMEA baud rate = 4800
# nquan = 30
# nvalues = 525                                   
# units = specified
# name 0 = scan: Scan Count
# name 1 = timeS: Time, Elapsed [seconds]
# name 2 = depSM: Depth [salt water, m]
# name 3 = prDM: Pressure, Digiquartz [db]
# name 4 = t090C: Temperature [ITS-90, deg C]
# name 5 = t190C: Temperature, 2 [ITS-90, deg C]
# name 6 = c0mS/cm: Conductivity [mS/cm]
# name 7 = c1mS/cm: Conductivity, 2 [mS/cm]
# name 8 = potemp090C: Potential Temperature [ITS-90, deg C]
# name 9 = potemp190C: Potential Temperature, 2 [ITS-90, deg C]
# name 10 = sal00: Salinity, Practical [PSU]
# name 11 = sal11: Salinity, Practical, 2 [PSU]
# name 12 = sigma-é00: Density [sigma-theta, kg/m^3]
# name 13 = sigma-é11: Density, 2 [sigma-theta, kg/m^3]
# name 14 = sbeox0Mg/L: Oxygen, SBE 43 [mg/l]
# name 15 = sbeox1Mg/L: Oxygen, SBE 43, 2 [mg/l]
# name 16 = sbox0Mm/Kg: Oxygen, SBE 43 [umol/kg]
# name 17 = sbox1Mm/Kg: Oxygen, SBE 43, 2 [umol/kg]
# name 18 = sbeox0V: Oxygen raw, SBE 43 [V]
# name 19 = sbeox1V: Oxygen raw, SBE 43, 2 [V]
# name 20 = v4: Voltage 4
# name 21 = flECO-AFL: Fluorescence, WET Labs ECO-AFL/FL [mg/m^3]
# name 22 = v3: Voltage 3
# name 23 = v6: Voltage 6
# name 24 = v7: Voltage 7
# name 25 = longitude: Longitude [deg]
# name 26 = latitude: Latitude [deg]
# name 27 = altM: Altimeter [m]
# name 28 = nbf: Bottles Fired
# name 29 = flag:  0.000e+00
# interval = seconds: 0.0416667
# start_time = Jul 13 2021 01:48:44 [NMEA time, header]
# bad_flag = -9.990e-29
*END*
[from data line 291]
      23393    974.667      9.909      9.983    12.3106    12.3139  39.027526  39.030722    12.3093    12.3126    33.7667    33.7669    25.5724    25.5719     9.3229     9.6196    284.079    293.120     2.7399     2.6435     0.2405     4.9884     3.3333     0.1074     0.1282 -122.81488   37.71770      48.45          7  0.000e+00
      23394    974.708      9.922      9.997    12.3108    12.3135  39.026410  39.030525    12.3095    12.3122    33.7655    33.7670    25.5714    25.5720     9.3229     9.6197    284.081    293.123     2.7399     2.6435     0.2405     4.9884     3.3333     0.1087     0.1306 -122.81488   37.71770      48.45          7  0.000e+00
      23395    974.750      9.909      9.983    12.3098    12.3138  39.025885  39.030459    12.3085    12.3125    33.7659    33.7667    25.5719    25.5717     9.3231     9.6196    284.086    293.121     2.7399     2.6435     0.2405     4.9884     3.3346     0.1074     0.1282 -122.81488   37.71770      48.45          7  0.000e+00
      23396    974.792      9.962     10.037    12.3098    12.3139  39.024900  39.029869    12.3085    12.3126    33.7649    33.7660    25.5712    25.5712     9.3232     9.6197    284.090    293.124     2.7399     2.6435     0.2418     5.0190     3.3333     0.1062     0.1270 -122.81488   37.71770      48.45          7  0.000e+00
      23397    974.833      9.909      9.983    12.3089    12.3133  39.025031  39.029737    12.3076    12.3120    33.7658    33.7664    25.5720    25.5716     9.3233     9.6197    284.091    293.125     2.7399     2.6435     0.2405     4.9884     3.3333     0.1074     0.1270 -122.81488   37.71770      48.45          7  0.000e+00
      23398    974.875      9.922      9.997    12.3088    12.3132  39.024375  39.029737    12.3075    12.3119    33.7653    33.7665    25.5716    25.5717     9.3233     9.6197    284.093    293.126     2.7399     2.6435     0.2405     4.9884     3.3333     0.1074     0.1282 -122.81488   37.71770      48.45          7  0.000e+00
      23399    974.917      9.962     10.037    12.3093    12.3132  39.024769  39.029475    12.3080    12.3119    33.7652    33.7663    25.5715    25.5716     9.3233     9.6198    284.092    293.128     2.7399     2.6435     0.2405     4.9884     3.3333     0.1074     0.1270 -122.81488   37.71770      48.45          7  0.000e+00
      23400    974.958      9.962     10.037    12.3100    12.3130  39.024835  39.029606    12.3086    12.3117    33.7647    33.7665    25.5709    25.5718     9.3232     9.6198    284.089    293.128     2.7399     2.6435     0.2405     4.9884     3.3333     0.1087     0.1294 -122.81488   37.71770      48.45          7  0.000e+00
      23401    975.000      9.909      9.983    12.3093    12.3133  39.025163  39.030000    12.3080    12.3120    33.7656    33.7667    25.5718    25.5718     9.3232     9.6197    284.089    293.124     2.7399     2.6435     0.2418     5.0190     3.3333     0.1111     0.1319 -122.81488   37.71770      48.45          7  0.000e+00
      23402    975.042      9.962     10.037    12.3086    12.3130  39.025163  39.030000    12.3073    12.3117    33.7662    33.7669    25.5724    25.5721     9.3234     9.6198    284.094    293.127     2.7399     2.6435     0.2418     5.0190     3.3333     0.1099     0.1306 -122.81488   37.71770      48.45          7  0.000e+00
      23403    975.083      9.922      9.997    12.3083    12.3127  39.025229  39.029803    12.3070    12.3114    33.7666    33.7671    25.5727    25.5723     9.3234     9.6198    284.094    293.128     2.7399     2.6435     0.2405     4.9884     3.3333     0.1087     0.1282 -122.81488   37.71770      48.45          7  0.000e+00
      23404    975.125      9.962     10.037    12.3085    12.3129  39.025426  39.030000    12.3071    12.3115    33.7666    33.7671    25.5727    25.5722     9.3234     9.6198    284.094    293.128     2.7399     2.6435     0.2405     4.9884     3.3333     0.1087     0.1306 -122.81488   37.71770      48.45          7  0.000e+00
      23405    975.167      9.962     10.037    12.3089    12.3122  39.025294  39.029803    12.3076    12.3109    33.7661    33.7675    25.5722    25.5727     9.3233     9.6200    284.092    293.132     2.7399     2.6435     0.2405     4.9884     3.3346     0.1087     0.1294 -122.81488   37.71770      48.45          7  0.000e+00
      23406    975.208      9.962     10.037    12.3090    12.3115  39.025163  39.029475    12.3077    12.3102    33.7659    33.7678    25.5721    25.5730     9.3233     9.6201    284.093    293.136     2.7399     2.6435     0.2405     4.9884     3.3333     0.1074     0.1282 -122.81488   37.71770      48.45          7  0.000e+00
      23407    975.250      9.922      9.997    12.3083    12.3112  39.024966  39.029147    12.3070    12.3099    33.7663    33.7678    25.5725    25.5731     9.3234     9.6256    284.094    293.304     2.7399     2.6447     0.2405     4.9884     3.3333     0.1099     0.1306 -122.81488   37.71770      48.45          7  0.000e+00
      23408    975.292     10.008     10.083    12.3075    12.3109  39.025098  39.029082    12.3062    12.3096    33.7672    33.7679    25.5733    25.5733     9.3236     9.6203    284.101    293.141     2.7399     2.6435     0.2418     5.0190     3.3333     0.1111     0.1331 -122.81488   37.71770      48.45          7  0.000e+00
      23409    975.333      9.909      9.983    12.3071    12.3112  39.024966  39.029081    12.3058    12.3099    33.7674    33.7677    25.5736    25.5730     9.3235     9.6201    284.099    293.136     2.7399     2.6435     0.2430     5.0495     3.3333     0.1099     0.1319 -122.81488   37.71770      48.45          7  0.000e+00
      23410    975.375     10.008     10.083    12.3065    12.3114  39.024835  39.028819    12.3052    12.3101    33.7678    33.7672    25.5740    25.5726     9.3238     9.6202    284.106    293.139     2.7399     2.6435     0.2552     5.3547     3.3333     0.1099     0.1306 -122.81488   37.71770      48.45          7  0.000e+00
      23411    975.417      9.922      9.997    12.3058    12.3118  39.024441  39.028950    12.3045    12.3105    33.7681    33.7670    25.5744    25.5724     9.3238     9.6200    284.106    293.134     2.7399     2.6435     0.2601     5.4768     3.3346     0.1087     0.1294 -122.81488   37.71770      48.45          7  0.000e+00
      23412    975.458      9.962     10.037    12.3063    12.3122  39.024441  39.029081    12.3050    12.3109    33.7676    33.7668    25.5739    25.5721     9.3237     9.6200    284.105    293.133     2.7399     2.6435     0.2613     5.5074     3.3346     0.1074     0.1270 -122.81488   37.71770      48.47          7  0.000e+00
      23413    975.500      9.962     10.037    12.3063    12.3122  39.024310  39.028950    12.3050    12.3109    33.7675    33.7667    25.5738    25.5720     9.3237     9.6200    284.106    293.134     2.7399     2.6435     0.2601     5.4768     3.3333     0.1062     0.1270 -122.81488   37.71770      48.47          7  0.000e+00
      23414    975.542      9.909      9.983    12.3065    12.3129  39.024178  39.029540    12.3052    12.3116    33.7672    33.7667    25.5736    25.5719     9.3237     9.6253    284.103    293.294     2.7399     2.6447     0.2601     5.4768     3.3333     0.1074     0.1282 -122.81488   37.71770      48.45          7  0.000e+00
      23415    975.583      9.968     10.043    12.3065    12.3129  39.024244  39.029213    12.3052    12.3115    33.7673    33.7663    25.5736    25.5716     9.3237     9.6199    284.105    293.130     2.7399     2.6435     0.2601     5.4768     3.3333     0.1099     0.1319 -122.81488   37.71770      48.45          7  0.000e+00
      23416    975.625      9.962     10.037    12.3062    12.3130  39.024178  39.029278    12.3049    12.3117    33.7675    33.7662    25.5738    25.5715     9.3187     9.6199    283.953    293.129     2.7387     2.6435     0.2601     5.4768     3.3333     0.1099     0.1306 -122.81488   37.71770      48.50          7  0.000e+00
      23417    975.667      9.962     10.037    12.3058    12.3124  39.024244  39.028885    12.3045    12.3111    33.7679    33.7664    25.5742    25.5718     9.3188     9.6200    283.954    293.133     2.7387     2.6435     0.2601     5.4768     3.3333     0.1099     0.1306 -122.81488   37.71770      48.57          7  0.000e+00
      23418    975.708      9.962     10.037    12.3058    12.3119  39.024179  39.028753    12.3045    12.3106    33.7678    33.7668    25.5742    25.5722     9.3188     9.6201    283.954    293.135     2.7387     2.6435     0.2601     5.4768     3.3333     0.1087     0.1294 -122.81488   37.71770      48.57          7  0.000e+00
      23419    975.750      9.922      9.997    12.3056    12.3118  39.024375  39.028163    12.3043    12.3105    33.7682    33.7662    25.5745    25.5718     9.3187     9.6201    283.953    293.135     2.7387     2.6435     0.2601     5.4768     3.3333     0.1074     0.1282 -122.81488   37.71770      48.60          7  0.000e+00
      23420    975.792      9.962     10.037    12.3058    12.3117  39.023785  39.028294    12.3045    12.3104    33.7674    33.7665    25.5739    25.5720     9.3188     9.6201    283.955    293.137     2.7387     2.6435     0.2601     5.4768     3.3333     0.1074     0.1282 -122.81486   37.71770      48.57          7  0.000e+00
      23421    975.833      9.909      9.983    12.3055    12.3115  39.023719  39.028097    12.3042    12.3102    33.7677    33.7665    25.5741    25.5720     9.3188     9.6201    283.954    293.136     2.7387     2.6435     0.2601     5.4768     3.3333     0.1074     0.1282 -122.81486   37.71770      48.57          7  0.000e+00
      23422    975.875      9.962     10.037    12.3051    12.3112  39.023588  39.027769    12.3038    12.3098    33.7678    33.7665    25.5743    25.5721     9.3139     9.6202    283.804    293.141     2.7375     2.6435     0.2613     5.5074     3.3333     0.1062     0.1270 -122.81486   37.71770      48.57          7  0.000e+00
      23423    975.917      9.909      9.983    12.3053    12.3102  39.023456  39.028097    12.3040    12.3089    33.7676    33.7676    25.5741    25.5732     9.3188     9.6203    283.956    293.142     2.7387     2.6435     0.2601     5.4768     3.3333     0.1062     0.1270 -122.81486   37.71770      48.60          7  0.000e+00
      23424    975.958      9.968     10.043    12.3053    12.3099  39.023522  39.028360    12.3040    12.3085    33.7676    33.7682    25.5741    25.5737     9.3189     9.6204    283.958    293.146     2.7387     2.6435     0.2601     5.4768     3.3333     0.1050     0.1258 -122.81486   37.71770      48.57          7  0.000e+00
      23425    976.000      9.909      9.983    12.3053    12.3097  39.023456  39.028097    12.3040    12.3084    33.7676    33.7681    25.5741    25.5736     9.3138     9.6204    283.802    293.145     2.7375     2.6435     0.2601     5.4768     3.3333     0.1050     0.1258 -122.81486   37.71770      48.57          7  0.000e+00
      23426    976.042      9.909      9.983    12.3051    12.3097  39.023522  39.028032    12.3038    12.3084    33.7678    33.7681    25.5743    25.5736     9.3138     9.6204    283.802    293.145     2.7375     2.6435     0.2601     5.4768     3.3333     0.1062     0.1270 -122.81486   37.71770      48.57          7  0.000e+00
      23427    976.083      9.962     10.037    12.3048    12.3097  39.023456  39.027507    12.3035    12.3084    33.7680    33.7675    25.5745    25.5732     9.3139     9.6205    283.806    293.148     2.7375     2.6435     0.2601     5.4768     3.3333     0.1074     0.1282 -122.81486   37.71770      48.57          7  0.000e+00
      23428    976.125      9.922      9.997    12.3048    12.3099  39.023785  39.027572    12.3035    12.3086    33.7684    33.7675    25.5748    25.5731     9.3139     9.6204    283.804    293.146     2.7375     2.6435     0.2601     5.4768     3.3333     0.1074     0.1282 -122.81486   37.71770      48.62          7  0.000e+00
      23429    976.167      9.862      9.937    12.3047    12.3095  39.023784  39.027441    12.3034    12.3082    33.7685    33.7676    25.5749    25.5733     9.3138     9.6204    283.802    293.145     2.7375     2.6435     0.2601     5.4768     3.3333     0.1099     0.1306 -122.81486   37.71770      48.64          7  0.000e+00
      23430    976.208      9.962     10.037    12.3048    12.3095  39.023391  39.027573    12.3035    12.3082    33.7680    33.7678    25.5745    25.5734     9.3089     9.6150    283.652    292.982     2.7363     2.6422     0.2601     5.4768     3.3333     0.1099     0.1319 -122.81486   37.71770      48.64          7  0.000e+00
      23431    976.250      9.909      9.983    12.3047    12.3097  39.023653  39.027441    12.3034    12.3084    33.7684    33.7675    25.5748    25.5731     9.3088     9.6149    283.650    292.979     2.7363     2.6422     0.2601     5.4768     3.3333     0.1111     0.1331 -122.81486   37.71770      48.64          8  0.000e+00
      23432    976.292      9.823      9.897    12.3048    12.3099  39.023587  39.027572    12.3035    12.3086    33.7682    33.7675    25.5747    25.5731     9.3087     9.6148    283.646    292.975     2.7363     2.6422     0.2601     5.4768     3.3333     0.1111     0.1331 -122.81486   37.71770      48.64          8  0.000e+00
      23433    976.333      9.962     10.037    12.3053    12.3109  39.023982  39.028491    12.3040    12.3096    33.7681    33.7674    25.5744    25.5729     9.3088     9.6148    283.649    292.973     2.7363     2.6422     0.2601     5.4768     3.3333     0.1099     0.1306 -122.81486   37.71770      48.64          8  0.000e+00
      23434    976.375      9.862      9.937    12.3055    12.3116  39.023981  39.028884    12.3042    12.3104    33.7679    33.7671    25.5743    25.5725     9.3086     9.6145    283.644    292.965     2.7363     2.6422     0.2601     5.4768     3.3333     0.1074     0.1270 -122.81486   37.71770      48.67          8  0.000e+00
      23435    976.417      9.862      9.937    12.3058    12.3127  39.024309  39.028753    12.3045    12.3114    33.7680    33.7660    25.5743    25.5714     9.3085     9.6143    283.642    292.960     2.7363     2.6422     0.2601     5.4768     3.3333     0.1062     0.1270 -122.81486   37.71770      48.72          8  0.000e+00
      23436    976.458      9.876      9.950    12.3062    12.3135  39.024572  39.029212    12.3049    12.3122    33.7679    33.7657    25.5742    25.5711     9.3085     9.6142    283.641    292.956     2.7363     2.6422     0.2589     5.4463     3.3333     0.1074     0.1294 -122.81486   37.71770      48.72          8  0.000e+00
      23437    976.500      9.909      9.984    12.3063    12.3135  39.025032  39.029409    12.3050    12.3122    33.7682    33.7659    25.5743    25.5712     9.3085     9.6142    283.640    292.957     2.7363     2.6422     0.2576     5.4158     3.3333     0.1099     0.1306 -122.81486   37.71770      48.72          8  0.000e+00
      23438    976.542      9.862      9.937    12.3065    12.3135  39.024769  39.029409    12.3052    12.3122    33.7678    33.7659    25.5740    25.5712     9.3034     9.6142    283.485    292.955     2.7350     2.6422     0.2576     5.4158     3.3333     0.1087     0.1306 -122.81486   37.71770      48.69          8  0.000e+00
      23439    976.583      9.862      9.937    12.3068    12.3135  39.025032  39.029147    12.3055    12.3122    33.7678    33.7657    25.5739    25.5710     9.3033     9.6142    283.483    292.956     2.7350     2.6422     0.2589     5.4463     3.3333     0.1074     0.1282 -122.81486   37.71770      48.72          8  0.000e+00
