West Coast/WCOA-7/CTD_Data/RB2102_CTD_074_01.ros
* Sea-Bird SBE 9 Data File:
* FileName = C:\Users\scs.user.rb\CTD\RB2102\Data\RB2102_CTD_074_01.hex
* Software Version Seasave V 7.26.7.107
* Temperature SN = 6202
* Conductivity SN = 4907
* Number of Bytes Per Scan = 41
* Number of Voltage Words = 4
* Number of Scans Averaged by the Deck Unit = 1
* NMEA Latitude = 40 13.16 N
* NMEA Longitude = 124 26.80 W
* NMEA UTC (Time) = Jul 09 2021  12:34:56
* NMEA baud rate = 4800
# nquan = 30
# nvalues = 784                                   
# units = specified
# name 0 = scan: Scan Count
# name 1 = timeS: Time, Elapsed [seconds]
# name 2 = depSM: Depth [salt water, m]
# name 3 = prDM: Pressure, Digiquartz [db]
# name 4 = t090C: Temperature [ITS-90, deg C]
# name 5 = t190C: Temperature, 2 [ITS-90, deg C]
# name 6 = c0mS/cm: Conductivity [mS/cm]
# name 7 = c1mS/cm: Conductivity, 2 [mS/cm]
# name 8 = potemp090C: Potential Temperature [ITS-90, deg C]
# name 9 = potemp190C: Potential Temperature, 2 [ITS-90, deg C]
# name 10 = sal00: Salinity, Practical [PSU]
# name 11 = sal11: Salinity, Practical, 2 [PSU]
# name 12 = sigma-é00: Density [sigma-theta, kg/m^3]
# name 13 = sigma-é11: Density, 2 [sigma-theta, kg/m^3]
# name 14 = sbeox0Mg/L: Oxygen, SBE 43 [mg/l]
# name 15 = sbeox1Mg/L: Oxygen, SBE 43, 2 [mg/l]
# name 16 = sbox0Mm/Kg: Oxygen, SBE 43 [umol/kg]
# name 17 = sbox1Mm/Kg: Oxygen, SBE 43, 2 [umol/kg]
# name 18 = sbeox0V: Oxygen raw, SBE 43 [V]
# name 19 = sbeox1V: Oxygen raw, SBE 43, 2 [V]
# name 20 = v4: Voltage 4
# name 21 = flECO-AFL: Fluorescence, WET Labs ECO-AFL/FL [mg/m^3]
# name 22 = v3: Voltage 3
# name 23 = v6: Voltage 6
# name 24 = v7: Voltage 7
# name 25 = longitude: Longitude [deg]
# name 26 = latitude: Latitude [deg]
# name 27 = altM: Altimeter [m]
# name 28 = nbf: Bottles Fired
# name 29 = flag:  0.000e+00
# interval = seconds: 0.0416667
# start_time = Jul 09 2021 12:34:56 [NMEA time, header]
# bad_flag = -9.990e-29
*END*
[from data line 677]
      55606   2316.875      4.861      4.899     9.3172     9.3173  36.430785  36.431242     9.3166     9.3168    33.9438    33.9442    26.2403    26.2406     5.0380     5.2607    153.414    160.195     1.6276     1.5971     0.0513     0.2571     3.2369     0.1477     0.1416 -124.45808   40.21720     100.00         14  0.000e+00
      55607   2316.917      4.921      4.959     9.3174     9.3176  36.430658  36.430987     9.3169     9.3171    33.9435    33.9436    26.2400    26.2401     5.0380     5.2607    153.415    160.195     1.6276     1.5971     0.0501     0.2265     3.2381     0.1465     0.1416 -124.45808   40.21720     100.00         14  0.000e+00
      55608   2316.958      4.861      4.899     9.3176     9.3173  36.430785  36.431561     9.3171     9.3168    33.9434    33.9445    26.2399    26.2409     5.0380     5.2607    153.413    160.194     1.6276     1.5971     0.0501     0.2265     3.2381     0.1465     0.1404 -124.45808   40.21720     100.00         14  0.000e+00
      55609   2317.000      4.861      4.899     9.3175     9.3176  36.430658  36.431497     9.3170     9.3171    33.9434    33.9441    26.2399    26.2405     5.0380     5.2606    153.413    160.194     1.6276     1.5971     0.0501     0.2265     3.2357     0.1441     0.1392 -124.45808   40.21720      82.61         14  0.000e+00
      55610   2317.042      4.861      4.899     9.3173     9.3178  36.430338  36.431561     9.3168     9.3173    33.9433    33.9440    26.2399    26.2404     5.0380     5.2606    153.414    160.193     1.6276     1.5971     0.0513     0.2571     3.2357     0.1441     0.1392 -124.45808   40.21720      20.56         14  0.000e+00
      55611   2317.083      4.861      4.899     9.3174     9.3180  36.430466  36.431242     9.3169     9.3174    33.9433    33.9436    26.2399    26.2400     5.0380     5.2606    153.414    160.193     1.6276     1.5971     0.0501     0.2265     3.2381     0.1429     0.1380 -124.45808   40.21720       0.00         14  0.000e+00
      55612   2317.125      4.861      4.899     9.3175     9.3178  36.430785  36.431242     9.3169     9.3173    33.9435    33.9437    26.2401    26.2401     5.0326     5.2606    153.249    160.193     1.6264     1.5971     0.0501     0.2265     3.2381     0.1416     0.1368 -124.45808   40.21720       0.00         14  0.000e+00
      55613   2317.167      4.808      4.845     9.3174     9.3180  36.430658  36.431370     9.3169     9.3174    33.9435    33.9437    26.2401    26.2401     5.0326     5.2606    153.248    160.192     1.6264     1.5971     0.0513     0.2571     3.2369     0.1404     0.1355 -124.45808   40.21720       0.20         14  0.000e+00
      55614   2317.208      4.762      4.799     9.3175     9.3183  36.430338  36.431306     9.3170     9.3178    33.9431    33.9434    26.2397    26.2398     5.0325     5.2605    153.247    160.190     1.6264     1.5971     0.0501     0.2265     3.2381     0.1392     0.1343 -124.45808   40.21720       1.32         14  0.000e+00
      55645   2318.500      4.762      4.799     9.3175     9.3180  36.430338  36.431944     9.3170     9.3174    33.9431    33.9443    26.2397    26.2406     5.0487     5.2605    153.740    160.190     1.6300     1.5971     0.0501     0.2265     3.2369     0.1343     0.1368 -124.45810   40.21720      99.44         15  0.000e+00
      55646   2318.542      4.775      4.812     9.3177     9.3183  36.430466  36.431816     9.3172     9.3178    33.9430    33.9439    26.2396    26.2402     5.0487     5.2605    153.740    160.190     1.6300     1.5971     0.0501     0.2265     3.2381     0.1368     0.1392 -124.45810   40.21720      99.44         15  0.000e+00
      55647   2318.583      4.762      4.799     9.3175     9.3180  36.430338  36.431880     9.3170     9.3174    33.9431    33.9443    26.2397    26.2406     5.0487     5.2605    153.740    160.190     1.6300     1.5971     0.0501     0.2265     3.2381     0.1380     0.1404 -124.45810   40.21720      99.44         15  0.000e+00
      55648   2318.625      4.709      4.745     9.3175     9.3181  36.430018  36.432008     9.3170     9.3176    33.9428    33.9443    26.2394    26.2405     5.0541     5.2605    153.903    160.188     1.6313     1.5971     0.0501     0.2265     3.2381     0.1380     0.1416 -124.45810   40.21720      99.44         15  0.000e+00
      55649   2318.667      4.762      4.799     9.3178     9.3181  36.430146  36.432199     9.3173     9.3176    33.9426    33.9444    26.2393    26.2406     5.0541     5.2605    153.904    160.189     1.6313     1.5971     0.0501     0.2265     3.2381     0.1392     0.1416 -124.45810   40.21720      99.44         15  0.000e+00
      55650   2318.708      4.808      4.845     9.3177     9.3183  36.430466  36.431880     9.3172     9.3178    33.9430    33.9439    26.2396    26.2402     5.0487     5.2605    153.740    160.190     1.6300     1.5971     0.0501     0.2265     3.2381     0.1392     0.1429 -124.45810   40.21720      99.44         15  0.000e+00
      55651   2318.750      4.762      4.799     9.3178     9.3183  36.430082  36.431625     9.3173     9.3178    33.9425    33.9437    26.2392    26.2400     5.0541     5.2605    153.904    160.189     1.6313     1.5971     0.0501     0.2265     3.2369     0.1404     0.1429 -124.45810   40.21720      99.44         15  0.000e+00
      55652   2318.792      4.762      4.799     9.3175     9.3183  36.429955  36.431944     9.3170     9.3178    33.9427    33.9440    26.2394    26.2403     5.0487     5.2605    153.740    160.189     1.6300     1.5971     0.0513     0.2571     3.2369     0.1404     0.1441 -124.45810   40.21720      99.46         15  0.000e+00
      55653   2318.833      4.861      4.899     9.3176     9.3183  36.429955  36.431689     9.3171     9.3177    33.9425    33.9437    26.2393    26.2401     5.0542     5.2606    153.906    160.191     1.6313     1.5971     0.0501     0.2265     3.2369     0.1416     0.1441 -124.45810   40.21720      99.44         15  0.000e+00
      55654   2318.875      4.808      4.845     9.3175     9.3181  36.430146  36.431944     9.3170     9.3176    33.9429    33.9441    26.2395    26.2404     5.0541     5.2605    153.905    160.190     1.6313     1.5971     0.0501     0.2265     3.2369     0.1416     0.1453 -124.45810   40.21720      99.46         15  0.000e+00
      55655   2318.917      4.861      4.899     9.3176     9.3181  36.429763  36.431817     9.3171     9.3176    33.9423    33.9440    26.2391    26.2403     5.0488     5.2606    153.742    160.192     1.6300     1.5971     0.0501     0.2265     3.2381     0.1429     0.1453 -124.45810   40.21720      99.44         15  0.000e+00
      55656   2318.958      4.808      4.845     9.3177     9.3181  36.430082  36.432136     9.3172     9.3176    33.9426    33.9443    26.2393    26.2406     5.0487     5.2605    153.741    160.190     1.6300     1.5971     0.0513     0.2571     3.2369     0.1429     0.1465 -124.45810   40.21720      99.46         15  0.000e+00
      55657   2319.000      4.861      4.899     9.3175     9.3183  36.429763  36.432072     9.3170     9.3177    33.9424    33.9441    26.2392    26.2404     5.0542     5.2547    153.907    160.012     1.6313     1.5958     0.0501     0.2265     3.2381     0.1429     0.1465 -124.45810   40.21720      99.44         15  0.000e+00
      55658   2319.042      4.808      4.845     9.3175     9.3183  36.429380  36.431944     9.3170     9.3178    33.9421    33.9440    26.2389    26.2403     5.0542     5.2605    153.906    160.190     1.6313     1.5971     0.0501     0.2265     3.2381     0.1429     0.1465 -124.45810   40.21720      99.44         15  0.000e+00
      55659   2319.083      4.921      4.959     9.3174     9.3183  36.429508  36.432008     9.3169     9.3177    33.9423    33.9440    26.2391    26.2403     5.0542     5.2547    153.909    160.013     1.6313     1.5958     0.0501     0.2265     3.2381     0.1441     0.1465 -124.45810   40.21720      99.44         15  0.000e+00
      55660   2319.125      4.861      4.899     9.3176     9.3180  36.429827  36.431689     9.3171     9.3174    33.9424    33.9440    26.2392    26.2404     5.0488     5.2547    153.742    160.013     1.6300     1.5958     0.0501     0.2265     3.2381     0.1441     0.1477 -124.45810   40.21720      99.44         15  0.000e+00
      55661   2319.167      4.908      4.946     9.3174     9.3183  36.429700  36.431434     9.3169     9.3177    33.9425    33.9434    26.2392    26.2398     5.0542     5.2547    153.908    160.014     1.6313     1.5958     0.0501     0.2265     3.2381     0.1453     0.1477 -124.45810   40.21720      99.44         15  0.000e+00
      55662   2319.208      4.861      4.899     9.3176     9.3181  36.429827  36.431625     9.3171     9.3176    33.9424    33.9438    26.2392    26.2401     5.0488     5.2547    153.742    160.013     1.6300     1.5958     0.0501     0.2265     3.2369     0.1453     0.1490 -124.45810   40.21720      99.44         15  0.000e+00
      55663   2319.250      4.908      4.946     9.3174     9.3181  36.429955  36.431881     9.3169     9.3176    33.9427    33.9440    26.2394    26.2403     5.0542     5.2547    153.908    160.014     1.6313     1.5958     0.0513     0.2571     3.2369     0.1465     0.1477 -124.45810   40.21720      99.46         15  0.000e+00
      55664   2319.292      4.908      4.946     9.3173     9.3180  36.429955  36.431753     9.3168     9.3174    33.9428    33.9441    26.2395    26.2404     5.0542     5.2547    153.908    160.014     1.6313     1.5958     0.0513     0.2571     3.2381     0.1453     0.1477 -124.45810   40.21720      99.46         15  0.000e+00
      55665   2319.333      4.908      4.946     9.3174     9.3181  36.430147  36.431881     9.3169     9.3176    33.9429    33.9440    26.2396    26.2403     5.0488     5.2547    153.743    160.014     1.6300     1.5958     0.0501     0.2265     3.2381     0.1453     0.1477 -124.45810   40.21720      99.44         15  0.000e+00
      55666   2319.375      4.908      4.946     9.3175     9.3180  36.430019  36.431561     9.3169     9.3174    33.9427    33.9439    26.2394    26.2402     5.0488     5.2548    153.743    160.015     1.6300     1.5958     0.0501     0.2265     3.2381     0.1453     0.1490 -124.45810   40.21720      99.44         15  0.000e+00
      55667   2319.417      4.954      4.992     9.3174     9.3181  36.429700  36.431817     9.3168     9.3176    33.9425    33.9439    26.2392    26.2403     5.0489     5.2548    153.745    160.015     1.6300     1.5958     0.0488     0.1960     3.2381     0.1465     0.1477 -124.45810   40.21720      99.46         15  0.000e+00
      55668   2319.458      4.908      4.946     9.3173     9.3180  36.429636  36.431561     9.3168     9.3174    33.9425    33.9439    26.2393    26.2402     5.0488     5.2548    153.744    160.015     1.6300     1.5958     0.0501     0.2265     3.2369     0.1465     0.1490 -124.45810   40.21720      99.44         15  0.000e+00
      55669   2319.500      4.954      4.992     9.3175     9.3178  36.429827  36.431625     9.3170     9.3173    33.9425    33.9441    26.2392    26.2404     5.0488     5.2548    153.744    160.016     1.6300     1.5958     0.0488     0.1960     3.2381     0.1465     0.1490 -124.45810   40.21720      99.44         15  0.000e+00
      55670   2319.542      4.954      4.992     9.3173     9.3178  36.429955  36.431881     9.3168     9.3173    33.9428    33.9443    26.2395    26.2406     5.0542     5.2548    153.909    160.016     1.6313     1.5958     0.0488     0.1960     3.2381     0.1465     0.1490 -124.45810   40.21720      99.44         15  0.000e+00
      55671   2319.583      4.921      4.959     9.3174     9.3176  36.429700  36.431562     9.3169     9.3171    33.9425    33.9442    26.2392    26.2405     5.0488     5.2548    153.744    160.016     1.6300     1.5958     0.0488     0.1960     3.2381     0.1465     0.1477 -124.45810   40.21720      99.44         15  0.000e+00
      55672   2319.625      4.954      4.992     9.3172     9.3178  36.430083  36.431817     9.3167     9.3173    33.9430    33.9443    26.2397    26.2406     5.0435     5.2548    153.581    160.016     1.6288     1.5958     0.0488     0.1960     3.2369     0.1465     0.1490 -124.45810   40.21720      99.44         15  0.000e+00
      55673   2319.667      4.954      4.992     9.3175     9.3178  36.429764  36.431306     9.3169     9.3173    33.9424    33.9437    26.2392    26.2401     5.0488     5.2548    153.745    160.016     1.6300     1.5958     0.0488     0.1960     3.2369     0.1465     0.1490 -124.45810   40.21720      99.46         15  0.000e+00
      55674   2319.708      4.954      4.992     9.3172     9.3176  36.430083  36.431498     9.3167     9.3171    33.9430    33.9441    26.2397    26.2405     5.0489     5.2548    153.745    160.017     1.6300     1.5958     0.0501     0.2265     3.2369     0.1453     0.1477 -124.45810   40.21720      99.46         15  0.000e+00
      55675   2319.750      4.954      4.992     9.3175     9.3175  36.429764  36.431689     9.3169     9.3169    33.9424    33.9444    26.2392    26.2408     5.0488     5.2548    153.745    160.017     1.6300     1.5958     0.0488     0.1960     3.2381     0.1441     0.1465 -124.45810   40.21720      99.44         15  0.000e+00
      55676   2319.792      4.954      4.992     9.3171     9.3178  36.429828  36.431370     9.3165     9.3173    33.9429    33.9438    26.2396    26.2402     5.0435     5.2548    153.581    160.016     1.6288     1.5958     0.0488     0.1960     3.2369     0.1441     0.1465 -124.45810   40.21720      99.44         15  0.000e+00
      55677   2319.833      5.007      5.046     9.3173     9.3175  36.429955  36.431370     9.3167     9.3169    33.9428    33.9441    26.2395    26.2405     5.0489     5.2549    153.746    160.018     1.6300     1.5958     0.0488     0.1960     3.2369     0.1441     0.1465 -124.45810   40.21720      99.44         15  0.000e+00
      55678   2319.875      4.954      4.992     9.3172     9.3176  36.429700  36.431179     9.3167     9.3171    33.9426    33.9438    26.2394    26.2402     5.0489     5.2548    153.745    160.017     1.6300     1.5958     0.0488     0.1960     3.2369     0.1453     0.1465 -124.45810   40.21720      99.46         15  0.000e+00
      55679   2319.917      4.954      4.992     9.3173     9.3175  36.429380  36.431242     9.3168     9.3169    33.9422    33.9440    26.2391    26.2404     5.0489     5.2548    153.745    160.017     1.6300     1.5958     0.0488     0.1960     3.2381     0.1453     0.1465 -124.45810   40.21720      99.44         15  0.000e+00
      55680   2319.958      5.007      5.046     9.3171     9.3173  36.429508  36.431626     9.3165     9.3167    33.9425    33.9445    26.2393    26.2409     5.0489     5.2549    153.747    160.018     1.6300     1.5958     0.0488     0.1960     3.2369     0.1453     0.1453 -124.45810   40.21720      99.46         15  0.000e+00
      55681   2320.000      4.954      4.992     9.3173     9.3175  36.429636  36.431370     9.3168     9.3169    33.9425    33.9441    26.2393    26.2405     5.0489     5.2548    153.745    160.017     1.6300     1.5958     0.0488     0.1960     3.2369     0.1453     0.1453 -124.45810   40.21720      99.46         15  0.000e+00
      55682   2320.042      4.954      4.992     9.3172     9.3173  36.429380  36.431370     9.3167     9.3168    33.9423    33.9443    26.2391    26.2407     5.0543     5.2549    153.910    160.018     1.6313     1.5958     0.0488     0.1960     3.2369     0.1441     0.1453 -124.45810   40.21720      99.46         15  0.000e+00
      55683   2320.083      4.974      5.012     9.3173     9.3173  36.429061  36.431051     9.3168     9.3168    33.9419    33.9439    26.2388    26.2404     5.0543     5.2549    153.910    160.018     1.6313     1.5958     0.0488     0.1960     3.2369     0.1441     0.1453 -124.45810   40.21720      99.46         15  0.000e+00
