West Coast/WCOA-7/CTD_Data/RB2102_CTD_027_01.ros
* Sea-Bird SBE 9 Data File:
* FileName = C:\Users\scs.user.rb\CTD\RB2102\Data\RB2102_CTD_027_01.hex
* Software Version Seasave V 7.26.7.107
* Temperature SN = 6202
* Conductivity SN = 4907
* Number of Bytes Per Scan = 41
* Number of Voltage Words = 4
* Number of Scans Averaged by the Deck Unit = 1
* NMEA Latitude = 46 14.52 N
* NMEA Longitude = 124 07.03 W
* NMEA UTC (Time) = Jun 30 2021  18:21:42
* NMEA baud rate = 4800
# nquan = 30
# nvalues = 637                                   
# units = specified
# name 0 = scan: Scan Count
# name 1 = timeS: Time, Elapsed [seconds]
# name 2 = depSM: Depth [salt water, m]
# name 3 = prDM: Pressure, Digiquartz [db]
# name 4 = t090C: Temperature [ITS-90, deg C]
# name 5 = t190C: Temperature, 2 [ITS-90, deg C]
# name 6 = c0mS/cm: Conductivity [mS/cm]
# name 7 = c1mS/cm: Conductivity, 2 [mS/cm]
# name 8 = potemp090C: Potential Temperature [ITS-90, deg C]
# name 9 = potemp190C: Potential Temperature, 2 [ITS-90, deg C]
# name 10 = sal00: Salinity, Practical [PSU]
# name 11 = sal11: Salinity, Practical, 2 [PSU]
# name 12 = sigma-é00: Density [sigma-theta, kg/m^3]
# name 13 = sigma-é11: Density, 2 [sigma-theta, kg/m^3]
# name 14 = sbeox0Mg/L: Oxygen, SBE 43 [mg/l]
# name 15 = sbeox1Mg/L: Oxygen, SBE 43, 2 [mg/l]
# name 16 = sbox0Mm/Kg: Oxygen, SBE 43 [umol/kg]
# name 17 = sbox1Mm/Kg: Oxygen, SBE 43, 2 [umol/kg]
# name 18 = sbeox0V: Oxygen raw, SBE 43 [V]
# name 19 = sbeox1V: Oxygen raw, SBE 43, 2 [V]
# name 20 = v4: Voltage 4
# name 21 = flECO-AFL: Fluorescence, WET Labs ECO-AFL/FL [mg/m^3]
# name 22 = v3: Voltage 3
# name 23 = v6: Voltage 6
# name 24 = v7: Voltage 7
# name 25 = longitude: Longitude [deg]
# name 26 = latitude: Latitude [deg]
# name 27 = altM: Altimeter [m]
# name 28 = nbf: Bottles Fired
# name 29 = flag:  0.000e+00
# interval = seconds: 0.0416667
# start_time = Jun 30 2021 18:21:42 [NMEA time, header]
# bad_flag = -9.990e-29
*END*
[from data line 436]
      24436   1018.125      4.167      4.202    17.1633    17.0874  24.315023  24.817704    17.1627    17.0868    17.6869    18.1218    12.2412    12.5886     9.6629     9.0097    298.317    278.057     2.8291     2.5250     0.2454     5.1105     3.1111     0.6044     0.0000 -124.11888   46.24452      12.84          9  0.000e+00
      24437   1018.167      4.220      4.255    17.1668    17.0890  24.574439  24.772439    17.1662    17.0884    17.8922    18.0848    12.3969    12.5600     9.6553     9.0115    298.038    278.119     2.8303     2.5250     0.2454     5.1105     3.1123     0.6056     0.0000 -124.11888   46.24452      12.89          9  0.000e+00
      24438   1018.208      4.121      4.155    17.1493    17.0952  24.710642  24.717331    17.1486    17.0946    18.0087    18.0380    12.4894    12.5231     9.6518     9.0236    297.903    278.504     2.8303     2.5275     0.2454     5.1105     3.1111     0.6056     0.0000 -124.11888   46.24452      12.89          9  0.000e+00
      24439   1018.250      4.167      4.202    17.1593    17.1008  24.446918  24.720198    17.1587    17.1002    17.7938    18.0378    12.3235    12.5217     9.6675     9.0226    298.435    278.473     2.8315     2.5275     0.2454     5.1105     3.1099     0.6044     0.0000 -124.11888   46.24452      12.89          9  0.000e+00
      24440   1018.292      4.134      4.168    17.1969    17.1015  23.984619  24.784303    17.1963    17.1009    17.4095    18.0887    12.0228    12.5604     9.6876     9.0251    299.144    278.539     2.8327     2.5287     0.2454     5.1105     3.1123     0.6056     0.0000 -124.11888   46.24452      12.89          9  0.000e+00
      24559   1023.250      3.631      3.661    17.4658    17.3045  22.268468  23.399530    17.4653    17.3040    15.9459    16.9004    10.8518    11.6125     9.3202     8.8266    288.132    272.670     2.7363     2.4786     0.2002     3.9811     3.1136     0.6129     0.0000 -124.11888   46.24454      14.02         10  0.000e+00
      24560   1023.292      3.631      3.661    17.4947    17.3014  22.163722  23.392122    17.4942    17.3009    15.8527    16.8959    10.7749    11.6096     9.3199     8.8275    288.148    272.696     2.7363     2.4786     0.2002     3.9811     3.1111     0.6129     0.0000 -124.11888   46.24454      13.99         10  0.000e+00
      24561   1023.333      3.684      3.715    17.5170    17.3138  22.075114  23.320626    17.5165    17.3133    15.7748    16.8342    10.7109    11.5601     9.3151     8.8230    288.017    272.572     2.7350     2.4774     0.2002     3.9811     3.1123     0.6129     0.0000 -124.11888   46.24454      14.02         10  0.000e+00
      24562   1023.375      3.585      3.615    17.5371    17.3155  21.967665  23.312471    17.5365    17.3150    15.6832    16.8271    10.6370    11.5543     9.3164     8.8230    288.076    272.572     2.7350     2.4774     0.2002     3.9811     3.1123     0.6129     0.0000 -124.11888   46.24454      14.11         10  0.000e+00
      24563   1023.417      3.684      3.715    17.5558    17.3261  21.862142  23.289037    17.5552    17.3256    15.5938    16.8042    10.5651    11.5347     9.3180     8.8169    288.147    272.389     2.7350     2.4762     0.2002     3.9811     3.1123     0.6129     0.0000 -124.11888   46.24454      14.29         10  0.000e+00
      24564   1023.458      3.684      3.715    17.5731    17.3530  21.789055  23.127062    17.5725    17.3524    15.5303    16.6654    10.5131    11.4233     9.3132     8.8192    288.015    272.492     2.7338     2.4762     0.2002     3.9811     3.1123     0.6129     0.0000 -124.11888   46.24454      14.31         10  0.000e+00
      24565   1023.500      3.744      3.775    17.5856    17.4152  21.755051  22.744262    17.5851    17.4147    15.4991    16.3389    10.4867    11.1617     9.3127     8.8250    288.006    272.740     2.7338     2.4762     0.2002     3.9811     3.1136     0.6129     0.0000 -124.11888   46.24454      14.31         10  0.000e+00
      24566   1023.542      3.684      3.715    17.5946    17.4762  21.718163  22.371846    17.5941    17.4756    15.4670    16.0227    10.4604    10.9082     9.3127     8.8249    288.014    272.805     2.7338     2.4750     0.2002     3.9811     3.1123     0.6129     0.0000 -124.11888   46.24454      14.29         10  0.000e+00
      24567   1023.583      3.730      3.761    17.6017    17.4940  21.700386  22.292367    17.6012    17.4935    15.4504    15.9535    10.4463    10.8518     9.3073     8.8253    287.851    272.832     2.7326     2.4750     0.2002     3.9811     3.1136     0.6154     0.0000 -124.11888   46.24454      14.29         10  0.000e+00
      24568   1023.625      3.730      3.761    17.6036    17.4965  21.771891  22.337680    17.6031    17.4960    15.5053    15.9880    10.4877    10.8775     9.3039     8.8229    287.733    272.754     2.7326     2.4750     0.2002     3.9811     3.1136     0.6166     0.0000 -124.11888   46.24454      14.31         10  0.000e+00
      24569   1023.667      3.777      3.808    17.5944    17.5150  21.889641  22.252186    17.5938    17.5144    15.6005    15.9139    10.5621    10.8172     9.2953     8.8180    287.446    272.618     2.7314     2.4737     0.2002     3.9811     3.1123     0.6178     0.0000 -124.11888   46.24454      14.31         10  0.000e+00
      24570   1023.708      3.730      3.761    17.5797    17.5034  21.965596  22.303160    17.5792    17.5029    15.6653    15.9583    10.6144    10.8534     9.2944     8.8123    287.403    272.432     2.7314     2.4725     0.2002     3.9811     3.1148     0.6178     0.0000 -124.11888   46.24454      14.31         10  0.000e+00
      24571   1023.750      3.777      3.808    17.5710    17.4833  21.943834  22.413965    17.5704    17.4827    15.6516    16.0529    10.6059    10.9297     9.2918     8.8111    287.324    272.374     2.7302     2.4725     0.2002     3.9811     3.1123     0.6178     0.0000 -124.11888   46.24454      14.31         10  0.000e+00
      24572   1023.792      3.777      3.808    17.5727    17.4924  21.898953  22.344863    17.5722    17.4918    15.6160    15.9952    10.5784    10.8839     9.2934     8.8070    287.384    272.259     2.7302     2.4713     0.2015     4.0116     3.1136     0.6178     0.0000 -124.11890   46.24454      14.31         10  0.000e+00
      24573   1023.833      3.797      3.828    17.5761    17.5053  21.881972  22.244270    17.5756    17.5048    15.6015    15.9115    10.5666    10.8174     9.2886     8.8090    287.237    272.340     2.7289     2.4713     0.2039     4.0727     3.1136     0.6178     0.0000 -124.11890   46.24454      14.31         10  0.000e+00
      24574   1023.875      3.830      3.861    17.5797    17.5086  21.862246  22.208633    17.5792    17.5081    15.5847    15.8823    10.5531    10.7945     9.2889     8.8045    287.250    272.207     2.7289     2.4701     0.2063     4.1337     3.1136     0.6178     0.0000 -124.11890   46.24454      14.53         10  0.000e+00
      24575   1023.917      3.830      3.861    17.5854    17.5054  21.828784  22.247352    17.5848    17.5048    15.5565    15.9139    10.5305    10.8192     9.2843     8.7980    287.116    271.999     2.7277     2.4689     0.2063     4.1337     3.1123     0.6178     0.0000 -124.11890   46.24454      14.75         10  0.000e+00
      24576   1023.958      3.876      3.908    17.5898    17.5070  21.822231  22.249636    17.5892    17.5064    15.5497    15.9150    10.5244    10.8198     9.2890     8.7977    287.262    271.989     2.7289     2.4689     0.2063     4.1337     3.1136     0.6178     0.0000 -124.11890   46.24454      14.80         10  0.000e+00
      24577   1024.000      3.876      3.908    17.5875    17.5242  21.880332  22.149617    17.5869    17.5236    15.5959    15.8302    10.5600    10.7516     9.2818     8.7935    287.029    271.878     2.7277     2.4676     0.2063     4.1337     3.1136     0.6178     0.0000 -124.11890   46.24454      14.80         10  0.000e+00
      24578   1024.042      3.876      3.908    17.5743    17.5455  22.037030  22.026877    17.5737    17.5449    15.7230    15.7262    10.6595    10.6679     9.2772     8.7896    286.858    271.779     2.7277     2.4664     0.2063     4.1337     3.1148     0.6178     0.0000 -124.11890   46.24454      14.77         10  0.000e+00
      24579   1024.083      3.876      3.908    17.5455    17.5613  22.317917  21.952533    17.5449    17.5607    15.9534    15.6621    10.8409    10.6159     9.2697     8.7900    286.576    271.807     2.7277     2.4664     0.2063     4.1337     3.1148     0.6178     0.0000 -124.11890   46.24454      14.77         10  0.000e+00
      24580   1024.125      3.876      3.908    17.5033    17.5591  22.636898  21.991414    17.5027    17.5585    16.2196    15.6933    11.0524    10.6401     9.2627     8.7833    286.300    271.593     2.7277     2.4652     0.2063     4.1337     3.1148     0.6178     0.0000 -124.11890   46.24454      14.80         10  0.000e+00
      24581   1024.167      3.889      3.921    17.4548    17.5469  22.852772  22.095955    17.4543    17.5464    16.4082    15.7795    11.2062    10.7082     9.2663     8.7756    286.368    271.335     2.7289     2.4640     0.2063     4.1337     3.1148     0.6178     0.0000 -124.11890   46.24454      14.87         10  0.000e+00
      24582   1024.208      3.922      3.955    17.4224    17.5076  22.908640  22.345660    17.4218    17.5070    16.4652    15.9899    11.2563    10.8766     9.2642     8.7718    286.288    271.174     2.7277     2.4640     0.2063     4.1337     3.1160     0.6178     0.0000 -124.11890   46.24454      14.90         10  0.000e+00
      24583   1024.250      3.922      3.955    17.4049    17.4765  22.919498  22.542518    17.4044    17.4759    16.4808    16.1562    11.2719    11.0098     9.2666     8.7688    286.358    271.045     2.7277     2.4640     0.2063     4.1337     3.1172     0.6178     0.0000 -124.11890   46.24454      14.90         10  0.000e+00
      24584   1024.292      3.876      3.908    17.3902    17.4696  22.957295  22.567501    17.3896    17.4691    16.5165    16.1785    11.3022    11.0282     9.2673     8.7634    286.371    270.873     2.7277     2.4628     0.2063     4.1337     3.1160     0.6178     0.0000 -124.11890   46.24454      14.87         10  0.000e+00
      24585   1024.333      3.975      4.008    17.3854    17.4379  22.890589  22.723331    17.3849    17.4374    16.4659    16.3134    11.2646    11.1375     9.2762     8.7623    286.656    270.809     2.7289     2.4628     0.2063     4.1337     3.1160     0.6178     0.0000 -124.11890   46.24454      14.90         10  0.000e+00
      24586   1024.375      3.922      3.955    17.4104    17.3939  22.684446  22.984451    17.4098    17.3933    16.2938    16.5364    11.1284    11.3165     9.2811     8.7532    286.845    270.480     2.7289     2.4615     0.2063     4.1337     3.1172     0.6178     0.0000 -124.11890   46.24454      15.14         10  0.000e+00
      24587   1024.417      4.021      4.055    17.4355    17.3674  22.593837  23.125500    17.4349    17.3668    16.2127    16.6582    11.0613    11.4148     9.2861     8.7518    287.019    270.410     2.7302     2.4615     0.2063     4.1337     3.1184     0.6178     0.0000 -124.11890   46.24454      15.41         10  0.000e+00
      24588   1024.458      3.922      3.955    17.4326    17.3566  22.773729  23.127870    17.4320    17.3560    16.3551    16.6645    11.1703    11.4219     9.2785     8.7533    286.755    270.456     2.7302     2.4615     0.2063     4.1337     3.1184     0.6178     0.0000 -124.11890   46.24454      15.46         10  0.000e+00
      24589   1024.500      3.988      4.022    17.3905    17.3594  23.105302  23.060696    17.3899    17.3589    16.6329    16.6104    11.3907    11.3801     9.2710     8.7557    286.459    270.542     2.7302     2.4615     0.2063     4.1337     3.1172     0.6178     0.0000 -124.11890   46.24454      15.43         10  0.000e+00
      24590   1024.542      4.074      4.108    17.3484    17.3861  23.227828  22.896063    17.3478    17.3855    16.7466    16.4699    11.4862    11.2675     9.2726     8.7583    286.483    270.651     2.7302     2.4615     0.2063     4.1337     3.1148     0.6178     0.0000 -124.11890   46.24454      15.43         10  0.000e+00
      24591   1024.583      4.021      4.055    17.3466    17.4219  23.102773  22.679032    17.3460    17.4213    16.6488    16.2850    11.4120    11.1192     9.2784     8.7613    286.681    270.785     2.7302     2.4615     0.2051     4.1032     3.1148     0.6178     0.0000 -124.11890   46.24454      15.43         10  0.000e+00
      24592   1024.625      4.021      4.055    17.3571    17.4433  22.986830  22.558374    17.3565    17.4427    16.5532    16.1818    11.3370    11.0362     9.2817     8.7628    286.807    270.853     2.7302     2.4615     0.2063     4.1337     3.1123     0.6190     0.0000 -124.11890   46.24454      15.31         10  0.000e+00
      24593   1024.667      4.021      4.055    17.3816    17.4429  22.750033  22.581441    17.3810    17.4423    16.3569    16.2000    11.1824    11.0501     9.2881     8.7619    287.048    270.821     2.7302     2.4615     0.2063     4.1337     3.1123     0.6203     0.0000 -124.11890   46.24454      15.19         10  0.000e+00
      24594   1024.708      4.074      4.108    17.4412    17.4438  22.341148  22.595808    17.4406    17.4432    16.0123    16.2110    10.9076    11.0583     9.2963     8.7558    287.378    270.629     2.7302     2.4603     0.2063     4.1337     3.1136     0.6190     0.0000 -124.11890   46.24454      15.16         10  0.000e+00
      24595   1024.750      4.021      4.055    17.5029    17.4640  22.043239  22.474772    17.5024    17.4634    15.7553    16.1081    10.6990    10.9757     9.3041     8.7574    287.678    270.701     2.7314     2.4603     0.2063     4.1337     3.1123     0.6203     0.0000 -124.11890   46.24454      15.19         10  0.000e+00
      24596   1024.792      4.074      4.108    17.5388    17.4991  21.949343  22.265844    17.5382    17.4985    15.6682    15.9307    10.6253    10.8334     9.3023     8.7657    287.644    270.998     2.7314     2.4615     0.2063     4.1337     3.1136     0.6190     0.0000 -124.11890   46.24454      15.19         10  0.000e+00
      24597   1024.833      4.035      4.068    17.5589    17.5254  21.888956  22.118963    17.5583    17.5248    15.6134    15.8058    10.5794    10.7328     9.3015     8.7620    287.634    270.907     2.7314     2.4603     0.2063     4.1337     3.1111     0.6190     0.0000 -124.11890   46.24454      15.19         10  0.000e+00
      24598   1024.875      4.074      4.108    17.5839    17.5381  21.741012  22.073063    17.5833    17.5375    15.4887    15.7650    10.4792    10.6991     9.2988     8.7618    287.578    270.911     2.7302     2.4603     0.2063     4.1337     3.1123     0.6190     0.0000 -124.11890   46.24454      15.21         10  0.000e+00
      24599   1024.917      4.021      4.055    17.6110    17.5575  21.589990  22.011789    17.6104    17.5569    15.3611    15.7098    10.3764    10.6530     9.3008     8.7611    287.669    270.901     2.7302     2.4603     0.2039     4.0727     3.1123     0.6190     0.0000 -124.11890   46.24454      15.21         10  0.000e+00
      24600   1024.958      4.121      4.155    17.6297    17.5823  21.517954  21.885776    17.6291    17.5817    15.2981    15.6020    10.3245    10.5658     9.3009     8.7622    287.688    270.961     2.7302     2.4603     0.2027     4.0422     3.1123     0.6190     0.0000 -124.11890   46.24454      15.24         10  0.000e+00
