West Coast/WCOA-7/CTD_Data/RB2102_CTD_100_01.ros
* Sea-Bird SBE 9 Data File:
* FileName = C:\Users\scs.user.rb\CTD\RB2102\Data\RB2102_CTD_100_01.hex
* Software Version Seasave V 7.26.7.107
* Temperature SN = 6202
* Conductivity SN = 4907
* Number of Bytes Per Scan = 41
* Number of Voltage Words = 4
* Number of Scans Averaged by the Deck Unit = 1
* NMEA Latitude = 36 47.72 N
* NMEA Longitude = 121 50.81 W
* NMEA UTC (Time) = Jul 14 2021  22:30:36
* NMEA baud rate = 4800
# nquan = 30
# nvalues = 1173                                  
# units = specified
# name 0 = scan: Scan Count
# name 1 = timeS: Time, Elapsed [seconds]
# name 2 = depSM: Depth [salt water, m]
# name 3 = prDM: Pressure, Digiquartz [db]
# name 4 = t090C: Temperature [ITS-90, deg C]
# name 5 = t190C: Temperature, 2 [ITS-90, deg C]
# name 6 = c0mS/cm: Conductivity [mS/cm]
# name 7 = c1mS/cm: Conductivity, 2 [mS/cm]
# name 8 = potemp090C: Potential Temperature [ITS-90, deg C]
# name 9 = potemp190C: Potential Temperature, 2 [ITS-90, deg C]
# name 10 = sal00: Salinity, Practical [PSU]
# name 11 = sal11: Salinity, Practical, 2 [PSU]
# name 12 = sigma-é00: Density [sigma-theta, kg/m^3]
# name 13 = sigma-é11: Density, 2 [sigma-theta, kg/m^3]
# name 14 = sbeox0Mg/L: Oxygen, SBE 43 [mg/l]
# name 15 = sbeox1Mg/L: Oxygen, SBE 43, 2 [mg/l]
# name 16 = sbox0Mm/Kg: Oxygen, SBE 43 [umol/kg]
# name 17 = sbox1Mm/Kg: Oxygen, SBE 43, 2 [umol/kg]
# name 18 = sbeox0V: Oxygen raw, SBE 43 [V]
# name 19 = sbeox1V: Oxygen raw, SBE 43, 2 [V]
# name 20 = v4: Voltage 4
# name 21 = flECO-AFL: Fluorescence, WET Labs ECO-AFL/FL [mg/m^3]
# name 22 = v3: Voltage 3
# name 23 = v6: Voltage 6
# name 24 = v7: Voltage 7
# name 25 = longitude: Longitude [deg]
# name 26 = latitude: Latitude [deg]
# name 27 = altM: Altimeter [m]
# name 28 = nbf: Bottles Fired
# name 29 = flag:  0.000e+00
# interval = seconds: 0.0416667
# start_time = Jul 14 2021 22:30:36 [NMEA time, header]
# bad_flag = -9.990e-29
*END*
[from data line 629]
      44517   1854.833     49.609     49.983    10.1995    10.2013  37.251228  37.252818    10.1938    10.1955    33.9322    33.9321    26.0852    26.0849     3.8391     3.9544    116.925    120.434     1.3687     1.3382     0.0427     0.0434     3.2076     0.0855     0.0000 -121.84688   36.79462      99.61         13  0.000e+00
      44518   1854.875     49.642     50.017    10.1997    10.2012  37.251228  37.253011    10.1940    10.1954    33.9320    33.9324    26.0850    26.0851     3.8392     3.9486    116.925    120.259     1.3687     1.3370     0.0427     0.0434     3.2076     0.0855     0.0000 -121.84688   36.79462      99.61         13  0.000e+00
      44519   1854.917     49.609     49.983    10.1995    10.2010  37.250712  37.252947    10.1938    10.1953    33.9317    33.9325    26.0848    26.0852     3.8392     3.9544    116.926    120.435     1.3687     1.3382     0.0427     0.0434     3.2088     0.0855     0.0000 -121.84688   36.79462      99.61         13  0.000e+00
      44520   1854.958     49.609     49.983    10.1999    10.2012  37.250776  37.252882    10.1941    10.1954    33.9314    33.9323    26.0845    26.0850     3.8391     3.9486    116.925    120.258     1.3687     1.3370     0.0427     0.0434     3.2076     0.0855     0.0000 -121.84688   36.79462      99.61         13  0.000e+00
      44521   1855.000     49.609     49.983    10.1995    10.2012  37.250648  37.252882    10.1938    10.1954    33.9316    33.9323    26.0847    26.0850     3.8392     3.9486    116.925    120.258     1.3687     1.3370     0.0427     0.0434     3.2076     0.0867     0.0000 -121.84688   36.79462      99.61         13  0.000e+00
      44522   1855.042     49.662     50.037    10.1997    10.2011  37.251034  37.253334    10.1939    10.1954    33.9318    33.9328    26.0849    26.0854     3.8392     3.9544    116.926    120.435     1.3687     1.3382     0.0427     0.0434     3.2076     0.0855     0.0000 -121.84688   36.79462      99.61         13  0.000e+00
      44523   1855.083     49.595     49.970    10.1997    10.2013  37.250970  37.252560    10.1940    10.1956    33.9317    33.9318    26.0848    26.0846     3.8391     3.9486    116.925    120.258     1.3687     1.3370     0.0427     0.0434     3.2076     0.0867     0.0000 -121.84688   36.79462      99.61         13  0.000e+00
      44524   1855.125     49.609     49.983    10.1997    10.2013  37.250390  37.252947    10.1939    10.1956    33.9312    33.9322    26.0844    26.0849     3.8392     3.9486    116.925    120.258     1.3687     1.3370     0.0427     0.0434     3.2076     0.0977     0.0000 -121.84688   36.79462      99.61         13  0.000e+00
      44526   1855.208     49.609     49.983    10.1997    10.2015  37.250712  37.252882    10.1940    10.1958    33.9315    33.9320    26.0846    26.0847     3.8391     3.9486    116.925    120.258     1.3687     1.3370     0.0427     0.0434     3.2076     0.1074     0.0000 -121.84688   36.79462      99.61         14  0.000e+00
      44527   1855.250     49.609     49.983    10.1995    10.2015  37.250325  37.252882    10.1938    10.1958    33.9313    33.9320    26.0845    26.0847     3.8392     3.9486    116.926    120.258     1.3687     1.3370     0.0427     0.0434     3.2076     0.0989     0.0000 -121.84688   36.79462      99.61         14  0.000e+00
      44528   1855.292     49.542     49.916    10.1995    10.2016  37.250454  37.253140    10.1938    10.1959    33.9314    33.9322    26.0846    26.0848     3.8391     3.9485    116.925    120.256     1.3687     1.3370     0.0427     0.0434     3.2076     0.0916     0.0000 -121.84688   36.79462      99.61         14  0.000e+00
      44529   1855.333     49.662     50.037    10.1997    10.2013  37.250583  37.253205    10.1939    10.1956    33.9314    33.9325    26.0845    26.0851     3.8445     3.9486    117.088    120.259     1.3700     1.3370     0.0427     0.0434     3.2076     0.0891     0.0000 -121.84688   36.79462      99.61         14  0.000e+00
      44530   1855.375     49.562     49.936    10.1994    10.2015  37.250583  37.253204    10.1936    10.1958    33.9317    33.9323    26.0848    26.0850     3.8445     3.9485    117.087    120.257     1.3700     1.3370     0.0427     0.0434     3.2076     0.0891     0.0000 -121.84688   36.79462      99.61         14  0.000e+00
      44531   1855.417     49.609     49.983    10.1997    10.2017  37.250325  37.253204    10.1940    10.1959    33.9311    33.9322    26.0843    26.0848     3.8445     3.9486    117.087    120.257     1.3700     1.3370     0.0427     0.0434     3.2076     0.0891     0.0000 -121.84688   36.79462      93.09         14  0.000e+00
      44532   1855.458     49.542     49.916    10.1994    10.2020  37.250712  37.253204    10.1936    10.1962    33.9318    33.9319    26.0849    26.0846     3.8445     3.9485    117.087    120.255     1.3700     1.3370     0.0427     0.0434     3.2076     0.0952     0.0000 -121.84688   36.79462      77.31         14  0.000e+00
      44533   1855.500     49.562     49.936    10.1995    10.2023  37.250647  37.253655    10.1938    10.1965    33.9316    33.9321    26.0847    26.0847     3.8391     3.9485    116.925    120.255     1.3687     1.3370     0.0427     0.0434     3.2063     0.0965     0.0000 -121.84688   36.79462      72.36         14  0.000e+00
      44534   1855.542     49.609     49.983    10.1995    10.2027  37.250325  37.253655    10.1938    10.1969    33.9313    33.9317    26.0845    26.0843     3.8445     3.9485    117.088    120.255     1.3700     1.3370     0.0427     0.0434     3.2076     0.0916     0.0000 -121.84688   36.79462      72.80         14  0.000e+00
      44535   1855.583     49.562     49.936    10.1994    10.2027  37.250712  37.253784    10.1936    10.1969    33.9318    33.9318    26.0849    26.0844     3.8445     3.9484    117.087    120.254     1.3700     1.3370     0.0427     0.0434     3.2076     0.0891     0.0000 -121.84688   36.79462      73.55         14  0.000e+00
      44536   1855.625     49.562     49.936    10.1995    10.2028  37.250390  37.253848    10.1938    10.1971    33.9313    33.9318    26.0845    26.0843     3.8391     3.9484    116.925    120.254     1.3687     1.3370     0.0427     0.0434     3.2076     0.0879     0.0000 -121.84688   36.79462      73.94         14  0.000e+00
      44537   1855.667     49.542     49.916    10.1994    10.2028  37.250647  37.253848    10.1936    10.1971    33.9318    33.9318    26.0849    26.0843     3.8391     3.9484    116.925    120.253     1.3687     1.3370     0.0427     0.0434     3.2063     0.0879     0.0000 -121.84688   36.79462      89.57         14  0.000e+00
      44538   1855.708     49.562     49.936    10.1994    10.2029  37.250583  37.253848    10.1936    10.1972    33.9317    33.9317    26.0848    26.0842     3.8392     3.9484    116.925    120.253     1.3687     1.3370     0.0427     0.0434     3.2076     0.0879     0.0000 -121.84688   36.79462      99.68         14  0.000e+00
      44539   1855.750     49.609     49.983    10.1995    10.2030  37.250583  37.254042    10.1938    10.1973    33.9315    33.9318    26.0847    26.0843     3.8392     3.9484    116.926    120.254     1.3687     1.3370     0.0427     0.0434     3.2076     0.0977     0.0000 -121.84688   36.79462     100.00         14  0.000e+00
      44540   1855.792     49.509     49.883    10.1995    10.2031  37.250583  37.254170    10.1938    10.1974    33.9315    33.9318    26.0847    26.0843     3.8391     3.9484    116.924    120.252     1.3687     1.3370     0.0427     0.0434     3.2076     0.1074     0.0000 -121.84688   36.79462     100.00         14  0.000e+00
      44541   1855.833     49.542     49.916    10.1994    10.2033  37.250583  37.253913    10.1936    10.1976    33.9317    33.9314    26.0848    26.0839     3.8445     3.9484    117.087    120.252     1.3700     1.3370     0.0427     0.0434     3.2076     0.1074     0.0012 -121.84688   36.79462      99.49         14  0.000e+00
      44542   1855.875     49.562     49.937    10.1997    10.2031  37.250583  37.253848    10.1939    10.1974    33.9314    33.9315    26.0846    26.0840     3.8391     3.9484    116.925    120.253     1.3687     1.3370     0.0427     0.0434     3.2063     0.1026     0.0000 -121.84688   36.79462      99.41         14  0.000e+00
      44543   1855.917     49.509     49.883    10.1995    10.2031  37.250776  37.254106    10.1938    10.1974    33.9317    33.9318    26.0848    26.0843     3.8391     3.9484    116.924    120.252     1.3687     1.3370     0.0427     0.0434     3.2076     0.0989     0.0000 -121.84688   36.79462      99.56         14  0.000e+00
      44544   1855.958     49.562     49.937    10.1995    10.2031  37.250647  37.254170    10.1938    10.1974    33.9316    33.9318    26.0848    26.0843     3.8445     3.9542    117.087    120.429     1.3700     1.3382     0.0427     0.0434     3.2076     0.0977     0.0000 -121.84688   36.79462      99.61         14  0.000e+00
      44545   1856.000     49.509     49.883    10.1995    10.2028  37.250583  37.254621    10.1938    10.1971    33.9315    33.9326    26.0847    26.0849     3.8444     3.9484    117.086    120.252     1.3700     1.3370     0.0427     0.0434     3.2088     0.1001     0.0000 -121.84688   36.79462      99.61         14  0.000e+00
      44546   1856.042     49.542     49.916    10.1997    10.2030  37.250583  37.254106    10.1940    10.1973    33.9314    33.9319    26.0845    26.0844     3.8444     3.9484    117.086    120.253     1.3700     1.3370     0.0427     0.0434     3.2088     0.0977     0.0000 -121.84688   36.79462      99.61         14  0.000e+00
      44547   1856.083     49.562     49.937    10.1997    10.2031  37.250583  37.254106    10.1939    10.1974    33.9314    33.9317    26.0846    26.0842     3.8444     3.9484    117.086    120.253     1.3700     1.3370     0.0427     0.0434     3.2088     0.0940     0.0000 -121.84688   36.79462      99.58         14  0.000e+00
      44548   1856.125     49.509     49.883    10.1997    10.2028  37.250454  37.253977    10.1940    10.1971    33.9312    33.9319    26.0844    26.0844     3.8444     3.9484    117.086    120.253     1.3700     1.3370     0.0427     0.0434     3.2063     0.0916     0.0000 -121.84688   36.79462      99.61         14  0.000e+00
      44549   1856.167     49.509     49.883    10.1997    10.2029  37.250518  37.254106    10.1939    10.1972    33.9314    33.9320    26.0845    26.0844     3.8444     3.9484    117.086    120.252     1.3700     1.3370     0.0427     0.0434     3.2088     0.0916     0.0000 -121.84688   36.79462      99.61         14  0.000e+00
      44550   1856.208     49.509     49.883    10.1997    10.2030  37.250583  37.254170    10.1940    10.1973    33.9314    33.9320    26.0845    26.0844     3.8444     3.9484    117.086    120.252     1.3700     1.3370     0.0427     0.0434     3.2076     0.0928     0.0000 -121.84688   36.79462      99.61         14  0.000e+00
      44551   1856.250     49.496     49.870    10.1995    10.2027  37.250325  37.253719    10.1938    10.1969    33.9313    33.9318    26.0845    26.0844     3.8444     3.9484    117.086    120.253     1.3700     1.3370     0.0427     0.0434     3.2088     0.0977     0.0000 -121.84688   36.79462      99.61         14  0.000e+00
      44552   1856.292     49.562     49.937    10.1995    10.2027  37.250003  37.253784    10.1938    10.1969    33.9310    33.9318    26.0843    26.0844     3.8445     3.9484    117.087    120.254     1.3700     1.3370     0.0440     0.0739     3.2076     0.0977     0.0000 -121.84688   36.79462      99.61         14  0.000e+00
      44553   1856.333     49.509     49.883    10.1994    10.2030  37.250132  37.254299    10.1936    10.1973    33.9313    33.9321    26.0845    26.0845     3.8445     3.9484    117.087    120.252     1.3700     1.3370     0.0427     0.0434     3.2076     0.0928     0.0000 -121.84688   36.79462      99.61         14  0.000e+00
      44554   1856.375     49.463     49.836    10.1992    10.2029  37.250260  37.254299    10.1935    10.1972    33.9316    33.9322    26.0848    26.0846     3.8444     3.9484    117.086    120.251     1.3700     1.3370     0.0427     0.0434     3.2076     0.0891     0.0000 -121.84688   36.79462      99.61         14  0.000e+00
      44555   1856.417     49.542     49.916    10.1992    10.2030  37.250454  37.254170    10.1935    10.1973    33.9317    33.9319    26.0849    26.0844     3.8445     3.9484    117.087    120.253     1.3700     1.3370     0.0427     0.0434     3.2088     0.0940     0.0000 -121.84688   36.79462      99.61         14  0.000e+00
      44556   1856.458     49.509     49.883    10.1992    10.2030  37.250325  37.254363    10.1934    10.1973    33.9316    33.9321    26.0848    26.0846     3.8445     3.9484    117.087    120.252     1.3700     1.3370     0.0427     0.0434     3.2088     0.0977     0.0000 -121.84688   36.79462      99.61         14  0.000e+00
      44557   1856.500     49.509     49.883    10.1990    10.2030  37.250454  37.254299    10.1933    10.1973    33.9319    33.9321    26.0850    26.0845     3.8445     3.9484    117.087    120.252     1.3700     1.3370     0.0427     0.0434     3.2076     0.0977     0.0000 -121.84688   36.79462      99.58         14  0.000e+00
      44558   1856.542     49.463     49.836    10.1994    10.2031  37.250067  37.254170    10.1936    10.1974    33.9312    33.9318    26.0845    26.0843     3.8444     3.9484    117.086    120.251     1.3700     1.3370     0.0427     0.0434     3.2076     0.0977     0.0000 -121.84688   36.79462      99.61         14  0.000e+00
      44559   1856.583     49.509     49.883    10.1992    10.2029  37.250389  37.254363    10.1934    10.1972    33.9317    33.9322    26.0849    26.0847     3.8445     3.9484    117.087    120.252     1.3700     1.3370     0.0427     0.0434     3.2088     0.0965     0.0000 -121.84688   36.79462      99.61         14  0.000e+00
      44560   1856.625     49.496     49.870    10.1994    10.2030  37.250454  37.254041    10.1936    10.1973    33.9316    33.9318    26.0848    26.0843     3.8444     3.9484    117.086    120.252     1.3700     1.3370     0.0427     0.0434     3.2076     0.0952     0.0000 -121.84688   36.79462      99.61         14  0.000e+00
      44561   1856.667     49.509     49.883    10.1995    10.2028  37.250261  37.253848    10.1938    10.1971    33.9313    33.9318    26.0845    26.0843     3.8444     3.9484    117.086    120.253     1.3700     1.3370     0.0427     0.0434     3.2076     0.0940     0.0000 -121.84688   36.79462      99.61         14  0.000e+00
      44562   1856.708     49.509     49.883    10.1995    10.2027  37.250003  37.254041    10.1938    10.1969    33.9310    33.9321    26.0842    26.0846     3.8444     3.9484    117.086    120.253     1.3700     1.3370     0.0427     0.0434     3.2076     0.0965     0.0000 -121.84688   36.79462      99.61         14  0.000e+00
      44563   1856.750     49.463     49.836    10.1995    10.2028  37.250389  37.254170    10.1938    10.1971    33.9314    33.9321    26.0846    26.0846     3.8497     3.9484    117.247    120.252     1.3712     1.3370     0.0427     0.0434     3.2076     0.0989     0.0000 -121.84688   36.79462      99.61         14  0.000e+00
      44564   1856.792     49.509     49.883    10.1995    10.2029  37.250325  37.254428    10.1938    10.1972    33.9313    33.9323    26.0845    26.0847     3.8498     3.9484    117.248    120.252     1.3712     1.3370     0.0427     0.0434     3.2076     0.0989     0.0000 -121.84688   36.79462      99.58         14  0.000e+00
