West Coast/WCOA-7/CTD_Data/RB2102_CTD_015_01.ros
* Sea-Bird SBE 9 Data File:
* FileName = C:\Users\scs.user.rb\CTD\RB2102\Data\RB2102_CTD_015_01.hex
* Software Version Seasave V 7.26.7.107
* Temperature SN = 6202
* Conductivity SN = 4907
* Number of Bytes Per Scan = 41
* Number of Voltage Words = 4
* Number of Scans Averaged by the Deck Unit = 1
* NMEA Latitude = 48 50.40 N
* NMEA Longitude = 125 27.83 W
* NMEA UTC (Time) = Jun 28 2021  11:18:30
* NMEA baud rate = 4800
# nquan = 30
# nvalues = 637                                   
# units = specified
# name 0 = scan: Scan Count
# name 1 = timeS: Time, Elapsed [seconds]
# name 2 = depSM: Depth [salt water, m]
# name 3 = prDM: Pressure, Digiquartz [db]
# name 4 = t090C: Temperature [ITS-90, deg C]
# name 5 = t190C: Temperature, 2 [ITS-90, deg C]
# name 6 = c0mS/cm: Conductivity [mS/cm]
# name 7 = c1mS/cm: Conductivity, 2 [mS/cm]
# name 8 = potemp090C: Potential Temperature [ITS-90, deg C]
# name 9 = potemp190C: Potential Temperature, 2 [ITS-90, deg C]
# name 10 = sal00: Salinity, Practical [PSU]
# name 11 = sal11: Salinity, Practical, 2 [PSU]
# name 12 = sigma-é00: Density [sigma-theta, kg/m^3]
# name 13 = sigma-é11: Density, 2 [sigma-theta, kg/m^3]
# name 14 = sbeox0Mg/L: Oxygen, SBE 43 [mg/l]
# name 15 = sbeox1Mg/L: Oxygen, SBE 43, 2 [mg/l]
# name 16 = sbox0Mm/Kg: Oxygen, SBE 43 [umol/kg]
# name 17 = sbox1Mm/Kg: Oxygen, SBE 43, 2 [umol/kg]
# name 18 = sbeox0V: Oxygen raw, SBE 43 [V]
# name 19 = sbeox1V: Oxygen raw, SBE 43, 2 [V]
# name 20 = v4: Voltage 4
# name 21 = flECO-AFL: Fluorescence, WET Labs ECO-AFL/FL [mg/m^3]
# name 22 = v3: Voltage 3
# name 23 = v6: Voltage 6
# name 24 = v7: Voltage 7
# name 25 = longitude: Longitude [deg]
# name 26 = latitude: Latitude [deg]
# name 27 = altM: Altimeter [m]
# name 28 = nbf: Bottles Fired
# name 29 = flag:  0.000e+00
# interval = seconds: 0.0416667
# start_time = Jun 28 2021 11:18:30 [NMEA time, header]
# bad_flag = -9.990e-29
*END*
      21446    893.542     88.280     89.053     7.9712     7.9716  34.508527  34.508190     7.9625     7.9629    33.1604    33.1597    25.8347    25.8341     3.8074     3.7654    115.987    114.708     1.3089     1.2491     0.0440     0.0739     3.2149     1.5861     0.9328 -125.46364   48.84044      10.31          1  0.000e+00
      21447    893.583     88.234     89.007     7.9711     7.9712  34.508652  34.507940     7.9625     7.9626    33.1606    33.1597    25.8349    25.8342     3.8074     3.7654    115.986    114.708     1.3089     1.2491     0.0415     0.0129     3.2161     1.5861     0.9328 -125.46364   48.84044      10.28          1  0.000e+00
      21448    893.625     88.280     89.053     7.9709     7.9709  34.508527  34.508128     7.9623     7.9622    33.1606    33.1602    25.8349    25.8346     3.8074     3.7655    115.988    114.709     1.3089     1.2491     0.0440     0.0739     3.2161     1.5861     0.9328 -125.46364   48.84044      10.28          1  0.000e+00
      21449    893.667     88.280     89.053     7.9708     7.9709  34.508465  34.507691     7.9621     7.9622    33.1607    33.1598    25.8350    25.8343     3.8074     3.7655    115.988    114.710     1.3089     1.2491     0.0415     0.0129     3.2161     1.5861     0.9328 -125.46364   48.84044      10.28          1  0.000e+00
      21450    893.708     88.327     89.100     7.9704     7.9708  34.508215  34.507816     7.9617     7.9621    33.1608    33.1600    25.8351    25.8345     3.8075     3.7655    115.990    114.711     1.3089     1.2491     0.0427     0.0434     3.2161     1.5873     0.9328 -125.46364   48.84044      10.28          1  0.000e+00
      21451    893.750     88.380     89.154     7.9705     7.9708  34.508153  34.507566     7.9618     7.9621    33.1606    33.1597    25.8350    25.8343     3.8075     3.7656    115.990    114.712     1.3089     1.2491     0.0427     0.0434     3.2161     1.5873     0.9328 -125.46364   48.84044      10.26          1  0.000e+00
      21452    893.792     88.280     89.053     7.9701     7.9704  34.508152  34.507816     7.9615     7.9617    33.1610    33.1604    25.8353    25.8348     3.8132     3.7655    116.162    114.711     1.3101     1.2491     0.0415     0.0129     3.2161     1.5861     0.9328 -125.46364   48.84044      10.21          1  0.000e+00
      21453    893.833     88.327     89.100     7.9700     7.9703  34.507902  34.507941     7.9613     7.9616    33.1608    33.1606    25.8352    25.8350     3.8132     3.7656    116.163    114.712     1.3101     1.2491     0.0427     0.0434     3.2161     1.5861     0.9328 -125.46364   48.84044      10.18          1  0.000e+00
      21454    893.875     88.380     89.154     7.9696     7.9701  34.508028  34.507378     7.9609     7.9614    33.1613    33.1602    25.8357    25.8347     3.8076     3.7656    115.992    114.713     1.3089     1.2491     0.0427     0.0434     3.2161     1.5873     0.9328 -125.46364   48.84044      10.18          1  0.000e+00
      21455    893.917     88.380     89.154     7.9697     7.9698  34.507903  34.507503     7.9610     7.9611    33.1611    33.1606    25.8355    25.8351     3.8076     3.7656    115.992    114.714     1.3089     1.2491     0.0427     0.0434     3.2161     1.5873     0.9328 -125.46364   48.84044      10.18          1  0.000e+00
      21456    893.958     88.380     89.154     7.9693     7.9699  34.507840  34.507254     7.9607     7.9613    33.1614    33.1602    25.8358    25.8347     3.8076     3.7718    115.993    114.902     1.3089     1.2503     0.0415     0.0129     3.2173     1.5861     0.9328 -125.46364   48.84044      10.18          1  0.000e+00
      21457    894.000     88.426     89.200     7.9692     7.9695  34.507590  34.507316     7.9605     7.9608    33.1612    33.1607    25.8357    25.8352     3.8077     3.7657    115.994    114.715     1.3089     1.2491     0.0415     0.0129     3.2173     1.5861     0.9328 -125.46364   48.84044      10.16          1  0.000e+00
      21458    894.042     88.426     89.200     7.9687     7.9694  34.507715  34.507129     7.9600     7.9607    33.1618    33.1605    25.8362    25.8351     3.8077     3.7657    115.995    114.716     1.3089     1.2491     0.0427     0.0434     3.2173     1.5861     0.9328 -125.46364   48.84044      10.09          1  0.000e+00
      21459    894.083     88.426     89.200     7.9681     7.9691  34.507590  34.507129     7.9594     7.9604    33.1622    33.1608    25.8366    25.8353     3.8021     3.7657    115.824    114.716     1.3077     1.2491     0.0427     0.0434     3.2161     1.5873     0.9328 -125.46364   48.84044      10.06          1  0.000e+00
      21460    894.125     88.479     89.254     7.9674     7.9689  34.507528  34.507066     7.9587     7.9602    33.1628    33.1609    25.8372    25.8354     3.8078     3.7657    115.998    114.717     1.3089     1.2491     0.0415     0.0129     3.2149     1.5861     0.9328 -125.46364   48.84044      10.06          1  0.000e+00
      21461    894.167     88.426     89.200     7.9673     7.9686  34.507278  34.507129     7.9586     7.9599    33.1627    33.1613    25.8371    25.8358     3.8021     3.7719    115.826    114.905     1.3077     1.2503     0.0415     0.0129     3.2161     1.5861     0.9328 -125.46364   48.84044      10.06          1  0.000e+00
      21462    894.208     88.479     89.254     7.9663     7.9683  34.507215  34.506817     7.9576     7.9596    33.1636    33.1612    25.8379    25.8358     3.8079     3.7658    116.001    114.719     1.3089     1.2491     0.0440     0.0739     3.2149     1.5861     0.9328 -125.46364   48.84044      10.06          1  0.000e+00
      21463    894.250     88.479     89.254     7.9655     7.9678  34.507215  34.506942     7.9568     7.9591    33.1643    33.1618    25.8386    25.8363     3.8079     3.7658    116.002    114.720     1.3089     1.2491     0.0415     0.0129     3.2161     1.5873     0.9328 -125.46364   48.84044      10.04          1  0.000e+00
      21464    894.292     88.479     89.254     7.9647     7.9674  34.507403  34.506692     7.9560     7.9587    33.1653    33.1620    25.8395    25.8365     3.8080     3.7659    116.004    114.721     1.3089     1.2491     0.0415     0.0129     3.2161     1.5861     0.9328 -125.46364   48.84044       9.96          1  0.000e+00
      21465    894.333     88.479     89.254     7.9639     7.9672  34.507278  34.506692     7.9552     7.9585    33.1659    33.1622    25.8401    25.8367     3.8080     3.7659    116.006    114.721     1.3089     1.2491     0.0415     0.0129     3.2161     1.5861     0.9328 -125.46364   48.84044       9.94          1  0.000e+00
      21466    894.375     88.525     89.301     7.9631     7.9664  34.507216  34.506942     7.9544     7.9577    33.1666    33.1632    25.8408    25.8376     3.8081     3.7598    116.008    114.536     1.3089     1.2479     0.0427     0.0434     3.2161     1.5861     0.9328 -125.46364   48.84044       9.94          1  0.000e+00
      21467    894.417     88.525     89.301     7.9623     7.9660  34.507216  34.506192     7.9536     7.9573    33.1673    33.1627    25.8415    25.8373     3.8082     3.7660    116.010    114.725     1.3089     1.2491     0.0440     0.0739     3.2149     1.5861     0.9328 -125.46364   48.84044       9.94          1  0.000e+00
      21468    894.458     88.525     89.301     7.9619     7.9655  34.506966  34.506317     7.9532     7.9568    33.1674    33.1633    25.8416    25.8378     3.8082     3.7599    116.010    114.538     1.3089     1.2479     0.0415     0.0129     3.2161     1.5861     0.9328 -125.46364   48.84044       9.96          1  0.000e+00
      21469    894.500     88.525     89.301     7.9613     7.9652  34.507153  34.506067     7.9526     7.9565    33.1682    33.1633    25.8423    25.8379     3.8026     3.7661    115.839    114.727     1.3077     1.2491     0.0427     0.0434     3.2161     1.5861     0.9328 -125.46364   48.84044       9.94          1  0.000e+00
      21470    894.542     88.525     89.301     7.9611     7.9645  34.507216  34.506317     7.9524     7.9558    33.1684    33.1642    25.8425    25.8387     3.8026     3.7661    115.839    114.728     1.3077     1.2491     0.0427     0.0434     3.2161     1.5861     0.9328 -125.46364   48.84044       9.91          1  0.000e+00
      21471    894.583     88.525     89.301     7.9608     7.9641  34.506716  34.506630     7.9521     7.9554    33.1682    33.1650    25.8424    25.8393     3.8026     3.7661    115.841    114.728     1.3077     1.2491     0.0427     0.0434     3.2161     1.5861     0.9328 -125.46364   48.84044       9.91          1  0.000e+00
      21472    894.625     88.525     89.301     7.9606     7.9636  34.506778  34.506380     7.9519     7.9549    33.1684    33.1652    25.8426    25.8396     3.8027     3.7662    115.841    114.730     1.3077     1.2491     0.0440     0.0739     3.2149     1.5861     0.9328 -125.46364   48.84044       9.89          1  0.000e+00
      21473    894.667     88.572     89.347     7.9603     7.9633  34.506904  34.506380     7.9516     7.9546    33.1688    33.1654    25.8429    25.8398     3.8083     3.7600    116.014    114.543     1.3089     1.2479     0.0440     0.0739     3.2161     1.5861     0.9328 -125.46364   48.84044       9.89          1  0.000e+00
      21474    894.708     88.525     89.301     7.9603     7.9637  34.507341  34.506505     7.9516     7.9550    33.1693    33.1652    25.8433    25.8396     3.8027     3.7662    115.841    114.729     1.3077     1.2491     0.0427     0.0434     3.2161     1.5873     0.9328 -125.46364   48.84044       9.89          1  0.000e+00
      21475    894.750     88.625     89.401     7.9605     7.9640  34.507529  34.506443     7.9518     7.9553    33.1693    33.1649    25.8433    25.8393     3.8027     3.7662    115.842    114.730     1.3077     1.2491     0.0440     0.0739     3.2161     1.5873     0.9328 -125.46364   48.84044       9.89          1  0.000e+00
      21476    894.792     88.525     89.301     7.9613     7.9637  34.507529  34.506630     7.9526     7.9550    33.1686    33.1653    25.8426    25.8397     3.8026     3.7600    115.839    114.541     1.3077     1.2479     0.0440     0.0739     3.2149     1.5873     0.9328 -125.46364   48.84044       9.87          1  0.000e+00
      21477    894.833     88.572     89.347     7.9614     7.9640  34.507529  34.506380     7.9527     7.9553    33.1684    33.1648    25.8425    25.8392     3.7969     3.7662    115.667    114.730     1.3065     1.2491     0.0452     0.1044     3.2149     1.5873     0.9328 -125.46364   48.84044       9.84          1  0.000e+00
      21478    894.875     88.578     89.354     7.9617     7.9634  34.507716  34.506130     7.9530     7.9547    33.1684    33.1651    25.8424    25.8395     3.8026     3.7600    115.839    114.543     1.3077     1.2479     0.0440     0.0739     3.2161     1.5873     0.9328 -125.46364   48.84044       9.87          1  0.000e+00
      21479    894.917     88.572     89.347     7.9624     7.9633  34.507591  34.506692     7.9537     7.9545    33.1676    33.1658    25.8416    25.8401     3.7969     3.7600    115.665    114.543     1.3065     1.2479     0.0440     0.0739     3.2161     1.5873     0.9328 -125.46364   48.84044       9.87          1  0.000e+00
      21480    894.958     88.525     89.301     7.9621     7.9632  34.507529  34.506505     7.9534     7.9545    33.1678    33.1657    25.8419    25.8401     3.7969     3.7600    115.665    114.543     1.3065     1.2479     0.0440     0.0739     3.2173     1.5873     0.9328 -125.46364   48.84044       9.87          1  0.000e+00
      21481    895.000     88.625     89.401     7.9619     7.9629  34.507529  34.506630     7.9532     7.9542    33.1679    33.1661    25.8420    25.8404     3.7969     3.7601    115.667    114.544     1.3065     1.2479     0.0440     0.0739     3.2149     1.5873     0.9328 -125.46364   48.84044       9.84          1  0.000e+00
      21482    895.042     88.525     89.301     7.9617     7.9634  34.507278  34.506567     7.9530     7.9547    33.1680    33.1655    25.8421    25.8399     3.7969     3.7600    115.666    114.542     1.3065     1.2479     0.0440     0.0739     3.2161     1.5873     0.9328 -125.46364   48.84044       9.79          1  0.000e+00
      21483    895.083     88.578     89.354     7.9618     7.9639  34.507654  34.506692     7.9531     7.9552    33.1683    33.1652    25.8423    25.8396     3.7969     3.7600    115.666    114.542     1.3065     1.2479     0.0440     0.0739     3.2149     1.5873     0.9328 -125.46364   48.84044       9.77          1  0.000e+00
      21484    895.125     88.572     89.347     7.9619     7.9643  34.507591  34.506817     7.9532     7.9556    33.1680    33.1650    25.8421    25.8394     3.7969     3.7600    115.666    114.541     1.3065     1.2479     0.0427     0.0434     3.2173     1.5873     0.9328 -125.46364   48.84044       9.79          1  0.000e+00
      21485    895.167     88.572     89.347     7.9617     7.9650  34.507716  34.506755     7.9530     7.9563    33.1684    33.1642    25.8424    25.8386     3.7913     3.7599    115.494    114.539     1.3053     1.2479     0.0427     0.0434     3.2161     1.5873     0.9328 -125.46364   48.84044       9.77          1  0.000e+00
      21486    895.208     88.572     89.348     7.9613     7.9657  34.507591  34.506942     7.9526     7.9570    33.1686    33.1638    25.8426    25.8382     3.7913     3.7599    115.495    114.538     1.3053     1.2479     0.0440     0.0739     3.2149     1.5873     0.9048 -125.46364   48.84044       9.79          1  0.000e+00
      21487    895.250     88.525     89.301     7.9606     7.9657  34.507529  34.506879     7.9519     7.9570    33.1692    33.1637    25.8432    25.8381     3.7913     3.7598    115.496    114.537     1.3053     1.2479     0.0440     0.0739     3.2161     1.5873     0.4383 -125.46364   48.84044       9.79          1  0.000e+00
      21488    895.292     88.572     89.348     7.9602     7.9657  34.507529  34.507255     7.9515     7.9570    33.1697    33.1641    25.8436    25.8384     3.7914     3.7598    115.497    114.537     1.3053     1.2479     0.0440     0.0739     3.2161     1.5873     0.1758 -125.46364   48.84044       9.79          1  0.000e+00
      21489    895.333     88.572     89.348     7.9600     7.9664  34.507529  34.507192     7.9513     7.9577    33.1698    33.1634    25.8437    25.8378     3.7914     3.7536    115.497    114.348     1.3053     1.2466     0.0440     0.0739     3.2161     1.5873     0.1502 -125.46364   48.84044       9.79          1  0.000e+00
      21490    895.375     88.525     89.301     7.9595     7.9670  34.507279  34.507504     7.9508     7.9583    33.1700    33.1632    25.8440    25.8375     3.7914     3.7597    115.498    114.534     1.3053     1.2479     0.0440     0.0739     3.2161     1.5873     0.1758 -125.46364   48.84044       9.79          1  0.000e+00
      21491    895.417     88.525     89.301     7.9595     7.9675  34.507404  34.507817     7.9508     7.9588    33.1702    33.1630    25.8441    25.8373     3.7914     3.7597    115.498    114.532     1.3053     1.2479     0.0440     0.0739     3.2161     1.5873     0.1856 -125.46364   48.84044       9.79          1  0.000e+00
      21492    895.458     88.525     89.301     7.9594     7.9681  34.507529  34.507567     7.9507     7.9594    33.1704    33.1622    25.8443    25.8366     3.7914     3.7535    115.498    114.344     1.3053     1.2466     0.0440     0.0739     3.2161     1.5873     0.1868 -125.46364   48.84044       9.82          1  0.000e+00
      21493    895.500     88.525     89.301     7.9592     7.9695  34.507529  34.507816     7.9505     7.9608    33.1706    33.1612    25.8445    25.8356     3.7858     3.7534    115.326    114.341     1.3040     1.2466     0.0440     0.0739     3.2161     1.5873     0.1856 -125.46364   48.84044       9.82          1  0.000e+00
