West Coast/WCOA-7/CTD_Data/RB2102_CTD_109_01.ros
* Sea-Bird SBE 9 Data File:
* FileName = C:\Users\scs.user.rb\CTD\RB2102\Data\RB2102_CTD_109_01.hex
* Software Version Seasave V 7.26.7.107
* Temperature SN = 6202
* Conductivity SN = 4907
* Number of Bytes Per Scan = 41
* Number of Voltage Words = 4
* Number of Scans Averaged by the Deck Unit = 1
* NMEA Latitude = 33 29.00 N
* NMEA Longitude = 122 31.94 W
* NMEA UTC (Time) = Jul 17 2021  02:10:54
* NMEA baud rate = 4800
# nquan = 30
# nvalues = 1176                                  
# units = specified
# name 0 = scan: Scan Count
# name 1 = timeS: Time, Elapsed [seconds]
# name 2 = depSM: Depth [salt water, m]
# name 3 = prDM: Pressure, Digiquartz [db]
# name 4 = t090C: Temperature [ITS-90, deg C]
# name 5 = t190C: Temperature, 2 [ITS-90, deg C]
# name 6 = c0mS/cm: Conductivity [mS/cm]
# name 7 = c1mS/cm: Conductivity, 2 [mS/cm]
# name 8 = potemp090C: Potential Temperature [ITS-90, deg C]
# name 9 = potemp190C: Potential Temperature, 2 [ITS-90, deg C]
# name 10 = sal00: Salinity, Practical [PSU]
# name 11 = sal11: Salinity, Practical, 2 [PSU]
# name 12 = sigma-é00: Density [sigma-theta, kg/m^3]
# name 13 = sigma-é11: Density, 2 [sigma-theta, kg/m^3]
# name 14 = sbeox0Mg/L: Oxygen, SBE 43 [mg/l]
# name 15 = sbeox1Mg/L: Oxygen, SBE 43, 2 [mg/l]
# name 16 = sbox0Mm/Kg: Oxygen, SBE 43 [umol/kg]
# name 17 = sbox1Mm/Kg: Oxygen, SBE 43, 2 [umol/kg]
# name 18 = sbeox0V: Oxygen raw, SBE 43 [V]
# name 19 = sbeox1V: Oxygen raw, SBE 43, 2 [V]
# name 20 = v4: Voltage 4
# name 21 = flECO-AFL: Fluorescence, WET Labs ECO-AFL/FL [mg/m^3]
# name 22 = v3: Voltage 3
# name 23 = v6: Voltage 6
# name 24 = v7: Voltage 7
# name 25 = longitude: Longitude [deg]
# name 26 = latitude: Latitude [deg]
# name 27 = altM: Altimeter [m]
# name 28 = nbf: Bottles Fired
# name 29 = flag:  0.000e+00
# interval = seconds: 0.0416667
# start_time = Jul 17 2021 02:10:54 [NMEA time, header]
# bad_flag = -9.990e-29
*END*
[from data line 967]
     283712  11821.292     20.461     20.608    16.7679    16.7685  42.441808  42.442667    16.7646    16.7652    33.0479    33.0481    24.0714    24.0715     7.9706     8.1130    243.231    247.575     2.5861     2.4786     0.0977     1.4170     3.1685     0.1123     0.0000 -122.53308   33.48282      99.66         20  0.000e+00
     283713  11821.333     20.455     20.602    16.7679    16.7682  42.440992  42.442735    16.7645    16.7648    33.0472    33.0484    24.0709    24.0718     7.9753     8.1130    243.373    247.576     2.5873     2.4786     0.0977     1.4170     3.1697     0.1123     0.0000 -122.53308   33.48282      99.66         20  0.000e+00
     283714  11821.375     20.455     20.602    16.7677    16.7683  42.440449  42.442531    16.7644    16.7650    33.0468    33.0481    24.0707    24.0715     7.9753     8.1180    243.374    247.729     2.5873     2.4799     0.0989     1.4475     3.1673     0.1123     0.0000 -122.53308   33.48282      99.66         20  0.000e+00
     283715  11821.417     20.461     20.608    16.7679    16.7682  42.441196  42.442667    16.7645    16.7648    33.0474    33.0484    24.0710    24.0717     7.9753     8.1180    243.373    247.729     2.5873     2.4799     0.1026     1.5391     3.1673     0.1123     0.0000 -122.53308   33.48282      99.66         20  0.000e+00
     283716  11821.458     20.455     20.602    16.7676    16.7683  42.441672  42.442531    16.7643    16.7650    33.0480    33.0481    24.0716    24.0715     7.9753     8.1180    243.373    247.729     2.5873     2.4799     0.1038     1.5696     3.1685     0.1123     0.0000 -122.53308   33.48282      99.63         20  0.000e+00
     283717  11821.500     20.415     20.562    16.7679    16.7684  42.441400  42.442938    16.7646    16.7651    33.0475    33.0485    24.0712    24.0718     7.9752     8.1180    243.371    247.727     2.5873     2.4799     0.1038     1.5696     3.1685     0.1123     0.0000 -122.53308   33.48282      99.66         20  0.000e+00
     283718  11821.542     20.454     20.602    16.7677    16.7682  42.441128  42.442938    16.7644    16.7648    33.0474    33.0486    24.0711    24.0719     7.9753     8.1130    243.373    247.575     2.5873     2.4786     0.1026     1.5391     3.1697     0.1123     0.0000 -122.53308   33.48282      99.66         20  0.000e+00
     283719  11821.583     20.408     20.555    16.7675    16.7680  42.440789  42.442734    16.7642    16.7647    33.0473    33.0486    24.0711    24.0720     7.9799     8.1130    243.515    247.575     2.5885     2.4786     0.1026     1.5391     3.1697     0.1123     0.0000 -122.53308   33.48282      99.66         20  0.000e+00
     283720  11821.625     20.461     20.608    16.7674    16.7682  42.440110  42.442463    16.7641    16.7648    33.0468    33.0482    24.0707    24.0716     7.9800     8.1130    243.518    247.576     2.5885     2.4786     0.1026     1.5391     3.1697     0.1123     0.0000 -122.53308   33.48282      99.66         20  0.000e+00
     283721  11821.667     20.408     20.555    16.7672    16.7680  42.440245  42.442802    16.7639    16.7647    33.0471    33.0487    24.0710    24.0720     7.9800     8.1130    243.516    247.575     2.5885     2.4786     0.1026     1.5391     3.1685     0.1123     0.0000 -122.53308   33.48282      99.63         20  0.000e+00
     283722  11821.708     20.415     20.561    16.7670    16.7680  42.440924  42.442531    16.7637    16.7647    33.0478    33.0484    24.0716    24.0718     7.9800     8.1130    243.516    247.575     2.5885     2.4786     0.1026     1.5391     3.1685     0.1123     0.0000 -122.53308   33.48282      99.66         20  0.000e+00
     283723  11821.750     20.408     20.555    16.7670    16.7678  42.441332  42.441988    16.7637    16.7645    33.0482    33.0481    24.0718    24.0716     7.9800     8.1130    243.515    247.577     2.5885     2.4786     0.1026     1.5391     3.1697     0.1123     0.0000 -122.53308   33.48282      99.66         20  0.000e+00
     283724  11821.792     20.408     20.555    16.7671    16.7680  42.441060  42.442802    16.7638    16.7647    33.0479    33.0487    24.0716    24.0720     7.9800     8.1130    243.516    247.575     2.5885     2.4786     0.1026     1.5391     3.1685     0.1123     0.0000 -122.53308   33.48282      99.63         20  0.000e+00
     286342  11930.875      9.638      9.707    16.7586    16.7615  42.428317  42.432373    16.7571    16.7600    33.0478    33.0489    24.0731    24.0733     7.9891     8.1132    243.793    247.580     2.5934     2.4811     0.1001     1.4781     3.1661     0.1160     0.0000 -122.53312   33.48284      99.63         21  0.000e+00
     286343  11930.917      9.698      9.767    16.7583    16.7618  42.427366  42.432169    16.7567    16.7602    33.0472    33.0485    24.0727    24.0729     7.9846     8.1132    243.656    247.581     2.5922     2.4811     0.1001     1.4781     3.1661     0.1172     0.0000 -122.53312   33.48284      99.66         21  0.000e+00
     286344  11930.958      9.737      9.807    16.7586    16.7617  42.427434  42.432305    16.7571    16.7601    33.0470    33.0487    24.0725    24.0731     7.9846     8.1132    243.656    247.582     2.5922     2.4811     0.1001     1.4781     3.1685     0.1160     0.0000 -122.53312   33.48284      99.66         21  0.000e+00
     286345  11931.000      9.737      9.807    16.7587    16.7616  42.428589  42.432441    16.7571    16.7600    33.0479    33.0489    24.0732    24.0732     7.9845     8.1132    243.654    247.582     2.5922     2.4811     0.1001     1.4781     3.1685     0.1160     0.0000 -122.53312   33.48284      99.66         21  0.000e+00
     286346  11931.042      9.737      9.807    16.7593    16.7620  42.429404  42.432373    16.7578    16.7605    33.0481    33.0485    24.0732    24.0728     7.9844     8.1132    243.651    247.581     2.5922     2.4811     0.1001     1.4781     3.1673     0.1160     0.0000 -122.53312   33.48284      99.66         21  0.000e+00
     286347  11931.083      9.737      9.807    16.7595    16.7620  42.429404  42.432441    16.7579    16.7604    33.0480    33.0486    24.0730    24.0729     7.9798     8.1132    243.509    247.581     2.5910     2.4811     0.1001     1.4781     3.1673     0.1172     0.0000 -122.53312   33.48284      99.66         21  0.000e+00
     286348  11931.125      9.784      9.854    16.7592    16.7619  42.428589  42.432170    16.7576    16.7603    33.0475    33.0484    24.0728    24.0728     7.9799     8.1133    243.513    247.583     2.5910     2.4811     0.1001     1.4781     3.1673     0.1160     0.0000 -122.53312   33.48284      99.63         21  0.000e+00
     286349  11931.167      9.737      9.807    16.7592    16.7620  42.427978  42.432305    16.7576    16.7604    33.0470    33.0484    24.0724    24.0728     7.9799     8.1182    243.512    247.734     2.5910     2.4823     0.1001     1.4781     3.1685     0.1160     0.0000 -122.53312   33.48284      99.66         21  0.000e+00
     286350  11931.208      9.883      9.954    16.7591    16.7618  42.428454  42.431899    16.7575    16.7602    33.0474    33.0482    24.0727    24.0727     7.9800     8.1134    243.516    247.587     2.5910     2.4811     0.1013     1.5086     3.1673     0.1160     0.0000 -122.53312   33.48284      99.66         21  0.000e+00
     286351  11931.250      9.850      9.920    16.7592    16.7619  42.428657  42.431898    16.7576    16.7603    33.0475    33.0482    24.0728    24.0726     7.9800     8.1184    243.515    247.739     2.5910     2.4823     0.1001     1.4781     3.1673     0.1160     0.0000 -122.53312   33.48284      99.66         21  0.000e+00
     286352  11931.292      9.830      9.900    16.7592    16.7616  42.428725  42.432034    16.7576    16.7600    33.0476    33.0485    24.0728    24.0729     7.9799     8.1184    243.514    247.739     2.5910     2.4823     0.1001     1.4781     3.1685     0.1160     0.0000 -122.53312   33.48284      99.63         21  0.000e+00
     286353  11931.333      9.830      9.900    16.7585    16.7617  42.428386  42.432374    16.7569    16.7601    33.0479    33.0487    24.0732    24.0731     7.9800     8.1183    243.517    247.738     2.5910     2.4823     0.1001     1.4781     3.1673     0.1160     0.0000 -122.53312   33.48284      99.66         21  0.000e+00
     286354  11931.375      9.883      9.953    16.7587    16.7616  42.427503  42.432102    16.7571    16.7600    33.0469    33.0485    24.0724    24.0730     7.9801     8.1184    243.519    247.740     2.5910     2.4823     0.1001     1.4781     3.1673     0.1172     0.0000 -122.53312   33.48284      99.66         21  0.000e+00
     286355  11931.417      9.883      9.953    16.7581    16.7615  42.427231  42.431763    16.7565    16.7599    33.0471    33.0483    24.0727    24.0728     7.9802     8.1184    243.521    247.741     2.5910     2.4823     0.1001     1.4781     3.1673     0.1160     0.0000 -122.53312   33.48284      99.66         21  0.000e+00
     286356  11931.458      9.929     10.000    16.7581    16.7614  42.427435  42.431967    16.7565    16.7598    33.0473    33.0485    24.0728    24.0730     7.9802     8.1185    243.523    247.743     2.5910     2.4823     0.1001     1.4781     3.1673     0.1160     0.0000 -122.53312   33.48284      99.66         21  0.000e+00
     286357  11931.500      9.882      9.953    16.7581    16.7617  42.428929  42.432306    16.7565    16.7601    33.0486    33.0486    24.0739    24.0730     7.9801     8.1234    243.519    247.893     2.5910     2.4835     0.1013     1.5086     3.1673     0.1172     0.0000 -122.53312   33.48284      99.63         21  0.000e+00
     286358  11931.542      9.942     10.013    16.7588    16.7614  42.429473  42.432170    16.7572    16.7598    33.0485    33.0487    24.0736    24.0732     7.9800     8.1235    243.518    247.896     2.5910     2.4835     0.1001     1.4781     3.1673     0.1160     0.0000 -122.53312   33.48284      99.66         21  0.000e+00
     286359  11931.583      9.982     10.053    16.7591    16.7613  42.429133  42.431695    16.7575    16.7597    33.0480    33.0484    24.0731    24.0730     7.9801     8.1236    243.519    247.898     2.5910     2.4835     0.0977     1.4170     3.1673     0.1172     0.0000 -122.53312   33.48284      99.63         21  0.000e+00
     286360  11931.625      9.982     10.053    16.7592    16.7614  42.428726  42.432238    16.7576    16.7597    33.0476    33.0488    24.0728    24.0733     7.9801     8.1236    243.519    247.897     2.5910     2.4835     0.0977     1.4170     3.1685     0.1160     0.0000 -122.53312   33.48284      99.66         21  0.000e+00
     286361  11931.667      9.982     10.053    16.7593    16.7613  42.428658  42.432171    16.7577    16.7597    33.0474    33.0488    24.0726    24.0733     7.9801     8.1236    243.518    247.897     2.5910     2.4835     0.0977     1.4170     3.1685     0.1160     0.0000 -122.53312   33.48284      99.66         21  0.000e+00
     286362  11931.708     10.028     10.100    16.7588    16.7615  42.428386  42.431967    16.7572    16.7599    33.0475    33.0484    24.0729    24.0729     7.9802     8.1236    243.522    247.898     2.5910     2.4835     0.0977     1.4170     3.1685     0.1160     0.0000 -122.53312   33.48284      99.66         21  0.000e+00
     286363  11931.750      9.981     10.053    16.7589    16.7614  42.429201  42.432578    16.7573    16.7598    33.0482    33.0490    24.0733    24.0734     7.9801     8.1285    243.519    248.049     2.5910     2.4847     0.0977     1.4170     3.1685     0.1160     0.0000 -122.53312   33.48284      99.66         21  0.000e+00
     286364  11931.792     10.074     10.146    16.7586    16.7615  42.429405  42.432714    16.7570    16.7599    33.0486    33.0491    24.0737    24.0734     7.9802     8.1286    243.523    248.052     2.5910     2.4847     0.0977     1.4170     3.1685     0.1160     0.0000 -122.53312   33.48282      99.66         21  0.000e+00
     286365  11931.833     10.074     10.146    16.7593    16.7616  42.430220  42.432782    16.7577    16.7600    33.0487    33.0490    24.0736    24.0734     7.9801     8.1286    243.519    248.051     2.5910     2.4847     0.0977     1.4170     3.1673     0.1160     0.0000 -122.53312   33.48282      99.66         21  0.000e+00
     286366  11931.875     10.041     10.113    16.7604    16.7619  42.430152  42.432578    16.7587    16.7602    33.0478    33.0487    24.0727    24.0730     7.9799     8.1286    243.515    248.049     2.5910     2.4847     0.0977     1.4170     3.1673     0.1172     0.0000 -122.53312   33.48282      99.66         21  0.000e+00
     286367  11931.917     10.127     10.200    16.7611    16.7618  42.430628  42.432103    16.7595    16.7601    33.0476    33.0483    24.0724    24.0728     7.9846     8.1287    243.655    248.053     2.5922     2.4847     0.0977     1.4170     3.1685     0.1160     0.0000 -122.53312   33.48282      99.66         21  0.000e+00
     286368  11931.958     10.074     10.146    16.7616    16.7620  42.431918  42.432918    16.7599    16.7604    33.0483    33.0489    24.0728    24.0732     7.9798     8.1286    243.509    248.050     2.5910     2.4847     0.0977     1.4170     3.1673     0.1160     0.0000 -122.53312   33.48282      99.66         21  0.000e+00
     286369  11932.000     10.127     10.199    16.7617    16.7620  42.432665  42.432239    16.7601    16.7604    33.0488    33.0482    24.0732    24.0726     7.9844     8.1286    243.650    248.052     2.5922     2.4847     0.0977     1.4170     3.1661     0.1160     0.0000 -122.53312   33.48282      99.66         21  0.000e+00
     286370  11932.042     10.173     10.246    16.7619    16.7616  42.431850  42.432579    16.7603    16.7600    33.0480    33.0488    24.0725    24.0732     7.9845     8.1337    243.652    248.207     2.5922     2.4860     0.0977     1.4170     3.1673     0.1172     0.0000 -122.53312   33.48282      99.66         21  0.000e+00
     286371  11932.083     10.127     10.199    16.7617    16.7620  42.431307  42.432239    16.7601    16.7604    33.0476    33.0482    24.0723    24.0726     7.9798     8.1336    243.511    248.205     2.5910     2.4860     0.0977     1.4170     3.1673     0.1160     0.0000 -122.53312   33.48282      99.66         21  0.000e+00
     286372  11932.125     10.173     10.246    16.7621    16.7618  42.431239  42.432307    16.7605    16.7601    33.0472    33.0485    24.0719    24.0729     7.9798     8.1337    243.511    248.207     2.5910     2.4860     0.0977     1.4170     3.1673     0.1172     0.0000 -122.53312   33.48282      99.66         21  0.000e+00
     286373  11932.167     10.186     10.259    16.7622    16.7617  42.431239  42.432443    16.7606    16.7600    33.0471    33.0486    24.0718    24.0731     7.9798     8.1287    243.511    248.055     2.5910     2.4847     0.0977     1.4170     3.1673     0.1160     0.0000 -122.53312   33.48282      99.66         21  0.000e+00
     286374  11932.208     10.219     10.293    16.7624    16.7614  42.431715  42.432375    16.7607    16.7598    33.0474    33.0488    24.0720    24.0732     7.9798     8.1338    243.511    248.210     2.5910     2.4860     0.0977     1.4170     3.1673     0.1160     0.0000 -122.53312   33.48282      99.66         21  0.000e+00
     286375  11932.250     10.219     10.293    16.7622    16.7617  42.432530  42.432443    16.7606    16.7600    33.0483    33.0486    24.0726    24.0731     7.9798     8.1338    243.511    248.209     2.5910     2.4860     0.0977     1.4170     3.1673     0.1160     0.0000 -122.53312   33.48282      99.66         21  0.000e+00
     286376  11932.292     10.219     10.292    16.7626    16.7616  42.432394  42.432715    16.7610    16.7600    33.0478    33.0489    24.0722    24.0733     7.9798     8.1338    243.509    248.209     2.5910     2.4860     0.0977     1.4170     3.1673     0.1172     0.0000 -122.53312   33.48282      99.63         21  0.000e+00
