West Coast/WCOA-7/CTD_Data/RB2102_CTD_062_01.ros
* Sea-Bird SBE 9 Data File:
* FileName = C:\Users\scs.user.rb\CTD\RB2102\Data\RB2102_CTD_062_01.hex
* Software Version Seasave V 7.26.7.107
* Temperature SN = 6202
* Conductivity SN = 4907
* Number of Bytes Per Scan = 41
* Number of Voltage Words = 4
* Number of Scans Averaged by the Deck Unit = 1
* NMEA Latitude = 41 53.93 N
* NMEA Longitude = 124 47.67 W
* NMEA UTC (Time) = Jul 06 2021  16:20:00
* NMEA baud rate = 4800
# nquan = 30
# nvalues = 1127                                  
# units = specified
# name 0 = scan: Scan Count
# name 1 = timeS: Time, Elapsed [seconds]
# name 2 = depSM: Depth [salt water, m]
# name 3 = prDM: Pressure, Digiquartz [db]
# name 4 = t090C: Temperature [ITS-90, deg C]
# name 5 = t190C: Temperature, 2 [ITS-90, deg C]
# name 6 = c0mS/cm: Conductivity [mS/cm]
# name 7 = c1mS/cm: Conductivity, 2 [mS/cm]
# name 8 = potemp090C: Potential Temperature [ITS-90, deg C]
# name 9 = potemp190C: Potential Temperature, 2 [ITS-90, deg C]
# name 10 = sal00: Salinity, Practical [PSU]
# name 11 = sal11: Salinity, Practical, 2 [PSU]
# name 12 = sigma-é00: Density [sigma-theta, kg/m^3]
# name 13 = sigma-é11: Density, 2 [sigma-theta, kg/m^3]
# name 14 = sbeox0Mg/L: Oxygen, SBE 43 [mg/l]
# name 15 = sbeox1Mg/L: Oxygen, SBE 43, 2 [mg/l]
# name 16 = sbox0Mm/Kg: Oxygen, SBE 43 [umol/kg]
# name 17 = sbox1Mm/Kg: Oxygen, SBE 43, 2 [umol/kg]
# name 18 = sbeox0V: Oxygen raw, SBE 43 [V]
# name 19 = sbeox1V: Oxygen raw, SBE 43, 2 [V]
# name 20 = v4: Voltage 4
# name 21 = flECO-AFL: Fluorescence, WET Labs ECO-AFL/FL [mg/m^3]
# name 22 = v3: Voltage 3
# name 23 = v6: Voltage 6
# name 24 = v7: Voltage 7
# name 25 = longitude: Longitude [deg]
# name 26 = latitude: Latitude [deg]
# name 27 = altM: Altimeter [m]
# name 28 = nbf: Bottles Fired
# name 29 = flag:  0.000e+00
# interval = seconds: 0.0416667
# start_time = Jul 06 2021 16:20:00 [NMEA time, header]
# bad_flag = -9.990e-29
*END*
[from data line 774]
      88537   3689.000     39.835     40.154     8.7732     8.7612  35.441316  35.434617     8.7690     8.7570    33.4113    33.4156    25.9103    25.9155     6.1613     6.3468    187.681    193.329     1.8535     1.7949     0.0452     0.1044     3.1368     0.0000     0.0000 -124.79556   41.89850      69.55         16  0.000e+00
      88538   3689.042     39.789     40.107     8.7738     8.7629  35.441569  35.435059     8.7697     8.7587    33.4110    33.4145    25.9099    25.9144     6.1612     6.3465    187.677    193.322     1.8535     1.7949     0.0452     0.1044     3.1368     0.0012     0.0000 -124.79556   41.89850      68.74         16  0.000e+00
      88539   3689.083     39.789     40.107     8.7746     8.7631  35.441695  35.435185     8.7705     8.7590    33.4104    33.4144    25.9093    25.9142     6.1611     6.3465    187.675    193.320     1.8535     1.7949     0.0452     0.1044     3.1368     0.0000     0.0000 -124.79556   41.89850      69.74         16  0.000e+00
      88540   3689.125     39.789     40.107     8.7743     8.7638  35.441695  35.435627     8.7701     8.7596    33.4107    33.4142    25.9096    25.9140     6.1611     6.3464    187.676    193.318     1.8535     1.7949     0.0452     0.1044     3.1368     0.0000     0.0000 -124.79556   41.89850      70.16         16  0.000e+00
      88541   3689.167     39.789     40.107     8.7735     8.7645  35.441190  35.436259     8.7693     8.7603    33.4109    33.4142    25.9099    25.9139     6.1557     6.3463    187.511    193.314     1.8523     1.7949     0.0452     0.1044     3.1368     0.0000     0.0000 -124.79556   41.89850      72.16         16  0.000e+00
      88542   3689.208     39.696     40.014     8.7738     8.7655  35.441505  35.436637     8.7697     8.7613    33.4109    33.4137    25.9099    25.9134     6.1611     6.3461    187.675    193.308     1.8535     1.7949     0.0452     0.1044     3.1368     0.0012     0.0000 -124.79556   41.89850      91.21         16  0.000e+00
      88543   3689.250     39.789     40.107     8.7754     8.7669  35.441695  35.437900     8.7713     8.7628    33.4096    33.4136    25.9086    25.9131     6.1610     6.3459    187.672    193.304     1.8535     1.7949     0.0452     0.1044     3.1380     0.0000     0.0000 -124.79556   41.89850     100.00         16  0.000e+00
      88544   3689.292     39.736     40.054     8.7761     8.7674  35.441442  35.438090     8.7719     8.7632    33.4088    33.4134    25.9078    25.9128     6.1554     6.3458    187.502    193.300     1.8523     1.7949     0.0452     0.1044     3.1380     0.0000     0.0000 -124.79556   41.89850     100.00         16  0.000e+00
      88545   3689.333     39.736     40.054     8.7761     8.7675  35.441189  35.438469     8.7720     8.7634    33.4084    33.4137    25.9076    25.9130     6.1609     6.3518    187.670    193.482     1.8535     1.7961     0.0452     0.1044     3.1368     0.0000     0.0000 -124.79556   41.89850     100.00         16  0.000e+00
      88546   3689.375     39.736     40.054     8.7748     8.7676  35.440810  35.438658     8.7706     8.7634    33.4093    33.4138    25.9085    25.9131     6.1611     6.3458    187.674    193.299     1.8535     1.7949     0.0452     0.1044     3.1368     0.0000     0.0000 -124.79556   41.89850      99.24         16  0.000e+00
      91707   3821.083     29.753     29.990     9.5644     9.5522  36.125021  36.117159     9.5611     9.5489    33.3842    33.3874    25.7630    25.7675     6.6575     6.8548    202.825    208.835     1.9927     1.9267     0.0647     0.5928     3.1368     0.0012     0.0000 -124.79564   41.89850      99.32         17  0.000e+00
      91708   3821.125     29.806     30.043     9.5648     9.5552  36.124958  36.118877     9.5615     9.5519    33.3837    33.3864    25.7626    25.7663     6.6575     6.8544    202.825    208.824     1.9927     1.9267     0.0635     0.5623     3.1368     0.0012     0.0000 -124.79564   41.89850      99.32         17  0.000e+00
      91709   3821.167     29.753     29.990     9.5651     9.5566  36.125149  36.119513     9.5619     9.5534    33.3836    33.3857    25.7624    25.7655     6.6574     6.8542    202.823    208.816     1.9927     1.9267     0.0635     0.5623     3.1368     0.0012     0.0000 -124.79564   41.89850      99.29         17  0.000e+00
      91710   3821.208     29.753     29.990     9.5650     9.5578  36.125976  36.119258     9.5618     9.5545    33.3846    33.3844    25.7632    25.7643     6.6574     6.8599    202.822    208.992     1.9927     1.9280     0.0647     0.5928     3.1368     0.0012     0.0000 -124.79564   41.89850      99.32         17  0.000e+00
      91711   3821.250     29.759     29.996     9.5662     9.5586  36.126231  36.118749     9.5629     9.5553    33.3838    33.3831    25.7624    25.7631     6.6573     6.8599    202.818    208.990     1.9927     1.9280     0.0647     0.5928     3.1355     0.0012     0.0000 -124.79564   41.89850      99.32         17  0.000e+00
      91712   3821.292     29.753     29.990     9.5662     9.5578  36.126422  36.118685     9.5629     9.5545    33.3840    33.3838    25.7626    25.7638     6.6573     6.8541    202.817    208.813     1.9927     1.9267     0.0635     0.5623     3.1368     0.0012     0.0000 -124.79564   41.89850      99.32         17  0.000e+00
      91713   3821.333     29.706     29.943     9.5662     9.5561  36.126549  36.118685     9.5629     9.5529    33.3841    33.3854    25.7626    25.7653     6.6572     6.8601    202.816    208.997     1.9927     1.9280     0.0647     0.5928     3.1355     0.0012     0.0000 -124.79564   41.89850      99.32         17  0.000e+00
      91714   3821.375     29.759     29.996     9.5660     9.5548  36.126295  36.118304     9.5627     9.5515    33.3840    33.3862    25.7626    25.7661     6.6573     6.8603    202.818    209.004     1.9927     1.9280     0.0635     0.5623     3.1368     0.0012     0.0000 -124.79564   41.89850      99.32         17  0.000e+00
      91715   3821.417     29.753     29.990     9.5665     9.5537  36.126931  36.117604     9.5632     9.5504    33.3842    33.3865    25.7627    25.7666     6.6572     6.8605    202.815    209.009     1.9927     1.9280     0.0659     0.6234     3.1368     0.0012     0.0000 -124.79564   41.89850      99.32         17  0.000e+00
      91716   3821.458     29.706     29.943     9.5665     9.5543  36.127186  36.118558     9.5632     9.5510    33.3844    33.3869    25.7629    25.7668     6.6571     6.8604    202.814    209.004     1.9927     1.9280     0.0647     0.5928     3.1368     0.0012     0.0000 -124.79564   41.89850      99.32         17  0.000e+00
      91717   3821.500     29.706     29.943     9.5669     9.5557  36.127186  36.119449     9.5637     9.5524    33.3841    33.3866    25.7625    25.7663     6.6571     6.8601    202.812    208.997     1.9927     1.9280     0.0659     0.6234     3.1368     0.0012     0.0000 -124.79564   41.89850      99.32         17  0.000e+00
      91718   3821.542     29.706     29.943     9.5679     9.5566  36.127377  36.119831     9.5647     9.5534    33.3833    33.3861    25.7618    25.7658     6.6570     6.8600    202.809    208.993     1.9927     1.9280     0.0659     0.6234     3.1368     0.0012     0.0000 -124.79564   41.89850      99.32         17  0.000e+00
      91719   3821.583     29.706     29.943     9.5678     9.5571  36.127504  36.119576     9.5645     9.5538    33.3836    33.3854    25.7620    25.7651     6.6570     6.8600    202.809    208.992     1.9927     1.9280     0.0659     0.6234     3.1368     0.0012     0.0000 -124.79564   41.89850      99.32         17  0.000e+00
      91720   3821.625     29.706     29.943     9.5676     9.5580  36.127695  36.120530     9.5643     9.5547    33.3839    33.3856    25.7623    25.7652     6.6570     6.8598    202.809    208.988     1.9927     1.9280     0.0659     0.6234     3.1368     0.0012     0.0000 -124.79564   41.89850      99.29         17  0.000e+00
      91721   3821.667     29.706     29.943     9.5667     9.5589  36.127058  36.121612     9.5634     9.5557    33.3842    33.3858    25.7626    25.7651     6.6571     6.8596    202.813    208.982     1.9927     1.9280     0.0659     0.6234     3.1355     0.0012     0.0000 -124.79564   41.89850      99.32         17  0.000e+00
      91722   3821.708     29.706     29.943     9.5665     9.5584  36.127058  36.122312     9.5632     9.5551    33.3844    33.3870    25.7628    25.7662     6.6572     6.8597    202.814    208.983     1.9927     1.9280     0.0659     0.6234     3.1368     0.0012     0.0000 -124.79564   41.89850      99.32         17  0.000e+00
      91723   3821.750     29.706     29.943     9.5655     9.5571  36.126931  36.122630     9.5622     9.5538    33.3852    33.3885    25.7636    25.7676     6.6573     6.8598    202.818    208.987     1.9927     1.9280     0.0659     0.6234     3.1368     0.0012     0.0000 -124.79564   41.89850      99.32         17  0.000e+00
      91724   3821.792     29.660     29.896     9.5654     9.5558  36.126867  36.123012     9.5621     9.5525    33.3852    33.3901    25.7637    25.7691     6.6573     6.8599    202.817    208.990     1.9927     1.9280     0.0659     0.6234     3.1355     0.0012     0.0000 -124.79564   41.89850      99.32         17  0.000e+00
      91725   3821.833     29.706     29.943     9.5639     9.5557  36.126613  36.123139     9.5606     9.5524    33.3863    33.3904    25.7648    25.7693     6.6575     6.8659    202.823    209.171     1.9927     1.9292     0.0659     0.6234     3.1368     0.0012     0.0000 -124.79564   41.89850      99.32         17  0.000e+00
      91726   3821.875     29.660     29.896     9.5621     9.5551  36.126295  36.123330     9.5588     9.5518    33.3877    33.3911    25.7661    25.7700     6.6577     6.8600    202.828    208.992     1.9927     1.9280     0.0659     0.6234     3.1368     0.0012     0.0000 -124.79564   41.89850      99.32         17  0.000e+00
      91727   3821.917     29.706     29.943     9.5608     9.5557  36.126422  36.122949     9.5575     9.5524    33.3890    33.3902    25.7673    25.7691     6.6578     6.8659    202.834    209.171     1.9927     1.9292     0.0659     0.6234     3.1368     0.0012     0.0000 -124.79564   41.89850      99.32         17  0.000e+00
      91728   3821.958     29.660     29.896     9.5609     9.5571  36.126995  36.122694     9.5576     9.5538    33.3895    33.3886    25.7677    25.7677     6.6578     6.8657    202.831    209.165     1.9927     1.9292     0.0659     0.6234     3.1355     0.0012     0.0000 -124.79564   41.89850      99.29         17  0.000e+00
      91729   3822.000     29.660     29.896     9.5621     9.5594  36.127186  36.123012     9.5588     9.5561    33.3886    33.3868    25.7669    25.7659     6.6576     6.8654    202.827    209.157     1.9927     1.9292     0.0659     0.6234     3.1368     0.0012     0.0000 -124.79564   41.89850      99.32         17  0.000e+00
      91730   3822.042     29.660     29.896     9.5641     9.5609  36.127186  36.123330     9.5608     9.5576    33.3867    33.3857    25.7651    25.7648     6.6574     6.8652    202.820    209.151     1.9927     1.9292     0.0659     0.6234     3.1355     0.0012     0.0000 -124.79564   41.89850      99.32         17  0.000e+00
      91731   3822.083     29.706     29.943     9.5665     9.5621  36.127632  36.123457     9.5632     9.5588    33.3849    33.3848    25.7633    25.7638     6.6571     6.8651    202.813    209.148     1.9927     1.9292     0.0659     0.6234     3.1368     0.0012     0.0000 -124.79564   41.89850      99.32         17  0.000e+00
      91732   3822.125     29.660     29.896     9.5678     9.5625  36.127568  36.123584     9.5645     9.5593    33.3837    33.3845    25.7621    25.7635     6.6569     6.8650    202.808    209.144     1.9927     1.9292     0.0647     0.5928     3.1368     0.0012     0.0000 -124.79564   41.89850      99.32         17  0.000e+00
      91733   3822.167     29.660     29.896     9.5690     9.5630  36.127249  36.124029     9.5657     9.5598    33.3823    33.3845    25.7608    25.7635     6.6568     6.8649    202.804    209.142     1.9927     1.9292     0.0659     0.6234     3.1368     0.0012     0.0000 -124.79564   41.89850      99.32         17  0.000e+00
      91734   3822.208     29.660     29.896     9.5694     9.5632  36.127886  36.124602     9.5661     9.5599    33.3825    33.3849    25.7609    25.7638     6.6567     6.8648    202.802    209.141     1.9927     1.9292     0.0647     0.5928     3.1355     0.0012     0.0000 -124.79564   41.89850      99.29         17  0.000e+00
      91735   3822.250     29.607     29.843     9.5674     9.5649  36.127631  36.125492     9.5642     9.5616    33.3841    33.3843    25.7624    25.7630     6.6569     6.8645    202.807    209.132     1.9927     1.9292     0.0659     0.6234     3.1355     0.0012     0.0000 -124.79564   41.89850      99.32         17  0.000e+00
      91736   3822.292     29.706     29.943     9.5650     9.5665  36.127695  36.126192     9.5618     9.5632    33.3863    33.3835    25.7646    25.7621     6.6573     6.8644    202.818    209.128     1.9927     1.9292     0.0659     0.6234     3.1355     0.0012     0.0000 -124.79564   41.89850      99.32         17  0.000e+00
      91737   3822.333     29.607     29.843     9.5633     9.5673  36.127823  36.126446     9.5601     9.5640    33.3881    33.3830    25.7662    25.7616     6.6574     6.8642    202.821    209.122     1.9927     1.9292     0.0659     0.6234     3.1355     0.0012     0.0000 -124.79564   41.89850      99.32         17  0.000e+00
      91738   3822.375     29.660     29.896     9.5639     9.5679  36.127823  36.127083     9.5606     9.5647    33.3876    33.3830    25.7658    25.7615     6.6574     6.8641    202.820    209.120     1.9927     1.9292     0.0647     0.5928     3.1368     0.0012     0.0000 -124.79564   41.89850      99.32         17  0.000e+00
      91739   3822.417     29.660     29.896     9.5641     9.5679  36.128077  36.128037     9.5608     9.5647    33.3877    33.3840    25.7658    25.7623     6.6627     6.8700    202.984    209.297     1.9939     1.9304     0.0659     0.6234     3.1368     0.0012     0.0000 -124.79564   41.89850      99.32         17  0.000e+00
      91740   3822.458     29.607     29.843     9.5637     9.5670  36.128841  36.128037     9.5604     9.5637    33.3888    33.3850    25.7668    25.7632     6.6627     6.8642    202.982    209.120     1.9939     1.9292     0.0659     0.6234     3.1368     0.0012     0.0000 -124.79564   41.89850      99.32         17  0.000e+00
      91741   3822.500     29.660     29.896     9.5645     9.5671  36.128841  36.127401     9.5612     9.5639    33.3881    33.3841    25.7660    25.7625     6.6627     6.8642    202.981    209.122     1.9939     1.9292     0.0672     0.6539     3.1368     0.0012     0.0000 -124.79564   41.89850      99.29         17  0.000e+00
      91742   3822.542     29.607     29.843     9.5662     9.5678  36.128968  36.126319     9.5629     9.5645    33.3866    33.3824    25.7646    25.7611     6.6624     6.8641    202.974    209.120     1.9939     1.9292     0.0672     0.6539     3.1355     0.0012     0.0000 -124.79564   41.89850      99.32         17  0.000e+00
      91743   3822.583     29.660     29.896     9.5683     9.5691  36.129605  36.125810     9.5650     9.5658    33.3853    33.3806    25.7633    25.7595     6.6622     6.8640    202.968    209.117     1.9939     1.9292     0.0672     0.6539     3.1368     0.0012     0.0000 -124.79564   41.89850      99.32         17  0.000e+00
