West Coast/WCOA-7/CTD_Data/RB2102_CTD_111_01.ros
* Sea-Bird SBE 9 Data File:
* FileName = C:\Users\scs.user.rb\CTD\RB2102\Data\RB2102_CTD_111_01.hex
* Software Version Seasave V 7.26.7.107
* Temperature SN = 6202
* Conductivity SN = 4907
* Number of Bytes Per Scan = 41
* Number of Voltage Words = 4
* Number of Scans Averaged by the Deck Unit = 1
* NMEA Latitude = 34 09.12 N
* NMEA Longitude = 121 08.98 W
* NMEA UTC (Time) = Jul 17 2021  20:14:33
* NMEA baud rate = 4800
# nquan = 30
# nvalues = 1076                                  
# units = specified
# name 0 = scan: Scan Count
# name 1 = timeS: Time, Elapsed [seconds]
# name 2 = depSM: Depth [salt water, m]
# name 3 = prDM: Pressure, Digiquartz [db]
# name 4 = t090C: Temperature [ITS-90, deg C]
# name 5 = t190C: Temperature, 2 [ITS-90, deg C]
# name 6 = c0mS/cm: Conductivity [mS/cm]
# name 7 = c1mS/cm: Conductivity, 2 [mS/cm]
# name 8 = potemp090C: Potential Temperature [ITS-90, deg C]
# name 9 = potemp190C: Potential Temperature, 2 [ITS-90, deg C]
# name 10 = sal00: Salinity, Practical [PSU]
# name 11 = sal11: Salinity, Practical, 2 [PSU]
# name 12 = sigma-é00: Density [sigma-theta, kg/m^3]
# name 13 = sigma-é11: Density, 2 [sigma-theta, kg/m^3]
# name 14 = sbeox0Mg/L: Oxygen, SBE 43 [mg/l]
# name 15 = sbeox1Mg/L: Oxygen, SBE 43, 2 [mg/l]
# name 16 = sbox0Mm/Kg: Oxygen, SBE 43 [umol/kg]
# name 17 = sbox1Mm/Kg: Oxygen, SBE 43, 2 [umol/kg]
# name 18 = sbeox0V: Oxygen raw, SBE 43 [V]
# name 19 = sbeox1V: Oxygen raw, SBE 43, 2 [V]
# name 20 = v4: Voltage 4
# name 21 = flECO-AFL: Fluorescence, WET Labs ECO-AFL/FL [mg/m^3]
# name 22 = v3: Voltage 3
# name 23 = v6: Voltage 6
# name 24 = v7: Voltage 7
# name 25 = longitude: Longitude [deg]
# name 26 = latitude: Latitude [deg]
# name 27 = altM: Altimeter [m]
# name 28 = nbf: Bottles Fired
# name 29 = flag:  0.000e+00
# interval = seconds: 0.0416667
# start_time = Jul 17 2021 20:14:33 [NMEA time, header]
# bad_flag = -9.990e-29
*END*
      73855   3077.250   2178.388   2205.622     1.9201     1.9221  31.358610  31.360317     1.7675     1.7695    34.6310    34.6310    27.6941    27.6939     2.7145     2.7889     82.544     84.807     0.8706     0.8632     0.0403    -0.0177     3.1990     0.0391     0.0000 -121.15006   34.15178       9.67          1  0.000e+00
      73856   3077.292   2178.449   2205.684     1.9201     1.9223  31.358610  31.360739     1.7675     1.7696    34.6310    34.6313    27.6941    27.6942     2.7145     2.7890     82.544     84.807     0.8706     0.8632     0.0403    -0.0177     3.1990     0.0391     0.0000 -121.15006   34.15178       9.67          1  0.000e+00
      73857   3077.333   2178.388   2205.622     1.9201     1.9225  31.358248  31.360438     1.7675     1.7698    34.6306    34.6308    27.6938    27.6938     2.7232     2.7889     82.807     84.806     0.8718     0.8632     0.0403    -0.0177     3.1990     0.0391     0.0000 -121.15006   34.15178       9.67          1  0.000e+00
      73858   3077.375   2178.388   2205.622     1.9201     1.9225  31.358309  31.360498     1.7675     1.7698    34.6306    34.6309    27.6938    27.6938     2.7145     2.7889     82.544     84.806     0.8706     0.8632     0.0403    -0.0177     3.2002     0.0379     0.0000 -121.15006   34.15178       9.67          1  0.000e+00
      73859   3077.417   2178.395   2205.629     1.9201     1.9225  31.358309  31.360618     1.7675     1.7698    34.6306    34.6310    27.6938    27.6939     2.7145     2.7889     82.544     84.806     0.8706     0.8632     0.0403    -0.0177     3.1990     0.0391     0.0000 -121.15006   34.15178       9.67          1  0.000e+00
      73860   3077.458   2178.388   2205.622     1.9200     1.9226  31.358128  31.361221     1.7673     1.7699    34.6306    34.6316    27.6938    27.6944     2.7232     2.7889     82.807     84.806     0.8718     0.8632     0.0403    -0.0177     3.2002     0.0391     0.0000 -121.15006   34.15178       9.67          1  0.000e+00
      73861   3077.500   2178.442   2205.678     1.9200     1.9229  31.358309  31.361040     1.7673     1.7702    34.6308    34.6310    27.6940    27.6939     2.7232     2.7889     82.807     84.806     0.8718     0.8632     0.0403    -0.0177     3.2002     0.0391     0.0000 -121.15006   34.15178       9.67          1  0.000e+00
      73862   3077.542   2178.340   2205.573     1.9200     1.9231  31.358188  31.361100     1.7673     1.7704    34.6307    34.6309    27.6939    27.6938     2.7232     2.7794     82.806     84.516     0.8718     0.8620     0.0403    -0.0177     3.1990     0.0391     0.0000 -121.15006   34.15178       9.65          1  0.000e+00
      73863   3077.583   2178.333   2205.566     1.9200     1.9237  31.358248  31.361823     1.7673     1.7710    34.6308    34.6312    27.6939    27.6940     2.7145     2.7888     82.544     84.803     0.8706     0.8632     0.0403    -0.0177     3.1990     0.0391     0.0000 -121.15006   34.15178       9.62          1  0.000e+00
      73864   3077.625   2178.388   2205.622     1.9195     1.9241  31.357766  31.362064     1.7669     1.7714    34.6306    34.6310    27.6939    27.6938     2.7146     2.7888     82.545     84.802     0.8706     0.8632     0.0403    -0.0177     3.1990     0.0379     0.0000 -121.15006   34.15178       9.60          1  0.000e+00
      73865   3077.667   2178.340   2205.573     1.9195     1.9246  31.357766  31.362244     1.7669     1.7719    34.6307    34.6307    27.6939    27.6936     2.7146     2.7887     82.545     84.801     0.8706     0.8632     0.0403    -0.0177     3.1990     0.0379     0.0000 -121.15006   34.15178       9.62          1  0.000e+00
      73866   3077.708   2178.333   2205.566     1.9194     1.9246  31.358188  31.362545     1.7667     1.7719    34.6314    34.6311    27.6945    27.6939     2.7232     2.7887     82.807     84.800     0.8718     0.8632     0.0403    -0.0177     3.1990     0.0391     0.0000 -121.15006   34.15178       9.62          1  0.000e+00
      73867   3077.750   2178.388   2205.622     1.9198     1.9250  31.358128  31.362847     1.7672     1.7722    34.6308    34.6310    27.6939    27.6938     2.7145     2.7887     82.545     84.800     0.8706     0.8632     0.0403    -0.0177     3.1990     0.0391     0.0000 -121.15006   34.15178       9.62          1  0.000e+00
      73868   3077.792   2178.292   2205.525     1.9200     1.9252  31.358308  31.362907     1.7673     1.7725    34.6309    34.6309    27.6940    27.6936     2.7231     2.7792     82.806     84.510     0.8718     0.8620     0.0403    -0.0177     3.2002     0.0391     0.0000 -121.15008   34.15178       9.65          1  0.000e+00
      73869   3077.833   2178.388   2205.622     1.9198     1.9254  31.358309  31.363088     1.7672     1.7727    34.6310    34.6309    27.6941    27.6936     2.7145     2.7887     82.545     84.799     0.8706     0.8632     0.0403    -0.0177     3.1990     0.0391     0.0000 -121.15008   34.15178       9.65          1  0.000e+00
      73870   3077.875   2178.333   2205.566     1.9198     1.9254  31.358128  31.362545     1.7672     1.7727    34.6308    34.6303    27.6940    27.6931     2.7145     2.7792     82.544     84.511     0.8706     0.8620     0.0403    -0.0177     3.1990     0.0391     0.0000 -121.15008   34.15178       9.65          1  0.000e+00
      73871   3077.917   2178.238   2205.469     1.9201     1.9254  31.358308  31.362545     1.7675     1.7727    34.6307    34.6303    27.6939    27.6932     2.7145     2.7886     82.542     84.798     0.8706     0.8632     0.0403    -0.0177     3.2002     0.0391     0.0000 -121.15008   34.15178       9.65          1  0.000e+00
      73872   3077.958   2178.333   2205.567     1.9203     1.9256  31.358308  31.363268     1.7676     1.7729    34.6305    34.6309    27.6937    27.6936     2.7145     2.7886     82.543     84.798     0.8706     0.8632     0.0403    -0.0177     3.2002     0.0391     0.0000 -121.15008   34.15178       9.65          1  0.000e+00
      73873   3078.000   2178.333   2205.567     1.9200     1.9256  31.358128  31.363027     1.7673     1.7728    34.6306    34.6307    27.6938    27.6934     2.7145     2.7886     82.544     84.798     0.8706     0.8632     0.0403    -0.0177     3.2002     0.0391     0.0000 -121.15008   34.15178       9.67          1  0.000e+00
      73874   3078.042   2178.292   2205.525     1.9201     1.9259  31.358308  31.362726     1.7675     1.7731    34.6307    34.6300    27.6939    27.6929     2.7145     2.7886     82.543     84.797     0.8706     0.8632     0.0403    -0.0177     3.2002     0.0391     0.0000 -121.15008   34.15178       9.72          1  0.000e+00
      73875   3078.083   2178.286   2205.518     1.9200     1.9257  31.358308  31.362846     1.7673     1.7730    34.6309    34.6303    27.6940    27.6931     2.7145     2.7886     82.543     84.797     0.8706     0.8632     0.0403    -0.0177     3.2002     0.0391     0.0000 -121.15008   34.15178       9.77          1  0.000e+00
      73876   3078.125   2178.231   2205.462     1.9205     1.9259  31.358609  31.362666     1.7678     1.7731    34.6308    34.6299    27.6939    27.6928     2.7231     2.7886     82.804     84.797     0.8718     0.8632     0.0403    -0.0177     3.2002     0.0391     0.0000 -121.15008   34.15178       9.74          1  0.000e+00
      73877   3078.167   2178.292   2205.525     1.9209     1.9257  31.359152  31.362786     1.7683     1.7730    34.6309    34.6302    27.6940    27.6931     2.7231     2.7886     82.804     84.798     0.8718     0.8632     0.0403    -0.0177     3.2002     0.0391     0.0000 -121.15008   34.15178       9.74          1  0.000e+00
      73878   3078.208   2178.286   2205.518     1.9214     1.9258  31.359333  31.362726     1.7687     1.7730    34.6306    34.6301    27.6937    27.6930     2.7230     2.7886     82.803     84.797     0.8718     0.8632     0.0403    -0.0177     3.1990     0.0391     0.0000 -121.15008   34.15178       9.74          1  0.000e+00
      73879   3078.250   2178.231   2205.462     1.9217     1.9256  31.359393  31.362605     1.7690     1.7728    34.6304    34.6302    27.6935    27.6931     2.7230     2.7886     82.801     84.797     0.8718     0.8632     0.0403    -0.0177     3.2002     0.0391     0.0000 -121.15008   34.15178       9.77          1  0.000e+00
      73880   3078.292   2178.238   2205.469     1.9220     1.9254  31.359092  31.362605     1.7693     1.7727    34.6297    34.6304    27.6929    27.6932     2.7143     2.7886     82.539     84.798     0.8706     0.8632     0.0403    -0.0177     3.1990     0.0391     0.0000 -121.15008   34.15178       9.79          1  0.000e+00
      73881   3078.333   2178.231   2205.462     1.9219     1.9254  31.359875  31.362605     1.7692     1.7727    34.6308    34.6304    27.6938    27.6932     2.7230     2.7886     82.801     84.798     0.8718     0.8632     0.0403    -0.0177     3.2002     0.0391     0.0000 -121.15008   34.15178       9.79          1  0.000e+00
      73882   3078.375   2178.231   2205.462     1.9220     1.9252  31.359815  31.362184     1.7693     1.7725    34.6306    34.6300    27.6936    27.6929     2.7230     2.7886     82.800     84.798     0.8718     0.8632     0.0403    -0.0177     3.2002     0.0391     0.0000 -121.15008   34.15178       9.79          1  0.000e+00
      73883   3078.417   2178.238   2205.469     1.9222     1.9253  31.359574  31.361822     1.7695     1.7726    34.6301    34.6295    27.6932    27.6925     2.7230     2.7887     82.800     84.798     0.8718     0.8632     0.0403    -0.0177     3.1990     0.0379     0.0000 -121.15008   34.15178       9.79          1  0.000e+00
      73884   3078.458   2178.231   2205.462     1.9223     1.9251  31.359996  31.362364     1.7696     1.7724    34.6305    34.6304    27.6935    27.6933     2.7143     2.7887     82.537     84.798     0.8706     0.8632     0.0403    -0.0177     3.2002     0.0379     0.0000 -121.15008   34.15178       9.79          1  0.000e+00
      73885   3078.500   2178.183   2205.414     1.9223     1.9249  31.360237  31.362605     1.7696     1.7722    34.6308    34.6309    27.6938    27.6937     2.7143     2.7886     82.536     84.798     0.8706     0.8632     0.0403    -0.0177     3.2002     0.0379     0.0000 -121.15008   34.15178       9.79          1  0.000e+00
      73886   3078.542   2178.176   2205.407     1.9225     1.9248  31.359754  31.362184     1.7698     1.7721    34.6300    34.6306    27.6932    27.6934     2.7143     2.7887     82.537     84.798     0.8706     0.8632     0.0403    -0.0177     3.1990     0.0391     0.0000 -121.15008   34.15178       9.82          1  0.000e+00
      73887   3078.583   2178.176   2205.407     1.9226     1.9248  31.359996  31.362244     1.7700     1.7721    34.6302    34.6306    27.6933    27.6935     2.7143     2.7887     82.536     84.798     0.8706     0.8632     0.0403    -0.0177     3.1990     0.0391     0.0000 -121.15008   34.15178       9.82          1  0.000e+00
      73888   3078.625   2178.183   2205.414     1.9225     1.9250  31.360237  31.362545     1.7698     1.7723    34.6306    34.6308    27.6936    27.6936     2.7143     2.7886     82.536     84.798     0.8706     0.8632     0.0403    -0.0177     3.1990     0.0379     0.0000 -121.15008   34.15178       9.82          1  0.000e+00
      73889   3078.667   2178.177   2205.407     1.9228     1.9249  31.360418  31.362786     1.7701     1.7722    34.6305    34.6311    27.6935    27.6939     2.7142     2.7886     82.535     84.798     0.8706     0.8632     0.0403    -0.0177     3.1990     0.0379     0.0000 -121.15008   34.15178       9.82          1  0.000e+00
      73890   3078.708   2178.129   2205.358     1.9228     1.9252  31.360478  31.362665     1.7701     1.7725    34.6306    34.6307    27.6936    27.6935     2.7142     2.7886     82.535     84.797     0.8706     0.8632     0.0403    -0.0177     3.2002     0.0379     0.0000 -121.15008   34.15178       9.82          1  0.000e+00
      73891   3078.750   2178.136   2205.365     1.9229     1.9256  31.360659  31.362605     1.7703     1.7728    34.6307    34.6303    27.6936    27.6931     2.7142     2.7886     82.535     84.796     0.8706     0.8632     0.0403    -0.0177     3.2002     0.0379     0.0000 -121.15008   34.15178       9.84          1  0.000e+00
      73892   3078.792   2178.129   2205.358     1.9228     1.9252  31.360357  31.362605     1.7701     1.7725    34.6305    34.6306    27.6935    27.6934     2.7142     2.7886     82.535     84.797     0.8706     0.8632     0.0403    -0.0177     3.1990     0.0391     0.0000 -121.15008   34.15178       9.89          1  0.000e+00
      73893   3078.833   2178.129   2205.358     1.9229     1.9254  31.360417  31.363027     1.7703     1.7727    34.6304    34.6309    27.6934    27.6937     2.7142     2.7886     82.535     84.796     0.8706     0.8632     0.0403    -0.0177     3.1990     0.0391     0.0000 -121.15008   34.15178       9.91          1  0.000e+00
      73894   3078.875   2178.136   2205.365     1.9228     1.9251  31.360659  31.362545     1.7701     1.7724    34.6308    34.6306    27.6938    27.6934     2.7229     2.7886     82.797     84.797     0.8718     0.8632     0.0403    -0.0177     3.1990     0.0379     0.0000 -121.15008   34.15178       9.91          1  0.000e+00
      73895   3078.917   2178.129   2205.358     1.9229     1.9251  31.360176  31.362364     1.7703     1.7724    34.6301    34.6305    27.6932    27.6933     2.7229     2.7886     82.797     84.797     0.8718     0.8632     0.0403    -0.0177     3.2002     0.0391     0.0000 -121.15008   34.15178       9.89          1  0.000e+00
      73896   3078.958   2178.074   2205.303     1.9229     1.9257  31.360116  31.362545     1.7703     1.7730    34.6300    34.6300    27.6931    27.6929     2.7228     2.7886     82.797     84.795     0.8718     0.8632     0.0403    -0.0177     3.2002     0.0379     0.0000 -121.15008   34.15178       9.89          1  0.000e+00
      73897   3079.000   2178.136   2205.365     1.9226     1.9256  31.360176  31.362605     1.7700     1.7728    34.6304    34.6303    27.6934    27.6931     2.7229     2.7886     82.798     84.796     0.8718     0.8632     0.0403    -0.0177     3.2002     0.0391     0.0000 -121.15008   34.15178       9.91          1  0.000e+00
      73898   3079.042   2178.074   2205.303     1.9226     1.9257  31.360478  31.362424     1.7700     1.7730    34.6308    34.6299    27.6938    27.6928     2.7142     2.7886     82.535     84.795     0.8706     0.8632     0.0403    -0.0177     3.2002     0.0391     0.0000 -121.15008   34.15178       9.96          1  0.000e+00
      73899   3079.083   2178.074   2205.303     1.9229     1.9253  31.360478  31.362364     1.7703     1.7726    34.6305    34.6303    27.6935    27.6931     2.7142     2.7886     82.534     84.796     0.8706     0.8632     0.0403    -0.0177     3.2002     0.0391     0.0000 -121.15008   34.15178       9.99          1  0.000e+00
      73900   3079.125   2178.026   2205.254     1.9229     1.9254  31.360477  31.362364     1.7703     1.7727    34.6305    34.6302    27.6935    27.6931     2.7142     2.7886     82.533     84.795     0.8706     0.8632     0.0403    -0.0177     3.2002     0.0379     0.0000 -121.15008   34.15178       9.99          1  0.000e+00
      73901   3079.167   2178.074   2205.303     1.9228     1.9252  31.360779  31.362545     1.7701     1.7725    34.6310    34.6306    27.6939    27.6934     2.7142     2.7886     82.534     84.796     0.8706     0.8632     0.0403    -0.0177     3.2002     0.0379     0.0000 -121.15008   34.15178       9.99          1  0.000e+00
      73902   3079.208   2178.074   2205.303     1.9231     1.9252  31.360357  31.362424     1.7704     1.7725    34.6302    34.6304    27.6932    27.6932     2.7142     2.7886     82.534     84.796     0.8706     0.8632     0.0403    -0.0177     3.1990     0.0391     0.0000 -121.15008   34.15178       9.99          1  0.000e+00
