West Coast/WCOA-7/CTD_Data/RB2102_CTD_119_01.ros
* Sea-Bird SBE 9 Data File:
* FileName = C:\Users\scs.user.rb\CTD\RB2102\Data\RB2102_CTD_119_01.hex
* Software Version Seasave V 7.26.7.107
* Temperature SN = 6202
* Conductivity SN = 4907
* Number of Bytes Per Scan = 41
* Number of Voltage Words = 4
* Number of Scans Averaged by the Deck Unit = 1
* NMEA Latitude = 34 18.82 N
* NMEA Longitude = 120 07.54 W
* NMEA UTC (Time) = Jul 19 2021  02:34:11
* NMEA baud rate = 4800
# nquan = 30
# nvalues = 1176                                  
# units = specified
# name 0 = scan: Scan Count
# name 1 = timeS: Time, Elapsed [seconds]
# name 2 = depSM: Depth [salt water, m]
# name 3 = prDM: Pressure, Digiquartz [db]
# name 4 = t090C: Temperature [ITS-90, deg C]
# name 5 = t190C: Temperature, 2 [ITS-90, deg C]
# name 6 = c0mS/cm: Conductivity [mS/cm]
# name 7 = c1mS/cm: Conductivity, 2 [mS/cm]
# name 8 = potemp090C: Potential Temperature [ITS-90, deg C]
# name 9 = potemp190C: Potential Temperature, 2 [ITS-90, deg C]
# name 10 = sal00: Salinity, Practical [PSU]
# name 11 = sal11: Salinity, Practical, 2 [PSU]
# name 12 = sigma-é00: Density [sigma-theta, kg/m^3]
# name 13 = sigma-é11: Density, 2 [sigma-theta, kg/m^3]
# name 14 = sbeox0Mg/L: Oxygen, SBE 43 [mg/l]
# name 15 = sbeox1Mg/L: Oxygen, SBE 43, 2 [mg/l]
# name 16 = sbox0Mm/Kg: Oxygen, SBE 43 [umol/kg]
# name 17 = sbox1Mm/Kg: Oxygen, SBE 43, 2 [umol/kg]
# name 18 = sbeox0V: Oxygen raw, SBE 43 [V]
# name 19 = sbeox1V: Oxygen raw, SBE 43, 2 [V]
# name 20 = v4: Voltage 4
# name 21 = flECO-AFL: Fluorescence, WET Labs ECO-AFL/FL [mg/m^3]
# name 22 = v3: Voltage 3
# name 23 = v6: Voltage 6
# name 24 = v7: Voltage 7
# name 25 = longitude: Longitude [deg]
# name 26 = latitude: Latitude [deg]
# name 27 = altM: Altimeter [m]
# name 28 = nbf: Bottles Fired
# name 29 = flag:  0.000e+00
# interval = seconds: 0.0416667
# start_time = Jul 19 2021 02:34:11 [NMEA time, header]
# bad_flag = -9.990e-29
*END*
[from data line 484]
      63623   2650.917    297.986    300.354     8.5984     8.5995  36.142499  36.143469     8.5668     8.5679    34.1944    34.1944    26.5552    26.5550     1.2525     1.1801     38.129     35.925     0.7558     0.7363     0.0403    -0.0177     3.1868     0.0330     0.0000 -120.12584   34.31208      99.95         10  0.000e+00
      63624   2650.958    297.986    300.354     8.5986     8.5995  36.142690  36.143596     8.5670     8.5679    34.1944    34.1945    26.5552    26.5551     1.2525     1.1801     38.129     35.925     0.7558     0.7363     0.0403    -0.0177     3.1868     0.0330     0.0000 -120.12584   34.31208      99.95         10  0.000e+00
      63625   2651.000    297.933    300.300     8.5983     8.5994  36.142435  36.143723     8.5667     8.5679    34.1945    34.1947    26.5553    26.5553     1.2525     1.1801     38.129     35.924     0.7558     0.7363     0.0403    -0.0177     3.1856     0.0330     0.0000 -120.12584   34.31208      99.95         10  0.000e+00
      63626   2651.042    297.986    300.354     8.5984     8.5998  36.142117  36.143914     8.5668     8.5682    34.1940    34.1946    26.5549    26.5551     1.2525     1.1801     38.129     35.924     0.7558     0.7363     0.0403    -0.0177     3.1868     0.0330     0.0000 -120.12584   34.31208      99.93         10  0.000e+00
      63627   2651.083    297.986    300.354     8.5983     8.5996  36.141990  36.143723     8.5667     8.5680    34.1940    34.1945    26.5549    26.5551     1.2525     1.1801     38.129     35.925     0.7558     0.7363     0.0403    -0.0177     3.1868     0.0330     0.0000 -120.12584   34.31208      99.95         10  0.000e+00
      63628   2651.125    297.933    300.300     8.5986     8.5996  36.141989  36.143659     8.5670     8.5680    34.1937    34.1944    26.5546    26.5551     1.2582     1.1801     38.302     35.924     0.7570     0.7363     0.0403    -0.0177     3.1868     0.0330     0.0000 -120.12584   34.31208      99.95         10  0.000e+00
      70831   2951.250    199.068    200.601     9.2921     9.2926  36.618080  36.619884     9.2702     9.2706    34.0718    34.0733    26.3480    26.3491     2.7818     2.5979     84.701     79.102     1.1013     1.0305     0.0403    -0.0177     3.1807     0.0330     0.0000 -120.12582   34.31200      99.76         11  0.000e+00
      70832   2951.292    199.121    200.655     9.2919     9.2922  36.618528  36.619884     9.2699     9.2703    34.0725    34.0736    26.3485    26.3493     2.7818     2.5980     84.702     79.103     1.1013     1.0305     0.0403    -0.0177     3.1819     0.0342     0.0000 -120.12582   34.31200      99.76         11  0.000e+00
      70833   2951.333    199.068    200.601     9.2920     9.2920  36.618336  36.619884     9.2701     9.2701    34.0722    34.0738    26.3483    26.3495     2.7818     2.5980     84.701     79.103     1.1013     1.0305     0.0403    -0.0177     3.1795     0.0330     0.0000 -120.12582   34.31200      99.78         11  0.000e+00
      70834   2951.375    199.094    200.628     9.2920     9.2920  36.618400  36.619564     9.2700     9.2701    34.0723    34.0734    26.3484    26.3493     2.7874     2.5980     84.870     79.103     1.1026     1.0305     0.0403    -0.0177     3.1795     0.0330     0.0000 -120.12582   34.31200      99.78         11  0.000e+00
      70835   2951.417    199.068    200.601     9.2919     9.2920  36.618464  36.619244     9.2699     9.2701    34.0724    34.0731    26.3485    26.3490     2.7873     2.5980     84.870     79.103     1.1026     1.0305     0.0403    -0.0177     3.1819     0.0342     0.0000 -120.12582   34.31200      99.76         11  0.000e+00
      70836   2951.458    199.121    200.655     9.2923     9.2922  36.618208  36.619372     9.2703     9.2703    34.0718    34.0730    26.3479    26.3489     2.7818     2.5980     84.702     79.104     1.1013     1.0305     0.0403    -0.0177     3.1807     0.0330     0.0000 -120.12582   34.31200      99.76         11  0.000e+00
      70837   2951.500    199.022    200.554     9.2924     9.2922  36.618400  36.619500     9.2704     9.2703    34.0720    34.0732    26.3481    26.3491     2.7818     2.5919     84.700     78.919     1.1013     1.0293     0.0403    -0.0177     3.1807     0.0330     0.0000 -120.12582   34.31200      99.78         11  0.000e+00
      70838   2951.542    199.068    200.601     9.2922     9.2922  36.618208  36.619500     9.2703     9.2703    34.0719    34.0732    26.3480    26.3490     2.7818     2.5980     84.701     79.103     1.1013     1.0305     0.0403    -0.0177     3.1795     0.0342     0.0000 -120.12582   34.31200      99.78         11  0.000e+00
      70839   2951.583    199.068    200.601     9.2921     9.2924  36.618400  36.620012     9.2702     9.2704    34.0722    34.0736    26.3482    26.3493     2.7818     2.5979     84.701     79.102     1.1013     1.0305     0.0403    -0.0177     3.1819     0.0342     0.0000 -120.12582   34.31200      99.76         11  0.000e+00
      70840   2951.625    199.068    200.601     9.2919     9.2930  36.618720  36.619628     9.2699     9.2711    34.0727    34.0726    26.3487    26.3484     2.7818     2.5979     84.701     79.102     1.1013     1.0305     0.0403    -0.0177     3.1807     0.0342     0.0000 -120.12582   34.31200      99.76         11  0.000e+00
      70841   2951.667    199.068    200.601     9.2919     9.2930  36.618336  36.619244     9.2699     9.2711    34.0723    34.0722    26.3484    26.3481     2.7874     2.5979     84.870     79.102     1.1026     1.0305     0.0403    -0.0177     3.1795     0.0354     0.0000 -120.12582   34.31200      99.78         11  0.000e+00
      70842   2951.708    199.022    200.555     9.2918     9.2926  36.618592  36.618924     9.2699     9.2706    34.0727    34.0723    26.3487    26.3483     2.7873     2.5979     84.869     79.102     1.1026     1.0305     0.0403    -0.0177     3.1795     0.0354     0.0000 -120.12582   34.31200      99.76         11  0.000e+00
      70843   2951.750    199.068    200.602     9.2919     9.2920  36.618336  36.618860     9.2699     9.2701    34.0723    34.0727    26.3484    26.3487     2.7874     2.5920     84.870     78.920     1.1026     1.0293     0.0403    -0.0177     3.1807     0.0366     0.0000 -120.12582   34.31200      99.78         11  0.000e+00
      70844   2951.792    199.002    200.535     9.2925     9.2917  36.618592  36.618860     9.2705     9.2698    34.0721    34.0731    26.3481    26.3490     2.7818     2.5980     84.700     79.103     1.1013     1.0305     0.0403    -0.0177     3.1807     0.0366     0.0000 -120.12582   34.31200      99.76         11  0.000e+00
      70845   2951.833    199.068    200.602     9.2929     9.2916  36.618336  36.618604     9.2709     9.2696    34.0714    34.0729    26.3475    26.3489     2.7818     2.5980     84.700     79.104     1.1013     1.0305     0.0403    -0.0177     3.1807     0.0366     0.0000 -120.12582   34.31200      99.76         11  0.000e+00
      70846   2951.875    199.022    200.555     9.2927     9.2909  36.618592  36.618732     9.2708     9.2690    34.0718    34.0737    26.3479    26.3496     2.7818     2.5920     84.700     78.921     1.1013     1.0293     0.0403    -0.0177     3.1807     0.0366     0.0000 -120.12582   34.31200      99.76         11  0.000e+00
      70847   2951.917    199.022    200.555     9.2928     9.2904  36.618336  36.619052     9.2708     9.2684    34.0715    34.0745    26.3476    26.3504     2.7818     2.5980     84.700     79.105     1.1013     1.0305     0.0403    -0.0177     3.1807     0.0366     0.0000 -120.12582   34.31200      99.78         11  0.000e+00
      70848   2951.958    199.022    200.555     9.2927     9.2904  36.618400  36.619180     9.2708     9.2684    34.0716    34.0746    26.3477    26.3505     2.7818     2.5980     84.700     79.105     1.1013     1.0305     0.0403    -0.0177     3.1807     0.0366     0.0000 -120.12582   34.31200      99.78         11  0.000e+00
      70849   2952.000    199.022    200.555     9.2925     9.2904  36.618464  36.618668     9.2705     9.2684    34.0719    34.0741    26.3480    26.3500     2.7818     2.5980     84.700     79.105     1.1013     1.0305     0.0403    -0.0177     3.1819     0.0379     0.0000 -120.12582   34.31200      99.76         11  0.000e+00
      70850   2952.042    199.022    200.555     9.2920     9.2906  36.618208  36.618988     9.2701     9.2686    34.0721    34.0743    26.3482    26.3501     2.7818     2.5980     84.701     79.105     1.1013     1.0305     0.0403    -0.0177     3.1807     0.0379     0.0000 -120.12582   34.31200      99.78         11  0.000e+00
      70851   2952.083    199.022    200.555     9.2922     9.2906  36.618656  36.619372     9.2703     9.2686    34.0724    34.0747    26.3484    26.3504     2.7818     2.5920     84.700     78.921     1.1013     1.0293     0.0403    -0.0177     3.1807     0.0379     0.0000 -120.12582   34.31200      99.78         11  0.000e+00
      70852   2952.125    199.022    200.555     9.2925     9.2904  36.618272  36.619244     9.2705     9.2684    34.0717    34.0747    26.3479    26.3505     2.7873     2.5920     84.869     78.922     1.1026     1.0293     0.0403    -0.0177     3.1807     0.0379     0.0000 -120.12582   34.31200      99.78         11  0.000e+00
      70853   2952.167    199.022    200.555     9.2927     9.2906  36.618400  36.618668     9.2708     9.2686    34.0716    34.0739    26.3477    26.3499     2.7818     2.5980     84.700     79.105     1.1013     1.0305     0.0403    -0.0177     3.1819     0.0379     0.0000 -120.12582   34.31200      99.76         11  0.000e+00
      70854   2952.208    199.002    200.535     9.2927     9.2907  36.618272  36.618284     9.2708     9.2688    34.0715    34.0734    26.3476    26.3494     2.7818     2.5920     84.700     78.922     1.1013     1.0293     0.0403    -0.0177     3.1807     0.0379     0.0000 -120.12582   34.31200      99.76         11  0.000e+00
      70855   2952.250    199.022    200.555     9.2931     9.2906  36.618400  36.618220     9.2711     9.2686    34.0713    34.0735    26.3474    26.3495     2.7817     2.5920     84.699     78.922     1.1013     1.0293     0.0403    -0.0177     3.1819     0.0379     0.0000 -120.12582   34.31200      99.76         11  0.000e+00
      70856   2952.292    199.022    200.555     9.2931     9.2904  36.618016  36.618220     9.2711     9.2684    34.0709    34.0736    26.3471    26.3497     2.7818     2.5920     84.700     78.922     1.1013     1.0293     0.0403    -0.0177     3.1819     0.0366     0.0000 -120.12582   34.31200      99.76         11  0.000e+00
      70857   2952.333    198.969    200.502     9.2934     9.2903  36.618271  36.617964     9.2715     9.2683    34.0708    34.0735    26.3470    26.3496     2.7817     2.5980     84.698     79.105     1.1013     1.0305     0.0403    -0.0177     3.1819     0.0379     0.0000 -120.12582   34.31200      99.76         11  0.000e+00
      70858   2952.375    199.022    200.555     9.2932     9.2899  36.618464  36.618092     9.2712     9.2680    34.0712    34.0740    26.3474    26.3500     2.7873     2.5920     84.867     78.923     1.1026     1.0293     0.0403    -0.0177     3.1807     0.0379     0.0000 -120.12582   34.31200      99.76         11  0.000e+00
      70859   2952.417    199.022    200.555     9.2932     9.2899  36.618464  36.618220     9.2712     9.2680    34.0712    34.0741    26.3474    26.3501     2.7873     2.5981     84.867     79.106     1.1026     1.0305     0.0403    -0.0177     3.1807     0.0379     0.0000 -120.12582   34.31200      99.76         11  0.000e+00
      70860   2952.458    198.969    200.502     9.2934     9.2898  36.618271  36.617708     9.2715     9.2678    34.0708    34.0738    26.3470    26.3499     2.7817     2.5920     84.698     78.923     1.1013     1.0293     0.0403    -0.0177     3.1795     0.0379     0.0000 -120.12582   34.31200      99.76         11  0.000e+00
      70861   2952.500    198.969    200.502     9.2931     9.2899  36.618143  36.617772     9.2711     9.2680    34.0711    34.0736    26.3472    26.3498     2.7873     2.5981     84.867     79.106     1.1026     1.0305     0.0403    -0.0177     3.1807     0.0379     0.0000 -120.12582   34.31200      99.78         11  0.000e+00
      70862   2952.542    199.022    200.555     9.2929     9.2899  36.618400  36.617645     9.2709     9.2680    34.0715    34.0735    26.3476    26.3496     2.7818     2.5981     84.700     79.107     1.1013     1.0305     0.0403    -0.0177     3.1807     0.0379     0.0000 -120.12582   34.31200      99.76         11  0.000e+00
      70863   2952.583    199.022    200.555     9.2931     9.2898  36.618208  36.617325     9.2711     9.2678    34.0711    34.0733    26.3472    26.3496     2.7818     2.5981     84.699     79.107     1.1013     1.0305     0.0403    -0.0177     3.1807     0.0379     0.0000 -120.12582   34.31200      99.78         11  0.000e+00
      70864   2952.625    199.003    200.535     9.2929     9.2894  36.618144  36.617261     9.2709     9.2675    34.0712    34.0736    26.3474    26.3498     2.7818     2.5921     84.700     78.924     1.1013     1.0293     0.0403    -0.0177     3.1807     0.0391     0.0000 -120.12582   34.31200      99.76         11  0.000e+00
      70865   2952.667    198.969    200.502     9.2928     9.2894  36.618400  36.617261     9.2708     9.2675    34.0716    34.0736    26.3477    26.3498     2.7817     2.5921     84.699     78.924     1.1013     1.0293     0.0403    -0.0177     3.1807     0.0391     0.0000 -120.12582   34.31200      99.78         11  0.000e+00
      70866   2952.708    198.969    200.502     9.2931     9.2890  36.618015  36.617453     9.2711     9.2670    34.0709    34.0743    26.3471    26.3504     2.7817     2.5921     84.699     78.924     1.1013     1.0293     0.0403    -0.0177     3.1795     0.0379     0.0000 -120.12582   34.31200      99.76         11  0.000e+00
      70867   2952.750    199.023    200.556     9.2927     9.2890  36.618272  36.617325     9.2708     9.2670    34.0715    34.0741    26.3476    26.3503     2.7818     2.5981     84.700     79.108     1.1013     1.0305     0.0403    -0.0177     3.1807     0.0379     0.0000 -120.12582   34.31200      99.78         11  0.000e+00
      70868   2952.792    199.023    200.556     9.2928     9.2890  36.618272  36.617453     9.2708     9.2670    34.0714    34.0742    26.3476    26.3504     2.7873     2.5981     84.868     79.108     1.1026     1.0305     0.0403    -0.0177     3.1807     0.0379     0.0000 -120.12582   34.31200      99.76         11  0.000e+00
      70869   2952.833    198.970    200.502     9.2926     9.2890  36.618400  36.617581     9.2706     9.2670    34.0718    34.0744    26.3479    26.3505     2.7818     2.5981     84.699     79.107     1.1013     1.0305     0.0403    -0.0177     3.1807     0.0379     0.0000 -120.12582   34.31200      99.76         11  0.000e+00
      70870   2952.875    198.970    200.502     9.2924     9.2888  36.618272  36.617581     9.2704     9.2668    34.0718    34.0746    26.3480    26.3507     2.7818     2.5981     84.700     79.108     1.1013     1.0305     0.0403    -0.0177     3.1807     0.0379     0.0000 -120.12582   34.31200      99.78         11  0.000e+00
      70871   2952.917    199.023    200.556     9.2928     9.2886  36.618400  36.617325     9.2708     9.2667    34.0716    34.0744    26.3477    26.3506     2.7818     2.5921     84.700     78.925     1.1013     1.0293     0.0403    -0.0177     3.1807     0.0366     0.0000 -120.12582   34.31200      99.76         11  0.000e+00
