West Coast/WCOA-7/CTD_Data/RB2102_CTD_111_01.ros
* Sea-Bird SBE 9 Data File:
* FileName = C:\Users\scs.user.rb\CTD\RB2102\Data\RB2102_CTD_111_01.hex
* Software Version Seasave V 7.26.7.107
* Temperature SN = 6202
* Conductivity SN = 4907
* Number of Bytes Per Scan = 41
* Number of Voltage Words = 4
* Number of Scans Averaged by the Deck Unit = 1
* NMEA Latitude = 34 09.12 N
* NMEA Longitude = 121 08.98 W
* NMEA UTC (Time) = Jul 17 2021  20:14:33
* NMEA baud rate = 4800
# nquan = 30
# nvalues = 1076                                  
# units = specified
# name 0 = scan: Scan Count
# name 1 = timeS: Time, Elapsed [seconds]
# name 2 = depSM: Depth [salt water, m]
# name 3 = prDM: Pressure, Digiquartz [db]
# name 4 = t090C: Temperature [ITS-90, deg C]
# name 5 = t190C: Temperature, 2 [ITS-90, deg C]
# name 6 = c0mS/cm: Conductivity [mS/cm]
# name 7 = c1mS/cm: Conductivity, 2 [mS/cm]
# name 8 = potemp090C: Potential Temperature [ITS-90, deg C]
# name 9 = potemp190C: Potential Temperature, 2 [ITS-90, deg C]
# name 10 = sal00: Salinity, Practical [PSU]
# name 11 = sal11: Salinity, Practical, 2 [PSU]
# name 12 = sigma-é00: Density [sigma-theta, kg/m^3]
# name 13 = sigma-é11: Density, 2 [sigma-theta, kg/m^3]
# name 14 = sbeox0Mg/L: Oxygen, SBE 43 [mg/l]
# name 15 = sbeox1Mg/L: Oxygen, SBE 43, 2 [mg/l]
# name 16 = sbox0Mm/Kg: Oxygen, SBE 43 [umol/kg]
# name 17 = sbox1Mm/Kg: Oxygen, SBE 43, 2 [umol/kg]
# name 18 = sbeox0V: Oxygen raw, SBE 43 [V]
# name 19 = sbeox1V: Oxygen raw, SBE 43, 2 [V]
# name 20 = v4: Voltage 4
# name 21 = flECO-AFL: Fluorescence, WET Labs ECO-AFL/FL [mg/m^3]
# name 22 = v3: Voltage 3
# name 23 = v6: Voltage 6
# name 24 = v7: Voltage 7
# name 25 = longitude: Longitude [deg]
# name 26 = latitude: Latitude [deg]
# name 27 = altM: Altimeter [m]
# name 28 = nbf: Bottles Fired
# name 29 = flag:  0.000e+00
# interval = seconds: 0.0416667
# start_time = Jul 17 2021 20:14:33 [NMEA time, header]
# bad_flag = -9.990e-29
*END*
[from data line 967]
     179058   7460.708     10.095     10.168    15.7424    15.7428  42.013526  42.014801    15.7408    15.7413    33.5324    33.5331    24.6772    24.6777     8.3261     8.4723    253.929    258.388     2.6447     2.5311     0.1160     1.8749     3.1563     0.0488     0.0000 -121.15168   34.15052      99.71         20  0.000e+00
     179059   7460.750     10.095     10.168    15.7424    15.7426  42.013729  42.014801    15.7408    15.7411    33.5326    33.5333    24.6774    24.6779     8.3261     8.4724    253.928    258.389     2.6447     2.5311     0.1172     1.9054     3.1551     0.0488     0.0000 -121.15168   34.15052      99.71         20  0.000e+00
     179060   7460.792     10.148     10.221    15.7422    15.7425  42.013391  42.014396    15.7406    15.7409    33.5324    33.5330    24.6773    24.6777     8.3262     8.4725    253.931    258.392     2.6447     2.5311     0.1160     1.8749     3.1563     0.0501     0.0000 -121.15168   34.15052      99.71         20  0.000e+00
     179061   7460.833     10.095     10.168    15.7422    15.7424  42.013594  42.014531    15.7406    15.7409    33.5326    33.5332    24.6775    24.6779     8.3261     8.4724    253.929    258.390     2.6447     2.5311     0.1160     1.8749     3.1563     0.0501     0.0000 -121.15168   34.15052      99.71         20  0.000e+00
     179062   7460.875     10.161     10.235    15.7420    15.7420  42.013459  42.014464    15.7405    15.7404    33.5326    33.5335    24.6775    24.6782     8.3309     8.4725    254.076    258.394     2.6459     2.5311     0.1172     1.9054     3.1551     0.0488     0.0000 -121.15168   34.15052      99.71         20  0.000e+00
     179063   7460.917     10.095     10.168    15.7422    15.7419  42.013120  42.013990    15.7406    15.7404    33.5322    33.5332    24.6771    24.6779     8.3309     8.4725    254.074    258.393     2.6459     2.5311     0.1172     1.9054     3.1563     0.0488     0.0000 -121.15168   34.15052      99.68         20  0.000e+00
     179064   7460.958     10.148     10.221    15.7420    15.7418  42.013526  42.013923    15.7405    15.7402    33.5326    33.5332    24.6775    24.6780     8.3309     8.4726    254.075    258.395     2.6459     2.5311     0.1160     1.8749     3.1563     0.0501     0.0000 -121.15168   34.15052      99.71         20  0.000e+00
     179065   7461.000     10.148     10.221    15.7418    15.7419  42.013188  42.013923    15.7402    15.7404    33.5325    33.5331    24.6775    24.6779     8.3310     8.4726    254.077    258.395     2.6459     2.5311     0.1160     1.8749     3.1563     0.0501     0.0000 -121.15168   34.15052      99.71         20  0.000e+00
     179066   7461.042     10.148     10.221    15.7420    15.7419  42.013256  42.013923    15.7405    15.7404    33.5324    33.5331    24.6773    24.6779     8.3309     8.4726    254.076    258.395     2.6459     2.5311     0.1172     1.9054     3.1563     0.0501     0.0000 -121.15168   34.15052      99.71         20  0.000e+00
     179067   7461.083     10.148     10.221    15.7419    15.7418  42.013323  42.014261    15.7403    15.7402    33.5326    33.5335    24.6775    24.6782     8.3310     8.4726    254.076    258.395     2.6459     2.5311     0.1160     1.8749     3.1563     0.0501     0.0000 -121.15168   34.15052      99.71         20  0.000e+00
     179068   7461.125     10.108     10.181    15.7422    15.7418  42.013391  42.013990    15.7406    15.7402    33.5324    33.5333    24.6773    24.6781     8.3309     8.4725    254.074    258.394     2.6459     2.5311     0.1160     1.8749     3.1563     0.0501     0.0000 -121.15168   34.15052      99.71         20  0.000e+00
     181066   7544.375      3.736      3.763    15.8221    15.8245  42.087651  42.091054    15.8215    15.8239    33.5332    33.5342    24.6597    24.6600     8.3579     8.4867    254.901    258.829     2.6581     2.5397     0.1026     1.5391     3.1538     0.0537     0.0000 -121.15172   34.15050      99.71         21  0.000e+00
     181067   7544.417      3.683      3.709    15.8223    15.8247  42.087651  42.091663    15.8218    15.8241    33.5330    33.5346    24.6596    24.6603     8.3531     8.4866    254.755    258.826     2.6569     2.5397     0.1026     1.5391     3.1551     0.0537     0.0000 -121.15172   34.15050      99.71         21  0.000e+00
     181068   7544.458      3.636      3.663    15.8218    15.8250  42.087312  42.091595    15.8212    15.8244    33.5332    33.5343    24.6598    24.6600     8.3531     8.4865    254.756    258.823     2.6569     2.5397     0.1013     1.5086     3.1551     0.0537     0.0000 -121.15172   34.15050      99.71         21  0.000e+00
     181069   7544.500      3.736      3.763    15.8217    15.8252  42.086907  42.091393    15.8211    15.8246    33.5329    33.5339    24.6596    24.6596     8.3533     8.4866    254.760    258.826     2.6569     2.5397     0.1013     1.5086     3.1538     0.0537     0.0000 -121.15172   34.15050      99.71         21  0.000e+00
     181070   7544.542      3.683      3.709    15.8215    15.8249  42.086839  42.091189    15.8209    15.8244    33.5330    33.5340    24.6598    24.6597     8.3532     8.4865    254.760    258.825     2.6569     2.5397     0.1001     1.4781     3.1538     0.0537     0.0000 -121.15172   34.15050      99.71         21  0.000e+00
     181071   7544.583      3.683      3.709    15.8212    15.8248  42.087110  42.091054    15.8206    15.8242    33.5335    33.5339    24.6602    24.6597     8.3579     8.4866    254.904    258.826     2.6581     2.5397     0.1001     1.4781     3.1551     0.0537     0.0000 -121.15172   34.15050      99.71         21  0.000e+00
     181072   7544.625      3.736      3.763    15.8213    15.8245  42.086907  42.089769    15.8207    15.8239    33.5332    33.5331    24.6600    24.6591     8.3533     8.4867    254.762    258.831     2.6569     2.5397     0.1013     1.5086     3.1551     0.0537     0.0000 -121.15172   34.15050      99.71         21  0.000e+00
     181073   7544.667      3.683      3.709    15.8215    15.8241  42.087651  42.089227    15.8209    15.8236    33.5337    33.5329    24.6603    24.6591     8.3532     8.4867    254.758    258.832     2.6569     2.5397     0.1001     1.4781     3.1538     0.0537     0.0000 -121.15172   34.15050      99.71         21  0.000e+00
     181074   7544.708      3.683      3.709    15.8213    15.8231  42.087110  42.088483    15.8208    15.8225    33.5334    33.5331    24.6601    24.6595     8.3532     8.4869    254.760    258.837     2.6569     2.5397     0.1001     1.4781     3.1538     0.0537     0.0000 -121.15172   34.15050      99.71         21  0.000e+00
     181075   7544.750      3.683      3.709    15.8213    15.8224  42.087110  42.088280    15.8207    15.8219    33.5334    33.5335    24.6601    24.6599     8.3532     8.4870    254.760    258.840     2.6569     2.5397     0.1001     1.4781     3.1538     0.0537     0.0000 -121.15172   34.15050      99.71         21  0.000e+00
     181076   7544.792      3.736      3.763    15.8213    15.8215  42.087448  42.088145    15.8208    15.8209    33.5337    33.5341    24.6603    24.6606     8.3533     8.4872    254.761    258.845     2.6569     2.5397     0.1001     1.4781     3.1538     0.0537     0.0000 -121.15172   34.15048      99.71         21  0.000e+00
     181077   7544.833      3.683      3.709    15.8216    15.8211  42.087313  42.088213    15.8211    15.8205    33.5333    33.5346    24.6600    24.6611     8.3532     8.4872    254.758    258.845     2.6569     2.5397     0.1001     1.4781     3.1538     0.0537     0.0000 -121.15172   34.15048      99.71         21  0.000e+00
     181078   7544.875      3.636      3.663    15.8218    15.8209  42.086906  42.087333    15.8213    15.8203    33.5328    33.5340    24.6595    24.6606     8.3484     8.4872    254.613    258.846     2.6557     2.5397     0.1001     1.4781     3.1551     0.0549     0.0000 -121.15172   34.15048      99.71         21  0.000e+00
     181079   7544.917      3.683      3.709    15.8218    15.8204  42.087110  42.087401    15.8212    15.8198    33.5330    33.5344    24.6597    24.6611     8.3532     8.4873    254.758    258.849     2.6569     2.5397     0.1001     1.4781     3.1551     0.0549     0.0000 -121.15172   34.15048      99.71         21  0.000e+00
     181080   7544.958      3.683      3.709    15.8227    15.8207  42.087245  42.087401    15.8221    15.8202    33.5324    33.5342    24.6590    24.6608     8.3484     8.4873    254.611    258.848     2.6557     2.5397     0.1001     1.4781     3.1538     0.0549     0.0000 -121.15172   34.15048      99.71         21  0.000e+00
     181081   7545.000      3.683      3.709    15.8232    15.8206  42.086906  42.087469    15.8226    15.8200    33.5316    33.5344    24.6583    24.6610     8.3483     8.4873    254.610    258.848     2.6557     2.5397     0.1013     1.5086     3.1551     0.0549     0.0000 -121.15172   34.15048      99.71         21  0.000e+00
     181082   7545.042      3.683      3.709    15.8231    15.8210  42.086297  42.087807    15.8226    15.8204    33.5311    33.5343    24.6579    24.6609     8.3483     8.4872    254.611    258.846     2.6557     2.5397     0.1001     1.4781     3.1551     0.0549     0.0000 -121.15172   34.15048      99.71         21  0.000e+00
     181083   7545.083      3.636      3.663    15.8225    15.8212  42.086162  42.088348    15.8219    15.8207    33.5316    33.5346    24.6584    24.6610     8.3484     8.4871    254.612    258.843     2.6557     2.5397     0.1001     1.4781     3.1538     0.0549     0.0000 -121.15172   34.15048      99.71         21  0.000e+00
     181084   7545.125      3.636      3.663    15.8218    15.8219  42.085823  42.088551    15.8212    15.8214    33.5319    33.5342    24.6588    24.6606     8.3485     8.4870    254.615    258.840     2.6557     2.5397     0.1001     1.4781     3.1538     0.0549     0.0000 -121.15172   34.15048      99.71         21  0.000e+00
     181085   7545.167      3.683      3.709    15.8213    15.8219  42.085147  42.088483    15.8208    15.8214    33.5316    33.5341    24.6587    24.6605     8.3486     8.4922    254.619    258.997     2.6557     2.5409     0.1013     1.5086     3.1538     0.0549     0.0000 -121.15172   34.15048      99.71         21  0.000e+00
     181086   7545.208      3.636      3.663    15.8206    15.8219  42.084470  42.088280    15.8201    15.8214    33.5317    33.5339    24.6589    24.6604     8.3440     8.4870    254.478    258.840     2.6545     2.5397     0.1001     1.4781     3.1538     0.0549     0.0000 -121.15172   34.15048      99.71         21  0.000e+00
     181087   7545.250      3.636      3.663    15.8198    15.8219  42.083996  42.087604    15.8193    15.8214    33.5319    33.5333    24.6593    24.6599     8.3441     8.4871    254.482    258.841     2.6545     2.5397     0.1001     1.4781     3.1538     0.0549     0.0000 -121.15172   34.15048      99.71         21  0.000e+00
     181088   7545.292      3.636      3.663    15.8192    15.8221  42.083658  42.088010    15.8187    15.8215    33.5321    33.5336    24.6596    24.6601     8.3442     8.4870    254.484    258.840     2.6545     2.5397     0.1001     1.4781     3.1538     0.0549     0.0000 -121.15172   34.15048      99.71         21  0.000e+00
     181089   7545.333      3.583      3.609    15.8187    15.8216  42.083319  42.088010    15.8181    15.8210    33.5323    33.5340    24.6599    24.6605     8.3395     8.4921    254.342    258.995     2.6532     2.5409     0.1001     1.4781     3.1551     0.0549     0.0000 -121.15172   34.15048      99.71         21  0.000e+00
     181090   7545.375      3.636      3.663    15.8178    15.8212  42.082642  42.087266    15.8172    15.8207    33.5324    33.5336    24.6602    24.6603     8.3397     8.4923    254.348    259.000     2.6532     2.5409     0.1001     1.4781     3.1551     0.0549     0.0000 -121.15172   34.15048      99.71         21  0.000e+00
     181091   7545.417      3.636      3.663    15.8172    15.8207  42.081898  42.086589    15.8166    15.8202    33.5323    33.5334    24.6602    24.6603     8.3398     8.4924    254.351    259.003     2.6532     2.5409     0.1001     1.4781     3.1551     0.0549     0.0000 -121.15172   34.15048      99.71         21  0.000e+00
     181092   7545.458      3.583      3.609    15.8164    15.8202  42.081221  42.086589    15.8159    15.8197    33.5323    33.5339    24.6604    24.6607     8.3399     8.4873    254.353    258.848     2.6532     2.5397     0.1001     1.4781     3.1551     0.0549     0.0000 -121.15172   34.15048      99.71         21  0.000e+00
     181093   7545.500      3.583      3.609    15.8158    15.8196  42.081560  42.086251    15.8153    15.8191    33.5331    33.5341    24.6611    24.6610     8.3400     8.4925    254.355    259.006     2.6532     2.5409     0.1013     1.5086     3.1526     0.0549     0.0000 -121.15172   34.15048      99.71         21  0.000e+00
     181094   7545.542      3.583      3.609    15.8154    15.8195  42.080950  42.085980    15.8149    15.8190    33.5330    33.5339    24.6611    24.6609     8.3400     8.4874    254.357    258.851     2.6532     2.5397     0.1001     1.4781     3.1551     0.0549     0.0000 -121.15172   34.15048      99.71         21  0.000e+00
     181095   7545.583      3.603      3.629    15.8150    15.8197  42.081221  42.086048    15.8144    15.8192    33.5335    33.5338    24.6616    24.6608     8.3401     8.4925    254.359    259.006     2.6532     2.5409     0.1013     1.5086     3.1551     0.0537     0.0000 -121.15172   34.15048      99.71         21  0.000e+00
     181096   7545.625      3.583      3.609    15.8151    15.8202  42.080815  42.086318    15.8145    15.8197    33.5331    33.5337    24.6613    24.6605     8.3401     8.4873    254.358    258.848     2.6532     2.5397     0.1013     1.5086     3.1551     0.0537     0.0000 -121.15172   34.15048      99.71         21  0.000e+00
     181097   7545.667      3.537      3.563    15.8147    15.8211  42.081492  42.086589    15.8141    15.8205    33.5341    33.5332    24.6621    24.6600     8.3401     8.4871    254.357    258.843     2.6532     2.5397     0.1013     1.5086     3.1538     0.0537     0.0000 -121.15172   34.15048      99.71         21  0.000e+00
     181098   7545.708      3.583      3.609    15.8144    15.8211  42.080951  42.086792    15.8139    15.8205    33.5338    33.5334    24.6620    24.6601     8.3402     8.4871    254.361    258.844     2.6532     2.5397     0.1026     1.5391     3.1526     0.0549     0.0000 -121.15172   34.15048      99.71         21  0.000e+00
     181099   7545.750      3.583      3.609    15.8138    15.8212  42.080951  42.086995    15.8132    15.8206    33.5343    33.5335    24.6625    24.6602     8.3402     8.4871    254.363    258.843     2.6532     2.5397     0.1026     1.5391     3.1538     0.0537     0.0000 -121.15172   34.15048      99.71         21  0.000e+00
     181100   7545.792      3.537      3.563    15.8138    15.8214  42.080477  42.086859    15.8132    15.8209    33.5340    33.5331    24.6622    24.6599     8.3402     8.4870    254.362    258.841     2.6532     2.5397     0.1013     1.5086     3.1551     0.0537     0.0000 -121.15172   34.15050      99.71         21  0.000e+00
     181101   7545.833      3.537      3.563    15.8135    15.8216  42.080071  42.086995    15.8129    15.8210    33.5339    33.5331    24.6622    24.6598     8.3403     8.4870    254.364    258.840     2.6532     2.5397     0.1013     1.5086     3.1551     0.0537     0.0000 -121.15172   34.15050      99.71         21  0.000e+00
     181102   7545.875      3.583      3.609    15.8136    15.8216  42.079394  42.086859    15.8130    15.8210    33.5331    33.5330    24.6616    24.6597     8.3403     8.4871    254.366    258.842     2.6532     2.5397     0.1013     1.5086     3.1538     0.0537     0.0000 -121.15172   34.15050      99.71         21  0.000e+00
