West Coast/WCOA-7/CTD_Data/RB2102_CTD_041_01.ros
* Sea-Bird SBE 9 Data File:
* FileName = C:\Users\scs.user.rb\CTD\RB2102\Data\RB2102_CTD_041_01.hex
* Software Version Seasave V 7.26.7.107
* Temperature SN = 6202
* Conductivity SN = 4907
* Number of Bytes Per Scan = 41
* Number of Voltage Words = 4
* Number of Scans Averaged by the Deck Unit = 1
* NMEA Latitude = 47 06.93 N
* NMEA Longitude = 124 38.69 W
* NMEA UTC (Time) = Jul 02 2021  17:12:06
* NMEA baud rate = 4800
# nquan = 30
# nvalues = 686                                   
# units = specified
# name 0 = scan: Scan Count
# name 1 = timeS: Time, Elapsed [seconds]
# name 2 = depSM: Depth [salt water, m]
# name 3 = prDM: Pressure, Digiquartz [db]
# name 4 = t090C: Temperature [ITS-90, deg C]
# name 5 = t190C: Temperature, 2 [ITS-90, deg C]
# name 6 = c0mS/cm: Conductivity [mS/cm]
# name 7 = c1mS/cm: Conductivity, 2 [mS/cm]
# name 8 = potemp090C: Potential Temperature [ITS-90, deg C]
# name 9 = potemp190C: Potential Temperature, 2 [ITS-90, deg C]
# name 10 = sal00: Salinity, Practical [PSU]
# name 11 = sal11: Salinity, Practical, 2 [PSU]
# name 12 = sigma-é00: Density [sigma-theta, kg/m^3]
# name 13 = sigma-é11: Density, 2 [sigma-theta, kg/m^3]
# name 14 = sbeox0Mg/L: Oxygen, SBE 43 [mg/l]
# name 15 = sbeox1Mg/L: Oxygen, SBE 43, 2 [mg/l]
# name 16 = sbox0Mm/Kg: Oxygen, SBE 43 [umol/kg]
# name 17 = sbox1Mm/Kg: Oxygen, SBE 43, 2 [umol/kg]
# name 18 = sbeox0V: Oxygen raw, SBE 43 [V]
# name 19 = sbeox1V: Oxygen raw, SBE 43, 2 [V]
# name 20 = v4: Voltage 4
# name 21 = flECO-AFL: Fluorescence, WET Labs ECO-AFL/FL [mg/m^3]
# name 22 = v3: Voltage 3
# name 23 = v6: Voltage 6
# name 24 = v7: Voltage 7
# name 25 = longitude: Longitude [deg]
# name 26 = latitude: Latitude [deg]
# name 27 = altM: Altimeter [m]
# name 28 = nbf: Bottles Fired
# name 29 = flag:  0.000e+00
# interval = seconds: 0.0416667
# start_time = Jul 02 2021 17:12:06 [NMEA time, header]
# bad_flag = -9.990e-29
*END*
[from data line 49]
      18151    756.250     83.211     83.925     7.1395     7.1413  34.468774  34.470965     7.1317     7.1336    33.9228    33.9234    26.5521    26.5523     1.3673     1.4555     41.622     44.310     0.7778     0.7875     0.0501     0.2265     3.2918     1.7900     0.0000 -124.64462   47.11600       9.74          2  0.000e+00
      18152    756.292     83.118     83.832     7.1398     7.1414  34.468148  34.471089     7.1320     7.1336    33.9219    33.9235    26.5513    26.5524     1.3615     1.4555     41.447     44.309     0.7766     0.7875     0.0501     0.2265     3.2918     1.7900     0.0000 -124.64462   47.11600       9.74          2  0.000e+00
      18153    756.333     83.118     83.832     7.1396     7.1418  34.468711  34.471277     7.1319     7.1341    33.9226    33.9232    26.5519    26.5521     1.3672     1.4618     41.622     44.499     0.7778     0.7888     0.0501     0.2265     3.2918     1.7900     0.0000 -124.64462   47.11600       9.74          2  0.000e+00
      18154    756.375     83.118     83.832     7.1396     7.1419  34.468711  34.471589     7.1319     7.1342    33.9226    33.9235    26.5519    26.5523     1.3672     1.4618     41.622     44.499     0.7778     0.7888     0.0501     0.2265     3.2918     1.7900     0.0000 -124.64462   47.11600       9.74          2  0.000e+00
      18155    756.417     83.118     83.832     7.1399     7.1427  34.468648  34.471901     7.1322     7.1349    33.9222    33.9231    26.5516    26.5519     1.3672     1.4555     41.622     44.308     0.7778     0.7875     0.0501     0.2265     3.2918     1.7900     0.0000 -124.64462   47.11600       9.77          2  0.000e+00
      18156    756.458     83.019     83.731     7.1398     7.1428  34.469086  34.472651     7.1320     7.1351    33.9229    33.9238    26.5522    26.5524     1.3672     1.4617     41.621     44.497     0.7778     0.7888     0.0501     0.2265     3.2918     1.7900     0.0000 -124.64462   47.11600       9.84          2  0.000e+00
      18157    756.500     83.118     83.832     7.1402     7.1429  34.468773  34.472463     7.1325     7.1352    33.9221    33.9235    26.5514    26.5521     1.3672     1.4555     41.621     44.307     0.7778     0.7875     0.0501     0.2265     3.2918     1.7900     0.0000 -124.64462   47.11600       9.87          2  0.000e+00
      18158    756.542     83.019     83.731     7.1401     7.1432  34.469086  34.471838     7.1324     7.1354    33.9226    33.9226    26.5518    26.5514     1.3672     1.4554     41.621     44.307     0.7778     0.7875     0.0501     0.2265     3.2918     1.7900     0.0000 -124.64462   47.11600       9.84          2  0.000e+00
      18159    756.583     83.019     83.731     7.1404     7.1431  34.469273  34.471901     7.1327     7.1354    33.9225    33.9227    26.5517    26.5515     1.3672     1.4617     41.620     44.497     0.7778     0.7888     0.0501     0.2265     3.2918     1.7900     0.0000 -124.64462   47.11600       9.84          2  0.000e+00
      18160    756.625     83.019     83.731     7.1406     7.1434  34.469461  34.472213     7.1328     7.1357    33.9225    33.9227    26.5517    26.5515     1.3672     1.4617     41.620     44.497     0.7778     0.7888     0.0501     0.2265     3.2918     1.7900     0.0000 -124.64462   47.11600       9.84          2  0.000e+00
      18161    756.667     83.019     83.731     7.1404     7.1434  34.469336  34.472526     7.1327     7.1357    33.9226    33.9231    26.5518    26.5518     1.3672     1.4554     41.620     44.306     0.7778     0.7875     0.0501     0.2265     3.2918     1.7900     0.0000 -124.64462   47.11600       9.87          2  0.000e+00
      18162    756.708     82.966     83.678     7.1406     7.1432  34.469273  34.472151     7.1328     7.1355    33.9224    33.9229    26.5516    26.5516     1.3672     1.4617     41.620     44.497     0.7778     0.7888     0.0501     0.2265     3.2918     1.7900     0.0000 -124.64462   47.11600       9.91          2  0.000e+00
      18163    756.750     82.919     83.631     7.1405     7.1436  34.469460  34.472650     7.1328     7.1359    33.9227    33.9231    26.5519    26.5517     1.3672     1.4554     41.620     44.305     0.7778     0.7875     0.0501     0.2265     3.2918     1.7900     0.0000 -124.64462   47.11600       9.94          2  0.000e+00
      18164    756.792     82.919     83.631     7.1407     7.1436  34.469773  34.472463     7.1330     7.1359    33.9228    33.9229    26.5519    26.5516     1.3672     1.4554     41.619     44.305     0.7778     0.7875     0.0501     0.2265     3.2918     1.7900     0.0000 -124.64462   47.11600       9.94          2  0.000e+00
      18165    756.833     82.966     83.678     7.1412     7.1437  34.470023  34.472713     7.1335     7.1360    33.9225    33.9230    26.5516    26.5517     1.3672     1.4554     41.619     44.306     0.7778     0.7875     0.0501     0.2265     3.2918     1.7900     0.0000 -124.64462   47.11600       9.94          2  0.000e+00
      18166    756.875     82.873     83.584     7.1417     7.1436  34.470148  34.472900     7.1340     7.1359    33.9222    33.9234    26.5513    26.5520     1.3671     1.4554     41.618     44.305     0.7778     0.7875     0.0501     0.2265     3.2918     1.7900     0.0000 -124.64462   47.11600       9.94          2  0.000e+00
      18167    756.917     82.919     83.631     7.1419     7.1438  34.470335  34.472900     7.1341     7.1361    33.9223    33.9232    26.5513    26.5518     1.3671     1.4554     41.618     44.305     0.7778     0.7875     0.0501     0.2265     3.2918     1.7900     0.0000 -124.64462   47.11600       9.96          2  0.000e+00
      18168    756.958     82.780     83.491     7.1422     7.1441  34.470647  34.472900     7.1345     7.1364    33.9224    33.9230    26.5514    26.5516     1.3671     1.4554     41.617     44.304     0.7778     0.7875     0.0501     0.2265     3.2918     1.7900     0.0000 -124.64462   47.11600      10.04          2  0.000e+00
      18169    757.000     82.873     83.584     7.1425     7.1443  34.470773  34.472900     7.1348     7.1365    33.9222    33.9227    26.5512    26.5514     1.3671     1.4616     41.618     44.495     0.7778     0.7888     0.0501     0.2265     3.2918     1.7900     0.0000 -124.64462   47.11600      10.06          2  0.000e+00
      18170    757.042     82.820     83.531     7.1427     7.1446  34.471210  34.473337     7.1350     7.1369    33.9225    33.9229    26.5514    26.5515     1.3671     1.4616     41.617     44.494     0.7778     0.7888     0.0501     0.2265     3.2918     1.7900     0.0000 -124.64462   47.11600      10.06          2  0.000e+00
      18171    757.083     82.820     83.531     7.1430     7.1447  34.471585  34.473524     7.1353     7.1370    33.9226    33.9230    26.5514    26.5515     1.3671     1.4553     41.617     44.304     0.7778     0.7875     0.0501     0.2265     3.2930     1.7900     0.0000 -124.64462   47.11600      10.04          2  0.000e+00
      18172    757.125     82.773     83.484     7.1430     7.1449  34.470960  34.473274     7.1353     7.1372    33.9219    33.9226    26.5509    26.5512     1.3671     1.4553     41.617     44.303     0.7778     0.7875     0.0501     0.2265     3.2930     1.7900     0.0000 -124.64462   47.11600      10.06          2  0.000e+00
      18173    757.167     82.773     83.484     7.1430     7.1449  34.471085  34.473649     7.1353     7.1372    33.9220    33.9230    26.5510    26.5515     1.3671     1.4553     41.617     44.303     0.7778     0.7875     0.0501     0.2265     3.2918     1.7900     0.0000 -124.64462   47.11600      10.09          2  0.000e+00
      18174    757.208     82.721     83.431     7.1428     7.1452  34.470835  34.473586     7.1351     7.1375    33.9220    33.9227    26.5510    26.5512     1.3671     1.4616     41.617     44.493     0.7778     0.7888     0.0501     0.2265     3.2918     1.7900     0.0000 -124.64462   47.11600      10.16          2  0.000e+00
      18175    757.250     82.721     83.431     7.1427     7.1452  34.470960  34.473961     7.1350     7.1375    33.9223    33.9230    26.5512    26.5515     1.3671     1.4616     41.617     44.493     0.7778     0.7888     0.0501     0.2265     3.2918     1.7900     0.0000 -124.64462   47.11600      10.16          2  0.000e+00
      18176    757.292     82.721     83.431     7.1420     7.1452  34.470585  34.473649     7.1343     7.1375    33.9225    33.9227    26.5515    26.5512     1.3671     1.4616     41.617     44.493     0.7778     0.7888     0.0488     0.1960     3.2918     1.7900     0.0000 -124.64462   47.11600      10.16          2  0.000e+00
      18177    757.333     82.721     83.431     7.1422     7.1454  34.470647  34.473711     7.1345     7.1377    33.9224    33.9226    26.5514    26.5511     1.3671     1.4553     41.617     44.302     0.7778     0.7875     0.0488     0.1960     3.2918     1.7900     0.0000 -124.64462   47.11600      10.16          2  0.000e+00
      18178    757.375     82.674     83.384     7.1417     7.1452  34.470272  34.473586     7.1340     7.1375    33.9225    33.9226    26.5515    26.5512     1.3671     1.4553     41.617     44.302     0.7778     0.7875     0.0488     0.1960     3.2918     1.7900     0.0000 -124.64462   47.11600      10.16          2  0.000e+00
      18179    757.417     82.674     83.384     7.1417     7.1454  34.470147  34.473711     7.1340     7.1377    33.9223    33.9226    26.5514    26.5511     1.3671     1.4616     41.617     44.493     0.7778     0.7888     0.0488     0.1960     3.2918     1.7900     0.0000 -124.64462   47.11600      10.18          2  0.000e+00
      18180    757.458     82.628     83.337     7.1415     7.1454  34.470584  34.473836     7.1338     7.1377    33.9230    33.9228    26.5520    26.5513     1.3671     1.4615     41.617     44.493     0.7778     0.7888     0.0488     0.1960     3.2918     1.7900     0.0000 -124.64462   47.11600      10.26          2  0.000e+00
      18181    757.500     82.674     83.384     7.1417     7.1456  34.470522  34.474273     7.1340     7.1379    33.9228    33.9231    26.5517    26.5514     1.3671     1.4615     41.617     44.492     0.7778     0.7888     0.0488     0.1960     3.2918     1.7900     0.0000 -124.64462   47.11600      10.28          2  0.000e+00
      18182    757.542     82.575     83.284     7.1414     7.1456  34.470209  34.474211     7.1337     7.1379    33.9228    33.9230    26.5518    26.5514     1.3671     1.4553     41.617     44.301     0.7778     0.7875     0.0488     0.1960     3.2918     1.7900     0.0000 -124.64462   47.11600      10.28          2  0.000e+00
      18183    757.583     82.628     83.337     7.1415     7.1455  34.470147  34.474148     7.1338     7.1378    33.9226    33.9230    26.5516    26.5514     1.3671     1.4553     41.617     44.302     0.7778     0.7875     0.0488     0.1960     3.2918     1.7900     0.0000 -124.64462   47.11600      10.28          2  0.000e+00
      18184    757.625     82.575     83.284     7.1419     7.1457  34.470334  34.473898     7.1342     7.1380    33.9225    33.9226    26.5515    26.5510     1.3671     1.4553     41.617     44.301     0.7778     0.7875     0.0488     0.1960     3.2918     1.7900     0.0000 -124.64462   47.11600      10.28          2  0.000e+00
      18185    757.667     82.575     83.284     7.1417     7.1459  34.470209  34.474023     7.1340     7.1382    33.9225    33.9226    26.5515    26.5510     1.3671     1.4553     41.617     44.301     0.7778     0.7875     0.0488     0.1960     3.2918     1.7900     0.0000 -124.64462   47.11600      10.31          2  0.000e+00
      18186    757.708     82.575     83.284     7.1417     7.1457  34.470147  34.474148     7.1340     7.1380    33.9224    33.9229    26.5514    26.5513     1.3671     1.4615     41.617     44.492     0.7778     0.7888     0.0488     0.1960     3.2918     1.7900     0.0000 -124.64462   47.11600      10.35          2  0.000e+00
      18187    757.750     82.528     83.237     7.1417     7.1459  34.470146  34.474335     7.1340     7.1382    33.9224    33.9229    26.5515    26.5513     1.3671     1.4615     41.616     44.491     0.7778     0.7888     0.0488     0.1960     3.2918     1.7900     0.0000 -124.64462   47.11600      10.35          2  0.000e+00
      18188    757.792     82.528     83.237     7.1416     7.1457  34.470146  34.474460     7.1339     7.1380    33.9226    33.9232    26.5516    26.5515     1.3671     1.4552     41.617     44.301     0.7778     0.7875     0.0488     0.1960     3.2918     1.7900     0.0000 -124.64462   47.11600      10.38          2  0.000e+00
      18189    757.833     82.475     83.183     7.1417     7.1457  34.470146  34.473960     7.1340     7.1380    33.9224    33.9227    26.5515    26.5511     1.3671     1.4552     41.616     44.301     0.7778     0.7875     0.0488     0.1960     3.2918     1.7900     0.0000 -124.64462   47.11600      10.38          2  0.000e+00
      18190    757.875     82.528     83.237     7.1414     7.1455  34.470146  34.474023     7.1337     7.1378    33.9227    33.9229    26.5518    26.5513     1.3671     1.4615     41.617     44.492     0.7778     0.7888     0.0488     0.1960     3.2918     1.7900     0.0000 -124.64462   47.11600      10.35          2  0.000e+00
      18191    757.917     82.528     83.237     7.1415     7.1457  34.470146  34.474148     7.1338     7.1380    33.9226    33.9229    26.5516    26.5513     1.3671     1.4552     41.617     44.301     0.7778     0.7875     0.0488     0.1960     3.2918     1.7900     0.0000 -124.64462   47.11600      10.40          2  0.000e+00
      18192    757.958     82.475     83.183     7.1412     7.1457  34.469896  34.474335     7.1336     7.1380    33.9226    33.9231    26.5517    26.5514     1.3613     1.4552     41.442     44.301     0.7766     0.7875     0.0488     0.1960     3.2918     1.7900     0.0000 -124.64462   47.11600      10.45          2  0.000e+00
      18193    758.000     82.429     83.137     7.1412     7.1457  34.469646  34.474210     7.1336     7.1380    33.9224    33.9230    26.5515    26.5514     1.3671     1.4615     41.616     44.491     0.7778     0.7888     0.0488     0.1960     3.2918     1.7900     0.0000 -124.64462   47.11600      10.48          2  0.000e+00
      18194    758.042     82.475     83.183     7.1412     7.1456  34.469771  34.474335     7.1336     7.1379    33.9225    33.9232    26.5516    26.5516     1.3671     1.4552     41.617     44.301     0.7778     0.7875     0.0488     0.1960     3.2918     1.7900     0.0000 -124.64462   47.11600      10.48          2  0.000e+00
      18195    758.083     82.475     83.183     7.1415     7.1456  34.469834  34.473960     7.1338     7.1379    33.9223    33.9228    26.5514    26.5512     1.3671     1.4552     41.616     44.301     0.7778     0.7875     0.0488     0.1960     3.2918     1.7900     0.0000 -124.64462   47.11600      10.48          2  0.000e+00
      18196    758.125     82.429     83.137     7.1414     7.1457  34.469646  34.474522     7.1337     7.1380    33.9222    33.9234    26.5514    26.5517     1.3671     1.4615     41.616     44.491     0.7778     0.7888     0.0488     0.1960     3.2918     1.7900     0.0000 -124.64462   47.11600      10.48          2  0.000e+00
      18197    758.167     82.429     83.137     7.1412     7.1457  34.469771  34.474023     7.1336     7.1380    33.9225    33.9228    26.5516    26.5512     1.3671     1.4552     41.616     44.300     0.7778     0.7875     0.0488     0.1960     3.2918     1.7900     0.0000 -124.64462   47.11600      10.50          2  0.000e+00
