West Coast/WCOA-7/CTD_Data/RB2102_CTD_041_01.ros
* Sea-Bird SBE 9 Data File:
* FileName = C:\Users\scs.user.rb\CTD\RB2102\Data\RB2102_CTD_041_01.hex
* Software Version Seasave V 7.26.7.107
* Temperature SN = 6202
* Conductivity SN = 4907
* Number of Bytes Per Scan = 41
* Number of Voltage Words = 4
* Number of Scans Averaged by the Deck Unit = 1
* NMEA Latitude = 47 06.93 N
* NMEA Longitude = 124 38.69 W
* NMEA UTC (Time) = Jul 02 2021  17:12:06
* NMEA baud rate = 4800
# nquan = 30
# nvalues = 686                                   
# units = specified
# name 0 = scan: Scan Count
# name 1 = timeS: Time, Elapsed [seconds]
# name 2 = depSM: Depth [salt water, m]
# name 3 = prDM: Pressure, Digiquartz [db]
# name 4 = t090C: Temperature [ITS-90, deg C]
# name 5 = t190C: Temperature, 2 [ITS-90, deg C]
# name 6 = c0mS/cm: Conductivity [mS/cm]
# name 7 = c1mS/cm: Conductivity, 2 [mS/cm]
# name 8 = potemp090C: Potential Temperature [ITS-90, deg C]
# name 9 = potemp190C: Potential Temperature, 2 [ITS-90, deg C]
# name 10 = sal00: Salinity, Practical [PSU]
# name 11 = sal11: Salinity, Practical, 2 [PSU]
# name 12 = sigma-é00: Density [sigma-theta, kg/m^3]
# name 13 = sigma-é11: Density, 2 [sigma-theta, kg/m^3]
# name 14 = sbeox0Mg/L: Oxygen, SBE 43 [mg/l]
# name 15 = sbeox1Mg/L: Oxygen, SBE 43, 2 [mg/l]
# name 16 = sbox0Mm/Kg: Oxygen, SBE 43 [umol/kg]
# name 17 = sbox1Mm/Kg: Oxygen, SBE 43, 2 [umol/kg]
# name 18 = sbeox0V: Oxygen raw, SBE 43 [V]
# name 19 = sbeox1V: Oxygen raw, SBE 43, 2 [V]
# name 20 = v4: Voltage 4
# name 21 = flECO-AFL: Fluorescence, WET Labs ECO-AFL/FL [mg/m^3]
# name 22 = v3: Voltage 3
# name 23 = v6: Voltage 6
# name 24 = v7: Voltage 7
# name 25 = longitude: Longitude [deg]
# name 26 = latitude: Latitude [deg]
# name 27 = altM: Altimeter [m]
# name 28 = nbf: Bottles Fired
# name 29 = flag:  0.000e+00
# interval = seconds: 0.0416667
# start_time = Jul 02 2021 17:12:06 [NMEA time, header]
# bad_flag = -9.990e-29
*END*
[from data line 242]
      30363   1265.083     40.504     40.848     7.6421     7.6326  34.502589  34.503632     7.6382     7.6287    33.4912    33.5015    26.1414    26.1508     3.0710     3.1857     93.526     97.018     1.1502     1.1343     0.0427     0.0434     3.2796     1.6899     0.0000 -124.64466   47.11592      53.24          5  0.000e+00
      30364   1265.125     40.504     40.848     7.6418     7.6327  34.502964  34.503445     7.6379     7.6289    33.4919    33.5011    26.1420    26.1505     3.0710     3.1857     93.526     97.018     1.1502     1.1343     0.0427     0.0434     3.2796     1.6899     0.0000 -124.64466   47.11592      53.24          5  0.000e+00
      30365   1265.167     40.504     40.848     7.6413     7.6329  34.503340  34.503695     7.6374     7.6290    33.4928    33.5013    26.1427    26.1506     3.0710     3.1857     93.526     97.018     1.1502     1.1343     0.0427     0.0434     3.2808     1.6899     0.0000 -124.64466   47.11592      53.24          5  0.000e+00
      30558   1273.208     40.704     41.049     7.6369     7.6303  34.504154  34.503008     7.6330     7.6264    33.4978    33.5029    26.1473    26.1523     3.0770     3.1983     93.707     97.401     1.1514     1.1368     0.0427     0.0434     3.2796     1.6899     0.0000 -124.64468   47.11592      53.24          6  0.000e+00
      30559   1273.250     40.651     40.995     7.6376     7.6301  34.503528  34.502696     7.6337     7.6262    33.4965    33.5028    26.1462    26.1522     3.0770     3.1983     93.706     97.401     1.1514     1.1368     0.0415     0.0129     3.2808     1.6899     0.0000 -124.64468   47.11592      53.14          6  0.000e+00
      30560   1273.292     40.651     40.995     7.6381     7.6303  34.503403  34.502696     7.6342     7.6264    33.4959    33.5026    26.1456    26.1520     3.0769     3.1983     93.705     97.401     1.1514     1.1368     0.0427     0.0434     3.2796     1.6899     0.0000 -124.64468   47.11592      53.11          6  0.000e+00
      30561   1273.333     40.704     41.049     7.6384     7.6303  34.503153  34.502383     7.6345     7.6264    33.4953    33.5023    26.1451    26.1517     3.0769     3.1922     93.706     97.214     1.1514     1.1355     0.0427     0.0434     3.2808     1.6899     0.0000 -124.64468   47.11592      53.14          6  0.000e+00
      30562   1273.375     40.651     40.995     7.6387     7.6301  34.503778  34.502321     7.6348     7.6262    33.4957    33.5024    26.1454    26.1518     3.0769     3.1983     93.704     97.401     1.1514     1.1368     0.0427     0.0434     3.2796     1.6899     0.0000 -124.64468   47.11592      53.14          6  0.000e+00
      30563   1273.417     40.750     41.096     7.6386     7.6302  34.503278  34.501946     7.6346     7.6263    33.4952    33.5019    26.1450    26.1514     3.0769     3.1922     93.706     97.215     1.1514     1.1355     0.0427     0.0434     3.2796     1.6899     0.0000 -124.64468   47.11592      53.14          6  0.000e+00
      30564   1273.458     40.704     41.049     7.6388     7.6297  34.503090  34.501946     7.6349     7.6258    33.4948    33.5024    26.1446    26.1519     3.0713     3.1984     93.533     97.403     1.1502     1.1368     0.0427     0.0434     3.2796     1.6899     0.0000 -124.64468   47.11592      53.11          6  0.000e+00
      30565   1273.500     40.750     41.096     7.6389     7.6297  34.502840  34.501634     7.6350     7.6258    33.4944    33.5020    26.1444    26.1517     3.0713     3.1984     93.534     97.404     1.1502     1.1368     0.0427     0.0434     3.2808     1.6899     0.0000 -124.64468   47.11592      53.06          6  0.000e+00
      30566   1273.542     40.704     41.049     7.6387     7.6294  34.502965  34.501384     7.6348     7.6255    33.4947    33.5021    26.1446    26.1517     3.0713     3.1984     93.533     97.404     1.1502     1.1368     0.0427     0.0434     3.2796     1.6899     0.0000 -124.64468   47.11592      53.06          6  0.000e+00
      30567   1273.583     40.750     41.096     7.6382     7.6293  34.503091  34.501134     7.6343     7.6254    33.4954    33.5018    26.1452    26.1515     3.0713     3.1923     93.535     97.217     1.1502     1.1355     0.0427     0.0434     3.2796     1.6899     0.0000 -124.64468   47.11592      53.04          6  0.000e+00
      30568   1273.625     40.750     41.096     7.6381     7.6290  34.503341  34.500696     7.6342     7.6251    33.4958    33.5017    26.1455    26.1515     3.0713     3.1985     93.535     97.406     1.1502     1.1368     0.0427     0.0434     3.2796     1.6899     0.0000 -124.64468   47.11592      53.06          6  0.000e+00
      30569   1273.667     40.803     41.149     7.6383     7.6287  34.503654  34.500697     7.6344     7.6247    33.4959    33.5020    26.1456    26.1518     3.0770     3.1923     93.707     97.219     1.1514     1.1355     0.0427     0.0434     3.2808     1.6899     0.0000 -124.64468   47.11592      53.06          6  0.000e+00
      30570   1273.708     40.803     41.149     7.6379     7.6286  34.503904  34.500822     7.6340     7.6246    33.4965    33.5022    26.1462    26.1519     3.0713     3.1923     93.535     97.219     1.1502     1.1355     0.0427     0.0434     3.2796     1.6899     0.0000 -124.64468   47.11592      53.02          6  0.000e+00
      30571   1273.750     40.750     41.096     7.6376     7.6284  34.503779  34.501009     7.6337     7.6245    33.4967    33.5026    26.1463    26.1523     3.0713     3.1923     93.535     97.219     1.1502     1.1355     0.0427     0.0434     3.2808     1.6899     0.0000 -124.64468   47.11592      52.97          6  0.000e+00
      30572   1273.792     40.803     41.149     7.6372     7.6280  34.503716  34.501072     7.6333     7.6241    33.4970    33.5030    26.1466    26.1526     3.0714     3.1985     93.536     97.408     1.1502     1.1368     0.0427     0.0434     3.2808     1.6899     0.0000 -124.64466   47.11592      52.97          6  0.000e+00
      30573   1273.833     40.803     41.149     7.6365     7.6281  34.503716  34.500884     7.6326     7.6242    33.4977    33.5027    26.1473    26.1524     3.0714     3.1985     93.538     97.408     1.1502     1.1368     0.0427     0.0434     3.2808     1.6899     0.0000 -124.64466   47.11592      52.97          6  0.000e+00
      30574   1273.875     40.849     41.196     7.6355     7.6280  34.503466  34.501009     7.6316     7.6241    33.4983    33.5029    26.1479    26.1526     3.0715     3.1986     93.540     97.409     1.1502     1.1368     0.0427     0.0434     3.2796     1.6899     0.0000 -124.64466   47.11592      52.97          6  0.000e+00
      30575   1273.917     40.803     41.149     7.6353     7.6284  34.503154  34.500697     7.6314     7.6245    33.4982    33.5022    26.1479    26.1520     3.0715     3.1985     93.540     97.408     1.1502     1.1368     0.0427     0.0434     3.2808     1.6899     0.0000 -124.64466   47.11592      52.97          6  0.000e+00
      30576   1273.958     40.803     41.149     7.6355     7.6281  34.503091  34.500947     7.6316     7.6242    33.4979    33.5028    26.1476    26.1525     3.0771     3.1985     93.712     97.408     1.1514     1.1368     0.0427     0.0434     3.2796     1.6899     0.0000 -124.64466   47.11592      52.94          6  0.000e+00
      30577   1274.000     40.849     41.196     7.6351     7.6282  34.502591  34.500697     7.6312     7.6243    33.4977    33.5024    26.1475    26.1522     3.0715     3.1985     93.541     97.409     1.1502     1.1368     0.0427     0.0434     3.2796     1.6899     0.0000 -124.64466   47.11592      52.92          6  0.000e+00
      30578   1274.042     40.803     41.149     7.6352     7.6282  34.502216  34.500947     7.6313     7.6243    33.4973    33.5027    26.1472    26.1524     3.0715     3.1924     93.541     97.220     1.1502     1.1355     0.0427     0.0434     3.2808     1.6899     0.0000 -124.64466   47.11592      52.92          6  0.000e+00
      30579   1274.083     40.849     41.196     7.6351     7.6284  34.502153  34.501259     7.6311     7.6244    33.4974    33.5028    26.1472    26.1525     3.0772     3.1985     93.714     97.408     1.1514     1.1368     0.0427     0.0434     3.2808     1.6899     0.0000 -124.64466   47.11592      52.92          6  0.000e+00
      30580   1274.125     40.896     41.243     7.6351     7.6284  34.502341  34.501009     7.6312     7.6245    33.4974    33.5025    26.1473    26.1522     3.0716     3.1985     93.542     97.409     1.1502     1.1368     0.0427     0.0434     3.2808     1.6899     0.0000 -124.64466   47.11592      52.92          6  0.000e+00
      30581   1274.167     40.849     41.196     7.6355     7.6282  34.502466  34.500509     7.6316     7.6243    33.4972    33.5022    26.1470    26.1520     3.0715     3.1986     93.541     97.409     1.1502     1.1368     0.0427     0.0434     3.2796     1.6899     0.0000 -124.64466   47.11592      52.92          6  0.000e+00
      30582   1274.208     40.849     41.196     7.6360     7.6284  34.502653  34.500759     7.6321     7.6244    33.4970    33.5023    26.1468    26.1520     3.0715     3.1985     93.540     97.408     1.1502     1.1368     0.0427     0.0434     3.2796     1.6899     0.0000 -124.64466   47.11592      52.89          6  0.000e+00
      30583   1274.250     40.849     41.196     7.6360     7.6284  34.502278  34.500509     7.6320     7.6245    33.4966    33.5020    26.1465    26.1518     3.0772     3.1985     93.712     97.408     1.1514     1.1368     0.0427     0.0434     3.2808     1.6899     0.0000 -124.64466   47.11592      52.87          6  0.000e+00
      30584   1274.292     40.849     41.196     7.6365     7.6282  34.502341  34.500447     7.6326     7.6243    33.4962    33.5021    26.1461    26.1520     3.0771     3.1986     93.711     97.409     1.1514     1.1368     0.0427     0.0434     3.2808     1.6899     0.0000 -124.64466   47.11592      52.87          6  0.000e+00
      30585   1274.333     40.849     41.196     7.6363     7.6282  34.502653  34.500259     7.6324     7.6243    33.4967    33.5019    26.1465    26.1518     3.0771     3.1986     93.711     97.409     1.1514     1.1368     0.0427     0.0434     3.2808     1.6899     0.0000 -124.64466   47.11592      52.87          6  0.000e+00
      30586   1274.375     40.849     41.196     7.6363     7.6281  34.502778  34.500384     7.6324     7.6242    33.4968    33.5022    26.1466    26.1520     3.0771     3.1986     93.711     97.409     1.1514     1.1368     0.0427     0.0434     3.2796     1.6899     0.0000 -124.64466   47.11592      52.87          6  0.000e+00
      30587   1274.417     40.849     41.196     7.6359     7.6282  34.502778  34.500072     7.6319     7.6243    33.4973    33.5017    26.1470    26.1516     3.0771     3.1986     93.712     97.409     1.1514     1.1368     0.0427     0.0434     3.2796     1.6899     0.0000 -124.64466   47.11592      52.87          6  0.000e+00
      30588   1274.458     40.896     41.243     7.6354     7.6280  34.502779  34.500322     7.6315     7.6241    33.4976    33.5021    26.1474    26.1520     3.0715     3.1986     93.541     97.410     1.1502     1.1368     0.0427     0.0434     3.2808     1.6899     0.0000 -124.64466   47.11592      52.87          6  0.000e+00
      30589   1274.500     40.849     41.196     7.6353     7.6278  34.502528  34.500197     7.6314     7.6239    33.4975    33.5022    26.1473    26.1520     3.0772     3.1986     93.713     97.410     1.1514     1.1368     0.0427     0.0434     3.2808     1.6899     0.0000 -124.64466   47.11592      52.87          6  0.000e+00
      30590   1274.542     40.849     41.196     7.6351     7.6277  34.502904  34.500197     7.6312     7.6238    33.4981    33.5023    26.1478    26.1521     3.0772     3.1986     93.713     97.410     1.1514     1.1368     0.0427     0.0434     3.2808     1.6899     0.0000 -124.64466   47.11592      52.84          6  0.000e+00
      30591   1274.583     40.849     41.196     7.6353     7.6277  34.502591  34.500384     7.6314     7.6238    33.4976    33.5025    26.1473    26.1523     3.0772     3.1986     93.713     97.410     1.1514     1.1368     0.0427     0.0434     3.2808     1.6899     0.0000 -124.64466   47.11592      52.84          6  0.000e+00
      30592   1274.625     40.849     41.196     7.6353     7.6277  34.502716  34.500259     7.6314     7.6238    33.4977    33.5024    26.1474    26.1522     3.0772     3.1924     93.713     97.222     1.1514     1.1355     0.0427     0.0434     3.2808     1.6899     0.0000 -124.64466   47.11592      52.84          6  0.000e+00
      30593   1274.667     40.896     41.243     7.6354     7.6276  34.502779  34.500385     7.6315     7.6237    33.4976    33.5026    26.1474    26.1524     3.0772     3.1986     93.713     97.410     1.1514     1.1368     0.0427     0.0434     3.2808     1.6899     0.0000 -124.64466   47.11592      52.84          6  0.000e+00
      30594   1274.708     40.849     41.196     7.6360     7.6277  34.502966  34.500259     7.6321     7.6238    33.4973    33.5024    26.1470    26.1522     3.0771     3.1986     93.712     97.410     1.1514     1.1368     0.0427     0.0434     3.2808     1.6899     0.0000 -124.64466   47.11592      52.84          6  0.000e+00
      30595   1274.750     40.849     41.196     7.6356     7.6278  34.503279  34.500384     7.6317     7.6239    33.4980    33.5024    26.1477    26.1522     3.0771     3.1924     93.712     97.222     1.1514     1.1355     0.0427     0.0434     3.2808     1.6899     0.0000 -124.64466   47.11592      52.84          6  0.000e+00
      30596   1274.792     40.849     41.196     7.6357     7.6279  34.503154  34.500634     7.6318     7.6240    33.4978    33.5026    26.1475    26.1523     3.0771     3.1986     93.712     97.409     1.1514     1.1368     0.0427     0.0434     3.2808     1.6899     0.0000 -124.64466   47.11592      52.84          6  0.000e+00
      30597   1274.833     40.803     41.149     7.6355     7.6277  34.503091  34.500384     7.6316     7.6238    33.4979    33.5026    26.1476    26.1524     3.0771     3.1986     93.712     97.409     1.1514     1.1368     0.0427     0.0434     3.2808     1.6899     0.0000 -124.64466   47.11592      52.84          6  0.000e+00
      30598   1274.875     40.896     41.243     7.6358     7.6280  34.503279  34.500384     7.6318     7.6241    33.4979    33.5022    26.1475    26.1520     3.0772     3.1986     93.712     97.410     1.1514     1.1368     0.0427     0.0434     3.2808     1.6899     0.0000 -124.64466   47.11592      52.84          6  0.000e+00
      30599   1274.917     40.803     41.149     7.6357     7.6280  34.503404  34.500759     7.6318     7.6241    33.4981    33.5026    26.1477    26.1524     3.0771     3.1924     93.711     97.220     1.1514     1.1355     0.0427     0.0434     3.2808     1.6899     0.0000 -124.64466   47.11592      52.84          6  0.000e+00
      30600   1274.958     40.849     41.196     7.6352     7.6281  34.503154  34.501009     7.6313     7.6242    33.4983    33.5028    26.1479    26.1525     3.0772     3.1985     93.713     97.409     1.1514     1.1368     0.0427     0.0434     3.2808     1.6899     0.0000 -124.64466   47.11592      52.84          6  0.000e+00
      30601   1275.000     40.803     41.149     7.6353     7.6282  34.503279  34.500822     7.6314     7.6243    33.4984    33.5026    26.1480    26.1523     3.0771     3.1985     93.712     97.408     1.1514     1.1368     0.0427     0.0434     3.2808     1.6899     0.0000 -124.64466   47.11592      52.87          6  0.000e+00
      30602   1275.042     40.803     41.149     7.6352     7.6284  34.503591  34.500822     7.6313     7.6245    33.4988    33.5024    26.1483    26.1521     3.0771     3.1985     93.712     97.408     1.1514     1.1368     0.0427     0.0434     3.2808     1.6899     0.0000 -124.64466   47.11592      52.87          6  0.000e+00
