West Coast/WCOA-7/CTD_Data/RB2102_CTD_113_01.ros
* Sea-Bird SBE 9 Data File:
* FileName = C:\Users\scs.user.rb\CTD\RB2102\Data\RB2102_CTD_113_01.hex
* Software Version Seasave V 7.26.7.107
* Temperature SN = 6202
* Conductivity SN = 4907
* Number of Bytes Per Scan = 41
* Number of Voltage Words = 4
* Number of Scans Averaged by the Deck Unit = 1
* NMEA Latitude = 34 19.02 N
* NMEA Longitude = 120 48.19 W
* NMEA UTC (Time) = Jul 18 2021  02:31:27
* NMEA baud rate = 4800
# nquan = 30
# nvalues = 1172                                  
# units = specified
# name 0 = scan: Scan Count
# name 1 = timeS: Time, Elapsed [seconds]
# name 2 = depSM: Depth [salt water, m]
# name 3 = prDM: Pressure, Digiquartz [db]
# name 4 = t090C: Temperature [ITS-90, deg C]
# name 5 = t190C: Temperature, 2 [ITS-90, deg C]
# name 6 = c0mS/cm: Conductivity [mS/cm]
# name 7 = c1mS/cm: Conductivity, 2 [mS/cm]
# name 8 = potemp090C: Potential Temperature [ITS-90, deg C]
# name 9 = potemp190C: Potential Temperature, 2 [ITS-90, deg C]
# name 10 = sal00: Salinity, Practical [PSU]
# name 11 = sal11: Salinity, Practical, 2 [PSU]
# name 12 = sigma-é00: Density [sigma-theta, kg/m^3]
# name 13 = sigma-é11: Density, 2 [sigma-theta, kg/m^3]
# name 14 = sbeox0Mg/L: Oxygen, SBE 43 [mg/l]
# name 15 = sbeox1Mg/L: Oxygen, SBE 43, 2 [mg/l]
# name 16 = sbox0Mm/Kg: Oxygen, SBE 43 [umol/kg]
# name 17 = sbox1Mm/Kg: Oxygen, SBE 43, 2 [umol/kg]
# name 18 = sbeox0V: Oxygen raw, SBE 43 [V]
# name 19 = sbeox1V: Oxygen raw, SBE 43, 2 [V]
# name 20 = v4: Voltage 4
# name 21 = flECO-AFL: Fluorescence, WET Labs ECO-AFL/FL [mg/m^3]
# name 22 = v3: Voltage 3
# name 23 = v6: Voltage 6
# name 24 = v7: Voltage 7
# name 25 = longitude: Longitude [deg]
# name 26 = latitude: Latitude [deg]
# name 27 = altM: Altimeter [m]
# name 28 = nbf: Bottles Fired
# name 29 = flag:  0.000e+00
# interval = seconds: 0.0416667
# start_time = Jul 18 2021 02:31:27 [NMEA time, header]
# bad_flag = -9.990e-29
*END*
[from data line 629]
      86970   3623.708     79.712     80.302    10.1818    10.1822  37.153037  37.154239    10.1726    10.1730    33.8356    33.8364    26.0134    26.0140     4.1623     4.2297    126.777    128.829     1.4383     1.3919     0.0440     0.0739     3.2540     0.0098     0.0000 -120.80490   34.31610      99.56         13  0.000e+00
      86971   3623.750     79.665     80.255    10.1819    10.1824  37.153166  37.154239    10.1727    10.1732    33.8356    33.8363    26.0134    26.0139     4.1623     4.2355    126.776    129.005     1.4383     1.3932     0.0440     0.0739     3.2527     0.0098     0.0000 -120.80490   34.31610      99.56         13  0.000e+00
      86972   3623.792     79.665     80.255    10.1824    10.1824  37.153359  37.154432    10.1732    10.1732    33.8353    33.8365    26.0131    26.0140     4.1623     4.2297    126.775    128.828     1.4383     1.3919     0.0440     0.0739     3.2540     0.0098     0.0000 -120.80490   34.31610      99.56         13  0.000e+00
      86973   3623.833     79.665     80.255    10.1829    10.1824  37.153938  37.154754    10.1737    10.1732    33.8355    33.8368    26.0132    26.0143     4.1622     4.2297    126.773    128.828     1.4383     1.3919     0.0440     0.0739     3.2540     0.0098     0.0000 -120.80490   34.31610      99.56         13  0.000e+00
      91081   3795.000     59.946     60.388    10.3794    10.3799  37.262329  37.263784    10.3724    10.3728    33.7710    33.7720    25.9287    25.9295     4.4640     4.5477    135.975    138.526     1.5140     1.4652     0.0427     0.0434     3.2491     0.0110     0.0000 -120.80480   34.31614      99.51         14  0.000e+00
      91082   3795.042     59.946     60.388    10.3794    10.3799  37.262458  37.263526    10.3723    10.3728    33.7711    33.7718    25.9289    25.9293     4.4640     4.5477    135.975    138.526     1.5140     1.4652     0.0427     0.0434     3.2491     0.0110     0.0000 -120.80480   34.31614      99.51         14  0.000e+00
      91083   3795.083     59.721     60.161    10.3795    10.3799  37.262651  37.263654    10.3726    10.3729    33.7713    33.7720    25.9289    25.9295     4.4638     4.5476    135.970    138.522     1.5140     1.4652     0.0427     0.0434     3.2503     0.0110     0.0000 -120.80480   34.31614      99.51         14  0.000e+00
      91084   3795.125     59.893     60.334    10.3799    10.3798  37.262780  37.263913    10.3729    10.3728    33.7710    33.7722    25.9287    25.9297     4.4639     4.5477    135.973    138.525     1.5140     1.4652     0.0427     0.0434     3.2503     0.0098     0.0000 -120.80480   34.31614      99.51         14  0.000e+00
      91085   3795.167     59.821     60.261    10.3799    10.3802  37.262522  37.264041    10.3729    10.3732    33.7707    33.7720    25.9285    25.9294     4.4638     4.5476    135.971    138.522     1.5140     1.4652     0.0427     0.0434     3.2491     0.0110     0.0000 -120.80480   34.31614      99.51         14  0.000e+00
      91086   3795.208     59.847     60.288    10.3803    10.3802  37.262522  37.264106    10.3733    10.3732    33.7704    33.7721    25.9281    25.9295     4.4638     4.5476    135.971    138.523     1.5140     1.4652     0.0427     0.0434     3.2491     0.0110     0.0000 -120.80480   34.31614      99.51         14  0.000e+00
      91087   3795.250     59.821     60.261    10.3804    10.3802  37.262715  37.264299    10.3734    10.3732    33.7705    33.7723    25.9282    25.9297     4.4638     4.5476    135.970    138.522     1.5140     1.4652     0.0427     0.0434     3.2491     0.0110     0.0000 -120.80480   34.31614      99.51         14  0.000e+00
      91088   3795.292     59.847     60.288    10.3805    10.3802  37.262973  37.263848    10.3735    10.3732    33.7706    33.7718    25.9283    25.9293     4.4638     4.5476    135.970    138.523     1.5140     1.4652     0.0427     0.0434     3.2491     0.0098     0.0000 -120.80480   34.31614      99.51         14  0.000e+00
      91089   3795.333     59.874     60.314    10.3809    10.3803  37.262844  37.263784    10.3739    10.3733    33.7702    33.7716    25.9279    25.9291     4.4638     4.5476    135.970    138.523     1.5140     1.4652     0.0427     0.0434     3.2503     0.0110     0.0000 -120.80480   34.31614      99.51         14  0.000e+00
      91090   3795.375     59.801     60.241    10.3808    10.3802  37.263231  37.264234    10.3738    10.3732    33.7706    33.7722    25.9282    25.9296     4.4637     4.5476    135.968    138.522     1.5140     1.4652     0.0427     0.0434     3.2491     0.0098     0.0000 -120.80480   34.31614      99.51         14  0.000e+00
      91091   3795.417     59.801     60.241    10.3807    10.3804  37.263424  37.264105    10.3737    10.3734    33.7709    33.7719    25.9285    25.9293     4.4637     4.5476    135.968    138.522     1.5140     1.4652     0.0427     0.0434     3.2491     0.0110     0.0000 -120.80480   34.31614      99.51         14  0.000e+00
      91092   3795.458     59.821     60.261    10.3807    10.3802  37.263424  37.263848    10.3737    10.3732    33.7709    33.7718    25.9285    25.9293     4.4638     4.5534    135.969    138.698     1.5140     1.4664     0.0427     0.0434     3.2491     0.0110     0.0000 -120.80480   34.31614      99.51         14  0.000e+00
      91093   3795.500     59.801     60.241    10.3809    10.3804  37.263424  37.264234    10.3739    10.3734    33.7708    33.7721    25.9283    25.9294     4.4690     4.5476    136.130    138.521     1.5153     1.4652     0.0427     0.0434     3.2491     0.0110     0.0000 -120.80480   34.31614      99.51         14  0.000e+00
      91094   3795.542     59.774     60.214    10.3808    10.3804  37.263489  37.263848    10.3738    10.3734    33.7709    33.7717    25.9284    25.9291     4.4637     4.5476    135.968    138.521     1.5140     1.4652     0.0427     0.0434     3.2491     0.0110     0.0000 -120.80480   34.31614      99.51         14  0.000e+00
      91095   3795.583     59.847     60.288    10.3809    10.3803  37.262973  37.264041    10.3739    10.3733    33.7703    33.7719    25.9280    25.9293     4.4638     4.5476    135.969    138.523     1.5140     1.4652     0.0427     0.0434     3.2491     0.0110     0.0000 -120.80480   34.31614      99.51         14  0.000e+00
      91096   3795.625     59.775     60.214    10.3809    10.3805  37.263231  37.264299    10.3739    10.3735    33.7706    33.7720    25.9282    25.9294     4.4637     4.5475    135.968    138.521     1.5140     1.4652     0.0427     0.0434     3.2503     0.0110     0.0000 -120.80480   34.31614      99.51         14  0.000e+00
      91097   3795.667     59.748     60.188    10.3810    10.3802  37.263166  37.264363    10.3741    10.3732    33.7704    33.7724    25.9280    25.9297     4.4690     4.5475    136.129    138.521     1.5153     1.4652     0.0427     0.0434     3.2491     0.0110     0.0000 -120.80480   34.31614      99.51         14  0.000e+00
      91098   3795.708     59.821     60.261    10.3808    10.3807  37.263295  37.264428    10.3738    10.3737    33.7707    33.7720    25.9283    25.9293     4.4691     4.5475    136.130    138.521     1.5153     1.4652     0.0427     0.0434     3.2491     0.0110     0.0000 -120.80480   34.31614      99.51         14  0.000e+00
      91099   3795.750     59.748     60.188    10.3805    10.3807  37.263166  37.264621    10.3736    10.3737    33.7708    33.7722    25.9284    25.9295     4.4690     4.5475    136.130    138.519     1.5153     1.4652     0.0427     0.0434     3.2491     0.0110     0.0000 -120.80480   34.31614      99.51         14  0.000e+00
      91100   3795.792     59.775     60.215    10.3807    10.3808  37.263295  37.264685    10.3737    10.3738    33.7708    33.7721    25.9284    25.9294     4.4637     4.5475    135.968    138.519     1.5140     1.4652     0.0427     0.0434     3.2491     0.0110     0.0000 -120.80480   34.31614      99.51         14  0.000e+00
      91101   3795.833     59.801     60.241    10.3805    10.3808  37.263618  37.264492    10.3735    10.3738    33.7713    33.7719    25.9288    25.9292     4.4691     4.5475    136.130    138.520     1.5153     1.4652     0.0427     0.0434     3.2503     0.0110     0.0000 -120.80480   34.31614      99.51         14  0.000e+00
      91102   3795.875     59.801     60.241    10.3807    10.3808  37.263231  37.264621    10.3737    10.3738    33.7707    33.7720    25.9283    25.9293     4.4691     4.5475    136.130    138.520     1.5153     1.4652     0.0427     0.0434     3.2491     0.0110     0.0000 -120.80480   34.31614      99.51         14  0.000e+00
      91103   3795.917     59.775     60.215    10.3807    10.3808  37.263166  37.264427    10.3737    10.3738    33.7707    33.7718    25.9283    25.9292     4.4690     4.5475    136.130    138.520     1.5153     1.4652     0.0427     0.0434     3.2491     0.0110     0.0000 -120.80480   34.31614      99.51         14  0.000e+00
      91104   3795.958     59.748     60.188    10.3804    10.3807  37.262844  37.264170    10.3734    10.3737    33.7706    33.7717    25.9283    25.9291     4.4691     4.5475    136.130    138.520     1.5153     1.4652     0.0427     0.0434     3.2491     0.0110     0.0000 -120.80480   34.31614      99.51         14  0.000e+00
      91105   3796.000     59.821     60.262    10.3805    10.3808  37.262780  37.264556    10.3735    10.3738    33.7704    33.7720    25.9281    25.9293     4.4638     4.5475    135.970    138.520     1.5140     1.4652     0.0427     0.0434     3.2503     0.0110     0.0000 -120.80480   34.31614      99.51         14  0.000e+00
      91106   3796.042     59.748     60.188    10.3805    10.3808  37.263231  37.264427    10.3736    10.3738    33.7709    33.7719    25.9285    25.9292     4.4637     4.5533    135.968    138.695     1.5140     1.4664     0.0427     0.0434     3.2503     0.0110     0.0000 -120.80480   34.31614      99.51         14  0.000e+00
      91107   3796.083     59.775     60.215    10.3807    10.3808  37.263618  37.264170    10.3737    10.3738    33.7712    33.7716    25.9287    25.9290     4.4637     4.5533    135.968    138.696     1.5140     1.4664     0.0440     0.0739     3.2491     0.0110     0.0000 -120.80480   34.31614      99.51         14  0.000e+00
      91108   3796.125     59.801     60.242    10.3810    10.3810  37.263489  37.264299    10.3740    10.3740    33.7707    33.7715    25.9282    25.9289     4.4637     4.5475    135.968    138.520     1.5140     1.4652     0.0427     0.0434     3.2503     0.0110     0.0000 -120.80480   34.31614      99.51         14  0.000e+00
      91109   3796.167     59.775     60.215    10.3809    10.3808  37.263618  37.264556    10.3739    10.3738    33.7710    33.7720    25.9285    25.9293     4.4637     4.5533    135.968    138.695     1.5140     1.4664     0.0427     0.0434     3.2503     0.0110     0.0000 -120.80480   34.31614      99.51         14  0.000e+00
      91110   3796.208     59.802     60.242    10.3810    10.3810  37.263747  37.264492    10.3740    10.3740    33.7709    33.7717    25.9284    25.9291     4.4637     4.5475    135.968    138.520     1.5140     1.4652     0.0427     0.0434     3.2503     0.0110     0.0000 -120.80480   34.31614      99.51         14  0.000e+00
      91111   3796.250     59.749     60.188    10.3810    10.3808  37.263553  37.264363    10.3740    10.3738    33.7708    33.7718    25.9283    25.9291     4.4637     4.5533    135.967    138.695     1.5140     1.4664     0.0440     0.0739     3.2491     0.0110     0.0000 -120.80480   34.31614      99.51         14  0.000e+00
      91112   3796.292     59.821     60.262    10.3810    10.3808  37.263424  37.264814    10.3740    10.3738    33.7706    33.7722    25.9282    25.9295     4.4637     4.5475    135.968    138.520     1.5140     1.4652     0.0427     0.0434     3.2491     0.0110     0.0000 -120.80480   34.31614      99.51         14  0.000e+00
      91113   3796.333     59.749     60.188    10.3807    10.3810  37.263617  37.264363    10.3737    10.3740    33.7711    33.7716    25.9286    25.9290     4.4637     4.5475    135.967    138.519     1.5140     1.4652     0.0427     0.0434     3.2503     0.0110     0.0000 -120.80480   34.31614      99.51         14  0.000e+00
      91114   3796.375     59.822     60.262    10.3809    10.3813  37.263940  37.264750    10.3739    10.3743    33.7713    33.7717    25.9287    25.9290     4.4637     4.5533    135.968    138.695     1.5140     1.4664     0.0427     0.0434     3.2503     0.0110     0.0000 -120.80480   34.31614      99.51         14  0.000e+00
      91115   3796.417     59.802     60.242    10.3810    10.3813  37.263811  37.265007    10.3740    10.3743    33.7710    33.7719    25.9285    25.9292     4.4637     4.5532    135.968    138.694     1.5140     1.4664     0.0427     0.0434     3.2503     0.0110     0.0000 -120.80480   34.31614      99.51         14  0.000e+00
      91116   3796.458     59.775     60.215    10.3807    10.3815  37.264198  37.264749    10.3737    10.3745    33.7717    33.7715    25.9291    25.9288     4.4637     4.5532    135.967    138.694     1.5140     1.4664     0.0427     0.0434     3.2503     0.0110     0.0000 -120.80480   34.31614      99.51         14  0.000e+00
      91117   3796.500     59.802     60.242    10.3809    10.3818  37.263618  37.264749    10.3739    10.3748    33.7710    33.7713    25.9285    25.9286     4.4637     4.5532    135.968    138.694     1.5140     1.4664     0.0427     0.0434     3.2503     0.0110     0.0000 -120.80480   34.31614      99.51         14  0.000e+00
      91118   3796.542     59.822     60.262    10.3805    10.3815  37.263876  37.265200    10.3735    10.3745    33.7715    33.7720    25.9290    25.9292     4.4638     4.5532    135.969    138.694     1.5140     1.4664     0.0427     0.0434     3.2503     0.0122     0.0000 -120.80480   34.31614      99.51         14  0.000e+00
      91119   3796.583     59.802     60.242    10.3805    10.3817  37.263811  37.265072    10.3735    10.3746    33.7715    33.7717    25.9290    25.9289     4.4638     4.5532    135.969    138.694     1.5140     1.4664     0.0427     0.0434     3.2491     0.0110     0.0000 -120.80480   34.31614      99.51         14  0.000e+00
      91120   3796.625     59.822     60.262    10.3804    10.3817  37.263553  37.264814    10.3734    10.3746    33.7713    33.7714    25.9289    25.9287     4.4691     4.5532    136.131    138.694     1.5153     1.4664     0.0427     0.0434     3.2491     0.0110     0.0000 -120.80480   34.31614      99.54         14  0.000e+00
      91121   3796.667     59.848     60.289    10.3804    10.3815  37.263425  37.264943    10.3734    10.3745    33.7712    33.7717    25.9287    25.9289     4.4638     4.5532    135.970    138.695     1.5140     1.4664     0.0427     0.0434     3.2491     0.0110     0.0000 -120.80480   34.31614      99.51         14  0.000e+00
      91122   3796.708     59.802     60.242    10.3804    10.3813  37.263618  37.265200    10.3734    10.3743    33.7714    33.7721    25.9289    25.9293     4.4691     4.5532    136.131    138.694     1.5153     1.4664     0.0427     0.0434     3.2479     0.0110     0.0000 -120.80480   34.31614      99.51         14  0.000e+00
      91123   3796.750     59.875     60.316    10.3802    10.3815  37.263747  37.264943    10.3732    10.3745    33.7717    33.7717    25.9292    25.9290     4.4691     4.5533    136.132    138.695     1.5153     1.4664     0.0427     0.0434     3.2491     0.0110     0.0000 -120.80480   34.31614      99.51         14  0.000e+00
