West Coast/WCOA-7/CTD_Data/RB2102_CTD_089_01.ros
* Sea-Bird SBE 9 Data File:
* FileName = C:\Users\scs.user.rb\CTD\RB2102\Data\RB2102_CTD_089_01.hex
* Software Version Seasave V 7.26.7.107
* Temperature SN = 6202
* Conductivity SN = 4907
* Number of Bytes Per Scan = 41
* Number of Voltage Words = 4
* Number of Scans Averaged by the Deck Unit = 1
* NMEA Latitude = 37 49.85 N
* NMEA Longitude = 122 26.73 W
* NMEA UTC (Time) = Jul 12 2021  20:00:48
* NMEA baud rate = 4800
# nquan = 30
# nvalues = 448                                   
# units = specified
# name 0 = scan: Scan Count
# name 1 = timeS: Time, Elapsed [seconds]
# name 2 = depSM: Depth [salt water, m]
# name 3 = prDM: Pressure, Digiquartz [db]
# name 4 = t090C: Temperature [ITS-90, deg C]
# name 5 = t190C: Temperature, 2 [ITS-90, deg C]
# name 6 = c0mS/cm: Conductivity [mS/cm]
# name 7 = c1mS/cm: Conductivity, 2 [mS/cm]
# name 8 = potemp090C: Potential Temperature [ITS-90, deg C]
# name 9 = potemp190C: Potential Temperature, 2 [ITS-90, deg C]
# name 10 = sal00: Salinity, Practical [PSU]
# name 11 = sal11: Salinity, Practical, 2 [PSU]
# name 12 = sigma-é00: Density [sigma-theta, kg/m^3]
# name 13 = sigma-é11: Density, 2 [sigma-theta, kg/m^3]
# name 14 = sbeox0Mg/L: Oxygen, SBE 43 [mg/l]
# name 15 = sbeox1Mg/L: Oxygen, SBE 43, 2 [mg/l]
# name 16 = sbox0Mm/Kg: Oxygen, SBE 43 [umol/kg]
# name 17 = sbox1Mm/Kg: Oxygen, SBE 43, 2 [umol/kg]
# name 18 = sbeox0V: Oxygen raw, SBE 43 [V]
# name 19 = sbeox1V: Oxygen raw, SBE 43, 2 [V]
# name 20 = v4: Voltage 4
# name 21 = flECO-AFL: Fluorescence, WET Labs ECO-AFL/FL [mg/m^3]
# name 22 = v3: Voltage 3
# name 23 = v6: Voltage 6
# name 24 = v7: Voltage 7
# name 25 = longitude: Longitude [deg]
# name 26 = latitude: Latitude [deg]
# name 27 = altM: Altimeter [m]
# name 28 = nbf: Bottles Fired
# name 29 = flag:  0.000e+00
# interval = seconds: 0.0416667
# start_time = Jul 12 2021 20:00:48 [NMEA time, header]
# bad_flag = -9.990e-29
*END*
[from data line 97]
      14970    623.708     14.890     15.003    15.7818    15.7828  41.444356  41.446054    15.7795    15.7805    32.9906    32.9914    24.2519    24.2523     6.8919     7.1216    210.274    217.284     2.2674     2.2027     0.1270     2.1496     3.2845     0.1319     0.2161 -122.44472   37.83138      10.99          3  0.000e+00
      14971    623.750     14.897     15.010    15.7817    15.7827  41.444154  41.446726    15.7794    15.7804    32.9905    32.9920    24.2519    24.2528     6.8966     7.1216    210.419    217.283     2.2686     2.2027     0.1270     2.1496     3.2845     0.1319     0.2161 -122.44472   37.83138      10.96          3  0.000e+00
      14972    623.792     14.890     15.003    15.7820    15.7828  41.444490  41.446659    15.7797    15.7805    32.9906    32.9919    24.2519    24.2527     6.8966     7.1216    210.418    217.283     2.2686     2.2027     0.1270     2.1496     3.2857     0.1319     0.2161 -122.44472   37.83138      10.96          3  0.000e+00
      14973    623.833     14.890     15.003    15.7817    15.7829  41.445028  41.446592    15.7794    15.7806    32.9913    32.9917    24.2525    24.2525     6.8966     7.1216    210.418    217.282     2.2686     2.2027     0.1270     2.1496     3.2845     0.1319     0.2161 -122.44472   37.83138      10.96          3  0.000e+00
      14974    623.875     14.897     15.010    15.7817    15.7827  41.444490  41.446592    15.7794    15.7804    32.9908    32.9919    24.2521    24.2527     6.8966     7.1216    210.419    217.283     2.2686     2.2027     0.1270     2.1496     3.2845     0.1319     0.2161 -122.44472   37.83138      10.96          3  0.000e+00
      14975    623.917     14.844     14.956    15.7820    15.7828  41.444356  41.446054    15.7797    15.7805    32.9905    32.9914    24.2518    24.2523     6.8965     7.1216    210.417    217.282     2.2686     2.2027     0.1270     2.1496     3.2845     0.1319     0.2161 -122.44472   37.83138      10.94          3  0.000e+00
      14976    623.958     14.890     15.003    15.7817    15.7829  41.444558  41.446390    15.7794    15.7806    32.9909    32.9915    24.2521    24.2523     6.8966     7.1216    210.418    217.283     2.2686     2.2027     0.1270     2.1496     3.2845     0.1319     0.2161 -122.44472   37.83138      10.74          3  0.000e+00
      14977    624.000     14.897     15.010    15.7820    15.7827  41.444423  41.446323    15.7797    15.7804    32.9906    32.9917    24.2518    24.2525     6.8966     7.1216    210.418    217.284     2.2686     2.2027     0.1270     2.1496     3.2845     0.1319     0.2161 -122.44472   37.83138      10.65          3  0.000e+00
      14978    624.042     14.890     15.003    15.7817    15.7826  41.444289  41.446256    15.7794    15.7803    32.9907    32.9917    24.2519    24.2525     6.8966     7.1216    210.419    217.284     2.2686     2.2027     0.1270     2.1496     3.2845     0.1319     0.2161 -122.44472   37.83138      10.65          3  0.000e+00
      14979    624.083     14.897     15.010    15.7818    15.7828  41.443885  41.446457    15.7795    15.7805    32.9902    32.9917    24.2516    24.2525     6.8966     7.1216    210.419    217.283     2.2686     2.2027     0.1270     2.1496     3.2845     0.1306     0.2161 -122.44472   37.83138      10.65          3  0.000e+00
      14980    624.125     14.844     14.956    15.7817    15.7829  41.444356  41.446592    15.7794    15.7806    32.9907    32.9918    24.2520    24.2526     6.8966     7.1215    210.417    217.281     2.2686     2.2027     0.1270     2.1496     3.2845     0.1319     0.2161 -122.44472   37.83138      10.65          3  0.000e+00
      14981    624.167     14.937     15.050    15.7817    15.7829  41.444423  41.446323    15.7794    15.7806    32.9908    32.9914    24.2520    24.2523     6.8919     7.1216    210.276    217.284     2.2674     2.2027     0.1270     2.1496     3.2845     0.1306     0.2161 -122.44472   37.83138      10.65          3  0.000e+00
      14982    624.208     14.851     14.963    15.7817    15.7829  41.444692  41.446457    15.7794    15.7806    32.9911    32.9916    24.2523    24.2524     6.8918     7.1215    210.273    217.282     2.2674     2.2027     0.1270     2.1496     3.2845     0.1319     0.2161 -122.44472   37.83138      10.65          3  0.000e+00
      14983    624.250     14.890     15.003    15.7817    15.7829  41.444154  41.446323    15.7794    15.7806    32.9905    32.9915    24.2519    24.2524     6.8919     7.1216    210.275    217.283     2.2674     2.2027     0.1270     2.1496     3.2845     0.1319     0.2161 -122.44472   37.83138      10.62          3  0.000e+00
      14984    624.292     14.943     15.056    15.7818    15.7829  41.444558  41.446256    15.7795    15.7806    32.9908    32.9914    24.2520    24.2522     6.8919     7.1216    210.275    217.284     2.2674     2.2027     0.1270     2.1496     3.2845     0.1306     0.2161 -122.44472   37.83138      10.62          3  0.000e+00
      14985    624.333     14.844     14.956    15.7814    15.7829  41.444154  41.446457    15.7791    15.7806    32.9909    32.9916    24.2522    24.2524     6.8919     7.1215    210.275    217.281     2.2674     2.2027     0.1270     2.1496     3.2845     0.1319     0.2161 -122.44472   37.83138      10.62          3  0.000e+00
      14986    624.375     14.890     15.003    15.7817    15.7828  41.444289  41.446323    15.7794    15.7805    32.9907    32.9916    24.2519    24.2524     6.8919     7.1216    210.275    217.283     2.2674     2.2027     0.1270     2.1496     3.2845     0.1319     0.2173 -122.44472   37.83138      10.65          3  0.000e+00
      14987    624.417     14.897     15.010    15.7818    15.7827  41.444019  41.446256    15.7795    15.7804    32.9903    32.9916    24.2517    24.2525     6.8919     7.1216    210.275    217.284     2.2674     2.2027     0.1270     2.1496     3.2845     0.1319     0.2173 -122.44472   37.83138      10.62          3  0.000e+00
      14988    624.458     14.890     15.003    15.7815    15.7828  41.444289  41.445987    15.7792    15.7805    32.9908    32.9913    24.2521    24.2522     6.8872     7.1216    210.131    217.284     2.2662     2.2027     0.1270     2.1496     3.2857     0.1319     0.2173 -122.44472   37.83138      10.67          3  0.000e+00
      14989    624.500     14.897     15.010    15.7815    15.7828  41.444289  41.445920    15.7792    15.7805    32.9909    32.9912    24.2522    24.2522     6.8872     7.1216    210.131    217.284     2.2662     2.2027     0.1270     2.1496     3.2833     0.1319     0.2161 -122.44472   37.83138      10.70          3  0.000e+00
      14990    624.542     14.890     15.003    15.7815    15.7829  41.444087  41.445920    15.7792    15.7806    32.9906    32.9912    24.2520    24.2521     6.8872     7.1216    210.131    217.284     2.2662     2.2027     0.1270     2.1496     3.2857     0.1306     0.2161 -122.44472   37.83138      10.70          3  0.000e+00
      14991    624.583     14.890     15.003    15.7814    15.7826  41.443818  41.445920    15.7791    15.7803    32.9905    32.9914    24.2520    24.2523     6.8872     7.1216    210.132    217.284     2.2662     2.2027     0.1270     2.1496     3.2845     0.1306     0.2161 -122.44472   37.83138      10.70          3  0.000e+00
      14992    624.625     14.897     15.010    15.7815    15.7828  41.443885  41.445583    15.7792    15.7805    32.9905    32.9909    24.2519    24.2519     6.8872     7.1216    210.132    217.285     2.2662     2.2027     0.1270     2.1496     3.2833     0.1306     0.2161 -122.44472   37.83138      10.70          3  0.000e+00
      14993    624.667     14.844     14.956    15.7815    15.7825  41.444019  41.446323    15.7792    15.7802    32.9906    32.9918    24.2520    24.2527     6.8871     7.1216    210.130    217.283     2.2662     2.2027     0.1270     2.1496     3.2833     0.1319     0.2161 -122.44472   37.83138      10.67          3  0.000e+00
      14994    624.708     14.937     15.050    15.7815    15.7824  41.444221  41.446323    15.7792    15.7801    32.9908    32.9919    24.2521    24.2527     6.8872     7.1217    210.132    217.286     2.2662     2.2027     0.1270     2.1496     3.2857     0.1306     0.2161 -122.44472   37.83138      10.57          3  0.000e+00
      14995    624.750     14.851     14.963    15.7817    15.7824  41.444356  41.445650    15.7794    15.7801    32.9907    32.9913    24.2520    24.2523     6.8871     7.1216    210.129    217.284     2.2662     2.2027     0.1270     2.1496     3.2857     0.1319     0.2161 -122.44472   37.83138      10.53          3  0.000e+00
      14996    624.792     14.890     15.003    15.7815    15.7821  41.444289  41.445785    15.7792    15.7798    32.9908    32.9916    24.2521    24.2526     6.8872     7.1217    210.131    217.286     2.2662     2.2027     0.1270     2.1496     3.2845     0.1319     0.2161 -122.44472   37.83138      10.53          3  0.000e+00
      14997    624.833     14.943     15.056    15.7817    15.7821  41.444356  41.445920    15.7793    15.7798    32.9908    32.9918    24.2521    24.2527     6.8825     7.1217    209.988    217.288     2.2650     2.2027     0.1270     2.1496     3.2845     0.1319     0.2173 -122.44472   37.83138      10.53          3  0.000e+00
      14998    624.875     14.844     14.956    15.7815    15.7821  41.444288  41.446121    15.7792    15.7798    32.9908    32.9920    24.2521    24.2529     6.8824     7.1216    209.986    217.285     2.2650     2.2027     0.1270     2.1496     3.2857     0.1319     0.2173 -122.44472   37.83138      10.53          3  0.000e+00
      14999    624.917     14.890     15.003    15.7815    15.7823  41.444087  41.446256    15.7792    15.7800    32.9907    32.9919    24.2520    24.2528     6.8825     7.1216    209.987    217.285     2.2650     2.2027     0.1270     2.1496     3.2845     0.1319     0.2173 -122.44472   37.83138      10.53          3  0.000e+00
      15000    624.958     14.897     15.010    15.7815    15.7823  41.443952  41.445987    15.7792    15.7800    32.9905    32.9917    24.2519    24.2527     6.8825     7.1217    209.987    217.286     2.2650     2.2027     0.1270     2.1496     3.2845     0.1319     0.2173 -122.44472   37.83138      10.55          3  0.000e+00
      15001    625.000     14.890     15.003    15.7814    15.7824  41.444019  41.446121    15.7791    15.7801    32.9907    32.9917    24.2521    24.2526     6.8825     7.1216    209.988    217.285     2.2650     2.2027     0.1258     2.1191     3.2845     0.1319     0.2173 -122.44472   37.83138      10.55          3  0.000e+00
      15002    625.042     14.897     15.010    15.7817    15.7821  41.444289  41.445987    15.7793    15.7798    32.9907    32.9918    24.2520    24.2528     6.8824     7.1268    209.987    217.442     2.2650     2.2039     0.1245     2.0886     3.2857     0.1319     0.2161 -122.44472   37.83138      10.57          3  0.000e+00
      15003    625.083     14.890     15.003    15.7814    15.7824  41.444019  41.445920    15.7791    15.7801    32.9907    32.9915    24.2521    24.2525     6.8825     7.1268    209.988    217.441     2.2650     2.2039     0.1245     2.0886     3.2845     0.1319     0.2161 -122.44472   37.83138      10.55          3  0.000e+00
      15004    625.125     14.890     15.003    15.7815    15.7823  41.444289  41.445583    15.7792    15.7800    32.9909    32.9914    24.2522    24.2524     6.8824     7.1217    209.987    217.286     2.2650     2.2027     0.1245     2.0886     3.2857     0.1319     0.2161 -122.44472   37.83138      10.55          3  0.000e+00
      15007    625.250     14.844     14.956    15.7813    15.7823  41.443952  41.445919    15.7790    15.7800    32.9907    32.9917    24.2521    24.2526     6.8824     7.1216    209.987    217.284     2.2650     2.2027     0.1245     2.0886     3.2845     0.1319     0.2173 -122.44472   37.83138      10.35          4  0.000e+00
      15008    625.292     14.897     15.010    15.7814    15.7820  41.444289  41.446054    15.7791    15.7797    32.9910    32.9920    24.2523    24.2530     6.8872     7.1217    210.132    217.287     2.2662     2.2027     0.1245     2.0886     3.2857     0.1319     0.2161 -122.44472   37.83138      10.35          4  0.000e+00
      15009    625.333     14.937     15.050    15.7813    15.7823  41.444289  41.446189    15.7790    15.7800    32.9910    32.9919    24.2523    24.2528     6.8872     7.1217    210.133    217.286     2.2662     2.2027     0.1245     2.0886     3.2845     0.1306     0.2161 -122.44472   37.83138      10.35          4  0.000e+00
      15010    625.375     14.851     14.963    15.7812    15.7823  41.444087  41.446256    15.7789    15.7800    32.9909    32.9920    24.2523    24.2528     6.8872     7.1267    210.131    217.440     2.2662     2.2039     0.1245     2.0886     3.2857     0.1306     0.2161 -122.44472   37.83138      10.35          4  0.000e+00
      15011    625.417     14.890     15.003    15.7817    15.7823  41.444221  41.446256    15.7794    15.7800    32.9906    32.9919    24.2519    24.2528     6.8824     7.1216    209.986    217.285     2.2650     2.2027     0.1245     2.0886     3.2857     0.1306     0.2161 -122.44472   37.83138      10.38          4  0.000e+00
      15012    625.458     14.890     15.003    15.7815    15.7823  41.444692  41.446256    15.7792    15.7800    32.9912    32.9920    24.2524    24.2528     6.8872     7.1268    210.131    217.441     2.2662     2.2039     0.1245     2.0886     3.2857     0.1306     0.2161 -122.44472   37.83138      10.38          4  0.000e+00
      15013    625.500     14.851     14.963    15.7815    15.7824  41.444221  41.446256    15.7792    15.7801    32.9908    32.9918    24.2521    24.2527     6.8871     7.1267    210.130    217.440     2.2662     2.2039     0.1245     2.0886     3.2857     0.1306     0.2161 -122.44472   37.83138      10.35          4  0.000e+00
      15014    625.542     14.890     15.003    15.7813    15.7823  41.444221  41.445987    15.7790    15.7800    32.9909    32.9917    24.2523    24.2526     6.8872     7.1268    210.132    217.441     2.2662     2.2039     0.1245     2.0886     3.2857     0.1319     0.2161 -122.44472   37.83138      10.35          4  0.000e+00
      15015    625.583     14.897     15.010    15.7814    15.7824  41.443885  41.446121    15.7791    15.7801    32.9906    32.9917    24.2520    24.2526     6.8872     7.1268    210.132    217.441     2.2662     2.2039     0.1245     2.0886     3.2857     0.1319     0.2161 -122.44472   37.83138      10.35          4  0.000e+00
      15016    625.625     14.890     15.003    15.7815    15.7823  41.443885  41.445987    15.7792    15.7800    32.9905    32.9917    24.2519    24.2527     6.8872     7.1268    210.131    217.442     2.2662     2.2039     0.1245     2.0886     3.2857     0.1319     0.2161 -122.44472   37.83138      10.35          4  0.000e+00
      15017    625.667     14.890     15.003    15.7813    15.7821  41.443750  41.446121    15.7790    15.7798    32.9905    32.9920    24.2519    24.2529     6.8872     7.1268    210.132    217.442     2.2662     2.2039     0.1245     2.0886     3.2845     0.1319     0.2173 -122.44472   37.83138      10.35          4  0.000e+00
      15018    625.708     14.897     15.010    15.7814    15.7818  41.444154  41.445651    15.7791    15.7795    32.9908    32.9918    24.2522    24.2528     6.8872     7.1269    210.132    217.444     2.2662     2.2039     0.1245     2.0886     3.2845     0.1319     0.2161 -122.44472   37.83138      10.23          4  0.000e+00
      15019    625.750     14.890     15.003    15.7815    15.7816  41.444087  41.445785    15.7792    15.7793    32.9907    32.9921    24.2520    24.2531     6.8872     7.1269    210.131    217.444     2.2662     2.2039     0.1245     2.0886     3.2857     0.1319     0.2161 -122.44472   37.83138      10.18          4  0.000e+00
